	158256496-stool2.snv.bam	158944319-stool1.snv.bam	158944319-stool2.snv.bam	158984779-stool1.snv.bam	159227541-stool1.snv.bam	159227541-stool2.snv.bam	159227541-stool3.snv.bam	159571453-stool2.snv.bam	160400887-stool1.snv.bam	160765029-stool1.snv.bam	161412393-stool2.snv.bam	682102541-stool3.snv.bam	763597684-stool2.snv.bam	763901136-stool1.snv.bam	763901136-stool2.snv.bam	764649650-stool2.snv.bam	765256553-stool3.snv.bam	765701615-stool1.snv.bam	765701615-stool2.snv.bam	BYQ_AAAG.snv.bam	BYQ_AAAR.snv.bam	BYQ_AABA.snv.bam	CCIS15794887ST-4-0.snv.bam	CCIS16561622ST-4-0.snv.bam	CCIS41548810ST-4-0.snv.bam	CCIS50471204ST-4-0.snv.bam	CCIS53355328ST-4-0.snv.bam	CCIS74726977ST-3-0.snv.bam	CCIS83870198ST-4-0.snv.bam	CCIS95409808ST-4-0.snv.bam	CCMD46222674ST-21-0.snv.bam	M1.1-V3.metaG.snv.bam	M1.2-V2.metaG.snv.bam	M2.4-V3.metaG.snv.bam	MH0193.snv.bam	MH0195.snv.bam	MH0196.snv.bam	MH0220.snv.bam	MH0222.snv.bam	MH0224.snv.bam	MH0229.snv.bam	MH0244.snv.bam	MH0247.snv.bam	MH0250.snv.bam	MH0253.snv.bam	MH0261.snv.bam	MH0266.snv.bam	MH0267.snv.bam	MH0272.snv.bam	MH0298.snv.bam	MH0301.snv.bam	MH0318.snv.bam	MH0323.snv.bam	MH0338.snv.bam	MH0339.snv.bam	MH0354.snv.bam	MH0364.snv.bam	MH0366.snv.bam	MH0368.snv.bam	MH0373.snv.bam	MH0378.snv.bam	MH0384.snv.bam	MH0385.snv.bam	MH0389.snv.bam	MH0392.snv.bam	MH0394.snv.bam	MH0397.snv.bam	MH0401.snv.bam	MH0405.snv.bam	MH0409.snv.bam	MH0416.snv.bam	MH0417.snv.bam	MH0421.snv.bam	MH0426.snv.bam	MH0430.snv.bam	MH0437.snv.bam	MH0438.snv.bam	MH0440.snv.bam	MH0442.snv.bam	MH0446.snv.bam	MH0447.snv.bam	MH0450.snv.bam	MH0451.snv.bam	MH0452.snv.bam	MH0453.snv.bam	MH0454.snv.bam	MMRS11932626ST-27-0-0.snv.bam	MMRS32573774ST-27-0-0.snv.bam	MMRS33294861ST-27-0-0.snv.bam	MMRS38954404ST-27-0-0.snv.bam	MMRS51410669ST-27-0-0.snv.bam	MMRS54316675ST-27-0-0.snv.bam	MMRS66868025ST-27-0-0.snv.bam	MMRS71762412ST-27-0-0.snv.bam	MMRS86168210ST-27-0-0.snv.bam	MMRS90191266ST-27-0-0.snv.bam	MMRS97052561ST-27-0-0.snv.bam	N037A.snv.bam	N064A.snv.bam	NG-5636_462.snv.bam	NLM031.snv.bam	O2.CD1-0.snv.bam	O2.UC38-1.snv.bam	O2.UC40-1.snv.bam	T2D-11A.snv.bam	T2D-15A.snv.bam	V1.CD4-0-PN.snv.bam	V1.CD50-0.snv.bam	V1.CD55-0.snv.bam	V1.FI04.snv.bam	V1.FI06.snv.bam	V1.FI07.snv.bam	V1.FI14.snv.bam	V1.FI16.snv.bam	V1.FI27.snv.bam	V1.UC58-0.snv.bam	V1.UC62-0.snv.bam	V1.UC63-0.snv.bam
158256496-stool2.snv.bam	0.0	0.123661675195	0.121521879219	0.17758823443	0.147320673243	0.152022074779	0.150266356118	0.14074608046	0.166593191972	0.131144650085	0.192359678166	0.173086772253	0.177249272658	0.148860424834	0.148400112404	0.171397131232	0.165295991972	0.174062779964	0.176416370095	0.175629336499	0.178812216734	0.175321041395	0.157905438224	0.166876436753	0.151344334971	0.133713945264	0.134137575128	0.147265678281	0.17770606451	0.143064708254	0.163309805311	0.149466588694	0.146504912167	0.172427903902	0.165941723484	0.168001603695	0.163958441135	0.172072937631	0.161359965789	0.15322825065	0.13979193006	0.164113372232	0.169804308364	0.139330502595	0.158724929024	0.163134302151	0.155573103167	0.166751315142	0.138479581372	0.160836974626	0.144513778449	0.150417930036	0.168691265462	0.146797944224	0.150739807193	0.161601780902	0.169806420561	0.163769443321	0.138588729661	0.166072189416	0.150863217917	0.149898724107	0.165362609566	0.171700745395	0.150483958648	0.163260607776	0.158980828053	0.1598542616	0.157853107099	0.15348950145	0.166571909506	0.163358392133	0.159235210585	0.16343637225	0.159922944633	0.149381526577	0.166253716653	0.16821581347	0.166755195785	0.173259597833	0.154589277805	0.162268207421	0.167736292063	0.168691847065	0.1751627606	0.176721420853	0.144189613801	0.158969259089	0.142386249019	0.164444988987	0.153805461835	0.175746780093	0.160808585252	0.14308792476	0.149638927287	0.13145129587	0.171192739743	0.164160206656	0.136571379913	0.143470746858	0.157985404217	0.156243937814	0.160757702957	0.152714831891	0.174824683904	0.160767369388	0.161062537836	0.169733194771	0.166547187083	0.147217186329	0.152511772122	0.169559901403	0.151875427079	0.167705525127	0.162832872281	0.116879706518	0.161351018497	0.149461102657
158944319-stool1.snv.bam	0.123661675195	0.0	0.00237339811449	0.156298279993	0.133312319297	0.138198539774	0.136553509203	0.119480895457	0.127720652576	0.0246711053813	0.173398615982	0.130920021652	0.143498626572	0.12979519474	0.129255089877	0.152813699275	0.144663087439	0.188483314326	0.191035850404	0.141333774722	0.142983654373	0.139678700368	0.135893822592	0.126989633159	0.139350546789	0.0247477931623	0.122791434335	0.138570551315	0.157958159777	0.137217893668	0.142000478286	0.115395474063	0.118636969137	0.142138078686	0.148986652869	0.150126061688	0.142023656022	0.138971227853	0.118637240346	0.126269337231	0.140375501956	0.116196192794	0.140768703519	0.130671099519	0.124237668557	0.123307293916	0.121541517689	0.159760607701	0.131934564286	0.120849787	0.119044524746	0.136305508101	0.138436288517	0.117062717335	0.120337269547	0.128544705925	0.156179815118	0.142702649922	0.126982573206	0.150070836389	0.135266702342	0.143962820965	0.14057149334	0.122844346618	0.125851141997	0.12487957359	0.15476015523	0.138851768086	0.136664858544	0.10465821553	0.121101478094	0.120127148105	0.155976820783	0.137858891269	0.136530044857	0.129926725717	0.14400177782	0.105391958682	0.119633519372	0.110873793981	0.130826995034	0.139033327946	0.112381581107	0.122117966502	0.149516705176	0.15651751912	0.139407935202	0.141472979043	0.130760873413	0.136003697287	0.136243078897	0.143694730767	0.152617209557	0.133207113317	0.13473074324	0.0365790182868	0.143505951128	0.140121402748	0.113568650594	0.119073261378	0.126869435539	0.154340207823	0.141902234788	0.150296683595	0.152711021846	0.140398543961	0.136949643797	0.121564643085	0.120265168661	0.137203528561	0.135351114156	0.152596212954	0.140574445993	0.122083767872	0.145554630197	0.1494013153	0.151051667633	0.146023554981
158944319-stool2.snv.bam	0.121521879219	0.00237339811449	0.0	0.147705119691	0.128243865113	0.133250480343	0.130592148925	0.116424660714	0.114008771062	0.0252256140055	0.170322262565	0.122327927428	0.134645465218	0.116237440422	0.11562038591	0.139526494606	0.139590265504	0.186993894803	0.189313274493	0.135328336454	0.13698770019	0.133475005913	0.127334862718	0.121878447844	0.132277569467	0.0252290319905	0.114699178774	0.134962934273	0.144113632454	0.132501608384	0.12759918115	0.105163594193	0.105143956836	0.131687248646	0.144597190759	0.144522539619	0.132116949108	0.125350593019	0.109140797804	0.120480436866	0.130054646711	0.105896943878	0.130672290571	0.120368243935	0.113583849819	0.112510627151	0.111856401642	0.152966670224	0.130863978297	0.10832112425	0.113042328879	0.133174798472	0.127999492131	0.108093989983	0.110263712568	0.118603395012	0.149964534997	0.137317905768	0.118024012773	0.148566233432	0.129925868607	0.137486345658	0.135843600745	0.116537924947	0.1198138904	0.114013111694	0.149808511374	0.137015024049	0.125454823474	0.0998921965393	0.109722675164	0.107054392603	0.15130538367	0.136176508451	0.133304101321	0.12269007928	0.138415850891	0.0935442673765	0.11045126229	0.100214293801	0.12267907583	0.136528634247	0.102128691763	0.110917741763	0.138523655565	0.143174526156	0.132895120444	0.134223202782	0.122062737172	0.125688547564	0.130271187074	0.132246996968	0.146878501726	0.12425075499	0.125437169464	0.0339308175196	0.135741462941	0.131549083454	0.10231431439	0.106506062395	0.121101857882	0.147369687448	0.127346107091	0.139614317291	0.14697173609	0.132934806582	0.130480669676	0.111892312862	0.110183903943	0.127447644713	0.125018028701	0.145146061105	0.133511690013	0.110705057969	0.13807616961	0.14797117443	0.145567450414	0.140526204398
158984779-stool1.snv.bam	0.17758823443	0.156298279993	0.147705119691	0.0	0.167797000253	0.174857870358	0.174960255135	0.14925197693	0.132326183241	0.163854408153	0.174252693634	0.129181188201	0.159767335769	0.113657605307	0.113337673854	0.154739631421	0.160992988375	0.21128509316	0.214618754279	0.162710979116	0.165413531007	0.160583955977	0.160466389281	0.159744097211	0.13877212497	0.153383751814	0.136173554071	0.144537606107	0.146449477312	0.167348197918	0.165308842056	0.109398206526	0.14097511423	0.161264070083	0.157721347705	0.158569092069	0.0862860442349	0.141892805512	0.146309742661	0.158016136943	0.152481585474	0.1476664615	0.14674672039	0.145935822414	0.14163307609	0.13944747589	0.139105513893	0.148741276448	0.162574090866	0.140119450967	0.153998304382	0.159311861099	0.0724015010734	0.144625566187	0.132721391185	0.144469574976	0.160893773793	0.140506068406	0.145037952079	0.149845961093	0.15462122529	0.149720086328	0.148986017749	0.15128592384	0.155139251793	0.135057293067	0.148758215849	0.140855664945	0.0704848698949	0.142734519802	0.142603420148	0.142387510975	0.151716282987	0.161581662264	0.152515363881	0.130925897586	0.154529139479	0.148766719846	0.144818311891	0.154695776256	0.12461912977	0.149992317456	0.144520343368	0.14462818631	0.0394270435583	0.144773127012	0.143981060355	0.167762529788	0.147004107078	0.158074348156	0.162898554843	0.0907957414876	0.148048934012	0.160866353382	0.149631958701	0.148831418181	0.132546108754	0.167214254361	0.141617779666	0.133847300393	0.146634467225	0.153734297552	0.15951610137	0.155841492837	0.169032849157	0.144987846926	0.14407801478	0.146627455709	0.144531990289	0.154418713191	0.143571468819	0.175774264916	0.166066242364	0.142816128904	0.126312562539	0.171939392941	0.144694095688	0.151418634387
159227541-stool1.snv.bam	0.147320673243	0.133312319297	0.128243865113	0.167797000253	0.0	0.00393203455468	0.00328605061339	0.118697069551	0.150391020024	0.146415932743	0.145030399104	0.120314452635	0.140591950731	0.140211281658	0.139490745691	0.154026970532	0.144467160579	0.199644168014	0.202171308078	0.143103129901	0.146149884362	0.1395409699	0.115955758215	0.119899752146	0.122801862004	0.143137254622	0.119137120746	0.117230091421	0.155419932281	0.147494866361	0.0959068746728	0.133736175399	0.130334919296	0.138896441567	0.148310704465	0.149813542528	0.156745350573	0.136214204436	0.138779312707	0.112550015284	0.130751061782	0.131165447546	0.136944628022	0.125960448222	0.12899834356	0.124181749537	0.127380371325	0.130845189018	0.124086258672	0.126119645937	0.10917983256	0.116527364187	0.14675049024	0.132339482591	0.125435142533	0.132536204696	0.134626355059	0.13342597553	0.122615283487	0.133319779762	0.128726515339	0.122072243363	0.0990696358126	0.113039162108	0.124925507325	0.128149604202	0.130110050787	0.123928623851	0.141540639681	0.115470305609	0.133422134111	0.12510943333	0.122351885577	0.13350348971	0.117123135752	0.115770841207	0.129640950421	0.122904558487	0.134088875131	0.130373485773	0.129765750405	0.13456955098	0.127609178177	0.135629085983	0.158855586136	0.151886909907	0.130161465608	0.120743981902	0.123611905977	0.128908085673	0.120491087727	0.162403176441	0.124976778028	0.041549370867	0.127709793017	0.133512482765	0.132318171598	0.136581827015	0.121826302825	0.133377330036	0.129964745791	0.131175180233	0.132505471078	0.125619755094	0.137078585196	0.147316860403	0.132375028371	0.137611786127	0.13611379066	0.132222421096	0.139539352824	0.156644864545	0.128632680817	0.134460505316	0.140035051784	0.169509047998	0.126741194809	0.12605585781
159227541-stool2.snv.bam	0.152022074779	0.138198539774	0.133250480343	0.174857870358	0.00393203455468	0.0	0.00311996166805	0.124730678987	0.156166437542	0.153160424914	0.1490232667	0.129314408348	0.141545057157	0.14783004772	0.147227633952	0.15273510475	0.146364073093	0.200489760818	0.203499062604	0.14672495026	0.149710754544	0.144368392351	0.1248293899	0.124598467136	0.135880904007	0.149662406088	0.127815552615	0.123370532564	0.158131552421	0.154469601565	0.0964004316324	0.143615354131	0.136386816076	0.142185997721	0.146897768755	0.148130445895	0.162355348422	0.143736829401	0.146543814648	0.113664612316	0.137656322676	0.138542189108	0.143815625864	0.132101512344	0.135844906105	0.133847426429	0.135690464786	0.137667491459	0.132718891954	0.133302376792	0.111839723713	0.115431429996	0.154235080324	0.140587509587	0.129613620518	0.139230507312	0.147288696673	0.135775862911	0.124744913677	0.141280037125	0.134246016519	0.132144687648	0.10424553045	0.123414124887	0.127190767862	0.132449491242	0.141560790385	0.133615333993	0.150820458761	0.12399746409	0.140042926201	0.132776660065	0.133101015367	0.141990129458	0.126672917616	0.125061707778	0.135878809688	0.128554431006	0.140632112099	0.135207655613	0.140010644736	0.144338701023	0.134725577276	0.142153565179	0.166526146816	0.15514239348	0.141325870426	0.127021689727	0.12859412288	0.134226867625	0.126522608896	0.167754453906	0.136982783961	0.0413153980225	0.133471034765	0.140484575425	0.13808750175	0.141553887792	0.128135581062	0.139079486909	0.137921413189	0.133711603326	0.141637450978	0.133352025721	0.145943169108	0.153910147483	0.141230299527	0.144010496206	0.143000037929	0.139748157482	0.140937514994	0.162729863392	0.135209640095	0.140766677118	0.146533462995	0.174333391116	0.138652749222	0.132353261542
159227541-stool3.snv.bam	0.150266356118	0.136553509203	0.130592148925	0.174960255135	0.00328605061339	0.00311996166805	0.0	0.123543449917	0.154476226919	0.150611207439	0.1488775074	0.127318102003	0.139962079711	0.145977966779	0.145079924467	0.150516070215	0.144882087002	0.199551994804	0.202057284948	0.148009004336	0.15080910234	0.14491145821	0.118470359751	0.122063030387	0.132311231609	0.147741434621	0.125343044731	0.120467696665	0.154624726862	0.150668488232	0.0944666214641	0.141134929607	0.132382904574	0.139548082698	0.145951481196	0.146797460822	0.160828713889	0.14161033539	0.144447148987	0.111149020567	0.135846052032	0.136170475143	0.142003374747	0.13053532301	0.134196865794	0.131463910337	0.133318225968	0.134301163223	0.130368511747	0.130571275565	0.109596769976	0.115564328981	0.153022167029	0.138292840554	0.127986378598	0.136944760404	0.14404595159	0.133781382983	0.124056051545	0.139212793257	0.131449891061	0.128568875001	0.103326596065	0.121481569378	0.125753530906	0.130346786835	0.138396279365	0.129715280479	0.148393258586	0.121245897348	0.138043787921	0.128309007419	0.130093705442	0.14281181344	0.122324228879	0.122703201148	0.132507518762	0.126481946165	0.138993905024	0.133386725663	0.137911559915	0.140915879777	0.132451992806	0.139438216724	0.166821038985	0.151544260635	0.137180433879	0.124954146225	0.126443970077	0.132126339262	0.124005811401	0.166025593395	0.133456405626	0.03932488771	0.12970615623	0.138311814704	0.136019667091	0.141337040837	0.125653538222	0.135270360732	0.132900038714	0.131479135977	0.138090099761	0.12810842054	0.143143947891	0.153792088865	0.137311147477	0.141720800633	0.14099155707	0.137282387877	0.14031927339	0.159157966515	0.133036088463	0.137906122359	0.146088541352	0.172794420541	0.135555891184	0.130187742018
159571453-stool2.snv.bam	0.14074608046	0.119480895457	0.116424660714	0.14925197693	0.118697069551	0.124730678987	0.123543449917	0.0	0.148262207161	0.118844829284	0.16209107759	0.107655417191	0.154097076052	0.131886140534	0.131128128913	0.143667308315	0.141107559056	0.200842411725	0.202826990074	0.142552036832	0.145690295567	0.143316589179	0.136908221827	0.113887455607	0.144595090355	0.124527939315	0.125252431886	0.13383949159	0.136454890939	0.137656623003	0.124128049102	0.129138116812	0.120506839462	0.149314588427	0.144548377814	0.142922096745	0.146922521813	0.111993586351	0.114086555867	0.113854672794	0.135798126508	0.104265289093	0.120233937419	0.128567596594	0.116951062791	0.103902715996	0.111531844136	0.140187082814	0.143447450334	0.102860030105	0.127935994467	0.138179228196	0.133241266359	0.11454861174	0.131602838102	0.119141562788	0.14933129869	0.118922627038	0.131138152153	0.0925811791142	0.0991600672604	0.131761533778	0.11796233837	0.132625131647	0.0745658884636	0.120081608442	0.144084264183	0.112145165317	0.132407334282	0.0928236599904	0.104722932507	0.109090923714	0.128949289374	0.127498602908	0.122002025192	0.12147585139	0.129812950979	0.10889773197	0.105853261662	0.110364106191	0.123295742147	0.14422199322	0.102268104073	0.106800543601	0.143866936325	0.133023891761	0.130534801642	0.0642437814174	0.113910010768	0.147089519836	0.0406370136789	0.150850219007	0.14025135097	0.112276187493	0.129125254937	0.116980935632	0.124193620336	0.13315448791	0.125823495138	0.0928445312271	0.132625731712	0.143741830073	0.128316383331	0.123440210717	0.146657523955	0.139222657283	0.142975942172	0.106922492696	0.105262487723	0.143975109407	0.140737380919	0.147327153087	0.127667281544	0.103026705819	0.137468938413	0.146630717716	0.146123237818	0.145690727599
160400887-stool1.snv.bam	0.166593191972	0.127720652576	0.114008771062	0.132326183241	0.150391020024	0.156166437542	0.154476226919	0.148262207161	0.0	0.138199005645	0.179671640739	0.111742831814	0.151904232904	0.0959658608057	0.0953800688097	0.142176701447	0.143338942999	0.189020383346	0.193369716626	0.160521257722	0.16363164302	0.158195996562	0.147719159582	0.135991778056	0.118837950915	0.137419031446	0.130019689247	0.134380959075	0.152891557094	0.159252969552	0.146287076773	0.106071689912	0.139966168776	0.151843034554	0.147032602704	0.146395405507	0.0959575137139	0.118381353928	0.114509396482	0.118612501372	0.147194118997	0.106984040521	0.134212298919	0.140430883916	0.120177587317	0.10990035983	0.12214407804	0.128888230674	0.139437116494	0.106103803877	0.114101257031	0.139955074819	0.110705118129	0.130719034005	0.107631405073	0.126090250772	0.133563108591	0.138161335314	0.135316189986	0.153945273313	0.151529417145	0.138379038009	0.138544172499	0.122089268241	0.132250378009	0.116248753601	0.12651109537	0.143682517963	0.101628236043	0.10784624612	0.10458254267	0.110393660951	0.132738499291	0.145668112157	0.139612591779	0.119104231002	0.145163340553	0.102920588073	0.105481088448	0.104018169146	0.10005671229	0.133906026509	0.102304014417	0.108585722286	0.106164769124	0.14949836272	0.14508421715	0.154400224608	0.139888818202	0.14372650416	0.157462359423	0.10766384017	0.13361203791	0.142933584327	0.128166871442	0.132175162401	0.126272354119	0.157069674453	0.139148334141	0.115108200871	0.144813922017	0.1315870957	0.131542190414	0.139792219906	0.168531814637	0.128179738483	0.128626386021	0.105756474671	0.107480294437	0.142296283038	0.137665496901	0.156661615553	0.124412030694	0.108343612816	0.137308362344	0.173393328706	0.124273697673	0.149038877215
160765029-stool1.snv.bam	0.131144650085	0.0246711053813	0.0252256140055	0.163854408153	0.146415932743	0.153160424914	0.150611207439	0.118844829284	0.138199005645	0.0	0.18381725086	0.140698576723	0.154777672295	0.141827036343	0.140908010219	0.160848484927	0.150984327929	0.194714377269	0.197176132898	0.150946049675	0.15257495664	0.14912533534	0.149223013607	0.134328103429	0.146949077465	0.00440437369109	0.126093953614	0.143061422436	0.162543870919	0.139428817289	0.146699777546	0.132085407953	0.134613658908	0.151989575595	0.158599304808	0.160111081687	0.151316481562	0.140441129307	0.121231857188	0.129102519413	0.148316902314	0.122389367712	0.146672387621	0.137033370957	0.130456241133	0.123885617318	0.126177781175	0.165075004065	0.150085243757	0.125055073969	0.130755459243	0.147502338787	0.143923037736	0.117536689727	0.130747590084	0.13340427771	0.164044438372	0.154756749184	0.1401367827	0.151077496047	0.140493194239	0.14870660586	0.146830596839	0.133370287622	0.133724308509	0.14332343967	0.162588676949	0.140532336543	0.147185287212	0.115549793257	0.126460949695	0.132057873425	0.166491999263	0.136713192283	0.149455829209	0.138757310018	0.1532957164	0.111221524633	0.124641209735	0.117046526634	0.139285372108	0.140688476259	0.118097314915	0.126810590992	0.158120966189	0.161304770792	0.146820924491	0.14391373476	0.136988176092	0.147147672062	0.136691711306	0.155020955139	0.160586327668	0.142705389379	0.137196729358	0.0197480236595	0.147354509101	0.147265640516	0.125578891936	0.121076519523	0.129261344106	0.169420945714	0.138766578653	0.156822632205	0.15024015591	0.155399665786	0.151650940719	0.126241319214	0.125043717378	0.142486823671	0.145649533047	0.161620545369	0.150424492009	0.126955898969	0.152178279686	0.157634714019	0.158311269573	0.156328604039
161412393-stool2.snv.bam	0.192359678166	0.173398615982	0.170322262565	0.174252693634	0.145030399104	0.1490232667	0.1488775074	0.16209107759	0.179671640739	0.18381725086	0.0	0.142168043896	0.149247982214	0.164809621847	0.163720446034	0.186054350487	0.154585044303	0.213405368432	0.214907769425	0.166595369249	0.168118674018	0.163715671543	0.151109911539	0.154234810269	0.150244404712	0.182032481144	0.154625758432	0.151769770778	0.14951122493	0.17564999897	0.157937992843	0.164148598734	0.158754972176	0.160726634242	0.156644773646	0.153742754814	0.158948412075	0.178006742941	0.166903126665	0.143083772128	0.161552984354	0.157901557668	0.163997243057	0.157785441789	0.148013486081	0.158315930096	0.147176062091	0.164633492264	0.171775416237	0.155268998479	0.141864214445	0.141995518109	0.170571701501	0.15865473911	0.152178031301	0.153137639144	0.174341718537	0.128006275806	0.154613298255	0.15940102971	0.159319892662	0.151821671167	0.147743470322	0.143405940296	0.162418218176	0.138786031226	0.167530608175	0.154251485052	0.154088361291	0.148137024188	0.162987497881	0.168247207856	0.16961174238	0.15783276399	0.157208585948	0.153318897011	0.156749010294	0.15939223466	0.161422806056	0.162138862219	0.163313333204	0.145434407114	0.15767826941	0.165938761625	0.174836730202	0.14598241613	0.172959837928	0.168045504527	0.148065341746	0.152982925612	0.165886448308	0.176104172231	0.167623463948	0.139002732216	0.139823387635	0.171864908952	0.151205404945	0.164623992817	0.159997310465	0.147285237502	0.143514222641	0.143706216359	0.1478712745	0.16332021741	0.146385140507	0.186407124527	0.160314132908	0.163546846992	0.161992183084	0.167434528817	0.15134232397	0.175222923532	0.159357100115	0.160147671564	0.157921519159	0.20808775339	0.159919821915	0.152025153675
682102541-stool3.snv.bam	0.173086772253	0.130920021652	0.122327927428	0.129181188201	0.120314452635	0.129314408348	0.127318102003	0.107655417191	0.111742831814	0.140698576723	0.142168043896	0.0	0.135698589941	0.116056814878	0.115329456423	0.131909660114	0.11859966758	0.200683753265	0.204209292582	0.135470946778	0.136568937424	0.133882586576	0.131420853186	0.0844972474161	0.122475285367	0.136480815468	0.120697540564	0.119330055582	0.103804948512	0.13643386416	0.130826677691	0.113542762744	0.117870477427	0.139122053383	0.121581423656	0.121058730476	0.111232717189	0.123472364278	0.11975743169	0.0986596118625	0.139288310088	0.106068842989	0.127065521607	0.134605360655	0.114757267454	0.104193670445	0.107900111841	0.136748218898	0.127451055985	0.0999378529069	0.0972403845655	0.118866575323	0.119448136268	0.121337484443	0.104010711462	0.11489123247	0.148840114041	0.0851915991172	0.121704625862	0.130961655969	0.12879086393	0.115903491999	0.0907357536795	0.113847800394	0.115621702676	0.0418661729031	0.136203027165	0.0796398658806	0.101269577858	0.0978472771975	0.105179485552	0.118018835652	0.131228174869	0.137556128695	0.128481705081	0.119758710154	0.119826440348	0.105549687138	0.106867700145	0.11333154896	0.122193849385	0.127650571133	0.100934523524	0.107944355236	0.121803172736	0.101820369119	0.137426308202	0.112358213348	0.115794483058	0.133261470263	0.119350337771	0.12325129576	0.133896511435	0.119782248574	0.111872545924	0.128735223019	0.0439142065306	0.158087480603	0.12894130296	0.104165827377	0.126516174462	0.105466043763	0.11325081778	0.126662895847	0.153806486526	0.146200879579	0.115823982067	0.108780723687	0.1068850338	0.127714282017	0.121980853174	0.155682883403	0.111704764448	0.104212530244	0.132302852639	0.174204255539	0.130477352087	0.134931966045
763597684-stool2.snv.bam	0.177249272658	0.143498626572	0.134645465218	0.159767335769	0.140591950731	0.141545057157	0.139962079711	0.154097076052	0.151904232904	0.154777672295	0.149247982214	0.135698589941	0.0	0.129018182208	0.129662623834	0.1511342171	0.14878853134	0.198432672563	0.20216439011	0.164087957299	0.165232136704	0.16341636782	0.126641104586	0.133515536896	0.138579074075	0.153649817111	0.123597286417	0.133691369605	0.139513517725	0.163450038297	0.140715748907	0.129849449035	0.130383214417	0.149161565273	0.150004313461	0.14735136576	0.151896641131	0.135751625165	0.138958805497	0.129990098197	0.155563426907	0.140388863401	0.150848986673	0.144224048294	0.140004380368	0.132032700551	0.138734911253	0.145897507562	0.153279650882	0.143123580524	0.121750884964	0.156648626191	0.147891870579	0.142601735871	0.125049071358	0.142447775808	0.143591548551	0.127964469108	0.135472167693	0.147672653478	0.146319990707	0.142214144188	0.132630712478	0.128141534562	0.151114274281	0.123270590476	0.14629167558	0.145610653051	0.143347914509	0.129462471813	0.138334969588	0.135915139539	0.15606909094	0.151960410389	0.164330335843	0.129039335772	0.137301168406	0.125828012251	0.137224286933	0.133988273748	0.145775901894	0.145778182026	0.13389036873	0.142176794485	0.158770479336	0.140909725591	0.135275300624	0.152923106601	0.129329384475	0.147494663734	0.157577714056	0.145961775508	0.146126924166	0.127671256038	0.138652765418	0.15118347775	0.13905979031	0.152088662918	0.136533686683	0.12644111681	0.140901430936	0.149654614477	0.140453813864	0.155290349051	0.158683537955	0.154764788576	0.15109802885	0.139059416551	0.140793204442	0.144781993076	0.13666250983	0.174063303584	0.143381534852	0.140654119641	0.134390749461	0.187329048774	0.142140907573	0.135050360918
763901136-stool1.snv.bam	0.148860424834	0.12979519474	0.116237440422	0.113657605307	0.140211281658	0.14783004772	0.145977966779	0.131886140534	0.0959658608057	0.141827036343	0.164809621847	0.116056814878	0.129018182208	0.0	0.0027238145679	0.136707000342	0.13676895175	0.19412490882	0.197945367519	0.151758402444	0.153495959595	0.148797074995	0.138735279066	0.129304168963	0.127546279114	0.137686661842	0.108112383575	0.123846800527	0.152393185578	0.147678168616	0.135265771123	0.0388927062721	0.0611847546777	0.143557296496	0.139306017837	0.140283502295	0.0751372563962	0.111418860204	0.123714482376	0.134618184732	0.140767172505	0.118781113095	0.120337772216	0.136519287268	0.116254762164	0.118458254287	0.113600758831	0.139889451405	0.117110121083	0.121812788068	0.126537939296	0.134165454873	0.0829291264192	0.122837596894	0.0918802682177	0.120798006483	0.151327828326	0.12567257641	0.129630425661	0.150544364456	0.132153202155	0.135600596344	0.134470154328	0.122525345361	0.141313105282	0.121484334685	0.137942298892	0.134578715668	0.0797543984955	0.115733363613	0.120320479115	0.112683698103	0.132118390986	0.13082104759	0.141679592237	0.119106090905	0.138420760439	0.119275013687	0.123325852967	0.125878300408	0.09769082443	0.133975853978	0.115841105455	0.121858073972	0.0772105157727	0.146906520775	0.117532815572	0.144328016917	0.130714562557	0.129982205606	0.140733567376	0.0772265341249	0.135241362246	0.130157327022	0.126334153186	0.130299730759	0.105784437666	0.141093354694	0.114091013063	0.11648836682	0.126215111245	0.15104937828	0.132880583149	0.140804509765	0.157143689374	0.0885351982557	0.137333860776	0.124893117728	0.122825152407	0.131421132925	0.130975295437	0.149578860367	0.12513336432	0.120834184459	0.136606801568	0.162204080282	0.13325748969	0.125515671561
763901136-stool2.snv.bam	0.148400112404	0.129255089877	0.11562038591	0.113337673854	0.139490745691	0.147227633952	0.145079924467	0.131128128913	0.0953800688097	0.140908010219	0.163720446034	0.115329456423	0.129662623834	0.0027238145679	0.0	0.136280468699	0.135406589942	0.192914688152	0.196962002561	0.151343646032	0.152940601905	0.148345848889	0.137741885421	0.12874219906	0.127184474756	0.13698572375	0.107284128929	0.123580765531	0.152011123999	0.146526983482	0.134353771164	0.0395218174609	0.0613259465133	0.144952489502	0.138651828812	0.139048662469	0.0743165521318	0.109999987484	0.123320989374	0.133942594348	0.139992528049	0.11722210219	0.119140024129	0.136384960084	0.115307364802	0.117722287469	0.112971216468	0.139242045082	0.116065249459	0.12124337225	0.125387716552	0.133117445678	0.0822057699707	0.121968525132	0.0913414292227	0.120327119938	0.150941410127	0.124528676085	0.12854725531	0.149999292889	0.131671693864	0.135205658387	0.133737249266	0.121428411605	0.140383556064	0.120414948566	0.137307255956	0.133684222414	0.0791282958223	0.114536948528	0.120051959233	0.111495042173	0.130917161804	0.131105009134	0.141190575935	0.118585665559	0.137074617322	0.117678333133	0.122748190742	0.124789893696	0.0967613721005	0.13213134549	0.114175598758	0.121276672435	0.0760358226203	0.146007413053	0.115704733575	0.143862571097	0.130210656511	0.128755503484	0.140355973473	0.0765899940241	0.134941404118	0.129876814723	0.125087453983	0.129712371616	0.10691281607	0.140400853706	0.113033613512	0.116222402332	0.12551754709	0.150464638832	0.132716922162	0.140159496853	0.155575950377	0.0878063925789	0.136594760245	0.124336017333	0.122284518242	0.131014738079	0.130214445726	0.150356570724	0.124395656497	0.120404369062	0.137767808068	0.161218556548	0.132831111642	0.123923600311
764649650-stool2.snv.bam	0.171397131232	0.152813699275	0.139526494606	0.154739631421	0.154026970532	0.15273510475	0.150516070215	0.143667308315	0.142176701447	0.160848484927	0.186054350487	0.131909660114	0.1511342171	0.136707000342	0.136280468699	0.0	0.154153775241	0.215259847238	0.218527835563	0.169950112442	0.172835232853	0.169198673554	0.128414832097	0.134485309209	0.126802093722	0.158603095238	0.12980139597	0.13856593955	0.141224165644	0.164794407986	0.14238217139	0.140613648988	0.141842113145	0.156519657417	0.142179011722	0.142526380094	0.141250393544	0.142414816658	0.139048046187	0.13512662708	0.149725730925	0.142052328793	0.128883961733	0.145726335872	0.131788489091	0.13430928938	0.123331641146	0.127842120079	0.146407312624	0.139584300684	0.121009497375	0.143725230864	0.13980532373	0.135488607629	0.125974226141	0.126869256635	0.141880878975	0.119398433257	0.135272500744	0.151610902786	0.13751820226	0.135095875375	0.139801937845	0.13847563883	0.137834579187	0.125885085938	0.136678744277	0.135033384211	0.135837952219	0.129367094195	0.131787656954	0.128368930913	0.135132965046	0.161531554353	0.146480748797	0.132220423823	0.14720214256	0.136109030579	0.135785973444	0.141155871985	0.136510643135	0.147660247406	0.135380789075	0.131197079777	0.143822278535	0.137099860633	0.132876147817	0.143191401493	0.123582519767	0.158229406411	0.15467454553	0.15274047697	0.134892450498	0.139653151165	0.126756763831	0.153465806637	0.135271621003	0.147148986552	0.154948562569	0.127863321923	0.149596029718	0.151301141065	0.148059284937	0.142313731902	0.162600471643	0.151605586969	0.144772949622	0.137690368175	0.135622277001	0.149317337417	0.0912673702154	0.153332349175	0.130094275437	0.134701700172	0.130539299884	0.18027076187	0.13540440438	0.151021137772
765256553-stool3.snv.bam	0.165295991972	0.144663087439	0.139590265504	0.160992988375	0.144467160579	0.146364073093	0.144882087002	0.141107559056	0.143338942999	0.150984327929	0.154585044303	0.11859966758	0.14878853134	0.13676895175	0.135406589942	0.154153775241	0.0	0.19079125213	0.193980803425	0.158849684452	0.161578972771	0.157612242552	0.145009157509	0.129701611329	0.132174295775	0.14946202583	0.1218053044	0.135479017572	0.130476437659	0.144795325125	0.131302875144	0.122061138445	0.134111842105	0.141930708587	0.0431708430341	0.0420007375522	0.149146925839	0.150864910447	0.142246199773	0.130662188994	0.132809882602	0.133341729344	0.140655464182	0.125906297339	0.130030425573	0.142997127556	0.1313366485	0.14940956249	0.141783723054	0.135784747588	0.127843729323	0.0540973481281	0.147153504323	0.138838807544	0.133421918961	0.138240268818	0.132425722159	0.134298910548	0.136033372161	0.128740430158	0.128525820755	0.121092067127	0.128273322684	0.116455396584	0.134187108011	0.11851840485	0.145606780643	0.112362681435	0.143664715888	0.129177674172	0.142966974102	0.147124137159	0.128217502441	0.144405204123	0.152749357375	0.125144402237	0.147131145307	0.126435214292	0.141097513197	0.131688732735	0.13877807045	0.13631106231	0.131551119593	0.144671307983	0.156827836966	0.126172126951	0.126061946903	0.13642336198	0.126145967826	0.150481150794	0.143276170243	0.141530160508	0.140078671329	0.127986883787	0.130754731666	0.140558372587	0.131199351486	0.157204695654	0.121551221814	0.133218869023	0.130397751615	0.160121094326	0.138524690849	0.138288290934	0.156374754307	0.159579842139	0.160403138584	0.143802789869	0.142182438189	0.145814832879	0.149416797421	0.164094895335	0.138418454839	0.142280160214	0.148988387278	0.16457384836	0.134023176986	0.117059234091
765701615-stool1.snv.bam	0.174062779964	0.188483314326	0.186993894803	0.21128509316	0.199644168014	0.200489760818	0.199551994804	0.200842411725	0.189020383346	0.194714377269	0.213405368432	0.200683753265	0.198432672563	0.19412490882	0.192914688152	0.215259847238	0.19079125213	0.0	0.00170569689888	0.213180487116	0.216003502093	0.20938498097	0.176097387621	0.202818428742	0.173076099569	0.196130911007	0.166940204311	0.174319710384	0.202784607789	0.170645054993	0.195912129585	0.190680864707	0.199319944666	0.176618715874	0.208051219878	0.202214108908	0.202157147324	0.204825038206	0.193480121644	0.206208298963	0.18990438127	0.195359120742	0.195384329889	0.179524120594	0.190904350886	0.184921586491	0.191046698272	0.183750500373	0.20009452871	0.193206968947	0.171171836312	0.198297099533	0.203777361007	0.188126673526	0.184404692333	0.192779557481	0.179505335873	0.189491263808	0.173626315812	0.175704069136	0.190898493382	0.185549265528	0.193103739444	0.208806437688	0.181899633995	0.193189684617	0.184643589065	0.191773158978	0.191059069711	0.181846830594	0.196422000611	0.198024994841	0.176427540437	0.196973214378	0.206680017803	0.175718244971	0.186213760059	0.183370075296	0.196148956036	0.187995939344	0.191186754054	0.185803315796	0.189897543028	0.198980115361	0.210618187044	0.203096438267	0.182948990936	0.185074967878	0.185482784099	0.188154137966	0.188468849169	0.200976347652	0.177202493759	0.182466412544	0.180967545753	0.190783944062	0.207186561244	0.181702410786	0.162905613537	0.189997400559	0.201361743204	0.155338223535	0.200017649079	0.170596324208	0.201401901395	0.221722167685	0.169308777498	0.197774301725	0.196770656173	0.189816712478	0.190060298643	0.177990596428	0.180695778932	0.197990335764	0.189748231563	0.182251752971	0.185986930095	0.177733664768
765701615-stool2.snv.bam	0.176416370095	0.191035850404	0.189313274493	0.214618754279	0.202171308078	0.203499062604	0.202057284948	0.202826990074	0.193369716626	0.197176132898	0.214907769425	0.204209292582	0.20216439011	0.197945367519	0.196962002561	0.218527835563	0.193980803425	0.00170569689888	0.0	0.214574212279	0.217285978106	0.210722755296	0.179906295746	0.206110995262	0.174775278398	0.197850527325	0.170602438061	0.177816437644	0.206023143931	0.172501646275	0.197738400873	0.194412389575	0.200808075705	0.180396927813	0.212507594891	0.205770410469	0.206112324462	0.209113659561	0.197052923726	0.208449362146	0.194462274002	0.199484606602	0.200028896846	0.184410369312	0.195376971617	0.188939271506	0.194874419023	0.187920838911	0.204438482279	0.197119770178	0.174372104043	0.202512842734	0.208218283385	0.192425330052	0.188607605431	0.195767145041	0.181928475331	0.193595889368	0.178006625187	0.178030238886	0.193527750009	0.189694259159	0.196511115969	0.212744140235	0.185092304169	0.197528298361	0.187097313923	0.194506962768	0.195393280097	0.186247322629	0.200668225779	0.201758390079	0.180585930796	0.19913256833	0.209414953795	0.179510108002	0.188405523492	0.187482268729	0.200992771863	0.192363717223	0.194838698888	0.188225663442	0.194081575543	0.203402830394	0.214952925536	0.2074999642	0.183301492247	0.188440264788	0.188390275878	0.190056812991	0.190650954861	0.204180310118	0.178847665808	0.184184152481	0.18441121838	0.192630108501	0.210389837157	0.185884168373	0.166833965194	0.191523292147	0.204002369875	0.159172978956	0.20193830544	0.17431620786	0.203606089651	0.225218137182	0.172235812366	0.202302592884	0.200678873845	0.193031591342	0.193382478269	0.17959882294	0.184759361005	0.201874927726	0.193173480597	0.185296769533	0.188644847285	0.178676130793
BYQ_AAAG.snv.bam	0.175629336499	0.141333774722	0.135328336454	0.162710979116	0.143103129901	0.14672495026	0.148009004336	0.142552036832	0.160521257722	0.150946049675	0.166595369249	0.135470946778	0.164087957299	0.151758402444	0.151343646032	0.169950112442	0.158849684452	0.213180487116	0.214574212279	0.0	0.000476697215828	0.00123209485788	0.156684652278	0.146328449471	0.157097701149	0.142999143879	0.112234042553	0.14717764692	0.157917591818	0.139793755832	0.147441209668	0.147586381437	0.143652619311	0.149816489611	0.165454548961	0.168116721958	0.159865509729	0.147649795575	0.146159178536	0.116710589003	0.149668828382	0.13362692299	0.147402371167	0.142044553983	0.136591665471	0.138668872767	0.13367590474	0.160389476627	0.15977698994	0.132791962691	0.124986948589	0.15683627357	0.153028167801	0.142073781314	0.137263760795	0.138887728871	0.17259004863	0.151942181088	0.140774499681	0.140394345567	0.152069430274	0.145538003082	0.141822188495	0.142094435955	0.14777041296	0.141392397389	0.169159550905	0.152431291097	0.150123083566	0.129478397316	0.145687777498	0.150737417697	0.157527889953	0.14108826322	0.13685797676	0.146443038339	0.121067240993	0.132006658335	0.143566508071	0.140239814136	0.155735727695	0.137106403014	0.133455016915	0.147088088555	0.162234916893	0.153756206569	0.153600464576	0.149921763894	0.134796408386	0.132887337599	0.143816216903	0.160702030748	0.152597031963	0.14469684462	0.145060018396	0.138250253107	0.14908333657	0.150038747168	0.125841776072	0.131581492535	0.136616130459	0.167822631423	0.143835595929	0.166002907305	0.163442870264	0.156400726122	0.154892229326	0.145790809609	0.142359027359	0.149408122171	0.151095875207	0.168747950965	0.151565602522	0.142689350406	0.152663367337	0.191613549943	0.165735497093	0.146789988416
BYQ_AAAR.snv.bam	0.178812216734	0.142983654373	0.13698770019	0.165413531007	0.146149884362	0.149710754544	0.15080910234	0.145690295567	0.16363164302	0.15257495664	0.168118674018	0.136568937424	0.165232136704	0.153495959595	0.152940601905	0.172835232853	0.161578972771	0.216003502093	0.217285978106	0.000476697215828	0.0	0.00107738256395	0.159799996897	0.149074588149	0.160031091474	0.145951875173	0.113896870092	0.14763297853	0.160815582499	0.139636501985	0.148780765743	0.149468751337	0.145112742192	0.152778823345	0.168526297928	0.171115844611	0.162554572583	0.150785696506	0.149258414299	0.116433342385	0.151974726875	0.136560721772	0.150556575762	0.145016504724	0.139843791377	0.141748308753	0.136821780854	0.163361623581	0.163102321411	0.135711660856	0.124784050282	0.159987434211	0.155449019578	0.145019754713	0.137799123635	0.142032602487	0.175394044275	0.154944389592	0.142050716483	0.143783386527	0.154991826162	0.148587829581	0.143289873453	0.145319898355	0.150641912719	0.144479564591	0.172243494543	0.155419131006	0.152964225325	0.132648310583	0.148889885958	0.153851455592	0.160500864602	0.142440732597	0.136892635594	0.149398166444	0.122685010827	0.133470087594	0.146593475293	0.142062031044	0.157871103375	0.139938854928	0.13656648901	0.150162658589	0.165158152148	0.157096789368	0.15662916366	0.152582214319	0.136178279031	0.134498670126	0.146905707565	0.16351300967	0.155525759792	0.147788665519	0.146256881932	0.14121391103	0.150324152387	0.153043092844	0.1287118265	0.134515215041	0.138181534157	0.170731323394	0.145038909627	0.168750290457	0.166178229417	0.157661699074	0.157892820162	0.148790992282	0.145421691156	0.150975895845	0.153837654573	0.171371317415	0.152533107986	0.145562266023	0.154002484607	0.194587711265	0.168590155162	0.150119948802
