	CCIS22906510ST-20-0.snv.bam	CCIS22958137ST-20-0.snv.bam	CCIS33816588ST-4-0.snv.bam	CCIS71301801ST-4-0.snv.bam	CCIS76845094ST-20-0.snv.bam	CCIS91228662ST-4-0.snv.bam	CCMD11006829ST-21-0.snv.bam	M4.3-V1.metaT.snv.bam	MH0211.snv.bam	MH0247.snv.bam	MH0342.snv.bam	MMRS77018926ST-27-0-0.snv.bam	NG-5636_317.snv.bam	O2.UC20-1.snv.bam	O2.UC38-1.snv.bam	O2.UC7-0.snv.bam	SAMEA3136724.snv.bam	V1.CD32-0.snv.bam	V1.CD6-4.snv.bam	V1.FI36.snv.bam	V1.UC39-4.snv.bam	V1.UC4-5.snv.bam	V1.UC54-0.snv.bam	V1.UC59-0.snv.bam	alien-11-7-0.snv.bam
CCIS22906510ST-20-0.snv.bam	0.0	0.144469525959	0.167042889391	0.185101580135	0.167042889391	0.0158013544018	0.0925507900677	0.119638826185	0.121896162528	0.167042889391	0.112866817156	0.162528216704	0.189616252822	0.178329571106	0.133182844244	0.142212189616	0.155756207675	0.185101580135	0.117381489842	0.185101580135	0.185101580135	0.17381489842	0.178329571106	0.176072234763	0.13769751693
CCIS22958137ST-20-0.snv.bam	0.144469525959	0.0	0.178329571106	0.158013544018	0.167042889391	0.146726862302	0.115124153499	0.135440180587	0.155756207675	0.160270880361	0.126410835214	0.10835214447	0.167042889391	0.185101580135	0.130925507901	0.146726862302	0.148984198646	0.187358916479	0.133182844244	0.194130925508	0.185101580135	0.189616252822	0.198645598194	0.180586907449	0.155756207675
CCIS33816588ST-4-0.snv.bam	0.167042889391	0.178329571106	0.0	0.124153498871	0.20993227991	0.180586907449	0.225733634312	0.0993227990971	0.187358916479	0.167042889391	0.180586907449	0.162528216704	0.13769751693	0.185101580135	0.189616252822	0.185101580135	0.218961625282	0.17381489842	0.17381489842	0.176072234763	0.198645598194	0.146726862302	0.151241534989	0.151241534989	0.158013544018
CCIS71301801ST-4-0.snv.bam	0.185101580135	0.158013544018	0.124153498871	0.0	0.205417607223	0.200902934537	0.180586907449	0.133182844244	0.180586907449	0.155756207675	0.185101580135	0.185101580135	0.178329571106	0.182844243792	0.164785553047	0.171557562077	0.194130925508	0.162528216704	0.171557562077	0.200902934537	0.205417607223	0.176072234763	0.164785553047	0.169300225734	0.176072234763
CCIS76845094ST-20-0.snv.bam	0.167042889391	0.167042889391	0.20993227991	0.205417607223	0.0	0.158013544018	0.20316027088	0.148984198646	0.0632054176072	0.162528216704	0.189616252822	0.126410835214	0.191873589165	0.198645598194	0.189616252822	0.119638826185	0.230248306998	0.212189616253	0.178329571106	0.164785553047	0.185101580135	0.196388261851	0.207674943567	0.20316027088	0.194130925508
CCIS91228662ST-4-0.snv.bam	0.0158013544018	0.146726862302	0.180586907449	0.200902934537	0.158013544018	0.0	0.0993227990971	0.117381489842	0.112866817156	0.178329571106	0.117381489842	0.158013544018	0.200902934537	0.189616252822	0.135440180587	0.133182844244	0.167042889391	0.196388261851	0.119638826185	0.180586907449	0.189616252822	0.169300225734	0.180586907449	0.171557562077	0.148984198646
CCMD11006829ST-21-0.snv.bam	0.0925507900677	0.115124153499	0.225733634312	0.180586907449	0.20316027088	0.0993227990971	0.0	0.130925507901	0.160270880361	0.160270880361	0.0925507900677	0.17381489842	0.20993227991	0.189616252822	0.103837471783	0.142212189616	0.139954853273	0.144469525959	0.110609480813	0.194130925508	0.214446952596	0.182844243792	0.214446952596	0.180586907449	0.155756207675
M4.3-V1.metaT.snv.bam	0.119638826185	0.135440180587	0.0993227990971	0.133182844244	0.148984198646	0.117381489842	0.130925507901	0.0	0.128668171558	0.135440180587	0.128668171558	0.126410835214	0.10158013544	0.128668171558	0.133182844244	0.128668171558	0.139954853273	0.135440180587	0.128668171558	0.144469525959	0.119638826185	0.117381489842	0.0293453724605	0.110609480813	0.117381489842
MH0211.snv.bam	0.121896162528	0.155756207675	0.187358916479	0.180586907449	0.0632054176072	0.112866817156	0.160270880361	0.128668171558	0.0	0.13769751693	0.146726862302	0.124153498871	0.185101580135	0.160270880361	0.158013544018	0.058690744921	0.198645598194	0.189616252822	0.135440180587	0.158013544018	0.178329571106	0.176072234763	0.185101580135	0.182844243792	0.155756207675
MH0247.snv.bam	0.167042889391	0.160270880361	0.167042889391	0.155756207675	0.162528216704	0.178329571106	0.160270880361	0.135440180587	0.13769751693	0.0	0.148984198646	0.142212189616	0.180586907449	0.167042889391	0.17381489842	0.160270880361	0.214446952596	0.17381489842	0.148984198646	0.180586907449	0.178329571106	0.142212189616	0.198645598194	0.144469525959	0.178329571106
MH0342.snv.bam	0.112866817156	0.126410835214	0.180586907449	0.185101580135	0.189616252822	0.117381489842	0.0925507900677	0.128668171558	0.146726862302	0.148984198646	0.0	0.167042889391	0.187358916479	0.196388261851	0.10835214447	0.124153498871	0.130925507901	0.153498871332	0.115124153499	0.178329571106	0.205417607223	0.176072234763	0.185101580135	0.176072234763	0.151241534989
MMRS77018926ST-27-0-0.snv.bam	0.162528216704	0.10835214447	0.162528216704	0.185101580135	0.126410835214	0.158013544018	0.17381489842	0.126410835214	0.124153498871	0.142212189616	0.167042889391	0.0	0.164785553047	0.17381489842	0.169300225734	0.153498871332	0.207674943567	0.185101580135	0.148984198646	0.130925507901	0.146726862302	0.164785553047	0.187358916479	0.176072234763	0.164785553047
NG-5636_317.snv.bam	0.189616252822	0.167042889391	0.13769751693	0.178329571106	0.191873589165	0.200902934537	0.20993227991	0.10158013544	0.185101580135	0.180586907449	0.187358916479	0.164785553047	0.0	0.196388261851	0.194130925508	0.185101580135	0.180586907449	0.191873589165	0.160270880361	0.182844243792	0.17381489842	0.151241534989	0.178329571106	0.162528216704	0.182844243792
O2.UC20-1.snv.bam	0.178329571106	0.185101580135	0.185101580135	0.182844243792	0.198645598194	0.189616252822	0.189616252822	0.128668171558	0.160270880361	0.167042889391	0.196388261851	0.17381489842	0.196388261851	0.0	0.185101580135	0.155756207675	0.189616252822	0.20316027088	0.151241534989	0.17381489842	0.205417607223	0.17381489842	0.205417607223	0.176072234763	0.139954853273
O2.UC38-1.snv.bam	0.133182844244	0.130925507901	0.189616252822	0.164785553047	0.189616252822	0.135440180587	0.103837471783	0.133182844244	0.158013544018	0.17381489842	0.10835214447	0.169300225734	0.194130925508	0.185101580135	0.0	0.148984198646	0.0902934537246	0.0699774266366	0.130925507901	0.180586907449	0.194130925508	0.194130925508	0.178329571106	0.194130925508	0.178329571106
O2.UC7-0.snv.bam	0.142212189616	0.146726862302	0.185101580135	0.171557562077	0.119638826185	0.133182844244	0.142212189616	0.128668171558	0.058690744921	0.160270880361	0.124153498871	0.153498871332	0.185101580135	0.155756207675	0.148984198646	0.0	0.185101580135	0.187358916479	0.139954853273	0.178329571106	0.20993227991	0.182844243792	0.182844243792	0.178329571106	0.17381489842
SAMEA3136724.snv.bam	0.155756207675	0.148984198646	0.218961625282	0.194130925508	0.230248306998	0.167042889391	0.139954853273	0.139954853273	0.198645598194	0.214446952596	0.130925507901	0.207674943567	0.180586907449	0.189616252822	0.0902934537246	0.185101580135	0.0	0.126410835214	0.126410835214	0.212189616253	0.232505643341	0.189616252822	0.214446952596	0.187358916479	0.176072234763
V1.CD32-0.snv.bam	0.185101580135	0.187358916479	0.17381489842	0.162528216704	0.212189616253	0.196388261851	0.144469525959	0.135440180587	0.189616252822	0.17381489842	0.153498871332	0.185101580135	0.191873589165	0.20316027088	0.0699774266366	0.187358916479	0.126410835214	0.0	0.17381489842	0.189616252822	0.20993227991	0.205417607223	0.185101580135	0.205417607223	0.176072234763
V1.CD6-4.snv.bam	0.117381489842	0.133182844244	0.17381489842	0.171557562077	0.178329571106	0.119638826185	0.110609480813	0.128668171558	0.135440180587	0.148984198646	0.115124153499	0.148984198646	0.160270880361	0.151241534989	0.130925507901	0.139954853273	0.126410835214	0.17381489842	0.0	0.160270880361	0.180586907449	0.160270880361	0.218961625282	0.178329571106	0.171557562077
V1.FI36.snv.bam	0.185101580135	0.194130925508	0.176072234763	0.200902934537	0.164785553047	0.180586907449	0.194130925508	0.144469525959	0.158013544018	0.180586907449	0.178329571106	0.130925507901	0.182844243792	0.17381489842	0.180586907449	0.178329571106	0.212189616253	0.189616252822	0.160270880361	0.0	0.17381489842	0.148984198646	0.205417607223	0.169300225734	0.182844243792
V1.UC39-4.snv.bam	0.185101580135	0.185101580135	0.198645598194	0.205417607223	0.185101580135	0.189616252822	0.214446952596	0.119638826185	0.178329571106	0.178329571106	0.205417607223	0.146726862302	0.17381489842	0.205417607223	0.194130925508	0.20993227991	0.232505643341	0.20993227991	0.180586907449	0.17381489842	0.0	0.20316027088	0.191873589165	0.214446952596	0.198645598194
V1.UC4-5.snv.bam	0.17381489842	0.189616252822	0.146726862302	0.176072234763	0.196388261851	0.169300225734	0.182844243792	0.117381489842	0.176072234763	0.142212189616	0.176072234763	0.164785553047	0.151241534989	0.17381489842	0.194130925508	0.182844243792	0.189616252822	0.205417607223	0.160270880361	0.148984198646	0.20316027088	0.0	0.189616252822	0.0270880361174	0.162528216704
V1.UC54-0.snv.bam	0.178329571106	0.198645598194	0.151241534989	0.164785553047	0.207674943567	0.180586907449	0.214446952596	0.0293453724605	0.185101580135	0.198645598194	0.185101580135	0.187358916479	0.178329571106	0.205417607223	0.178329571106	0.182844243792	0.214446952596	0.185101580135	0.218961625282	0.205417607223	0.191873589165	0.189616252822	0.0	0.187358916479	0.198645598194
V1.UC59-0.snv.bam	0.176072234763	0.180586907449	0.151241534989	0.169300225734	0.20316027088	0.171557562077	0.180586907449	0.110609480813	0.182844243792	0.144469525959	0.176072234763	0.176072234763	0.162528216704	0.176072234763	0.194130925508	0.178329571106	0.187358916479	0.205417607223	0.178329571106	0.169300225734	0.214446952596	0.0270880361174	0.187358916479	0.0	0.155756207675
alien-11-7-0.snv.bam	0.13769751693	0.155756207675	0.158013544018	0.176072234763	0.194130925508	0.148984198646	0.155756207675	0.117381489842	0.155756207675	0.178329571106	0.151241534989	0.164785553047	0.182844243792	0.139954853273	0.178329571106	0.17381489842	0.176072234763	0.176072234763	0.171557562077	0.182844243792	0.198645598194	0.162528216704	0.198645598194	0.155756207675	0.0
