	158802708-stool1.snv.bam	160178356-stool3.snv.bam	682102541-stool3.snv.bam	764366428-stool3.snv.bam	764487809-stool2.snv.bam	764588959-stool1.snv.bam	764588959-stool2.snv.bam	765074482-stool2.snv.bam	765195863-stool3.snv.bam	BYQ_AAAD.snv.bam	BYQ_AAAO.snv.bam	BYQ_AAAX.snv.bam	CCIS02124300ST-4-0.snv.bam	CCIS03857607ST-4-0.snv.bam	CCIS10706551ST-3-0.snv.bam	CCIS38765456ST-20-0.snv.bam	CCIS62605362ST-3-0.snv.bam	CCIS70398272ST-4-0.snv.bam	CCMD26709089ST-21-0.snv.bam	CCMD42428553ST-21-0.snv.bam	MH0191.snv.bam	MH0205.snv.bam	MH0250.snv.bam	MH0253.snv.bam	MH0260.snv.bam	MH0266.snv.bam	MH0276.snv.bam	MH0292.snv.bam	MH0316.snv.bam	MH0391.snv.bam	MH0416.snv.bam	MH0422.snv.bam	MH0436.snv.bam	MH0443.snv.bam	MMRS21365932ST-27-0-0.snv.bam	MMRS39415781ST-27-0-0.snv.bam	MMRS56137463ST-27-0-0.snv.bam	MMRS67247116ST-27-0-0.snv.bam	MMRS93621581ST-27-0-0.snv.bam	N082A.snv.bam	NLM029.snv.bam	NOF012.snv.bam	NOM010.snv.bam	O2.UC13-1.snv.bam	O2.UC48-1.snv.bam	SAMEA3136631.snv.bam	SZEY-58A.snv.bam	T2D-105A.snv.bam	T2D-45A.snv.bam	V1.UC22-1.snv.bam	V1.UC51-4.snv.bam	V1.UC52-0.snv.bam	V1.UC55-0.snv.bam	scavenger-11-0-0.snv.bam	scavenger-11-60-0.snv.bam	scavenger-11-7-0.snv.bam
158802708-stool1.snv.bam	0.0	0.19877675841	0.195718654434	0.162079510703	0.19877675841	0.22629969419	0.223241590214	0.155963302752	0.223241590214	0.174311926606	0.174311926606	0.174311926606	0.19877675841	0.189602446483	0.186544342508	0.189602446483	0.192660550459	0.174311926606	0.207951070336	0.214067278287	0.19877675841	0.192660550459	0.244648318043	0.168195718654	0.195718654434	0.180428134557	0.17125382263	0.201834862385	0.207951070336	0.223241590214	0.195718654434	0.217125382263	0.183486238532	0.204892966361	0.214067278287	0.201834862385	0.186544342508	0.201834862385	0.204892966361	0.137614678899	0.122324159021	0.137614678899	0.146788990826	0.186544342508	0.122324159021	0.201834862385	0.162079510703	0.180428134557	0.201834862385	0.201834862385	0.217125382263	0.229357798165	0.119266055046	0.186544342508	0.189602446483	0.189602446483
160178356-stool3.snv.bam	0.19877675841	0.0	0.155963302752	0.223241590214	0.146788990826	0.168195718654	0.168195718654	0.204892966361	0.186544342508	0.122324159021	0.122324159021	0.122324159021	0.0948012232416	0.122324159021	0.131498470948	0.140672782875	0.180428134557	0.131498470948	0.149847094801	0.125382262997	0.149847094801	0.131498470948	0.177370030581	0.207951070336	0.168195718654	0.137614678899	0.149847094801	0.125382262997	0.0948012232416	0.0795107033639	0.155963302752	0.0519877675841	0.100917431193	0.0428134556575	0.0672782874618	0.137614678899	0.137614678899	0.0519877675841	0.165137614679	0.256880733945	0.220183486239	0.204892966361	0.238532110092	0.159021406728	0.180428134557	0.0795107033639	0.229357798165	0.25993883792	0.149847094801	0.168195718654	0.103975535168	0.174311926606	0.180428134557	0.137614678899	0.137614678899	0.137614678899
682102541-stool3.snv.bam	0.195718654434	0.155963302752	0.0	0.244648318043	0.113149847095	0.17125382263	0.17125382263	0.149847094801	0.137614678899	0.125382262997	0.125382262997	0.125382262997	0.137614678899	0.140672782875	0.110091743119	0.0978593272171	0.119266055046	0.119266055046	0.152905198777	0.152905198777	0.146788990826	0.125382262997	0.214067278287	0.14373088685	0.152905198777	0.174311926606	0.149847094801	0.0978593272171	0.122324159021	0.152905198777	0.17125382263	0.155963302752	0.159021406728	0.155963302752	0.140672782875	0.119266055046	0.119266055046	0.146788990826	0.14373088685	0.253822629969	0.223241590214	0.189602446483	0.244648318043	0.119266055046	0.189602446483	0.146788990826	0.229357798165	0.272171253823	0.11620795107	0.0795107033639	0.155963302752	0.174311926606	0.189602446483	0.149847094801	0.152905198777	0.152905198777
764366428-stool3.snv.bam	0.162079510703	0.223241590214	0.244648318043	0.0	0.22629969419	0.253822629969	0.253822629969	0.195718654434	0.244648318043	0.211009174312	0.211009174312	0.211009174312	0.223241590214	0.214067278287	0.220183486239	0.220183486239	0.250764525994	0.186544342508	0.244648318043	0.229357798165	0.211009174312	0.211009174312	0.229357798165	0.186544342508	0.217125382263	0.192660550459	0.201834862385	0.238532110092	0.262996941896	0.238532110092	0.220183486239	0.235474006116	0.195718654434	0.235474006116	0.232415902141	0.220183486239	0.211009174312	0.238532110092	0.235474006116	0.149847094801	0.119266055046	0.119266055046	0.119266055046	0.229357798165	0.149847094801	0.238532110092	0.140672782875	0.14373088685	0.232415902141	0.250764525994	0.223241590214	0.235474006116	0.149847094801	0.238532110092	0.241590214067	0.238532110092
764487809-stool2.snv.bam	0.19877675841	0.146788990826	0.113149847095	0.22629969419	0.0	0.192660550459	0.192660550459	0.189602446483	0.180428134557	0.137614678899	0.137614678899	0.137614678899	0.146788990826	0.174311926606	0.100917431193	0.125382262997	0.140672782875	0.128440366972	0.119266055046	0.14373088685	0.137614678899	0.165137614679	0.223241590214	0.134556574924	0.110091743119	0.140672782875	0.100917431193	0.119266055046	0.119266055046	0.152905198777	0.149847094801	0.140672782875	0.152905198777	0.152905198777	0.155963302752	0.11620795107	0.155963302752	0.14373088685	0.152905198777	0.253822629969	0.232415902141	0.217125382263	0.22629969419	0.0917431192661	0.204892966361	0.14373088685	0.220183486239	0.284403669725	0.107033639144	0.125382262997	0.159021406728	0.201834862385	0.204892966361	0.119266055046	0.125382262997	0.125382262997
764588959-stool1.snv.bam	0.22629969419	0.168195718654	0.17125382263	0.253822629969	0.192660550459	0.0	0.0	0.17125382263	0.140672782875	0.107033639144	0.107033639144	0.107033639144	0.14373088685	0.177370030581	0.19877675841	0.131498470948	0.214067278287	0.162079510703	0.183486238532	0.189602446483	0.207951070336	0.14373088685	0.214067278287	0.211009174312	0.207951070336	0.211009174312	0.19877675841	0.195718654434	0.195718654434	0.165137614679	0.207951070336	0.122324159021	0.159021406728	0.137614678899	0.165137614679	0.22629969419	0.152905198777	0.189602446483	0.217125382263	0.266055045872	0.250764525994	0.204892966361	0.275229357798	0.223241590214	0.214067278287	0.165137614679	0.244648318043	0.284403669725	0.207951070336	0.17125382263	0.183486238532	0.107033639144	0.214067278287	0.22629969419	0.22629969419	0.22629969419
764588959-stool2.snv.bam	0.223241590214	0.168195718654	0.17125382263	0.253822629969	0.192660550459	0.0	0.0	0.17125382263	0.140672782875	0.107033639144	0.107033639144	0.107033639144	0.14373088685	0.177370030581	0.19877675841	0.131498470948	0.214067278287	0.162079510703	0.183486238532	0.189602446483	0.207951070336	0.14373088685	0.214067278287	0.211009174312	0.207951070336	0.211009174312	0.19877675841	0.195718654434	0.195718654434	0.165137614679	0.207951070336	0.122324159021	0.159021406728	0.137614678899	0.165137614679	0.22629969419	0.152905198777	0.189602446483	0.217125382263	0.262996941896	0.250764525994	0.204892966361	0.272171253823	0.223241590214	0.211009174312	0.165137614679	0.241590214067	0.284403669725	0.207951070336	0.17125382263	0.183486238532	0.107033639144	0.211009174312	0.22629969419	0.22629969419	0.22629969419
765074482-stool2.snv.bam	0.155963302752	0.204892966361	0.149847094801	0.195718654434	0.189602446483	0.17125382263	0.17125382263	0.0	0.134556574924	0.149847094801	0.149847094801	0.149847094801	0.192660550459	0.165137614679	0.19877675841	0.17125382263	0.165137614679	0.140672782875	0.165137614679	0.168195718654	0.19877675841	0.162079510703	0.235474006116	0.180428134557	0.204892966361	0.183486238532	0.17125382263	0.174311926606	0.204892966361	0.201834862385	0.214067278287	0.180428134557	0.162079510703	0.192660550459	0.189602446483	0.17125382263	0.128440366972	0.177370030581	0.19877675841	0.192660550459	0.168195718654	0.149847094801	0.19877675841	0.186544342508	0.180428134557	0.189602446483	0.168195718654	0.201834862385	0.180428134557	0.183486238532	0.155963302752	0.146788990826	0.180428134557	0.19877675841	0.201834862385	0.201834862385
765195863-stool3.snv.bam	0.223241590214	0.186544342508	0.137614678899	0.244648318043	0.180428134557	0.140672782875	0.140672782875	0.134556574924	0.0	0.119266055046	0.119266055046	0.119266055046	0.159021406728	0.134556574924	0.174311926606	0.140672782875	0.186544342508	0.113149847095	0.162079510703	0.177370030581	0.19877675841	0.146788990826	0.223241590214	0.159021406728	0.180428134557	0.192660550459	0.177370030581	0.168195718654	0.189602446483	0.159021406728	0.19877675841	0.17125382263	0.162079510703	0.174311926606	0.155963302752	0.168195718654	0.134556574924	0.149847094801	0.180428134557	0.269113149847	0.244648318043	0.19877675841	0.266055045872	0.180428134557	0.201834862385	0.155963302752	0.244648318043	0.269113149847	0.17125382263	0.155963302752	0.131498470948	0.0886850152905	0.201834862385	0.217125382263	0.220183486239	0.220183486239
BYQ_AAAD.snv.bam	0.174311926606	0.122324159021	0.125382262997	0.211009174312	0.137614678899	0.107033639144	0.107033639144	0.149847094801	0.119266055046	0.0	0.0	0.0	0.0978593272171	0.125382262997	0.140672782875	0.107033639144	0.180428134557	0.0795107033639	0.137614678899	0.162079510703	0.155963302752	0.0917431192661	0.19877675841	0.17125382263	0.162079510703	0.152905198777	0.152905198777	0.155963302752	0.155963302752	0.110091743119	0.162079510703	0.103975535168	0.152905198777	0.110091743119	0.113149847095	0.180428134557	0.113149847095	0.137614678899	0.201834862385	0.238532110092	0.192660550459	0.165137614679	0.223241590214	0.177370030581	0.149847094801	0.113149847095	0.211009174312	0.232415902141	0.168195718654	0.125382262997	0.152905198777	0.134556574924	0.149847094801	0.180428134557	0.180428134557	0.180428134557
BYQ_AAAO.snv.bam	0.174311926606	0.122324159021	0.125382262997	0.211009174312	0.137614678899	0.107033639144	0.107033639144	0.149847094801	0.119266055046	0.0	0.0	0.0	0.0978593272171	0.125382262997	0.140672782875	0.107033639144	0.180428134557	0.0795107033639	0.137614678899	0.162079510703	0.155963302752	0.0917431192661	0.19877675841	0.17125382263	0.162079510703	0.152905198777	0.152905198777	0.155963302752	0.155963302752	0.110091743119	0.162079510703	0.103975535168	0.152905198777	0.110091743119	0.113149847095	0.180428134557	0.113149847095	0.137614678899	0.201834862385	0.238532110092	0.192660550459	0.165137614679	0.223241590214	0.177370030581	0.149847094801	0.113149847095	0.211009174312	0.232415902141	0.168195718654	0.125382262997	0.152905198777	0.134556574924	0.149847094801	0.180428134557	0.180428134557	0.180428134557
BYQ_AAAX.snv.bam	0.174311926606	0.122324159021	0.125382262997	0.211009174312	0.137614678899	0.107033639144	0.107033639144	0.149847094801	0.119266055046	0.0	0.0	0.0	0.0978593272171	0.125382262997	0.140672782875	0.107033639144	0.180428134557	0.0795107033639	0.137614678899	0.162079510703	0.155963302752	0.0917431192661	0.19877675841	0.17125382263	0.162079510703	0.152905198777	0.152905198777	0.155963302752	0.155963302752	0.110091743119	0.162079510703	0.103975535168	0.152905198777	0.110091743119	0.113149847095	0.180428134557	0.113149847095	0.137614678899	0.201834862385	0.238532110092	0.192660550459	0.165137614679	0.223241590214	0.177370030581	0.149847094801	0.113149847095	0.211009174312	0.232415902141	0.168195718654	0.125382262997	0.152905198777	0.134556574924	0.149847094801	0.180428134557	0.180428134557	0.180428134557
CCIS02124300ST-4-0.snv.bam	0.19877675841	0.0948012232416	0.137614678899	0.223241590214	0.146788990826	0.14373088685	0.14373088685	0.192660550459	0.159021406728	0.0978593272171	0.0978593272171	0.0978593272171	0.0	0.0642201834862	0.0917431192661	0.11620795107	0.195718654434	0.110091743119	0.180428134557	0.168195718654	0.149847094801	0.0795107033639	0.174311926606	0.189602446483	0.174311926606	0.122324159021	0.159021406728	0.125382262997	0.125382262997	0.125382262997	0.155963302752	0.0886850152905	0.100917431193	0.0795107033639	0.045871559633	0.137614678899	0.152905198777	0.119266055046	0.152905198777	0.247706422018	0.220183486239	0.189602446483	0.235474006116	0.140672782875	0.168195718654	0.0519877675841	0.220183486239	0.256880733945	0.168195718654	0.14373088685	0.103975535168	0.140672782875	0.168195718654	0.165137614679	0.165137614679	0.165137614679
CCIS03857607ST-4-0.snv.bam	0.189602446483	0.122324159021	0.140672782875	0.214067278287	0.174311926606	0.177370030581	0.177370030581	0.165137614679	0.134556574924	0.125382262997	0.125382262997	0.125382262997	0.0642201834862	0.0	0.113149847095	0.168195718654	0.192660550459	0.113149847095	0.189602446483	0.152905198777	0.17125382263	0.0948012232416	0.140672782875	0.186544342508	0.165137614679	0.131498470948	0.137614678899	0.110091743119	0.122324159021	0.122324159021	0.17125382263	0.128440366972	0.103975535168	0.0886850152905	0.0672782874618	0.11620795107	0.137614678899	0.110091743119	0.125382262997	0.238532110092	0.204892966361	0.168195718654	0.232415902141	0.149847094801	0.146788990826	0.0733944954128	0.204892966361	0.229357798165	0.165137614679	0.183486238532	0.0886850152905	0.131498470948	0.146788990826	0.174311926606	0.177370030581	0.177370030581
CCIS10706551ST-3-0.snv.bam	0.186544342508	0.131498470948	0.110091743119	0.220183486239	0.100917431193	0.19877675841	0.19877675841	0.19877675841	0.174311926606	0.140672782875	0.140672782875	0.140672782875	0.0917431192661	0.113149847095	0.0	0.0642201834862	0.137614678899	0.134556574924	0.17125382263	0.137614678899	0.128440366972	0.146788990826	0.207951070336	0.134556574924	0.146788990826	0.107033639144	0.131498470948	0.0733944954128	0.122324159021	0.140672782875	0.146788990826	0.131498470948	0.0978593272171	0.140672782875	0.125382262997	0.0764525993884	0.155963302752	0.131498470948	0.119266055046	0.241590214067	0.204892966361	0.189602446483	0.223241590214	0.0825688073394	0.168195718654	0.131498470948	0.220183486239	0.256880733945	0.134556574924	0.103975535168	0.137614678899	0.195718654434	0.168195718654	0.128440366972	0.134556574924	0.134556574924
CCIS38765456ST-20-0.snv.bam	0.189602446483	0.140672782875	0.0978593272171	0.220183486239	0.125382262997	0.131498470948	0.131498470948	0.17125382263	0.140672782875	0.107033639144	0.107033639144	0.107033639144	0.11620795107	0.168195718654	0.0642201834862	0.0	0.107033639144	0.131498470948	0.149847094801	0.17125382263	0.11620795107	0.122324159021	0.244648318043	0.14373088685	0.183486238532	0.155963302752	0.168195718654	0.122324159021	0.128440366972	0.146788990826	0.159021406728	0.140672782875	0.14373088685	0.149847094801	0.137614678899	0.131498470948	0.149847094801	0.159021406728	0.17125382263	0.247706422018	0.204892966361	0.186544342508	0.223241590214	0.131498470948	0.174311926606	0.14373088685	0.22629969419	0.266055045872	0.165137614679	0.0672782874618	0.177370030581	0.155963302752	0.174311926606	0.152905198777	0.152905198777	0.152905198777
CCIS62605362ST-3-0.snv.bam	0.192660550459	0.180428134557	0.119266055046	0.250764525994	0.140672782875	0.214067278287	0.214067278287	0.165137614679	0.186544342508	0.180428134557	0.180428134557	0.180428134557	0.195718654434	0.192660550459	0.137614678899	0.107033639144	0.0	0.177370030581	0.14373088685	0.149847094801	0.152905198777	0.146788990826	0.235474006116	0.177370030581	0.180428134557	0.204892966361	0.159021406728	0.162079510703	0.162079510703	0.183486238532	0.192660550459	0.189602446483	0.192660550459	0.201834862385	0.174311926606	0.17125382263	0.14373088685	0.168195718654	0.140672782875	0.253822629969	0.244648318043	0.223241590214	0.247706422018	0.146788990826	0.211009174312	0.162079510703	0.250764525994	0.284403669725	0.149847094801	0.137614678899	0.192660550459	0.189602446483	0.211009174312	0.0825688073394	0.0825688073394	0.0825688073394
CCIS70398272ST-4-0.snv.bam	0.174311926606	0.131498470948	0.119266055046	0.186544342508	0.128440366972	0.162079510703	0.162079510703	0.140672782875	0.113149847095	0.0795107033639	0.0795107033639	0.0795107033639	0.110091743119	0.113149847095	0.134556574924	0.131498470948	0.177370030581	0.0	0.131498470948	0.168195718654	0.137614678899	0.0795107033639	0.192660550459	0.189602446483	0.162079510703	0.122324159021	0.146788990826	0.149847094801	0.165137614679	0.159021406728	0.174311926606	0.125382262997	0.128440366972	0.128440366972	0.113149847095	0.149847094801	0.100917431193	0.131498470948	0.165137614679	0.232415902141	0.192660550459	0.165137614679	0.207951070336	0.177370030581	0.152905198777	0.119266055046	0.192660550459	0.244648318043	0.174311926606	0.137614678899	0.11620795107	0.137614678899	0.152905198777	0.174311926606	0.177370030581	0.180428134557
CCMD26709089ST-21-0.snv.bam	0.207951070336	0.149847094801	0.152905198777	0.244648318043	0.119266055046	0.183486238532	0.183486238532	0.165137614679	0.162079510703	0.137614678899	0.137614678899	0.137614678899	0.180428134557	0.189602446483	0.17125382263	0.149847094801	0.14373088685	0.131498470948	0.0	0.177370030581	0.177370030581	0.174311926606	0.250764525994	0.186544342508	0.165137614679	0.168195718654	0.137614678899	0.201834862385	0.195718654434	0.131498470948	0.189602446483	0.155963302752	0.149847094801	0.162079510703	0.183486238532	0.19877675841	0.137614678899	0.122324159021	0.186544342508	0.272171253823	0.253822629969	0.232415902141	0.244648318043	0.162079510703	0.207951070336	0.17125382263	0.241590214067	0.284403669725	0.134556574924	0.17125382263	0.177370030581	0.195718654434	0.207951070336	0.134556574924	0.140672782875	0.140672782875
CCMD42428553ST-21-0.snv.bam	0.214067278287	0.125382262997	0.152905198777	0.229357798165	0.14373088685	0.189602446483	0.189602446483	0.168195718654	0.177370030581	0.162079510703	0.162079510703	0.162079510703	0.168195718654	0.152905198777	0.137614678899	0.17125382263	0.149847094801	0.168195718654	0.177370030581	0.0	0.195718654434	0.180428134557	0.189602446483	0.180428134557	0.165137614679	0.168195718654	0.149847094801	0.122324159021	0.159021406728	0.134556574924	0.189602446483	0.110091743119	0.14373088685	0.14373088685	0.140672782875	0.146788990826	0.0948012232416	0.110091743119	0.125382262997	0.25993883792	0.229357798165	0.207951070336	0.244648318043	0.149847094801	0.207951070336	0.140672782875	0.241590214067	0.266055045872	0.11620795107	0.183486238532	0.137614678899	0.180428134557	0.207951070336	0.119266055046	0.122324159021	0.122324159021
MH0191.snv.bam	0.19877675841	0.149847094801	0.146788990826	0.211009174312	0.137614678899	0.207951070336	0.207951070336	0.19877675841	0.19877675841	0.155963302752	0.155963302752	0.155963302752	0.149847094801	0.17125382263	0.128440366972	0.11620795107	0.152905198777	0.137614678899	0.177370030581	0.195718654434	0.0	0.152905198777	0.256880733945	0.183486238532	0.19877675841	0.137614678899	0.180428134557	0.140672782875	0.152905198777	0.186544342508	0.17125382263	0.177370030581	0.165137614679	0.174311926606	0.17125382263	0.131498470948	0.177370030581	0.183486238532	0.177370030581	0.247706422018	0.211009174312	0.189602446483	0.22629969419	0.137614678899	0.192660550459	0.177370030581	0.229357798165	0.256880733945	0.195718654434	0.137614678899	0.204892966361	0.211009174312	0.192660550459	0.186544342508	0.186544342508	0.186544342508
MH0205.snv.bam	0.192660550459	0.131498470948	0.125382262997	0.211009174312	0.165137614679	0.14373088685	0.14373088685	0.162079510703	0.146788990826	0.0917431192661	0.0917431192661	0.0917431192661	0.0795107033639	0.0948012232416	0.146788990826	0.122324159021	0.146788990826	0.0795107033639	0.174311926606	0.180428134557	0.152905198777	0.0	0.168195718654	0.195718654434	0.174311926606	0.17125382263	0.152905198777	0.162079510703	0.162079510703	0.168195718654	0.168195718654	0.125382262997	0.131498470948	0.11620795107	0.0642201834862	0.168195718654	0.107033639144	0.14373088685	0.165137614679	0.235474006116	0.211009174312	0.180428134557	0.229357798165	0.192660550459	0.165137614679	0.0703363914373	0.204892966361	0.25993883792	0.180428134557	0.149847094801	0.113149847095	0.103975535168	0.165137614679	0.162079510703	0.162079510703	0.162079510703
MH0250.snv.bam	0.244648318043	0.177370030581	0.214067278287	0.229357798165	0.223241590214	0.214067278287	0.214067278287	0.235474006116	0.223241590214	0.19877675841	0.19877675841	0.19877675841	0.174311926606	0.140672782875	0.207951070336	0.244648318043	0.235474006116	0.192660550459	0.250764525994	0.189602446483	0.256880733945	0.168195718654	0.0	0.25993883792	0.189602446483	0.229357798165	0.189602446483	0.211009174312	0.186544342508	0.17125382263	0.244648318043	0.17125382263	0.155963302752	0.140672782875	0.134556574924	0.195718654434	0.195718654434	0.17125382263	0.204892966361	0.241590214067	0.223241590214	0.195718654434	0.247706422018	0.235474006116	0.232415902141	0.140672782875	0.22629969419	0.253822629969	0.214067278287	0.256880733945	0.140672782875	0.192660550459	0.232415902141	0.204892966361	0.204892966361	0.207951070336
MH0253.snv.bam	0.168195718654	0.207951070336	0.14373088685	0.186544342508	0.134556574924	0.211009174312	0.211009174312	0.180428134557	0.159021406728	0.17125382263	0.17125382263	0.17125382263	0.189602446483	0.186544342508	0.134556574924	0.14373088685	0.177370030581	0.189602446483	0.186544342508	0.180428134557	0.183486238532	0.195718654434	0.25993883792	0.0	0.168195718654	0.189602446483	0.165137614679	0.14373088685	0.180428134557	0.201834862385	0.162079510703	0.204892966361	0.165137614679	0.207951070336	0.204892966361	0.128440366972	0.19877675841	0.186544342508	0.183486238532	0.223241590214	0.229357798165	0.183486238532	0.223241590214	0.128440366972	0.162079510703	0.192660550459	0.232415902141	0.244648318043	0.149847094801	0.155963302752	0.189602446483	0.192660550459	0.159021406728	0.174311926606	0.177370030581	0.174311926606
MH0260.snv.bam	0.195718654434	0.168195718654	0.152905198777	0.217125382263	0.110091743119	0.207951070336	0.207951070336	0.204892966361	0.180428134557	0.162079510703	0.162079510703	0.162079510703	0.174311926606	0.165137614679	0.146788990826	0.183486238532	0.180428134557	0.162079510703	0.165137614679	0.165137614679	0.19877675841	0.174311926606	0.189602446483	0.168195718654	0.0	0.174311926606	0.045871559633	0.152905198777	0.17125382263	0.146788990826	0.134556574924	0.168195718654	0.155963302752	0.174311926606	0.17125382263	0.162079510703	0.168195718654	0.159021406728	0.155963302752	0.253822629969	0.223241590214	0.217125382263	0.220183486239	0.137614678899	0.201834862385	0.159021406728	0.229357798165	0.266055045872	0.134556574924	0.183486238532	0.174311926606	0.211009174312	0.201834862385	0.146788990826	0.149847094801	0.149847094801
MH0266.snv.bam	0.180428134557	0.137614678899	0.174311926606	0.192660550459	0.140672782875	0.211009174312	0.211009174312	0.183486238532	0.192660550459	0.152905198777	0.152905198777	0.152905198777	0.122324159021	0.131498470948	0.107033639144	0.155963302752	0.204892966361	0.122324159021	0.168195718654	0.168195718654	0.137614678899	0.17125382263	0.229357798165	0.189602446483	0.174311926606	0.0	0.152905198777	0.137614678899	0.180428134557	0.159021406728	0.168195718654	0.146788990826	0.128440366972	0.152905198777	0.149847094801	0.140672782875	0.159021406728	0.137614678899	0.162079510703	0.223241590214	0.195718654434	0.168195718654	0.211009174312	0.146788990826	0.180428134557	0.149847094801	0.177370030581	0.232415902141	0.174311926606	0.180428134557	0.159021406728	0.204892966361	0.180428134557	0.183486238532	0.189602446483	0.189602446483
MH0276.snv.bam	0.17125382263	0.149847094801	0.149847094801	0.201834862385	0.100917431193	0.19877675841	0.19877675841	0.17125382263	0.177370030581	0.152905198777	0.152905198777	0.152905198777	0.159021406728	0.137614678899	0.131498470948	0.168195718654	0.159021406728	0.146788990826	0.137614678899	0.149847094801	0.180428134557	0.152905198777	0.189602446483	0.165137614679	0.045871559633	0.152905198777	0.0	0.131498470948	0.155963302752	0.146788990826	0.14373088685	0.149847094801	0.128440366972	0.159021406728	0.149847094801	0.146788990826	0.146788990826	0.137614678899	0.140672782875	0.229357798165	0.201834862385	0.201834862385	0.195718654434	0.128440366972	0.183486238532	0.137614678899	0.204892966361	0.235474006116	0.131498470948	0.180428134557	0.152905198777	0.183486238532	0.183486238532	0.140672782875	0.14373088685	0.14373088685
MH0292.snv.bam	0.201834862385	0.125382262997	0.0978593272171	0.238532110092	0.119266055046	0.195718654434	0.195718654434	0.174311926606	0.168195718654	0.155963302752	0.155963302752	0.155963302752	0.125382262997	0.110091743119	0.0733944954128	0.122324159021	0.162079510703	0.149847094801	0.201834862385	0.122324159021	0.140672782875	0.162079510703	0.211009174312	0.14373088685	0.152905198777	0.137614678899	0.131498470948	0.0	0.0978593272171	0.174311926606	0.159021406728	0.103975535168	0.103975535168	0.131498470948	0.128440366972	0.0764525993884	0.149847094801	0.11620795107	0.107033639144	0.25993883792	0.223241590214	0.195718654434	0.235474006116	0.107033639144	0.195718654434	0.128440366972	0.22629969419	0.269113149847	0.146788990826	0.11620795107	0.137614678899	0.186544342508	0.195718654434	0.149847094801	0.152905198777	0.152905198777
MH0316.snv.bam	0.207951070336	0.0948012232416	0.122324159021	0.262996941896	0.119266055046	0.195718654434	0.195718654434	0.204892966361	0.189602446483	0.155963302752	0.155963302752	0.155963302752	0.125382262997	0.122324159021	0.122324159021	0.128440366972	0.162079510703	0.165137614679	0.195718654434	0.159021406728	0.152905198777	0.162079510703	0.186544342508	0.180428134557	0.17125382263	0.180428134557	0.155963302752	0.0978593272171	0.0	0.128440366972	0.201834862385	0.100917431193	0.131498470948	0.0642201834862	0.110091743119	0.131498470948	0.19877675841	0.11620795107	0.174311926606	0.278287461774	0.241590214067	0.204892966361	0.25993883792	0.137614678899	0.195718654434	0.110091743119	0.244648318043	0.275229357798	0.152905198777	0.140672782875	0.113149847095	0.195718654434	0.195718654434	0.159021406728	0.159021406728	0.159021406728
MH0391.snv.bam	0.223241590214	0.0795107033639	0.152905198777	0.238532110092	0.152905198777	0.165137614679	0.165137614679	0.201834862385	0.159021406728	0.110091743119	0.110091743119	0.110091743119	0.125382262997	0.122324159021	0.140672782875	0.146788990826	0.183486238532	0.159021406728	0.131498470948	0.134556574924	0.186544342508	0.168195718654	0.17125382263	0.201834862385	0.146788990826	0.159021406728	0.146788990826	0.174311926606	0.128440366972	0.0	0.168195718654	0.0948012232416	0.125382262997	0.0764525993884	0.122324159021	0.159021406728	0.14373088685	0.0886850152905	0.159021406728	0.275229357798	0.232415902141	0.207951070336	0.247706422018	0.149847094801	0.189602446483	0.122324159021	0.250764525994	0.253822629969	0.134556574924	0.155963302752	0.125382262997	0.195718654434	0.189602446483	0.14373088685	0.14373088685	0.14373088685
MH0416.snv.bam	0.195718654434	0.155963302752	0.17125382263	0.220183486239	0.149847094801	0.207951070336	0.207951070336	0.214067278287	0.19877675841	0.162079510703	0.162079510703	0.162079510703	0.155963302752	0.17125382263	0.146788990826	0.159021406728	0.192660550459	0.174311926606	0.189602446483	0.189602446483	0.17125382263	0.168195718654	0.244648318043	0.162079510703	0.134556574924	0.168195718654	0.14373088685	0.159021406728	0.201834862385	0.168195718654	0.0	0.174311926606	0.162079510703	0.186544342508	0.165137614679	0.168195718654	0.17125382263	0.165137614679	0.186544342508	0.25993883792	0.214067278287	0.207951070336	0.22629969419	0.149847094801	0.189602446483	0.159021406728	0.235474006116	0.25993883792	0.177370030581	0.137614678899	0.189602446483	0.207951070336	0.189602446483	0.174311926606	0.177370030581	0.177370030581
MH0422.snv.bam	0.217125382263	0.0519877675841	0.155963302752	0.235474006116	0.140672782875	0.122324159021	0.122324159021	0.180428134557	0.17125382263	0.103975535168	0.103975535168	0.103975535168	0.0886850152905	0.128440366972	0.131498470948	0.140672782875	0.189602446483	0.125382262997	0.155963302752	0.110091743119	0.177370030581	0.125382262997	0.17125382263	0.204892966361	0.168195718654	0.146788990826	0.149847094801	0.103975535168	0.100917431193	0.0948012232416	0.174311926606	0.0	0.0948012232416	0.039755351682	0.0733944954128	0.152905198777	0.122324159021	0.0642201834862	0.146788990826	0.272171253823	0.235474006116	0.204892966361	0.247706422018	0.177370030581	0.195718654434	0.0733944954128	0.232415902141	0.266055045872	0.159021406728	0.159021406728	0.0978593272171	0.149847094801	0.195718654434	0.14373088685	0.14373088685	0.14373088685
MH0436.snv.bam	0.183486238532	0.100917431193	0.159021406728	0.195718654434	0.152905198777	0.159021406728	0.159021406728	0.162079510703	0.162079510703	0.152905198777	0.152905198777	0.152905198777	0.100917431193	0.103975535168	0.0978593272171	0.14373088685	0.192660550459	0.128440366972	0.149847094801	0.14373088685	0.165137614679	0.131498470948	0.155963302752	0.165137614679	0.155963302752	0.128440366972	0.128440366972	0.103975535168	0.131498470948	0.125382262997	0.162079510703	0.0948012232416	0.0	0.0795107033639	0.122324159021	0.107033639144	0.128440366972	0.107033639144	0.113149847095	0.223241590214	0.192660550459	0.174311926606	0.211009174312	0.125382262997	0.162079510703	0.128440366972	0.186544342508	0.232415902141	0.131498470948	0.162079510703	0.0733944954128	0.155963302752	0.162079510703	0.131498470948	0.134556574924	0.134556574924
MH0443.snv.bam	0.204892966361	0.0428134556575	0.155963302752	0.235474006116	0.152905198777	0.137614678899	0.137614678899	0.192660550459	0.174311926606	0.110091743119	0.110091743119	0.110091743119	0.0795107033639	0.0886850152905	0.140672782875	0.149847094801	0.201834862385	0.128440366972	0.162079510703	0.14373088685	0.174311926606	0.11620795107	0.140672782875	0.207951070336	0.174311926606	0.152905198777	0.159021406728	0.131498470948	0.0642201834862	0.0764525993884	0.186544342508	0.039755351682	0.0795107033639	0.0	0.0642201834862	0.155963302752	0.149847094801	0.0703363914373	0.165137614679	0.262996941896	0.22629969419	0.189602446483	0.250764525994	0.177370030581	0.168195718654	0.0703363914373	0.223241590214	0.253822629969	0.155963302752	0.174311926606	0.0795107033639	0.159021406728	0.168195718654	0.155963302752	0.155963302752	0.155963302752
MMRS21365932ST-27-0-0.snv.bam	0.214067278287	0.0672782874618	0.140672782875	0.232415902141	0.155963302752	0.165137614679	0.165137614679	0.189602446483	0.155963302752	0.113149847095	0.113149847095	0.113149847095	0.045871559633	0.0672782874618	0.125382262997	0.137614678899	0.174311926606	0.113149847095	0.183486238532	0.140672782875	0.17125382263	0.0642201834862	0.134556574924	0.204892966361	0.17125382263	0.149847094801	0.149847094801	0.128440366972	0.110091743119	0.122324159021	0.165137614679	0.0733944954128	0.122324159021	0.0642201834862	0.0	0.134556574924	0.14373088685	0.085626911315	0.162079510703	0.262996941896	0.229357798165	0.19877675841	0.250764525994	0.180428134557	0.183486238532	0.0122324159021	0.229357798165	0.272171253823	0.177370030581	0.165137614679	0.0886850152905	0.113149847095	0.183486238532	0.152905198777	0.152905198777	0.152905198777
MMRS39415781ST-27-0-0.snv.bam	0.201834862385	0.137614678899	0.119266055046	0.220183486239	0.11620795107	0.22629969419	0.22629969419	0.17125382263	0.168195718654	0.180428134557	0.180428134557	0.180428134557	0.137614678899	0.11620795107	0.0764525993884	0.131498470948	0.17125382263	0.149847094801	0.19877675841	0.146788990826	0.131498470948	0.168195718654	0.195718654434	0.128440366972	0.162079510703	0.140672782875	0.146788990826	0.0764525993884	0.131498470948	0.159021406728	0.168195718654	0.152905198777	0.107033639144	0.155963302752	0.134556574924	0.0	0.189602446483	0.128440366972	0.122324159021	0.238532110092	0.217125382263	0.195718654434	0.232415902141	0.0795107033639	0.189602446483	0.140672782875	0.223241590214	0.25993883792	0.137614678899	0.14373088685	0.137614678899	0.177370030581	0.189602446483	0.149847094801	0.155963302752	0.155963302752
MMRS56137463ST-27-0-0.snv.bam	0.186544342508	0.137614678899	0.119266055046	0.211009174312	0.155963302752	0.152905198777	0.152905198777	0.128440366972	0.134556574924	0.113149847095	0.113149847095	0.113149847095	0.152905198777	0.137614678899	0.155963302752	0.149847094801	0.14373088685	0.100917431193	0.137614678899	0.0948012232416	0.177370030581	0.107033639144	0.195718654434	0.19877675841	0.168195718654	0.159021406728	0.146788990826	0.149847094801	0.19877675841	0.14373088685	0.17125382263	0.122324159021	0.128440366972	0.149847094801	0.14373088685	0.189602446483	0.0	0.128440366972	0.140672782875	0.235474006116	0.204892966361	0.17125382263	0.229357798165	0.183486238532	0.17125382263	0.14373088685	0.201834862385	0.244648318043	0.149847094801	0.137614678899	0.149847094801	0.149847094801	0.17125382263	0.137614678899	0.140672782875	0.140672782875
MMRS67247116ST-27-0-0.snv.bam	0.201834862385	0.0519877675841	0.146788990826	0.238532110092	0.14373088685	0.189602446483	0.189602446483	0.177370030581	0.149847094801	0.137614678899	0.137614678899	0.137614678899	0.119266055046	0.110091743119	0.131498470948	0.159021406728	0.168195718654	0.131498470948	0.122324159021	0.110091743119	0.183486238532	0.14373088685	0.17125382263	0.186544342508	0.159021406728	0.137614678899	0.137614678899	0.11620795107	0.11620795107	0.0886850152905	0.165137614679	0.0642201834862	0.107033639144	0.0703363914373	0.085626911315	0.128440366972	0.128440366972	0.0	0.131498470948	0.266055045872	0.235474006116	0.201834862385	0.247706422018	0.155963302752	0.183486238532	0.0917431192661	0.232415902141	0.256880733945	0.134556574924	0.177370030581	0.0948012232416	0.162079510703	0.183486238532	0.128440366972	0.134556574924	0.134556574924
MMRS93621581ST-27-0-0.snv.bam	0.204892966361	0.165137614679	0.14373088685	0.235474006116	0.152905198777	0.217125382263	0.217125382263	0.19877675841	0.180428134557	0.201834862385	0.201834862385	0.201834862385	0.152905198777	0.125382262997	0.119266055046	0.17125382263	0.140672782875	0.165137614679	0.186544342508	0.125382262997	0.177370030581	0.165137614679	0.204892966361	0.183486238532	0.155963302752	0.162079510703	0.140672782875	0.107033639144	0.174311926606	0.159021406728	0.186544342508	0.146788990826	0.113149847095	0.165137614679	0.162079510703	0.122324159021	0.140672782875	0.131498470948	0.0	0.25993883792	0.238532110092	0.211009174312	0.247706422018	0.140672782875	0.192660550459	0.162079510703	0.238532110092	0.281345565749	0.119266055046	0.159021406728	0.17125382263	0.207951070336	0.192660550459	0.103975535168	0.107033639144	0.107033639144
N082A.snv.bam	0.137614678899	0.256880733945	0.253822629969	0.149847094801	0.253822629969	0.266055045872	0.262996941896	0.192660550459	0.269113149847	0.238532110092	0.238532110092	0.238532110092	0.247706422018	0.238532110092	0.241590214067	0.247706422018	0.253822629969	0.232415902141	0.272171253823	0.25993883792	0.247706422018	0.235474006116	0.241590214067	0.223241590214	0.253822629969	0.223241590214	0.229357798165	0.25993883792	0.278287461774	0.275229357798	0.25993883792	0.272171253823	0.223241590214	0.262996941896	0.262996941896	0.238532110092	0.235474006116	0.266055045872	0.25993883792	0.0	0.134556574924	0.128440366972	0.155963302752	0.250764525994	0.177370030581	0.262996941896	0.119266055046	0.14373088685	0.253822629969	0.266055045872	0.256880733945	0.262996941896	0.177370030581	0.244648318043	0.244648318043	0.247706422018
NLM029.snv.bam	0.122324159021	0.220183486239	0.223241590214	0.119266055046	0.232415902141	0.250764525994	0.250764525994	0.168195718654	0.244648318043	0.192660550459	0.192660550459	0.192660550459	0.220183486239	0.204892966361	0.204892966361	0.204892966361	0.244648318043	0.192660550459	0.253822629969	0.229357798165	0.211009174312	0.211009174312	0.223241590214	0.229357798165	0.223241590214	0.195718654434	0.201834862385	0.223241590214	0.241590214067	0.232415902141	0.214067278287	0.235474006116	0.192660550459	0.22629969419	0.229357798165	0.217125382263	0.204892966361	0.235474006116	0.238532110092	0.134556574924	0.0	0.103975535168	0.0978593272171	0.220183486239	0.165137614679	0.235474006116	0.146788990826	0.155963302752	0.235474006116	0.22629969419	0.238532110092	0.244648318043	0.165137614679	0.238532110092	0.238532110092	0.241590214067
NOF012.snv.bam	0.137614678899	0.204892966361	0.189602446483	0.119266055046	0.217125382263	0.204892966361	0.204892966361	0.149847094801	0.19877675841	0.165137614679	0.165137614679	0.165137614679	0.189602446483	0.168195718654	0.189602446483	0.186544342508	0.223241590214	0.165137614679	0.232415902141	0.207951070336	0.189602446483	0.180428134557	0.195718654434	0.183486238532	0.217125382263	0.168195718654	0.201834862385	0.195718654434	0.204892966361	0.207951070336	0.207951070336	0.204892966361	0.174311926606	0.189602446483	0.19877675841	0.195718654434	0.17125382263	0.201834862385	0.211009174312	0.128440366972	0.103975535168	0.0	0.140672782875	0.204892966361	0.107033639144	0.19877675841	0.125382262997	0.119266055046	0.220183486239	0.19877675841	0.201834862385	0.204892966361	0.107033639144	0.217125382263	0.217125382263	0.220183486239
NOM010.snv.bam	0.146788990826	0.238532110092	0.244648318043	0.119266055046	0.22629969419	0.275229357798	0.272171253823	0.19877675841	0.266055045872	0.223241590214	0.223241590214	0.223241590214	0.235474006116	0.232415902141	0.223241590214	0.223241590214	0.247706422018	0.207951070336	0.244648318043	0.244648318043	0.22629969419	0.229357798165	0.247706422018	0.223241590214	0.220183486239	0.211009174312	0.195718654434	0.235474006116	0.25993883792	0.247706422018	0.22629969419	0.247706422018	0.211009174312	0.250764525994	0.250764525994	0.232415902141	0.229357798165	0.247706422018	0.247706422018	0.155963302752	0.0978593272171	0.140672782875	0.0	0.217125382263	0.195718654434	0.238532110092	0.14373088685	0.140672782875	0.238532110092	0.250764525994	0.256880733945	0.266055045872	0.195718654434	0.232415902141	0.232415902141	0.232415902141
O2.UC13-1.snv.bam	0.186544342508	0.159021406728	0.119266055046	0.229357798165	0.0917431192661	0.223241590214	0.223241590214	0.186544342508	0.180428134557	0.177370030581	0.177370030581	0.177370030581	0.140672782875	0.149847094801	0.0825688073394	0.131498470948	0.146788990826	0.177370030581	0.162079510703	0.149847094801	0.137614678899	0.192660550459	0.235474006116	0.128440366972	0.137614678899	0.146788990826	0.128440366972	0.107033639144	0.137614678899	0.149847094801	0.149847094801	0.177370030581	0.125382262997	0.177370030581	0.180428134557	0.0795107033639	0.183486238532	0.155963302752	0.140672782875	0.250764525994	0.220183486239	0.204892966361	0.217125382263	0.0	0.192660550459	0.168195718654	0.22629969419	0.262996941896	0.0825688073394	0.137614678899	0.146788990826	0.220183486239	0.192660550459	0.14373088685	0.149847094801	0.149847094801
O2.UC48-1.snv.bam	0.122324159021	0.180428134557	0.189602446483	0.149847094801	0.204892966361	0.214067278287	0.211009174312	0.180428134557	0.201834862385	0.149847094801	0.149847094801	0.149847094801	0.168195718654	0.146788990826	0.168195718654	0.174311926606	0.211009174312	0.152905198777	0.207951070336	0.207951070336	0.192660550459	0.165137614679	0.232415902141	0.162079510703	0.201834862385	0.180428134557	0.183486238532	0.195718654434	0.195718654434	0.189602446483	0.189602446483	0.195718654434	0.162079510703	0.168195718654	0.183486238532	0.189602446483	0.17125382263	0.183486238532	0.192660550459	0.177370030581	0.165137614679	0.107033639144	0.195718654434	0.192660550459	0.0	0.189602446483	0.155963302752	0.177370030581	0.207951070336	0.19877675841	0.186544342508	0.204892966361	0.0	0.201834862385	0.204892966361	0.204892966361
