	BYQ_AAAG.snv.bam	BYQ_AABA.snv.bam	CCIS03857607ST-4-0.snv.bam	CCIS22958137ST-20-0.snv.bam	CCIS29688262ST-20-0.snv.bam	CCIS36699628ST-4-0.snv.bam	CCIS48174381ST-4-0.snv.bam	CCIS90443472ST-4-0.snv.bam	MMRS43939546ST-27-0-0.snv.bam	MMRS72802364ST-27-0-0.snv.bam	NG-5636_317.snv.bam	O2.UC15-1.snv.bam	O2.UC15-2.snv.bam	V1.CD32-0.snv.bam	V1.CD32-4.snv.bam	V1.CD42-0.snv.bam	V1.CD55-0.snv.bam	V1.FI30.snv.bam	V1.FI34.snv.bam	V1.UC2-4.snv.bam	V1.UC47-4.snv.bam	V1.UC5-3.snv.bam	bugkiller-11-7-0.snv.bam
BYQ_AAAG.snv.bam	0.0	0.00137595718761	0.151083591331	0.137405530267	0.143443377925	0.0394230769231	0.224791033435	0.142598187311	0.168288525855	0.148107996908	0.159765625	0.195414201183	0.198490127758	0.162119929754	0.15857029049	0.14042728721	0.216536741273	0.199712441214	0.140232386348	0.174393592494	0.152850336665	0.114525185181	0.240472458576
BYQ_AABA.snv.bam	0.00137595718761	0.0	0.148856802896	0.135768891528	0.141743713475	0.0369732781692	0.226380652261	0.136950966466	0.173143454124	0.145806975025	0.165299936151	0.187793558168	0.191854740451	0.161356580524	0.158131476001	0.134911818273	0.221945940081	0.200391951096	0.138256068217	0.169775227496	0.149915906952	0.1103514831	0.238199095815
CCIS03857607ST-4-0.snv.bam	0.151083591331	0.148856802896	0.0	0.0688799392241	0.0860351443761	0.145348837209	0.223973880597	0.0798816568047	0.0726744186047	0.0962099125364	0.144615384615	0.177953224101	0.181811969501	0.171185416282	0.167807987983	0.0791172853309	0.19915680974	0.171372113102	0.0958393789566	0.153043035396	0.100832546519	0.114061088612	0.217802197802
CCIS22958137ST-20-0.snv.bam	0.137405530267	0.135768891528	0.0688799392241	0.0	0.0788306979102	0.132232627022	0.211571855692	0.120047102915	0.0894997077674	0.0728128124888	0.148438010415	0.160849510139	0.163979766654	0.123039827145	0.119854440612	0.124198358659	0.195866329439	0.169664572723	0.0891132299361	0.136268653072	0.0827134180914	0.0893465383945	0.208662035479
CCIS29688262ST-20-0.snv.bam	0.143443377925	0.141743713475	0.0860351443761	0.0788306979102	0.0	0.110076840265	0.219650158888	0.118536313227	0.101684394133	0.0715258628427	0.1521110659	0.189845737098	0.194020219303	0.154648167458	0.151496144284	0.122136585295	0.195126656686	0.175168794998	0.056070121562	0.143366762095	0.0781739565331	0.0817449674297	0.222741775997
CCIS36699628ST-4-0.snv.bam	0.0394230769231	0.0369732781692	0.145348837209	0.132232627022	0.110076840265	0.0	0.222946428571	0.133522727273	0.170037543902	0.114888972349	0.155882352941	0.184445429223	0.188380814754	0.1640188641	0.160902744936	0.131736125991	0.206610472096	0.191275305883	0.106318443167	0.143938632174	0.118954087866	0.0780494577056	0.240546218487
CCIS48174381ST-4-0.snv.bam	0.224791033435	0.226380652261	0.223973880597	0.211571855692	0.219650158888	0.222946428571	0.0	0.227496355685	0.23735636646	0.221093129229	0.218656437126	0.259472402597	0.264721103575	0.22545014372	0.222886319061	0.223784340659	0.19195628019	0.287969849166	0.202749096629	0.217993303781	0.208071098728	0.2094090652	0.192907631803
CCIS90443472ST-4-0.snv.bam	0.142598187311	0.136950966466	0.0798816568047	0.120047102915	0.118536313227	0.133522727273	0.227496355685	0.0	0.116477272727	0.125167112299	0.134730538922	0.168227014463	0.171621716533	0.12474706629	0.12143269429	0.0148191652098	0.205293272796	0.179632865929	0.1315049328	0.14366994155	0.138149075102	0.0995327347072	0.224581724582
MMRS43939546ST-27-0-0.snv.bam	0.168288525855	0.173143454124	0.0726744186047	0.0894997077674	0.101684394133	0.170037543902	0.23735636646	0.116477272727	0.0	0.095214452067	0.117774936061	0.192923084545	0.197176994698	0.17251047761	0.169438965749	0.112116409387	0.209122277586	0.179014508124	0.120427629175	0.16323978191	0.110429619055	0.137936624233	0.231850566313
MMRS72802364ST-27-0-0.snv.bam	0.148107996908	0.145806975025	0.0962099125364	0.0728128124888	0.0715258628427	0.114888972349	0.221093129229	0.125167112299	0.095214452067	0.0	0.138680250861	0.165771399977	0.16901453335	0.117324120955	0.113566502529	0.118102413935	0.198314307542	0.15949505406	0.0611510235221	0.124313871003	0.0437551189405	0.0811110795898	0.209191641258
NG-5636_317.snv.bam	0.159765625	0.165299936151	0.144615384615	0.148438010415	0.1521110659	0.155882352941	0.218656437126	0.134730538922	0.117774936061	0.138680250861	0.0	0.20625	0.208500800932	0.179066977094	0.176133695364	0.139097850679	0.211245807234	0.201515417584	0.160759683107	0.172358417628	0.151888865371	0.130023590867	0.222937000887
O2.UC15-1.snv.bam	0.195414201183	0.187793558168	0.177953224101	0.160849510139	0.189845737098	0.184445429223	0.259472402597	0.168227014463	0.192923084545	0.165771399977	0.20625	0.0	0.00227898305933	0.181302764044	0.178568902308	0.176905789197	0.224863285061	0.217910881291	0.144078183426	0.079026692262	0.169836515495	0.158897334757	0.247063598167
O2.UC15-2.snv.bam	0.198490127758	0.191854740451	0.181811969501	0.163979766654	0.194020219303	0.188380814754	0.264721103575	0.171621716533	0.197176994698	0.16901453335	0.208500800932	0.00227898305933	0.0	0.181615357693	0.179034741099	0.179551493786	0.224378931058	0.219927981202	0.146561474816	0.0781553476689	0.172239038313	0.161420251376	0.24231962482
V1.CD32-0.snv.bam	0.162119929754	0.161356580524	0.171185416282	0.123039827145	0.154648167458	0.1640188641	0.22545014372	0.12474706629	0.17251047761	0.117324120955	0.179066977094	0.181302764044	0.181615357693	0.0	0.0031107357809	0.122668522149	0.222822355968	0.204561600468	0.162794214719	0.151812576838	0.159451824054	0.141147356063	0.234283005985
V1.CD32-4.snv.bam	0.15857029049	0.158131476001	0.167807987983	0.119854440612	0.151496144284	0.160902744936	0.222886319061	0.12143269429	0.169438965749	0.113566502529	0.176133695364	0.178568902308	0.179034741099	0.0031107357809	0.0	0.119492221908	0.220245497517	0.201242697342	0.159622045669	0.147964870588	0.15601052854	0.13807977965	0.231443769905
V1.CD42-0.snv.bam	0.14042728721	0.134911818273	0.0791172853309	0.124198358659	0.122136585295	0.131736125991	0.223784340659	0.0148191652098	0.112116409387	0.118102413935	0.139097850679	0.176905789197	0.179551493786	0.122668522149	0.119492221908	0.0	0.204238851545	0.176846273933	0.135427031946	0.152006241203	0.130121772602	0.104677736304	0.223761716225
V1.CD55-0.snv.bam	0.216536741273	0.221945940081	0.19915680974	0.195866329439	0.195126656686	0.206610472096	0.19195628019	0.205293272796	0.209122277586	0.198314307542	0.211245807234	0.224863285061	0.224378931058	0.222822355968	0.220245497517	0.204238851545	0.0	0.248238652366	0.175458837894	0.205039635229	0.186807745313	0.193154145688	0.217157347155
V1.FI30.snv.bam	0.199712441214	0.200391951096	0.171372113102	0.169664572723	0.175168794998	0.191275305883	0.287969849166	0.179632865929	0.179014508124	0.15949505406	0.201515417584	0.217910881291	0.219927981202	0.204561600468	0.201242697342	0.176846273933	0.248238652366	0.0	0.181630200625	0.20326543115	0.180828599742	0.151938895702	0.263577416782
V1.FI34.snv.bam	0.140232386348	0.138256068217	0.0958393789566	0.0891132299361	0.056070121562	0.106318443167	0.202749096629	0.1315049328	0.120427629175	0.0611510235221	0.160759683107	0.144078183426	0.146561474816	0.162794214719	0.159622045669	0.135427031946	0.175458837894	0.181630200625	0.0	0.0982931811187	0.0481289930215	0.0856954932888	0.205111499203
V1.UC2-4.snv.bam	0.174393592494	0.169775227496	0.153043035396	0.136268653072	0.143366762095	0.143938632174	0.217993303781	0.14366994155	0.16323978191	0.124313871003	0.172358417628	0.079026692262	0.0781553476689	0.151812576838	0.147964870588	0.152006241203	0.205039635229	0.20326543115	0.0982931811187	0.0	0.127869077701	0.122110294247	0.217795705358
V1.UC47-4.snv.bam	0.152850336665	0.149915906952	0.100832546519	0.0827134180914	0.0781739565331	0.118954087866	0.208071098728	0.138149075102	0.110429619055	0.0437551189405	0.151888865371	0.169836515495	0.172239038313	0.159451824054	0.15601052854	0.130121772602	0.186807745313	0.180828599742	0.0481289930215	0.127869077701	0.0	0.0873139763099	0.207584890094
V1.UC5-3.snv.bam	0.114525185181	0.1103514831	0.114061088612	0.0893465383945	0.0817449674297	0.0780494577056	0.2094090652	0.0995327347072	0.137936624233	0.0811110795898	0.130023590867	0.158897334757	0.161420251376	0.141147356063	0.13807977965	0.104677736304	0.193154145688	0.151938895702	0.0856954932888	0.122110294247	0.0873139763099	0.0	0.214760996579
bugkiller-11-7-0.snv.bam	0.240472458576	0.238199095815	0.217802197802	0.208662035479	0.222741775997	0.240546218487	0.192907631803	0.224581724582	0.231850566313	0.209191641258	0.222937000887	0.247063598167	0.24231962482	0.234283005985	0.231443769905	0.223761716225	0.217157347155	0.263577416782	0.205111499203	0.217795705358	0.207584890094	0.214760996579	0.0
