	158802708-stool1.snv.bam	158802708-stool2.snv.bam	158802708-stool3.snv.bam	158822939-stool1.snv.bam	159632143-stool1.snv.bam	763435843-stool2.snv.bam	BGI002A.snv.bam	CCIS15794887ST-4-0.snv.bam	CCIS16326685ST-4-0.snv.bam	CCIS54027808ST-4-0.snv.bam	CCIS61287323ST-4-0.snv.bam	CCIS74726977ST-3-0.snv.bam	CCIS90164298ST-4-0.snv.bam	CCIS96387239ST-4-0.snv.bam	CCMD34381688ST-21-0.snv.bam	DLM001.snv.bam	DOM003.snv.bam	ED16A.snv.bam	M1.1-V1.metaG.snv.bam	M1.1-V1.metaT.snv.bam	M1.1-V2.metaG.snv.bam	M1.1-V2.metaT.snv.bam	MH0222.snv.bam	MH0257.snv.bam	MH0283.snv.bam	MH0286.snv.bam	MH0319.snv.bam	MH0329.snv.bam	MH0334.snv.bam	MH0357.snv.bam	MH0400.snv.bam	MH0404.snv.bam	MH0427.snv.bam	MH0428.snv.bam	N013A.snv.bam	N033A.snv.bam	NG-5636_239.snv.bam	NG-5636_468.snv.bam	NLM006.snv.bam	NOM017.snv.bam	O2.CD2-0.snv.bam	O2.UC12-1.snv.bam	O2.UC43-1.snv.bam	O2.UC6-0.snv.bam	O2.UC6-1.snv.bam	O2.UC6-2.snv.bam	SAMEA3136633.snv.bam	SAMEA3136699.snv.bam	SAMEA3136735.snv.bam	SAMEA3136757.snv.bam	SZEY-20A.snv.bam	SZEY-41A.snv.bam	SZEY-60A.snv.bam	SZEY-68A.snv.bam	SZEY-99A.snv.bam	T2D-108A.snv.bam	T2D-112A.snv.bam	T2D-123A.snv.bam	T2D-173A.snv.bam	T2D-2A.snv.bam	T2D-49A.snv.bam	T2D-52A.snv.bam	T2D-70A.snv.bam	V1.FI09.snv.bam	V1.FI36.snv.bam	V1.UC53-0.snv.bam	V1.UC53-4.snv.bam	V1.UC58-0.snv.bam	bugkiller-11-0-0.snv.bam	bugkiller-11-2-0.snv.bam	bugkiller-11-392-1.snv.bam	bugkiller-11-392-2.snv.bam	bugkiller-11-392-3.snv.bam	bugkiller-11-60-0.snv.bam	bugkiller-11-600-0.snv.bam	bugkiller-11-7-0.snv.bam	bugkiller-11-773-0.snv.bam	bugkiller-12-7-0.snv.bam	bugkiller-13-392-1.snv.bam	bugkiller-13-392-2.snv.bam	bugkiller-13-392-3.snv.bam	bugkiller-13-7-0.snv.bam
158802708-stool1.snv.bam	0.0	0.00521829897567	0.00289767569189	0.171782844708	0.179665732914	0.166717947951	0.179366182522	0.142392424211	0.178089653447	0.154179140015	0.152416125296	0.167566318866	0.131693668246	0.161129130609	0.165437489282	0.154963390328	0.149033645988	0.279427785208	0.170673274651	0.171575773348	0.166556088735	0.1729625616	0.139025554079	0.134527269475	0.123590067925	0.154627389234	0.177460859594	0.165887504483	0.141538524909	0.156135280033	0.167872176844	0.164419588085	0.168067912348	0.169389835717	0.270621935145	0.167160773699	0.163883001674	0.144094718218	0.149861395665	0.270506398251	0.139015739903	0.156487044605	0.179758478737	0.208916324011	0.208629692962	0.208893875283	0.168733524944	0.140209387514	0.200224319961	0.16223282736	0.162512967674	0.155612174245	0.2714592002	0.184080870696	0.1614885061	0.14872852208	0.287630073808	0.15272956842	0.267502202727	0.209592005123	0.274991044318	0.160803406142	0.27809215859	0.164078093116	0.16634404731	0.182176929896	0.18010261794	0.148519744668	0.159558530821	0.158549452781	0.159776853366	0.159758320769	0.160236740864	0.159679778626	0.159686982871	0.159762974916	0.159764220108	0.159710793288	0.159644303751	0.159826309786	0.159568818263	0.1596951073
158802708-stool2.snv.bam	0.00521829897567	0.0	0.0037823383446	0.169011647808	0.184630739753	0.17174581904	0.17635088973	0.14163268669	0.177559457627	0.152666542984	0.153679342177	0.16686665853	0.129730019104	0.158809071745	0.16219031132	0.155306239316	0.150745256268	0.280978476907	0.17260301566	0.17196868128	0.168604240273	0.175109672617	0.13592921548	0.134030688916	0.126653331379	0.151493062584	0.176981452471	0.165817790634	0.138127726911	0.154662132396	0.167238826959	0.169619964064	0.166141349108	0.166661843354	0.273334321153	0.167976879107	0.165873362413	0.147280783485	0.152149661553	0.274007039028	0.139992913243	0.158631386977	0.182275216888	0.207729966214	0.207624147577	0.207648053973	0.174821273888	0.140412935809	0.204005418341	0.163536156656	0.164335139817	0.154079992624	0.27565618218	0.184073509794	0.162348965271	0.152480928122	0.289010566935	0.15225442115	0.272751702844	0.208549955592	0.274662162517	0.162449191989	0.278638806326	0.165528892352	0.165728799141	0.184655003207	0.182702359481	0.146892653366	0.157282503661	0.156282834161	0.157501136124	0.157516828293	0.158015327467	0.157424071554	0.15745062702	0.1574880895	0.157468526859	0.157454937107	0.157398146172	0.157587007463	0.157304096304	0.157437679858
158802708-stool3.snv.bam	0.00289767569189	0.0037823383446	0.0	0.168299778847	0.179090912557	0.165553614787	0.175697578484	0.13987030153	0.173620247185	0.151246127863	0.149151592168	0.162973196066	0.127866312502	0.15839634934	0.163457356939	0.151827731019	0.145392407073	0.278336517668	0.167989978871	0.17089508327	0.163818405431	0.170256461623	0.135316849462	0.130882861571	0.121088994161	0.151289575442	0.174413947067	0.165377796339	0.137707363981	0.15330560662	0.165230904695	0.162936524628	0.164953641891	0.16630981932	0.268842320672	0.162936477378	0.160945297627	0.141848034831	0.147045455377	0.269869269468	0.137292519859	0.154767404392	0.177560476479	0.205297106528	0.205037116366	0.205274603444	0.167195296381	0.136578360834	0.198859923375	0.161512833146	0.15993043766	0.151432310024	0.270032595526	0.181965766522	0.157706572742	0.146851808288	0.2860105434	0.148816620597	0.267037218921	0.205939109375	0.271719996661	0.157654671353	0.275907626903	0.161058232064	0.162640103527	0.180106365904	0.178064593857	0.145425890623	0.155401020508	0.154271093853	0.155625932397	0.155578132339	0.156066741822	0.155503268604	0.155530016967	0.155604455319	0.15556814877	0.155514831689	0.155467392216	0.155667388067	0.15545260469	0.155556029104
158822939-stool1.snv.bam	0.171782844708	0.169011647808	0.168299778847	0.0	0.128273755244	0.158649519199	0.155915789398	0.119224028551	0.179049583403	0.123871732983	0.142200731744	0.147869487997	0.149992764381	0.145726682671	0.141841585591	0.160384055234	0.173811139262	0.259712961993	0.144583741924	0.146507046736	0.140485640141	0.148994458426	0.147502493545	0.123841920544	0.156119055713	0.158484211228	0.148219059229	0.135581121214	0.137964809493	0.137364905267	0.13592774779	0.186222326272	0.160924111945	0.150186532731	0.233277872995	0.179263726041	0.147988525926	0.149735588376	0.127035643291	0.235761934789	0.135247844569	0.141590502557	0.204092201969	0.18079667488	0.18069809519	0.180743381031	0.125449956979	0.138672918479	0.201492190996	0.142970177403	0.160365252811	0.130702876221	0.241583293686	0.195521066011	0.171638983251	0.147842972126	0.259071122402	0.166570835233	0.233013373566	0.200139689268	0.230160370142	0.17450657196	0.234158323958	0.138399792087	0.167365593891	0.205344545861	0.203713127374	0.173852602307	0.146202997385	0.147070228585	0.146347134638	0.146394760083	0.146825543757	0.146245510678	0.146246614748	0.146343883755	0.14627385649	0.146241149226	0.146180353603	0.146395582517	0.146525118129	0.146280695602
159632143-stool1.snv.bam	0.179665732914	0.184630739753	0.179090912557	0.128273755244	0.0	0.130026689696	0.148099677384	0.127410704501	0.192622928595	0.135646617716	0.0835814262548	0.158779461714	0.132247781008	0.136881235613	0.148611443103	0.15853583056	0.151213593194	0.230416387688	0.134672043896	0.133440932374	0.131669038159	0.133982339169	0.137002771532	0.099534593021	0.138332589328	0.14489336315	0.158222695469	0.121876084329	0.146162233061	0.122615585687	0.126559576581	0.180346609303	0.155132362758	0.136441612763	0.232893609837	0.194507518637	0.13867744337	0.156274146955	0.111111469005	0.223738113463	0.0797935292628	0.0811506465948	0.213774916286	0.157245499428	0.157078299048	0.157355774185	0.103518972574	0.155570059047	0.20438949122	0.115500200075	0.155207866899	0.173312801275	0.234459425469	0.188979446802	0.164846319548	0.151832876018	0.236825787939	0.136895051938	0.224865920819	0.209773351499	0.231582566518	0.165180064987	0.231699298518	0.139540115721	0.175152371897	0.217880519879	0.211805862314	0.11340013294	0.158050352647	0.158864065693	0.158263251992	0.158311337661	0.158958116022	0.158269856706	0.158199808464	0.158295511003	0.158257690322	0.158279309745	0.158217292709	0.15827336893	0.158419826213	0.158242968513
763435843-stool2.snv.bam	0.166717947951	0.17174581904	0.165553614787	0.158649519199	0.130026689696	0.0	0.143841013762	0.146308467793	0.199546662039	0.144573857999	0.149205985228	0.152216485093	0.156961124828	0.151397718855	0.150703888671	0.158075448245	0.161023207442	0.229808404229	0.160544075839	0.155108537605	0.154222077444	0.160562644472	0.166026716893	0.143683020068	0.166450487219	0.18416876176	0.170717626196	0.146778241006	0.15914002586	0.147447143538	0.15460068205	0.167100032432	0.171294869972	0.166052722135	0.240110591809	0.157887197301	0.150330361364	0.151543796846	0.126651574708	0.240303836977	0.138397216502	0.150733693772	0.21587574991	0.170728718844	0.170701786283	0.170914807184	0.109016470632	0.144528082422	0.221194524662	0.152783192994	0.146014023573	0.184129337643	0.246864649092	0.178586403577	0.157662713417	0.160551374531	0.243419263024	0.16083565919	0.239756547321	0.216140930003	0.240480750197	0.147614030649	0.243649098542	0.157266611114	0.161906278081	0.220270935191	0.21584466082	0.159442299188	0.151047428405	0.14980550749	0.151098907583	0.151195492159	0.151577243769	0.151187313875	0.151022194461	0.151011811301	0.15114930319	0.151072735903	0.151110853333	0.151099369584	0.151028570349	0.151074407584
BGI002A.snv.bam	0.179366182522	0.17635088973	0.175697578484	0.155915789398	0.148099677384	0.143841013762	0.0	0.169234752802	0.191365514093	0.137625595587	0.14293271884	0.153154652808	0.154668147412	0.138359472037	0.16192314375	0.154868554011	0.160952956666	0.236525728273	0.169310294002	0.169038022667	0.1629606922	0.171112196434	0.155324797425	0.142123049436	0.157246926813	0.171970603306	0.150099983112	0.161705827758	0.141283035962	0.129769552844	0.130678570315	0.172327614782	0.168004722219	0.173462029623	0.243346375222	0.142423222879	0.14216163975	0.17194054653	0.147618654357	0.243821520649	0.128831438954	0.149499464128	0.207199565261	0.187296001415	0.187017379247	0.187319683771	0.146360409896	0.155981367387	0.227509002875	0.164250773527	0.111505028179	0.156405512742	0.247862066539	0.12913398206	0.141305172039	0.135145821814	0.245758739633	0.149832036978	0.242908568448	0.198290893179	0.243669068451	0.0790505331917	0.242198589848	0.164972044667	0.132309693333	0.209801233072	0.208403615916	0.172935827398	0.143529017626	0.144674935758	0.143627977917	0.143668032073	0.144052570914	0.143585917391	0.143513348392	0.143640160016	0.143617677823	0.143542931621	0.143504412085	0.143567089623	0.143794013033	0.143564547668
CCIS15794887ST-4-0.snv.bam	0.142392424211	0.14163268669	0.13987030153	0.119224028551	0.127410704501	0.146308467793	0.169234752802	0.0	0.180622548913	0.108250745401	0.140865973551	0.156286178033	0.139808059343	0.143397300065	0.147004178395	0.138295297829	0.145961068797	0.250491449337	0.15538908158	0.15455896677	0.148805399153	0.159059896156	0.122152476352	0.105979121494	0.141248225178	0.128050658209	0.167765968632	0.148407778879	0.132356281622	0.138940149901	0.153444738765	0.177295308079	0.153068035104	0.131097107168	0.234682379856	0.181016566945	0.16122952572	0.136194343418	0.137684433071	0.239374656867	0.119968667564	0.145955247244	0.179114774846	0.187524257094	0.187254991392	0.187479820795	0.125551253613	0.118881820509	0.193517966396	0.157603446719	0.162505924559	0.129779914789	0.234623333693	0.179275212318	0.164050384796	0.15551073457	0.255035944419	0.136004636717	0.22543664551	0.20011543559	0.223292032598	0.171772059192	0.230319214761	0.122314821689	0.150186028913	0.182335233416	0.179534589683	0.164546096844	0.127461374239	0.128321845069	0.1277702315	0.127716059626	0.128154456993	0.127599547923	0.127599562677	0.127789576565	0.127684812415	0.127600790645	0.12761651938	0.127726363634	0.127580595291	0.127611879544
CCIS16326685ST-4-0.snv.bam	0.178089653447	0.177559457627	0.173620247185	0.179049583403	0.192622928595	0.199546662039	0.191365514093	0.180622548913	0.0	0.188079303836	0.194038208724	0.164575386983	0.183630383177	0.184496687622	0.207178011644	0.186718058787	0.176414037982	0.184999741636	0.214955216291	0.212198298777	0.210143509209	0.220772496992	0.183772337885	0.146480809393	0.177021986596	0.20356126897	0.183892887319	0.212934739701	0.188292208561	0.183284529067	0.192226704888	0.215296303346	0.206439655867	0.226864152729	0.201603680116	0.203772415951	0.192055720697	0.189340530695	0.188440418371	0.199178653687	0.178676199726	0.213339553892	0.219276991758	0.233657411842	0.233360487243	0.233790509474	0.188097118042	0.163119469096	0.0793231021544	0.214849738707	0.182083019754	0.160504562533	0.199381424569	0.194800245269	0.182190732572	0.179340396446	0.186936275444	0.173688667808	0.191607899301	0.194728764978	0.18194306293	0.196051991431	0.190024394779	0.205605605629	0.201482744625	0.219275792643	0.221341205242	0.204897068481	0.185966241077	0.187678244308	0.186112158572	0.186076738235	0.186150530953	0.186068570974	0.186012970104	0.186067605001	0.186043620624	0.185981941568	0.1859580378	0.186042397066	0.185851202211	0.18603226057
CCIS54027808ST-4-0.snv.bam	0.154179140015	0.152666542984	0.151246127863	0.123871732983	0.135646617716	0.144573857999	0.137625595587	0.108250745401	0.188079303836	0.0	0.119315279737	0.114961311666	0.110515577217	0.101919539789	0.138095998708	0.154335694653	0.150265329269	0.240730162889	0.152616475001	0.153671825799	0.14931913712	0.156854836812	0.109721233549	0.0831199453739	0.121772988667	0.137456193981	0.144673213746	0.143110517091	0.115862736388	0.121323508439	0.110495585644	0.161565995086	0.143546926762	0.136031241395	0.235283630022	0.174491797384	0.158815005457	0.144192017144	0.128368130105	0.242481632359	0.113482430714	0.126632138317	0.215019558836	0.17921754783	0.17887609934	0.179240974232	0.111319004126	0.128920962251	0.20572921476	0.146665807942	0.134614064915	0.155336628626	0.234635159834	0.166115061921	0.143565359153	0.138815448539	0.252062593895	0.141873521673	0.230372295309	0.190095931428	0.23169065647	0.154525408793	0.232046273242	0.118880662893	0.159107256509	0.218068480879	0.215888528933	0.138430270857	0.157812142181	0.159170822405	0.158004557584	0.157963192965	0.158368197971	0.157924065853	0.157911844672	0.157970655122	0.158053652892	0.157882656398	0.157879890368	0.157980326257	0.157725687877	0.157942773642
CCIS61287323ST-4-0.snv.bam	0.152416125296	0.153679342177	0.149151592168	0.142200731744	0.0835814262548	0.149205985228	0.14293271884	0.140865973551	0.194038208724	0.119315279737	0.0	0.139360784992	0.122026077057	0.119515438714	0.123647278753	0.152307629356	0.140229319536	0.24338343223	0.133488911016	0.135293925435	0.131684285673	0.138423054813	0.12068635002	0.0814566072025	0.122661145803	0.138958747449	0.156846568899	0.131160188258	0.119550047234	0.0791042329483	0.10726162013	0.162961690213	0.133774955357	0.147880463677	0.224601953207	0.18009018414	0.142506064849	0.132860261124	0.11093506287	0.220700157012	0.0769533452532	0.0540266316946	0.213528481235	0.164120561748	0.16383815027	0.16411987985	0.0957430720543	0.136416614011	0.217479786129	0.124519365958	0.13707697035	0.160827965841	0.221031306223	0.166366010711	0.154178668921	0.134629106836	0.242852398401	0.137432641803	0.221716584512	0.201557126177	0.230268819485	0.154836696729	0.224080882743	0.12348510432	0.145902033585	0.217772511946	0.213504543758	0.132818419043	0.157467459745	0.158887969247	0.157689076557	0.157737248519	0.158128070298	0.157639711971	0.157587712332	0.157563555339	0.157695138856	0.157597729917	0.157555685965	0.157602427414	0.157463571299	0.157678059745
CCIS74726977ST-3-0.snv.bam	0.167566318866	0.16686665853	0.162973196066	0.147869487997	0.158779461714	0.152216485093	0.153154652808	0.156286178033	0.164575386983	0.114961311666	0.139360784992	0.0	0.149430132112	0.139251456024	0.116646374887	0.183681657075	0.166428921832	0.233011574544	0.142492668822	0.139428171262	0.140953722817	0.146313095081	0.130703290447	0.110393015666	0.128898637895	0.151451305465	0.142329250004	0.138109840369	0.123658943684	0.123603350035	0.120462465121	0.199164693571	0.150876964882	0.165454036513	0.220256763042	0.179225556664	0.170556970039	0.15109669252	0.1230156175	0.232286003258	0.129671412344	0.155058684831	0.232582005093	0.156597549421	0.156126100791	0.156567933411	0.121111643567	0.145707650424	0.199147995503	0.137538787049	0.144898683249	0.190887219303	0.233908155608	0.171077293333	0.161038281939	0.133375140839	0.234464130386	0.153753708928	0.230936038951	0.212212898147	0.233477928267	0.172063005636	0.23158210297	0.15653286936	0.197125996703	0.235870583151	0.234047170243	0.151444367979	0.170759915981	0.17266452693	0.171022156944	0.171029858099	0.17163610513	0.170961875267	0.170874446764	0.171163328297	0.170984688881	0.17097464798	0.170957369895	0.171073325145	0.170843279497	0.17100183368
CCIS90164298ST-4-0.snv.bam	0.131693668246	0.129730019104	0.127866312502	0.149992764381	0.132247781008	0.156961124828	0.154668147412	0.139808059343	0.183630383177	0.110515577217	0.122026077057	0.149430132112	0.0	0.107657203067	0.135867397337	0.156503274087	0.160292068175	0.260430826371	0.146792177995	0.148350458913	0.142657949083	0.151178710142	0.122437410504	0.0762842944193	0.101201664725	0.14394890279	0.160242045541	0.137585679332	0.111424184905	0.130438549202	0.13971737445	0.192203123678	0.143258354641	0.120534585571	0.24756596099	0.167034295926	0.164046194513	0.136272173677	0.129667711731	0.254402111192	0.11408412306	0.121789953677	0.210654493457	0.160267525261	0.16004052155	0.160333056342	0.129369458853	0.129842325524	0.216574843329	0.143087445565	0.16244713624	0.166045448135	0.252657330779	0.185304764765	0.159272250798	0.153594430849	0.2665717078	0.131260907084	0.246541680507	0.213182462194	0.253331378018	0.150718221356	0.25254923196	0.127729403855	0.161324063773	0.213552311651	0.210664992752	0.109688952235	0.164730570534	0.166117180571	0.164883531079	0.164874159808	0.165380234589	0.164736322145	0.164747949601	0.164908611212	0.164883042648	0.164749026236	0.164750996352	0.164861496137	0.164740333787	0.164789483503
CCIS96387239ST-4-0.snv.bam	0.161129130609	0.158809071745	0.15839634934	0.145726682671	0.136881235613	0.151397718855	0.138359472037	0.143397300065	0.184496687622	0.101919539789	0.119515438714	0.139251456024	0.107657203067	0.0	0.113888295342	0.159542620122	0.164669140277	0.23502999039	0.128105502806	0.126797155745	0.123815433978	0.134316075555	0.123132454232	0.0810607466838	0.116919765739	0.140020030809	0.141953035814	0.121614585745	0.110170484859	0.119525624985	0.105012874574	0.180301089384	0.137478902482	0.158869774001	0.240241358765	0.175183179152	0.142763803559	0.139404140575	0.111945048256	0.235705335214	0.115841016422	0.120242208561	0.231071111341	0.153674424276	0.153402200885	0.15371035812	0.104816176305	0.144879292992	0.185028066909	0.130847916885	0.133426125648	0.179274522134	0.233061432353	0.163777720234	0.163164672452	0.155855599386	0.24196153916	0.15538571838	0.233200891317	0.216732352258	0.233923489274	0.154927297198	0.23299104411	0.13104233865	0.181657948347	0.235254187078	0.230901586901	0.133592403711	0.172895611586	0.174222888853	0.172945083565	0.17287774428	0.173347820756	0.172896305649	0.172803221584	0.172964935205	0.172927238037	0.172873339839	0.172865593001	0.172965113673	0.172881589416	0.172873845459
CCMD34381688ST-21-0.snv.bam	0.165437489282	0.16219031132	0.163457356939	0.141841585591	0.148611443103	0.150703888671	0.16192314375	0.147004178395	0.207178011644	0.138095998708	0.123647278753	0.116646374887	0.135867397337	0.113888295342	0.0	0.16385121075	0.182405052609	0.241224224742	0.0513962382589	0.0515819296452	0.0516041751966	0.0556348469463	0.144484906685	0.110843012885	0.138034873944	0.15167303297	0.157132249354	0.0416928830418	0.118285881623	0.122093471429	0.126719703269	0.18360712496	0.0910053287898	0.166902937577	0.241833994547	0.182202825286	0.148989571104	0.139075014876	0.047525801389	0.244187325102	0.122904841098	0.112599309622	0.230973171639	0.080711576282	0.0805849996994	0.0807062276491	0.081572386951	0.144481403849	0.214868025242	0.0440691371969	0.158946555818	0.186447289261	0.240902957416	0.180473779558	0.177930471026	0.16581034261	0.251460406281	0.150183920245	0.243218548143	0.210893936889	0.242036098129	0.178180391163	0.248176775539	0.143310895198	0.18955548928	0.234656841512	0.23128332116	0.146540626442	0.167465347572	0.168927049334	0.167614932693	0.167536247717	0.168117080917	0.167475514668	0.167411980293	0.167608981048	0.167584156088	0.167500274741	0.167475282494	0.167603689574	0.167365435401	0.167500831872
DLM001.snv.bam	0.154963390328	0.155306239316	0.151827731019	0.160384055234	0.15853583056	0.158075448245	0.154868554011	0.138295297829	0.186718058787	0.154335694653	0.152307629356	0.183681657075	0.156503274087	0.159542620122	0.16385121075	0.0	0.119336999338	0.257946519392	0.169496389073	0.169109588769	0.168162038048	0.172017961231	0.164437395177	0.141241094534	0.159679918222	0.187788099076	0.180801560901	0.16361266188	0.152772002612	0.135326418333	0.162383824516	0.188597775929	0.175165466072	0.204995626445	0.230259102066	0.141074601763	0.197650796821	0.156374969199	0.153066728351	0.252619552955	0.146981321482	0.153499962566	0.209095928467	0.19945820268	0.199780368429	0.199320067917	0.161434576668	0.116905969018	0.194712723797	0.164988805886	0.125088437994	0.130091441695	0.238930975068	0.187476911411	0.094742063786	0.136247707238	0.265040008115	0.0824734291255	0.221657620802	0.184006727149	0.22476888617	0.153143830528	0.231194926839	0.154513558311	0.129019104642	0.213284230415	0.210817168834	0.173167968437	0.106631917112	0.107309794926	0.106857474152	0.106873960768	0.10711385839	0.10667189387	0.106764354879	0.106611377013	0.106783992222	0.106629563832	0.106687004739	0.10671665418	0.106985128695	0.106670667106
DOM003.snv.bam	0.149033645988	0.150745256268	0.145392407073	0.173811139262	0.151213593194	0.161023207442	0.160952956666	0.145961068797	0.176414037982	0.150265329269	0.140229319536	0.166428921832	0.160292068175	0.164669140277	0.182405052609	0.119336999338	0.0	0.274765679201	0.188274288466	0.185414938937	0.181848357923	0.191315741624	0.167275283991	0.117510021468	0.153033026599	0.192995080006	0.157670723553	0.180827103367	0.165214162049	0.135945453908	0.183624746202	0.164002451865	0.188553877633	0.189197519861	0.261193080652	0.159399773958	0.17545144295	0.18430273756	0.159826626609	0.258819211346	0.147837784637	0.153712245659	0.21527921146	0.208916757848	0.208724338456	0.208938070909	0.142784378558	0.136715766588	0.209551472237	0.178618205791	0.153203325619	0.12159858377	0.251135508624	0.17225423564	0.145354660688	0.135736867476	0.272752014708	0.0874148334298	0.246927467275	0.216497672896	0.247918588166	0.139715945944	0.249907825227	0.173945829627	0.121143328055	0.219613440296	0.217909694559	0.157545344219	0.122417348982	0.123559938166	0.12270234902	0.12262571864	0.123021452927	0.122558706912	0.12254523211	0.122685543734	0.122611410883	0.122539849175	0.122542403937	0.122634607316	0.122600268596	0.122547727758
ED16A.snv.bam	0.279427785208	0.280978476907	0.278336517668	0.259712961993	0.230416387688	0.229808404229	0.236525728273	0.250491449337	0.184999741636	0.240730162889	0.24338343223	0.233011574544	0.260430826371	0.23502999039	0.241224224742	0.257946519392	0.274765679201	0.0	0.24943508877	0.252788255895	0.250583555107	0.250514073639	0.247532416515	0.207976837167	0.233223828773	0.257042181974	0.251048771593	0.246134468503	0.254511069176	0.229542817429	0.221858529681	0.253426421147	0.231543095725	0.271019947303	0.0748284351985	0.24555760879	0.232041923058	0.239421007275	0.214487416137	0.0439945452743	0.224147672652	0.242964966912	0.29200039245	0.274087755942	0.273986212256	0.274155298879	0.185145149604	0.244372070471	0.189450985733	0.243100036668	0.226347090035	0.258696455778	0.0747793751867	0.243194514087	0.248722684246	0.242556448272	0.0242524348598	0.250941630669	0.0790393106986	0.227339214412	0.0405410100323	0.255752954835	0.0484401457434	0.243059441453	0.283682367269	0.29335552349	0.293819253267	0.254321314498	0.25146071043	0.253471218689	0.251568929337	0.251426366934	0.252299678878	0.251559579362	0.251480651713	0.251423901052	0.251556562103	0.251493596915	0.251606750449	0.251489269571	0.251459549055	0.251525782514
M1.1-V1.metaG.snv.bam	0.170673274651	0.17260301566	0.167989978871	0.144583741924	0.134672043896	0.160544075839	0.169310294002	0.15538908158	0.214955216291	0.152616475001	0.133488911016	0.142492668822	0.146792177995	0.128105502806	0.0513962382589	0.169496389073	0.188274288466	0.24943508877	0.0	0.000571897419058	0.00078911954612	0.000820533635783	0.155779072342	0.134307287644	0.139160838246	0.160020041271	0.162642162849	0.016648439133	0.124354593465	0.142702805485	0.143646980094	0.192045317624	0.106573866266	0.173237955983	0.249142707376	0.192283834254	0.161466395004	0.152694485728	0.0306109440799	0.248643415414	0.127727555695	0.128376975724	0.231925203997	0.0539836592664	0.0540823042231	0.0538710413172	0.0121821966926	0.153435154704	0.223055339911	0.025936952433	0.159109090171	0.197040001173	0.250751861903	0.187315809631	0.187116292701	0.176224996884	0.260198197561	0.160030238873	0.247616331966	0.230348512893	0.250085735844	0.187654220638	0.254431435521	0.16211645075	0.204959747198	0.234347499894	0.229970242245	0.156035098755	0.183988192653	0.185575322456	0.18420880676	0.184220417954	0.184799178893	0.184145581624	0.184088617625	0.184180436648	0.184212417571	0.184138904106	0.184101241995	0.184270807329	0.184078094372	0.184119770718
M1.1-V1.metaT.snv.bam	0.171575773348	0.17196868128	0.17089508327	0.146507046736	0.133440932374	0.155108537605	0.169038022667	0.15455896677	0.212198298777	0.153671825799	0.135293925435	0.139428171262	0.148350458913	0.126797155745	0.0515819296452	0.169109588769	0.185414938937	0.252788255895	0.000571897419058	0.0	0.000877361527686	0.000722049962229	0.157440137623	0.134121471353	0.135408131944	0.159457880808	0.161866588593	0.0167574431898	0.12587861095	0.14258633435	0.145985877783	0.189643348145	0.104181996183	0.173058717834	0.252476862584	0.190899218317	0.160854321756	0.153518178194	0.0259830960724	0.252171391204	0.126897376975	0.129793468108	0.233888942199	0.0524211048715	0.0524755426148	0.0522582104193	0.0123300854084	0.150192296185	0.223457931788	0.0262137354201	0.157034716288	0.197048734405	0.253873522354	0.185979860948	0.186491501813	0.178459258616	0.263708259747	0.159177188226	0.25077200654	0.229148188223	0.253527747449	0.182657774584	0.257862131819	0.162434885508	0.205197504864	0.237069233341	0.232690771033	0.157051200435	0.181033095513	0.18216924284	0.18128200858	0.181268159755	0.181846777425	0.181192408555	0.181134748175	0.18128454986	0.181250242339	0.181205209307	0.181157547318	0.181319165137	0.181228005861	0.181205717399
M1.1-V2.metaG.snv.bam	0.166556088735	0.168604240273	0.163818405431	0.140485640141	0.131669038159	0.154222077444	0.1629606922	0.148805399153	0.210143509209	0.14931913712	0.131684285673	0.140953722817	0.142657949083	0.123815433978	0.0516041751966	0.168162038048	0.181848357923	0.250583555107	0.00078911954612	0.000877361527686	0.0	0.000952195362055	0.154116424473	0.128098514237	0.134823331553	0.155648542043	0.158498336302	0.0170847579527	0.125033971757	0.13873873405	0.142040688392	0.183504156506	0.104280111726	0.166737247456	0.25024842382	0.185939942264	0.154107197323	0.149203885004	0.0310676622211	0.24978869795	0.126086721726	0.126722568232	0.225715028829	0.0547399446253	0.054773677564	0.0546153143206	0.0121072525396	0.146713164208	0.221114049613	0.0264983582539	0.157252594768	0.190683437205	0.25167194126	0.187573732041	0.182418355932	0.172117396844	0.261391838839	0.153153844039	0.248612321087	0.226065850863	0.251274841203	0.183784671478	0.255651559089	0.15980845724	0.19879884421	0.228158431012	0.223784616275	0.149582074207	0.175165933744	0.176674413902	0.175394598967	0.17538088427	0.17593959479	0.175305866739	0.175248764812	0.175397115634	0.175372864515	0.175318543512	0.17526141975	0.175431395654	0.175308398905	0.175319046683
M1.1-V2.metaT.snv.bam	0.1729625616	0.175109672617	0.170256461623	0.148994458426	0.133982339169	0.160562644472	0.171112196434	0.159059896156	0.220772496992	0.156854836812	0.138423054813	0.146313095081	0.151178710142	0.134316075555	0.0556348469463	0.172017961231	0.191315741624	0.250514073639	0.000820533635783	0.000722049962229	0.000952195362055	0.0	0.159217149367	0.140275735634	0.140646567933	0.161184706601	0.165473376535	0.0173871372992	0.130498378365	0.14475906458	0.145869839052	0.192879579315	0.108030178324	0.175844967345	0.249046808321	0.199028360741	0.163859085917	0.158515505383	0.0292001349101	0.248261025479	0.130969610522	0.132550094657	0.23573567848	0.0510008660341	0.051101230439	0.0508037336673	0.0137029561991	0.153100260028	0.221805764153	0.0243568262709	0.163609262908	0.197747666342	0.250570752197	0.195046514343	0.190081618992	0.176588506712	0.260382825158	0.164663445112	0.246868958569	0.230705780958	0.249649865296	0.191092901818	0.258357453195	0.166666085652	0.206064066231	0.237961456124	0.233960950564	0.157472809126	0.18675627849	0.187947905402	0.187018783473	0.187004728461	0.187606252288	0.186927849453	0.186869330605	0.187021362588	0.186986544285	0.186940840786	0.186882299561	0.187056493229	0.186963976743	0.186931587193
MH0222.snv.bam	0.139025554079	0.13592921548	0.135316849462	0.147502493545	0.137002771532	0.166026716893	0.155324797425	0.122152476352	0.183772337885	0.109721233549	0.12068635002	0.130703290447	0.122437410504	0.123132454232	0.144484906685	0.164437395177	0.167275283991	0.247532416515	0.155779072342	0.157440137623	0.154116424473	0.159217149367	0.0	0.10895768664	0.114344692198	0.0941087317567	0.162373459285	0.146853474442	0.101444619575	0.126739211717	0.119011483577	0.192268923975	0.157116738639	0.150147486704	0.236938799217	0.1740221283	0.164681795228	0.124304511247	0.137682884411	0.242456672744	0.110672053206	0.114361514439	0.202305111667	0.181768665081	0.18162313962	0.181731200018	0.138007377061	0.147264952267	0.203145225877	0.145231712253	0.158149055129	0.162409047012	0.238224542235	0.170526018785	0.166969334797	0.168700360685	0.249726425729	0.143282179736	0.234443336727	0.211132051359	0.238839495301	0.167568673501	0.233095093005	0.15023820466	0.170598656751	0.202705734091	0.20319247007	0.131938711483	0.161146980464	0.162606705955	0.161350209762	0.161366404805	0.161876158924	0.161297500408	0.161268680607	0.161389512919	0.161331173761	0.16132028753	0.161305716733	0.161393166753	0.161252674828	0.161281072697
MH0257.snv.bam	0.134527269475	0.134030688916	0.130882861571	0.123841920544	0.099534593021	0.143683020068	0.142123049436	0.105979121494	0.146480809393	0.0831199453739	0.0814566072025	0.110393015666	0.0762842944193	0.0810607466838	0.110843012885	0.141241094534	0.117510021468	0.207976837167	0.134307287644	0.134121471353	0.128098514237	0.140275735634	0.10895768664	0.0	0.10026433392	0.118141912832	0.134219296102	0.122142460278	0.11582331039	0.0893461370628	0.098052633437	0.151625387051	0.132897668102	0.134826121813	0.210945489933	0.143487864321	0.154334434053	0.123179404675	0.115931508722	0.199018749612	0.0840827914665	0.0864327380204	0.193097476743	0.168393875258	0.168094081123	0.168491694766	0.108660423628	0.108639883949	0.157696075495	0.129694570585	0.12645302451	0.137948409068	0.203136731687	0.170416803367	0.12923931977	0.13092077256	0.212771255412	0.102652362747	0.202836739398	0.201839415673	0.210975792579	0.150812093925	0.203178578502	0.108506926161	0.161894342438	0.197064078856	0.189906194181	0.121197307932	0.148092063666	0.150093141745	0.148398391235	0.148333002558	0.148952620841	0.1482248482	0.148196353001	0.148296019324	0.148286135066	0.148243415361	0.14821216127	0.148405126115	0.147854352172	0.148214900777
MH0283.snv.bam	0.123590067925	0.126653331379	0.121088994161	0.156119055713	0.138332589328	0.166450487219	0.157246926813	0.141248225178	0.177021986596	0.121772988667	0.122661145803	0.128898637895	0.101201664725	0.116919765739	0.138034873944	0.159679918222	0.153033026599	0.233223828773	0.139160838246	0.135408131944	0.134823331553	0.140646567933	0.114344692198	0.10026433392	0.0	0.119513435054	0.152311937214	0.129534487698	0.116257973462	0.124808359996	0.12480168288	0.179225829786	0.141228738656	0.147702145489	0.216807225559	0.169406485187	0.161770462152	0.131363013916	0.115493613658	0.22422866457	0.107767205806	0.126926654119	0.210483645104	0.163306625202	0.163249589842	0.163324876855	0.14059413922	0.139545697678	0.186843675415	0.128397831474	0.152377452767	0.180684301865	0.220374779226	0.163326515624	0.160774259571	0.14721551037	0.235111037601	0.149514629244	0.221996481171	0.207424286226	0.222234532249	0.149764643432	0.222846997807	0.138145031544	0.171908809451	0.214492505236	0.212177943012	0.11570838906	0.160152489993	0.161665775978	0.160487246547	0.16042900385	0.160973571671	0.160359846633	0.160331620512	0.160505584964	0.160427884653	0.160362450541	0.160418783207	0.16045721188	0.160342103601	0.160383506395
MH0286.snv.bam	0.154627389234	0.151493062584	0.151289575442	0.158484211228	0.14489336315	0.18416876176	0.171970603306	0.128050658209	0.20356126897	0.137456193981	0.138958747449	0.151451305465	0.14394890279	0.140020030809	0.15167303297	0.187788099076	0.192995080006	0.257042181974	0.160020041271	0.159457880808	0.155648542043	0.161184706601	0.0941087317567	0.118141912832	0.119513435054	0.0	0.16325971303	0.153354383941	0.116972219689	0.14290198125	0.131736057654	0.202722795327	0.172197240893	0.15810185987	0.239332333679	0.194990189285	0.163459510248	0.12838442717	0.142324092733	0.239618162	0.116516495643	0.14997136671	0.215418539749	0.186809243259	0.186933684741	0.186659320153	0.17345198703	0.158835751333	0.216260465429	0.148329712852	0.171646515369	0.182634286154	0.241200582305	0.181939558533	0.182879056507	0.181183500598	0.257601673279	0.160334040793	0.24203150184	0.220570422802	0.246898758433	0.180199827385	0.246140898769	0.169060009968	0.190683125957	0.217771294004	0.215949553483	0.157422413514	0.168583875171	0.169935651198	0.168596973622	0.168713917954	0.169161369726	0.168499851895	0.168468519563	0.168682326314	0.168601985529	0.168545661255	0.168528872006	0.168609775834	0.168648842444	0.168544489911
MH0319.snv.bam	0.177460859594	0.176981452471	0.174413947067	0.148219059229	0.158222695469	0.170717626196	0.150099983112	0.167765968632	0.183892887319	0.144673213746	0.156846568899	0.142329250004	0.160242045541	0.141953035814	0.157132249354	0.180801560901	0.157670723553	0.251048771593	0.162642162849	0.161866588593	0.158498336302	0.165473376535	0.162373459285	0.134219296102	0.152311937214	0.16325971303	0.0	0.15313812245	0.131378692839	0.152100011526	0.155921297753	0.180688688936	0.181785412886	0.174382814574	0.242603794306	0.171347381247	0.187019712334	0.166507267072	0.132099155689	0.248835411286	0.140637953297	0.172798923796	0.216866251461	0.181439579225	0.1810424056	0.18142200259	0.181381464325	0.149088075544	0.212424141647	0.151770739069	0.139027680038	0.185553317463	0.246321406768	0.16334167329	0.156503682938	0.157946002879	0.256142176025	0.159108843371	0.247561614282	0.200629148767	0.248801318903	0.145681048281	0.247357347621	0.167766765957	0.168835155232	0.21900343713	0.21890261504	0.170622691254	0.182921308185	0.184466586755	0.182936645714	0.182934893322	0.183553715583	0.182862512878	0.18285162839	0.183003461652	0.18296294972	0.182916050568	0.182833907635	0.183004449032	0.182923418521	0.182874696743
MH0329.snv.bam	0.165887504483	0.165817790634	0.165377796339	0.135581121214	0.121876084329	0.146778241006	0.161705827758	0.148407778879	0.212934739701	0.143110517091	0.131160188258	0.138109840369	0.137585679332	0.121614585745	0.0416928830418	0.16361266188	0.180827103367	0.246134468503	0.016648439133	0.0167574431898	0.0170847579527	0.0173871372992	0.146853474442	0.122142460278	0.129534487698	0.153354383941	0.15313812245	0.0	0.122181935027	0.136199665698	0.131924899318	0.186207992068	0.0883649451829	0.161501840873	0.245324351706	0.178046255501	0.144095023067	0.139402699304	0.0236274386017	0.244217864723	0.121193141254	0.121310277498	0.228855432599	0.0430260683164	0.0432936157003	0.0428586377144	0.0143264696401	0.144766283121	0.20765205761	0.0209113114771	0.156866164233	0.187647769572	0.248247586065	0.183024309578	0.177884413196	0.167115219384	0.256396996216	0.148554037752	0.244795823141	0.217512350952	0.246444654586	0.173632001831	0.251175218693	0.158854528636	0.195771615413	0.232423565966	0.228986952839	0.147862406785	0.169361929829	0.170827594467	0.169545503124	0.169558855516	0.170055058618	0.169479592989	0.169446606144	0.169358191184	0.169573470444	0.169456822097	0.169423849538	0.169523781267	0.169495055533	0.169478530353
MH0334.snv.bam	0.141538524909	0.138127726911	0.137707363981	0.137964809493	0.146162233061	0.15914002586	0.141283035962	0.132356281622	0.188292208561	0.115862736388	0.119550047234	0.123658943684	0.111424184905	0.110170484859	0.118285881623	0.152772002612	0.165214162049	0.254511069176	0.124354593465	0.12587861095	0.125033971757	0.130498378365	0.101444619575	0.11582331039	0.116257973462	0.116972219689	0.131378692839	0.122181935027	0.0	0.133244427013	0.124616331882	0.184934190768	0.128762847343	0.144244864178	0.237420821379	0.16952514972	0.168231509304	0.143926586824	0.113124362318	0.243236361994	0.105216848824	0.131015475396	0.221292130309	0.144376541005	0.144326467209	0.144192067916	0.144711009712	0.138807490625	0.212480087052	0.122585456797	0.151885399439	0.157703357114	0.245638656516	0.162887303368	0.16059913737	0.171012153109	0.252790701368	0.143345186336	0.242265982108	0.202648745063	0.243355742623	0.14788055827	0.24380032721	0.145888091855	0.152727095609	0.224930724597	0.223388803372	0.132155495319	0.158837257839	0.160110517871	0.158907886572	0.158992234536	0.156857893386	0.158829277434	0.158817056253	0.158843095609	0.158939288297	0.158807216426	0.158808697553	0.158852911175	0.158825109538	0.158847985222
MH0357.snv.bam	0.156135280033	0.154662132396	0.15330560662	0.137364905267	0.122615585687	0.147447143538	0.129769552844	0.138940149901	0.183284529067	0.121323508439	0.0791042329483	0.123603350035	0.130438549202	0.119525624985	0.122093471429	0.135326418333	0.135945453908	0.229542817429	0.142702805485	0.14258633435	0.13873873405	0.14475906458	0.126739211717	0.0893461370628	0.124808359996	0.14290198125	0.152100011526	0.136199665698	0.133244427013	0.0	0.100278920581	0.171435287877	0.139568106254	0.15138714472	0.220021349101	0.16884187105	0.163211820153	0.123065895545	0.125326488316	0.209896926041	0.0998079401163	0.0837642585488	0.215347235739	0.172434814151	0.172340738922	0.172508907138	0.117506390452	0.129402651238	0.210799995827	0.136584944124	0.125389077128	0.162397097916	0.214016264285	0.163669332436	0.145516153414	0.131090488653	0.233067742573	0.125313405068	0.210817017011	0.193394710913	0.211696648117	0.151327123011	0.215086842586	0.136451955221	0.151766676004	0.217111793926	0.215307492915	0.134136814081	0.147836861329	0.149216620966	0.148070060974	0.147987722925	0.148520785146	0.147993857316	0.147935770874	0.148109758969	0.14805436885	0.147987048221	0.147960639838	0.148101428817	0.147819216352	0.147948143693
MH0400.snv.bam	0.167872176844	0.167238826959	0.165230904695	0.13592774779	0.126559576581	0.15460068205	0.130678570315	0.153444738765	0.192226704888	0.110495585644	0.10726162013	0.120462465121	0.13971737445	0.105012874574	0.126719703269	0.162383824516	0.183624746202	0.221858529681	0.143646980094	0.145985877783	0.142040688392	0.145869839052	0.119011483577	0.098052633437	0.12480168288	0.131736057654	0.155921297753	0.131924899318	0.124616331882	0.100278920581	0.0	0.176070555605	0.148968281214	0.157589263405	0.219416786617	0.174281450725	0.13789332187	0.120138295817	0.120637682984	0.222278239789	0.0953739790966	0.0838265306969	0.210576234679	0.170052653837	0.169990164745	0.170083046974	0.0846292349977	0.159434911724	0.18458832902	0.132738158722	0.134051292139	0.182336677241	0.221381790194	0.184231382282	0.165485346295	0.158930601197	0.233494256153	0.166366112604	0.216247016367	0.197206230441	0.220801004824	0.149402218589	0.227551486464	0.145542514724	0.189836974834	0.209188556299	0.208361716654	0.155040981773	0.170157939967	0.171809008604	0.170408898949	0.170409899805	0.170486480439	0.170371524568	0.170269267986	0.170463220466	0.170396650998	0.170324343655	0.170392641119	0.17041437608	0.170202933917	0.17030338804
