	CCIS14449628ST-4-0.snv.bam	CCIS16561622ST-4-0.snv.bam	CCIS51595129ST-4-0.snv.bam	CCIS63468405ST-4-0.snv.bam	CCIS74239020ST-4-0.snv.bam	CCIS87605453ST-4-0.snv.bam	M2.4-V1.metaG.snv.bam	M2.4-V1.metaT.snv.bam	M2.4-V3.metaG.snv.bam	M2.4-V3.metaT.snv.bam	MH0192.snv.bam	MH0220.snv.bam	MH0265.snv.bam	MH0323.snv.bam	MH0383.snv.bam	MH0409.snv.bam	MH0430.snv.bam	MMRS34569532ST-27-0-0.snv.bam	MMRS51737257ST-27-0-0.snv.bam	MMRS93621581ST-27-0-0.snv.bam	SZEY-74A.snv.bam	T2D-19A.snv.bam	T2D-33A.snv.bam
CCIS14449628ST-4-0.snv.bam	0.0	0.174641148325	0.198564593301	0.200956937799	0.205741626794	0.212918660287	0.217703349282	0.136363636364	0.22009569378	0.174641148325	0.205741626794	0.196172248804	0.210526315789	0.191387559809	0.179425837321	0.196172248804	0.208133971292	0.148325358852	0.143540669856	0.133971291866	0.126794258373	0.153110047847	0.16985645933
CCIS16561622ST-4-0.snv.bam	0.174641148325	0.0	0.0956937799043	0.153110047847	0.102870813397	0.1004784689	0.0813397129187	0.066985645933	0.0837320574163	0.0789473684211	0.122009569378	0.0956937799043	0.112440191388	0.102870813397	0.124401913876	0.0980861244019	0.112440191388	0.186602870813	0.198564593301	0.188995215311	0.188995215311	0.193779904306	0.222488038278
CCIS51595129ST-4-0.snv.bam	0.198564593301	0.0956937799043	0.0	0.138755980861	0.107655502392	0.0837320574163	0.0956937799043	0.055023923445	0.0980861244019	0.0765550239234	0.107655502392	0.1004784689	0.0980861244019	0.0741626794258	0.105263157895	0.107655502392	0.0980861244019	0.191387559809	0.203349282297	0.191387559809	0.193779904306	0.198564593301	0.22966507177
CCIS63468405ST-4-0.snv.bam	0.200956937799	0.153110047847	0.138755980861	0.0	0.145933014354	0.136363636364	0.157894736842	0.0909090909091	0.157894736842	0.11961722488	0.126794258373	0.131578947368	0.150717703349	0.126794258373	0.145933014354	0.155502392344	0.145933014354	0.193779904306	0.186602870813	0.184210526316	0.191387559809	0.198564593301	0.222488038278
CCIS74239020ST-4-0.snv.bam	0.205741626794	0.102870813397	0.107655502392	0.145933014354	0.0	0.0956937799043	0.122009569378	0.0813397129187	0.124401913876	0.11004784689	0.138755980861	0.00239234449761	0.11961722488	0.1004784689	0.143540669856	0.105263157895	0.11004784689	0.193779904306	0.205741626794	0.193779904306	0.200956937799	0.203349282297	0.232057416268
CCIS87605453ST-4-0.snv.bam	0.212918660287	0.1004784689	0.0837320574163	0.136363636364	0.0956937799043	0.0	0.0837320574163	0.0502392344498	0.0885167464115	0.0645933014354	0.122009569378	0.0861244019139	0.0909090909091	0.0956937799043	0.124401913876	0.0980861244019	0.0837320574163	0.205741626794	0.217703349282	0.198564593301	0.208133971292	0.210526315789	0.239234449761
M2.4-V1.metaG.snv.bam	0.217703349282	0.0813397129187	0.0956937799043	0.157894736842	0.122009569378	0.0837320574163	0.0	0.0	0.0	0.0	0.117224880383	0.11004784689	0.102870813397	0.107655502392	0.131578947368	0.0837320574163	0.107655502392	0.210526315789	0.222488038278	0.208133971292	0.210526315789	0.210526315789	0.248803827751
M2.4-V1.metaT.snv.bam	0.136363636364	0.066985645933	0.055023923445	0.0909090909091	0.0813397129187	0.0502392344498	0.0	0.0	0.0	0.0	0.0598086124402	0.0741626794258	0.055023923445	0.0526315789474	0.0622009569378	0.0478468899522	0.0502392344498	0.112440191388	0.133971291866	0.124401913876	0.122009569378	0.11004784689	0.148325358852
M2.4-V3.metaG.snv.bam	0.22009569378	0.0837320574163	0.0980861244019	0.157894736842	0.124401913876	0.0885167464115	0.0	0.0	0.0	0.0	0.11961722488	0.112440191388	0.105263157895	0.11004784689	0.133971291866	0.0861244019139	0.11004784689	0.212918660287	0.224880382775	0.210526315789	0.212918660287	0.212918660287	0.251196172249
M2.4-V3.metaT.snv.bam	0.174641148325	0.0789473684211	0.0765550239234	0.11961722488	0.11004784689	0.0645933014354	0.0	0.0	0.0	0.0	0.0885167464115	0.0956937799043	0.0789473684211	0.0813397129187	0.0980861244019	0.0693779904306	0.0789473684211	0.165071770335	0.16985645933	0.165071770335	0.167464114833	0.16028708134	0.198564593301
MH0192.snv.bam	0.205741626794	0.122009569378	0.107655502392	0.126794258373	0.138755980861	0.122009569378	0.117224880383	0.0598086124402	0.11961722488	0.0885167464115	0.0	0.124401913876	0.0956937799043	0.105263157895	0.11961722488	0.1004784689	0.11961722488	0.208133971292	0.212918660287	0.198564593301	0.208133971292	0.208133971292	0.239234449761
MH0220.snv.bam	0.196172248804	0.0956937799043	0.1004784689	0.131578947368	0.00239234449761	0.0861244019139	0.11004784689	0.0741626794258	0.112440191388	0.0956937799043	0.124401913876	0.0	0.105263157895	0.0933014354067	0.133971291866	0.0909090909091	0.1004784689	0.179425837321	0.191387559809	0.179425837321	0.188995215311	0.193779904306	0.22009569378
MH0265.snv.bam	0.210526315789	0.112440191388	0.0980861244019	0.150717703349	0.11961722488	0.0909090909091	0.102870813397	0.055023923445	0.105263157895	0.0789473684211	0.0956937799043	0.105263157895	0.0	0.11004784689	0.131578947368	0.0909090909091	0.0909090909091	0.212918660287	0.22009569378	0.208133971292	0.212918660287	0.215311004785	0.246411483254
MH0323.snv.bam	0.191387559809	0.102870813397	0.0741626794258	0.126794258373	0.1004784689	0.0956937799043	0.107655502392	0.0526315789474	0.11004784689	0.0813397129187	0.105263157895	0.0933014354067	0.11004784689	0.0	0.102870813397	0.0909090909091	0.105263157895	0.188995215311	0.196172248804	0.186602870813	0.196172248804	0.191387559809	0.222488038278
MH0383.snv.bam	0.179425837321	0.124401913876	0.105263157895	0.145933014354	0.143540669856	0.124401913876	0.131578947368	0.0622009569378	0.133971291866	0.0980861244019	0.11961722488	0.133971291866	0.131578947368	0.102870813397	0.0	0.117224880383	0.122009569378	0.181818181818	0.179425837321	0.177033492823	0.179425837321	0.181818181818	0.212918660287
MH0409.snv.bam	0.196172248804	0.0980861244019	0.107655502392	0.155502392344	0.105263157895	0.0980861244019	0.0837320574163	0.0478468899522	0.0861244019139	0.0693779904306	0.1004784689	0.0909090909091	0.0909090909091	0.0909090909091	0.117224880383	0.0	0.114832535885	0.193779904306	0.200956937799	0.188995215311	0.198564593301	0.196172248804	0.232057416268
MH0430.snv.bam	0.208133971292	0.112440191388	0.0980861244019	0.145933014354	0.11004784689	0.0837320574163	0.107655502392	0.0502392344498	0.11004784689	0.0789473684211	0.11961722488	0.1004784689	0.0909090909091	0.105263157895	0.122009569378	0.114832535885	0.0	0.203349282297	0.215311004785	0.198564593301	0.205741626794	0.215311004785	0.236842105263
MMRS34569532ST-27-0-0.snv.bam	0.148325358852	0.186602870813	0.191387559809	0.193779904306	0.193779904306	0.205741626794	0.210526315789	0.112440191388	0.212918660287	0.165071770335	0.208133971292	0.179425837321	0.212918660287	0.188995215311	0.181818181818	0.193779904306	0.203349282297	0.0	0.133971291866	0.141148325359	0.131578947368	0.145933014354	0.157894736842
MMRS51737257ST-27-0-0.snv.bam	0.143540669856	0.198564593301	0.203349282297	0.186602870813	0.205741626794	0.217703349282	0.222488038278	0.133971291866	0.224880382775	0.16985645933	0.212918660287	0.191387559809	0.22009569378	0.196172248804	0.179425837321	0.200956937799	0.215311004785	0.133971291866	0.0	0.1004784689	0.102870813397	0.129186602871	0.141148325359
MMRS93621581ST-27-0-0.snv.bam	0.133971291866	0.188995215311	0.191387559809	0.184210526316	0.193779904306	0.198564593301	0.208133971292	0.124401913876	0.210526315789	0.165071770335	0.198564593301	0.179425837321	0.208133971292	0.186602870813	0.177033492823	0.188995215311	0.198564593301	0.141148325359	0.1004784689	0.0	0.11004784689	0.129186602871	0.141148325359
SZEY-74A.snv.bam	0.126794258373	0.188995215311	0.193779904306	0.191387559809	0.200956937799	0.208133971292	0.210526315789	0.122009569378	0.212918660287	0.167464114833	0.208133971292	0.188995215311	0.212918660287	0.196172248804	0.179425837321	0.198564593301	0.205741626794	0.131578947368	0.102870813397	0.11004784689	0.0	0.124401913876	0.11004784689
T2D-19A.snv.bam	0.153110047847	0.193779904306	0.198564593301	0.198564593301	0.203349282297	0.210526315789	0.210526315789	0.11004784689	0.212918660287	0.16028708134	0.208133971292	0.193779904306	0.215311004785	0.191387559809	0.181818181818	0.196172248804	0.215311004785	0.145933014354	0.129186602871	0.129186602871	0.124401913876	0.0	0.150717703349
T2D-33A.snv.bam	0.16985645933	0.222488038278	0.22966507177	0.222488038278	0.232057416268	0.239234449761	0.248803827751	0.148325358852	0.251196172249	0.198564593301	0.239234449761	0.22009569378	0.246411483254	0.222488038278	0.212918660287	0.232057416268	0.236842105263	0.157894736842	0.141148325359	0.141148325359	0.11004784689	0.150717703349	0.0
