	CCIS07648107ST-4-0.snv.bam	CCIS22275061ST-4-0.snv.bam	CCIS22906510ST-20-0.snv.bam	CCIS22958137ST-20-0.snv.bam	CCIS38765456ST-20-0.snv.bam	CCIS48174381ST-4-0.snv.bam	CCIS59132091ST-4-0.snv.bam	CCIS78100604ST-4-0.snv.bam	CCIS81710917ST-20-0.snv.bam	CCIS82146115ST-4-0.snv.bam	CCIS88007743ST-4-0.snv.bam	CCIS95097901ST-4-0.snv.bam	MMRS44197125ST-27-0-0.snv.bam	MMRS72980899ST-27-0-0.snv.bam	NG-5636_332.snv.bam	NG-5636_354.snv.bam	NG-5636_526.snv.bam	NG-5636_561.snv.bam	O2.UC4-1.snv.bam	O2.UC50-0.snv.bam	V1.CD15-3.snv.bam	V1.CD46-0.snv.bam	V1.CD48-0.snv.bam	V1.CD52-0.snv.bam	V1.FI15.snv.bam	V1.FI29.snv.bam	V1.FI36.snv.bam	daisy-11-0-0.snv.bam
CCIS07648107ST-4-0.snv.bam	0.0	0.0710784313725	0.127450980392	0.0220588235294	0.154411764706	0.183823529412	0.00980392156863	0.0441176470588	0.191176470588	0.0735294117647	0.25	0.0833333333333	0.223039215686	0.176470588235	0.171568627451	0.0857843137255	0.0833333333333	0.0710784313725	0.0906862745098	0.161764705882	0.171568627451	0.213235294118	0.0710784313725	0.120098039216	0.0686274509804	0.0710784313725	0.208333333333	0.223039215686
CCIS22275061ST-4-0.snv.bam	0.0710784313725	0.0	0.144607843137	0.0759803921569	0.144607843137	0.171568627451	0.0759803921569	0.0955882352941	0.198529411765	0.0661764705882	0.274509803922	0.0906862745098	0.223039215686	0.174019607843	0.166666666667	0.0980392156863	0.093137254902	0.0833333333333	0.0710784313725	0.166666666667	0.164215686275	0.208333333333	0.0	0.132352941176	0.127450980392	0.0	0.196078431373	0.210784313725
CCIS22906510ST-20-0.snv.bam	0.127450980392	0.144607843137	0.0	0.129901960784	0.15931372549	0.203431372549	0.117647058824	0.120098039216	0.196078431373	0.132352941176	0.252450980392	0.137254901961	0.225490196078	0.166666666667	0.164215686275	0.129901960784	0.110294117647	0.120098039216	0.134803921569	0.178921568627	0.171568627451	0.196078431373	0.144607843137	0.0392156862745	0.147058823529	0.144607843137	0.198529411765	0.198529411765
CCIS22958137ST-20-0.snv.bam	0.0220588235294	0.0759803921569	0.129901960784	0.0	0.137254901961	0.178921568627	0.0171568627451	0.0416666666667	0.198529411765	0.0661764705882	0.262254901961	0.0759803921569	0.235294117647	0.183823529412	0.164215686275	0.0882352941176	0.0882352941176	0.0735294117647	0.0833333333333	0.164215686275	0.164215686275	0.225490196078	0.0759803921569	0.120098039216	0.0710784313725	0.0759803921569	0.218137254902	0.21568627451
CCIS38765456ST-20-0.snv.bam	0.154411764706	0.144607843137	0.15931372549	0.137254901961	0.0	0.0980392156863	0.149509803922	0.122549019608	0.0490196078431	0.137254901961	0.262254901961	0.164215686275	0.223039215686	0.139705882353	0.093137254902	0.15931372549	0.154411764706	0.149509803922	0.132352941176	0.107843137255	0.0514705882353	0.18137254902	0.144607843137	0.156862745098	0.142156862745	0.144607843137	0.0563725490196	0.112745098039
CCIS48174381ST-4-0.snv.bam	0.183823529412	0.171568627451	0.203431372549	0.178921568627	0.0980392156863	0.0	0.178921568627	0.169117647059	0.120098039216	0.169117647059	0.279411764706	0.188725490196	0.240196078431	0.198529411765	0.125	0.188725490196	0.164215686275	0.171568627451	0.149509803922	0.139705882353	0.093137254902	0.19362745098	0.171568627451	0.200980392157	0.156862745098	0.171568627451	0.137254901961	0.120098039216
CCIS59132091ST-4-0.snv.bam	0.00980392156863	0.0759803921569	0.117647058824	0.0171568627451	0.149509803922	0.178921568627	0.0	0.0343137254902	0.191176470588	0.0637254901961	0.259803921569	0.078431372549	0.227941176471	0.186274509804	0.166666666667	0.0759803921569	0.078431372549	0.0612745098039	0.0808823529412	0.171568627451	0.166666666667	0.218137254902	0.0759803921569	0.110294117647	0.0588235294118	0.0759803921569	0.218137254902	0.218137254902
CCIS78100604ST-4-0.snv.bam	0.0441176470588	0.0955882352941	0.120098039216	0.0416666666667	0.122549019608	0.169117647059	0.0343137254902	0.0	0.196078431373	0.0833333333333	0.274509803922	0.107843137255	0.227941176471	0.171568627451	0.151960784314	0.100490196078	0.0980392156863	0.0955882352941	0.0955882352941	0.169117647059	0.132352941176	0.227941176471	0.0955882352941	0.125	0.0882352941176	0.0955882352941	0.183823529412	0.203431372549
CCIS81710917ST-20-0.snv.bam	0.191176470588	0.198529411765	0.196078431373	0.198529411765	0.0490196078431	0.120098039216	0.191176470588	0.196078431373	0.0	0.188725490196	0.286764705882	0.205882352941	0.254901960784	0.186274509804	0.112745098039	0.198529411765	0.178921568627	0.183823529412	0.186274509804	0.120098039216	0.0882352941176	0.213235294118	0.198529411765	0.183823529412	0.18137254902	0.198529411765	0.0955882352941	0.125
CCIS82146115ST-4-0.snv.bam	0.0735294117647	0.0661764705882	0.132352941176	0.0661764705882	0.137254901961	0.169117647059	0.0637254901961	0.0833333333333	0.188725490196	0.0	0.245098039216	0.0539215686275	0.232843137255	0.18137254902	0.154411764706	0.0759803921569	0.0441176470588	0.0269607843137	0.0269607843137	0.169117647059	0.161764705882	0.237745098039	0.0661764705882	0.110294117647	0.112745098039	0.0661764705882	0.213235294118	0.208333333333
CCIS88007743ST-4-0.snv.bam	0.25	0.274509803922	0.252450980392	0.262254901961	0.262254901961	0.279411764706	0.259803921569	0.274509803922	0.286764705882	0.245098039216	0.0	0.225490196078	0.242647058824	0.286764705882	0.272058823529	0.272058823529	0.237745098039	0.245098039216	0.259803921569	0.262254901961	0.276960784314	0.276960784314	0.274509803922	0.259803921569	0.247549019608	0.274509803922	0.272058823529	0.289215686275
CCIS95097901ST-4-0.snv.bam	0.0833333333333	0.0906862745098	0.137254901961	0.0759803921569	0.164215686275	0.188725490196	0.078431372549	0.107843137255	0.205882352941	0.0539215686275	0.225490196078	0.0	0.225490196078	0.200980392157	0.147058823529	0.0906862745098	0.0612745098039	0.046568627451	0.0612745098039	0.164215686275	0.176470588235	0.240196078431	0.0906862745098	0.129901960784	0.122549019608	0.0906862745098	0.213235294118	0.223039215686
MMRS44197125ST-27-0-0.snv.bam	0.223039215686	0.223039215686	0.225490196078	0.235294117647	0.223039215686	0.240196078431	0.227941176471	0.227941176471	0.254901960784	0.232843137255	0.242647058824	0.225490196078	0.0	0.274509803922	0.230392156863	0.203431372549	0.200980392157	0.223039215686	0.230392156863	0.232843137255	0.235294117647	0.227941176471	0.223039215686	0.227941176471	0.230392156863	0.223039215686	0.237745098039	0.235294117647
MMRS72980899ST-27-0-0.snv.bam	0.176470588235	0.174019607843	0.166666666667	0.183823529412	0.139705882353	0.198529411765	0.186274509804	0.171568627451	0.186274509804	0.18137254902	0.286764705882	0.200980392157	0.274509803922	0.0	0.151960784314	0.213235294118	0.174019607843	0.188725490196	0.178921568627	0.171568627451	0.166666666667	0.235294117647	0.174019607843	0.15931372549	0.156862745098	0.174019607843	0.198529411765	0.196078431373
NG-5636_332.snv.bam	0.171568627451	0.166666666667	0.164215686275	0.164215686275	0.093137254902	0.125	0.166666666667	0.151960784314	0.112745098039	0.154411764706	0.272058823529	0.147058823529	0.230392156863	0.151960784314	0.0	0.169117647059	0.15931372549	0.15931372549	0.156862745098	0.102941176471	0.0882352941176	0.225490196078	0.166666666667	0.176470588235	0.137254901961	0.166666666667	0.115196078431	0.137254901961
NG-5636_354.snv.bam	0.0857843137255	0.0980392156863	0.129901960784	0.0882352941176	0.15931372549	0.188725490196	0.0759803921569	0.100490196078	0.198529411765	0.0759803921569	0.272058823529	0.0906862745098	0.203431372549	0.213235294118	0.169117647059	0.0	0.0808823529412	0.0637254901961	0.0833333333333	0.186274509804	0.174019607843	0.227941176471	0.0980392156863	0.117647058824	0.125	0.0980392156863	0.230392156863	0.235294117647
NG-5636_526.snv.bam	0.0833333333333	0.093137254902	0.110294117647	0.0882352941176	0.154411764706	0.164215686275	0.078431372549	0.0980392156863	0.178921568627	0.0441176470588	0.237745098039	0.0612745098039	0.200980392157	0.174019607843	0.15931372549	0.0808823529412	0.0	0.0171568627451	0.0367647058824	0.15931372549	0.161764705882	0.208333333333	0.093137254902	0.0759803921569	0.132352941176	0.093137254902	0.203431372549	0.200980392157
NG-5636_561.snv.bam	0.0710784313725	0.0833333333333	0.120098039216	0.0735294117647	0.149509803922	0.171568627451	0.0612745098039	0.0955882352941	0.183823529412	0.0269607843137	0.245098039216	0.046568627451	0.223039215686	0.188725490196	0.15931372549	0.0637254901961	0.0171568627451	0.0	0.0245098039216	0.164215686275	0.164215686275	0.227941176471	0.0833333333333	0.0882352941176	0.115196078431	0.0833333333333	0.210784313725	0.220588235294
O2.UC4-1.snv.bam	0.0906862745098	0.0710784313725	0.134803921569	0.0833333333333	0.132352941176	0.149509803922	0.0808823529412	0.0955882352941	0.186274509804	0.0269607843137	0.259803921569	0.0612745098039	0.230392156863	0.178921568627	0.156862745098	0.0833333333333	0.0367647058824	0.0245098039216	0.0	0.154411764706	0.151960784314	0.232843137255	0.0710784313725	0.107843137255	0.129901960784	0.0710784313725	0.188725490196	0.19362745098
O2.UC50-0.snv.bam	0.161764705882	0.166666666667	0.178921568627	0.164215686275	0.107843137255	0.139705882353	0.171568627451	0.169117647059	0.120098039216	0.169117647059	0.262254901961	0.164215686275	0.232843137255	0.171568627451	0.102941176471	0.186274509804	0.15931372549	0.164215686275	0.154411764706	0.0	0.0759803921569	0.223039215686	0.166666666667	0.178921568627	0.147058823529	0.166666666667	0.122549019608	0.166666666667
V1.CD15-3.snv.bam	0.171568627451	0.164215686275	0.171568627451	0.164215686275	0.0514705882353	0.093137254902	0.166666666667	0.132352941176	0.0882352941176	0.161764705882	0.276960784314	0.176470588235	0.235294117647	0.166666666667	0.0882352941176	0.174019607843	0.161764705882	0.164215686275	0.151960784314	0.0759803921569	0.0	0.205882352941	0.164215686275	0.174019607843	0.156862745098	0.164215686275	0.0857843137255	0.132352941176
V1.CD46-0.snv.bam	0.213235294118	0.208333333333	0.196078431373	0.225490196078	0.18137254902	0.19362745098	0.218137254902	0.227941176471	0.213235294118	0.237745098039	0.276960784314	0.240196078431	0.227941176471	0.235294117647	0.225490196078	0.227941176471	0.208333333333	0.227941176471	0.232843137255	0.223039215686	0.205882352941	0.0	0.208333333333	0.203431372549	0.198529411765	0.208333333333	0.210784313725	0.205882352941
V1.CD48-0.snv.bam	0.0710784313725	0.0	0.144607843137	0.0759803921569	0.144607843137	0.171568627451	0.0759803921569	0.0955882352941	0.198529411765	0.0661764705882	0.274509803922	0.0906862745098	0.223039215686	0.174019607843	0.166666666667	0.0980392156863	0.093137254902	0.0833333333333	0.0710784313725	0.166666666667	0.164215686275	0.208333333333	0.0	0.132352941176	0.127450980392	0.0	0.196078431373	0.210784313725
V1.CD52-0.snv.bam	0.120098039216	0.132352941176	0.0392156862745	0.120098039216	0.156862745098	0.200980392157	0.110294117647	0.125	0.183823529412	0.110294117647	0.259803921569	0.129901960784	0.227941176471	0.15931372549	0.176470588235	0.117647058824	0.0759803921569	0.0882352941176	0.107843137255	0.178921568627	0.174019607843	0.203431372549	0.132352941176	0.0	0.144607843137	0.132352941176	0.196078431373	0.196078431373
V1.FI15.snv.bam	0.0686274509804	0.127450980392	0.147058823529	0.0710784313725	0.142156862745	0.156862745098	0.0588235294118	0.0882352941176	0.18137254902	0.112745098039	0.247549019608	0.122549019608	0.230392156863	0.156862745098	0.137254901961	0.125	0.132352941176	0.115196078431	0.129901960784	0.147058823529	0.156862745098	0.198529411765	0.127450980392	0.144607843137	0.0	0.127450980392	0.208333333333	0.200980392157
V1.FI29.snv.bam	0.0710784313725	0.0	0.144607843137	0.0759803921569	0.144607843137	0.171568627451	0.0759803921569	0.0955882352941	0.198529411765	0.0661764705882	0.274509803922	0.0906862745098	0.223039215686	0.174019607843	0.166666666667	0.0980392156863	0.093137254902	0.0833333333333	0.0710784313725	0.166666666667	0.164215686275	0.208333333333	0.0	0.132352941176	0.127450980392	0.0	0.196078431373	0.210784313725
V1.FI36.snv.bam	0.208333333333	0.196078431373	0.198529411765	0.218137254902	0.0563725490196	0.137254901961	0.218137254902	0.183823529412	0.0955882352941	0.213235294118	0.272058823529	0.213235294118	0.237745098039	0.198529411765	0.115196078431	0.230392156863	0.203431372549	0.210784313725	0.188725490196	0.122549019608	0.0857843137255	0.210784313725	0.196078431373	0.196078431373	0.208333333333	0.196078431373	0.0	0.132352941176
daisy-11-0-0.snv.bam	0.223039215686	0.210784313725	0.198529411765	0.21568627451	0.112745098039	0.120098039216	0.218137254902	0.203431372549	0.125	0.208333333333	0.289215686275	0.223039215686	0.235294117647	0.196078431373	0.137254901961	0.235294117647	0.200980392157	0.220588235294	0.19362745098	0.166666666667	0.132352941176	0.205882352941	0.210784313725	0.196078431373	0.200980392157	0.210784313725	0.132352941176	0.0
