	159551223-stool2.snv.bam	160582958-stool1.snv.bam	160582958-stool2.snv.bam	160603188-stool1.snv.bam	763536994-stool2.snv.bam	764588959-stool1.snv.bam	764588959-stool2.snv.bam	BYQ_AAAP.snv.bam	CCIS87290971ST-4-0.snv.bam	CCMD63399960ST-21-0.snv.bam	CCMD64776337ST-21-0.snv.bam	CCMD93344354ST-21-0.snv.bam	M2.1-V1.metaG.snv.bam	M2.3-V2.metaG.snv.bam	M2.3-V2.metaT.snv.bam	M2.3-V3.metaG.snv.bam	MH0206.snv.bam	MH0267.snv.bam	MH0351.snv.bam	MH0379.snv.bam	MH0385.snv.bam	MH0408.snv.bam	MH0422.snv.bam	MH0426.snv.bam	MH0437.snv.bam	MH0452.snv.bam	MMRS40913371ST-27-0-0.snv.bam	MMRS41266697ST-27-0-0.snv.bam	MMRS84954772ST-27-0-0.snv.bam	MMRS93621581ST-27-0-0.snv.bam	O2.UC35-1.snv.bam	V1.CD46-0.snv.bam	V1.CD52-0.snv.bam	V1.FI20.snv.bam	V1.FI36.snv.bam	V1.UC58-4.snv.bam	halbarad-11-7-0.snv.bam	halbarad-12-7-0.snv.bam	halbarad-13-7-0.snv.bam
159551223-stool2.snv.bam	0.0	0.206703910615	0.201117318436	0.148044692737	0.145251396648	0.178770949721	0.178770949721	0.131284916201	0.100558659218	0.315642458101	0.167597765363	0.175977653631	0.153631284916	0.134078212291	0.103351955307	0.131284916201	0.187150837989	0.148044692737	0.153631284916	0.139664804469	0.111731843575	0.13687150838	0.150837988827	0.134078212291	0.178770949721	0.153631284916	0.122905027933	0.153631284916	0.122905027933	0.150837988827	0.189944134078	0.18156424581	0.153631284916	0.153631284916	0.153631284916	0.164804469274	0.142458100559	0.142458100559	0.13687150838
160582958-stool1.snv.bam	0.206703910615	0.0	0.0	0.184357541899	0.195530726257	0.206703910615	0.206703910615	0.187150837989	0.184357541899	0.310055865922	0.22625698324	0.103351955307	0.162011173184	0.187150837989	0.173184357542	0.184357541899	0.231843575419	0.18156424581	0.18156424581	0.184357541899	0.187150837989	0.184357541899	0.201117318436	0.240223463687	0.187150837989	0.18156424581	0.164804469274	0.206703910615	0.215083798883	0.192737430168	0.201117318436	0.237430167598	0.156424581006	0.162011173184	0.220670391061	0.203910614525	0.212290502793	0.212290502793	0.206703910615
160582958-stool2.snv.bam	0.201117318436	0.0	0.0	0.175977653631	0.187150837989	0.198324022346	0.198324022346	0.18156424581	0.175977653631	0.307262569832	0.217877094972	0.0949720670391	0.153631284916	0.178770949721	0.164804469274	0.175977653631	0.223463687151	0.173184357542	0.173184357542	0.175977653631	0.178770949721	0.178770949721	0.192737430168	0.231843575419	0.178770949721	0.173184357542	0.162011173184	0.198324022346	0.206703910615	0.184357541899	0.192737430168	0.22905027933	0.148044692737	0.153631284916	0.212290502793	0.195530726257	0.203910614525	0.203910614525	0.198324022346
160603188-stool1.snv.bam	0.148044692737	0.184357541899	0.175977653631	0.0	0.0446927374302	0.0502793296089	0.0502793296089	0.0754189944134	0.100558659218	0.27374301676	0.114525139665	0.159217877095	0.0865921787709	0.0614525139665	0.0446927374302	0.0586592178771	0.134078212291	0.145251396648	0.148044692737	0.13687150838	0.108938547486	0.150837988827	0.036312849162	0.106145251397	0.0949720670391	0.148044692737	0.134078212291	0.0670391061453	0.142458100559	0.150837988827	0.0670391061453	0.0893854748603	0.103351955307	0.0865921787709	0.0837988826816	0.100558659218	0.134078212291	0.128491620112	0.128491620112
763536994-stool2.snv.bam	0.145251396648	0.195530726257	0.187150837989	0.0446927374302	0.0	0.0949720670391	0.0949720670391	0.0754189944134	0.0977653631285	0.290502793296	0.117318435754	0.148044692737	0.0865921787709	0.0558659217877	0.0446927374302	0.0530726256983	0.148044692737	0.134078212291	0.13687150838	0.122905027933	0.100558659218	0.164804469274	0.0195530726257	0.122905027933	0.0949720670391	0.13687150838	0.122905027933	0.0586592178771	0.120111731844	0.145251396648	0.111731843575	0.0837988826816	0.0698324022346	0.0865921787709	0.0865921787709	0.108938547486	0.120111731844	0.114525139665	0.117318435754
764588959-stool1.snv.bam	0.178770949721	0.206703910615	0.198324022346	0.0502793296089	0.0949720670391	0.0	0.0	0.120111731844	0.128491620112	0.301675977654	0.0837988826816	0.18156424581	0.120111731844	0.103351955307	0.0810055865922	0.100558659218	0.164804469274	0.167597765363	0.170391061453	0.164804469274	0.13687150838	0.18156424581	0.0865921787709	0.150837988827	0.145251396648	0.170391061453	0.148044692737	0.122905027933	0.173184357542	0.159217877095	0.106145251397	0.128491620112	0.162011173184	0.120111731844	0.0810055865922	0.0977653631285	0.167597765363	0.162011173184	0.162011173184
764588959-stool2.snv.bam	0.178770949721	0.206703910615	0.198324022346	0.0502793296089	0.0949720670391	0.0	0.0	0.120111731844	0.128491620112	0.301675977654	0.0837988826816	0.18156424581	0.120111731844	0.103351955307	0.0810055865922	0.100558659218	0.164804469274	0.167597765363	0.170391061453	0.164804469274	0.13687150838	0.18156424581	0.0865921787709	0.150837988827	0.145251396648	0.170391061453	0.145251396648	0.122905027933	0.173184357542	0.159217877095	0.106145251397	0.128491620112	0.162011173184	0.120111731844	0.0810055865922	0.0977653631285	0.167597765363	0.162011173184	0.162011173184
BYQ_AAAP.snv.bam	0.131284916201	0.187150837989	0.18156424581	0.0754189944134	0.0754189944134	0.120111731844	0.120111731844	0.0	0.120111731844	0.259776536313	0.150837988827	0.175977653631	0.122905027933	0.0893854748603	0.072625698324	0.0865921787709	0.153631284916	0.156424581006	0.164804469274	0.125698324022	0.131284916201	0.148044692737	0.0921787709497	0.111731843575	0.153631284916	0.164804469274	0.131284916201	0.0921787709497	0.142458100559	0.153631284916	0.106145251397	0.131284916201	0.103351955307	0.122905027933	0.122905027933	0.134078212291	0.13687150838	0.131284916201	0.131284916201
CCIS87290971ST-4-0.snv.bam	0.100558659218	0.184357541899	0.175977653631	0.100558659218	0.0977653631285	0.128491620112	0.128491620112	0.120111731844	0.0	0.276536312849	0.103351955307	0.0893854748603	0.0977653631285	0.0921787709497	0.072625698324	0.0893854748603	0.156424581006	0.0502793296089	0.0502793296089	0.120111731844	0.00558659217877	0.103351955307	0.106145251397	0.117318435754	0.139664804469	0.0502793296089	0.114525139665	0.0977653631285	0.072625698324	0.0865921787709	0.131284916201	0.131284916201	0.111731843575	0.0977653631285	0.0865921787709	0.108938547486	0.114525139665	0.111731843575	0.108938547486
CCMD63399960ST-21-0.snv.bam	0.315642458101	0.310055865922	0.307262569832	0.27374301676	0.290502793296	0.301675977654	0.301675977654	0.259776536313	0.276536312849	0.0	0.27374301676	0.301675977654	0.290502793296	0.279329608939	0.254189944134	0.279329608939	0.254189944134	0.282122905028	0.293296089385	0.27374301676	0.287709497207	0.276536312849	0.296089385475	0.256983240223	0.268156424581	0.293296089385	0.279329608939	0.276536312849	0.282122905028	0.310055865922	0.259776536313	0.287709497207	0.268156424581	0.290502793296	0.279329608939	0.268156424581	0.298882681564	0.287709497207	0.279329608939
CCMD64776337ST-21-0.snv.bam	0.167597765363	0.22625698324	0.217877094972	0.114525139665	0.117318435754	0.0837988826816	0.0837988826816	0.150837988827	0.103351955307	0.27374301676	0.0	0.167597765363	0.103351955307	0.0949720670391	0.0754189944134	0.0921787709497	0.156424581006	0.134078212291	0.134078212291	0.156424581006	0.100558659218	0.167597765363	0.0977653631285	0.134078212291	0.150837988827	0.134078212291	0.13687150838	0.0977653631285	0.13687150838	0.122905027933	0.134078212291	0.122905027933	0.13687150838	0.103351955307	0.0307262569832	0.0754189944134	0.164804469274	0.159217877095	0.156424581006
CCMD93344354ST-21-0.snv.bam	0.175977653631	0.103351955307	0.0949720670391	0.159217877095	0.148044692737	0.18156424581	0.18156424581	0.175977653631	0.0893854748603	0.301675977654	0.167597765363	0.0	0.108938547486	0.139664804469	0.125698324022	0.13687150838	0.206703910615	0.0782122905028	0.0782122905028	0.142458100559	0.0837988826816	0.122905027933	0.153631284916	0.18156424581	0.145251396648	0.0782122905028	0.134078212291	0.142458100559	0.145251396648	0.125698324022	0.162011173184	0.173184357542	0.103351955307	0.108938547486	0.156424581006	0.145251396648	0.175977653631	0.173184357542	0.167597765363
M2.1-V1.metaG.snv.bam	0.153631284916	0.162011173184	0.153631284916	0.0865921787709	0.0865921787709	0.120111731844	0.120111731844	0.122905027933	0.0977653631285	0.290502793296	0.103351955307	0.108938547486	0.0	0.0893854748603	0.0782122905028	0.0865921787709	0.173184357542	0.108938547486	0.111731843575	0.122905027933	0.100558659218	0.142458100559	0.0893854748603	0.125698324022	0.120111731844	0.111731843575	0.111731843575	0.0921787709497	0.145251396648	0.125698324022	0.125698324022	0.128491620112	0.108938547486	0.0	0.072625698324	0.0698324022346	0.13687150838	0.131284916201	0.134078212291
M2.3-V2.metaG.snv.bam	0.134078212291	0.187150837989	0.178770949721	0.0614525139665	0.0558659217877	0.103351955307	0.103351955307	0.0893854748603	0.0921787709497	0.279329608939	0.0949720670391	0.139664804469	0.0893854748603	0.0	0.0	0.0	0.145251396648	0.128491620112	0.128491620112	0.128491620112	0.0893854748603	0.150837988827	0.0335195530726	0.114525139665	0.106145251397	0.128491620112	0.122905027933	0.0474860335196	0.108938547486	0.131284916201	0.106145251397	0.0977653631285	0.0921787709497	0.0893854748603	0.0837988826816	0.0949720670391	0.120111731844	0.117318435754	0.114525139665
M2.3-V2.metaT.snv.bam	0.103351955307	0.173184357542	0.164804469274	0.0446927374302	0.0446927374302	0.0810055865922	0.0810055865922	0.072625698324	0.072625698324	0.254189944134	0.0754189944134	0.125698324022	0.0782122905028	0.0	0.0	0.0	0.128491620112	0.114525139665	0.114525139665	0.114525139665	0.072625698324	0.125698324022	0.0223463687151	0.0921787709497	0.0893854748603	0.114525139665	0.106145251397	0.0335195530726	0.0949720670391	0.114525139665	0.0921787709497	0.0837988826816	0.072625698324	0.0782122905028	0.0642458100559	0.0837988826816	0.103351955307	0.103351955307	0.0977653631285
M2.3-V3.metaG.snv.bam	0.131284916201	0.184357541899	0.175977653631	0.0586592178771	0.0530726256983	0.100558659218	0.100558659218	0.0865921787709	0.0893854748603	0.279329608939	0.0921787709497	0.13687150838	0.0865921787709	0.0	0.0	0.0	0.142458100559	0.125698324022	0.125698324022	0.125698324022	0.0865921787709	0.148044692737	0.0307262569832	0.111731843575	0.103351955307	0.125698324022	0.120111731844	0.0446927374302	0.106145251397	0.128491620112	0.103351955307	0.0949720670391	0.0893854748603	0.0865921787709	0.0810055865922	0.0921787709497	0.117318435754	0.114525139665	0.111731843575
MH0206.snv.bam	0.187150837989	0.231843575419	0.223463687151	0.134078212291	0.148044692737	0.164804469274	0.164804469274	0.153631284916	0.156424581006	0.254189944134	0.156424581006	0.206703910615	0.173184357542	0.145251396648	0.128491620112	0.142458100559	0.0	0.189944134078	0.189944134078	0.173184357542	0.156424581006	0.198324022346	0.142458100559	0.142458100559	0.173184357542	0.189944134078	0.184357541899	0.148044692737	0.173184357542	0.206703910615	0.153631284916	0.150837988827	0.18156424581	0.173184357542	0.175977653631	0.178770949721	0.187150837989	0.18156424581	0.173184357542
MH0267.snv.bam	0.148044692737	0.18156424581	0.173184357542	0.145251396648	0.134078212291	0.167597765363	0.167597765363	0.156424581006	0.0502793296089	0.282122905028	0.134078212291	0.0782122905028	0.108938547486	0.128491620112	0.114525139665	0.125698324022	0.189944134078	0.0	0.0	0.134078212291	0.0446927374302	0.0670391061453	0.142458100559	0.153631284916	0.173184357542	0.0	0.117318435754	0.131284916201	0.106145251397	0.072625698324	0.164804469274	0.162011173184	0.150837988827	0.108938547486	0.120111731844	0.142458100559	0.139664804469	0.13687150838	0.131284916201
MH0351.snv.bam	0.153631284916	0.18156424581	0.173184357542	0.148044692737	0.13687150838	0.170391061453	0.170391061453	0.164804469274	0.0502793296089	0.293296089385	0.134078212291	0.0782122905028	0.111731843575	0.128491620112	0.114525139665	0.125698324022	0.189944134078	0.0	0.0	0.13687150838	0.0446927374302	0.0670391061453	0.142458100559	0.159217877095	0.175977653631	0.0	0.122905027933	0.131284916201	0.106145251397	0.0754189944134	0.167597765363	0.162011173184	0.153631284916	0.111731843575	0.122905027933	0.145251396648	0.148044692737	0.145251396648	0.139664804469
MH0379.snv.bam	0.139664804469	0.184357541899	0.175977653631	0.13687150838	0.122905027933	0.164804469274	0.164804469274	0.125698324022	0.120111731844	0.27374301676	0.156424581006	0.142458100559	0.122905027933	0.128491620112	0.114525139665	0.125698324022	0.173184357542	0.134078212291	0.13687150838	0.0	0.125698324022	0.153631284916	0.139664804469	0.142458100559	0.178770949721	0.13687150838	0.106145251397	0.134078212291	0.13687150838	0.156424581006	0.178770949721	0.173184357542	0.139664804469	0.122905027933	0.148044692737	0.150837988827	0.125698324022	0.120111731844	0.120111731844
MH0385.snv.bam	0.111731843575	0.187150837989	0.178770949721	0.108938547486	0.100558659218	0.13687150838	0.13687150838	0.131284916201	0.00558659217877	0.287709497207	0.100558659218	0.0837988826816	0.100558659218	0.0893854748603	0.072625698324	0.0865921787709	0.156424581006	0.0446927374302	0.0446927374302	0.125698324022	0.0	0.106145251397	0.103351955307	0.125698324022	0.139664804469	0.0446927374302	0.120111731844	0.0921787709497	0.0670391061453	0.0865921787709	0.134078212291	0.128491620112	0.114525139665	0.100558659218	0.0893854748603	0.111731843575	0.120111731844	0.117318435754	0.114525139665
MH0408.snv.bam	0.13687150838	0.184357541899	0.178770949721	0.150837988827	0.164804469274	0.18156424581	0.18156424581	0.148044692737	0.103351955307	0.276536312849	0.167597765363	0.122905027933	0.142458100559	0.150837988827	0.125698324022	0.148044692737	0.198324022346	0.0670391061453	0.0670391061453	0.153631284916	0.106145251397	0.0	0.162011173184	0.162011173184	0.187150837989	0.0670391061453	0.131284916201	0.134078212291	0.13687150838	0.114525139665	0.173184357542	0.178770949721	0.164804469274	0.142458100559	0.159217877095	0.173184357542	0.162011173184	0.156424581006	0.150837988827
MH0422.snv.bam	0.150837988827	0.201117318436	0.192737430168	0.036312849162	0.0195530726257	0.0865921787709	0.0865921787709	0.0921787709497	0.106145251397	0.296089385475	0.0977653631285	0.153631284916	0.0893854748603	0.0335195530726	0.0223463687151	0.0307262569832	0.142458100559	0.142458100559	0.142458100559	0.139664804469	0.103351955307	0.162011173184	0.0	0.114525139665	0.072625698324	0.142458100559	0.131284916201	0.036312849162	0.128491620112	0.150837988827	0.0921787709497	0.0642458100559	0.0837988826816	0.0893854748603	0.0782122905028	0.100558659218	0.128491620112	0.122905027933	0.122905027933
MH0426.snv.bam	0.134078212291	0.240223463687	0.231843575419	0.106145251397	0.122905027933	0.150837988827	0.150837988827	0.111731843575	0.117318435754	0.256983240223	0.134078212291	0.18156424581	0.125698324022	0.114525139665	0.0921787709497	0.111731843575	0.142458100559	0.153631284916	0.159217877095	0.142458100559	0.125698324022	0.162011173184	0.114525139665	0.0	0.148044692737	0.159217877095	0.153631284916	0.106145251397	0.142458100559	0.167597765363	0.131284916201	0.103351955307	0.134078212291	0.125698324022	0.108938547486	0.131284916201	0.150837988827	0.145251396648	0.142458100559
MH0437.snv.bam	0.178770949721	0.187150837989	0.178770949721	0.0949720670391	0.0949720670391	0.145251396648	0.145251396648	0.153631284916	0.139664804469	0.268156424581	0.150837988827	0.145251396648	0.120111731844	0.106145251397	0.0893854748603	0.103351955307	0.173184357542	0.173184357542	0.175977653631	0.178770949721	0.139664804469	0.187150837989	0.072625698324	0.148044692737	0.0	0.175977653631	0.162011173184	0.103351955307	0.170391061453	0.187150837989	0.0949720670391	0.108938547486	0.100558659218	0.120111731844	0.131284916201	0.0977653631285	0.162011173184	0.156424581006	0.156424581006
MH0452.snv.bam	0.153631284916	0.18156424581	0.173184357542	0.148044692737	0.13687150838	0.170391061453	0.170391061453	0.164804469274	0.0502793296089	0.293296089385	0.134078212291	0.0782122905028	0.111731843575	0.128491620112	0.114525139665	0.125698324022	0.189944134078	0.0	0.0	0.13687150838	0.0446927374302	0.0670391061453	0.142458100559	0.159217877095	0.175977653631	0.0	0.122905027933	0.131284916201	0.106145251397	0.0754189944134	0.167597765363	0.162011173184	0.153631284916	0.111731843575	0.122905027933	0.145251396648	0.148044692737	0.145251396648	0.139664804469
MMRS40913371ST-27-0-0.snv.bam	0.122905027933	0.164804469274	0.162011173184	0.134078212291	0.122905027933	0.148044692737	0.145251396648	0.131284916201	0.114525139665	0.279329608939	0.13687150838	0.134078212291	0.111731843575	0.122905027933	0.106145251397	0.120111731844	0.184357541899	0.117318435754	0.122905027933	0.106145251397	0.120111731844	0.131284916201	0.131284916201	0.153631284916	0.162011173184	0.122905027933	0.0	0.145251396648	0.131284916201	0.114525139665	0.156424581006	0.173184357542	0.13687150838	0.111731843575	0.139664804469	0.145251396648	0.120111731844	0.114525139665	0.114525139665
MMRS41266697ST-27-0-0.snv.bam	0.153631284916	0.206703910615	0.198324022346	0.0670391061453	0.0586592178771	0.122905027933	0.122905027933	0.0921787709497	0.0977653631285	0.276536312849	0.0977653631285	0.142458100559	0.0921787709497	0.0474860335196	0.0335195530726	0.0446927374302	0.148044692737	0.131284916201	0.131284916201	0.134078212291	0.0921787709497	0.134078212291	0.036312849162	0.106145251397	0.103351955307	0.131284916201	0.145251396648	0.0	0.106145251397	0.134078212291	0.108938547486	0.100558659218	0.0837988826816	0.0921787709497	0.0810055865922	0.103351955307	0.128491620112	0.122905027933	0.122905027933
MMRS84954772ST-27-0-0.snv.bam	0.122905027933	0.215083798883	0.206703910615	0.142458100559	0.120111731844	0.173184357542	0.173184357542	0.142458100559	0.072625698324	0.282122905028	0.13687150838	0.145251396648	0.145251396648	0.108938547486	0.0949720670391	0.106145251397	0.173184357542	0.106145251397	0.106145251397	0.13687150838	0.0670391061453	0.13687150838	0.128491620112	0.142458100559	0.170391061453	0.106145251397	0.131284916201	0.106145251397	0.0	0.0977653631285	0.170391061453	0.122905027933	0.145251396648	0.145251396648	0.131284916201	0.156424581006	0.114525139665	0.111731843575	0.111731843575
MMRS93621581ST-27-0-0.snv.bam	0.150837988827	0.192737430168	0.184357541899	0.150837988827	0.145251396648	0.159217877095	0.159217877095	0.153631284916	0.0865921787709	0.310055865922	0.122905027933	0.125698324022	0.125698324022	0.131284916201	0.114525139665	0.128491620112	0.206703910615	0.072625698324	0.0754189944134	0.156424581006	0.0865921787709	0.114525139665	0.150837988827	0.167597765363	0.187150837989	0.0754189944134	0.114525139665	0.134078212291	0.0977653631285	0.0	0.164804469274	0.175977653631	0.162011173184	0.125698324022	0.114525139665	0.13687150838	0.139664804469	0.13687150838	0.131284916201
O2.UC35-1.snv.bam	0.189944134078	0.201117318436	0.192737430168	0.0670391061453	0.111731843575	0.106145251397	0.106145251397	0.106145251397	0.131284916201	0.259776536313	0.134078212291	0.162011173184	0.125698324022	0.106145251397	0.0921787709497	0.103351955307	0.153631284916	0.164804469274	0.167597765363	0.178770949721	0.134078212291	0.173184357542	0.0921787709497	0.131284916201	0.0949720670391	0.167597765363	0.156424581006	0.108938547486	0.170391061453	0.164804469274	0.0	0.100558659218	0.131284916201	0.125698324022	0.117318435754	0.0893854748603	0.164804469274	0.159217877095	0.156424581006
V1.CD46-0.snv.bam	0.18156424581	0.237430167598	0.22905027933	0.0893854748603	0.0837988826816	0.128491620112	0.128491620112	0.131284916201	0.131284916201	0.287709497207	0.122905027933	0.173184357542	0.128491620112	0.0977653631285	0.0837988826816	0.0949720670391	0.150837988827	0.162011173184	0.162011173184	0.173184357542	0.128491620112	0.178770949721	0.0642458100559	0.103351955307	0.108938547486	0.162011173184	0.173184357542	0.100558659218	0.122905027933	0.175977653631	0.100558659218	0.0	0.134078212291	0.128491620112	0.108938547486	0.128491620112	0.170391061453	0.164804469274	0.164804469274
V1.CD52-0.snv.bam	0.153631284916	0.156424581006	0.148044692737	0.103351955307	0.0698324022346	0.162011173184	0.162011173184	0.103351955307	0.111731843575	0.268156424581	0.13687150838	0.103351955307	0.108938547486	0.0921787709497	0.072625698324	0.0893854748603	0.18156424581	0.150837988827	0.153631284916	0.139664804469	0.114525139665	0.164804469274	0.0837988826816	0.134078212291	0.100558659218	0.153631284916	0.13687150838	0.0837988826816	0.145251396648	0.162011173184	0.131284916201	0.134078212291	0.0	0.108938547486	0.108938547486	0.114525139665	0.145251396648	0.139664804469	0.142458100559
V1.FI20.snv.bam	0.153631284916	0.162011173184	0.153631284916	0.0865921787709	0.0865921787709	0.120111731844	0.120111731844	0.122905027933	0.0977653631285	0.290502793296	0.103351955307	0.108938547486	0.0	0.0893854748603	0.0782122905028	0.0865921787709	0.173184357542	0.108938547486	0.111731843575	0.122905027933	0.100558659218	0.142458100559	0.0893854748603	0.125698324022	0.120111731844	0.111731843575	0.111731843575	0.0921787709497	0.145251396648	0.125698324022	0.125698324022	0.128491620112	0.108938547486	0.0	0.072625698324	0.0698324022346	0.13687150838	0.131284916201	0.134078212291
V1.FI36.snv.bam	0.153631284916	0.220670391061	0.212290502793	0.0837988826816	0.0865921787709	0.0810055865922	0.0810055865922	0.122905027933	0.0865921787709	0.279329608939	0.0307262569832	0.156424581006	0.072625698324	0.0837988826816	0.0642458100559	0.0810055865922	0.175977653631	0.120111731844	0.122905027933	0.148044692737	0.0893854748603	0.159217877095	0.0782122905028	0.108938547486	0.131284916201	0.122905027933	0.139664804469	0.0810055865922	0.131284916201	0.114525139665	0.117318435754	0.108938547486	0.108938547486	0.072625698324	0.0	0.0446927374302	0.148044692737	0.142458100559	0.142458100559
V1.UC58-4.snv.bam	0.164804469274	0.203910614525	0.195530726257	0.100558659218	0.108938547486	0.0977653631285	0.0977653631285	0.134078212291	0.108938547486	0.268156424581	0.0754189944134	0.145251396648	0.0698324022346	0.0949720670391	0.0837988826816	0.0921787709497	0.178770949721	0.142458100559	0.145251396648	0.150837988827	0.111731843575	0.173184357542	0.100558659218	0.131284916201	0.0977653631285	0.145251396648	0.145251396648	0.103351955307	0.156424581006	0.13687150838	0.0893854748603	0.128491620112	0.114525139665	0.0698324022346	0.0446927374302	0.0	0.159217877095	0.153631284916	0.153631284916
halbarad-11-7-0.snv.bam	0.142458100559	0.212290502793	0.203910614525	0.134078212291	0.120111731844	0.167597765363	0.167597765363	0.13687150838	0.114525139665	0.298882681564	0.164804469274	0.175977653631	0.13687150838	0.120111731844	0.103351955307	0.117318435754	0.187150837989	0.139664804469	0.148044692737	0.125698324022	0.120111731844	0.162011173184	0.128491620112	0.150837988827	0.162011173184	0.148044692737	0.120111731844	0.128491620112	0.114525139665	0.139664804469	0.164804469274	0.170391061453	0.145251396648	0.13687150838	0.148044692737	0.159217877095	0.0	0.0	0.0
halbarad-12-7-0.snv.bam	0.142458100559	0.212290502793	0.203910614525	0.128491620112	0.114525139665	0.162011173184	0.162011173184	0.131284916201	0.111731843575	0.287709497207	0.159217877095	0.173184357542	0.131284916201	0.117318435754	0.103351955307	0.114525139665	0.18156424581	0.13687150838	0.145251396648	0.120111731844	0.117318435754	0.156424581006	0.122905027933	0.145251396648	0.156424581006	0.145251396648	0.114525139665	0.122905027933	0.111731843575	0.13687150838	0.159217877095	0.164804469274	0.139664804469	0.131284916201	0.142458100559	0.153631284916	0.0	0.0	0.0
halbarad-13-7-0.snv.bam	0.13687150838	0.206703910615	0.198324022346	0.128491620112	0.117318435754	0.162011173184	0.162011173184	0.131284916201	0.108938547486	0.279329608939	0.156424581006	0.167597765363	0.134078212291	0.114525139665	0.0977653631285	0.111731843575	0.173184357542	0.131284916201	0.139664804469	0.120111731844	0.114525139665	0.150837988827	0.122905027933	0.142458100559	0.156424581006	0.139664804469	0.114525139665	0.122905027933	0.111731843575	0.131284916201	0.156424581006	0.164804469274	0.142458100559	0.134078212291	0.142458100559	0.153631284916	0.0	0.0	0.0
