	159571453-stool2.snv.bam	764487809-stool1.snv.bam	CCIS09568613ST-4-0.snv.bam	CCIS11362406ST-4-0.snv.bam	CCIS16383318ST-4-0.snv.bam	CCIS21278152ST-4-0.snv.bam	CCIS22958137ST-20-0.snv.bam	CCIS48174381ST-4-0.snv.bam	CCIS51667829ST-4-0.snv.bam	CCIS54027808ST-4-0.snv.bam	CCIS65479369ST-4-0.snv.bam	CCIS74239020ST-4-0.snv.bam	CCIS74726977ST-3-0.snv.bam	CCIS87116798ST-4-0.snv.bam	CCMD19497912ST-21-0.snv.bam	DOM003.snv.bam	M1.1-V1.metaG.snv.bam	M1.1-V3.metaG.snv.bam	M1.4-V3.metaG.snv.bam	M4.1-V3.metaG.snv.bam	M4.1-V3.metaT.snv.bam	M4.2-V2.metaG.snv.bam	M4.2-V3.metaG.snv.bam	M4.2-V3.metaT.snv.bam	M4.3-V1.metaG.snv.bam	M4.5-V3.metaT.snv.bam	M4.6-V3.metaG.snv.bam	MH0222.snv.bam	MH0227.snv.bam	MH0244.snv.bam	MH0298.snv.bam	MH0301.snv.bam	MH0323.snv.bam	MH0349.snv.bam	MH0361.snv.bam	MH0362.snv.bam	MH0367.snv.bam	MH0372.snv.bam	MH0433.snv.bam	MH0441.snv.bam	MH0442.snv.bam	MH0450.snv.bam	MH0452.snv.bam	MH0454.snv.bam	MMRS11932626ST-27-0-0.snv.bam	MMRS14379078ST-27-0-0.snv.bam	MMRS17603756ST-27-0-0.snv.bam	MMRS25641480ST-27-0-0.snv.bam	MMRS42780924ST-27-0-0.snv.bam	MMRS54246132ST-27-0-0.snv.bam	MMRS62376181ST-27-0-0.snv.bam	MMRS67096717ST-27-0-0.snv.bam	MMRS80093644ST-27-0-0.snv.bam	MMRS81671217ST-27-0-0.snv.bam	MMRS84085284ST-27-0-0.snv.bam	MMRS85382779ST-27-0-0.snv.bam	N037A.snv.bam	NG-5636_144.snv.bam	NG-5636_186.snv.bam	NG-5636_205.snv.bam	NG-5636_350.snv.bam	NG-5636_354.snv.bam	NG-5636_381.snv.bam	NG-5636_495.snv.bam	NG-5636_526.snv.bam	NG-5636_530.snv.bam	NG-5636_543.snv.bam	NG-5636_547.snv.bam	NG-5636_561.snv.bam	NG-5636_58.snv.bam	NLM004.snv.bam	NOM009.snv.bam	O2.UC12-1.snv.bam	O2.UC15-2.snv.bam	O2.UC18-1.snv.bam	O2.UC44-1.snv.bam	O2.UC44-2.snv.bam	O2.UC46-1.snv.bam	O2.UC6-0.snv.bam	O2.UC6-1.snv.bam	O2.UC6-2.snv.bam	SAMEA3136625.snv.bam	SAMEA3136637.snv.bam	SAMEA3136642.snv.bam	SAMEA3136655.snv.bam	SAMEA3136656.snv.bam	SAMEA3136664.snv.bam	SAMEA3136666.snv.bam	SAMEA3136673.snv.bam	SAMEA3136680.snv.bam	SAMEA3136682.snv.bam	SAMEA3136685.snv.bam	SAMEA3136686.snv.bam	SAMEA3136687.snv.bam	SAMEA3136688.snv.bam	SAMEA3136704.snv.bam	SAMEA3136708.snv.bam	SAMEA3136709.snv.bam	SAMEA3136716.snv.bam	SAMEA3136746.snv.bam	SAMEA3136766.snv.bam	SAMEA3178939.snv.bam	T2D-163A.snv.bam	V1.CD20-4.snv.bam	V1.CD32-0.snv.bam	V1.CD32-4.snv.bam	V1.CD42-0.snv.bam	V1.FI06.snv.bam	V1.FI08.snv.bam	V1.FI26.snv.bam	V1.UC17-2.snv.bam	V1.UC22-1.snv.bam	V1.UC23-1.snv.bam	V1.UC38-0.snv.bam	V1.UC39-4.snv.bam	V1.UC54-4.snv.bam
159571453-stool2.snv.bam	0.0	0.245586446002	0.218958845165	0.248450616288	0.253542955024	0.255123889293	0.236354868679	0.235912045032	0.231124563539	0.237473709473	0.241223263752	0.244161836103	0.251668600882	0.260037276537	0.311355614312	0.282838643723	0.26672011436	0.265954734739	0.230874380609	0.228880261545	0.221882010422	0.228785181475	0.245848424276	0.249737702634	0.226644927861	0.226119683213	0.227184213724	0.228047783152	0.262461980053	0.236000910224	0.242952091687	0.223715583805	0.27481395807	0.222527223299	0.255321860469	0.227701029219	0.334920542623	0.269206535514	0.0367098992364	0.0471966523265	0.273443937043	0.288378755895	0.0521071412673	0.239304198973	0.23606897177	0.138857645817	0.250883644687	0.0459192345842	0.247799815531	0.24311097678	0.2454294334	0.265496558488	0.235912045032	0.248407683523	0.263168403988	0.223503793131	0.287139804729	0.258016767741	0.243394726329	0.224766604451	0.269082535743	0.277537173598	0.266593689184	0.270012518735	0.26323216475	0.25057480163	0.301793661884	0.255248792594	0.0374301471107	0.268583386489	0.281058917054	0.252336808159	0.225728806953	0.319425993468	0.230781501397	0.240241142774	0.240047975261	0.251071635989	0.224487942036	0.221207053579	0.225365043007	0.241852341295	0.0465072402881	0.327360300444	0.218316737114	0.326960636025	0.253798354499	0.29140494865	0.280163492509	0.320641578647	0.338095538713	0.0399422688892	0.327554497604	0.266729359977	0.269956184513	0.25055037218	0.0470592394284	0.260561893574	0.306259841162	0.308219192635	0.0544935950588	0.233622885141	0.283547351325	0.238934152277	0.256703133323	0.256543501887	0.240320001943	0.259755662346	0.237834753298	0.253862949289	0.23587046244	0.244953383594	0.224805779835	0.265821161635	0.240659313734	0.250814054069
764487809-stool1.snv.bam	0.245586446002	0.0	0.058405411918	0.081702718387	0.0776262917944	0.083877382598	0.071052048697	0.0840996492401	0.0807258434195	0.0832880222005	0.0675270463388	0.102433898208	0.0697423787951	0.107492827864	0.223182583576	0.20369784412	0.159823722632	0.15822523387	0.0901057001024	0.0711632784033	0.0770882397741	0.0705904583037	0.0681793443365	0.0703412416108	0.0734724449791	0.0750418046327	0.0726738145384	0.0827973039051	0.0837442967513	0.0698189108214	0.128099740883	0.126881753477	0.210302082	0.0570792259323	0.168199201147	0.102399674029	0.231428866905	0.170599155593	0.26019241077	0.250776543614	0.14031439929	0.172383732349	0.231645622352	0.072826822695	0.084179138116	0.191650838037	0.143269162419	0.233715588435	0.0726628433451	0.07864274831	0.104816988253	0.161977675579	0.0639847067113	0.110859823077	0.118808355516	0.0809448607957	0.174601071595	0.0704582046204	0.0984221240697	0.0645391298282	0.157373662449	0.174670352637	0.144929543843	0.153771117191	0.0765792359637	0.098467465332	0.221744660296	0.0790462753436	0.245462455205	0.156417730313	0.173382803414	0.0677413160703	0.0671445623973	0.223917791009	0.0729639128177	0.0874636357806	0.0874215520342	0.0843141900571	0.0796958124335	0.0774236155048	0.0768031518583	0.0726790774747	0.25131050257	0.230132512261	0.0806331285322	0.235106861702	0.166971842123	0.150539388256	0.164669941017	0.230782780487	0.246098350407	0.251957080248	0.240094177506	0.12752552615	0.127584222514	0.101163122388	0.246600784991	0.151264255745	0.207304060728	0.218759108108	0.270846735237	0.126881753477	0.171539120924	0.0699590194264	0.0985513372029	0.098635954915	0.118928764127	0.109479881155	0.108975393367	0.0814704433374	0.1011620671	0.0699695338521	0.0674510804201	0.110279564387	0.0791841399373	0.0841867269133
CCIS09568613ST-4-0.snv.bam	0.218958845165	0.058405411918	0.0	0.0635333432468	0.0757291227235	0.0562130177515	0.0504096318797	0.0775862068966	0.072116768614	0.0743087028754	0.0565604113292	0.0984126984127	0.0754470907014	0.100960614793	0.213658740212	0.18120241011	0.146420368077	0.145814134013	0.0720461095101	0.0263929618768	0.0336391437309	0.0332799162708	0.0524551056055	0.0550755084643	0.0321705426357	0.0325814536341	0.0316776135742	0.0469298245614	0.0719684925565	0.034569836294	0.118639053254	0.108823529412	0.196344876806	0.0372376790267	0.15083319887	0.0758316513419	0.208293525612	0.153012774258	0.238066322536	0.220519491299	0.139423621523	0.159847434119	0.207076923077	0.0668496233862	0.0774129353234	0.176422125492	0.129942279942	0.209892148668	0.0833239532603	0.0658682634731	0.0867052023121	0.149717106799	0.0545977011494	0.0872423897513	0.118245677233	0.0453103920017	0.156932474717	0.0672685696712	0.0831883049078	0.0352353585112	0.150657022716	0.160160575858	0.133355614973	0.141646119028	0.0758017492711	0.0919540229885	0.209439528024	0.0724951830443	0.220125786164	0.144459952292	0.162186379928	0.0556890958944	0.0553472031073	0.211887074519	0.0607664559269	0.0809125434814	0.0813625482213	0.0780406277736	0.0587722298222	0.0591892082277	0.0584795321637	0.0546713822576	0.22385110185	0.217567934428	0.0632183908046	0.222873900293	0.138184812254	0.134664897456	0.140915119363	0.21241540001	0.234007220435	0.224257093883	0.227752639517	0.109862593689	0.127219240297	0.0603650981976	0.224466711409	0.124139626352	0.193913406596	0.206041303717	0.243346294586	0.105263157895	0.163141476713	0.0749939205582	0.0981739290349	0.0980678157819	0.107182003765	0.103331259427	0.0882217418306	0.0521453299063	0.0633524834459	0.0867625058301	0.066882941287	0.0870609857679	0.0815028901734	0.0776732845698
CCIS11362406ST-4-0.snv.bam	0.248450616288	0.081702718387	0.0635333432468	0.0	0.0908902824702	0.0684990069577	0.0552038508082	0.106563693519	0.0977050963078	0.0990912893771	0.086421059862	0.111378302682	0.0841418589994	0.112730543741	0.242533927828	0.202972887127	0.152651745211	0.149827813906	0.0779425651488	0.0734488859432	0.0796515905402	0.0771179304379	0.09041418774	0.0928902044255	0.075909118527	0.0714090432372	0.0777870104323	0.0413279688442	0.0691710441889	0.0405588171696	0.136526834635	0.132099912336	0.223105964415	0.050458717091	0.17408773675	0.0877388389358	0.240744043436	0.170667154969	0.269362491092	0.250962127985	0.151755225696	0.182554361229	0.23798790802	0.0900799835722	0.0687089512778	0.185109457715	0.146288305442	0.239446023879	0.0950031583308	0.0751022914513	0.109959740193	0.161343745037	0.0949599715708	0.0927271533357	0.115496599731	0.0712142912796	0.192052212637	0.084400491445	0.0945311802556	0.064103376059	0.148287486224	0.180643337796	0.157020527052	0.147669718291	0.105090583401	0.0979430038642	0.239073953117	0.0986398943352	0.251717201593	0.156325260522	0.191086624743	0.0676539931216	0.0498101087279	0.238415139348	0.0842398006288	0.0984968363852	0.0988961659295	0.106893176865	0.0735517802429	0.0715190859734	0.0704215360957	0.0662980204951	0.253929156062	0.247157837695	0.074954498117	0.246469413802	0.160971657497	0.14080925213	0.158398353113	0.237521591963	0.263126264222	0.255913132399	0.254516160543	0.11550509122	0.150473778178	0.0893425848203	0.255473100627	0.153718393851	0.224940963385	0.230572005261	0.273496379382	0.123302258377	0.18943819214	0.0723622117787	0.112829382988	0.112636140079	0.110707966627	0.103275054398	0.123444169043	0.0897435061843	0.070063476659	0.109883396941	0.10152545254	0.0986876240053	0.0961970096669	0.106650771193
CCIS16383318ST-4-0.snv.bam	0.253542955024	0.0776262917944	0.0757291227235	0.0908902824702	0.0	0.0868376549888	0.0715033991343	0.0725296551265	0.0727228384069	0.0849222497378	0.0782363021794	0.0875060982815	0.0923456845149	0.0943508580118	0.234823590692	0.19682500312	0.172076750033	0.170630714183	0.103241483569	0.0778975984039	0.0816598832584	0.0765169778916	0.0905050420346	0.092745057559	0.0775286804048	0.0804646296037	0.0779688844034	0.0866740613665	0.0957437843913	0.0773804127599	0.144261927992	0.137330038275	0.216376226171	0.0733468965029	0.176482227835	0.11329953688	0.243646828492	0.19290155617	0.26887300131	0.257690181717	0.167964782776	0.179360355668	0.24297219768	0.0759853883004	0.089462447367	0.195241681083	0.156080150125	0.240474001003	0.101813272144	0.0893220091124	0.11713226821	0.183027627521	0.0861644870864	0.113717291104	0.133574588044	0.0770993130421	0.188412443224	0.103908341845	0.0920088026623	0.0726937204456	0.17050988924	0.194695543053	0.163198900556	0.157922922185	0.0974369157969	0.098998616872	0.235104373188	0.0871285291351	0.255052082169	0.178696903159	0.184038688655	0.0902935098729	0.0644347532742	0.235493860819	0.0752792525757	0.0922983901155	0.0932894680616	0.110523286564	0.0937974225559	0.091794613474	0.0906570194653	0.0892531091606	0.260196702277	0.24287026842	0.0983171489133	0.246346885454	0.172835612876	0.164289601214	0.180369015484	0.233793961956	0.256127317707	0.261347862927	0.250650438316	0.14819149642	0.149509484761	0.0921517909985	0.258376862826	0.15639442151	0.218801609585	0.228531888093	0.278029171202	0.131387162509	0.179982301048	0.0752326571781	0.117585776446	0.11740928659	0.132320596848	0.101802825868	0.100505603576	0.10571124068	0.09126491693	0.0978110377179	0.0834028547853	0.124337676981	0.0789230268651	0.110179992539
CCIS21278152ST-4-0.snv.bam	0.255123889293	0.083877382598	0.0562130177515	0.0684990069577	0.0868376549888	0.0	0.0636570160656	0.109467455621	0.101986279935	0.102220682197	0.08290362085	0.117647058824	0.0984573901287	0.115825914936	0.241945388515	0.212175833143	0.155831892163	0.153296181584	0.0979228486647	0.0780780780781	0.0851735015773	0.078578171795	0.0846318557009	0.0865702997617	0.0780439121756	0.0765256700032	0.0799520991829	0.0634036144578	0.08254842157	0.0563026716873	0.131402439024	0.142424242424	0.222978484726	0.0702377643929	0.176155615503	0.0995302995303	0.229867468023	0.166692678539	0.27664332131	0.258360901631	0.16224223709	0.18735168486	0.2446875	0.0865789021846	0.10408997955	0.193255023745	0.171215510813	0.245488044889	0.0858579631614	0.0833333333333	0.115727002967	0.168939506408	0.085798816568	0.0987332618507	0.157362759644	0.0853347280979	0.194095325832	0.0662973106109	0.11550802139	0.0599464637926	0.173404205222	0.197889934417	0.164171930788	0.169671301142	0.102102102102	0.112426035503	0.237082066869	0.10441468254	0.259615384615	0.163930041485	0.199580396106	0.0603089503719	0.0808039651046	0.230373088855	0.0863876161073	0.100939702514	0.101581021462	0.0831794680601	0.0545438534695	0.055150261324	0.0542168674699	0.074040358064	0.257879420232	0.241264284735	0.0887573964497	0.244712990937	0.163094604642	0.140193916981	0.162835685025	0.229039088892	0.262026873665	0.263689855773	0.246891439503	0.134061653217	0.139934098639	0.0621510478484	0.262467757043	0.151309164149	0.218957993555	0.228243860437	0.278392403966	0.126506024096	0.200960083801	0.089046995131	0.118829962438	0.118758884964	0.134531608219	0.112523115773	0.114975408753	0.0742666578786	0.0812055999556	0.107080923162	0.0984475253488	0.107388233868	0.101785714286	0.0829298906222
CCIS22958137ST-20-0.snv.bam	0.236354868679	0.071052048697	0.0504096318797	0.0552038508082	0.0715033991343	0.0636570160656	0.0	0.0820144772289	0.0721563564917	0.075569038454	0.0754332123254	0.0939679114124	0.0839924412849	0.101355662361	0.226299041328	0.19351618083	0.164359685208	0.162960077341	0.0791909533194	0.0594907218714	0.0618847799768	0.0607565142021	0.0811199204048	0.0837490426239	0.0602708577613	0.0586981915109	0.0612310498677	0.0441607645228	0.0846509923799	0.0548896662123	0.133982623479	0.124701829972	0.206503922618	0.053216528452	0.17002694079	0.0896593522581	0.228678310828	0.17107114063	0.251297083287	0.234779653528	0.150106191026	0.177900532317	0.220109707878	0.0711392986464	0.0804702459495	0.168578322944	0.144281382873	0.225682903917	0.0976617913278	0.0810881317158	0.10243745382	0.16170895225	0.0694668529335	0.0892686481904	0.118155608469	0.0668889018755	0.172997335357	0.0809642870502	0.0903982803346	0.0569907820171	0.160015333226	0.172333149597	0.147194042309	0.152495264912	0.0954682121374	0.0847275774255	0.225808293019	0.0856843597774	0.235433805065	0.158664869574	0.178111888681	0.0716494403895	0.0523873905357	0.223673840367	0.0633329037889	0.076494714654	0.0769123335573	0.0940451353487	0.0660132564271	0.0636073120633	0.062848181949	0.0724700698694	0.236068122748	0.232971257822	0.0659103699444	0.236185514775	0.154300864628	0.132851228191	0.155954632557	0.229458594098	0.249332992596	0.236756209742	0.242984398896	0.120737381403	0.145154470685	0.0734980096008	0.237779130339	0.14702833257	0.207614859752	0.217025647771	0.256085890364	0.124287426142	0.174514896326	0.0611402678501	0.0988549796671	0.0989226136665	0.116181794142	0.0980112587602	0.10100248073	0.0896799430854	0.0668984889676	0.0859622354332	0.0713418800023	0.106254628036	0.07968767718	0.0938034242483
CCIS48174381ST-4-0.snv.bam	0.235912045032	0.0840996492401	0.0775862068966	0.106563693519	0.0725296551265	0.109467455621	0.0820144772289	0.0	0.0288936697155	0.0438265586342	0.0828257557364	0.0348101265823	0.101092357682	0.0575670498084	0.224995091289	0.184738569767	0.16362975412	0.161469001184	0.103448275862	0.0760233918129	0.0823170731707	0.0821908896258	0.100892506	0.101055884782	0.0813526570048	0.0799625175699	0.0802974484923	0.0876093294461	0.109769754274	0.0774507250152	0.133038348083	0.126099706745	0.209289860625	0.0803227746509	0.162246103516	0.101774001193	0.236684692805	0.169814461689	0.246643756317	0.240828668494	0.153296368106	0.163083680074	0.221779141104	0.0466007705971	0.0980158730159	0.181981814134	0.139086659475	0.224081151407	0.126065145371	0.0955223880597	0.112391930836	0.157884106493	0.0916905444126	0.112853762195	0.120779454023	0.0890421704274	0.166166198143	0.121672970333	0.0858927641853	0.078114340292	0.150657022716	0.15679779158	0.135897094108	0.138435027216	0.113372093023	0.0487106017192	0.229411764706	0.0924591738713	0.23197492163	0.158657437811	0.170484080572	0.0987109155732	0.0638332342223	0.225887404711	0.041587158531	0.0551029972466	0.0552666788299	0.115066299327	0.0846888320546	0.079663576345	0.0816326530612	0.103225332452	0.241093337367	0.22892658928	0.0888252148997	0.236842105263	0.15771195203	0.155492116542	0.160568657703	0.229589241553	0.247916192711	0.240664487079	0.241830065359	0.147009963736	0.158552902429	0.108902734019	0.233006813836	0.141421568627	0.209203926474	0.220612606745	0.260517397367	0.122807017544	0.165567153593	0.0605670038804	0.0720804827667	0.0719988535591	0.109754966291	0.0531748627716	0.0560111828166	0.106437177099	0.088274601826	0.0608360310822	0.0409033340054	0.129791470049	0.0207492795389	0.114700008683
CCIS51667829ST-4-0.snv.bam	0.231124563539	0.0807258434195	0.072116768614	0.0977050963078	0.0727228384069	0.101986279935	0.0721563564917	0.0288936697155	0.0	0.0369852376562	0.0698065961661	0.0576934907447	0.100671900276	0.0476383712527	0.220531518852	0.183344890415	0.158691845581	0.158066010644	0.0973926631232	0.070283952246	0.0745505727397	0.0744230724081	0.094731921933	0.0963490910633	0.0742192986494	0.0725482664792	0.0735474614587	0.0816537074801	0.104344948594	0.0719533073308	0.129769140973	0.117972794057	0.203578028906	0.0724048507005	0.159782126998	0.0914947170397	0.229261225268	0.16766233742	0.242489796538	0.235754484208	0.15151861995	0.162083464168	0.217191810474	0.0467104635193	0.0944168451706	0.176465721144	0.14128662016	0.219759355315	0.120098392419	0.084269381412	0.101959986855	0.155807060013	0.0818078411259	0.106487386917	0.118880604062	0.0823393615438	0.165116935311	0.11434807537	0.0813284142647	0.0710969665182	0.148509792931	0.156976866533	0.134319312179	0.138317515581	0.108448541127	0.0562659577681	0.225075980802	0.0889602461557	0.229297047914	0.156500045605	0.169038818152	0.0899310179128	0.0604257507053	0.221214960117	0.0308222472403	0.0576332204714	0.0573107040953	0.110214915358	0.0788338427305	0.0739156626419	0.0762294325069	0.0987088383843	0.23665543332	0.221196359468	0.0787528577816	0.231931492148	0.154843479364	0.145159113373	0.158919296163	0.222067897805	0.243655595811	0.23496795426	0.237186506282	0.13970363305	0.154330037985	0.101179799783	0.229404018814	0.142665033116	0.204389961559	0.216376389725	0.256066206183	0.120698358281	0.165680352392	0.052433469838	0.07321508377	0.0730943342305	0.107931715063	0.0566050612261	0.0481366641302	0.100696877608	0.0783186255129	0.0641714281764	0.0443103643374	0.116187559603	0.0252243561798	0.109963237894
CCIS54027808ST-4-0.snv.bam	0.237473709473	0.0832880222005	0.0743087028754	0.0990912893771	0.0849222497378	0.102220682197	0.075569038454	0.0438265586342	0.0369852376562	0.0	0.0783366769238	0.0671719540208	0.0925711707884	0.0641818057772	0.214099480013	0.180135279197	0.148037111994	0.145494106721	0.0918708263369	0.069764411113	0.0729599304026	0.0720323414765	0.0960861431863	0.0991546917797	0.0692337799734	0.0706433146044	0.0712986765743	0.0930304040835	0.0891328828887	0.075434688885	0.114193285415	0.107420188946	0.19509252342	0.0837736780379	0.147670904982	0.0968321670909	0.221727738875	0.156605037535	0.249381337625	0.24261015016	0.135993107983	0.162480255133	0.223691523513	0.0622361228624	0.0984553300812	0.189806763225	0.140759404302	0.225364926068	0.122502569169	0.0965566327864	0.103614995737	0.144712531692	0.0769471050668	0.0995953014869	0.111974181963	0.074687271224	0.158541564412	0.119064312923	0.0846475003636	0.0748462273998	0.141082532625	0.150671214625	0.122416508754	0.136719716153	0.0947524671472	0.0649930394865	0.220775860774	0.0827122119759	0.234232635921	0.148586443311	0.161137647019	0.0989838917066	0.0678119448732	0.215246661535	0.0406584538931	0.0645846203445	0.0650802512868	0.1123421581	0.0853484310562	0.0808106323277	0.0822960981212	0.0807422514534	0.242682971917	0.216383461777	0.0824055993355	0.223159136426	0.147548710055	0.131504968026	0.153546999913	0.215388772752	0.239265197411	0.241215188541	0.231154153365	0.137549616343	0.14027424994	0.106196171274	0.235719125163	0.136472763065	0.197121623052	0.206339235989	0.26203876662	0.106879240428	0.159649192398	0.06985271446	0.0803262456452	0.0802446164375	0.0935754433329	0.0737210435524	0.0494624223472	0.11158490053	0.0749002833103	0.0499938545417	0.0448338342503	0.121216729942	0.0340714652197	0.112206570315
CCIS65479369ST-4-0.snv.bam	0.241223263752	0.0675270463388	0.0565604113292	0.086421059862	0.0782363021794	0.08290362085	0.0754332123254	0.0828257557364	0.0698065961661	0.0783366769238	0.0	0.111093612686	0.0961786721707	0.0838840189996	0.227648716631	0.208610837075	0.176172870356	0.175727498921	0.0985482083748	0.0546173597644	0.0569628905518	0.0532485009535	0.0515045336837	0.0529471217527	0.0518350616018	0.0552754350476	0.0535841839876	0.0809967809968	0.0963640299593	0.0630718145127	0.129487360645	0.13137829067	0.214997909257	0.0565710983357	0.172289313219	0.101111575234	0.232601856697	0.174413176067	0.264028288918	0.246488892268	0.166546714001	0.17795893936	0.233061237907	0.0671179264111	0.105343890973	0.191298975358	0.159854911646	0.231961834732	0.0939190025027	0.0813744147077	0.0799127603475	0.165282649618	0.0424315517975	0.0972731318702	0.133765249282	0.0619101665	0.189422987669	0.0922314913173	0.101529160702	0.0513884930311	0.164126964423	0.178405009309	0.143340517234	0.16887270561	0.0917643110626	0.0958257240678	0.222182485496	0.0990754012493	0.246332676757	0.166212852891	0.192362457804	0.0605623727398	0.0716522741885	0.230444625026	0.0672903508216	0.0880067990179	0.0884376007208	0.105239991454	0.0730998940654	0.0708058426901	0.0699578199578	0.071703912482	0.250258769783	0.233626085583	0.0852158568297	0.236001580119	0.160587400126	0.147432243556	0.174569746616	0.226987113649	0.249506311476	0.251621032321	0.243555110548	0.132122781844	0.14860690839	0.0889414143469	0.250188289214	0.16075402244	0.210791889399	0.225755611191	0.269818759557	0.127210371328	0.189924997123	0.0744623100715	0.113868032858	0.113761613803	0.11412780736	0.108770399545	0.0886747426168	0.0687905570062	0.0973319957646	0.0844121963302	0.0817664082581	0.0745450298764	0.0818152218152	0.104938609261
CCIS74239020ST-4-0.snv.bam	0.244161836103	0.102433898208	0.0984126984127	0.111378302682	0.0875060982815	0.117647058824	0.0939679114124	0.0348101265823	0.0576934907447	0.0671719540208	0.111093612686	0.0	0.117986183237	0.0825396825397	0.237744381738	0.205529015735	0.172409952157	0.169969624593	0.114285714286	0.100323624595	0.105084745763	0.102426302458	0.11534677162	0.114905227267	0.102123142251	0.101135190918	0.101341169379	0.096935483871	0.12149273774	0.10136171845	0.117973856209	0.139158576052	0.219602336135	0.0957114216889	0.147450311847	0.109357737654	0.245940023068	0.155858516405	0.256618239772	0.247555141371	0.137992545261	0.172216573462	0.22813559322	0.0767837624633	0.0987898789879	0.167865010307	0.141384863124	0.230914918415	0.126609437853	0.105960264901	0.132911392405	0.136295237663	0.113924050633	0.124676537282	0.0953373015873	0.107304373258	0.174646361142	0.115372043416	0.108227604767	0.0953134418324	0.147307451868	0.166971916972	0.130553103854	0.145686564696	0.0949367088608	0.0696202531646	0.244299674267	0.104694092827	0.236933797909	0.142776915263	0.182218626393	0.121823846191	0.079963266269	0.233075781971	0.0645555039315	0.0542883910726	0.0545341906101	0.123849364983	0.0998680241327	0.0949268596327	0.0967741935484	0.120334307043	0.244749722404	0.237987681721	0.0981012658228	0.249201277955	0.146252938361	0.139685973542	0.139362220058	0.236124881624	0.260897642741	0.246082766279	0.261373830578	0.15289567667	0.143368971793	0.126584946179	0.240568756791	0.152867965368	0.220739576778	0.227845673153	0.268291755482	0.132686084142	0.176668807658	0.0731154034138	0.0954306597645	0.095294972794	0.124079280326	0.0711660070904	0.0709004335657	0.136487915711	0.0876348289392	0.0702729016236	0.0578331125566	0.146510199517	0.0388535031847	0.123513617185
CCIS74726977ST-3-0.snv.bam	0.251668600882	0.0697423787951	0.0754470907014	0.0841418589994	0.0923456845149	0.0984573901287	0.0839924412849	0.101092357682	0.100671900276	0.0925711707884	0.0961786721707	0.117986183237	0.0	0.118770817887	0.233967180392	0.199660250306	0.170368410181	0.16524135132	0.0897727808822	0.0767746054938	0.0888536405914	0.0830812834188	0.0965465738514	0.0990759156335	0.0846564161048	0.0837128240906	0.0839193965437	0.0736875876203	0.0688257264241	0.0868116192635	0.148583777941	0.141248233782	0.213610012588	0.0732059785637	0.179672678064	0.1200041148	0.234653052415	0.187586530286	0.269596904916	0.259729109744	0.16336274646	0.172722708557	0.243604052135	0.0953591548344	0.0927895173119	0.19882622895	0.14310832044	0.239571858503	0.118324356919	0.0872789070842	0.127604494122	0.178887092334	0.0982187944638	0.104145677015	0.130208659845	0.0806918272806	0.186612184552	0.106981560602	0.0714531212016	0.0700667290399	0.169072917876	0.172056888174	0.162070132256	0.165283553209	0.0821578439457	0.115376882087	0.230619883402	0.0730158202506	0.254890378847	0.176628095354	0.182534714911	0.102118827684	0.0898772784025	0.229838150601	0.0953914302099	0.110334914792	0.110256147209	0.129959238996	0.0997383095801	0.0949653367387	0.0969332016554	0.0896717859167	0.263312600273	0.23785617548	0.0981355027763	0.237999028045	0.17855562572	0.162418984658	0.187326484209	0.226683352985	0.257787452873	0.261017363715	0.240053434083	0.135838140071	0.150861264787	0.118354007604	0.255886898056	0.151219686745	0.213856909571	0.221834414916	0.279883981266	0.138273181719	0.180367346054	0.0811213097442	0.121377683699	0.121363587204	0.136434364875	0.129668963357	0.114333263683	0.11570453109	0.0979139504066	0.104160926167	0.0959671853789	0.132584926678	0.102084731052	0.129831775852
CCIS87116798ST-4-0.snv.bam	0.260037276537	0.107492827864	0.100960614793	0.112730543741	0.0943508580118	0.115825914936	0.101355662361	0.0575670498084	0.0476383712527	0.0641818057772	0.0838840189996	0.0825396825397	0.118770817887	0.0	0.236867663421	0.198244361444	0.170053839078	0.164991007531	0.115369836695	0.0939393939394	0.0949031600408	0.0942128898876	0.112673862649	0.113039621646	0.0933139534884	0.0862520885547	0.092118226601	0.0967348927875	0.13071727066	0.100757575758	0.14516765286	0.132254901961	0.219601407791	0.0984641874342	0.174179377418	0.113635344248	0.246821880651	0.176202015373	0.272230393148	0.265873026652	0.162339739221	0.16675170068	0.246974358974	0.0697356803577	0.116119402985	0.195723331158	0.165404040404	0.247960882655	0.132270313414	0.0987025948104	0.11859344894	0.169736263887	0.103352490421	0.130566116937	0.132750960615	0.106943853187	0.17238436976	0.1336470519	0.112675484395	0.0899288451013	0.151003110295	0.168784606866	0.14502228164	0.161822089064	0.131195335277	0.0776819923372	0.23883972468	0.1158477842	0.260901467505	0.164890059818	0.176751384816	0.116433586813	0.0872354497354	0.241114836005	0.0642278312474	0.0726996340401	0.0728130765595	0.132542543482	0.0966598267214	0.0918322062553	0.0965886939571	0.109364868848	0.265667469116	0.236908934794	0.106417624521	0.24623655914	0.175310741164	0.156059159935	0.172428529325	0.23612571747	0.257233824187	0.265840349514	0.254281239123	0.158899202552	0.17047550234	0.120805711224	0.258314448035	0.150589970501	0.221629909889	0.236427482578	0.285223655818	0.134799608993	0.17757946121	0.0665839588724	0.0666605190732	0.0669506794576	0.115451956103	0.0651940045249	0.073707988311	0.11833306937	0.0949046266234	0.0840951384512	0.069852289946	0.130068648603	0.0555876685934	0.132175200279
CCMD19497912ST-21-0.snv.bam	0.311355614312	0.223182583576	0.213658740212	0.242533927828	0.234823590692	0.241945388515	0.226299041328	0.224995091289	0.220531518852	0.214099480013	0.227648716631	0.237744381738	0.233967180392	0.236867663421	0.0	0.231130919878	0.227205719886	0.23784967118	0.227005420225	0.20769905584	0.194456836995	0.205753110489	0.230172338151	0.229814705091	0.203277860072	0.203247605315	0.204108293456	0.231021585571	0.232320034077	0.218916339701	0.237362664653	0.230616687819	0.0627487677706	0.213870691771	0.235516921866	0.234593438709	0.0638248210291	0.243539831587	0.319361580296	0.311936034033	0.247589673189	0.225344902549	0.305295156074	0.210703570035	0.237564375115	0.278391092398	0.225737029282	0.314087909049	0.238275380036	0.219765097121	0.238398676176	0.23724185924	0.224995091289	0.222017725764	0.245647223793	0.217411255715	0.203759061942	0.243965628127	0.222382855065	0.213803189378	0.239570253598	0.222202288123	0.228049816999	0.262706771891	0.225374955898	0.233977127217	0.058974003966	0.230747483169	0.304982259205	0.256869116593	0.221553650141	0.241789892214	0.220555477986	0.0590164849814	0.213525611561	0.235056739088	0.235378873043	0.234325845177	0.224995031789	0.224903082055	0.220902599994	0.243035932683	0.319054616066	0.0419569232028	0.21729620335	0.0631132695523	0.24832713775	0.255645598868	0.252655155775	0.0633958347817	0.0721494024539	0.299434256225	0.0647099308407	0.239762906834	0.23894729924	0.245974295399	0.311620850937	0.244540164532	0.0598151904001	0.0579321461578	0.335512712609	0.231453983254	0.226562457275	0.224984260727	0.237136658973	0.236863420191	0.226064942263	0.2449976196	0.232527177272	0.247201060145	0.229293701817	0.218576163268	0.219718228172	0.237803451403	0.229964941236	0.234067854853
DOM003.snv.bam	0.282838643723	0.20369784412	0.18120241011	0.202972887127	0.19682500312	0.212175833143	0.19351618083	0.184738569767	0.183344890415	0.180135279197	0.208610837075	0.205529015735	0.199660250306	0.198244361444	0.231130919878	0.0	0.218450693221	0.218635089428	0.19502819047	0.180571285677	0.186404992697	0.18726625566	0.218856810621	0.223025993757	0.180866733177	0.188436705973	0.185072642286	0.187103615674	0.207297901167	0.187913704922	0.216111690718	0.204391707538	0.2182214469	0.187528428099	0.237790610446	0.19362817573	0.237071358778	0.246019801005	0.298160904309	0.283649378301	0.237477274903	0.0886915875976	0.271005719312	0.180114335896	0.19153346564	0.261029015887	0.104639164152	0.276920845435	0.218191945848	0.185728823891	0.224539863646	0.234009379306	0.20007192895	0.202662066704	0.208456391719	0.19723126648	0.0873526081285	0.230563702679	0.192810951037	0.198770392281	0.235369964847	0.0987393423543	0.224174577699	0.235317861281	0.211335460675	0.199189436819	0.234390047081	0.183435115402	0.278493489585	0.240054732767	0.114569170491	0.219719591413	0.19603157853	0.234006558098	0.190430952877	0.189960709024	0.190053072455	0.20792782573	0.189670697905	0.187144267624	0.190567320258	0.200928372816	0.29377324803	0.243981829899	0.170761508573	0.239456581767	0.243404025971	0.24753084196	0.226660654984	0.23081354243	0.247503524772	0.283479174521	0.241301262771	0.21333125787	0.227976607257	0.213215907794	0.284323146657	0.217432058696	0.228003828168	0.221562946527	0.306048735216	0.207219770235	0.108278711689	0.186911598213	0.195349512869	0.195409715729	0.206840883933	0.19604430699	0.187969136347	0.204989057404	0.171823599737	0.198789169659	0.1783333787	0.221656356864	0.181093068976	0.20767818899
M1.1-V1.metaG.snv.bam	0.26672011436	0.159823722632	0.146420368077	0.152651745211	0.172076750033	0.155831892163	0.164359685208	0.16362975412	0.158691845581	0.148037111994	0.176172870356	0.172409952157	0.170368410181	0.170053839078	0.227205719886	0.218450693221	0.0	0.0152979178376	0.151424368967	0.151343192499	0.155429660082	0.154679068462	0.179399695569	0.183172156563	0.154151381378	0.154893252894	0.153916617874	0.160945048437	0.1547262335	0.15456759034	0.0946077581474	0.100835722953	0.224851194577	0.154174738685	0.0721338295791	0.138213343032	0.232791184878	0.0870803516108	0.274688790664	0.262924212938	0.110526247542	0.207886245396	0.247212028631	0.16301951799	0.140287538203	0.2452897603	0.184756430294	0.259801681673	0.17657963077	0.155681370408	0.193221586535	0.0813658829147	0.165715025998	0.140213865779	0.147093402545	0.16378105684	0.204821135142	0.173880959709	0.165338037445	0.152516864889	0.0966954283381	0.203601565171	0.111162182366	0.0971244847919	0.166444132287	0.155944835772	0.229615632653	0.154728892829	0.258966836324	0.0907999953981	0.206597985685	0.168465693949	0.151028844763	0.237592352363	0.155842187174	0.154508892042	0.157155969006	0.160528101836	0.159478925831	0.162388341246	0.160466037006	0.159442647181	0.26015244771	0.239903272322	0.168145891201	0.24365477208	0.120321036155	0.122982250629	0.104024238816	0.234066381799	0.258087674528	0.258514687185	0.250333992826	0.144099079918	0.102900661923	0.164390494315	0.26062524375	0.0544368938168	0.222302520224	0.225118200629	0.278666077011	0.0785375133108	0.213442397613	0.159144780327	0.174211186125	0.174001503699	0.0866871074578	0.175171247973	0.160869980692	0.169555763421	0.156925148166	0.162718944831	0.149905050139	0.18584995151	0.15776845671	0.160407629264
M1.1-V3.metaG.snv.bam	0.265954734739	0.15822523387	0.145814134013	0.149827813906	0.170630714183	0.153296181584	0.162960077341	0.161469001184	0.158066010644	0.145494106721	0.175727498921	0.169969624593	0.16524135132	0.164991007531	0.23784967118	0.218635089428	0.0152979178376	0.0	0.148820353288	0.150607304526	0.155680670059	0.154174150614	0.178409165222	0.182053081695	0.15371540249	0.154650856285	0.153409496411	0.158688356079	0.152740266602	0.154177595251	0.088803920134	0.0963854102963	0.234377609694	0.154076301129	0.0614827334112	0.133230494673	0.243420626548	0.0796471118348	0.274017726223	0.262922159339	0.102766377244	0.207191851189	0.246671798808	0.162141522882	0.136609056779	0.245771192017	0.184642806161	0.258972087424	0.174419550435	0.154349672703	0.191722174298	0.0744539130731	0.164303409488	0.134752693399	0.141092757839	0.162873831164	0.205769907531	0.172737953549	0.163448748394	0.149039829469	0.0880828316511	0.203664932547	0.104839761334	0.0888605252167	0.164817028437	0.152798480953	0.239456784544	0.148790497022	0.259028801993	0.0833172157631	0.206162716629	0.166952790579	0.150097753983	0.244878529383	0.155151226738	0.151347935404	0.154443179201	0.157763327532	0.157657249884	0.160490273337	0.158584645471	0.157081768681	0.259626653743	0.249211639688	0.16721588209	0.250170109006	0.110498248983	0.114953789848	0.0968395979293	0.241356579031	0.266427687611	0.259712431428	0.259537457213	0.138456687354	0.0947964139452	0.162754134125	0.260571979771	0.0434980922927	0.232337434365	0.233460730491	0.278194626958	0.0727480885354	0.212896993179	0.156798740252	0.171467947791	0.171257659347	0.0811057447165	0.171436770888	0.157945444023	0.168371736065	0.15490029804	0.159264165151	0.147813693577	0.18254997189	0.154796780789	0.157642506773
M1.4-V3.metaG.snv.bam	0.230874380609	0.0901057001024	0.0720461095101	0.0779425651488	0.103241483569	0.0979228486647	0.0791909533194	0.103448275862	0.0973926631232	0.0918708263369	0.0985482083748	0.114285714286	0.0897727808822	0.115369836695	0.227005420225	0.19502819047	0.151424368967	0.148820353288	0.0	0.0733137829912	0.0795107033639	0.0769620682504	0.0986972375157	0.10134880039	0.0757751937984	0.0712719298246	0.07478106185	0.0673976608187	0.0778335951958	0.0891675374434	0.133431952663	0.111764705882	0.2197096329	0.069361588747	0.147943025459	0.102070718397	0.231104581073	0.155894618639	0.244296852131	0.23264070342	0.142322172247	0.170106679035	0.216307692308	0.0925839784309	0.0803980099502	0.193486717859	0.136435786436	0.221553956248	0.114933148663	0.0718562874251	0.118497109827	0.146843543581	0.0977011494253	0.0901242341317	0.0980727665706	0.0744168285546	0.165678830402	0.104732546616	0.085798816568	0.0725916803503	0.14225188119	0.168881506091	0.136296791444	0.138755945618	0.102040816327	0.0890804597701	0.221238938053	0.0869460500963	0.22641509434	0.150325054931	0.165118931248	0.0845453401847	0.0871391106218	0.229482382437	0.0984046994529	0.112704450996	0.113062836406	0.103902696739	0.0704001367989	0.0683114961961	0.0672514619883	0.0862805776599	0.235827149754	0.242668336035	0.0890804597701	0.243401759531	0.158112514502	0.131935035811	0.155282935455	0.230272542867	0.25443189182	0.23721940578	0.239586959044	0.112815596956	0.124329066887	0.0919742935999	0.230639550916	0.130039331367	0.20984565631	0.224333986643	0.261398244841	0.105571847507	0.171862406946	0.0837295527422	0.129783124437	0.129591456286	0.115852523997	0.109213612368	0.111613554696	0.123984410366	0.0885504599567	0.112624574796	0.0927450102526	0.11867018117	0.104624277457	0.103535353535
M4.1-V3.metaG.snv.bam	0.228880261545	0.0711632784033	0.0263929618768	0.0734488859432	0.0778975984039	0.0780780780781	0.0594907218714	0.0760233918129	0.070283952246	0.069764411113	0.0546173597644	0.100323624595	0.0767746054938	0.0939393939394	0.20769905584	0.180571285677	0.151343192499	0.150607304526	0.0733137829912	0.0	0.0	0.00576403269803	0.0559446000622	0.0588947968568	0.000197238658777	0.000159489633173	6.96184906711e-05	0.0566964285714	0.0808076155738	0.0556441609073	0.117771084337	0.110778443114	0.190962142162	0.0409338303081	0.147612608262	0.0712470516625	0.205788125377	0.155705081137	0.248950125505	0.230687841667	0.14189129624	0.163083680074	0.21724137931	0.0621744705801	0.0761904761905	0.173489205719	0.135688005887	0.21956381897	0.0877097536099	0.0670731707317	0.0823529411765	0.146401447665	0.0555555555556	0.0858448951428	0.120326246334	0.034349596597	0.159726524712	0.0772498348267	0.0804677954268	0.0358535226956	0.144814978148	0.151169343477	0.123775176919	0.147086932894	0.0682492581602	0.0906432748538	0.204204204204	0.0678921568627	0.230769230769	0.150032369348	0.165091210614	0.0654490814821	0.0475003890445	0.209087775033	0.0613269961976	0.0705757060134	0.0710639420317	0.0911056680269	0.0686912634876	0.0662829890993	0.0654761904762	0.0585545059229	0.234043500055	0.212369798252	0.0643274853801	0.217910447761	0.134503156053	0.137135813005	0.152159244265	0.207699324561	0.225683797206	0.234094320263	0.222832506497	0.10003663946	0.123581932773	0.0555761817917	0.234991240556	0.128224206349	0.188780262366	0.203669402544	0.253887539107	0.101492537313	0.165818325193	0.0821575565914	0.105730819147	0.105631914119	0.0969991474851	0.0991994856441	0.0838447491252	0.0735279965129	0.0679495133317	0.0824367018388	0.0680563262219	0.0856643948749	0.0888235294118	0.0907318802056
M4.1-V3.metaT.snv.bam	0.221882010422	0.0770882397741	0.0336391437309	0.0796515905402	0.0816598832584	0.0851735015773	0.0618847799768	0.0823170731707	0.0745505727397	0.0729599304026	0.0569628905518	0.105084745763	0.0888536405914	0.0949031600408	0.194456836995	0.186404992697	0.155429660082	0.155680670059	0.0795107033639	0.0	0.0	0.00624458005991	0.0612019197923	0.063918707727	0.000204498977505	0.000166555629579	7.25900116143e-05	0.0650154798762	0.0821474334492	0.0610679970436	0.119811320755	0.109375	0.168410266204	0.0427416335394	0.150665209318	0.0712391839327	0.199422458172	0.159167625749	0.245398380644	0.235628778817	0.148003536693	0.163741967375	0.223387978142	0.0645233809097	0.0851153039832	0.171245563443	0.13946105574	0.226125267921	0.0945022430933	0.0759493670886	0.0889570552147	0.149586939418	0.0609756097561	0.0923984272608	0.122046493902	0.0389486473807	0.159962465518	0.0865343704295	0.0784926470588	0.0404326364692	0.148035698192	0.15152851264	0.12265625	0.153403549644	0.0712074303406	0.094512195122	0.194357366771	0.0738752556237	0.227722772277	0.153177366481	0.162945655936	0.0742669356971	0.0522284516933	0.200166643025	0.0640933328884	0.0736065645539	0.0739608109639	0.0980431050768	0.0747458242556	0.0723457622043	0.0714285714286	0.0671513445904	0.23671392605	0.194426684804	0.0640243902439	0.202492211838	0.134015533251	0.140074795057	0.155605065666	0.188042956973	0.217638434	0.228127800081	0.204340855839	0.104303752926	0.131956617003	0.0579248837349	0.235944784529	0.131922675026	0.179039868119	0.19040275201	0.255658866735	0.102803738318	0.163672614965	0.0855746115535	0.107120554259	0.107050613156	0.0977972787307	0.103435296474	0.0870850960356	0.0826701389531	0.0725199583966	0.0858537155352	0.0709611694143	0.0858322935305	0.0926380368098	0.0976533628973
