	159288231-stool1.snv.bam	763860675-stool1.snv.bam	BYQ_AAAG.snv.bam	BYQ_AAAR.snv.bam	BYQ_AABA.snv.bam	CCIS02856720ST-4-0.snv.bam	CCIS07648107ST-4-0.snv.bam	CCIS15794887ST-4-0.snv.bam	CCIS16383318ST-4-0.snv.bam	CCIS22906510ST-20-0.snv.bam	CCIS22958137ST-20-0.snv.bam	CCIS29688262ST-20-0.snv.bam	CCIS32452666ST-4-0.snv.bam	CCIS41222843ST-4-0.snv.bam	CCIS41692898ST-4-0.snv.bam	CCIS48174381ST-4-0.snv.bam	CCIS50471204ST-4-0.snv.bam	CCIS76845094ST-20-0.snv.bam	CCIS77252613ST-4-0.snv.bam	CCIS81139242ST-4-0.snv.bam	CCIS88007743ST-4-0.snv.bam	CCIS88317640ST-4-0.snv.bam	CCMD25963797ST-21-0.snv.bam	CCMD42428553ST-21-0.snv.bam	CCMD48236717ST-21-0.snv.bam	CCMD51864103ST-21-0.snv.bam	CCMD86707194ST-21-0.snv.bam	DLF013.snv.bam	M4.2-V2.metaG.snv.bam	M4.6-V3.metaG.snv.bam	MH0193.snv.bam	MH0196.snv.bam	MH0203.snv.bam	MH0262.snv.bam	MH0303.snv.bam	MH0319.snv.bam	MH0337.snv.bam	MH0359.snv.bam	MH0417.snv.bam	MH0441.snv.bam	MH0446.snv.bam	MH0454.snv.bam	MMRS39415781ST-27-0-0.snv.bam	MMRS66868025ST-27-0-0.snv.bam	MMRS77487595ST-27-0-0.snv.bam	MMRS81671217ST-27-0-0.snv.bam	MMRS86168210ST-27-0-0.snv.bam	MMRS97307143ST-27-0-0.snv.bam	N022A.snv.bam	N082A.snv.bam	N088A.snv.bam	NG-5636_144.snv.bam	NG-5636_195.snv.bam	NG-5636_463.snv.bam	NG-5636_478.snv.bam	NG-5636_495.snv.bam	NG-5636_526.snv.bam	NG-5636_551.snv.bam	NG-5636_558.snv.bam	O2.UC12-1.snv.bam	O2.UC20-1.snv.bam	O2.UC38-1.snv.bam	O2.UC47-1.snv.bam	O2.UC48-0.snv.bam	O2.UC48-1.snv.bam	O2.UC50-0.snv.bam	O2.UC53-0.snv.bam	O2.UC8-2.snv.bam	O2.UC9-1.snv.bam	SAMEA3136632.snv.bam	SAMEA3136641.snv.bam	SAMEA3136644.snv.bam	SAMEA3136645.snv.bam	SAMEA3136653.snv.bam	SAMEA3136656.snv.bam	SAMEA3136666.snv.bam	SAMEA3136671.snv.bam	SAMEA3136672.snv.bam	SAMEA3136675.snv.bam	SAMEA3136679.snv.bam	SAMEA3136691.snv.bam	SAMEA3136697.snv.bam	SAMEA3136705.snv.bam	SAMEA3136716.snv.bam	SAMEA3136719.snv.bam	SAMEA3136721.snv.bam	SAMEA3136726.snv.bam	SAMEA3136732.snv.bam	SAMEA3136741.snv.bam	SAMEA3136756.snv.bam	SAMEA3136761.snv.bam	SAMEA3136767.snv.bam	SAMEA3178943.snv.bam	SAMEA3178944.snv.bam	T2D-102A.snv.bam	T2D-109A.snv.bam	T2D-123A.snv.bam	T2D-6A.snv.bam	V1.CD51-0.snv.bam	V1.CD6-0-PT.snv.bam	V1.FI16.snv.bam	V1.FI26.snv.bam	V1.FI28.snv.bam	V1.UC22-1.snv.bam	V1.UC35-4.snv.bam	V1.UC4-5.snv.bam	V1.UC55-0.snv.bam	V1.UC58-4.snv.bam	V1.UC60-0.snv.bam	bugkiller-13-392-2.snv.bam	peacemaker-11-0-0.snv.bam	peacemaker-11-2-0.snv.bam	peacemaker-11-60-0.snv.bam	peacemaker-11-7-0.snv.bam
159288231-stool1.snv.bam	0.0	0.156817057154	0.123745726526	0.122992998314	0.121859004206	0.0946058149031	0.0417140482346	0.144295208843	0.129693441721	0.106859627386	0.145485642598	0.167844114106	0.09303973894	0.150753414348	0.145017817221	0.0254574980496	0.101959172164	0.120368766538	0.135234814857	0.146335557351	0.172969896001	0.145929614899	0.142477058364	0.100002234076	0.0957076388371	0.152817071931	0.117390232935	0.158922920433	0.182399768716	0.156514233234	0.158833564798	0.107841933905	0.0207150402334	0.0186036443959	0.117477648622	0.15081519906	0.0962272919431	0.146272524561	0.175524585092	0.11934570308	0.0175588097253	0.10053646778	0.170190568046	0.142531383346	0.0667505047212	0.150936811183	0.170416212585	0.166489327109	0.154530749018	0.169970960523	0.155689155733	0.102363315651	0.115144225236	0.149992569781	0.103337993066	0.139430731151	0.0254271541915	0.0973326657625	0.0181348653427	0.140661613863	0.119066792162	0.143902844161	0.0842221606138	0.164431422458	0.165625027542	0.020776426334	0.019345706762	0.167960988604	0.168561973163	0.116464466278	0.143999947948	0.113496640778	0.112519615174	0.125304564768	0.163040987283	0.161672467128	0.14866792133	0.143957628986	0.105521200243	0.122990030713	0.120465640196	0.118870825597	0.155068892221	0.128884035757	0.164178653101	0.138428301277	0.132584834776	0.149684591584	0.021289467725	0.151302500301	0.123771241673	0.164451955656	0.128243320557	0.100327620955	0.15886504033	0.156848043819	0.180132578974	0.139057480595	0.0245143584143	0.160192908125	0.147417701772	0.0555271466534	0.143806886777	0.100708855518	0.168981112654	0.150300471393	0.165391909512	0.0225333272147	0.120934764313	0.102077064645	0.0999392748555	0.0988682107232	0.099981202698	0.100004160278
763860675-stool1.snv.bam	0.156817057154	0.0	0.138940587799	0.138327677826	0.138206696889	0.139798149011	0.159535551951	0.136906485283	0.112434445357	0.143605695595	0.1351723741	0.167384608981	0.134269796788	0.137750208906	0.130261623092	0.150432826243	0.131279770707	0.141911632808	0.12016641466	0.0721339680801	0.174993910126	0.133501892694	0.132829791676	0.130251856718	0.127534090845	0.135013242921	0.140401095296	0.160929718228	0.169202948374	0.147458982393	0.146331253215	0.120180965203	0.147382841484	0.140705576271	0.140494215303	0.131770718799	0.125966411399	0.122820951779	0.157048782671	0.13916574697	0.144853426834	0.128429528384	0.163551615293	0.131314552168	0.108173728482	0.133380920776	0.164642151874	0.143494303181	0.148136562116	0.143138893273	0.137629197583	0.12468576772	0.136908960601	0.145611125044	0.114611392985	0.131830916535	0.150515848151	0.125143774634	0.141339808535	0.147969282561	0.141640642194	0.13615628927	0.126726752562	0.162969137736	0.161781466871	0.146850415518	0.143540174408	0.157844155399	0.161153040645	0.138295967204	0.127751070039	0.136377570362	0.138913983623	0.144998486884	0.052168096878	0.152922035947	0.131907563938	0.105607914424	0.141450799018	0.10857886438	0.142250246761	0.138267540629	0.149676189243	0.146214691143	0.0911898572337	0.141122095533	0.124382741078	0.129142535399	0.146637436141	0.139183490552	0.146551210445	0.140513017268	0.146665169821	0.130663156569	0.138265926722	0.147008870313	0.15242471276	0.137030482328	0.144340092652	0.0924538657055	0.152831233512	0.14806310288	0.110130852395	0.129478406871	0.160395601779	0.145355517291	0.162814786373	0.147242647401	0.142193745413	0.131120373623	0.128917309204	0.128059455717	0.129074755209	0.128999405458
BYQ_AAAG.snv.bam	0.123745726526	0.138940587799	0.0	0.000504004104965	0.000587028667504	0.162275444187	0.137065781784	0.147783044414	0.121640411003	0.0471010110684	0.140841331786	0.168904140602	0.0844133266602	0.143340700872	0.131613422784	0.108684634836	0.0729166075474	0.033981923187	0.130110098055	0.147816460566	0.163154733427	0.15180512349	0.135164955963	0.0712127040072	0.0717096965988	0.149365763347	0.033962665176	0.15418531287	0.176937341838	0.156773346428	0.149215365004	0.0881037409543	0.109933364671	0.108080156245	0.0345403961976	0.135246608909	0.0704980758993	0.125448977151	0.167163997602	0.0359294759469	0.107420896958	0.0728013702244	0.151790660996	0.131421316958	0.114141460089	0.14402539026	0.170555443213	0.168903588492	0.15086686952	0.159128226916	0.143170556759	0.0783114777017	0.0353689634751	0.157808965736	0.0827595033627	0.137746987687	0.108688766601	0.071048467618	0.106032229587	0.155347814547	0.0347170336617	0.156951708145	0.143782724213	0.174198326408	0.173839153662	0.110698429117	0.105883754734	0.148451827955	0.150498862792	0.0340296727662	0.149684694667	0.0335927461994	0.0342031839705	0.0165880334714	0.156936046887	0.154171956556	0.141065877987	0.146411504367	0.0938602132799	0.0736366822133	0.0336592910585	0.035365588592	0.158696195549	0.0164299614585	0.132946551708	0.144769268352	0.143123401393	0.160323169427	0.110483418088	0.151581960705	0.0594027862539	0.15626703506	0.0164092831107	0.072521914484	0.141867890878	0.168809637034	0.170152586411	0.137128453525	0.105211447068	0.157117236071	0.158577310851	0.10374597342	0.105731567155	0.0709890101952	0.148693047615	0.153354584822	0.173143077495	0.112022037642	0.0346806495556	0.0722716353472	0.0701104173319	0.0699604430694	0.0700977114055	0.0701900833518
BYQ_AAAR.snv.bam	0.122992998314	0.138327677826	0.000504004104965	0.0	0.000681908671039	0.161578329931	0.136329275476	0.147064944457	0.120795382805	0.0461380082489	0.140841435784	0.168311075322	0.0835875001802	0.142630698484	0.130661510207	0.107890261572	0.0720600019407	0.0329727300337	0.129361483587	0.147121581427	0.162520316875	0.151030412165	0.13438352115	0.0703027037618	0.0707827886399	0.148654247727	0.0329895287056	0.153414630536	0.176345710525	0.15614990656	0.14852261993	0.0873676880302	0.109298711647	0.107407619441	0.0336542432184	0.134485371174	0.0696092999297	0.124575884921	0.166618749725	0.0349727597855	0.10662064885	0.0719369881719	0.152176805773	0.130647891434	0.113360264604	0.143310767247	0.169874443559	0.168191857726	0.151134264464	0.159331891468	0.142314281747	0.0773866986045	0.0343894780191	0.157110073851	0.0818548925377	0.136737556561	0.107948748495	0.0701118726063	0.105211165678	0.154712294648	0.0338218092261	0.156394611412	0.14312727853	0.174492218122	0.174259424593	0.109951926649	0.105130707783	0.14886777928	0.151023364195	0.0330276593635	0.148790171577	0.0325864878368	0.033198261358	0.0155468439857	0.156286360047	0.15346862238	0.140151515152	0.145714945976	0.0930302049781	0.0727272727273	0.0326672877644	0.0343256629863	0.157958033206	0.0154030015954	0.13235663462	0.144046741208	0.142104374817	0.159397109359	0.109684320731	0.150830596184	0.0585582126758	0.156465353174	0.0153789515021	0.0716117936118	0.141124284804	0.168270529082	0.169312820259	0.136587530354	0.104394674329	0.156524777615	0.157879032516	0.102987145991	0.104926325966	0.0701253794252	0.149064475634	0.152741276431	0.173678506759	0.11137974515	0.0338336642811	0.0714088801159	0.0692000035672	0.0690437929074	0.0692703413671	0.0693349829026
BYQ_AABA.snv.bam	0.121859004206	0.138206696889	0.000587028667504	0.000681908671039	0.0	0.161520931162	0.134080283155	0.147074134015	0.120785194346	0.0475240370347	0.14106293162	0.167358780475	0.0816616269636	0.142513777519	0.131868131868	0.107602182439	0.0700901405819	0.0343045697761	0.12814358131	0.147131595433	0.163408382221	0.149757642304	0.134111970722	0.0686425409552	0.0690168238841	0.148675622302	0.0341232470809	0.15491077884	0.174320919479	0.157229824683	0.14896229683	0.0855927038182	0.108992803002	0.106959778653	0.0349461432054	0.133855125768	0.0685552843781	0.123113979168	0.168886224569	0.0361122864009	0.106149824617	0.0700888201239	0.151484362558	0.130527173845	0.112972801782	0.143119097827	0.168718870076	0.167259497652	0.150328673717	0.158726687769	0.142150776475	0.0755495765766	0.0353681381332	0.157605344863	0.0802476288048	0.137936884968	0.107566488025	0.0683160415004	0.104718645109	0.154711567489	0.0348175098959	0.154930630627	0.14294777126	0.174096815497	0.173555044757	0.1095502809	0.104655073273	0.148913685051	0.150280034101	0.0342445068623	0.148996194701	0.0335586501598	0.0344577359847	0.0167066742259	0.156366974704	0.1533576029	0.140835630506	0.146832256659	0.0914663722883	0.0721434210032	0.0339798335722	0.0355918367347	0.160096345446	0.0165636615503	0.132114400609	0.144524661385	0.142106206925	0.159504179189	0.109269930122	0.148161935603	0.0599533381755	0.155836729439	0.0165432393693	0.0699561876032	0.141748846032	0.168058783322	0.170827882678	0.137019092552	0.102970429129	0.156477825015	0.157972289294	0.102344675448	0.104546946648	0.0683087579724	0.148053917206	0.152654067521	0.172641394031	0.110896877621	0.0350380550989	0.0697173668869	0.0675350752399	0.067366778381	0.067365185675	0.0675730077332
CCIS02856720ST-4-0.snv.bam	0.0946058149031	0.139798149011	0.162275444187	0.161578329931	0.161520931162	0.0	0.101535021274	0.129574816524	0.116091778128	0.14600355003	0.12844752593	0.158954842204	0.140772402267	0.138914522705	0.140446689049	0.0948250917452	0.146346578029	0.15989754347	0.1301234095	0.147780526142	0.145494850988	0.135411688806	0.138084357764	0.142958370797	0.140574115268	0.139137276264	0.158560513677	0.160041837689	0.154384605458	0.14265618523	0.153985370203	0.146753469857	0.105366665936	0.104247489537	0.15767714719	0.132498762893	0.135657422457	0.14936700653	0.1608981437	0.15982681557	0.101906325936	0.142478335404	0.158952470959	0.133157411106	0.0884087887982	0.132333338154	0.139932118276	0.148979648401	0.146921233246	0.161145430594	0.138604198467	0.142933011867	0.15319730141	0.130541395916	0.142893619388	0.129460920408	0.0948704923845	0.142153899077	0.100864341615	0.131789586308	0.160092116472	0.130285999778	0.0694461108865	0.15421789706	0.155787288966	0.105468070386	0.101042506755	0.153877935756	0.155459051947	0.155395002861	0.142555015911	0.155282571848	0.153742913659	0.163330204265	0.153938521599	0.138037315825	0.125569700715	0.128426890065	0.160416107898	0.136819416897	0.160292755995	0.159323108426	0.150600237906	0.167570841868	0.149613794828	0.131693658406	0.12077265434	0.125377544428	0.105712093446	0.132834268034	0.164652596971	0.159235322437	0.168149959184	0.144537238324	0.145309689641	0.140066929803	0.171007882346	0.13403897459	0.0985102989822	0.149050077676	0.138299240209	0.126175095356	0.113448048018	0.144632700643	0.156837786571	0.138591027618	0.154922687342	0.107206377678	0.160404098903	0.146097674103	0.143874838268	0.140886898494	0.143941438532	0.14383724162
CCIS07648107ST-4-0.snv.bam	0.0417140482346	0.159535551951	0.137065781784	0.136329275476	0.134080283155	0.101535021274	0.0	0.148823153389	0.131183387181	0.120970671809	0.14705992223	0.16701271552	0.110115744411	0.151119857027	0.148837209302	0.0452656281414	0.11735185759	0.134637915813	0.137767865937	0.152668508558	0.183202886786	0.143954551518	0.146046089067	0.116379310345	0.111323914181	0.150814894544	0.131855640807	0.162643037064	0.187964599196	0.15820973198	0.164684044847	0.117047375268	0.0470761029848	0.0399723299763	0.13220661476	0.153495037978	0.110196687371	0.156224972481	0.181393651548	0.13179125099	0.0398891246248	0.1158113378	0.170464760877	0.144658872518	0.0823634155252	0.144208037825	0.173020368526	0.154431143496	0.153322559051	0.160952853651	0.153932178932	0.115550003977	0.132644394111	0.141495041953	0.114629221733	0.139077647912	0.0452567042636	0.111973392461	0.0380248640695	0.151074910708	0.13338297028	0.139886458539	0.0899199303225	0.168122569846	0.168673261785	0.0405235878677	0.04064251034	0.167802716152	0.168392484581	0.130811936155	0.147616136141	0.12810981632	0.127026588392	0.13864628821	0.16699886379	0.159705238769	0.15472693032	0.144255475205	0.117888151863	0.140328054299	0.134888529306	0.133938706016	0.157692422301	0.142064620276	0.174303702704	0.150206440958	0.138571937278	0.151283325472	0.0423651423249	0.1604081925	0.138075558179	0.1590883859	0.141468682505	0.114594594595	0.161443610787	0.157126993618	0.170513668111	0.139530856256	0.0394223263076	0.162687228836	0.144397855103	0.0754225995473	0.150443235871	0.115862383082	0.169970282582	0.148485255585	0.169011673156	0.0402235671558	0.135247405632	0.117372060305	0.115182690473	0.114237614238	0.115247858474	0.115211552888
CCIS15794887ST-4-0.snv.bam	0.144295208843	0.136906485283	0.147783044414	0.147064944457	0.147074134015	0.129574816524	0.148823153389	0.0	0.103242091115	0.152222466165	0.109132284504	0.141728244674	0.128540726596	0.126211453072	0.124111425764	0.147189283769	0.133537264746	0.150562950193	0.126496925693	0.143618394762	0.156891577382	0.1262933023	0.121567033151	0.132444766072	0.131949152204	0.117617968468	0.150356755203	0.135337246983	0.153506320613	0.128585607978	0.135733697444	0.136817579309	0.1464778273	0.142112717972	0.150580085385	0.119028179363	0.126835497739	0.144137400282	0.147908341771	0.148297646475	0.146225652795	0.131911163823	0.143369761621	0.103676639534	0.132680082544	0.126665625792	0.151219484838	0.147040015754	0.133359547428	0.147821293605	0.124645474057	0.131782378998	0.14845331632	0.118063993466	0.135497535518	0.119366808112	0.147291503608	0.128444275541	0.14035736742	0.12784799702	0.150594432228	0.122939690938	0.127585665891	0.145337332152	0.142969474355	0.146998833297	0.141937673135	0.137772798189	0.140821020494	0.148312875823	0.129995261114	0.146507705101	0.148869796879	0.152856462013	0.133655460736	0.111057673285	0.122319297369	0.126101665498	0.146301378219	0.138534765673	0.151062419983	0.152107586634	0.127654450662	0.152899779392	0.146260792814	0.122381047874	0.106944888175	0.119613365826	0.146241690819	0.113937451942	0.1575770543	0.141832863096	0.153372820589	0.133830187246	0.125665235416	0.128199173909	0.150766128504	0.11663022971	0.145496630684	0.146593212303	0.115245498285	0.142508996084	0.120710750838	0.131920494488	0.14178910222	0.115090045037	0.143911681302	0.148512592051	0.151111662344	0.133407384124	0.131219849756	0.130343047762	0.131262234827	0.131182855371
CCIS16383318ST-4-0.snv.bam	0.129693441721	0.112434445357	0.121640411003	0.120795382805	0.120785194346	0.116091778128	0.131183387181	0.103242091115	0.0	0.12168765184	0.111789527436	0.139947590682	0.11460619823	0.0977738731198	0.117996803606	0.127305899197	0.121952362566	0.120127759036	0.109308820943	0.126813447535	0.139705628447	0.109314733469	0.111853956964	0.122031583798	0.120003798244	0.113642938736	0.119383607842	0.128506163816	0.14208396533	0.11508360985	0.130092283927	0.126498214831	0.122019429836	0.117858056614	0.118542082407	0.109680255708	0.115604244311	0.138623931321	0.128448620649	0.118428819785	0.118739030666	0.120271496752	0.134939678671	0.106274362362	0.111555449233	0.125713083956	0.12897573147	0.129743221022	0.12815556642	0.128627354525	0.111011373609	0.117708943051	0.113705403507	0.103592806554	0.122639431836	0.10072002225	0.127389421268	0.118728804801	0.116197868036	0.119703335832	0.119714769001	0.109106121431	0.116165614435	0.132436220388	0.130613879016	0.122688889869	0.118933324611	0.130145701575	0.132408616062	0.118374836192	0.115614914421	0.116338658352	0.117697384295	0.125422817594	0.123875455794	0.123425210138	0.120122610082	0.10953602328	0.127511463566	0.114424563166	0.120432116282	0.118491660021	0.120380128161	0.12692947529	0.132292975094	0.112177488738	0.0938186596088	0.108455348646	0.122874865269	0.124130579392	0.126055698308	0.129417199088	0.127339804293	0.122393899729	0.123720882445	0.121523340828	0.134904869902	0.107962697275	0.128619157198	0.132479755738	0.118446765962	0.123452726486	0.108708044525	0.12148769661	0.134130633144	0.11267353529	0.132357033547	0.124207532565	0.120730556168	0.123078287699	0.120654770286	0.121677615175	0.120828467523	0.120783475082
CCIS22906510ST-20-0.snv.bam	0.106859627386	0.143605695595	0.0471010110684	0.0461380082489	0.0475240370347	0.14600355003	0.120970671809	0.152222466165	0.12168765184	0.0	0.14830864413	0.171259090781	0.0837208918446	0.138981272068	0.144583184662	0.0919313303236	0.073208884073	0.0141932668366	0.132411389765	0.128950787467	0.143544270739	0.151395632034	0.141847732981	0.0714460573745	0.0656350535906	0.151740420123	0.0127633713775	0.156025127736	0.16850201871	0.150358702837	0.156213140836	0.104048467065	0.0997829506986	0.0975772932229	0.0135159995602	0.134316493332	0.0662525786841	0.140314166065	0.169567066974	0.0156311386843	0.0975785523074	0.0729322610409	0.184404039738	0.13280905347	0.102111619816	0.154944564669	0.156954975399	0.167887658244	0.152885775991	0.16774467606	0.151429764133	0.0785264588287	0.0144124277412	0.152474266157	0.0974415486173	0.139183434797	0.0919725942157	0.0712883580298	0.0960240349475	0.151150116323	0.0145286552627	0.152932121375	0.12764698957	0.178899740084	0.180787735664	0.100394400589	0.096429760664	0.179581681387	0.18254667185	0.0127933311022	0.149819095316	0.0152850234514	0.0107116122368	0.0279943610092	0.152915829073	0.159779264818	0.159191040201	0.147724870454	0.0999545586855	0.0694854177755	0.0137289763718	0.0132190094988	0.159691419865	0.0308469627388	0.129126910811	0.15204429756	0.139720297165	0.158128519501	0.0996614626805	0.155008115203	0.0245776337636	0.163643607928	0.0309254562569	0.07275743769	0.150054123884	0.16913912721	0.177129564268	0.141993930804	0.0913606558006	0.147872874087	0.157801083817	0.1073137454	0.115832869352	0.0712689239145	0.182477090983	0.155417404519	0.17944433629	0.101884361858	0.0149985841476	0.0725485893854	0.0703887860241	0.0691123706557	0.0704123476707	0.0704352066143
CCIS22958137ST-20-0.snv.bam	0.145485642598	0.1351723741	0.140841331786	0.140841435784	0.14106293162	0.12844752593	0.14705992223	0.109132284504	0.111789527436	0.14830864413	0.0	0.144241041494	0.132047486827	0.131506537012	0.104757447447	0.145329985434	0.139784339545	0.145302181496	0.121856319921	0.154871612008	0.142754839009	0.115748573858	0.119061083325	0.136252806131	0.137685786262	0.128681686441	0.144965754746	0.106501250057	0.154117286863	0.131406293885	0.1123142109	0.1417813188	0.142308191311	0.138330502722	0.143853184029	0.122914106445	0.132911228673	0.144029636693	0.140137363358	0.143874391453	0.13867374223	0.136660666369	0.146605348311	0.0941466252859	0.135205239765	0.133219198559	0.144080267633	0.140882501096	0.113781728703	0.137515652406	0.10324811414	0.134853632309	0.139662090151	0.14125698049	0.137215174531	0.130760020908	0.145436575533	0.134895605808	0.136328708213	0.13337569323	0.145286974444	0.121275626221	0.129494853486	0.150754730373	0.149641246799	0.140494603983	0.138644862103	0.143022001324	0.144766540931	0.142676040904	0.133224863949	0.142657220842	0.144538670288	0.148794119426	0.142522789465	0.133498614431	0.136387769594	0.129533716071	0.149405657505	0.142540863435	0.145773084912	0.143424006454	0.128444639247	0.147731837603	0.15098459153	0.12438432659	0.112487561947	0.123289138398	0.138822090534	0.124818362605	0.153868982194	0.137167180955	0.148225423395	0.140230353877	0.115396730846	0.126412597424	0.147114611994	0.109135830759	0.140789659793	0.151976903469	0.130621821019	0.138070925987	0.11374535096	0.138020586946	0.148406386707	0.126721674956	0.149817148678	0.139779842327	0.145901274368	0.139582477985	0.137121533207	0.1372483754	0.137270478449	0.137251205086
CCIS29688262ST-20-0.snv.bam	0.167844114106	0.167384608981	0.168904140602	0.168311075322	0.167358780475	0.158954842204	0.16701271552	0.141728244674	0.139947590682	0.171259090781	0.144241041494	0.0	0.162647118961	0.148512782185	0.143770596852	0.171708815304	0.164528841358	0.1716150506	0.149259268526	0.180598812095	0.161699509048	0.144505475622	0.149941186739	0.16436114944	0.164113777102	0.150217033174	0.17154999411	0.153783534424	0.147478271532	0.149461459875	0.161903806567	0.168597132716	0.169889841162	0.168276994479	0.171888259522	0.156545930887	0.159718471073	0.176789495932	0.184055498462	0.171067849898	0.171205301112	0.162902655897	0.172153222662	0.138716366583	0.165063836573	0.155785603232	0.139476511805	0.177342353701	0.15367545827	0.174102122954	0.16308177459	0.161468605889	0.169435542778	0.150852603564	0.165873904762	0.158183468235	0.17182755543	0.163531129131	0.166572872995	0.1249671832	0.174206184338	0.14209618508	0.151530051891	0.172008474883	0.16797955254	0.170537762535	0.1687067766	0.170672098693	0.168846412833	0.16966544145	0.15800376648	0.168899809921	0.170893676693	0.176004040368	0.170653644051	0.151494974255	0.143872448148	0.156076147756	0.175714808008	0.164739236174	0.172151449781	0.171912798124	0.159440228611	0.1739367852	0.181423171423	0.159410746551	0.134775613747	0.151822425386	0.168935741173	0.150967558165	0.181799095981	0.168819468466	0.174480195862	0.165978791312	0.148343689424	0.162849866438	0.17883013551	0.147627294395	0.168376704404	0.176085806492	0.153864084191	0.174948956	0.14141462666	0.163818280104	0.169621098008	0.14401206547	0.171619594593	0.171944898985	0.172088645634	0.16515626784	0.163001959224	0.162264759891	0.163035935	0.162961346298
CCIS32452666ST-4-0.snv.bam	0.09303973894	0.134269796788	0.0844133266602	0.0835875001802	0.0816616269636	0.140772402267	0.110115744411	0.128540726596	0.11460619823	0.0837208918446	0.132047486827	0.162647118961	0.0	0.136903137406	0.117831693247	0.0953716241832	0.0168639733857	0.0723168806764	0.130706042287	0.117885926709	0.15993823089	0.130361362304	0.13205839863	0.015741180193	0.0156002566172	0.130735448664	0.0716372336948	0.137089571212	0.165588713091	0.145299876438	0.15028930782	0.0520735815359	0.0935983793941	0.0895527602471	0.0710143584418	0.131286509206	0.017156780841	0.089356803275	0.161195080529	0.0743382038708	0.0909130635758	0.0168322160931	0.167620235456	0.120103686636	0.111330812099	0.147965367965	0.155799488634	0.154799558075	0.140824144542	0.141580798362	0.139101387423	0.0197787034626	0.0690654282426	0.138960275057	0.046663976325	0.141299593049	0.0953216896609	0.014999189233	0.0910767733885	0.143385181699	0.0713329877029	0.136727427583	0.139960713934	0.162838910751	0.161106202943	0.0940330018309	0.0905550444036	0.166276891186	0.166582562558	0.0672448357012	0.137396685711	0.0657658796129	0.0687345284963	0.0886450992953	0.145313367784	0.150497418698	0.148490867958	0.150812477705	0.0689645625692	0.0699086378738	0.0721075251806	0.0714285714286	0.145071863645	0.0897025746403	0.104807764789	0.135731252121	0.127476520731	0.150953626445	0.0923938795464	0.145528399944	0.0975929872637	0.136799792452	0.0888695100682	0.0157761217695	0.14037176652	0.160438674125	0.153017385517	0.121166192745	0.0947292302748	0.141960542796	0.138536283293	0.090658317425	0.0826953426558	0.0155006612968	0.16454813108	0.136468397008	0.162291627568	0.0953835529994	0.0728394598319	0.0169542929626	0.0148848810889	0.01519324823	0.014555328036	0.0147646485023
CCIS41222843ST-4-0.snv.bam	0.150753414348	0.137750208906	0.143340700872	0.142630698484	0.142513777519	0.138914522705	0.151119857027	0.126211453072	0.0977738731198	0.138981272068	0.131506537012	0.148512782185	0.136903137406	0.0	0.135280316478	0.14834208094	0.135427064492	0.135366430896	0.108920519858	0.142084627847	0.153166505233	0.122811311653	0.120590377971	0.135506058213	0.135220836557	0.114753784413	0.13355866313	0.137584580784	0.154248886196	0.109308795464	0.141321545694	0.15014103538	0.147677753718	0.144324509259	0.133940589168	0.115663552111	0.130596448387	0.157342832496	0.151118663182	0.130500102418	0.145181216313	0.133835719561	0.156441948258	0.117577519047	0.133458636602	0.125997461219	0.144141999747	0.133590068096	0.137065000761	0.147274412788	0.130684766972	0.132419883392	0.128196800765	0.129002790505	0.146436252965	0.125361125224	0.148400975191	0.130183351259	0.142751325988	0.121448529808	0.136160919025	0.126144897487	0.126274918745	0.156385305119	0.152227409045	0.148326451201	0.144264043236	0.150024225622	0.15527772699	0.134859438395	0.128342277017	0.13228902303	0.134113664443	0.146801696691	0.142032891729	0.132098626483	0.133170514967	0.123788546693	0.145921441214	0.126477302984	0.135567217343	0.134640203915	0.133009505061	0.146107273106	0.146861720743	0.130613895068	0.118971826804	0.126747243126	0.147461072374	0.126914270932	0.146478933983	0.142810993031	0.146610872212	0.135802570375	0.129031630106	0.139247040774	0.151848499801	0.119865994213	0.144500530404	0.148250029867	0.137493580988	0.14143090121	0.118493253415	0.134688279764	0.154372900565	0.135388078897	0.155672515735	0.149633500129	0.135757851928	0.136335997318	0.134123984737	0.131227088683	0.134227368595	0.134172590205
CCIS41692898ST-4-0.snv.bam	0.145017817221	0.130261623092	0.131613422784	0.130661510207	0.131868131868	0.140446689049	0.148837209302	0.124111425764	0.117996803606	0.144583184662	0.104757447447	0.143770596852	0.117831693247	0.135280316478	0.0	0.147444355187	0.125525073417	0.137102990233	0.119407103618	0.144141564672	0.155408789473	0.10644787569	0.117495628441	0.124129930394	0.123134076326	0.135088307624	0.137374974485	0.129612400986	0.162069019645	0.143716764624	0.125553290859	0.119755094964	0.146657473393	0.14129074748	0.136825306733	0.128945397118	0.120922545923	0.118400621118	0.142122992851	0.132719472357	0.144658421533	0.122480026965	0.154806946061	0.106323326432	0.131973316646	0.132743362832	0.143369935132	0.152625879109	0.127640054244	0.144694606888	0.10145664065	0.118023694214	0.13153892944	0.123529411765	0.112692763938	0.123350601114	0.147382225361	0.118562874251	0.138361178825	0.140485828761	0.138113008696	0.12733450955	0.143275687719	0.154189303044	0.153327053446	0.147017400294	0.144722426418	0.151018816418	0.15334769776	0.135507013599	0.134356613155	0.134060982687	0.135951944762	0.137971698113	0.1421437183	0.138858131488	0.134228734229	0.133467587336	0.135084971869	0.124908200734	0.137257751938	0.136752136752	0.139842449084	0.137129476645	0.144783987295	0.128198294243	0.12295857737	0.12663814285	0.143988376067	0.138807750221	0.150224160721	0.142225108225	0.137529137529	0.124854142357	0.116064745038	0.13913009064	0.154159789542	0.107209275219	0.145218417946	0.145175642544	0.135205275396	0.138289603986	0.105890354196	0.123693896315	0.154901679208	0.132416272143	0.154260214829	0.148799392235	0.137362515314	0.125415100134	0.12307710871	0.122001815117	0.123179244061	0.123070428093
CCIS48174381ST-4-0.snv.bam	0.0254574980496	0.150432826243	0.108684634836	0.107890261572	0.107602182439	0.0948250917452	0.0452656281414	0.147189283769	0.127305899197	0.0919313303236	0.145329985434	0.171708815304	0.0953716241832	0.14834208094	0.147444355187	0.0	0.100751022538	0.105257276101	0.139435571123	0.143015855652	0.170430353992	0.147928835903	0.143415650353	0.0988165602699	0.0945315055539	0.158951457621	0.102104677259	0.162022478794	0.186185218308	0.15292324625	0.158484616675	0.0968342809552	0.0191086797828	0.019243149263	0.102518527869	0.148075668017	0.093808068779	0.136117309425	0.178621919544	0.105431666595	0.0158906848961	0.100559738343	0.174035401089	0.142206653755	0.0536356709639	0.155408275496	0.170010685804	0.160750108435	0.153177342425	0.168370351072	0.155458345766	0.103537093051	0.101715934804	0.150808419686	0.0944960170009	0.126815893609	0.000150602821406	0.0961335918008	0.0175709214568	0.146038859902	0.103785082251	0.147931041174	0.0851126783033	0.168481703109	0.169037073019	0.0180339883412	0.0167240427728	0.1705965762	0.172014827127	0.102217685903	0.147079215169	0.0988589734214	0.0971670326381	0.109888080621	0.159817485337	0.156936407851	0.151890177171	0.13157040589	0.0983001942128	0.113904317761	0.105412138387	0.102934501889	0.158204238418	0.113692461316	0.148872473566	0.140744643137	0.132299232016	0.150669411948	0.0204534994442	0.155483553181	0.108585474332	0.161887795033	0.113007563625	0.0991356664925	0.159679669703	0.15438433511	0.177532245244	0.138052603015	0.0318085744198	0.155719028262	0.15264285812	0.0297955712312	0.144743507174	0.0997129583553	0.171450465563	0.155749571091	0.169419373211	0.0209449206378	0.105986101719	0.100927605555	0.0987566118223	0.0976859803093	0.0987982254304	0.0987620753287
CCIS50471204ST-4-0.snv.bam	0.101959172164	0.131279770707	0.0729166075474	0.0720600019407	0.0700901405819	0.146346578029	0.11735185759	0.133537264746	0.121952362566	0.073208884073	0.139784339545	0.164528841358	0.0168639733857	0.135427064492	0.125525073417	0.100751022538	0.0	0.0611429924396	0.125525737713	0.123718823914	0.164130215791	0.142558459154	0.132735150605	0.00346148560434	0.00307986102688	0.137332486182	0.0591893148976	0.143174893758	0.166138348676	0.143893557423	0.15127802025	0.0531645943751	0.10216555663	0.0978589876066	0.0599317290336	0.136121609284	0.00418942041648	0.0907228523215	0.16513620693	0.0632026003078	0.100086582776	0.00256294199149	0.17354017266	0.11990307786	0.100758756827	0.143771443653	0.161401487727	0.154505875547	0.142791343397	0.144445070048	0.14157151824	0.00643198172565	0.0580379689755	0.143438205902	0.0478251337367	0.145705904878	0.10070803723	0.00243996969857	0.0986749081569	0.148597698015	0.0599330514556	0.145652456191	0.132517074974	0.170211098138	0.168532736587	0.102790659094	0.0986376364626	0.173572412316	0.172638079577	0.0560655002668	0.138602829053	0.0546145500304	0.0574733126249	0.0769719437483	0.149027244701	0.149700906003	0.147583013531	0.154121148196	0.0685155122655	0.0581707295101	0.060931830298	0.0594514951007	0.153073576662	0.0780736341641	0.11000685601	0.141175601013	0.132792398484	0.152064160916	0.101405201037	0.143723340104	0.0858097185989	0.14298831284	0.0772217057467	0.000215431811523	0.144023136237	0.157832023663	0.159420326928	0.123450957652	0.0839052159184	0.146236807135	0.145256266739	0.0951176642208	0.0710889877464	0.00328339362996	0.171891906369	0.142839495371	0.169566305231	0.104001090478	0.0617193146282	0.000353954768121	0.00265112782893	0.00287267080745	0.00232904844136	0.00253054814135
CCIS76845094ST-20-0.snv.bam	0.120368766538	0.141911632808	0.033981923187	0.0329727300337	0.0343045697761	0.15989754347	0.134637915813	0.150562950193	0.120127759036	0.0141932668366	0.145302181496	0.1716150506	0.0723168806764	0.135366430896	0.137102990233	0.105257276101	0.0611429924396	0.0	0.128692695147	0.129376027901	0.13977979287	0.151417318766	0.141277150105	0.0594635174899	0.0589481470013	0.147919844929	0.000508669760495	0.151901554751	0.164777431998	0.151854244804	0.151988993798	0.0913559432694	0.106630361014	0.104677207219	0.00129803154003	0.132790132081	0.0569676735174	0.128514916491	0.167905386583	0.00223622710173	0.103833023742	0.0609197963512	0.184843771192	0.127735394083	0.112708187751	0.153065502963	0.157603992715	0.167312046157	0.148097364904	0.16023625468	0.147526195771	0.065621496588	0.000655337642701	0.151994946963	0.0859535316738	0.142044514824	0.105312690211	0.0588650805811	0.103577125108	0.150544262372	0.00155396262621	0.153489422622	0.140246807937	0.180405128268	0.180048241324	0.107298749131	0.10354327012	0.181224409915	0.184065933489	0.000608645563455	0.146118369149	0.00231717986515	0.000608481785792	0.0179226002489	0.151137312494	0.154846611313	0.155221797226	0.147132243143	0.0905471561813	0.057909383036	0.000598039404033	0.000582042958743	0.157121759761	0.0176716589486	0.116845191448	0.144454879012	0.141425703529	0.158637778109	0.106740347981	0.15540402731	0.0262922773978	0.157367564977	0.0177298841172	0.0607319680308	0.144969446279	0.16954254454	0.17100731742	0.136983039542	0.102849794664	0.151502703573	0.154737141811	0.100109288315	0.103460265066	0.059257558	0.181704899808	0.154483267634	0.180000751025	0.108702482168	0.00179398004616	0.0605881667211	0.0584353006297	0.058163312345	0.0584587865965	0.0584551359739
CCIS77252613ST-4-0.snv.bam	0.135234814857	0.12016641466	0.130110098055	0.129361483587	0.12814358131	0.1301234095	0.137767865937	0.126496925693	0.109308820943	0.132411389765	0.121856319921	0.149259268526	0.130706042287	0.108920519858	0.119407103618	0.139435571123	0.125525737713	0.128692695147	0.0	0.14743729649	0.147382576863	0.116338855327	0.114990044875	0.125578097578	0.126054210398	0.113716232821	0.126998053028	0.132835853272	0.155063976191	0.124675155309	0.135211653304	0.139679531928	0.136487680484	0.134063372416	0.127003085406	0.115526993626	0.121114457682	0.150173374538	0.150821249096	0.126856922952	0.136814772113	0.123974924991	0.155994488016	0.116211097461	0.109694161973	0.119801091484	0.142644325559	0.142202625267	0.129302479047	0.141882863872	0.12848115843	0.123201719552	0.123050841204	0.130036544027	0.13507521944	0.138577616237	0.139528313737	0.119198821201	0.129899371481	0.115449325284	0.128535687715	0.128325359237	0.121031509372	0.149399098063	0.146327126142	0.13610810526	0.130220044165	0.149475701603	0.154881989196	0.125945608003	0.13073300968	0.125401690686	0.125424854061	0.132705082431	0.128891850672	0.133028706942	0.112171709001	0.12818792806	0.140062475403	0.111043123543	0.129005851652	0.127744578884	0.142905716025	0.132978156044	0.146711317549	0.129338568408	0.114848225185	0.129000095859	0.136165952002	0.134701955563	0.127874223692	0.139012867866	0.133434171462	0.1270713018	0.120851269906	0.141440444754	0.145895455613	0.121174445528	0.120034251463	0.149050649286	0.131793362092	0.13783789713	0.10653320496	0.125059493795	0.153710047608	0.13057324887	0.149004019497	0.136469009404	0.129103136182	0.126488720885	0.124116544975	0.122383600234	0.124423137692	0.124403995201
CCIS81139242ST-4-0.snv.bam	0.146335557351	0.0721339680801	0.147816460566	0.147121581427	0.147131595433	0.147780526142	0.152668508558	0.143618394762	0.126813447535	0.128950787467	0.154871612008	0.180598812095	0.117885926709	0.142084627847	0.144141564672	0.143015855652	0.123718823914	0.129376027901	0.14743729649	0.0	0.184585534493	0.145078317422	0.150438266725	0.12037709023	0.120265492467	0.148159907598	0.128181777138	0.170252161957	0.185761012948	0.151222973964	0.162954317565	0.124162259807	0.13890517553	0.135950678545	0.128470298411	0.150534727855	0.120508163201	0.136782299247	0.168347514386	0.127751129328	0.141374391308	0.119666515924	0.182050190194	0.14244206975	0.12265621769	0.150944844357	0.181336805669	0.154600248466	0.159629134673	0.156503170224	0.149358580104	0.116118628861	0.129741254409	0.147090774044	0.117115560013	0.142651640137	0.14311739929	0.119144152988	0.142363853172	0.160864279008	0.129357209761	0.147291020787	0.135147151644	0.176241415171	0.172327821831	0.139471645293	0.139965250362	0.175727967667	0.180784660412	0.124973960949	0.148233886432	0.125481811784	0.125534748847	0.14589866598	0.0436964339438	0.166365314409	0.158493782893	0.128088051019	0.113162823592	0.113085305636	0.12936833833	0.124171851138	0.152229939072	0.147504583775	0.0422424123955	0.141775798639	0.138944342362	0.149714467613	0.138708628655	0.152491782852	0.133959377823	0.153220177032	0.147482224066	0.121929121325	0.160222221831	0.158946794086	0.167759069298	0.140575942325	0.150421247497	0.0388842830009	0.161656520124	0.14451651187	0.131115056718	0.121044088147	0.178080901391	0.15655991817	0.175842666406	0.141065642298	0.130286571052	0.1224822125	0.120230265322	0.120155397773	0.120308784334	0.120201279584
CCIS88007743ST-4-0.snv.bam	0.172969896001	0.174993910126	0.163154733427	0.162520316875	0.163408382221	0.145494850988	0.183202886786	0.156891577382	0.139705628447	0.143544270739	0.142754839009	0.161699509048	0.15993823089	0.153166505233	0.155408789473	0.170430353992	0.164130215791	0.13977979287	0.147382576863	0.184585534493	0.0	0.150442696825	0.162754786324	0.160797599907	0.160871433094	0.170628264337	0.138784258576	0.167162436687	0.0365307315362	0.179756135677	0.170903977836	0.172709247345	0.176221380031	0.172072475671	0.139453112577	0.156738332788	0.155828460039	0.181125496432	0.187497638998	0.138422850087	0.175207107516	0.161383581517	0.190733316793	0.149484193571	0.181622814627	0.158510393275	0.0516255525043	0.157015770963	0.161490750495	0.176564568567	0.162532623322	0.16102553119	0.135105158202	0.163361448688	0.167883410178	0.160154145894	0.17027611422	0.159508495271	0.174541485188	0.161116877984	0.141452463246	0.157261515125	0.171163197105	0.186100404913	0.186051319275	0.175922901471	0.173175803234	0.190687992313	0.189980528641	0.139122747623	0.16209127554	0.142185309377	0.138846167715	0.147013368537	0.177173854782	0.15879664973	0.12597906855	0.164454445695	0.169282704179	0.167491370606	0.139634121824	0.140075165682	0.171194651678	0.146356832108	0.170063658996	0.163122807928	0.145471705413	0.162764833779	0.173730642045	0.162640758012	0.146215162185	0.171378415679	0.146496169763	0.163537547809	0.160400056576	0.169078191703	0.178794818988	0.149094324726	0.176720690855	0.185953261919	0.169041924352	0.163428172663	0.151829097868	0.162470087806	0.190022475933	0.163981619939	0.185640877455	0.177057923545	0.14011259894	0.163834476742	0.161583979254	0.161999406364	0.16154303679	0.161566647028
