	159288231-stool1.snv.bam	159733294-stool1.snv.bam	763840445-stool2.snv.bam	764184357-stool2.snv.bam	764588959-stool2.snv.bam	765195863-stool3.snv.bam	765337473-stool2.snv.bam	CCIS16561622ST-4-0.snv.bam	CCIS22958137ST-20-0.snv.bam	CCIS33816588ST-4-0.snv.bam	CCIS88007743ST-4-0.snv.bam	CCMD25511638ST-21-0.snv.bam	CCMD95433940ST-21-0.snv.bam	ED15A.snv.bam	HT8A.snv.bam	MH0262.snv.bam	MH0351.snv.bam	MH0373.snv.bam	MH0437.snv.bam	MMRS21365932ST-27-0-0.snv.bam	MMRS32573774ST-27-0-0.snv.bam	MMRS64281211ST-27-0-0.snv.bam	MMRS65945127ST-27-0-0.snv.bam	MMRS92544445ST-27-0-0.snv.bam	N022A.snv.bam	N037A.snv.bam	O2.UC28-2.snv.bam	T2D-11A.snv.bam	T2D-65A.snv.bam	V1.CD2-0-PT.snv.bam	V1.CD21-0.snv.bam	V1.CD35-0.snv.bam	V1.CD7-4.snv.bam
159288231-stool1.snv.bam	0.0	0.199248120301	0.187969924812	0.199248120301	0.165413533835	0.0	0.0	0.210526315789	0.210526315789	0.154135338346	0.210526315789	0.210526315789	0.263157894737	0.304511278195	0.161654135338	0.278195488722	0.176691729323	0.206766917293	0.263157894737	0.210526315789	0.210526315789	0.210526315789	0.210526315789	0.195488721805	0.195488721805	0.210526315789	0.203007518797	0.218045112782	0.218045112782	0.0	0.210526315789	0.259398496241	0.0
159733294-stool1.snv.bam	0.199248120301	0.0	0.165413533835	0.0	0.15037593985	0.206766917293	0.169172932331	0.0	0.0	0.176691729323	0.0	0.0	0.251879699248	0.334586466165	0.15037593985	0.266917293233	0.161654135338	0.0	0.248120300752	0.0	0.0	0.0	0.0	0.0	0.218045112782	0.225563909774	0.0	0.255639097744	0.255639097744	0.206766917293	0.0	0.244360902256	0.206766917293
763840445-stool2.snv.bam	0.187969924812	0.165413533835	0.0	0.172932330827	0.00375939849624	0.195488721805	0.165413533835	0.172932330827	0.172932330827	0.15037593985	0.172932330827	0.172932330827	0.236842105263	0.308270676692	0.0225563909774	0.251879699248	0.0263157894737	0.169172932331	0.233082706767	0.172932330827	0.172932330827	0.172932330827	0.172932330827	0.169172932331	0.206766917293	0.203007518797	0.169172932331	0.229323308271	0.229323308271	0.195488721805	0.172932330827	0.203007518797	0.195488721805
764184357-stool2.snv.bam	0.199248120301	0.0	0.172932330827	0.0	0.157894736842	0.206766917293	0.169172932331	0.0	0.0	0.176691729323	0.0	0.0	0.240601503759	0.334586466165	0.157894736842	0.255639097744	0.169172932331	0.0	0.236842105263	0.0	0.0	0.0	0.0	0.0	0.218045112782	0.221804511278	0.0	0.255639097744	0.255639097744	0.206766917293	0.0	0.248120300752	0.206766917293
764588959-stool2.snv.bam	0.165413533835	0.15037593985	0.00375939849624	0.157894736842	0.0	0.172932330827	0.146616541353	0.157894736842	0.157894736842	0.135338345865	0.157894736842	0.157894736842	0.218045112782	0.278195488722	0.0187969924812	0.233082706767	0.0225563909774	0.154135338346	0.214285714286	0.157894736842	0.157894736842	0.157894736842	0.157894736842	0.154135338346	0.187969924812	0.176691729323	0.154135338346	0.210526315789	0.210526315789	0.172932330827	0.157894736842	0.184210526316	0.172932330827
765195863-stool3.snv.bam	0.0	0.206766917293	0.195488721805	0.206766917293	0.172932330827	0.0	0.0	0.218045112782	0.218045112782	0.165413533835	0.218045112782	0.218045112782	0.274436090226	0.315789473684	0.169172932331	0.289473684211	0.184210526316	0.214285714286	0.274436090226	0.218045112782	0.218045112782	0.218045112782	0.218045112782	0.203007518797	0.206766917293	0.221804511278	0.210526315789	0.229323308271	0.229323308271	0.0	0.218045112782	0.270676691729	0.0
765337473-stool2.snv.bam	0.0	0.169172932331	0.165413533835	0.169172932331	0.146616541353	0.0	0.0	0.18045112782	0.18045112782	0.15037593985	0.18045112782	0.18045112782	0.233082706767	0.278195488722	0.142857142857	0.248120300752	0.157894736842	0.176691729323	0.233082706767	0.18045112782	0.18045112782	0.18045112782	0.18045112782	0.169172932331	0.169172932331	0.195488721805	0.172932330827	0.191729323308	0.191729323308	0.0	0.18045112782	0.229323308271	0.0
CCIS16561622ST-4-0.snv.bam	0.210526315789	0.0	0.172932330827	0.0	0.157894736842	0.218045112782	0.18045112782	0.0	0.0	0.18045112782	0.0	0.0	0.251879699248	0.342105263158	0.157894736842	0.266917293233	0.169172932331	0.0	0.248120300752	0.0	0.0	0.0	0.0	0.0	0.229323308271	0.229323308271	0.0	0.266917293233	0.266917293233	0.218045112782	0.0	0.255639097744	0.218045112782
CCIS22958137ST-20-0.snv.bam	0.210526315789	0.0	0.172932330827	0.0	0.157894736842	0.218045112782	0.18045112782	0.0	0.0	0.18045112782	0.0	0.0	0.251879699248	0.345864661654	0.157894736842	0.266917293233	0.169172932331	0.0	0.248120300752	0.0	0.0	0.0	0.0	0.0	0.229323308271	0.229323308271	0.0	0.266917293233	0.266917293233	0.218045112782	0.0	0.255639097744	0.218045112782
CCIS33816588ST-4-0.snv.bam	0.154135338346	0.176691729323	0.15037593985	0.176691729323	0.135338345865	0.165413533835	0.15037593985	0.18045112782	0.18045112782	0.0	0.18045112782	0.18045112782	0.195488721805	0.206766917293	0.127819548872	0.210526315789	0.135338345865	0.176691729323	0.195488721805	0.18045112782	0.18045112782	0.18045112782	0.18045112782	0.172932330827	0.165413533835	0.116541353383	0.172932330827	0.191729323308	0.191729323308	0.165413533835	0.18045112782	0.176691729323	0.165413533835
CCIS88007743ST-4-0.snv.bam	0.210526315789	0.0	0.172932330827	0.0	0.157894736842	0.218045112782	0.18045112782	0.0	0.0	0.18045112782	0.0	0.0	0.251879699248	0.345864661654	0.157894736842	0.266917293233	0.169172932331	0.0	0.248120300752	0.0	0.0	0.0	0.0	0.0	0.229323308271	0.229323308271	0.0	0.266917293233	0.266917293233	0.218045112782	0.0	0.255639097744	0.218045112782
CCMD25511638ST-21-0.snv.bam	0.210526315789	0.0	0.172932330827	0.0	0.157894736842	0.218045112782	0.18045112782	0.0	0.0	0.18045112782	0.0	0.0	0.251879699248	0.345864661654	0.157894736842	0.266917293233	0.169172932331	0.0	0.248120300752	0.0	0.0	0.0	0.0	0.0	0.229323308271	0.229323308271	0.0	0.266917293233	0.266917293233	0.218045112782	0.0	0.255639097744	0.218045112782
CCMD95433940ST-21-0.snv.bam	0.263157894737	0.251879699248	0.236842105263	0.240601503759	0.218045112782	0.274436090226	0.233082706767	0.251879699248	0.251879699248	0.195488721805	0.251879699248	0.251879699248	0.0	0.330827067669	0.244360902256	0.0	0.255639097744	0.244360902256	0.0	0.251879699248	0.251879699248	0.251879699248	0.251879699248	0.248120300752	0.210526315789	0.233082706767	0.251879699248	0.236842105263	0.236842105263	0.274436090226	0.251879699248	0.218045112782	0.274436090226
ED15A.snv.bam	0.304511278195	0.334586466165	0.308270676692	0.334586466165	0.278195488722	0.315789473684	0.278195488722	0.342105263158	0.345864661654	0.206766917293	0.345864661654	0.345864661654	0.330827067669	0.0	0.304511278195	0.34962406015	0.315789473684	0.342105263158	0.330827067669	0.345864661654	0.345864661654	0.345864661654	0.345864661654	0.334586466165	0.308270676692	0.225563909774	0.338345864662	0.334586466165	0.334586466165	0.315789473684	0.345864661654	0.308270676692	0.315789473684
HT8A.snv.bam	0.161654135338	0.15037593985	0.0225563909774	0.157894736842	0.0187969924812	0.169172932331	0.142857142857	0.157894736842	0.157894736842	0.127819548872	0.157894736842	0.157894736842	0.244360902256	0.304511278195	0.0	0.255639097744	0.0	0.154135338346	0.240601503759	0.157894736842	0.157894736842	0.157894736842	0.157894736842	0.154135338346	0.187969924812	0.184210526316	0.154135338346	0.210526315789	0.210526315789	0.169172932331	0.157894736842	0.203007518797	0.169172932331
MH0262.snv.bam	0.278195488722	0.266917293233	0.251879699248	0.255639097744	0.233082706767	0.289473684211	0.248120300752	0.266917293233	0.266917293233	0.210526315789	0.266917293233	0.266917293233	0.0	0.34962406015	0.255639097744	0.0	0.270676691729	0.259398496241	0.0	0.266917293233	0.266917293233	0.266917293233	0.266917293233	0.263157894737	0.221804511278	0.248120300752	0.266917293233	0.255639097744	0.255639097744	0.289473684211	0.266917293233	0.236842105263	0.289473684211
MH0351.snv.bam	0.176691729323	0.161654135338	0.0263157894737	0.169172932331	0.0225563909774	0.184210526316	0.157894736842	0.169172932331	0.169172932331	0.135338345865	0.169172932331	0.169172932331	0.255639097744	0.315789473684	0.0	0.270676691729	0.0	0.165413533835	0.251879699248	0.169172932331	0.169172932331	0.169172932331	0.169172932331	0.165413533835	0.195488721805	0.203007518797	0.165413533835	0.218045112782	0.218045112782	0.184210526316	0.169172932331	0.214285714286	0.184210526316
MH0373.snv.bam	0.206766917293	0.0	0.169172932331	0.0	0.154135338346	0.214285714286	0.176691729323	0.0	0.0	0.176691729323	0.0	0.0	0.244360902256	0.342105263158	0.154135338346	0.259398496241	0.165413533835	0.0	0.240601503759	0.0	0.0	0.0	0.0	0.0	0.225563909774	0.229323308271	0.0	0.263157894737	0.263157894737	0.214285714286	0.0	0.251879699248	0.214285714286
MH0437.snv.bam	0.263157894737	0.248120300752	0.233082706767	0.236842105263	0.214285714286	0.274436090226	0.233082706767	0.248120300752	0.248120300752	0.195488721805	0.248120300752	0.248120300752	0.0	0.330827067669	0.240601503759	0.0	0.251879699248	0.240601503759	0.0	0.248120300752	0.248120300752	0.248120300752	0.248120300752	0.244360902256	0.210526315789	0.229323308271	0.248120300752	0.236842105263	0.236842105263	0.274436090226	0.248120300752	0.218045112782	0.274436090226
MMRS21365932ST-27-0-0.snv.bam	0.210526315789	0.0	0.172932330827	0.0	0.157894736842	0.218045112782	0.18045112782	0.0	0.0	0.18045112782	0.0	0.0	0.251879699248	0.345864661654	0.157894736842	0.266917293233	0.169172932331	0.0	0.248120300752	0.0	0.0	0.0	0.0	0.0	0.229323308271	0.229323308271	0.0	0.266917293233	0.266917293233	0.218045112782	0.0	0.255639097744	0.218045112782
MMRS32573774ST-27-0-0.snv.bam	0.210526315789	0.0	0.172932330827	0.0	0.157894736842	0.218045112782	0.18045112782	0.0	0.0	0.18045112782	0.0	0.0	0.251879699248	0.345864661654	0.157894736842	0.266917293233	0.169172932331	0.0	0.248120300752	0.0	0.0	0.0	0.0	0.0	0.229323308271	0.229323308271	0.0	0.266917293233	0.266917293233	0.218045112782	0.0	0.255639097744	0.218045112782
MMRS64281211ST-27-0-0.snv.bam	0.210526315789	0.0	0.172932330827	0.0	0.157894736842	0.218045112782	0.18045112782	0.0	0.0	0.18045112782	0.0	0.0	0.251879699248	0.345864661654	0.157894736842	0.266917293233	0.169172932331	0.0	0.248120300752	0.0	0.0	0.0	0.0	0.0	0.229323308271	0.229323308271	0.0	0.266917293233	0.266917293233	0.218045112782	0.0	0.255639097744	0.218045112782
MMRS65945127ST-27-0-0.snv.bam	0.210526315789	0.0	0.172932330827	0.0	0.157894736842	0.218045112782	0.18045112782	0.0	0.0	0.18045112782	0.0	0.0	0.251879699248	0.345864661654	0.157894736842	0.266917293233	0.169172932331	0.0	0.248120300752	0.0	0.0	0.0	0.0	0.0	0.229323308271	0.229323308271	0.0	0.266917293233	0.266917293233	0.218045112782	0.0	0.255639097744	0.218045112782
MMRS92544445ST-27-0-0.snv.bam	0.195488721805	0.0	0.169172932331	0.0	0.154135338346	0.203007518797	0.169172932331	0.0	0.0	0.172932330827	0.0	0.0	0.248120300752	0.334586466165	0.154135338346	0.263157894737	0.165413533835	0.0	0.244360902256	0.0	0.0	0.0	0.0	0.0	0.218045112782	0.225563909774	0.0	0.251879699248	0.251879699248	0.203007518797	0.0	0.248120300752	0.203007518797
N022A.snv.bam	0.195488721805	0.218045112782	0.206766917293	0.218045112782	0.187969924812	0.206766917293	0.169172932331	0.229323308271	0.229323308271	0.165413533835	0.229323308271	0.229323308271	0.210526315789	0.308270676692	0.187969924812	0.221804511278	0.195488721805	0.225563909774	0.210526315789	0.229323308271	0.229323308271	0.229323308271	0.229323308271	0.218045112782	0.0	0.210526315789	0.225563909774	0.0	0.0	0.206766917293	0.229323308271	0.0263157894737	0.206766917293
N037A.snv.bam	0.210526315789	0.225563909774	0.203007518797	0.221804511278	0.176691729323	0.221804511278	0.195488721805	0.229323308271	0.229323308271	0.116541353383	0.229323308271	0.229323308271	0.233082706767	0.225563909774	0.184210526316	0.248120300752	0.203007518797	0.229323308271	0.229323308271	0.229323308271	0.229323308271	0.229323308271	0.229323308271	0.225563909774	0.210526315789	0.0	0.225563909774	0.233082706767	0.233082706767	0.221804511278	0.229323308271	0.203007518797	0.221804511278
O2.UC28-2.snv.bam	0.203007518797	0.0	0.169172932331	0.0	0.154135338346	0.210526315789	0.172932330827	0.0	0.0	0.172932330827	0.0	0.0	0.251879699248	0.338345864662	0.154135338346	0.266917293233	0.165413533835	0.0	0.248120300752	0.0	0.0	0.0	0.0	0.0	0.225563909774	0.225563909774	0.0	0.263157894737	0.263157894737	0.210526315789	0.0	0.251879699248	0.210526315789
T2D-11A.snv.bam	0.218045112782	0.255639097744	0.229323308271	0.255639097744	0.210526315789	0.229323308271	0.191729323308	0.266917293233	0.266917293233	0.191729323308	0.266917293233	0.266917293233	0.236842105263	0.334586466165	0.210526315789	0.255639097744	0.218045112782	0.263157894737	0.236842105263	0.266917293233	0.266917293233	0.266917293233	0.266917293233	0.251879699248	0.0	0.233082706767	0.263157894737	0.0	0.0	0.229323308271	0.266917293233	0.0413533834586	0.229323308271
T2D-65A.snv.bam	0.218045112782	0.255639097744	0.229323308271	0.255639097744	0.210526315789	0.229323308271	0.191729323308	0.266917293233	0.266917293233	0.191729323308	0.266917293233	0.266917293233	0.236842105263	0.334586466165	0.210526315789	0.255639097744	0.218045112782	0.263157894737	0.236842105263	0.266917293233	0.266917293233	0.266917293233	0.266917293233	0.251879699248	0.0	0.233082706767	0.263157894737	0.0	0.0	0.229323308271	0.266917293233	0.0413533834586	0.229323308271
V1.CD2-0-PT.snv.bam	0.0	0.206766917293	0.195488721805	0.206766917293	0.172932330827	0.0	0.0	0.218045112782	0.218045112782	0.165413533835	0.218045112782	0.218045112782	0.274436090226	0.315789473684	0.169172932331	0.289473684211	0.184210526316	0.214285714286	0.274436090226	0.218045112782	0.218045112782	0.218045112782	0.218045112782	0.203007518797	0.206766917293	0.221804511278	0.210526315789	0.229323308271	0.229323308271	0.0	0.218045112782	0.270676691729	0.0
V1.CD21-0.snv.bam	0.210526315789	0.0	0.172932330827	0.0	0.157894736842	0.218045112782	0.18045112782	0.0	0.0	0.18045112782	0.0	0.0	0.251879699248	0.345864661654	0.157894736842	0.266917293233	0.169172932331	0.0	0.248120300752	0.0	0.0	0.0	0.0	0.0	0.229323308271	0.229323308271	0.0	0.266917293233	0.266917293233	0.218045112782	0.0	0.255639097744	0.218045112782
V1.CD35-0.snv.bam	0.259398496241	0.244360902256	0.203007518797	0.248120300752	0.184210526316	0.270676691729	0.229323308271	0.255639097744	0.255639097744	0.176691729323	0.255639097744	0.255639097744	0.218045112782	0.308270676692	0.203007518797	0.236842105263	0.214285714286	0.251879699248	0.218045112782	0.255639097744	0.255639097744	0.255639097744	0.255639097744	0.248120300752	0.0263157894737	0.203007518797	0.251879699248	0.0413533834586	0.0413533834586	0.270676691729	0.255639097744	0.0	0.270676691729
V1.CD7-4.snv.bam	0.0	0.206766917293	0.195488721805	0.206766917293	0.172932330827	0.0	0.0	0.218045112782	0.218045112782	0.165413533835	0.218045112782	0.218045112782	0.274436090226	0.315789473684	0.169172932331	0.289473684211	0.184210526316	0.214285714286	0.274436090226	0.218045112782	0.218045112782	0.218045112782	0.218045112782	0.203007518797	0.206766917293	0.221804511278	0.210526315789	0.229323308271	0.229323308271	0.0	0.218045112782	0.270676691729	0.0
