	158883629-stool1.snv.bam	158883629-stool2.snv.bam	CCIS29210128ST-4-0.snv.bam	CCIS63448910ST-4-0.snv.bam	CCMD64503764ST-21-0.snv.bam	DOF006.snv.bam	MH0239.snv.bam	MH0341.snv.bam	MH0342.snv.bam	MH0393.snv.bam	MH0444.snv.bam	MMRS15137911ST-27-0-0.snv.bam	MMRS24340226ST-27-0-0.snv.bam	MMRS57569834ST-27-0-0.snv.bam	MMRS62376181ST-27-0-0.snv.bam	MMRS65945127ST-27-0-0.snv.bam	N043A.snv.bam	N046A.snv.bam	N052A.snv.bam	O2.CD1-0-PT.snv.bam	O2.CD3-0-PT.snv.bam	O2.UC26-1.snv.bam	SZEY-35A.snv.bam	SZEY-64A.snv.bam	T2D-103A.snv.bam	T2D-77A.snv.bam	V1.CD12-3.snv.bam	V1.CD20-4.snv.bam	V1.CD25-4.snv.bam	V1.CD28-0.snv.bam	V1.CD3-0-PT.snv.bam	V1.CD32-0.snv.bam	V1.CD4-0-PT.snv.bam	V1.FI21.snv.bam	alien-11-632-0.snv.bam
158883629-stool1.snv.bam	0.0	0.00104183164397	0.0738662049975	0.0744043183379	0.375129972814	0.0937907303009	0.0987568547127	0.0752770651182	0.101090836337	0.10837460069	0.0930365660422	0.116196992877	0.0730700167694	0.0704674125027	0.0714549346249	0.383610620898	0.10604050135	0.102708982244	0.0970952390207	0.0950441264239	0.100901338668	0.0800286058781	0.0716919164159	0.0803469649473	0.0816802711395	0.0873720638359	0.155217020745	0.0854864870626	0.0844234377659	0.0885338418508	0.0903690735772	0.075854812199	0.0908181237475	0.0693907939064	0.0469165773065
158883629-stool2.snv.bam	0.00104183164397	0.0	0.0743034055728	0.0748146138376	0.369821637427	0.0940454531811	0.101574553273	0.0765505528875	0.102674846386	0.108861338624	0.0935771550946	0.115731227924	0.0735095051029	0.0702711083311	0.0719282719854	0.380339935785	0.108774816906	0.105512911632	0.0944167929552	0.0979652499953	0.103743039713	0.0805367672061	0.0729903087947	0.0813286713287	0.0819456617003	0.091389767037	0.155115231556	0.0829362855679	0.0863200635811	0.0899000173269	0.0914884656144	0.07419652847	0.0918229913706	0.0705170791846	0.0479041916168
CCIS29210128ST-4-0.snv.bam	0.0738662049975	0.0743034055728	0.0	0.093025605683	0.377732561645	0.0941858634446	0.117233557944	0.0934152558672	0.107098618054	0.0869530128741	0.0554190149884	0.102053185924	0.0578173190152	0.0905885813907	0.105591476148	0.39812045848	0.0849522094849	0.0939530198044	0.111564627769	0.131986830911	0.116885195987	0.0938199638446	0.0625878057618	0.0778083381587	0.0914467697907	0.101006776989	0.1333111497	0.107843561041	0.0984774077764	0.121263004171	0.116397283382	0.113686675782	0.116834532387	0.0868712582497	0.0776397515528
CCIS63448910ST-4-0.snv.bam	0.0744043183379	0.0748146138376	0.093025605683	0.0	0.383170175439	0.102802475913	0.086751318972	0.0627668398951	0.0901362863951	0.101824084402	0.116306937463	0.118348865346	0.0876333905963	0.0903634108078	0.0675631674125	0.393177124298	0.075924133417	0.0728648389028	0.128145133308	0.094450021815	0.0890054147448	0.100274177047	0.0811907172521	0.090462069373	0.0729361391101	0.105694581158	0.169476444553	0.121811120036	0.0803932268719	0.0818051619507	0.112317552288	0.088627978866	0.112660372544	0.0733546749016	0.0570745378312
CCMD64503764ST-21-0.snv.bam	0.375129972814	0.369821637427	0.377732561645	0.383170175439	0.0	0.388373316234	0.40269595365	0.382483607992	0.392253208056	0.398195722406	0.397017791629	0.411643635859	0.394702919688	0.392193063062	0.36167452266	0.134774349644	0.404286528715	0.403976422538	0.392202045452	0.376666962036	0.392572793678	0.399170724414	0.386353791681	0.394094483859	0.36751371556	0.396055763941	0.30874006738	0.401045781018	0.379912230899	0.38731370055	0.41172450205	0.400544023596	0.412127494608	0.381052657304	0.387692894443
DOF006.snv.bam	0.0937907303009	0.0940454531811	0.0941858634446	0.102802475913	0.388373316234	0.0	0.126926551017	0.112951548813	0.119144468826	0.13974853805	0.0913320407609	0.148400034405	0.104692546295	0.12705242468	0.104969177995	0.414069872723	0.118848748109	0.127702825154	0.0538108846883	0.115491148821	0.125499938221	0.113638523595	0.104904047002	0.128282388772	0.0926262684684	0.0656747411762	0.159173483952	0.085972866236	0.106452916335	0.118190746168	0.0627497614622	0.123847763512	0.0630444966236	0.0896536972008	0.100333877965
MH0239.snv.bam	0.0987568547127	0.101574553273	0.117233557944	0.086751318972	0.40269595365	0.126926551017	0.0	0.0894032848418	0.0312690921813	0.0279705390697	0.130358894485	0.112456000387	0.120847378386	0.119749106895	0.0999652249249	0.408662199244	0.0752911772669	0.0820201772231	0.146831853379	0.0972288509983	0.0132071314941	0.126612966556	0.101729679962	0.101584681231	0.0889886823331	0.125091455642	0.18951507975	0.139823826882	0.0567589718597	0.0922542150202	0.139673044028	0.113094786054	0.140154851665	0.0879018669015	0.0996784320851
MH0341.snv.bam	0.0752770651182	0.0765505528875	0.0934152558672	0.0627668398951	0.382483607992	0.112951548813	0.0894032848418	0.0	0.0943092758896	0.100272960484	0.118998495953	0.110697817921	0.0938312009231	0.0971334957324	0.0761662019325	0.391605678431	0.0786883108042	0.0767028535466	0.131309164552	0.088101537854	0.0942954994367	0.104697056808	0.0891614344263	0.0797454917255	0.0809746435618	0.114974758963	0.167529819655	0.125340999293	0.0849448334783	0.0849794256566	0.114522652345	0.0755791753533	0.114990908147	0.0780704115395	0.0411073553599
MH0342.snv.bam	0.101090836337	0.102674846386	0.107098618054	0.0901362863951	0.392253208056	0.119144468826	0.0312690921813	0.0943092758896	0.0	0.0343007742835	0.104076596173	0.107254389736	0.108767859305	0.11458803838	0.0994956742721	0.401842593139	0.0833274886183	0.0914271018699	0.137590101509	0.102168311924	0.0317586179756	0.119464722448	0.091666506852	0.0968518488554	0.090370284629	0.113783340564	0.183482477761	0.130064603747	0.0554237576065	0.088136204567	0.127846051186	0.115309302236	0.127676283541	0.0886336102016	0.102204863727
MH0393.snv.bam	0.10837460069	0.108861338624	0.0869530128741	0.101824084402	0.398195722406	0.13974853805	0.0279705390697	0.100272960484	0.0343007742835	0.0	0.0962371746251	0.0839201089979	0.114633397816	0.123146298375	0.110721107753	0.411749365132	0.0913622238812	0.10101955675	0.154537114254	0.105234612803	0.0268683674371	0.127305911116	0.0964435193516	0.0779931936532	0.0984159221088	0.132917441946	0.198203966833	0.14551809212	0.0649160764612	0.0978379531592	0.147098268241	0.124962808866	0.147495339508	0.103731115234	0.113097135836
MH0444.snv.bam	0.0930365660422	0.0935771550946	0.0554190149884	0.116306937463	0.397017791629	0.0913320407609	0.130358894485	0.118998495953	0.104076596173	0.0962371746251	0.0	0.115484706689	0.0745868054566	0.125438233281	0.12255766564	0.403556537575	0.133737791911	0.142168589149	0.108602823566	0.147516116521	0.127948442837	0.0959020408595	0.0893197941823	0.0892266199842	0.102703950034	0.0808346439106	0.169552202479	0.102061650325	0.093444111389	0.131061828629	0.0835207176134	0.131033257078	0.0839648882493	0.111983770528	0.105942991934
MMRS15137911ST-27-0-0.snv.bam	0.116196992877	0.115731227924	0.102053185924	0.118348865346	0.411643635859	0.148400034405	0.112456000387	0.110697817921	0.107254389736	0.0839201089979	0.115484706689	0.0	0.130083681754	0.118321955365	0.12129852388	0.423235204349	0.110336420284	0.11921342395	0.138604466731	0.0983571859945	0.112314566174	0.144520571106	0.108963282808	0.0897788577363	0.110503001799	0.121843839679	0.205013319401	0.121592722307	0.112319251866	0.103033376403	0.164569455971	0.126620633373	0.164981005081	0.108240057979	0.121814236897
MMRS24340226ST-27-0-0.snv.bam	0.0730700167694	0.0735095051029	0.0578173190152	0.0876333905963	0.394702919688	0.104692546295	0.120847378386	0.0938312009231	0.108767859305	0.114633397816	0.0745868054566	0.130083681754	0.0	0.097889695445	0.099913881209	0.404225998034	0.10703260491	0.11116430852	0.110423872114	0.1311578301	0.122808326707	0.0639140017571	0.0764099207379	0.103288101443	0.0953606707521	0.0893051723934	0.145716257816	0.108998197187	0.0850565232827	0.11101289243	0.0941340209448	0.101443906681	0.0944549735737	0.0884297210819	0.0814893385972
MMRS57569834ST-27-0-0.snv.bam	0.0704674125027	0.0702711083311	0.0905885813907	0.0903634108078	0.392193063062	0.12705242468	0.119749106895	0.0971334957324	0.11458803838	0.123146298375	0.125438233281	0.118321955365	0.097889695445	0.0	0.0982601987946	0.402601536902	0.112518376522	0.109800094595	0.145021989006	0.117116304033	0.121345464647	0.113404297291	0.100686728763	0.114020375285	0.11249324223	0.127638183454	0.159021797123	0.130220961752	0.11438856749	0.108028728667	0.130479215186	0.101724955895	0.130876051195	0.0909690813465	0.0785387463534
MMRS62376181ST-27-0-0.snv.bam	0.0714549346249	0.0719282719854	0.105591476148	0.0675631674125	0.36167452266	0.104969177995	0.0999652249249	0.0761662019325	0.0994956742721	0.110721107753	0.12255766564	0.12129852388	0.099913881209	0.0982601987946	0.0	0.378386975167	0.0976244105899	0.0961269684515	0.122559454867	0.0924346117862	0.103162439471	0.103841892814	0.0864478380051	0.0948894787528	0.0797710663156	0.117533937309	0.137362867018	0.117521039433	0.085659732571	0.0887477126632	0.100921200727	0.0917133969499	0.101292348746	0.0735500476599	0.0731738738318
MMRS65945127ST-27-0-0.snv.bam	0.383610620898	0.380339935785	0.39812045848	0.393177124298	0.134774349644	0.414069872723	0.408662199244	0.391605678431	0.401842593139	0.411749365132	0.403556537575	0.423235204349	0.404225998034	0.402601536902	0.378386975167	0.0	0.41634368456	0.416240417705	0.414968885752	0.403848183373	0.402076709274	0.410745210924	0.397824422194	0.397262003051	0.377549245258	0.39888473491	0.339482446579	0.407025292794	0.389099142635	0.404173223219	0.41405451624	0.405076094918	0.414390117805	0.392447382905	0.391139743887
N043A.snv.bam	0.10604050135	0.108774816906	0.0849522094849	0.075924133417	0.404286528715	0.118848748109	0.0752911772669	0.0786883108042	0.0833274886183	0.0913622238812	0.133737791911	0.110336420284	0.10703260491	0.112518376522	0.0976244105899	0.41634368456	0.0	0.0106876787219	0.14540849402	0.107020994667	0.074269703446	0.129463070725	0.0909605190555	0.103040149268	0.0953032302866	0.115209392752	0.16511681945	0.14414952313	0.0872468047841	0.103544050361	0.139518524922	0.106378371577	0.139413604066	0.0880741083661	0.0911364181546
N046A.snv.bam	0.102708982244	0.105512911632	0.0939530198044	0.0728648389028	0.403976422538	0.127702825154	0.0820201772231	0.0767028535466	0.0914271018699	0.10101955675	0.142168589149	0.11921342395	0.11116430852	0.109800094595	0.0961269684515	0.416240417705	0.0106876787219	0.0	0.153401016726	0.104158192777	0.0830425737888	0.126083432215	0.0998924232887	0.112754800755	0.104481935924	0.123989375561	0.172219280023	0.152846672145	0.0960036172335	0.104501252022	0.136626084	0.103244196232	0.136539496749	0.0867679305797	0.0878647466971
N052A.snv.bam	0.0970952390207	0.0944167929552	0.111564627769	0.128145133308	0.392202045452	0.0538108846883	0.146831853379	0.131309164552	0.137590101509	0.154537114254	0.108602823566	0.138604466731	0.110423872114	0.145021989006	0.122559454867	0.414968885752	0.14540849402	0.153401016726	0.0	0.129465361071	0.146028138926	0.129258180413	0.114808254568	0.140113171245	0.115527212779	0.06060417616	0.17461933974	0.0581070936804	0.120831556502	0.119315814088	0.092709243634	0.126686131762	0.0931741327139	0.104224277422	0.118807036858
O2.CD1-0-PT.snv.bam	0.0950441264239	0.0979652499953	0.131986830911	0.094450021815	0.376666962036	0.115491148821	0.0972288509983	0.088101537854	0.102168311924	0.105234612803	0.147516116521	0.0983571859945	0.1311578301	0.117116304033	0.0924346117862	0.403848183373	0.107020994667	0.104158192777	0.129465361071	0.0	0.0986372289054	0.117904929807	0.114956793219	0.116755123155	0.103430296972	0.129462142369	0.185469537967	0.135477823378	0.0972371380501	0.0907892305044	0.144654458016	0.105845979552	0.145084399175	0.0871774049318	0.101076452752
O2.CD3-0-PT.snv.bam	0.100901338668	0.103743039713	0.116885195987	0.0890054147448	0.392572793678	0.125499938221	0.0132071314941	0.0942954994367	0.0317586179756	0.0268683674371	0.127948442837	0.112314566174	0.122808326707	0.121345464647	0.103162439471	0.402076709274	0.074269703446	0.0830425737888	0.146028138926	0.0986372289054	0.0	0.129230601501	0.0998598704157	0.10401205632	0.0900524322303	0.122486387531	0.189757668016	0.138625157923	0.0595308021724	0.0934884330648	0.13973905155	0.118461145775	0.139590448428	0.0909770937441	0.104053647617
O2.UC26-1.snv.bam	0.0800286058781	0.0805367672061	0.0938199638446	0.100274177047	0.399170724414	0.113638523595	0.126612966556	0.104697056808	0.119464722448	0.127305911116	0.0959020408595	0.144520571106	0.0639140017571	0.113404297291	0.103841892814	0.410745210924	0.129463070725	0.126083432215	0.129258180413	0.117904929807	0.129230601501	0.0	0.10156838189	0.125867945598	0.106258675273	0.120814360191	0.169120067826	0.133506168423	0.0921303925698	0.121034545998	0.102494105321	0.114581473886	0.102906175141	0.0958191356645	0.0920826053342
SZEY-35A.snv.bam	0.0716919164159	0.0729903087947	0.0625878057618	0.0811907172521	0.386353791681	0.104904047002	0.101729679962	0.0891614344263	0.091666506852	0.0964435193516	0.0893197941823	0.108963282808	0.0764099207379	0.100686728763	0.0864478380051	0.397824422194	0.0909605190555	0.0998924232887	0.114808254568	0.114956793219	0.0998598704157	0.10156838189	0.0	0.0741232167641	0.0823402552714	0.10914382095	0.142809900421	0.101059142448	0.0852820678262	0.0965153976133	0.116061343886	0.0874147915452	0.115780914233	0.0699237829215	0.0855882360309
SZEY-64A.snv.bam	0.0803469649473	0.0813286713287	0.0778083381587	0.090462069373	0.394094483859	0.128282388772	0.101584681231	0.0797454917255	0.0968518488554	0.0779931936532	0.0892266199842	0.0897788577363	0.103288101443	0.114020375285	0.0948894787528	0.397262003051	0.103040149268	0.112754800755	0.140113171245	0.116755123155	0.10401205632	0.125867945598	0.0741232167641	0.0	0.0790757984154	0.115704794177	0.189921889511	0.105003925519	0.090544559077	0.0990625021595	0.131409679252	0.104671637647	0.131763646142	0.109934227095	0.0815796857464
T2D-103A.snv.bam	0.0816802711395	0.0819456617003	0.0914467697907	0.0729361391101	0.36751371556	0.0926262684684	0.0889886823331	0.0809746435618	0.090370284629	0.0984159221088	0.102703950034	0.110503001799	0.0953606707521	0.11249324223	0.0797710663156	0.377549245258	0.0953032302866	0.104481935924	0.115527212779	0.103430296972	0.0900524322303	0.106258675273	0.0823402552714	0.0790757984154	0.0	0.0953491320143	0.165005460945	0.117703384443	0.0722251537033	0.107144026087	0.096123058544	0.0790832512417	0.0965649478792	0.0785269969804	0.0945054945055
T2D-77A.snv.bam	0.0873720638359	0.091389767037	0.101006776989	0.105694581158	0.396055763941	0.0656747411762	0.125091455642	0.114974758963	0.113783340564	0.132917441946	0.0808346439106	0.121843839679	0.0893051723934	0.127638183454	0.117533937309	0.39888473491	0.115209392752	0.123989375561	0.06060417616	0.129462142369	0.122486387531	0.120814360191	0.10914382095	0.115704794177	0.0953491320143	0.0	0.170214240705	0.0602861820354	0.102763843853	0.107200863588	0.0651886101126	0.116934413882	0.0651483528252	0.107022979769	0.103676222794
V1.CD12-3.snv.bam	0.155217020745	0.155115231556	0.1333111497	0.169476444553	0.30874006738	0.159173483952	0.18951507975	0.167529819655	0.183482477761	0.198203966833	0.169552202479	0.205013319401	0.145716257816	0.159021797123	0.137362867018	0.339482446579	0.16511681945	0.172219280023	0.17461933974	0.185469537967	0.189757668016	0.169120067826	0.142809900421	0.189921889511	0.165005460945	0.170214240705	0.0	0.182894679801	0.164598737182	0.185866729148	0.180775116644	0.17530142886	0.181176075092	0.150802697299	0.161956207384
V1.CD20-4.snv.bam	0.0854864870626	0.0829362855679	0.107843561041	0.121811120036	0.401045781018	0.085972866236	0.139823826882	0.125340999293	0.130064603747	0.14551809212	0.102061650325	0.121592722307	0.108998197187	0.130220961752	0.117521039433	0.407025292794	0.14414952313	0.152846672145	0.0581070936804	0.135477823378	0.138625157923	0.133506168423	0.101059142448	0.105003925519	0.117703384443	0.0602861820354	0.182894679801	0.0	0.119509810804	0.115787478339	0.0871218861628	0.127330781233	0.0874409788043	0.106711578055	0.101258382814
V1.CD25-4.snv.bam	0.0844234377659	0.0863200635811	0.0984774077764	0.0803932268719	0.379912230899	0.106452916335	0.0567589718597	0.0849448334783	0.0554237576065	0.0649160764612	0.093444111389	0.112319251866	0.0850565232827	0.11438856749	0.085659732571	0.389099142635	0.0872468047841	0.0960036172335	0.120831556502	0.0972371380501	0.0595308021724	0.0921303925698	0.0852820678262	0.090544559077	0.0722251537033	0.102763843853	0.164598737182	0.119509810804	0.0	0.0826636923472	0.107451962266	0.0988495635775	0.107785287103	0.0806332973009	0.092704656914
V1.CD28-0.snv.bam	0.0885338418508	0.0899000173269	0.121263004171	0.0818051619507	0.38731370055	0.118190746168	0.0922542150202	0.0849794256566	0.088136204567	0.0978379531592	0.131061828629	0.103033376403	0.11101289243	0.108028728667	0.0887477126632	0.404173223219	0.103544050361	0.104501252022	0.119315814088	0.0907892305044	0.0934884330648	0.121034545998	0.0965153976133	0.0990625021595	0.107144026087	0.107200863588	0.185866729148	0.115787478339	0.0826636923472	0.0	0.13283591913	0.104338593166	0.133347561661	0.0902903643403	0.083698895274
V1.CD3-0-PT.snv.bam	0.0903690735772	0.0914884656144	0.116397283382	0.112317552288	0.41172450205	0.0627497614622	0.139673044028	0.114522652345	0.127846051186	0.147098268241	0.0835207176134	0.164569455971	0.0941340209448	0.130479215186	0.100921200727	0.41405451624	0.139518524922	0.136626084	0.092709243634	0.144654458016	0.13973905155	0.102494105321	0.116061343886	0.131409679252	0.096123058544	0.0651886101126	0.180775116644	0.0871218861628	0.107451962266	0.13283591913	0.0	0.11143441694	0.00175746706792	0.10048044216	0.0977504071282
V1.CD32-0.snv.bam	0.075854812199	0.07419652847	0.113686675782	0.088627978866	0.400544023596	0.123847763512	0.113094786054	0.0755791753533	0.115309302236	0.124962808866	0.131033257078	0.126620633373	0.101443906681	0.101724955895	0.0917133969499	0.405076094918	0.106378371577	0.103244196232	0.126686131762	0.105845979552	0.118461145775	0.114581473886	0.0874147915452	0.104671637647	0.0790832512417	0.116934413882	0.17530142886	0.127330781233	0.0988495635775	0.104338593166	0.11143441694	0.0	0.111411112775	0.0751748475003	0.0870588623363
V1.CD4-0-PT.snv.bam	0.0908181237475	0.0918229913706	0.116834532387	0.112660372544	0.412127494608	0.0630444966236	0.140154851665	0.114990908147	0.127676283541	0.147495339508	0.0839648882493	0.164981005081	0.0944549735737	0.130876051195	0.101292348746	0.414390117805	0.139413604066	0.136539496749	0.0931741327139	0.145084399175	0.139590448428	0.102906175141	0.115780914233	0.131763646142	0.0965649478792	0.0651483528252	0.181176075092	0.0874409788043	0.107785287103	0.133347561661	0.00175746706792	0.111411112775	0.0	0.100642285593	0.0980859344585
V1.FI21.snv.bam	0.0693907939064	0.0705170791846	0.0868712582497	0.0733546749016	0.381052657304	0.0896536972008	0.0879018669015	0.0780704115395	0.0886336102016	0.103731115234	0.111983770528	0.108240057979	0.0884297210819	0.0909690813465	0.0735500476599	0.392447382905	0.0880741083661	0.0867679305797	0.104224277422	0.0871774049318	0.0909770937441	0.0958191356645	0.0699237829215	0.109934227095	0.0785269969804	0.107022979769	0.150802697299	0.106711578055	0.0806332973009	0.0902903643403	0.10048044216	0.0751748475003	0.100642285593	0.0	0.0809581091127
alien-11-632-0.snv.bam	0.0469165773065	0.0479041916168	0.0776397515528	0.0570745378312	0.387692894443	0.100333877965	0.0996784320851	0.0411073553599	0.102204863727	0.113097135836	0.105942991934	0.121814236897	0.0814893385972	0.0785387463534	0.0731738738318	0.391139743887	0.0911364181546	0.0878647466971	0.118807036858	0.101076452752	0.104053647617	0.0920826053342	0.0855882360309	0.0815796857464	0.0945054945055	0.103676222794	0.161956207384	0.101258382814	0.092704656914	0.083698895274	0.0977504071282	0.0870588623363	0.0980859344585	0.0809581091127	0.0
