	159268001-stool2.snv.bam	BGI-06A.snv.bam	BGI003A.snv.bam	CCIS81735969ST-20-0.snv.bam	CCIS91228662ST-4-0.snv.bam	CCMD13071240ST-21-0.snv.bam	CCMD35802077ST-21-0.snv.bam	CCMD63399960ST-21-0.snv.bam	CCMD74930188ST-21-0.snv.bam	HT25A.snv.bam	M4.1-V3.metaT.snv.bam	M4.6-V2.metaT.snv.bam	MH0108.snv.bam	MH0192.snv.bam	MH0199.snv.bam	MH0205.snv.bam	MH0230.snv.bam	MH0247.snv.bam	MH0274.snv.bam	MH0289.snv.bam	MH0305.snv.bam	MH0311.snv.bam	MH0341.snv.bam	MH0342.snv.bam	MH0393.snv.bam	MH0411.snv.bam	MH0435.snv.bam	MH0452.snv.bam	MH0462.snv.bam	MMRS17603756ST-27-0-0.snv.bam	MMRS62376181ST-27-0-0.snv.bam	MMRS81130264ST-27-0-0.snv.bam	MMRS84954772ST-27-0-0.snv.bam	N052A.snv.bam	O2.UC49-0.snv.bam	SZEY-35A.snv.bam	T2D-103A.snv.bam	V1.CD12-3.snv.bam	V1.CD20-4.snv.bam	V1.CD32-0.snv.bam	V1.CD32-4.snv.bam	V1.CD41-0.snv.bam	V1.FI18.snv.bam	V1.FI24.snv.bam	V1.FI26.snv.bam	V1.FI30.snv.bam	V1.FI33.snv.bam	alien-11-0-0.snv.bam	alien-11-2-0.snv.bam	alien-11-7-0.snv.bam	peacemaker-11-0-0.snv.bam
159268001-stool2.snv.bam	0.0	0.159899483321	0.14170650356	0.0741278315898	0.109298929888	0.156490212695	0.0906222877802	0.108746513747	0.124164644337	0.210864682935	0.108593788297	0.110162376874	0.0538701347227	0.108772679931	0.0942072242474	0.122604886629	0.156189380155	0.128228091082	0.120590780915	0.11696615398	0.102086273578	0.125055740583	0.132303814592	0.185079265709	0.126597010134	0.0933325373221	0.112281065723	0.116395915776	0.111721565964	0.123552729271	0.125177488972	0.111899824908	0.0985020966001	0.169087507078	0.131548639823	0.202985045009	0.191500580748	0.107248485837	0.183978828065	0.132506431745	0.130774726156	0.103342497589	0.129003728921	0.0976160355397	0.0844284061801	0.114965958671	0.160029462777	0.108107444591	0.105841523691	0.104408183376	0.10442925983
BGI-06A.snv.bam	0.159899483321	0.0	0.131615391105	0.144431669938	0.163780075563	0.136528212258	0.145742453162	0.152191271321	0.166575403586	0.123495885879	0.154533018293	0.154296064486	0.162771096045	0.142791645889	0.152626349324	0.145488940793	0.177767334078	0.153666845048	0.145425815879	0.164861776266	0.139338624339	0.150156466738	0.155156553591	0.13388961039	0.154849644657	0.152790075953	0.160208302685	0.17011163808	0.141968928023	0.158772249175	0.140585311729	0.147009053777	0.160703368257	0.119195602484	0.169848336123	0.120423198197	0.113375878641	0.154138702876	0.148734484529	0.171007822361	0.167791684267	0.147027916659	0.163658526597	0.155963144846	0.148191247014	0.156703360473	0.116630159636	0.152967723738	0.152995748567	0.153045403043	0.150491053862
BGI003A.snv.bam	0.14170650356	0.131615391105	0.0	0.132277333279	0.127580577912	0.12327663118	0.121393029818	0.129459008823	0.128762497865	0.13417419796	0.12860997291	0.124429019605	0.150245357248	0.124899963806	0.140652493091	0.123815485771	0.159935599249	0.135960375933	0.125932929162	0.141151416787	0.109050775739	0.127233864852	0.127568253777	0.15179606989	0.135298019021	0.126251396237	0.13919215172	0.146136198189	0.122816504811	0.136183502795	0.131729883709	0.123236553744	0.131583220248	0.120226941428	0.148009380002	0.127752094307	0.141931193115	0.131066137431	0.149544297393	0.150189777299	0.148909126735	0.119077342486	0.146782104574	0.130927405107	0.134587827784	0.136349396026	0.125580174218	0.129776032858	0.129628865059	0.130309550216	0.114529433707
CCIS81735969ST-20-0.snv.bam	0.0741278315898	0.144431669938	0.132277333279	0.0	0.10414111974	0.147152083325	0.0905690204175	0.106097342838	0.118167210884	0.198467711852	0.0969388574827	0.0992872400682	0.0673865616638	0.0918292301775	0.039285340112	0.106229970181	0.14755268754	0.10433158284	0.103776294875	0.111650006801	0.0915151160976	0.0901691929106	0.0780802082866	0.170281800096	0.105341206614	0.105175357057	0.115920527461	0.122128909525	0.103898012532	0.118253389404	0.0916614553946	0.106985977105	0.115618173178	0.150248749847	0.126081273425	0.191261009146	0.177553389612	0.100756363332	0.162282153553	0.127625691262	0.125994708415	0.101402628889	0.123601401935	0.107923630095	0.0434056630228	0.0965268524342	0.140906925009	0.0999713548268	0.099644456331	0.0967941935799	0.106980911627
CCIS91228662ST-4-0.snv.bam	0.109298929888	0.163780075563	0.127580577912	0.10414111974	0.0	0.140479869577	0.0767323964974	0.107685713964	0.071066474796	0.19913305359	0.0587296001065	0.0630896682554	0.125482211109	0.0888120127367	0.109706961427	0.112415490044	0.147218682389	0.124611870461	0.110205169231	0.109908239953	0.0841801752122	0.113903026423	0.111629859299	0.175474324707	0.121824374651	0.110928377981	0.107949318767	0.121127097273	0.114156006351	0.124558056066	0.115596644558	0.09661069887	0.110083383531	0.156878113949	0.126067090556	0.191824493996	0.194829911985	0.0598099406961	0.168279287426	0.127563558742	0.12598328855	0.0928568957238	0.122893348478	0.0775925540563	0.10502959402	0.0930260314699	0.147316984248	0.0613735533136	0.0586005174295	0.0612805072061	0.106749179932
CCMD13071240ST-21-0.snv.bam	0.156490212695	0.136528212258	0.12327663118	0.147152083325	0.140479869577	0.0	0.136109320991	0.138254814212	0.142180205415	0.152768697495	0.135834506323	0.134482127696	0.160514949661	0.139171135404	0.148592303487	0.134059440869	0.15966585061	0.153594729943	0.13144402357	0.151284430812	0.110496907096	0.141711556417	0.139915831626	0.136066284539	0.154378513652	0.144230778495	0.150258053054	0.153548983696	0.138918251819	0.14217009525	0.134622677285	0.13209670436	0.143082504853	0.123421134357	0.157554107159	0.15196486626	0.172132602246	0.134108631551	0.170072226564	0.15891850072	0.155951046655	0.134603451431	0.155452042679	0.138587456135	0.150845015505	0.150037345678	0.115398561875	0.134725322348	0.131385691125	0.134882858444	0.145921295437
CCMD35802077ST-21-0.snv.bam	0.0906222877802	0.145742453162	0.121393029818	0.0905690204175	0.0767323964974	0.136109320991	0.0	0.106042051568	0.0862031581545	0.178775213513	0.092668256153	0.0958408173918	0.114389011461	0.0881367748866	0.0959919766425	0.0902490503717	0.113486356705	0.104436603035	0.0873382700491	0.0837507621613	0.078564140938	0.100185598552	0.0983085550792	0.156140498019	0.104619425421	0.0861396726184	0.0831440876986	0.0921165007116	0.0889301961774	0.0879357531191	0.102117567241	0.0713211862958	0.0864930858434	0.142817756533	0.0993320230458	0.174602990503	0.177221206007	0.0902807684152	0.154995733369	0.100471912881	0.100585955049	0.0758281009085	0.0956566458677	0.0972483316564	0.0845980573442	0.0969847000829	0.136556994689	0.0914632223536	0.0894846983959	0.0910741331502	0.0907096937051
CCMD63399960ST-21-0.snv.bam	0.108746513747	0.152191271321	0.129459008823	0.106097342838	0.107685713964	0.138254814212	0.106042051568	0.0	0.13155005213	0.198425377046	0.10395946917	0.103940791087	0.1061521633	0.105287621358	0.118099222409	0.112880268612	0.160900318924	0.115848320826	0.114023856758	0.126056210857	0.100485499278	0.101221200935	0.11415859489	0.153220318096	0.122399661041	0.0995287804525	0.12323457416	0.131983433548	0.117213924367	0.130345587207	0.109896181411	0.11709009495	0.0930166837256	0.133542335522	0.138636924286	0.195625566829	0.184149608566	0.107514120015	0.173334707051	0.141541046139	0.139950337116	0.0981786912623	0.13738354736	0.0968480896573	0.11555020824	0.10688125126	0.136688164031	0.108283882811	0.107557962438	0.107151697157	0.0998522143756
CCMD74930188ST-21-0.snv.bam	0.124164644337	0.166575403586	0.128762497865	0.118167210884	0.071066474796	0.142180205415	0.0862031581545	0.13155005213	0.0	0.20047037577	0.102583158806	0.099001101077	0.14535118226	0.0866122479979	0.131676423451	0.114916980427	0.149558033701	0.128542994593	0.114010239824	0.125689040099	0.0871304729946	0.119176053767	0.103596830182	0.180411622276	0.129806365132	0.109956665498	0.119157763832	0.127243990149	0.116534521836	0.13020653732	0.123246681737	0.0965933013347	0.116467074815	0.164389897471	0.129090397882	0.193118052523	0.202087901433	0.101730170127	0.167030856537	0.130558923097	0.128993074647	0.0952457671085	0.125368805045	0.123785189542	0.125036526985	0.12106830721	0.139702146703	0.102326598305	0.0998950553816	0.102490052996	0.0902174766599
HT25A.snv.bam	0.210864682935	0.123495885879	0.13417419796	0.198467711852	0.19913305359	0.152768697495	0.178775213513	0.198425377046	0.20047037577	0.0	0.199556872958	0.201463329056	0.221661256994	0.18333093777	0.20153720302	0.182600415085	0.198320119001	0.199343057284	0.186406568362	0.198691118899	0.174786895075	0.186275774715	0.182704697853	0.185053720879	0.189638921711	0.196809930752	0.203400834375	0.207197908927	0.18160512254	0.186433399467	0.196477263779	0.179272598451	0.202136562986	0.170626806906	0.203524503919	0.00256891892062	0.109798848353	0.194843794099	0.156316583674	0.207420459839	0.205954714842	0.18260406745	0.204112740428	0.197274801523	0.199283744448	0.206972941893	0.172073590875	0.193960118182	0.191613025341	0.195792750873	0.185157276436
M4.1-V3.metaT.snv.bam	0.108593788297	0.154533018293	0.12860997291	0.0969388574827	0.0587296001065	0.135834506323	0.092668256153	0.10395946917	0.102583158806	0.199556872958	0.0	0.0398472902441	0.119783027489	0.0866727404193	0.104177504163	0.114558056968	0.148702472301	0.126245948324	0.112024049216	0.117399591067	0.0891255842317	0.114510667477	0.109741577244	0.169232321315	0.117774440064	0.117397821801	0.115738109695	0.1193304698	0.111366879782	0.125389789495	0.108660376488	0.108055921256	0.0954218597677	0.152585069527	0.118963777136	0.191977086092	0.182535320968	0.00927809489734	0.176731659094	0.12430274624	0.12267687679	0.0921865495937	0.120466427069	0.0337145675234	0.102583912149	0.0852956687031	0.150314712098	0.011802693145	0.0100860749433	0.0124651204244	0.111584061608
M4.6-V2.metaT.snv.bam	0.110162376874	0.154296064486	0.124429019605	0.0992872400682	0.0630896682554	0.134482127696	0.0958408173918	0.103940791087	0.099001101077	0.201463329056	0.0398472902441	0.0	0.126995325053	0.0829568958201	0.110208655681	0.107540256418	0.142486806413	0.126056768683	0.10696535037	0.113592065819	0.0886017700125	0.104896638317	0.105421155334	0.149858025435	0.122245310174	0.122181005274	0.117619530832	0.120323800878	0.108858615661	0.121330678683	0.107286061346	0.103450023833	0.0981167509129	0.150658121554	0.121081446822	0.192790185978	0.177744266411	0.0450702315067	0.165956982883	0.126609210242	0.124077659502	0.0892924306036	0.12193328141	0.0633313080707	0.0975423533739	0.0871346106007	0.143963482767	0.0449825071665	0.0452608631678	0.0451148160833	0.109025005658
MH0108.snv.bam	0.0538701347227	0.162771096045	0.150245357248	0.0673865616638	0.125482211109	0.160514949661	0.114389011461	0.1061521633	0.14535118226	0.221661256994	0.119783027489	0.126995325053	0.0	0.127356975244	0.0777190725687	0.132065571806	0.180095769175	0.134455646454	0.13075726206	0.139672282945	0.108663283619	0.123181008906	0.129356153488	0.185758331503	0.128569314401	0.100822184467	0.136430882249	0.136611974335	0.118391567414	0.143160826059	0.118380257636	0.130324301022	0.118271336746	0.175915229537	0.154593579484	0.213849967208	0.191299627997	0.120429135841	0.188071589613	0.155272566187	0.153876160798	0.119422388392	0.152113811573	0.101213408987	0.0814490499548	0.127156508447	0.160878915314	0.120170385908	0.120246678895	0.117551240754	0.11989945955
MH0192.snv.bam	0.108772679931	0.142791645889	0.124899963806	0.0918292301775	0.0888120127367	0.139171135404	0.0881367748866	0.105287621358	0.0866122479979	0.18333093777	0.0866727404193	0.0829568958201	0.127356975244	0.0	0.0962935351312	0.102803352422	0.13070176999	0.0923097978374	0.0991374562303	0.107620054044	0.078162998673	0.0860063491208	0.080595312291	0.159570074889	0.103904855143	0.093996154777	0.106991237468	0.105822068805	0.102506389411	0.103691366499	0.0990362459205	0.0914408886111	0.105338196164	0.149045313761	0.105676279939	0.175833267954	0.172028236009	0.0882741795499	0.150696417098	0.107591639178	0.107661547175	0.087451332518	0.104950672501	0.101924145935	0.102157147808	0.104952703891	0.132517812368	0.0896604996938	0.0873894993033	0.0907595051636	0.0891853006536
MH0199.snv.bam	0.0942072242474	0.152626349324	0.140652493091	0.039285340112	0.109706961427	0.148592303487	0.0959919766425	0.118099222409	0.131676423451	0.20153720302	0.104177504163	0.110208655681	0.0777190725687	0.0962935351312	0.0	0.114738893408	0.150273869746	0.101575623016	0.112618874573	0.119881210453	0.0952086321609	0.0995199797076	0.0882420057642	0.161250501697	0.109821062781	0.106746125493	0.123436532805	0.126857155831	0.108301211739	0.118861823365	0.0947308929933	0.108011814027	0.120154088569	0.148679854187	0.134376736929	0.196068298105	0.187984492461	0.106860613771	0.167626071198	0.13554659217	0.133760107727	0.111758533728	0.132132694676	0.115100599706	0.0536293905932	0.100674935772	0.144042381906	0.106922371509	0.106166007608	0.106288474849	0.125901953695
MH0205.snv.bam	0.122604886629	0.145488940793	0.123815485771	0.106229970181	0.112415490044	0.134059440869	0.0902490503717	0.112880268612	0.114916980427	0.182600415085	0.114558056968	0.107540256418	0.132065571806	0.102803352422	0.114738893408	0.0	0.137244060879	0.116813897931	0.0210286593969	0.109858188484	0.0889628459882	0.118643627335	0.112170730907	0.156112226653	0.110064989083	0.115020829955	0.11350128949	0.118402561538	0.105397362854	0.10465868571	0.0950992835985	0.0978097465699	0.110294218221	0.146505199027	0.121858833433	0.174113660908	0.181127307604	0.11791960802	0.156997223574	0.122518033034	0.121604294566	0.0922970347743	0.118506226462	0.123329959282	0.108197340956	0.118174230861	0.127158699121	0.118117805655	0.114833380685	0.117673341024	0.107913841603
MH0230.snv.bam	0.156189380155	0.177767334078	0.159935599249	0.14755268754	0.147218682389	0.15966585061	0.113486356705	0.160900318924	0.149558033701	0.198320119001	0.148702472301	0.142486806413	0.180095769175	0.13070176999	0.150273869746	0.137244060879	0.0	0.131278211951	0.136913778111	0.0693421335565	0.125219469441	0.133870646635	0.144656004238	0.192717841807	0.139526120137	0.130318849286	0.0731055697029	0.0556680226595	0.140469199165	0.0875738923553	0.148142663986	0.138925875742	0.134673500868	0.178826955343	0.048248408872	0.192533265805	0.217235456534	0.145711917459	0.19927668331	0.0445857100199	0.044559725623	0.0981936659858	0.0411264243947	0.154046596874	0.150330409411	0.147504383802	0.169627175329	0.146378006979	0.147062150232	0.146736767154	0.137881131733
MH0247.snv.bam	0.128228091082	0.153666845048	0.135960375933	0.10433158284	0.124611870461	0.153594729943	0.104436603035	0.115848320826	0.128542994593	0.199343057284	0.126245948324	0.126056768683	0.134455646454	0.0923097978374	0.101575623016	0.116813897931	0.131278211951	0.0	0.114448047534	0.108754226121	0.0965567591464	0.099897658656	0.109719863977	0.170894267852	0.123919280704	0.0634068591401	0.107036668531	0.120162413716	0.109501048979	0.104904261527	0.105897126103	0.108394458705	0.122755868737	0.154359887408	0.109464985072	0.193726063991	0.189114064053	0.128004390005	0.153395576653	0.107542568072	0.106275082814	0.10562419474	0.106193117852	0.135259811	0.107992191274	0.104059681654	0.141818551518	0.128500864752	0.128189994119	0.129459186413	0.110892531525
MH0274.snv.bam	0.120590780915	0.145425815879	0.125932929162	0.103776294875	0.110205169231	0.13144402357	0.0873382700491	0.114023856758	0.114010239824	0.186406568362	0.112024049216	0.10696535037	0.13075726206	0.0991374562303	0.112618874573	0.0210286593969	0.136913778111	0.114448047534	0.0	0.106124448306	0.0888201565061	0.117065597519	0.109950647471	0.156068574647	0.104016911834	0.114593779873	0.112612242114	0.116357711715	0.0986114816	0.10149415585	0.0922729058586	0.0974109274263	0.110807124736	0.149645302562	0.119747889124	0.17702875942	0.186516943057	0.114924400642	0.159325399193	0.120017546612	0.118539112018	0.0930090098049	0.116463441492	0.120761745652	0.104398372348	0.115363129208	0.127096641172	0.115930795153	0.112135220445	0.115709706297	0.110223519357
MH0289.snv.bam	0.11696615398	0.164861776266	0.141151416787	0.111650006801	0.109908239953	0.151284430812	0.0837507621613	0.126056210857	0.125689040099	0.198691118899	0.117399591067	0.113592065819	0.139672282945	0.107620054044	0.119881210453	0.109858188484	0.0693421335565	0.108754226121	0.106124448306	0.0	0.090413281407	0.112734078466	0.114209243968	0.184381771071	0.118111054284	0.0967567753366	0.0376302292513	0.037373349395	0.119496586052	0.0868216416388	0.121988735228	0.114722824014	0.101077209588	0.163921561795	0.0438425101632	0.190179204878	0.197966839371	0.120372284646	0.162598781296	0.0412604639657	0.0403514462759	0.0678497522266	0.0373811822554	0.12022487314	0.109112219611	0.120529658642	0.146867790625	0.120766112839	0.120842973989	0.120527991576	0.111910084361
MH0305.snv.bam	0.102086273578	0.139338624339	0.109050775739	0.0915151160976	0.0841801752122	0.110496907096	0.078564140938	0.100485499278	0.0871304729946	0.174786895075	0.0891255842317	0.0886017700125	0.108663283619	0.078162998673	0.0952086321609	0.0889628459882	0.125219469441	0.0965567591464	0.0888201565061	0.090413281407	0.0	0.0914172117694	0.0944745567822	0.153884366246	0.0968882049095	0.0967445620614	0.0910507591923	0.0877953640683	0.0816728342691	0.104933758736	0.10114141003	0.0686484533052	0.095768742829	0.13904467079	0.0969255498853	0.167894095266	0.173612117115	0.0903647287534	0.149266984661	0.0977713857685	0.0964299048679	0.0750465469652	0.0973775542837	0.10487347487	0.0905395369633	0.100866989938	0.12024713787	0.0923867232205	0.0896278963287	0.0930039535929	0.0961634640418
MH0311.snv.bam	0.125055740583	0.150156466738	0.127233864852	0.0901691929106	0.113903026423	0.141711556417	0.100185598552	0.101221200935	0.119176053767	0.186275774715	0.114510667477	0.104896638317	0.123181008906	0.0860063491208	0.0995199797076	0.118643627335	0.133870646635	0.099897658656	0.117065597519	0.112734078466	0.0914172117694	0.0	0.0719946353184	0.163274314837	0.115902378898	0.107881310506	0.114085304319	0.116545251303	0.112459746649	0.108228680781	0.100250436267	0.0957872749011	0.118767952365	0.153479021027	0.117413196276	0.180552465956	0.176822681113	0.114188649679	0.159896925409	0.117643394209	0.116801596636	0.0980675157608	0.112169350571	0.118669994978	0.101596717074	0.101609073399	0.137096869682	0.113853404708	0.113890472672	0.115358309743	0.102165336765
MH0341.snv.bam	0.132303814592	0.155156553591	0.127568253777	0.0780802082866	0.111629859299	0.139915831626	0.0983085550792	0.11415859489	0.103596830182	0.182704697853	0.109741577244	0.105421155334	0.129356153488	0.080595312291	0.0882420057642	0.112170730907	0.144656004238	0.109719863977	0.109950647471	0.114209243968	0.0944745567822	0.0719946353184	0.0	0.170556073108	0.10804723133	0.119417236919	0.124740577214	0.128383788128	0.111610394996	0.124491104733	0.0987666783635	0.105750314167	0.116890691954	0.15493482756	0.127725551904	0.17671024744	0.184575631087	0.115023135618	0.158152688227	0.128513623257	0.127236411046	0.100672055415	0.125626993967	0.120121836997	0.106668552738	0.116252244223	0.138693000498	0.114913818327	0.114876124951	0.114275735908	0.0972870279999
MH0342.snv.bam	0.185079265709	0.13388961039	0.15179606989	0.170281800096	0.175474324707	0.136066284539	0.156140498019	0.153220318096	0.180411622276	0.185053720879	0.169232321315	0.149858025435	0.185758331503	0.159570074889	0.161250501697	0.156112226653	0.192717841807	0.170894267852	0.156068574647	0.184381771071	0.153884366246	0.163274314837	0.170556073108	0.0	0.164898365641	0.173372438403	0.174564500792	0.185235863576	0.157450970099	0.176000406051	0.153712098523	0.155641847401	0.175120843529	0.0799927357439	0.183360230817	0.18228784444	0.17034963896	0.169161190193	0.171155505962	0.185508825353	0.183763244732	0.158266421587	0.179097932398	0.170691668079	0.169466047741	0.171010683945	0.122191397555	0.16900976007	0.168036760906	0.171051637926	0.165362641892
MH0393.snv.bam	0.126597010134	0.154849644657	0.135298019021	0.105341206614	0.121824374651	0.154378513652	0.104619425421	0.122399661041	0.129806365132	0.189638921711	0.117774440064	0.122245310174	0.128569314401	0.103904855143	0.109821062781	0.110064989083	0.139526120137	0.123919280704	0.104016911834	0.118111054284	0.0968882049095	0.115902378898	0.10804723133	0.164898365641	0.0	0.113622738796	0.12163725455	0.113231232468	0.0361578925083	0.124451385012	0.111538519987	0.110469883161	0.121129718022	0.156786056271	0.124532368562	0.185277132987	0.192718705395	0.117963622907	0.165236326346	0.126896476179	0.125362722581	0.111484536301	0.122107694321	0.120811117458	0.10177596794	0.116993710188	0.13839757003	0.119061549487	0.119509682836	0.120197053755	0.127428717648
MH0411.snv.bam	0.0933325373221	0.152790075953	0.126251396237	0.105175357057	0.110928377981	0.144230778495	0.0861396726184	0.0995287804525	0.109956665498	0.196809930752	0.117397821801	0.122181005274	0.100822184467	0.093996154777	0.106746125493	0.115020829955	0.130318849286	0.0634068591401	0.114593779873	0.0967567753366	0.0967445620614	0.107881310506	0.119417236919	0.173372438403	0.113622738796	0.0	0.093625827436	0.108556761792	0.105893878365	0.0969872282579	0.116969231021	0.106081502763	0.0898089541494	0.156502879605	0.113691102717	0.191464399514	0.18739116951	0.118554650987	0.161379808185	0.112969134928	0.111819521687	0.104478930377	0.108029210639	0.101223306369	0.102793535571	0.105824581071	0.138079710262	0.11844162931	0.117226822356	0.119623279351	0.0946515391712
MH0435.snv.bam	0.112281065723	0.160208302685	0.13919215172	0.115920527461	0.107949318767	0.150258053054	0.0831440876986	0.12323457416	0.119157763832	0.203400834375	0.115738109695	0.117619530832	0.136430882249	0.106991237468	0.123436532805	0.11350128949	0.0731055697029	0.107036668531	0.112612242114	0.0376302292513	0.0910507591923	0.114085304319	0.124740577214	0.174564500792	0.12163725455	0.093625827436	0.0	0.0514392246063	0.11299349693	0.0896924069894	0.126283942392	0.10400336689	0.0879792612092	0.161005395459	0.0389258396551	0.19448548367	0.195484462319	0.117073178587	0.172610962383	0.0383045757986	0.0386544652897	0.0702039848989	0.0426991264311	0.116995413931	0.11079289107	0.106065574088	0.149676484384	0.116690199884	0.11719903429	0.117568328504	0.112072954217
MH0452.snv.bam	0.116395915776	0.17011163808	0.146136198189	0.122128909525	0.121127097273	0.153548983696	0.0921165007116	0.131983433548	0.127243990149	0.207197908927	0.1193304698	0.120323800878	0.136611974335	0.105822068805	0.126857155831	0.118402561538	0.0556680226595	0.120162413716	0.116357711715	0.037373349395	0.0877953640683	0.116545251303	0.128383788128	0.185235863576	0.113231232468	0.108556761792	0.0514392246063	0.0	0.120076812276	0.0797980310715	0.128227562745	0.115724108574	0.10355599591	0.171354066338	0.0249393479201	0.198183792858	0.201690836311	0.117498333978	0.181250145986	0.0214041599426	0.0219769324733	0.065575516205	0.0183803291091	0.125269908984	0.115604361439	0.125425979826	0.155659128468	0.119898462638	0.118746812465	0.118581831693	0.115325019919
MH0462.snv.bam	0.111721565964	0.141968928023	0.122816504811	0.103898012532	0.114156006351	0.138918251819	0.0889301961774	0.117213924367	0.116534521836	0.18160512254	0.111366879782	0.108858615661	0.118391567414	0.102506389411	0.108301211739	0.105397362854	0.140469199165	0.109501048979	0.0986114816	0.119496586052	0.0816728342691	0.112459746649	0.111610394996	0.157450970099	0.0361578925083	0.105893878365	0.11299349693	0.120076812276	0.0	0.122047772376	0.107918669257	0.0928725584222	0.103349664251	0.145187601517	0.125365554105	0.17767807964	0.179597006742	0.111695996943	0.155158301002	0.126552128061	0.124722233304	0.100736842821	0.12148124496	0.114409246251	0.0998935437836	0.115283070487	0.12693497106	0.111472422572	0.111828047927	0.113229904144	0.117762906151
MMRS17603756ST-27-0-0.snv.bam	0.123552729271	0.158772249175	0.136183502795	0.118253389404	0.124558056066	0.14217009525	0.0879357531191	0.130345587207	0.13020653732	0.186433399467	0.125389789495	0.121330678683	0.143160826059	0.103691366499	0.118861823365	0.10465868571	0.0875738923553	0.104904261527	0.10149415585	0.0868216416388	0.104933758736	0.108228680781	0.124491104733	0.176000406051	0.124451385012	0.0969872282579	0.0896924069894	0.0797980310715	0.122047772376	0.0	0.123480392589	0.121771266373	0.1085096819	0.159041978696	0.0807156277486	0.182363301999	0.182528881079	0.124077147236	0.178333224698	0.0793830243947	0.0778927183905	0.0886524274889	0.0762367811	0.132414211148	0.119691945437	0.112127402022	0.149610824474	0.124559183469	0.123261322227	0.125739557619	0.111042416946
MMRS62376181ST-27-0-0.snv.bam	0.125177488972	0.140585311729	0.131729883709	0.0916614553946	0.115596644558	0.134622677285	0.102117567241	0.109896181411	0.123246681737	0.196477263779	0.108660376488	0.107286061346	0.118380257636	0.0990362459205	0.0947308929933	0.0950992835985	0.148142663986	0.105897126103	0.0922729058586	0.121988735228	0.10114141003	0.100250436267	0.0987666783635	0.153712098523	0.111538519987	0.116969231021	0.126283942392	0.128227562745	0.107918669257	0.123480392589	0.0	0.0986613735233	0.111924454172	0.150203015726	0.130185995681	0.188916498782	0.183364486451	0.113121307889	0.162511340353	0.128456721849	0.127918833449	0.0969836630035	0.127750879914	0.124960023183	0.102008129883	0.0985479112492	0.133040343306	0.114167659678	0.112152101875	0.113890933291	0.11663716204
MMRS81130264ST-27-0-0.snv.bam	0.111899824908	0.147009053777	0.123236553744	0.106985977105	0.09661069887	0.13209670436	0.0713211862958	0.11709009495	0.0965933013347	0.179272598451	0.108055921256	0.103450023833	0.130324301022	0.0914408886111	0.108011814027	0.0978097465699	0.138925875742	0.108394458705	0.0974109274263	0.114722824014	0.0686484533052	0.0957872749011	0.105750314167	0.155641847401	0.110469883161	0.106081502763	0.10400336689	0.115724108574	0.0928725584222	0.121771266373	0.0986613735233	0.0	0.102944095757	0.148567891804	0.120957247914	0.175787776629	0.177284811509	0.105906852578	0.15217631972	0.122053728384	0.120489244805	0.0957799146091	0.116910170547	0.113670103361	0.107712748781	0.110751060458	0.13450928363	0.107794732936	0.104346509877	0.107597569535	0.111048580475
MMRS84954772ST-27-0-0.snv.bam	0.0985020966001	0.160703368257	0.131583220248	0.115618173178	0.110083383531	0.143082504853	0.0864930858434	0.0930166837256	0.116467074815	0.202136562986	0.0954218597677	0.0981167509129	0.118271336746	0.105338196164	0.120154088569	0.110294218221	0.134673500868	0.122755868737	0.110807124736	0.101077209588	0.095768742829	0.118767952365	0.116890691954	0.175120843529	0.121129718022	0.0898089541494	0.0879792612092	0.10355599591	0.103349664251	0.1085096819	0.111924454172	0.102944095757	0.0	0.160379900264	0.106048674779	0.195380116593	0.187378885289	0.099258473096	0.175309032269	0.110479561424	0.10896746441	0.0873147713182	0.107002211852	0.087130432711	0.115395629534	0.0904470192356	0.139762317279	0.0989111570913	0.0985483968801	0.101160180649	0.100474615859
N052A.snv.bam	0.169087507078	0.119195602484	0.120226941428	0.150248749847	0.156878113949	0.123421134357	0.142817756533	0.133542335522	0.164389897471	0.170626806906	0.152585069527	0.150658121554	0.175915229537	0.149045313761	0.148679854187	0.146505199027	0.178826955343	0.154359887408	0.149645302562	0.163921561795	0.13904467079	0.153479021027	0.15493482756	0.0799927357439	0.156786056271	0.156502879605	0.161005395459	0.171354066338	0.145187601517	0.159041978696	0.150203015726	0.148567891804	0.160379900264	0.0	0.167608813665	0.166170862668	0.167221162338	0.15795124703	0.171279949387	0.170666919088	0.169146684186	0.142749180857	0.165884405271	0.161177886129	0.151711015791	0.152781852221	0.116750410318	0.156050132141	0.156093515086	0.156785092419	0.149505153829
O2.UC49-0.snv.bam	0.131548639823	0.169848336123	0.148009380002	0.126081273425	0.126067090556	0.157554107159	0.0993320230458	0.138636924286	0.129090397882	0.203524503919	0.118963777136	0.121081446822	0.154593579484	0.105676279939	0.134376736929	0.121858833433	0.048248408872	0.109464985072	0.119747889124	0.0438425101632	0.0969255498853	0.117413196276	0.127725551904	0.183360230817	0.124532368562	0.113691102717	0.0389258396551	0.0249393479201	0.125365554105	0.0807156277486	0.130185995681	0.120957247914	0.106048674779	0.167608813665	0.0	0.194322920656	0.198948344071	0.119193322944	0.1754601647	0.0051908734372	0.00545590483558	0.0673265099714	0.0112153896837	0.127547806528	0.12356697862	0.122135956109	0.157620258247	0.12024504691	0.120746949581	0.120418264265	0.120208694722
SZEY-35A.snv.bam	0.202985045009	0.120423198197	0.127752094307	0.191261009146	0.191824493996	0.15196486626	0.174602990503	0.195625566829	0.193118052523	0.00256891892062	0.191977086092	0.192790185978	0.213849967208	0.175833267954	0.196068298105	0.174113660908	0.192533265805	0.193726063991	0.17702875942	0.190179204878	0.167894095266	0.180552465956	0.17671024744	0.18228784444	0.185277132987	0.191464399514	0.19448548367	0.198183792858	0.17767807964	0.182363301999	0.188916498782	0.175787776629	0.195380116593	0.166170862668	0.194322920656	0.0	0.106579924805	0.18738335616	0.158878355688	0.198533389974	0.197048459003	0.176058350527	0.195206920661	0.190173158223	0.190956547434	0.200880116404	0.16630694337	0.186592904819	0.183888335236	0.188250344263	0.177174767581
T2D-103A.snv.bam	0.191500580748	0.113375878641	0.141931193115	0.177553389612	0.194829911985	0.172132602246	0.177221206007	0.184149608566	0.202087901433	0.109798848353	0.182535320968	0.177744266411	0.191299627997	0.172028236009	0.187984492461	0.181127307604	0.217235456534	0.189114064053	0.186516943057	0.197966839371	0.173612117115	0.176822681113	0.184575631087	0.17034963896	0.192718705395	0.18739116951	0.195484462319	0.201690836311	0.179597006742	0.182528881079	0.183364486451	0.177284811509	0.187378885289	0.167221162338	0.198948344071	0.106579924805	0.0	0.181040712344	0.159919191665	0.203697444514	0.202244636417	0.180035850225	0.199877709627	0.178509426798	0.185256053125	0.187387196116	0.163232329669	0.180055494207	0.178843950714	0.179453146135	0.181153051605
V1.CD12-3.snv.bam	0.107248485837	0.154138702876	0.131066137431	0.100756363332	0.0598099406961	0.134108631551	0.0902807684152	0.107514120015	0.101730170127	0.194843794099	0.00927809489734	0.0450702315067	0.120429135841	0.0882741795499	0.106860613771	0.11791960802	0.145711917459	0.128004390005	0.114924400642	0.120372284646	0.0903647287534	0.114188649679	0.115023135618	0.169161190193	0.117963622907	0.118554650987	0.117073178587	0.117498333978	0.111695996943	0.124077147236	0.113121307889	0.105906852578	0.099258473096	0.15795124703	0.119193322944	0.18738335616	0.181040712344	0.0	0.175438379397	0.123366915474	0.122278001461	0.0922699498919	0.120165722967	0.0280086805669	0.107371020287	0.0881115435872	0.151490763264	0.00478431882348	0.0024955592082	0.00633919919935	0.111394699151
V1.CD20-4.snv.bam	0.183978828065	0.148734484529	0.149544297393	0.162282153553	0.168279287426	0.170072226564	0.154995733369	0.173334707051	0.167030856537	0.156316583674	0.176731659094	0.165956982883	0.188071589613	0.150696417098	0.167626071198	0.156997223574	0.19927668331	0.153395576653	0.159325399193	0.162598781296	0.149266984661	0.159896925409	0.158152688227	0.171155505962	0.165236326346	0.161379808185	0.172610962383	0.181250145986	0.155158301002	0.178333224698	0.162511340353	0.15217631972	0.175309032269	0.171279949387	0.1754601647	0.158878355688	0.159919191665	0.175438379397	0.0	0.179678379135	0.177179549768	0.14183924215	0.177107478562	0.173148931133	0.164185805047	0.175085321615	0.136626036694	0.174797933663	0.175971007354	0.175307734775	0.156561264313
V1.CD32-0.snv.bam	0.132506431745	0.171007822361	0.150189777299	0.127625691262	0.127563558742	0.15891850072	0.100471912881	0.141541046139	0.130558923097	0.207420459839	0.12430274624	0.126609210242	0.155272566187	0.107591639178	0.13554659217	0.122518033034	0.0445857100199	0.107542568072	0.120017546612	0.0412604639657	0.0977713857685	0.117643394209	0.128513623257	0.185508825353	0.126896476179	0.112969134928	0.0383045757986	0.0214041599426	0.126552128061	0.0793830243947	0.128456721849	0.122053728384	0.110479561424	0.170666919088	0.0051908734372	0.198533389974	0.203697444514	0.123366915474	0.179678379135	0.0	0.00121675675157	0.0687438189458	0.00730616465644	0.131182823516	0.124522857711	0.125884272419	0.158931323915	0.124710450506	0.125179572091	0.124684117615	0.121693563268
V1.CD32-4.snv.bam	0.130774726156	0.167791684267	0.148909126735	0.125994708415	0.12598328855	0.155951046655	0.100585955049	0.139950337116	0.128993074647	0.205954714842	0.12267687679	0.124077659502	0.153876160798	0.107661547175	0.133760107727	0.121604294566	0.044559725623	0.106275082814	0.118539112018	0.0403514462759	0.0964299048679	0.116801596636	0.127236411046	0.183763244732	0.125362722581	0.111819521687	0.0386544652897	0.0219769324733	0.124722233304	0.0778927183905	0.127918833449	0.120489244805	0.10896746441	0.169146684186	0.00545590483558	0.197048459003	0.202244636417	0.122278001461	0.177179549768	0.00121675675157	0.0	0.0668784656547	0.00770102138081	0.130318548942	0.123701241492	0.124325663908	0.156049959188	0.123147644712	0.123595588525	0.123111609262	0.120047114198
V1.CD41-0.snv.bam	0.103342497589	0.147027916659	0.119077342486	0.101402628889	0.0928568957238	0.134603451431	0.0758281009085	0.0981786912623	0.0952457671085	0.18260406745	0.0921865495937	0.0892924306036	0.119422388392	0.087451332518	0.111758533728	0.0922970347743	0.0981936659858	0.10562419474	0.0930090098049	0.0678497522266	0.0750465469652	0.0980675157608	0.100672055415	0.158266421587	0.111484536301	0.104478930377	0.0702039848989	0.065575516205	0.100736842821	0.0886524274889	0.0969836630035	0.0957799146091	0.0873147713182	0.142749180857	0.0673265099714	0.176058350527	0.180035850225	0.0922699498919	0.14183924215	0.0687438189458	0.0668784656547	0.0	0.0666345817951	0.0994443478949	0.105843997708	0.105969059874	0.131343224049	0.0919199218033	0.0943604974315	0.0908948126394	0.0822741918433
V1.FI18.snv.bam	0.129003728921	0.163658526597	0.146782104574	0.123601401935	0.122893348478	0.155452042679	0.0956566458677	0.13738354736	0.125368805045	0.204112740428	0.120466427069	0.12193328141	0.152113811573	0.104950672501	0.132132694676	0.118506226462	0.0411264243947	0.106193117852	0.116463441492	0.0373811822554	0.0973775542837	0.112169350571	0.125626993967	0.179097932398	0.122107694321	0.108029210639	0.0426991264311	0.0183803291091	0.12148124496	0.0762367811	0.127750879914	0.116910170547	0.107002211852	0.165884405271	0.0112153896837	0.195206920661	0.199877709627	0.120165722967	0.177107478562	0.00730616465644	0.00770102138081	0.0666345817951	0.0	0.128587828874	0.121513865139	0.122536298322	0.152577114889	0.121022081693	0.121440227893	0.120972905203	0.118159373841
V1.FI24.snv.bam	0.0976160355397	0.155963144846	0.130927405107	0.107923630095	0.0775925540563	0.138587456135	0.0972483316564	0.0968480896573	0.123785189542	0.197274801523	0.0337145675234	0.0633313080707	0.101213408987	0.101924145935	0.115100599706	0.123329959282	0.154046596874	0.135259811	0.120761745652	0.12022487314	0.10487347487	0.118669994978	0.120121836997	0.170691668079	0.120811117458	0.101223306369	0.116995413931	0.125269908984	0.114409246251	0.132414211148	0.124960023183	0.113670103361	0.087130432711	0.161177886129	0.127547806528	0.190173158223	0.178509426798	0.0280086805669	0.173148931133	0.131182823516	0.130318548942	0.0994443478949	0.128587828874	0.0	0.111687979683	0.0998294475557	0.152685116061	0.0297883590137	0.0299623801931	0.0309516734713	0.115612313255
V1.FI26.snv.bam	0.0844284061801	0.148191247014	0.134587827784	0.0434056630228	0.10502959402	0.150845015505	0.0845980573442	0.11555020824	0.125036526985	0.199283744448	0.102583912149	0.0975423533739	0.0814490499548	0.102157147808	0.0536293905932	0.108197340956	0.150330409411	0.107992191274	0.104398372348	0.109112219611	0.0905395369633	0.101596717074	0.106668552738	0.169466047741	0.10177596794	0.102793535571	0.11079289107	0.115604361439	0.0998935437836	0.119691945437	0.102008129883	0.107712748781	0.115395629534	0.151711015791	0.12356697862	0.190956547434	0.185256053125	0.107371020287	0.164185805047	0.124522857711	0.123701241492	0.105843997708	0.121513865139	0.111687979683	0.0	0.0987012563444	0.144613817308	0.106901242905	0.106410915101	0.105542827456	0.12024769284
V1.FI30.snv.bam	0.114965958671	0.156703360473	0.136349396026	0.0965268524342	0.0930260314699	0.150037345678	0.0969847000829	0.10688125126	0.12106830721	0.206972941893	0.0852956687031	0.0871346106007	0.127156508447	0.104952703891	0.100674935772	0.118174230861	0.147504383802	0.104059681654	0.115363129208	0.120529658642	0.100866989938	0.101609073399	0.116252244223	0.171010683945	0.116993710188	0.105824581071	0.106065574088	0.125425979826	0.115283070487	0.112127402022	0.0985479112492	0.110751060458	0.0904470192356	0.152781852221	0.122135956109	0.200880116404	0.187387196116	0.0881115435872	0.175085321615	0.125884272419	0.124325663908	0.105969059874	0.122536298322	0.0998294475557	0.0987012563444	0.0	0.149978090161	0.0882864658435	0.0875499272965	0.0890204720702	0.121173061211
V1.FI33.snv.bam	0.160029462777	0.116630159636	0.125580174218	0.140906925009	0.147316984248	0.115398561875	0.136556994689	0.136688164031	0.139702146703	0.172073590875	0.150314712098	0.143963482767	0.160878915314	0.132517812368	0.144042381906	0.127158699121	0.169627175329	0.141818551518	0.127096641172	0.146867790625	0.12024713787	0.137096869682	0.138693000498	0.122191397555	0.13839757003	0.138079710262	0.149676484384	0.155659128468	0.12693497106	0.149610824474	0.133040343306	0.13450928363	0.139762317279	0.116750410318	0.157620258247	0.16630694337	0.163232329669	0.151490763264	0.136626036694	0.158931323915	0.156049959188	0.131343224049	0.152577114889	0.152685116061	0.144613817308	0.149978090161	0.0	0.151349727274	0.151206533893	0.151221291634	0.128689681846
alien-11-0-0.snv.bam	0.108107444591	0.152967723738	0.129776032858	0.0999713548268	0.0613735533136	0.134725322348	0.0914632223536	0.108283882811	0.102326598305	0.193960118182	0.011802693145	0.0449825071665	0.120170385908	0.0896604996938	0.106922371509	0.118117805655	0.146378006979	0.128500864752	0.115930795153	0.120766112839	0.0923867232205	0.113853404708	0.114913818327	0.16900976007	0.119061549487	0.11844162931	0.116690199884	0.119898462638	0.111472422572	0.124559183469	0.114167659678	0.107794732936	0.0989111570913	0.156050132141	0.12024504691	0.186592904819	0.180055494207	0.00478431882348	0.174797933663	0.124710450506	0.123147644712	0.0919199218033	0.121022081693	0.0297883590137	0.106901242905	0.0882864658435	0.151349727274	0.0	0.00505892990071	0.00633624965647	0.111177366368
alien-11-2-0.snv.bam	0.105841523691	0.152995748567	0.129628865059	0.099644456331	0.0586005174295	0.131385691125	0.0894846983959	0.107557962438	0.0998950553816	0.191613025341	0.0100860749433	0.0452608631678	0.120246678895	0.0873894993033	0.106166007608	0.114833380685	0.147062150232	0.128189994119	0.112135220445	0.120842973989	0.0896278963287	0.113890472672	0.114876124951	0.168036760906	0.119509682836	0.117226822356	0.11719903429	0.118746812465	0.111828047927	0.123261322227	0.112152101875	0.104346509877	0.0985483968801	0.156093515086	0.120746949581	0.183888335236	0.178843950714	0.0024955592082	0.175971007354	0.125179572091	0.123595588525	0.0943604974315	0.121440227893	0.0299623801931	0.106410915101	0.0875499272965	0.151206533893	0.00505892990071	0.0	0.00647983768233	0.108753212164
alien-11-7-0.snv.bam	0.104408183376	0.153045403043	0.130309550216	0.0967941935799	0.0612805072061	0.134882858444	0.0910741331502	0.107151697157	0.102490052996	0.195792750873	0.0124651204244	0.0451148160833	0.117551240754	0.0907595051636	0.106288474849	0.117673341024	0.146736767154	0.129459186413	0.115709706297	0.120527991576	0.0930039535929	0.115358309743	0.114275735908	0.171051637926	0.120197053755	0.119623279351	0.117568328504	0.118581831693	0.113229904144	0.125739557619	0.113890933291	0.107597569535	0.101160180649	0.156785092419	0.120418264265	0.188250344263	0.179453146135	0.00633919919935	0.175307734775	0.124684117615	0.123111609262	0.0908948126394	0.120972905203	0.0309516734713	0.105542827456	0.0890204720702	0.151221291634	0.00633624965647	0.00647983768233	0.0	0.111070159897
