	158802708-stool1.snv.bam	160178356-stool3.snv.bam	682102541-stool3.snv.bam	764366428-stool3.snv.bam	764487809-stool2.snv.bam	764588959-stool1.snv.bam	764588959-stool2.snv.bam	765074482-stool2.snv.bam	765195863-stool3.snv.bam	BYQ_AAAD.snv.bam	BYQ_AAAO.snv.bam	BYQ_AAAX.snv.bam	CCIS02124300ST-4-0.snv.bam	CCIS03857607ST-4-0.snv.bam	CCIS10706551ST-3-0.snv.bam	CCIS38765456ST-20-0.snv.bam	CCIS62605362ST-3-0.snv.bam	CCIS70398272ST-4-0.snv.bam	CCMD26709089ST-21-0.snv.bam	CCMD42428553ST-21-0.snv.bam	MH0191.snv.bam	MH0205.snv.bam	MH0250.snv.bam	MH0253.snv.bam	MH0260.snv.bam	MH0266.snv.bam	MH0276.snv.bam	MH0292.snv.bam	MH0316.snv.bam	MH0391.snv.bam	MH0416.snv.bam	MH0422.snv.bam	MH0436.snv.bam	MH0443.snv.bam	MMRS21365932ST-27-0-0.snv.bam	MMRS39415781ST-27-0-0.snv.bam	MMRS56137463ST-27-0-0.snv.bam	MMRS67247116ST-27-0-0.snv.bam	MMRS93621581ST-27-0-0.snv.bam	N082A.snv.bam	NLM029.snv.bam	NOF012.snv.bam	NOM010.snv.bam	O2.UC13-1.snv.bam	O2.UC48-1.snv.bam	SZEY-58A.snv.bam	T2D-105A.snv.bam	T2D-45A.snv.bam	V1.UC22-1.snv.bam	V1.UC51-4.snv.bam	V1.UC52-0.snv.bam	V1.UC55-0.snv.bam	scavenger-11-0-0.snv.bam	scavenger-11-60-0.snv.bam	scavenger-11-7-0.snv.bam
158802708-stool1.snv.bam	0.0	0.197604790419	0.191616766467	0.158682634731	0.197604790419	0.221556886228	0.218562874251	0.152694610778	0.218562874251	0.170658682635	0.170658682635	0.170658682635	0.194610778443	0.185628742515	0.182634730539	0.185628742515	0.188622754491	0.170658682635	0.203592814371	0.209580838323	0.194610778443	0.188622754491	0.239520958084	0.164670658683	0.191616766467	0.176646706587	0.167664670659	0.197604790419	0.203592814371	0.218562874251	0.191616766467	0.212574850299	0.179640718563	0.200598802395	0.209580838323	0.197604790419	0.182634730539	0.197604790419	0.200598802395	0.134730538922	0.119760479042	0.134730538922	0.14371257485	0.182634730539	0.119760479042	0.167664670659	0.176646706587	0.197604790419	0.197604790419	0.212574850299	0.224550898204	0.116766467066	0.182634730539	0.185628742515	0.185628742515
160178356-stool3.snv.bam	0.197604790419	0.0	0.155688622754	0.221556886228	0.149700598802	0.167664670659	0.167664670659	0.203592814371	0.185628742515	0.122754491018	0.122754491018	0.122754491018	0.0958083832335	0.122754491018	0.131736526946	0.140718562874	0.179640718563	0.131736526946	0.149700598802	0.125748502994	0.149700598802	0.131736526946	0.176646706587	0.206586826347	0.167664670659	0.137724550898	0.149700598802	0.125748502994	0.0958083832335	0.0808383233533	0.155688622754	0.0538922155689	0.101796407186	0.0449101796407	0.0688622754491	0.137724550898	0.137724550898	0.0538922155689	0.164670658683	0.254491017964	0.218562874251	0.203592814371	0.236526946108	0.158682634731	0.179640718563	0.236526946108	0.25748502994	0.149700598802	0.167664670659	0.104790419162	0.173652694611	0.179640718563	0.137724550898	0.137724550898	0.137724550898
682102541-stool3.snv.bam	0.191616766467	0.155688622754	0.0	0.239520958084	0.11377245509	0.167664670659	0.167664670659	0.146706586826	0.134730538922	0.122754491018	0.122754491018	0.122754491018	0.134730538922	0.137724550898	0.107784431138	0.0958083832335	0.116766467066	0.116766467066	0.149700598802	0.149700598802	0.14371257485	0.122754491018	0.209580838323	0.140718562874	0.149700598802	0.170658682635	0.146706586826	0.0958083832335	0.119760479042	0.149700598802	0.167664670659	0.152694610778	0.155688622754	0.152694610778	0.137724550898	0.116766467066	0.116766467066	0.14371257485	0.140718562874	0.248502994012	0.218562874251	0.185628742515	0.239520958084	0.116766467066	0.185628742515	0.233532934132	0.266467065868	0.11377245509	0.0778443113772	0.152694610778	0.170658682635	0.185628742515	0.146706586826	0.149700598802	0.149700598802
764366428-stool3.snv.bam	0.158682634731	0.221556886228	0.239520958084	0.0	0.224550898204	0.248502994012	0.248502994012	0.191616766467	0.239520958084	0.206586826347	0.206586826347	0.206586826347	0.218562874251	0.209580838323	0.215568862275	0.215568862275	0.245508982036	0.182634730539	0.239520958084	0.224550898204	0.206586826347	0.206586826347	0.224550898204	0.182634730539	0.212574850299	0.188622754491	0.197604790419	0.233532934132	0.25748502994	0.233532934132	0.215568862275	0.230538922156	0.191616766467	0.230538922156	0.22754491018	0.215568862275	0.206586826347	0.233532934132	0.230538922156	0.146706586826	0.116766467066	0.116766467066	0.116766467066	0.224550898204	0.146706586826	0.146706586826	0.140718562874	0.22754491018	0.245508982036	0.218562874251	0.230538922156	0.146706586826	0.233532934132	0.236526946108	0.233532934132
764487809-stool2.snv.bam	0.197604790419	0.149700598802	0.11377245509	0.224550898204	0.0	0.191616766467	0.191616766467	0.185628742515	0.179640718563	0.137724550898	0.137724550898	0.137724550898	0.146706586826	0.173652694611	0.101796407186	0.125748502994	0.140718562874	0.12874251497	0.119760479042	0.14371257485	0.137724550898	0.164670658683	0.221556886228	0.134730538922	0.110778443114	0.140718562874	0.101796407186	0.119760479042	0.119760479042	0.152694610778	0.149700598802	0.140718562874	0.152694610778	0.152694610778	0.155688622754	0.116766467066	0.155688622754	0.14371257485	0.152694610778	0.251497005988	0.230538922156	0.215568862275	0.224550898204	0.0928143712575	0.203592814371	0.22754491018	0.281437125749	0.107784431138	0.125748502994	0.158682634731	0.200598802395	0.203592814371	0.119760479042	0.125748502994	0.125748502994
764588959-stool1.snv.bam	0.221556886228	0.167664670659	0.167664670659	0.248502994012	0.191616766467	0.0	0.0	0.167664670659	0.137724550898	0.104790419162	0.104790419162	0.104790419162	0.140718562874	0.173652694611	0.194610778443	0.12874251497	0.209580838323	0.158682634731	0.179640718563	0.185628742515	0.203592814371	0.140718562874	0.209580838323	0.206586826347	0.203592814371	0.206586826347	0.194610778443	0.191616766467	0.191616766467	0.161676646707	0.203592814371	0.119760479042	0.155688622754	0.134730538922	0.161676646707	0.221556886228	0.149700598802	0.185628742515	0.212574850299	0.260479041916	0.245508982036	0.200598802395	0.269461077844	0.218562874251	0.209580838323	0.248502994012	0.278443113772	0.203592814371	0.167664670659	0.179640718563	0.104790419162	0.209580838323	0.221556886228	0.221556886228	0.221556886228
764588959-stool2.snv.bam	0.218562874251	0.167664670659	0.167664670659	0.248502994012	0.191616766467	0.0	0.0	0.167664670659	0.137724550898	0.104790419162	0.104790419162	0.104790419162	0.140718562874	0.173652694611	0.194610778443	0.12874251497	0.209580838323	0.158682634731	0.179640718563	0.185628742515	0.203592814371	0.140718562874	0.209580838323	0.206586826347	0.203592814371	0.206586826347	0.194610778443	0.191616766467	0.191616766467	0.161676646707	0.203592814371	0.119760479042	0.155688622754	0.134730538922	0.161676646707	0.221556886228	0.149700598802	0.185628742515	0.212574850299	0.25748502994	0.245508982036	0.200598802395	0.266467065868	0.218562874251	0.206586826347	0.245508982036	0.278443113772	0.203592814371	0.167664670659	0.179640718563	0.104790419162	0.206586826347	0.221556886228	0.221556886228	0.221556886228
765074482-stool2.snv.bam	0.152694610778	0.203592814371	0.146706586826	0.191616766467	0.185628742515	0.167664670659	0.167664670659	0.0	0.131736526946	0.146706586826	0.146706586826	0.146706586826	0.188622754491	0.161676646707	0.194610778443	0.167664670659	0.161676646707	0.137724550898	0.161676646707	0.164670658683	0.194610778443	0.158682634731	0.230538922156	0.176646706587	0.200598802395	0.179640718563	0.167664670659	0.170658682635	0.200598802395	0.197604790419	0.209580838323	0.176646706587	0.158682634731	0.188622754491	0.185628742515	0.167664670659	0.125748502994	0.173652694611	0.194610778443	0.188622754491	0.164670658683	0.146706586826	0.194610778443	0.182634730539	0.176646706587	0.173652694611	0.197604790419	0.176646706587	0.179640718563	0.152694610778	0.14371257485	0.176646706587	0.194610778443	0.197604790419	0.197604790419
765195863-stool3.snv.bam	0.218562874251	0.185628742515	0.134730538922	0.239520958084	0.179640718563	0.137724550898	0.137724550898	0.131736526946	0.0	0.116766467066	0.116766467066	0.116766467066	0.155688622754	0.131736526946	0.170658682635	0.137724550898	0.182634730539	0.110778443114	0.158682634731	0.173652694611	0.194610778443	0.14371257485	0.218562874251	0.155688622754	0.176646706587	0.188622754491	0.173652694611	0.164670658683	0.185628742515	0.155688622754	0.194610778443	0.167664670659	0.158682634731	0.170658682635	0.152694610778	0.164670658683	0.131736526946	0.146706586826	0.176646706587	0.263473053892	0.239520958084	0.194610778443	0.260479041916	0.176646706587	0.197604790419	0.248502994012	0.263473053892	0.167664670659	0.152694610778	0.12874251497	0.0868263473054	0.197604790419	0.212574850299	0.215568862275	0.215568862275
BYQ_AAAD.snv.bam	0.170658682635	0.122754491018	0.122754491018	0.206586826347	0.137724550898	0.104790419162	0.104790419162	0.146706586826	0.116766467066	0.0	0.0	0.0	0.0958083832335	0.122754491018	0.137724550898	0.104790419162	0.176646706587	0.0778443113772	0.134730538922	0.158682634731	0.152694610778	0.0898203592814	0.194610778443	0.167664670659	0.158682634731	0.149700598802	0.149700598802	0.152694610778	0.152694610778	0.107784431138	0.158682634731	0.101796407186	0.149700598802	0.107784431138	0.110778443114	0.176646706587	0.110778443114	0.134730538922	0.197604790419	0.233532934132	0.188622754491	0.161676646707	0.218562874251	0.173652694611	0.146706586826	0.215568862275	0.22754491018	0.164670658683	0.122754491018	0.149700598802	0.131736526946	0.146706586826	0.176646706587	0.176646706587	0.176646706587
BYQ_AAAO.snv.bam	0.170658682635	0.122754491018	0.122754491018	0.206586826347	0.137724550898	0.104790419162	0.104790419162	0.146706586826	0.116766467066	0.0	0.0	0.0	0.0958083832335	0.122754491018	0.137724550898	0.104790419162	0.176646706587	0.0778443113772	0.134730538922	0.158682634731	0.152694610778	0.0898203592814	0.194610778443	0.167664670659	0.158682634731	0.149700598802	0.149700598802	0.152694610778	0.152694610778	0.107784431138	0.158682634731	0.101796407186	0.149700598802	0.107784431138	0.110778443114	0.176646706587	0.110778443114	0.134730538922	0.197604790419	0.233532934132	0.188622754491	0.161676646707	0.218562874251	0.173652694611	0.146706586826	0.215568862275	0.22754491018	0.164670658683	0.122754491018	0.149700598802	0.131736526946	0.146706586826	0.176646706587	0.176646706587	0.176646706587
BYQ_AAAX.snv.bam	0.170658682635	0.122754491018	0.122754491018	0.206586826347	0.137724550898	0.104790419162	0.104790419162	0.146706586826	0.116766467066	0.0	0.0	0.0	0.0958083832335	0.122754491018	0.137724550898	0.104790419162	0.176646706587	0.0778443113772	0.134730538922	0.158682634731	0.152694610778	0.0898203592814	0.194610778443	0.167664670659	0.158682634731	0.149700598802	0.149700598802	0.152694610778	0.152694610778	0.107784431138	0.158682634731	0.101796407186	0.149700598802	0.107784431138	0.110778443114	0.176646706587	0.110778443114	0.134730538922	0.197604790419	0.233532934132	0.188622754491	0.161676646707	0.218562874251	0.173652694611	0.146706586826	0.215568862275	0.22754491018	0.164670658683	0.122754491018	0.149700598802	0.131736526946	0.146706586826	0.176646706587	0.176646706587	0.176646706587
CCIS02124300ST-4-0.snv.bam	0.194610778443	0.0958083832335	0.134730538922	0.218562874251	0.146706586826	0.140718562874	0.140718562874	0.188622754491	0.155688622754	0.0958083832335	0.0958083832335	0.0958083832335	0.0	0.062874251497	0.0898203592814	0.11377245509	0.191616766467	0.107784431138	0.176646706587	0.164670658683	0.146706586826	0.0778443113772	0.170658682635	0.185628742515	0.170658682635	0.119760479042	0.155688622754	0.122754491018	0.122754491018	0.122754491018	0.152694610778	0.0868263473054	0.0988023952096	0.0778443113772	0.0449101796407	0.134730538922	0.149700598802	0.116766467066	0.149700598802	0.24251497006	0.215568862275	0.185628742515	0.230538922156	0.137724550898	0.164670658683	0.224550898204	0.251497005988	0.164670658683	0.140718562874	0.101796407186	0.137724550898	0.164670658683	0.161676646707	0.161676646707	0.161676646707
CCIS03857607ST-4-0.snv.bam	0.185628742515	0.122754491018	0.137724550898	0.209580838323	0.173652694611	0.173652694611	0.173652694611	0.161676646707	0.131736526946	0.122754491018	0.122754491018	0.122754491018	0.062874251497	0.0	0.110778443114	0.164670658683	0.188622754491	0.110778443114	0.185628742515	0.149700598802	0.167664670659	0.0928143712575	0.137724550898	0.182634730539	0.161676646707	0.12874251497	0.134730538922	0.107784431138	0.119760479042	0.119760479042	0.167664670659	0.125748502994	0.101796407186	0.0868263473054	0.0658682634731	0.11377245509	0.134730538922	0.107784431138	0.122754491018	0.233532934132	0.200598802395	0.164670658683	0.22754491018	0.146706586826	0.14371257485	0.209580838323	0.224550898204	0.161676646707	0.179640718563	0.0868263473054	0.12874251497	0.14371257485	0.170658682635	0.173652694611	0.173652694611
CCIS10706551ST-3-0.snv.bam	0.182634730539	0.131736526946	0.107784431138	0.215568862275	0.101796407186	0.194610778443	0.194610778443	0.194610778443	0.170658682635	0.137724550898	0.137724550898	0.137724550898	0.0898203592814	0.110778443114	0.0	0.062874251497	0.134730538922	0.131736526946	0.167664670659	0.134730538922	0.125748502994	0.14371257485	0.203592814371	0.131736526946	0.14371257485	0.104790419162	0.12874251497	0.0718562874251	0.119760479042	0.137724550898	0.14371257485	0.12874251497	0.0958083832335	0.137724550898	0.122754491018	0.0748502994012	0.152694610778	0.12874251497	0.116766467066	0.236526946108	0.200598802395	0.185628742515	0.218562874251	0.0808383233533	0.164670658683	0.224550898204	0.251497005988	0.131736526946	0.101796407186	0.134730538922	0.191616766467	0.164670658683	0.125748502994	0.131736526946	0.131736526946
CCIS38765456ST-20-0.snv.bam	0.185628742515	0.140718562874	0.0958083832335	0.215568862275	0.125748502994	0.12874251497	0.12874251497	0.167664670659	0.137724550898	0.104790419162	0.104790419162	0.104790419162	0.11377245509	0.164670658683	0.062874251497	0.0	0.104790419162	0.12874251497	0.146706586826	0.167664670659	0.11377245509	0.119760479042	0.239520958084	0.140718562874	0.179640718563	0.152694610778	0.164670658683	0.119760479042	0.125748502994	0.14371257485	0.155688622754	0.137724550898	0.140718562874	0.146706586826	0.134730538922	0.12874251497	0.146706586826	0.155688622754	0.167664670659	0.24251497006	0.200598802395	0.182634730539	0.218562874251	0.12874251497	0.170658682635	0.230538922156	0.260479041916	0.161676646707	0.0658682634731	0.173652694611	0.152694610778	0.170658682635	0.149700598802	0.149700598802	0.149700598802
CCIS62605362ST-3-0.snv.bam	0.188622754491	0.179640718563	0.116766467066	0.245508982036	0.140718562874	0.209580838323	0.209580838323	0.161676646707	0.182634730539	0.176646706587	0.176646706587	0.176646706587	0.191616766467	0.188622754491	0.134730538922	0.104790419162	0.0	0.173652694611	0.140718562874	0.146706586826	0.149700598802	0.14371257485	0.230538922156	0.173652694611	0.176646706587	0.200598802395	0.155688622754	0.158682634731	0.158682634731	0.179640718563	0.188622754491	0.185628742515	0.188622754491	0.197604790419	0.170658682635	0.167664670659	0.140718562874	0.164670658683	0.137724550898	0.248502994012	0.239520958084	0.218562874251	0.24251497006	0.14371257485	0.206586826347	0.254491017964	0.278443113772	0.146706586826	0.134730538922	0.188622754491	0.185628742515	0.206586826347	0.0808383233533	0.0808383233533	0.0808383233533
CCIS70398272ST-4-0.snv.bam	0.170658682635	0.131736526946	0.116766467066	0.182634730539	0.12874251497	0.158682634731	0.158682634731	0.137724550898	0.110778443114	0.0778443113772	0.0778443113772	0.0778443113772	0.107784431138	0.110778443114	0.131736526946	0.12874251497	0.173652694611	0.0	0.12874251497	0.164670658683	0.134730538922	0.0778443113772	0.188622754491	0.185628742515	0.158682634731	0.119760479042	0.14371257485	0.146706586826	0.161676646707	0.155688622754	0.170658682635	0.122754491018	0.125748502994	0.125748502994	0.110778443114	0.146706586826	0.0988023952096	0.12874251497	0.161676646707	0.22754491018	0.188622754491	0.161676646707	0.203592814371	0.173652694611	0.149700598802	0.197604790419	0.239520958084	0.170658682635	0.134730538922	0.11377245509	0.134730538922	0.149700598802	0.170658682635	0.173652694611	0.176646706587
CCMD26709089ST-21-0.snv.bam	0.203592814371	0.149700598802	0.149700598802	0.239520958084	0.119760479042	0.179640718563	0.179640718563	0.161676646707	0.158682634731	0.134730538922	0.134730538922	0.134730538922	0.176646706587	0.185628742515	0.167664670659	0.146706586826	0.140718562874	0.12874251497	0.0	0.173652694611	0.173652694611	0.170658682635	0.245508982036	0.182634730539	0.161676646707	0.164670658683	0.134730538922	0.197604790419	0.191616766467	0.12874251497	0.185628742515	0.152694610778	0.146706586826	0.158682634731	0.179640718563	0.194610778443	0.134730538922	0.119760479042	0.182634730539	0.266467065868	0.248502994012	0.22754491018	0.239520958084	0.158682634731	0.203592814371	0.245508982036	0.278443113772	0.131736526946	0.167664670659	0.173652694611	0.191616766467	0.203592814371	0.131736526946	0.137724550898	0.137724550898
CCMD42428553ST-21-0.snv.bam	0.209580838323	0.125748502994	0.149700598802	0.224550898204	0.14371257485	0.185628742515	0.185628742515	0.164670658683	0.173652694611	0.158682634731	0.158682634731	0.158682634731	0.164670658683	0.149700598802	0.134730538922	0.167664670659	0.146706586826	0.164670658683	0.173652694611	0.0	0.191616766467	0.176646706587	0.185628742515	0.176646706587	0.161676646707	0.164670658683	0.146706586826	0.119760479042	0.155688622754	0.131736526946	0.185628742515	0.107784431138	0.140718562874	0.140718562874	0.137724550898	0.14371257485	0.0928143712575	0.107784431138	0.122754491018	0.254491017964	0.224550898204	0.203592814371	0.239520958084	0.146706586826	0.203592814371	0.245508982036	0.260479041916	0.11377245509	0.179640718563	0.134730538922	0.176646706587	0.203592814371	0.116766467066	0.119760479042	0.119760479042
MH0191.snv.bam	0.194610778443	0.149700598802	0.14371257485	0.206586826347	0.137724550898	0.203592814371	0.203592814371	0.194610778443	0.194610778443	0.152694610778	0.152694610778	0.152694610778	0.146706586826	0.167664670659	0.125748502994	0.11377245509	0.149700598802	0.134730538922	0.173652694611	0.191616766467	0.0	0.149700598802	0.251497005988	0.179640718563	0.194610778443	0.134730538922	0.176646706587	0.137724550898	0.149700598802	0.182634730539	0.167664670659	0.173652694611	0.161676646707	0.170658682635	0.167664670659	0.12874251497	0.173652694611	0.179640718563	0.173652694611	0.24251497006	0.206586826347	0.185628742515	0.221556886228	0.134730538922	0.188622754491	0.233532934132	0.251497005988	0.191616766467	0.134730538922	0.200598802395	0.206586826347	0.188622754491	0.182634730539	0.182634730539	0.182634730539
MH0205.snv.bam	0.188622754491	0.131736526946	0.122754491018	0.206586826347	0.164670658683	0.140718562874	0.140718562874	0.158682634731	0.14371257485	0.0898203592814	0.0898203592814	0.0898203592814	0.0778443113772	0.0928143712575	0.14371257485	0.119760479042	0.14371257485	0.0778443113772	0.170658682635	0.176646706587	0.149700598802	0.0	0.164670658683	0.191616766467	0.170658682635	0.167664670659	0.149700598802	0.158682634731	0.158682634731	0.164670658683	0.164670658683	0.122754491018	0.12874251497	0.11377245509	0.062874251497	0.164670658683	0.104790419162	0.140718562874	0.161676646707	0.230538922156	0.206586826347	0.176646706587	0.224550898204	0.188622754491	0.161676646707	0.209580838323	0.254491017964	0.176646706587	0.146706586826	0.110778443114	0.101796407186	0.161676646707	0.158682634731	0.158682634731	0.158682634731
MH0250.snv.bam	0.239520958084	0.176646706587	0.209580838323	0.224550898204	0.221556886228	0.209580838323	0.209580838323	0.230538922156	0.218562874251	0.194610778443	0.194610778443	0.194610778443	0.170658682635	0.137724550898	0.203592814371	0.239520958084	0.230538922156	0.188622754491	0.245508982036	0.185628742515	0.251497005988	0.164670658683	0.0	0.254491017964	0.185628742515	0.224550898204	0.185628742515	0.206586826347	0.182634730539	0.167664670659	0.239520958084	0.167664670659	0.152694610778	0.137724550898	0.131736526946	0.191616766467	0.191616766467	0.167664670659	0.200598802395	0.236526946108	0.218562874251	0.191616766467	0.24251497006	0.230538922156	0.22754491018	0.230538922156	0.248502994012	0.209580838323	0.251497005988	0.137724550898	0.188622754491	0.22754491018	0.200598802395	0.200598802395	0.203592814371
MH0253.snv.bam	0.164670658683	0.206586826347	0.140718562874	0.182634730539	0.134730538922	0.206586826347	0.206586826347	0.176646706587	0.155688622754	0.167664670659	0.167664670659	0.167664670659	0.185628742515	0.182634730539	0.131736526946	0.140718562874	0.173652694611	0.185628742515	0.182634730539	0.176646706587	0.179640718563	0.191616766467	0.254491017964	0.0	0.164670658683	0.185628742515	0.161676646707	0.140718562874	0.176646706587	0.197604790419	0.158682634731	0.200598802395	0.161676646707	0.203592814371	0.200598802395	0.125748502994	0.194610778443	0.182634730539	0.179640718563	0.218562874251	0.224550898204	0.179640718563	0.218562874251	0.125748502994	0.158682634731	0.236526946108	0.239520958084	0.146706586826	0.152694610778	0.185628742515	0.188622754491	0.155688622754	0.170658682635	0.173652694611	0.170658682635
MH0260.snv.bam	0.191616766467	0.167664670659	0.149700598802	0.212574850299	0.110778443114	0.203592814371	0.203592814371	0.200598802395	0.176646706587	0.158682634731	0.158682634731	0.158682634731	0.170658682635	0.161676646707	0.14371257485	0.179640718563	0.176646706587	0.158682634731	0.161676646707	0.161676646707	0.194610778443	0.170658682635	0.185628742515	0.164670658683	0.0	0.170658682635	0.0449101796407	0.149700598802	0.167664670659	0.14371257485	0.131736526946	0.164670658683	0.152694610778	0.170658682635	0.167664670659	0.158682634731	0.164670658683	0.155688622754	0.152694610778	0.248502994012	0.218562874251	0.212574850299	0.215568862275	0.134730538922	0.197604790419	0.233532934132	0.260479041916	0.131736526946	0.179640718563	0.170658682635	0.206586826347	0.197604790419	0.14371257485	0.146706586826	0.146706586826
MH0266.snv.bam	0.176646706587	0.137724550898	0.170658682635	0.188622754491	0.140718562874	0.206586826347	0.206586826347	0.179640718563	0.188622754491	0.149700598802	0.149700598802	0.149700598802	0.119760479042	0.12874251497	0.104790419162	0.152694610778	0.200598802395	0.119760479042	0.164670658683	0.164670658683	0.134730538922	0.167664670659	0.224550898204	0.185628742515	0.170658682635	0.0	0.149700598802	0.134730538922	0.176646706587	0.155688622754	0.164670658683	0.14371257485	0.125748502994	0.149700598802	0.146706586826	0.137724550898	0.155688622754	0.134730538922	0.158682634731	0.218562874251	0.191616766467	0.164670658683	0.206586826347	0.14371257485	0.176646706587	0.182634730539	0.22754491018	0.170658682635	0.176646706587	0.155688622754	0.200598802395	0.176646706587	0.179640718563	0.185628742515	0.185628742515
MH0276.snv.bam	0.167664670659	0.149700598802	0.146706586826	0.197604790419	0.101796407186	0.194610778443	0.194610778443	0.167664670659	0.173652694611	0.149700598802	0.149700598802	0.149700598802	0.155688622754	0.134730538922	0.12874251497	0.164670658683	0.155688622754	0.14371257485	0.134730538922	0.146706586826	0.176646706587	0.149700598802	0.185628742515	0.161676646707	0.0449101796407	0.149700598802	0.0	0.12874251497	0.152694610778	0.14371257485	0.140718562874	0.146706586826	0.125748502994	0.155688622754	0.146706586826	0.14371257485	0.14371257485	0.134730538922	0.137724550898	0.224550898204	0.197604790419	0.197604790419	0.191616766467	0.125748502994	0.179640718563	0.209580838323	0.230538922156	0.12874251497	0.176646706587	0.149700598802	0.179640718563	0.179640718563	0.137724550898	0.140718562874	0.140718562874
MH0292.snv.bam	0.197604790419	0.125748502994	0.0958083832335	0.233532934132	0.119760479042	0.191616766467	0.191616766467	0.170658682635	0.164670658683	0.152694610778	0.152694610778	0.152694610778	0.122754491018	0.107784431138	0.0718562874251	0.119760479042	0.158682634731	0.146706586826	0.197604790419	0.119760479042	0.137724550898	0.158682634731	0.206586826347	0.140718562874	0.149700598802	0.134730538922	0.12874251497	0.0	0.0958083832335	0.170658682635	0.155688622754	0.101796407186	0.101796407186	0.12874251497	0.125748502994	0.0748502994012	0.146706586826	0.11377245509	0.104790419162	0.254491017964	0.218562874251	0.191616766467	0.230538922156	0.104790419162	0.191616766467	0.230538922156	0.263473053892	0.14371257485	0.11377245509	0.134730538922	0.182634730539	0.191616766467	0.146706586826	0.149700598802	0.149700598802
MH0316.snv.bam	0.203592814371	0.0958083832335	0.119760479042	0.25748502994	0.119760479042	0.191616766467	0.191616766467	0.200598802395	0.185628742515	0.152694610778	0.152694610778	0.152694610778	0.122754491018	0.119760479042	0.119760479042	0.125748502994	0.158682634731	0.161676646707	0.191616766467	0.155688622754	0.149700598802	0.158682634731	0.182634730539	0.176646706587	0.167664670659	0.176646706587	0.152694610778	0.0958083832335	0.0	0.125748502994	0.197604790419	0.0988023952096	0.12874251497	0.062874251497	0.107784431138	0.12874251497	0.194610778443	0.11377245509	0.170658682635	0.27245508982	0.236526946108	0.200598802395	0.254491017964	0.134730538922	0.191616766467	0.248502994012	0.269461077844	0.149700598802	0.137724550898	0.110778443114	0.191616766467	0.191616766467	0.155688622754	0.155688622754	0.155688622754
MH0391.snv.bam	0.218562874251	0.0808383233533	0.149700598802	0.233532934132	0.152694610778	0.161676646707	0.161676646707	0.197604790419	0.155688622754	0.107784431138	0.107784431138	0.107784431138	0.122754491018	0.119760479042	0.137724550898	0.14371257485	0.179640718563	0.155688622754	0.12874251497	0.131736526946	0.182634730539	0.164670658683	0.167664670659	0.197604790419	0.14371257485	0.155688622754	0.14371257485	0.170658682635	0.125748502994	0.0	0.164670658683	0.0928143712575	0.122754491018	0.0748502994012	0.119760479042	0.155688622754	0.140718562874	0.0868263473054	0.155688622754	0.269461077844	0.22754491018	0.203592814371	0.24251497006	0.146706586826	0.185628742515	0.254491017964	0.248502994012	0.131736526946	0.152694610778	0.122754491018	0.191616766467	0.185628742515	0.140718562874	0.140718562874	0.140718562874
MH0416.snv.bam	0.191616766467	0.155688622754	0.167664670659	0.215568862275	0.149700598802	0.203592814371	0.203592814371	0.209580838323	0.194610778443	0.158682634731	0.158682634731	0.158682634731	0.152694610778	0.167664670659	0.14371257485	0.155688622754	0.188622754491	0.170658682635	0.185628742515	0.185628742515	0.167664670659	0.164670658683	0.239520958084	0.158682634731	0.131736526946	0.164670658683	0.140718562874	0.155688622754	0.197604790419	0.164670658683	0.0	0.170658682635	0.158682634731	0.182634730539	0.161676646707	0.164670658683	0.167664670659	0.161676646707	0.182634730539	0.254491017964	0.209580838323	0.203592814371	0.221556886228	0.146706586826	0.185628742515	0.239520958084	0.254491017964	0.173652694611	0.134730538922	0.185628742515	0.203592814371	0.185628742515	0.170658682635	0.173652694611	0.173652694611
MH0422.snv.bam	0.212574850299	0.0538922155689	0.152694610778	0.230538922156	0.140718562874	0.119760479042	0.119760479042	0.176646706587	0.167664670659	0.101796407186	0.101796407186	0.101796407186	0.0868263473054	0.125748502994	0.12874251497	0.137724550898	0.185628742515	0.122754491018	0.152694610778	0.107784431138	0.173652694611	0.122754491018	0.167664670659	0.200598802395	0.164670658683	0.14371257485	0.146706586826	0.101796407186	0.0988023952096	0.0928143712575	0.170658682635	0.0	0.0928143712575	0.0389221556886	0.0718562874251	0.149700598802	0.119760479042	0.062874251497	0.14371257485	0.266467065868	0.230538922156	0.200598802395	0.24251497006	0.173652694611	0.191616766467	0.236526946108	0.260479041916	0.155688622754	0.155688622754	0.0958083832335	0.146706586826	0.191616766467	0.140718562874	0.140718562874	0.140718562874
MH0436.snv.bam	0.179640718563	0.101796407186	0.155688622754	0.191616766467	0.152694610778	0.155688622754	0.155688622754	0.158682634731	0.158682634731	0.149700598802	0.149700598802	0.149700598802	0.0988023952096	0.101796407186	0.0958083832335	0.140718562874	0.188622754491	0.125748502994	0.146706586826	0.140718562874	0.161676646707	0.12874251497	0.152694610778	0.161676646707	0.152694610778	0.125748502994	0.125748502994	0.101796407186	0.12874251497	0.122754491018	0.158682634731	0.0928143712575	0.0	0.0778443113772	0.119760479042	0.104790419162	0.125748502994	0.104790419162	0.110778443114	0.218562874251	0.188622754491	0.170658682635	0.206586826347	0.122754491018	0.158682634731	0.191616766467	0.22754491018	0.12874251497	0.158682634731	0.0718562874251	0.152694610778	0.158682634731	0.12874251497	0.131736526946	0.131736526946
MH0443.snv.bam	0.200598802395	0.0449101796407	0.152694610778	0.230538922156	0.152694610778	0.134730538922	0.134730538922	0.188622754491	0.170658682635	0.107784431138	0.107784431138	0.107784431138	0.0778443113772	0.0868263473054	0.137724550898	0.146706586826	0.197604790419	0.125748502994	0.158682634731	0.140718562874	0.170658682635	0.11377245509	0.137724550898	0.203592814371	0.170658682635	0.149700598802	0.155688622754	0.12874251497	0.062874251497	0.0748502994012	0.182634730539	0.0389221556886	0.0778443113772	0.0	0.062874251497	0.152694610778	0.146706586826	0.0688622754491	0.161676646707	0.25748502994	0.221556886228	0.185628742515	0.245508982036	0.173652694611	0.164670658683	0.22754491018	0.248502994012	0.152694610778	0.170658682635	0.0778443113772	0.155688622754	0.164670658683	0.152694610778	0.152694610778	0.152694610778
MMRS21365932ST-27-0-0.snv.bam	0.209580838323	0.0688622754491	0.137724550898	0.22754491018	0.155688622754	0.161676646707	0.161676646707	0.185628742515	0.152694610778	0.110778443114	0.110778443114	0.110778443114	0.0449101796407	0.0658682634731	0.122754491018	0.134730538922	0.170658682635	0.110778443114	0.179640718563	0.137724550898	0.167664670659	0.062874251497	0.131736526946	0.200598802395	0.167664670659	0.146706586826	0.146706586826	0.125748502994	0.107784431138	0.119760479042	0.161676646707	0.0718562874251	0.119760479042	0.062874251497	0.0	0.131736526946	0.140718562874	0.0838323353293	0.158682634731	0.25748502994	0.224550898204	0.194610778443	0.245508982036	0.176646706587	0.179640718563	0.233532934132	0.266467065868	0.173652694611	0.161676646707	0.0868263473054	0.110778443114	0.179640718563	0.149700598802	0.149700598802	0.149700598802
MMRS39415781ST-27-0-0.snv.bam	0.197604790419	0.137724550898	0.116766467066	0.215568862275	0.116766467066	0.221556886228	0.221556886228	0.167664670659	0.164670658683	0.176646706587	0.176646706587	0.176646706587	0.134730538922	0.11377245509	0.0748502994012	0.12874251497	0.167664670659	0.146706586826	0.194610778443	0.14371257485	0.12874251497	0.164670658683	0.191616766467	0.125748502994	0.158682634731	0.137724550898	0.14371257485	0.0748502994012	0.12874251497	0.155688622754	0.164670658683	0.149700598802	0.104790419162	0.152694610778	0.131736526946	0.0	0.185628742515	0.125748502994	0.119760479042	0.233532934132	0.212574850299	0.191616766467	0.22754491018	0.0778443113772	0.185628742515	0.22754491018	0.254491017964	0.134730538922	0.140718562874	0.134730538922	0.173652694611	0.185628742515	0.146706586826	0.152694610778	0.152694610778
MMRS56137463ST-27-0-0.snv.bam	0.182634730539	0.137724550898	0.116766467066	0.206586826347	0.155688622754	0.149700598802	0.149700598802	0.125748502994	0.131736526946	0.110778443114	0.110778443114	0.110778443114	0.149700598802	0.134730538922	0.152694610778	0.146706586826	0.140718562874	0.0988023952096	0.134730538922	0.0928143712575	0.173652694611	0.104790419162	0.191616766467	0.194610778443	0.164670658683	0.155688622754	0.14371257485	0.146706586826	0.194610778443	0.140718562874	0.167664670659	0.119760479042	0.125748502994	0.146706586826	0.140718562874	0.185628742515	0.0	0.125748502994	0.137724550898	0.230538922156	0.200598802395	0.167664670659	0.224550898204	0.179640718563	0.167664670659	0.206586826347	0.239520958084	0.146706586826	0.134730538922	0.146706586826	0.146706586826	0.167664670659	0.134730538922	0.137724550898	0.137724550898
MMRS67247116ST-27-0-0.snv.bam	0.197604790419	0.0538922155689	0.14371257485	0.233532934132	0.14371257485	0.185628742515	0.185628742515	0.173652694611	0.146706586826	0.134730538922	0.134730538922	0.134730538922	0.116766467066	0.107784431138	0.12874251497	0.155688622754	0.164670658683	0.12874251497	0.119760479042	0.107784431138	0.179640718563	0.140718562874	0.167664670659	0.182634730539	0.155688622754	0.134730538922	0.134730538922	0.11377245509	0.11377245509	0.0868263473054	0.161676646707	0.062874251497	0.104790419162	0.0688622754491	0.0838323353293	0.125748502994	0.125748502994	0.0	0.12874251497	0.260479041916	0.230538922156	0.197604790419	0.24251497006	0.152694610778	0.179640718563	0.236526946108	0.251497005988	0.131736526946	0.173652694611	0.0928143712575	0.158682634731	0.179640718563	0.125748502994	0.131736526946	0.131736526946
MMRS93621581ST-27-0-0.snv.bam	0.200598802395	0.164670658683	0.140718562874	0.230538922156	0.152694610778	0.212574850299	0.212574850299	0.194610778443	0.176646706587	0.197604790419	0.197604790419	0.197604790419	0.149700598802	0.122754491018	0.116766467066	0.167664670659	0.137724550898	0.161676646707	0.182634730539	0.122754491018	0.173652694611	0.161676646707	0.200598802395	0.179640718563	0.152694610778	0.158682634731	0.137724550898	0.104790419162	0.170658682635	0.155688622754	0.182634730539	0.14371257485	0.110778443114	0.161676646707	0.158682634731	0.119760479042	0.137724550898	0.12874251497	0.0	0.254491017964	0.233532934132	0.206586826347	0.24251497006	0.137724550898	0.188622754491	0.24251497006	0.275449101796	0.116766467066	0.155688622754	0.167664670659	0.203592814371	0.188622754491	0.101796407186	0.104790419162	0.104790419162
N082A.snv.bam	0.134730538922	0.254491017964	0.248502994012	0.146706586826	0.251497005988	0.260479041916	0.25748502994	0.188622754491	0.263473053892	0.233532934132	0.233532934132	0.233532934132	0.24251497006	0.233532934132	0.236526946108	0.24251497006	0.248502994012	0.22754491018	0.266467065868	0.254491017964	0.24251497006	0.230538922156	0.236526946108	0.218562874251	0.248502994012	0.218562874251	0.224550898204	0.254491017964	0.27245508982	0.269461077844	0.254491017964	0.266467065868	0.218562874251	0.25748502994	0.25748502994	0.233532934132	0.230538922156	0.260479041916	0.254491017964	0.0	0.131736526946	0.125748502994	0.152694610778	0.245508982036	0.173652694611	0.125748502994	0.140718562874	0.248502994012	0.260479041916	0.251497005988	0.25748502994	0.173652694611	0.239520958084	0.239520958084	0.24251497006
NLM029.snv.bam	0.119760479042	0.218562874251	0.218562874251	0.116766467066	0.230538922156	0.245508982036	0.245508982036	0.164670658683	0.239520958084	0.188622754491	0.188622754491	0.188622754491	0.215568862275	0.200598802395	0.200598802395	0.200598802395	0.239520958084	0.188622754491	0.248502994012	0.224550898204	0.206586826347	0.206586826347	0.218562874251	0.224550898204	0.218562874251	0.191616766467	0.197604790419	0.218562874251	0.236526946108	0.22754491018	0.209580838323	0.230538922156	0.188622754491	0.221556886228	0.224550898204	0.212574850299	0.200598802395	0.230538922156	0.233532934132	0.131736526946	0.0	0.101796407186	0.0958083832335	0.215568862275	0.161676646707	0.152694610778	0.152694610778	0.230538922156	0.221556886228	0.233532934132	0.239520958084	0.161676646707	0.233532934132	0.233532934132	0.236526946108
NOF012.snv.bam	0.134730538922	0.203592814371	0.185628742515	0.116766467066	0.215568862275	0.200598802395	0.200598802395	0.146706586826	0.194610778443	0.161676646707	0.161676646707	0.161676646707	0.185628742515	0.164670658683	0.185628742515	0.182634730539	0.218562874251	0.161676646707	0.22754491018	0.203592814371	0.185628742515	0.176646706587	0.191616766467	0.179640718563	0.212574850299	0.164670658683	0.197604790419	0.191616766467	0.200598802395	0.203592814371	0.203592814371	0.200598802395	0.170658682635	0.185628742515	0.194610778443	0.191616766467	0.167664670659	0.197604790419	0.206586826347	0.125748502994	0.101796407186	0.0	0.137724550898	0.200598802395	0.104790419162	0.131736526946	0.116766467066	0.215568862275	0.194610778443	0.197604790419	0.200598802395	0.104790419162	0.212574850299	0.212574850299	0.215568862275
NOM010.snv.bam	0.14371257485	0.236526946108	0.239520958084	0.116766467066	0.224550898204	0.269461077844	0.266467065868	0.194610778443	0.260479041916	0.218562874251	0.218562874251	0.218562874251	0.230538922156	0.22754491018	0.218562874251	0.218562874251	0.24251497006	0.203592814371	0.239520958084	0.239520958084	0.221556886228	0.224550898204	0.24251497006	0.218562874251	0.215568862275	0.206586826347	0.191616766467	0.230538922156	0.254491017964	0.24251497006	0.221556886228	0.24251497006	0.206586826347	0.245508982036	0.245508982036	0.22754491018	0.224550898204	0.24251497006	0.24251497006	0.152694610778	0.0958083832335	0.137724550898	0.0	0.212574850299	0.191616766467	0.149700598802	0.137724550898	0.233532934132	0.245508982036	0.251497005988	0.260479041916	0.191616766467	0.22754491018	0.22754491018	0.22754491018
O2.UC13-1.snv.bam	0.182634730539	0.158682634731	0.116766467066	0.224550898204	0.0928143712575	0.218562874251	0.218562874251	0.182634730539	0.176646706587	0.173652694611	0.173652694611	0.173652694611	0.137724550898	0.146706586826	0.0808383233533	0.12874251497	0.14371257485	0.173652694611	0.158682634731	0.146706586826	0.134730538922	0.188622754491	0.230538922156	0.125748502994	0.134730538922	0.14371257485	0.125748502994	0.104790419162	0.134730538922	0.146706586826	0.146706586826	0.173652694611	0.122754491018	0.173652694611	0.176646706587	0.0778443113772	0.179640718563	0.152694610778	0.137724550898	0.245508982036	0.215568862275	0.200598802395	0.212574850299	0.0	0.188622754491	0.230538922156	0.25748502994	0.0808383233533	0.134730538922	0.14371257485	0.215568862275	0.188622754491	0.140718562874	0.146706586826	0.146706586826
O2.UC48-1.snv.bam	0.119760479042	0.179640718563	0.185628742515	0.146706586826	0.203592814371	0.209580838323	0.206586826347	0.176646706587	0.197604790419	0.146706586826	0.146706586826	0.146706586826	0.164670658683	0.14371257485	0.164670658683	0.170658682635	0.206586826347	0.149700598802	0.203592814371	0.203592814371	0.188622754491	0.161676646707	0.22754491018	0.158682634731	0.197604790419	0.176646706587	0.179640718563	0.191616766467	0.191616766467	0.185628742515	0.185628742515	0.191616766467	0.158682634731	0.164670658683	0.179640718563	0.185628742515	0.167664670659	0.179640718563	0.188622754491	0.173652694611	0.161676646707	0.104790419162	0.191616766467	0.188622754491	0.0	0.161676646707	0.173652694611	0.203592814371	0.194610778443	0.182634730539	0.200598802395	0.0	0.197604790419	0.200598802395	0.200598802395
SZEY-58A.snv.bam	0.167664670659	0.236526946108	0.233532934132	0.146706586826	0.22754491018	0.248502994012	0.245508982036	0.173652694611	0.248502994012	0.215568862275	0.215568862275	0.215568862275	0.224550898204	0.209580838323	0.224550898204	0.230538922156	0.254491017964	0.197604790419	0.245508982036	0.245508982036	0.233532934132	0.209580838323	0.230538922156	0.236526946108	0.233532934132	0.182634730539	0.209580838323	0.230538922156	0.248502994012	0.254491017964	0.239520958084	0.236526946108	0.191616766467	0.22754491018	0.233532934132	0.22754491018	0.206586826347	0.236526946108	0.24251497006	0.125748502994	0.152694610778	0.131736526946	0.149700598802	0.230538922156	0.161676646707	0.0	0.188622754491	0.233532934132	0.245508982036	0.22754491018	0.248502994012	0.161676646707	0.248502994012	0.251497005988	0.251497005988
