	147406386-tonguedorsum3.snv.bam	158337416-tonguedorsum1.snv.bam	158337416-tonguedorsum2.snv.bam	158479027-tonguedorsum1.snv.bam	158479027-tonguedorsum2.snv.bam	158499257-tonguedorsum2.snv.bam	158883629-tonguedorsum1.snv.bam	158883629-tonguedorsum2.snv.bam	158883629-tonguedorsum3.snv.bam	159005010-tonguedorsum2.snv.bam	159207311-tonguedorsum2.snv.bam	159227541-tonguedorsum3.snv.bam	159268001-tonguedorsum1.snv.bam	159510762-tonguedorsum2.snv.bam	159551223-tonguedorsum1.snv.bam	159551223-tonguedorsum2.snv.bam	159733294-tonguedorsum1.snv.bam	159915365-tonguedorsum1.snv.bam	160178356-tonguedorsum1.snv.bam	160178356-tonguedorsum3.snv.bam	160218816-tonguedorsum1.snv.bam	160259276-tonguedorsum1.snv.bam	160319967-tonguedorsum2.snv.bam	160380657-tonguedorsum1.snv.bam	160380657-tonguedorsum2.snv.bam	160400887-tonguedorsum1.snv.bam	160421117-tonguedorsum1.snv.bam	160502038-tonguedorsum3.snv.bam	160603188-tonguedorsum1.snv.bam	160603188-tonguedorsum2.snv.bam	160603188-tonguedorsum3.snv.bam	160765029-tonguedorsum1.snv.bam	234447334-tonguedorsum2.snv.bam	246515023-tonguedorsum1.snv.bam	246515023-tonguedorsum2.snv.bam	370027359-palatinetonsils2.snv.bam	370027359-tonguedorsum3.snv.bam	404239096-tonguedorsum1.snv.bam	508703490-tonguedorsum2.snv.bam	550534656-tonguedorsum1.snv.bam	550534656-tonguedorsum2.snv.bam	550534656-tonguedorsum3.snv.bam	604812005-tonguedorsum3.snv.bam	638754422-tonguedorsum1.snv.bam	638754422-tonguedorsum2.snv.bam	638754422-tonguedorsum3.snv.bam	675950834-tonguedorsum1.snv.bam	675950834-tonguedorsum2.snv.bam	682102541-tonguedorsum3.snv.bam	686765762-tonguedorsum2.snv.bam	686765762-tonguedorsum3.snv.bam	737052003-tonguedorsum1.snv.bam	737052003-tonguedorsum2.snv.bam	763395383-tonguedorsum3.snv.bam	763435843-tonguedorsum1.snv.bam	763435843-tonguedorsum2.snv.bam	763496533-palatinetonsils2.snv.bam	763496533-tonguedorsum2.snv.bam	763536994-tonguedorsum1.snv.bam	763536994-tonguedorsum2.snv.bam	763536994-tonguedorsum3.snv.bam	763577454-tonguedorsum1.snv.bam	763577454-tonguedorsum2.snv.bam	763759525-tonguedorsum2.snv.bam	763901136-tonguedorsum2.snv.bam	763901136-tonguedorsum3.snv.bam	763961826-saliva1.snv.bam	763961826-throat1.snv.bam	763961826-tonguedorsum1.snv.bam	763982056-tonguedorsum3.snv.bam	764062976-tonguedorsum2.snv.bam	764143897-tonguedorsum1.snv.bam	764143897-tonguedorsum2.snv.bam	764224817-tonguedorsum1.snv.bam	764224817-tonguedorsum2.snv.bam	764305738-tonguedorsum1.snv.bam	764325968-tonguedorsum2.snv.bam	764366428-throat2.snv.bam	764366428-tonguedorsum2.snv.bam	764447348-tonguedorsum1.snv.bam	764467579-palatinetonsils3.snv.bam	764467579-tonguedorsum3.snv.bam	764649650-tonguedorsum1.snv.bam	764649650-tonguedorsum2.snv.bam	764811490-tonguedorsum1.snv.bam	764811490-tonguedorsum2.snv.bam	764872181-tonguedorsum1.snv.bam	765013792-tonguedorsum1.snv.bam	765013792-tonguedorsum2.snv.bam	765013792-tonguedorsum3.snv.bam	765034022-tonguedorsum1.snv.bam	765074482-tonguedorsum3.snv.bam	765094712-tonguedorsum2.snv.bam	765135172-tonguedorsum1.snv.bam	765195863-palatinetonsils3.snv.bam	765195863-tonguedorsum3.snv.bam	765216093-tonguedorsum3.snv.bam	765377934-palatinetonsils3.snv.bam	765377934-saliva3.snv.bam	765377934-tonguedorsum3.snv.bam	765620695-tonguedorsum1.snv.bam	765701615-tonguedorsum2.snv.bam	823052294-tonguedorsum1.snv.bam	823052294-tonguedorsum3.snv.bam	857980665-tonguedorsum2.snv.bam	857980665-tonguedorsum3.snv.bam	861967750-tonguedorsum1.snv.bam	861967750-tonguedorsum2.snv.bam	863126187-tonguedorsum3.snv.bam	937415040-tonguedorsum1.snv.bam
147406386-tonguedorsum3.snv.bam	0.0	0.182291666667	0.182291666667	0.0859375	0.106770833333	0.125	0.166666666667	0.1484375	0.135416666667	0.135416666667	0.127604166667	0.0989583333333	0.145833333333	0.15625	0.182291666667	0.182291666667	0.138020833333	0.21875	0.174479166667	0.1640625	0.151041666667	0.127604166667	0.1640625	0.166666666667	0.153645833333	0.145833333333	0.130208333333	0.106770833333	0.153645833333	0.153645833333	0.153645833333	0.158854166667	0.174479166667	0.125	0.1328125	0.109375	0.109375	0.122395833333	0.125	0.15625	0.15625	0.15625	0.140625	0.138020833333	0.125	0.125	0.109375	0.122395833333	0.135416666667	0.200520833333	0.208333333333	0.171875	0.174479166667	0.143229166667	0.1484375	0.161458333333	0.158854166667	0.169270833333	0.0911458333333	0.135416666667	0.143229166667	0.21875	0.216145833333	0.135416666667	0.192708333333	0.1953125	0.122395833333	0.122395833333	0.125	0.153645833333	0.138020833333	0.1484375	0.1484375	0.161458333333	0.1484375	0.177083333333	0.114583333333	0.169270833333	0.169270833333	0.138020833333	0.174479166667	0.174479166667	0.1796875	0.174479166667	0.1015625	0.1015625	0.135416666667	0.1484375	0.0963541666667	0.109375	0.177083333333	0.151041666667	0.135416666667	0.197916666667	0.140625	0.140625	0.1875	0.2109375	0.2109375	0.2109375	0.104166666667	0.114583333333	0.127604166667	0.174479166667	0.151041666667	0.15625	0.184895833333	0.184895833333	0.161458333333	0.143229166667
158337416-tonguedorsum1.snv.bam	0.182291666667	0.0	0.0	0.140625	0.174479166667	0.197916666667	0.200520833333	0.184895833333	0.171875	0.1875	0.190104166667	0.166666666667	0.158854166667	0.153645833333	0.1796875	0.1796875	0.138020833333	0.236979166667	0.216145833333	0.205729166667	0.153645833333	0.1796875	0.151041666667	0.2109375	0.192708333333	0.203125	0.1796875	0.1875	0.2109375	0.2109375	0.2109375	0.190104166667	0.239583333333	0.197916666667	0.205729166667	0.190104166667	0.190104166667	0.177083333333	0.166666666667	0.1875	0.1875	0.1875	0.184895833333	0.174479166667	0.1953125	0.1953125	0.171875	0.197916666667	0.197916666667	0.231770833333	0.239583333333	0.182291666667	0.184895833333	0.177083333333	0.138020833333	0.143229166667	0.174479166667	0.190104166667	0.130208333333	0.143229166667	0.158854166667	0.223958333333	0.221354166667	0.1328125	0.184895833333	0.1796875	0.177083333333	0.177083333333	0.1796875	0.166666666667	0.184895833333	0.140625	0.140625	0.15625	0.138020833333	0.200520833333	0.143229166667	0.205729166667	0.205729166667	0.184895833333	0.2109375	0.2109375	0.239583333333	0.229166666667	0.1953125	0.1953125	0.1640625	0.1640625	0.1875	0.174479166667	0.177083333333	0.174479166667	0.174479166667	0.236979166667	0.205729166667	0.205729166667	0.203125	0.1875	0.190104166667	0.190104166667	0.184895833333	0.1796875	0.15625	0.169270833333	0.158854166667	0.1640625	0.1875	0.1875	0.169270833333	0.197916666667
158337416-tonguedorsum2.snv.bam	0.182291666667	0.0	0.0	0.140625	0.174479166667	0.197916666667	0.200520833333	0.184895833333	0.171875	0.1875	0.190104166667	0.166666666667	0.158854166667	0.153645833333	0.1796875	0.1796875	0.138020833333	0.236979166667	0.216145833333	0.205729166667	0.153645833333	0.1796875	0.151041666667	0.2109375	0.192708333333	0.203125	0.1796875	0.1875	0.2109375	0.2109375	0.2109375	0.190104166667	0.239583333333	0.197916666667	0.205729166667	0.190104166667	0.190104166667	0.177083333333	0.166666666667	0.1875	0.1875	0.1875	0.184895833333	0.174479166667	0.1953125	0.1953125	0.171875	0.197916666667	0.197916666667	0.231770833333	0.239583333333	0.182291666667	0.184895833333	0.177083333333	0.138020833333	0.143229166667	0.174479166667	0.190104166667	0.130208333333	0.143229166667	0.158854166667	0.223958333333	0.221354166667	0.1328125	0.184895833333	0.1796875	0.177083333333	0.177083333333	0.1796875	0.166666666667	0.184895833333	0.140625	0.140625	0.15625	0.138020833333	0.200520833333	0.143229166667	0.205729166667	0.205729166667	0.184895833333	0.2109375	0.2109375	0.239583333333	0.229166666667	0.1953125	0.1953125	0.1640625	0.1640625	0.1875	0.174479166667	0.177083333333	0.174479166667	0.174479166667	0.236979166667	0.205729166667	0.205729166667	0.203125	0.1875	0.190104166667	0.190104166667	0.184895833333	0.1796875	0.15625	0.169270833333	0.158854166667	0.1640625	0.1875	0.1875	0.169270833333	0.197916666667
158479027-tonguedorsum1.snv.bam	0.0859375	0.140625	0.140625	0.0	0.0390625	0.1015625	0.0859375	0.0677083333333	0.0625	0.1015625	0.0755208333333	0.0416666666667	0.109375	0.0989583333333	0.1171875	0.1171875	0.0807291666667	0.174479166667	0.125	0.111979166667	0.0885416666667	0.0729166666667	0.104166666667	0.138020833333	0.125	0.09375	0.0833333333333	0.0598958333333	0.0963541666667	0.0963541666667	0.0963541666667	0.104166666667	0.125	0.0989583333333	0.106770833333	0.109375	0.106770833333	0.109375	0.0911458333333	0.119791666667	0.122395833333	0.1171875	0.0651041666667	0.0859375	0.0390625	0.0364583333333	0.0651041666667	0.0755208333333	0.111979166667	0.145833333333	0.151041666667	0.119791666667	0.122395833333	0.0885416666667	0.1015625	0.1171875	0.0989583333333	0.109375	0.046875	0.0755208333333	0.0755208333333	0.161458333333	0.158854166667	0.078125	0.143229166667	0.143229166667	0.0598958333333	0.0598958333333	0.0598958333333	0.0885416666667	0.114583333333	0.0911458333333	0.0911458333333	0.104166666667	0.0885416666667	0.1328125	0.0651041666667	0.0989583333333	0.0963541666667	0.0833333333333	0.111979166667	0.111979166667	0.1328125	0.125	0.09375	0.0911458333333	0.0963541666667	0.1015625	0.0833333333333	0.0520833333333	0.111979166667	0.104166666667	0.0911458333333	0.151041666667	0.0885416666667	0.0885416666667	0.109375	0.145833333333	0.145833333333	0.145833333333	0.0703125	0.0260416666667	0.078125	0.109375	0.109375	0.114583333333	0.1484375	0.1484375	0.127604166667	0.0963541666667
158479027-tonguedorsum2.snv.bam	0.106770833333	0.174479166667	0.174479166667	0.0390625	0.0	0.145833333333	0.114583333333	0.1015625	0.0911458333333	0.111979166667	0.122395833333	0.078125	0.135416666667	0.122395833333	0.1796875	0.1796875	0.1171875	0.1953125	0.158854166667	0.143229166667	0.114583333333	0.106770833333	0.143229166667	0.153645833333	0.138020833333	0.1171875	0.106770833333	0.0286458333333	0.1171875	0.1171875	0.1171875	0.1328125	0.158854166667	0.140625	0.1484375	0.119791666667	0.119791666667	0.140625	0.106770833333	0.151041666667	0.151041666667	0.151041666667	0.109375	0.109375	0.078125	0.078125	0.109375	0.130208333333	0.1328125	0.190104166667	0.197916666667	0.151041666667	0.153645833333	0.1171875	0.138020833333	0.153645833333	0.119791666667	0.130208333333	0.0807291666667	0.1171875	0.130208333333	0.197916666667	0.1953125	0.114583333333	0.169270833333	0.169270833333	0.03125	0.03125	0.03125	0.111979166667	0.1484375	0.122395833333	0.122395833333	0.130208333333	0.1171875	0.169270833333	0.0807291666667	0.143229166667	0.143229166667	0.1171875	0.15625	0.15625	0.15625	0.151041666667	0.106770833333	0.106770833333	0.119791666667	0.151041666667	0.1015625	0.046875	0.166666666667	0.135416666667	0.119791666667	0.1875	0.09375	0.09375	0.138020833333	0.161458333333	0.161458333333	0.161458333333	0.119791666667	0.0703125	0.0911458333333	0.135416666667	0.135416666667	0.140625	0.177083333333	0.177083333333	0.1640625	0.130208333333
158499257-tonguedorsum2.snv.bam	0.125	0.197916666667	0.197916666667	0.1015625	0.145833333333	0.0	0.177083333333	0.166666666667	0.1484375	0.158854166667	0.143229166667	0.119791666667	0.174479166667	0.135416666667	0.174479166667	0.174479166667	0.1328125	0.223958333333	0.182291666667	0.171875	0.15625	0.1484375	0.1640625	0.200520833333	0.190104166667	0.151041666667	0.1484375	0.158854166667	0.1484375	0.1484375	0.1484375	0.171875	0.169270833333	0.0286458333333	0.0286458333333	0.161458333333	0.161458333333	0.158854166667	0.122395833333	0.143229166667	0.143229166667	0.143229166667	0.158854166667	0.169270833333	0.145833333333	0.143229166667	0.140625	0.153645833333	0.1640625	0.221354166667	0.229166666667	0.174479166667	0.177083333333	0.158854166667	0.158854166667	0.171875	0.166666666667	0.177083333333	0.0963541666667	0.125	0.1171875	0.213541666667	0.2109375	0.130208333333	0.184895833333	0.1875	0.153645833333	0.153645833333	0.15625	0.15625	0.158854166667	0.143229166667	0.143229166667	0.169270833333	0.1484375	0.184895833333	0.1328125	0.1640625	0.1640625	0.145833333333	0.161458333333	0.161458333333	0.190104166667	0.182291666667	0.158854166667	0.158854166667	0.140625	0.1328125	0.15625	0.1484375	0.161458333333	0.1484375	0.151041666667	0.190104166667	0.171875	0.171875	0.171875	0.184895833333	0.184895833333	0.184895833333	0.130208333333	0.127604166667	0.1484375	0.169270833333	0.158854166667	0.161458333333	0.190104166667	0.192708333333	0.169270833333	0.127604166667
158883629-tonguedorsum1.snv.bam	0.166666666667	0.200520833333	0.200520833333	0.0859375	0.114583333333	0.177083333333	0.0	0.0	0.0	0.15625	0.158854166667	0.104166666667	0.1328125	0.158854166667	0.203125	0.203125	0.1640625	0.221354166667	0.205729166667	0.192708333333	0.130208333333	0.145833333333	0.158854166667	0.1875	0.174479166667	0.15625	0.122395833333	0.111979166667	0.158854166667	0.158854166667	0.158854166667	0.182291666667	0.205729166667	0.1640625	0.171875	0.166666666667	0.166666666667	0.169270833333	0.151041666667	0.1953125	0.1953125	0.1953125	0.122395833333	0.135416666667	0.109375	0.109375	0.111979166667	0.127604166667	0.15625	0.143229166667	0.151041666667	0.1640625	0.166666666667	0.151041666667	0.1796875	0.1875	0.15625	0.166666666667	0.1171875	0.153645833333	0.1640625	0.200520833333	0.197916666667	0.161458333333	0.208333333333	0.200520833333	0.119791666667	0.119791666667	0.119791666667	0.166666666667	0.1640625	0.145833333333	0.145833333333	0.145833333333	0.135416666667	0.192708333333	0.111979166667	0.161458333333	0.161458333333	0.140625	0.1875	0.1875	0.1953125	0.190104166667	0.15625	0.15625	0.171875	0.192708333333	0.1484375	0.119791666667	0.161458333333	0.166666666667	0.151041666667	0.231770833333	0.0989583333333	0.0989583333333	0.177083333333	0.177083333333	0.177083333333	0.177083333333	0.127604166667	0.0963541666667	0.135416666667	0.171875	0.1796875	0.184895833333	0.182291666667	0.1796875	0.205729166667	0.153645833333
158883629-tonguedorsum2.snv.bam	0.1484375	0.184895833333	0.184895833333	0.0677083333333	0.1015625	0.166666666667	0.0	0.0	0.0	0.143229166667	0.145833333333	0.0911458333333	0.119791666667	0.151041666667	0.1875	0.1875	0.151041666667	0.203125	0.1953125	0.182291666667	0.111979166667	0.130208333333	0.1484375	0.174479166667	0.161458333333	0.138020833333	0.111979166667	0.1015625	0.140625	0.140625	0.140625	0.1640625	0.190104166667	0.1640625	0.171875	0.151041666667	0.151041666667	0.158854166667	0.140625	0.1796875	0.1796875	0.1796875	0.109375	0.1171875	0.0911458333333	0.0885416666667	0.0989583333333	0.114583333333	0.143229166667	0.138020833333	0.140625	0.1484375	0.151041666667	0.135416666667	0.161458333333	0.169270833333	0.140625	0.151041666667	0.0989583333333	0.140625	0.135416666667	0.1875	0.184895833333	0.1484375	0.192708333333	0.184895833333	0.109375	0.109375	0.109375	0.153645833333	0.1484375	0.1328125	0.1328125	0.130208333333	0.119791666667	0.177083333333	0.104166666667	0.151041666667	0.1484375	0.127604166667	0.169270833333	0.169270833333	0.1875	0.182291666667	0.140625	0.138020833333	0.153645833333	0.174479166667	0.130208333333	0.104166666667	0.1484375	0.151041666667	0.135416666667	0.21875	0.0885416666667	0.0911458333333	0.161458333333	0.166666666667	0.166666666667	0.166666666667	0.1171875	0.0755208333333	0.1171875	0.153645833333	0.166666666667	0.171875	0.171875	0.169270833333	0.190104166667	0.140625
158883629-tonguedorsum3.snv.bam	0.135416666667	0.171875	0.171875	0.0625	0.0911458333333	0.1484375	0.0	0.0	0.0	0.130208333333	0.130208333333	0.0755208333333	0.1015625	0.143229166667	0.1796875	0.1796875	0.145833333333	0.184895833333	0.177083333333	0.1640625	0.109375	0.114583333333	0.138020833333	0.158854166667	0.1484375	0.127604166667	0.0885416666667	0.0911458333333	0.130208333333	0.130208333333	0.130208333333	0.151041666667	0.177083333333	0.151041666667	0.158854166667	0.135416666667	0.135416666667	0.140625	0.125	0.1640625	0.1640625	0.161458333333	0.104166666667	0.106770833333	0.0807291666667	0.078125	0.0833333333333	0.104166666667	0.122395833333	0.135416666667	0.140625	0.127604166667	0.130208333333	0.119791666667	0.1484375	0.15625	0.140625	0.145833333333	0.0885416666667	0.1328125	0.125	0.182291666667	0.1796875	0.143229166667	0.177083333333	0.171875	0.0963541666667	0.0963541666667	0.0989583333333	0.143229166667	0.140625	0.114583333333	0.114583333333	0.111979166667	0.104166666667	0.166666666667	0.0885416666667	0.138020833333	0.138020833333	0.1171875	0.158854166667	0.158854166667	0.171875	0.166666666667	0.127604166667	0.125	0.138020833333	0.1640625	0.119791666667	0.0963541666667	0.1171875	0.140625	0.122395833333	0.200520833333	0.0703125	0.0703125	0.145833333333	0.145833333333	0.145833333333	0.145833333333	0.106770833333	0.0625	0.104166666667	0.135416666667	0.151041666667	0.15625	0.1640625	0.161458333333	0.1875	0.125
159005010-tonguedorsum2.snv.bam	0.135416666667	0.1875	0.1875	0.1015625	0.111979166667	0.158854166667	0.15625	0.143229166667	0.130208333333	0.0	0.153645833333	0.106770833333	0.127604166667	0.138020833333	0.184895833333	0.184895833333	0.145833333333	0.223958333333	0.1875	0.171875	0.135416666667	0.138020833333	0.161458333333	0.182291666667	0.166666666667	0.1328125	0.1328125	0.135416666667	0.153645833333	0.153645833333	0.153645833333	0.1484375	0.182291666667	0.161458333333	0.169270833333	0.143229166667	0.143229166667	0.130208333333	0.111979166667	0.166666666667	0.166666666667	0.166666666667	0.138020833333	0.138020833333	0.138020833333	0.138020833333	0.104166666667	0.125	0.143229166667	0.192708333333	0.200520833333	0.15625	0.158854166667	0.1484375	0.151041666667	0.1640625	0.130208333333	0.138020833333	0.122395833333	0.145833333333	0.153645833333	0.213541666667	0.2109375	0.143229166667	0.182291666667	0.182291666667	0.1328125	0.1328125	0.1328125	0.140625	0.151041666667	0.1484375	0.1484375	0.1484375	0.143229166667	0.169270833333	0.0833333333333	0.1484375	0.1484375	0.140625	0.174479166667	0.174479166667	0.197916666667	0.192708333333	0.127604166667	0.127604166667	0.1328125	0.153645833333	0.130208333333	0.1484375	0.171875	0.171875	0.140625	0.1953125	0.140625	0.140625	0.182291666667	0.174479166667	0.174479166667	0.174479166667	0.104166666667	0.135416666667	0.111979166667	0.15625	0.145833333333	0.151041666667	0.182291666667	0.182291666667	0.1640625	0.161458333333
159207311-tonguedorsum2.snv.bam	0.127604166667	0.190104166667	0.190104166667	0.0755208333333	0.122395833333	0.143229166667	0.158854166667	0.145833333333	0.130208333333	0.153645833333	0.0	0.0833333333333	0.1484375	0.135416666667	0.166666666667	0.166666666667	0.0703125	0.223958333333	0.0989583333333	0.0885416666667	0.119791666667	0.1015625	0.130208333333	0.184895833333	0.169270833333	0.111979166667	0.125	0.135416666667	0.111979166667	0.111979166667	0.111979166667	0.125	0.158854166667	0.135416666667	0.143229166667	0.130208333333	0.130208333333	0.145833333333	0.0989583333333	0.1484375	0.1484375	0.1484375	0.1484375	0.153645833333	0.1328125	0.1328125	0.114583333333	0.125	0.169270833333	0.1875	0.197916666667	0.143229166667	0.145833333333	0.122395833333	0.127604166667	0.140625	0.122395833333	0.1328125	0.0651041666667	0.0729166666667	0.0859375	0.21875	0.216145833333	0.0703125	0.171875	0.174479166667	0.140625	0.140625	0.143229166667	0.143229166667	0.15625	0.1171875	0.114583333333	0.135416666667	0.114583333333	0.177083333333	0.0963541666667	0.1328125	0.1328125	0.127604166667	0.127604166667	0.127604166667	0.1640625	0.158854166667	0.1328125	0.1328125	0.125	0.145833333333	0.1171875	0.143229166667	0.153645833333	0.0755208333333	0.135416666667	0.1875	0.1484375	0.1484375	0.145833333333	0.1875	0.1875	0.1875	0.119791666667	0.1171875	0.130208333333	0.143229166667	0.1484375	0.153645833333	0.158854166667	0.158854166667	0.158854166667	0.122395833333
159227541-tonguedorsum3.snv.bam	0.0989583333333	0.166666666667	0.166666666667	0.0416666666667	0.078125	0.119791666667	0.104166666667	0.0911458333333	0.0755208333333	0.106770833333	0.0833333333333	0.0	0.127604166667	0.114583333333	0.143229166667	0.143229166667	0.1015625	0.1796875	0.138020833333	0.127604166667	0.09375	0.0338541666667	0.109375	0.143229166667	0.127604166667	0.0677083333333	0.09375	0.0911458333333	0.0572916666667	0.0572916666667	0.0572916666667	0.114583333333	0.135416666667	0.122395833333	0.130208333333	0.0911458333333	0.0885416666667	0.111979166667	0.0989583333333	0.119791666667	0.119791666667	0.119791666667	0.0729166666667	0.0885416666667	0.0729166666667	0.0729166666667	0.0807291666667	0.0885416666667	0.0963541666667	0.1640625	0.171875	0.119791666667	0.122395833333	0.0442708333333	0.119791666667	0.1328125	0.111979166667	0.119791666667	0.0546875	0.0989583333333	0.09375	0.171875	0.169270833333	0.0989583333333	0.151041666667	0.153645833333	0.0963541666667	0.0963541666667	0.0989583333333	0.106770833333	0.130208333333	0.1171875	0.1171875	0.145833333333	0.1171875	0.135416666667	0.0755208333333	0.111979166667	0.111979166667	0.106770833333	0.114583333333	0.114583333333	0.135416666667	0.127604166667	0.0677083333333	0.0677083333333	0.111979166667	0.125	0.078125	0.0989583333333	0.125	0.1171875	0.0729166666667	0.161458333333	0.0911458333333	0.0911458333333	0.127604166667	0.169270833333	0.169270833333	0.169270833333	0.0625	0.0677083333333	0.0885416666667	0.1171875	0.106770833333	0.111979166667	0.1484375	0.1484375	0.153645833333	0.0572916666667
159268001-tonguedorsum1.snv.bam	0.145833333333	0.158854166667	0.158854166667	0.109375	0.135416666667	0.174479166667	0.1328125	0.119791666667	0.1015625	0.127604166667	0.1484375	0.127604166667	0.0	0.1328125	0.153645833333	0.153645833333	0.1328125	0.138020833333	0.166666666667	0.158854166667	0.1171875	0.138020833333	0.135416666667	0.184895833333	0.171875	0.1484375	0.153645833333	0.138020833333	0.161458333333	0.161458333333	0.161458333333	0.143229166667	0.135416666667	0.171875	0.174479166667	0.1484375	0.1484375	0.130208333333	0.135416666667	0.166666666667	0.166666666667	0.166666666667	0.127604166667	0.1328125	0.122395833333	0.122395833333	0.119791666667	0.1328125	0.140625	0.138020833333	0.145833333333	0.122395833333	0.125	0.145833333333	0.151041666667	0.15625	0.1171875	0.122395833333	0.0963541666667	0.122395833333	0.1328125	0.169270833333	0.169270833333	0.130208333333	0.1640625	0.161458333333	0.140625	0.140625	0.140625	0.122395833333	0.158854166667	0.122395833333	0.122395833333	0.1328125	0.114583333333	0.130208333333	0.125	0.158854166667	0.158854166667	0.1171875	0.161458333333	0.161458333333	0.158854166667	0.153645833333	0.143229166667	0.143229166667	0.143229166667	0.140625	0.140625	0.130208333333	0.1484375	0.143229166667	0.130208333333	0.158854166667	0.145833333333	0.145833333333	0.127604166667	0.153645833333	0.153645833333	0.153645833333	0.104166666667	0.125	0.119791666667	0.125	0.140625	0.1484375	0.169270833333	0.166666666667	0.15625	0.151041666667
159510762-tonguedorsum2.snv.bam	0.15625	0.153645833333	0.153645833333	0.0989583333333	0.122395833333	0.135416666667	0.158854166667	0.151041666667	0.143229166667	0.138020833333	0.135416666667	0.114583333333	0.1328125	0.0	0.153645833333	0.153645833333	0.1171875	0.190104166667	0.171875	0.1640625	0.119791666667	0.135416666667	0.130208333333	0.216145833333	0.197916666667	0.1484375	0.145833333333	0.140625	0.1484375	0.1484375	0.1484375	0.138020833333	0.158854166667	0.1328125	0.140625	0.161458333333	0.161458333333	0.138020833333	0.104166666667	0.145833333333	0.145833333333	0.145833333333	0.1484375	0.138020833333	0.122395833333	0.122395833333	0.119791666667	0.138020833333	0.1640625	0.1875	0.197916666667	0.125	0.127604166667	0.1328125	0.130208333333	0.138020833333	0.153645833333	0.1640625	0.0807291666667	0.1171875	0.119791666667	0.171875	0.169270833333	0.114583333333	0.143229166667	0.143229166667	0.1328125	0.135416666667	0.138020833333	0.1328125	0.143229166667	0.114583333333	0.114583333333	0.122395833333	0.1015625	0.1484375	0.109375	0.1328125	0.1328125	0.1328125	0.166666666667	0.166666666667	0.182291666667	0.174479166667	0.145833333333	0.145833333333	0.125	0.138020833333	0.1484375	0.143229166667	0.143229166667	0.145833333333	0.140625	0.192708333333	0.145833333333	0.145833333333	0.174479166667	0.1484375	0.1484375	0.1484375	0.1171875	0.122395833333	0.1328125	0.122395833333	0.078125	0.0833333333333	0.138020833333	0.135416666667	0.171875	0.143229166667
159551223-tonguedorsum1.snv.bam	0.182291666667	0.1796875	0.1796875	0.1171875	0.1796875	0.174479166667	0.203125	0.1875	0.1796875	0.184895833333	0.166666666667	0.143229166667	0.153645833333	0.153645833333	0.0	0.0	0.161458333333	0.2265625	0.205729166667	0.192708333333	0.151041666667	0.182291666667	0.169270833333	0.223958333333	0.213541666667	0.190104166667	0.184895833333	0.1875	0.197916666667	0.197916666667	0.197916666667	0.145833333333	0.2265625	0.166666666667	0.171875	0.171875	0.171875	0.190104166667	0.138020833333	0.200520833333	0.200520833333	0.200520833333	0.166666666667	0.182291666667	0.15625	0.15625	0.166666666667	0.174479166667	0.208333333333	0.223958333333	0.231770833333	0.1875	0.192708333333	0.1875	0.190104166667	0.203125	0.166666666667	0.177083333333	0.119791666667	0.145833333333	0.166666666667	0.221354166667	0.21875	0.15625	0.21875	0.21875	0.177083333333	0.177083333333	0.1796875	0.174479166667	0.166666666667	0.1640625	0.1640625	0.192708333333	0.169270833333	0.208333333333	0.153645833333	0.197916666667	0.197916666667	0.174479166667	0.182291666667	0.182291666667	0.216145833333	0.205729166667	0.182291666667	0.182291666667	0.145833333333	0.119791666667	0.1796875	0.184895833333	0.171875	0.166666666667	0.184895833333	0.2265625	0.192708333333	0.192708333333	0.1953125	0.203125	0.203125	0.203125	0.1484375	0.1640625	0.158854166667	0.192708333333	0.169270833333	0.1796875	0.21875	0.21875	0.177083333333	0.174479166667
159551223-tonguedorsum2.snv.bam	0.182291666667	0.1796875	0.1796875	0.1171875	0.1796875	0.174479166667	0.203125	0.1875	0.1796875	0.184895833333	0.166666666667	0.143229166667	0.153645833333	0.153645833333	0.0	0.0	0.161458333333	0.2265625	0.205729166667	0.192708333333	0.151041666667	0.182291666667	0.169270833333	0.223958333333	0.213541666667	0.190104166667	0.184895833333	0.1875	0.197916666667	0.197916666667	0.197916666667	0.145833333333	0.2265625	0.166666666667	0.171875	0.171875	0.171875	0.190104166667	0.138020833333	0.200520833333	0.200520833333	0.200520833333	0.166666666667	0.182291666667	0.15625	0.15625	0.166666666667	0.174479166667	0.208333333333	0.223958333333	0.231770833333	0.1875	0.192708333333	0.1875	0.190104166667	0.203125	0.166666666667	0.177083333333	0.119791666667	0.145833333333	0.166666666667	0.221354166667	0.21875	0.15625	0.21875	0.21875	0.177083333333	0.177083333333	0.1796875	0.174479166667	0.166666666667	0.1640625	0.1640625	0.192708333333	0.169270833333	0.208333333333	0.153645833333	0.197916666667	0.197916666667	0.174479166667	0.182291666667	0.182291666667	0.216145833333	0.205729166667	0.182291666667	0.182291666667	0.145833333333	0.119791666667	0.1796875	0.184895833333	0.171875	0.166666666667	0.184895833333	0.2265625	0.192708333333	0.192708333333	0.1953125	0.203125	0.203125	0.203125	0.1484375	0.1640625	0.158854166667	0.192708333333	0.169270833333	0.1796875	0.21875	0.21875	0.177083333333	0.174479166667
159733294-tonguedorsum1.snv.bam	0.138020833333	0.138020833333	0.138020833333	0.0807291666667	0.1171875	0.1328125	0.1640625	0.151041666667	0.145833333333	0.145833333333	0.0703125	0.1015625	0.1328125	0.1171875	0.161458333333	0.161458333333	0.0	0.205729166667	0.125	0.1171875	0.114583333333	0.104166666667	0.109375	0.182291666667	0.1640625	0.119791666667	0.1328125	0.130208333333	0.122395833333	0.122395833333	0.122395833333	0.119791666667	0.1484375	0.122395833333	0.130208333333	0.130208333333	0.130208333333	0.138020833333	0.0859375	0.140625	0.140625	0.140625	0.145833333333	0.1328125	0.138020833333	0.138020833333	0.1171875	0.1328125	0.1640625	0.197916666667	0.2109375	0.119791666667	0.122395833333	0.111979166667	0.0989583333333	0.106770833333	0.1484375	0.161458333333	0.0416666666667	0.0130208333333	0.015625	0.200520833333	0.197916666667	0.0	0.125	0.127604166667	0.119791666667	0.119791666667	0.122395833333	0.130208333333	0.145833333333	0.0963541666667	0.09375	0.122395833333	0.0911458333333	0.177083333333	0.0963541666667	0.127604166667	0.127604166667	0.1484375	0.125	0.125	0.177083333333	0.171875	0.130208333333	0.130208333333	0.130208333333	0.1328125	0.111979166667	0.1328125	0.143229166667	0.0963541666667	0.1328125	0.1796875	0.161458333333	0.161458333333	0.143229166667	0.153645833333	0.153645833333	0.153645833333	0.125	0.1171875	0.1171875	0.122395833333	0.111979166667	0.119791666667	0.143229166667	0.143229166667	0.158854166667	0.130208333333
159915365-tonguedorsum1.snv.bam	0.21875	0.236979166667	0.236979166667	0.174479166667	0.1953125	0.223958333333	0.221354166667	0.203125	0.184895833333	0.223958333333	0.223958333333	0.1796875	0.138020833333	0.190104166667	0.2265625	0.2265625	0.205729166667	0.0	0.25	0.239583333333	0.197916666667	0.200520833333	0.1875	0.244791666667	0.231770833333	0.203125	0.200520833333	0.213541666667	0.190104166667	0.190104166667	0.190104166667	0.221354166667	0.171875	0.229166666667	0.231770833333	0.2109375	0.2109375	0.213541666667	0.140625	0.216145833333	0.216145833333	0.216145833333	0.21875	0.1953125	0.190104166667	0.190104166667	0.197916666667	0.213541666667	0.166666666667	0.203125	0.213541666667	0.182291666667	0.184895833333	0.190104166667	0.213541666667	0.221354166667	0.205729166667	0.213541666667	0.111979166667	0.205729166667	0.216145833333	0.171875	0.171875	0.203125	0.223958333333	0.223958333333	0.2109375	0.213541666667	0.216145833333	0.21875	0.190104166667	0.130208333333	0.130208333333	0.192708333333	0.171875	0.177083333333	0.200520833333	0.216145833333	0.216145833333	0.169270833333	0.231770833333	0.231770833333	0.190104166667	0.184895833333	0.200520833333	0.200520833333	0.216145833333	0.208333333333	0.192708333333	0.192708333333	0.205729166667	0.2109375	0.190104166667	0.09375	0.216145833333	0.216145833333	0.1875	0.190104166667	0.190104166667	0.190104166667	0.1953125	0.1953125	0.174479166667	0.200520833333	0.192708333333	0.203125	0.247395833333	0.244791666667	0.2578125	0.216145833333
160178356-tonguedorsum1.snv.bam	0.174479166667	0.216145833333	0.216145833333	0.125	0.158854166667	0.182291666667	0.205729166667	0.1953125	0.177083333333	0.1875	0.0989583333333	0.138020833333	0.166666666667	0.171875	0.205729166667	0.205729166667	0.125	0.25	0.0	0.0	0.151041666667	0.143229166667	0.143229166667	0.192708333333	0.184895833333	0.1640625	0.169270833333	0.166666666667	0.174479166667	0.174479166667	0.174479166667	0.158854166667	0.208333333333	0.1875	0.1953125	0.1484375	0.1484375	0.177083333333	0.1484375	0.192708333333	0.192708333333	0.192708333333	0.177083333333	0.174479166667	0.1796875	0.1796875	0.169270833333	0.177083333333	0.192708333333	0.216145833333	0.21875	0.1875	0.190104166667	0.158854166667	0.177083333333	0.1875	0.177083333333	0.1875	0.109375	0.127604166667	0.138020833333	0.265625	0.263020833333	0.125	0.190104166667	0.190104166667	0.1640625	0.1640625	0.166666666667	0.15625	0.184895833333	0.166666666667	0.1640625	0.197916666667	0.169270833333	0.1953125	0.140625	0.174479166667	0.174479166667	0.174479166667	0.153645833333	0.153645833333	0.192708333333	0.192708333333	0.171875	0.171875	0.184895833333	0.190104166667	0.169270833333	0.1796875	0.1953125	0.122395833333	0.15625	0.2421875	0.1796875	0.182291666667	0.192708333333	0.231770833333	0.231770833333	0.231770833333	0.151041666667	0.182291666667	0.153645833333	0.1796875	0.1796875	0.1875	0.182291666667	0.1875	0.169270833333	0.177083333333
160178356-tonguedorsum3.snv.bam	0.1640625	0.205729166667	0.205729166667	0.111979166667	0.143229166667	0.171875	0.192708333333	0.182291666667	0.1640625	0.171875	0.0885416666667	0.127604166667	0.158854166667	0.1640625	0.192708333333	0.192708333333	0.1171875	0.239583333333	0.0	0.0	0.143229166667	0.135416666667	0.138020833333	0.1875	0.1796875	0.151041666667	0.158854166667	0.151041666667	0.1640625	0.1640625	0.1640625	0.145833333333	0.1953125	0.177083333333	0.184895833333	0.143229166667	0.143229166667	0.169270833333	0.135416666667	0.1796875	0.1796875	0.1796875	0.169270833333	0.1640625	0.171875	0.171875	0.15625	0.1640625	0.182291666667	0.205729166667	0.208333333333	0.1796875	0.182291666667	0.151041666667	0.166666666667	0.177083333333	0.169270833333	0.177083333333	0.1015625	0.119791666667	0.127604166667	0.252604166667	0.25	0.1171875	0.182291666667	0.184895833333	0.1484375	0.1484375	0.151041666667	0.1484375	0.174479166667	0.158854166667	0.15625	0.184895833333	0.15625	0.192708333333	0.135416666667	0.1640625	0.1640625	0.1640625	0.143229166667	0.143229166667	0.1796875	0.1796875	0.1640625	0.1640625	0.174479166667	0.177083333333	0.158854166667	0.1640625	0.182291666667	0.111979166667	0.1484375	0.229166666667	0.169270833333	0.169270833333	0.1796875	0.21875	0.21875	0.21875	0.145833333333	0.171875	0.145833333333	0.169270833333	0.169270833333	0.177083333333	0.177083333333	0.177083333333	0.161458333333	0.166666666667
160218816-tonguedorsum1.snv.bam	0.151041666667	0.153645833333	0.153645833333	0.0885416666667	0.114583333333	0.15625	0.130208333333	0.111979166667	0.109375	0.135416666667	0.119791666667	0.09375	0.1171875	0.119791666667	0.151041666667	0.151041666667	0.114583333333	0.197916666667	0.151041666667	0.143229166667	0.0	0.109375	0.0677083333333	0.177083333333	0.158854166667	0.127604166667	0.130208333333	0.127604166667	0.130208333333	0.130208333333	0.130208333333	0.122395833333	0.169270833333	0.1484375	0.15625	0.130208333333	0.130208333333	0.151041666667	0.1015625	0.138020833333	0.138020833333	0.138020833333	0.140625	0.138020833333	0.127604166667	0.127604166667	0.111979166667	0.122395833333	0.166666666667	0.15625	0.158854166667	0.140625	0.140625	0.114583333333	0.145833333333	0.158854166667	0.109375	0.1171875	0.0807291666667	0.106770833333	0.114583333333	0.184895833333	0.182291666667	0.114583333333	0.15625	0.158854166667	0.125	0.125	0.125	0.135416666667	0.1328125	0.111979166667	0.111979166667	0.138020833333	0.127604166667	0.174479166667	0.111979166667	0.145833333333	0.145833333333	0.127604166667	0.135416666667	0.135416666667	0.169270833333	0.1640625	0.127604166667	0.127604166667	0.106770833333	0.143229166667	0.130208333333	0.151041666667	0.158854166667	0.138020833333	0.1171875	0.1953125	0.135416666667	0.135416666667	0.135416666667	0.177083333333	0.1796875	0.1796875	0.111979166667	0.122395833333	0.0911458333333	0.135416666667	0.130208333333	0.1328125	0.15625	0.15625	0.151041666667	0.1171875
160259276-tonguedorsum1.snv.bam	0.127604166667	0.1796875	0.1796875	0.0729166666667	0.106770833333	0.1484375	0.145833333333	0.130208333333	0.114583333333	0.138020833333	0.1015625	0.0338541666667	0.138020833333	0.135416666667	0.182291666667	0.182291666667	0.104166666667	0.200520833333	0.143229166667	0.135416666667	0.109375	0.0	0.109375	0.1796875	0.161458333333	0.0598958333333	0.106770833333	0.125	0.0520833333333	0.0520833333333	0.0520833333333	0.130208333333	0.153645833333	0.153645833333	0.161458333333	0.114583333333	0.114583333333	0.0963541666667	0.106770833333	0.138020833333	0.138020833333	0.138020833333	0.119791666667	0.119791666667	0.119791666667	0.119791666667	0.119791666667	0.1328125	0.135416666667	0.1875	0.192708333333	0.111979166667	0.114583333333	0.0364583333333	0.125	0.135416666667	0.109375	0.114583333333	0.0651041666667	0.104166666667	0.109375	0.1953125	0.192708333333	0.1015625	0.169270833333	0.171875	0.130208333333	0.130208333333	0.1328125	0.125	0.1484375	0.122395833333	0.122395833333	0.1484375	0.125	0.15625	0.0963541666667	0.130208333333	0.130208333333	0.140625	0.135416666667	0.135416666667	0.1640625	0.158854166667	0.09375	0.09375	0.125	0.135416666667	0.106770833333	0.1328125	0.161458333333	0.1328125	0.0625	0.192708333333	0.119791666667	0.119791666667	0.1484375	0.182291666667	0.182291666667	0.182291666667	0.111979166667	0.114583333333	0.0963541666667	0.1171875	0.1171875	0.122395833333	0.174479166667	0.174479166667	0.171875	0.0677083333333
160319967-tonguedorsum2.snv.bam	0.1640625	0.151041666667	0.151041666667	0.104166666667	0.143229166667	0.1640625	0.158854166667	0.1484375	0.138020833333	0.161458333333	0.130208333333	0.109375	0.135416666667	0.130208333333	0.169270833333	0.169270833333	0.109375	0.1875	0.143229166667	0.138020833333	0.0677083333333	0.109375	0.0	0.174479166667	0.161458333333	0.130208333333	0.135416666667	0.15625	0.135416666667	0.135416666667	0.135416666667	0.145833333333	0.171875	0.169270833333	0.177083333333	0.145833333333	0.145833333333	0.15625	0.106770833333	0.143229166667	0.143229166667	0.143229166667	0.130208333333	0.1328125	0.151041666667	0.151041666667	0.135416666667	0.151041666667	0.171875	0.190104166667	0.1953125	0.1484375	0.1484375	0.109375	0.1484375	0.158854166667	0.122395833333	0.130208333333	0.0885416666667	0.111979166667	0.125	0.203125	0.200520833333	0.109375	0.158854166667	0.1640625	0.15625	0.15625	0.158854166667	0.135416666667	0.145833333333	0.0963541666667	0.0963541666667	0.153645833333	0.122395833333	0.174479166667	0.122395833333	0.140625	0.140625	0.140625	0.153645833333	0.153645833333	0.182291666667	0.177083333333	0.143229166667	0.143229166667	0.130208333333	0.15625	0.138020833333	0.158854166667	0.153645833333	0.130208333333	0.119791666667	0.208333333333	0.15625	0.15625	0.151041666667	0.1796875	0.182291666667	0.182291666667	0.140625	0.143229166667	0.1171875	0.1484375	0.135416666667	0.140625	0.15625	0.158854166667	0.15625	0.140625
160380657-tonguedorsum1.snv.bam	0.166666666667	0.2109375	0.2109375	0.138020833333	0.153645833333	0.200520833333	0.1875	0.174479166667	0.158854166667	0.182291666667	0.184895833333	0.143229166667	0.184895833333	0.216145833333	0.223958333333	0.223958333333	0.182291666667	0.244791666667	0.192708333333	0.1875	0.177083333333	0.1796875	0.174479166667	0.0	0.0	0.1875	0.174479166667	0.171875	0.192708333333	0.192708333333	0.192708333333	0.208333333333	0.231770833333	0.208333333333	0.216145833333	0.153645833333	0.153645833333	0.1875	0.161458333333	0.205729166667	0.205729166667	0.205729166667	0.145833333333	0.1875	0.184895833333	0.184895833333	0.1796875	0.197916666667	0.184895833333	0.184895833333	0.190104166667	0.213541666667	0.216145833333	0.184895833333	0.1953125	0.208333333333	0.151041666667	0.161458333333	0.143229166667	0.177083333333	0.192708333333	0.2421875	0.239583333333	0.1796875	0.171875	0.169270833333	0.171875	0.171875	0.174479166667	0.1875	0.203125	0.177083333333	0.171875	0.174479166667	0.161458333333	0.231770833333	0.158854166667	0.197916666667	0.197916666667	0.190104166667	0.229166666667	0.229166666667	0.208333333333	0.208333333333	0.174479166667	0.174479166667	0.197916666667	0.205729166667	0.169270833333	0.177083333333	0.213541666667	0.190104166667	0.1796875	0.236979166667	0.171875	0.174479166667	0.229166666667	0.197916666667	0.197916666667	0.197916666667	0.1875	0.169270833333	0.158854166667	0.192708333333	0.1796875	0.1875	0.221354166667	0.223958333333	0.1875	0.192708333333
160380657-tonguedorsum2.snv.bam	0.153645833333	0.192708333333	0.192708333333	0.125	0.138020833333	0.190104166667	0.174479166667	0.161458333333	0.1484375	0.166666666667	0.169270833333	0.127604166667	0.171875	0.197916666667	0.213541666667	0.213541666667	0.1640625	0.231770833333	0.184895833333	0.1796875	0.158854166667	0.161458333333	0.161458333333	0.0	0.0	0.171875	0.166666666667	0.15625	0.174479166667	0.174479166667	0.174479166667	0.1953125	0.208333333333	0.1953125	0.203125	0.138020833333	0.138020833333	0.177083333333	0.1484375	0.192708333333	0.192708333333	0.192708333333	0.135416666667	0.1796875	0.169270833333	0.169270833333	0.169270833333	0.1875	0.171875	0.171875	0.177083333333	0.197916666667	0.197916666667	0.169270833333	0.174479166667	0.1875	0.138020833333	0.145833333333	0.130208333333	0.158854166667	0.174479166667	0.2265625	0.223958333333	0.161458333333	0.158854166667	0.158854166667	0.15625	0.15625	0.158854166667	0.171875	0.184895833333	0.166666666667	0.161458333333	0.15625	0.145833333333	0.223958333333	0.1484375	0.1875	0.1875	0.177083333333	0.213541666667	0.213541666667	0.1953125	0.1953125	0.158854166667	0.158854166667	0.182291666667	0.192708333333	0.15625	0.1640625	0.197916666667	0.177083333333	0.1640625	0.223958333333	0.158854166667	0.158854166667	0.2109375	0.1796875	0.1796875	0.1796875	0.182291666667	0.15625	0.143229166667	0.171875	0.161458333333	0.169270833333	0.2109375	0.2109375	0.177083333333	0.174479166667
