	158499257-stool2.snv.bam	158984779-stool1.snv.bam	159369152-stool1.snv.bam	159490532-stool1.snv.bam	159490532-stool2.snv.bam	159551223-stool1.snv.bam	159551223-stool2.snv.bam	159571453-stool1.snv.bam	159571453-stool2.snv.bam	159591683-stool1.snv.bam	159591683-stool2.snv.bam	159632143-stool1.snv.bam	159733294-stool1.snv.bam	160421117-stool1.snv.bam	160421117-stool2.snv.bam	160421117-stool3.snv.bam	246515023-stool1.snv.bam	246515023-stool2.snv.bam	246515023-stool3.snv.bam	375450439-stool3.snv.bam	404239096-stool1.snv.bam	517810313-stool2.snv.bam	604812005-stool3.snv.bam	706846339-stool1.snv.bam	763496533-stool2.snv.bam	763536994-stool2.snv.bam	763860675-stool2.snv.bam	764042746-stool2.snv.bam	764083206-stool1.snv.bam	764325968-stool1.snv.bam	764588959-stool1.snv.bam	764588959-stool2.snv.bam	765074482-stool1.snv.bam	765074482-stool3.snv.bam	840279516-stool1.snv.bam	BGI003A.snv.bam	CCIS64773582ST-4-0.snv.bam	CCMD63399960ST-21-0.snv.bam	CCMD64503764ST-21-0.snv.bam	CCMD93344354ST-21-0.snv.bam	M4.2-V2.metaG.snv.bam	M4.2-V2.metaT.snv.bam	MH0119.snv.bam	MH0187.snv.bam	MH0220.snv.bam	MH0227.snv.bam	MH0236.snv.bam	MH0246.snv.bam	MH0266.snv.bam	MH0274.snv.bam	MH0287.snv.bam	MH0289.snv.bam	MH0327.snv.bam	MH0341.snv.bam	MH0395.snv.bam	MH0406.snv.bam	MH0424.snv.bam	MH0431.snv.bam	MH0441.snv.bam	MH0450.snv.bam	MH0462.snv.bam	MMRS16644320ST-27-0-0.snv.bam	MMRS57569834ST-27-0-0.snv.bam	N046A.snv.bam	O2.CD2-0-PT.snv.bam	O2.UC15-0.snv.bam	O2.UC19-1.snv.bam	O2.UC35-1.snv.bam	SZEY-48A.snv.bam	SZEY-74A.snv.bam	V1.CD1-0-PT.snv.bam	V1.CD15-3.snv.bam	V1.CD25-4.snv.bam	V1.CD36-0.snv.bam	V1.CD37-4.snv.bam	V1.CD43-0.snv.bam	V1.CD44-0.snv.bam	V1.CD44-4.snv.bam	V1.CD45-0.snv.bam	V1.CD51-0.snv.bam	V1.CD53-0.snv.bam	V1.FI07.snv.bam	V1.FI11.snv.bam	V1.FI13.snv.bam	V1.FI15.snv.bam	V1.FI16.snv.bam	V1.FI18.snv.bam	V1.FI19.snv.bam	V1.FI20.snv.bam	V1.FI27.snv.bam	V1.FI29.snv.bam	V1.UC25-1.snv.bam	V1.UC47-4.snv.bam	bugkiller-11-0-0.snv.bam	bugkiller-11-2-0.snv.bam	bugkiller-11-60-0.snv.bam	bugkiller-11-7-0.snv.bam	bugkiller-11-773-0.snv.bam	bugkiller-12-7-0.snv.bam	bugkiller-13-7-0.snv.bam	halbarad-11-7-0.snv.bam	halbarad-12-7-0.snv.bam	halbarad-13-7-0.snv.bam	peacemaker-11-0-0.snv.bam	peacemaker-11-7-0.snv.bam
158499257-stool2.snv.bam	0.0	0.120408163265	0.251020408163	0.144897959184	0.151020408163	0.15306122449	0.151020408163	0.120408163265	0.110204081633	0.120408163265	0.120408163265	0.112244897959	0.10612244898	0.167346938776	0.14693877551	0.148979591837	0.126530612245	0.134693877551	0.130612244898	0.297959183673	0.118367346939	0.283673469388	0.128571428571	0.108163265306	0.0959183673469	0.122448979592	0.120408163265	0.10612244898	0.126530612245	0.108163265306	0.163265306122	0.134693877551	0.0857142857143	0.108163265306	0.271428571429	0.118367346939	0.185714285714	0.0714285714286	0.110204081633	0.0938775510204	0.134693877551	0.0877551020408	0.0938775510204	0.122448979592	0.0979591836735	0.114285714286	0.102040816327	0.142857142857	0.112244897959	0.151020408163	0.104081632653	0.118367346939	0.118367346939	0.120408163265	0.130612244898	0.118367346939	0.114285714286	0.108163265306	0.132653061224	0.120408163265	0.110204081633	0.104081632653	0.110204081633	0.112244897959	0.132653061224	0.136734693878	0.108163265306	0.120408163265	0.110204081633	0.132653061224	0.112244897959	0.14693877551	0.0979591836735	0.102040816327	0.10612244898	0.122448979592	0.24693877551	0.214285714286	0.116326530612	0.110204081633	0.15306122449	0.120408163265	0.110204081633	0.110204081633	0.1	0.120408163265	0.0979591836735	0.116326530612	0.128571428571	0.0979591836735	0.10612244898	0.0979591836735	0.110204081633	0.0755102040816	0.0795918367347	0.0959183673469	0.0938775510204	0.0714285714286	0.10612244898	0.0816326530612	0.114285714286	0.110204081633	0.104081632653	0.108163265306	0.110204081633
158984779-stool1.snv.bam	0.120408163265	0.0	0.279591836735	0.126530612245	0.132653061224	0.138775510204	0.136734693878	0.0265306122449	0.0408163265306	0.0224489795918	0.0224489795918	0.0795918367347	0.00204081632653	0.108163265306	0.0897959183673	0.0918367346939	0.0877551020408	0.0979591836735	0.0918367346939	0.308163265306	0.159183673469	0.29387755102	0.10612244898	0.142857142857	0.132653061224	0.00612244897959	0.0265306122449	0.0775510204082	0.0897959183673	0.126530612245	0.155102040816	0.124489795918	0.0428571428571	0.0551020408163	0.308163265306	0.0857142857143	0.116326530612	0.0897959183673	0.0795918367347	0.0673469387755	0.0938775510204	0.0632653061224	0.0591836734694	0.15306122449	0.0489795918367	0.155102040816	0.0530612244898	0.102040816327	0.0265306122449	0.132653061224	0.0448979591837	0.0244897959184	0.0224489795918	0.14693877551	0.102040816327	0.0244897959184	0.0244897959184	0.0551020408163	0.108163265306	0.128571428571	0.0775510204082	0.15306122449	0.0673469387755	0.0979591836735	0.171428571429	0.112244897959	0.0551020408163	0.0265306122449	0.0979591836735	0.104081632653	0.144897959184	0.126530612245	0.120408163265	0.0367346938776	0.126530612245	0.163265306122	0.259183673469	0.224489795918	0.155102040816	0.0775510204082	0.161224489796	0.0265306122449	0.0775510204082	0.0775510204082	0.140816326531	0.161224489796	0.15306122449	0.15306122449	0.0428571428571	0.0448979591837	0.0755102040816	0.110204081633	0.0775510204082	0.0877551020408	0.0918367346939	0.118367346939	0.116326530612	0.0795918367347	0.128571428571	0.0918367346939	0.0244897959184	0.0204081632653	0.0224489795918	0.0714285714286	0.0775510204082
159369152-stool1.snv.bam	0.251020408163	0.279591836735	0.0	0.224489795918	0.226530612245	0.232653061224	0.230612244898	0.279591836735	0.273469387755	0.279591836735	0.279591836735	0.275510204082	0.267346938776	0.214285714286	0.212244897959	0.212244897959	0.265306122449	0.277551020408	0.267346938776	0.183673469388	0.279591836735	0.183673469388	0.222448979592	0.271428571429	0.261224489796	0.285714285714	0.279591836735	0.259183673469	0.281632653061	0.279591836735	0.312244897959	0.291836734694	0.255102040816	0.283673469388	0.0448979591837	0.222448979592	0.14693877551	0.248979591837	0.255102040816	0.248979591837	0.281632653061	0.224489795918	0.259183673469	0.257142857143	0.269387755102	0.279591836735	0.277551020408	0.289795918367	0.267346938776	0.228571428571	0.275510204082	0.277551020408	0.277551020408	0.279591836735	0.267346938776	0.277551020408	0.273469387755	0.279591836735	0.220408163265	0.212244897959	0.263265306122	0.285714285714	0.271428571429	0.287755102041	0.291836734694	0.224489795918	0.283673469388	0.279591836735	0.289795918367	0.216326530612	0.277551020408	0.226530612245	0.257142857143	0.267346938776	0.275510204082	0.271428571429	0.210204081633	0.208163265306	0.281632653061	0.273469387755	0.295918367347	0.279591836735	0.271428571429	0.273469387755	0.269387755102	0.279591836735	0.295918367347	0.279591836735	0.291836734694	0.259183673469	0.269387755102	0.244897959184	0.273469387755	0.251020408163	0.255102040816	0.261224489796	0.25306122449	0.244897959184	0.271428571429	0.236734693878	0.277551020408	0.269387755102	0.269387755102	0.265306122449	0.271428571429
159490532-stool1.snv.bam	0.144897959184	0.126530612245	0.224489795918	0.0	0.0	0.0102040816327	0.0102040816327	0.122448979592	0.116326530612	0.122448979592	0.122448979592	0.122448979592	0.114285714286	0.171428571429	0.15306122449	0.155102040816	0.116326530612	0.122448979592	0.118367346939	0.275510204082	0.165306122449	0.263265306122	0.0	0.155102040816	0.142857142857	0.132653061224	0.122448979592	0.116326530612	0.122448979592	0.167346938776	0.191836734694	0.159183673469	0.10612244898	0.126530612245	0.265306122449	0.0183673469388	0.144897959184	0.138775510204	0.1	0.0857142857143	0.134693877551	0.0938775510204	0.0979591836735	0.175510204082	0.122448979592	0.185714285714	0.122448979592	0.136734693878	0.116326530612	0.00204081632653	0.122448979592	0.120408163265	0.120408163265	0.175510204082	0.142857142857	0.120408163265	0.118367346939	0.126530612245	0.0	0.179591836735	0.112244897959	0.171428571429	0.104081632653	0.122448979592	0.187755102041	0.0	0.126530612245	0.122448979592	0.122448979592	0.0	0.179591836735	0.0	0.148979591837	0.112244897959	0.177551020408	0.181632653061	0.230612244898	0.2	0.185714285714	0.120408163265	0.195918367347	0.122448979592	0.120408163265	0.120408163265	0.15306122449	0.191836734694	0.173469387755	0.183673469388	0.134693877551	0.110204081633	0.118367346939	0.144897959184	0.120408163265	0.118367346939	0.126530612245	0.148979591837	0.148979591837	0.116326530612	0.163265306122	0.116326530612	0.120408163265	0.114285714286	0.116326530612	0.118367346939	0.120408163265
159490532-stool2.snv.bam	0.151020408163	0.132653061224	0.226530612245	0.0	0.0	0.0102040816327	0.0102040816327	0.128571428571	0.122448979592	0.128571428571	0.128571428571	0.128571428571	0.120408163265	0.177551020408	0.159183673469	0.161224489796	0.120408163265	0.126530612245	0.122448979592	0.277551020408	0.171428571429	0.265306122449	0.0	0.161224489796	0.148979591837	0.138775510204	0.128571428571	0.122448979592	0.126530612245	0.173469387755	0.197959183673	0.165306122449	0.112244897959	0.132653061224	0.267346938776	0.0183673469388	0.14693877551	0.144897959184	0.10612244898	0.0897959183673	0.138775510204	0.0979591836735	0.104081632653	0.181632653061	0.128571428571	0.191836734694	0.128571428571	0.140816326531	0.122448979592	0.00204081632653	0.128571428571	0.126530612245	0.126530612245	0.181632653061	0.148979591837	0.126530612245	0.124489795918	0.132653061224	0.0	0.185714285714	0.118367346939	0.177551020408	0.110204081633	0.128571428571	0.19387755102	0.0	0.132653061224	0.128571428571	0.128571428571	0.0	0.185714285714	0.0	0.155102040816	0.118367346939	0.183673469388	0.187755102041	0.232653061224	0.202040816327	0.191836734694	0.126530612245	0.202040816327	0.128571428571	0.126530612245	0.126530612245	0.159183673469	0.197959183673	0.179591836735	0.189795918367	0.140816326531	0.116326530612	0.124489795918	0.151020408163	0.126530612245	0.124489795918	0.130612244898	0.155102040816	0.155102040816	0.122448979592	0.169387755102	0.122448979592	0.126530612245	0.120408163265	0.122448979592	0.124489795918	0.126530612245
159551223-stool1.snv.bam	0.15306122449	0.138775510204	0.232653061224	0.0102040816327	0.0102040816327	0.0	0.0	0.134693877551	0.128571428571	0.134693877551	0.134693877551	0.134693877551	0.126530612245	0.183673469388	0.163265306122	0.165306122449	0.126530612245	0.132653061224	0.128571428571	0.283673469388	0.173469387755	0.269387755102	0.0102040816327	0.163265306122	0.151020408163	0.144897959184	0.134693877551	0.128571428571	0.132653061224	0.171428571429	0.191836734694	0.159183673469	0.114285714286	0.134693877551	0.273469387755	0.0285714285714	0.151020408163	0.144897959184	0.112244897959	0.0959183673469	0.144897959184	0.104081632653	0.110204081633	0.175510204082	0.130612244898	0.189795918367	0.130612244898	0.14693877551	0.128571428571	0.0122448979592	0.130612244898	0.132653061224	0.132653061224	0.179591836735	0.14693877551	0.132653061224	0.130612244898	0.134693877551	0.0102040816327	0.189795918367	0.124489795918	0.175510204082	0.116326530612	0.122448979592	0.195918367347	0.0102040816327	0.134693877551	0.134693877551	0.122448979592	0.0102040816327	0.183673469388	0.0102040816327	0.161224489796	0.124489795918	0.185714285714	0.181632653061	0.238775510204	0.208163265306	0.189795918367	0.132653061224	0.195918367347	0.134693877551	0.132653061224	0.132653061224	0.157142857143	0.195918367347	0.181632653061	0.187755102041	0.138775510204	0.122448979592	0.130612244898	0.157142857143	0.132653061224	0.124489795918	0.132653061224	0.15306122449	0.155102040816	0.120408163265	0.171428571429	0.124489795918	0.132653061224	0.126530612245	0.128571428571	0.130612244898	0.132653061224
159551223-stool2.snv.bam	0.151020408163	0.136734693878	0.230612244898	0.0102040816327	0.0102040816327	0.0	0.0	0.132653061224	0.126530612245	0.132653061224	0.132653061224	0.132653061224	0.124489795918	0.181632653061	0.161224489796	0.163265306122	0.126530612245	0.132653061224	0.128571428571	0.281632653061	0.171428571429	0.267346938776	0.0102040816327	0.161224489796	0.148979591837	0.142857142857	0.132653061224	0.126530612245	0.132653061224	0.169387755102	0.189795918367	0.157142857143	0.112244897959	0.132653061224	0.271428571429	0.0285714285714	0.148979591837	0.142857142857	0.110204081633	0.0959183673469	0.144897959184	0.104081632653	0.108163265306	0.173469387755	0.128571428571	0.187755102041	0.128571428571	0.14693877551	0.126530612245	0.0122448979592	0.128571428571	0.130612244898	0.130612244898	0.177551020408	0.144897959184	0.130612244898	0.128571428571	0.132653061224	0.0102040816327	0.187755102041	0.122448979592	0.173469387755	0.114285714286	0.120408163265	0.19387755102	0.0102040816327	0.132653061224	0.132653061224	0.120408163265	0.0102040816327	0.181632653061	0.0102040816327	0.159183673469	0.122448979592	0.183673469388	0.179591836735	0.236734693878	0.20612244898	0.187755102041	0.130612244898	0.19387755102	0.132653061224	0.130612244898	0.130612244898	0.155102040816	0.19387755102	0.179591836735	0.185714285714	0.136734693878	0.120408163265	0.128571428571	0.155102040816	0.130612244898	0.122448979592	0.130612244898	0.151020408163	0.15306122449	0.118367346939	0.169387755102	0.122448979592	0.130612244898	0.124489795918	0.126530612245	0.128571428571	0.130612244898
159571453-stool1.snv.bam	0.120408163265	0.0265306122449	0.279591836735	0.122448979592	0.128571428571	0.134693877551	0.132653061224	0.0	0.0102040816327	0.00408163265306	0.00408163265306	0.0816326530612	0.0224489795918	0.10612244898	0.0877551020408	0.0897959183673	0.0836734693878	0.0897959183673	0.0857142857143	0.308163265306	0.157142857143	0.29387755102	0.102040816327	0.142857142857	0.128571428571	0.0265306122449	0.00408163265306	0.0795918367347	0.0897959183673	0.128571428571	0.155102040816	0.128571428571	0.0367346938776	0.0448979591837	0.308163265306	0.0795918367347	0.110204081633	0.0877551020408	0.069387755102	0.0571428571429	0.0938775510204	0.065306122449	0.0612244897959	0.155102040816	0.0387755102041	0.161224489796	0.0428571428571	0.102040816327	0.00408163265306	0.128571428571	0.0367346938776	0.00204081632653	0.00204081632653	0.151020408163	0.0938775510204	0.00204081632653	0.00204081632653	0.0448979591837	0.108163265306	0.130612244898	0.0632653061224	0.155102040816	0.065306122449	0.104081632653	0.167346938776	0.110204081633	0.0448979591837	0.00408163265306	0.104081632653	0.1	0.148979591837	0.124489795918	0.120408163265	0.0224489795918	0.128571428571	0.165306122449	0.259183673469	0.224489795918	0.161224489796	0.0795918367347	0.161224489796	0.00408163265306	0.0795918367347	0.0795918367347	0.142857142857	0.167346938776	0.15306122449	0.159183673469	0.0244897959184	0.0285714285714	0.0775510204082	0.110204081633	0.0795918367347	0.0877551020408	0.0938775510204	0.122448979592	0.118367346939	0.0857142857143	0.130612244898	0.0877551020408	0.0102040816327	0.00816326530612	0.00816326530612	0.0755102040816	0.0795918367347
159571453-stool2.snv.bam	0.110204081633	0.0408163265306	0.273469387755	0.116326530612	0.122448979592	0.128571428571	0.126530612245	0.0102040816327	0.0	0.0183673469388	0.0183673469388	0.0795918367347	0.0326530612245	0.120408163265	0.102040816327	0.104081632653	0.0979591836735	0.104081632653	0.1	0.295918367347	0.14693877551	0.281632653061	0.0979591836735	0.132653061224	0.124489795918	0.0408163265306	0.0183673469388	0.0775510204082	0.1	0.142857142857	0.148979591837	0.126530612245	0.0265306122449	0.0285714285714	0.297959183673	0.0918367346939	0.10612244898	0.0897959183673	0.0714285714286	0.0632653061224	0.104081632653	0.0734693877551	0.0734693877551	0.151020408163	0.0285714285714	0.159183673469	0.0285714285714	0.112244897959	0.0183673469388	0.122448979592	0.0265306122449	0.0163265306122	0.0163265306122	0.148979591837	0.108163265306	0.0163265306122	0.0163265306122	0.0285714285714	0.104081632653	0.128571428571	0.0612244897959	0.144897959184	0.0795918367347	0.0979591836735	0.15306122449	0.104081632653	0.0285714285714	0.0183673469388	0.0979591836735	0.0959183673469	0.14693877551	0.118367346939	0.122448979592	0.00816326530612	0.118367346939	0.159183673469	0.251020408163	0.216326530612	0.159183673469	0.0775510204082	0.159183673469	0.0183673469388	0.0775510204082	0.0775510204082	0.140816326531	0.165306122449	0.142857142857	0.157142857143	0.0367346938776	0.0387755102041	0.0755102040816	0.112244897959	0.0775510204082	0.0918367346939	0.0979591836735	0.122448979592	0.120408163265	0.0877551020408	0.136734693878	0.0938775510204	0.0244897959184	0.0224489795918	0.0204081632653	0.0734693877551	0.0775510204082
159591683-stool1.snv.bam	0.120408163265	0.0224489795918	0.279591836735	0.122448979592	0.128571428571	0.134693877551	0.132653061224	0.00408163265306	0.0183673469388	0.0	0.0	0.0816326530612	0.0183673469388	0.10612244898	0.0877551020408	0.0897959183673	0.0836734693878	0.0897959183673	0.0857142857143	0.308163265306	0.157142857143	0.29387755102	0.104081632653	0.142857142857	0.130612244898	0.0224489795918	0.00408163265306	0.0795918367347	0.0918367346939	0.128571428571	0.155102040816	0.128571428571	0.0367346938776	0.0448979591837	0.308163265306	0.0816326530612	0.110204081633	0.0877551020408	0.069387755102	0.0632653061224	0.0959183673469	0.0673469387755	0.0612244897959	0.155102040816	0.0387755102041	0.161224489796	0.0428571428571	0.104081632653	0.00408163265306	0.128571428571	0.0367346938776	0.00204081632653	0.00204081632653	0.151020408163	0.0938775510204	0.00204081632653	0.00204081632653	0.0448979591837	0.108163265306	0.130612244898	0.0632653061224	0.155102040816	0.065306122449	0.104081632653	0.167346938776	0.110204081633	0.0448979591837	0.00408163265306	0.104081632653	0.102040816327	0.148979591837	0.124489795918	0.120408163265	0.0224489795918	0.128571428571	0.165306122449	0.259183673469	0.224489795918	0.161224489796	0.0795918367347	0.161224489796	0.00408163265306	0.0795918367347	0.0795918367347	0.142857142857	0.167346938776	0.15306122449	0.159183673469	0.0244897959184	0.0285714285714	0.0775510204082	0.110204081633	0.0795918367347	0.0918367346939	0.0959183673469	0.122448979592	0.122448979592	0.0857142857143	0.134693877551	0.0938775510204	0.0102040816327	0.00816326530612	0.00816326530612	0.0755102040816	0.0795918367347
159591683-stool2.snv.bam	0.120408163265	0.0224489795918	0.279591836735	0.122448979592	0.128571428571	0.134693877551	0.132653061224	0.00408163265306	0.0183673469388	0.0	0.0	0.0816326530612	0.0183673469388	0.10612244898	0.0877551020408	0.0897959183673	0.0836734693878	0.0897959183673	0.0857142857143	0.308163265306	0.157142857143	0.29387755102	0.104081632653	0.142857142857	0.130612244898	0.0224489795918	0.00408163265306	0.0795918367347	0.0918367346939	0.128571428571	0.155102040816	0.128571428571	0.0367346938776	0.0448979591837	0.308163265306	0.0816326530612	0.110204081633	0.0897959183673	0.069387755102	0.0632653061224	0.0959183673469	0.0673469387755	0.0612244897959	0.155102040816	0.0387755102041	0.161224489796	0.0428571428571	0.104081632653	0.00408163265306	0.128571428571	0.0367346938776	0.00204081632653	0.00204081632653	0.151020408163	0.0938775510204	0.00204081632653	0.00204081632653	0.0448979591837	0.108163265306	0.130612244898	0.0632653061224	0.155102040816	0.065306122449	0.104081632653	0.167346938776	0.110204081633	0.0448979591837	0.00408163265306	0.104081632653	0.102040816327	0.148979591837	0.124489795918	0.120408163265	0.0224489795918	0.128571428571	0.165306122449	0.259183673469	0.224489795918	0.161224489796	0.0795918367347	0.161224489796	0.00408163265306	0.0795918367347	0.0795918367347	0.142857142857	0.167346938776	0.15306122449	0.159183673469	0.0244897959184	0.0285714285714	0.0775510204082	0.110204081633	0.0795918367347	0.0938775510204	0.0959183673469	0.124489795918	0.122448979592	0.0857142857143	0.134693877551	0.0938775510204	0.0102040816327	0.00816326530612	0.00816326530612	0.0755102040816	0.0795918367347
159632143-stool1.snv.bam	0.112244897959	0.0795918367347	0.275510204082	0.122448979592	0.128571428571	0.134693877551	0.132653061224	0.0816326530612	0.0795918367347	0.0816326530612	0.0816326530612	0.0	0.0673469387755	0.122448979592	0.104081632653	0.10612244898	0.0857142857143	0.0938775510204	0.0897959183673	0.302040816327	0.140816326531	0.287755102041	0.102040816327	0.126530612245	0.120408163265	0.0836734693878	0.0816326530612	0.00204081632653	0.0714285714286	0.140816326531	0.155102040816	0.122448979592	0.0714285714286	0.0897959183673	0.30612244898	0.0857142857143	0.161224489796	0.104081632653	0.0448979591837	0.0530612244898	0.0795918367347	0.0408163265306	0.0612244897959	0.14693877551	0.0816326530612	0.15306122449	0.0877551020408	0.0836734693878	0.0816326530612	0.128571428571	0.0836734693878	0.0795918367347	0.0795918367347	0.151020408163	0.114285714286	0.0795918367347	0.0795918367347	0.0897959183673	0.108163265306	0.124489795918	0.0183673469388	0.151020408163	0.0714285714286	0.0836734693878	0.159183673469	0.112244897959	0.0897959183673	0.0816326530612	0.0857142857143	0.10612244898	0.144897959184	0.124489795918	0.112244897959	0.0755102040816	0.140816326531	0.151020408163	0.265306122449	0.230612244898	0.15306122449	0.00204081632653	0.167346938776	0.0816326530612	0.00204081632653	0.00204081632653	0.124489795918	0.157142857143	0.148979591837	0.148979591837	0.0979591836735	0.0734693877551	0.00204081632653	0.108163265306	0.00204081632653	0.0857142857143	0.0918367346939	0.112244897959	0.114285714286	0.0795918367347	0.130612244898	0.0816326530612	0.0795918367347	0.0755102040816	0.069387755102	0.00204081632653	0.00204081632653
159733294-stool1.snv.bam	0.10612244898	0.00204081632653	0.267346938776	0.114285714286	0.120408163265	0.126530612245	0.124489795918	0.0224489795918	0.0326530612245	0.0183673469388	0.0183673469388	0.0673469387755	0.0	0.0959183673469	0.0775510204082	0.0795918367347	0.0775510204082	0.0857142857143	0.0775510204082	0.295918367347	0.144897959184	0.281632653061	0.0959183673469	0.128571428571	0.122448979592	0.00204081632653	0.0204081632653	0.065306122449	0.0775510204082	0.118367346939	0.140816326531	0.118367346939	0.0367346938776	0.0469387755102	0.295918367347	0.0795918367347	0.104081632653	0.0795918367347	0.0673469387755	0.0551020408163	0.0795918367347	0.0530612244898	0.0510204081633	0.144897959184	0.0428571428571	0.144897959184	0.0448979591837	0.0877551020408	0.0224489795918	0.120408163265	0.0367346938776	0.0204081632653	0.0204081632653	0.138775510204	0.0959183673469	0.0204081632653	0.0204081632653	0.0469387755102	0.0979591836735	0.114285714286	0.0673469387755	0.140816326531	0.0591836734694	0.0857142857143	0.163265306122	0.102040816327	0.0469387755102	0.0224489795918	0.0857142857143	0.0938775510204	0.136734693878	0.116326530612	0.108163265306	0.0285714285714	0.120408163265	0.15306122449	0.24693877551	0.210204081633	0.144897959184	0.065306122449	0.14693877551	0.0224489795918	0.065306122449	0.065306122449	0.126530612245	0.151020408163	0.138775510204	0.142857142857	0.0387755102041	0.0408163265306	0.0632653061224	0.0979591836735	0.065306122449	0.0795918367347	0.0836734693878	0.10612244898	0.10612244898	0.0734693877551	0.122448979592	0.0836734693878	0.0204081632653	0.0183673469388	0.0163265306122	0.0632653061224	0.065306122449
160421117-stool1.snv.bam	0.167346938776	0.108163265306	0.214285714286	0.171428571429	0.177551020408	0.183673469388	0.181632653061	0.10612244898	0.120408163265	0.10612244898	0.10612244898	0.122448979592	0.0959183673469	0.0	0.0	0.0	0.126530612245	0.138775510204	0.130612244898	0.265306122449	0.202040816327	0.261224489796	0.15306122449	0.189795918367	0.173469387755	0.112244897959	0.10612244898	0.120408163265	0.140816326531	0.165306122449	0.220408163265	0.185714285714	0.114285714286	0.130612244898	0.255102040816	0.126530612245	0.104081632653	0.151020408163	0.118367346939	0.110204081633	0.142857142857	0.1	0.10612244898	0.204081632653	0.122448979592	0.210204081633	0.128571428571	0.15306122449	0.104081632653	0.177551020408	0.120408163265	0.104081632653	0.104081632653	0.195918367347	0.15306122449	0.104081632653	0.104081632653	0.126530612245	0.157142857143	0.0612244897959	0.112244897959	0.191836734694	0.110204081633	0.144897959184	0.208163265306	0.161224489796	0.130612244898	0.10612244898	0.144897959184	0.151020408163	0.19387755102	0.173469387755	0.163265306122	0.116326530612	0.177551020408	0.212244897959	0.230612244898	0.208163265306	0.210204081633	0.120408163265	0.212244897959	0.10612244898	0.120408163265	0.120408163265	0.187755102041	0.216326530612	0.191836734694	0.208163265306	0.118367346939	0.102040816327	0.118367346939	0.157142857143	0.120408163265	0.140816326531	0.144897959184	0.171428571429	0.171428571429	0.130612244898	0.181632653061	0.138775510204	0.104081632653	0.0979591836735	0.1	0.116326530612	0.120408163265
160421117-stool2.snv.bam	0.14693877551	0.0897959183673	0.212244897959	0.15306122449	0.159183673469	0.163265306122	0.161224489796	0.0877551020408	0.102040816327	0.0877551020408	0.0877551020408	0.104081632653	0.0775510204082	0.0	0.0	0.0	0.108163265306	0.120408163265	0.112244897959	0.265306122449	0.179591836735	0.261224489796	0.134693877551	0.169387755102	0.15306122449	0.0938775510204	0.0877551020408	0.102040816327	0.122448979592	0.144897959184	0.2	0.165306122449	0.0938775510204	0.110204081633	0.25306122449	0.108163265306	0.104081632653	0.130612244898	0.1	0.0918367346939	0.124489795918	0.0857142857143	0.0877551020408	0.183673469388	0.102040816327	0.189795918367	0.108163265306	0.134693877551	0.0857142857143	0.159183673469	0.1	0.0857142857143	0.0857142857143	0.175510204082	0.132653061224	0.0857142857143	0.0857142857143	0.10612244898	0.138775510204	0.0612244897959	0.0938775510204	0.171428571429	0.0918367346939	0.124489795918	0.185714285714	0.142857142857	0.110204081633	0.0877551020408	0.124489795918	0.132653061224	0.173469387755	0.155102040816	0.14693877551	0.0979591836735	0.155102040816	0.191836734694	0.230612244898	0.208163265306	0.189795918367	0.102040816327	0.191836734694	0.0877551020408	0.102040816327	0.102040816327	0.167346938776	0.195918367347	0.169387755102	0.187755102041	0.0979591836735	0.0836734693878	0.1	0.140816326531	0.102040816327	0.120408163265	0.124489795918	0.151020408163	0.15306122449	0.110204081633	0.161224489796	0.120408163265	0.0857142857143	0.0836734693878	0.0816326530612	0.0979591836735	0.102040816327
160421117-stool3.snv.bam	0.148979591837	0.0918367346939	0.212244897959	0.155102040816	0.161224489796	0.165306122449	0.163265306122	0.0897959183673	0.104081632653	0.0897959183673	0.0897959183673	0.10612244898	0.0795918367347	0.0	0.0	0.0	0.110204081633	0.122448979592	0.114285714286	0.265306122449	0.181632653061	0.261224489796	0.136734693878	0.171428571429	0.157142857143	0.0959183673469	0.0897959183673	0.104081632653	0.124489795918	0.144897959184	0.202040816327	0.167346938776	0.0959183673469	0.112244897959	0.25306122449	0.110204081633	0.104081632653	0.132653061224	0.102040816327	0.0938775510204	0.126530612245	0.0897959183673	0.0897959183673	0.185714285714	0.104081632653	0.191836734694	0.110204081633	0.136734693878	0.0877551020408	0.161224489796	0.102040816327	0.0877551020408	0.0877551020408	0.177551020408	0.134693877551	0.0877551020408	0.0877551020408	0.108163265306	0.140816326531	0.0612244897959	0.0959183673469	0.171428571429	0.0938775510204	0.126530612245	0.187755102041	0.144897959184	0.112244897959	0.0897959183673	0.126530612245	0.134693877551	0.175510204082	0.157142857143	0.14693877551	0.1	0.157142857143	0.19387755102	0.230612244898	0.208163265306	0.191836734694	0.104081632653	0.19387755102	0.0897959183673	0.104081632653	0.104081632653	0.169387755102	0.197959183673	0.171428571429	0.189795918367	0.1	0.0857142857143	0.102040816327	0.140816326531	0.104081632653	0.122448979592	0.126530612245	0.15306122449	0.155102040816	0.112244897959	0.163265306122	0.122448979592	0.0877551020408	0.0857142857143	0.0836734693878	0.1	0.104081632653
246515023-stool1.snv.bam	0.126530612245	0.0877551020408	0.265306122449	0.116326530612	0.120408163265	0.126530612245	0.126530612245	0.0836734693878	0.0979591836735	0.0836734693878	0.0836734693878	0.0857142857143	0.0775510204082	0.126530612245	0.108163265306	0.110204081633	0.0	0.0	0.0	0.308163265306	0.140816326531	0.291836734694	0.104081632653	0.128571428571	0.118367346939	0.0938775510204	0.0836734693878	0.0795918367347	0.0857142857143	0.124489795918	0.169387755102	0.132653061224	0.0795918367347	0.10612244898	0.291836734694	0.0795918367347	0.175510204082	0.10612244898	0.0551020408163	0.0142857142857	0.0918367346939	0.0571428571429	0.0591836734694	0.14693877551	0.1	0.161224489796	0.104081632653	0.1	0.0795918367347	0.122448979592	0.1	0.0816326530612	0.0816326530612	0.159183673469	0.104081632653	0.0816326530612	0.0795918367347	0.10612244898	0.108163265306	0.14693877551	0.0714285714286	0.14693877551	0.065306122449	0.104081632653	0.144897959184	0.104081632653	0.10612244898	0.0836734693878	0.104081632653	0.10612244898	0.157142857143	0.118367346939	0.118367346939	0.0877551020408	0.140816326531	0.157142857143	0.269387755102	0.232653061224	0.161224489796	0.0836734693878	0.167346938776	0.0836734693878	0.0836734693878	0.0836734693878	0.122448979592	0.167346938776	0.157142857143	0.159183673469	0.1	0.0571428571429	0.0816326530612	0.112244897959	0.0836734693878	0.0938775510204	0.0959183673469	0.124489795918	0.122448979592	0.0857142857143	0.132653061224	0.0918367346939	0.0755102040816	0.0734693877551	0.0714285714286	0.0775510204082	0.0836734693878
246515023-stool2.snv.bam	0.134693877551	0.0979591836735	0.277551020408	0.122448979592	0.126530612245	0.132653061224	0.132653061224	0.0897959183673	0.104081632653	0.0897959183673	0.0897959183673	0.0938775510204	0.0857142857143	0.138775510204	0.120408163265	0.122448979592	0.0	0.0	0.0	0.312244897959	0.144897959184	0.295918367347	0.110204081633	0.134693877551	0.122448979592	0.104081632653	0.0897959183673	0.0877551020408	0.0918367346939	0.132653061224	0.175510204082	0.138775510204	0.0877551020408	0.116326530612	0.3	0.0836734693878	0.183673469388	0.112244897959	0.0591836734694	0.0122448979592	0.0979591836735	0.0632653061224	0.065306122449	0.155102040816	0.110204081633	0.167346938776	0.114285714286	0.10612244898	0.0857142857143	0.128571428571	0.10612244898	0.0877551020408	0.0877551020408	0.167346938776	0.108163265306	0.0877551020408	0.0857142857143	0.116326530612	0.114285714286	0.155102040816	0.0795918367347	0.15306122449	0.0714285714286	0.110204081633	0.155102040816	0.110204081633	0.116326530612	0.0897959183673	0.110204081633	0.108163265306	0.165306122449	0.124489795918	0.128571428571	0.0979591836735	0.148979591837	0.163265306122	0.273469387755	0.236734693878	0.167346938776	0.0918367346939	0.171428571429	0.0897959183673	0.0918367346939	0.0918367346939	0.126530612245	0.173469387755	0.165306122449	0.165306122449	0.10612244898	0.065306122449	0.0897959183673	0.118367346939	0.0918367346939	0.1	0.102040816327	0.130612244898	0.128571428571	0.0918367346939	0.138775510204	0.0979591836735	0.0857142857143	0.0836734693878	0.0816326530612	0.0857142857143	0.0918367346939
246515023-stool3.snv.bam	0.130612244898	0.0918367346939	0.267346938776	0.118367346939	0.122448979592	0.128571428571	0.128571428571	0.0857142857143	0.1	0.0857142857143	0.0857142857143	0.0897959183673	0.0775510204082	0.130612244898	0.112244897959	0.114285714286	0.0	0.0	0.0	0.310204081633	0.144897959184	0.29387755102	0.10612244898	0.132653061224	0.122448979592	0.0959183673469	0.0857142857143	0.0836734693878	0.0897959183673	0.130612244898	0.173469387755	0.136734693878	0.0816326530612	0.110204081633	0.29387755102	0.0816326530612	0.179591836735	0.114285714286	0.0591836734694	0.0183673469388	0.0959183673469	0.0591836734694	0.065306122449	0.15306122449	0.104081632653	0.165306122449	0.108163265306	0.104081632653	0.0816326530612	0.124489795918	0.104081632653	0.0836734693878	0.0836734693878	0.161224489796	0.108163265306	0.0836734693878	0.0816326530612	0.110204081633	0.110204081633	0.148979591837	0.0734693877551	0.151020408163	0.0714285714286	0.110204081633	0.151020408163	0.10612244898	0.110204081633	0.0857142857143	0.110204081633	0.108163265306	0.159183673469	0.120408163265	0.124489795918	0.0918367346939	0.144897959184	0.163265306122	0.271428571429	0.234693877551	0.165306122449	0.0877551020408	0.171428571429	0.0857142857143	0.0877551020408	0.0877551020408	0.124489795918	0.171428571429	0.161224489796	0.163265306122	0.102040816327	0.0612244897959	0.0857142857143	0.118367346939	0.0877551020408	0.102040816327	0.102040816327	0.128571428571	0.128571428571	0.0918367346939	0.136734693878	0.0979591836735	0.0795918367347	0.0775510204082	0.0755102040816	0.0816326530612	0.0877551020408
375450439-stool3.snv.bam	0.297959183673	0.308163265306	0.183673469388	0.275510204082	0.277551020408	0.283673469388	0.281632653061	0.308163265306	0.295918367347	0.308163265306	0.308163265306	0.302040816327	0.295918367347	0.265306122449	0.265306122449	0.265306122449	0.308163265306	0.312244897959	0.310204081633	0.0	0.302040816327	0.00204081632653	0.267346938776	0.285714285714	0.277551020408	0.316326530612	0.308163265306	0.287755102041	0.314285714286	0.328571428571	0.314285714286	0.281632653061	0.277551020408	0.304081632653	0.214285714286	0.271428571429	0.218367346939	0.283673469388	0.289795918367	0.279591836735	0.316326530612	0.240816326531	0.285714285714	0.277551020408	0.283673469388	0.316326530612	0.3	0.326530612245	0.302040816327	0.277551020408	0.302040816327	0.30612244898	0.304081632653	0.310204081633	0.3	0.30612244898	0.3	0.3	0.265306122449	0.265306122449	0.287755102041	0.324489795918	0.304081632653	0.316326530612	0.320408163265	0.267346938776	0.304081632653	0.308163265306	0.316326530612	0.259183673469	0.308163265306	0.275510204082	0.283673469388	0.29387755102	0.29387755102	0.291836734694	0.122448979592	0.122448979592	0.318367346939	0.3	0.29387755102	0.308163265306	0.3	0.3	0.310204081633	0.322448979592	0.297959183673	0.314285714286	0.320408163265	0.281632653061	0.297959183673	0.275510204082	0.3	0.283673469388	0.283673469388	0.295918367347	0.287755102041	0.283673469388	0.30612244898	0.271428571429	0.30612244898	0.297959183673	0.29387755102	0.291836734694	0.3
404239096-stool1.snv.bam	0.118367346939	0.159183673469	0.279591836735	0.165306122449	0.171428571429	0.173469387755	0.171428571429	0.157142857143	0.14693877551	0.157142857143	0.157142857143	0.140816326531	0.144897959184	0.202040816327	0.179591836735	0.181632653061	0.140816326531	0.144897959184	0.144897959184	0.302040816327	0.0	0.283673469388	0.148979591837	0.0	0.0	0.163265306122	0.157142857143	0.130612244898	0.161224489796	0.15306122449	0.14693877551	0.124489795918	0.126530612245	0.15306122449	0.295918367347	0.138775510204	0.220408163265	0.108163265306	0.128571428571	0.110204081633	0.169387755102	0.128571428571	0.128571428571	0.110204081633	0.14693877551	0.128571428571	0.148979591837	0.175510204082	0.15306122449	0.171428571429	0.148979591837	0.155102040816	0.155102040816	0.138775510204	0.134693877551	0.155102040816	0.151020408163	0.15306122449	0.151020408163	0.161224489796	0.132653061224	0.148979591837	0.138775510204	0.120408163265	0.0918367346939	0.155102040816	0.15306122449	0.157142857143	0.120408163265	0.151020408163	0.128571428571	0.165306122449	0.122448979592	0.142857142857	0.118367346939	0.116326530612	0.269387755102	0.234693877551	0.130612244898	0.138775510204	0.155102040816	0.157142857143	0.138775510204	0.138775510204	0.069387755102	0.134693877551	0.110204081633	0.126530612245	0.140816326531	0.124489795918	0.136734693878	0.120408163265	0.138775510204	0.1	0.104081632653	0.120408163265	0.120408163265	0.0979591836735	0.122448979592	0.104081632653	0.155102040816	0.148979591837	0.144897959184	0.136734693878	0.136734693878
517810313-stool2.snv.bam	0.283673469388	0.29387755102	0.183673469388	0.263265306122	0.265306122449	0.269387755102	0.267346938776	0.29387755102	0.281632653061	0.29387755102	0.29387755102	0.287755102041	0.281632653061	0.261224489796	0.261224489796	0.261224489796	0.291836734694	0.295918367347	0.29387755102	0.00204081632653	0.283673469388	0.0	0.255102040816	0.267346938776	0.263265306122	0.302040816327	0.29387755102	0.273469387755	0.3	0.312244897959	0.297959183673	0.265306122449	0.257142857143	0.285714285714	0.210204081633	0.259183673469	0.212244897959	0.265306122449	0.275510204082	0.263265306122	0.302040816327	0.232653061224	0.271428571429	0.257142857143	0.265306122449	0.297959183673	0.281632653061	0.314285714286	0.287755102041	0.265306122449	0.283673469388	0.291836734694	0.289795918367	0.295918367347	0.281632653061	0.291836734694	0.285714285714	0.281632653061	0.25306122449	0.261224489796	0.273469387755	0.308163265306	0.289795918367	0.3	0.302040816327	0.25306122449	0.285714285714	0.29387755102	0.3	0.24693877551	0.29387755102	0.263265306122	0.271428571429	0.277551020408	0.275510204082	0.275510204082	0.120408163265	0.118367346939	0.3	0.285714285714	0.275510204082	0.29387755102	0.285714285714	0.285714285714	0.29387755102	0.304081632653	0.279591836735	0.295918367347	0.304081632653	0.265306122449	0.283673469388	0.261224489796	0.285714285714	0.267346938776	0.267346938776	0.277551020408	0.271428571429	0.267346938776	0.287755102041	0.255102040816	0.289795918367	0.283673469388	0.277551020408	0.277551020408	0.285714285714
604812005-stool3.snv.bam	0.128571428571	0.10612244898	0.222448979592	0.0	0.0	0.0102040816327	0.0102040816327	0.102040816327	0.0979591836735	0.104081632653	0.104081632653	0.102040816327	0.0959183673469	0.15306122449	0.134693877551	0.136734693878	0.104081632653	0.110204081633	0.10612244898	0.267346938776	0.148979591837	0.255102040816	0.0	0.140816326531	0.126530612245	0.114285714286	0.104081632653	0.0979591836735	0.10612244898	0.148979591837	0.167346938776	0.134693877551	0.0877551020408	0.108163265306	0.263265306122	0.0163265306122	0.136734693878	0.118367346939	0.0857142857143	0.069387755102	0.118367346939	0.0836734693878	0.0795918367347	0.15306122449	0.104081632653	0.163265306122	0.10612244898	0.120408163265	0.102040816327	0.00204081632653	0.104081632653	0.102040816327	0.102040816327	0.15306122449	0.120408163265	0.102040816327	0.1	0.108163265306	0.0	0.161224489796	0.0918367346939	0.155102040816	0.0836734693878	0.1	0.163265306122	0.0	0.108163265306	0.104081632653	0.1	0.0	0.157142857143	0.0	0.130612244898	0.0959183673469	0.159183673469	0.159183673469	0.222448979592	0.191836734694	0.163265306122	0.1	0.171428571429	0.104081632653	0.1	0.1	0.132653061224	0.169387755102	0.155102040816	0.161224489796	0.112244897959	0.0918367346939	0.0979591836735	0.126530612245	0.1	0.0959183673469	0.104081632653	0.126530612245	0.126530612245	0.0959183673469	0.140816326531	0.0938775510204	0.102040816327	0.0959183673469	0.0979591836735	0.0979591836735	0.1
706846339-stool1.snv.bam	0.108163265306	0.142857142857	0.271428571429	0.155102040816	0.161224489796	0.163265306122	0.161224489796	0.142857142857	0.132653061224	0.142857142857	0.142857142857	0.126530612245	0.128571428571	0.189795918367	0.169387755102	0.171428571429	0.128571428571	0.134693877551	0.132653061224	0.285714285714	0.0	0.267346938776	0.140816326531	0.0	0.0	0.14693877551	0.142857142857	0.116326530612	0.148979591837	0.134693877551	0.136734693878	0.114285714286	0.112244897959	0.138775510204	0.287755102041	0.128571428571	0.210204081633	0.0938775510204	0.118367346939	0.102040816327	0.157142857143	0.118367346939	0.118367346939	0.102040816327	0.132653061224	0.114285714286	0.134693877551	0.163265306122	0.140816326531	0.161224489796	0.134693877551	0.140816326531	0.140816326531	0.128571428571	0.120408163265	0.140816326531	0.136734693878	0.138775510204	0.142857142857	0.15306122449	0.118367346939	0.128571428571	0.128571428571	0.110204081633	0.0836734693878	0.14693877551	0.138775510204	0.142857142857	0.110204081633	0.140816326531	0.120408163265	0.155102040816	0.112244897959	0.128571428571	0.110204081633	0.108163265306	0.259183673469	0.224489795918	0.118367346939	0.124489795918	0.140816326531	0.142857142857	0.124489795918	0.124489795918	0.065306122449	0.120408163265	0.102040816327	0.112244897959	0.126530612245	0.110204081633	0.122448979592	0.110204081633	0.124489795918	0.0897959183673	0.0918367346939	0.10612244898	0.10612244898	0.0857142857143	0.10612244898	0.0959183673469	0.140816326531	0.134693877551	0.132653061224	0.122448979592	0.122448979592
