	159753524-stool2.snv.bam	159753524-stool3.snv.bam	160502038-stool1.snv.bam	765620695-stool1.snv.bam	863126187-stool3.snv.bam	CCIS15704761ST-4-0.snv.bam	CCIS41288781ST-4-0.snv.bam	CCMD11006829ST-21-0.snv.bam	CCMD88272491ST-21-0.snv.bam	HT14A.snv.bam	M3.5-V1.metaT.snv.bam	MMRS72980899ST-27-0-0.snv.bam	MMRS85438660ST-27-0-0.snv.bam	N075A.snv.bam	N087A.snv.bam	SZEY-10A.snv.bam	SZEY-39A.snv.bam	T2D-135A.snv.bam	T2D-19A.snv.bam	T2D-78A.snv.bam	V1.CD3-0-PN.snv.bam	V1.CD7-4.snv.bam	V1.FI08.snv.bam	V1.FI11.snv.bam	V1.FI13.snv.bam	V1.FI22.snv.bam	V1.FI34.snv.bam
159753524-stool2.snv.bam	0.0	0.0	0.0702875399361	0.0575079872204	0.201277955272	0.201277955272	0.255591054313	0.226837060703	0.178913738019	0.239616613419	0.143769968051	0.140575079872	0.143769968051	0.14696485623	0.0447284345048	0.130990415335	0.162939297125	0.140575079872	0.17571884984	0.156549520767	0.201277955272	0.156549520767	0.0415335463259	0.111821086262	0.115015974441	0.239616613419	0.150159744409
159753524-stool3.snv.bam	0.0	0.0	0.0575079872204	0.0638977635783	0.137380191693	0.140575079872	0.191693290735	0.169329073482	0.105431309904	0.073482428115	0.0798722044728	0.0766773162939	0.0830670926518	0.102236421725	0.0543130990415	0.121405750799	0.0830670926518	0.0926517571885	0.124600638978	0.0830670926518	0.143769968051	0.137380191693	0.0543130990415	0.0798722044728	0.0830670926518	0.0575079872204	0.0862619808307
160502038-stool1.snv.bam	0.0702875399361	0.0575079872204	0.0	0.038338658147	0.143769968051	0.124600638978	0.210862619808	0.137380191693	0.0702875399361	0.159744408946	0.102236421725	0.11821086262	0.124600638978	0.127795527157	0.0255591054313	0.0766773162939	0.108626198083	0.0798722044728	0.134185303514	0.108626198083	0.134185303514	0.143769968051	0.0670926517572	0.102236421725	0.105431309904	0.156549520767	0.121405750799
765620695-stool1.snv.bam	0.0575079872204	0.0638977635783	0.038338658147	0.0	0.150159744409	0.137380191693	0.185303514377	0.182108626198	0.105431309904	0.159744408946	0.124600638978	0.150159744409	0.156549520767	0.134185303514	0.0670926517572	0.111821086262	0.14696485623	0.0990415335463	0.121405750799	0.150159744409	0.111821086262	0.17571884984	0.0447284345048	0.143769968051	0.14696485623	0.150159744409	0.156549520767
863126187-stool3.snv.bam	0.201277955272	0.137380191693	0.143769968051	0.150159744409	0.0	0.137380191693	0.127795527157	0.038338658147	0.220447284345	0.185303514377	0.201277955272	0.207667731629	0.207667731629	0.172523961661	0.143769968051	0.233226837061	0.191693290735	0.156549520767	0.140575079872	0.191693290735	0.153354632588	0.188498402556	0.140575079872	0.156549520767	0.17571884984	0.185303514377	0.207667731629
CCIS15704761ST-4-0.snv.bam	0.201277955272	0.140575079872	0.124600638978	0.137380191693	0.137380191693	0.0	0.201277955272	0.159744408946	0.210862619808	0.185303514377	0.188498402556	0.210862619808	0.210862619808	0.178913738019	0.14696485623	0.207667731629	0.198083067093	0.14696485623	0.169329073482	0.201277955272	0.166134185304	0.20447284345	0.169329073482	0.172523961661	0.172523961661	0.191693290735	0.210862619808
CCIS41288781ST-4-0.snv.bam	0.255591054313	0.191693290735	0.210862619808	0.185303514377	0.127795527157	0.201277955272	0.0	0.143769968051	0.230031948882	0.239616613419	0.233226837061	0.242811501597	0.242811501597	0.223642172524	0.207667731629	0.300319488818	0.226837060703	0.23642172524	0.201277955272	0.23642172524	0.185303514377	0.20447284345	0.220447284345	0.20447284345	0.210862619808	0.23642172524	0.242811501597
CCMD11006829ST-21-0.snv.bam	0.226837060703	0.169329073482	0.137380191693	0.182108626198	0.038338658147	0.159744408946	0.143769968051	0.0	0.242811501597	0.210862619808	0.210862619808	0.223642172524	0.226837060703	0.210862619808	0.137380191693	0.214057507987	0.201277955272	0.156549520767	0.169329073482	0.210862619808	0.185303514377	0.20447284345	0.159744408946	0.17571884984	0.191693290735	0.210862619808	0.223642172524
CCMD88272491ST-21-0.snv.bam	0.178913738019	0.105431309904	0.0702875399361	0.105431309904	0.220447284345	0.210862619808	0.230031948882	0.242811501597	0.0	0.185303514377	0.111821086262	0.115015974441	0.121405750799	0.185303514377	0.134185303514	0.217252396166	0.11821086262	0.150159744409	0.191693290735	0.11821086262	0.130990415335	0.191693290735	0.169329073482	0.105431309904	0.115015974441	0.166134185304	0.121405750799
HT14A.snv.bam	0.239616613419	0.073482428115	0.159744408946	0.159744408946	0.185303514377	0.185303514377	0.239616613419	0.210862619808	0.185303514377	0.0	0.162939297125	0.188498402556	0.191693290735	0.182108626198	0.178913738019	0.220447284345	0.172523961661	0.162939297125	0.201277955272	0.178913738019	0.20447284345	0.214057507987	0.166134185304	0.207667731629	0.207667731629	0.0287539936102	0.188498402556
M3.5-V1.metaT.snv.bam	0.143769968051	0.0798722044728	0.102236421725	0.124600638978	0.201277955272	0.188498402556	0.233226837061	0.210862619808	0.111821086262	0.162939297125	0.0	0.0159744408946	0.0191693290735	0.0638977635783	0.130990415335	0.185303514377	0.0575079872204	0.0958466453674	0.127795527157	0.0255591054313	0.134185303514	0.162939297125	0.121405750799	0.0319488817891	0.038338658147	0.143769968051	0.0159744408946
MMRS72980899ST-27-0-0.snv.bam	0.140575079872	0.0766773162939	0.11821086262	0.150159744409	0.207667731629	0.210862619808	0.242811501597	0.223642172524	0.115015974441	0.188498402556	0.0159744408946	0.0	0.00319488817891	0.0638977635783	0.134185303514	0.217252396166	0.0415335463259	0.0958466453674	0.140575079872	0.00958466453674	0.150159744409	0.17571884984	0.14696485623	0.0287539936102	0.0351437699681	0.17571884984	0.0
MMRS85438660ST-27-0-0.snv.bam	0.143769968051	0.0830670926518	0.124600638978	0.156549520767	0.207667731629	0.210862619808	0.242811501597	0.226837060703	0.121405750799	0.191693290735	0.0191693290735	0.00319488817891	0.0	0.0638977635783	0.140575079872	0.217252396166	0.0447284345048	0.0990415335463	0.143769968051	0.0127795527157	0.153354632588	0.178913738019	0.162939297125	0.0319488817891	0.038338658147	0.178913738019	0.00319488817891
N075A.snv.bam	0.14696485623	0.102236421725	0.127795527157	0.134185303514	0.172523961661	0.178913738019	0.223642172524	0.210862619808	0.185303514377	0.182108626198	0.0638977635783	0.0638977635783	0.0638977635783	0.0	0.14696485623	0.217252396166	0.105431309904	0.127795527157	0.130990415335	0.0670926517572	0.150159744409	0.162939297125	0.156549520767	0.0926517571885	0.0926517571885	0.17571884984	0.0638977635783
N087A.snv.bam	0.0447284345048	0.0543130990415	0.0255591054313	0.0670926517572	0.143769968051	0.14696485623	0.207667731629	0.137380191693	0.134185303514	0.178913738019	0.130990415335	0.134185303514	0.140575079872	0.14696485623	0.0	0.0638977635783	0.124600638978	0.0990415335463	0.150159744409	0.137380191693	0.159744408946	0.150159744409	0.0447284345048	0.105431309904	0.102236421725	0.172523961661	0.14696485623
SZEY-10A.snv.bam	0.130990415335	0.121405750799	0.0766773162939	0.111821086262	0.233226837061	0.207667731629	0.300319488818	0.214057507987	0.217252396166	0.220447284345	0.185303514377	0.217252396166	0.217252396166	0.217252396166	0.0638977635783	0.0	0.182108626198	0.17571884984	0.230031948882	0.201277955272	0.242811501597	0.242811501597	0.105431309904	0.210862619808	0.217252396166	0.201277955272	0.217252396166
SZEY-39A.snv.bam	0.162939297125	0.0830670926518	0.108626198083	0.14696485623	0.191693290735	0.198083067093	0.226837060703	0.201277955272	0.11821086262	0.172523961661	0.0575079872204	0.0415335463259	0.0447284345048	0.105431309904	0.124600638978	0.182108626198	0.0	0.0798722044728	0.156549520767	0.0319488817891	0.14696485623	0.169329073482	0.162939297125	0.0702875399361	0.0766773162939	0.159744408946	0.0415335463259
T2D-135A.snv.bam	0.140575079872	0.0926517571885	0.0798722044728	0.0990415335463	0.156549520767	0.14696485623	0.23642172524	0.156549520767	0.150159744409	0.162939297125	0.0958466453674	0.0958466453674	0.0990415335463	0.127795527157	0.0990415335463	0.17571884984	0.0798722044728	0.0	0.127795527157	0.0862619808307	0.121405750799	0.194888178914	0.130990415335	0.0990415335463	0.115015974441	0.166134185304	0.0958466453674
T2D-19A.snv.bam	0.17571884984	0.124600638978	0.134185303514	0.121405750799	0.140575079872	0.169329073482	0.201277955272	0.169329073482	0.191693290735	0.201277955272	0.127795527157	0.140575079872	0.143769968051	0.130990415335	0.150159744409	0.230031948882	0.156549520767	0.127795527157	0.0	0.130990415335	0.140575079872	0.182108626198	0.134185303514	0.153354632588	0.169329073482	0.17571884984	0.143769968051
T2D-78A.snv.bam	0.156549520767	0.0830670926518	0.108626198083	0.150159744409	0.191693290735	0.201277955272	0.23642172524	0.210862619808	0.11821086262	0.178913738019	0.0255591054313	0.00958466453674	0.0127795527157	0.0670926517572	0.137380191693	0.201277955272	0.0319488817891	0.0862619808307	0.130990415335	0.0	0.14696485623	0.162939297125	0.153354632588	0.0415335463259	0.0447284345048	0.166134185304	0.00958466453674
V1.CD3-0-PN.snv.bam	0.201277955272	0.143769968051	0.134185303514	0.111821086262	0.153354632588	0.166134185304	0.185303514377	0.185303514377	0.130990415335	0.20447284345	0.134185303514	0.150159744409	0.153354632588	0.150159744409	0.159744408946	0.242811501597	0.14696485623	0.121405750799	0.140575079872	0.14696485623	0.0	0.156549520767	0.14696485623	0.121405750799	0.140575079872	0.201277955272	0.153354632588
V1.CD7-4.snv.bam	0.156549520767	0.137380191693	0.143769968051	0.17571884984	0.188498402556	0.20447284345	0.20447284345	0.20447284345	0.191693290735	0.214057507987	0.162939297125	0.17571884984	0.178913738019	0.162939297125	0.150159744409	0.242811501597	0.169329073482	0.194888178914	0.182108626198	0.162939297125	0.156549520767	0.0	0.17571884984	0.153354632588	0.159744408946	0.20447284345	0.178913738019
V1.FI08.snv.bam	0.0415335463259	0.0543130990415	0.0670926517572	0.0447284345048	0.140575079872	0.169329073482	0.220447284345	0.159744408946	0.169329073482	0.166134185304	0.121405750799	0.14696485623	0.162939297125	0.156549520767	0.0447284345048	0.105431309904	0.162939297125	0.130990415335	0.134185303514	0.153354632588	0.14696485623	0.17571884984	0.0	0.11821086262	0.127795527157	0.166134185304	0.159744408946
V1.FI11.snv.bam	0.111821086262	0.0798722044728	0.102236421725	0.143769968051	0.156549520767	0.172523961661	0.20447284345	0.17571884984	0.105431309904	0.207667731629	0.0319488817891	0.0287539936102	0.0319488817891	0.0926517571885	0.105431309904	0.210862619808	0.0702875399361	0.0990415335463	0.153354632588	0.0415335463259	0.121405750799	0.153354632588	0.11821086262	0.0	0.0	0.194888178914	0.0319488817891
V1.FI13.snv.bam	0.115015974441	0.0830670926518	0.105431309904	0.14696485623	0.17571884984	0.172523961661	0.210862619808	0.191693290735	0.115015974441	0.207667731629	0.038338658147	0.0351437699681	0.038338658147	0.0926517571885	0.102236421725	0.217252396166	0.0766773162939	0.115015974441	0.169329073482	0.0447284345048	0.140575079872	0.159744408946	0.127795527157	0.0	0.0	0.194888178914	0.0351437699681
V1.FI22.snv.bam	0.239616613419	0.0575079872204	0.156549520767	0.150159744409	0.185303514377	0.191693290735	0.23642172524	0.210862619808	0.166134185304	0.0287539936102	0.143769968051	0.17571884984	0.178913738019	0.17571884984	0.172523961661	0.201277955272	0.159744408946	0.166134185304	0.17571884984	0.166134185304	0.201277955272	0.20447284345	0.166134185304	0.194888178914	0.194888178914	0.0	0.17571884984
V1.FI34.snv.bam	0.150159744409	0.0862619808307	0.121405750799	0.156549520767	0.207667731629	0.210862619808	0.242811501597	0.223642172524	0.121405750799	0.188498402556	0.0159744408946	0.0	0.00319488817891	0.0638977635783	0.14696485623	0.217252396166	0.0415335463259	0.0958466453674	0.143769968051	0.00958466453674	0.153354632588	0.178913738019	0.159744408946	0.0319488817891	0.0351437699681	0.17571884984	0.0
