	147406386-tonguedorsum3.snv.bam	158155345-tonguedorsum2.snv.bam	158256496-tonguedorsum2.snv.bam	158458797-tonguedorsum1.snv.bam	158499257-tonguedorsum1.snv.bam	158499257-tonguedorsum2.snv.bam	158802708-tonguedorsum2.snv.bam	158883629-tonguedorsum2.snv.bam	158883629-tonguedorsum3.snv.bam	158944319-tonguedorsum1.snv.bam	158944319-tonguedorsum2.snv.bam	158944319-tonguedorsum3.snv.bam	159005010-tonguedorsum2.snv.bam	159207311-tonguedorsum2.snv.bam	159207311-tonguedorsum3.snv.bam	159227541-tonguedorsum2.snv.bam	159227541-tonguedorsum3.snv.bam	159247771-tonguedorsum2.snv.bam	159551223-tonguedorsum1.snv.bam	159551223-tonguedorsum2.snv.bam	159591683-tonguedorsum1.snv.bam	159611913-tonguedorsum1.snv.bam	159611913-tonguedorsum2.snv.bam	159632143-tonguedorsum1.snv.bam	160259276-tonguedorsum1.snv.bam	160319967-tonguedorsum2.snv.bam	160400887-tonguedorsum1.snv.bam	160421117-tonguedorsum1.snv.bam	160421117-tonguedorsum2.snv.bam	160421117-tonguedorsum3.snv.bam	160582958-tonguedorsum1.snv.bam	160582958-tonguedorsum2.snv.bam	160582958-tonguedorsum3.snv.bam	160643649-tonguedorsum1.snv.bam	160704339-tonguedorsum1.snv.bam	160765029-tonguedorsum1.snv.bam	160906640-tonguedorsum1.snv.bam	246515023-tonguedorsum1.snv.bam	246515023-tonguedorsum2.snv.bam	375450439-tonguedorsum3.snv.bam	508703490-tonguedorsum1.snv.bam	508703490-tonguedorsum2.snv.bam	550534656-tonguedorsum1.snv.bam	550534656-tonguedorsum2.snv.bam	604812005-tonguedorsum3.snv.bam	638754422-tonguedorsum1.snv.bam	638754422-tonguedorsum2.snv.bam	638754422-tonguedorsum3.snv.bam	675950834-tonguedorsum1.snv.bam	675950834-tonguedorsum2.snv.bam	675950834-tonguedorsum3.snv.bam	682102541-tonguedorsum3.snv.bam	706846339-tonguedorsum1.snv.bam	763395383-tonguedorsum3.snv.bam	763536994-tonguedorsum2.snv.bam	763536994-tonguedorsum3.snv.bam	763557224-tonguedorsum3.snv.bam	763577454-tonguedorsum1.snv.bam	763577454-tonguedorsum2.snv.bam	763759525-tonguedorsum2.snv.bam	763840445-tonguedorsum2.snv.bam	763961826-palatinetonsils2.snv.bam	763961826-saliva1.snv.bam	763961826-throat1.snv.bam	763961826-throat2.snv.bam	763961826-tonguedorsum1.snv.bam	763961826-tonguedorsum2.snv.bam	763982056-tonguedorsum2.snv.bam	763982056-tonguedorsum3.snv.bam	764285508-tonguedorsum2.snv.bam	764325968-tonguedorsum1.snv.bam	764588959-tonguedorsum1.snv.bam	764588959-tonguedorsum2.snv.bam	764811490-tonguedorsum1.snv.bam	764892411-tonguedorsum2.snv.bam	765013792-tonguedorsum2.snv.bam	765013792-tonguedorsum3.snv.bam	765034022-tonguedorsum1.snv.bam	765074482-tonguedorsum1.snv.bam	765074482-tonguedorsum3.snv.bam	765155402-tonguedorsum3.snv.bam	765216093-tonguedorsum3.snv.bam	765620695-tonguedorsum1.snv.bam	823052294-tonguedorsum1.snv.bam	823052294-tonguedorsum2.snv.bam	823052294-tonguedorsum3.snv.bam	857980665-tonguedorsum2.snv.bam	857980665-tonguedorsum3.snv.bam	861967750-tonguedorsum1.snv.bam	861967750-tonguedorsum2.snv.bam	863126187-tonguedorsum3.snv.bam	953045535-tonguedorsum2.snv.bam
147406386-tonguedorsum3.snv.bam	0.0	0.147504455503	0.13193838152	0.158749501296	0.12171256068	0.135712282967	0.119451138088	0.140461578045	0.133192128336	0.124069639888	0.139556821095	0.119261611468	0.113029716844	0.140196555919	0.134791211139	0.12062553729	0.0990774741698	0.101771536999	0.17559700813	0.185195854277	0.146385154887	0.141207270557	0.148953714558	0.119314543223	0.128646792695	0.183917965254	0.110058952857	0.108202249244	0.110229221743	0.141864423065	0.168607018609	0.141061668972	0.162780823154	0.101907779221	0.132096805819	0.158662799194	0.121474675153	0.0981125580715	0.0989681438958	0.153266483923	0.12562079669	0.130539205691	0.0970198908062	0.118089664109	0.135124975264	0.115865634759	0.124065500056	0.119295867208	0.112551948441	0.108197047998	0.115901577963	0.124367480763	0.126522811724	0.139379906333	0.150326630851	0.146783968003	0.121829040934	0.0968809560696	0.103924578415	0.124542686988	0.133975187359	0.113895517119	0.116484901433	0.114719857385	0.118003159581	0.119439284954	0.116523550571	0.136140450963	0.125418967807	0.107654494059	0.105598196785	0.112872784537	0.127030562731	0.126960994803	0.102150997264	0.103950456278	0.126362753005	0.109679404941	0.103260059723	0.113785881163	0.104357845016	0.102735973183	0.114765419854	0.108909872272	0.108133829602	0.0948350091953	0.1463792088	0.146393450571	0.11930415754	0.121736968591	0.109084188954	0.13292418506
158155345-tonguedorsum2.snv.bam	0.147504455503	0.0	0.105966649425	0.151123728496	0.13528796508	0.166900475507	0.154020848449	0.152828989446	0.158831095859	0.15458150581	0.153146238077	0.161336578595	0.150355895472	0.139095520176	0.143084333367	0.125561367831	0.141681741093	0.138987172334	0.159683616958	0.147209127827	0.14476673581	0.111860013986	0.106154693824	0.136453286126	0.147778101583	0.157136071806	0.133984557691	0.155353336354	0.150530629069	0.16668588993	0.175825399928	0.160582242644	0.173504482504	0.134393154116	0.154384002173	0.165748287498	0.148126638881	0.122708277547	0.10471600733	0.150417278532	0.153270730387	0.154512177218	0.149891776667	0.157545685421	0.17993319963	0.138521740622	0.151355579801	0.169220531361	0.124878634143	0.11633507777	0.13075923565	0.144122433272	0.137914580518	0.12260119974	0.159473505997	0.161908993356	0.145323026081	0.1468492177	0.145859068368	0.133216536186	0.152218113736	0.130902035988	0.136711311727	0.139806992039	0.136095089824	0.138883152538	0.129669297158	0.0997726184237	0.102892670449	0.161258683563	0.143205182396	0.146815205561	0.129813953865	0.122943905547	0.132392542386	0.116906577705	0.139693049484	0.133496971315	0.131044988552	0.148334192944	0.101224451997	0.127846469545	0.141585681705	0.128578221338	0.113960449138	0.112805131873	0.140931761598	0.141560397956	0.11596159261	0.121392952538	0.154890016861	0.127757168159
158256496-tonguedorsum2.snv.bam	0.13193838152	0.105966649425	0.0	0.144406221585	0.120142571335	0.141812097179	0.107412145473	0.143556764312	0.142623499213	0.140400205751	0.151285987492	0.148931991472	0.130739126045	0.136834345844	0.130548454004	0.136473539215	0.13183225893	0.154309865524	0.159004553098	0.17620332345	0.146475064806	0.140532073864	0.141138304867	0.11160485733	0.148962055712	0.170756123732	0.13114609976	0.137446425204	0.124565344558	0.160041407746	0.148554770138	0.138821930393	0.147902146334	0.106318570947	0.11499794616	0.178080687541	0.144799144826	0.127253847595	0.124421978877	0.156534119787	0.121390006472	0.120956037933	0.134466273817	0.144173840922	0.182052332221	0.123338088341	0.140964714896	0.149901620913	0.122389997403	0.112035592554	0.123071068664	0.133171753104	0.135848431837	0.136813013401	0.151228273427	0.151572278527	0.147648135984	0.125990382688	0.124558018276	0.121986292619	0.122409083565	0.139003976392	0.138582524729	0.141832495528	0.137992292927	0.144373844997	0.135429058104	0.135855880384	0.133779379299	0.133478310149	0.126324304621	0.131343424465	0.132655339544	0.123167362544	0.128524758441	0.135716914588	0.140822733611	0.105312714462	0.121626693604	0.120930097023	0.108043057076	0.103835591334	0.137207355851	0.124406793093	0.115988739487	0.111704467223	0.141387881475	0.13173052167	0.106402798709	0.117052356072	0.118299715863	0.138329311008
158458797-tonguedorsum1.snv.bam	0.158749501296	0.151123728496	0.144406221585	0.0	0.133402423796	0.158152699333	0.158540621074	0.167351085962	0.168878607274	0.15663454948	0.172884063611	0.171702723968	0.137690775368	0.155370444187	0.135097136586	0.145941459299	0.159569487297	0.159706990837	0.160935951781	0.174239314619	0.164098665831	0.143164517856	0.137961572387	0.133138633695	0.159093682226	0.170598393217	0.151007498079	0.154032510279	0.133654774	0.166789746892	0.176791792677	0.164967127011	0.173498722263	0.147345294109	0.134714790841	0.179701718758	0.154115510051	0.155427743448	0.153828197877	0.159187140454	0.160308539306	0.160741427238	0.156473404416	0.161404906478	0.177713000487	0.145603546329	0.148671638849	0.16505427114	0.138211636694	0.141321046165	0.151835032373	0.138477943864	0.16474537076	0.156983437996	0.160936503363	0.160725213288	0.157427528256	0.155832088994	0.159928725165	0.142032631798	0.153654897291	0.146786826896	0.153237901662	0.152458904754	0.145588932394	0.15444793152	0.150233901173	0.145467545447	0.14234138413	0.155077351498	0.165109888976	0.156274243354	0.146245242486	0.154916629973	0.147154690325	0.175041959108	0.1914410158	0.167059502821	0.146282150038	0.155562212176	0.131535097619	0.143623126013	0.145563105551	0.144623631801	0.137376997745	0.145723906006	0.164658164526	0.162442463966	0.147917103353	0.14265452113	0.148231241807	0.159605909133
158499257-tonguedorsum1.snv.bam	0.12171256068	0.13528796508	0.120142571335	0.133402423796	0.0	0.0693687891588	0.14844547645	0.148818681106	0.143014989612	0.110313798978	0.133834456301	0.147952225235	0.119214486315	0.144511793179	0.134749468722	0.11493064465	0.13386760004	0.135578759654	0.171282515876	0.160324184945	0.105562179243	0.144498235815	0.13967153444	0.113328940414	0.151346415374	0.169455655139	0.115357871644	0.131899812644	0.128064594406	0.139369619985	0.137921582334	0.131647210846	0.134983551867	0.0966776408546	0.140816478618	0.174969687803	0.142567142197	0.113470070358	0.108916287888	0.121034317355	0.137477281432	0.143935440648	0.136862009995	0.142711188721	0.129923680616	0.116811516894	0.108614915495	0.112334345583	0.132404237188	0.125323836669	0.12912325441	0.124250017117	0.141709437931	0.146269230669	0.142796748347	0.145141703864	0.132846553621	0.13018450965	0.132678503817	0.123442750374	0.129882916996	0.127357226594	0.13337812724	0.133418400208	0.129187185653	0.136997557378	0.128486551132	0.119512686426	0.121746159333	0.137924934143	0.119990721394	0.138480639266	0.13034441897	0.136177696091	0.11875450622	0.127733581262	0.144008742267	0.134530810995	0.13716027004	0.122995961014	0.097460430554	0.112419599402	0.138563489836	0.132145380292	0.119262237041	0.124734190386	0.0996565085616	0.0996089360151	0.1300055386	0.131673402136	0.133964632987	0.141192991495
158499257-tonguedorsum2.snv.bam	0.135712282967	0.166900475507	0.141812097179	0.158152699333	0.0693687891588	0.0	0.156793458171	0.167832670557	0.160479347533	0.125808694332	0.160871755865	0.152419659627	0.146602023685	0.151751439105	0.149841146087	0.121153299747	0.143550716777	0.144227360264	0.192169775479	0.173879865285	0.097321298689	0.163989671204	0.164116294045	0.130360306881	0.158122278671	0.190741723644	0.138448824065	0.159219846395	0.153293940082	0.163416448258	0.125134649232	0.13428582013	0.129274873459	0.11629765839	0.155159808155	0.181163229993	0.157808411068	0.124088438894	0.129541407822	0.110419300201	0.157980108433	0.15973700103	0.154682206522	0.160913526228	0.155750969086	0.132616232852	0.136688688602	0.135965386069	0.144577819281	0.135741656853	0.138339680921	0.144165076979	0.1398360125	0.173954163789	0.148847094652	0.148477984459	0.148803862921	0.139566423996	0.144648220624	0.138476384424	0.146435528872	0.145088796339	0.156081272711	0.150647942316	0.147473804243	0.155253909921	0.147481896497	0.142454716962	0.144394306485	0.152151269658	0.127048613316	0.162234084973	0.161378183135	0.157168650217	0.127916937323	0.156794000869	0.160840733589	0.146071503714	0.151900178016	0.141495909596	0.117046699304	0.13574506489	0.154742596428	0.152401803509	0.132135151354	0.141073252261	0.112216539007	0.090429533479	0.148487450605	0.146276505945	0.146721330803	0.148253631627
158802708-tonguedorsum2.snv.bam	0.119451138088	0.154020848449	0.107412145473	0.158540621074	0.14844547645	0.156793458171	0.0	0.134332637894	0.133907621268	0.129011614777	0.144810688638	0.118413254329	0.126206323313	0.121456625564	0.114059617013	0.143062996857	0.114700492739	0.130319420665	0.163579301291	0.211255927613	0.147043494212	0.154922245638	0.157972049358	0.130428752989	0.149243590545	0.184688067869	0.134368286123	0.125945881031	0.116519902753	0.151411255153	0.157542526642	0.145209868672	0.167585201686	0.119316475376	0.112801972474	0.142638093473	0.145617894513	0.132844589639	0.133891983768	0.174935556029	0.120584897762	0.122401338453	0.128798985995	0.155012078396	0.158756918256	0.143977503264	0.148875035835	0.148268045838	0.130853321482	0.126810666788	0.134811126975	0.129795169372	0.143613182548	0.133031984934	0.162237517257	0.16157546141	0.135671763316	0.12450228522	0.120518598127	0.128176216478	0.129428621553	0.147281128632	0.142604059629	0.147896723195	0.145202795687	0.147172652317	0.141739833606	0.137315278404	0.128048697188	0.118753784359	0.125349869659	0.136043839329	0.132059307345	0.139632580399	0.127062544466	0.137756735466	0.157443545118	0.110758866911	0.115034624057	0.117584808128	0.118725889326	0.116575290491	0.135392989268	0.119963013393	0.11121361814	0.111573384785	0.163892408541	0.165935139527	0.111233279791	0.120978482428	0.118465415533	0.151419521357
158883629-tonguedorsum2.snv.bam	0.140461578045	0.152828989446	0.143556764312	0.167351085962	0.148818681106	0.167832670557	0.134332637894	0.0	0.0257641400359	0.143031106163	0.15138530084	0.145933203824	0.106583286385	0.163580762396	0.15606366404	0.15136845126	0.141843156442	0.158849709429	0.157124392055	0.197297519201	0.182837661487	0.15483442449	0.159771645059	0.126290957826	0.180470417075	0.188517943435	0.125818693181	0.130429070783	0.125843835649	0.142342422842	0.17428244954	0.154571462517	0.162215103617	0.126866725119	0.125791611547	0.165800806334	0.134736981668	0.137999372756	0.122758582086	0.185166763158	0.116270582376	0.113607406258	0.14355844651	0.154082998019	0.161333290182	0.127710946025	0.144065462249	0.139951662799	0.125357795327	0.132864054046	0.137613319867	0.121697051863	0.168532649427	0.155283536633	0.177854126138	0.17898262488	0.154980600051	0.134965486377	0.13459488561	0.14718700001	0.146191587506	0.140664362713	0.14041190914	0.146449291349	0.133145902104	0.141573627721	0.135036137316	0.140667935062	0.132971140628	0.144076005131	0.122368130766	0.133348770042	0.133378925359	0.119056299389	0.131477433976	0.116503632591	0.150373616384	0.124526603172	0.1257976122	0.127874992047	0.12678525078	0.136685538507	0.143257654577	0.117802958984	0.125283890182	0.123125874251	0.14663121298	0.161006705489	0.130270373762	0.138247503042	0.133268388272	0.139211966302
158883629-tonguedorsum3.snv.bam	0.133192128336	0.158831095859	0.142623499213	0.168878607274	0.143014989612	0.160479347533	0.133907621268	0.0257641400359	0.0	0.148741476313	0.151973110061	0.14547793081	0.110924403516	0.160122060528	0.1547695553	0.154420245217	0.135582114297	0.15796643703	0.157352986531	0.196006119215	0.181769056929	0.164445943155	0.16614419307	0.128896948781	0.179570074117	0.180326961586	0.126566784881	0.134891774856	0.128852399659	0.136526704918	0.178291470703	0.154508810248	0.165752293079	0.122873500536	0.125723586216	0.170368853351	0.135865945209	0.143331335858	0.126706257157	0.185475474616	0.125953302516	0.122574575716	0.141695749057	0.150017857531	0.156211000661	0.131308687107	0.149668702617	0.143591573714	0.129143541468	0.138840148691	0.143496404426	0.11896309586	0.16871117449	0.152401977449	0.175099089714	0.17644895233	0.159825667866	0.132055011757	0.132094286753	0.149427392262	0.150011400576	0.147947890767	0.146940628477	0.152711106899	0.140267830127	0.148102031529	0.142403966052	0.142041230164	0.133116591921	0.140707101891	0.126105034784	0.13273292932	0.135471580332	0.117016044099	0.135758540589	0.118771193589	0.152000009404	0.123722909275	0.121558431442	0.122378631259	0.126693800459	0.135465842672	0.136532286036	0.117660354593	0.127684881318	0.12146352026	0.147172721108	0.156229635325	0.131596215431	0.138271357084	0.135233658869	0.147173368405
158944319-tonguedorsum1.snv.bam	0.124069639888	0.15458150581	0.140400205751	0.15663454948	0.110313798978	0.125808694332	0.129011614777	0.143031106163	0.148741476313	0.0	0.0810180644763	0.0876688755267	0.145639722756	0.151305853717	0.141649087755	0.127526971505	0.139425402383	0.135980636861	0.183440078752	0.187871026112	0.135129517701	0.156891113594	0.159275312376	0.127522450675	0.15792888529	0.187209697571	0.129885661791	0.140437189157	0.143172966698	0.158208758573	0.141920838761	0.136451961464	0.146109378007	0.12372150659	0.134845368788	0.175267998178	0.138232651117	0.134176620845	0.129976320009	0.138754773742	0.113925864591	0.120439053	0.0925962171394	0.0996952321978	0.123239240369	0.138602871783	0.127437227028	0.112571213318	0.126670131609	0.118775640281	0.1140840472	0.130994855315	0.147140690208	0.144223365222	0.169055081764	0.170283379725	0.136021331581	0.118544803663	0.115861276746	0.145236879574	0.134594135778	0.130846250863	0.139774446504	0.132154022533	0.136552002158	0.139108030211	0.135415556456	0.13300588044	0.137534431677	0.119436012738	0.110476793344	0.133915326872	0.129466994169	0.132574027346	0.130294471478	0.136511034326	0.143420751575	0.148262918587	0.134634234845	0.125719906712	0.10347044287	0.130216748842	0.140339522302	0.135488418791	0.122016953684	0.12321036039	0.126309832008	0.125958039771	0.130256591541	0.129334195282	0.111856363658	0.152744419751
158944319-tonguedorsum2.snv.bam	0.139556821095	0.153146238077	0.151285987492	0.172884063611	0.133834456301	0.160871755865	0.144810688638	0.15138530084	0.151973110061	0.0810180644763	0.0	0.114104531409	0.141265618722	0.13706048384	0.134852532563	0.139013636738	0.14492838858	0.163146761954	0.212701560596	0.201691016707	0.157403099727	0.167085969093	0.168415815957	0.152180729207	0.159316038907	0.200194310099	0.133862788998	0.146291369902	0.14969801692	0.148398254362	0.170954573802	0.16529327185	0.171993937256	0.146537784174	0.165801290186	0.184172317237	0.153806488725	0.15699483592	0.130851784602	0.166349522234	0.146671570399	0.158090824925	0.133771039401	0.125554169512	0.12944007951	0.147470326961	0.137216397362	0.123966621292	0.132299658417	0.133021295951	0.124604544472	0.138595970446	0.152204090454	0.162661528971	0.180321234299	0.180625955977	0.139458627166	0.155864230121	0.147850396778	0.148724189826	0.131573767822	0.135179271279	0.141724524271	0.130286896915	0.137173932372	0.137152633711	0.135282868903	0.154793937905	0.157568357286	0.14746807209	0.126323083298	0.150330592433	0.142779446441	0.12775649109	0.143041053636	0.124152819821	0.13792603142	0.14585048648	0.14487211929	0.146163876352	0.122810651926	0.142672688993	0.141151732569	0.137893306041	0.143270782551	0.138508800699	0.12980405056	0.141036863796	0.15156955066	0.138454057604	0.140966365839	0.154035038696
158944319-tonguedorsum3.snv.bam	0.119261611468	0.161336578595	0.148931991472	0.171702723968	0.147952225235	0.152419659627	0.118413254329	0.145933203824	0.14547793081	0.0876688755267	0.114104531409	0.0	0.1491394041	0.151797058594	0.153692168199	0.137577331112	0.132907334974	0.155426700812	0.197193750577	0.212092943272	0.147259272011	0.156904473005	0.163554265309	0.12831525168	0.162407551064	0.201251417804	0.139377001581	0.133309443879	0.132770601008	0.157112204893	0.151793862053	0.134582281468	0.158950052022	0.134461551664	0.138128153351	0.163195423104	0.130862189605	0.130419283212	0.139210556741	0.156443666285	0.130474986794	0.136679177115	0.122588958177	0.137447292365	0.157326408778	0.139383257477	0.150269757765	0.147122836241	0.135144302367	0.121268674299	0.125838660974	0.144926773145	0.151198450319	0.135208645702	0.161031575412	0.160772492801	0.146130272348	0.137689027365	0.134260487735	0.151757289551	0.1263261488	0.13830418691	0.141348321034	0.14384839471	0.143559822537	0.147952201667	0.137803256894	0.141913826228	0.139554091147	0.140383804742	0.125084463809	0.140196384054	0.145559057487	0.160017347633	0.1205770561	0.135662359886	0.146299538483	0.15004040194	0.136691549098	0.130689827442	0.125092670449	0.13973877966	0.153235706968	0.143570875217	0.123446681481	0.130183867045	0.151342100041	0.138559842839	0.134166142855	0.12569986479	0.131924602328	0.157673328366
159005010-tonguedorsum2.snv.bam	0.113029716844	0.150355895472	0.130739126045	0.137690775368	0.119214486315	0.146602023685	0.126206323313	0.106583286385	0.110924403516	0.145639722756	0.141265618722	0.1491394041	0.0	0.142884601008	0.129640056152	0.126430709375	0.116494503507	0.132368841431	0.153993598882	0.174382396304	0.149914200247	0.125314200007	0.12785394733	0.113415879126	0.145567828454	0.165171729475	0.10264103967	0.110981006997	0.105584505112	0.119922422511	0.187201492055	0.167797155689	0.184184075494	0.109301804167	0.135055995601	0.140094016076	0.124880343717	0.118825701289	0.0978899552815	0.174359725921	0.138609710467	0.135507577499	0.131175565809	0.149126576545	0.141240534757	0.0987232498392	0.110644370991	0.130692407029	0.115958911408	0.120334113001	0.128844759909	0.107248625228	0.140562683476	0.143479166932	0.146054550023	0.145323394521	0.136626854135	0.116157212625	0.116676161454	0.0934739772197	0.11320830357	0.113409815229	0.120409116432	0.125995755467	0.113732079188	0.124097583002	0.105607200832	0.134425779176	0.126313962436	0.125179942946	0.117910213547	0.129477012966	0.122871752905	0.115753054778	0.101613259357	0.113199715293	0.146215183554	0.117489573716	0.109561855165	0.127954074477	0.108350017812	0.105611114556	0.109325579261	0.0957424157394	0.106975691131	0.102821809789	0.139141305765	0.149730641032	0.120527363673	0.116494813652	0.116830067424	0.128324999267
159207311-tonguedorsum2.snv.bam	0.140196555919	0.139095520176	0.136834345844	0.155370444187	0.144511793179	0.151751439105	0.121456625564	0.163580762396	0.160122060528	0.151305853717	0.13706048384	0.151797058594	0.142884601008	0.0	0.0548108773359	0.104419683007	0.108612424681	0.148080107778	0.196741457333	0.20113413192	0.1402555218	0.142439786234	0.141484703121	0.146760335972	0.142305705397	0.183786613673	0.148837545027	0.138247378863	0.137708950453	0.146394539624	0.176302460114	0.162672276456	0.170542213932	0.136920450503	0.153089278064	0.166763064492	0.157942712072	0.147217728703	0.143685535662	0.168338298542	0.151160490551	0.15287728616	0.1573292927	0.165917325034	0.194899270481	0.147852128099	0.158488263728	0.163525049927	0.139592619763	0.13523866121	0.144638911368	0.1384941981	0.141847891552	0.172334133207	0.170895721937	0.16849509917	0.157514543055	0.13731752257	0.138662987531	0.139665680074	0.159475614038	0.159140528619	0.165807954281	0.166259806173	0.157268180029	0.163908039609	0.15241536941	0.159646972513	0.154979625415	0.168324102209	0.155113616272	0.153434010552	0.147910327399	0.13776457836	0.13577643511	0.134397614846	0.16038733191	0.123938296115	0.12130083027	0.156083247404	0.121580208976	0.124512266267	0.112259445154	0.133688064318	0.113247560412	0.12680269873	0.136789820018	0.139171367649	0.14392132558	0.139398541338	0.162783996792	0.138669323913
159207311-tonguedorsum3.snv.bam	0.134791211139	0.143084333367	0.130548454004	0.135097136586	0.134749468722	0.149841146087	0.114059617013	0.15606366404	0.1547695553	0.141649087755	0.134852532563	0.153692168199	0.129640056152	0.0548108773359	0.0	0.116939192205	0.105523386155	0.145781396398	0.187290204283	0.196683004478	0.135426405251	0.137212852999	0.132353114862	0.136290861823	0.135208936362	0.16819275756	0.13467550947	0.124961194508	0.120166517306	0.139538134517	0.172219131088	0.158845571298	0.169705957139	0.127208310907	0.1411340778	0.154153926054	0.145726461569	0.137170656443	0.134139233608	0.157741893341	0.142858658731	0.147974470206	0.149595364403	0.159849994153	0.179922196828	0.13976572742	0.145561142364	0.152675242288	0.129281186252	0.129446563297	0.139080297775	0.121560889745	0.14907859041	0.162063094956	0.16278775559	0.161576470201	0.145396112556	0.137475180809	0.137788874393	0.12667290026	0.150935588106	0.146545370538	0.155467542571	0.153743161356	0.143989594317	0.151667123958	0.142495941947	0.146047900003	0.143134665448	0.155115543736	0.144226333823	0.136935391669	0.12242489329	0.136917911926	0.126196816996	0.137533510702	0.161420579967	0.128648044247	0.118980174792	0.151888265419	0.105347791706	0.118059395215	0.110313518036	0.121492911093	0.103007159223	0.115203885552	0.134295339521	0.139733136783	0.130846263742	0.126855987208	0.15791040384	0.14013493122
159227541-tonguedorsum2.snv.bam	0.12062553729	0.125561367831	0.136473539215	0.145941459299	0.11493064465	0.121153299747	0.143062996857	0.15136845126	0.154420245217	0.127526971505	0.139013636738	0.137577331112	0.126430709375	0.104419683007	0.116939192205	0.0	0.0822951705273	0.140570233994	0.185431685487	0.166290435649	0.12311522187	0.134248263994	0.133787644274	0.120605154874	0.142534179147	0.161794852364	0.129996607032	0.127165980641	0.125570020709	0.146153384214	0.154676903646	0.134220054877	0.140239344059	0.109285703473	0.148900215693	0.164719864565	0.141482400278	0.123152681062	0.115304214971	0.126361557681	0.151247636508	0.152558546231	0.136221340149	0.149545306667	0.170351994595	0.128587041588	0.122785097677	0.134115103877	0.121335048012	0.119585576719	0.131821392612	0.117405327895	0.116223694042	0.145230911558	0.149663085236	0.149415359614	0.152068792055	0.127876650045	0.130505872655	0.118216005481	0.143479160221	0.137002461227	0.147391130013	0.145501017832	0.140060413493	0.146718959034	0.136370612699	0.138887043273	0.136547957487	0.142618754314	0.127307421303	0.146179718421	0.139466399314	0.11900757196	0.107119387652	0.108818572842	0.146114464317	0.111364052479	0.105299636154	0.139323732343	0.11036904393	0.122144551464	0.104404320391	0.126765707072	0.120862867523	0.115835612217	0.0967653935737	0.105277463104	0.131397932756	0.131744336429	0.145534398208	0.12237168107
159227541-tonguedorsum3.snv.bam	0.0990774741698	0.141681741093	0.13183225893	0.159569487297	0.13386760004	0.143550716777	0.114700492739	0.141843156442	0.135582114297	0.139425402383	0.14492838858	0.132907334974	0.116494503507	0.108612424681	0.105523386155	0.0822951705273	0.0	0.127260123928	0.172970906503	0.177241975856	0.145770460692	0.139694023759	0.139512274531	0.124604888994	0.148585306621	0.157946833603	0.128351051197	0.0928600935446	0.103537007373	0.126375367418	0.160790054265	0.13890169412	0.155961442748	0.113915994599	0.134751873784	0.153328944524	0.130575331422	0.114768063511	0.12270021371	0.150664071906	0.144240188229	0.144538712369	0.124873762283	0.139672527732	0.155523969984	0.123823819776	0.12887914695	0.129536432641	0.116610241473	0.112175854699	0.119823532058	0.118550550113	0.123239736644	0.148611926249	0.148424022684	0.147047245521	0.143433702925	0.119527591009	0.120032212477	0.122915554923	0.119507323248	0.134856545109	0.138555416927	0.140421925229	0.138701228897	0.143801041097	0.135980115821	0.126248640283	0.126629682143	0.13816382529	0.125555647344	0.145834333771	0.145773337689	0.124589335635	0.104803965886	0.114085140383	0.135246618395	0.110189177961	0.101691194962	0.132647419364	0.113437797546	0.103809883533	0.0902575934659	0.112725978281	0.112347307541	0.106103021085	0.134096700333	0.130089897153	0.120585746719	0.120623705039	0.141558527829	0.125001246714
159247771-tonguedorsum2.snv.bam	0.101771536999	0.138987172334	0.154309865524	0.159706990837	0.135578759654	0.144227360264	0.130319420665	0.158849709429	0.15796643703	0.135980636861	0.163146761954	0.155426700812	0.132368841431	0.148080107778	0.145781396398	0.140570233994	0.127260123928	0.0	0.178725233879	0.180962599517	0.167336565158	0.140697751796	0.145745562316	0.156545079075	0.152936296687	0.188487133079	0.134809395468	0.141530769011	0.136020099413	0.154485636904	0.189718299941	0.170580443232	0.18640588048	0.110154919086	0.153474245494	0.145293557705	0.153628814853	0.115737805866	0.10341404866	0.170537678951	0.146708715925	0.147768927117	0.114679373029	0.131745123164	0.135147947791	0.132081814672	0.149319579219	0.157170539882	0.123018398181	0.12228893079	0.12759545923	0.143013185619	0.152645264553	0.131246847352	0.180786936509	0.179187379786	0.143842464165	0.1002982308	0.10830656685	0.126247916826	0.155093779497	0.136206350627	0.149552596951	0.140893472662	0.14341459065	0.14188684487	0.143423932107	0.120027189182	0.119343247993	0.121506352999	0.127261567207	0.159107836208	0.158146319501	0.135900337818	0.133431051521	0.140349510096	0.152842573666	0.129360556195	0.12172200524	0.134918769634	0.116001551458	0.116509022613	0.129706587533	0.134570068136	0.118943904474	0.119125651804	0.166968794685	0.16635594586	0.139981185974	0.141640264884	0.130470680576	0.144785074282
159551223-tonguedorsum1.snv.bam	0.17559700813	0.159683616958	0.159004553098	0.160935951781	0.171282515876	0.192169775479	0.163579301291	0.157124392055	0.157352986531	0.183440078752	0.212701560596	0.197193750577	0.153993598882	0.196741457333	0.187290204283	0.185431685487	0.172970906503	0.178725233879	0.0	0.102834591893	0.187230450201	0.160878667804	0.151996311043	0.140128252951	0.199461585137	0.163896389243	0.176220793952	0.174516196811	0.160138353375	0.179969965337	0.1840994659	0.176689153045	0.189279777541	0.166843038244	0.123926749818	0.165020713959	0.167508106414	0.172182453805	0.1746698573	0.174974981435	0.160181826276	0.156471887576	0.174665094871	0.187084797859	0.203802397962	0.158158902597	0.184463173659	0.195052341996	0.172926158854	0.167799647805	0.177592745153	0.166053789624	0.183561577655	0.148689394151	0.187376057269	0.187368733054	0.191274679157	0.16788261667	0.168913846192	0.178178797214	0.179513637207	0.161373121386	0.165640487734	0.171713750911	0.164633056983	0.171794045083	0.168641136289	0.144974078653	0.141180798184	0.175819107438	0.188403763905	0.17098435841	0.169870244419	0.173156642528	0.165872837237	0.178187691206	0.189503981954	0.155801349086	0.1517648844	0.163615895861	0.159429739616	0.145480520255	0.175126658022	0.15013652529	0.156167082905	0.153581454248	0.202039994248	0.196682262216	0.151030484448	0.166090702017	0.147099709929	0.180341953651
159551223-tonguedorsum2.snv.bam	0.185195854277	0.147209127827	0.17620332345	0.174239314619	0.160324184945	0.173879865285	0.211255927613	0.197297519201	0.196006119215	0.187871026112	0.201691016707	0.212092943272	0.174382396304	0.20113413192	0.196683004478	0.166290435649	0.177241975856	0.180962599517	0.102834591893	0.0	0.168346810783	0.147868517353	0.137788761272	0.167058649681	0.197274359156	0.152933159742	0.179380415486	0.20224226738	0.18760731659	0.193474741766	0.180475190739	0.179571004114	0.187620716082	0.182052288056	0.188074667628	0.18900880491	0.186221535148	0.169548884397	0.16708391028	0.147163734264	0.2044875448	0.206449781957	0.188177996999	0.181192178168	0.216737394051	0.159265644	0.183632890656	0.200459418512	0.176955419747	0.169691063868	0.177303168883	0.179722764186	0.165786814195	0.178969517542	0.17479880769	0.175259477587	0.195353658329	0.189196750283	0.187223356666	0.188265126655	0.169764162084	0.158255491052	0.173059005664	0.176297424642	0.172324160381	0.175799034637	0.169289707664	0.1458478527	0.156401988003	0.210460118606	0.192735624048	0.195485368304	0.1831220729	0.175084385479	0.167743903342	0.172574950778	0.166225953193	0.194788820658	0.172812644659	0.193578045582	0.157730906761	0.173787015834	0.170657557696	0.175944304309	0.173451213993	0.171015036387	0.172751990831	0.168012032226	0.178786146464	0.18220329677	0.180715093723	0.175790035056
159591683-tonguedorsum1.snv.bam	0.146385154887	0.14476673581	0.146475064806	0.164098665831	0.105562179243	0.097321298689	0.147043494212	0.182837661487	0.181769056929	0.135129517701	0.157403099727	0.147259272011	0.149914200247	0.1402555218	0.135426405251	0.12311522187	0.145770460692	0.167336565158	0.187230450201	0.168346810783	0.0	0.151299084283	0.14933294927	0.119693616174	0.13718660104	0.186043189375	0.1368466954	0.167681427503	0.159473492023	0.174900034457	0.125055389497	0.129968088514	0.13523422036	0.135243804154	0.145062376878	0.158406747077	0.158616672895	0.134539972961	0.132355032509	0.10810144061	0.158127210689	0.165541513199	0.167727847161	0.174351305828	0.186722962936	0.148098658318	0.149146889348	0.153028301794	0.156575613731	0.143341202199	0.150635266426	0.149620676597	0.139969200385	0.166377242458	0.159300794163	0.159355351045	0.142431049628	0.162124289313	0.169445143522	0.131992711909	0.15390035012	0.153784115245	0.15856266765	0.162779193848	0.155220658798	0.161854202823	0.150120963683	0.144751074663	0.141430549146	0.170068573874	0.150483941762	0.151295947057	0.14020506718	0.164623635353	0.12555461091	0.157441361667	0.16972423411	0.151251970111	0.160567635026	0.168295957839	0.121552437384	0.12727846484	0.150473046065	0.151010112568	0.129426555834	0.137761008933	0.107155017811	0.0945030759795	0.154138129942	0.152006253738	0.174700920268	0.147535835859
159611913-tonguedorsum1.snv.bam	0.141207270557	0.111860013986	0.140532073864	0.143164517856	0.144498235815	0.163989671204	0.154922245638	0.15483442449	0.164445943155	0.156891113594	0.167085969093	0.156904473005	0.125314200007	0.142439786234	0.137212852999	0.134248263994	0.139694023759	0.140697751796	0.160878667804	0.147868517353	0.151299084283	0.0	0.0363521658109	0.125038168412	0.129792658596	0.157305819174	0.134168034149	0.156587057934	0.144231583857	0.164938843825	0.172254032107	0.145717729437	0.154422132363	0.144724886939	0.149295253135	0.182553805216	0.144376864094	0.122438355641	0.115347405407	0.142757294568	0.169186694378	0.169859606866	0.153655732292	0.153568217682	0.183922917798	0.129346618049	0.13561427038	0.151114804935	0.131797368879	0.124003642128	0.132993263557	0.137602282876	0.127397249898	0.149016327898	0.148205994442	0.147463310851	0.155793067612	0.142737835533	0.141532822381	0.136920984772	0.147870064159	0.119017848331	0.132053146708	0.140290394097	0.126234562563	0.136730603683	0.117234027161	0.107306093621	0.109290722298	0.163233025456	0.148156434374	0.152443709931	0.142666414523	0.139589361214	0.117578577615	0.131299156337	0.132481472356	0.150413701408	0.139530122456	0.158148178895	0.101528293666	0.131081850819	0.122606035074	0.122344141645	0.112306873866	0.115206577758	0.159753196699	0.147148270493	0.137416407228	0.133304550752	0.151476402103	0.128561136414
159611913-tonguedorsum2.snv.bam	0.148953714558	0.106154693824	0.141138304867	0.137961572387	0.13967153444	0.164116294045	0.157972049358	0.159771645059	0.16614419307	0.159275312376	0.168415815957	0.163554265309	0.12785394733	0.141484703121	0.132353114862	0.133787644274	0.139512274531	0.145745562316	0.151996311043	0.137788761272	0.14933294927	0.0363521658109	0.0	0.130571118391	0.137321647589	0.145608326475	0.137326574506	0.155620649267	0.145683676377	0.163872973835	0.174043497464	0.153977345391	0.163950682176	0.140332350262	0.14823829364	0.168623725865	0.145520283347	0.118743116117	0.114518719201	0.140180778698	0.170859574682	0.17233101537	0.158721362583	0.160579675583	0.191100584086	0.132578266674	0.137859672673	0.156616326299	0.13493345603	0.12768209097	0.139111136802	0.139507452008	0.134525005348	0.140682071494	0.148039382374	0.146602043288	0.15625937448	0.145628526883	0.145049741759	0.137387316372	0.149416625426	0.119542974018	0.132099124294	0.142308547805	0.127473931659	0.138199287249	0.119107813781	0.100849175307	0.107881452195	0.167903390147	0.151592580598	0.146881114692	0.133615857916	0.142520437746	0.12496075297	0.130705835025	0.139000355061	0.154630452055	0.135366369784	0.160317764275	0.10279907872	0.135357732428	0.129493383263	0.126815336006	0.112456537769	0.116149023795	0.156534160226	0.146909029188	0.133350972458	0.129945617883	0.154437487393	0.127134930691
159632143-tonguedorsum1.snv.bam	0.119314543223	0.136453286126	0.11160485733	0.133138633695	0.113328940414	0.130360306881	0.130428752989	0.126290957826	0.128896948781	0.127522450675	0.152180729207	0.12831525168	0.113415879126	0.146760335972	0.136290861823	0.120605154874	0.124604888994	0.156545079075	0.140128252951	0.167058649681	0.119693616174	0.125038168412	0.130571118391	0.0	0.138366443463	0.172259927984	0.132108439369	0.134601107542	0.119258236199	0.141048699034	0.148951658055	0.119865040415	0.141582561367	0.105269352976	0.10628963599	0.155920470893	0.116615672887	0.114475979792	0.12049867204	0.133984056363	0.115823602385	0.118440996155	0.129626151836	0.139104463137	0.165266765339	0.113211352208	0.127852422474	0.134416032771	0.122374197125	0.11747537476	0.125811086189	0.11844501248	0.137766499755	0.138222580357	0.139960115934	0.141339118919	0.141883088557	0.137302416188	0.140164368541	0.109045978371	0.122161294469	0.124229504784	0.128486576841	0.137722090754	0.122944376898	0.135699071194	0.119769480808	0.12035371351	0.117911610688	0.129493081026	0.130095124415	0.12520245428	0.124389652797	0.123563475747	0.109928385067	0.138373014256	0.148182362435	0.121222242356	0.126407950984	0.11477924523	0.112634280987	0.104228884674	0.125952595147	0.105706985753	0.105438889058	0.103928816873	0.13209222732	0.118702077316	0.116289336367	0.117502752955	0.132759667323	0.125478404922
160259276-tonguedorsum1.snv.bam	0.128646792695	0.147778101583	0.148962055712	0.159093682226	0.151346415374	0.158122278671	0.149243590545	0.180470417075	0.179570074117	0.15792888529	0.159316038907	0.162407551064	0.145567828454	0.142305705397	0.135208936362	0.142534179147	0.148585306621	0.152936296687	0.199461585137	0.197274359156	0.13718660104	0.129792658596	0.137321647589	0.138366443463	0.0	0.178804385665	0.130957726787	0.152506416943	0.150430969838	0.161898936239	0.159863318645	0.155418790779	0.142275154316	0.155351560558	0.157540905002	0.174672094624	0.147363250898	0.129665986009	0.131417334324	0.163534794072	0.162914041882	0.169466835297	0.159180077878	0.169874005625	0.173755725177	0.148667983842	0.140948379228	0.158879260598	0.148025663906	0.135624892101	0.141458791007	0.155186546148	0.153218347687	0.16791964531	0.172087337728	0.168826349667	0.125763535968	0.155201164611	0.155156966286	0.144479974081	0.15571699493	0.120140871847	0.13207284617	0.124781819882	0.120362526196	0.12296432751	0.121517923373	0.144323876918	0.13922146607	0.163050876618	0.147207774413	0.148121284393	0.138987968989	0.148464354749	0.135293875154	0.152054420245	0.15309928863	0.157274464598	0.160778386879	0.164194813197	0.127145731316	0.146125050375	0.14182978815	0.144150447101	0.132369870485	0.126285265955	0.157161691992	0.144461994385	0.148000767251	0.143948888146	0.176897478356	0.154469584629
160319967-tonguedorsum2.snv.bam	0.183917965254	0.157136071806	0.170756123732	0.170598393217	0.169455655139	0.190741723644	0.184688067869	0.188517943435	0.180326961586	0.187209697571	0.200194310099	0.201251417804	0.165171729475	0.183786613673	0.16819275756	0.161794852364	0.157946833603	0.188487133079	0.163896389243	0.152933159742	0.186043189375	0.157305819174	0.145608326475	0.172259927984	0.178804385665	0.0	0.179409398328	0.159901512544	0.149579163211	0.155489877939	0.165396842276	0.175855962426	0.187478462876	0.176870477243	0.17310348844	0.152040742745	0.165559342405	0.164511038415	0.164043718873	0.176932667545	0.192438385401	0.193198941957	0.182853804062	0.184692134982	0.207285784266	0.168876593577	0.172394476861	0.191145360095	0.169831712957	0.159682738271	0.166203944748	0.176326836471	0.180825513865	0.174476180132	0.164845575825	0.162312076954	0.186104844227	0.181612886925	0.176407276699	0.175254381847	0.158775399062	0.157702222593	0.160834665167	0.171305236035	0.161376894587	0.167292964399	0.157597112853	0.137173432739	0.147472166807	0.195275713232	0.193670778706	0.16890721407	0.163520253304	0.184872952275	0.170940599338	0.17141294416	0.18078117348	0.186049133711	0.168195113518	0.18159925416	0.147065864597	0.174024775177	0.167726761048	0.172911821117	0.149060356553	0.161165041646	0.196988881635	0.176532009278	0.153901934023	0.158325516907	0.191951952407	0.159599239329
