	158802708-lretroauricularcrease3.snv.bam	158802708-rretroauricularcrease3.snv.bam	158883629-anteriornares2.snv.bam	158944319-anteriornares3.snv.bam	158944319-rretroauricularcrease3.snv.bam	159207311-rretroauricularcrease3.snv.bam	159268001-rretroauricularcrease3.snv.bam	159490532-rightretroauricularcrease2.snv.bam	159591683-leftretroauricularcrease2.snv.bam	159591683-rightretroauricularcrease1.snv.bam	159591683-rightretroauricularcrease2.snv.bam	159611913-rightretroauricularcrease2.snv.bam	159753524-lretroauricularcrease2.snv.bam	159753524-lretroauricularcrease3.snv.bam	159753524-rretroauricularcrease2.snv.bam	159753524-rretroauricularcrease3.snv.bam	160178356-lretroauricularcrease2.snv.bam	160178356-lretroauricularcrease3.snv.bam	160178356-rretroauricularcrease3.snv.bam	160319967-lretroauricularcrease2.snv.bam	160319967-rretroauricularcrease2.snv.bam	160400887-rightretroauricularcrease1.snv.bam	160421117-anteriornares2.snv.bam	160502038-anteriornares3.snv.bam	160502038-lretroauricularcrease2.snv.bam	160502038-lretroauricularcrease3.snv.bam	160502038-rretroauricularcrease3.snv.bam	160582958-rretroauricularcrease2.snv.bam	160603188-leftretroauricularcrease1.snv.bam	160603188-lretroauricularcrease2.snv.bam	160603188-lretroauricularcrease3.snv.bam	160603188-rightretroauricularcrease1.snv.bam	160603188-rretroauricularcrease3.snv.bam	160704339-anteriornares1.snv.bam	638754422-rretroauricularcrease3.snv.bam	686765762-anteriornares1.snv.bam	686765762-anteriornares3.snv.bam	686765762-rretroauricularcrease3.snv.bam	763961826-leftretroauricularcrease2.snv.bam	764042746-rightretroauricularcrease1.snv.bam	764083206-leftretroauricularcrease2.snv.bam	764083206-rightretroauricularcrease2.snv.bam	764305738-rightretroauricularcrease2.snv.bam
158802708-lretroauricularcrease3.snv.bam	0.0	0.101602465494	0.251703837069	0.391461662789	0.265170479489	0.189144620477	0.247905866999	0.358730685538	0.16101966225	0.353478819563	0.298168449786	0.229450260261	0.282713535256	0.20361019718	0.376340297087	0.339275976913	0.200238730728	0.159453670027	0.125974363327	0.255219091309	0.220513071943	0.248888188607	0.238468774573	0.274981983086	0.272211915541	0.266654499468	0.222577049134	0.145084766952	0.300209142377	0.278678415667	0.316896948724	0.307812932692	0.291446352329	0.245107038177	0.252988997819	0.262376704163	0.245349291366	0.245705995465	0.297894288978	0.26111386506	0.293969128377	0.260394788577	0.263242470651
158802708-rretroauricularcrease3.snv.bam	0.101602465494	0.0	0.176259732186	0.341551756553	0.187633936698	0.132762416885	0.167330234827	0.311822495907	0.230354685069	0.311406462419	0.253845147561	0.148959159913	0.22189489492	0.165827069996	0.328995679267	0.289931628807	0.12443632391	0.108361630297	0.0807262430443	0.175053718617	0.139490218616	0.204939815563	0.158163091118	0.19532008761	0.19197380252	0.186797050883	0.167918736278	0.121291923599	0.240279465454	0.217470323899	0.265661569851	0.248835056386	0.23528403639	0.161315560901	0.173955276637	0.180968973279	0.166055926744	0.163518202423	0.245275993277	0.193098119994	0.214578455461	0.17863471185	0.190059663125
158883629-anteriornares2.snv.bam	0.251703837069	0.176259732186	0.0	0.232440860138	0.0939679057297	0.141953670548	0.0845364655655	0.212669333318	0.334071432835	0.261737303034	0.194594932734	0.0940528657774	0.118882455347	0.188794149735	0.224451178333	0.189482132449	0.138944878223	0.174943262428	0.198116909076	0.0956162495337	0.105566689138	0.201398454468	0.0757750795717	0.112598513032	0.0893190911613	0.0871706331491	0.103188156193	0.200779238723	0.133081316061	0.119152167647	0.165146624794	0.139666282567	0.137444652227	0.0956681215482	0.0872987777072	0.0978190632994	0.0936462076023	0.0743067703118	0.162446100271	0.0961794244207	0.0952220138729	0.0874142855595	0.0898099750656
158944319-anteriornares3.snv.bam	0.391461662789	0.341551756553	0.232440860138	0.0	0.237951867876	0.303471511582	0.266387654606	0.0488807787108	0.403089294622	0.0728678283347	0.119867545076	0.26279095243	0.203474502911	0.258471676231	0.044990638955	0.0677926086997	0.308606560791	0.335694481146	0.359235516076	0.263206286349	0.283106577636	0.168172239393	0.268731639704	0.25525739675	0.25905734629	0.245509538749	0.240279995243	0.350537328352	0.132118119164	0.140492124364	0.0953310129487	0.118093761003	0.123198920557	0.26590776447	0.258485189119	0.272209739332	0.279450762952	0.258074081814	0.103362558196	0.2721001011	0.246967840168	0.26686860948	0.263118762045
158944319-rretroauricularcrease3.snv.bam	0.265170479489	0.187633936698	0.0939679057297	0.237951867876	0.0	0.16231741839	0.101728868716	0.214765476114	0.347549693911	0.263331570953	0.202774189494	0.0928723417882	0.129205944012	0.186635664302	0.226963442957	0.193577763012	0.143313638035	0.184735864203	0.207511610018	0.123266624195	0.124408112662	0.203492439615	0.0949292626094	0.113440164691	0.120644011474	0.116433838451	0.131113868586	0.207612579733	0.154314415217	0.146803888542	0.1834857674	0.167022792986	0.15295523824	0.107141636798	0.0936945710961	0.110000320078	0.107300744045	0.081471397591	0.182786296386	0.109087480084	0.105735562606	0.101577800524	0.10692146749
159207311-rretroauricularcrease3.snv.bam	0.189144620477	0.132762416885	0.141953670548	0.303471511582	0.16231741839	0.0	0.150520904304	0.281745599023	0.256909686693	0.285261286187	0.227349096083	0.143325103448	0.201021248966	0.159849476746	0.296892799603	0.264137583585	0.123950526691	0.13473051457	0.127788072105	0.150469495471	0.123773694216	0.216534632664	0.13815408446	0.179643341111	0.156447752364	0.155647663537	0.148986146302	0.11266899857	0.223688203788	0.202219194829	0.244385041225	0.222155052378	0.220315786304	0.151041908971	0.159934216903	0.15278005591	0.151377427018	0.136366903538	0.236271047491	0.149604586731	0.137673288817	0.135771891825	0.139100621504
159268001-rretroauricularcrease3.snv.bam	0.247905866999	0.167330234827	0.0845364655655	0.266387654606	0.101728868716	0.150520904304	0.0	0.249219385473	0.347127566597	0.294645305049	0.223965231345	0.0652445375115	0.153518105249	0.218179101866	0.267846530223	0.230173615229	0.0816215742793	0.130230117198	0.156884230911	0.0798696766884	0.0909444940005	0.242058702752	0.0620757114447	0.076805703136	0.0642691882535	0.0663870369322	0.108114266683	0.203256284009	0.178831001741	0.145070418395	0.20116702046	0.180054144039	0.170448935283	0.0592989369815	0.0542747200751	0.0332053616362	0.0346176492905	0.0571331504045	0.188408636768	0.0818857777932	0.122128932664	0.0410315699634	0.0877945707163
159490532-rightretroauricularcrease2.snv.bam	0.358730685538	0.311822495907	0.212669333318	0.0488807787108	0.214765476114	0.281745599023	0.249219385473	0.0	0.378275911697	0.0834566622713	0.1083683062	0.240573489656	0.17971348206	0.233662032898	0.0451768610207	0.0439407872274	0.288197380838	0.310666391222	0.331044278138	0.249089749904	0.260539881461	0.147887036973	0.246081120704	0.240227345812	0.246678333698	0.231850339409	0.218263104089	0.329560957308	0.116705600074	0.12085316747	0.0762395179833	0.101647695975	0.102178608967	0.246457037421	0.232045130478	0.253043465473	0.261417017409	0.235662077278	0.0850379928581	0.258218618045	0.233071987204	0.250423331372	0.248651287273
159591683-leftretroauricularcrease2.snv.bam	0.16101966225	0.230354685069	0.334071432835	0.403089294622	0.347549693911	0.256909686693	0.347127566597	0.378275911697	0.0	0.350867152831	0.306859162773	0.325024053711	0.352697783225	0.24841711551	0.389024158361	0.364665634388	0.297269230676	0.251945438807	0.217495023743	0.345399995803	0.310055612832	0.281994917943	0.337771485405	0.368626613345	0.361337205627	0.348478305534	0.283487716597	0.206939712648	0.348830238797	0.335772117106	0.35219482827	0.350595436749	0.345778712283	0.342622064317	0.347640599853	0.359256244137	0.341474941511	0.340977672572	0.337041459193	0.347721284823	0.362767234431	0.350845846927	0.346621748669
159591683-rightretroauricularcrease1.snv.bam	0.353478819563	0.311406462419	0.261737303034	0.0728678283347	0.263331570953	0.285261286187	0.294645305049	0.0834566622713	0.350867152831	0.0	0.108952810055	0.270573310897	0.228427813437	0.231207713245	0.0798349023283	0.098076805907	0.293892478548	0.306877051755	0.321124681832	0.283746054741	0.276950008269	0.150173380896	0.28894884971	0.290815063473	0.294965646988	0.280090882223	0.253165161771	0.319127952774	0.164607567648	0.170817112305	0.124153679737	0.149280282606	0.152950600191	0.287813451742	0.284501893329	0.301761727811	0.303167824807	0.286449359423	0.128012138307	0.304090581885	0.276193514855	0.298172851002	0.293857298951
159591683-rightretroauricularcrease2.snv.bam	0.298168449786	0.253845147561	0.194594932734	0.119867545076	0.202774189494	0.227349096083	0.223965231345	0.1083683062	0.306859162773	0.108952810055	0.0	0.207214582914	0.170322866556	0.191012220311	0.117614550638	0.0968435707868	0.228295464336	0.248701837243	0.266315464938	0.222449577762	0.209474641969	0.123705733323	0.216816760131	0.225298397372	0.229703919465	0.213782007908	0.191211296752	0.265526491361	0.118461876899	0.109333837746	0.0924692216338	0.108638910708	0.10216129117	0.222354648093	0.217792289409	0.232104453123	0.232778556961	0.213821189603	0.089993581307	0.236004171942	0.213370494502	0.226536203495	0.228693203932
159611913-rightretroauricularcrease2.snv.bam	0.229450260261	0.148959159913	0.0940528657774	0.26279095243	0.0928723417882	0.143325103448	0.0652445375115	0.240573489656	0.325024053711	0.270573310897	0.207214582914	0.0	0.134735872858	0.17373941821	0.251299998905	0.216414854833	0.0927068374173	0.132613605567	0.15405364524	0.102482964165	0.0909701830256	0.200679131148	0.0773008498639	0.0944997659853	0.103029362794	0.100020159963	0.11705470009	0.193723427839	0.163458533301	0.141261724056	0.190268352237	0.174202403721	0.159676884813	0.0897257818706	0.0721416845204	0.0762281930501	0.0715232877746	0.064564595322	0.182165578683	0.117272261106	0.121946533808	0.0787614684738	0.117920387874
159753524-lretroauricularcrease2.snv.bam	0.282713535256	0.22189489492	0.118882455347	0.203474502911	0.129205944012	0.201021248966	0.153518105249	0.17971348206	0.352697783225	0.228427813437	0.170322866556	0.134735872858	0.0	0.142246120851	0.181909900542	0.148849949798	0.200228316011	0.225709306796	0.247713685745	0.155520369216	0.159987312304	0.161080177662	0.147057570331	0.161310428202	0.153665374363	0.144125411007	0.161512073692	0.25613401685	0.103196890005	0.116973941226	0.130605808718	0.133990007122	0.113678385863	0.157011956614	0.139386928048	0.165612891917	0.166027230848	0.135449862794	0.147665902744	0.171004045874	0.123090147372	0.154515911201	0.162323272533
159753524-lretroauricularcrease3.snv.bam	0.20361019718	0.165827069996	0.188794149735	0.258471676231	0.186635664302	0.159849476746	0.218179101866	0.233662032898	0.24841711551	0.231207713245	0.191012220311	0.17373941821	0.142246120851	0.0	0.234096691767	0.207801899511	0.188380665851	0.179294308511	0.170846891201	0.22563538427	0.190519037884	0.144252959215	0.196585773932	0.224563099352	0.235591688161	0.221811680836	0.186311050339	0.177429227871	0.181772608759	0.191375805321	0.202668858101	0.209975099665	0.189369443473	0.213752345064	0.199673401881	0.230715598635	0.218389849136	0.19961887713	0.197256585456	0.240944505464	0.204029858117	0.222810186173	0.234554614416
159753524-rretroauricularcrease2.snv.bam	0.376340297087	0.328995679267	0.224451178333	0.044990638955	0.226963442957	0.296892799603	0.267846530223	0.0451768610207	0.389024158361	0.0798349023283	0.117614550638	0.251299998905	0.181909900542	0.234096691767	0.0	0.0448583093314	0.306950906198	0.32984019925	0.350342656025	0.262827218167	0.27400389472	0.149047698546	0.263687807578	0.257974533477	0.260644442527	0.246417590713	0.237341038711	0.346062241988	0.117276845361	0.134924268872	0.0811152109194	0.112165949599	0.110251273724	0.263473907486	0.251805383118	0.269347707491	0.279072178946	0.249848745744	0.100899566764	0.27199717574	0.229523174214	0.262530569711	0.259947033555
159753524-rretroauricularcrease3.snv.bam	0.339275976913	0.289931628807	0.189482132449	0.0677926086997	0.193577763012	0.264137583585	0.230173615229	0.0439407872274	0.364665634388	0.098076805907	0.0968435707868	0.216414854833	0.148849949798	0.207801899511	0.0448583093314	0.0	0.270902974653	0.29353121983	0.313608563247	0.227852357774	0.23773895688	0.12640732496	0.221905805252	0.222589975182	0.224584346446	0.210242721588	0.199883391724	0.312847560463	0.0889174896845	0.0983077860873	0.0539997800369	0.0819366473424	0.0766103514827	0.225509254238	0.212271557233	0.234390784881	0.239377914528	0.212019247782	0.0714507488936	0.235129852642	0.209451439106	0.228221787961	0.226485589879
160178356-lretroauricularcrease2.snv.bam	0.200238730728	0.12443632391	0.138944878223	0.308606560791	0.143313638035	0.123950526691	0.0816215742793	0.288197380838	0.297269230676	0.293892478548	0.228295464336	0.0927068374173	0.200228316011	0.188380665851	0.306950906198	0.270902974653	0.0	0.074396158046	0.093391124252	0.116601924088	0.0845527810741	0.219038795775	0.107215138485	0.131459953066	0.124685820541	0.122052762368	0.141969624669	0.151925378458	0.220806631851	0.185852563716	0.241588595798	0.220493833332	0.210077245742	0.100462129029	0.109186655377	0.0767180001397	0.0804832607921	0.107665315107	0.218923869184	0.135342543866	0.164563712253	0.0930755802442	0.136917892959
160178356-lretroauricularcrease3.snv.bam	0.159453670027	0.108361630297	0.174943262428	0.335694481146	0.184735864203	0.13473051457	0.130230117198	0.310666391222	0.251945438807	0.306877051755	0.248701837243	0.132613605567	0.225709306796	0.179294308511	0.32984019925	0.29353121983	0.074396158046	0.0	0.0648157071838	0.15745872375	0.119644202155	0.23073231876	0.148561408502	0.175532292953	0.170708352423	0.166443243451	0.16901081213	0.12766987433	0.24657487573	0.214576775823	0.265659841248	0.24675955492	0.236820321704	0.145678475806	0.151983210648	0.130012175433	0.126707132651	0.150765232313	0.244283024708	0.176821635421	0.207357550314	0.143488129898	0.178807724234
160178356-rretroauricularcrease3.snv.bam	0.125974363327	0.0807262430443	0.198116909076	0.359235516076	0.207511610018	0.127788072105	0.156884230911	0.331044278138	0.217495023743	0.321124681832	0.266315464938	0.15405364524	0.247713685745	0.170846891201	0.350342656025	0.313608563247	0.093391124252	0.0648157071838	0.0	0.188196711917	0.1463079183	0.230881514522	0.169707204925	0.20483097881	0.202662107173	0.1994842581	0.183554120269	0.094145693959	0.267154166895	0.233407883739	0.285668273522	0.268481454098	0.256328646221	0.172108408189	0.178177411205	0.162299499621	0.156045238308	0.176690175338	0.26517964948	0.202490926252	0.230896755992	0.172421215877	0.203909843697
160319967-lretroauricularcrease2.snv.bam	0.255219091309	0.175053718617	0.0956162495337	0.263206286349	0.123266624195	0.150469495471	0.0798696766884	0.249089749904	0.345399995803	0.283746054741	0.222449577762	0.102482964165	0.155520369216	0.22563538427	0.262827218167	0.227852357774	0.116601924088	0.15745872375	0.188196711917	0.0	0.0679685781709	0.232837648103	0.0900251303522	0.0965473950218	0.0286855409503	0.0337070173863	0.117591055762	0.199670421997	0.157357379652	0.144254732499	0.190081640166	0.158705335085	0.166179601793	0.0844272612756	0.0878830826816	0.0815789771673	0.0831260597206	0.0870620914984	0.188366706037	0.0925822748042	0.119258964885	0.0778816786049	0.0860006497515
160319967-rretroauricularcrease2.snv.bam	0.220513071943	0.139490218616	0.105566689138	0.283106577636	0.124408112662	0.123773694216	0.0909444940005	0.260539881461	0.310055612832	0.276950008269	0.209474641969	0.0909701830256	0.159987312304	0.190519037884	0.27400389472	0.23773895688	0.0845527810741	0.119644202155	0.1463079183	0.0679685781709	0.0	0.209908197048	0.0913400472912	0.118829550281	0.0745395010855	0.0705674329731	0.118479666835	0.16700849789	0.170186517922	0.151584986379	0.204465925516	0.176540792044	0.172239105578	0.0952161469241	0.0980505152862	0.0931110182395	0.093310973721	0.0873150398096	0.198625098282	0.109557951895	0.124815050161	0.0860726734014	0.104704010911
160400887-rightretroauricularcrease1.snv.bam	0.248888188607	0.204939815563	0.201398454468	0.168172239393	0.203492439615	0.216534632664	0.242058702752	0.147887036973	0.281994917943	0.150173380896	0.123705733323	0.200679131148	0.161080177662	0.144252959215	0.149047698546	0.12640732496	0.219038795775	0.23073231876	0.230881514522	0.232837648103	0.209908197048	0.0	0.221773261778	0.244412218787	0.249523169159	0.233429082869	0.198062517008	0.240599795914	0.130085714071	0.139228278272	0.127722855851	0.148090023695	0.126406753637	0.229584463847	0.228598930102	0.250516899218	0.242956117439	0.221841460059	0.130139139727	0.247596600085	0.223080118703	0.244042773059	0.241908972544
160421117-anteriornares2.snv.bam	0.238468774573	0.158163091118	0.0757750795717	0.268731639704	0.0949292626094	0.13815408446	0.0620757114447	0.246081120704	0.337771485405	0.28894884971	0.216816760131	0.0773008498639	0.147057570331	0.196585773932	0.263687807578	0.221905805252	0.107215138485	0.148561408502	0.169707204925	0.0900251303522	0.0913400472912	0.221773261778	0.0	0.0898958386082	0.0826249478446	0.083964179471	0.114856361375	0.181547687624	0.167381547781	0.14145670472	0.196127682391	0.171559528501	0.163552611432	0.0680373051835	0.0626171453715	0.0750347684299	0.0678058660499	0.0553172530326	0.183357058559	0.0880350595676	0.114302081573	0.064193684577	0.0900129736506
160502038-anteriornares3.snv.bam	0.274981983086	0.19532008761	0.112598513032	0.25525739675	0.113440164691	0.179643341111	0.076805703136	0.240227345812	0.368626613345	0.290815063473	0.225298397372	0.0944997659853	0.161310428202	0.224563099352	0.257974533477	0.222589975182	0.131459953066	0.175532292953	0.20483097881	0.0965473950218	0.118829550281	0.244412218787	0.0898958386082	0.0	0.0746517490069	0.081865251804	0.140048725363	0.227516436063	0.177414224955	0.153724688968	0.199229520213	0.180982432381	0.16964190893	0.0765463229526	0.067619538392	0.0710811075491	0.0801775196906	0.0827635207159	0.188259461567	0.102801634027	0.147368101778	0.0783688446064	0.106117286164
160502038-lretroauricularcrease2.snv.bam	0.272211915541	0.19197380252	0.0893190911613	0.25905734629	0.120644011474	0.156447752364	0.0642691882535	0.246678333698	0.361337205627	0.294965646988	0.229703919465	0.103029362794	0.153665374363	0.235591688161	0.260644442527	0.224584346446	0.124685820541	0.170708352423	0.202662107173	0.0286855409503	0.0745395010855	0.249523169159	0.0826249478446	0.0746517490069	0.0	0.0190556383917	0.114002919347	0.210468948639	0.155745382805	0.139718907024	0.187674992678	0.156116345845	0.16277194518	0.0748623336021	0.0734979259945	0.0645633185501	0.0707392706452	0.0776368932238	0.190096560672	0.0759898655603	0.114667741623	0.0626766250262	0.0741417550964
160502038-lretroauricularcrease3.snv.bam	0.266654499468	0.186797050883	0.0871706331491	0.245509538749	0.116433838451	0.155647663537	0.0663870369322	0.231850339409	0.348478305534	0.280090882223	0.213782007908	0.100020159963	0.144125411007	0.221811680836	0.246417590713	0.210242721588	0.122052762368	0.166443243451	0.1994842581	0.0337070173863	0.0705674329731	0.233429082869	0.083964179471	0.081865251804	0.0190556383917	0.0	0.0996785653483	0.207818193295	0.14310451544	0.123947525117	0.174692052301	0.14366869152	0.147005840882	0.0782376118276	0.0752590610979	0.0691586968684	0.0755297350281	0.0762805751421	0.175028017888	0.081362234178	0.114068927304	0.0641446122589	0.0783683353947
160502038-rretroauricularcrease3.snv.bam	0.222577049134	0.167918736278	0.103188156193	0.240279995243	0.131113868586	0.148986146302	0.108114266683	0.218263104089	0.283487716597	0.253165161771	0.191211296752	0.11705470009	0.161512073692	0.186311050339	0.237341038711	0.199883391724	0.141969624669	0.16901081213	0.183554120269	0.117591055762	0.118479666835	0.198062517008	0.114856361375	0.140048725363	0.114002919347	0.0996785653483	0.0	0.185554174308	0.149313750994	0.124916086976	0.17242478304	0.146745908404	0.146524107488	0.126246839234	0.110952927193	0.121035097463	0.122328707132	0.106763057855	0.171713678805	0.125376312519	0.142830021001	0.11542662693	0.122113731108
160582958-rretroauricularcrease2.snv.bam	0.145084766952	0.121291923599	0.200779238723	0.350537328352	0.207612579733	0.11266899857	0.203256284009	0.329560957308	0.206939712648	0.319127952774	0.265526491361	0.193723427839	0.25613401685	0.177429227871	0.346062241988	0.312847560463	0.151925378458	0.12766987433	0.094145693959	0.199670421997	0.16700849789	0.240599795914	0.181547687624	0.227516436063	0.210468948639	0.207818193295	0.185554174308	0.0	0.267253859703	0.246569160346	0.29005080441	0.268199257307	0.265017712883	0.194881358831	0.20824718055	0.204511849866	0.196373411689	0.197325201869	0.274219822379	0.189481999891	0.218456225871	0.200814058471	0.186797070983
160603188-leftretroauricularcrease1.snv.bam	0.300209142377	0.240279465454	0.133081316061	0.132118119164	0.154314415217	0.223688203788	0.178831001741	0.116705600074	0.348830238797	0.164607567648	0.118461876899	0.163458533301	0.103196890005	0.181772608759	0.117276845361	0.0889174896845	0.220806631851	0.24657487573	0.267154166895	0.157357379652	0.170186517922	0.130085714071	0.167381547781	0.177414224955	0.155745382805	0.14310451544	0.149313750994	0.267253859703	0.0	0.048979373073	0.056352295378	0.0546710062043	0.0440534109705	0.175634449841	0.159824150038	0.182656409022	0.18839008608	0.154251486324	0.082135835308	0.183750911137	0.155530399989	0.171929614806	0.178341907028
160603188-lretroauricularcrease2.snv.bam	0.278678415667	0.217470323899	0.119152167647	0.140492124364	0.146803888542	0.202219194829	0.145070418395	0.12085316747	0.335772117106	0.170817112305	0.109333837746	0.141261724056	0.116973941226	0.191375805321	0.134924268872	0.0983077860873	0.185852563716	0.214576775823	0.233407883739	0.144254732499	0.151584986379	0.139228278272	0.14145670472	0.153724688968	0.139718907024	0.123947525117	0.124916086976	0.246569160346	0.048979373073	0.0	0.0622650322374	0.0564642670187	0.0338314488021	0.148521301653	0.137199365478	0.147640569635	0.15629006055	0.131664181572	0.0742205307733	0.160623225638	0.151364334429	0.139798825266	0.159126808227
160603188-lretroauricularcrease3.snv.bam	0.316896948724	0.265661569851	0.165146624794	0.0953310129487	0.1834857674	0.244385041225	0.20116702046	0.0762395179833	0.35219482827	0.124153679737	0.0924692216338	0.190268352237	0.130605808718	0.202668858101	0.0811152109194	0.0539997800369	0.241588595798	0.265659841248	0.285668273522	0.190081640166	0.204465925516	0.127722855851	0.196127682391	0.199229520213	0.187674992678	0.174692052301	0.17242478304	0.29005080441	0.056352295378	0.0622650322374	0.0	0.0561047349776	0.0493688308909	0.200464875801	0.188680896779	0.203200123522	0.211029955613	0.184031951258	0.0599700770819	0.208077730228	0.186783008253	0.196325048761	0.203470529148
160603188-rightretroauricularcrease1.snv.bam	0.307812932692	0.248835056386	0.139666282567	0.118093761003	0.167022792986	0.222155052378	0.180054144039	0.101647695975	0.350595436749	0.149280282606	0.108638910708	0.174202403721	0.133990007122	0.209975099665	0.112165949599	0.0819366473424	0.220493833332	0.24675955492	0.268481454098	0.158705335085	0.176540792044	0.148090023695	0.171559528501	0.180982432381	0.156116345845	0.14366869152	0.146745908404	0.268199257307	0.0546710062043	0.0564642670187	0.0561047349776	0.0	0.0534197113069	0.179603114611	0.165857454902	0.181020677832	0.188337436653	0.162808901813	0.0733041608658	0.18142526742	0.170257053233	0.173723543095	0.175390112709
160603188-rretroauricularcrease3.snv.bam	0.291446352329	0.23528403639	0.137444652227	0.123198920557	0.15295523824	0.220315786304	0.170448935283	0.102178608967	0.345778712283	0.152950600191	0.10216129117	0.159676884813	0.113678385863	0.189369443473	0.110251273724	0.0766103514827	0.210077245742	0.236820321704	0.256328646221	0.166179601793	0.172239105578	0.126406753637	0.163552611432	0.16964190893	0.16277194518	0.147005840882	0.146524107488	0.265017712883	0.0440534109705	0.0338314488021	0.0493688308909	0.0534197113069	0.0	0.168090576822	0.154420542703	0.171534277774	0.181079709346	0.153387851694	0.0662795660562	0.180233412626	0.165966275216	0.164576813911	0.178448800769
160704339-anteriornares1.snv.bam	0.245107038177	0.161315560901	0.0956681215482	0.26590776447	0.107141636798	0.151041908971	0.0592989369815	0.246457037421	0.342622064317	0.287813451742	0.222354648093	0.0897257818706	0.157011956614	0.213752345064	0.263473907486	0.225509254238	0.100462129029	0.145678475806	0.172108408189	0.0844272612756	0.0952161469241	0.229584463847	0.0680373051835	0.0765463229526	0.0748623336021	0.0782376118276	0.126246839234	0.194881358831	0.175634449841	0.148521301653	0.200464875801	0.179603114611	0.168090576822	0.0	0.0661214490784	0.0582300999725	0.0591862627357	0.0665723679032	0.185524834168	0.0931441356427	0.123945624567	0.0574708556456	0.0952969814621
638754422-rretroauricularcrease3.snv.bam	0.252988997819	0.173955276637	0.0872987777072	0.258485189119	0.0936945710961	0.159934216903	0.0542747200751	0.232045130478	0.347640599853	0.284501893329	0.217792289409	0.0721416845204	0.139386928048	0.199673401881	0.251805383118	0.212271557233	0.109186655377	0.151983210648	0.178177411205	0.0878830826816	0.0980505152862	0.228598930102	0.0626171453715	0.067619538392	0.0734979259945	0.0752590610979	0.110952927193	0.20824718055	0.159824150038	0.137199365478	0.188680896779	0.165857454902	0.154420542703	0.0661214490784	0.0	0.0564139140286	0.063500404564	0.0593183967228	0.182301030849	0.0949077484521	0.126211131394	0.05936514187	0.100552409899
686765762-anteriornares1.snv.bam	0.262376704163	0.180968973279	0.0978190632994	0.272209739332	0.110000320078	0.15278005591	0.0332053616362	0.253043465473	0.359256244137	0.301761727811	0.232104453123	0.0762281930501	0.165612891917	0.230715598635	0.269347707491	0.234390784881	0.0767180001397	0.130012175433	0.162299499621	0.0815789771673	0.0931110182395	0.250516899218	0.0750347684299	0.0710811075491	0.0645633185501	0.0691586968684	0.121035097463	0.204511849866	0.182656409022	0.147640569635	0.203200123522	0.181020677832	0.171534277774	0.0582300999725	0.0564139140286	0.0	0.0314142688988	0.0638850984205	0.193765132033	0.0814376610293	0.124114977306	0.0329963450895	0.0883973352775
686765762-anteriornares3.snv.bam	0.245349291366	0.166055926744	0.0936462076023	0.279450762952	0.107300744045	0.151377427018	0.0346176492905	0.261417017409	0.341474941511	0.303167824807	0.232778556961	0.0715232877746	0.166027230848	0.218389849136	0.279072178946	0.239377914528	0.0804832607921	0.126707132651	0.156045238308	0.0831260597206	0.093310973721	0.242956117439	0.0678058660499	0.0801775196906	0.0707392706452	0.0755297350281	0.122328707132	0.196373411689	0.18839008608	0.15629006055	0.211029955613	0.188337436653	0.181079709346	0.0591862627357	0.063500404564	0.0314142688988	0.0	0.0625816255209	0.198467584672	0.0887248953705	0.134524084569	0.0489855980417	0.0945027598018
686765762-rretroauricularcrease3.snv.bam	0.245705995465	0.163518202423	0.0743067703118	0.258074081814	0.081471397591	0.136366903538	0.0571331504045	0.235662077278	0.340977672572	0.286449359423	0.213821189603	0.064564595322	0.135449862794	0.19961887713	0.249848745744	0.212019247782	0.107665315107	0.150765232313	0.176690175338	0.0870620914984	0.0873150398096	0.221841460059	0.0553172530326	0.0827635207159	0.0776368932238	0.0762805751421	0.106763057855	0.197325201869	0.154251486324	0.131664181572	0.184031951258	0.162808901813	0.153387851694	0.0665723679032	0.0593183967228	0.0638850984205	0.0625816255209	0.0	0.177943902963	0.0840779382827	0.0950879873991	0.0463291989441	0.0857337870157
763961826-leftretroauricularcrease2.snv.bam	0.297894288978	0.245275993277	0.162446100271	0.103362558196	0.182786296386	0.236271047491	0.188408636768	0.0850379928581	0.337041459193	0.128012138307	0.089993581307	0.182165578683	0.147665902744	0.197256585456	0.100899566764	0.0714507488936	0.218923869184	0.244283024708	0.26517964948	0.188366706037	0.198625098282	0.130139139727	0.183357058559	0.188259461567	0.190096560672	0.175028017888	0.171713678805	0.274219822379	0.082135835308	0.0742205307733	0.0599700770819	0.0733041608658	0.0662795660562	0.185524834168	0.182301030849	0.193765132033	0.198467584672	0.177943902963	0.0	0.207035033965	0.198987261174	0.188863980893	0.204466941396
764042746-rightretroauricularcrease1.snv.bam	0.26111386506	0.193098119994	0.0961794244207	0.2721001011	0.109087480084	0.149604586731	0.0818857777932	0.258218618045	0.347721284823	0.304090581885	0.236004171942	0.117272261106	0.171004045874	0.240944505464	0.27199717574	0.235129852642	0.135342543866	0.176821635421	0.202490926252	0.0925822748042	0.109557951895	0.247596600085	0.0880350595676	0.102801634027	0.0759898655603	0.081362234178	0.125376312519	0.189481999891	0.183750911137	0.160623225638	0.208077730228	0.18142526742	0.180233412626	0.0931441356427	0.0949077484521	0.0814376610293	0.0887248953705	0.0840779382827	0.207035033965	0.0	0.113198547873	0.0693016447681	0.029243400734
764083206-leftretroauricularcrease2.snv.bam	0.293969128377	0.214578455461	0.0952220138729	0.246967840168	0.105735562606	0.137673288817	0.122128932664	0.233071987204	0.362767234431	0.276193514855	0.213370494502	0.121946533808	0.123090147372	0.204029858117	0.229523174214	0.209451439106	0.164563712253	0.207357550314	0.230896755992	0.119258964885	0.124815050161	0.223080118703	0.114302081573	0.147368101778	0.114667741623	0.114068927304	0.142830021001	0.218456225871	0.155530399989	0.151364334429	0.186783008253	0.170257053233	0.165966275216	0.123945624567	0.126211131394	0.124114977306	0.134524084569	0.0950879873991	0.198987261174	0.113198547873	0.0	0.0958282842914	0.0981811814196
764083206-rightretroauricularcrease2.snv.bam	0.260394788577	0.17863471185	0.0874142855595	0.26686860948	0.101577800524	0.135771891825	0.0410315699634	0.250423331372	0.350845846927	0.298172851002	0.226536203495	0.0787614684738	0.154515911201	0.222810186173	0.262530569711	0.228221787961	0.0930755802442	0.143488129898	0.172421215877	0.0778816786049	0.0860726734014	0.244042773059	0.064193684577	0.0783688446064	0.0626766250262	0.0641446122589	0.11542662693	0.200814058471	0.171929614806	0.139798825266	0.196325048761	0.173723543095	0.164576813911	0.0574708556456	0.05936514187	0.0329963450895	0.0489855980417	0.0463291989441	0.188863980893	0.0693016447681	0.0958282842914	0.0	0.074979463559
764305738-rightretroauricularcrease2.snv.bam	0.263242470651	0.190059663125	0.0898099750656	0.263118762045	0.10692146749	0.139100621504	0.0877945707163	0.248651287273	0.346621748669	0.293857298951	0.228693203932	0.117920387874	0.162323272533	0.234554614416	0.259947033555	0.226485589879	0.136917892959	0.178807724234	0.203909843697	0.0860006497515	0.104704010911	0.241908972544	0.0900129736506	0.106117286164	0.0741417550964	0.0783683353947	0.122113731108	0.186797070983	0.178341907028	0.159126808227	0.203470529148	0.175390112709	0.178448800769	0.0952969814621	0.100552409899	0.0883973352775	0.0945027598018	0.0857337870157	0.204466941396	0.029243400734	0.0981811814196	0.074979463559	0.0
