	158216035-tonguedorsum2.snv.bam	158944319-tonguedorsum3.snv.bam	159268001-tonguedorsum3.snv.bam	159470302-tonguedorsum1.snv.bam	159753524-tonguedorsum3.snv.bam	160178356-tonguedorsum2.snv.bam	160178356-tonguedorsum3.snv.bam	160319967-tonguedorsum3.snv.bam	160380657-tonguedorsum3.snv.bam	160421117-tonguedorsum2.snv.bam	160421117-tonguedorsum3.snv.bam	160502038-tonguedorsum2.snv.bam	160502038-tonguedorsum3.snv.bam	160947100-tonguedorsum1.snv.bam	178713055-tonguedorsum2.snv.bam	295137534-tonguedorsum2.snv.bam	338793263-tonguedorsum2.snv.bam	370027359-tonguedorsum3.snv.bam	550534656-tonguedorsum3.snv.bam	604812005-tonguedorsum3.snv.bam	638754422-tonguedorsum3.snv.bam	675950834-tonguedorsum3.snv.bam	682102541-tonguedorsum3.snv.bam	686765762-tonguedorsum3.snv.bam	763820215-tonguedorsum2.snv.bam	763901136-tonguedorsum3.snv.bam	764366428-tonguedorsum2.snv.bam	764366428-tonguedorsum3.snv.bam	823052294-tonguedorsum2.snv.bam	937415040-tonguedorsum1.snv.bam
158216035-tonguedorsum2.snv.bam	0.0	0.130380403511	0.0978243799527	0.107067149421	0.0899107187132	0.0932427985977	0.0892420300053	0.0929090625885	0.0991552297808	0.0946377454227	0.0933801817737	0.114033493465	0.112635043389	0.0966037201344	0.103058157232	0.109197569899	0.0968419989083	0.107836069361	0.114347186456	0.105131013968	0.126555960766	0.0920572244419	0.104714247458	0.0866691621522	0.106446834205	0.0998441420572	0.0958211229942	0.0968182731041	0.0950388821925	0.115347454922
158944319-tonguedorsum3.snv.bam	0.130380403511	0.0	0.11182475556	0.0953221626648	0.122722715874	0.110851178583	0.0986143352946	0.108132380733	0.0990411924157	0.113212337948	0.116015411731	0.12899412141	0.126842549196	0.109338752127	0.136818086924	0.0994050936234	0.109766927276	0.124114619497	0.125891252024	0.112871462612	0.111077352512	0.100111696658	0.125144098552	0.128631110423	0.114191189349	0.114733174309	0.106432425892	0.100625434173	0.127522153619	0.107463591067
159268001-tonguedorsum3.snv.bam	0.0978243799527	0.11182475556	0.0	0.099084500832	0.102980823728	0.103786709089	0.098137582532	0.0944057360624	0.108121552255	0.0969565060635	0.0986119929394	0.127396520516	0.119061522303	0.101497080518	0.114568793197	0.107316587754	0.100299434194	0.115955888269	0.118543778992	0.108987129458	0.115363658367	0.103863077713	0.107559627713	0.097584669455	0.113445699064	0.108142239361	0.098604496856	0.105291402641	0.113677293258	0.11418661433
159470302-tonguedorsum1.snv.bam	0.107067149421	0.0953221626648	0.099084500832	0.0	0.103634546234	0.0892455253832	0.0874407949555	0.0964642711468	0.102565979449	0.0982989544466	0.102105693531	0.110468505264	0.10605622495	0.0918157847929	0.113882581322	0.0915838522184	0.0991307928569	0.099579070298	0.119946014924	0.0891994492832	0.0956494716534	0.0866619116571	0.101270391665	0.101789999359	0.10313769786	0.0903542732049	0.0850899213944	0.0881187837565	0.104907677458	0.103408298249
159753524-tonguedorsum3.snv.bam	0.0899107187132	0.122722715874	0.102980823728	0.103634546234	0.0	0.0987036466158	0.0978802188788	0.0916612782455	0.104347683729	0.0865336033372	0.0882708913127	0.116343351625	0.114905788954	0.0857309502699	0.0781494907033	0.103997871901	0.0966098097359	0.10306010754	0.130250029132	0.09541357812	0.115167955973	0.0899507780555	0.11302297816	0.0989060172556	0.0937799926126	0.098683143917	0.0924619781166	0.0895739290435	0.0769632773724	0.105486378314
160178356-tonguedorsum2.snv.bam	0.0932427985977	0.110851178583	0.103786709089	0.0892455253832	0.0987036466158	0.0	0.0500399339136	0.0911863029833	0.101779431041	0.0952516566436	0.099028397992	0.106407916477	0.0990976205352	0.0928934708082	0.120623887664	0.0846351828768	0.0919602138177	0.108887894969	0.105234182454	0.0918014327078	0.107468140713	0.0776251085021	0.0930682510772	0.103082837588	0.097053031649	0.0837883465816	0.0835517663766	0.0859271509793	0.105598516807	0.0974353100317
160178356-tonguedorsum3.snv.bam	0.0892420300053	0.0986143352946	0.098137582532	0.0874407949555	0.0978802188788	0.0500399339136	0.0	0.0873314422429	0.0888887156035	0.0917304882563	0.0950991142934	0.101365842087	0.099018878925	0.0927278860146	0.110543437247	0.0863310028265	0.0915266254529	0.108707635135	0.105097558926	0.0893159656686	0.107958567228	0.0775326967949	0.092635554443	0.100459305057	0.0977918386271	0.0837400781477	0.0897382416103	0.0844107620766	0.100833425408	0.096193151023
160319967-tonguedorsum3.snv.bam	0.0929090625885	0.108132380733	0.0944057360624	0.0964642711468	0.0916612782455	0.0911863029833	0.0873314422429	0.0	0.095063588782	0.0589055642363	0.0728554395865	0.108065751252	0.0885101630889	0.0696529276378	0.0933055132293	0.0867030696509	0.0590049368634	0.101031959151	0.117477695053	0.104731756626	0.102150852285	0.0701727644661	0.0935160953385	0.0905390124599	0.0571864149875	0.085020474095	0.0621277278116	0.0619780961919	0.0939222109588	0.0750927071504
160380657-tonguedorsum3.snv.bam	0.0991552297808	0.0990411924157	0.108121552255	0.102565979449	0.104347683729	0.101779431041	0.0888887156035	0.095063588782	0.0	0.101458037819	0.108733424154	0.112620703936	0.110130045295	0.0934647292885	0.103560599846	0.104391776396	0.0958044594441	0.108835379626	0.114963413639	0.0985989361993	0.115097388985	0.0906528198569	0.107024002997	0.102684986813	0.0985230908927	0.0971576885357	0.10136957494	0.0940018776861	0.105223396534	0.107806163372
160421117-tonguedorsum2.snv.bam	0.0946377454227	0.113212337948	0.0969565060635	0.0982989544466	0.0865336033372	0.0952516566436	0.0917304882563	0.0589055642363	0.101458037819	0.0	0.0305530305381	0.112330642901	0.0959320050348	0.0673195304405	0.0812182637836	0.0928060723529	0.0694864575174	0.102795356013	0.122159555094	0.104996015173	0.107936964678	0.0732705104123	0.0950701435557	0.0833144509348	0.0687092129478	0.0896586567581	0.0655991030483	0.0636640010112	0.0979602707556	0.081144085802
160421117-tonguedorsum3.snv.bam	0.0933801817737	0.116015411731	0.0986119929394	0.102105693531	0.0882708913127	0.099028397992	0.0950991142934	0.0728554395865	0.108733424154	0.0305530305381	0.0	0.119374376405	0.105579191532	0.0790052711629	0.0892643777164	0.0977543388097	0.0804016841113	0.110558129129	0.128567418919	0.111280928573	0.117699707294	0.0833422959365	0.107363629509	0.0856394245561	0.0824563715472	0.0984110206386	0.0807613283767	0.0754893517629	0.104573552663	0.0930721170251
160502038-tonguedorsum2.snv.bam	0.114033493465	0.12899412141	0.127396520516	0.110468505264	0.116343351625	0.106407916477	0.101365842087	0.108065751252	0.112620703936	0.112330642901	0.119374376405	0.0	0.0515831302599	0.102205344817	0.12077462456	0.120596017789	0.102577088399	0.117673803051	0.125939405138	0.113826019484	0.118024199473	0.0921553308816	0.103515435223	0.128242164058	0.101085565707	0.103459404239	0.101598472188	0.105674703298	0.120966536896	0.116515500829
160502038-tonguedorsum3.snv.bam	0.112635043389	0.126842549196	0.119061522303	0.10605622495	0.114905788954	0.0990976205352	0.099018878925	0.0885101630889	0.110130045295	0.0959320050348	0.105579191532	0.0515831302599	0.0	0.0896017003242	0.110982913995	0.107874940627	0.0893120805117	0.110327908695	0.11952763699	0.113983800437	0.112433548551	0.0843514326634	0.0885978886189	0.126790136023	0.089988057127	0.0945933846099	0.0864256922495	0.0901202983682	0.117100352017	0.0993805295078
160947100-tonguedorsum1.snv.bam	0.0966037201344	0.109338752127	0.101497080518	0.0918157847929	0.0857309502699	0.0928934708082	0.0927278860146	0.0696529276378	0.0934647292885	0.0673195304405	0.0790052711629	0.102205344817	0.0896017003242	0.0	0.0879216649335	0.0862106606518	0.0715758497255	0.0980895661065	0.119938602781	0.0986581902504	0.105007663261	0.058795333532	0.0865479956097	0.0968941276088	0.059471309387	0.077783754453	0.0648503153382	0.0661781505931	0.0966244705312	0.0774853162557
178713055-tonguedorsum2.snv.bam	0.103058157232	0.136818086924	0.114568793197	0.113882581322	0.0781494907033	0.120623887664	0.110543437247	0.0933055132293	0.103560599846	0.0812182637836	0.0892643777164	0.12077462456	0.110982913995	0.0879216649335	0.0	0.112325427668	0.098958391264	0.104300069156	0.140037472627	0.121576251093	0.119827482772	0.0883630136981	0.120401653894	0.0984438315455	0.0987832960105	0.101329685608	0.0939404748845	0.0928722821485	0.097838236144	0.101564297682
295137534-tonguedorsum2.snv.bam	0.109197569899	0.0994050936234	0.107316587754	0.0915838522184	0.103997871901	0.0846351828768	0.0863310028265	0.0867030696509	0.104391776396	0.0928060723529	0.0977543388097	0.120596017789	0.107874940627	0.0862106606518	0.112325427668	0.0	0.0912424029225	0.10912378491	0.114216935476	0.104758073862	0.105903460481	0.0801016894948	0.10408130244	0.116041533187	0.0825441391586	0.0917980925118	0.0820205158436	0.0811013511103	0.108972202377	0.082798633942
338793263-tonguedorsum2.snv.bam	0.0968419989083	0.109766927276	0.100299434194	0.0991307928569	0.0966098097359	0.0919602138177	0.0915266254529	0.0590049368634	0.0958044594441	0.0694864575174	0.0804016841113	0.102577088399	0.0893120805117	0.0715758497255	0.098958391264	0.0912424029225	0.0	0.1090223812	0.113803648846	0.114441008856	0.108169180546	0.0675929665545	0.0955933728101	0.0969617257002	0.0619333723259	0.0770470367779	0.0615911256467	0.0614296597197	0.1050408689	0.068911442977
370027359-tonguedorsum3.snv.bam	0.107836069361	0.124114619497	0.115955888269	0.099579070298	0.10306010754	0.108887894969	0.108707635135	0.101031959151	0.108835379626	0.102795356013	0.110558129129	0.117673803051	0.110327908695	0.0980895661065	0.104300069156	0.10912378491	0.1090223812	0.0	0.112943427812	0.101015415145	0.1116095225	0.0920002704255	0.100860103163	0.11915783048	0.108945732678	0.107925726225	0.0966403869932	0.0999607264306	0.0973787072157	0.112077240748
550534656-tonguedorsum3.snv.bam	0.114347186456	0.125891252024	0.118543778992	0.119946014924	0.130250029132	0.105234182454	0.105097558926	0.117477695053	0.114963413639	0.122159555094	0.128567418919	0.125939405138	0.11952763699	0.119938602781	0.140037472627	0.114216935476	0.113803648846	0.112943427812	0.0	0.122725212643	0.12056654576	0.0958366784594	0.0975909969997	0.134022369592	0.12540562597	0.100623497491	0.106593085209	0.10790114573	0.124800548519	0.104239160766
604812005-tonguedorsum3.snv.bam	0.105131013968	0.112871462612	0.108987129458	0.0891994492832	0.09541357812	0.0918014327078	0.0893159656686	0.104731756626	0.0985989361993	0.104996015173	0.111280928573	0.113826019484	0.113983800437	0.0986581902504	0.121576251093	0.104758073862	0.114441008856	0.101015415145	0.122725212643	0.0	0.108300392194	0.0970308788951	0.0982057105445	0.108148263947	0.108240352634	0.0954336958082	0.0978893639453	0.100038542965	0.0904322519866	0.120749618413
638754422-tonguedorsum3.snv.bam	0.126555960766	0.111077352512	0.115363658367	0.0956494716534	0.115167955973	0.107468140713	0.107958567228	0.102150852285	0.115097388985	0.107936964678	0.117699707294	0.118024199473	0.112433548551	0.105007663261	0.119827482772	0.105903460481	0.108169180546	0.1116095225	0.12056654576	0.108300392194	0.0	0.0982978138642	0.107537983737	0.105696165035	0.110146694576	0.102533363999	0.100295737977	0.102723457142	0.11747559989	0.104697290767
675950834-tonguedorsum3.snv.bam	0.0920572244419	0.100111696658	0.103863077713	0.0866619116571	0.0899507780555	0.0776251085021	0.0775326967949	0.0701727644661	0.0906528198569	0.0732705104123	0.0833422959365	0.0921553308816	0.0843514326634	0.058795333532	0.0883630136981	0.0801016894948	0.0675929665545	0.0920002704255	0.0958366784594	0.0970308788951	0.0982978138642	0.0	0.0835294050744	0.0986971767222	0.056536893365	0.0658858599419	0.0588989040419	0.0607209628499	0.0973402491892	0.0643327839582
682102541-tonguedorsum3.snv.bam	0.104714247458	0.125144098552	0.107559627713	0.101270391665	0.11302297816	0.0930682510772	0.092635554443	0.0935160953385	0.107024002997	0.0950701435557	0.107363629509	0.103515435223	0.0885978886189	0.0865479956097	0.120401653894	0.10408130244	0.0955933728101	0.100860103163	0.0975909969997	0.0982057105445	0.107537983737	0.0835294050744	0.0	0.114201399458	0.0935744484489	0.0814190894701	0.0797771481558	0.0904776593792	0.102916457947	0.0999050280297
686765762-tonguedorsum3.snv.bam	0.0866691621522	0.128631110423	0.097584669455	0.101789999359	0.0989060172556	0.103082837588	0.100459305057	0.0905390124599	0.102684986813	0.0833144509348	0.0856394245561	0.128242164058	0.126790136023	0.0968941276088	0.0984438315455	0.116041533187	0.0969617257002	0.11915783048	0.134022369592	0.108148263947	0.105696165035	0.0986971767222	0.114201399458	0.0	0.0949982190934	0.108365852238	0.094641113883	0.0946077687899	0.10192217304	0.116080186852
763820215-tonguedorsum2.snv.bam	0.106446834205	0.114191189349	0.113445699064	0.10313769786	0.0937799926126	0.097053031649	0.0977918386271	0.0571864149875	0.0985230908927	0.0687092129478	0.0824563715472	0.101085565707	0.089988057127	0.059471309387	0.0987832960105	0.0825441391586	0.0619333723259	0.108945732678	0.12540562597	0.108240352634	0.110146694576	0.056536893365	0.0935744484489	0.0949982190934	0.0	0.0792681230762	0.0622763302868	0.0593432521128	0.103648896388	0.0792579756718
763901136-tonguedorsum3.snv.bam	0.0998441420572	0.114733174309	0.108142239361	0.0903542732049	0.098683143917	0.0837883465816	0.0837400781477	0.085020474095	0.0971576885357	0.0896586567581	0.0984110206386	0.103459404239	0.0945933846099	0.077783754453	0.101329685608	0.0917980925118	0.0770470367779	0.107925726225	0.100623497491	0.0954336958082	0.102533363999	0.0658858599419	0.0814190894701	0.108365852238	0.0792681230762	0.0	0.0708049807292	0.069511467965	0.0930486956677	0.0845325138707
764366428-tonguedorsum2.snv.bam	0.0958211229942	0.106432425892	0.098604496856	0.0850899213944	0.0924619781166	0.0835517663766	0.0897382416103	0.0621277278116	0.10136957494	0.0655991030483	0.0807613283767	0.101598472188	0.0864256922495	0.0648503153382	0.0939404748845	0.0820205158436	0.0615911256467	0.0966403869932	0.106593085209	0.0978893639453	0.100295737977	0.0588989040419	0.0797771481558	0.094641113883	0.0622763302868	0.0708049807292	0.0	0.0305238610331	0.0934540247094	0.0665644230578
764366428-tonguedorsum3.snv.bam	0.0968182731041	0.100625434173	0.105291402641	0.0881187837565	0.0895739290435	0.0859271509793	0.0844107620766	0.0619780961919	0.0940018776861	0.0636640010112	0.0754893517629	0.105674703298	0.0901202983682	0.0661781505931	0.0928722821485	0.0811013511103	0.0614296597197	0.0999607264306	0.10790114573	0.100038542965	0.102723457142	0.0607209628499	0.0904776593792	0.0946077687899	0.0593432521128	0.069511467965	0.0305238610331	0.0	0.0915281053893	0.0629138500981
823052294-tonguedorsum2.snv.bam	0.0950388821925	0.127522153619	0.113677293258	0.104907677458	0.0769632773724	0.105598516807	0.100833425408	0.0939222109588	0.105223396534	0.0979602707556	0.104573552663	0.120966536896	0.117100352017	0.0966244705312	0.097838236144	0.108972202377	0.1050408689	0.0973787072157	0.124800548519	0.0904322519866	0.11747559989	0.0973402491892	0.102916457947	0.10192217304	0.103648896388	0.0930486956677	0.0934540247094	0.0915281053893	0.0	0.112614811157
937415040-tonguedorsum1.snv.bam	0.115347454922	0.107463591067	0.11418661433	0.103408298249	0.105486378314	0.0974353100317	0.096193151023	0.0750927071504	0.107806163372	0.081144085802	0.0930721170251	0.116515500829	0.0993805295078	0.0774853162557	0.101564297682	0.082798633942	0.068911442977	0.112077240748	0.104239160766	0.120749618413	0.104697290767	0.0643327839582	0.0999050280297	0.116080186852	0.0792579756718	0.0845325138707	0.0665644230578	0.0629138500981	0.112614811157	0.0
