	159915365-stool1.snv.bam	160502038-stool1.snv.bam	160502038-stool2.snv.bam	BGI089A.snv.bam	BYQ_AAAI.snv.bam	BYQ_AAAJ.snv.bam	BYQ_AAAK.snv.bam	BYQ_AAAL.snv.bam	BYQ_AAAM.snv.bam	BYQ_AAAN.snv.bam	BYQ_AAAO.snv.bam	BYQ_AAAR.snv.bam	BYQ_AAAS.snv.bam	BYQ_AAAT.snv.bam	BYQ_AAAU.snv.bam	BYQ_AAAV.snv.bam	BYQ_AAAW.snv.bam	BYQ_AAAX.snv.bam	BYQ_AAAY.snv.bam	BYQ_AAAZ.snv.bam	BYQ_AABA.snv.bam	BYQ_AABB.snv.bam	BYQ_AABC.snv.bam	CCIS02856720ST-4-0.snv.bam	CCIS09568613ST-4-0.snv.bam	CCIS11015875ST-4-0.snv.bam	CCIS11362406ST-4-0.snv.bam	CCIS16383318ST-4-0.snv.bam	CCIS34055159ST-4-0.snv.bam	CCIS36699628ST-4-0.snv.bam	CCIS41288781ST-4-0.snv.bam	CCIS44757994ST-4-0.snv.bam	CCIS61287323ST-4-0.snv.bam	CCIS62794166ST-4-0.snv.bam	CCIS63468405ST-4-0.snv.bam	CCIS81710917ST-20-0.snv.bam	CCIS87167916ST-4-0.snv.bam	CCIS88007743ST-4-0.snv.bam	CCMD64776337ST-21-0.snv.bam	CCMD74930188ST-21-0.snv.bam	DLF009.snv.bam	DLF012.snv.bam	DLM022.snv.bam	DLM024.snv.bam	DLM028.snv.bam	DOM003.snv.bam	ED11A.snv.bam	ED15A.snv.bam	ED19A.snv.bam	HT14A.snv.bam	HT25A.snv.bam	Log_10M_3.snv.bam	M2.1-V1.metaG.snv.bam	M4.2-V2.metaT.snv.bam	MH0221.snv.bam	MH0257.snv.bam	MH0264.snv.bam	MH0277.snv.bam	MH0309.snv.bam	MH0315.snv.bam	MH0318.snv.bam	MH0336.snv.bam	MH0341.snv.bam	MH0360.snv.bam	MH0372.snv.bam	MH0383.snv.bam	MH0394.snv.bam	MH0427.snv.bam	MH0456.snv.bam	MMRS35808664ST-27-0-0.snv.bam	MMRS41266697ST-27-0-0.snv.bam	MMRS41711735ST-27-0-0.snv.bam	MMRS51728985ST-27-0-0.snv.bam	MMRS64281211ST-27-0-0.snv.bam	MMRS77487595ST-27-0-0.snv.bam	N005A.snv.bam	N009A.snv.bam	N013A.snv.bam	N021A.snv.bam	N025A.snv.bam	N040A.snv.bam	N043A.snv.bam	N064A.snv.bam	N089A.snv.bam	N104A.snv.bam	NG-5636_194.snv.bam	NG-5636_200.snv.bam	NG-5636_231.snv.bam	NG-5636_365.snv.bam	NG-5636_92.snv.bam	NLM022.snv.bam	NOM005.snv.bam	NOM025.snv.bam	NOM028.snv.bam	O2.CD1-0-PT.snv.bam	O2.CD1-0.snv.bam	O2.CD2-0-PT.snv.bam	O2.UC19-1.snv.bam	O2.UC38-1.snv.bam	SZEY-106A.snv.bam	SZEY-10A.snv.bam	SZEY-26A.snv.bam	SZEY-48A.snv.bam	SZEY-63A.snv.bam	SZEY-68A.snv.bam	SZEY-73A.snv.bam	SZEY-79A.snv.bam	SZEY-81A.snv.bam	SZEY-93A.snv.bam	SZEY-95A.snv.bam	T2D-108A.snv.bam	T2D-109A.snv.bam	T2D-114A.snv.bam	T2D-118A.snv.bam	T2D-12A.snv.bam	T2D-134A.snv.bam	T2D-148A.snv.bam	T2D-14A.snv.bam	T2D-156A.snv.bam	T2D-17A.snv.bam	T2D-189A.snv.bam	T2D-22A.snv.bam	T2D-25A.snv.bam	T2D-29A.snv.bam	T2D-31A.snv.bam	T2D-46A.snv.bam	T2D-47A.snv.bam	T2D-48A.snv.bam	T2D-53A.snv.bam	T2D-59A.snv.bam	T2D-62A.snv.bam	T2D-63A.snv.bam	T2D-66A.snv.bam	T2D-91A.snv.bam	V1.CD12-3.snv.bam	V1.CD18-3.snv.bam	V1.CD2-0-PT.snv.bam	V1.CD21-0.snv.bam	V1.CD3-0-PN.snv.bam	V1.CD3-0-PT.snv.bam	V1.CD3-3-PN.snv.bam	V1.CD4-0-PT.snv.bam	V1.CD41-0.snv.bam	V1.CD48-0.snv.bam	V1.CD5-0-PN.snv.bam	V1.CD7-0-PN.snv.bam	V1.FI22.snv.bam	V1.FI24.snv.bam	V1.FI33.snv.bam	V1.FI34.snv.bam	alien-11-632-0.snv.bam
159915365-stool1.snv.bam	0.0	0.175358178756	0.321487779398	0.174258830221	0.194696956575	0.191542607068	0.197164818813	0.188571036364	0.190313540467	0.188165901875	0.188832701983	0.192776607507	0.19575703152	0.197152890801	0.194051549967	0.196740848844	0.196166417011	0.190234320429	0.189443943229	0.188745303668	0.197520858722	0.19718081546	0.197339757973	0.335752027289	0.267837790249	0.162857347226	0.0621474749673	0.127275372003	0.0439408983669	0.320682691145	0.249408150508	0.0638140486743	0.193320996685	0.120185528617	0.317913754636	0.236483592647	0.295903786476	0.260072607084	0.123899950028	0.254791770462	0.0270714149151	0.144211479502	0.325412737799	0.0516256786036	0.0677953330695	0.0823797255319	0.199687017007	0.181588847504	0.119812035551	0.26766691419	0.0898980120243	0.126030702569	0.114733115791	0.227015808943	0.31703845354	0.180715201449	0.141930920231	0.179653300613	0.129876649812	0.276491709129	0.188724986538	0.18980983853	0.311961135094	0.18465013978	0.213463041333	0.177526414064	0.254024593289	0.150971171782	0.0470476837861	0.172387970068	0.192565029812	0.0480320697161	0.0267392728565	0.246337144312	0.164439596512	0.144961501379	0.229070473609	0.081744464047	0.176190108555	0.106312367444	0.0260218175494	0.161185445274	0.126347256445	0.0333095187664	0.193997844539	0.0865591484002	0.050272918372	0.325385566319	0.259428155403	0.133088092132	0.132716440392	0.12445906223	0.123123705014	0.169183387103	0.19334654238	0.16454017564	0.272194195986	0.180717773548	0.0764869458329	0.0944899615367	0.202813561634	0.0914968933451	0.161720659305	0.0585375222775	0.113037001909	0.106560397374	0.0973091966587	0.178348240734	0.199146049234	0.182457423115	0.132377729577	0.064955415984	0.116699381617	0.0838046062175	0.145523755711	0.106341223165	0.105017597439	0.163842303296	0.118939983418	0.0909761466531	0.185340577989	0.18765814725	0.103228530528	0.142841645122	0.245273016343	0.238698829815	0.175986148422	0.160417775286	0.162503016584	0.0761918022539	0.16508453645	0.0940993771893	0.318611509568	0.0824382378613	0.328103287305	0.334532004233	0.273143293687	0.122832028937	0.332249280717	0.0498414717835	0.312886539225	0.0545971788192	0.190386198413	0.151551970269	0.13175522837	0.080299261984	0.164552559735	0.335711159071	0.33936078774	0.176705221111	0.211276254395
160502038-stool1.snv.bam	0.175358178756	0.0	0.289688121494	0.0975450588161	0.160009055879	0.16066418767	0.162957925298	0.156958533672	0.159693003809	0.157391456447	0.159823749775	0.16071377668	0.161625744941	0.16322082925	0.162234917874	0.160806803143	0.161683288565	0.157432280496	0.158707617515	0.158614339424	0.163174971884	0.163101360783	0.163305232267	0.302122034177	0.254793266859	0.130426449966	0.16546074134	0.139967646071	0.176807200576	0.289869181946	0.223269854333	0.163159336236	0.0862269565482	0.13930062047	0.282491219721	0.228200206683	0.25595340645	0.236558283884	0.170679688546	0.201710911221	0.160617453544	0.144185135216	0.2914912272	0.175761096552	0.150358412879	0.143531255946	0.210669347131	0.159017130845	0.171440739868	0.243102847362	0.145108891617	0.133533194951	0.174465121536	0.216800093145	0.288700555874	0.109633555884	0.14803126374	0.108972915594	0.124577125043	0.271873144579	0.116603528197	0.137222539996	0.275826913488	0.0596156551765	0.184734369947	0.104425482977	0.202762450956	0.1901684783	0.169572309676	0.104803961039	0.0828528834807	0.171614984038	0.147017832684	0.224277307908	0.0844265163279	0.136870382656	0.185835934544	0.162138398837	0.168217153549	0.139299496698	0.155385112495	0.115429453491	0.135202185206	0.153823538895	0.0907973013271	0.156793731317	0.158494304236	0.29021401571	0.227750676419	0.0896807512883	0.133346981869	0.1280008496	0.132803507874	0.0935164265546	0.0902375161945	0.0745780117194	0.231409759123	0.107340101666	0.139796205583	0.161180354275	0.207791077069	0.150414432051	0.173524500224	0.149485067023	0.127286890988	0.143128907068	0.153798412803	0.0876891559042	0.0925779376822	0.184438457431	0.0925912314781	0.143296699302	0.105248774536	0.146062834965	0.156020320957	0.127421783493	0.131571459642	0.158740217315	0.133039022857	0.158833877267	0.201254474139	0.156204879993	0.140139457192	0.0931199435007	0.225345725582	0.218018009085	0.112883342262	0.12462070803	0.100805555947	0.150108231698	0.1059972247	0.117098599599	0.290559667607	0.141840221643	0.29846087603	0.291447906031	0.256823611692	0.134541702726	0.299230817327	0.142308906831	0.281556952778	0.141168845221	0.0632193892194	0.139225813907	0.0891974059875	0.136340289389	0.161475223749	0.298061934655	0.303805687124	0.076925605564	0.199516787441
160502038-stool2.snv.bam	0.321487779398	0.289688121494	0.0	0.283635317684	0.295305991636	0.291770629503	0.297346487144	0.295989090259	0.29436378933	0.292760199484	0.297280102561	0.294283707775	0.296239950994	0.29754170788	0.292331450305	0.297005813618	0.296407187373	0.296576847287	0.295306539951	0.293126044577	0.297627764062	0.297460935575	0.297475566806	0.0878605622345	0.12528032311	0.264857226648	0.303358464185	0.281027775061	0.313154749494	0.104115694183	0.257529366692	0.292729081907	0.313808139261	0.27231583615	0.0772618479583	0.282736935908	0.0639275418238	0.183112266234	0.26836491907	0.283045392871	0.310453385216	0.27796279591	0.0761906457415	0.301422142626	0.28916339488	0.273947501546	0.253137085519	0.255054663306	0.278619204435	0.309017555957	0.28767155444	0.260600296286	0.305190514468	0.261990315761	0.121827849232	0.284169111001	0.279913857235	0.252929762916	0.27731386497	0.333054194319	0.249200543564	0.271747414739	0.136369941824	0.289667984167	0.144557323979	0.284819512429	0.285143212777	0.294320831133	0.300496208015	0.293776965846	0.309537274906	0.300962577653	0.301406790722	0.256770999458	0.27051681246	0.275612263589	0.270252888195	0.280771171626	0.276082950635	0.27178501184	0.309589640161	0.273337168473	0.267059050852	0.301133892921	0.30500739776	0.284220199491	0.293031821408	0.0688166861526	0.204915010641	0.274515054364	0.282906732772	0.270028999624	0.298350186873	0.268652678691	0.291129093405	0.285043031637	0.28556669721	0.244505001674	0.289258334155	0.293740752077	0.252516255149	0.282193543717	0.271700498423	0.307309015212	0.270444368208	0.281870193859	0.288360306508	0.299790092044	0.294004413962	0.267117949061	0.284336366086	0.310488819295	0.270220977686	0.281990785927	0.29837219538	0.283742732242	0.27347404341	0.266268404148	0.279985841698	0.300569792232	0.281212652686	0.262689505198	0.269303620195	0.287139876078	0.240825729399	0.254428323924	0.279891033997	0.282729555635	0.269260724798	0.277283670453	0.270262380326	0.277424479399	0.121040618693	0.274627033416	0.067425747286	0.0465676588895	0.2571900877	0.293989121543	0.117983417968	0.299389260072	0.123738081954	0.295757342688	0.296111382235	0.267879149277	0.282874156751	0.287777312845	0.230929884202	0.0900068758919	0.0889773907313	0.2775829018	0.258670291598
BGI089A.snv.bam	0.174258830221	0.0975450588161	0.283635317684	0.0	0.157869850575	0.153029019057	0.160970384626	0.15182497561	0.154164636432	0.152422783474	0.149390647235	0.156581580381	0.159330123974	0.161176720486	0.157203497566	0.156593783851	0.159679137389	0.154951904651	0.151099863834	0.152661436283	0.161082043984	0.161174793089	0.16112105431	0.288641534774	0.237715996737	0.0999910698261	0.15044408469	0.12169476663	0.180517457792	0.274943003562	0.208135521328	0.159661130315	0.0607925891961	0.136449517566	0.272643277713	0.220415710194	0.256508598811	0.21992448871	0.172103221667	0.223801240129	0.170776486063	0.146702627828	0.280012917066	0.166833181261	0.157786220424	0.15470380001	0.194079433131	0.150562360442	0.174577881813	0.250574020541	0.143100562404	0.147959107785	0.171307460893	0.219809592219	0.271788394795	0.0417741034297	0.137575456073	0.0865917293688	0.124061381162	0.274482863818	0.0671105690665	0.131402517521	0.255008958158	0.0926798961017	0.164691966941	0.05343746059	0.222721761417	0.191937249488	0.165185476342	0.055537111581	0.057385656577	0.167137009221	0.158843898182	0.215736172291	0.0601509270677	0.134940080346	0.178703642198	0.166198438941	0.182119475903	0.132199006879	0.166806425589	0.0967054058533	0.128536546089	0.161899455067	0.083788957338	0.149194251683	0.155715384413	0.277435612075	0.208769656403	0.0698517417259	0.105940874688	0.116907773941	0.144621577879	0.0776166922804	0.0473272569439	0.0743864662997	0.228022124509	0.0877228362822	0.154723408353	0.167754854762	0.18728326716	0.154088247853	0.16477677716	0.16853674351	0.120408308274	0.143943483823	0.153462182032	0.0579139896428	0.0511761670211	0.179916366292	0.0717665803452	0.163735001131	0.121512756513	0.140636314642	0.149737770218	0.115060677939	0.139362144474	0.168288724427	0.126008581491	0.139989806146	0.189561863683	0.132739448828	0.122040719636	0.0743956452922	0.215051356743	0.202649026427	0.106816536906	0.0862282016085	0.0925421320681	0.15450334443	0.0684359771601	0.115664582382	0.287286811647	0.153468343752	0.285260388932	0.285008866132	0.244231672015	0.148302959249	0.284867259368	0.145117575884	0.265672026439	0.140789715997	0.0918872741434	0.140333803932	0.0687403980023	0.149724385816	0.143191822667	0.289813477931	0.290266895918	0.0897455300514	0.19036755637
BYQ_AAAI.snv.bam	0.194696956575	0.160009055879	0.295305991636	0.157869850575	0.0	0.00483778230432	0.000993393306443	0.00314619276537	0.00261980162137	0.00211281810773	0.00192241938044	0.0027981004717	0.00130223592036	0.00118432715962	0.00256678761782	0.00119811632367	0.000988612498239	0.00198719070766	0.000893686356907	0.0077081674635	0.00138955853961	0.000941599008426	0.00111072384669	0.297891000488	0.261610395422	0.15434694992	0.170602976186	0.186460768111	0.188251027099	0.29041173404	0.25901192288	0.176339414709	0.178415466491	0.156905489498	0.27586110096	0.260652487349	0.276705089581	0.250471079706	0.199731805635	0.274716908069	0.179781930026	0.191331003399	0.292850831332	0.184988636634	0.171704502402	0.162243578385	0.219186546029	0.169478064339	0.199273002463	0.282595758803	0.165271183615	0.122590295068	0.16524774781	0.244297423925	0.28822807396	0.166582798504	0.13345090436	0.187810702106	0.156284462949	0.299825756357	0.168950602979	0.193028077181	0.286674681947	0.172803677034	0.214061722741	0.169891013645	0.280242837145	0.212634452222	0.173523396643	0.169346959856	0.175444423696	0.172694467913	0.166581398756	0.230324842861	0.160179375634	0.174846709971	0.243478796473	0.164398196983	0.163383997541	0.163244054182	0.180844551179	0.184881860335	0.147646141518	0.171757417212	0.183757011355	0.163268173282	0.164884498191	0.295333833586	0.261049317708	0.153486743605	0.158355827708	0.151242207307	0.177851506315	0.16287783741	0.17792065336	0.164268824621	0.290066553344	0.170074581432	0.17438473168	0.182113310288	0.217623136175	0.171617592444	0.198191111477	0.184427058074	0.158111033133	0.168335240206	0.16077849598	0.175620410523	0.181131782576	0.204718839691	0.165879189679	0.177445169744	0.155741354985	0.165785457411	0.150835486131	0.164675104328	0.159288845751	0.204409221849	0.166252481998	0.16496644408	0.223813137741	0.191648567868	0.144289265113	0.152845173085	0.247756292138	0.249094153713	0.177882445709	0.173755921884	0.169169749931	0.167952920658	0.160430988632	0.153524116499	0.315152021469	0.162606672389	0.296436630486	0.299013924194	0.256164332382	0.178518840347	0.302221641568	0.175029105833	0.29092691546	0.172670295498	0.175064741281	0.167306397938	0.160667082656	0.173137221804	0.154548029668	0.300535402475	0.302964766768	0.175077087684	0.247407261416
BYQ_AAAJ.snv.bam	0.191542607068	0.16066418767	0.291770629503	0.153029019057	0.00483778230432	0.0	0.00478130711349	0.00666193322902	0.00598687869879	0.00562916036947	0.00551551550937	0.00639249641543	0.00509202909422	0.00497340283596	0.00641124172666	0.00491863242782	0.0047177030808	0.00578410284141	0.00467415972107	0.0106357528904	0.00517988308844	0.00468737500696	0.00488108874944	0.293421700754	0.255833979521	0.150476381751	0.16950562651	0.184585001877	0.185127279918	0.284419556314	0.256627826286	0.173589633938	0.177203296673	0.152247446017	0.270066416145	0.255705896102	0.274400857848	0.242692471996	0.198392618799	0.274151392508	0.180592007165	0.187054933129	0.286873654776	0.181579039513	0.164964204122	0.15767488815	0.217273162545	0.165794837703	0.197534768112	0.280358631932	0.162891094365	0.121543325352	0.160667508831	0.241399086409	0.280973124417	0.162425608865	0.130555346664	0.183679110899	0.150578014191	0.296583119787	0.16307147224	0.189585440774	0.279539461646	0.169472934398	0.208665235691	0.168008180493	0.279509773297	0.210988076085	0.174883375858	0.164650200947	0.174096475162	0.173671910969	0.1677423506	0.226573138885	0.154820477234	0.166682849452	0.238640702363	0.157833249536	0.156425612924	0.158799748413	0.181870292192	0.177784263047	0.141783233521	0.171994476569	0.182683795566	0.162623179602	0.162606492721	0.290256404013	0.256824607538	0.153626937673	0.153429945798	0.146729683581	0.172290711852	0.15806401387	0.173708135799	0.160500737004	0.288858666987	0.165170709777	0.173817767613	0.17744003478	0.211908668736	0.166200936055	0.19449782755	0.179557845272	0.155453294703	0.162904652293	0.154221136141	0.17221597477	0.177995411716	0.199715784105	0.164821349227	0.178986530888	0.151085134728	0.161714287578	0.147313698887	0.162327676597	0.154616940886	0.197881726025	0.15838029487	0.164233761335	0.220526728915	0.184688930129	0.141203764235	0.150650398152	0.245317020523	0.244903059081	0.176088259924	0.169490514573	0.164113703413	0.166485566775	0.160054018097	0.148636063181	0.307678164985	0.157836928176	0.290481539917	0.294455386525	0.255954246432	0.172326325206	0.294076685389	0.174970954213	0.284967818857	0.172327649496	0.171860077647	0.16205816675	0.157835337383	0.171927276122	0.14940281367	0.295937148068	0.29759096601	0.168787790395	0.242682565781
BYQ_AAAK.snv.bam	0.197164818813	0.162957925298	0.297346487144	0.160970384626	0.000993393306443	0.00478130711349	0.0	0.00259625705576	0.00209856051528	0.00152380119619	0.00135426338227	0.00225826243162	0.000749750843532	0.000680619390623	0.00220580490262	0.000696343418029	0.000461497981159	0.00144567166666	0.000338294539863	0.00724151267831	0.000802997550353	0.000472573259777	0.000593720599702	0.299947408473	0.262945608994	0.157179640969	0.173486266518	0.189255716388	0.190866864496	0.291745672406	0.259820425307	0.179136474317	0.181112646919	0.160049681877	0.277682340987	0.261770388864	0.27896805096	0.250510978812	0.201503323484	0.276018082389	0.182517705849	0.194143261963	0.294124019186	0.187725936683	0.175259499001	0.165872516171	0.220031619923	0.171741836627	0.201302753354	0.28271716605	0.168642378028	0.122912098923	0.168074607854	0.242488090735	0.288122479667	0.169978521277	0.136806462268	0.190905740011	0.157734750762	0.299430594907	0.172514321379	0.194949759663	0.287986858943	0.175490203899	0.214802086317	0.17265548858	0.282065054594	0.21388116582	0.176755036801	0.170814724228	0.178205323891	0.175544024507	0.16977185078	0.230376541263	0.161545870186	0.177843541044	0.244870906823	0.165682826202	0.164416346326	0.166551677455	0.183557185796	0.18730685782	0.151145348385	0.174515044308	0.18625537728	0.16674338993	0.164822290011	0.298738038941	0.26206644692	0.156956441064	0.161897866733	0.154773148524	0.180763829663	0.166009775473	0.180605754075	0.167125164247	0.291065086177	0.173651483046	0.177408292425	0.187251998056	0.218553980479	0.174850769581	0.200311353379	0.186913684101	0.161496928919	0.171522122198	0.164328607311	0.178442424423	0.183791077497	0.20645593624	0.168841611401	0.180223312497	0.159338653527	0.168586084964	0.154096285577	0.16772105235	0.162748240933	0.205810358235	0.169656987491	0.169344524762	0.226874605831	0.19339874793	0.147665790938	0.155817180467	0.247571361549	0.248816451995	0.180520571032	0.177053925637	0.172679663038	0.170902240385	0.163317422851	0.15727519387	0.314897977893	0.166106762823	0.297803218716	0.301099250897	0.255816712618	0.181935698573	0.301529685268	0.177896807219	0.290827362693	0.175631834844	0.177784370644	0.168724691547	0.16216200621	0.176149956936	0.157664949819	0.302771232853	0.304260315163	0.178279196049	0.249220215784
BYQ_AAAL.snv.bam	0.188571036364	0.156958533672	0.295989090259	0.15182497561	0.00314619276537	0.00666193322902	0.00259625705576	0.0	0.00410554432421	0.00345289126257	0.0034212614158	0.0044188914027	0.00293952594793	0.00271413622184	0.00449202846159	0.00282856177421	0.00255278241073	0.00360449524739	0.00251206867481	0.00898240207005	0.00302846233222	0.00268333836229	0.00278638051616	0.297381998584	0.259599309251	0.150926594181	0.16563245503	0.183970010591	0.184219786292	0.288555389147	0.257395708198	0.17395903216	0.173519925877	0.152580083915	0.274766739524	0.258526587385	0.27836498475	0.246212179898	0.199242653582	0.274851665664	0.179576112194	0.188504719299	0.290469634845	0.181884353517	0.164460466278	0.159029520705	0.218087062042	0.166321865197	0.198492473289	0.284041941928	0.162065030527	0.123400829448	0.156982154301	0.242456679323	0.284791213669	0.162138441502	0.130448270617	0.182726737963	0.150643656165	0.299700374646	0.164023682875	0.187951373932	0.28398747456	0.167401536862	0.21195189967	0.164581315327	0.280601518888	0.212714032809	0.173486860041	0.163517113488	0.170544868946	0.172410618503	0.166724049393	0.229168716419	0.154475190431	0.166770513601	0.239561448217	0.157092035377	0.156208567961	0.158274805956	0.180892121131	0.178503895138	0.140503503064	0.17133050179	0.178894439367	0.159367022622	0.162594388175	0.296159803105	0.259356287534	0.152640511045	0.152565060865	0.146519494498	0.170862450337	0.158113696903	0.172841256508	0.157179805584	0.289715298215	0.162853112959	0.172350785	0.176297647772	0.212628857974	0.165348797909	0.19447791076	0.176699136149	0.154528757011	0.161629782853	0.153474133728	0.169607309491	0.176105092899	0.201601296635	0.162777517819	0.176685550522	0.151123679253	0.158398902804	0.142229584772	0.160354382982	0.15518613371	0.199886745008	0.157609682645	0.162065590503	0.219602505653	0.185271859365	0.139257193709	0.145111722024	0.248145285344	0.244681971558	0.170818258728	0.169647875286	0.164000619342	0.16355801632	0.157417305027	0.148910814037	0.312335508458	0.159168475597	0.29518417636	0.297951365153	0.257644902746	0.171974225966	0.29872753734	0.173474816041	0.28931152098	0.171179548399	0.170147604821	0.159971179415	0.156099044611	0.170371733826	0.150724954212	0.299356494848	0.302115431727	0.169952768642	0.244876631812
BYQ_AAAM.snv.bam	0.190313540467	0.159693003809	0.29436378933	0.154164636432	0.00261980162137	0.00598687869879	0.00209856051528	0.00410554432421	0.0	0.00321432867577	0.00267280111715	0.00388634546595	0.00240865350415	0.00229026738001	0.00398130992621	0.00231331013941	0.00209376035158	0.00308292236231	0.00199427916572	0.00846809467263	0.00249632965628	0.00215609610698	0.00225767814935	0.296200765687	0.258137412025	0.152260165992	0.168192613365	0.184991174209	0.183925713788	0.287879805594	0.258825561398	0.172188397279	0.177243130949	0.153973876377	0.275576922493	0.25858287596	0.27849926373	0.247536449418	0.198651660803	0.275264222052	0.179478951337	0.187997542887	0.292117757652	0.180833636261	0.166744911354	0.159174801744	0.217029362974	0.167693982644	0.198268110149	0.28215684025	0.163782396501	0.120967690833	0.161661305215	0.241530215241	0.286639994819	0.16343668185	0.131672822797	0.186226078806	0.150059859658	0.298385103208	0.165877771908	0.191236533124	0.285083261031	0.16956576896	0.211396639749	0.168316770294	0.280950964564	0.211244299927	0.173390827405	0.165742995039	0.174252783884	0.172319614578	0.166368342135	0.22893803345	0.154176227063	0.169887107957	0.24137724363	0.159139938041	0.159668904341	0.159463596999	0.180466139446	0.180366668026	0.14313865401	0.170916195786	0.182375362793	0.162141208693	0.161246093466	0.295222224242	0.260377526399	0.152465771552	0.154926612949	0.148422760764	0.172693537374	0.159092536408	0.174404045787	0.161409476215	0.290718843536	0.165403551565	0.173295168647	0.176972504528	0.214437186972	0.16667573959	0.195799696719	0.180686104665	0.157076377178	0.164586190529	0.155615855189	0.173662631043	0.177617255916	0.202840057381	0.162449975297	0.177533186528	0.152662312611	0.163350423521	0.14647414981	0.162317926835	0.156363527074	0.20040934541	0.16151425482	0.163597223833	0.221971465667	0.187577202418	0.141687854068	0.151282859231	0.246111339908	0.246014009878	0.176526422121	0.169042002562	0.16638475023	0.166128192056	0.159021742094	0.150363385185	0.312904921419	0.159395246513	0.296086394701	0.299058015763	0.257328222076	0.173137565745	0.299415360829	0.174142392943	0.290908697949	0.171676191511	0.17215858971	0.161790080052	0.155228256824	0.171521927996	0.152866902816	0.298841425818	0.300697223357	0.172467182097	0.24554353376
BYQ_AAAN.snv.bam	0.188165901875	0.157391456447	0.292760199484	0.152422783474	0.00211281810773	0.00562916036947	0.00152380119619	0.00345289126257	0.00321432867577	0.0	0.00222932986613	0.00326471587942	0.00164259417809	0.00179503936752	0.00304133256348	0.00181146732551	0.00159733168514	0.00203458572609	0.00122096307533	0.00808298960366	0.00183221787806	0.00156747286174	0.00170794008725	0.297468967531	0.258712368672	0.14967297922	0.165651442265	0.183733036003	0.181754482509	0.288975050387	0.25697688516	0.173874929131	0.176109124047	0.150361334455	0.274470367738	0.258670765786	0.278259671783	0.245683933479	0.196296612117	0.273307328492	0.176772315812	0.187347569818	0.290681777687	0.181937068576	0.165668964467	0.155891142851	0.215087397479	0.164899757239	0.197158788209	0.283361017464	0.16194011688	0.121382688169	0.158738300211	0.240624473177	0.284750613134	0.162867912132	0.128171152652	0.185502024895	0.147281339415	0.300999724013	0.164925527413	0.188530957375	0.283950506084	0.166280450785	0.209024672093	0.165113981264	0.278892046953	0.210302183914	0.169146977462	0.164685038381	0.173011234761	0.168013632363	0.1640011749	0.228257075631	0.153045477686	0.167685005605	0.240309760949	0.157655375067	0.156341882842	0.156757595661	0.178048215462	0.179411533546	0.140125742303	0.168757291832	0.181156539279	0.158925581016	0.158233411009	0.296188141823	0.259029587904	0.151231524454	0.152861825521	0.145694475726	0.171317547494	0.158243450121	0.173065891551	0.159438962548	0.288074690784	0.164552120697	0.167687868002	0.175792392243	0.211645597853	0.165407274507	0.192567819792	0.177970709128	0.153643790738	0.161701964233	0.154457737908	0.17238643046	0.176384807928	0.201527428912	0.160493021272	0.174514099184	0.149887487929	0.160451827286	0.144648748999	0.160453135271	0.152645070795	0.200637481618	0.160245606777	0.160019593677	0.219318285202	0.185330064146	0.137123747914	0.147178310771	0.245486839223	0.245169276877	0.172890509829	0.167763187232	0.163909710335	0.16157308117	0.155457979155	0.147531854178	0.310646616385	0.155979362424	0.295122961153	0.297535793399	0.254509404975	0.172495494128	0.298763606539	0.171908112237	0.28784390446	0.169751213046	0.168510145277	0.158220568396	0.154518674731	0.166111751979	0.149449832111	0.300057660306	0.301914464392	0.168284939089	0.244187176308
BYQ_AAAO.snv.bam	0.188832701983	0.159823749775	0.297280102561	0.149390647235	0.00192241938044	0.00551551550937	0.00135426338227	0.0034212614158	0.00267280111715	0.00222932986613	0.0	0.00318996001773	0.0012744868797	0.00148989982336	0.00274012047996	0.00161627450743	0.0013400459451	0.00239220798061	0.00101874619611	0.00775757194006	0.00163237116787	0.00130344749702	0.00152322733111	0.298143567372	0.259927502795	0.149433339109	0.1643145266	0.18263789448	0.182596467585	0.289821029193	0.25637565312	0.1703703617	0.17284275963	0.15113442979	0.277360812902	0.25491964861	0.277942493785	0.248164441804	0.19828566156	0.273448614148	0.177895192236	0.185327637217	0.293876064791	0.178545956095	0.164134776167	0.15693620932	0.215232357927	0.166290642495	0.195738391684	0.27952241075	0.162927740451	0.117800654686	0.1589625641	0.241792775074	0.287939240413	0.159085323015	0.128777141402	0.182000902499	0.147402241943	0.296535713989	0.16087356363	0.187154473352	0.285726466603	0.169151007127	0.207903437445	0.163386965044	0.27885079212	0.209061225576	0.171504755157	0.161103065254	0.169774258213	0.170542286015	0.164459167656	0.229448571764	0.148985820817	0.167355023983	0.239106343621	0.156305119497	0.157414545522	0.156433373406	0.178641812311	0.1781537591	0.140220732796	0.168957740692	0.17807744527	0.157490233119	0.159255024281	0.296891106268	0.258534654286	0.147153560413	0.15141648272	0.145109511485	0.170134237615	0.156380007306	0.169491035515	0.158414997498	0.288660562713	0.162533890725	0.170471264319	0.174314521939	0.211424364789	0.163793822548	0.192977733346	0.178461579224	0.154594722271	0.162481520935	0.15257739953	0.169448005856	0.172808233107	0.200861513679	0.157516898607	0.175115658265	0.149869045582	0.160337331442	0.1420770399	0.160167400118	0.153417628662	0.1983418615	0.158520796212	0.161695186071	0.220309721533	0.184329302015	0.139406495199	0.151778863306	0.243734697992	0.243447632529	0.171791296429	0.164855194425	0.163785066303	0.165728376666	0.153888560099	0.146768224145	0.313542772799	0.157097731808	0.297868047276	0.301477333621	0.25867948054	0.171185397351	0.30174524379	0.172153435505	0.292470564929	0.169950535861	0.171419911477	0.15828716239	0.150515575685	0.168679389133	0.150435254487	0.300802062831	0.302491732602	0.171564511407	0.243978272619
BYQ_AAAR.snv.bam	0.192776607507	0.16071377668	0.294283707775	0.156581580381	0.0027981004717	0.00639249641543	0.00225826243162	0.0044188914027	0.00388634546595	0.00326471587942	0.00318996001773	0.0	0.00257679562616	0.00245192948924	0.00368534062541	0.00229321791489	0.00222875683178	0.00291080174432	0.00215389404297	0.00834584255629	0.0024918818409	0.00227422158417	0.00241900703536	0.295315302965	0.25913159381	0.15320843158	0.170412734419	0.188472952096	0.188369903703	0.287764970707	0.260604811051	0.17477708293	0.177176556621	0.153729063295	0.275102332361	0.262408838168	0.279134123848	0.246115483583	0.200635172001	0.278655427529	0.183636801753	0.190619980573	0.289577570912	0.18342905516	0.167588869227	0.160029008907	0.219937779223	0.166999001443	0.199625696067	0.283590901467	0.166138012527	0.122384127293	0.160401132962	0.243370766139	0.284365509095	0.16622739412	0.132431036772	0.186709124598	0.152223248814	0.298918201654	0.168218972455	0.188750825269	0.285531859014	0.169502609478	0.212835290122	0.168647931672	0.284686616	0.213317634559	0.175849261727	0.165848082255	0.174098929256	0.174613665734	0.168951155961	0.227655963022	0.158598303214	0.170179126174	0.243083531258	0.160287475305	0.15728914222	0.160384635136	0.183016442054	0.180782556174	0.142300276821	0.175222264131	0.182616318578	0.163376971208	0.163496955399	0.29427211904	0.261946306151	0.156129724939	0.156404270556	0.149141027646	0.174841429742	0.161412325455	0.176791735666	0.161003732488	0.292899866637	0.166454784192	0.174643964395	0.179956495362	0.214133968037	0.168953096197	0.195950327976	0.179833205249	0.157123256143	0.164703057532	0.157185373463	0.173815522628	0.180024344739	0.201771240123	0.167461216184	0.181563883565	0.153281945218	0.16242334075	0.145898516404	0.163094125237	0.156843201711	0.201211201946	0.161168925974	0.164618102169	0.222964290303	0.187310437805	0.141296582445	0.149136639556	0.247664236478	0.246700356258	0.174616108068	0.173705967225	0.166756836122	0.165964953963	0.161030387776	0.151579587216	0.311495666481	0.160197213781	0.295844148241	0.297210432637	0.256157146501	0.175559627545	0.299639743751	0.177639438997	0.289217122406	0.175324237393	0.171908617469	0.16158327866	0.16043875868	0.172511427124	0.15271665299	0.297114756084	0.30050299743	0.172668297958	0.248139167246
BYQ_AAAS.snv.bam	0.19575703152	0.161625744941	0.296239950994	0.159330123974	0.00130223592036	0.00509202909422	0.000749750843532	0.00293952594793	0.00240865350415	0.00164259417809	0.0012744868797	0.00257679562616	0.0	0.000986517116055	0.00234792668316	0.00100332926272	0.00079510684727	0.00178565224297	0.00042821902578	0.00750288427071	0.00108910522424	0.000764379632287	0.000917694852704	0.298790413601	0.261633711754	0.156015217057	0.171729093656	0.187594423989	0.189510475371	0.290658181885	0.258782627075	0.177679952725	0.179563972944	0.158684529424	0.276465005287	0.260731013499	0.277318691029	0.249422223835	0.200024655102	0.275028849004	0.181132235454	0.19239316962	0.292941662779	0.186219653006	0.173952085479	0.164471844192	0.218555036226	0.170542357884	0.199972670946	0.281351692534	0.166780506779	0.123070099452	0.166654676875	0.24034263399	0.286727004583	0.168200826794	0.135357756474	0.189215520609	0.155807760146	0.298374825969	0.170833522632	0.193670416555	0.28638424229	0.174094995016	0.213363132374	0.171117253126	0.281084723847	0.212554727914	0.175138737583	0.169351132324	0.176641512953	0.174127709069	0.168305360499	0.228823971688	0.159899173674	0.176394283029	0.243737479058	0.164082383696	0.162916637362	0.164753960784	0.1821598814	0.185667552447	0.14933775941	0.173122492233	0.184612518535	0.165000758831	0.163154803852	0.297305054463	0.260622063469	0.155333661875	0.160011129649	0.153049587658	0.179374018261	0.164516743542	0.178909095974	0.165600438392	0.289918691916	0.172511579463	0.175920559218	0.185839746186	0.217065335597	0.17321852914	0.198803447151	0.185782889681	0.159890594411	0.170093760835	0.162899649558	0.176925694626	0.182122664106	0.204925062026	0.166903758002	0.178749337272	0.157871473076	0.166989792932	0.152478088884	0.165991370857	0.161433402187	0.204457139957	0.167789040579	0.167492307547	0.225491703361	0.191754310238	0.145839110913	0.154354019462	0.246265238552	0.24710717783	0.178951131232	0.175287722138	0.170899179945	0.169592347721	0.1615331231	0.155194116075	0.31387105913	0.164430358666	0.296725540428	0.299960852508	0.254716303412	0.180465568253	0.300360043363	0.176159250963	0.289512356438	0.174103719914	0.176635940322	0.167055320869	0.160615252202	0.174632819878	0.15619323165	0.301567044425	0.303054500707	0.176835494883	0.248212216612
BYQ_AAAT.snv.bam	0.197152890801	0.16322082925	0.29754170788	0.161176720486	0.00118432715962	0.00497340283596	0.000680619390623	0.00271413622184	0.00229026738001	0.00179503936752	0.00148989982336	0.00245192948924	0.000986517116055	0.0	0.00250068298522	0.00080596905165	0.000678607354591	0.00166678487442	0.000580354367261	0.00751951825717	0.00107262450999	0.000659204501777	0.000758279132086	0.300084094556	0.263196362251	0.157400486702	0.173679142161	0.189504782881	0.191185290756	0.291961841349	0.259983808286	0.179352085028	0.181206231087	0.160221433311	0.277819690083	0.261920509104	0.279217242926	0.25072420319	0.201723024917	0.276254771402	0.182575297951	0.194146548271	0.294057712926	0.187863965007	0.175542873647	0.166075154557	0.220092076358	0.171777530212	0.201280377474	0.282858963697	0.168593369449	0.123138989365	0.168177051603	0.242474269281	0.287932094328	0.170105505716	0.136614383456	0.190572467774	0.157953452246	0.299509410919	0.172373522025	0.195189052202	0.287860660782	0.175495832844	0.214738022366	0.172626033929	0.282187861073	0.214036693499	0.176947913675	0.171010395591	0.178299469564	0.175840291383	0.170076091713	0.230553478058	0.161642927581	0.177890639431	0.245067681526	0.165851734582	0.164471632771	0.166659628445	0.183585992218	0.187163401632	0.15132095659	0.174736964947	0.186422442906	0.166933204055	0.165132307671	0.298620750485	0.262148431035	0.156978310489	0.161716772064	0.15449189476	0.180737212946	0.165713086138	0.180642993505	0.167205111651	0.291005070207	0.173874445665	0.177361625894	0.187236726733	0.218673142987	0.174851845374	0.200401265796	0.187220324521	0.161411848397	0.171589730967	0.164229157516	0.178308430476	0.183660697746	0.206647198973	0.168839533471	0.179999746335	0.159197203346	0.168870358863	0.154029991397	0.167887104781	0.162683024397	0.206112886013	0.169720496107	0.169491810243	0.22715914842	0.193373852493	0.147730125275	0.155972507224	0.247537678761	0.248967728913	0.180525475416	0.177124483934	0.172670909506	0.171161551858	0.163399823582	0.156933242759	0.314868139967	0.166129648299	0.29788882402	0.301067225888	0.255633199565	0.18207938349	0.301499980902	0.177738482378	0.290864775706	0.175464956589	0.177913142925	0.168829218042	0.161935406358	0.176125313286	0.157225271583	0.302818866626	0.304315268131	0.178490203432	0.249445496227
BYQ_AAAU.snv.bam	0.194051549967	0.162234917874	0.292331450305	0.157203497566	0.00256678761782	0.00641124172666	0.00220580490262	0.00449202846159	0.00398130992621	0.00304133256348	0.00274012047996	0.00368534062541	0.00234792668316	0.00250068298522	0.0	0.00241698634699	0.00225416393607	0.00282257267552	0.00194979318271	0.00853489398838	0.00260909483835	0.00227265205801	0.00243491132766	0.296294035973	0.258093119146	0.152590415924	0.169793258615	0.185436725737	0.18797311004	0.287563359984	0.257559819146	0.181171994803	0.178963932187	0.154209581046	0.273307683999	0.262421027761	0.274884539328	0.246274528327	0.198847610577	0.275960864009	0.1790690959	0.191431692059	0.289737267949	0.189686904623	0.171655454451	0.160188371474	0.216180321036	0.167210597828	0.199335769778	0.285825134856	0.16393485068	0.12646233857	0.163059986122	0.241814342548	0.285647343951	0.166202555947	0.13099679963	0.187945511952	0.154867704084	0.3018432279	0.168248355033	0.191415162505	0.284708569641	0.171246911155	0.210579450971	0.167274524994	0.281514177971	0.21273629206	0.170639444234	0.167667116138	0.175854679782	0.169836096712	0.165865599971	0.229283040458	0.1605933778	0.172362439314	0.243172741244	0.165268647935	0.159858125412	0.161422644753	0.180163734576	0.183906568866	0.145734858353	0.172173167961	0.18362710035	0.162918022417	0.159993350487	0.294364155121	0.259394005966	0.155497091392	0.156493049199	0.148566759862	0.177004138502	0.16286212561	0.177772782638	0.164236259996	0.288575278027	0.170793224129	0.171844215791	0.185972795305	0.21366807829	0.172558309292	0.19769012745	0.183368428938	0.154492303165	0.165213782675	0.161228856504	0.176032341841	0.181288089706	0.203546162077	0.167093299976	0.176627458173	0.154139182484	0.16417777299	0.150921319239	0.163049379764	0.156761688209	0.204339874385	0.164188960856	0.162534999015	0.222634287018	0.188999707145	0.14088048487	0.150955760785	0.246078707831	0.248274381724	0.17606064711	0.17394694726	0.16641418924	0.164670478708	0.160315643726	0.150932785908	0.310690196747	0.160342586544	0.293730968701	0.296633905652	0.254114371008	0.177962069208	0.299742393774	0.174088027136	0.285841470706	0.17141552402	0.173591361164	0.165691475925	0.161257866833	0.170316719011	0.151965181437	0.29894993203	0.300829538411	0.171880324755	0.246969982397
BYQ_AAAV.snv.bam	0.196740848844	0.160806803143	0.297005813618	0.156593783851	0.00119811632367	0.00491863242782	0.000696343418029	0.00282856177421	0.00231331013941	0.00181146732551	0.00161627450743	0.00229321791489	0.00100332926272	0.00080596905165	0.00241698634699	0.0	0.000692980089813	0.00168265581824	0.000590585624062	0.00714606075443	0.0010050101614	0.000623791778661	0.000809333175559	0.298716122867	0.261672388969	0.152906615386	0.173192607229	0.187138936452	0.190774256354	0.290374027528	0.257064247473	0.178885508383	0.176939005174	0.156466387165	0.276198695095	0.25947771407	0.277361601967	0.248862788901	0.201152635609	0.273607215611	0.181899906175	0.191691664512	0.292809399816	0.187419609834	0.170993734616	0.161581340282	0.219800566612	0.168127893145	0.200640076045	0.281343984691	0.16584748966	0.123318358618	0.16570845633	0.241759285505	0.286674127344	0.165530016437	0.132069191433	0.186622942575	0.154665807843	0.298100048841	0.168237152041	0.192860432196	0.286256467017	0.171244693261	0.213546020604	0.170369268287	0.279070119824	0.213484006739	0.176490898662	0.167492403966	0.174002920474	0.175271319984	0.169507425774	0.2276455036	0.15912193902	0.172284603804	0.241000282881	0.165138511051	0.159986436238	0.16352219458	0.183366470116	0.184019889256	0.146838535652	0.174260231196	0.182268136642	0.166532620749	0.164072654089	0.296468489203	0.260604491376	0.154404744926	0.158628959201	0.150784353394	0.176417625149	0.161284940756	0.17630334012	0.162885098423	0.287877272516	0.170846603784	0.176967080535	0.185097774486	0.216342572284	0.171989127431	0.198595833534	0.184876492398	0.158492006197	0.167567036044	0.160590867845	0.174086668627	0.179637679894	0.203577153564	0.166535083442	0.179942040386	0.155378848116	0.166166797361	0.151543211256	0.165380746695	0.158343676784	0.202178605936	0.164391647349	0.167483431107	0.223975611832	0.189639230855	0.145411457053	0.153280624973	0.246902149954	0.247325661089	0.178278000795	0.174686229643	0.16858198598	0.17018322048	0.162906236067	0.152681138283	0.313660711972	0.161756007872	0.296501804228	0.299700309197	0.255096884657	0.177522627776	0.300289839763	0.177060387182	0.289452486896	0.174709118235	0.173645662864	0.166738782297	0.15974699779	0.175156523855	0.153242139024	0.301513920914	0.303123819818	0.174193308943	0.246125364675
