	158155345-tonguedorsum2.snv.bam	158256496-tonguedorsum2.snv.bam	158458797-tonguedorsum1.snv.bam	158499257-tonguedorsum1.snv.bam	159207311-tonguedorsum3.snv.bam	159247771-tonguedorsum2.snv.bam	159551223-tonguedorsum1.snv.bam	159571453-tonguedorsum1.snv.bam	160603188-tonguedorsum2.snv.bam	160603188-tonguedorsum3.snv.bam	160643649-tonguedorsum1.snv.bam	160704339-tonguedorsum1.snv.bam	375450439-tonguedorsum3.snv.bam	663835652-tonguedorsum2.snv.bam	763395383-anteriornares3.snv.bam	763577454-tonguedorsum1.snv.bam	763577454-tonguedorsum2.snv.bam	763961826-tonguedorsum1.snv.bam	763961826-tonguedorsum2.snv.bam	763982056-tonguedorsum3.snv.bam	764042746-tonguedorsum1.snv.bam	764042746-tonguedorsum2.snv.bam	764062976-tonguedorsum2.snv.bam	764143897-tonguedorsum1.snv.bam	764285508-tonguedorsum1.snv.bam	764325968-tonguedorsum1.snv.bam	764325968-tonguedorsum2.snv.bam	764588959-tonguedorsum2.snv.bam	764811490-tonguedorsum1.snv.bam	764811490-tonguedorsum2.snv.bam	764892411-tonguedorsum2.snv.bam	765013792-tonguedorsum3.snv.bam	765074482-tonguedorsum1.snv.bam	765074482-tonguedorsum3.snv.bam	765155402-tonguedorsum3.snv.bam	765195863-tonguedorsum3.snv.bam	765216093-tonguedorsum3.snv.bam	765640925-tonguedorsum1.snv.bam	823052294-tonguedorsum1.snv.bam	823052294-tonguedorsum3.snv.bam
158155345-tonguedorsum2.snv.bam	0.0	0.182339357123	0.14743266077	0.177065134207	0.20757012566	0.154818449026	0.156998404208	0.183984774749	0.150384295169	0.144758851646	0.137266591737	0.155555866456	0.166794922251	0.128542319962	0.167141282126	0.132949054046	0.144615357637	0.152377379511	0.153596758633	0.187863039286	0.136962956432	0.148800826874	0.135435918555	0.222532222211	0.149739575483	0.1318849394	0.139140895115	0.147540622012	0.144799070108	0.121512147137	0.134215692215	0.154470451415	0.123028611001	0.134047359659	0.125345803522	0.141040691503	0.146159142007	0.118544679451	0.162684274521	0.152150694061
158256496-tonguedorsum2.snv.bam	0.182339357123	0.0	0.153238280442	0.168493284475	0.163728842157	0.162891411996	0.167090459556	0.202218874653	0.159765600883	0.179375652871	0.154686784205	0.157666969299	0.158196495995	0.154075379436	0.183489842356	0.144071111562	0.154352596329	0.166362295224	0.155778986933	0.146413612815	0.164859486394	0.169197532187	0.140711846207	0.207244874112	0.165003090277	0.132712728959	0.139522621018	0.14291691243	0.140132848904	0.132550214067	0.143311919792	0.150053301238	0.157068848381	0.165609919152	0.148167638132	0.154276615919	0.160574868978	0.154456497036	0.18580814107	0.153666113268
158458797-tonguedorsum1.snv.bam	0.14743266077	0.153238280442	0.0	0.147310363879	0.161081797709	0.137980736076	0.149315710348	0.1621289755	0.135686397084	0.149636314742	0.09878349376	0.158406333407	0.167043728103	0.135060833062	0.159718175291	0.0983532830439	0.129175059718	0.131547689458	0.133863936378	0.173447973483	0.12488747726	0.130768468778	0.129620642596	0.174299245788	0.142070945458	0.091881651425	0.106619928699	0.12875338577	0.135843088235	0.113531127435	0.082198595704	0.111307849899	0.112914989982	0.132813244096	0.142367481711	0.125525059117	0.140750658431	0.129821373068	0.164670270732	0.135381338158
158499257-tonguedorsum1.snv.bam	0.177065134207	0.168493284475	0.147310363879	0.0	0.167624416518	0.143979120207	0.161143999987	0.18797687665	0.129158313234	0.144598585232	0.142871541792	0.142289174291	0.13101027501	0.151456526471	0.168965205674	0.13311143631	0.153190079104	0.14215391865	0.146067184407	0.158679776011	0.126849530684	0.129009663807	0.149641072	0.183594188184	0.172730709903	0.134102873837	0.120954128979	0.148923617732	0.127828853948	0.127518669103	0.139113327464	0.135230025089	0.133708496267	0.138921345659	0.145946353563	0.14169725164	0.153568502972	0.139722392539	0.150304436562	0.134760888685
159207311-tonguedorsum3.snv.bam	0.20757012566	0.163728842157	0.161081797709	0.167624416518	0.0	0.172695377412	0.187685274434	0.224298956399	0.159895679299	0.189342056184	0.153469235695	0.180366826011	0.174057499307	0.190257523702	0.185415911044	0.169248588351	0.176720987642	0.185532034504	0.176980883887	0.187895392929	0.172396116385	0.174857023565	0.17646467592	0.201808350236	0.192428087167	0.159550193331	0.163577357474	0.155320299703	0.182077530158	0.164283496101	0.156249523022	0.14734744348	0.175074861009	0.175517988308	0.175887326532	0.177364244349	0.170480374969	0.173522053549	0.200528774118	0.17711314098
159247771-tonguedorsum2.snv.bam	0.154818449026	0.162891411996	0.137980736076	0.143979120207	0.172695377412	0.0	0.142087120231	0.182304319648	0.145830143712	0.154376912294	0.11846452712	0.123008373771	0.166100059293	0.144012483854	0.136197307852	0.1136960663	0.12479884694	0.122852512922	0.112602186055	0.158017126569	0.133604459674	0.136929177365	0.132791353797	0.181904081481	0.151487326133	0.109381217512	0.110601451789	0.119545918452	0.14202818593	0.131968711424	0.134359714808	0.138226744795	0.121047649929	0.127107841963	0.12703476756	0.128438632876	0.129291587533	0.131319935713	0.122036063931	0.107395250252
159551223-tonguedorsum1.snv.bam	0.156998404208	0.167090459556	0.149315710348	0.161143999987	0.187685274434	0.142087120231	0.0	0.193942785805	0.144556651081	0.148209657446	0.142393414398	0.164741175772	0.181135916321	0.157424701024	0.160709603689	0.151236861356	0.160739436006	0.128990313544	0.136317512665	0.184198069549	0.159233547556	0.163218854038	0.117402403398	0.219279230168	0.174517273725	0.148662371822	0.142346928706	0.152886150441	0.131618675062	0.129978379231	0.15193560329	0.152669159293	0.141195024458	0.142205634586	0.150965324488	0.129994381234	0.153620448277	0.142168055278	0.162528478281	0.154872564329
159571453-tonguedorsum1.snv.bam	0.183984774749	0.202218874653	0.1621289755	0.18797687665	0.224298956399	0.182304319648	0.193942785805	0.0	0.16627031749	0.138325774582	0.178813584902	0.185263536224	0.179126413724	0.158186894923	0.213517520643	0.150000166111	0.126015014742	0.158749573216	0.157183457855	0.199111966698	0.166620619725	0.172703281567	0.15282289974	0.213652717957	0.178215493664	0.152627476867	0.149349067922	0.16126637372	0.157969398163	0.136540704993	0.157421067514	0.175630710008	0.165480023143	0.18152369002	0.181277193395	0.158102361109	0.179029178942	0.168331773333	0.197003680029	0.153877781183
160603188-tonguedorsum2.snv.bam	0.150384295169	0.159765600883	0.135686397084	0.129158313234	0.159895679299	0.145830143712	0.144556651081	0.16627031749	0.0	0.0728733408034	0.14865287514	0.153603724808	0.139317034888	0.146936182745	0.164805760902	0.130770004585	0.135857100098	0.13425252708	0.131502564992	0.14210253779	0.149775376897	0.15473430852	0.136408737751	0.187847240599	0.152033593881	0.126976218157	0.112072943637	0.132996647919	0.143475714097	0.124652260927	0.133172263137	0.136418358965	0.113089406937	0.117169273969	0.136584892921	0.112058319436	0.140951644061	0.12949290197	0.15067684005	0.127807995357
160603188-tonguedorsum3.snv.bam	0.144758851646	0.179375652871	0.149636314742	0.144598585232	0.189342056184	0.154376912294	0.148209657446	0.138325774582	0.0728733408034	0.0	0.1580576656	0.160350507701	0.147718610757	0.144960150468	0.170986616522	0.14309735116	0.136414416733	0.135179971459	0.142315969383	0.157424280428	0.154182352393	0.158547455869	0.137513950014	0.189196936034	0.160836303573	0.135978154126	0.128159654097	0.139253354184	0.146802283711	0.127187427797	0.142693222217	0.142757385889	0.124045403127	0.133961953894	0.143474652507	0.121404376827	0.147760291577	0.132544423892	0.157548031747	0.130481828817
160643649-tonguedorsum1.snv.bam	0.137266591737	0.154686784205	0.09878349376	0.142871541792	0.153469235695	0.11846452712	0.142393414398	0.178813584902	0.14865287514	0.1580576656	0.0	0.151300841225	0.178028069697	0.133946402797	0.134750641458	0.0952994097412	0.123412655054	0.135764946495	0.138592954742	0.1757087823	0.121844783814	0.127213022298	0.127296580054	0.177261986738	0.139187795502	0.107372702969	0.114238736184	0.136638626582	0.139983341723	0.11352827035	0.0968692222942	0.101517796001	0.122859381104	0.124098338706	0.130875391281	0.132119610915	0.11911673818	0.123764289984	0.156332839273	0.144450016434
160704339-tonguedorsum1.snv.bam	0.155555866456	0.157666969299	0.158406333407	0.142289174291	0.180366826011	0.123008373771	0.164741175772	0.185263536224	0.153603724808	0.160350507701	0.151300841225	0.0	0.168745682896	0.112492192627	0.182393030229	0.117344639982	0.128477614131	0.141773720491	0.140676443262	0.166884143598	0.124977227456	0.124966484918	0.146729189777	0.190053838642	0.170615384866	0.107079654585	0.11924018422	0.107115656952	0.136288105348	0.139141584489	0.132753331339	0.142702554099	0.124620372987	0.14788265143	0.154319602762	0.137527018272	0.153523487559	0.116602911784	0.169645361522	0.105807854973
375450439-tonguedorsum3.snv.bam	0.166794922251	0.158196495995	0.167043728103	0.13101027501	0.174057499307	0.166100059293	0.181135916321	0.179126413724	0.139317034888	0.147718610757	0.178028069697	0.168745682896	0.0	0.142022881546	0.157758635205	0.152307289528	0.160224973666	0.150057246633	0.139978922513	0.131958069933	0.141809767747	0.131914154405	0.166076689216	0.169469660384	0.166956720068	0.144381333036	0.138504121432	0.148427984185	0.140380724098	0.128255951443	0.152012013032	0.154788633055	0.140120182674	0.149281644006	0.124194313055	0.139300475484	0.165608752357	0.148970761904	0.138704703635	0.139366298238
663835652-tonguedorsum2.snv.bam	0.128542319962	0.154075379436	0.135060833062	0.151456526471	0.190257523702	0.144012483854	0.157424701024	0.158186894923	0.146936182745	0.144960150468	0.133946402797	0.112492192627	0.142022881546	0.0	0.166920498774	0.104251767872	0.099149899571	0.135546354128	0.137107580662	0.170235475561	0.116891650381	0.120872831873	0.137957308971	0.185790731237	0.143241296705	0.105623987067	0.120481893377	0.117328798714	0.111391384281	0.114003664928	0.124598621292	0.134172226867	0.121971930732	0.140266932865	0.135657420921	0.115056900559	0.12223699991	0.105659221298	0.158614365473	0.114552862297
763395383-anteriornares3.snv.bam	0.167141282126	0.183489842356	0.159718175291	0.168965205674	0.185415911044	0.136197307852	0.160709603689	0.213517520643	0.164805760902	0.170986616522	0.134750641458	0.182393030229	0.157758635205	0.166920498774	0.0	0.13653129332	0.144044500072	0.162303873203	0.164107017599	0.1649041036	0.150518439448	0.151026154326	0.161889430979	0.179844054599	0.17019519157	0.153569420365	0.15601859725	0.173712801214	0.166401194788	0.147648319819	0.163021121428	0.156119916507	0.136690504709	0.128986962745	0.129930691542	0.158648115699	0.135560174171	0.155967507687	0.146334143134	0.157501446369
763577454-tonguedorsum1.snv.bam	0.132949054046	0.144071111562	0.0983532830439	0.13311143631	0.169248588351	0.1136960663	0.151236861356	0.150000166111	0.130770004585	0.14309735116	0.0952994097412	0.117344639982	0.152307289528	0.104251767872	0.13653129332	0.0	0.0799195552877	0.101919605876	0.102626622476	0.166997753181	0.103110251321	0.112185396006	0.121332804822	0.159449277317	0.12837110154	0.0832176360826	0.0886316131173	0.107475245544	0.1142565328	0.0971808067396	0.0817898928254	0.106659478335	0.102277956348	0.118263446474	0.126930641063	0.113023367524	0.109710258156	0.103595624421	0.14199161177	0.108293855247
763577454-tonguedorsum2.snv.bam	0.144615357637	0.154352596329	0.129175059718	0.153190079104	0.176720987642	0.12479884694	0.160739436006	0.126015014742	0.135857100098	0.136414416733	0.123412655054	0.128477614131	0.160224973666	0.099149899571	0.144044500072	0.0799195552877	0.0	0.125054354638	0.12794331302	0.178729069458	0.131756572404	0.136616961704	0.12385193057	0.183782631222	0.155551466132	0.108101782103	0.115531331082	0.125617274667	0.120079877769	0.109381879554	0.118712639236	0.131403039657	0.125742383362	0.144517930363	0.134101002936	0.124934768754	0.117319209607	0.115980051451	0.151079401119	0.116481982931
763961826-tonguedorsum1.snv.bam	0.152377379511	0.166362295224	0.131547689458	0.14215391865	0.185532034504	0.122852512922	0.128990313544	0.158749573216	0.13425252708	0.135179971459	0.135764946495	0.141773720491	0.150057246633	0.135546354128	0.162303873203	0.101919605876	0.125054354638	0.0	0.0505391719746	0.167244557425	0.131481297091	0.134095552891	0.113376467684	0.189132942961	0.130880593854	0.106748786774	0.106724201212	0.113480401649	0.128198895645	0.118158184068	0.112809319283	0.115080345943	0.120927441627	0.142470066364	0.122635930415	0.113078588562	0.134132485972	0.12484130825	0.140295197526	0.122576464602
763961826-tonguedorsum2.snv.bam	0.153596758633	0.155778986933	0.133863936378	0.146067184407	0.176980883887	0.112602186055	0.136317512665	0.157183457855	0.131502564992	0.142315969383	0.138592954742	0.140676443262	0.139978922513	0.137107580662	0.164107017599	0.102626622476	0.12794331302	0.0505391719746	0.0	0.147530828979	0.128812148494	0.132356715427	0.112966339903	0.18508059285	0.129540733895	0.107038531338	0.103916165739	0.0977653751489	0.133576149932	0.120333463862	0.107170066335	0.114117026946	0.114244474389	0.134363365042	0.118370003113	0.108309773693	0.134865703118	0.127941868323	0.14266905561	0.114828712268
763982056-tonguedorsum3.snv.bam	0.187863039286	0.146413612815	0.173447973483	0.158679776011	0.187895392929	0.158017126569	0.184198069549	0.199111966698	0.14210253779	0.157424280428	0.1757087823	0.166884143598	0.131958069933	0.170235475561	0.1649041036	0.166997753181	0.178729069458	0.167244557425	0.147530828979	0.0	0.158793150356	0.159357155415	0.17822410649	0.185710334742	0.140170493343	0.144605705417	0.143909357631	0.155405991653	0.168604491618	0.151212389563	0.147182331818	0.149197576814	0.164552723761	0.164361657195	0.147941024904	0.149234732203	0.170051255368	0.153046037872	0.152048684872	0.136885862675
764042746-tonguedorsum1.snv.bam	0.136962956432	0.164859486394	0.12488747726	0.126849530684	0.172396116385	0.133604459674	0.159233547556	0.166620619725	0.149775376897	0.154182352393	0.121844783814	0.124977227456	0.141809767747	0.116891650381	0.150518439448	0.103110251321	0.131756572404	0.131481297091	0.128812148494	0.158793150356	0.0	0.0283715530663	0.131231932493	0.171372233449	0.13539179064	0.107579270956	0.110981486678	0.114408664642	0.115902049011	0.107719709158	0.104259531681	0.132399151527	0.112559480381	0.138613036384	0.130809814814	0.119473323406	0.137170883064	0.114715666367	0.13202998926	0.107893085981
764042746-tonguedorsum2.snv.bam	0.148800826874	0.169197532187	0.130768468778	0.129009663807	0.174857023565	0.136929177365	0.163218854038	0.172703281567	0.15473430852	0.158547455869	0.127213022298	0.124966484918	0.131914154405	0.120872831873	0.151026154326	0.112185396006	0.136616961704	0.134095552891	0.132356715427	0.159357155415	0.0283715530663	0.0	0.138379299244	0.159051052046	0.130434287523	0.105417736733	0.1137932045	0.111683560718	0.123765692725	0.113229109071	0.107654567837	0.13545872356	0.116837829632	0.142002956498	0.13696977415	0.124057601936	0.137957439531	0.121717391769	0.126266308345	0.104135228195
764062976-tonguedorsum2.snv.bam	0.135435918555	0.140711846207	0.129620642596	0.149641072	0.17646467592	0.132791353797	0.117402403398	0.15282289974	0.136408737751	0.137513950014	0.127296580054	0.146729189777	0.166076689216	0.137957308971	0.161889430979	0.121332804822	0.12385193057	0.113376467684	0.112966339903	0.17822410649	0.131231932493	0.138379299244	0.0	0.196791313159	0.133189116789	0.12123385933	0.115576380167	0.1215420049	0.0980680655738	0.0878608940827	0.120844138283	0.129489898963	0.126261727881	0.13252106949	0.136503162814	0.0955766239184	0.128340459557	0.125348083164	0.155220205561	0.128912553708
764143897-tonguedorsum1.snv.bam	0.222532222211	0.207244874112	0.174299245788	0.183594188184	0.201808350236	0.181904081481	0.219279230168	0.213652717957	0.187847240599	0.189196936034	0.177261986738	0.190053838642	0.169469660384	0.185790731237	0.179844054599	0.159449277317	0.183782631222	0.189132942961	0.18508059285	0.185710334742	0.171372233449	0.159051052046	0.196791313159	0.0	0.187401252524	0.161582907968	0.17355746753	0.1754509612	0.190918966421	0.15862417023	0.163667131533	0.17281576859	0.172093127608	0.179986580262	0.190401614309	0.183214108519	0.153059817449	0.184504226094	0.162349488518	0.159696435706
764285508-tonguedorsum1.snv.bam	0.149739575483	0.165003090277	0.142070945458	0.172730709903	0.192428087167	0.151487326133	0.174517273725	0.178215493664	0.152033593881	0.160836303573	0.139187795502	0.170615384866	0.166956720068	0.143241296705	0.17019519157	0.12837110154	0.155551466132	0.130880593854	0.129540733895	0.140170493343	0.13539179064	0.130434287523	0.133189116789	0.187401252524	0.0	0.123899353434	0.124582043024	0.143313791571	0.133417057395	0.112499509436	0.11451144293	0.147049587231	0.143304209124	0.151060609153	0.132078281895	0.114343635237	0.141089160881	0.135077359661	0.147524657419	0.137879945676
764325968-tonguedorsum1.snv.bam	0.1318849394	0.132712728959	0.091881651425	0.134102873837	0.159550193331	0.109381217512	0.148662371822	0.152627476867	0.126976218157	0.135978154126	0.107372702969	0.107079654585	0.144381333036	0.105623987067	0.153569420365	0.0832176360826	0.108101782103	0.106748786774	0.107038531338	0.144605705417	0.107579270956	0.105417736733	0.12123385933	0.161582907968	0.123899353434	0.0	0.073800106458	0.0803185885335	0.108833329215	0.0998999045276	0.0758744595471	0.0967991414657	0.0979799604419	0.123979686994	0.117356058537	0.106735685907	0.114114495888	0.109453838056	0.135345022797	0.0898226759116
764325968-tonguedorsum2.snv.bam	0.139140895115	0.139522621018	0.106619928699	0.120954128979	0.163577357474	0.110601451789	0.142346928706	0.149349067922	0.112072943637	0.128159654097	0.114238736184	0.11924018422	0.138504121432	0.120481893377	0.15601859725	0.0886316131173	0.115531331082	0.106724201212	0.103916165739	0.143909357631	0.110981486678	0.1137932045	0.115576380167	0.17355746753	0.124582043024	0.073800106458	0.0	0.093984501432	0.114291736283	0.10241265303	0.0886701434949	0.109643003459	0.100671817561	0.128340670149	0.11023500744	0.0968179463484	0.127455316541	0.114265052063	0.134095362479	0.0996230809583
764588959-tonguedorsum2.snv.bam	0.147540622012	0.14291691243	0.12875338577	0.148923617732	0.155320299703	0.119545918452	0.152886150441	0.16126637372	0.132996647919	0.139253354184	0.136638626582	0.107115656952	0.148427984185	0.117328798714	0.173712801214	0.107475245544	0.125617274667	0.113480401649	0.0977653751489	0.155405991653	0.114408664642	0.111683560718	0.1215420049	0.1754509612	0.143313791571	0.0803185885335	0.093984501432	0.0	0.117675640715	0.116747497721	0.106469828245	0.114111576068	0.116775350993	0.140088493358	0.128807941502	0.113717361904	0.133068026336	0.118535016267	0.152232834734	0.0942386738078
764811490-tonguedorsum1.snv.bam	0.144799070108	0.140132848904	0.135843088235	0.127828853948	0.182077530158	0.14202818593	0.131618675062	0.157969398163	0.143475714097	0.146802283711	0.139983341723	0.136288105348	0.140380724098	0.111391384281	0.166401194788	0.1142565328	0.120079877769	0.128198895645	0.133576149932	0.168604491618	0.115902049011	0.123765692725	0.0980680655738	0.190918966421	0.133417057395	0.108833329215	0.114291736283	0.117675640715	0.0	0.0643492542888	0.124552136431	0.131922447123	0.125681949085	0.130301295325	0.126383612472	0.0977102459011	0.132880938119	0.105839717502	0.141729920815	0.110698168446
764811490-tonguedorsum2.snv.bam	0.121512147137	0.132550214067	0.113531127435	0.127518669103	0.164283496101	0.131968711424	0.129978379231	0.136540704993	0.124652260927	0.127187427797	0.11352827035	0.139141584489	0.128255951443	0.114003664928	0.147648319819	0.0971808067396	0.109381879554	0.118158184068	0.120333463862	0.151212389563	0.107719709158	0.113229109071	0.0878608940827	0.15862417023	0.112499509436	0.0998999045276	0.10241265303	0.116747497721	0.0643492542888	0.0	0.104556923946	0.109344522131	0.110028904658	0.119963312667	0.112568025193	0.0875970827824	0.118180560159	0.0955976167762	0.13305711966	0.103636817635
764892411-tonguedorsum2.snv.bam	0.134215692215	0.143311919792	0.082198595704	0.139113327464	0.156249523022	0.134359714808	0.15193560329	0.157421067514	0.133172263137	0.142693222217	0.0968692222942	0.132753331339	0.152012013032	0.124598621292	0.163021121428	0.0817898928254	0.118712639236	0.112809319283	0.107170066335	0.147182331818	0.104259531681	0.107654567837	0.120844138283	0.163667131533	0.11451144293	0.0758744595471	0.0886701434949	0.106469828245	0.124552136431	0.104556923946	0.0	0.0885960957947	0.116020350242	0.139870312866	0.126578970682	0.101989878077	0.1312489958	0.120284263207	0.148666047044	0.12154456731
765013792-tonguedorsum3.snv.bam	0.154470451415	0.150053301238	0.111307849899	0.135230025089	0.14734744348	0.138226744795	0.152669159293	0.175630710008	0.136418358965	0.142757385889	0.101517796001	0.142702554099	0.154788633055	0.134172226867	0.156119916507	0.106659478335	0.131403039657	0.115080345943	0.114117026946	0.149197576814	0.132399151527	0.13545872356	0.129489898963	0.17281576859	0.147049587231	0.0967991414657	0.109643003459	0.114111576068	0.131922447123	0.109344522131	0.0885960957947	0.0	0.125797991679	0.147443879982	0.131545705109	0.11293391455	0.13095108538	0.1270146263	0.166325240431	0.131367416038
765074482-tonguedorsum1.snv.bam	0.123028611001	0.157068848381	0.112914989982	0.133708496267	0.175074861009	0.121047649929	0.141195024458	0.165480023143	0.113089406937	0.124045403127	0.122859381104	0.124620372987	0.140120182674	0.121971930732	0.136690504709	0.102277956348	0.125742383362	0.120927441627	0.114244474389	0.164552723761	0.112559480381	0.116837829632	0.126261727881	0.172093127608	0.143304209124	0.0979799604419	0.100671817561	0.116775350993	0.125681949085	0.110028904658	0.116020350242	0.125797991679	0.0	0.0675495679193	0.128351966294	0.107830093526	0.115680199941	0.111248815473	0.137708496778	0.112255647858
765074482-tonguedorsum3.snv.bam	0.134047359659	0.165609919152	0.132813244096	0.138921345659	0.175517988308	0.127107841963	0.142205634586	0.18152369002	0.117169273969	0.133961953894	0.124098338706	0.14788265143	0.149281644006	0.140266932865	0.128986962745	0.118263446474	0.144517930363	0.142470066364	0.134363365042	0.164361657195	0.138613036384	0.142002956498	0.13252106949	0.179986580262	0.151060609153	0.123979686994	0.128340670149	0.140088493358	0.130301295325	0.119963312667	0.139870312866	0.147443879982	0.0675495679193	0.0	0.131532564769	0.12913190054	0.126217336369	0.129010252759	0.141197901464	0.130572300075
765155402-tonguedorsum3.snv.bam	0.125345803522	0.148167638132	0.142367481711	0.145946353563	0.175887326532	0.12703476756	0.150965324488	0.181277193395	0.136584892921	0.143474652507	0.130875391281	0.154319602762	0.124194313055	0.135657420921	0.129930691542	0.126930641063	0.134101002936	0.122635930415	0.118370003113	0.147941024904	0.130809814814	0.13696977415	0.136503162814	0.190401614309	0.132078281895	0.117356058537	0.11023500744	0.128807941502	0.126383612472	0.112568025193	0.126578970682	0.131545705109	0.128351966294	0.131532564769	0.0	0.126776124402	0.136805198877	0.124352454414	0.129677268141	0.126348564139
765195863-tonguedorsum3.snv.bam	0.141040691503	0.154276615919	0.125525059117	0.14169725164	0.177364244349	0.128438632876	0.129994381234	0.158102361109	0.112058319436	0.121404376827	0.132119610915	0.137527018272	0.139300475484	0.115056900559	0.158648115699	0.113023367524	0.124934768754	0.113078588562	0.108309773693	0.149234732203	0.119473323406	0.124057601936	0.0955766239184	0.183214108519	0.114343635237	0.106735685907	0.0968179463484	0.113717361904	0.0977102459011	0.0875970827824	0.101989878077	0.11293391455	0.107830093526	0.12913190054	0.126776124402	0.0	0.131115618362	0.104106298497	0.141836444957	0.111390083648
765216093-tonguedorsum3.snv.bam	0.146159142007	0.160574868978	0.140750658431	0.153568502972	0.170480374969	0.129291587533	0.153620448277	0.179029178942	0.140951644061	0.147760291577	0.11911673818	0.153523487559	0.165608752357	0.12223699991	0.135560174171	0.109710258156	0.117319209607	0.134132485972	0.134865703118	0.170051255368	0.137170883064	0.137957439531	0.128340459557	0.153059817449	0.141089160881	0.114114495888	0.127455316541	0.133068026336	0.132880938119	0.118180560159	0.1312489958	0.13095108538	0.115680199941	0.126217336369	0.136805198877	0.131115618362	0.0	0.129884972845	0.123597357313	0.122010279751
765640925-tonguedorsum1.snv.bam	0.118544679451	0.154456497036	0.129821373068	0.139722392539	0.173522053549	0.131319935713	0.142168055278	0.168331773333	0.12949290197	0.132544423892	0.123764289984	0.116602911784	0.148970761904	0.105659221298	0.155967507687	0.103595624421	0.115980051451	0.12484130825	0.127941868323	0.153046037872	0.114715666367	0.121717391769	0.125348083164	0.184504226094	0.135077359661	0.109453838056	0.114265052063	0.118535016267	0.105839717502	0.0955976167762	0.120284263207	0.1270146263	0.111248815473	0.129010252759	0.124352454414	0.104106298497	0.129884972845	0.0	0.136466199211	0.0969266343465
823052294-tonguedorsum1.snv.bam	0.162684274521	0.18580814107	0.164670270732	0.150304436562	0.200528774118	0.122036063931	0.162528478281	0.197003680029	0.15067684005	0.157548031747	0.156332839273	0.169645361522	0.138704703635	0.158614365473	0.146334143134	0.14199161177	0.151079401119	0.140295197526	0.14266905561	0.152048684872	0.13202998926	0.126266308345	0.155220205561	0.162349488518	0.147524657419	0.135345022797	0.134095362479	0.152232834734	0.141729920815	0.13305711966	0.148666047044	0.166325240431	0.137708496778	0.141197901464	0.129677268141	0.141836444957	0.123597357313	0.136466199211	0.0	0.0948795119222
823052294-tonguedorsum3.snv.bam	0.152150694061	0.153666113268	0.135381338158	0.134760888685	0.17711314098	0.107395250252	0.154872564329	0.153877781183	0.127807995357	0.130481828817	0.144450016434	0.105807854973	0.139366298238	0.114552862297	0.157501446369	0.108293855247	0.116481982931	0.122576464602	0.114828712268	0.136885862675	0.107893085981	0.104135228195	0.128912553708	0.159696435706	0.137879945676	0.0898226759116	0.0996230809583	0.0942386738078	0.110698168446	0.103636817635	0.12154456731	0.131367416038	0.112255647858	0.130572300075	0.126348564139	0.111390083648	0.122010279751	0.0969266343465	0.0948795119222	0.0
