	CCIS44093303ST-4-0.snv.bam	CCMD40701343ST-21-0.snv.bam	DLF012.snv.bam	ED15A.snv.bam	MMRS62192467ST-27-0-0.snv.bam	MMRS68910755ST-27-0-0.snv.bam	MMRS72980899ST-27-0-0.snv.bam	MMRS85438660ST-27-0-0.snv.bam	NG-5636_317.snv.bam	O2.CD2-0-PT.snv.bam	SAMEA3136635.snv.bam	SAMEA3136636.snv.bam	SAMEA3136657.snv.bam	SAMEA3136677.snv.bam	SAMEA3136690.snv.bam	SAMEA3136692.snv.bam	SAMEA3136702.snv.bam	SZEY-10A.snv.bam	SZEY-35A.snv.bam	T2D-31A.snv.bam	T2D-61A.snv.bam	V1.CD2-0-PN.snv.bam	V1.CD21-0.snv.bam	V1.CD3-0-PN.snv.bam	V1.CD3-0-PT.snv.bam	V1.CD32-0.snv.bam	V1.CD32-4.snv.bam	V1.CD54-0.snv.bam	V1.UC25-1.snv.bam
CCIS44093303ST-4-0.snv.bam	0.0	0.121045832888	0.10250956503	0.137413893296	0.075819957647	0.112068965517	0.113043478261	0.172614274258	0.120152278862	0.130935419159	0.111117362461	0.124012813713	0.0695652173913	0.112397873324	0.147108071904	0.0540637795819	0.141592920354	0.135120629648	0.142158979659	0.0015903686088	0.137358199985	0.143364343296	0.163266119845	0.131968390805	0.173243353071	0.15534051206	0.155971094777	0.146551724138	0.108832586065
CCMD40701343ST-21-0.snv.bam	0.121045832888	0.0	0.114185792851	0.149664997607	0.11699223993	0.132850884189	0.102230123573	0.143779360136	0.137018582398	0.11762605198	0.134763093209	0.142858899033	0.138570471678	0.110623338151	0.119182709515	0.118765931751	0.163834385184	0.127343836102	0.124842437352	0.121028431603	0.135243146971	0.127763587251	0.1452483962	0.13950559953	0.178115108351	0.158411376175	0.162952733159	0.135117789477	0.13129012448
DLF012.snv.bam	0.10250956503	0.114185792851	0.0	0.142390783409	0.100222430731	0.128107928936	0.0778847119288	0.163359612906	0.126607152237	0.117408437834	0.124094946747	0.122395323832	0.107799241843	0.134710985159	0.123033395413	0.0979435161966	0.12782747992	0.129068942901	0.100365979045	0.101515669552	0.13680611286	0.129447794147	0.146642072663	0.124849098989	0.151270018804	0.13415120863	0.143866292684	0.135365698935	0.108899378559
ED15A.snv.bam	0.137413893296	0.149664997607	0.142390783409	0.0	0.130520934151	0.172389040343	0.117282405131	0.186679569497	0.147114719773	0.133599946662	0.136323836937	0.100401661285	0.16074206438	0.104797887577	0.13871429314	0.130033364418	0.172244699162	0.140443838964	0.172320944801	0.134550989671	0.152575388049	0.133412943174	0.1634877065	0.145594168548	0.187336485812	0.159216741851	0.144878055453	0.17561088244	0.133574412986
MMRS62192467ST-27-0-0.snv.bam	0.075819957647	0.11699223993	0.100222430731	0.130520934151	0.0	0.137510477699	0.0959732303202	0.15931773036	0.119392800655	0.124737420856	0.127165833837	0.118136797983	0.0976640515762	0.110548398939	0.142673809758	0.0306066485543	0.141914044235	0.147977462023	0.139371861642	0.0765690966205	0.123971748181	0.12202648536	0.159468835281	0.146283837108	0.186541180205	0.16761092126	0.153806993584	0.143018952276	0.128206017612
MMRS68910755ST-27-0-0.snv.bam	0.112068965517	0.132850884189	0.128107928936	0.172389040343	0.137510477699	0.0	0.128205128205	0.15273945605	0.172375718449	0.141320473988	0.141702541328	0.141092909023	0.17094017094	0.1425897235	0.161563867295	0.137018846003	0.173913043478	0.144793974115	0.108974134345	0.120678290798	0.186301281341	0.140627987468	0.159802407805	0.113434376358	0.10335787251	0.12224840444	0.151407483349	0.161016949153	0.0965386952229
MMRS72980899ST-27-0-0.snv.bam	0.113043478261	0.102230123573	0.0778847119288	0.117282405131	0.0959732303202	0.128205128205	0.0	0.162591930034	0.121142462482	0.109982774331	0.117394568153	0.0919444286349	0.0948275862069	0.102553644357	0.136404044299	0.0955973546581	0.122807017544	0.130736882576	0.118277021619	0.113162720634	0.128064540156	0.130931437406	0.0897231818284	0.105856892395	0.145599297822	0.127366259317	0.122057104121	0.153846153846	0.120848816867
MMRS85438660ST-27-0-0.snv.bam	0.172614274258	0.143779360136	0.163359612906	0.186679569497	0.15931773036	0.15273945605	0.162591930034	0.0	0.207195297766	0.151245650754	0.175917373927	0.175887607017	0.222420989863	0.14499220052	0.161760950464	0.17087882936	0.148028311426	0.185364063114	0.16611156558	0.171722831594	0.169549211968	0.162515730081	0.179355287096	0.181428069697	0.221685412793	0.202755153848	0.202718532313	0.178163184864	0.171241661236
NG-5636_317.snv.bam	0.120152278862	0.137018582398	0.126607152237	0.147114719773	0.119392800655	0.172375718449	0.121142462482	0.207195297766	0.0	0.138587058941	0.11347566087	0.138830353688	0.0918289915154	0.152384390929	0.137255708615	0.119682498881	0.155805823168	0.130244688735	0.141966329674	0.120150022561	0.146909295909	0.116901448621	0.145598823906	0.130779155878	0.163550623268	0.146323587986	0.13775530955	0.183728025166	0.144030556194
O2.CD2-0-PT.snv.bam	0.130935419159	0.11762605198	0.117408437834	0.133599946662	0.124737420856	0.141320473988	0.109982774331	0.151245650754	0.138587058941	0.0	0.109707219663	0.126121810677	0.162836274641	0.128450321813	0.09420874049	0.124144838218	0.137919256966	0.116469433906	0.122754915624	0.130152677423	0.13631281797	0.101825199587	0.106184805622	0.121541498174	0.159513322008	0.12853141447	0.135010172	0.120871997076	0.124355865779
SAMEA3136635.snv.bam	0.111117362461	0.134763093209	0.124094946747	0.136323836937	0.127165833837	0.141702541328	0.117394568153	0.175917373927	0.11347566087	0.109707219663	0.0	0.158131572415	0.12909316034	0.149445038739	0.102735033962	0.126874886157	0.123185267607	0.0425552933685	0.154150969753	0.111268240336	0.111461885387	0.109175303504	0.134395824944	0.0885038481094	0.127113356931	0.110834699269	0.135640765787	0.150690728282	0.110903314025
SAMEA3136636.snv.bam	0.124012813713	0.142858899033	0.122395323832	0.100401661285	0.118136797983	0.141092909023	0.0919444286349	0.175887607017	0.138830353688	0.126121810677	0.158131572415	0.0	0.14778551376	0.0756251662192	0.153109894808	0.11652728482	0.138517903027	0.164218774488	0.121783119098	0.123945124618	0.161061082535	0.104800212035	0.107648098035	0.117041469477	0.155509735361	0.138368553629	0.12006229542	0.182700633869	0.12799735282
SAMEA3136657.snv.bam	0.0695652173913	0.138570471678	0.107799241843	0.16074206438	0.0976640515762	0.17094017094	0.0948275862069	0.222420989863	0.0918289915154	0.162836274641	0.12909316034	0.14778551376	0.0	0.164500547011	0.179139087034	0.0710755801363	0.157894736842	0.154651239823	0.168114683956	0.0704276778989	0.153705565797	0.160975531599	0.163597055702	0.165685952224	0.206093124982	0.188200849564	0.180279034138	0.179487179487	0.153887164949
SAMEA3136677.snv.bam	0.112397873324	0.110623338151	0.134710985159	0.104797887577	0.110548398939	0.1425897235	0.102553644357	0.14499220052	0.152384390929	0.128450321813	0.149445038739	0.0756251662192	0.164500547011	0.0	0.126766173396	0.1109757025	0.15502350839	0.155714418775	0.14808719761	0.111215790583	0.14067566045	0.114252846288	0.121262220775	0.121248272553	0.162918154003	0.131839081609	0.123528636959	0.162639848813	0.127904346529
SAMEA3136690.snv.bam	0.147108071904	0.119182709515	0.123033395413	0.13871429314	0.142673809758	0.161563867295	0.136404044299	0.161760950464	0.137255708615	0.09420874049	0.102735033962	0.153109894808	0.179139087034	0.126766173396	0.0	0.143396813725	0.139691620355	0.12264290435	0.144659366125	0.146648937754	0.0924496213393	0.10327289898	0.133457629463	0.10550671823	0.130550179163	0.106644370676	0.129774147382	0.137350792235	0.137174675125
SAMEA3136692.snv.bam	0.0540637795819	0.118765931751	0.0979435161966	0.130033364418	0.0306066485543	0.137018846003	0.0955973546581	0.17087882936	0.119682498881	0.124144838218	0.126874886157	0.11652728482	0.0710755801363	0.1109757025	0.143396813725	0.0	0.139249387636	0.149247212846	0.140759035183	0.0551816673363	0.119026288431	0.13089595777	0.160218073506	0.147553587931	0.187810931027	0.169877681055	0.159520581355	0.144787207585	0.126450145656
SAMEA3136702.snv.bam	0.141592920354	0.163834385184	0.12782747992	0.172244699162	0.141914044235	0.173913043478	0.122807017544	0.148028311426	0.155805823168	0.137919256966	0.123185267607	0.138517903027	0.157894736842	0.15502350839	0.139691620355	0.139249387636	0.0	0.156682065075	0.162410983995	0.141217724471	0.113544567585	0.118466266071	0.134478241057	0.124219620959	0.167017838844	0.145523353682	0.143767350302	0.182608695652	0.142245492246
SZEY-10A.snv.bam	0.135120629648	0.127343836102	0.129068942901	0.140443838964	0.147977462023	0.144793974115	0.130736882576	0.185364063114	0.130244688735	0.116469433906	0.0425552933685	0.164218774488	0.154651239823	0.155714418775	0.12264290435	0.149247212846	0.156682065075	0.0	0.151610915455	0.13326391919	0.147380318396	0.114477609116	0.148855917083	0.105021887989	0.144432449262	0.120719244781	0.144476078047	0.15767208619	0.114444348741
SZEY-35A.snv.bam	0.142158979659	0.124842437352	0.100365979045	0.172320944801	0.139371861642	0.108974134345	0.118277021619	0.16611156558	0.141966329674	0.122754915624	0.154150969753	0.121783119098	0.168114683956	0.14808719761	0.144659366125	0.140759035183	0.162410983995	0.151610915455	0.0	0.142345526845	0.19130483457	0.127068454117	0.135865876735	0.130674221233	0.155366573148	0.136647380264	0.149982581626	0.158524647456	0.132430931368
T2D-31A.snv.bam	0.0015903686088	0.121028431603	0.101515669552	0.134550989671	0.0765690966205	0.120678290798	0.113162720634	0.171722831594	0.120150022561	0.130152677423	0.111268240336	0.123945124618	0.0704276778989	0.111215790583	0.146648937754	0.0551816673363	0.141217724471	0.13326391919	0.142345526845	0.0	0.136640589088	0.142358639907	0.162493852653	0.131476132316	0.171756794518	0.152199472145	0.155361739901	0.146102019612	0.107176989845
T2D-61A.snv.bam	0.137358199985	0.135243146971	0.13680611286	0.152575388049	0.123971748181	0.186301281341	0.128064540156	0.169549211968	0.146909295909	0.13631281797	0.111461885387	0.161061082535	0.153705565797	0.14067566045	0.0924496213393	0.119026288431	0.113544567585	0.147380318396	0.19130483457	0.136640589088	0.0	0.122985963967	0.142871856345	0.130024421039	0.171129221762	0.154608401169	0.150398442908	0.194775857612	0.153270182785
V1.CD2-0-PN.snv.bam	0.143364343296	0.127763587251	0.129447794147	0.133412943174	0.12202648536	0.140627987468	0.130931437406	0.162515730081	0.116901448621	0.101825199587	0.109175303504	0.104800212035	0.160975531599	0.114252846288	0.10327289898	0.13089595777	0.118466266071	0.114477609116	0.127068454117	0.142358639907	0.122985963967	0.0	0.121201772865	0.0921811596967	0.131993652399	0.105408435293	0.108663395941	0.145614622855	0.119076801863
V1.CD21-0.snv.bam	0.163266119845	0.1452483962	0.146642072663	0.1634877065	0.159468835281	0.159802407805	0.0897231818284	0.179355287096	0.145598823906	0.106184805622	0.134395824944	0.107648098035	0.163597055702	0.121262220775	0.133457629463	0.160218073506	0.134478241057	0.148855917083	0.135865876735	0.162493852653	0.142871856345	0.121201772865	0.0	0.102017707387	0.141088439895	0.125756571606	0.136489212869	0.186452840706	0.155593318313
V1.CD3-0-PN.snv.bam	0.131968390805	0.13950559953	0.124849098989	0.145594168548	0.146283837108	0.113434376358	0.105856892395	0.181428069697	0.130779155878	0.121541498174	0.0885038481094	0.117041469477	0.165685952224	0.121248272553	0.10550671823	0.147553587931	0.124219620959	0.105021887989	0.130674221233	0.131476132316	0.130024421039	0.0921811596967	0.102017707387	0.0	0.0487131528233	0.0413647276313	0.0904961403344	0.155807257714	0.0929687515214
V1.CD3-0-PT.snv.bam	0.173243353071	0.178115108351	0.151270018804	0.187336485812	0.186541180205	0.10335787251	0.145599297822	0.221685412793	0.163550623268	0.159513322008	0.127113356931	0.155509735361	0.206093124982	0.162918154003	0.130550179163	0.187810931027	0.167017838844	0.144432449262	0.155366573148	0.171756794518	0.171129221762	0.131993652399	0.141088439895	0.0487131528233	0.0	0.0571546720578	0.121697318592	0.196578211493	0.115608929732
V1.CD32-0.snv.bam	0.15534051206	0.158411376175	0.13415120863	0.159216741851	0.16761092126	0.12224840444	0.127366259317	0.202755153848	0.146323587986	0.12853141447	0.110834699269	0.138368553629	0.188200849564	0.131839081609	0.106644370676	0.169877681055	0.145523353682	0.120719244781	0.136647380264	0.152199472145	0.154608401169	0.105408435293	0.125756571606	0.0413647276313	0.0571546720578	0.0	0.0766541894663	0.164007057053	0.0973511820393
V1.CD32-4.snv.bam	0.155971094777	0.162952733159	0.143866292684	0.144878055453	0.153806993584	0.151407483349	0.122057104121	0.202718532313	0.13775530955	0.135010172	0.135640765787	0.12006229542	0.180279034138	0.123528636959	0.129774147382	0.159520581355	0.143767350302	0.144476078047	0.149982581626	0.155361739901	0.150398442908	0.108663395941	0.136489212869	0.0904961403344	0.121697318592	0.0766541894663	0.0	0.184007759444	0.120493728556
V1.CD54-0.snv.bam	0.146551724138	0.135117789477	0.135365698935	0.17561088244	0.143018952276	0.161016949153	0.153846153846	0.178163184864	0.183728025166	0.120871997076	0.150690728282	0.182700633869	0.179487179487	0.162639848813	0.137350792235	0.144787207585	0.182608695652	0.15767208619	0.158524647456	0.146102019612	0.194775857612	0.145614622855	0.186452840706	0.155807257714	0.196578211493	0.164007057053	0.184007759444	0.0	0.157661198451
V1.UC25-1.snv.bam	0.108832586065	0.13129012448	0.108899378559	0.133574412986	0.128206017612	0.0965386952229	0.120848816867	0.171241661236	0.144030556194	0.124355865779	0.110903314025	0.12799735282	0.153887164949	0.127904346529	0.137174675125	0.126450145656	0.142245492246	0.114444348741	0.132430931368	0.107176989845	0.153270182785	0.119076801863	0.155593318313	0.0929687515214	0.115608929732	0.0973511820393	0.120493728556	0.157661198451	0.0
