	158337416-supragingivalplaque1.snv.bam	158944319-supragingivalplaque2.snv.bam	159005010-supragingivalplaque2.snv.bam	159268001-supragingivalplaque1.snv.bam	159268001-supragingivalplaque2.snv.bam	159268001-supragingivalplaque3.snv.bam	159551223-supragingivalplaque1.snv.bam	159591683-supragingivalplaque1.snv.bam	160158126-supragingivalplaque1.snv.bam	160178356-supragingivalplaque1.snv.bam	160259276-supragingivalplaque1.snv.bam	638754422-supragingivalplaque2.snv.bam	706846339-supragingivalplaque2.snv.bam	763840445-supragingivalplaque2.snv.bam	763901136-supragingivalplaque3.snv.bam	763961826-supragingivalplaque1.snv.bam	763961826-supragingivalplaque2.snv.bam	809635352-supragingivalplaque1.snv.bam	861967750-supragingivalplaque1.snv.bam	861967750-supragingivalplaque2.snv.bam	937495960-supragingivalplaque1.snv.bam
158337416-supragingivalplaque1.snv.bam	0.0	0.137917496174	0.153985777808	0.121453131387	0.119096991449	0.114668256838	0.0937388035004	0.115765192557	0.124381887395	0.127944254109	0.0984201091486	0.132600624453	0.0962096080622	0.128559428367	0.097331527569	0.128678017393	0.1330101059	0.08006304632	0.0877704614122	0.0899140776559	0.116543571324
158944319-supragingivalplaque2.snv.bam	0.137917496174	0.0	0.205130620496	0.15860573089	0.165778903254	0.16798159891	0.143798435686	0.1814141925	0.209598679702	0.15867095266	0.139131553309	0.195308098134	0.164671558399	0.170114900284	0.156447542999	0.161418028021	0.167689011263	0.131606386297	0.119381660006	0.115271127434	0.173074065084
159005010-supragingivalplaque2.snv.bam	0.153985777808	0.205130620496	0.0	0.149660991024	0.148830935644	0.122858544648	0.136628555751	0.168366285847	0.187591645449	0.185048801315	0.175957625541	0.159557686132	0.125906682015	0.166630959507	0.147827588487	0.165896100338	0.157080653871	0.146356723287	0.151700982631	0.154281736408	0.142192621066
159268001-supragingivalplaque1.snv.bam	0.121453131387	0.15860573089	0.149660991024	0.0	0.0262385199191	0.0683837332894	0.121097293663	0.153294552761	0.137072894374	0.143799594159	0.143097951627	0.167753597522	0.0884806371604	0.152016657365	0.0998066238951	0.163672489563	0.174322094514	0.108765164168	0.120438646518	0.127346312382	0.138933603579
159268001-supragingivalplaque2.snv.bam	0.119096991449	0.165778903254	0.148830935644	0.0262385199191	0.0	0.0551518296251	0.126631775918	0.155454272399	0.130679952232	0.137798992854	0.150812955484	0.160721492296	0.0812674024476	0.157682462895	0.104417057205	0.158437843193	0.174237995063	0.116762458419	0.126680172229	0.132353141463	0.146711289292
159268001-supragingivalplaque3.snv.bam	0.114668256838	0.16798159891	0.122858544648	0.0683837332894	0.0551518296251	0.0	0.129730295846	0.147342142197	0.113364683896	0.116695695623	0.148231579886	0.142987109914	0.073677177748	0.162996624348	0.116407230579	0.15053675146	0.165909665921	0.114967903935	0.123092857145	0.130322611336	0.12355481835
159551223-supragingivalplaque1.snv.bam	0.0937388035004	0.143798435686	0.136628555751	0.121097293663	0.126631775918	0.129730295846	0.0	0.145637222517	0.14008956001	0.171449198879	0.124077095795	0.150871557411	0.122377439896	0.0672906428985	0.100242701685	0.121742337086	0.114138891062	0.114695392477	0.121583514867	0.12482014541	0.14579821305
159591683-supragingivalplaque1.snv.bam	0.115765192557	0.1814141925	0.168366285847	0.153294552761	0.155454272399	0.147342142197	0.145637222517	0.0	0.171126385835	0.165390657793	0.136133132533	0.156657395205	0.157159105047	0.18304871959	0.106501411965	0.157245725281	0.175570233718	0.146125282161	0.127983350736	0.120895558578	0.141527997344
160158126-supragingivalplaque1.snv.bam	0.124381887395	0.209598679702	0.187591645449	0.137072894374	0.130679952232	0.113364683896	0.14008956001	0.171126385835	0.0	0.131804772905	0.158023276852	0.101472731144	0.145626579184	0.169718918005	0.131724007716	0.18382559587	0.190246165305	0.152795881664	0.162401669075	0.168674977726	0.151691979593
160178356-supragingivalplaque1.snv.bam	0.127944254109	0.15867095266	0.185048801315	0.143799594159	0.137798992854	0.116695695623	0.171449198879	0.165390657793	0.131804772905	0.0	0.157476726744	0.161816493709	0.119714436886	0.21875561982	0.131976144968	0.207568051704	0.216640572048	0.149870032923	0.137549466969	0.138475348191	0.165775137362
160259276-supragingivalplaque1.snv.bam	0.0984201091486	0.139131553309	0.175957625541	0.143097951627	0.150812955484	0.148231579886	0.124077095795	0.136133132533	0.158023276852	0.157476726744	0.0	0.140778157094	0.141639065131	0.148864669616	0.107926538745	0.128742010231	0.134910492323	0.07411447615	0.10720884256	0.110491880679	0.1322683434
638754422-supragingivalplaque2.snv.bam	0.132600624453	0.195308098134	0.159557686132	0.167753597522	0.160721492296	0.142987109914	0.150871557411	0.156657395205	0.101472731144	0.161816493709	0.140778157094	0.0	0.18003173688	0.196070015239	0.159171771465	0.134834963905	0.141452276519	0.134605091544	0.14054396857	0.144831785325	0.148080155452
706846339-supragingivalplaque2.snv.bam	0.0962096080622	0.164671558399	0.125906682015	0.0884806371604	0.0812674024476	0.073677177748	0.122377439896	0.157159105047	0.145626579184	0.119714436886	0.141639065131	0.18003173688	0.0	0.152799093288	0.106985866962	0.15264995831	0.168895489832	0.11049147454	0.126370446962	0.124051295399	0.132572267982
763840445-supragingivalplaque2.snv.bam	0.128559428367	0.170114900284	0.166630959507	0.152016657365	0.157682462895	0.162996624348	0.0672906428985	0.18304871959	0.169718918005	0.21875561982	0.148864669616	0.196070015239	0.152799093288	0.0	0.124261643293	0.133052974079	0.132778532697	0.146189085788	0.150627191073	0.155708151228	0.16880694611
763901136-supragingivalplaque3.snv.bam	0.097331527569	0.156447542999	0.147827588487	0.0998066238951	0.104417057205	0.116407230579	0.100242701685	0.106501411965	0.131724007716	0.131976144968	0.107926538745	0.159171771465	0.106985866962	0.124261643293	0.0	0.135428806887	0.146760013697	0.109474044799	0.101095412328	0.103003635066	0.133734397383
763961826-supragingivalplaque1.snv.bam	0.128678017393	0.161418028021	0.165896100338	0.163672489563	0.158437843193	0.15053675146	0.121742337086	0.157245725281	0.18382559587	0.207568051704	0.128742010231	0.134834963905	0.15264995831	0.133052974079	0.135428806887	0.0	0.0564546775296	0.137913622755	0.13621259702	0.142143796387	0.18383562628
763961826-supragingivalplaque2.snv.bam	0.1330101059	0.167689011263	0.157080653871	0.174322094514	0.174237995063	0.165909665921	0.114138891062	0.175570233718	0.190246165305	0.216640572048	0.134910492323	0.141452276519	0.168895489832	0.132778532697	0.146760013697	0.0564546775296	0.0	0.14753939288	0.143552008431	0.151754327359	0.183860225866
809635352-supragingivalplaque1.snv.bam	0.08006304632	0.131606386297	0.146356723287	0.108765164168	0.116762458419	0.114967903935	0.114695392477	0.146125282161	0.152795881664	0.149870032923	0.07411447615	0.134605091544	0.11049147454	0.146189085788	0.109474044799	0.137913622755	0.14753939288	0.0	0.0925384699852	0.0889828867216	0.129752101366
861967750-supragingivalplaque1.snv.bam	0.0877704614122	0.119381660006	0.151700982631	0.120438646518	0.126680172229	0.123092857145	0.121583514867	0.127983350736	0.162401669075	0.137549466969	0.10720884256	0.14054396857	0.126370446962	0.150627191073	0.101095412328	0.13621259702	0.143552008431	0.0925384699852	0.0	0.0193553471062	0.127926658303
861967750-supragingivalplaque2.snv.bam	0.0899140776559	0.115271127434	0.154281736408	0.127346312382	0.132353141463	0.130322611336	0.12482014541	0.120895558578	0.168674977726	0.138475348191	0.110491880679	0.144831785325	0.124051295399	0.155708151228	0.103003635066	0.142143796387	0.151754327359	0.0889828867216	0.0193553471062	0.0	0.131256200748
937495960-supragingivalplaque1.snv.bam	0.116543571324	0.173074065084	0.142192621066	0.138933603579	0.146711289292	0.12355481835	0.14579821305	0.141527997344	0.151691979593	0.165775137362	0.1322683434	0.148080155452	0.132572267982	0.16880694611	0.133734397383	0.18383562628	0.183860225866	0.129752101366	0.127926658303	0.131256200748	0.0
