	158114885-supragingivalplaque2.snv.bam	158337416-supragingivalplaque1.snv.bam	158742018-supragingivalplaque1.snv.bam	158883629-supragingivalplaque2.snv.bam	159005010-supragingivalplaque2.snv.bam	159571453-supragingivalplaque1.snv.bam	159611913-supragingivalplaque2.snv.bam	159814214-supragingivalplaque1.snv.bam	160542498-supragingivalplaque1.snv.bam	160582958-supragingivalplaque1.snv.bam	160643649-supragingivalplaque1.snv.bam	246515023-supragingivalplaque2.snv.bam	338793263-supragingivalplaque2.snv.bam	604812005-supragingivalplaque1.snv.bam	638754422-supragingivalplaque3.snv.bam	650853796-supragingivalplaque1.snv.bam	686765762-supragingivalplaque1.snv.bam	763496533-subgingivalplaque1.snv.bam	763719065-subgingivalplaque3.snv.bam	763961826-subgingivalplaque1.snv.bam	764285508-supragingivalplaque2.snv.bam	861967750-supragingivalplaque2.snv.bam	CCMD11006829ST-21-0.snv.bam	V1.CD18-3.snv.bam	V1.CD35-0.snv.bam	V1.CD35-1.snv.bam	V1.CD5-0-PN.snv.bam
158114885-supragingivalplaque2.snv.bam	0.0	0.122882315215	0.105121277383	0.103436834524	0.0910059282616	0.0913755527586	0.104007882772	0.114995929987	0.0992789453389	0.112767597971	0.120209064045	0.110762881885	0.101031164103	0.0958024872808	0.136065489397	0.132733990212	0.107461660655	0.110362725094	0.113416332703	0.0989943971983	0.136915661677	0.108190063226	0.105830772284	0.129935958984	0.150690061879	0.149090105801	0.150066121163
158337416-supragingivalplaque1.snv.bam	0.122882315215	0.0	0.109124324746	0.118711102519	0.114031656258	0.114514568092	0.102758282036	0.127178712847	0.105722420088	0.130006324096	0.11508721121	0.120120745961	0.104644746108	0.114882337084	0.136915831584	0.150432540863	0.104051298546	0.120095451092	0.0951687321015	0.119862338996	0.102588107725	0.109484299182	0.0945645950388	0.114756085842	0.145940065495	0.144419157186	0.144180066028
158742018-supragingivalplaque1.snv.bam	0.105121277383	0.109124324746	0.0	0.0931526515578	0.0903996583824	0.0991838715673	0.0977113703002	0.109486798574	0.0954913493962	0.10017682412	0.112808052098	0.104151080334	0.0930171610748	0.0992441821326	0.118198894673	0.133862200618	0.103233422381	0.0992322331067	0.0975763253468	0.100732804221	0.117964837724	0.0955889726009	0.0787900393652	0.112159577305	0.145425326023	0.143409305321	0.14440984355
158883629-supragingivalplaque2.snv.bam	0.103436834524	0.118711102519	0.0931526515578	0.0	0.102135355729	0.0948387685271	0.099196623914	0.102818139861	0.106652912915	0.110573091507	0.105595685898	0.103576273192	0.0948246153466	0.103141901686	0.121424380063	0.140915659787	0.0989038051312	0.108932960449	0.0979609808254	0.106523924054	0.124901208852	0.100372489099	0.102586982132	0.109484999956	0.140413223371	0.140138001253	0.139340707623
159005010-supragingivalplaque2.snv.bam	0.0910059282616	0.114031656258	0.0903996583824	0.102135355729	0.0	0.0913060349025	0.0994839715145	0.116518396573	0.0985967913051	0.104122435353	0.119368575932	0.10256965062	0.0925249292935	0.0913794768122	0.123898169358	0.139608845106	0.102467088493	0.109870785445	0.102997442115	0.0940862581275	0.128355150502	0.0997186108172	0.109682136421	0.12415181646	0.14599529462	0.145568185584	0.145928508121
159571453-supragingivalplaque1.snv.bam	0.0913755527586	0.114514568092	0.0991838715673	0.0948387685271	0.0913060349025	0.0	0.098257005571	0.118636580622	0.0954342412058	0.098951621764	0.109212183051	0.094736609466	0.0930784311903	0.0940846370767	0.124602353049	0.140411241751	0.0947672622721	0.107828289905	0.098246819495	0.0864673974237	0.122607569486	0.102781627259	0.104673250187	0.11196640972	0.129613845723	0.129144520026	0.128987208458
159611913-supragingivalplaque2.snv.bam	0.104007882772	0.102758282036	0.0977113703002	0.099196623914	0.0994839715145	0.098257005571	0.0	0.109163701538	0.102666134318	0.11086110436	0.105496987345	0.104337732098	0.0950120769398	0.100974490687	0.122855457735	0.141094918454	0.111661364851	0.103942838172	0.0965927970826	0.101702521841	0.12617997562	0.095301260485	0.107589214034	0.104538267843	0.137199682805	0.135482446566	0.13638752864
159814214-supragingivalplaque1.snv.bam	0.114995929987	0.127178712847	0.109486798574	0.102818139861	0.116518396573	0.118636580622	0.109163701538	0.0	0.115125860272	0.131320873287	0.125881830884	0.117737864491	0.113588694681	0.108036430612	0.14188045602	0.124673336522	0.10699919089	0.122348833372	0.120209764885	0.12591374754	0.141427698396	0.105321055029	0.115748943043	0.125172491988	0.165587939074	0.165743298131	0.166145987019
160542498-supragingivalplaque1.snv.bam	0.0992789453389	0.105722420088	0.0954913493962	0.106652912915	0.0985967913051	0.0954342412058	0.102666134318	0.115125860272	0.0	0.108556556624	0.108780465086	0.100611152677	0.101098031167	0.0902744820144	0.114939522005	0.14415619117	0.106895698794	0.107751107151	0.100499423095	0.102834910541	0.117217391742	0.104181568573	0.0985697944855	0.112758567061	0.149215201021	0.147368182659	0.148554723301
160582958-supragingivalplaque1.snv.bam	0.112767597971	0.130006324096	0.10017682412	0.110573091507	0.104122435353	0.098951621764	0.11086110436	0.131320873287	0.108556556624	0.0	0.135345270832	0.102414586947	0.110410025891	0.111696814331	0.129726297599	0.144545496358	0.118246919085	0.107187608357	0.125773583097	0.0956709480701	0.133829037893	0.123731203279	0.120100879056	0.133904664201	0.150508730956	0.147924948249	0.150211692605
160643649-supragingivalplaque1.snv.bam	0.120209064045	0.11508721121	0.112808052098	0.105595685898	0.119368575932	0.109212183051	0.105496987345	0.125881830884	0.108780465086	0.135345270832	0.0	0.102945570393	0.12073306405	0.114370663139	0.127676689385	0.146806471131	0.100983072831	0.122431457777	0.0823294682776	0.115962607186	0.116829370213	0.105487515798	0.104293650937	0.0893884477189	0.153025195032	0.152401977879	0.15165575342
246515023-supragingivalplaque2.snv.bam	0.110762881885	0.120120745961	0.104151080334	0.103576273192	0.10256965062	0.094736609466	0.104337732098	0.117737864491	0.100611152677	0.102414586947	0.102945570393	0.0	0.112697519859	0.103846629177	0.113700752702	0.14310345804	0.0978296538926	0.117726455576	0.0955302905559	0.0956073801252	0.127617706766	0.0979060677498	0.103968754428	0.0967859261897	0.147738649784	0.146507909898	0.146713448936
338793263-supragingivalplaque2.snv.bam	0.101031164103	0.104644746108	0.0930171610748	0.0948246153466	0.0925249292935	0.0930784311903	0.0950120769398	0.113588694681	0.101098031167	0.110410025891	0.12073306405	0.112697519859	0.0	0.101050103942	0.119264205531	0.142750025323	0.100755970571	0.105454704146	0.104109390659	0.10017074406	0.112915525559	0.103567747024	0.095975841018	0.116448830115	0.140866033624	0.14025081582	0.140512892031
604812005-supragingivalplaque1.snv.bam	0.0958024872808	0.114882337084	0.0992441821326	0.103141901686	0.0913794768122	0.0940846370767	0.100974490687	0.108036430612	0.0902744820144	0.111696814331	0.114370663139	0.103846629177	0.101050103942	0.0	0.125662002831	0.131059288879	0.0948864744533	0.115747478438	0.0999371424729	0.0981876083274	0.118196911599	0.0992968757421	0.100491211383	0.117122401099	0.140323059707	0.139888473056	0.13982558177
638754422-supragingivalplaque3.snv.bam	0.136065489397	0.136915831584	0.118198894673	0.121424380063	0.123898169358	0.124602353049	0.122855457735	0.14188045602	0.114939522005	0.129726297599	0.127676689385	0.113700752702	0.119264205531	0.125662002831	0.0	0.156567029587	0.125297649599	0.127133740137	0.123454578247	0.111098840863	0.137820592726	0.115311658762	0.12180212053	0.124036890543	0.169733970267	0.167309624154	0.168447269696
650853796-supragingivalplaque1.snv.bam	0.132733990212	0.150432540863	0.133862200618	0.140915659787	0.139608845106	0.140411241751	0.141094918454	0.124673336522	0.14415619117	0.144545496358	0.146806471131	0.14310345804	0.142750025323	0.131059288879	0.156567029587	0.0	0.121326878151	0.142007469018	0.140229228128	0.144506899117	0.15964433165	0.141194211933	0.12408419807	0.142362334645	0.175891811479	0.175906509999	0.17506864397
686765762-supragingivalplaque1.snv.bam	0.107461660655	0.104051298546	0.103233422381	0.0989038051312	0.102467088493	0.0947672622721	0.111661364851	0.10699919089	0.106895698794	0.118246919085	0.100983072831	0.0978296538926	0.100755970571	0.0948864744533	0.125297649599	0.121326878151	0.0	0.115229403949	0.100725183621	0.103194897445	0.102319776963	0.103411643509	0.08706801186	0.102496921933	0.1332019589	0.132743466261	0.132744594695
763496533-subgingivalplaque1.snv.bam	0.110362725094	0.120095451092	0.0992322331067	0.108932960449	0.109870785445	0.107828289905	0.103942838172	0.122348833372	0.107751107151	0.107187608357	0.122431457777	0.117726455576	0.105454704146	0.115747478438	0.127133740137	0.142007469018	0.115229403949	0.0	0.106884312762	0.1096611636	0.128826322961	0.100346861361	0.112086735119	0.126646419218	0.160138430491	0.1574574567	0.15906190043
763719065-subgingivalplaque3.snv.bam	0.113416332703	0.0951687321015	0.0975763253468	0.0979609808254	0.102997442115	0.098246819495	0.0965927970826	0.120209764885	0.100499423095	0.125773583097	0.0823294682776	0.0955302905559	0.104109390659	0.0999371424729	0.123454578247	0.140229228128	0.100725183621	0.106884312762	0.0	0.105628069684	0.118814607759	0.0883148927875	0.0915159924021	0.0844329782743	0.139820839479	0.138494304158	0.138327610003
763961826-subgingivalplaque1.snv.bam	0.0989943971983	0.119862338996	0.100732804221	0.106523924054	0.0940862581275	0.0864673974237	0.101702521841	0.12591374754	0.102834910541	0.0956709480701	0.115962607186	0.0956073801252	0.10017074406	0.0981876083274	0.111098840863	0.144506899117	0.103194897445	0.1096611636	0.105628069684	0.0	0.128395158534	0.104009830636	0.107469725968	0.120109917413	0.146579829633	0.143985311013	0.145839168099
764285508-supragingivalplaque2.snv.bam	0.136915661677	0.102588107725	0.117964837724	0.124901208852	0.128355150502	0.122607569486	0.12617997562	0.141427698396	0.117217391742	0.133829037893	0.116829370213	0.127617706766	0.112915525559	0.118196911599	0.137820592726	0.15964433165	0.102319776963	0.128826322961	0.118814607759	0.128395158534	0.0	0.125773064846	0.102470388335	0.113320472316	0.140221556913	0.13847759073	0.137857328672
861967750-supragingivalplaque2.snv.bam	0.108190063226	0.109484299182	0.0955889726009	0.100372489099	0.0997186108172	0.102781627259	0.095301260485	0.105321055029	0.104181568573	0.123731203279	0.105487515798	0.0979060677498	0.103567747024	0.0992968757421	0.115311658762	0.141194211933	0.103411643509	0.100346861361	0.0883148927875	0.104009830636	0.125773064846	0.0	0.102214987397	0.101845096695	0.155415708132	0.153223602861	0.154043760415
CCMD11006829ST-21-0.snv.bam	0.105830772284	0.0945645950388	0.0787900393652	0.102586982132	0.109682136421	0.104673250187	0.107589214034	0.115748943043	0.0985697944855	0.120100879056	0.104293650937	0.103968754428	0.095975841018	0.100491211383	0.12180212053	0.12408419807	0.08706801186	0.112086735119	0.0915159924021	0.107469725968	0.102470388335	0.102214987397	0.0	0.0876615506001	0.127277984139	0.125826676901	0.124500707414
V1.CD18-3.snv.bam	0.129935958984	0.114756085842	0.112159577305	0.109484999956	0.12415181646	0.11196640972	0.104538267843	0.125172491988	0.112758567061	0.133904664201	0.0893884477189	0.0967859261897	0.116448830115	0.117122401099	0.124036890543	0.142362334645	0.102496921933	0.126646419218	0.0844329782743	0.120109917413	0.113320472316	0.101845096695	0.0876615506001	0.0	0.14769571663	0.146810699176	0.145744979096
V1.CD35-0.snv.bam	0.150690061879	0.145940065495	0.145425326023	0.140413223371	0.14599529462	0.129613845723	0.137199682805	0.165587939074	0.149215201021	0.150508730956	0.153025195032	0.147738649784	0.140866033624	0.140323059707	0.169733970267	0.175891811479	0.1332019589	0.160138430491	0.139820839479	0.146579829633	0.140221556913	0.155415708132	0.127277984139	0.14769571663	0.0	0.00390380896939	0.00191339613615
V1.CD35-1.snv.bam	0.149090105801	0.144419157186	0.143409305321	0.140138001253	0.145568185584	0.129144520026	0.135482446566	0.165743298131	0.147368182659	0.147924948249	0.152401977879	0.146507909898	0.14025081582	0.139888473056	0.167309624154	0.175906509999	0.132743466261	0.1574574567	0.138494304158	0.143985311013	0.13847759073	0.153223602861	0.125826676901	0.146810699176	0.00390380896939	0.0	0.00361116064456
V1.CD5-0-PN.snv.bam	0.150066121163	0.144180066028	0.14440984355	0.139340707623	0.145928508121	0.128987208458	0.13638752864	0.166145987019	0.148554723301	0.150211692605	0.15165575342	0.146713448936	0.140512892031	0.13982558177	0.168447269696	0.17506864397	0.132744594695	0.15906190043	0.138327610003	0.145839168099	0.137857328672	0.154043760415	0.124500707414	0.145744979096	0.00191339613615	0.00361116064456	0.0
