	BYQ_AAAI.snv.bam	BYQ_AAAK.snv.bam	BYQ_AAAL.snv.bam	BYQ_AAAM.snv.bam	BYQ_AAAN.snv.bam	BYQ_AAAO.snv.bam	BYQ_AAAP.snv.bam	BYQ_AAAQ.snv.bam	BYQ_AAAR.snv.bam	BYQ_AAAS.snv.bam	BYQ_AAAT.snv.bam	BYQ_AAAU.snv.bam	BYQ_AAAV.snv.bam	BYQ_AAAW.snv.bam	BYQ_AAAX.snv.bam	BYQ_AAAY.snv.bam	BYQ_AAAZ.snv.bam	BYQ_AABA.snv.bam	BYQ_AABB.snv.bam	BYQ_AABC.snv.bam	CCIS59903910ST-4-0.snv.bam	M4.1-V3.metaG.snv.bam	NG-5636_312.snv.bam
BYQ_AAAI.snv.bam	0.0	0.00203557786751	0.00197815181711	0.00290960314762	0.00209912863952	0.0024173759513	0.00242319025512	0.00213537122166	0.00228783807895	0.0024402241506	0.00276490009185	0.00218465254351	0.00214276093044	0.00219636754314	0.00214191737635	0.00224931451061	0.00206553732604	0.00213937104921	0.00233644082341	0.00215275436763	0.451717021137	0.695616424613	0.39253395982
BYQ_AAAK.snv.bam	0.00203557786751	0.0	0.000475587847787	0.00241550891327	0.000696083620706	0.000709624891598	0.00100098030205	0.000252285572242	0.000395735572383	0.000539109564525	0.000841993944569	0.000555018004818	0.000445765654249	0.000355284266968	0.000326715624761	0.000359490279592	0.00028045431271	0.000256048850852	0.000526851161446	0.000655742518087	0.465261961257	0.69932512888	0.407031776094
BYQ_AAAL.snv.bam	0.00197815181711	0.000475587847787	0.0	0.00268582848375	0.000784285059605	0.000977037800031	0.00108918174095	0.000519698480674	0.000663148480815	0.000806522472957	0.00117379420732	0.000685539628768	0.000614787951958	0.000577087492821	0.00052585749718	0.000626903188025	0.000453994546625	0.000523461759284	0.000794264069878	0.000743943956986	0.465287000241	0.699231986486	0.407052347982
BYQ_AAAM.snv.bam	0.00290960314762	0.00241550891327	0.00268582848375	0.0	0.00290872094985	0.00276611500665	0.00321693172556	0.00242559245331	0.00248433530197	0.00262926770707	0.0027809443494	0.00276612201205	0.00265568213593	0.00256421725531	0.00253533808439	0.00222602417412	0.00248857393199	0.00237763680275	0.00265363304431	0.00282463631628	0.460543917535	0.696411000208	0.3984849425
BYQ_AAAN.snv.bam	0.00209912863952	0.000696083620706	0.000784285059605	0.00290872094985	0.0	0.00119753357295	0.00101099173131	0.000740194253594	0.000883644253734	0.000913832054597	0.00131283022136	0.00103253761547	0.000835283724877	0.000842015861493	0.000746353270099	0.000847398960944	0.000674490319544	0.000743957532203	0.0010147598428	0.000758853171521	0.464754972348	0.699328330334	0.407410756501
BYQ_AAAO.snv.bam	0.0024173759513	0.000709624891598	0.000977037800031	0.00276611500665	0.00119753357295	0.0	0.0015024302543	0.000719600006479	0.000777711211603	0.000921085203745	0.00119445957542	0.00105646795706	0.000947215606493	0.000856734219212	0.000828165577004	0.000706326414982	0.000781904264953	0.00062914925539	0.000945188548108	0.00115719247033	0.465039502245	0.698970669973	0.407331767057
BYQ_AAAP.snv.bam	0.00242319025512	0.00100098030205	0.00108918174095	0.00321693172556	0.00101099173131	0.0015024302543	0.0	0.00104509093494	0.00118854093508	0.00133191492722	0.00169918666159	0.00133743429682	0.00114018040622	0.00114691254284	0.00105124995145	0.00115229564229	0.000979387000891	0.00104885421355	0.00131965652414	0.00110676060556	0.464946024349	0.699014399723	0.406387917638
BYQ_AAAQ.snv.bam	0.00213537122166	0.000252285572242	0.000519698480674	0.00242559245331	0.000740194253594	0.000719600006479	0.00104509093494	0.0	0.000405710687263	0.000549084679405	0.000916356413772	0.000599128637705	0.000489876287136	0.000399394899855	0.000370826257648	0.000369465394473	0.000324564945597	0.000266023965732	0.000536826276327	0.000699853150974	0.465251596054	0.699314934532	0.407152777778
BYQ_AAAR.snv.bam	0.00228783807895	0.000395735572383	0.000663148480815	0.00248433530197	0.000883644253734	0.000777711211603	0.00118854093508	0.000405710687263	0.0	0.000607195884529	0.000974467618896	0.000742578637846	0.000633326287277	0.000542844899996	0.000514276257789	0.000427576599597	0.000468014945738	0.000358270688863	0.000586308901817	0.000843303151115	0.465191212343	0.699255546158	0.407010732323
BYQ_AAAS.snv.bam	0.0024402241506	0.000539109564525	0.000806522472957	0.00262926770707	0.000913832054597	0.000921085203745	0.00133191492722	0.000549084679405	0.000607195884529	0.0	0.00111784161104	0.000885952629987	0.000776700279419	0.000686218892138	0.00065765024993	0.000570950591739	0.00061138893788	0.000501644681004	0.000774673221034	0.000986677143256	0.46528111524	0.699413700257	0.407137199211
BYQ_AAAT.snv.bam	0.00276490009185	0.000841993944569	0.00117379420732	0.0027809443494	0.00131283022136	0.00119445957542	0.00169918666159	0.000916356413772	0.000974467618896	0.00111784161104	0.0	0.00118201450891	0.00102037789686	0.000964395237989	0.000968918400072	0.000670035694978	0.000898416730664	0.000825905662683	0.0011419449554	0.00106583572993	0.4652913891	0.6993825139	0.40720596162
BYQ_AAAU.snv.bam	0.00218465254351	0.000555018004818	0.000685539628768	0.00276612201205	0.00103253761547	0.00105646795706	0.00133743429682	0.000599128637705	0.000742578637846	0.000885952629987	0.00118201450891	0.0	0.000782219649015	0.000656517649851	0.000663169619527	0.000706333345055	0.000616908307476	0.000602891916315	0.000873694226909	0.000992196512853	0.465197160238	0.699104675219	0.407168329215
BYQ_AAAV.snv.bam	0.00214276093044	0.000445765654249	0.000614787951958	0.00265568213593	0.000835283724877	0.000947215606493	0.00114018040622	0.000489876287136	0.000633326287277	0.000776700279419	0.00102037789686	0.000782219649015	0.0	0.000591697895036	0.000451232436259	0.000597080994487	0.000424172353087	0.000493639565746	0.000717073205975	0.000747152897053	0.465244801176	0.699262464113	0.407286212954
BYQ_AAAW.snv.bam	0.00219636754314	0.000355284266968	0.000577087492821	0.00256421725531	0.000842015861493	0.000856734219212	0.00114691254284	0.000399394899855	0.000542844899996	0.000686218892138	0.000964395237989	0.000656517649851	0.000591697895036	0.0	0.000427085627526	0.000506599607206	0.000426386553496	0.000359800564863	0.000630250374539	0.000758141608379	0.465228533338	0.699287228883	0.407126175422
BYQ_AAAX.snv.bam	0.00214191737635	0.000326715624761	0.00052585749718	0.00253533808439	0.000746353270099	0.000828165577004	0.00105124995145	0.000370826257648	0.000514276257789	0.00065765024993	0.000968918400072	0.000663169619527	0.000451232436259	0.000427085627526	0.0	0.000478030964998	0.000251074420092	0.000374589536258	0.000645391846852	0.0006598632912	0.465366693454	0.699331777343	0.407190864183
BYQ_AAAY.snv.bam	0.00224931451061	0.000359490279592	0.000626903188025	0.00222602417412	0.000847398960944	0.000706326414982	0.00115229564229	0.000369465394473	0.000427576599597	0.000570950591739	0.000670035694978	0.000706333345055	0.000597080994487	0.000506599607206	0.000478030964998	0.0	0.000431769652947	0.000322025396072	0.000595053936102	0.000807057858324	0.465635509816	0.699516695869	0.407252777778
BYQ_AAAZ.snv.bam	0.00206553732604	0.00028045431271	0.000453994546625	0.00248857393199	0.000674490319544	0.000781904264953	0.000979387000891	0.000324564945597	0.000468014945738	0.00061138893788	0.000898416730664	0.000616908307476	0.000424172353087	0.000426386553496	0.000251074420092	0.000431769652947	0.0	0.000328328224207	0.000599130534801	0.000588000340645	0.465237642517	0.699332661031	0.407094907407
BYQ_AABA.snv.bam	0.00213937104921	0.000256048850852	0.000523461759284	0.00237763680275	0.000743957532203	0.00062914925539	0.00104885421355	0.000266023965732	0.000358270688863	0.000501644681004	0.000825905662683	0.000602891916315	0.000493639565746	0.000359800564863	0.000374589536258	0.000322025396072	0.000328328224207	0.0	0.000491612507361	0.000703616429584	0.465347253008	0.699363417168	0.407178406075
BYQ_AABB.snv.bam	0.00233644082341	0.000526851161446	0.000794264069878	0.00265363304431	0.0010147598428	0.000945188548108	0.00131965652414	0.000536826276327	0.000586308901817	0.000774673221034	0.0011419449554	0.000873694226909	0.000717073205975	0.000630250374539	0.000645391846852	0.000595053936102	0.000599130534801	0.000491612507361	0.0	0.000930885589684	0.465167644749	0.699187510963	0.407055927769
BYQ_AABC.snv.bam	0.00215275436763	0.000655742518087	0.000743943956986	0.00282463631628	0.000758853171521	0.00115719247033	0.00110676060556	0.000699853150974	0.000843303151115	0.000986677143256	0.00106583572993	0.000992196512853	0.000747152897053	0.000758141608379	0.0006598632912	0.000807057858324	0.000588000340645	0.000703616429584	0.000930885589684	0.0	0.465058230201	0.699176235216	0.407283944432
CCIS59903910ST-4-0.snv.bam	0.451717021137	0.465261961257	0.465287000241	0.460543917535	0.464754972348	0.465039502245	0.464946024349	0.465251596054	0.465191212343	0.46528111524	0.4652913891	0.465197160238	0.465244801176	0.465228533338	0.465366693454	0.465635509816	0.465237642517	0.465347253008	0.465167644749	0.465058230201	0.0	0.584169810855	0.259927337039
M4.1-V3.metaG.snv.bam	0.695616424613	0.69932512888	0.699231986486	0.696411000208	0.699328330334	0.698970669973	0.699014399723	0.699314934532	0.699255546158	0.699413700257	0.6993825139	0.699104675219	0.699262464113	0.699287228883	0.699331777343	0.699516695869	0.699332661031	0.699363417168	0.699187510963	0.699176235216	0.584169810855	0.0	0.602562103657
NG-5636_312.snv.bam	0.39253395982	0.407031776094	0.407052347982	0.3984849425	0.407410756501	0.407331767057	0.406387917638	0.407152777778	0.407010732323	0.407137199211	0.40720596162	0.407168329215	0.407286212954	0.407126175422	0.407190864183	0.407252777778	0.407094907407	0.407178406075	0.407055927769	0.407283944432	0.259927337039	0.602562103657	0.0
