	147406386-tonguedorsum3.snv.bam	158155345-tonguedorsum2.snv.bam	158256496-tonguedorsum2.snv.bam	158458797-tonguedorsum1.snv.bam	158458797-tonguedorsum2.snv.bam	158499257-tonguedorsum1.snv.bam	158499257-tonguedorsum2.snv.bam	158802708-tonguedorsum1.snv.bam	158802708-tonguedorsum2.snv.bam	158802708-tonguedorsum3.snv.bam	158883629-tonguedorsum2.snv.bam	158944319-tonguedorsum3.snv.bam	159207311-tonguedorsum2.snv.bam	159207311-tonguedorsum3.snv.bam	159227541-tonguedorsum2.snv.bam	159227541-tonguedorsum3.snv.bam	159247771-tonguedorsum2.snv.bam	159268001-tonguedorsum1.snv.bam	159268001-tonguedorsum2.snv.bam	159268001-tonguedorsum3.snv.bam	159551223-tonguedorsum1.snv.bam	159571453-tonguedorsum1.snv.bam	159591683-tonguedorsum1.snv.bam	159591683-tonguedorsum2.snv.bam	159611913-tonguedorsum1.snv.bam	159611913-tonguedorsum2.snv.bam	159632143-tonguedorsum1.snv.bam	159713063-tonguedorsum2.snv.bam	159753524-tonguedorsum1.snv.bam	159753524-tonguedorsum3.snv.bam	160178356-tonguedorsum2.snv.bam	160178356-tonguedorsum3.snv.bam	160319967-tonguedorsum2.snv.bam	160319967-tonguedorsum3.snv.bam	160400887-tonguedorsum1.snv.bam	160421117-tonguedorsum2.snv.bam	160502038-tonguedorsum1.snv.bam	160502038-tonguedorsum3.snv.bam	160582958-tonguedorsum1.snv.bam	160582958-tonguedorsum2.snv.bam	160582958-tonguedorsum3.snv.bam	160603188-tonguedorsum2.snv.bam	160603188-tonguedorsum3.snv.bam	160643649-tonguedorsum1.snv.bam	160704339-tonguedorsum1.snv.bam	160906640-tonguedorsum1.snv.bam	234447334-tonguedorsum2.snv.bam	246515023-tonguedorsum1.snv.bam	338793263-tonguedorsum2.snv.bam	370027359-tonguedorsum3.snv.bam	375450439-tonguedorsum3.snv.bam	508703490-tonguedorsum1.snv.bam	508703490-tonguedorsum2.snv.bam	550534656-tonguedorsum1.snv.bam	550534656-tonguedorsum2.snv.bam	550534656-tonguedorsum3.snv.bam	604812005-tonguedorsum3.snv.bam	638754422-tonguedorsum2.snv.bam	638754422-tonguedorsum3.snv.bam	663835652-tonguedorsum2.snv.bam	663835652-tonguedorsum3.snv.bam	675950834-tonguedorsum2.snv.bam	675950834-tonguedorsum3.snv.bam	686765762-tonguedorsum3.snv.bam	706846339-tonguedorsum1.snv.bam	737052003-tonguedorsum2.snv.bam	763395383-anteriornares3.snv.bam	763395383-tonguedorsum3.snv.bam	763557224-tonguedorsum3.snv.bam	763577454-tonguedorsum1.snv.bam	763577454-tonguedorsum2.snv.bam	763759525-tonguedorsum2.snv.bam	763820215-tonguedorsum1.snv.bam	763820215-tonguedorsum2.snv.bam	763901136-tonguedorsum2.snv.bam	763901136-tonguedorsum3.snv.bam	763961826-tonguedorsum1.snv.bam	763961826-tonguedorsum2.snv.bam	763982056-tonguedorsum1.snv.bam	763982056-tonguedorsum2.snv.bam	763982056-tonguedorsum3.snv.bam	764042746-tonguedorsum1.snv.bam	764042746-tonguedorsum2.snv.bam	764062976-tonguedorsum2.snv.bam	764143897-tonguedorsum1.snv.bam	764143897-tonguedorsum2.snv.bam	764285508-tonguedorsum1.snv.bam	764285508-tonguedorsum2.snv.bam	764325968-tonguedorsum1.snv.bam	764325968-tonguedorsum2.snv.bam	764467579-tonguedorsum3.snv.bam	764487809-tonguedorsum1.snv.bam	764487809-tonguedorsum2.snv.bam	764588959-tonguedorsum1.snv.bam	764588959-tonguedorsum2.snv.bam	764811490-tonguedorsum1.snv.bam	764811490-tonguedorsum2.snv.bam	764872181-tonguedorsum1.snv.bam	764892411-tonguedorsum2.snv.bam	765013792-tonguedorsum3.snv.bam	765034022-tonguedorsum1.snv.bam	765074482-tonguedorsum1.snv.bam	765074482-tonguedorsum3.snv.bam	765094712-tonguedorsum1.snv.bam	765094712-tonguedorsum2.snv.bam	765135172-tonguedorsum1.snv.bam	765135172-tonguedorsum2.snv.bam	765155402-tonguedorsum3.snv.bam	765195863-tonguedorsum3.snv.bam	765216093-tonguedorsum3.snv.bam	765337473-tonguedorsum2.snv.bam	765337473-tonguedorsum3.snv.bam	765560005-tonguedorsum1.snv.bam	765620695-tonguedorsum1.snv.bam	765640925-tonguedorsum1.snv.bam	823052294-tonguedorsum1.snv.bam	823052294-tonguedorsum2.snv.bam	823052294-tonguedorsum3.snv.bam	857980665-tonguedorsum2.snv.bam	857980665-tonguedorsum3.snv.bam	861967750-tonguedorsum1.snv.bam	863126187-tonguedorsum3.snv.bam	NLM027.snv.bam
147406386-tonguedorsum3.snv.bam	0.0	0.129271909163	0.116208710689	0.0974251616262	0.105722393088	0.123640542912	0.130166972125	0.137774750385	0.131604261789	0.150752527003	0.137731670958	0.159215667957	0.158792829278	0.152408889462	0.134659491584	0.13225206779	0.138050614415	0.124428966918	0.156270947498	0.125303334127	0.148824504134	0.133504751033	0.163223724227	0.15073091648	0.152146140362	0.127072553864	0.114187500184	0.152148214402	0.162253406471	0.143710684131	0.127122306128	0.113001660975	0.119471203464	0.119196902293	0.125793320476	0.126487364991	0.146699445298	0.134737751968	0.159062015726	0.127498755478	0.154393238503	0.122734055601	0.125399198095	0.104750003106	0.120464943584	0.156074809247	0.119748072345	0.124040398558	0.114285754243	0.125703549869	0.135948659917	0.123677493287	0.124394643171	0.146231125356	0.130356768975	0.137102871955	0.129898172641	0.123471129937	0.139965483265	0.118776080894	0.113204340545	0.119325960493	0.12891242587	0.126643097469	0.121221674289	0.128939000534	0.143341566289	0.137876514804	0.152910220683	0.10262873072	0.127379883921	0.122212154575	0.133268025867	0.132203832061	0.118004889652	0.124058702953	0.111831443763	0.118253572234	0.145167175588	0.14758188636	0.150273934475	0.1163412879	0.122976565556	0.115194685504	0.16859529793	0.160098417022	0.129531925532	0.117254590567	0.101349639022	0.100972324526	0.0994251123449	0.156280202309	0.158652304915	0.119290398803	0.114711220313	0.122177599137	0.1146392064	0.162751377425	0.0941752792512	0.109182656362	0.119019573891	0.106419498583	0.109872407308	0.13041085901	0.117521496922	0.137817706226	0.145909869506	0.125196447841	0.102455844261	0.116945441403	0.127132178654	0.124352984221	0.0903900330749	0.137526751691	0.12448191378	0.122670487932	0.129360242859	0.123152464198	0.13181805274	0.122962272486	0.121058326896	0.13176236412	0.14042816065
158155345-tonguedorsum2.snv.bam	0.129271909163	0.0	0.123858106589	0.129300548477	0.15132561515	0.143569789542	0.136518623951	0.133576684413	0.137762200239	0.159121304838	0.141054018361	0.177008275374	0.170911495647	0.167838167217	0.151331256154	0.132935705362	0.119762403389	0.138224779786	0.178709216162	0.150498107409	0.164850724655	0.143757471306	0.17642745182	0.158536059666	0.158659611677	0.120643517006	0.134143946729	0.153367716416	0.147253276011	0.143451002869	0.138905957804	0.12739737584	0.125558384075	0.14178417431	0.142395115205	0.131366275962	0.167860151362	0.142309547832	0.155408283701	0.135339356413	0.141553806598	0.149287497353	0.149626458816	0.135405620238	0.119432667012	0.139756687101	0.139916419192	0.120194901065	0.154776842116	0.145939076048	0.162448057238	0.12452426365	0.122424494313	0.137834208534	0.126607387951	0.134319382736	0.132085919567	0.118485514857	0.152624953101	0.136522132074	0.141013103226	0.129276137562	0.14101956972	0.146174994804	0.150713525624	0.14053312768	0.162642816841	0.137007748075	0.149538772192	0.0993437675924	0.108642688777	0.132736620654	0.162032265278	0.164238027816	0.136219118332	0.151527559675	0.131205079057	0.134598762828	0.153406217756	0.155176444807	0.158835939863	0.14117652939	0.142387669374	0.136938526685	0.180175581114	0.172836160031	0.138341977388	0.122248680171	0.12809728302	0.110917724788	0.113015405767	0.184317369173	0.176492675101	0.138424260547	0.12988517896	0.136743856264	0.130283380103	0.16353682144	0.119110071487	0.146276600149	0.151410441826	0.131680911506	0.142522349888	0.133372139168	0.1249459491	0.125543818701	0.144546317163	0.141349005624	0.143425216912	0.140724518209	0.156327588796	0.146188175759	0.112281683218	0.136287768998	0.138396526266	0.142620415978	0.141262818271	0.140404549592	0.146263027261	0.134122357534	0.145565122971	0.140818817261	0.108889756356
158256496-tonguedorsum2.snv.bam	0.116208710689	0.123858106589	0.0	0.11848473532	0.136282186402	0.127814083734	0.131460727693	0.115065633643	0.113122572309	0.130308447581	0.144445336384	0.154645616442	0.156745690483	0.13904166903	0.15614603745	0.144845095981	0.12165108951	0.150106857604	0.181298013171	0.138909022095	0.15740464507	0.149603156971	0.133185074561	0.120195811466	0.166930430967	0.144370161544	0.122019970143	0.150817839026	0.130651912905	0.146921971831	0.139845140664	0.128867732192	0.126915661369	0.133818840302	0.13946649337	0.157839407734	0.148966252964	0.131771529569	0.165313809177	0.136567128019	0.160221798097	0.131469773354	0.139392135265	0.118795264068	0.106849713926	0.157745593888	0.139263720254	0.121658881854	0.134921889278	0.115923126288	0.14116627091	0.107898819808	0.108282727995	0.131612720176	0.120085510928	0.126573560701	0.131264548593	0.147724750872	0.134375595942	0.128309947632	0.130135085733	0.129032517235	0.126217864929	0.145338210826	0.133725569667	0.138643283583	0.154469133458	0.142821443774	0.155789875771	0.106876975071	0.122766653945	0.143527536569	0.143046871661	0.134505317127	0.125003948037	0.132152600334	0.117336976268	0.119658035222	0.127486532039	0.124731786861	0.13472663246	0.142407878355	0.145001746481	0.128885913327	0.175863754699	0.173926690418	0.108930039467	0.121309979645	0.109249669552	0.110202966254	0.108988336036	0.17550683376	0.169730160066	0.113964752988	0.116936818072	0.126299038472	0.116643853049	0.151700420358	0.112515834459	0.128814554365	0.138296171373	0.137049693011	0.13850795568	0.126099760872	0.117419818961	0.133739481541	0.136461160029	0.11395882341	0.131139483895	0.123656440689	0.148866880599	0.143417934684	0.122950991842	0.149296215805	0.142475288544	0.133984684966	0.120101762547	0.126321633035	0.159598426098	0.146235875395	0.136391183816	0.126990836412	0.136971832873
158458797-tonguedorsum1.snv.bam	0.0974251616262	0.129300548477	0.11848473532	0.0	0.100577976866	0.128459744851	0.132114551007	0.149715105093	0.148937906767	0.163171023609	0.143653778404	0.183125814754	0.165777618748	0.159622520582	0.144879553356	0.138903351478	0.138497497745	0.140515092742	0.165231596872	0.130802682532	0.15919307519	0.135574522991	0.165234362724	0.149400952157	0.157048953663	0.11583074288	0.127874369117	0.160206331336	0.157177156699	0.149226661689	0.131245875289	0.127461527287	0.117666824392	0.116498148695	0.129496005405	0.149478989707	0.151415839398	0.144168720504	0.163713514831	0.13163404412	0.16287824118	0.142839603702	0.144590690755	0.112690275663	0.133271383984	0.163939737493	0.130380319086	0.127308988651	0.136578175212	0.144777729743	0.153179455405	0.132149179457	0.13332692399	0.151949741184	0.138190433682	0.140475260132	0.119865281794	0.130389274916	0.153729530524	0.115433624852	0.119260422711	0.132805598455	0.133045150626	0.160969831937	0.138450279544	0.136010583603	0.144428781734	0.150624843912	0.165183488475	0.110117208114	0.134257593301	0.12291877757	0.146458575624	0.138262031907	0.128015126533	0.134770312964	0.124261152406	0.131546934156	0.145010351178	0.145133362209	0.155786422335	0.120174647138	0.128339321009	0.155381380933	0.170269068208	0.168867614323	0.12890455307	0.121258316177	0.107809120911	0.111900402583	0.116704275338	0.155725496576	0.147642432075	0.136193051584	0.127192043381	0.127474573706	0.115610419864	0.179731330032	0.0973072334982	0.117884328242	0.1330034996	0.116478696656	0.11499876977	0.141381825279	0.130836226629	0.152140645957	0.162251681358	0.123241574069	0.125117207769	0.131324030002	0.13915679702	0.137831746181	0.0998490198817	0.149525338381	0.125524335116	0.131030846127	0.134285955836	0.128598021033	0.125823017662	0.117554208794	0.139891326147	0.139561234863	0.134956144754
158458797-tonguedorsum2.snv.bam	0.105722393088	0.15132561515	0.136282186402	0.100577976866	0.0	0.12154868717	0.119928595127	0.139568760621	0.142167664706	0.157659128613	0.145988678111	0.170944346398	0.181880251651	0.174423046121	0.130503841485	0.106844495055	0.135726080147	0.125902057809	0.155332124993	0.0985331514092	0.168818691757	0.119839803416	0.181350424457	0.169754652375	0.153100831015	0.13260019196	0.132749442256	0.140314821446	0.158686650178	0.158371785022	0.121123528553	0.111465470629	0.133073454739	0.160977143342	0.133418333476	0.163801032299	0.157931515758	0.147258074819	0.167701494215	0.126998239295	0.152897964715	0.127734220186	0.130527549243	0.140397040268	0.13024549085	0.14357283171	0.0775367522974	0.117038301928	0.108556121251	0.133017532561	0.149294786831	0.128273932936	0.130224781295	0.151411106633	0.137097550841	0.138252486235	0.097226398254	0.143924919594	0.148636094004	0.121577381242	0.1164776001	0.140846423963	0.143706061933	0.141418269435	0.118272155454	0.126945217282	0.143787233144	0.1375134932	0.156867838406	0.124282294255	0.130363356876	0.147275913408	0.155026553057	0.13918921783	0.133968472181	0.14511523598	0.122861648634	0.124570190104	0.146178507636	0.141769376174	0.15271780488	0.13280408469	0.133793142718	0.138152890265	0.166197916633	0.159949065545	0.14125663954	0.118945540403	0.122401741137	0.126004466873	0.112030221224	0.153618784797	0.140685541358	0.136256012636	0.11977921177	0.127248273622	0.114848180392	0.176614021415	0.137015733075	0.107838353532	0.11626605623	0.0851582125776	0.106333364228	0.13491536139	0.124423056038	0.132691944622	0.131453651236	0.127658503698	0.127325252185	0.138317809171	0.14167373447	0.134177700373	0.125639450156	0.147741743292	0.13213131291	0.120004890783	0.132294374453	0.125723215048	0.164654965004	0.156577362137	0.121858823312	0.134046762082	0.142271748784
158499257-tonguedorsum1.snv.bam	0.123640542912	0.143569789542	0.127814083734	0.128459744851	0.12154868717	0.0	0.0597678220296	0.129278153593	0.134201895259	0.145464473135	0.133629231242	0.148318528514	0.132827266619	0.14070399537	0.124910864189	0.116107130907	0.132363372988	0.135512958196	0.167889919768	0.104516140513	0.158276044729	0.123683353287	0.141703310617	0.127019103521	0.139182951568	0.127954383197	0.116650502523	0.129299182406	0.14113195772	0.131050139173	0.115394308422	0.106999478052	0.118006906889	0.13585841034	0.117670815721	0.151288372011	0.15175395232	0.150445698619	0.159846667754	0.129169117658	0.151115510516	0.102390464093	0.108330141559	0.132686159864	0.111635742719	0.150902408888	0.120949474025	0.0893305287768	0.112824206282	0.134942123834	0.100922792689	0.119837346892	0.108879897958	0.118467211946	0.125372156712	0.107196849008	0.099697484244	0.154916439825	0.114032253368	0.112931188288	0.110092854466	0.13194398383	0.140588504186	0.117777256743	0.124801651327	0.116957603641	0.125937373896	0.126970935234	0.139129132666	0.11525627226	0.120903017978	0.129460295614	0.156029262605	0.142234991451	0.130609795019	0.145410446498	0.105717793501	0.112541444485	0.142935518923	0.145963566757	0.124203226975	0.106706194785	0.105180839966	0.114957341984	0.139555944357	0.139939401196	0.132324298842	0.114327926208	0.117410877895	0.11186271936	0.127701073005	0.130274563539	0.135279954589	0.096225789438	0.105843063875	0.0913495168833	0.0890019258117	0.174353255445	0.0982382791751	0.100691805479	0.110315471513	0.105071114717	0.111035133571	0.130473443519	0.120106645922	0.125369646152	0.133439441881	0.0980502221984	0.119954866525	0.120164582297	0.116679626027	0.109853667416	0.120776527813	0.135899251362	0.114049590712	0.0711162864154	0.0977875442574	0.0759360023599	0.159766017747	0.156080302388	0.122831842644	0.103061943187	0.128356427597
158499257-tonguedorsum2.snv.bam	0.130166972125	0.136518623951	0.131460727693	0.132114551007	0.119928595127	0.0597678220296	0.0	0.134461492251	0.137926483615	0.149615089245	0.130583058049	0.131746918568	0.144481467274	0.153233243855	0.124511614379	0.11406468665	0.125406145095	0.134121571326	0.160207583352	0.0871619996459	0.154114001309	0.118128516676	0.162727700095	0.140871424403	0.147728427383	0.130090265106	0.118834585857	0.122210929924	0.139464645139	0.129996836345	0.10850060387	0.0966010745203	0.112137589026	0.130822012077	0.117877789539	0.138504816117	0.151003727213	0.14744070074	0.146215084954	0.121267359338	0.142177891012	0.106034530005	0.107616864046	0.12847431175	0.114895362583	0.139055738912	0.124209187976	0.0904422069969	0.11417099415	0.130685631911	0.12037658109	0.12534987744	0.109767494577	0.125095625938	0.122241591932	0.116871331121	0.0975330283356	0.147081099369	0.133926062821	0.110760329628	0.105375117146	0.123384647181	0.133940160023	0.116251642036	0.126661578984	0.109945085766	0.130184036788	0.124854578259	0.136013258696	0.113832409254	0.115144069577	0.1382543864	0.150808822639	0.141652653632	0.130108066002	0.142772991073	0.110976194216	0.115131327998	0.139005771142	0.144377591692	0.136614179988	0.119525893361	0.114150629985	0.111837255072	0.138635569249	0.137214931523	0.128605266247	0.100536653907	0.122871273034	0.107268831887	0.124651240485	0.138971674403	0.134174291676	0.108959771894	0.111650916673	0.0882472275834	0.0909215348049	0.164082198733	0.109830893599	0.105408625868	0.111748110934	0.101647648889	0.103684507724	0.13156977626	0.120421464892	0.108749348034	0.117311133751	0.10079775492	0.118102307429	0.118862643604	0.112226129316	0.108000616772	0.117763300477	0.137218259967	0.113575894196	0.0864074150801	0.109755138397	0.0924615971776	0.16664586391	0.156742452436	0.111650941723	0.115584955497	0.128515783787
158802708-tonguedorsum1.snv.bam	0.137774750385	0.133576684413	0.115065633643	0.149715105093	0.139568760621	0.129278153593	0.134461492251	0.0	0.0590359929177	0.0636575568918	0.160091742953	0.161585579652	0.170075066345	0.159534891115	0.145717037924	0.145258084655	0.113521751861	0.146363964973	0.179067686241	0.124143041007	0.160544341581	0.157001224364	0.158515261848	0.149527811918	0.140105554083	0.134272421641	0.142940427322	0.146944524055	0.104828867455	0.136957078432	0.146941357953	0.141249215945	0.149210351988	0.172585810743	0.145806235713	0.172439475862	0.157600291491	0.158327643737	0.17883215456	0.156299648819	0.166645892043	0.125947141351	0.124204111033	0.143682819842	0.115777441572	0.163951866272	0.137992014812	0.122552181636	0.132850721093	0.111758818668	0.12859025788	0.123906994722	0.12533872746	0.141282982834	0.146579103088	0.135229981863	0.124737457629	0.164633395106	0.136541085278	0.140847318922	0.137967950204	0.15774264914	0.157804314367	0.13492178794	0.123178247145	0.14645950433	0.174997464617	0.147373377303	0.162432341225	0.133430851381	0.139735546307	0.139855809219	0.158663903148	0.133943581269	0.147261883279	0.156038583398	0.118555252343	0.112915210425	0.134223146858	0.135584268738	0.142391285516	0.1529996686	0.152188144508	0.135672208155	0.192383361769	0.18399483068	0.119608043698	0.128075026497	0.121101439967	0.119869309214	0.14307727056	0.171610048414	0.1723425071	0.110422636865	0.113911103484	0.130245951989	0.123530459256	0.170036924297	0.131135683631	0.13181143457	0.158620543897	0.12742223831	0.133068277981	0.150088129006	0.141455007798	0.136819914514	0.13140244075	0.124386029775	0.147480199378	0.14705616644	0.154971082775	0.151912143153	0.132598255331	0.150575567973	0.15123776897	0.133119304285	0.121446529333	0.124435607393	0.176827689586	0.167489088798	0.141129961064	0.133678317581	0.149528839017
158802708-tonguedorsum2.snv.bam	0.131604261789	0.137762200239	0.113122572309	0.148937906767	0.142167664706	0.134201895259	0.137926483615	0.0590359929177	0.0	0.0471314524162	0.154128738117	0.160265832655	0.166215362722	0.156679912937	0.148603551524	0.146551377797	0.1072604687	0.144023240828	0.176709959274	0.13105394743	0.166043157373	0.149374989924	0.155813128346	0.148290230948	0.159586295172	0.152113762229	0.135679888883	0.147999316688	0.126309574833	0.143959406952	0.143359738421	0.137793927971	0.1426111995	0.160682144093	0.142025578022	0.17729078408	0.159053776704	0.153817060938	0.183620012017	0.158572506849	0.170687307119	0.129844005067	0.12695627961	0.141240069908	0.104792821356	0.172618173088	0.143372232204	0.123166759062	0.134728966993	0.0951980702131	0.13711689716	0.125875532148	0.126598447194	0.151446349959	0.145133500744	0.143396355061	0.132592562962	0.176128999165	0.148316384931	0.133997235077	0.133883679016	0.156799044035	0.154971092781	0.140985035234	0.123455352236	0.144404818145	0.173474770951	0.14470538147	0.164783344596	0.128915072299	0.137538471214	0.145143044823	0.159359167593	0.131937779016	0.146445748209	0.156251923653	0.115354874204	0.112880545826	0.133653729163	0.132069407303	0.148077981736	0.152610840189	0.149920699239	0.132768298835	0.183163971897	0.175171060434	0.127968053443	0.133299654488	0.111044761878	0.114025768965	0.131809198282	0.174335783496	0.17415247868	0.102265422418	0.110845543766	0.121627905167	0.116206220321	0.18166650294	0.134946718217	0.12893983562	0.15143396063	0.129109344367	0.131494821409	0.145504385642	0.137077100919	0.134304423462	0.130831842854	0.11564668712	0.14506737233	0.140281788649	0.151588013919	0.148378626553	0.128887097952	0.155129318383	0.146300979623	0.131634523845	0.101897220803	0.116281118015	0.19431291015	0.182079607356	0.140022797778	0.138825808172	0.15503646809
158802708-tonguedorsum3.snv.bam	0.150752527003	0.159121304838	0.130308447581	0.163171023609	0.157659128613	0.145464473135	0.149615089245	0.0636575568918	0.0471314524162	0.0	0.174306405801	0.161016381372	0.179644708619	0.17070134242	0.162361619945	0.166707193088	0.121827404814	0.166855954996	0.192415307127	0.138211693697	0.184800547358	0.171603557251	0.170319301887	0.166871855786	0.171883975741	0.164621495595	0.146230547164	0.166036234826	0.133285530552	0.149236469077	0.154034912177	0.154977505715	0.162240100215	0.174572751457	0.164229575697	0.19095437672	0.164268787983	0.170760382082	0.19715779321	0.174531782098	0.185453602784	0.143857840972	0.14306539566	0.149907817324	0.130517184541	0.187870390581	0.15833461838	0.139760740648	0.149616039414	0.0974917108531	0.147960080559	0.143516135503	0.144723774753	0.161594552072	0.161216582402	0.156289670793	0.145937151086	0.18586983964	0.162271444602	0.160959906302	0.156949952404	0.166545362323	0.163378111476	0.157242833528	0.132242845699	0.162247479849	0.186361470533	0.1618557257	0.176644546387	0.150982998114	0.161648260139	0.164584934957	0.15731781352	0.139050465934	0.155427659688	0.16232892337	0.131317235204	0.124315161324	0.142073938439	0.142375345579	0.156827066359	0.176005485264	0.173558172568	0.144692457598	0.193930965524	0.186777677987	0.13625045548	0.14611090205	0.128729344448	0.13330234662	0.156232744774	0.183895271415	0.187054316859	0.120494116466	0.138173673732	0.144537746823	0.134086634569	0.183055342033	0.147457139614	0.148809316484	0.169431802517	0.142273742481	0.142514486059	0.165799064356	0.156946634143	0.15639384451	0.149406258884	0.137707256891	0.157101697297	0.152533443152	0.154990154877	0.154193612907	0.150697943109	0.174950209098	0.165430647259	0.143583438659	0.11498917842	0.13535082504	0.193538802851	0.187047059756	0.15259618953	0.153292820516	0.165597630616
158883629-tonguedorsum2.snv.bam	0.137731670958	0.141054018361	0.144445336384	0.143653778404	0.145988678111	0.133629231242	0.130583058049	0.160091742953	0.154128738117	0.174306405801	0.0	0.16467459735	0.133574566179	0.145053421495	0.139921051641	0.132381337443	0.124037509634	0.14734104889	0.177182040839	0.126880526398	0.158368587743	0.130246984773	0.18821578095	0.162586141094	0.176754775612	0.161369246292	0.137986980142	0.145770675494	0.15959150436	0.150873940046	0.138525739164	0.112561431796	0.131282614466	0.152893196375	0.130804557324	0.132344911591	0.146837070106	0.140600119937	0.112137912929	0.111668047053	0.120909667358	0.128021345888	0.132428945528	0.143923232826	0.12184895784	0.161727763043	0.137841038026	0.122643874517	0.137539912513	0.150982536976	0.147580781563	0.137892839068	0.125589567442	0.153160445161	0.143752385139	0.138661331141	0.131128965866	0.164548894936	0.147857217885	0.125830679745	0.130109393817	0.138820194424	0.146250234675	0.154124126741	0.146340626256	0.130127624333	0.168023422702	0.11556806971	0.117114611248	0.120675230852	0.11194584411	0.154580294212	0.170903084255	0.157891324583	0.125461319816	0.140034646857	0.128411580786	0.130293553309	0.161554966396	0.162672710071	0.165949257305	0.136616126337	0.128270167398	0.141835309296	0.182663469312	0.173655529683	0.154318440689	0.127855565677	0.120906396312	0.127155937079	0.125504329351	0.164311575976	0.166270039411	0.147634856781	0.135126447511	0.126412720462	0.120409502153	0.170632420221	0.125877946719	0.116072048362	0.124165254616	0.123661698953	0.120808850307	0.142943497306	0.12665273537	0.118527292737	0.134873838256	0.127573379315	0.131641176186	0.126191116421	0.146226494621	0.14386966843	0.112896037887	0.125913797442	0.131715503927	0.137329377827	0.1306286243	0.131794239976	0.169731190049	0.160620586474	0.119264059633	0.140700442146	0.125952358228
158944319-tonguedorsum3.snv.bam	0.159215667957	0.177008275374	0.154645616442	0.183125814754	0.170944346398	0.148318528514	0.131746918568	0.161585579652	0.160265832655	0.161016381372	0.16467459735	0.0	0.157175405678	0.15290152155	0.161699408466	0.145131518287	0.156395168996	0.145179381119	0.152791006069	0.143292553308	0.173020502185	0.157390389528	0.182031821188	0.174142393633	0.206864199796	0.185358987716	0.163477206804	0.153462093831	0.1742727474	0.155233237231	0.149979822879	0.12278648609	0.121759208329	0.143746361261	0.174417447969	0.186012216512	0.2026543278	0.197042684704	0.160654599762	0.1503819476	0.156588540695	0.145019817194	0.149672046065	0.179048056999	0.149512712812	0.158417511248	0.161976808553	0.154533254728	0.16144482284	0.149877861224	0.164667216454	0.154728029823	0.151510677802	0.173446101105	0.174146026939	0.163866473043	0.1582015402	0.189648691002	0.169308728808	0.148294684099	0.150113950889	0.181602270875	0.179474731478	0.147755698103	0.160973537177	0.140303083086	0.173343247806	0.149669378503	0.169409664868	0.164894542779	0.164163954363	0.179318169864	0.187357049144	0.180136525812	0.171530404818	0.180290700358	0.167276034324	0.162660363939	0.169816855229	0.159359500595	0.170164106064	0.173789944996	0.171664760266	0.144794195316	0.168444130982	0.168516325306	0.160037757528	0.154710553051	0.160493098578	0.166185943618	0.159900295453	0.177216413301	0.168741850282	0.12378404458	0.157476118554	0.136345515723	0.146314745635	0.198296282659	0.158649660061	0.155902348236	0.163371912992	0.166228852249	0.160263154545	0.162695131622	0.156534148046	0.167018966218	0.137079413901	0.151723281156	0.165952643328	0.166598321231	0.170749155939	0.167470680255	0.153345588268	0.174352497598	0.152538876266	0.160391645082	0.167823037974	0.157497128953	0.178680656275	0.177773351556	0.116085491481	0.15510138686	0.147067842288
159207311-tonguedorsum2.snv.bam	0.158792829278	0.170911495647	0.156745690483	0.165777618748	0.181880251651	0.132827266619	0.144481467274	0.170075066345	0.166215362722	0.179644708619	0.133574566179	0.157175405678	0.0	0.0580109979726	0.166973350136	0.160512962911	0.152659899395	0.180960378229	0.20941683306	0.166154591835	0.181714309453	0.169866239377	0.148354023957	0.149548059392	0.189396651304	0.183389298869	0.162835985141	0.173391499943	0.177072017054	0.158822165781	0.157607770653	0.145435036777	0.149702705005	0.177189851904	0.146088345448	0.16941982742	0.176679508263	0.175310344217	0.138058136119	0.132539311729	0.134941644012	0.144267764634	0.149045505184	0.160401595705	0.137648340923	0.184046822052	0.172205906669	0.144714286419	0.163643563973	0.177757410006	0.141976494371	0.160680112495	0.143003329794	0.157536067852	0.157364412823	0.143182271198	0.15592944014	0.191966356163	0.160194081903	0.144824482746	0.150512227607	0.155615962136	0.15823971773	0.173910066399	0.162969839958	0.165986105471	0.156836475157	0.150018560748	0.142058120808	0.14541489876	0.136014113887	0.157998895782	0.191593689713	0.179809254299	0.144241717647	0.153940386962	0.167738294755	0.172814251845	0.176248636521	0.176437388391	0.160826452588	0.143209610363	0.139321467279	0.160083505142	0.189414447023	0.192503850915	0.173553543114	0.163121949438	0.140066550302	0.145839835279	0.163589479435	0.174902784695	0.181241995572	0.130978630322	0.144184262443	0.143362072732	0.155973147972	0.181988113684	0.126838555768	0.132004733516	0.160593406736	0.166444148379	0.165885015517	0.160700175141	0.147468371103	0.150253066308	0.16301436425	0.133400228414	0.168128293743	0.158100747731	0.160643633969	0.161610473507	0.138310559351	0.149924828434	0.1486323242	0.14507996042	0.140382640837	0.13737513768	0.174537561433	0.168752265061	0.157257019638	0.1466038885	0.160624353563
159207311-tonguedorsum3.snv.bam	0.152408889462	0.167838167217	0.13904166903	0.159622520582	0.174423046121	0.14070399537	0.153233243855	0.159534891115	0.156679912937	0.17070134242	0.145053421495	0.15290152155	0.0580109979726	0.0	0.169861880113	0.156961963235	0.155002145596	0.175662712721	0.202844638433	0.165409256774	0.182328704431	0.168778093292	0.14105824146	0.144461893674	0.194309000714	0.17968575594	0.154760022252	0.176115593111	0.16875149134	0.159815435655	0.159701744154	0.151569549231	0.141130519037	0.16612233156	0.147332321165	0.180355052149	0.173277502577	0.170141355937	0.154300298904	0.147014218798	0.147935479481	0.147667564519	0.147627620733	0.15449111668	0.132286150559	0.175559680105	0.170833710436	0.15046169636	0.163681880753	0.178456562423	0.143931182931	0.1543260292	0.143560248329	0.155731646721	0.151127024281	0.140417733332	0.15221038329	0.189620760028	0.149530596713	0.147454657731	0.152374132408	0.162614763008	0.159015012998	0.169709574056	0.15593172195	0.164298225062	0.159107243979	0.146532661068	0.156289397229	0.141941711342	0.1383066469	0.153088747068	0.187414551158	0.172707101436	0.140767206633	0.153103401802	0.159991416506	0.169828048177	0.170740889088	0.160777505693	0.154543987719	0.138743832536	0.134247929691	0.156474410695	0.190432636646	0.193444955399	0.160738600366	0.16466739584	0.136246984026	0.143804612308	0.157141557072	0.178815998566	0.175519131023	0.12298963957	0.144402824761	0.148835821415	0.155842193403	0.193003704853	0.125578764493	0.129539759845	0.169043367464	0.169385792032	0.163903243954	0.149507909046	0.141365626845	0.15851621702	0.160946247007	0.130695121217	0.171549700334	0.15565125275	0.162307214061	0.161266228539	0.132844064728	0.151032828566	0.150721225875	0.151708207791	0.140920265278	0.140225455993	0.167008754457	0.163417167729	0.15808246022	0.141940400036	0.153284537095
159227541-tonguedorsum2.snv.bam	0.134659491584	0.151331256154	0.15614603745	0.144879553356	0.130503841485	0.124910864189	0.124511614379	0.145717037924	0.148603551524	0.162361619945	0.139921051641	0.161699408466	0.166973350136	0.169861880113	0.0	0.0693648260697	0.142902800118	0.134743349423	0.147076021621	0.0998305937096	0.177014501077	0.14016649784	0.191551260213	0.177896365714	0.154579765513	0.151436746737	0.139138513187	0.142206612686	0.163839363194	0.150024890271	0.120479610235	0.107630437428	0.126412104145	0.152215262213	0.117955602284	0.15965155155	0.1633098973	0.1516309609	0.152554813463	0.119658799335	0.13927478335	0.125159179357	0.124223620484	0.138480378832	0.126809236743	0.157655234484	0.130463155523	0.132093057359	0.131443675222	0.145018472138	0.15212258562	0.141510069662	0.139482647463	0.160605387181	0.15405235568	0.146232856104	0.118038647776	0.167702230403	0.143930445438	0.124777131603	0.134299567391	0.142631309049	0.15559854807	0.117075151577	0.11600892147	0.127425317127	0.162187323127	0.131215953979	0.140390703363	0.130273141348	0.130838617221	0.142014777289	0.169265111328	0.153817752034	0.147578378187	0.15778214484	0.121985868197	0.123201054804	0.128149803786	0.137216846329	0.13773181656	0.126603390406	0.127830738232	0.112446307257	0.125652348416	0.112624795146	0.152996669223	0.134224037686	0.12336860465	0.131399371699	0.144292822595	0.147018039449	0.157455375989	0.145931039824	0.109926297995	0.122656755101	0.114973779533	0.184716980034	0.133347762831	0.129146318537	0.114182071378	0.131639810518	0.136119463973	0.150011517464	0.134370540375	0.141045937493	0.13821437369	0.125139495432	0.145610581995	0.136240602233	0.131047026199	0.12753153023	0.129215687744	0.148731328492	0.135277053691	0.116237720858	0.138543087889	0.109710535832	0.171292032506	0.155403768209	0.132061213267	0.141914805497	0.139779333441
159227541-tonguedorsum3.snv.bam	0.13225206779	0.132935705362	0.144845095981	0.138903351478	0.106844495055	0.116107130907	0.11406468665	0.145258084655	0.146551377797	0.166707193088	0.132381337443	0.145131518287	0.160512962911	0.156961963235	0.0693648260697	0.0	0.133958834722	0.126963942479	0.155329284339	0.0912625678986	0.16375500238	0.119196134529	0.190705424755	0.172178405511	0.168870930913	0.148565603011	0.137851795588	0.109223863163	0.154628015428	0.145729680599	0.0933982848584	0.0855813647679	0.0938288766343	0.153118463307	0.1149437376	0.156954778957	0.161252581623	0.140914910493	0.140473370101	0.111260126714	0.123460293128	0.120414651373	0.122968618574	0.151798552438	0.116538289784	0.0961692349128	0.084738212535	0.107595019701	0.120051568361	0.134217768204	0.149583200748	0.119953834319	0.12047260752	0.146282458107	0.126485988872	0.131220667295	0.0865319329606	0.131802260161	0.116773239179	0.108358562072	0.120179762625	0.125154439068	0.147941549753	0.12364220312	0.126374007194	0.0904071804325	0.151312785904	0.127526777214	0.140727114065	0.114356636221	0.109931236658	0.144029755273	0.171447503085	0.151717413501	0.134698774108	0.148225168707	0.120561389213	0.127874119851	0.14307596069	0.140290307993	0.144010121764	0.127886259071	0.125027377309	0.128540119458	0.133637180593	0.126186080076	0.153491654957	0.121116461006	0.127163089283	0.111582692923	0.116731919803	0.142307715458	0.139695934308	0.137142751655	0.107964298815	0.109446099127	0.107299725484	0.176090082173	0.133346048372	0.110357063059	0.11117147768	0.119423596166	0.130456564777	0.125061974161	0.105528786961	0.128169940485	0.118163225639	0.119247364354	0.13127471149	0.132911619712	0.141246493996	0.13012559726	0.110946414069	0.129173354407	0.125053659152	0.108710815375	0.13495403382	0.10517549834	0.163034240928	0.140551425339	0.108707498671	0.124303473719	0.111677313357
159247771-tonguedorsum2.snv.bam	0.138050614415	0.119762403389	0.12165108951	0.138497497745	0.135726080147	0.132363372988	0.125406145095	0.113521751861	0.1072604687	0.121827404814	0.124037509634	0.156395168996	0.152659899395	0.155002145596	0.142902800118	0.133958834722	0.0	0.153028663255	0.191496905673	0.127073339219	0.158020498122	0.144603928673	0.180877879878	0.164228977366	0.164454785385	0.150060658643	0.1178585317	0.148232333321	0.114742292418	0.135297675339	0.123898872443	0.114138238683	0.13203532465	0.160491680149	0.13067330629	0.15664885283	0.141527877286	0.133508408571	0.147251738809	0.127784912924	0.139827178744	0.122218706311	0.129795555585	0.130222887971	0.115543563827	0.156021103517	0.134122578956	0.11463236301	0.138485624642	0.131858686447	0.149380028601	0.115349133082	0.107096646037	0.136216081973	0.128847652895	0.128904441226	0.119097769142	0.163287077195	0.135550497017	0.13204053697	0.13250026657	0.124226717599	0.130595105883	0.160838802555	0.14117510069	0.13465405894	0.150181206698	0.121882665053	0.148471851462	0.112107716923	0.11428772974	0.141240068169	0.152371842721	0.131601568499	0.125702769992	0.140309183815	0.115443062444	0.126537609798	0.140561386745	0.136350924056	0.145762772132	0.150921695632	0.149283124067	0.139661654725	0.165890010142	0.163245608297	0.124184950733	0.126784072204	0.117455141541	0.100510870112	0.114965800357	0.169689146528	0.168230828936	0.129289097643	0.130444525778	0.131599901257	0.108433955784	0.158538344772	0.124595504516	0.122446301423	0.139840953044	0.11803600469	0.124174811393	0.135835683324	0.126987293116	0.116149924205	0.124649931881	0.105483979906	0.137597987055	0.122644279328	0.141064796467	0.140565309191	0.120137716174	0.132135236553	0.133798758231	0.130003448238	0.124975730832	0.130218315829	0.179180415818	0.165952063197	0.120366668524	0.125835475742	0.118910077586
159268001-tonguedorsum1.snv.bam	0.124428966918	0.138224779786	0.150106857604	0.140515092742	0.125902057809	0.135512958196	0.134121571326	0.146363964973	0.144023240828	0.166855954996	0.14734104889	0.145179381119	0.180960378229	0.175662712721	0.134743349423	0.126963942479	0.153028663255	0.0	0.0758144625221	0.124882576971	0.157044370518	0.117059790336	0.19147627458	0.16964882452	0.168544531022	0.142530495176	0.133998578893	0.135616594798	0.172989468737	0.160238316771	0.136385101482	0.116723401082	0.112435001661	0.115024709154	0.146109836581	0.162713844894	0.164756772913	0.156693803483	0.167195843349	0.140653152269	0.156663334605	0.124149959975	0.124519522087	0.152007132228	0.122010490056	0.153909735855	0.115532248017	0.141681779948	0.132010339227	0.150236995631	0.155888636023	0.150144221804	0.146560423371	0.163126395697	0.151366050033	0.145225930502	0.135121871779	0.160890442537	0.154336174869	0.118743394341	0.114930667457	0.155718321005	0.167329466182	0.114706037333	0.12921739507	0.122923764181	0.167252680479	0.123896966071	0.15531041871	0.137329238004	0.140051903988	0.142758906864	0.159513429591	0.129302531597	0.156629542921	0.166904438672	0.131488902009	0.123687935491	0.155859341266	0.16002775725	0.161955555693	0.14302338842	0.144841036747	0.127934366675	0.167026830757	0.158830698994	0.156379036216	0.136153113366	0.12654668738	0.133219260796	0.136496091451	0.160622153233	0.157626475546	0.143528626249	0.133575336819	0.113566146573	0.110459174471	0.198257098089	0.142976231987	0.13770894468	0.141575269979	0.128078332995	0.12908366466	0.150883064364	0.139596399237	0.159758137315	0.16239352946	0.138308028136	0.14145962444	0.144165333356	0.144459496869	0.14224382162	0.132833522412	0.146148802697	0.136277217991	0.14333764134	0.14580262269	0.136623568032	0.174578706245	0.167976400945	0.134515665464	0.146834296977	0.145292601096
159268001-tonguedorsum2.snv.bam	0.156270947498	0.178709216162	0.181298013171	0.165231596872	0.155332124993	0.167889919768	0.160207583352	0.179067686241	0.176709959274	0.192415307127	0.177182040839	0.152791006069	0.20941683306	0.202844638433	0.147076021621	0.155329284339	0.191496905673	0.0758144625221	0.0	0.146493957638	0.188837348655	0.150906894005	0.210895293679	0.189666978757	0.173968766465	0.159923798218	0.15913254484	0.180758870052	0.195420213217	0.181378252614	0.158897118252	0.140562599042	0.149086871664	0.134782639119	0.172809386303	0.189297522945	0.18434623543	0.177279581617	0.195556831216	0.184198846501	0.201342345311	0.155523618167	0.154942869683	0.174696191881	0.156982855605	0.195908729367	0.169409707127	0.178374501129	0.173410158959	0.177542333266	0.177410462553	0.188095739721	0.183419093061	0.19338535114	0.187923780737	0.184179365481	0.177667276096	0.20047656633	0.191152191848	0.150931549781	0.154844700942	0.188276676379	0.194055962288	0.125836844657	0.148322930633	0.159999194917	0.185683710821	0.16112346423	0.180670805655	0.176615982645	0.177726650397	0.166953122961	0.177122767212	0.145384375851	0.176624597607	0.181475188091	0.163983010937	0.151742711191	0.177740735293	0.184577295588	0.188892719529	0.157794972306	0.157934721976	0.151953572527	0.190163467381	0.179196439651	0.179576448847	0.163598482737	0.143908837329	0.171093669825	0.174279218483	0.173854308241	0.175057899955	0.17082439071	0.162683003942	0.145985190166	0.150847690251	0.223007376761	0.173197439915	0.17262188742	0.165751704635	0.16748558201	0.15647677329	0.192122367705	0.179717521505	0.192137587732	0.191953255492	0.163712444848	0.165769353374	0.16790058257	0.152932765224	0.161275633674	0.163913886909	0.184228243684	0.165263578741	0.174608186799	0.174196137655	0.166243363453	0.206872720591	0.199118654042	0.1688749485	0.171034824259	0.182977095215
