	103092734-subgingivalplaque3.snv.bam	158114885-supragingivalplaque2.snv.bam	158883629-supragingivalplaque2.snv.bam	159510762-supragingivalplaque2.snv.bam	159814214-supragingivalplaque2.snv.bam	160158126-supragingivalplaque2.snv.bam	160400887-supragingivalplaque1.snv.bam	160582958-supragingivalplaque1.snv.bam	246515023-supragingivalplaque2.snv.bam	675950834-supragingivalplaque2.snv.bam	675950834-supragingivalplaque3.snv.bam	763496533-subgingivalplaque1.snv.bam	763901136-supragingivalplaque3.snv.bam	763961826-subgingivalplaque1.snv.bam	764042746-subgingivalplaque2.snv.bam	764143897-supragingivalplaque2.snv.bam	764366428-subgingivalplaque3.snv.bam	765013792-supragingivalplaque2.snv.bam	765094712-supragingivalplaque2.snv.bam	823052294-supragingivalplaque2.snv.bam	861967750-supragingivalplaque2.snv.bam
103092734-subgingivalplaque3.snv.bam	0.0	0.106630967619	0.0715075711854	0.0847289723178	0.0885335083489	0.115177447684	0.0345599675344	0.0873394779344	0.0943719074504	0.0687551991171	0.0828250101258	0.0832364956336	0.0856685161852	0.075149732286	0.0731564419672	0.0635309566909	0.0686694202732	0.0751712957669	0.0791610706239	0.0710677565625	0.0826235189153
158114885-supragingivalplaque2.snv.bam	0.106630967619	0.0	0.117362533718	0.0918507650029	0.109744018316	0.12071938926	0.11333765903	0.111949893053	0.112241945089	0.114626498869	0.124770869276	0.131386128741	0.120394680259	0.115396106893	0.126353456568	0.118969376636	0.129656840542	0.114563263613	0.12579003486	0.117333230046	0.112111532687
158883629-supragingivalplaque2.snv.bam	0.0715075711854	0.117362533718	0.0	0.0896436883164	0.0915228441824	0.13429015751	0.0912534625913	0.0996594543644	0.103526238898	0.0867405835177	0.101904163315	0.0984365424777	0.10049387756	0.0804952982961	0.0854077722242	0.076746900879	0.0813133181079	0.0782641345831	0.0794198959702	0.0817119467125	0.0867715782551
159510762-supragingivalplaque2.snv.bam	0.0847289723178	0.0918507650029	0.0896436883164	0.0	0.0686518906277	0.122452830707	0.0863834298732	0.0939343349813	0.0832656624002	0.0926376563794	0.106047068698	0.115192314357	0.0944941224637	0.0966835445348	0.106143546643	0.0777214523057	0.100087363713	0.0732550061505	0.0965051626266	0.0888487397079	0.0994011696429
159814214-supragingivalplaque2.snv.bam	0.0885335083489	0.109744018316	0.0915228441824	0.0686518906277	0.0	0.113849561517	0.0911208358798	0.0987040114311	0.0934793091043	0.0887576033123	0.0998897766977	0.106866782253	0.0937755128828	0.0979497206195	0.102392448229	0.0814569836204	0.097691254484	0.075399079115	0.10361876377	0.0901894876215	0.105944436263
160158126-supragingivalplaque2.snv.bam	0.115177447684	0.12071938926	0.13429015751	0.122452830707	0.113849561517	0.0	0.121133942211	0.123910183841	0.122608042843	0.105582755659	0.115327350442	0.133561938891	0.122673665568	0.130454949469	0.124171540044	0.114515572357	0.128828566606	0.108920260269	0.134391337863	0.125824605502	0.138203604546
160400887-supragingivalplaque1.snv.bam	0.0345599675344	0.11333765903	0.0912534625913	0.0863834298732	0.0911208358798	0.121133942211	0.0	0.0926335569345	0.0993141117554	0.0776270468769	0.08695470227	0.0953468946039	0.0967685369624	0.0911193719168	0.0859315804839	0.077399399197	0.0871061391193	0.0832439444911	0.0940742995547	0.0847448752767	0.0893743391
160582958-supragingivalplaque1.snv.bam	0.0873394779344	0.111949893053	0.0996594543644	0.0939343349813	0.0987040114311	0.123910183841	0.0926335569345	0.0	0.0854839022466	0.0873397007563	0.100018452321	0.116168605242	0.0840170799907	0.0833317911805	0.113937871759	0.0687720142074	0.106972125242	0.0912942953842	0.112932010886	0.0929769804039	0.0992638111481
246515023-supragingivalplaque2.snv.bam	0.0943719074504	0.112241945089	0.103526238898	0.0832656624002	0.0934793091043	0.122608042843	0.0993141117554	0.0854839022466	0.0	0.0978047280692	0.111443915713	0.123841643859	0.0700371723772	0.0943002739798	0.115937083436	0.0873417688749	0.115460463114	0.0819707060962	0.106024650506	0.0960580812769	0.0970129769153
675950834-supragingivalplaque2.snv.bam	0.0687551991171	0.114626498869	0.0867405835177	0.0926376563794	0.0887576033123	0.105582755659	0.0776270468769	0.0873397007563	0.0978047280692	0.0	0.0466375263629	0.103286928696	0.0864199506033	0.0902521292461	0.0807590817066	0.072285327142	0.0859290365906	0.0751628082873	0.0963814885624	0.0889539704533	0.0983069264636
675950834-supragingivalplaque3.snv.bam	0.0828250101258	0.124770869276	0.101904163315	0.106047068698	0.0998897766977	0.115327350442	0.08695470227	0.100018452321	0.111443915713	0.0466375263629	0.0	0.113146914223	0.0963654121418	0.0993461696516	0.0972573273045	0.0890728522778	0.10074812845	0.0937236632754	0.103859301358	0.09631783991	0.111262466565
763496533-subgingivalplaque1.snv.bam	0.0832364956336	0.131386128741	0.0984365424777	0.115192314357	0.106866782253	0.133561938891	0.0953468946039	0.116168605242	0.123841643859	0.103286928696	0.113146914223	0.0	0.114767786265	0.101604598195	0.106212687485	0.104331917901	0.0875375299299	0.106389155102	0.113625556736	0.0924782750321	0.114313872784
763901136-supragingivalplaque3.snv.bam	0.0856685161852	0.120394680259	0.10049387756	0.0944941224637	0.0937755128828	0.122673665568	0.0967685369624	0.0840170799907	0.0700371723772	0.0864199506033	0.0963654121418	0.114767786265	0.0	0.0708852417799	0.0972655084878	0.0843316612177	0.101346731394	0.070665048964	0.0879736072477	0.0918837154469	0.102752086492
763961826-subgingivalplaque1.snv.bam	0.075149732286	0.115396106893	0.0804952982961	0.0966835445348	0.0979497206195	0.130454949469	0.0911193719168	0.0833317911805	0.0943002739798	0.0902521292461	0.0993461696516	0.101604598195	0.0708852417799	0.0	0.0790004201995	0.0781213724404	0.0747183540178	0.082279293698	0.0537709633864	0.0944614491155	0.0806652460894
764042746-subgingivalplaque2.snv.bam	0.0731564419672	0.126353456568	0.0854077722242	0.106143546643	0.102392448229	0.124171540044	0.0859315804839	0.113937871759	0.115937083436	0.0807590817066	0.0972573273045	0.106212687485	0.0972655084878	0.0790004201995	0.0	0.0825488178863	0.0726468134523	0.0814427557086	0.0652479147914	0.100340898972	0.0935220692997
764143897-supragingivalplaque2.snv.bam	0.0635309566909	0.118969376636	0.076746900879	0.0777214523057	0.0814569836204	0.114515572357	0.077399399197	0.0687720142074	0.0873417688749	0.072285327142	0.0890728522778	0.104331917901	0.0843316612177	0.0781213724404	0.0825488178863	0.0	0.077006361516	0.0589648609193	0.0809442218301	0.0671349157715	0.086919344171
764366428-subgingivalplaque3.snv.bam	0.0686694202732	0.129656840542	0.0813133181079	0.100087363713	0.097691254484	0.128828566606	0.0871061391193	0.106972125242	0.115460463114	0.0859290365906	0.10074812845	0.0875375299299	0.101346731394	0.0747183540178	0.0726468134523	0.077006361516	0.0	0.0835697051402	0.0647393382139	0.0944443332172	0.088764203906
765013792-supragingivalplaque2.snv.bam	0.0751712957669	0.114563263613	0.0782641345831	0.0732550061505	0.075399079115	0.108920260269	0.0832439444911	0.0912942953842	0.0819707060962	0.0751628082873	0.0937236632754	0.106389155102	0.070665048964	0.082279293698	0.0814427557086	0.0589648609193	0.0835697051402	0.0	0.0780146686725	0.0934992524738	0.0884356774708
765094712-supragingivalplaque2.snv.bam	0.0791610706239	0.12579003486	0.0794198959702	0.0965051626266	0.10361876377	0.134391337863	0.0940742995547	0.112932010886	0.106024650506	0.0963814885624	0.103859301358	0.113625556736	0.0879736072477	0.0537709633864	0.0652479147914	0.0809442218301	0.0647393382139	0.0780146686725	0.0	0.101729851326	0.091402104808
823052294-supragingivalplaque2.snv.bam	0.0710677565625	0.117333230046	0.0817119467125	0.0888487397079	0.0901894876215	0.125824605502	0.0847448752767	0.0929769804039	0.0960580812769	0.0889539704533	0.09631783991	0.0924782750321	0.0918837154469	0.0944614491155	0.100340898972	0.0671349157715	0.0944443332172	0.0934992524738	0.101729851326	0.0	0.108534260656
861967750-supragingivalplaque2.snv.bam	0.0826235189153	0.112111532687	0.0867715782551	0.0994011696429	0.105944436263	0.138203604546	0.0893743391	0.0992638111481	0.0970129769153	0.0983069264636	0.111262466565	0.114313872784	0.102752086492	0.0806652460894	0.0935220692997	0.086919344171	0.088764203906	0.0884356774708	0.091402104808	0.108534260656	0.0
