	737052003-stool1.snv.bam	737052003-stool2.snv.bam	BGI-33A.snv.bam	BYQ_AAAS.snv.bam	CCIS83445808ST-4-0.snv.bam	CCMD64776337ST-21-0.snv.bam	HT25A.snv.bam	M1.4-V2.metaG.snv.bam	M1.4-V3.metaG.snv.bam	MH0238.snv.bam	MH0245.snv.bam	MH0332.snv.bam	MH0334.snv.bam	MH0338.snv.bam	MH0383.snv.bam	MH0405.snv.bam	N037A.snv.bam	NG-5636_457.snv.bam	O2.UC13-1.snv.bam	O2.UC15-1.snv.bam	O2.UC15-2.snv.bam	O2.UC24-1.snv.bam	O2.UC8-1.snv.bam	SZEY-93A.snv.bam	V1.UC63-0.snv.bam	peacemaker-11-773-0.snv.bam
737052003-stool1.snv.bam	0.0	0.0	0.156028368794	0.168439716312	0.159574468085	0.159574468085	0.179078014184	0.15780141844	0.16134751773	0.125886524823	0.179078014184	0.150709219858	0.152482269504	0.18085106383	0.156028368794	0.15780141844	0.170212765957	0.147163120567	0.143617021277	0.163120567376	0.16134751773	0.164893617021	0.120567375887	0.179078014184	0.145390070922	0.163120567376
737052003-stool2.snv.bam	0.0	0.0	0.150709219858	0.166666666667	0.15780141844	0.154255319149	0.177304964539	0.156028368794	0.159574468085	0.120567375887	0.175531914894	0.147163120567	0.150709219858	0.18085106383	0.152482269504	0.154255319149	0.164893617021	0.145390070922	0.141843971631	0.15780141844	0.156028368794	0.164893617021	0.118794326241	0.177304964539	0.145390070922	0.16134751773
BGI-33A.snv.bam	0.156028368794	0.150709219858	0.0	0.182624113475	0.202127659574	0.168439716312	0.187943262411	0.18085106383	0.184397163121	0.187943262411	0.175531914894	0.18085106383	0.171985815603	0.202127659574	0.16134751773	0.152482269504	0.184397163121	0.173758865248	0.163120567376	0.202127659574	0.195035460993	0.168439716312	0.175531914894	0.186170212766	0.171985815603	0.179078014184
BYQ_AAAS.snv.bam	0.168439716312	0.166666666667	0.182624113475	0.0	0.191489361702	0.182624113475	0.202127659574	0.173758865248	0.177304964539	0.179078014184	0.184397163121	0.173758865248	0.163120567376	0.193262411348	0.166666666667	0.187943262411	0.198581560284	0.170212765957	0.177304964539	0.191489361702	0.186170212766	0.175531914894	0.186170212766	0.175531914894	0.173758865248	0.0
CCIS83445808ST-4-0.snv.bam	0.159574468085	0.15780141844	0.202127659574	0.191489361702	0.0	0.18085106383	0.20390070922	0.173758865248	0.175531914894	0.171985815603	0.186170212766	0.171985815603	0.187943262411	0.182624113475	0.177304964539	0.198581560284	0.198581560284	0.150709219858	0.18085106383	0.195035460993	0.193262411348	0.177304964539	0.177304964539	0.173758865248	0.170212765957	0.187943262411
CCMD64776337ST-21-0.snv.bam	0.159574468085	0.154255319149	0.168439716312	0.182624113475	0.18085106383	0.0	0.189716312057	0.148936170213	0.154255319149	0.168439716312	0.186170212766	0.170212765957	0.179078014184	0.18085106383	0.145390070922	0.16134751773	0.170212765957	0.15780141844	0.16134751773	0.191489361702	0.187943262411	0.187943262411	0.184397163121	0.184397163121	0.16134751773	0.177304964539
HT25A.snv.bam	0.179078014184	0.177304964539	0.187943262411	0.202127659574	0.20390070922	0.189716312057	0.0	0.202127659574	0.205673758865	0.177304964539	0.202127659574	0.196808510638	0.207446808511	0.214539007092	0.175531914894	0.173758865248	0.200354609929	0.193262411348	0.187943262411	0.225177304965	0.219858156028	0.189716312057	0.191489361702	0.225177304965	0.189716312057	0.196808510638
M1.4-V2.metaG.snv.bam	0.15780141844	0.156028368794	0.18085106383	0.173758865248	0.173758865248	0.148936170213	0.202127659574	0.0	0.0	0.16134751773	0.150709219858	0.171985815603	0.156028368794	0.163120567376	0.163120567376	0.173758865248	0.179078014184	0.141843971631	0.148936170213	0.195035460993	0.187943262411	0.193262411348	0.168439716312	0.170212765957	0.166666666667	0.168439716312
M1.4-V3.metaG.snv.bam	0.16134751773	0.159574468085	0.184397163121	0.177304964539	0.175531914894	0.154255319149	0.205673758865	0.0	0.0	0.164893617021	0.152482269504	0.175531914894	0.15780141844	0.164893617021	0.166666666667	0.179078014184	0.18085106383	0.145390070922	0.148936170213	0.196808510638	0.189716312057	0.196808510638	0.171985815603	0.173758865248	0.170212765957	0.171985815603
MH0238.snv.bam	0.125886524823	0.120567375887	0.187943262411	0.179078014184	0.171985815603	0.168439716312	0.177304964539	0.16134751773	0.164893617021	0.0	0.171985815603	0.152482269504	0.173758865248	0.187943262411	0.143617021277	0.175531914894	0.163120567376	0.154255319149	0.16134751773	0.187943262411	0.184397163121	0.152482269504	0.132978723404	0.18085106383	0.150709219858	0.173758865248
MH0245.snv.bam	0.179078014184	0.175531914894	0.175531914894	0.184397163121	0.186170212766	0.186170212766	0.202127659574	0.150709219858	0.152482269504	0.171985815603	0.0	0.179078014184	0.16134751773	0.163120567376	0.150709219858	0.179078014184	0.179078014184	0.13829787234	0.175531914894	0.200354609929	0.191489361702	0.15780141844	0.154255319149	0.170212765957	0.168439716312	0.179078014184
MH0332.snv.bam	0.150709219858	0.147163120567	0.18085106383	0.173758865248	0.171985815603	0.170212765957	0.196808510638	0.171985815603	0.175531914894	0.152482269504	0.179078014184	0.0	0.15780141844	0.168439716312	0.16134751773	0.189716312057	0.177304964539	0.159574468085	0.154255319149	0.171985815603	0.170212765957	0.163120567376	0.168439716312	0.187943262411	0.173758865248	0.168439716312
MH0334.snv.bam	0.152482269504	0.150709219858	0.171985815603	0.163120567376	0.187943262411	0.179078014184	0.207446808511	0.156028368794	0.15780141844	0.173758865248	0.16134751773	0.15780141844	0.0	0.18085106383	0.152482269504	0.179078014184	0.179078014184	0.16134751773	0.175531914894	0.18085106383	0.177304964539	0.173758865248	0.16134751773	0.168439716312	0.177304964539	0.159574468085
MH0338.snv.bam	0.18085106383	0.18085106383	0.202127659574	0.193262411348	0.182624113475	0.18085106383	0.214539007092	0.163120567376	0.164893617021	0.187943262411	0.163120567376	0.168439716312	0.18085106383	0.0	0.166666666667	0.186170212766	0.179078014184	0.164893617021	0.163120567376	0.200354609929	0.196808510638	0.184397163121	0.189716312057	0.175531914894	0.184397163121	0.187943262411
MH0383.snv.bam	0.156028368794	0.152482269504	0.16134751773	0.166666666667	0.177304964539	0.145390070922	0.175531914894	0.163120567376	0.166666666667	0.143617021277	0.150709219858	0.16134751773	0.152482269504	0.166666666667	0.0	0.164893617021	0.159574468085	0.136524822695	0.163120567376	0.175531914894	0.171985815603	0.141843971631	0.143617021277	0.16134751773	0.159574468085	0.16134751773
MH0405.snv.bam	0.15780141844	0.154255319149	0.152482269504	0.187943262411	0.198581560284	0.16134751773	0.173758865248	0.173758865248	0.179078014184	0.175531914894	0.179078014184	0.189716312057	0.179078014184	0.186170212766	0.164893617021	0.0	0.193262411348	0.159574468085	0.179078014184	0.184397163121	0.177304964539	0.187943262411	0.175531914894	0.195035460993	0.177304964539	0.184397163121
N037A.snv.bam	0.170212765957	0.164893617021	0.184397163121	0.198581560284	0.198581560284	0.170212765957	0.200354609929	0.179078014184	0.18085106383	0.163120567376	0.179078014184	0.177304964539	0.179078014184	0.179078014184	0.159574468085	0.193262411348	0.0	0.170212765957	0.177304964539	0.18085106383	0.179078014184	0.193262411348	0.179078014184	0.212765957447	0.159574468085	0.193262411348
NG-5636_457.snv.bam	0.147163120567	0.145390070922	0.173758865248	0.170212765957	0.150709219858	0.15780141844	0.193262411348	0.141843971631	0.145390070922	0.154255319149	0.13829787234	0.159574468085	0.16134751773	0.164893617021	0.136524822695	0.159574468085	0.170212765957	0.0	0.16134751773	0.168439716312	0.164893617021	0.154255319149	0.15780141844	0.147163120567	0.166666666667	0.166666666667
O2.UC13-1.snv.bam	0.143617021277	0.141843971631	0.163120567376	0.177304964539	0.18085106383	0.16134751773	0.187943262411	0.148936170213	0.148936170213	0.16134751773	0.175531914894	0.154255319149	0.175531914894	0.163120567376	0.163120567376	0.179078014184	0.177304964539	0.16134751773	0.0	0.189716312057	0.187943262411	0.170212765957	0.159574468085	0.198581560284	0.16134751773	0.173758865248
O2.UC15-1.snv.bam	0.163120567376	0.15780141844	0.202127659574	0.191489361702	0.195035460993	0.191489361702	0.225177304965	0.195035460993	0.196808510638	0.187943262411	0.200354609929	0.171985815603	0.18085106383	0.200354609929	0.175531914894	0.184397163121	0.18085106383	0.168439716312	0.189716312057	0.0	0.0	0.195035460993	0.193262411348	0.218085106383	0.189716312057	0.186170212766
O2.UC15-2.snv.bam	0.16134751773	0.156028368794	0.195035460993	0.186170212766	0.193262411348	0.187943262411	0.219858156028	0.187943262411	0.189716312057	0.184397163121	0.191489361702	0.170212765957	0.177304964539	0.196808510638	0.171985815603	0.177304964539	0.179078014184	0.164893617021	0.187943262411	0.0	0.0	0.191489361702	0.193262411348	0.216312056738	0.189716312057	0.18085106383
O2.UC24-1.snv.bam	0.164893617021	0.164893617021	0.168439716312	0.175531914894	0.177304964539	0.187943262411	0.189716312057	0.193262411348	0.196808510638	0.152482269504	0.15780141844	0.163120567376	0.173758865248	0.184397163121	0.141843971631	0.187943262411	0.193262411348	0.154255319149	0.170212765957	0.195035460993	0.191489361702	0.0	0.156028368794	0.18085106383	0.173758865248	0.173758865248
O2.UC8-1.snv.bam	0.120567375887	0.118794326241	0.175531914894	0.186170212766	0.177304964539	0.184397163121	0.191489361702	0.168439716312	0.171985815603	0.132978723404	0.154255319149	0.168439716312	0.16134751773	0.189716312057	0.143617021277	0.175531914894	0.179078014184	0.15780141844	0.159574468085	0.193262411348	0.193262411348	0.156028368794	0.0	0.182624113475	0.124113475177	0.184397163121
SZEY-93A.snv.bam	0.179078014184	0.177304964539	0.186170212766	0.175531914894	0.173758865248	0.184397163121	0.225177304965	0.170212765957	0.173758865248	0.18085106383	0.170212765957	0.187943262411	0.168439716312	0.175531914894	0.16134751773	0.195035460993	0.212765957447	0.147163120567	0.198581560284	0.218085106383	0.216312056738	0.18085106383	0.182624113475	0.0	0.173758865248	0.171985815603
V1.UC63-0.snv.bam	0.145390070922	0.145390070922	0.171985815603	0.173758865248	0.170212765957	0.16134751773	0.189716312057	0.166666666667	0.170212765957	0.150709219858	0.168439716312	0.173758865248	0.177304964539	0.184397163121	0.159574468085	0.177304964539	0.159574468085	0.166666666667	0.16134751773	0.189716312057	0.189716312057	0.173758865248	0.124113475177	0.173758865248	0.0	0.170212765957
peacemaker-11-773-0.snv.bam	0.163120567376	0.16134751773	0.179078014184	0.0	0.187943262411	0.177304964539	0.196808510638	0.168439716312	0.171985815603	0.173758865248	0.179078014184	0.168439716312	0.159574468085	0.187943262411	0.16134751773	0.184397163121	0.193262411348	0.166666666667	0.173758865248	0.186170212766	0.18085106383	0.173758865248	0.184397163121	0.171985815603	0.170212765957	0.0
