	159753524-stool2.snv.bam	159753524-stool3.snv.bam	160502038-stool1.snv.bam	765620695-stool1.snv.bam	863126187-stool3.snv.bam	CCIS15704761ST-4-0.snv.bam	CCIS41288781ST-4-0.snv.bam	CCMD11006829ST-21-0.snv.bam	CCMD88272491ST-21-0.snv.bam	HT14A.snv.bam	M3.5-V1.metaT.snv.bam	MMRS72980899ST-27-0-0.snv.bam	MMRS85438660ST-27-0-0.snv.bam	N075A.snv.bam	N087A.snv.bam	SZEY-10A.snv.bam	SZEY-39A.snv.bam	T2D-135A.snv.bam	T2D-19A.snv.bam	T2D-78A.snv.bam	V1.CD3-0-PN.snv.bam	V1.CD7-4.snv.bam	V1.FI08.snv.bam	V1.FI11.snv.bam	V1.FI13.snv.bam	V1.FI22.snv.bam	V1.FI34.snv.bam
159753524-stool2.snv.bam	0.0	0.0974998960536	0.149730263047	0.128566424561	0.220701092898	0.211201603334	0.257694929165	0.241659290758	0.201450590184	0.211624228411	0.179035686906	0.158940783346	0.16531087471	0.168677719643	0.113789193747	0.167397877113	0.174680943338	0.17105361389	0.202454777318	0.169904099764	0.224617647462	0.200588470274	0.106755738454	0.157995950968	0.16017529515	0.210772354866	0.167749734728
159753524-stool3.snv.bam	0.0974998960536	0.0	0.155897501178	0.153377566209	0.210996699884	0.20368556204	0.255601494463	0.239690503494	0.17043010896	0.143221875551	0.171252902527	0.150386014538	0.157514073668	0.169345308119	0.146584142249	0.19266547751	0.157746285766	0.166682234652	0.200308294445	0.155985464931	0.216613135335	0.195091114481	0.13522310723	0.158677479171	0.162183590026	0.131900687761	0.158816597363
160502038-stool1.snv.bam	0.149730263047	0.155897501178	0.0	0.104200747469	0.215260249242	0.194245977374	0.271036118498	0.212315375468	0.141052472882	0.22409949667	0.180814837381	0.174387756022	0.182411614938	0.191206839113	0.0959775207333	0.137424293497	0.172400185894	0.147541144553	0.209437311927	0.173247628859	0.214602823045	0.200004658295	0.148019637443	0.168590977619	0.167527616529	0.218858166414	0.183342162187
765620695-stool1.snv.bam	0.128566424561	0.153377566209	0.104200747469	0.0	0.216449650805	0.198191238908	0.243578509292	0.244275238281	0.165159790369	0.218210432752	0.191304973869	0.188048286692	0.194985954939	0.181669130098	0.131013546347	0.165915343317	0.189557918017	0.156645772951	0.179245765403	0.189138989639	0.17682323344	0.219053404922	0.128233899153	0.192962874817	0.189648682422	0.210731878029	0.196951542788
863126187-stool3.snv.bam	0.220701092898	0.210996699884	0.215260249242	0.216449650805	0.0	0.160440403009	0.153769957568	0.0620572234796	0.227655185467	0.207403194933	0.227367366808	0.2066716387	0.208961972283	0.179658798608	0.197709907561	0.245627982024	0.197837763095	0.174791792676	0.169809064256	0.194748724693	0.178237434178	0.203238824562	0.197831481222	0.179374978866	0.186456841991	0.212471577829	0.210237417261
CCIS15704761ST-4-0.snv.bam	0.211201603334	0.20368556204	0.194245977374	0.198191238908	0.160440403009	0.0	0.203089980271	0.168374846574	0.221680563909	0.192171212649	0.217526652269	0.21415954879	0.213412813673	0.185001797016	0.193972053312	0.214553767423	0.202344768689	0.159822826782	0.195299653235	0.204828580371	0.188364057709	0.214676585625	0.212151812804	0.18913389356	0.186970957454	0.201718720435	0.214354697919
CCIS41288781ST-4-0.snv.bam	0.257694929165	0.255601494463	0.271036118498	0.243578509292	0.153769957568	0.203089980271	0.0	0.149390625319	0.23633675321	0.24387485349	0.264673848625	0.244339163759	0.243191964608	0.226446821295	0.251103264966	0.306046272825	0.229334962383	0.2522599068	0.226753632416	0.237855484632	0.205931045896	0.221426908425	0.256435307226	0.221687127164	0.21882641101	0.24488814206	0.244104711944
CCMD11006829ST-21-0.snv.bam	0.241659290758	0.239690503494	0.212315375468	0.244275238281	0.0620572234796	0.168374846574	0.149390625319	0.0	0.253394213328	0.223348392391	0.247615179462	0.230432043995	0.235211127871	0.220573632209	0.195465108919	0.227373182433	0.210729640219	0.17491502494	0.198981387812	0.219568209323	0.210243372104	0.222629095781	0.206456804066	0.194132407057	0.205145389858	0.227749374993	0.232687068898
CCMD88272491ST-21-0.snv.bam	0.201450590184	0.17043010896	0.141052472882	0.165159790369	0.227655185467	0.221680563909	0.23633675321	0.253394213328	0.0	0.198596525206	0.122043765235	0.120512016755	0.12137506461	0.172806212811	0.184136842955	0.231344745097	0.12828251479	0.167739725238	0.205250257246	0.119267978472	0.166816221473	0.196177037084	0.216213779407	0.130709298415	0.129749835015	0.185481553358	0.121362357556
HT14A.snv.bam	0.211624228411	0.143221875551	0.22409949667	0.218210432752	0.207403194933	0.192171212649	0.24387485349	0.223348392391	0.198596525206	0.0	0.189920473952	0.194003501709	0.196817747728	0.18814700735	0.226306486717	0.22852719453	0.177467560118	0.177790191663	0.226461392317	0.18272883833	0.226122750376	0.229843546937	0.199485979976	0.223833264393	0.217618316346	0.034895719069	0.19256183639
M3.5-V1.metaT.snv.bam	0.179035686906	0.171252902527	0.180814837381	0.191304973869	0.227367366808	0.217526652269	0.264673848625	0.247615179462	0.122043765235	0.189920473952	0.0	0.0284368253497	0.0256373677111	0.0699682971125	0.183852659463	0.216291360389	0.0680375152288	0.119197602652	0.159150842874	0.0320680504651	0.18217996698	0.18935156332	0.173961825339	0.0699162517585	0.0669154264719	0.172418108071	0.0209629227931
MMRS72980899ST-27-0-0.snv.bam	0.158940783346	0.150386014538	0.174387756022	0.188048286692	0.2066716387	0.21415954879	0.244339163759	0.230432043995	0.120512016755	0.194003501709	0.0284368253497	0.0	0.0139598030782	0.0701897158349	0.174552131866	0.218302672703	0.0502695897676	0.101864411947	0.14943222112	0.0198930536151	0.173989521997	0.178125433389	0.186006033184	0.0619774010343	0.0611607909634	0.185854061854	0.0127581183321
MMRS85438660ST-27-0-0.snv.bam	0.16531087471	0.157514073668	0.182411614938	0.194985954939	0.208961972283	0.213412813673	0.243191964608	0.235211127871	0.12137506461	0.196817747728	0.0256373677111	0.0139598030782	0.0	0.0638631049877	0.183071629162	0.220673832933	0.0496091008514	0.109327635536	0.156690181359	0.0182922076746	0.178498757916	0.179799935871	0.194602693179	0.0641295954397	0.0642224839703	0.188118469827	0.00832069703272
N075A.snv.bam	0.168677719643	0.169345308119	0.191206839113	0.181669130098	0.179658798608	0.185001797016	0.226446821295	0.220573632209	0.172806212811	0.18814700735	0.0699682971125	0.0701897158349	0.0638631049877	0.0	0.185980740019	0.225375092395	0.10369030217	0.134574835529	0.142889693375	0.0651750610706	0.177619965987	0.168218793954	0.192257453131	0.116661962004	0.112960732075	0.186517958452	0.0623935995772
N087A.snv.bam	0.113789193747	0.146584142249	0.0959775207333	0.131013546347	0.197709907561	0.193972053312	0.251103264966	0.195465108919	0.184136842955	0.226306486717	0.183852659463	0.174552131866	0.183071629162	0.185980740019	0.0	0.127838142568	0.167117210015	0.151787249094	0.206861599467	0.176897270251	0.215287736241	0.194850327817	0.124213112741	0.157363469652	0.159059868912	0.22271862836	0.185100363655
SZEY-10A.snv.bam	0.167397877113	0.19266547751	0.137424293497	0.165915343317	0.245627982024	0.214553767423	0.306046272825	0.227373182433	0.231344745097	0.22852719453	0.216291360389	0.218302672703	0.220673832933	0.225375092395	0.127838142568	0.0	0.188095760511	0.191585197106	0.262541969197	0.207540767899	0.265549222768	0.242399033245	0.156030918733	0.214220201994	0.21083757612	0.21414592425	0.222075930371
SZEY-39A.snv.bam	0.174680943338	0.157746285766	0.172400185894	0.189557918017	0.197837763095	0.202344768689	0.229334962383	0.210729640219	0.12828251479	0.177467560118	0.0680375152288	0.0502695897676	0.0496091008514	0.10369030217	0.167117210015	0.188095760511	0.0	0.087984436868	0.171796344977	0.0353893356163	0.17110506695	0.175704120456	0.200749694306	0.0978123287121	0.101008173592	0.168999738553	0.0444712137966
T2D-135A.snv.bam	0.17105361389	0.166682234652	0.147541144553	0.156645772951	0.174791792676	0.159822826782	0.2522599068	0.17491502494	0.167739725238	0.177790191663	0.119197602652	0.101864411947	0.109327635536	0.134574835529	0.151787249094	0.191585197106	0.087984436868	0.0	0.147832043065	0.0968099726831	0.153548697695	0.206116000584	0.177879509656	0.132883900249	0.142079294233	0.186058144532	0.105243263136
T2D-19A.snv.bam	0.202454777318	0.200308294445	0.209437311927	0.179245765403	0.169809064256	0.195299653235	0.226753632416	0.198981387812	0.205250257246	0.226461392317	0.159150842874	0.14943222112	0.156690181359	0.142889693375	0.206861599467	0.262541969197	0.171796344977	0.147832043065	0.0	0.141648857175	0.179526206948	0.205336445367	0.193979702998	0.18962879454	0.190594286466	0.203514820502	0.156206210929
T2D-78A.snv.bam	0.169904099764	0.155985464931	0.173247628859	0.189138989639	0.194748724693	0.204828580371	0.237855484632	0.219568209323	0.119267978472	0.18272883833	0.0320680504651	0.0198930536151	0.0182922076746	0.0651750610706	0.176897270251	0.207540767899	0.0353893356163	0.0968099726831	0.141648857175	0.0	0.172233781371	0.16894451156	0.191063390504	0.0738088640872	0.0696132067571	0.174518942899	0.01328485139
V1.CD3-0-PN.snv.bam	0.224617647462	0.216613135335	0.214602823045	0.17682323344	0.178237434178	0.188364057709	0.205931045896	0.210243372104	0.166816221473	0.226122750376	0.18217996698	0.173989521997	0.178498757916	0.177619965987	0.215287736241	0.265549222768	0.17110506695	0.153548697695	0.179526206948	0.172233781371	0.0	0.188688965015	0.207179902063	0.161953004341	0.166967741641	0.226616532019	0.179815074576
V1.CD7-4.snv.bam	0.200588470274	0.195091114481	0.200004658295	0.219053404922	0.203238824562	0.214676585625	0.221426908425	0.222629095781	0.196177037084	0.229843546937	0.18935156332	0.178125433389	0.179799935871	0.168218793954	0.194850327817	0.242399033245	0.175704120456	0.206116000584	0.205336445367	0.16894451156	0.188688965015	0.0	0.216712291382	0.165288797053	0.162321796517	0.226563384412	0.181423317319
V1.FI08.snv.bam	0.106755738454	0.13522310723	0.148019637443	0.128233899153	0.197831481222	0.212151812804	0.256435307226	0.206456804066	0.216213779407	0.199485979976	0.173961825339	0.186006033184	0.194602693179	0.192257453131	0.124213112741	0.156030918733	0.200749694306	0.177879509656	0.193979702998	0.191063390504	0.207179902063	0.216712291382	0.0	0.16977294539	0.171940683451	0.193119949827	0.196356587655
V1.FI11.snv.bam	0.157995950968	0.158677479171	0.168590977619	0.192962874817	0.179374978866	0.18913389356	0.221687127164	0.194132407057	0.130709298415	0.223833264393	0.0699162517585	0.0619774010343	0.0641295954397	0.116661962004	0.157363469652	0.214220201994	0.0978123287121	0.132883900249	0.18962879454	0.0738088640872	0.161953004341	0.165288797053	0.16977294539	0.0	0.0298377971633	0.216064854951	0.0652882797004
V1.FI13.snv.bam	0.16017529515	0.162183590026	0.167527616529	0.189648682422	0.186456841991	0.186970957454	0.21882641101	0.205145389858	0.129749835015	0.217618316346	0.0669154264719	0.0611607909634	0.0642224839703	0.112960732075	0.159059868912	0.21083757612	0.101008173592	0.142079294233	0.190594286466	0.0696132067571	0.166967741641	0.162321796517	0.171940683451	0.0298377971633	0.0	0.211153785362	0.0656909656358
V1.FI22.snv.bam	0.210772354866	0.131900687761	0.218858166414	0.210731878029	0.212471577829	0.201718720435	0.24488814206	0.227749374993	0.185481553358	0.034895719069	0.172418108071	0.185854061854	0.188118469827	0.186517958452	0.22271862836	0.21414592425	0.168999738553	0.186058144532	0.203514820502	0.174518942899	0.226616532019	0.226563384412	0.193119949827	0.216064854951	0.211153785362	0.0	0.184061525636
V1.FI34.snv.bam	0.167749734728	0.158816597363	0.183342162187	0.196951542788	0.210237417261	0.214354697919	0.244104711944	0.232687068898	0.121362357556	0.19256183639	0.0209629227931	0.0127581183321	0.00832069703272	0.0623935995772	0.185100363655	0.222075930371	0.0444712137966	0.105243263136	0.156206210929	0.01328485139	0.179815074576	0.181423317319	0.196356587655	0.0652882797004	0.0656909656358	0.184061525636	0.0
