	158337416-supragingivalplaque1.snv.bam	158479027-supragingivalplaque1.snv.bam	159005010-supragingivalplaque2.snv.bam	159369152-supragingivalplaque1.snv.bam	159510762-supragingivalplaque2.snv.bam	159510762-tonguedorsum3.snv.bam	159814214-supragingivalplaque2.snv.bam	160158126-supragingivalplaque1.snv.bam	160158126-supragingivalplaque2.snv.bam	160178356-supragingivalplaque1.snv.bam	160400887-supragingivalplaque1.snv.bam	246515023-supragingivalplaque2.snv.bam	370425937-supragingivalplaque2.snv.bam	650853796-supragingivalplaque1.snv.bam	675950834-supragingivalplaque3.snv.bam	763395383-supragingivalplaque3.snv.bam	763860675-supragingivalplaque2.snv.bam	764062976-supragingivalplaque2.snv.bam	764083206-buccalmucosa2.snv.bam	764083206-supragingivalplaque2.snv.bam	765013792-supragingivalplaque3.snv.bam	765094712-supragingivalplaque2.snv.bam
158337416-supragingivalplaque1.snv.bam	0.0	0.131775962264	0.111250811397	0.136593113324	0.107758390765	0.0997528930349	0.119778673821	0.132109461389	0.123622407521	0.155180542024	0.117940863805	0.110089677352	0.11903276502	0.129222659974	0.121872480915	0.116731593256	0.115645641763	0.106144761794	0.124153418528	0.110703319862	0.0985164718026	0.118629064465
158479027-supragingivalplaque1.snv.bam	0.131775962264	0.0	0.158028527149	0.166084401766	0.158674128186	0.154324248713	0.143794161668	0.145459032839	0.157721947694	0.155638265677	0.168319721831	0.159924376991	0.162826896104	0.167335455108	0.162661029584	0.156572052139	0.155276299161	0.158922156978	0.15712319483	0.155977445401	0.156926203012	0.170622795724
159005010-supragingivalplaque2.snv.bam	0.111250811397	0.158028527149	0.0	0.130647147658	0.124418040217	0.117601704562	0.122915593031	0.136681849115	0.120730730829	0.186181527568	0.0980288548981	0.113337292182	0.103807477329	0.146092235984	0.116266040487	0.111377155697	0.113872974918	0.111116641833	0.145019746472	0.124316328271	0.0996224468153	0.0976073868929
159369152-supragingivalplaque1.snv.bam	0.136593113324	0.166084401766	0.130647147658	0.0	0.106263352781	0.10446069055	0.12975510397	0.140927399964	0.130704892842	0.176899194782	0.12002395308	0.125878545254	0.126184787412	0.127860888633	0.113754285869	0.124163935072	0.120613426643	0.11558822466	0.135007770125	0.120800133563	0.131351539667	0.127474465093
159510762-supragingivalplaque2.snv.bam	0.107758390765	0.158674128186	0.124418040217	0.106263352781	0.0	0.0384154415413	0.105056322547	0.135232748178	0.11798721919	0.165324029716	0.117422474763	0.091076247388	0.114947148606	0.0903947926254	0.100342374454	0.113122247638	0.107294661505	0.115868277717	0.099727419532	0.0581108830502	0.120441614751	0.114504289085
159510762-tonguedorsum3.snv.bam	0.0997528930349	0.154324248713	0.117601704562	0.10446069055	0.0384154415413	0.0	0.101281698982	0.123164240875	0.104677421647	0.173612357731	0.106480763371	0.0927188816852	0.10164791651	0.101183052074	0.095048298164	0.100897864314	0.102642268037	0.0989937918833	0.105051457976	0.0671313892689	0.108548502944	0.102534909592
159814214-supragingivalplaque2.snv.bam	0.119778673821	0.143794161668	0.122915593031	0.12975510397	0.105056322547	0.101281698982	0.0	0.130558098399	0.118030761724	0.170348292209	0.111824656272	0.105451010148	0.116093597932	0.107413694365	0.113134388434	0.119127636334	0.111109470258	0.108090978927	0.110281865524	0.0959491160154	0.129217057212	0.111507522415
160158126-supragingivalplaque1.snv.bam	0.132109461389	0.145459032839	0.136681849115	0.140927399964	0.135232748178	0.123164240875	0.130558098399	0.0	0.0595470227827	0.157924930432	0.125057922621	0.138961024005	0.111904202878	0.153275000919	0.12379964602	0.115806053847	0.130134866665	0.113744355168	0.146291064834	0.127885924236	0.133266165241	0.11364117085
160158126-supragingivalplaque2.snv.bam	0.123622407521	0.157721947694	0.120730730829	0.130704892842	0.11798721919	0.104677421647	0.118030761724	0.0595470227827	0.0	0.17838712106	0.109244631662	0.121607857837	0.100247961615	0.145628242771	0.108590354918	0.108259154634	0.126676506247	0.0937019376366	0.128527501069	0.107804210269	0.113426412818	0.0980867592546
160178356-supragingivalplaque1.snv.bam	0.155180542024	0.155638265677	0.186181527568	0.176899194782	0.165324029716	0.173612357731	0.170348292209	0.157924930432	0.17838712106	0.0	0.192322653143	0.183906057342	0.167986634078	0.18088544249	0.190609121895	0.169891370913	0.168983861741	0.180247853101	0.148573931112	0.157284662198	0.172378377757	0.185223866725
160400887-supragingivalplaque1.snv.bam	0.117940863805	0.168319721831	0.0980288548981	0.12002395308	0.117422474763	0.106480763371	0.111824656272	0.125057922621	0.109244631662	0.192322653143	0.0	0.116585520797	0.074212499987	0.125705059766	0.10906597186	0.0752009410793	0.100342856695	0.0990794908398	0.141669409503	0.115240079785	0.110126463598	0.0431018416461
246515023-supragingivalplaque2.snv.bam	0.110089677352	0.159924376991	0.113337292182	0.125878545254	0.091076247388	0.0927188816852	0.105451010148	0.138961024005	0.121607857837	0.183906057342	0.116585520797	0.0	0.115309971025	0.118521230699	0.103508965422	0.117457799984	0.11013035077	0.114550207631	0.115989597663	0.0983355909261	0.12653846663	0.116744793425
370425937-supragingivalplaque2.snv.bam	0.11903276502	0.162826896104	0.103807477329	0.126184787412	0.114947148606	0.10164791651	0.116093597932	0.111904202878	0.100247961615	0.167986634078	0.074212499987	0.115309971025	0.0	0.130899597356	0.10944384698	0.0551140601541	0.103121255764	0.0972498710975	0.133131956694	0.110422778006	0.0967246696431	0.0579568153778
650853796-supragingivalplaque1.snv.bam	0.129222659974	0.167335455108	0.146092235984	0.127860888633	0.0903947926254	0.101183052074	0.107413694365	0.153275000919	0.145628242771	0.18088544249	0.125705059766	0.118521230699	0.130899597356	0.0	0.120482734037	0.129668501761	0.134543566765	0.143998646663	0.134743733635	0.103089032507	0.143097414508	0.139485383584
675950834-supragingivalplaque3.snv.bam	0.121872480915	0.162661029584	0.116266040487	0.113754285869	0.100342374454	0.095048298164	0.113134388434	0.12379964602	0.108590354918	0.190609121895	0.10906597186	0.103508965422	0.10944384698	0.120482734037	0.0	0.11380444472	0.117397413149	0.109290032874	0.13063024444	0.0975978812045	0.116550971878	0.11469458403
763395383-supragingivalplaque3.snv.bam	0.116731593256	0.156572052139	0.111377155697	0.124163935072	0.113122247638	0.100897864314	0.119127636334	0.115806053847	0.108259154634	0.169891370913	0.0752009410793	0.117457799984	0.0551140601541	0.129668501761	0.11380444472	0.0	0.0949007431043	0.0932835806974	0.134657338857	0.112493195654	0.112416872797	0.0607254836886
763860675-supragingivalplaque2.snv.bam	0.115645641763	0.155276299161	0.113872974918	0.120613426643	0.107294661505	0.102642268037	0.111109470258	0.130134866665	0.126676506247	0.168983861741	0.100342856695	0.11013035077	0.103121255764	0.134543566765	0.117397413149	0.0949007431043	0.0	0.119359733646	0.123902397366	0.112588572515	0.129656148614	0.0953737203154
764062976-supragingivalplaque2.snv.bam	0.106144761794	0.158922156978	0.111116641833	0.11558822466	0.115868277717	0.0989937918833	0.108090978927	0.113744355168	0.0937019376366	0.180247853101	0.0990794908398	0.114550207631	0.0972498710975	0.143998646663	0.109290032874	0.0932835806974	0.119359733646	0.0	0.119332891476	0.105277177504	0.095206124745	0.0849535670261
764083206-buccalmucosa2.snv.bam	0.124153418528	0.15712319483	0.145019746472	0.135007770125	0.099727419532	0.105051457976	0.110281865524	0.146291064834	0.128527501069	0.148573931112	0.141669409503	0.115989597663	0.133131956694	0.134743733635	0.13063024444	0.134657338857	0.123902397366	0.119332891476	0.0	0.0682909369433	0.129517131623	0.135002479275
764083206-supragingivalplaque2.snv.bam	0.110703319862	0.155977445401	0.124316328271	0.120800133563	0.0581108830502	0.0671313892689	0.0959491160154	0.127885924236	0.107804210269	0.157284662198	0.115240079785	0.0983355909261	0.110422778006	0.103089032507	0.0975978812045	0.112493195654	0.112588572515	0.105277177504	0.0682909369433	0.0	0.115425156637	0.105395158366
765013792-supragingivalplaque3.snv.bam	0.0985164718026	0.156926203012	0.0996224468153	0.131351539667	0.120441614751	0.108548502944	0.129217057212	0.133266165241	0.113426412818	0.172378377757	0.110126463598	0.12653846663	0.0967246696431	0.143097414508	0.116550971878	0.112416872797	0.129656148614	0.095206124745	0.129517131623	0.115425156637	0.0	0.10537865292
765094712-supragingivalplaque2.snv.bam	0.118629064465	0.170622795724	0.0976073868929	0.127474465093	0.114504289085	0.102534909592	0.111507522415	0.11364117085	0.0980867592546	0.185223866725	0.0431018416461	0.116744793425	0.0579568153778	0.139485383584	0.11469458403	0.0607254836886	0.0953737203154	0.0849535670261	0.135002479275	0.105395158366	0.10537865292	0.0
