	158458797-stool1.snv.bam	158883629-stool1.snv.bam	160158126-stool1.snv.bam	160178356-stool1.snv.bam	160178356-stool2.snv.bam	160603188-stool2.snv.bam	160603188-stool3.snv.bam	161230322-stool1.snv.bam	763557224-stool3.snv.bam	763577454-stool1.snv.bam	763577454-stool2.snv.bam	763840445-stool1.snv.bam	763961826-stool2.snv.bam	764285508-stool1.snv.bam	764285508-stool2.snv.bam	764669880-stool1.snv.bam	765094712-stool2.snv.bam	M4.4-V1.metaG.snv.bam	MH0275.snv.bam	MH0432.snv.bam	N017A.snv.bam	N032A.snv.bam	O2.UC37-1.snv.bam	SZEY-10A.snv.bam	SZEY-39A.snv.bam	T2D-17A.snv.bam	T2D-25A.snv.bam	V1.CD20-0.snv.bam	V1.FI08.snv.bam	V1.FI10.snv.bam	V1.FI23.snv.bam	V1.UC54-4.snv.bam	alien-11-0-0.snv.bam	alien-11-7-0.snv.bam	alien-12-7-0.snv.bam	alien-13-7-0.snv.bam
158458797-stool1.snv.bam	0.0	0.110339090214	0.236880734748	0.111976406915	0.107404286999	0.115190080017	0.114522013266	0.128724652152	0.180183101663	0.0769987169297	0.068726817279	0.191624162628	0.187410677887	0.14642701313	0.146323661303	0.182289518101	0.102172388518	0.183351064021	0.142425007408	0.156820615475	0.146395944843	0.0832634677426	0.140181682921	0.0454494530398	0.172988739809	0.206903428164	0.120346034055	0.159583574734	0.10957219533	0.186511580491	0.188190740289	0.105597579045	0.152788271857	0.153632597241	0.155781026305	0.155698158746
158883629-stool1.snv.bam	0.110339090214	0.0	0.168390009878	0.121960008299	0.122758028129	0.121373706281	0.121591612397	0.111525620568	0.172917336721	0.145786852399	0.144301290543	0.12073558163	0.170122334823	0.0818296078603	0.0821276219239	0.160280145107	0.0763711315435	0.175883693546	0.0768245378782	0.117210281133	0.151518081672	0.129632922993	0.0729984362659	0.11752479431	0.109434819047	0.157040901652	0.161618805275	0.0728471982158	0.17087593564	0.130905060388	0.182105111868	0.0104424834246	0.170030108061	0.167267670529	0.167870079604	0.164501501557
160158126-stool1.snv.bam	0.236880734748	0.168390009878	0.0	0.262577835668	0.261518823754	0.263556037829	0.263117726777	0.193543074129	0.248895066832	0.238678825888	0.237070489325	0.0630681758315	0.235882370884	0.150467768214	0.155807096063	0.217917358331	0.175707358172	0.252663175032	0.146584008097	0.123928996301	0.153549526522	0.248069299122	0.151746412992	0.270662871265	0.139391397495	0.177596988236	0.224265883569	0.16305522288	0.253594562553	0.166301803027	0.254890451825	0.170337584361	0.251930645852	0.244228468083	0.248693308867	0.24080870063
160178356-stool1.snv.bam	0.111976406915	0.121960008299	0.262577835668	0.0	0.00877965354879	0.010544138437	0.011890892557	0.184210746702	0.241708580598	0.14882697622	0.142676830147	0.190745168204	0.188681757209	0.183053961095	0.186733114642	0.206527227756	0.118503721285	0.245215830843	0.180360455382	0.193833536322	0.160493409116	0.107944859533	0.177261753961	0.0975471870448	0.1891603036	0.230841093487	0.140118440962	0.164368497098	0.158840697384	0.195079453472	0.248295044051	0.119381965724	0.22120117634	0.219620173832	0.218164100409	0.219489932827
160178356-stool2.snv.bam	0.107404286999	0.122758028129	0.261518823754	0.00877965354879	0.0	0.0104492545573	0.0117960086773	0.178544134301	0.235943703242	0.148731337309	0.137658637785	0.190220026783	0.187335445404	0.183426506812	0.185259058781	0.202610376202	0.11613009113	0.239417436758	0.179771915084	0.192766252396	0.158916077349	0.10298660723	0.175796169686	0.0947415073493	0.186389731592	0.22890223105	0.139613386279	0.161476529254	0.15525340253	0.191537008633	0.243268319915	0.119062418909	0.215840212814	0.213953561431	0.212497488008	0.214159603378
160603188-stool2.snv.bam	0.115190080017	0.121373706281	0.263556037829	0.010544138437	0.0104492545573	0.0	0.00297063753992	0.188993388858	0.246574158746	0.151731087324	0.144505930706	0.192658018984	0.186681512869	0.187901918665	0.19010401564	0.213824210361	0.127691008823	0.250109697236	0.184155499571	0.191381930548	0.15586218945	0.110638428956	0.179655427558	0.0990440676917	0.188125	0.230834674116	0.143442461773	0.161804782348	0.163948654492	0.192974615875	0.253777284499	0.117678097061	0.226409573746	0.224402815988	0.222946742565	0.224668567962
160603188-stool3.snv.bam	0.114522013266	0.121591612397	0.263117726777	0.011890892557	0.0117960086773	0.00297063753992	0.0	0.188295890934	0.24355200726	0.152163891911	0.14430134149	0.19238139648	0.186144779689	0.18720442074	0.189394422376	0.214398427326	0.128539401456	0.247334245715	0.183458001647	0.191244723027	0.156549347993	0.110499977306	0.178949912416	0.0998928294658	0.187397551812	0.230418904775	0.14351523449	0.161685309577	0.163716166745	0.192874592159	0.250789671887	0.117896003177	0.223699515379	0.221432178448	0.219976105025	0.22168095535
161230322-stool1.snv.bam	0.128724652152	0.111525620568	0.193543074129	0.184210746702	0.178544134301	0.188993388858	0.188295890934	0.0	0.114375153651	0.150403155914	0.146535819877	0.16170398745	0.198344150349	0.113426031022	0.110347820754	0.137330863069	0.110149568973	0.116588383418	0.107464597584	0.1585984469	0.191369329043	0.120663454643	0.106782141978	0.132983994477	0.127220775055	0.186758979215	0.157285939114	0.1428237887	0.145871785381	0.176618435146	0.121565315653	0.107830011349	0.11445666518	0.109368284837	0.113476216168	0.104402781507
763557224-stool3.snv.bam	0.180183101663	0.172917336721	0.248895066832	0.241708580598	0.235943703242	0.246574158746	0.24355200726	0.114375153651	0.0	0.194461670558	0.200528997212	0.222552875025	0.245024708551	0.172160685169	0.1647718324	0.209234559709	0.215979637081	0.00022758306782	0.167230991552	0.185276377979	0.232291198081	0.160356503961	0.168405175836	0.184378632219	0.162901655307	0.226202252005	0.198206412198	0.217868668597	0.203879116598	0.229088694965	0.00676716124733	0.168717234415	0.0388780573597	0.0424675359612	0.0436643739284	0.03386227784
763577454-stool1.snv.bam	0.0769987169297	0.145786852399	0.238678825888	0.14882697622	0.148731337309	0.151731087324	0.152163891911	0.150403155914	0.194461670558	0.0	0.0177254252813	0.251950330168	0.194474009232	0.124304646628	0.128522164438	0.236515384749	0.141717988042	0.198572595705	0.120404284319	0.149518345014	0.125074981543	0.120473208551	0.125648301956	0.0642508542577	0.154080489638	0.211427884826	0.0862027317022	0.207220188489	0.082544367458	0.242934804703	0.201243840503	0.140976981785	0.180948133667	0.179697175882	0.180383311864	0.175503529163
763577454-stool2.snv.bam	0.068726817279	0.144301290543	0.237070489325	0.142676830147	0.137658637785	0.144505930706	0.14430134149	0.146535819877	0.200528997212	0.0177254252813	0.0	0.243267440787	0.18066915626	0.129104097694	0.127868037209	0.226950514231	0.133361777433	0.203815941415	0.124285765441	0.151332817424	0.126966086864	0.116653816535	0.130105255678	0.0664449610491	0.155497419747	0.212518632631	0.0912243720258	0.20020607016	0.090080242908	0.235457312775	0.207395333953	0.140697345512	0.18131548758	0.179604095764	0.181276891817	0.176788870754
763840445-stool1.snv.bam	0.191624162628	0.12073558163	0.0630681758315	0.190745168204	0.190220026783	0.192658018984	0.19238139648	0.16170398745	0.222552875025	0.251950330168	0.243267440787	0.0	0.232051516873	0.165312059932	0.167238801283	0.146081870676	0.11385963886	0.225948754889	0.161345808588	0.148165247566	0.169540543263	0.178424141725	0.157597755002	0.200062058608	0.157213093324	0.208177608469	0.232602745179	0.103233827924	0.265887046703	0.120108180055	0.230030529735	0.11830717208	0.215923913243	0.211637281402	0.2144625879	0.210682558522
763961826-stool2.snv.bam	0.187410677887	0.170122334823	0.235882370884	0.188681757209	0.187335445404	0.186681512869	0.186144779689	0.198344150349	0.245024708551	0.194474009232	0.18066915626	0.232051516873	0.0	0.163224511961	0.164413813133	0.217398332302	0.164497499414	0.24796090559	0.157961474731	0.16844849475	0.15676944497	0.192811101766	0.163439291518	0.217559532464	0.138524123176	0.179143704916	0.180243181657	0.212041012569	0.223503238408	0.229122597718	0.252684164113	0.164991636772	0.230318261615	0.226425623259	0.229192292979	0.231895196404
764285508-stool1.snv.bam	0.14642701313	0.0818296078603	0.150467768214	0.183053961095	0.183426506812	0.187901918665	0.18720442074	0.113426031022	0.172160685169	0.124304646628	0.129104097694	0.165312059932	0.163224511961	0.0	0.0109510835808	0.189381667181	0.144878617984	0.175505835247	0.0107876414074	0.106907769902	0.140809004708	0.162734658784	0.0172417947829	0.173165724784	0.0720694967725	0.146662942828	0.141687249523	0.13520023415	0.132026039941	0.181553753817	0.18121425062	0.0786269119923	0.175953576628	0.169814636145	0.173430554698	0.165294313779
764285508-stool2.snv.bam	0.146323661303	0.0821276219239	0.155807096063	0.186733114642	0.185259058781	0.19010401564	0.189394422376	0.110347820754	0.1647718324	0.128522164438	0.127868037209	0.167238801283	0.164413813133	0.0109510835808	0.0	0.189963329332	0.145448460334	0.169431286372	0.0146353562787	0.110404548991	0.146023092685	0.161891379403	0.0201430330586	0.172669123469	0.0759169965411	0.15018193227	0.144818205561	0.137497191749	0.137204316245	0.184194374608	0.1773153498	0.0776804747965	0.170515581869	0.165663450046	0.168686048901	0.160394155213
764669880-stool1.snv.bam	0.182289518101	0.160280145107	0.217917358331	0.206527227756	0.202610376202	0.213824210361	0.214398427326	0.137330863069	0.209234559709	0.236515384749	0.226950514231	0.146081870676	0.217398332302	0.189381667181	0.189963329332	0.0	0.0868450741178	0.212801891091	0.184029283992	0.247344550478	0.278933280639	0.174178893972	0.181525469778	0.173340592869	0.215760419964	0.247843312004	0.227842786665	0.22976760082	0.226966372304	0.226024535771	0.216913370553	0.156735247791	0.202084542098	0.198872539282	0.200795928074	0.196686059098
765094712-stool2.snv.bam	0.102172388518	0.0763711315435	0.175707358172	0.118503721285	0.11613009113	0.127691008823	0.128539401456	0.110149568973	0.215979637081	0.141717988042	0.133361777433	0.11385963886	0.164497499414	0.144878617984	0.145448460334	0.0868450741178	0.0	0.223183099351	0.137408999909	0.192358592359	0.183787882682	0.125732651187	0.130861696917	0.103070703071	0.146601165719	0.198398659281	0.162178412178	0.179548451267	0.195128973176	0.198871477234	0.226393808212	0.078884530061	0.205705213038	0.198448671485	0.206298299237	0.196848394674
M4.4-V1.metaG.snv.bam	0.183351064021	0.175883693546	0.252663175032	0.245215830843	0.239417436758	0.250109697236	0.247334245715	0.116588383418	0.00022758306782	0.198572595705	0.203815941415	0.225948754889	0.24796090559	0.175505835247	0.169431286372	0.212801891091	0.223183099351	0.0	0.169889950166	0.182641580534	0.236274509804	0.15873015873	0.172110726644	0.187999796002	0.166242038217	0.229753997951	0.20146074286	0.222721576669	0.207802675585	0.232604332802	0.00307304208233	0.171338691488	0.0378009987443	0.0406927267434	0.0415386152199	0.0358050493382
MH0275.snv.bam	0.142425007408	0.0768245378782	0.146584008097	0.180360455382	0.179771915084	0.184155499571	0.183458001647	0.107464597584	0.167230991552	0.120404284319	0.124285765441	0.161345808588	0.157961474731	0.0107876414074	0.0146353562787	0.184029283992	0.137408999909	0.169889950166	0.0	0.101212872775	0.137373587366	0.157916326531	0.0108860958176	0.168780613575	0.0673043154762	0.142098793597	0.138560255197	0.129045914186	0.131974531223	0.177372809005	0.17610280112	0.0727310100138	0.171445619071	0.165357905378	0.168973823932	0.160540007136
MH0432.snv.bam	0.156820615475	0.117210281133	0.123928996301	0.193833536322	0.192766252396	0.191381930548	0.191244723027	0.1585984469	0.185276377979	0.149518345014	0.151332817424	0.148165247566	0.16844849475	0.106907769902	0.110404548991	0.247344550478	0.192358592359	0.182641580534	0.101212872775	0.0	0.0732625585355	0.164326908541	0.108179168858	0.186658892703	0.0860271990741	0.158410135912	0.155680059845	0.100175672416	0.19882157307	0.13244171512	0.195370525988	0.110593913722	0.192526930267	0.186840534702	0.190262754909	0.185930180983
N017A.snv.bam	0.146395944843	0.151518081672	0.153549526522	0.160493409116	0.158916077349	0.15586218945	0.156549347993	0.191369329043	0.232291198081	0.125074981543	0.126966086864	0.169540543263	0.15676944497	0.140809004708	0.146023092685	0.278933280639	0.183787882682	0.236274509804	0.137373587366	0.0732625585355	0.0	0.162386457473	0.140148578811	0.161518850176	0.128487217672	0.180991373553	0.130226197062	0.128129714271	0.174248426414	0.154303852322	0.239421587517	0.14785116603	0.226199287344	0.2206798655	0.223950512543	0.218879782005
N032A.snv.bam	0.0832634677426	0.129632922993	0.248069299122	0.107944859533	0.10298660723	0.110638428956	0.110499977306	0.120663454643	0.160356503961	0.120473208551	0.116653816535	0.178424141725	0.192811101766	0.162734658784	0.161891379403	0.174178893972	0.125732651187	0.15873015873	0.157916326531	0.164326908541	0.162386457473	0.0	0.150857337155	0.0589496268143	0.158969751423	0.209220487169	0.116428898832	0.169610263031	0.107380554688	0.182765250865	0.169248848965	0.125916196006	0.144598562696	0.144159861379	0.142500662342	0.147772512546
O2.UC37-1.snv.bam	0.140181682921	0.0729984362659	0.151746412992	0.177261753961	0.175796169686	0.179655427558	0.178949912416	0.106782141978	0.168405175836	0.125648301956	0.130105255678	0.157597755002	0.163439291518	0.0172417947829	0.0201430330586	0.181525469778	0.130861696917	0.172110726644	0.0108860958176	0.108179168858	0.140148578811	0.150857337155	0.0	0.161495507505	0.0723132290891	0.14708107674	0.140665273424	0.122815804669	0.139936850907	0.173244644326	0.176209905928	0.0688717505089	0.172693552977	0.166325038541	0.170347416293	0.162099293176
SZEY-10A.snv.bam	0.0454494530398	0.11752479431	0.270662871265	0.0975471870448	0.0947415073493	0.0990440676917	0.0998928294658	0.132983994477	0.184378632219	0.0642508542577	0.0664449610491	0.200062058608	0.217559532464	0.173165724784	0.172669123469	0.173340592869	0.103070703071	0.187999796002	0.168780613575	0.186658892703	0.161518850176	0.0589496268143	0.161495507505	0.0	0.208413883266	0.236043559874	0.114947741067	0.170169085301	0.105990675222	0.200614267414	0.190121201517	0.114235029247	0.161417553549	0.162458064672	0.162054179802	0.16106091775
SZEY-39A.snv.bam	0.172988739809	0.109434819047	0.139391397495	0.1891603036	0.186389731592	0.188125	0.187397551812	0.127220775055	0.162901655307	0.154080489638	0.155497419747	0.157213093324	0.138524123176	0.0720694967725	0.0759169965411	0.215760419964	0.146601165719	0.166242038217	0.0673043154762	0.0860271990741	0.128487217672	0.158969751423	0.0723132290891	0.208413883266	0.0	0.140773032256	0.136210450089	0.135528807815	0.190355651737	0.179349232639	0.171617647059	0.104603210751	0.171905952318	0.165819504483	0.168582344146	0.164612766165
T2D-17A.snv.bam	0.206903428164	0.157040901652	0.177596988236	0.230841093487	0.22890223105	0.230834674116	0.230418904775	0.186758979215	0.226202252005	0.211427884826	0.212518632631	0.208177608469	0.179143704916	0.146662942828	0.15018193227	0.247843312004	0.198398659281	0.229753997951	0.142098793597	0.158410135912	0.180991373553	0.209220487169	0.14708107674	0.236043559874	0.140773032256	0.0	0.216502235772	0.183180975175	0.23707671711	0.124543755733	0.23373850523	0.164970031389	0.226724735696	0.220151253553	0.226554751792	0.218914097418
T2D-25A.snv.bam	0.120346034055	0.161618805275	0.224265883569	0.140118440962	0.139613386279	0.143442461773	0.14351523449	0.157285939114	0.198206412198	0.0862027317022	0.0912243720258	0.232602745179	0.180243181657	0.141687249523	0.144818205561	0.227842786665	0.162178412178	0.20146074286	0.138560255197	0.155680059845	0.130226197062	0.116428898832	0.140665273424	0.114947741067	0.136210450089	0.216502235772	0.0	0.231537218157	0.121537897892	0.245629899896	0.201806468042	0.158703786402	0.188619197096	0.184987736517	0.185883135376	0.186921622871
V1.CD20-0.snv.bam	0.159583574734	0.0728471982158	0.16305522288	0.164368497098	0.161476529254	0.161804782348	0.161685309577	0.1428237887	0.217868668597	0.207220188489	0.20020607016	0.103233827924	0.212041012569	0.13520023415	0.137497191749	0.22976760082	0.179548451267	0.222721576669	0.129045914186	0.100175672416	0.128129714271	0.169610263031	0.122815804669	0.170169085301	0.135528807815	0.183180975175	0.231537218157	0.0	0.222804735309	0.0658617345131	0.229416160348	0.0681029946194	0.214953205319	0.210952960875	0.211689238633	0.207873280596
V1.FI08.snv.bam	0.10957219533	0.17087593564	0.253594562553	0.158840697384	0.15525340253	0.163948654492	0.163716166745	0.145871785381	0.203879116598	0.082544367458	0.090080242908	0.265887046703	0.223503238408	0.132026039941	0.137204316245	0.226966372304	0.195128973176	0.207802675585	0.131974531223	0.19882157307	0.174248426414	0.107380554688	0.139936850907	0.105990675222	0.190355651737	0.23707671711	0.121537897892	0.222804735309	0.0	0.255079939154	0.209828331184	0.172447026199	0.18836464081	0.186003910451	0.183966807767	0.181593245702
V1.FI10.snv.bam	0.186511580491	0.130905060388	0.166301803027	0.195079453472	0.191537008633	0.192974615875	0.192874592159	0.176618435146	0.229088694965	0.242934804703	0.235457312775	0.120108180055	0.229122597718	0.181553753817	0.184194374608	0.226024535771	0.198871477234	0.232604332802	0.177372809005	0.13244171512	0.154303852322	0.182765250865	0.173244644326	0.200614267414	0.179349232639	0.124543755733	0.245629899896	0.0658617345131	0.255079939154	0.0	0.236976714075	0.126791280855	0.221489386269	0.21796234312	0.221393939187	0.218920641992
V1.FI23.snv.bam	0.188190740289	0.182105111868	0.254890451825	0.248295044051	0.243268319915	0.253777284499	0.250789671887	0.121565315653	0.00676716124733	0.201243840503	0.207395333953	0.230030529735	0.252684164113	0.18121425062	0.1773153498	0.216913370553	0.226393808212	0.00307304208233	0.17610280112	0.195370525988	0.239421587517	0.169248848965	0.176209905928	0.190121201517	0.171617647059	0.23373850523	0.201806468042	0.229416160348	0.209828331184	0.236976714075	0.0	0.178388384882	0.0396503070513	0.0434390410194	0.0449007543651	0.0387015341701
V1.UC54-4.snv.bam	0.105597579045	0.0104424834246	0.170337584361	0.119381965724	0.119062418909	0.117678097061	0.117896003177	0.107830011349	0.168717234415	0.140976981785	0.140697345512	0.11830717208	0.164991636772	0.0786269119923	0.0776804747965	0.156735247791	0.078884530061	0.171338691488	0.0727310100138	0.110593913722	0.14785116603	0.125916196006	0.0688717505089	0.114235029247	0.104603210751	0.164970031389	0.158703786402	0.0681029946194	0.172447026199	0.126791280855	0.178388384882	0.0	0.166292020574	0.16357206131	0.164174470384	0.16078477457
alien-11-0-0.snv.bam	0.152788271857	0.170030108061	0.251930645852	0.22120117634	0.215840212814	0.226409573746	0.223699515379	0.11445666518	0.0388780573597	0.180948133667	0.18131548758	0.215923913243	0.230318261615	0.175953576628	0.170515581869	0.202084542098	0.205705213038	0.0378009987443	0.171445619071	0.192526930267	0.226199287344	0.144598562696	0.172693552977	0.161417553549	0.171905952318	0.226724735696	0.188619197096	0.214953205319	0.18836464081	0.221489386269	0.0396503070513	0.166292020574	0.0	0.0169499636608	0.0166192961307	0.0282820249541
alien-11-7-0.snv.bam	0.153632597241	0.167267670529	0.244228468083	0.219620173832	0.213953561431	0.224402815988	0.221432178448	0.109368284837	0.0424675359612	0.179697175882	0.179604095764	0.211637281402	0.226425623259	0.169814636145	0.165663450046	0.198872539282	0.198448671485	0.0406927267434	0.165357905378	0.186840534702	0.2206798655	0.144159861379	0.166325038541	0.162458064672	0.165819504483	0.220151253553	0.184987736517	0.210952960875	0.186003910451	0.21796234312	0.0434390410194	0.16357206131	0.0169499636608	0.0	0.0183424450198	0.022375525008
alien-12-7-0.snv.bam	0.155781026305	0.167870079604	0.248693308867	0.218164100409	0.212497488008	0.222946742565	0.219976105025	0.113476216168	0.0436643739284	0.180383311864	0.181276891817	0.2144625879	0.229192292979	0.173430554698	0.168686048901	0.200795928074	0.206298299237	0.0415386152199	0.168973823932	0.190262754909	0.223950512543	0.142500662342	0.170347416293	0.162054179802	0.168582344146	0.226554751792	0.185883135376	0.211689238633	0.183966807767	0.221393939187	0.0449007543651	0.164174470384	0.0166192961307	0.0183424450198	0.0	0.0250442956565
alien-13-7-0.snv.bam	0.155698158746	0.164501501557	0.24080870063	0.219489932827	0.214159603378	0.224668567962	0.22168095535	0.104402781507	0.03386227784	0.175503529163	0.176788870754	0.210682558522	0.231895196404	0.165294313779	0.160394155213	0.196686059098	0.196848394674	0.0358050493382	0.160540007136	0.185930180983	0.218879782005	0.147772512546	0.162099293176	0.16106091775	0.164612766165	0.218914097418	0.186921622871	0.207873280596	0.181593245702	0.218920641992	0.0387015341701	0.16078477457	0.0282820249541	0.022375525008	0.0250442956565	0.0
