	763860675-stool1.snv.bam	CCIS03473770ST-4-0.snv.bam	CCIS06260551ST-3-0.snv.bam	CCIS07539127ST-4-0.snv.bam	CCIS11015875ST-4-0.snv.bam	CCIS11354283ST-4-0.snv.bam	CCIS12656533ST-4-0.snv.bam	CCIS20795251ST-4-0.snv.bam	CCIS21126322ST-4-0.snv.bam	CCIS21278152ST-4-0.snv.bam	CCIS27304052ST-3-0.snv.bam	CCIS28384594ST-4-0.snv.bam	CCIS31434951ST-20-0.snv.bam	CCIS32105356ST-4-0.snv.bam	CCIS33816588ST-4-0.snv.bam	CCIS35100175ST-4-0.snv.bam	CCIS36797902ST-4-0.snv.bam	CCIS38765456ST-20-0.snv.bam	CCIS41222843ST-4-0.snv.bam	CCIS41806458ST-4-0.snv.bam	CCIS47284573ST-4-0.snv.bam	CCIS52234160ST-4-0.snv.bam	CCIS53355328ST-4-0.snv.bam	CCIS55230578ST-4-0.snv.bam	CCIS62605362ST-3-0.snv.bam	CCIS64773582ST-4-0.snv.bam	CCIS71578391ST-4-0.snv.bam	CCIS74726977ST-3-0.snv.bam	CCIS81887263ST-4-0.snv.bam	CCIS87116798ST-4-0.snv.bam	CCIS94417875ST-3-0.snv.bam	CCIS95409808ST-4-0.snv.bam	DLM022.snv.bam	Log_40M_3.snv.bam	MH0131.snv.bam	MH0229.snv.bam	MH0262.snv.bam	MH0354.snv.bam	MMRS25641480ST-27-0-0.snv.bam	MMRS38954404ST-27-0-0.snv.bam	MMRS54316675ST-27-0-0.snv.bam	MMRS72980899ST-27-0-0.snv.bam	MMRS77487595ST-27-0-0.snv.bam	MMRS80093644ST-27-0-0.snv.bam	MMRS84159866ST-27-0-0.snv.bam	MMRS88581325ST-27-0-0.snv.bam	MMRS93621581ST-27-0-0.snv.bam	MMRS97327636ST-27-0-0.snv.bam	NG-5636_131.snv.bam	NG-5636_200.snv.bam	NG-5636_263.snv.bam	NG-5636_332.snv.bam	NG-5636_381.snv.bam	NG-5636_436.snv.bam	NG-5636_458.snv.bam	NG-5636_487.snv.bam	NG-5636_488.snv.bam	NG-5636_54.snv.bam	NG-5636_59.snv.bam	NG-5636_88.snv.bam	O2.UC28-0.snv.bam	O2.UC28-2.snv.bam	O2.UC40-1.snv.bam	O2.UC47-1.snv.bam	T2D-110A.snv.bam	T2D-15A.snv.bam	T2D-59A.snv.bam	V1.CD22-0.snv.bam	V1.CD6-0-PT.snv.bam	V1.FI04.snv.bam	V1.FI17.snv.bam	V1.UC10-2.snv.bam	V1.UC17-2.snv.bam	V1.UC22-1.snv.bam	V1.UC26-4.snv.bam	V1.UC43-0.snv.bam	V1.UC50-1.snv.bam	V1.UC52-1.snv.bam
763860675-stool1.snv.bam	0.0	0.159852626268	0.139429096922	0.136240188584	0.156841007504	0.132881578947	0.139999678086	0.180325989024	0.113381410256	0.105618768852	0.111487979207	0.101319493315	0.130260704709	0.109761904762	0.149981892303	0.134558823529	0.20266682482	0.133573588561	0.130419809762	0.149859352703	0.123116086445	0.143446601942	0.135204932531	0.137529691211	0.144585720274	0.10878422782	0.133595354498	0.104788651774	0.1575381464	0.144216389491	0.16759943937	0.211773779203	0.229674242292	0.128	0.134436450839	0.128860182371	0.103357314149	0.156485108188	0.126279686651	0.115607580825	0.133417085427	0.132581453634	0.138831918906	0.188670950575	0.128298670303	0.118689320388	0.171515331462	0.115878481788	0.113462469734	0.112368207624	0.165995551031	0.108674698795	0.154961832061	0.149406175772	0.171258907363	0.116487355037	0.132451923077	0.112128598929	0.143103448276	0.158441558442	0.16433915212	0.180802530641	0.122190712513	0.104169273738	0.200071081182	0.093734939759	0.168489811274	0.204483543415	0.0884522479545	0.103995113346	0.146437292031	0.133352272727	0.213446334356	0.169300804384	0.104486590006	0.10403492341	0.154649248012	0.227522648717
CCIS03473770ST-4-0.snv.bam	0.159852626268	0.0	0.137735915202	0.132107588665	0.180041731536	0.145578838422	0.154360727948	0.212785840877	0.149224031165	0.155408557005	0.126821813684	0.155771597929	0.126716097164	0.148004579998	0.191982272488	0.151939996424	0.163924810234	0.159533696118	0.147340743985	0.162111700414	0.142839071221	0.15560371279	0.16606629699	0.114614716159	0.20566749241	0.109581540769	0.120037242979	0.150046952055	0.17363980545	0.209641876567	0.184027445112	0.215516778145	0.254376826603	0.172251605647	0.174900838818	0.183278802298	0.172299760651	0.184661983793	0.135902957111	0.163935004698	0.161027471575	0.145631840117	0.151362190805	0.206990059691	0.164404068073	0.16242266949	0.128906878436	0.192336238259	0.176482417658	0.146264191027	0.184745260589	0.123691838054	0.168480147025	0.196390417094	0.173227498816	0.138175542359	0.154132282882	0.127195557083	0.143684358396	0.178894201754	0.191486585999	0.199279066476	0.117494128401	0.138497278007	0.235764820163	0.11624430928	0.201143245473	0.17128451782	0.140972785159	0.147437129355	0.179762852106	0.167274410565	0.208533835188	0.188009707871	0.145719373437	0.140369938056	0.133701301394	0.234034018147
CCIS06260551ST-3-0.snv.bam	0.139429096922	0.137735915202	0.0	0.0962126143468	0.158150952731	0.11858062045	0.13162277564	0.179784140648	0.11771160449	0.123634596793	0.102727729626	0.131460765202	0.14975404311	0.109802494258	0.160474280708	0.130387893247	0.194628605498	0.143510886285	0.133309445472	0.147355903321	0.121816154388	0.140609086687	0.143767480268	0.106135010294	0.167498520445	0.141474172793	0.122640405766	0.137268074324	0.150380354778	0.164955442724	0.154823118995	0.188539305274	0.224515005111	0.145551535739	0.154664267403	0.137405052107	0.143301561395	0.155562405876	0.134359994278	0.153574014188	0.132422339696	0.107280215568	0.139914972507	0.174865944714	0.125897850358	0.113528146505	0.133062142081	0.154194358053	0.14362581199	0.121726728543	0.152347167004	0.108360580185	0.141989102096	0.160054191822	0.151413068344	0.151237212597	0.100934412822	0.124020022803	0.110181287409	0.159522393288	0.165130779375	0.171488939885	0.132385684746	0.126282891249	0.197149559085	0.121048565473	0.162676728832	0.168003510463	0.1203199901	0.135529287669	0.149794947263	0.133262353758	0.204857836135	0.157021659675	0.134401323469	0.123629817343	0.134809467461	0.200061920425
CCIS07539127ST-4-0.snv.bam	0.136240188584	0.132107588665	0.0962126143468	0.0	0.131275864488	0.0990926140521	0.145753920558	0.164314834751	0.123863524415	0.151483075189	0.0930061187587	0.124368835518	0.133961851413	0.101364416734	0.14127693331	0.14789316492	0.197789763285	0.136473476766	0.134006143244	0.148082019906	0.131333355972	0.143731763426	0.0986054357104	0.087041965052	0.15724401225	0.142939101349	0.135640070038	0.139374359753	0.141519761412	0.152009275012	0.132794152812	0.179036192044	0.227384658133	0.142385474904	0.130200566391	0.0920987530221	0.111338007149	0.134004904385	0.0893154626685	0.169549917837	0.151939992816	0.101682864139	0.122648436297	0.175045707925	0.1303602223	0.110503302427	0.138725170344	0.111652164102	0.13642258138	0.0987210873804	0.129181300467	0.0906663740765	0.146296919678	0.140881129068	0.141364416734	0.119544167811	0.0690733423091	0.129920527268	0.061021598813	0.133372720469	0.140314635309	0.148358644359	0.135682393747	0.116888659652	0.195473533809	0.126380659791	0.140961435515	0.164921974433	0.136662613852	0.143106477839	0.16637237007	0.16090503938	0.211266102023	0.14381680176	0.141466121494	0.143131603921	0.134108391632	0.193355112066
CCIS11015875ST-4-0.snv.bam	0.156841007504	0.180041731536	0.158150952731	0.131275864488	0.0	0.155685646693	0.145078623219	0.0668810039425	0.146468017213	0.169566202053	0.148681491259	0.172151530094	0.138345027452	0.124802043423	0.0242481659038	0.164215703094	0.190652402474	0.139312775756	0.153426214273	0.177062841721	0.148123224447	0.169679346835	0.171178855017	0.144963074019	0.0552368260314	0.155724807995	0.14825652481	0.125557954655	0.162545744998	0.0611061423909	0.0210914346123	0.0990036273304	0.178702028698	0.17305742307	0.184799721351	0.13672539864	0.149726407568	0.0236315159163	0.168198230634	0.165114451321	0.166838499942	0.149108525778	0.150725668912	0.128659594341	0.148690587569	0.142048108096	0.162532609958	0.156349871292	0.165598403954	0.143568936925	0.0233527680604	0.138679234621	0.163755262287	0.0262513187851	0.15701238528	0.147691121759	0.14551367727	0.144865024469	0.139854895247	0.0321415842466	0.0395657726692	0.040851501015	0.15709372795	0.140291151734	0.132689167747	0.144284426414	0.0351272288985	0.215186693483	0.148114130069	0.158645651762	0.167690853392	0.154956769245	0.191613101232	0.0438771570287	0.148561490234	0.150612612885	0.150943172137	0.11684729354
CCIS11354283ST-4-0.snv.bam	0.132881578947	0.145578838422	0.11858062045	0.0990926140521	0.155685646693	0.0	0.127956290759	0.179532857391	0.0873614384219	0.128898165422	0.109682603455	0.125225372104	0.122391055897	0.10604096448	0.143079650527	0.131778814124	0.197148207218	0.115883316028	0.105796981544	0.123247012764	0.129888141964	0.118222692409	0.140230732616	0.142635458425	0.147477198561	0.120931246612	0.103495867789	0.127219977236	0.1603907711	0.151656649223	0.151507913949	0.180043396168	0.200882338755	0.119874020157	0.158840276871	0.118509173648	0.0969047929999	0.147660242846	0.140335085157	0.132535425101	0.133296688196	0.126750985992	0.110605038237	0.14855715079	0.116408614128	0.10288880095	0.140443700551	0.104619384636	0.138222692409	0.127521109507	0.150045465835	0.0896831631317	0.135201640465	0.142635458425	0.125745397978	0.117920904299	0.0991401771756	0.12349149331	0.119120586276	0.153367289191	0.158702382555	0.167708607015	0.124079528719	0.125437723788	0.187164755646	0.109583660644	0.157461528563	0.179887415198	0.11577902322	0.119891358324	0.144343215109	0.123737949453	0.185316481527	0.150838687941	0.130447244096	0.114784927039	0.137792682678	0.198393007173
CCIS12656533ST-4-0.snv.bam	0.139999678086	0.154360727948	0.13162277564	0.145753920558	0.145078623219	0.127956290759	0.0	0.1612946667	0.11136295778	0.122508946577	0.148213409283	0.138197527264	0.140311058165	0.105479776286	0.140699535711	0.110939432468	0.196690228736	0.131304770196	0.128410392201	0.133590972207	0.109083034002	0.126586788721	0.151945256171	0.109839469733	0.140211338106	0.120839833954	0.119442098217	0.132252005474	0.173484114632	0.144034983645	0.143777696564	0.182673862879	0.212048727639	0.151949023985	0.143867604892	0.150026091499	0.136886472817	0.142570315471	0.145035142817	0.14727174094	0.123861050679	0.115791362181	0.12166659661	0.155304286622	0.108192170127	0.0979471705828	0.13323088556	0.137216608446	0.145584402086	0.112700746635	0.147252316491	0.109099204915	0.140803679583	0.140280057183	0.154660104155	0.133133273235	0.134778470557	0.100565267859	0.118994123204	0.15310427543	0.156960452143	0.161772663568	0.132476091973	0.109686635389	0.170256465649	0.106729536669	0.145032885562	0.175698489619	0.112566030054	0.118694597003	0.120615468202	0.106230162399	0.195089106923	0.152534833172	0.114506728921	0.130539935255	0.133267356165	0.193705332955
CCIS20795251ST-4-0.snv.bam	0.180325989024	0.212785840877	0.179784140648	0.164314834751	0.0668810039425	0.179532857391	0.1612946667	0.0	0.1724599875	0.190530958092	0.18455191796	0.193749329071	0.1664183347	0.149923281919	0.077216345729	0.161487328625	0.232227443021	0.166116046984	0.168077160671	0.192002273617	0.173178193491	0.186198666776	0.172906624337	0.182202707058	0.0583827794734	0.177873687026	0.166360004383	0.154705858516	0.185125948732	0.0771548005332	0.0615854283197	0.119583673641	0.15793194037	0.187348756002	0.197978204294	0.189705000507	0.16033669486	0.0798117783543	0.189360996964	0.194723942615	0.180693069307	0.162519109903	0.170071594373	0.138897471754	0.162230278221	0.15986338573	0.1871278345	0.184424013683	0.193180808164	0.165229885057	0.074769552251	0.168287301847	0.173410154219	0.0818159845311	0.184971331664	0.177392371709	0.16071574142	0.176883589828	0.169861064613	0.0536154116819	0.068669709263	0.0703847874675	0.191100485384	0.171244400567	0.10229618752	0.158808628861	0.0866341831038	0.2272259716	0.170724002239	0.189357156264	0.172516767447	0.164706343352	0.224394021932	0.0682025314938	0.181119531076	0.179702012615	0.163574518724	0.115321529641
CCIS21126322ST-4-0.snv.bam	0.113381410256	0.149224031165	0.11771160449	0.123863524415	0.146468017213	0.0873614384219	0.11136295778	0.1724599875	0.0	0.109775803882	0.105169020111	0.132603874883	0.127592766312	0.125750394945	0.142099430054	0.114796747967	0.198880270088	0.104497969495	0.111284649117	0.1089065276	0.12505227593	0.106441223833	0.139687809131	0.125453112687	0.146344968247	0.110580626408	0.106088947157	0.12399715754	0.151973194679	0.150366330941	0.143071188071	0.189522086727	0.209612301456	0.133384615385	0.140875099443	0.128267202817	0.106540583136	0.144067590798	0.127967883562	0.138162393162	0.107602339181	0.119866999169	0.111206896552	0.156899501604	0.118804433888	0.116103059581	0.137528655348	0.121380047325	0.137423510467	0.11416464891	0.14874104094	0.0864908073541	0.132148900169	0.141686367218	0.151500789889	0.120585917582	0.131738437002	0.112512717923	0.120556920557	0.149312714777	0.149048800662	0.163752913592	0.111904761905	0.106269933637	0.1790738265	0.0936850519584	0.15122350799	0.175469966014	0.0996125237311	0.119955288126	0.125778607037	0.114384018759	0.200911992838	0.151948623208	0.115950911661	0.103229561507	0.125517179578	0.194894667171
CCIS21278152ST-4-0.snv.bam	0.105618768852	0.155408557005	0.123634596793	0.151483075189	0.169566202053	0.128898165422	0.122508946577	0.190530958092	0.109775803882	0.0	0.146833117919	0.131555417124	0.165606087867	0.120350462983	0.151045566849	0.109319483699	0.199416277493	0.120447945568	0.133703331091	0.153368072502	0.128909815815	0.144192118548	0.178723767743	0.129359812444	0.159905011744	0.143231819705	0.131014051832	0.134540355993	0.174314613234	0.15952160471	0.161478752776	0.198103374195	0.220455744789	0.15291360932	0.139965565182	0.146378916918	0.144902717459	0.157505707238	0.124814620143	0.145666626015	0.0973854397209	0.13155679893	0.137254381433	0.177573059357	0.141405871757	0.129853589371	0.129497634325	0.159749471297	0.163230887533	0.125558365628	0.166979046366	0.114599994322	0.131689259515	0.150584382084	0.160275766438	0.143404045161	0.154748092085	0.12289191733	0.141826699434	0.16961268402	0.167854548689	0.181614140323	0.100259387836	0.114494437343	0.195799352797	0.0979736827805	0.169444031254	0.200378608917	0.118045406471	0.0958559581101	0.14292250603	0.135144189651	0.195944571396	0.165532980672	0.110530881436	0.107666211179	0.143605826669	0.209502582027
CCIS27304052ST-3-0.snv.bam	0.111487979207	0.126821813684	0.102727729626	0.0930061187587	0.148681491259	0.109682603455	0.148213409283	0.18455191796	0.105169020111	0.146833117919	0.0	0.128686009735	0.133581451379	0.131514918684	0.172892117546	0.137976520248	0.157779411479	0.13863217161	0.121503328856	0.140763685872	0.11855360585	0.134125636672	0.123965796541	0.0996423096576	0.17238645586	0.122867756839	0.133464597265	0.125332018991	0.146228187694	0.166973839201	0.161485846916	0.204533177824	0.236966987456	0.147948895987	0.166697626419	0.12897679159	0.133948008708	0.165289089416	0.121563401928	0.137289632452	0.136733586544	0.107551487414	0.152001840043	0.182968509559	0.120110948102	0.126681467938	0.133884917778	0.123618889837	0.154076008881	0.124716330628	0.160360448046	0.123282343791	0.132949561404	0.172457843638	0.158278908951	0.150470407887	0.0881482434693	0.12352121758	0.0986177565125	0.157054871221	0.171052631579	0.180266896468	0.114274235206	0.11896681586	0.193923164467	0.130671506352	0.172540878945	0.170399733748	0.0949564622586	0.115754895993	0.146363085085	0.137311946514	0.198107805794	0.168330718395	0.119073250622	0.118288797715	0.109474220341	0.212888017288
CCIS28384594ST-4-0.snv.bam	0.101319493315	0.155771597929	0.131460765202	0.124368835518	0.172151530094	0.125225372104	0.138197527264	0.193749329071	0.132603874883	0.131555417124	0.128686009735	0.0	0.153205204518	0.118730543065	0.165266116872	0.134752404703	0.20398548193	0.130978466974	0.140538630013	0.1577298599	0.125591760889	0.151078500707	0.167208210367	0.128415773089	0.164664170753	0.132654200836	0.118394088605	0.130072194383	0.135995891267	0.16206144533	0.171200682786	0.218385413158	0.234312485347	0.119750744048	0.148959133776	0.126450988369	0.136831994411	0.171951440274	0.145288678621	0.128261516808	0.132406397674	0.138198757764	0.138672795851	0.190070105011	0.12638164755	0.113388458832	0.150468931795	0.14168424638	0.123949787836	0.116743471582	0.174459049156	0.0983678483678	0.154140246177	0.16473538568	0.162534674064	0.140379880766	0.152048319328	0.111714596644	0.130892407341	0.175946756655	0.178207924391	0.194273104589	0.116612554113	0.103890933528	0.208956035589	0.110381652661	0.174503449956	0.196792343539	0.0996951832314	0.105985602653	0.159327572966	0.148909170098	0.200358225119	0.175179263379	0.118737471502	0.125525103981	0.15511359715	0.232619178267
CCIS31434951ST-20-0.snv.bam	0.130260704709	0.126716097164	0.14975404311	0.133961851413	0.138345027452	0.122391055897	0.140311058165	0.1664183347	0.127592766312	0.165606087867	0.133581451379	0.153205204518	0.0	0.133445332177	0.145572729675	0.147236877274	0.174285899786	0.154574138618	0.144496749179	0.157467364802	0.124954297128	0.150853121974	0.14469004222	0.132986083528	0.14695231259	0.137632816789	0.139223446913	0.125060023583	0.174590925066	0.151395429608	0.141318289316	0.19815425849	0.235801458251	0.167385778852	0.170818412461	0.174608821933	0.139285565745	0.135395159593	0.128458109883	0.143967985288	0.161755415656	0.153769187711	0.151342871255	0.18691947782	0.152533577534	0.161482561177	0.169528486908	0.168040050495	0.158003016414	0.154840344388	0.137767112406	0.135076693206	0.165923231921	0.147367418392	0.181754510921	0.142620587932	0.137186262247	0.128968491189	0.147013318912	0.134888101664	0.146872459467	0.157129672365	0.128508932187	0.118278690686	0.208459036091	0.136178696945	0.15482051255	0.196562310246	0.121409069663	0.128569964565	0.15890130548	0.143925192257	0.207257461022	0.145403531542	0.136981336238	0.117865578596	0.137950377178	0.21715652347
CCIS32105356ST-4-0.snv.bam	0.109761904762	0.148004579998	0.109802494258	0.101364416734	0.124802043423	0.10604096448	0.105479776286	0.149923281919	0.125750394945	0.120350462983	0.131514918684	0.118730543065	0.133445332177	0.0	0.124614891048	0.115942028986	0.190041487498	0.129184726099	0.126275839316	0.136266632595	0.0949956671603	0.129186602871	0.126513528327	0.117096018735	0.124052899848	0.125782768301	0.0974826966531	0.104930692649	0.148042303962	0.128036591697	0.12772774919	0.171386160814	0.195999606788	0.131696202532	0.132293144208	0.129253739254	0.118203309693	0.126629340246	0.124271072787	0.133241758242	0.0918114143921	0.0987654320988	0.138657166029	0.139067116369	0.092218487395	0.0933014354067	0.117348839685	0.119704507764	0.141052631579	0.117705835332	0.126500873573	0.106888361045	0.125944584383	0.124121779859	0.138497652582	0.121642099463	0.0900473933649	0.110279863059	0.111922141119	0.130434782609	0.137592137592	0.145500020693	0.11799719888	0.104822443233	0.15603111406	0.0973871733967	0.128885738984	0.192516342774	0.110274272453	0.114142061749	0.130181472949	0.117884326758	0.169008398067	0.134030501089	0.124231412106	0.130754806015	0.121799221238	0.183950652007
CCIS33816588ST-4-0.snv.bam	0.149981892303	0.191982272488	0.160474280708	0.14127693331	0.0242481659038	0.143079650527	0.140699535711	0.077216345729	0.142099430054	0.151045566849	0.172892117546	0.165266116872	0.145572729675	0.124614891048	0.0	0.135343677894	0.206728514758	0.122110708561	0.133458606966	0.166802046016	0.142892072459	0.160660753788	0.161804208426	0.156957413834	0.0427795030022	0.157146381742	0.140934925834	0.122637128087	0.160083235122	0.0523712281118	0.0340082339837	0.107345162279	0.150024243815	0.149950430513	0.167799043455	0.131594934267	0.125593459814	0.0223785350456	0.173541153456	0.157119042752	0.156429308616	0.143372767236	0.139064957041	0.108026295837	0.1415811368	0.124534124208	0.161675985676	0.15253061066	0.153250922987	0.139410729834	0.0360278977274	0.118951310076	0.140933102071	0.0103640496336	0.14098477844	0.128857962474	0.149473345495	0.136748169815	0.143614080561	0.0438991612337	0.047230491856	0.0522637643	0.159714810603	0.138503308184	0.120901231002	0.123687097012	0.0339603721247	0.215917900417	0.136190746854	0.149722382884	0.137647006222	0.13923931278	0.1830407865	0.0428222427669	0.15056379857	0.154130520923	0.147775333007	0.120911209509
CCIS35100175ST-4-0.snv.bam	0.134558823529	0.151939996424	0.130387893247	0.14789316492	0.164215703094	0.131778814124	0.110939432468	0.161487328625	0.114796747967	0.109319483699	0.137976520248	0.134752404703	0.147236877274	0.115942028986	0.135343677894	0.0	0.198056836886	0.101497575352	0.108493159172	0.132599912101	0.112710119884	0.125615763547	0.166316329146	0.125301204819	0.134868887314	0.137030451211	0.0880176934858	0.111310578941	0.157164303111	0.138847288325	0.138729528293	0.159467019902	0.177293712982	0.104712041885	0.162919708029	0.159570272759	0.12895377129	0.137503351031	0.161484648271	0.158830167388	0.0966921119593	0.116161616162	0.128110792056	0.143238310962	0.114268419232	0.118226600985	0.12300109529	0.154553244528	0.16	0.116255144033	0.139720787914	0.112469437653	0.131782945736	0.134939759036	0.154589371981	0.142310418143	0.136585365854	0.116002420588	0.127819548872	0.155263157895	0.149367088608	0.152263436882	0.0802446923354	0.11986717222	0.162821969697	0.107579462103	0.144660748304	0.164250644685	0.0991286659972	0.114956672616	0.102589661257	0.0852134819064	0.191899956902	0.135682898395	0.0957180433149	0.107752507655	0.110849769887	0.175727019679
CCIS36797902ST-4-0.snv.bam	0.20266682482	0.163924810234	0.194628605498	0.197789763285	0.190652402474	0.197148207218	0.196690228736	0.232227443021	0.198880270088	0.199416277493	0.157779411479	0.20398548193	0.174285899786	0.190041487498	0.206728514758	0.198056836886	0.0	0.199378465796	0.208681267442	0.227505819472	0.177879563002	0.220364433232	0.220470376611	0.16351829937	0.225089598506	0.199454937026	0.201387102361	0.180323776276	0.203899617679	0.224708004795	0.20274836699	0.239909942554	0.289071731772	0.210844562666	0.229610579747	0.225781274085	0.210567517546	0.203848740682	0.182401024452	0.202329696364	0.201016890287	0.167448308669	0.219719625051	0.241006395405	0.185886144311	0.213087763405	0.203872672485	0.222278097217	0.210200459393	0.206495338883	0.208534003124	0.187482563188	0.218848514597	0.210941285152	0.220888464176	0.19895355167	0.184649691767	0.167316477222	0.184741985927	0.20213615887	0.223923438642	0.228157447039	0.167440057566	0.192810432051	0.261460599064	0.194722890227	0.21576168929	0.180461770256	0.173236546649	0.184327817845	0.194130112198	0.181436199973	0.241480500219	0.207095679279	0.178888149693	0.165907075474	0.151864780884	0.254727333505
CCIS38765456ST-20-0.snv.bam	0.133573588561	0.159533696118	0.143510886285	0.136473476766	0.139312775756	0.115883316028	0.131304770196	0.166116046984	0.104497969495	0.120447945568	0.13863217161	0.130978466974	0.154574138618	0.129184726099	0.122110708561	0.101497575352	0.199378465796	0.0	0.11930329189	0.133613946116	0.118981794021	0.126935499833	0.166134947149	0.142720749495	0.135633212536	0.142552920829	0.093250498925	0.131962426408	0.169034893518	0.140094356818	0.139381158557	0.178406248359	0.207547164309	0.121719403363	0.144027842962	0.136177178401	0.130053413385	0.133577907559	0.154554463399	0.145061051757	0.143809950041	0.145616739599	0.136496285359	0.164977250746	0.134219103115	0.112492794234	0.15210166293	0.122470373546	0.16239732884	0.108128735872	0.142613503944	0.0974215119534	0.14339295547	0.121683240023	0.15014809253	0.124015206464	0.154046993013	0.0985273441253	0.11932494671	0.143097258572	0.135001045907	0.152499975642	0.114838681911	0.114586969374	0.182501197987	0.106892362961	0.144932795483	0.18984572663	0.0894536788137	0.133058645112	0.128057219999	0.120570436069	0.178985634686	0.141120806965	0.11229290324	0.111486023643	0.128831307693	0.18460905947
CCIS41222843ST-4-0.snv.bam	0.130419809762	0.147340743985	0.133309445472	0.134006143244	0.153426214273	0.105796981544	0.128410392201	0.168077160671	0.111284649117	0.133703331091	0.121503328856	0.140538630013	0.144496749179	0.126275839316	0.133458606966	0.108493159172	0.208681267442	0.11930329189	0.0	0.08477785302	0.1118116199	0.079008045827	0.158740794354	0.130955176743	0.132921429026	0.139934110083	0.118586836103	0.128369666826	0.161762907254	0.132860458551	0.146061997752	0.171179866303	0.185990144276	0.114318410551	0.136714009221	0.142814698619	0.108506462051	0.135372031826	0.161176475392	0.12798413741	0.130714535339	0.125870724392	0.0903257114496	0.157243965112	0.0967126691373	0.114574558257	0.126274904393	0.122208835898	0.13149348966	0.103394989237	0.149308201804	0.0927387966059	0.113406462733	0.128317250906	0.119552261466	0.102904493099	0.127675508061	0.124352560067	0.133300445116	0.157958631092	0.149313194578	0.1638333636	0.109735461892	0.125726464305	0.177167513862	0.09495558303	0.147088770874	0.171045955687	0.11933684762	0.134705912801	0.125439857915	0.10625122398	0.1782912638	0.138699184702	0.137972834455	0.114218204034	0.130745857389	0.188154012834
CCIS41806458ST-4-0.snv.bam	0.149859352703	0.162111700414	0.147355903321	0.148082019906	0.177062841721	0.123247012764	0.133590972207	0.192002273617	0.1089065276	0.153368072502	0.140763685872	0.1577298599	0.157467364802	0.136266632595	0.166802046016	0.132599912101	0.227505819472	0.133613946116	0.08477785302	0.0	0.130496780673	0.000759473192724	0.173201353299	0.15924692314	0.170731722212	0.154576556075	0.124387085074	0.144402301571	0.18059464813	0.174555367751	0.17230820121	0.204107470448	0.22390930316	0.144369865152	0.15142215796	0.145351654075	0.139269139407	0.173116509559	0.166357055397	0.14987793371	0.144024386431	0.147760560316	0.126946735157	0.186054964603	0.143509070759	0.14092977326	0.150219174447	0.159245541029	0.162450400604	0.146201667118	0.177706885144	0.104382879137	0.148708171151	0.170734625835	0.152613689633	0.11717145685	0.137349634979	0.12716667035	0.140778627447	0.178761275147	0.179146228522	0.192298554395	0.136760114589	0.136098928384	0.206955969682	0.133141829663	0.180160351411	0.180287922401	0.143005846967	0.158926937317	0.146874423916	0.120371928597	0.193750005605	0.17162313825	0.162032752811	0.123792861127	0.140511632155	0.219093240643
CCIS47284573ST-4-0.snv.bam	0.123116086445	0.142839071221	0.121816154388	0.131333355972	0.148123224447	0.129888141964	0.109083034002	0.173178193491	0.12505227593	0.128909815815	0.11855360585	0.125591760889	0.124954297128	0.0949956671603	0.142892072459	0.112710119884	0.177879563002	0.118981794021	0.1118116199	0.130496780673	0.0	0.123470159502	0.158957659707	0.0878676123133	0.151822339497	0.103448744834	0.104821393315	0.087644212642	0.157366786323	0.150995411581	0.148579963458	0.17840604166	0.210506616493	0.146786972741	0.136459646881	0.145230938999	0.122201273675	0.142366515592	0.13067270255	0.144469191171	0.11298278796	0.107482939686	0.113468540971	0.164827914971	0.109833648562	0.121048851996	0.111820111236	0.14156509954	0.135555875353	0.107192877984	0.149484753594	0.0939426259524	0.135408501011	0.142413362636	0.137957559136	0.121182360013	0.127081956533	0.0963705736372	0.118469061656	0.143474268625	0.156961291125	0.164217344185	0.108219889787	0.0908766331092	0.185064822217	0.093828157088	0.14703629442	0.175990723083	0.0786387520614	0.0938917130913	0.127339000215	0.0959579798993	0.186192453617	0.143003338084	0.0921531417991	0.102302616145	0.113996934836	0.191268693152
CCIS52234160ST-4-0.snv.bam	0.143446601942	0.15560371279	0.140609086687	0.143731763426	0.169679346835	0.118222692409	0.126586788721	0.186198666776	0.106441223833	0.144192118548	0.134125636672	0.151078500707	0.150853121974	0.129186602871	0.160660753788	0.125615763547	0.220364433232	0.126935499833	0.079008045827	0.000759473192724	0.123470159502	0.0	0.167115218606	0.150357995227	0.164607609153	0.147809817301	0.117045972525	0.139796784599	0.174799094468	0.168513385503	0.166241744367	0.198672218338	0.218876325065	0.139226804124	0.148229665072	0.143346283824	0.132530120482	0.167110850199	0.15767004315	0.147964899178	0.136708860759	0.143576826196	0.119610281924	0.180203022453	0.13955121617	0.134146341463	0.143455738772	0.154346495256	0.15356097561	0.13956805216	0.171799825738	0.100961538462	0.13881748072	0.164677804296	0.148325358852	0.114698862839	0.132850241546	0.124021802812	0.133995037221	0.172323759791	0.177057356608	0.186691537965	0.129642857143	0.128929529443	0.201312128731	0.125907990315	0.174305991757	0.179528065197	0.136203892295	0.152496297825	0.140090805085	0.11324027535	0.187730957333	0.165556443734	0.155846622074	0.113957797436	0.13370383516	0.213956068888
CCIS53355328ST-4-0.snv.bam	0.135204932531	0.16606629699	0.143767480268	0.0986054357104	0.171178855017	0.140230732616	0.151945256171	0.172906624337	0.139687809131	0.178723767743	0.123965796541	0.167208210367	0.14469004222	0.126513528327	0.161804208426	0.166316329146	0.220470376611	0.166134947149	0.158740794354	0.173201353299	0.158957659707	0.167115218606	0.0	0.121545038775	0.161195945867	0.161080147039	0.156447853755	0.154041507518	0.175848473264	0.160346694209	0.155712570005	0.21318918291	0.252059082056	0.159598168597	0.16505018065	0.159350241666	0.117974708952	0.154264478189	0.0819743567187	0.19235823054	0.143617021277	0.133057331517	0.151106106883	0.199966432791	0.143695149621	0.145635505002	0.13581596061	0.159558429644	0.155277509775	0.134221554854	0.154218232663	0.14223051326	0.15834491607	0.161264664943	0.189745378444	0.135426292211	0.111161410392	0.179279855261	0.114129312126	0.165816326531	0.159365874009	0.168754893361	0.161718477122	0.170924759718	0.209102098239	0.14223051326	0.161344596126	0.206109715161	0.152122408723	0.170660110293	0.158421084088	0.169421720332	0.241912518945	0.166629670326	0.178748186353	0.18009108307	0.126381720325	0.224404122225
CCIS55230578ST-4-0.snv.bam	0.137529691211	0.114614716159	0.106135010294	0.087041965052	0.144963074019	0.142635458425	0.109839469733	0.182202707058	0.125453112687	0.129359812444	0.0996423096576	0.128415773089	0.132986083528	0.117096018735	0.156957413834	0.125301204819	0.16351829937	0.142720749495	0.130955176743	0.15924692314	0.0878676123133	0.150357995227	0.121545038775	0.0	0.175164925783	0.130224041361	0.132752166281	0.119234653201	0.166430963672	0.174466412745	0.148603683898	0.175608579581	0.22377372536	0.146886075949	0.155566037736	0.133634878038	0.146226415094	0.14948651997	0.091270439439	0.147177050978	0.133663366337	0.105911330049	0.131357895956	0.181092840801	0.143309859155	0.126491646778	0.126208050127	0.149555254033	0.114653937947	0.100677830941	0.149495623795	0.101895734597	0.138190954774	0.156542056075	0.142857142857	0.135651456844	0.115839243499	0.093310221381	0.0849514563107	0.145408163265	0.15931372549	0.164021224518	0.0981487949703	0.0977438285782	0.209050456016	0.101895734597	0.156508014155	0.163962440332	0.119482234553	0.109144089972	0.13453592841	0.127312834225	0.192922802962	0.150147800383	0.12393562303	0.109169097254	0.116942130324	0.191680068107
CCIS62605362ST-3-0.snv.bam	0.144585720274	0.20566749241	0.167498520445	0.15724401225	0.0552368260314	0.147477198561	0.140211338106	0.0583827794734	0.146344968247	0.159905011744	0.17238645586	0.164664170753	0.14695231259	0.124052899848	0.0427795030022	0.134868887314	0.225089598506	0.135633212536	0.132921429026	0.170731722212	0.151822339497	0.164607609153	0.161195945867	0.175164925783	0.0	0.156436120334	0.145366940057	0.125229951553	0.159336322537	0.0329648009755	0.0638285973926	0.135935710266	0.169586874149	0.149343261355	0.172006104329	0.163915374312	0.12493063263	0.0586747382982	0.18232321569	0.163734267688	0.155867792662	0.145247754274	0.148317964655	0.127022993768	0.136299167554	0.12880808648	0.170744258834	0.151969652628	0.166898778605	0.143669668824	0.07232410098	0.137371062169	0.14565474431	0.0419873556899	0.163865546218	0.151663001649	0.148866638854	0.145745992826	0.157695602513	0.0790816326531	0.0612024221453	0.0680376944943	0.166536541267	0.149806833875	0.107037320665	0.12315305269	0.0702565753772	0.224783490063	0.135648837787	0.158613709272	0.137110705217	0.138714218308	0.192495114489	0.0704404349116	0.159579880733	0.153586993362	0.151863840253	0.148535466201
CCIS64773582ST-4-0.snv.bam	0.10878422782	0.109581540769	0.141474172793	0.142939101349	0.155724807995	0.120931246612	0.120839833954	0.177873687026	0.110580626408	0.143231819705	0.122867756839	0.132654200836	0.137632816789	0.125782768301	0.157146381742	0.137030451211	0.199454937026	0.142552920829	0.139934110083	0.154576556075	0.103448744834	0.147809817301	0.161080147039	0.130224041361	0.156436120334	0.0	0.102617008496	0.0829826592166	0.156818448794	0.160251587937	0.167546587594	0.20915904763	0.246179684543	0.162121991119	0.129199652023	0.149586275654	0.121900826446	0.158828637661	0.137484107901	0.147004802426	0.12292093871	0.132056223079	0.128713056491	0.193124111682	0.133344155844	0.137571365832	0.132849526066	0.117689393939	0.142650231125	0.114169608708	0.163577207416	0.100852272727	0.146950517837	0.156505816458	0.175664003455	0.135039409991	0.155022781514	0.0969770658914	0.155060456785	0.158148845973	0.171754862053	0.178343271769	0.116383616384	0.0944551687631	0.209564860427	0.0890515734266	0.165850132703	0.192463452582	0.0948854497443	0.108185831921	0.158312721538	0.13163104795	0.2030845713	0.173829565496	0.10156916843	0.110734684979	0.144743635307	0.227697981537
CCIS71578391ST-4-0.snv.bam	0.133595354498	0.120037242979	0.122640405766	0.135640070038	0.14825652481	0.103495867789	0.119442098217	0.166360004383	0.106088947157	0.131014051832	0.133464597265	0.118394088605	0.139223446913	0.0974826966531	0.140934925834	0.0880176934858	0.201387102361	0.093250498925	0.118586836103	0.124387085074	0.104821393315	0.117045972525	0.156447853755	0.132752166281	0.145366940057	0.102617008496	0.0	0.115345006806	0.1621504111	0.149665206545	0.14372548383	0.178803746605	0.20321366891	0.143707816505	0.156125800862	0.144733629708	0.137532366163	0.142873958088	0.14488169201	0.155005918354	0.110640634322	0.137962564658	0.130422689185	0.150913857531	0.124849871767	0.11303096745	0.146401920037	0.132741235339	0.161134284402	0.128535406835	0.143564489517	0.103683849058	0.146103691596	0.140719326294	0.155547849599	0.140329767955	0.139361154037	0.115081183561	0.120939075512	0.140117302254	0.152361097123	0.162153536896	0.113781107262	0.111065442571	0.185535647383	0.0859047585986	0.149886035892	0.177763152174	0.0842881853131	0.124943284216	0.134126513361	0.0967310780134	0.197408865415	0.146564406479	0.100702620586	0.112313327391	0.119600134708	0.196131943495
CCIS74726977ST-3-0.snv.bam	0.104788651774	0.150046952055	0.137268074324	0.139374359753	0.125557954655	0.127219977236	0.132252005474	0.154705858516	0.12399715754	0.134540355993	0.125332018991	0.130072194383	0.125060023583	0.104930692649	0.122637128087	0.111310578941	0.180323776276	0.131962426408	0.128369666826	0.144402301571	0.087644212642	0.139796784599	0.154041507518	0.119234653201	0.125229951553	0.0829826592166	0.115345006806	0.0	0.158312796308	0.131939328034	0.135699733206	0.172057244022	0.205295246724	0.142090668919	0.137028178363	0.134067600249	0.117209523347	0.126444887249	0.140972999582	0.134147391409	0.118064402306	0.137324143212	0.13241181691	0.163697374539	0.130524461236	0.130083790625	0.133864489378	0.130067415323	0.138176214393	0.119797446967	0.133622287335	0.100720365661	0.13945191151	0.122163837288	0.15569775207	0.114812678506	0.131572168221	0.105163581221	0.143093413753	0.120331581648	0.137663764218	0.147594712677	0.10504291274	0.0920011188302	0.185958340356	0.0901229713512	0.135420803279	0.191927730983	0.0914992552413	0.100493104211	0.131486390859	0.120571523039	0.191031279429	0.132429678531	0.106379643919	0.110620907972	0.124553514808	0.190562278896
CCIS81887263ST-4-0.snv.bam	0.1575381464	0.17363980545	0.150380354778	0.141519761412	0.162545744998	0.1603907711	0.173484114632	0.185125948732	0.151973194679	0.174314613234	0.146228187694	0.135995891267	0.174590925066	0.148042303962	0.160083235122	0.157164303111	0.203899617679	0.169034893518	0.161762907254	0.18059464813	0.157366786323	0.174799094468	0.175848473264	0.166430963672	0.159336322537	0.156818448794	0.1621504111	0.158312796308	0.0	0.159251937183	0.172694781001	0.206663826632	0.236021923084	0.167731019005	0.177366481059	0.164524173905	0.144364116992	0.166580590552	0.15925710876	0.183582102444	0.168898316347	0.168024425816	0.173456333553	0.188700793447	0.148844420307	0.158052682985	0.161999943872	0.176693018144	0.15336368777	0.153835383264	0.166468137011	0.133173447715	0.176448091828	0.159405202548	0.183253571568	0.170977044399	0.158924221535	0.16037800059	0.163177667854	0.179196985902	0.181980396776	0.185687991449	0.159086498356	0.16701643028	0.20967382346	0.154551119924	0.173302064186	0.220764613721	0.140993952873	0.170476060705	0.198862030599	0.1720709126	0.220060624831	0.178891728119	0.174469818921	0.158916425224	0.175772081887	0.224037546066
CCIS87116798ST-4-0.snv.bam	0.144216389491	0.209641876567	0.164955442724	0.152009275012	0.0611061423909	0.151656649223	0.144034983645	0.0771548005332	0.150366330941	0.15952160471	0.166973839201	0.16206144533	0.151395429608	0.128036591697	0.0523712281118	0.138847288325	0.224708004795	0.140094356818	0.132860458551	0.174555367751	0.150995411581	0.168513385503	0.160346694209	0.174466412745	0.0329648009755	0.160251587937	0.149665206545	0.131939328034	0.159251937183	0.0	0.0728649726781	0.145382036446	0.174687745099	0.149311804141	0.171625960793	0.158729632417	0.124539995255	0.0633106285943	0.181624702651	0.172842034322	0.152921148328	0.144511390775	0.145874275524	0.126647867423	0.135924921787	0.133186057251	0.170045745795	0.150636199943	0.161909252369	0.143113934581	0.0809713823338	0.141717909924	0.152776276352	0.0426967406434	0.163477653368	0.155948912287	0.148007348761	0.150288559102	0.156975182506	0.0911952748256	0.0905397411723	0.0958093925081	0.170695554517	0.149261814768	0.102620877497	0.125181746726	0.0700638052372	0.229090205412	0.130633265988	0.158203963279	0.14123637039	0.142680145785	0.202175725132	0.083986331834	0.158913218677	0.157771395103	0.160394299177	0.158336430936
CCIS94417875ST-3-0.snv.bam	0.16759943937	0.184027445112	0.154823118995	0.132794152812	0.0210914346123	0.151507913949	0.143777696564	0.0615854283197	0.143071188071	0.161478752776	0.161485846916	0.171200682786	0.141318289316	0.12772774919	0.0340082339837	0.138729528293	0.20274836699	0.139381158557	0.146061997752	0.17230820121	0.148579963458	0.166241744367	0.155712570005	0.148603683898	0.0638285973926	0.167546587594	0.14372548383	0.135699733206	0.172694781001	0.0728649726781	0.0	0.0995319644383	0.157015163352	0.168817769532	0.183174740277	0.142025138158	0.142889704647	0.0265853303833	0.165224267615	0.170139005067	0.164978966725	0.144309095922	0.154766325722	0.109409359651	0.144797689833	0.139799436674	0.162761437908	0.173628515734	0.173357128982	0.145156383108	0.0215075120957	0.134025216364	0.151147149891	0.0380154486037	0.156029635982	0.14375939324	0.138468013468	0.156859491383	0.139747104295	0.0286065786066	0.0422575508782	0.0429095012403	0.160836016747	0.141776757319	0.129964276915	0.136411851209	0.0335797322933	0.217378603015	0.14880865881	0.164933057466	0.148030680364	0.144880379626	0.201152758336	0.0476264214472	0.156377763379	0.162702604274	0.139255767176	0.108777583742
CCIS95409808ST-4-0.snv.bam	0.211773779203	0.215516778145	0.188539305274	0.179036192044	0.0990036273304	0.180043396168	0.182673862879	0.119583673641	0.189522086727	0.198103374195	0.204533177824	0.218385413158	0.19815425849	0.171386160814	0.107345162279	0.159467019902	0.239909942554	0.178406248359	0.171179866303	0.204107470448	0.17840604166	0.198672218338	0.21318918291	0.175608579581	0.135935710266	0.20915904763	0.178803746605	0.172057244022	0.206663826632	0.145382036446	0.0995319644383	0.0	0.0758226899609	0.170215703719	0.219869946254	0.187868030757	0.182057930276	0.105761498816	0.210946727369	0.204777442207	0.196141407606	0.175334579029	0.177955253493	0.0756224158236	0.179066733293	0.172273934226	0.199127751666	0.204817248449	0.200825032251	0.172886901295	0.100770759366	0.161545141346	0.186511302935	0.10783369383	0.164343907293	0.180570985468	0.182489347172	0.189191019712	0.16304259004	0.0921866681976	0.103231293658	0.103408918752	0.198926969075	0.181218249229	0.119270127149	0.175878829609	0.107898579615	0.234815277609	0.192386184767	0.196909886824	0.189478047891	0.176892218833	0.193358553658	0.0941592724645	0.188777921092	0.191981175821	0.185124183309	0.0430239029747
