	103092734-palatinetonsils3.snv.bam	147406386-tonguedorsum3.snv.bam	158155345-tonguedorsum2.snv.bam	158256496-tonguedorsum2.snv.bam	158337416-tonguedorsum1.snv.bam	158458797-tonguedorsum1.snv.bam	158479027-tonguedorsum2.snv.bam	158499257-tonguedorsum2.snv.bam	158883629-tonguedorsum1.snv.bam	158883629-tonguedorsum3.snv.bam	158944319-tonguedorsum1.snv.bam	158944319-tonguedorsum3.snv.bam	159005010-tonguedorsum2.snv.bam	159207311-tonguedorsum2.snv.bam	159207311-tonguedorsum3.snv.bam	159227541-tonguedorsum2.snv.bam	159227541-tonguedorsum3.snv.bam	159247771-tonguedorsum2.snv.bam	159268001-tonguedorsum1.snv.bam	159268001-tonguedorsum2.snv.bam	159510762-tonguedorsum2.snv.bam	159551223-tonguedorsum1.snv.bam	159551223-tonguedorsum2.snv.bam	159571453-tonguedorsum1.snv.bam	159591683-tonguedorsum1.snv.bam	159611913-tonguedorsum1.snv.bam	159611913-tonguedorsum2.snv.bam	159632143-tonguedorsum1.snv.bam	159733294-tonguedorsum1.snv.bam	160178356-tonguedorsum2.snv.bam	160259276-tonguedorsum1.snv.bam	160319967-tonguedorsum2.snv.bam	160380657-tonguedorsum1.snv.bam	160400887-tonguedorsum1.snv.bam	160421117-tonguedorsum1.snv.bam	160421117-tonguedorsum2.snv.bam	160502038-tonguedorsum3.snv.bam	160582958-tonguedorsum1.snv.bam	160582958-tonguedorsum2.snv.bam	160582958-tonguedorsum3.snv.bam	160603188-tonguedorsum1.snv.bam	160603188-tonguedorsum2.snv.bam	160603188-tonguedorsum3.snv.bam	160643649-tonguedorsum1.snv.bam	160704339-tonguedorsum1.snv.bam	160765029-tonguedorsum1.snv.bam	160906640-tonguedorsum1.snv.bam	234447334-tonguedorsum2.snv.bam	246515023-tonguedorsum1.snv.bam	246515023-tonguedorsum2.snv.bam	370027359-palatinetonsils2.snv.bam	370027359-tonguedorsum3.snv.bam	375450439-tonguedorsum3.snv.bam	404239096-tonguedorsum1.snv.bam	508703490-tonguedorsum1.snv.bam	508703490-tonguedorsum2.snv.bam	550534656-tonguedorsum1.snv.bam	550534656-tonguedorsum2.snv.bam	550534656-tonguedorsum3.snv.bam	604812005-tonguedorsum3.snv.bam	638754422-tonguedorsum1.snv.bam	638754422-tonguedorsum2.snv.bam	638754422-tonguedorsum3.snv.bam	663835652-tonguedorsum2.snv.bam	663835652-tonguedorsum3.snv.bam	675950834-tonguedorsum1.snv.bam	675950834-tonguedorsum2.snv.bam	675950834-tonguedorsum3.snv.bam	682102541-tonguedorsum3.snv.bam	686765762-tonguedorsum3.snv.bam	706846339-tonguedorsum1.snv.bam	737052003-tonguedorsum1.snv.bam	737052003-tonguedorsum2.snv.bam	739574095-tonguedorsum2.snv.bam	763395383-anteriornares3.snv.bam	763395383-palatinetonsils3.snv.bam	763395383-tonguedorsum3.snv.bam	763496533-palatinetonsils2.snv.bam	763496533-throat2.snv.bam	763496533-tonguedorsum2.snv.bam	763536994-tonguedorsum1.snv.bam	763536994-tonguedorsum2.snv.bam	763536994-tonguedorsum3.snv.bam	763577454-tonguedorsum1.snv.bam	763577454-tonguedorsum2.snv.bam	763759525-tonguedorsum2.snv.bam	763901136-tonguedorsum1.snv.bam	763901136-tonguedorsum2.snv.bam	763901136-tonguedorsum3.snv.bam	763961826-palatinetonsils2.snv.bam	763961826-saliva1.snv.bam	763961826-throat1.snv.bam	763961826-throat2.snv.bam	763961826-tonguedorsum1.snv.bam	763961826-tonguedorsum2.snv.bam	763982056-tonguedorsum1.snv.bam	763982056-tonguedorsum2.snv.bam	763982056-tonguedorsum3.snv.bam	764042746-tonguedorsum1.snv.bam	764042746-tonguedorsum2.snv.bam	764062976-tonguedorsum2.snv.bam	764083206-tonguedorsum1.snv.bam	764143897-tonguedorsum1.snv.bam	764143897-tonguedorsum2.snv.bam	764224817-tonguedorsum1.snv.bam	764285508-tonguedorsum1.snv.bam	764285508-tonguedorsum2.snv.bam	764305738-tonguedorsum1.snv.bam	764325968-tonguedorsum1.snv.bam	764325968-tonguedorsum2.snv.bam	764366428-throat2.snv.bam	764366428-tonguedorsum2.snv.bam	764447348-tonguedorsum1.snv.bam	764467579-palatinetonsils3.snv.bam	764467579-tonguedorsum3.snv.bam	764588959-tonguedorsum1.snv.bam	764588959-tonguedorsum2.snv.bam	764811490-tonguedorsum1.snv.bam	764811490-tonguedorsum2.snv.bam	764872181-tonguedorsum1.snv.bam	764892411-tonguedorsum2.snv.bam	765013792-tonguedorsum1.snv.bam	765013792-tonguedorsum2.snv.bam	765013792-tonguedorsum3.snv.bam	765034022-tonguedorsum1.snv.bam	765074482-tonguedorsum1.snv.bam	765074482-tonguedorsum3.snv.bam	765094712-tonguedorsum1.snv.bam	765094712-tonguedorsum2.snv.bam	765135172-tonguedorsum1.snv.bam	765155402-tonguedorsum3.snv.bam	765195863-palatinetonsils3.snv.bam	765195863-tonguedorsum3.snv.bam	765216093-tonguedorsum3.snv.bam	765337473-tonguedorsum3.snv.bam	765377934-palatinetonsils3.snv.bam	765377934-saliva3.snv.bam	765377934-tonguedorsum3.snv.bam	765560005-tonguedorsum1.snv.bam	765620695-tonguedorsum1.snv.bam	765640925-tonguedorsum1.snv.bam	765701615-tonguedorsum2.snv.bam	823052294-tonguedorsum1.snv.bam	823052294-tonguedorsum3.snv.bam	857980665-tonguedorsum2.snv.bam	857980665-tonguedorsum3.snv.bam	861967750-tonguedorsum1.snv.bam	861967750-tonguedorsum2.snv.bam	863126187-tonguedorsum3.snv.bam	NLM027.snv.bam	SAMEA3136681.snv.bam	V1.FI37.snv.bam
103092734-palatinetonsils3.snv.bam	0.0	0.109919558465	0.113312871172	0.111573977364	0.12150937823	0.124681895991	0.1003220743	0.123294353918	0.136727117704	0.135972831501	0.13313008254	0.130756299052	0.124644053946	0.125247006279	0.128459119599	0.132632578995	0.116548977569	0.149834807613	0.118703187999	0.118795988714	0.114576929641	0.115138870481	0.125865547569	0.105108451976	0.130459275081	0.128505756471	0.114632286071	0.123312273818	0.112963726698	0.10270403697	0.143723986875	0.126575934749	0.153547128838	0.116469659179	0.122274664482	0.116694322564	0.143186337393	0.114621912384	0.116422069269	0.120187258629	0.125806846888	0.116560020947	0.119043070591	0.131440071724	0.117239145653	0.118673004936	0.103320253662	0.136449948329	0.106054326044	0.102477061536	0.0978327390955	0.0972793050184	0.125706202083	0.111914799019	0.12980731771	0.124426250414	0.102136615167	0.106902386078	0.10266441232	0.117172226961	0.101462870371	0.0990467659806	0.10545990371	0.163802414081	0.157694789922	0.0954802677252	0.097574778954	0.103589113596	0.0998842835446	0.145965659346	0.121342465386	0.102519536404	0.0925227874417	0.121598215121	0.0288963992437	0.117470188466	0.105276215145	0.104959667321	0.100306692425	0.112066572334	0.11399377547	0.118514458575	0.111563164949	0.104030975887	0.102893428085	0.120825760909	0.111251839978	0.126534557725	0.11824826631	0.117452196599	0.118647811719	0.118368253371	0.121911597847	0.116559185603	0.108827664842	0.113208345893	0.109362311336	0.109363082262	0.110551776316	0.108980975634	0.110196263122	0.113604134159	0.112220346207	0.118860277345	0.13054960365	0.150440042484	0.11078262482	0.116521491277	0.118331447516	0.119195926898	0.121654740453	0.117344699298	0.12576289125	0.101777761064	0.104753613325	0.114074446503	0.112173399421	0.109957109995	0.118258704181	0.126799941423	0.103404859581	0.127538016888	0.10905318915	0.110614653743	0.110399632276	0.110710271237	0.11409336254	0.10775048224	0.112111621719	0.097392847801	0.108988315925	0.134981300258	0.106562538101	0.0978473232878	0.132785801691	0.128941697018	0.130720116543	0.127584972308	0.10799841661	0.117078735664	0.120891221347	0.126640518585	0.114814664457	0.108778272557	0.122212171856	0.119274804695	0.110281303194	0.115986622438	0.0978870088963	0.128445043278	0.140440915386	0.103687508481
147406386-tonguedorsum3.snv.bam	0.109919558465	0.0	0.105032960355	0.111940361812	0.112087178565	0.118189786849	0.110612443421	0.107674968039	0.128856170638	0.120339196519	0.134567802793	0.126753765707	0.110403684584	0.11839797272	0.12220048069	0.133430069457	0.112195287466	0.14136178197	0.109545457071	0.119505195149	0.118034837453	0.109731764796	0.119417278183	0.0965247920701	0.0989744558296	0.123483422703	0.109823021983	0.114945396001	0.108289607208	0.0994286595045	0.128249921889	0.125543826833	0.122614659739	0.107768507141	0.0991293773222	0.101506516572	0.133839483022	0.109636318587	0.10806586922	0.11062523596	0.104340373522	0.0973417927438	0.102625435536	0.13735232214	0.110361979992	0.112196008457	0.0873540960009	0.126133668434	0.0928091111006	0.102155126219	0.0988666390165	0.102856439558	0.0984941302129	0.0864993969693	0.119041553788	0.116887372624	0.0981744850278	0.103082332848	0.102060297517	0.112060436221	0.0834108281567	0.0977467262239	0.100693647286	0.148290618835	0.142754171582	0.0917716949892	0.0928899800533	0.0989399935736	0.097881896965	0.12998348782	0.115972620252	0.101289159099	0.0954405055966	0.134664707133	0.110694673061	0.107302941466	0.0931547351623	0.146918147286	0.141396299844	0.151379124034	0.108725666545	0.106728314185	0.104830905501	0.100665302937	0.100248034445	0.0909212762583	0.10206201497	0.110519373107	0.107841719553	0.0984211241322	0.0952472032732	0.0956217445998	0.0991579333096	0.0957279510661	0.0950638485246	0.105100235193	0.104922371409	0.102765193421	0.116842463914	0.117311691368	0.102545503134	0.117284462854	0.102632853249	0.110994619195	0.134192438702	0.13017169659	0.0934054233305	0.102122985715	0.110708826853	0.101918893151	0.113003732055	0.105204953764	0.117492566877	0.100803163343	0.099990607152	0.106313854436	0.100578901883	0.0901425336175	0.0865337255304	0.116830171176	0.0925738946392	0.111251997425	0.112610430899	0.108794364677	0.111035780553	0.107907069566	0.100548748593	0.126529401367	0.119864241899	0.0992270001832	0.0866456395992	0.123408833591	0.105729765136	0.0867303923432	0.106242913989	0.116188553554	0.118738760088	0.120132429246	0.0998405693896	0.104223217109	0.104205400827	0.111746721954	0.0716318929386	0.0717482588972	0.0951419180691	0.0947976028544	0.115115443785	0.113913295333	0.101602971455	0.128047771368	0.130707075065	0.117173436729
158155345-tonguedorsum2.snv.bam	0.113312871172	0.105032960355	0.0	0.0748488090414	0.109986980455	0.117791109473	0.103273599007	0.121333895612	0.12766519469	0.112236884784	0.117249537158	0.12668089401	0.112312805669	0.130479098651	0.121924016002	0.134044162837	0.108487907523	0.142863014314	0.102488861949	0.103717030116	0.118413956033	0.108264856931	0.116566198477	0.103813561678	0.114799745003	0.107051692832	0.100241976486	0.112262299579	0.11137261682	0.106929938689	0.130604316041	0.11685891057	0.135738955441	0.101592431623	0.102840430659	0.10888560309	0.131158027015	0.102999198538	0.102930784728	0.109558469195	0.111842074102	0.107413214289	0.114471919335	0.133629978187	0.109326010033	0.108244403074	0.0979644711352	0.127279110676	0.0913528994746	0.0976065976334	0.107756383288	0.110214531722	0.108995154928	0.0956036131971	0.111389946363	0.114145357218	0.0959593905898	0.0997665483751	0.0939370378521	0.110338996137	0.0891348151096	0.0930102206328	0.103938831014	0.15794118406	0.14919840466	0.0896266516848	0.0888025767386	0.0943099445841	0.0946842510017	0.129072912411	0.116858912117	0.106296184459	0.102453701107	0.134357775329	0.114541260848	0.120785308647	0.0958996436158	0.134785988784	0.130117599756	0.136753647028	0.111985987171	0.113553307903	0.109602163847	0.103348326455	0.105554213532	0.103433995989	0.104195524197	0.111110329959	0.116730167984	0.111903416908	0.106889415682	0.112321699594	0.111859258775	0.106777514022	0.099544439882	0.106538029703	0.107307416309	0.104101098538	0.119848842705	0.12113784736	0.0984045329483	0.102484023736	0.108103030119	0.117381192004	0.141347248656	0.124387333347	0.120268363691	0.0933356852132	0.107505130853	0.0998777700285	0.112801434992	0.102708599724	0.118957754626	0.10694532246	0.108633985509	0.104927583984	0.103468501225	0.0990498332177	0.0979776464717	0.122778966151	0.0940546241036	0.12759479585	0.105756978843	0.105549524727	0.106145613428	0.109614915434	0.105201290186	0.138536131165	0.127142321968	0.103269379838	0.102164414695	0.120982745637	0.0969424507329	0.0957310620578	0.117340184559	0.12331577188	0.122223051539	0.117755847827	0.113464985815	0.12026460905	0.108712139185	0.116931887416	0.0942548944036	0.0913892137115	0.101244255787	0.103787440921	0.118061994927	0.119649661826	0.100623789853	0.11840716861	0.13863381443	0.105914875659
158256496-tonguedorsum2.snv.bam	0.111573977364	0.111940361812	0.0748488090414	0.0	0.116086988262	0.128936216986	0.117723223357	0.125643934939	0.133051521349	0.115955050343	0.128952899112	0.134743264091	0.123629186233	0.128150022488	0.133489432526	0.136442455258	0.111491253	0.149317984051	0.106370846988	0.12163642192	0.130870882628	0.122247212174	0.133342410006	0.106612603953	0.126424363549	0.122050445513	0.121331187335	0.122612438881	0.124262417804	0.113395609065	0.13492025924	0.12499880632	0.150975484222	0.111812453852	0.11388867151	0.118964294367	0.142135530837	0.106658983155	0.11483517103	0.117000214888	0.11480566364	0.106561994341	0.108539822486	0.137225982023	0.1173812565	0.12322521168	0.103456536579	0.139774265826	0.102789461403	0.109329280126	0.116083616032	0.112617547216	0.117537161776	0.107303601633	0.130581117175	0.132135860361	0.100375715358	0.102496437533	0.102140596725	0.112814758187	0.0998248932444	0.10101935275	0.113487036765	0.169975933381	0.161995509095	0.101119720406	0.10138119037	0.108100425436	0.106020201582	0.147032786193	0.12552219602	0.115447819871	0.109068007641	0.143477506465	0.112890968682	0.115931726596	0.0958518303832	0.147273365299	0.140138643956	0.148724994644	0.117545406912	0.12827284875	0.112601073001	0.107589581865	0.10713051148	0.113349480894	0.110856014589	0.120707684236	0.122823120619	0.121979994791	0.114630975864	0.119153368178	0.123993967806	0.113833469335	0.111773221567	0.115933813074	0.114024679137	0.112678088511	0.106810216595	0.106867628348	0.109858663774	0.11592715346	0.108490323592	0.118118837813	0.150401442514	0.141827401823	0.12488764923	0.101835091838	0.112477665939	0.111099077854	0.121596507847	0.114772280185	0.123559148028	0.102558133136	0.110552345885	0.104157997857	0.101649684663	0.105317082369	0.109588352947	0.129551488319	0.101526306033	0.129368549493	0.117686275191	0.118458943132	0.114780514403	0.113627125396	0.111735678944	0.137897918712	0.131192067786	0.106001107539	0.112145244523	0.135517981147	0.10560407764	0.0946582659467	0.134141369008	0.130374865574	0.128756167986	0.126174236229	0.114638177821	0.124204280566	0.11881240369	0.12356282173	0.105078557467	0.101090453875	0.0992355771653	0.103436665039	0.117202673605	0.122530894783	0.0989798877513	0.12212818056	0.154554062765	0.119360334962
158337416-tonguedorsum1.snv.bam	0.12150937823	0.112087178565	0.109986980455	0.116086988262	0.0	0.12145049855	0.0988502723471	0.117784198225	0.141781880686	0.135776850269	0.129340500878	0.128637999345	0.126479000377	0.140716327721	0.131805086078	0.13271756537	0.120009305737	0.15371894725	0.108318982866	0.114770927771	0.129348011723	0.119617772388	0.124877006153	0.10976760364	0.114436973324	0.126330220598	0.121037518048	0.11934769262	0.114553012705	0.103834421999	0.14135267298	0.131736897369	0.132887866272	0.11314676245	0.0954841339051	0.0867608749812	0.136289214251	0.119556647593	0.114840978899	0.118672135355	0.115700739267	0.111656203547	0.114375259497	0.13090390243	0.117889627496	0.12116555444	0.106679579933	0.12311504378	0.105583246552	0.10732186726	0.109042016622	0.114452420898	0.122173743052	0.108084997262	0.123052916387	0.12081158971	0.106705598754	0.107225950489	0.101732784062	0.117311770075	0.0945943881512	0.105356373111	0.114131345186	0.165399186824	0.158123366752	0.100192904608	0.104673225433	0.103632052218	0.110908256528	0.135634717433	0.118998350875	0.101147932842	0.107290939208	0.12961691204	0.121082587207	0.123337123782	0.110126768324	0.153332241001	0.147939566212	0.158254799907	0.120043812055	0.126650160668	0.118933569768	0.113589700774	0.116420804947	0.0964703350312	0.103634540131	0.0992025990749	0.109673572222	0.109277162685	0.113158368024	0.109421037844	0.109812333568	0.112664843476	0.103816821064	0.11728136693	0.117600831861	0.111056055952	0.125691992919	0.127492606309	0.108989280179	0.106210140508	0.111026299626	0.114943467626	0.135071779136	0.153016462977	0.128424576762	0.110096731385	0.103099806368	0.103643538622	0.112869961288	0.108544354745	0.122604506596	0.119078913478	0.120776533691	0.113375703997	0.115053247281	0.0972380144388	0.101684416887	0.124728718817	0.106197291123	0.103519201279	0.118793743447	0.116509688584	0.121406926075	0.10969270125	0.106725486492	0.131281009776	0.120692276018	0.109800611111	0.114196112705	0.129680426751	0.103624036597	0.112302631905	0.127420149669	0.137522616224	0.131678895437	0.13685482075	0.121625397847	0.126868672969	0.110512655005	0.10736198623	0.0976744307626	0.0989646008626	0.113872235748	0.110888003115	0.129639315526	0.128441272344	0.113376752301	0.132439056045	0.148302227103	0.110357437943
158458797-tonguedorsum1.snv.bam	0.124681895991	0.118189786849	0.117791109473	0.128936216986	0.12145049855	0.0	0.112522012179	0.126366528088	0.141407562532	0.122541922907	0.124709373069	0.126439085072	0.132486488277	0.139370309186	0.132675768373	0.139175392634	0.114841957775	0.161658194965	0.125158456983	0.124489648788	0.124637852018	0.11931514905	0.119422794246	0.115537087487	0.127996658387	0.13740623128	0.124715317146	0.119875124465	0.0911846782379	0.121341927677	0.137164789911	0.125957542987	0.135744920995	0.11615920457	0.115500632716	0.122880456402	0.144685916839	0.116554300901	0.121442786423	0.124375634335	0.123108787788	0.122840480289	0.12382841268	0.141280641903	0.121316917174	0.130835495908	0.0994381220061	0.136998781306	0.105220386832	0.112051278862	0.119721738395	0.120159264455	0.120091044722	0.1092394888	0.112899614289	0.11842274504	0.107072092971	0.108770612937	0.106399049552	0.11616883354	0.101498489427	0.101926165721	0.11855853631	0.167817391955	0.160156536797	0.0999603736806	0.101087622938	0.106334288202	0.106251746193	0.133843963772	0.127329922656	0.10477261985	0.106376099264	0.132943604556	0.126148988432	0.139759382931	0.124631573971	0.148115121877	0.144503399258	0.154694733449	0.107030190243	0.113660964096	0.0974814955265	0.114206880475	0.115337844908	0.116872959013	0.112742178461	0.126079532994	0.11667511373	0.124647054168	0.124597598876	0.123987913436	0.125998052036	0.125048034672	0.113152411122	0.111269590664	0.116312812269	0.117193511025	0.120081251731	0.116863338105	0.119127560168	0.125855859254	0.123009788615	0.132027181095	0.14249255238	0.146448001947	0.127992254646	0.112121237675	0.121404834412	0.123058299635	0.122749081792	0.116355217329	0.121606937569	0.113719192356	0.108905272019	0.123740168862	0.124832574745	0.110021816065	0.115453887118	0.107978878401	0.108840653849	0.125841566776	0.113286770065	0.109453287694	0.119755015556	0.120220605685	0.118089148135	0.139341544537	0.127957382279	0.116681569825	0.107899776778	0.147709727059	0.116918517083	0.116240662524	0.109710663058	0.125416604661	0.127429775668	0.118165864823	0.114915017449	0.11815740296	0.122547163853	0.124806049288	0.110432196544	0.108388408294	0.127550358331	0.123321976962	0.122157367519	0.108979037405	0.110839010771	0.125680857702	0.121475645503	0.129325042121
158479027-tonguedorsum2.snv.bam	0.1003220743	0.110612443421	0.103273599007	0.117723223357	0.0988502723471	0.112522012179	0.0	0.120096460537	0.131402179613	0.12562689878	0.120606869917	0.128736051748	0.121037075414	0.137744536947	0.122290313088	0.139003808878	0.117652324586	0.146412749518	0.0998054644397	0.110111000744	0.118510609539	0.117025108103	0.12416765391	0.0945968272664	0.117025279344	0.114630104475	0.110089675667	0.115201901495	0.11278685637	0.0941013936351	0.141166293236	0.121847671788	0.136107599805	0.104076557551	0.0885535350586	0.09555462926	0.138144745172	0.113401593924	0.114809034092	0.121856070842	0.107068271131	0.10769563197	0.107479095239	0.131976693255	0.111024215036	0.11446722722	0.0919316116978	0.123908507724	0.0949673347202	0.0998976020721	0.107983207252	0.106919139689	0.121898236088	0.0994860739656	0.122967657845	0.125449462805	0.104077489055	0.10556699536	0.101506374952	0.0942514095108	0.0888105070398	0.095045001117	0.107394035788	0.156182218331	0.147610077511	0.08343237355	0.0880751678794	0.0947189033436	0.0940194100691	0.132595089886	0.116225485841	0.0960182233119	0.0936275654738	0.113918850557	0.103014641473	0.103339862532	0.101619185264	0.129844412717	0.125414320136	0.13506785403	0.0943868382453	0.110654871507	0.0967351177278	0.102605676833	0.104815076763	0.10019574897	0.0990839695012	0.108706364088	0.105553379497	0.106059742569	0.10927356792	0.108341375738	0.108881646893	0.108241279044	0.104249931987	0.11214599442	0.11094977878	0.0996851886038	0.116904453106	0.113589538508	0.0996619439669	0.106400886812	0.0923829056346	0.0990671287174	0.12821883786	0.14804590838	0.117541029111	0.101461598827	0.0995804556208	0.0994792941832	0.0977532924057	0.091980304499	0.1089055146	0.102156857592	0.104504639185	0.107316484943	0.109991782756	0.100059955413	0.103404052456	0.114112489959	0.0903107673959	0.103195383329	0.102726546602	0.102076196404	0.108843075661	0.0983582388452	0.0964160883344	0.119012028907	0.111986166043	0.102190468096	0.105238909825	0.115090959748	0.0900715548355	0.10417036801	0.121433578386	0.12841231552	0.126765308124	0.12441670026	0.116718864188	0.114404041851	0.116399378106	0.112369400545	0.0978434811787	0.0974818834985	0.113266928526	0.108060712912	0.10969704324	0.116453293976	0.102540341313	0.131010506877	0.131232790925	0.104702241743
158499257-tonguedorsum2.snv.bam	0.123294353918	0.107674968039	0.121333895612	0.125643934939	0.117784198225	0.126366528088	0.120096460537	0.0	0.135046181848	0.130572711516	0.118930607987	0.12130002454	0.119792893522	0.12561734747	0.122146537837	0.119904157871	0.104879678749	0.144021796682	0.113860973159	0.11888581296	0.12372158354	0.118613187774	0.129992905527	0.105296462979	0.10461404918	0.124972948039	0.117782018514	0.118180188894	0.1150106653	0.114064416561	0.139650632423	0.118734786007	0.155330996597	0.121000469548	0.107092716137	0.111397819321	0.135021595406	0.113804879129	0.110203938904	0.112467363063	0.112164134438	0.104571687012	0.107929268614	0.140818028848	0.121828847235	0.124298107298	0.10456286141	0.125137257526	0.100256717566	0.104626142688	0.119179814454	0.108318839302	0.11224241895	0.102793171282	0.127469922463	0.124932262834	0.11187025302	0.11622898315	0.114231747583	0.117576211585	0.104419318667	0.108767541142	0.111698610978	0.15263079135	0.149906801076	0.0983663476562	0.107526359284	0.109234938123	0.111173688831	0.132010168392	0.100250571931	0.112049562517	0.107182419638	0.124290530033	0.123463708143	0.139404050798	0.113388461358	0.138810639526	0.137522792146	0.146281121352	0.0991860803653	0.110853533161	0.098199778017	0.114515316281	0.112863373309	0.105517294091	0.108394143161	0.108890942129	0.112428546527	0.119772526383	0.113061824343	0.117315570018	0.1168104091	0.108711635889	0.107219448605	0.110300848257	0.115023313758	0.115880008951	0.130562241505	0.130160863356	0.117898107686	0.127274010051	0.111392910314	0.118708211712	0.15152413736	0.140478880267	0.127337527487	0.114661484683	0.11921731217	0.11242647274	0.131338027335	0.124163249543	0.127778514963	0.113468793113	0.108199286899	0.112695409733	0.111385254482	0.102028356636	0.104020888875	0.12168069856	0.098304904165	0.12430383704	0.120268490486	0.114766897617	0.102717301555	0.12131637632	0.113748409043	0.137836134863	0.130274068828	0.0978225928262	0.0861429125163	0.134238213459	0.113795697991	0.109888062677	0.128089436017	0.123071952176	0.125207444415	0.125314524751	0.102871358028	0.115005456624	0.114069592538	0.128477303526	0.0931766317362	0.0883567289776	0.117487794537	0.113104914064	0.133835503022	0.123556919584	0.109125955334	0.125202589725	0.135582077981	0.128815827736
158883629-tonguedorsum1.snv.bam	0.136727117704	0.128856170638	0.12766519469	0.133051521349	0.141781880686	0.141407562532	0.131402179613	0.135046181848	0.0	0.0997792273567	0.143616111604	0.143303226224	0.131043161699	0.150302165066	0.141573232369	0.140034620537	0.124900854457	0.16032754003	0.138783638951	0.134922943588	0.141593535445	0.123118938112	0.129345219894	0.126827866758	0.131325065468	0.145220883055	0.133356071196	0.137636940709	0.140444328155	0.120759758015	0.143795224456	0.117181794326	0.148962636904	0.135080438368	0.133431322278	0.133623228561	0.149488885046	0.129255152365	0.128389672372	0.133585538388	0.133709063625	0.132604575427	0.132861248013	0.151510154171	0.131518374075	0.13382177613	0.113536082307	0.140450261525	0.12120816429	0.122901823969	0.124110671039	0.126109245371	0.12521961283	0.125598718727	0.136347876729	0.136568708007	0.11925868648	0.124937293686	0.120384808659	0.123675739144	0.11979689039	0.128557711642	0.129830729656	0.152872942787	0.146009312812	0.117689609777	0.117834664918	0.126886962893	0.126762501093	0.157994345829	0.13338177699	0.128420192722	0.12185002107	0.152201925083	0.138610501377	0.137463333599	0.126220945507	0.150165081022	0.14550774738	0.151790897521	0.129255446219	0.139485238832	0.124945173541	0.126670398083	0.125028353068	0.133814807832	0.13022773124	0.134644802138	0.1348584313	0.135621706982	0.128084475753	0.131182749858	0.136158045588	0.129420375586	0.131522484195	0.128267636977	0.124336608427	0.130335777374	0.127929130293	0.132623642007	0.133265507121	0.13790177138	0.132289936485	0.135320664442	0.142808778772	0.141972374908	0.146041274821	0.121160691307	0.139278699578	0.129822208133	0.143154480837	0.133954928285	0.138416861389	0.134765708974	0.127662709161	0.127154849621	0.126464933232	0.131685620079	0.128842280667	0.136451783276	0.124319557398	0.137236499539	0.129612225318	0.128085626517	0.129856621616	0.130346297862	0.127238433838	0.145640441651	0.142987283867	0.137045313494	0.122860298508	0.143936538077	0.127206401777	0.124837954513	0.133081862763	0.138501250135	0.137200488643	0.135617730111	0.133753441218	0.139194486788	0.136355684054	0.138268222266	0.119686480851	0.118119196066	0.132752603015	0.128628213876	0.132979598647	0.132675552591	0.1226002092	0.121802659457	0.143841885555	0.138115980893
158883629-tonguedorsum3.snv.bam	0.135972831501	0.120339196519	0.112236884784	0.115955050343	0.135776850269	0.122541922907	0.12562689878	0.130572711516	0.0997792273567	0.0	0.128760719261	0.129702933179	0.118926940908	0.14499143065	0.13421570998	0.13701933891	0.114770014516	0.159469427042	0.11428896421	0.117098176622	0.136988849759	0.121317808032	0.13186815567	0.112995263221	0.128280453175	0.126006945348	0.11863809023	0.133745162186	0.115048806678	0.121707037309	0.133145024488	0.111886613854	0.129798170924	0.12350941439	0.130893433771	0.132536740642	0.142666571788	0.109252105526	0.114324175971	0.119645612172	0.126538069087	0.120562057966	0.119116149969	0.154761952434	0.126501310588	0.132439953301	0.105612311715	0.142346276716	0.109589220352	0.110412034682	0.124189317165	0.121291958205	0.117985782445	0.112759625532	0.131382393666	0.131670166662	0.109183641106	0.11344612493	0.112480478987	0.117161544164	0.11161084483	0.112764943744	0.126988826504	0.155515664281	0.150596094556	0.0985449190074	0.104736809318	0.115975468257	0.11019372547	0.154489754817	0.124441845936	0.121408408073	0.118477914474	0.149873352835	0.139084468714	0.134753087248	0.118418043846	0.152715266649	0.149460241439	0.155895391695	0.119946169693	0.121693568873	0.116094478997	0.11909110981	0.114133810906	0.124000787728	0.12070109716	0.132210654396	0.131121408578	0.133517107275	0.128712109349	0.127268620608	0.133578350471	0.12790979146	0.126940572341	0.117062197131	0.116271168817	0.118636893981	0.126860054725	0.126285874618	0.119043715615	0.124723774944	0.122933122608	0.133400528177	0.147423189884	0.142210115186	0.131987361244	0.109124931142	0.124673733776	0.121409659087	0.139760536542	0.128008539698	0.124692770211	0.125065534849	0.122298719318	0.113907722732	0.113081490312	0.126846789097	0.124611103664	0.128545735721	0.103755119978	0.134096697482	0.112823096646	0.11100925987	0.114759315338	0.12721319703	0.12148516439	0.145441895137	0.141770638538	0.12649625023	0.111754219753	0.124728120413	0.112342851403	0.116295576075	0.132788511134	0.137000335952	0.134303384963	0.132587108736	0.124503823823	0.130896050373	0.133505923072	0.134735843462	0.11338268164	0.110945938415	0.108725465994	0.109294453762	0.125664811132	0.120936519278	0.120183468553	0.111854494929	0.150431188266	0.127105850121
158944319-tonguedorsum1.snv.bam	0.13313008254	0.134567802793	0.117249537158	0.128952899112	0.129340500878	0.124709373069	0.120606869917	0.118930607987	0.143616111604	0.128760719261	0.0	0.0802583235882	0.119380149308	0.141261715474	0.139185572419	0.130452927115	0.114475962177	0.166191401377	0.102218161964	0.0911925674467	0.128714059711	0.121297990563	0.126706816463	0.12605161568	0.127703529041	0.12732269299	0.124023919184	0.127476120174	0.115893690343	0.116246928475	0.141389213096	0.122063257302	0.127543311965	0.124987357176	0.130361358807	0.128008962604	0.145244292274	0.118786958555	0.11375530652	0.119242857285	0.121658324313	0.119995246174	0.1219063781	0.145765395708	0.136288478445	0.125337235349	0.128303002066	0.137696691067	0.119397291745	0.124266534488	0.132323815154	0.130311861789	0.122832160598	0.122771166121	0.131831329229	0.134279888085	0.119656058464	0.121585215357	0.121182839024	0.126069318197	0.121227393026	0.104896053579	0.138105845034	0.154904325709	0.151976608477	0.117765259025	0.11974681107	0.126625359039	0.119832107713	0.12741814977	0.118176994949	0.126522868397	0.121092750331	0.145958384507	0.135707199978	0.143810412375	0.121806029985	0.157403604789	0.155095834882	0.162730448399	0.12100091937	0.123457544488	0.120743754411	0.132431293866	0.124476362151	0.118986663837	0.115118986883	0.118987793709	0.119717701274	0.141216025286	0.132648045631	0.142707395876	0.139953082674	0.134377076707	0.127268861501	0.126528476859	0.127727192585	0.133558881775	0.135106771915	0.139627889066	0.125379504698	0.122191554331	0.129849562828	0.137795262381	0.13866349811	0.152418122849	0.141936832134	0.12387113187	0.128516507198	0.128374253672	0.138637064219	0.130202493807	0.143641754085	0.128463180596	0.123696389728	0.13045902951	0.130558860552	0.118640490204	0.115751111955	0.122744951553	0.118107507205	0.141355953805	0.121093116529	0.11400733954	0.114554224866	0.133463441836	0.130921720512	0.151428376733	0.143973257858	0.126265521919	0.121278196792	0.140109251647	0.120235076028	0.123444956833	0.130368619167	0.132907697184	0.130994046165	0.130414474864	0.126724780734	0.141575740777	0.115259418447	0.121434342608	0.1202335937	0.118018264094	0.133316820973	0.130923499016	0.135057724962	0.121516252662	0.12071805772	0.125233450235	0.14291307476	0.127445972697
158944319-tonguedorsum3.snv.bam	0.130756299052	0.126753765707	0.12668089401	0.134743264091	0.128637999345	0.126439085072	0.128736051748	0.12130002454	0.143303226224	0.129702933179	0.0802583235882	0.0	0.119611431578	0.140058390162	0.130320850833	0.127102341724	0.116836157952	0.158520459899	0.118394285497	0.107307641044	0.120023622515	0.11758932932	0.125916200532	0.118551637899	0.116096890208	0.125524619326	0.118998848036	0.115312098561	0.122215503721	0.124817848262	0.142437021361	0.123853975118	0.141766133913	0.127160704122	0.125654292726	0.127984198892	0.133960935025	0.121571752448	0.119629050047	0.128933048272	0.12684488121	0.122759546743	0.121449992117	0.140977296947	0.137024604112	0.125584250471	0.123138387461	0.134055499685	0.11714329104	0.119426787171	0.131761077184	0.130749614078	0.125402870041	0.11959245408	0.130502778713	0.129619147828	0.115139578519	0.121369873508	0.117165429875	0.12758641162	0.117948956638	0.115102667835	0.129983128024	0.145167857231	0.142287699607	0.115541996906	0.120187553464	0.126688336179	0.119507889454	0.122380318454	0.119922827561	0.121382323002	0.116901465535	0.143805194654	0.135154475128	0.145025767068	0.120980989094	0.150061181638	0.149403326361	0.158054878419	0.116052341768	0.12153347295	0.119198320373	0.126295519609	0.119233749031	0.120001742962	0.113277882886	0.113037169815	0.119396655088	0.1382894747	0.133600608763	0.140848229826	0.137764665804	0.135512355899	0.12910073985	0.11919932968	0.119106655305	0.126022136555	0.135654832882	0.139807039159	0.118582927091	0.12755396994	0.129201858764	0.137930525834	0.149799301936	0.150489119876	0.133687495394	0.12555608812	0.13438935548	0.126701803513	0.14314916135	0.136330356379	0.137078969174	0.127391854572	0.122808663765	0.122998697347	0.123220247636	0.121930409264	0.117596621709	0.131600661451	0.117068353134	0.138090101536	0.121402627782	0.108335282523	0.119736985537	0.129580651514	0.12070950316	0.14274020622	0.140260443403	0.126279670737	0.114542851096	0.136672105871	0.121289569299	0.120562130465	0.131685228195	0.138678011943	0.13447171326	0.136760951813	0.122568653173	0.13617434363	0.125645267429	0.131384367158	0.113483027116	0.116014220519	0.130512519998	0.127529385727	0.138562260785	0.123641931239	0.12086961932	0.132722910077	0.138557019452	0.128373186926
159005010-tonguedorsum2.snv.bam	0.124644053946	0.110403684584	0.112312805669	0.123629186233	0.126479000377	0.132486488277	0.121037075414	0.119792893522	0.131043161699	0.118926940908	0.119380149308	0.119611431578	0.0	0.134023667141	0.122113088936	0.111040004743	0.0978055299277	0.133952958447	0.103974965156	0.107824864024	0.121608303603	0.110918674747	0.120986541418	0.0997333846506	0.118201425378	0.123814302102	0.109638224785	0.109360509978	0.118889301449	0.113630982637	0.114907588841	0.116298057222	0.127259714242	0.111058102617	0.116093190807	0.112520352645	0.137889447658	0.116536588031	0.110366813856	0.116178839332	0.108310019034	0.104395115128	0.102334302618	0.131468250858	0.115628994534	0.112162518195	0.0988712638277	0.119452833229	0.101335882566	0.104774650967	0.114773978624	0.11023149517	0.109330390313	0.106562580767	0.121147150446	0.122644270526	0.1026026204	0.106833882862	0.103217135538	0.114502548504	0.104871900931	0.103058307225	0.108728939242	0.143566043884	0.139125053484	0.0985990966145	0.100708920578	0.106691207817	0.0983382690681	0.130412100395	0.103288342367	0.117118056195	0.108239380599	0.132963204279	0.124929965531	0.120094156209	0.102542670393	0.148253520011	0.144190231902	0.152686244729	0.115032747776	0.113383055921	0.113315264832	0.103808281211	0.102044940413	0.106617886633	0.110274903138	0.118920875824	0.114677267571	0.125159279	0.116817278367	0.120375515659	0.122492563186	0.118788505851	0.115461318786	0.109288015356	0.109920967219	0.105988232058	0.11716113052	0.118049246076	0.100975980487	0.122955024833	0.11657953853	0.132399721864	0.144628440067	0.138106986663	0.125634063238	0.113055291602	0.109739644164	0.103927661068	0.126907266382	0.116042590544	0.127743642227	0.110872804903	0.107930210028	0.116149960376	0.111926883187	0.110923542286	0.103971101843	0.113499195591	0.100955654635	0.131338550415	0.107831410702	0.10650651379	0.102983217886	0.117452768134	0.113904897356	0.136016554674	0.12733446441	0.117916792497	0.10459556545	0.12209549123	0.104631445793	0.0999936691544	0.124371010549	0.121237518229	0.121231087253	0.118067302493	0.115215473126	0.115528230972	0.110852045728	0.124712602766	0.108288155702	0.102994233148	0.11303212587	0.11280445285	0.116203560381	0.119776731219	0.106690105317	0.123827952057	0.140755534348	0.112849517296
159207311-tonguedorsum2.snv.bam	0.125247006279	0.11839797272	0.130479098651	0.128150022488	0.140716327721	0.139370309186	0.137744536947	0.12561734747	0.150302165066	0.14499143065	0.141261715474	0.140058390162	0.134023667141	0.0	0.0814411281216	0.142743163595	0.135351132497	0.169640104589	0.135148620893	0.137315327174	0.126600372095	0.130913937777	0.134167848023	0.127140772975	0.124950798541	0.144707169595	0.13338523948	0.11846572276	0.12691520019	0.134016700028	0.14972349921	0.143900175572	0.150310707876	0.137459727658	0.135412075865	0.133467239306	0.145426761242	0.122640554718	0.124751333485	0.129965387672	0.134644848085	0.128680343191	0.13338484875	0.147474618629	0.142860648003	0.128656383558	0.122749611259	0.146389198261	0.124786977067	0.127909142775	0.130907346101	0.130747020252	0.12925716614	0.122441967307	0.14354413291	0.142008831724	0.125881191341	0.131691699438	0.126942817519	0.138562079676	0.122387945972	0.129350219426	0.130912761689	0.175392343538	0.168370977701	0.121459389273	0.128141320504	0.131130794421	0.126477488834	0.146008575358	0.133876507883	0.127923580456	0.129842162692	0.155517386942	0.123748342287	0.13896228731	0.121495807812	0.151334422151	0.150168257027	0.158841603003	0.125518717741	0.1294664608	0.124429935221	0.130875503318	0.131215038648	0.128673091368	0.13331653213	0.134093590491	0.139618754115	0.139138550367	0.138973860354	0.137567298711	0.142395604346	0.139539614222	0.136482686925	0.110201451289	0.114098983148	0.117444894972	0.134961636567	0.135336647975	0.126781692451	0.136297667298	0.132824358477	0.133666047055	0.157235835769	0.148635949418	0.132286847159	0.12954180393	0.132850429625	0.130348135485	0.147096380446	0.13666191207	0.145508857966	0.124536370201	0.125700468898	0.110768364159	0.117651489299	0.116404837531	0.122143074915	0.144220952563	0.129253782134	0.139646707747	0.141500388835	0.133862295778	0.130938710084	0.134163501554	0.126595816165	0.140126588873	0.133680963628	0.13008613729	0.123665274542	0.132657455057	0.12763718542	0.115141205889	0.142034858857	0.138718386479	0.141440688372	0.138963040933	0.109240704403	0.124380939536	0.137132548439	0.134161751133	0.116669937906	0.112898019535	0.133632573326	0.12951868198	0.141551648169	0.134278600462	0.122489995008	0.130395909753	0.14782689925	0.139435063763
159207311-tonguedorsum3.snv.bam	0.128459119599	0.12220048069	0.121924016002	0.133489432526	0.131805086078	0.132675768373	0.122290313088	0.122146537837	0.141573232369	0.13421570998	0.139185572419	0.130320850833	0.122113088936	0.0814411281216	0.0	0.138521305768	0.119235818261	0.158465689258	0.128880015578	0.126210634793	0.128011631734	0.126768110952	0.133926461721	0.123380413447	0.114728253267	0.134066995051	0.122717273451	0.114305963286	0.116226629683	0.125027148842	0.146750316612	0.132389872447	0.141071226633	0.125850290559	0.127606807845	0.127192255995	0.141730047722	0.121029833668	0.12153778894	0.124071248445	0.133248265574	0.127011271171	0.129955838906	0.146740573683	0.131439097641	0.128879983079	0.109860091163	0.131255095279	0.110400945238	0.108663111557	0.127696177657	0.124313517137	0.128691046953	0.117057102667	0.133480194109	0.131743392781	0.12012678235	0.127978519813	0.123718196888	0.128634159479	0.108577331445	0.121188130028	0.12109652528	0.168886619255	0.161944217708	0.111977236263	0.112645628393	0.122158020905	0.116002734038	0.14319977231	0.12906662371	0.116541896537	0.113195322759	0.151455173391	0.127797503085	0.146928580348	0.125199029029	0.145109702218	0.143433851623	0.149842696844	0.122263080275	0.124373301948	0.118648202931	0.119866530783	0.118882659892	0.126673944178	0.125409475916	0.130080991861	0.131711712371	0.140120517562	0.133955488973	0.136015032677	0.14042471226	0.135359263429	0.135589620211	0.109675899466	0.111834236403	0.114610005954	0.134587476891	0.139214015289	0.111196292034	0.134907444883	0.131657651763	0.139846089832	0.148548704407	0.139294516495	0.139212006608	0.118927107875	0.130777458972	0.126243361266	0.139835036862	0.130746447447	0.133930389929	0.118084746949	0.116595012263	0.10398335547	0.110916760711	0.12174676257	0.120654688652	0.146032606136	0.120824327279	0.146271173444	0.126313383103	0.118105868694	0.114848980962	0.131166992948	0.118668794044	0.139285446378	0.132688862026	0.123838327398	0.116814418192	0.119232000009	0.122012832565	0.114193073414	0.141619252699	0.132364802413	0.136445468133	0.132905207785	0.105861105175	0.114249276102	0.130331190043	0.140442434765	0.114250399287	0.111502172848	0.13069670045	0.128975171821	0.129420948255	0.128494977339	0.111599378679	0.130625425235	0.147067261392	0.123185257399
