	147406386-subgingivalplaque2.snv.bam	158802708-supragingivalplaque3.snv.bam	160178356-supragingivalplaque2.snv.bam	160178356-supragingivalplaque3.snv.bam	160259276-supragingivalplaque1.snv.bam	160319967-supragingivalplaque2.snv.bam	160319967-supragingivalplaque3.snv.bam	160380657-supragingivalplaque3.snv.bam	160421117-supragingivalplaque2.snv.bam	160421117-supragingivalplaque3.snv.bam	160502038-supragingivalplaque2.snv.bam	160582958-supragingivalplaque2.snv.bam	178713055-supragingivalplaque2.snv.bam	508703490-supragingivalplaque2.snv.bam	508703490-supragingivalplaque3.snv.bam	517810313-supragingivalplaque2.snv.bam	604812005-supragingivalplaque3.snv.bam	638754422-supragingivalplaque2.snv.bam	638754422-supragingivalplaque3.snv.bam	650853796-supragingivalplaque1.snv.bam	682102541-supragingivalplaque3.snv.bam	737052003-supragingivalplaque2.snv.bam	763982056-supragingivalplaque3.snv.bam	764083206-supragingivalplaque1.snv.bam	764366428-keratinizedgingiva2.snv.bam	764366428-subgingivalplaque2.snv.bam	764366428-subgingivalplaque3.snv.bam	764366428-supragingivalplaque2.snv.bam	764366428-supragingivalplaque3.snv.bam	764508039-supragingivalplaque3.snv.bam	764588959-supragingivalplaque2.snv.bam	764811490-supragingivalplaque2.snv.bam	765013792-supragingivalplaque2.snv.bam	765013792-supragingivalplaque3.snv.bam	765074482-supragingivalplaque3.snv.bam	765094712-supragingivalplaque3.snv.bam	765195863-supragingivalplaque3.snv.bam	765620695-supragingivalplaque2.snv.bam	765640925-supragingivalplaque1.snv.bam	823052294-supragingivalplaque3.snv.bam
147406386-subgingivalplaque2.snv.bam	0.0	0.129504990714	0.106429141966	0.121986075516	0.123529979635	0.128952272571	0.126851831381	0.126787140583	0.223764565074	0.248355482748	0.1138132345	0.104809622665	0.138816829627	0.11802211864	0.121878124794	0.113238410174	0.158511893539	0.150933301759	0.160128220756	0.117909701976	0.111614733961	0.151983000302	0.14560618077	0.123864014364	0.109437350582	0.102835305236	0.120447413047	0.0995874972513	0.104411847345	0.144625167965	0.190227120556	0.150264175448	0.137396993861	0.139833386961	0.155236803112	0.130865145896	0.12154567839	0.154132430665	0.108370353782	0.104927704465
158802708-supragingivalplaque3.snv.bam	0.129504990714	0.0	0.140238235186	0.160579151651	0.133178442888	0.146880438134	0.14747796133	0.156337450184	0.244972788426	0.274245015638	0.161435849648	0.124050603645	0.159178593612	0.121866582134	0.121385702186	0.112689941059	0.199560773085	0.177207124336	0.185632813834	0.178261092626	0.12555180968	0.190934714268	0.179000181266	0.15595060802	0.160467329638	0.155712233024	0.15958816288	0.146848764982	0.15396366029	0.135205484118	0.179912139162	0.133278887846	0.176071477782	0.179126253825	0.191527820241	0.137375627965	0.15447417538	0.204721165751	0.170304928402	0.162036482095
160178356-supragingivalplaque2.snv.bam	0.106429141966	0.140238235186	0.0	0.080093927966	0.119698668218	0.11863776402	0.116850858044	0.117346787101	0.265764568034	0.290952656348	0.123688049616	0.113188066429	0.119339034302	0.0905529016279	0.0881841440296	0.115761247989	0.196423682307	0.136365341564	0.139791004	0.146000325255	0.114261255957	0.18730890428	0.14988460837	0.13070887483	0.1093630963	0.106877448484	0.111335604733	0.102005391201	0.0985384749238	0.158854237824	0.158602607457	0.153787418513	0.138876409185	0.141005543181	0.162710189865	0.133534643562	0.124909212414	0.18251862503	0.108207177433	0.126360618795
160178356-supragingivalplaque3.snv.bam	0.121986075516	0.160579151651	0.080093927966	0.0	0.154483211529	0.141338090352	0.131984009268	0.155623725055	0.269978842375	0.300201305994	0.123847019727	0.133490699894	0.166350822624	0.125132069497	0.123201549988	0.141413447815	0.20104981232	0.148296696046	0.150979772832	0.132133588215	0.126604510731	0.197482378704	0.154904386411	0.141702773647	0.0777148967542	0.101857187332	0.112442640673	0.094915555666	0.0844435685906	0.165886624217	0.160572600956	0.159998403097	0.162348884872	0.161958840034	0.15832715485	0.148426826294	0.128780424917	0.180580231047	0.115758059407	0.143213260127
160259276-supragingivalplaque1.snv.bam	0.123529979635	0.133178442888	0.119698668218	0.154483211529	0.0	0.148048718891	0.144455371106	0.118096394347	0.262310592063	0.290609121946	0.13871982124	0.108972280221	0.1430883424	0.109660467385	0.110530313654	0.107660650599	0.207168637196	0.173193924734	0.181767575693	0.138422116027	0.112901928516	0.192899893203	0.179368994537	0.135677531783	0.157478372016	0.152521351144	0.166014373956	0.148236742654	0.157328169718	0.151448403684	0.168316016239	0.152886215445	0.155107143143	0.157557425372	0.172416442868	0.137868727258	0.133501115667	0.15669455436	0.140819307968	0.140426117704
160319967-supragingivalplaque2.snv.bam	0.128952272571	0.146880438134	0.11863776402	0.141338090352	0.148048718891	0.0	0.0366788815664	0.121403363658	0.243295868545	0.276344988658	0.131068088524	0.119099505164	0.163596967996	0.134500403951	0.130105502384	0.125996726208	0.178673026221	0.151009301492	0.162265681677	0.14811167608	0.1511995156	0.188296812157	0.168279342814	0.136601088977	0.145025679394	0.124243628957	0.13396383204	0.126746129066	0.125130089679	0.122505034459	0.173231282158	0.129708465881	0.156476828325	0.158476418284	0.180186256473	0.139504412583	0.129062194923	0.1899283686	0.132422187711	0.163185510394
160319967-supragingivalplaque3.snv.bam	0.126851831381	0.14747796133	0.116850858044	0.131984009268	0.144455371106	0.0366788815664	0.0	0.118081920299	0.244918978993	0.277439867053	0.125395415469	0.111889137835	0.163308049116	0.129630993725	0.124037319336	0.122252479337	0.173013659578	0.14384293101	0.156247460319	0.137370873469	0.148874651036	0.187315223182	0.160805782882	0.126703008166	0.133689506762	0.11818730302	0.131855535667	0.121793983744	0.115771640701	0.118138109891	0.170225021411	0.131654963708	0.151913664431	0.152797931309	0.17616828349	0.133524399226	0.117887053187	0.178257127925	0.126175944097	0.157902188667
160380657-supragingivalplaque3.snv.bam	0.126787140583	0.156337450184	0.117346787101	0.155623725055	0.118096394347	0.121403363658	0.118081920299	0.0	0.255036435312	0.280508408569	0.127485310143	0.118270678147	0.138558323131	0.126360537234	0.121159056373	0.10962581654	0.183230787697	0.139336447357	0.152099188758	0.138131641095	0.137127938098	0.204658735089	0.16173183967	0.111181818757	0.157488283596	0.153977930534	0.159044727496	0.145427220344	0.15135490605	0.15354411806	0.175601836485	0.159544039064	0.0902330070496	0.0930191945231	0.185131941532	0.13845609	0.123105906682	0.166832318738	0.0984779564284	0.103507996133
160421117-supragingivalplaque2.snv.bam	0.223764565074	0.244972788426	0.265764568034	0.269978842375	0.262310592063	0.243295868545	0.244918978993	0.255036435312	0.0	0.0563386922618	0.241977691414	0.245260428279	0.276507052623	0.279550739897	0.279122295861	0.241905913562	0.197388795772	0.270254488594	0.283022051698	0.223342512057	0.255495150752	0.262858618114	0.244488636222	0.27034566387	0.245974526838	0.219968404098	0.238186885534	0.233932344732	0.230265038252	0.236870087723	0.282687707846	0.237425418939	0.257735991111	0.261256630047	0.264194848845	0.216549695961	0.240189102672	0.245244834639	0.265055762779	0.247670110176
160421117-supragingivalplaque3.snv.bam	0.248355482748	0.274245015638	0.290952656348	0.300201305994	0.290609121946	0.276344988658	0.277439867053	0.280508408569	0.0563386922618	0.0	0.2725081432	0.279251655707	0.291827499917	0.306024052698	0.307086332021	0.274057577613	0.233902970516	0.299111181449	0.311176811243	0.253973754237	0.278322372914	0.277718140119	0.267938519609	0.302421331493	0.272234860279	0.244817558047	0.261412109438	0.262021560606	0.25720827037	0.273961570707	0.307902563863	0.273000883037	0.280604361479	0.283965024575	0.287184100341	0.255465477399	0.273316881946	0.281196367511	0.296822618143	0.271061914609
160502038-supragingivalplaque2.snv.bam	0.1138132345	0.161435849648	0.123688049616	0.123847019727	0.13871982124	0.131068088524	0.125395415469	0.127485310143	0.241977691414	0.2725081432	0.0	0.119649226739	0.152826532171	0.124437790164	0.125041497516	0.107359890104	0.160057994178	0.138776718562	0.154767635883	0.121319576326	0.095070755588	0.164061517645	0.168437708983	0.112218574454	0.126176478075	0.110188664162	0.136485635868	0.105222699754	0.123557145828	0.159386549723	0.178928900543	0.14119246928	0.118062272316	0.119524845963	0.127062707222	0.136998645397	0.135535150746	0.17606006269	0.111441331004	0.1209032983
160582958-supragingivalplaque2.snv.bam	0.104809622665	0.124050603645	0.113188066429	0.133490699894	0.108972280221	0.119099505164	0.111889137835	0.118270678147	0.245260428279	0.279251655707	0.119649226739	0.0	0.145153321134	0.105471243859	0.100630937343	0.0754171076681	0.150455783379	0.167631987567	0.180486689071	0.123343020467	0.11344583587	0.186099957604	0.153614138087	0.0909635951669	0.131484752506	0.114014096096	0.143494982617	0.11049298388	0.128538737774	0.111948694394	0.179483518118	0.148140825869	0.153413334847	0.157307427003	0.145679770669	0.0694361806749	0.113193133686	0.131677911971	0.120226716293	0.129285163725
178713055-supragingivalplaque2.snv.bam	0.138816829627	0.159178593612	0.119339034302	0.166350822624	0.1430883424	0.163596967996	0.163308049116	0.138558323131	0.276507052623	0.291827499917	0.152826532171	0.145153321134	0.0	0.122696140994	0.118532630365	0.138300691398	0.235311096374	0.172729430723	0.189580514598	0.183406103228	0.130694568042	0.194498755667	0.18032180522	0.162167698418	0.173182770057	0.156221146411	0.174474744826	0.149924982197	0.157672388724	0.201981527562	0.197228156532	0.172343528646	0.134013376178	0.133984879017	0.167214330337	0.161544200362	0.178091867067	0.208805164757	0.151757279841	0.152035815631
508703490-supragingivalplaque2.snv.bam	0.11802211864	0.121866582134	0.0905529016279	0.125132069497	0.109660467385	0.134500403951	0.129630993725	0.126360537234	0.279550739897	0.306024052698	0.124437790164	0.105471243859	0.122696140994	0.0	0.0194995828443	0.110101839871	0.207220470644	0.146288421613	0.155572544977	0.126210158456	0.109737968844	0.183635237965	0.168815796375	0.132380079993	0.128727235105	0.12018035692	0.12872515314	0.113620972581	0.117208848613	0.16261282295	0.167672047501	0.138149030932	0.148018126013	0.150183058274	0.170912280845	0.130567858774	0.126502390381	0.165605902493	0.136327831238	0.131267366437
508703490-supragingivalplaque3.snv.bam	0.121878124794	0.121385702186	0.0881841440296	0.123201549988	0.110530313654	0.130105502384	0.124037319336	0.121159056373	0.279122295861	0.307086332021	0.125041497516	0.100630937343	0.118532630365	0.0194995828443	0.0	0.104662548543	0.205817061116	0.144138874182	0.151727391501	0.128610628741	0.109961461602	0.187076460232	0.167863501366	0.126132776166	0.127897305846	0.118187731542	0.129716383797	0.114612244785	0.114643072598	0.162503974912	0.168140175928	0.132390505928	0.142903692192	0.14521860848	0.170332263881	0.125432603953	0.127218361082	0.162558546707	0.132203011685	0.129834606081
517810313-supragingivalplaque2.snv.bam	0.113238410174	0.112689941059	0.115761247989	0.141413447815	0.107660650599	0.125996726208	0.122252479337	0.10962581654	0.241905913562	0.274057577613	0.107359890104	0.0754171076681	0.138300691398	0.110101839871	0.104662548543	0.0	0.174371924797	0.158335702798	0.174932089913	0.14029650141	0.0930299274737	0.174007725989	0.153747015745	0.0977139041737	0.134425201227	0.121619833208	0.14223082275	0.11585819505	0.131100356266	0.117161899102	0.170224464535	0.133474743193	0.136091666896	0.14011460491	0.148828294923	0.0919321426587	0.127003141094	0.16488305983	0.115898892428	0.131042043343
604812005-supragingivalplaque3.snv.bam	0.158511893539	0.199560773085	0.196423682307	0.20104981232	0.207168637196	0.178673026221	0.173013659578	0.183230787697	0.197388795772	0.233902970516	0.160057994178	0.150455783379	0.235311096374	0.207220470644	0.205817061116	0.174371924797	0.0	0.200961361262	0.201581141545	0.144443082693	0.195000072534	0.201245318236	0.178100394525	0.1680418317	0.182618494544	0.168979657966	0.194704500908	0.170394066953	0.179582481981	0.155747237551	0.224195910492	0.217882970367	0.190108767145	0.193643972077	0.20093865948	0.130715308799	0.162215385009	0.139098298268	0.186314349585	0.162759729962
638754422-supragingivalplaque2.snv.bam	0.150933301759	0.177207124336	0.136365341564	0.148296696046	0.173193924734	0.151009301492	0.14384293101	0.139336447357	0.270254488594	0.299111181449	0.138776718562	0.167631987567	0.172729430723	0.146288421613	0.144138874182	0.158335702798	0.200961361262	0.0	0.04151994059	0.15725374741	0.152782199077	0.206511893589	0.171238013357	0.158909808899	0.140145188179	0.120553558877	0.137555584938	0.125273920256	0.127661377697	0.188515474865	0.182240566981	0.170858626043	0.129924613854	0.129823202613	0.193030581409	0.183187536886	0.14798443029	0.18792102497	0.129810764321	0.145654131756
638754422-supragingivalplaque3.snv.bam	0.160128220756	0.185632813834	0.139791004	0.150979772832	0.181767575693	0.162265681677	0.156247460319	0.152099188758	0.283022051698	0.311176811243	0.154767635883	0.180486689071	0.189580514598	0.155572544977	0.151727391501	0.174932089913	0.201581141545	0.04151994059	0.0	0.162613059169	0.162851249563	0.220213893997	0.181730710854	0.17003937845	0.147011837654	0.131353572676	0.145609802419	0.140454266526	0.136134600037	0.192389842705	0.188130031569	0.179495494768	0.144727649933	0.148549294827	0.196833691052	0.196069342474	0.156097781101	0.190851904268	0.127911658018	0.154944746595
650853796-supragingivalplaque1.snv.bam	0.117909701976	0.178261092626	0.146000325255	0.132133588215	0.138422116027	0.14811167608	0.137370873469	0.138131641095	0.223342512057	0.253973754237	0.121319576326	0.123343020467	0.183406103228	0.126210158456	0.128610628741	0.14029650141	0.144443082693	0.15725374741	0.162613059169	0.0	0.137404865396	0.18622435198	0.146057847974	0.126016137963	0.11996084939	0.115209604471	0.148163154113	0.118532589379	0.123391580929	0.136763937141	0.170091880019	0.162939656786	0.132903115689	0.135577181221	0.132483784739	0.126996734794	0.0979594571827	0.089393164271	0.121261625126	0.104263897872
682102541-supragingivalplaque3.snv.bam	0.111614733961	0.12555180968	0.114261255957	0.126604510731	0.112901928516	0.1511995156	0.148874651036	0.137127938098	0.255495150752	0.278322372914	0.095070755588	0.11344583587	0.130694568042	0.109737968844	0.109961461602	0.0930299274737	0.195000072534	0.152782199077	0.162851249563	0.137404865396	0.0	0.176162132986	0.163836010307	0.115982140188	0.119763367078	0.121536125887	0.139703448428	0.110841666554	0.127388519295	0.162848728384	0.178678763197	0.153196715565	0.12767095588	0.129734596919	0.129174316211	0.12348771243	0.130256277113	0.180414320152	0.122760469457	0.115864834597
737052003-supragingivalplaque2.snv.bam	0.151983000302	0.190934714268	0.18730890428	0.197482378704	0.192899893203	0.188296812157	0.187315223182	0.204658735089	0.262858618114	0.277718140119	0.164061517645	0.186099957604	0.194498755667	0.183635237965	0.187076460232	0.174007725989	0.201245318236	0.206511893589	0.220213893997	0.18622435198	0.176162132986	0.0	0.179749820294	0.18560004127	0.194636312634	0.174060150786	0.189565513696	0.181598203426	0.178300408839	0.186432069408	0.206428513337	0.192164068435	0.201342400169	0.201624783384	0.219388217529	0.200431480965	0.176981787701	0.225395634754	0.211102738558	0.18166184519
763982056-supragingivalplaque3.snv.bam	0.14560618077	0.179000181266	0.14988460837	0.154904386411	0.179368994537	0.168279342814	0.160805782882	0.16173183967	0.244488636222	0.267938519609	0.168437708983	0.153614138087	0.18032180522	0.168815796375	0.167863501366	0.153747015745	0.178100394525	0.171238013357	0.181730710854	0.146057847974	0.163836010307	0.179749820294	0.0	0.161172586876	0.153514089524	0.157982727771	0.178716322282	0.16448258286	0.154087807541	0.161276933209	0.167811044477	0.207697998149	0.148380449431	0.145883041067	0.181865375623	0.143291642025	0.154813613009	0.173547125178	0.156289933607	0.140163947711
764083206-supragingivalplaque1.snv.bam	0.123864014364	0.15595060802	0.13070887483	0.141702773647	0.135677531783	0.136601088977	0.126703008166	0.111181818757	0.27034566387	0.302421331493	0.112218574454	0.0909635951669	0.162167698418	0.132380079993	0.126132776166	0.0977139041737	0.1680418317	0.158909808899	0.17003937845	0.126016137963	0.115982140188	0.18560004127	0.161172586876	0.0	0.142600444038	0.13967040826	0.168125427063	0.138281427416	0.145055930924	0.119429069514	0.171261556262	0.151590203648	0.12933188167	0.132140929536	0.131368764204	0.118176912621	0.11297643732	0.141649911241	0.107339579945	0.0968299403768
764366428-keratinizedgingiva2.snv.bam	0.109437350582	0.160467329638	0.1093630963	0.0777148967542	0.157478372016	0.145025679394	0.133689506762	0.157488283596	0.245974526838	0.272234860279	0.126176478075	0.131484752506	0.173182770057	0.128727235105	0.127897305846	0.134425201227	0.182618494544	0.140145188179	0.147011837654	0.11996084939	0.119763367078	0.194636312634	0.153514089524	0.142600444038	0.0	0.0750813634648	0.0925434948553	0.0611305432515	0.0542139781203	0.14917591606	0.160884311783	0.169416524455	0.15443771259	0.156064428547	0.15317704996	0.145603215534	0.113553378079	0.164957557309	0.105511191499	0.130001278084
764366428-subgingivalplaque2.snv.bam	0.102835305236	0.155712233024	0.106877448484	0.101857187332	0.152521351144	0.124243628957	0.11818730302	0.153977930534	0.219968404098	0.244817558047	0.110188664162	0.114014096096	0.156221146411	0.12018035692	0.118187731542	0.121619833208	0.168979657966	0.120553558877	0.131353572676	0.115209604471	0.121536125887	0.174060150786	0.157982727771	0.13967040826	0.0750813634648	0.0	0.0666774274823	0.0531339377443	0.054256752756	0.140663936281	0.168144812181	0.149260381579	0.143427878606	0.145176102744	0.14857921005	0.138898281936	0.11927660086	0.166627961306	0.106238325303	0.134939895826
764366428-subgingivalplaque3.snv.bam	0.120447413047	0.15958816288	0.111335604733	0.112442640673	0.166014373956	0.13396383204	0.131855535667	0.159044727496	0.238186885534	0.261412109438	0.136485635868	0.143494982617	0.174474744826	0.12872515314	0.129716383797	0.14223082275	0.194704500908	0.137555584938	0.145609802419	0.148163154113	0.139703448428	0.189565513696	0.178716322282	0.168125427063	0.0925434948553	0.0666774274823	0.0	0.0762481387057	0.0614239508402	0.171132807707	0.189543599274	0.163067246974	0.162033376545	0.16782075195	0.183525513487	0.167264101852	0.14404510174	0.202354606756	0.128876138816	0.157195120892
764366428-supragingivalplaque2.snv.bam	0.0995874972513	0.146848764982	0.102005391201	0.094915555666	0.148236742654	0.126746129066	0.121793983744	0.145427220344	0.233932344732	0.262021560606	0.105222699754	0.11049298388	0.149924982197	0.113620972581	0.114612244785	0.11585819505	0.170394066953	0.125273920256	0.140454266526	0.118532589379	0.110841666554	0.181598203426	0.16448258286	0.138281427416	0.0611305432515	0.0531339377443	0.0762481387057	0.0	0.055363320877	0.146238163595	0.170393417981	0.151131102345	0.140068056976	0.141906294161	0.147533166084	0.136608737745	0.11987018829	0.173046235045	0.105205841538	0.129239842739
764366428-supragingivalplaque3.snv.bam	0.104411847345	0.15396366029	0.0985384749238	0.0844435685906	0.157328169718	0.125130089679	0.115771640701	0.15135490605	0.230265038252	0.25720827037	0.123557145828	0.128538737774	0.157672388724	0.117208848613	0.114643072598	0.131100356266	0.179582481981	0.127661377697	0.136134600037	0.123391580929	0.127388519295	0.178300408839	0.154087807541	0.145055930924	0.0542139781203	0.054256752756	0.0614239508402	0.055363320877	0.0	0.151775275032	0.168720579998	0.15763619224	0.146194935257	0.146596595801	0.160697448146	0.146771387688	0.118594549809	0.174667198681	0.108548797007	0.134985811045
764508039-supragingivalplaque3.snv.bam	0.144625167965	0.135205484118	0.158854237824	0.165886624217	0.151448403684	0.122505034459	0.118138109891	0.15354411806	0.236870087723	0.273961570707	0.159386549723	0.111948694394	0.201981527562	0.16261282295	0.162503974912	0.117161899102	0.155747237551	0.188515474865	0.192389842705	0.136763937141	0.162848728384	0.186432069408	0.161276933209	0.119429069514	0.14917591606	0.140663936281	0.171132807707	0.146238163595	0.151775275032	0.0	0.162366816841	0.173183867552	0.179357598429	0.183329429347	0.174382566215	0.106040259607	0.121387412998	0.156793109334	0.145485451419	0.159781395781
764588959-supragingivalplaque2.snv.bam	0.190227120556	0.179912139162	0.158602607457	0.160572600956	0.168316016239	0.173231282158	0.170225021411	0.175601836485	0.282687707846	0.307902563863	0.178928900543	0.179483518118	0.197228156532	0.167672047501	0.168140175928	0.170224464535	0.224195910492	0.182240566981	0.188130031569	0.170091880019	0.178678763197	0.206428513337	0.167811044477	0.171261556262	0.160884311783	0.168144812181	0.189543599274	0.170393417981	0.168720579998	0.162366816841	0.0	0.190237544127	0.181391537457	0.178542291797	0.201904168645	0.175976602261	0.151138663287	0.190814616842	0.167711499699	0.173267480761
764811490-supragingivalplaque2.snv.bam	0.150264175448	0.133278887846	0.153787418513	0.159998403097	0.152886215445	0.129708465881	0.131654963708	0.159544039064	0.237425418939	0.273000883037	0.14119246928	0.148140825869	0.172343528646	0.138149030932	0.132390505928	0.133474743193	0.217882970367	0.170858626043	0.179495494768	0.162939656786	0.153196715565	0.192164068435	0.207697998149	0.151590203648	0.169416524455	0.149260381579	0.163067246974	0.151131102345	0.15763619224	0.173183867552	0.190237544127	0.0	0.18142297895	0.18388233942	0.178528291869	0.17010681959	0.167119154219	0.199430340617	0.160280504651	0.176040454747
765013792-supragingivalplaque2.snv.bam	0.137396993861	0.176071477782	0.138876409185	0.162348884872	0.155107143143	0.156476828325	0.151913664431	0.0902330070496	0.257735991111	0.280604361479	0.118062272316	0.153413334847	0.134013376178	0.148018126013	0.142903692192	0.136091666896	0.190108767145	0.129924613854	0.144727649933	0.132903115689	0.12767095588	0.201342400169	0.148380449431	0.12933188167	0.15443771259	0.143427878606	0.162033376545	0.140068056976	0.146194935257	0.179357598429	0.181391537457	0.18142297895	0.0	0.00480247540421	0.159788775301	0.165150477322	0.136094035842	0.149227536216	0.104900418528	0.0710464630598
765013792-supragingivalplaque3.snv.bam	0.139833386961	0.179126253825	0.141005543181	0.161958840034	0.157557425372	0.158476418284	0.152797931309	0.0930191945231	0.261256630047	0.283965024575	0.119524845963	0.157307427003	0.133984879017	0.150183058274	0.14521860848	0.14011460491	0.193643972077	0.129823202613	0.148549294827	0.135577181221	0.129734596919	0.201624783384	0.145883041067	0.132140929536	0.156064428547	0.145176102744	0.16782075195	0.141906294161	0.146596595801	0.183329429347	0.178542291797	0.18388233942	0.00480247540421	0.0	0.161395627938	0.167312954069	0.140089091436	0.151379119877	0.105909891886	0.0703404588182
765074482-supragingivalplaque3.snv.bam	0.155236803112	0.191527820241	0.162710189865	0.15832715485	0.172416442868	0.180186256473	0.17616828349	0.185131941532	0.264194848845	0.287184100341	0.127062707222	0.145679770669	0.167214330337	0.170912280845	0.170332263881	0.148828294923	0.20093865948	0.193030581409	0.196833691052	0.132483784739	0.129174316211	0.219388217529	0.181865375623	0.131368764204	0.15317704996	0.14857921005	0.183525513487	0.147533166084	0.160697448146	0.174382566215	0.201904168645	0.178528291869	0.159788775301	0.161395627938	0.0	0.159774606824	0.155763881103	0.172459546067	0.139004538037	0.135458271096
765094712-supragingivalplaque3.snv.bam	0.130865145896	0.137375627965	0.133534643562	0.148426826294	0.137868727258	0.139504412583	0.133524399226	0.13845609	0.216549695961	0.255465477399	0.136998645397	0.0694361806749	0.161544200362	0.130567858774	0.125432603953	0.0919321426587	0.130715308799	0.183187536886	0.196069342474	0.126996734794	0.12348771243	0.200431480965	0.143291642025	0.118176912621	0.145603215534	0.138898281936	0.167264101852	0.136608737745	0.146771387688	0.106040259607	0.175976602261	0.17010681959	0.165150477322	0.167312954069	0.159774606824	0.0	0.131760545351	0.114649683193	0.146583420306	0.148485548057
765195863-supragingivalplaque3.snv.bam	0.12154567839	0.15447417538	0.124909212414	0.128780424917	0.133501115667	0.129062194923	0.117887053187	0.123105906682	0.240189102672	0.273316881946	0.135535150746	0.113193133686	0.178091867067	0.126502390381	0.127218361082	0.127003141094	0.162215385009	0.14798443029	0.156097781101	0.0979594571827	0.130256277113	0.176981787701	0.154813613009	0.11297643732	0.113553378079	0.11927660086	0.14404510174	0.11987018829	0.118594549809	0.121387412998	0.151138663287	0.167119154219	0.136094035842	0.140089091436	0.155763881103	0.131760545351	0.0	0.126227460774	0.107512264668	0.106368246039
765620695-supragingivalplaque2.snv.bam	0.154132430665	0.204721165751	0.18251862503	0.180580231047	0.15669455436	0.1899283686	0.178257127925	0.166832318738	0.245244834639	0.281196367511	0.17606006269	0.131677911971	0.208805164757	0.165605902493	0.162558546707	0.16488305983	0.139098298268	0.18792102497	0.190851904268	0.089393164271	0.180414320152	0.225395634754	0.173547125178	0.141649911241	0.164957557309	0.166627961306	0.202354606756	0.173046235045	0.174667198681	0.156793109334	0.190814616842	0.199430340617	0.149227536216	0.151379119877	0.172459546067	0.114649683193	0.126227460774	0.0	0.166444813367	0.115017126849
765640925-supragingivalplaque1.snv.bam	0.108370353782	0.170304928402	0.108207177433	0.115758059407	0.140819307968	0.132422187711	0.126175944097	0.0984779564284	0.265055762779	0.296822618143	0.111441331004	0.120226716293	0.151757279841	0.136327831238	0.132203011685	0.115898892428	0.186314349585	0.129810764321	0.127911658018	0.121261625126	0.122760469457	0.211102738558	0.156289933607	0.107339579945	0.105511191499	0.106238325303	0.128876138816	0.105205841538	0.108548797007	0.145485451419	0.167711499699	0.160280504651	0.104900418528	0.105909891886	0.139004538037	0.146583420306	0.107512264668	0.166444813367	0.0	0.0985315747198
823052294-supragingivalplaque3.snv.bam	0.104927704465	0.162036482095	0.126360618795	0.143213260127	0.140426117704	0.163185510394	0.157902188667	0.103507996133	0.247670110176	0.271061914609	0.1209032983	0.129285163725	0.152035815631	0.131267366437	0.129834606081	0.131042043343	0.162759729962	0.145654131756	0.154944746595	0.104263897872	0.115864834597	0.18166184519	0.140163947711	0.0968299403768	0.130001278084	0.134939895826	0.157195120892	0.129239842739	0.134985811045	0.159781395781	0.173267480761	0.176040454747	0.0710464630598	0.0703404588182	0.135458271096	0.148485548057	0.106368246039	0.115017126849	0.0985315747198	0.0
