	103092734-palatinetonsils3.snv.bam	158337416-tonguedorsum1.snv.bam	158337416-tonguedorsum2.snv.bam	158479027-tonguedorsum1.snv.bam	158479027-tonguedorsum2.snv.bam	158883629-tonguedorsum1.snv.bam	158883629-tonguedorsum3.snv.bam	158944319-tonguedorsum1.snv.bam	159005010-tonguedorsum2.snv.bam	159227541-tonguedorsum3.snv.bam	159268001-tonguedorsum1.snv.bam	159268001-tonguedorsum2.snv.bam	159268001-tonguedorsum3.snv.bam	159470302-tonguedorsum1.snv.bam	159490532-tonguedorsum1.snv.bam	159571453-tonguedorsum2.snv.bam	159591683-supragingivalplaque1.snv.bam	159591683-tonguedorsum2.snv.bam	159733294-tonguedorsum1.snv.bam	159814214-tonguedorsum1.snv.bam	159814214-tonguedorsum2.snv.bam	159915365-tonguedorsum1.snv.bam	160158126-tonguedorsum1.snv.bam	160158126-tonguedorsum2.snv.bam	160178356-tonguedorsum1.snv.bam	160178356-tonguedorsum3.snv.bam	160218816-tonguedorsum1.snv.bam	160259276-tonguedorsum1.snv.bam	160319967-tonguedorsum1.snv.bam	160380657-tonguedorsum1.snv.bam	160380657-tonguedorsum2.snv.bam	160380657-tonguedorsum3.snv.bam	160603188-tonguedorsum1.snv.bam	160603188-tonguedorsum3.snv.bam	160906640-tonguedorsum1.snv.bam	160947100-tonguedorsum1.snv.bam	234447334-tonguedorsum2.snv.bam	246515023-supragingivalplaque2.snv.bam	295137534-tonguedorsum2.snv.bam	404239096-tonguedorsum1.snv.bam	550534656-tonguedorsum2.snv.bam	550534656-tonguedorsum3.snv.bam	604812005-tonguedorsum3.snv.bam	638754422-supragingivalplaque2.snv.bam	638754422-tonguedorsum1.snv.bam	638754422-tonguedorsum2.snv.bam	638754422-tonguedorsum3.snv.bam	675950834-tonguedorsum1.snv.bam	675950834-tonguedorsum2.snv.bam	682102541-tonguedorsum3.snv.bam	763395383-anteriornares3.snv.bam	763395383-supragingivalplaque3.snv.bam	763395383-tonguedorsum3.snv.bam	763435843-tonguedorsum1.snv.bam	763435843-tonguedorsum2.snv.bam	763496533-palatinetonsils2.snv.bam	763496533-throat2.snv.bam	763496533-tonguedorsum2.snv.bam	763759525-tonguedorsum2.snv.bam	763860675-tonguedorsum2.snv.bam	763901136-tonguedorsum2.snv.bam	763961826-supragingivalplaque2.snv.bam	763961826-throat2.snv.bam	764083206-tonguedorsum1.snv.bam	764083206-tonguedorsum2.snv.bam	764143897-tonguedorsum2.snv.bam	764224817-tonguedorsum1.snv.bam	764224817-tonguedorsum2.snv.bam	764305738-tonguedorsum1.snv.bam	764366428-throat2.snv.bam	764366428-tonguedorsum2.snv.bam	764487809-tonguedorsum2.snv.bam	764508039-tonguedorsum3.snv.bam	764649650-tonguedorsum2.snv.bam	764811490-tonguedorsum1.snv.bam	764872181-tonguedorsum1.snv.bam	765013792-tonguedorsum1.snv.bam	765013792-tonguedorsum2.snv.bam	765074482-tonguedorsum1.snv.bam	765094712-tonguedorsum1.snv.bam	765155402-tonguedorsum3.snv.bam	765195863-tonguedorsum3.snv.bam	765216093-tonguedorsum3.snv.bam	765337473-tonguedorsum1.snv.bam	765377934-palatinetonsils3.snv.bam	765377934-tonguedorsum3.snv.bam	765701615-tonguedorsum1.snv.bam	765701615-tonguedorsum2.snv.bam	809635352-tonguedorsum1.snv.bam	861967750-tonguedorsum1.snv.bam	861967750-tonguedorsum2.snv.bam	863126187-tonguedorsum3.snv.bam	953045535-tonguedorsum2.snv.bam
103092734-palatinetonsils3.snv.bam	0.0	0.109215017065	0.174061433447	0.105802047782	0.182593856655	0.138225255973	0.206484641638	0.175767918089	0.121160409556	0.174061433447	0.182593856655	0.179180887372	0.110921501706	0.138225255973	0.110921501706	0.150170648464	0.126279863481	0.098976109215	0.122866894198	0.150170648464	0.121160409556	0.0955631399317	0.158703071672	0.151877133106	0.0938566552901	0.150170648464	0.133105802048	0.150170648464	0.119453924915	0.112627986348	0.139931740614	0.133105802048	0.162116040956	0.153583617747	0.141638225256	0.17747440273	0.148464163823	0.158703071672	0.199658703072	0.107508532423	0.0955631399317	0.0870307167235	0.0938566552901	0.0921501706485	0.0853242320819	0.170648464164	0.136518771331	0.143344709898	0.133105802048	0.109215017065	0.0	0.12457337884	0.117747440273	0.148464163823	0.119453924915	0.0972696245734	0.0921501706485	0.102389078498	0.179180887372	0.203071672355	0.151877133106	0.0682593856655	0.119453924915	0.116040955631	0.129692832765	0.109215017065	0.141638225256	0.136518771331	0.0699658703072	0.170648464164	0.172354948805	0.136518771331	0.116040955631	0.138225255973	0.10409556314	0.155290102389	0.145051194539	0.17747440273	0.179180887372	0.146757679181	0.119453924915	0.127986348123	0.143344709898	0.143344709898	0.165529010239	0.155290102389	0.136518771331	0.098976109215	0.175767918089	0.167235494881	0.153583617747	0.122866894198	0.160409556314
158337416-tonguedorsum1.snv.bam	0.109215017065	0.0	0.0290102389078	0.080204778157	0.167235494881	0.150170648464	0.105802047782	0.136518771331	0.0836177474403	0.151877133106	0.174061433447	0.170648464164	0.110921501706	0.134812286689	0.0665529010239	0.112627986348	0.11433447099	0.133105802048	0.0784982935154	0.119453924915	0.0921501706485	0.098976109215	0.148464163823	0.129692832765	0.0938566552901	0.119453924915	0.0631399317406	0.105802047782	0.0580204778157	0.0631399317406	0.0887372013652	0.102389078498	0.156996587031	0.107508532423	0.122866894198	0.162116040956	0.10409556314	0.12457337884	0.167235494881	0.0716723549488	0.138225255973	0.126279863481	0.0682593856655	0.0819112627986	0.080204778157	0.143344709898	0.11433447099	0.0870307167235	0.0836177474403	0.0733788395904	0.112627986348	0.105802047782	0.0784982935154	0.129692832765	0.0819112627986	0.0699658703072	0.0665529010239	0.0853242320819	0.134812286689	0.116040955631	0.168941979522	0.0887372013652	0.17747440273	0.0665529010239	0.110921501706	0.10409556314	0.110921501706	0.098976109215	0.0955631399317	0.105802047782	0.105802047782	0.105802047782	0.0819112627986	0.116040955631	0.10409556314	0.10409556314	0.0938566552901	0.163822525597	0.162116040956	0.110921501706	0.0699658703072	0.155290102389	0.00341296928328	0.0682593856655	0.0682593856655	0.0631399317406	0.143344709898	0.105802047782	0.119453924915	0.109215017065	0.0938566552901	0.117747440273	0.139931740614
158337416-tonguedorsum2.snv.bam	0.174061433447	0.0290102389078	0.0	0.141638225256	0.20819112628	0.209897610922	0.119453924915	0.194539249147	0.150170648464	0.244027303754	0.249146757679	0.245733788396	0.179180887372	0.20819112628	0.121160409556	0.186006825939	0.155290102389	0.194539249147	0.129692832765	0.175767918089	0.127986348123	0.163822525597	0.215017064846	0.189419795222	0.146757679181	0.184300341297	0.121160409556	0.179180887372	0.11433447099	0.127986348123	0.150170648464	0.163822525597	0.18771331058	0.150170648464	0.17747440273	0.215017064846	0.163822525597	0.211604095563	0.221843003413	0.145051194539	0.19795221843	0.184300341297	0.11433447099	0.107508532423	0.12457337884	0.184300341297	0.162116040956	0.153583617747	0.146757679181	0.121160409556	0.175767918089	0.163822525597	0.153583617747	0.182593856655	0.110921501706	0.127986348123	0.131399317406	0.146757679181	0.204778156997	0.17747440273	0.230375426621	0.160409556314	0.245733788396	0.119453924915	0.168941979522	0.158703071672	0.162116040956	0.150170648464	0.155290102389	0.138225255973	0.136518771331	0.160409556314	0.116040955631	0.163822525597	0.158703071672	0.175767918089	0.117747440273	0.203071672355	0.226962457338	0.179180887372	0.126279863481	0.21843003413	0.162116040956	0.133105802048	0.0870307167235	0.0767918088737	0.19795221843	0.162116040956	0.203071672355	0.141638225256	0.129692832765	0.146757679181	0.192832764505
158479027-tonguedorsum1.snv.bam	0.105802047782	0.080204778157	0.141638225256	0.0	0.0409556313993	0.098976109215	0.127986348123	0.0955631399317	0.0699658703072	0.112627986348	0.129692832765	0.110921501706	0.0477815699659	0.0563139931741	0.0153583617747	0.105802047782	0.102389078498	0.0767918088737	0.0904436860068	0.0546075085324	0.0529010238908	0.0904436860068	0.0750853242321	0.0529010238908	0.0529010238908	0.0750853242321	0.0836177474403	0.105802047782	0.0494880546075	0.0153583617747	0.0477815699659	0.0665529010239	0.122866894198	0.116040955631	0.0733788395904	0.0870307167235	0.0716723549488	0.0836177474403	0.121160409556	0.0699658703072	0.0853242320819	0.0733788395904	0.0460750853242	0.061433447099	0.061433447099	0.145051194539	0.10409556314	0.0460750853242	0.0460750853242	0.037542662116	0.107508532423	0.0443686006826	0.0494880546075	0.0665529010239	0.0563139931741	0.0682593856655	0.0631399317406	0.0853242320819	0.107508532423	0.119453924915	0.100682593857	0.0546075085324	0.141638225256	0.0358361774744	0.0546075085324	0.0853242320819	0.0529010238908	0.0546075085324	0.0938566552901	0.117747440273	0.12457337884	0.117747440273	0.0477815699659	0.0546075085324	0.0580204778157	0.110921501706	0.0955631399317	0.139931740614	0.102389078498	0.121160409556	0.061433447099	0.112627986348	0.117747440273	0.0938566552901	0.119453924915	0.10409556314	0.0597269624573	0.0648464163823	0.107508532423	0.126279863481	0.0972696245734	0.122866894198	0.0563139931741
158479027-tonguedorsum2.snv.bam	0.182593856655	0.167235494881	0.20819112628	0.0409556313993	0.0	0.196245733788	0.206484641638	0.189419795222	0.172354948805	0.194539249147	0.196245733788	0.192832764505	0.146757679181	0.191126279863	0.109215017065	0.180887372014	0.17747440273	0.150170648464	0.158703071672	0.175767918089	0.153583617747	0.180887372014	0.194539249147	0.170648464164	0.119453924915	0.168941979522	0.182593856655	0.17747440273	0.146757679181	0.109215017065	0.143344709898	0.167235494881	0.168941979522	0.203071672355	0.158703071672	0.20819112628	0.162116040956	0.184300341297	0.213310580205	0.167235494881	0.122866894198	0.117747440273	0.145051194539	0.12457337884	0.167235494881	0.238907849829	0.204778156997	0.138225255973	0.138225255973	0.131399317406	0.182593856655	0.080204778157	0.0870307167235	0.170648464164	0.139931740614	0.153583617747	0.156996587031	0.180887372014	0.17747440273	0.182593856655	0.102389078498	0.141638225256	0.186006825939	0.138225255973	0.180887372014	0.191126279863	0.136518771331	0.107508532423	0.156996587031	0.194539249147	0.196245733788	0.192832764505	0.133105802048	0.167235494881	0.116040955631	0.206484641638	0.175767918089	0.20819112628	0.129692832765	0.19795221843	0.141638225256	0.146757679181	0.215017064846	0.191126279863	0.194539249147	0.179180887372	0.165529010239	0.162116040956	0.194539249147	0.191126279863	0.162116040956	0.179180887372	0.191126279863
158883629-tonguedorsum1.snv.bam	0.138225255973	0.150170648464	0.209897610922	0.098976109215	0.196245733788	0.0	0.0870307167235	0.133105802048	0.0665529010239	0.150170648464	0.148464163823	0.136518771331	0.0955631399317	0.126279863481	0.100682593857	0.100682593857	0.168941979522	0.098976109215	0.156996587031	0.129692832765	0.11433447099	0.156996587031	0.141638225256	0.133105802048	0.0733788395904	0.0921501706485	0.146757679181	0.126279863481	0.119453924915	0.0904436860068	0.121160409556	0.098976109215	0.126279863481	0.156996587031	0.112627986348	0.175767918089	0.163822525597	0.126279863481	0.168941979522	0.119453924915	0.100682593857	0.0955631399317	0.0904436860068	0.0836177474403	0.12457337884	0.17747440273	0.155290102389	0.150170648464	0.145051194539	0.110921501706	0.141638225256	0.138225255973	0.127986348123	0.129692832765	0.10409556314	0.150170648464	0.158703071672	0.175767918089	0.134812286689	0.179180887372	0.194539249147	0.0921501706485	0.105802047782	0.110921501706	0.133105802048	0.143344709898	0.116040955631	0.119453924915	0.182593856655	0.204778156997	0.20819112628	0.17747440273	0.102389078498	0.126279863481	0.0784982935154	0.170648464164	0.160409556314	0.182593856655	0.167235494881	0.182593856655	0.0938566552901	0.170648464164	0.175767918089	0.153583617747	0.199658703072	0.180887372014	0.0921501706485	0.109215017065	0.151877133106	0.211604095563	0.17747440273	0.179180887372	0.160409556314
158883629-tonguedorsum3.snv.bam	0.206484641638	0.105802047782	0.119453924915	0.127986348123	0.206484641638	0.0870307167235	0.0	0.203071672355	0.139931740614	0.172354948805	0.18771331058	0.180887372014	0.129692832765	0.17747440273	0.121160409556	0.182593856655	0.167235494881	0.136518771331	0.150170648464	0.139931740614	0.121160409556	0.158703071672	0.19795221843	0.175767918089	0.12457337884	0.145051194539	0.127986348123	0.146757679181	0.139931740614	0.107508532423	0.131399317406	0.109215017065	0.189419795222	0.170648464164	0.184300341297	0.206484641638	0.167235494881	0.17747440273	0.206484641638	0.133105802048	0.180887372014	0.168941979522	0.116040955631	0.105802047782	0.129692832765	0.192832764505	0.165529010239	0.160409556314	0.158703071672	0.116040955631	0.209897610922	0.165529010239	0.156996587031	0.179180887372	0.10409556314	0.148464163823	0.153583617747	0.168941979522	0.19795221843	0.155290102389	0.201365187713	0.141638225256	0.233788395904	0.126279863481	0.163822525597	0.179180887372	0.155290102389	0.148464163823	0.189419795222	0.191126279863	0.189419795222	0.215017064846	0.119453924915	0.141638225256	0.129692832765	0.151877133106	0.168941979522	0.203071672355	0.206484641638	0.165529010239	0.107508532423	0.184300341297	0.196245733788	0.155290102389	0.168941979522	0.153583617747	0.160409556314	0.153583617747	0.18771331058	0.199658703072	0.167235494881	0.172354948805	0.167235494881
158944319-tonguedorsum1.snv.bam	0.175767918089	0.136518771331	0.194539249147	0.0955631399317	0.189419795222	0.133105802048	0.203071672355	0.0	0.138225255973	0.160409556314	0.184300341297	0.17747440273	0.116040955631	0.12457337884	0.112627986348	0.167235494881	0.180887372014	0.172354948805	0.151877133106	0.131399317406	0.107508532423	0.182593856655	0.151877133106	0.12457337884	0.127986348123	0.134812286689	0.156996587031	0.163822525597	0.121160409556	0.0853242320819	0.121160409556	0.138225255973	0.163822525597	0.186006825939	0.0119453924915	0.151877133106	0.136518771331	0.156996587031	0.186006825939	0.134812286689	0.165529010239	0.153583617747	0.138225255973	0.10409556314	0.151877133106	0.206484641638	0.179180887372	0.122866894198	0.116040955631	0.121160409556	0.179180887372	0.151877133106	0.146757679181	0.11433447099	0.116040955631	0.155290102389	0.162116040956	0.17747440273	0.170648464164	0.192832764505	0.194539249147	0.134812286689	0.203071672355	0.12457337884	0.165529010239	0.155290102389	0.0938566552901	0.134812286689	0.179180887372	0.213310580205	0.220136518771	0.18771331058	0.143344709898	0.121160409556	0.126279863481	0.184300341297	0.158703071672	0.20819112628	0.180887372014	0.182593856655	0.110921501706	0.196245733788	0.175767918089	0.155290102389	0.167235494881	0.155290102389	0.127986348123	0.155290102389	0.168941979522	0.21843003413	0.191126279863	0.186006825939	0.138225255973
159005010-tonguedorsum2.snv.bam	0.121160409556	0.0836177474403	0.150170648464	0.0699658703072	0.172354948805	0.0665529010239	0.139931740614	0.138225255973	0.0	0.139931740614	0.148464163823	0.133105802048	0.0887372013652	0.121160409556	0.0836177474403	0.0819112627986	0.139931740614	0.100682593857	0.12457337884	0.122866894198	0.110921501706	0.109215017065	0.136518771331	0.129692832765	0.0972696245734	0.098976109215	0.11433447099	0.0921501706485	0.0733788395904	0.061433447099	0.11433447099	0.0921501706485	0.129692832765	0.160409556314	0.116040955631	0.172354948805	0.148464163823	0.136518771331	0.160409556314	0.11433447099	0.098976109215	0.0955631399317	0.0767918088737	0.0836177474403	0.105802047782	0.172354948805	0.148464163823	0.121160409556	0.112627986348	0.0733788395904	0.127986348123	0.0819112627986	0.0853242320819	0.139931740614	0.10409556314	0.0836177474403	0.0784982935154	0.098976109215	0.117747440273	0.143344709898	0.170648464164	0.0819112627986	0.139931740614	0.098976109215	0.11433447099	0.0955631399317	0.0904436860068	0.080204778157	0.10409556314	0.163822525597	0.170648464164	0.136518771331	0.080204778157	0.110921501706	0.0648464163823	0.134812286689	0.10409556314	0.167235494881	0.146757679181	0.145051194539	0.080204778157	0.151877133106	0.133105802048	0.138225255973	0.155290102389	0.136518771331	0.116040955631	0.0921501706485	0.119453924915	0.172354948805	0.145051194539	0.153583617747	0.145051194539
159227541-tonguedorsum3.snv.bam	0.174061433447	0.151877133106	0.244027303754	0.112627986348	0.194539249147	0.150170648464	0.172354948805	0.160409556314	0.139931740614	0.0	0.129692832765	0.129692832765	0.098976109215	0.136518771331	0.134812286689	0.153583617747	0.155290102389	0.163822525597	0.172354948805	0.155290102389	0.133105802048	0.19795221843	0.174061433447	0.155290102389	0.105802047782	0.11433447099	0.158703071672	0.170648464164	0.165529010239	0.112627986348	0.134812286689	0.122866894198	0.170648464164	0.186006825939	0.134812286689	0.189419795222	0.162116040956	0.160409556314	0.206484641638	0.121160409556	0.138225255973	0.136518771331	0.131399317406	0.107508532423	0.143344709898	0.211604095563	0.17747440273	0.179180887372	0.17747440273	0.109215017065	0.179180887372	0.160409556314	0.136518771331	0.170648464164	0.150170648464	0.158703071672	0.156996587031	0.184300341297	0.165529010239	0.18771331058	0.180887372014	0.131399317406	0.17747440273	0.145051194539	0.18771331058	0.131399317406	0.158703071672	0.165529010239	0.192832764505	0.221843003413	0.225255972696	0.211604095563	0.136518771331	0.143344709898	0.117747440273	0.201365187713	0.199658703072	0.204778156997	0.18771331058	0.196245733788	0.127986348123	0.150170648464	0.179180887372	0.156996587031	0.211604095563	0.192832764505	0.138225255973	0.134812286689	0.168941979522	0.226962457338	0.191126279863	0.203071672355	0.17747440273
159268001-tonguedorsum1.snv.bam	0.182593856655	0.174061433447	0.249146757679	0.129692832765	0.196245733788	0.148464163823	0.18771331058	0.184300341297	0.148464163823	0.129692832765	0.0	0.0	0.0238907849829	0.165529010239	0.136518771331	0.143344709898	0.153583617747	0.146757679181	0.172354948805	0.151877133106	0.141638225256	0.184300341297	0.18771331058	0.17747440273	0.0972696245734	0.138225255973	0.165529010239	0.158703071672	0.153583617747	0.100682593857	0.131399317406	0.10409556314	0.156996587031	0.194539249147	0.151877133106	0.206484641638	0.145051194539	0.156996587031	0.21843003413	0.136518771331	0.126279863481	0.119453924915	0.102389078498	0.100682593857	0.127986348123	0.209897610922	0.180887372014	0.165529010239	0.146757679181	0.0938566552901	0.186006825939	0.134812286689	0.141638225256	0.167235494881	0.136518771331	0.158703071672	0.170648464164	0.189419795222	0.10409556314	0.192832764505	0.179180887372	0.11433447099	0.155290102389	0.134812286689	0.162116040956	0.153583617747	0.141638225256	0.129692832765	0.186006825939	0.232081911263	0.238907849829	0.19795221843	0.131399317406	0.155290102389	0.0904436860068	0.156996587031	0.194539249147	0.201365187713	0.156996587031	0.168941979522	0.098976109215	0.153583617747	0.20819112628	0.175767918089	0.226962457338	0.204778156997	0.12457337884	0.116040955631	0.203071672355	0.237201365188	0.194539249147	0.192832764505	0.189419795222
159268001-tonguedorsum2.snv.bam	0.179180887372	0.170648464164	0.245733788396	0.110921501706	0.192832764505	0.136518771331	0.180887372014	0.17747440273	0.133105802048	0.129692832765	0.0	0.0	0.0170648464164	0.155290102389	0.127986348123	0.131399317406	0.150170648464	0.138225255973	0.168941979522	0.153583617747	0.136518771331	0.189419795222	0.17747440273	0.167235494881	0.0921501706485	0.129692832765	0.150170648464	0.151877133106	0.148464163823	0.0972696245734	0.126279863481	0.0955631399317	0.158703071672	0.182593856655	0.146757679181	0.199658703072	0.141638225256	0.153583617747	0.220136518771	0.129692832765	0.11433447099	0.110921501706	0.102389078498	0.100682593857	0.126279863481	0.206484641638	0.172354948805	0.156996587031	0.145051194539	0.0938566552901	0.182593856655	0.127986348123	0.127986348123	0.158703071672	0.129692832765	0.162116040956	0.168941979522	0.192832764505	0.10409556314	0.191126279863	0.175767918089	0.102389078498	0.153583617747	0.127986348123	0.146757679181	0.145051194539	0.136518771331	0.12457337884	0.182593856655	0.22866894198	0.233788395904	0.194539249147	0.121160409556	0.150170648464	0.0836177474403	0.153583617747	0.194539249147	0.196245733788	0.155290102389	0.165529010239	0.0921501706485	0.151877133106	0.20819112628	0.167235494881	0.223549488055	0.201365187713	0.116040955631	0.100682593857	0.19795221843	0.232081911263	0.194539249147	0.189419795222	0.179180887372
159268001-tonguedorsum3.snv.bam	0.110921501706	0.110921501706	0.179180887372	0.0477815699659	0.146757679181	0.0955631399317	0.129692832765	0.116040955631	0.0887372013652	0.098976109215	0.0238907849829	0.0170648464164	0.0	0.0767918088737	0.0511945392491	0.0938566552901	0.109215017065	0.0972696245734	0.107508532423	0.0716723549488	0.0631399317406	0.110921501706	0.122866894198	0.100682593857	0.0494880546075	0.0819112627986	0.0972696245734	0.10409556314	0.0904436860068	0.037542662116	0.0665529010239	0.0494880546075	0.121160409556	0.129692832765	0.0921501706485	0.139931740614	0.0853242320819	0.105802047782	0.156996587031	0.0784982935154	0.0767918088737	0.0699658703072	0.0443686006826	0.0529010238908	0.0750853242321	0.143344709898	0.116040955631	0.0887372013652	0.0853242320819	0.0392491467577	0.119453924915	0.0750853242321	0.0784982935154	0.0972696245734	0.0699658703072	0.098976109215	0.100682593857	0.126279863481	0.0767918088737	0.134812286689	0.129692832765	0.0580204778157	0.117747440273	0.0631399317406	0.098976109215	0.0938566552901	0.080204778157	0.0733788395904	0.12457337884	0.165529010239	0.168941979522	0.126279863481	0.0631399317406	0.0836177474403	0.0494880546075	0.100682593857	0.131399317406	0.141638225256	0.107508532423	0.110921501706	0.037542662116	0.112627986348	0.143344709898	0.105802047782	0.160409556314	0.139931740614	0.0716723549488	0.0511945392491	0.138225255973	0.172354948805	0.126279863481	0.131399317406	0.110921501706
159470302-tonguedorsum1.snv.bam	0.138225255973	0.134812286689	0.20819112628	0.0563139931741	0.191126279863	0.126279863481	0.17747440273	0.12457337884	0.121160409556	0.136518771331	0.165529010239	0.155290102389	0.0767918088737	0.0	0.0665529010239	0.148464163823	0.138225255973	0.126279863481	0.145051194539	0.0648464163823	0.061433447099	0.160409556314	0.0938566552901	0.0699658703072	0.0921501706485	0.0972696245734	0.146757679181	0.151877133106	0.102389078498	0.0341296928328	0.0870307167235	0.098976109215	0.158703071672	0.17747440273	0.10409556314	0.0682593856655	0.134812286689	0.112627986348	0.155290102389	0.0955631399317	0.126279863481	0.121160409556	0.100682593857	0.0921501706485	0.11433447099	0.196245733788	0.156996587031	0.112627986348	0.122866894198	0.0853242320819	0.141638225256	0.146757679181	0.126279863481	0.0716723549488	0.0767918088737	0.122866894198	0.127986348123	0.143344709898	0.153583617747	0.182593856655	0.182593856655	0.0921501706485	0.160409556314	0.0870307167235	0.110921501706	0.138225255973	0.0716723549488	0.110921501706	0.151877133106	0.196245733788	0.203071672355	0.179180887372	0.107508532423	0.0563139931741	0.102389078498	0.174061433447	0.165529010239	0.192832764505	0.168941979522	0.179180887372	0.098976109215	0.160409556314	0.168941979522	0.146757679181	0.18771331058	0.170648464164	0.0819112627986	0.119453924915	0.165529010239	0.203071672355	0.168941979522	0.191126279863	0.0631399317406
159490532-tonguedorsum1.snv.bam	0.110921501706	0.0665529010239	0.121160409556	0.0153583617747	0.109215017065	0.100682593857	0.121160409556	0.112627986348	0.0836177474403	0.134812286689	0.136518771331	0.127986348123	0.0511945392491	0.0665529010239	0.0	0.121160409556	0.0955631399317	0.0887372013652	0.0597269624573	0.0477815699659	0.0255972696246	0.0853242320819	0.0921501706485	0.0682593856655	0.0597269624573	0.0836177474403	0.0597269624573	0.122866894198	0.037542662116	0.00853242320819	0.0290102389078	0.061433447099	0.139931740614	0.0870307167235	0.0921501706485	0.0819112627986	0.0716723549488	0.0904436860068	0.10409556314	0.0580204778157	0.0972696245734	0.0938566552901	0.0307167235495	0.0529010238908	0.0494880546075	0.127986348123	0.0921501706485	0.0460750853242	0.0494880546075	0.0221843003413	0.117747440273	0.0853242320819	0.0682593856655	0.0648464163823	0.0170648464164	0.0648464163823	0.0767918088737	0.0887372013652	0.126279863481	0.107508532423	0.12457337884	0.0580204778157	0.168941979522	0.0102389078498	0.0477815699659	0.0699658703072	0.0546075085324	0.0699658703072	0.102389078498	0.0938566552901	0.0972696245734	0.105802047782	0.0290102389078	0.042662116041	0.0733788395904	0.0784982935154	0.098976109215	0.116040955631	0.122866894198	0.0955631399317	0.0511945392491	0.134812286689	0.116040955631	0.0819112627986	0.107508532423	0.098976109215	0.0767918088737	0.0648464163823	0.109215017065	0.0972696245734	0.0563139931741	0.100682593857	0.061433447099
159571453-tonguedorsum2.snv.bam	0.150170648464	0.112627986348	0.186006825939	0.105802047782	0.180887372014	0.100682593857	0.182593856655	0.167235494881	0.0819112627986	0.153583617747	0.143344709898	0.131399317406	0.0938566552901	0.148464163823	0.121160409556	0.0	0.155290102389	0.098976109215	0.158703071672	0.133105802048	0.122866894198	0.158703071672	0.155290102389	0.138225255973	0.107508532423	0.109215017065	0.146757679181	0.0853242320819	0.107508532423	0.10409556314	0.131399317406	0.105802047782	0.139931740614	0.186006825939	0.138225255973	0.192832764505	0.148464163823	0.134812286689	0.196245733788	0.122866894198	0.122866894198	0.109215017065	0.11433447099	0.098976109215	0.141638225256	0.199658703072	0.17747440273	0.141638225256	0.133105802048	0.0887372013652	0.153583617747	0.102389078498	0.0887372013652	0.162116040956	0.136518771331	0.126279863481	0.131399317406	0.141638225256	0.0904436860068	0.156996587031	0.182593856655	0.100682593857	0.133105802048	0.129692832765	0.151877133106	0.129692832765	0.122866894198	0.10409556314	0.145051194539	0.191126279863	0.191126279863	0.146757679181	0.122866894198	0.143344709898	0.0938566552901	0.179180887372	0.150170648464	0.199658703072	0.129692832765	0.174061433447	0.0767918088737	0.160409556314	0.141638225256	0.155290102389	0.182593856655	0.163822525597	0.11433447099	0.119453924915	0.0972696245734	0.191126279863	0.168941979522	0.186006825939	0.174061433447
159591683-supragingivalplaque1.snv.bam	0.126279863481	0.11433447099	0.155290102389	0.102389078498	0.17747440273	0.168941979522	0.167235494881	0.180887372014	0.139931740614	0.155290102389	0.153583617747	0.150170648464	0.109215017065	0.138225255973	0.0955631399317	0.155290102389	0.0	0.127986348123	0.119453924915	0.134812286689	0.119453924915	0.138225255973	0.150170648464	0.143344709898	0.0904436860068	0.139931740614	0.100682593857	0.153583617747	0.117747440273	0.0870307167235	0.119453924915	0.126279863481	0.156996587031	0.131399317406	0.151877133106	0.163822525597	0.127986348123	0.127986348123	0.160409556314	0.10409556314	0.12457337884	0.109215017065	0.0853242320819	0.0631399317406	0.098976109215	0.151877133106	0.12457337884	0.138225255973	0.127986348123	0.098976109215	0.126279863481	0.119453924915	0.121160409556	0.12457337884	0.0972696245734	0.0921501706485	0.0955631399317	0.107508532423	0.168941979522	0.160409556314	0.167235494881	0.0750853242321	0.168941979522	0.080204778157	0.11433447099	0.119453924915	0.127986348123	0.121160409556	0.121160409556	0.134812286689	0.139931740614	0.134812286689	0.0904436860068	0.127986348123	0.131399317406	0.121160409556	0.136518771331	0.143344709898	0.163822525597	0.117747440273	0.10409556314	0.150170648464	0.146757679181	0.12457337884	0.151877133106	0.143344709898	0.119453924915	0.0836177474403	0.163822525597	0.138225255973	0.12457337884	0.139931740614	0.151877133106
159591683-tonguedorsum2.snv.bam	0.098976109215	0.133105802048	0.194539249147	0.0767918088737	0.150170648464	0.098976109215	0.136518771331	0.172354948805	0.100682593857	0.163822525597	0.146757679181	0.138225255973	0.0972696245734	0.126279863481	0.0887372013652	0.098976109215	0.127986348123	0.0	0.151877133106	0.143344709898	0.129692832765	0.129692832765	0.138225255973	0.12457337884	0.0836177474403	0.131399317406	0.136518771331	0.112627986348	0.12457337884	0.0870307167235	0.127986348123	0.0853242320819	0.145051194539	0.170648464164	0.153583617747	0.172354948805	0.141638225256	0.127986348123	0.18771331058	0.121160409556	0.0750853242321	0.0682593856655	0.0682593856655	0.0853242320819	0.0938566552901	0.170648464164	0.141638225256	0.121160409556	0.121160409556	0.0750853242321	0.0972696245734	0.0938566552901	0.0955631399317	0.146757679181	0.10409556314	0.119453924915	0.121160409556	0.145051194539	0.119453924915	0.165529010239	0.122866894198	0.0273037542662	0.0221843003413	0.0955631399317	0.110921501706	0.116040955631	0.098976109215	0.109215017065	0.127986348123	0.174061433447	0.174061433447	0.151877133106	0.080204778157	0.131399317406	0.080204778157	0.146757679181	0.158703071672	0.151877133106	0.112627986348	0.151877133106	0.0716723549488	0.121160409556	0.162116040956	0.162116040956	0.204778156997	0.182593856655	0.098976109215	0.0767918088737	0.145051194539	0.17747440273	0.141638225256	0.151877133106	0.155290102389
159733294-tonguedorsum1.snv.bam	0.122866894198	0.0784982935154	0.129692832765	0.0904436860068	0.158703071672	0.156996587031	0.150170648464	0.151877133106	0.12457337884	0.172354948805	0.172354948805	0.168941979522	0.107508532423	0.145051194539	0.0597269624573	0.158703071672	0.119453924915	0.151877133106	0.0	0.102389078498	0.0665529010239	0.126279863481	0.163822525597	0.148464163823	0.0955631399317	0.146757679181	0.080204778157	0.150170648464	0.0921501706485	0.0631399317406	0.0699658703072	0.0955631399317	0.17747440273	0.00341296928328	0.141638225256	0.172354948805	0.0819112627986	0.127986348123	0.18771331058	0.098976109215	0.131399317406	0.121160409556	0.0665529010239	0.0546075085324	0.061433447099	0.0392491467577	0.0324232081911	0.0750853242321	0.0682593856655	0.0836177474403	0.126279863481	0.126279863481	0.116040955631	0.143344709898	0.0733788395904	0.107508532423	0.112627986348	0.129692832765	0.162116040956	0.127986348123	0.156996587031	0.10409556314	0.191126279863	0.0477815699659	0.116040955631	0.117747440273	0.122866894198	0.112627986348	0.121160409556	0.0972696245734	0.0955631399317	0.098976109215	0.0563139931741	0.121160409556	0.116040955631	0.0853242320819	0.121160409556	0.134812286689	0.139931740614	0.105802047782	0.0733788395904	0.143344709898	0.119453924915	0.0887372013652	0.102389078498	0.0921501706485	0.146757679181	0.112627986348	0.158703071672	0.0904436860068	0.0870307167235	0.0887372013652	0.145051194539
159814214-tonguedorsum1.snv.bam	0.150170648464	0.119453924915	0.175767918089	0.0546075085324	0.175767918089	0.129692832765	0.139931740614	0.131399317406	0.122866894198	0.155290102389	0.151877133106	0.153583617747	0.0716723549488	0.0648464163823	0.0477815699659	0.133105802048	0.134812286689	0.143344709898	0.102389078498	0.0	0.0	0.141638225256	0.117747440273	0.0921501706485	0.0972696245734	0.127986348123	0.11433447099	0.148464163823	0.0938566552901	0.0392491467577	0.061433447099	0.0767918088737	0.163822525597	0.107508532423	0.112627986348	0.098976109215	0.109215017065	0.116040955631	0.148464163823	0.0870307167235	0.138225255973	0.131399317406	0.0784982935154	0.0904436860068	0.0921501706485	0.150170648464	0.110921501706	0.0938566552901	0.0955631399317	0.0716723549488	0.156996587031	0.129692832765	0.11433447099	0.0972696245734	0.0665529010239	0.121160409556	0.127986348123	0.146757679181	0.143344709898	0.146757679181	0.175767918089	0.109215017065	0.17747440273	0.0631399317406	0.102389078498	0.136518771331	0.0819112627986	0.109215017065	0.163822525597	0.160409556314	0.165529010239	0.162116040956	0.0682593856655	0.0819112627986	0.0938566552901	0.138225255973	0.148464163823	0.158703071672	0.163822525597	0.151877133106	0.0733788395904	0.170648464164	0.155290102389	0.133105802048	0.153583617747	0.146757679181	0.0955631399317	0.11433447099	0.160409556314	0.162116040956	0.133105802048	0.167235494881	0.0938566552901
159814214-tonguedorsum2.snv.bam	0.121160409556	0.0921501706485	0.127986348123	0.0529010238908	0.153583617747	0.11433447099	0.121160409556	0.107508532423	0.110921501706	0.133105802048	0.141638225256	0.136518771331	0.0631399317406	0.061433447099	0.0255972696246	0.122866894198	0.119453924915	0.129692832765	0.0665529010239	0.0	0.0	0.119453924915	0.0938566552901	0.0767918088737	0.0870307167235	0.119453924915	0.0870307167235	0.127986348123	0.0733788395904	0.0255972696246	0.0409556313993	0.0733788395904	0.143344709898	0.0733788395904	0.0972696245734	0.0733788395904	0.0836177474403	0.0921501706485	0.112627986348	0.0682593856655	0.126279863481	0.119453924915	0.0511945392491	0.0631399317406	0.0648464163823	0.11433447099	0.0784982935154	0.0597269624573	0.0665529010239	0.0563139931741	0.12457337884	0.122866894198	0.107508532423	0.0767918088737	0.042662116041	0.0955631399317	0.100682593857	0.109215017065	0.133105802048	0.12457337884	0.156996587031	0.0887372013652	0.165529010239	0.0409556313993	0.0716723549488	0.116040955631	0.0597269624573	0.0904436860068	0.129692832765	0.122866894198	0.131399317406	0.134812286689	0.0563139931741	0.0699658703072	0.0784982935154	0.110921501706	0.11433447099	0.126279863481	0.153583617747	0.117747440273	0.061433447099	0.148464163823	0.122866894198	0.098976109215	0.110921501706	0.105802047782	0.0819112627986	0.0972696245734	0.143344709898	0.119453924915	0.098976109215	0.129692832765	0.0716723549488
159915365-tonguedorsum1.snv.bam	0.0955631399317	0.098976109215	0.163822525597	0.0904436860068	0.180887372014	0.156996587031	0.158703071672	0.182593856655	0.109215017065	0.19795221843	0.184300341297	0.189419795222	0.110921501706	0.160409556314	0.0853242320819	0.158703071672	0.138225255973	0.129692832765	0.126279863481	0.141638225256	0.119453924915	0.0	0.175767918089	0.153583617747	0.061433447099	0.0767918088737	0.133105802048	0.153583617747	0.0904436860068	0.080204778157	0.0972696245734	0.102389078498	0.196245733788	0.156996587031	0.170648464164	0.196245733788	0.134812286689	0.160409556314	0.213310580205	0.0972696245734	0.112627986348	0.105802047782	0.080204778157	0.0904436860068	0.0750853242321	0.167235494881	0.139931740614	0.127986348123	0.12457337884	0.0870307167235	0.100682593857	0.129692832765	0.112627986348	0.163822525597	0.107508532423	0.0597269624573	0.0511945392491	0.0580204778157	0.17747440273	0.172354948805	0.148464163823	0.0767918088737	0.180887372014	0.0921501706485	0.122866894198	0.107508532423	0.12457337884	0.122866894198	0.0767918088737	0.174061433447	0.179180887372	0.143344709898	0.0972696245734	0.127986348123	0.12457337884	0.129692832765	0.145051194539	0.189419795222	0.180887372014	0.134812286689	0.0836177474403	0.131399317406	0.148464163823	0.145051194539	0.156996587031	0.139931740614	0.122866894198	0.10409556314	0.17747440273	0.18771331058	0.145051194539	0.122866894198	0.165529010239
160158126-tonguedorsum1.snv.bam	0.158703071672	0.148464163823	0.215017064846	0.0750853242321	0.194539249147	0.141638225256	0.19795221843	0.151877133106	0.136518771331	0.174061433447	0.18771331058	0.17747440273	0.122866894198	0.0938566552901	0.0921501706485	0.155290102389	0.150170648464	0.138225255973	0.163822525597	0.117747440273	0.0938566552901	0.175767918089	0.0	0.0	0.126279863481	0.153583617747	0.155290102389	0.175767918089	0.131399317406	0.0887372013652	0.143344709898	0.122866894198	0.163822525597	0.189419795222	0.138225255973	0.10409556314	0.158703071672	0.122866894198	0.150170648464	0.127986348123	0.145051194539	0.134812286689	0.126279863481	0.107508532423	0.146757679181	0.204778156997	0.182593856655	0.133105802048	0.129692832765	0.117747440273	0.160409556314	0.136518771331	0.141638225256	0.0955631399317	0.12457337884	0.151877133106	0.158703071672	0.17747440273	0.189419795222	0.19795221843	0.172354948805	0.127986348123	0.170648464164	0.11433447099	0.112627986348	0.145051194539	0.0938566552901	0.133105802048	0.174061433447	0.201365187713	0.204778156997	0.191126279863	0.117747440273	0.119453924915	0.133105802048	0.17747440273	0.174061433447	0.191126279863	0.18771331058	0.174061433447	0.119453924915	0.182593856655	0.186006825939	0.179180887372	0.194539249147	0.179180887372	0.117747440273	0.134812286689	0.184300341297	0.206484641638	0.168941979522	0.18771331058	0.0972696245734
160158126-tonguedorsum2.snv.bam	0.151877133106	0.129692832765	0.189419795222	0.0529010238908	0.170648464164	0.133105802048	0.175767918089	0.12457337884	0.129692832765	0.155290102389	0.17747440273	0.167235494881	0.100682593857	0.0699658703072	0.0682593856655	0.138225255973	0.143344709898	0.12457337884	0.148464163823	0.0921501706485	0.0767918088737	0.153583617747	0.0	0.0	0.100682593857	0.129692832765	0.133105802048	0.156996587031	0.102389078498	0.0597269624573	0.119453924915	0.10409556314	0.153583617747	0.170648464164	0.109215017065	0.0529010238908	0.134812286689	0.107508532423	0.136518771331	0.105802047782	0.134812286689	0.126279863481	0.10409556314	0.0853242320819	0.12457337884	0.191126279863	0.160409556314	0.109215017065	0.105802047782	0.0904436860068	0.153583617747	0.126279863481	0.121160409556	0.0631399317406	0.0921501706485	0.131399317406	0.133105802048	0.155290102389	0.175767918089	0.186006825939	0.170648464164	0.112627986348	0.167235494881	0.098976109215	0.102389078498	0.133105802048	0.0716723549488	0.11433447099	0.155290102389	0.175767918089	0.18771331058	0.174061433447	0.102389078498	0.0853242320819	0.119453924915	0.165529010239	0.153583617747	0.186006825939	0.170648464164	0.165529010239	0.107508532423	0.170648464164	0.167235494881	0.158703071672	0.17747440273	0.160409556314	0.0955631399317	0.116040955631	0.155290102389	0.186006825939	0.150170648464	0.180887372014	0.0477815699659
160178356-tonguedorsum1.snv.bam	0.0938566552901	0.0938566552901	0.146757679181	0.0529010238908	0.119453924915	0.0733788395904	0.12457337884	0.127986348123	0.0972696245734	0.105802047782	0.0972696245734	0.0921501706485	0.0494880546075	0.0921501706485	0.0597269624573	0.107508532423	0.0904436860068	0.0836177474403	0.0955631399317	0.0972696245734	0.0870307167235	0.061433447099	0.126279863481	0.100682593857	0.0	0.00853242320819	0.080204778157	0.11433447099	0.0682593856655	0.0494880546075	0.0682593856655	0.0682593856655	0.121160409556	0.121160409556	0.100682593857	0.133105802048	0.0955631399317	0.12457337884	0.158703071672	0.0733788395904	0.0750853242321	0.0665529010239	0.0494880546075	0.061433447099	0.0494880546075	0.133105802048	0.10409556314	0.109215017065	0.102389078498	0.0460750853242	0.0904436860068	0.0887372013652	0.0733788395904	0.100682593857	0.0665529010239	0.0665529010239	0.0733788395904	0.0904436860068	0.119453924915	0.141638225256	0.12457337884	0.0529010238908	0.117747440273	0.0563139931741	0.0733788395904	0.0767918088737	0.0870307167235	0.0887372013652	0.0853242320819	0.133105802048	0.141638225256	0.116040955631	0.0511945392491	0.0819112627986	0.0819112627986	0.102389078498	0.0938566552901	0.150170648464	0.145051194539	0.105802047782	0.0631399317406	0.0972696245734	0.126279863481	0.0904436860068	0.122866894198	0.10409556314	0.0648464163823	0.0563139931741	0.136518771331	0.143344709898	0.109215017065	0.098976109215	0.10409556314
