	CCIS11362406ST-4-0.snv.bam	CCIS50471204ST-4-0.snv.bam	CCIS59132091ST-4-0.snv.bam	CCIS81710917ST-20-0.snv.bam	CCIS88317640ST-4-0.snv.bam	CCMD86114146ST-21-0.snv.bam	M1.4-V2.metaT.snv.bam	MH0330.snv.bam	MMRS15137911ST-27-0-0.snv.bam	NG-5636_144.snv.bam	NG-5636_231.snv.bam	NG-5636_350.snv.bam	NG-5636_365.snv.bam	NG-5636_524.snv.bam	SAMEA3136652.snv.bam	SAMEA3136666.snv.bam	SAMEA3136675.snv.bam	SAMEA3136684.snv.bam	SAMEA3136694.snv.bam	SAMEA3136696.snv.bam	SAMEA3136713.snv.bam	SAMEA3136717.snv.bam	SAMEA3136721.snv.bam	SAMEA3136743.snv.bam	SAMEA3136753.snv.bam	SAMEA3136755.snv.bam	SAMEA3136756.snv.bam	SAMEA3136764.snv.bam	SAMEA3178944.snv.bam
CCIS11362406ST-4-0.snv.bam	0.0	0.286471809995	0.0993255489933	0.146153507021	0.282031827224	0.223971809995	0.181937446678	0.229723022633	0.161347802058	0.172068074363	0.150617997103	0.196804017202	0.218763476662	0.213555143328	0.155125614514	0.176986425691	0.182305143328	0.125667997482	0.187513476662	0.161608871398	0.198078952852	0.262878869108	0.224015039377	0.157908355363	0.187614697142	0.173434999223	0.218788396917	0.250013476662	0.260430143328
CCIS50471204ST-4-0.snv.bam	0.286471809995	0.0	0.138793879388	0.224283039217	0.335038363171	0.177083333333	0.316980023502	0.225089826507	0.30220734127	0.239762931034	0.319277108434	0.285332207207	0.255208333333	0.229166666667	0.275766283525	0.275673335401	0.239583333333	0.287958115183	0.223958333333	0.250137061404	0.161607142857	0.16330634278	0.177083871458	0.289473684211	0.276301617306	0.250843196286	0.182316586922	0.192708333333	0.276041666667
CCIS59132091ST-4-0.snv.bam	0.0993255489933	0.138793879388	0.0	0.0796974188939	0.189958592132	0.138793879388	0.21708652793	0.0895935828877	0.198199819982	0.148334833483	0.106909090909	0.217641764176	0.178397839784	0.11899189919	0.132749178532	0.0988705322145	0.148334833483	0.160181818182	0.178397839784	0.139054431759	0.0895718143243	0.122457677003	0.128491252487	0.121395775941	0.168504707614	0.110107582334	0.138793879388	0.178397839784	0.178397839784
CCIS81710917ST-20-0.snv.bam	0.146153507021	0.224283039217	0.0796974188939	0.0	0.294048044126	0.161908024068	0.148484155204	0.219516350613	0.151516436119	0.214036043281	0.138796439363	0.217717653635	0.218937706373	0.255434398048	0.144118199477	0.156475105477	0.172240862413	0.178242623904	0.125279094932	0.19298762411	0.177640514031	0.200958600832	0.192943269737	0.200094074092	0.218862828161	0.131484208224	0.187843970516	0.1878679862	0.229437204963
CCIS88317640ST-4-0.snv.bam	0.282031827224	0.335038363171	0.189958592132	0.294048044126	0.0	0.293861892583	0.341614906832	0.269594303194	0.299884301547	0.252482582238	0.249698067633	0.327884150135	0.293861892583	0.270332480818	0.223507818459	0.305663089489	0.311508951407	0.266014921533	0.317391304348	0.27048727958	0.352853489222	0.286081249668	0.376166009987	0.309265010352	0.300353682092	0.302122945542	0.293890037813	0.335038363171	0.258567774936
CCMD86114146ST-21-0.snv.bam	0.223971809995	0.177083333333	0.138793879388	0.161908024068	0.293861892583	0.0	0.276439482961	0.130931115902	0.260540674603	0.114762931034	0.246987951807	0.295748873874	0.182291666667	0.177083333333	0.229980842912	0.255240643093	0.28125	0.267015706806	0.192708333333	0.29180372807	0.11994047619	0.194588394062	0.124999461875	0.3	0.307551617306	0.11529315189	0.182316586922	0.140625	0.151041666667
M1.4-V2.metaT.snv.bam	0.181937446678	0.316980023502	0.21708652793	0.148484155204	0.341614906832	0.276439482961	0.0	0.244253063544	0.0467097532315	0.282963248106	0.172843905916	0.200654238257	0.310223266745	0.270857814336	0.158135932034	0.17534800687	0.181844888367	0.19106773144	0.21562867215	0.169684272373	0.24284874937	0.314666086346	0.262925271339	0.185527099464	0.169313412792	0.231272586514	0.262925969448	0.283196239718	0.277614571093
MH0330.snv.bam	0.229723022633	0.225089826507	0.0895935828877	0.219516350613	0.269594303194	0.130931115902	0.244253063544	0.0	0.240921289982	0.141582858094	0.247724301842	0.250135814903	0.146637922185	0.0896622523355	0.178901734104	0.162295080297	0.172733805564	0.236181630547	0.224473873319	0.188578390849	0.120609500345	0.190666922039	0.131546528147	0.211598713559	0.215161052771	0.162513143757	0.208792117764	0.147253875372	0.136166717996
MMRS15137911ST-27-0-0.snv.bam	0.161347802058	0.30220734127	0.198199819982	0.151516436119	0.299884301547	0.260540674603	0.0467097532315	0.240921289982	0.0	0.229111076902	0.162794033276	0.191706215144	0.244915674603	0.250124007937	0.138163656267	0.182447984363	0.187624007937	0.151957117926	0.213665674603	0.166927736007	0.224231150794	0.300273761326	0.260540136478	0.194862155388	0.193074327516	0.210348411636	0.276190594858	0.265749007937	0.25533234127
NG-5636_144.snv.bam	0.172068074363	0.239762931034	0.148334833483	0.214036043281	0.252482582238	0.114762931034	0.282963248106	0.141582858094	0.229111076902	0.0	0.186954715413	0.243485942839	0.109554597701	0.104346264368	0.195696261065	0.245003574128	0.229346264368	0.183426611302	0.224137931034	0.219066659105	0.120120073892	0.226348829634	0.125222827083	0.215970961887	0.245213250614	0.125879454987	0.182496184623	0.151221264368	0.151221264368
NG-5636_231.snv.bam	0.150617997103	0.319277108434	0.106909090909	0.138796439363	0.249698067633	0.246987951807	0.172843905916	0.247724301842	0.162794033276	0.186954715413	0.0	0.209540866167	0.21686746988	0.222891566265	0.128490990991	0.156663876349	0.198795180723	0.114457831325	0.192771084337	0.138554216867	0.259208261618	0.317307692308	0.289156004096	0.121951219512	0.120599260436	0.192845545705	0.247016775235	0.277108433735	0.246987951807
NG-5636_350.snv.bam	0.196804017202	0.285332207207	0.217641764176	0.217717653635	0.327884150135	0.295748873874	0.200654238257	0.250135814903	0.191706215144	0.243485942839	0.209540866167	0.0	0.259290540541	0.222832207207	0.171266956612	0.155492205139	0.149915540541	0.187349653318	0.207207207207	0.129219268611	0.249022683398	0.293747310063	0.202042103256	0.135704125178	0.144949193454	0.265843446705	0.280148794129	0.269707207207	0.269707207207
NG-5636_365.snv.bam	0.218763476662	0.255208333333	0.178397839784	0.218937706373	0.293861892583	0.182291666667	0.310223266745	0.146637922185	0.244915674603	0.109554597701	0.21686746988	0.259290540541	0.0	0.130208333333	0.172509578544	0.260448976427	0.234375	0.20942408377	0.208333333333	0.203262061404	0.156398809524	0.179500674764	0.182334896049	0.2	0.229706271961	0.193157308845	0.218774920255	0.135416666667	0.15625
NG-5636_524.snv.bam	0.213555143328	0.229166666667	0.11899189919	0.255434398048	0.270332480818	0.177083333333	0.270857814336	0.0896622523355	0.250124007937	0.104346264368	0.222891566265	0.222832207207	0.130208333333	0.0	0.178256704981	0.20315730976	0.177083333333	0.204188481675	0.234375	0.13555372807	0.140773809524	0.205411605938	0.135459896049	0.194736842105	0.172414605294	0.198741951079	0.223983253589	0.151041666667	0.140625
SAMEA3136652.snv.bam	0.155125614514	0.275766283525	0.132749178532	0.144118199477	0.223507818459	0.229980842912	0.158135932034	0.178901734104	0.138163656267	0.195696261065	0.128490990991	0.171266956612	0.172509578544	0.178256704981	0.0	0.138247863248	0.132279693487	0.161946050096	0.189750957854	0.109442427909	0.235892172961	0.215600775194	0.247221628429	0.145445736434	0.115633740708	0.219692494289	0.235755467561	0.229980842912	0.201245210728
SAMEA3136666.snv.bam	0.176986425691	0.275673335401	0.0988705322145	0.156475105477	0.305663089489	0.255240643093	0.17534800687	0.162295080297	0.182447984363	0.245003574128	0.156663876349	0.155492205139	0.260448976427	0.20315730976	0.138247863248	0.0	0.0889099979322	0.14662933756	0.197948976427	0.0890470593357	0.20821683357	0.262637238257	0.182659459807	0.1372143137	0.125618584708	0.204407292485	0.250057230015	0.270865643093	0.270865643093
SAMEA3136675.snv.bam	0.182305143328	0.239583333333	0.148334833483	0.172240862413	0.311508951407	0.28125	0.181844888367	0.172733805564	0.187624007937	0.229346264368	0.198795180723	0.149915540541	0.234375	0.177083333333	0.132279693487	0.0889099979322	0.0	0.151832460733	0.171875	0.0626370614035	0.192857142857	0.236990553306	0.177126562715	0.142105263158	0.109914605294	0.240797458309	0.244766746411	0.213541666667	0.276041666667
SAMEA3136684.snv.bam	0.125667997482	0.287958115183	0.160181818182	0.178242623904	0.266014921533	0.267015706806	0.19106773144	0.236181630547	0.151957117926	0.183426611302	0.114457831325	0.187349653318	0.20942408377	0.204188481675	0.161946050096	0.14662933756	0.151832460733	0.0	0.167539267016	0.0891430146046	0.199102468212	0.296147062814	0.246116754143	0.148148148148	0.146840111829	0.215749023879	0.219920338686	0.251308900524	0.240837696335
SAMEA3136694.snv.bam	0.187513476662	0.223958333333	0.178397839784	0.125279094932	0.317391304348	0.192708333333	0.21562867215	0.224473873319	0.213665674603	0.224137931034	0.192771084337	0.207207207207	0.208333333333	0.234375	0.189750957854	0.197948976427	0.171875	0.167539267016	0.0	0.161595394737	0.16681547619	0.211079622132	0.192751562715	0.210526315789	0.187759950639	0.172828895487	0.218774920255	0.114583333333	0.239583333333
SAMEA3136696.snv.bam	0.161608871398	0.250137061404	0.139054431759	0.19298762411	0.27048727958	0.29180372807	0.169684272373	0.188578390849	0.166927736007	0.219066659105	0.138554216867	0.129219268611	0.203262061404	0.13555372807	0.109442427909	0.0890470593357	0.0626370614035	0.0891430146046	0.161595394737	0.0	0.203410870927	0.25818168904	0.198096957452	0.100138504155	0.0579683333642	0.2514064415	0.265786981659	0.234512061404	0.24492872807
SAMEA3136713.snv.bam	0.198078952852	0.161607142857	0.0895718143243	0.177640514031	0.352853489222	0.11994047619	0.24284874937	0.120609500345	0.224231150794	0.120120073892	0.259208261618	0.249022683398	0.156398809524	0.140773809524	0.235892172961	0.20821683357	0.192857142857	0.199102468212	0.16681547619	0.203410870927	0.0	0.147370348949	0.0783170389057	0.231729323308	0.239833363338	0.130573936749	0.156423729779	0.10431547619	0.187648809524
SAMEA3136717.snv.bam	0.262878869108	0.16330634278	0.122457677003	0.200958600832	0.286081249668	0.194588394062	0.314666086346	0.190666922039	0.300273761326	0.226348829634	0.317307692308	0.293747310063	0.179500674764	0.205411605938	0.215600775194	0.262637238257	0.236990553306	0.296147062814	0.211079622132	0.25818168904	0.147370348949	0.0	0.162648272822	0.252780026991	0.274095345531	0.226893361705	0.168297787162	0.158043184885	0.25318488529
SAMEA3136721.snv.bam	0.224015039377	0.177083871458	0.128491252487	0.192943269737	0.376166009987	0.124999461875	0.262925271339	0.131546528147	0.260540136478	0.125222827083	0.289156004096	0.202042103256	0.182334896049	0.135459896049	0.247221628429	0.182659459807	0.177126562715	0.246116754143	0.192751562715	0.198096957452	0.0783170389057	0.162648272822	0.0	0.205306842323	0.223963894307	0.146130613458	0.182359816304	0.140668229382	0.223957795208
SAMEA3136743.snv.bam	0.157908355363	0.289473684211	0.121395775941	0.200094074092	0.309265010352	0.3	0.185527099464	0.211598713559	0.194862155388	0.215970961887	0.121951219512	0.135704125178	0.2	0.194736842105	0.145445736434	0.1372143137	0.142105263158	0.148148148148	0.210526315789	0.100138504155	0.231729323308	0.252780026991	0.205306842323	0.0	0.0844550597859	0.237934743139	0.252656761521	0.273684210526	0.263157894737
SAMEA3136753.snv.bam	0.187614697142	0.276301617306	0.168504707614	0.218862828161	0.300353682092	0.307551617306	0.169313412792	0.215161052771	0.193074327516	0.245213250614	0.120599260436	0.144949193454	0.229706271961	0.172414605294	0.115633740708	0.125618584708	0.109914605294	0.146840111829	0.187759950639	0.0579683333642	0.239833363338	0.274095345531	0.223963894307	0.0844550597859	0.0	0.276407621211	0.26019133348	0.260464032272	0.271372938627
SAMEA3136755.snv.bam	0.173434999223	0.250843196286	0.110107582334	0.131484208224	0.302122945542	0.11529315189	0.231272586514	0.162513143757	0.210348411636	0.125879454987	0.192845545705	0.265843446705	0.193157308845	0.198741951079	0.219692494289	0.204407292485	0.240797458309	0.215749023879	0.172828895487	0.2514064415	0.130573936749	0.226893361705	0.146130613458	0.237934743139	0.276407621211	0.0	0.202934083558	0.171971384092	0.213850323311
SAMEA3136756.snv.bam	0.218788396917	0.182316586922	0.138793879388	0.187843970516	0.293890037813	0.182316586922	0.262925969448	0.208792117764	0.276190594858	0.182496184623	0.247016775235	0.280148794129	0.218774920255	0.223983253589	0.235755467561	0.250057230015	0.244766746411	0.219920338686	0.218774920255	0.265786981659	0.156423729779	0.168297787162	0.182359816304	0.252656761521	0.26019133348	0.202934083558	0.0	0.166691586922	0.229191586922
SAMEA3136764.snv.bam	0.250013476662	0.192708333333	0.178397839784	0.1878679862	0.335038363171	0.140625	0.283196239718	0.147253875372	0.265749007937	0.151221264368	0.277108433735	0.269707207207	0.135416666667	0.151041666667	0.229980842912	0.270865643093	0.213541666667	0.251308900524	0.114583333333	0.234512061404	0.10431547619	0.158043184885	0.140668229382	0.273684210526	0.260464032272	0.171971384092	0.166691586922	0.0	0.145833333333
SAMEA3178944.snv.bam	0.260430143328	0.276041666667	0.178397839784	0.229437204963	0.258567774936	0.151041666667	0.277614571093	0.136166717996	0.25533234127	0.151221264368	0.246987951807	0.269707207207	0.15625	0.140625	0.201245210728	0.270865643093	0.276041666667	0.240837696335	0.239583333333	0.24492872807	0.187648809524	0.25318488529	0.223957795208	0.263157894737	0.271372938627	0.213850323311	0.229191586922	0.145833333333	0.0
