	147406386-tonguedorsum3.snv.bam	158337416-tonguedorsum1.snv.bam	158337416-tonguedorsum2.snv.bam	158479027-tonguedorsum1.snv.bam	158479027-tonguedorsum2.snv.bam	158499257-tonguedorsum2.snv.bam	158883629-tonguedorsum1.snv.bam	158883629-tonguedorsum2.snv.bam	158883629-tonguedorsum3.snv.bam	159005010-tonguedorsum2.snv.bam	159207311-tonguedorsum2.snv.bam	159227541-tonguedorsum3.snv.bam	159268001-tonguedorsum1.snv.bam	159510762-tonguedorsum2.snv.bam	159551223-tonguedorsum1.snv.bam	159551223-tonguedorsum2.snv.bam	159733294-tonguedorsum1.snv.bam	159915365-tonguedorsum1.snv.bam	160178356-tonguedorsum1.snv.bam	160178356-tonguedorsum3.snv.bam	160218816-tonguedorsum1.snv.bam	160259276-tonguedorsum1.snv.bam	160319967-tonguedorsum2.snv.bam	160380657-tonguedorsum1.snv.bam	160380657-tonguedorsum2.snv.bam	160400887-tonguedorsum1.snv.bam	160421117-tonguedorsum1.snv.bam	160502038-tonguedorsum3.snv.bam	160603188-tonguedorsum1.snv.bam	160603188-tonguedorsum2.snv.bam	160603188-tonguedorsum3.snv.bam	160765029-tonguedorsum1.snv.bam	234447334-tonguedorsum2.snv.bam	246515023-tonguedorsum1.snv.bam	246515023-tonguedorsum2.snv.bam	370027359-palatinetonsils2.snv.bam	370027359-tonguedorsum3.snv.bam	404239096-tonguedorsum1.snv.bam	508703490-tonguedorsum2.snv.bam	550534656-tonguedorsum1.snv.bam	550534656-tonguedorsum2.snv.bam	550534656-tonguedorsum3.snv.bam	604812005-tonguedorsum3.snv.bam	638754422-tonguedorsum1.snv.bam	638754422-tonguedorsum2.snv.bam	638754422-tonguedorsum3.snv.bam	675950834-tonguedorsum1.snv.bam	675950834-tonguedorsum2.snv.bam	682102541-tonguedorsum3.snv.bam	686765762-tonguedorsum2.snv.bam	686765762-tonguedorsum3.snv.bam	737052003-tonguedorsum1.snv.bam	737052003-tonguedorsum2.snv.bam	763395383-tonguedorsum3.snv.bam	763435843-tonguedorsum1.snv.bam	763435843-tonguedorsum2.snv.bam	763496533-palatinetonsils2.snv.bam	763496533-tonguedorsum2.snv.bam	763536994-tonguedorsum1.snv.bam	763536994-tonguedorsum2.snv.bam	763536994-tonguedorsum3.snv.bam	763577454-tonguedorsum1.snv.bam	763577454-tonguedorsum2.snv.bam	763759525-tonguedorsum2.snv.bam	763901136-tonguedorsum2.snv.bam	763901136-tonguedorsum3.snv.bam	763961826-saliva1.snv.bam	763961826-throat1.snv.bam	763961826-tonguedorsum1.snv.bam	763982056-tonguedorsum3.snv.bam	764062976-tonguedorsum2.snv.bam	764143897-tonguedorsum1.snv.bam	764143897-tonguedorsum2.snv.bam	764224817-tonguedorsum1.snv.bam	764224817-tonguedorsum2.snv.bam	764305738-tonguedorsum1.snv.bam	764325968-tonguedorsum2.snv.bam	764366428-throat2.snv.bam	764366428-tonguedorsum2.snv.bam	764447348-tonguedorsum1.snv.bam	764467579-palatinetonsils3.snv.bam	764467579-tonguedorsum3.snv.bam	764649650-tonguedorsum1.snv.bam	764649650-tonguedorsum2.snv.bam	764811490-tonguedorsum1.snv.bam	764811490-tonguedorsum2.snv.bam	764872181-tonguedorsum1.snv.bam	765013792-tonguedorsum1.snv.bam	765013792-tonguedorsum2.snv.bam	765013792-tonguedorsum3.snv.bam	765034022-tonguedorsum1.snv.bam	765074482-tonguedorsum3.snv.bam	765094712-tonguedorsum2.snv.bam	765135172-tonguedorsum1.snv.bam	765195863-palatinetonsils3.snv.bam	765195863-tonguedorsum3.snv.bam	765216093-tonguedorsum3.snv.bam	765377934-palatinetonsils3.snv.bam	765377934-saliva3.snv.bam	765377934-tonguedorsum3.snv.bam	765620695-tonguedorsum1.snv.bam	765701615-tonguedorsum2.snv.bam	823052294-tonguedorsum1.snv.bam	823052294-tonguedorsum3.snv.bam	857980665-tonguedorsum2.snv.bam	857980665-tonguedorsum3.snv.bam	861967750-tonguedorsum1.snv.bam	861967750-tonguedorsum2.snv.bam	863126187-tonguedorsum3.snv.bam	937415040-tonguedorsum1.snv.bam
147406386-tonguedorsum3.snv.bam	0.0	0.184097708604	0.184119842029	0.12206674059	0.110534392673	0.132642587113	0.169917684074	0.161760983838	0.168906230147	0.136700308429	0.13457273982	0.134942863717	0.180580820637	0.168371570788	0.184876190301	0.185002136906	0.151879353897	0.222817733561	0.180879332884	0.17743841738	0.159074151062	0.129582285914	0.177210780065	0.170429266012	0.165881064301	0.148698012535	0.13673961117	0.110846616275	0.15568827492	0.155862844641	0.155719616356	0.163282005516	0.174740135196	0.127802445842	0.134581998895	0.111227820489	0.112024732109	0.124913540907	0.151924483562	0.15858245707	0.15841518575	0.15817604239	0.145481550103	0.140083463032	0.12659025525	0.130278094728	0.122998628218	0.124991873262	0.138392381677	0.21494334354	0.214260259167	0.176571875916	0.176408441212	0.145009084909	0.15390931663	0.163310513628	0.178823339631	0.184655505385	0.150847008027	0.149355890312	0.146715926512	0.221572178126	0.219115676278	0.151868191458	0.197249860382	0.203807431934	0.128380756719	0.127455479196	0.129459511188	0.156631582871	0.142247228874	0.180657712411	0.181664722429	0.175318094898	0.175312102111	0.180432202369	0.131580917936	0.170733335902	0.170503298074	0.145764782297	0.176742902578	0.176543061773	0.18223445803	0.181180562595	0.102807222648	0.104811104205	0.137368695732	0.153403386342	0.0967527801759	0.11325597231	0.169262869275	0.162943815452	0.140480118483	0.204181431589	0.141593278565	0.143634500898	0.193335590473	0.214167353112	0.213638312025	0.21360913748	0.110476260838	0.127194626152	0.145599262055	0.178579352076	0.1575242815	0.158516645065	0.194050081774	0.191809482237	0.163157537461	0.145946254389
158337416-tonguedorsum1.snv.bam	0.184097708604	0.0	0.000561507995142	0.17456781457	0.177962596189	0.200764026237	0.202804592171	0.196946610694	0.200037287254	0.187272080224	0.198233863197	0.198543019819	0.194251107059	0.164084961988	0.180361401056	0.180509253881	0.150073793928	0.238986945828	0.221380955868	0.220149201519	0.160073703316	0.180007982772	0.161682145869	0.213745260631	0.205593044604	0.205303739658	0.186797428327	0.191948595957	0.211520424343	0.211555351554	0.210941226303	0.192939922256	0.239147287074	0.200160550613	0.206114413115	0.191304305712	0.190101685457	0.17820055048	0.201105063954	0.187674916074	0.188530146608	0.187049476439	0.189129367798	0.175660292948	0.19198719793	0.196703610231	0.181159468301	0.198199579029	0.204417836752	0.246644039918	0.244000491478	0.185869640234	0.18628128553	0.178805384268	0.141892293341	0.143431838535	0.194578805573	0.205608432221	0.187916820912	0.157055723451	0.171200037495	0.224715363554	0.222180962337	0.147636807154	0.187425166156	0.185603468779	0.182483749293	0.181962637328	0.183666077883	0.168681677663	0.18807159629	0.168807225234	0.170252729241	0.170833242449	0.165166892118	0.202209888353	0.163029188198	0.206461288967	0.205083838053	0.192972473079	0.211552134316	0.211119648912	0.240306615797	0.235833801151	0.196178606535	0.195332876514	0.164456459284	0.167555438024	0.187527060092	0.181883856501	0.178773953204	0.186611269033	0.178776106749	0.241990072849	0.207682824939	0.208274309579	0.209088826752	0.190023060903	0.190696566531	0.190667544333	0.193281763481	0.186799920397	0.174924763673	0.174204248249	0.163855085876	0.165094726802	0.194752620371	0.192525143702	0.170050877992	0.199476393796
158337416-tonguedorsum2.snv.bam	0.184119842029	0.000561507995142	0.0	0.174215083788	0.17783831841	0.2006413794	0.202682903512	0.196766483513	0.200104992535	0.187318402318	0.198039876977	0.19833858869	0.194274437025	0.1643338164	0.180012354146	0.18016020697	0.149877372453	0.238636066651	0.221199326012	0.220120330186	0.159956447826	0.179945472751	0.161653354734	0.213472485074	0.205507892761	0.205135045945	0.186530949281	0.191824318178	0.211315993214	0.211387538748	0.210819537644	0.192732246188	0.239355758121	0.200228968581	0.205992406731	0.191326323858	0.189707860388	0.178234298147	0.201186310291	0.187507540281	0.188362770815	0.186882100646	0.189148902756	0.175758284197	0.192006275038	0.196912081277	0.180802975057	0.198408594387	0.20405554687	0.246664332464	0.243789268899	0.185470619584	0.186303303676	0.178827459903	0.141743132606	0.143096779816	0.194574613339	0.205809790843	0.187644119874	0.157001511728	0.170899218379	0.224631562861	0.221971957317	0.147581498662	0.187509365666	0.185493749267	0.182241258149	0.181605190893	0.183648256501	0.168749916056	0.1878609325	0.168558378632	0.170504467863	0.170704784423	0.165227987132	0.202145552828	0.162839033451	0.206943882821	0.205517803733	0.193042930607	0.211507695163	0.2110115209	0.239957568887	0.23590294697	0.196246311816	0.195211187856	0.164289083491	0.167528261826	0.187599158366	0.181952094894	0.178841658485	0.186659121528	0.178748858081	0.24186579507	0.207512792387	0.208296501096	0.209156708809	0.190091120662	0.190347519621	0.190527374707	0.193301670028	0.186881358924	0.174803075014	0.174432273895	0.163964980926	0.165201752529	0.194424066273	0.192432854383	0.170195832779	0.199498585314
158479027-tonguedorsum1.snv.bam	0.12206674059	0.17456781457	0.174215083788	0.0	0.0620872496696	0.13787342126	0.121094431029	0.113998379437	0.121329030247	0.134513568126	0.116926010447	0.103354788239	0.162444341029	0.138583698788	0.153188651149	0.153187288119	0.12482343269	0.209052529639	0.164361933527	0.156145686655	0.124919200463	0.113727521463	0.149772995848	0.175351471739	0.17038163303	0.13057998808	0.121404244812	0.0852249933396	0.130442538213	0.130238091019	0.130013814081	0.136773534783	0.159685705174	0.134342742785	0.140595094167	0.140812931437	0.139084763625	0.146582543119	0.140704123388	0.152293105487	0.152631279623	0.151060295417	0.102185544092	0.119137373549	0.0783174486272	0.0823745866261	0.10731636084	0.114306543568	0.150633223548	0.192616450155	0.190051536241	0.155808472965	0.158350912774	0.129583854595	0.142301064856	0.153796802063	0.146673262673	0.153708745662	0.126114633597	0.117399115436	0.120496918607	0.200616614648	0.197753551116	0.124614528914	0.179459642743	0.182922219626	0.0858342842488	0.0835111943971	0.0844854742405	0.123340223134	0.152337060208	0.146840733944	0.148314980983	0.144743290145	0.139191622674	0.169971039323	0.105753183172	0.137343617059	0.135713282279	0.123000564108	0.144194926032	0.1435996262	0.165550941647	0.163039491868	0.129655512717	0.124593686532	0.127661351817	0.136918966852	0.120989760965	0.0917201474214	0.136468964441	0.14267618502	0.128741905409	0.189467294748	0.119042399907	0.120452013204	0.145959579317	0.176126066663	0.174498799806	0.174681033928	0.108051199395	0.0800670810194	0.123486454397	0.148899461042	0.146078604509	0.147804920086	0.185665555501	0.183530775969	0.156927959123	0.134404760846
158479027-tonguedorsum2.snv.bam	0.110534392673	0.177962596189	0.17783831841	0.0620872496696	0.0	0.151047755505	0.120478958387	0.115954640549	0.127874438255	0.114082653014	0.130509398009	0.114740766796	0.169283084835	0.134098559015	0.183859910965	0.183922029094	0.130799183429	0.201126003874	0.166443431893	0.156912864359	0.121944504787	0.109394662078	0.154800091657	0.158329920737	0.150133153883	0.12119465283	0.113706614335	0.0305172034934	0.120493631664	0.120028214243	0.119808194054	0.138272005076	0.161143905725	0.145418283926	0.15163204979	0.123108879376	0.122595745714	0.144136065355	0.132741258744	0.154421147603	0.154912374954	0.153478067916	0.114369023576	0.111533521267	0.0802414446479	0.0850172895369	0.123862735028	0.133361932007	0.136853232168	0.204264127951	0.203776994698	0.156118547965	0.158117267219	0.121368114977	0.144540303966	0.156468093699	0.136533014257	0.143913595998	0.142063674085	0.130367381321	0.136740016438	0.202508706185	0.19975535297	0.13033601117	0.175048629153	0.178454916573	0.0345289825601	0.032641219817	0.0326271028999	0.116166199008	0.153950806451	0.150868391313	0.152024467206	0.14697421846	0.140523014231	0.174277945359	0.0921906802351	0.147115645509	0.145493399185	0.125322534498	0.159602773183	0.159225326891	0.159900926651	0.159368194457	0.10927956439	0.104901817002	0.122497973362	0.157071267353	0.105902002674	0.0603036229088	0.160033773807	0.148041857703	0.125136168275	0.195203390737	0.0972528123251	0.0978104247088	0.146295032692	0.167597286994	0.165548768983	0.165519127645	0.125005272934	0.0921775121875	0.115182338148	0.142455610491	0.142779644252	0.144607742628	0.187944403046	0.185734477326	0.167888628654	0.133997830906
158499257-tonguedorsum2.snv.bam	0.132642587113	0.200764026237	0.2006413794	0.13787342126	0.151047755505	0.0	0.181892802047	0.178747813785	0.184084283399	0.163458988715	0.142991957068	0.152504112014	0.21301995751	0.147900819862	0.18214421674	0.182205517525	0.129595527959	0.229879185349	0.185956178395	0.18220043203	0.1650505407	0.149835424115	0.176115647196	0.205862605741	0.205289779287	0.153046334925	0.158470834901	0.165135740887	0.151793334996	0.151050912052	0.150830906873	0.174441468229	0.170394769678	0.0448568758338	0.0445693121666	0.166287628227	0.164526358758	0.163441041702	0.147365836595	0.148583508479	0.148917413067	0.147620314422	0.16705092116	0.169848117466	0.148244346212	0.151510722496	0.150081080572	0.158362054381	0.17168484546	0.237352193487	0.236914421306	0.175668657764	0.176427224321	0.162490663717	0.161394711658	0.17054870945	0.189231685989	0.195239299994	0.146138462507	0.123377496932	0.136468273362	0.217494673984	0.216161642157	0.128702600811	0.18583477938	0.191964279203	0.160200580191	0.159465978031	0.161311583778	0.160343894802	0.16665434171	0.172302373753	0.172454998796	0.177183835895	0.170166942878	0.193012363288	0.153435369543	0.167045773541	0.165708702511	0.155654082839	0.162892188371	0.162884233209	0.193375437826	0.191011772301	0.163534502594	0.162067695247	0.147265696839	0.1402513332	0.159169202315	0.154762345804	0.156374912344	0.154120357058	0.158110765117	0.197953695236	0.175531382432	0.177237915557	0.183152541523	0.187280494971	0.185415287648	0.18543974202	0.140454239163	0.143504231871	0.167759403748	0.17058096132	0.163578471194	0.163417006542	0.197903304027	0.197680824516	0.174587111733	0.137514644725
158883629-tonguedorsum1.snv.bam	0.169917684074	0.202804592171	0.202682903512	0.121094431029	0.120478958387	0.181892802047	0.0	0.021409408505	0.041072404853	0.157850799913	0.16553184693	0.143577220972	0.164332276513	0.175607369708	0.207479693439	0.207264339836	0.180725364972	0.223333352217	0.210557755212	0.205687614197	0.141909188202	0.147121318716	0.173974029637	0.190541398996	0.187286964794	0.158577379649	0.130997994778	0.121366336684	0.161143470722	0.160387759888	0.16030430231	0.185910353753	0.204539008278	0.172845452244	0.178557372976	0.168306358404	0.167251944071	0.172998586418	0.18406821021	0.194988635852	0.195253127649	0.193224180064	0.13181186479	0.139270971083	0.114069220612	0.114441721136	0.128628311312	0.133930524398	0.161722085256	0.163948358403	0.164613292969	0.169422873826	0.169866824453	0.154146885495	0.18325369915	0.186793084801	0.178808242193	0.184895566091	0.177780014058	0.170110907409	0.170242113554	0.206963722065	0.204481772836	0.179986239212	0.212150234955	0.208679615182	0.128366302495	0.128368347792	0.128819273174	0.170821077719	0.169377278315	0.177048082725	0.176545918822	0.164260858505	0.165159394248	0.198652077204	0.133036434009	0.164033494815	0.162707977764	0.150532977047	0.186368628461	0.186593700067	0.202775751038	0.202685254051	0.159520057506	0.158394333257	0.171308994955	0.198754842605	0.152819744921	0.131145000098	0.162713995652	0.178983011249	0.158161723027	0.235964009592	0.108874706082	0.110385434132	0.186486062397	0.18125099943	0.179321200674	0.179292178476	0.139855645424	0.119581768522	0.153015655661	0.174029481914	0.185577193177	0.186115172942	0.194275866081	0.189616855523	0.209399075658	0.158440615209
158883629-tonguedorsum2.snv.bam	0.161760983838	0.196946610694	0.196766483513	0.113998379437	0.115954640549	0.178747813785	0.021409408505	0.0	0.0319862122507	0.152098652461	0.160301300247	0.133653791238	0.15750770418	0.172636547005	0.201285394011	0.201070040408	0.173022178993	0.213350616897	0.206568055673	0.202683175561	0.134440840779	0.1383582573	0.1698193721	0.185974568979	0.182019679432	0.147890088892	0.125248118167	0.119141457322	0.150104884108	0.150185058937	0.149681742321	0.175425936932	0.196428650085	0.174035275965	0.180063545814	0.160224163202	0.158509161137	0.166401880556	0.177407828946	0.188897978203	0.189273507086	0.187236318468	0.126810822964	0.131292789674	0.107112450663	0.107192995545	0.124512005069	0.13174936025	0.154848597805	0.1651088693	0.162976886427	0.16234988292	0.163546517515	0.14623069949	0.173667677213	0.177045270327	0.17081438779	0.176256700607	0.1656781793	0.162822414548	0.158996199352	0.204545536921	0.201932256372	0.17244170136	0.206253186404	0.20318957525	0.125450032782	0.125850979638	0.125594838654	0.16611362151	0.165725821106	0.171651702144	0.171811742889	0.158689624783	0.158138095501	0.190756218905	0.129930399121	0.161546744473	0.160248472409	0.145250519045	0.17725161782	0.176810851359	0.201508365031	0.202068915882	0.153049930172	0.151080454314	0.164864309971	0.18953369675	0.145697450124	0.127041433887	0.15721028618	0.173540307487	0.150307436207	0.228322872879	0.109019145506	0.109889187321	0.177346056583	0.177441793287	0.175288702576	0.175468557662	0.133662392984	0.111183578569	0.145017150905	0.167647435846	0.178097765988	0.178965535371	0.189770509182	0.185609354488	0.20259315389	0.15264913381
158883629-tonguedorsum3.snv.bam	0.168906230147	0.200037287254	0.200104992535	0.121329030247	0.127874438255	0.184084283399	0.041072404853	0.0319862122507	0.0	0.161202233134	0.164369321822	0.138483650704	0.159005509302	0.18022547757	0.211495702788	0.211211639551	0.178550259107	0.217045646579	0.2097569049	0.205046666202	0.147650116047	0.143937332427	0.176274624188	0.194250509972	0.189560306943	0.158870554886	0.134742526705	0.13377642187	0.161315343853	0.161527055344	0.161127217107	0.180506771696	0.20094887165	0.1845893363	0.190888681056	0.164865427921	0.163717556296	0.172403846911	0.179379690533	0.193314289055	0.193444733564	0.19165262932	0.14041309225	0.138772209839	0.121977675028	0.122100448399	0.133020458242	0.141368264141	0.15564785467	0.182483915656	0.181792941127	0.167352212944	0.167481394314	0.152130515193	0.17643970565	0.179969918011	0.181221999696	0.186021504025	0.1691615229	0.170575853098	0.16500902021	0.213713671381	0.211249438554	0.177295302345	0.208556756483	0.206153504972	0.138299888748	0.138792547604	0.139718201724	0.173098686203	0.171922495637	0.168893235298	0.16724203095	0.161586093695	0.159234698382	0.200551580156	0.143496912475	0.166516605986	0.165611064109	0.154019939839	0.182927802892	0.182636776014	0.211238724654	0.211430426721	0.158616658589	0.157520387306	0.169566573485	0.196450019879	0.151971865679	0.134063536067	0.151864443091	0.179046990675	0.158778477904	0.231157089389	0.124485591388	0.124834261373	0.185150772469	0.178485507925	0.177284816097	0.177255793899	0.148137420196	0.1214510997	0.145246490118	0.171936598348	0.181284376336	0.182068944404	0.200428214671	0.196129817873	0.212229686229	0.160189071878
159005010-tonguedorsum2.snv.bam	0.136700308429	0.187272080224	0.187318402318	0.134513568126	0.114082653014	0.163458988715	0.157850799913	0.152098652461	0.161202233134	0.0	0.160111992069	0.139359058195	0.155670210558	0.147259470556	0.185373028539	0.185585349662	0.158898546724	0.225724957748	0.192092722964	0.184037785666	0.140931979687	0.138486344524	0.172422440987	0.184513417444	0.178124046708	0.134441184815	0.138033689029	0.138414219228	0.154275266327	0.154117666449	0.153858924976	0.150969530285	0.181916653632	0.162921700594	0.169037021946	0.14439552325	0.144094186012	0.131938709341	0.135247232727	0.167171846153	0.167681628015	0.166670794921	0.141366851446	0.137516263243	0.13647648317	0.138783753477	0.118248748693	0.125578674697	0.142570307182	0.205214448447	0.204128654538	0.158245745748	0.159965780398	0.149920914728	0.154894720891	0.163920638503	0.145169964777	0.14994598703	0.177253023248	0.159316906067	0.164190285579	0.213978328795	0.211250302321	0.158903217197	0.184625867642	0.188273777165	0.138353934925	0.136171190217	0.13535826653	0.142451647271	0.153734069477	0.178166527983	0.179312240835	0.164191871354	0.163273686038	0.170706366751	0.0953724892137	0.149356119557	0.148318803051	0.146493440539	0.174680589949	0.174186999185	0.198302285799	0.198329498736	0.128507964428	0.129888993844	0.133229929358	0.156670858431	0.130225963162	0.15142728111	0.165649097396	0.183388445274	0.144045573813	0.199381169188	0.142194027575	0.14270006693	0.184147769505	0.176781916652	0.174983650933	0.174954628735	0.108643850632	0.144698573907	0.131673609316	0.158932549609	0.150575786011	0.152162144949	0.189292498745	0.186818488366	0.164769408537	0.162390185585
159207311-tonguedorsum2.snv.bam	0.13457273982	0.198233863197	0.198039876977	0.116926010447	0.130509398009	0.142991957068	0.16553184693	0.160301300247	0.164369321822	0.160111992069	0.0	0.120366110684	0.191135346756	0.151410305022	0.174339846259	0.174403318462	0.0802941609286	0.235502283105	0.105996816244	0.0975358166189	0.128155618755	0.10602599644	0.141312937743	0.194937315704	0.188832364341	0.11799847793	0.135216370688	0.144622043262	0.11700634058	0.116801324105	0.117000280174	0.132566102615	0.16491025492	0.142742673993	0.14930420397	0.137047980679	0.135162695303	0.152905711262	0.125904089167	0.155321960305	0.155461057627	0.154724032356	0.157911415978	0.158636659066	0.138255353878	0.142008069048	0.129816928668	0.132467091037	0.182274031121	0.208574879227	0.210408608698	0.150810481167	0.152652421929	0.128964788036	0.136374187558	0.146561206004	0.141868076536	0.149763002648	0.132241112171	0.0838529058146	0.109082455211	0.228717760278	0.227092019059	0.0802331349206	0.181891442516	0.188085205993	0.15239803626	0.15072160149	0.152850678667	0.150757575758	0.165733067321	0.148006735589	0.145414958964	0.152052235017	0.144221215273	0.1862832173	0.114982415624	0.139101417527	0.137830380345	0.138653483992	0.133209441973	0.133100847584	0.171409422519	0.170856481481	0.138924475869	0.140464914197	0.130321557971	0.154796829443	0.122693742131	0.149596352198	0.146707263607	0.0845618770764	0.144634681267	0.199690616097	0.157055331885	0.156925028295	0.159063084581	0.197999368434	0.196024773717	0.196103478071	0.130842194476	0.13863769885	0.152753341778	0.150698626942	0.159547152194	0.160867393279	0.172237639711	0.170197224885	0.166156432665	0.128757432186
159227541-tonguedorsum3.snv.bam	0.134942863717	0.198543019819	0.19833858869	0.103354788239	0.114740766796	0.152504112014	0.143577220972	0.133653791238	0.138483650704	0.139359058195	0.120366110684	0.0	0.186377346464	0.153140543043	0.179528034297	0.1795289915	0.134910800683	0.214177129958	0.171348408896	0.167099498825	0.130721108518	0.0627953614292	0.146158044102	0.179274045767	0.17161843273	0.0966134915162	0.12840670517	0.127869157873	0.0868466427413	0.0870656635514	0.0870322308228	0.147211724393	0.164619752865	0.155979749568	0.162503190305	0.127918562668	0.126204723606	0.142815958999	0.145169499471	0.152753682252	0.152710281218	0.151915862924	0.114056640665	0.123791765068	0.111118593954	0.112967685195	0.120856050566	0.12062740771	0.13893089625	0.20908373044	0.207853458983	0.152463834725	0.153249284578	0.0756641966599	0.153156686977	0.162402551228	0.148380504857	0.151725796817	0.138141556948	0.132327338628	0.134281299934	0.205209275545	0.202745795509	0.134964406376	0.182913589041	0.189082791568	0.135706064575	0.133371776087	0.135423286974	0.141546630346	0.165044530002	0.167387655406	0.168502073702	0.180387793143	0.167748938191	0.169846434713	0.115456466851	0.14363090518	0.142276009629	0.145767050384	0.147344597167	0.146848422904	0.168117889884	0.165654306853	0.101614403964	0.103032484681	0.142738280263	0.159799024544	0.112848031696	0.128963823396	0.152715364232	0.154284981184	0.104598282732	0.200298287952	0.127390620289	0.126940488991	0.163967870508	0.202591918549	0.201479042773	0.201658897859	0.101472491284	0.116232087848	0.128353239703	0.148297184505	0.140509963435	0.143321072447	0.18289750238	0.180935887045	0.183430314154	0.0893391236962
159268001-tonguedorsum1.snv.bam	0.180580820637	0.194251107059	0.194274437025	0.162444341029	0.169283084835	0.21301995751	0.164332276513	0.15750770418	0.159005509302	0.155670210558	0.191135346756	0.186377346464	0.0	0.176235493364	0.188665073552	0.18869782054	0.180828511673	0.170650232226	0.21005870703	0.21133245455	0.150760239389	0.169288381371	0.180085745897	0.229817178727	0.225564087979	0.182192144374	0.196397676024	0.173542379915	0.198398796886	0.197572287939	0.197684175205	0.178724616768	0.16712723827	0.213207885305	0.214592361387	0.182926324705	0.181293108442	0.160836211366	0.16697929975	0.204250879924	0.204836221489	0.202919263881	0.16004194194	0.158473616882	0.150726609103	0.152344144007	0.160096126614	0.165172137308	0.174215668107	0.179658326607	0.180629903348	0.154186596598	0.154611162406	0.180537428995	0.190068990559	0.191096238473	0.16274954488	0.166047369422	0.165647620873	0.166824791364	0.164202776313	0.208139251949	0.20753108355	0.181415343915	0.204320124878	0.205481972038	0.178819526539	0.177722953216	0.176695700432	0.15104928795	0.194355980184	0.150025275503	0.151340537034	0.173290563585	0.166808765065	0.160782212135	0.175605821925	0.195410874584	0.193928352116	0.148816703216	0.198142616932	0.197566043007	0.19408350239	0.193853715729	0.176476755134	0.178309087876	0.175460014154	0.175728894726	0.17226410847	0.168072356964	0.177920657743	0.190514360614	0.163605004291	0.198030583684	0.177574559209	0.179924143565	0.159146154811	0.191175111283	0.188532065171	0.188626955984	0.132779827851	0.160656029278	0.164365962975	0.154322744857	0.177249544627	0.182665956692	0.213822818264	0.208121876034	0.19207918889	0.185267430401
159510762-tonguedorsum2.snv.bam	0.168371570788	0.164084961988	0.1643338164	0.138583698788	0.134098559015	0.147900819862	0.175607369708	0.172636547005	0.18022547757	0.147259470556	0.151410305022	0.153140543043	0.176235493364	0.0	0.164637619894	0.164821930408	0.128037911023	0.204135517592	0.187294802446	0.186144121365	0.133216797862	0.14510162186	0.148870841926	0.233449631937	0.225594845587	0.160550774255	0.162208073869	0.154059587164	0.158976225622	0.159182733272	0.158759121357	0.149332290037	0.169961734639	0.143342038909	0.150037775042	0.173558119527	0.171851990497	0.14897813505	0.136505971928	0.155766980139	0.156313938122	0.155186062158	0.160566884782	0.142012801738	0.129420658499	0.133572907751	0.141437397141	0.148218141873	0.179751882741	0.214100723648	0.215189922509	0.136200788377	0.137620097522	0.143269859938	0.14152049171	0.147525937092	0.172192911197	0.178263946948	0.146871641885	0.128985163356	0.139546661187	0.184894692569	0.182102994177	0.128076334504	0.155490436737	0.157161961912	0.148355119565	0.14880147228	0.150862872766	0.143921058396	0.155699300381	0.149041316161	0.150373854982	0.142841851649	0.132948887359	0.15968358385	0.133938957804	0.142430846019	0.142555259134	0.148750554272	0.178530613162	0.17821061242	0.195164130328	0.19202721782	0.156940592063	0.157761343976	0.134019949902	0.150348958104	0.158233824007	0.15708013503	0.149947614166	0.156778227242	0.152929213645	0.209673530676	0.158345055084	0.157812575741	0.190398432854	0.16073926794	0.158950623729	0.159142502553	0.13151492564	0.14028514679	0.157996550833	0.134455599027	0.0860793408297	0.0897977276794	0.153009528595	0.148912935167	0.184347523565	0.154701384223
159551223-tonguedorsum1.snv.bam	0.184876190301	0.180361401056	0.180012354146	0.153188651149	0.183859910965	0.18214421674	0.207479693439	0.201285394011	0.211495702788	0.185373028539	0.174339846259	0.179528034297	0.188665073552	0.164637619894	0.0	0.000339685320103	0.176018406979	0.229011553273	0.211427802472	0.207059350242	0.157809576205	0.18327696673	0.181728225695	0.227540001833	0.228654290373	0.19279079304	0.192595849606	0.192613313293	0.199084569827	0.199124283221	0.198700346293	0.149050245567	0.226207441047	0.1693695433	0.173411487558	0.17372187578	0.171765001884	0.191974994027	0.167660401702	0.201323614407	0.202125420869	0.200839519089	0.17107174687	0.179316241737	0.158435962436	0.161081565857	0.180398205353	0.177004548927	0.215176682625	0.239155052265	0.236591886092	0.190975676226	0.194894301466	0.189859351569	0.195876266249	0.203794287987	0.186564640691	0.192370143779	0.182396079058	0.159889180643	0.174505269295	0.223856195751	0.221262220703	0.174397818512	0.222468717884	0.226705454386	0.18325796758	0.182371019421	0.184415448784	0.177242927163	0.169924210294	0.197680578463	0.199591216329	0.20258489075	0.196283074344	0.210902299571	0.175447036059	0.199558706583	0.198026259503	0.182980680011	0.183328709359	0.182853424716	0.217297899826	0.212809485095	0.184013656598	0.185016014201	0.146712942325	0.122699968666	0.180527743244	0.190308891853	0.173545114806	0.179112347075	0.190055659295	0.232121567457	0.194272167359	0.1958825951	0.199424136794	0.206611173078	0.204207195981	0.204286837236	0.155394047191	0.172466221606	0.174574983092	0.195781830604	0.175155170907	0.181337845316	0.227745748966	0.225166618154	0.178668109506	0.176613183827
159551223-tonguedorsum2.snv.bam	0.185002136906	0.180509253881	0.18016020697	0.153187288119	0.183922029094	0.182205517525	0.207264339836	0.201070040408	0.211211639551	0.185585349662	0.174403318462	0.1795289915	0.18869782054	0.164821930408	0.000339685320103	0.0	0.175906892108	0.229225550615	0.211556106366	0.207158903252	0.15785762682	0.18327938666	0.181793112321	0.227634287487	0.228753566076	0.192917071083	0.192816226273	0.192675431422	0.199209858748	0.19912524293	0.198761166915	0.149097149085	0.226143929952	0.169584105278	0.173624364494	0.173722832983	0.171890290804	0.192036294812	0.167448262923	0.201448903327	0.202126378073	0.200900339712	0.17113403109	0.179504426558	0.158496783058	0.161334218975	0.180460489574	0.176941037833	0.215397658141	0.239138033105	0.236638914353	0.191102622408	0.194895258669	0.189860311278	0.19593855047	0.20385510861	0.186685210798	0.19248763986	0.182363650892	0.15991231355	0.174566089917	0.223982142356	0.221476218044	0.174421420783	0.222330682435	0.226523974831	0.183320755446	0.182433470623	0.184477566913	0.177226803748	0.169939720352	0.197635307144	0.199545659387	0.202645711373	0.196344054182	0.211116861549	0.175482141263	0.19945337482	0.198007959942	0.183043979735	0.183453998279	0.182978713636	0.217423516728	0.212810462718	0.183881659266	0.18499771464	0.14686079515	0.122916819306	0.180385111966	0.190165134538	0.173605935428	0.179002385336	0.190183963189	0.232338418096	0.194399450268	0.195818582602	0.199484957416	0.206634817656	0.204355435854	0.20443507711	0.155524442996	0.172402710512	0.174503217971	0.195909452031	0.175284164607	0.181463462217	0.227726755112	0.225020554572	0.178880430629	0.176827181169
159733294-tonguedorsum1.snv.bam	0.151879353897	0.150073793928	0.149877372453	0.12482343269	0.130799183429	0.129595527959	0.180725364972	0.173022178993	0.178550259107	0.158898546724	0.0802941609286	0.134910800683	0.180828511673	0.128037911023	0.176018406979	0.175906892108	0.0	0.225875988776	0.137820696648	0.134560607617	0.130562397594	0.114437627597	0.128049004873	0.200484009066	0.191679299242	0.132796758978	0.148993717659	0.145738020597	0.133755909997	0.134256539401	0.13390308937	0.131328292856	0.16037463477	0.134849451775	0.142204071441	0.141565947544	0.140299019667	0.151676167872	0.115936743935	0.153746459245	0.153899271238	0.152855500337	0.158955146053	0.144410621642	0.14818113012	0.152578757819	0.134727644798	0.145145470842	0.184632163995	0.230578309767	0.234217018551	0.132734147008	0.134343076789	0.123126811892	0.110309565854	0.11700611297	0.167136794791	0.176009280299	0.102580964344	0.018690374239	0.0552063153527	0.218936330032	0.217155118387	0.00140040036195	0.138925967971	0.143328558909	0.136614317969	0.134392727264	0.136718554469	0.142934816346	0.162021160705	0.128771937331	0.126517896339	0.145381547676	0.129971467465	0.194175000401	0.121120478776	0.13965057552	0.139056030867	0.166820263496	0.136706155835	0.136169449027	0.192448237779	0.191787010905	0.142185798426	0.141406637274	0.142746520326	0.147823531362	0.123819067763	0.147120647239	0.148971152795	0.105878528751	0.147340737073	0.200373330264	0.177804476286	0.177886353309	0.164748873967	0.168928996694	0.167747831315	0.167808795232	0.143566274842	0.136860488369	0.148455085841	0.136065644807	0.125719145201	0.131301852318	0.161486808128	0.159962620363	0.173385267128	0.143785948676
159915365-tonguedorsum1.snv.bam	0.222817733561	0.238986945828	0.238636066651	0.209052529639	0.201126003874	0.229879185349	0.223333352217	0.213350616897	0.217045646579	0.225724957748	0.235502283105	0.214177129958	0.170650232226	0.204135517592	0.229011553273	0.229225550615	0.225875988776	0.0	0.258222088413	0.258715890851	0.207054299016	0.202532630964	0.20172078989	0.249552883763	0.247395833333	0.206973838918	0.209357277883	0.220390354533	0.192366579178	0.19221338407	0.191852616502	0.226278180354	0.176678912758	0.233245149912	0.234170073499	0.213939863989	0.212962782203	0.216735734091	0.171894686249	0.218560401343	0.218701995337	0.217524080603	0.225972328611	0.190205576903	0.191240994419	0.193045301615	0.214561087918	0.216158640468	0.179108773296	0.218076616121	0.219075291248	0.188034208128	0.187815294534	0.193606778287	0.22105734767	0.223297745677	0.231443994602	0.233182856954	0.165170272188	0.223872583856	0.193945419884	0.173885641623	0.173536826164	0.227821740941	0.228503204757	0.232657657658	0.219514144273	0.22102425876	0.222872394237	0.223209991067	0.194567901235	0.157841369986	0.159511191532	0.203367451387	0.197856430939	0.180587518135	0.22994715042	0.218862972171	0.218616463222	0.178449453552	0.234095814804	0.233793451899	0.191880110454	0.191901251117	0.203511388265	0.204286150233	0.218285214348	0.214520726537	0.196562894203	0.20101924938	0.209126070025	0.227666505199	0.195338038322	0.0960056399717	0.22014826097	0.220859973461	0.193039616179	0.193932807102	0.192059891107	0.192348577488	0.205736856043	0.202411838384	0.194776998501	0.207651872421	0.20036036036	0.205912280702	0.257379335496	0.25251454409	0.260772214293	0.219811162991
160178356-tonguedorsum1.snv.bam	0.180879332884	0.221380955868	0.221199326012	0.164361933527	0.166443431893	0.185956178395	0.210557755212	0.206568055673	0.2097569049	0.192092722964	0.105996816244	0.171348408896	0.21005870703	0.187294802446	0.211427802472	0.211556106366	0.137820696648	0.258222088413	0.0	0.00062210432397	0.161390805505	0.14725093566	0.156528337468	0.199301102799	0.202125408854	0.169995062471	0.180363169417	0.175001832117	0.179447002396	0.179259727473	0.178828965276	0.165311852476	0.213254159003	0.19457341459	0.200409502309	0.153593989481	0.151727807824	0.182620725418	0.184631703476	0.19785693929	0.198208059275	0.196978019402	0.184718785955	0.180030955929	0.183953008586	0.187311430433	0.184338124492	0.184562255812	0.205822909018	0.236055394084	0.228491354139	0.194561237497	0.196082954446	0.16464955664	0.185898724934	0.192054188727	0.201631342537	0.207146449953	0.174434986733	0.143099345796	0.156269443966	0.27291201958	0.271499676134	0.141922812206	0.197668126786	0.201308077275	0.175183283014	0.172837380594	0.174799654486	0.162293668681	0.192689644806	0.206099586746	0.20452801153	0.209160899575	0.200134014868	0.202138073342	0.161021764989	0.179718820644	0.178415512598	0.187035489692	0.157937092273	0.15743720655	0.197861192217	0.203812634367	0.177491103122	0.177569766423	0.189729378066	0.197645871558	0.175632993772	0.188248606476	0.186124275374	0.133922067931	0.164104400995	0.253479514944	0.185732045931	0.18959351818	0.197505995897	0.240347457855	0.238074414729	0.238083266942	0.162063201305	0.194257193903	0.176222827399	0.186435046149	0.189903384755	0.193150174824	0.193920487111	0.197172508057	0.174414303528	0.183397863097
160178356-tonguedorsum3.snv.bam	0.17743841738	0.220149201519	0.220120330186	0.156145686655	0.156912864359	0.18220043203	0.205687614197	0.202683175561	0.205046666202	0.184037785666	0.0975358166189	0.167099498825	0.21133245455	0.186144121365	0.207059350242	0.207158903252	0.134560607617	0.258715890851	0.00062210432397	0.0	0.157578259835	0.144927824312	0.154801978208	0.20100454135	0.202055137845	0.16317125914	0.177467638851	0.165551166335	0.17605252686	0.175634850343	0.175626078639	0.158808438759	0.208499090657	0.191651240778	0.197883777858	0.154071940622	0.152973946832	0.181482251817	0.177339318556	0.19249814193	0.192746141243	0.191763952135	0.183406686144	0.17691428401	0.183238727798	0.186367920587	0.178667829254	0.178136114929	0.202433618212	0.235212585034	0.227562589629	0.193964776817	0.195702292523	0.162949568594	0.181483879671	0.189711465293	0.199910735418	0.203533916876	0.172682595348	0.139115079076	0.152952601774	0.271236455315	0.269755929118	0.136484848485	0.197915128954	0.203494337563	0.165702232572	0.163618501842	0.165551960269	0.160392164016	0.19019800051	0.207520581114	0.204868740355	0.204905632299	0.195230650509	0.206568756723	0.158689853345	0.176008191359	0.174790521538	0.183438538206	0.15359805669	0.153689096715	0.192785751719	0.198102021435	0.175934520696	0.175898553587	0.186584427643	0.191371531054	0.171478701465	0.179630786781	0.180588337384	0.126910491568	0.162792757981	0.250547682375	0.18207304215	0.183784338474	0.192491638438	0.236742822861	0.234876021686	0.234844972798	0.162249931402	0.189889785154	0.175709101141	0.18330350009	0.186694033935	0.190122372972	0.195820017862	0.194993185523	0.173192554112	0.179820186959
160218816-tonguedorsum1.snv.bam	0.159074151062	0.160073703316	0.159956447826	0.124919200463	0.121944504787	0.1650505407	0.141909188202	0.134440840779	0.147650116047	0.140931979687	0.128155618755	0.130721108518	0.150760239389	0.133216797862	0.157809576205	0.15785762682	0.130562397594	0.207054299016	0.161390805505	0.157578259835	0.0	0.114383127822	0.073123333638	0.18674356645	0.175429694826	0.134660231996	0.140813880955	0.136177002618	0.135742351596	0.135951124145	0.135731096548	0.128283731915	0.175187295279	0.155889602201	0.162390274949	0.137249939639	0.135158182488	0.158403391492	0.129358909776	0.144235529497	0.144662012181	0.144081646171	0.14984825229	0.142125656687	0.133589071028	0.135253402633	0.126155620024	0.130592582936	0.178323564227	0.173584844828	0.168150428416	0.146652795583	0.147588503788	0.121109610051	0.156156112406	0.165523999606	0.126736876737	0.132419285083	0.145071746747	0.121650426314	0.13066722975	0.193022056081	0.190337449354	0.131524973043	0.165054553235	0.170286537975	0.135856959492	0.133842712534	0.133388252277	0.142983610197	0.140734354922	0.141263108476	0.142504725632	0.158624981829	0.156487989343	0.183100342183	0.133675372039	0.15286049354	0.152046731936	0.138386801522	0.141718410011	0.141202066063	0.176555258774	0.176469790597	0.133955143444	0.136057069999	0.111697020234	0.150626871989	0.135687473357	0.158550015295	0.159425915102	0.154362456765	0.125379066974	0.206533508961	0.144758398184	0.143200813407	0.144997914217	0.186853641225	0.18742306076	0.187610246896	0.122408365218	0.136516584037	0.116961755861	0.14293866725	0.139396853147	0.139391849093	0.168998761564	0.167135261601	0.158288666311	0.123244262448
