	159005010-supragingivalplaque2.snv.bam	159369152-supragingivalplaque1.snv.bam	159551223-supragingivalplaque2.snv.bam	159611913-supragingivalplaque2.snv.bam	159814214-supragingivalplaque1.snv.bam	159814214-supragingivalplaque2.snv.bam	159915365-supragingivalplaque1.snv.bam	160158126-supragingivalplaque1.snv.bam	160178356-supragingivalplaque1.snv.bam	160319967-supragingivalplaque1.snv.bam	160319967-supragingivalplaque2.snv.bam	160319967-supragingivalplaque3.snv.bam	160400887-supragingivalplaque1.snv.bam	160603188-supragingivalplaque2.snv.bam	160603188-supragingivalplaque3.snv.bam	370425937-supragingivalplaque2.snv.bam	550534656-supragingivalplaque3.snv.bam	763435843-supragingivalplaque2.snv.bam	763496533-supragingivalplaque2.snv.bam	763759525-supragingivalplaque1.snv.bam	763840445-supragingivalplaque2.snv.bam	763901136-supragingivalplaque1.snv.bam	763901136-supragingivalplaque3.snv.bam	763961826-supragingivalplaque2.snv.bam	764285508-supragingivalplaque1.snv.bam	764285508-supragingivalplaque2.snv.bam	823052294-supragingivalplaque2.snv.bam	937495960-supragingivalplaque1.snv.bam
159005010-supragingivalplaque2.snv.bam	0.0	0.191767159013	0.166155986678	0.189935687861	0.173738626276	0.176998361653	0.142109388436	0.142478860699	0.183131444034	0.143730222658	0.155930286041	0.143624536624	0.194478083192	0.199903118462	0.165764929475	0.145078441482	0.13837778205	0.105909540746	0.160935482238	0.15200413577	0.166790529356	0.24250527579	0.190720263676	0.140800899963	0.105825381843	0.165936182516	0.189390223939	0.158844746325
159369152-supragingivalplaque1.snv.bam	0.191767159013	0.0	0.165711268674	0.0991070712171	0.178421116889	0.183183944419	0.154471211071	0.166130184696	0.134505348099	0.158031337921	0.17839893521	0.156484381962	0.178912250997	0.176984590137	0.19078120593	0.127415957404	0.192470091471	0.18654627121	0.178979669289	0.164384983371	0.114605136215	0.192643552625	0.163700216403	0.159525232238	0.16834016009	0.138474367304	0.100326424886	0.189612510731
159551223-supragingivalplaque2.snv.bam	0.166155986678	0.165711268674	0.0	0.191625245897	0.187154505169	0.185528724035	0.165627383984	0.0905773935736	0.187284432121	0.155391386004	0.174140714425	0.128759189605	0.188164712668	0.190893959398	0.175997368166	0.137302188949	0.147689458037	0.150770278846	0.158131823143	0.150433276329	0.116656607476	0.220634317465	0.127486542605	0.135840563324	0.101391752374	0.144236188263	0.176813512639	0.120115100998
159611913-supragingivalplaque2.snv.bam	0.189935687861	0.0991070712171	0.191625245897	0.0	0.179048193974	0.183765447557	0.135399550304	0.185241379493	0.100762267331	0.14570578759	0.162472652396	0.169183611207	0.156183271197	0.210198312463	0.220100730732	0.135160537001	0.206424710863	0.180964960962	0.210400543828	0.151983450435	0.135961248059	0.184821604049	0.169414802806	0.172230749607	0.194076994322	0.166986070286	0.0860230759899	0.196946942128
159814214-supragingivalplaque1.snv.bam	0.173738626276	0.178421116889	0.187154505169	0.179048193974	0.0	0.0180302577387	0.159899158896	0.171769517369	0.191876412054	0.134882969243	0.16465126934	0.138247961145	0.144570173832	0.120814274297	0.161946842769	0.166868011983	0.188544904689	0.177804871942	0.188266553671	0.153902742678	0.167836757999	0.171736068099	0.157247519525	0.157621096949	0.170104672583	0.177382429512	0.188766662113	0.176453530193
159814214-supragingivalplaque2.snv.bam	0.176998361653	0.183183944419	0.185528724035	0.183765447557	0.0180302577387	0.0	0.161671289535	0.171157578414	0.193973141548	0.136873219693	0.16659382749	0.141333191011	0.144627478517	0.119603004204	0.161574827282	0.166920170193	0.189314976475	0.17760713528	0.188771286739	0.15546471376	0.166016197321	0.167750712283	0.152521170624	0.157571133345	0.175043222964	0.176398397877	0.189026270176	0.172848759348
159915365-supragingivalplaque1.snv.bam	0.142109388436	0.154471211071	0.165627383984	0.135399550304	0.159899158896	0.161671289535	0.0	0.167810767761	0.161300176834	0.142837027159	0.131807581259	0.146429036521	0.151415930312	0.171618224284	0.177690505764	0.142390622813	0.181816148031	0.137266418411	0.195295456172	0.12539465801	0.152964658634	0.177427049405	0.15203029007	0.148491211884	0.175252855906	0.165038348303	0.13392117371	0.175927905707
160158126-supragingivalplaque1.snv.bam	0.142478860699	0.166130184696	0.0905773935736	0.185241379493	0.171769517369	0.171157578414	0.167810767761	0.0	0.184466379838	0.138779160885	0.143177646601	0.107912730335	0.191199676292	0.190355668883	0.169891059236	0.132677191141	0.101655804513	0.147441734735	0.144317460844	0.171648138486	0.107011080028	0.229587059039	0.147266951444	0.14634664871	0.071919901337	0.141756176764	0.182428537709	0.107216149556
160178356-supragingivalplaque1.snv.bam	0.183131444034	0.134505348099	0.187284432121	0.100762267331	0.191876412054	0.193973141548	0.161300176834	0.184466379838	0.0	0.172047872749	0.179121197324	0.195974964313	0.194463812836	0.216248260773	0.218517260346	0.141843866238	0.205719764297	0.187145795217	0.200170408532	0.164548283499	0.160908607344	0.21071735248	0.188624893303	0.160304751861	0.196844335415	0.167938753423	0.116108531902	0.186506167823
160319967-supragingivalplaque1.snv.bam	0.143730222658	0.158031337921	0.155391386004	0.14570578759	0.134882969243	0.136873219693	0.142837027159	0.138779160885	0.172047872749	0.0	0.119200533121	0.123676277426	0.147673049978	0.164455604675	0.164171313375	0.113067563554	0.177374621455	0.135635391743	0.177260701976	0.141295448221	0.147607342379	0.180927571541	0.154062709298	0.142998791222	0.152639909613	0.148820888989	0.160859490159	0.166692320492
160319967-supragingivalplaque2.snv.bam	0.155930286041	0.17839893521	0.174140714425	0.162472652396	0.16465126934	0.16659382749	0.131807581259	0.143177646601	0.179121197324	0.119200533121	0.0	0.0950328801958	0.145882826698	0.172484461332	0.187469671292	0.139283313045	0.178513600678	0.148871254496	0.18489338791	0.126568224337	0.159381374295	0.166321488112	0.144199436285	0.156141159726	0.172332532401	0.164890845129	0.165428498534	0.173301925703
160319967-supragingivalplaque3.snv.bam	0.143624536624	0.156484381962	0.128759189605	0.169183611207	0.138247961145	0.141333191011	0.146429036521	0.107912730335	0.195974964313	0.123676277426	0.0950328801958	0.0	0.148554726246	0.163758399417	0.174111068323	0.126428629514	0.141158663847	0.155121416763	0.165290107621	0.126857007824	0.124531676874	0.184851413912	0.127751250074	0.131221070584	0.11807622096	0.149090023599	0.17544962847	0.155115685542
160400887-supragingivalplaque1.snv.bam	0.194478083192	0.178912250997	0.188164712668	0.156183271197	0.144570173832	0.144627478517	0.151415930312	0.191199676292	0.194463812836	0.147673049978	0.145882826698	0.148554726246	0.0	0.163197333818	0.190140620513	0.128870386661	0.212315777849	0.187813354956	0.193097032996	0.122644217264	0.166512442722	0.143880827965	0.138859959436	0.169616601809	0.206703269494	0.175954316193	0.152749407659	0.189428177797
160603188-supragingivalplaque2.snv.bam	0.199903118462	0.176984590137	0.190893959398	0.210198312463	0.120814274297	0.119603004204	0.171618224284	0.190355668883	0.216248260773	0.164455604675	0.172484461332	0.163758399417	0.163197333818	0.0	0.125367720651	0.145001316585	0.204081514067	0.189903264602	0.195269792125	0.181360091474	0.171898911107	0.165214704128	0.153988092313	0.162600488856	0.199240410016	0.156542285739	0.190114629094	0.196731956936
160603188-supragingivalplaque3.snv.bam	0.165764929475	0.19078120593	0.175997368166	0.220100730732	0.161946842769	0.161574827282	0.177690505764	0.169891059236	0.218517260346	0.164171313375	0.187469671292	0.174111068323	0.190140620513	0.125367720651	0.0	0.144512047795	0.18002424609	0.16029967573	0.164345122759	0.189823136763	0.177493499789	0.234317141136	0.188510958714	0.159084948164	0.167677221154	0.121269793241	0.207174972675	0.166034893373
370425937-supragingivalplaque2.snv.bam	0.145078441482	0.127415957404	0.137302188949	0.135160537001	0.166868011983	0.166920170193	0.142390622813	0.132677191141	0.141843866238	0.113067563554	0.139283313045	0.126428629514	0.128870386661	0.145001316585	0.144512047795	0.0	0.153982977749	0.135953756362	0.142368701567	0.130291486258	0.109682904418	0.176309869262	0.132980168663	0.134801708045	0.132869354964	0.129408182136	0.116656335295	0.136577626856
550534656-supragingivalplaque3.snv.bam	0.13837778205	0.192470091471	0.147689458037	0.206424710863	0.188544904689	0.189314976475	0.181816148031	0.101655804513	0.205719764297	0.177374621455	0.178513600678	0.141158663847	0.212315777849	0.204081514067	0.18002424609	0.153982977749	0.0	0.171874310502	0.0785593423593	0.184388009377	0.142012553125	0.246428185601	0.192145376306	0.122448011646	0.125291009679	0.143176244496	0.200518391581	0.163588516515
763435843-supragingivalplaque2.snv.bam	0.105909540746	0.18654627121	0.150770278846	0.180964960962	0.177804871942	0.17760713528	0.137266418411	0.147441734735	0.187145795217	0.135635391743	0.148871254496	0.155121416763	0.187813354956	0.189903264602	0.16029967573	0.135953756362	0.171874310502	0.0	0.178671928929	0.151287555292	0.157656819213	0.227039253506	0.176237832148	0.15662772929	0.126895295205	0.163606880255	0.168163356866	0.162528587241
763496533-supragingivalplaque2.snv.bam	0.160935482238	0.178979669289	0.158131823143	0.210400543828	0.188266553671	0.188771286739	0.195295456172	0.144317460844	0.200170408532	0.177260701976	0.18489338791	0.165290107621	0.193097032996	0.195269792125	0.164345122759	0.142368701567	0.0785593423593	0.178671928929	0.0	0.178892615364	0.143942612742	0.208810875211	0.170665737413	0.142048187815	0.134545406949	0.133047988029	0.190705101211	0.163640708911
763759525-supragingivalplaque1.snv.bam	0.15200413577	0.164384983371	0.150433276329	0.151983450435	0.153902742678	0.15546471376	0.12539465801	0.171648138486	0.164548283499	0.141295448221	0.126568224337	0.126857007824	0.122644217264	0.181360091474	0.189823136763	0.130291486258	0.184388009377	0.151287555292	0.178892615364	0.0	0.141026473716	0.186563826556	0.146037489467	0.139685239608	0.176971883612	0.169319104676	0.129196974757	0.176621038513
763840445-supragingivalplaque2.snv.bam	0.166790529356	0.114605136215	0.116656607476	0.135961248059	0.167836757999	0.166016197321	0.152964658634	0.107011080028	0.160908607344	0.147607342379	0.159381374295	0.124531676874	0.166512442722	0.171898911107	0.177493499789	0.109682904418	0.142012553125	0.157656819213	0.143942612742	0.141026473716	0.0	0.211571302074	0.139467797546	0.135754660586	0.10411574021	0.129431617734	0.122568404977	0.134940121892
763901136-supragingivalplaque1.snv.bam	0.24250527579	0.192643552625	0.220634317465	0.184821604049	0.171736068099	0.167750712283	0.177427049405	0.229587059039	0.21071735248	0.180927571541	0.166321488112	0.184851413912	0.143880827965	0.165214704128	0.234317141136	0.176309869262	0.246428185601	0.227039253506	0.208810875211	0.186563826556	0.211571302074	0.0	0.106216596172	0.21366752638	0.252288983765	0.209257543463	0.175336561873	0.23411400014
763901136-supragingivalplaque3.snv.bam	0.190720263676	0.163700216403	0.127486542605	0.169414802806	0.157247519525	0.152521170624	0.15203029007	0.147266951444	0.188624893303	0.154062709298	0.144199436285	0.127751250074	0.138859959436	0.153988092313	0.188510958714	0.132980168663	0.192145376306	0.176237832148	0.170665737413	0.146037489467	0.139467797546	0.106216596172	0.0	0.157434201357	0.15885146983	0.167304514767	0.153385193431	0.167559806449
763961826-supragingivalplaque2.snv.bam	0.140800899963	0.159525232238	0.135840563324	0.172230749607	0.157621096949	0.157571133345	0.148491211884	0.14634664871	0.160304751861	0.142998791222	0.156141159726	0.131221070584	0.169616601809	0.162600488856	0.159084948164	0.134801708045	0.122448011646	0.15662772929	0.142048187815	0.139685239608	0.135754660586	0.21366752638	0.157434201357	0.0	0.154643328896	0.125781149376	0.155138132763	0.156365521575
764285508-supragingivalplaque1.snv.bam	0.105825381843	0.16834016009	0.101391752374	0.194076994322	0.170104672583	0.175043222964	0.175252855906	0.071919901337	0.196844335415	0.152639909613	0.172332532401	0.11807622096	0.206703269494	0.199240410016	0.167677221154	0.132869354964	0.125291009679	0.126895295205	0.134545406949	0.176971883612	0.10411574021	0.252288983765	0.15885146983	0.154643328896	0.0	0.142871980132	0.186995903234	0.10122858221
764285508-supragingivalplaque2.snv.bam	0.165936182516	0.138474367304	0.144236188263	0.166986070286	0.177382429512	0.176398397877	0.165038348303	0.141756176764	0.167938753423	0.148820888989	0.164890845129	0.149090023599	0.175954316193	0.156542285739	0.121269793241	0.129408182136	0.143176244496	0.163606880255	0.133047988029	0.169319104676	0.129431617734	0.209257543463	0.167304514767	0.125781149376	0.142871980132	0.0	0.15150617482	0.149600032438
823052294-supragingivalplaque2.snv.bam	0.189390223939	0.100326424886	0.176813512639	0.0860230759899	0.188766662113	0.189026270176	0.13392117371	0.182428537709	0.116108531902	0.160859490159	0.165428498534	0.17544962847	0.152749407659	0.190114629094	0.207174972675	0.116656335295	0.200518391581	0.168163356866	0.190705101211	0.129196974757	0.122568404977	0.175336561873	0.153385193431	0.155138132763	0.186995903234	0.15150617482	0.0	0.183382197906
937495960-supragingivalplaque1.snv.bam	0.158844746325	0.189612510731	0.120115100998	0.196946942128	0.176453530193	0.172848759348	0.175927905707	0.107216149556	0.186506167823	0.166692320492	0.173301925703	0.155115685542	0.189428177797	0.196731956936	0.166034893373	0.136577626856	0.163588516515	0.162528587241	0.163640708911	0.176621038513	0.134940121892	0.23411400014	0.167559806449	0.156365521575	0.10122858221	0.149600032438	0.183382197906	0.0
