	103092734-palatinetonsils3.snv.bam	158216035-tonguedorsum2.snv.bam	158337416-tonguedorsum2.snv.bam	158479027-tonguedorsum2.snv.bam	158499257-tonguedorsum1.snv.bam	158499257-tonguedorsum2.snv.bam	158742018-tonguedorsum1.snv.bam	158883629-tonguedorsum2.snv.bam	158883629-tonguedorsum3.snv.bam	158944319-tonguedorsum1.snv.bam	158944319-tonguedorsum2.snv.bam	158944319-tonguedorsum3.snv.bam	159005010-tonguedorsum2.snv.bam	159207311-tonguedorsum2.snv.bam	159207311-tonguedorsum3.snv.bam	159227541-tonguedorsum2.snv.bam	159227541-tonguedorsum3.snv.bam	159268001-tonguedorsum3.snv.bam	159369152-tonguedorsum1.snv.bam	159369152-tonguedorsum2.snv.bam	159470302-tonguedorsum1.snv.bam	159490532-tonguedorsum1.snv.bam	159510762-supragingivalplaque3.snv.bam	159510762-tonguedorsum2.snv.bam	159571453-tonguedorsum2.snv.bam	159632143-tonguedorsum1.snv.bam	159713063-tonguedorsum2.snv.bam	159733294-tonguedorsum1.snv.bam	159814214-tonguedorsum1.snv.bam	159814214-tonguedorsum2.snv.bam	160158126-tonguedorsum1.snv.bam	160158126-tonguedorsum2.snv.bam	160178356-tonguedorsum1.snv.bam	160178356-tonguedorsum3.snv.bam	160218816-tonguedorsum1.snv.bam	160259276-tonguedorsum1.snv.bam	160319967-tonguedorsum1.snv.bam	160319967-tonguedorsum3.snv.bam	160380657-tonguedorsum2.snv.bam	160421117-tonguedorsum2.snv.bam	160421117-tonguedorsum3.snv.bam	160502038-tonguedorsum1.snv.bam	160502038-tonguedorsum3.snv.bam	160582958-tonguedorsum3.snv.bam	160603188-tonguedorsum2.snv.bam	160603188-tonguedorsum3.snv.bam	160643649-tonguedorsum1.snv.bam	160765029-tonguedorsum1.snv.bam	160906640-tonguedorsum1.snv.bam	160947100-tonguedorsum1.snv.bam	295137534-tonguedorsum2.snv.bam	338793263-tonguedorsum1.snv.bam	338793263-tonguedorsum2.snv.bam	370425937-tonguedorsum1.snv.bam	550534656-tonguedorsum1.snv.bam	550534656-tonguedorsum2.snv.bam	550534656-tonguedorsum3.snv.bam	604812005-tonguedorsum1.snv.bam	604812005-tonguedorsum2.snv.bam	604812005-tonguedorsum3.snv.bam	675950834-tonguedorsum1.snv.bam	682102541-tonguedorsum3.snv.bam	686765762-tonguedorsum1.snv.bam	686765762-tonguedorsum2.snv.bam	686765762-tonguedorsum3.snv.bam	763395383-anteriornares3.snv.bam	763395383-tonguedorsum3.snv.bam	763435843-tonguedorsum1.snv.bam	763435843-tonguedorsum2.snv.bam	763496533-palatinetonsils2.snv.bam	763496533-tonguedorsum2.snv.bam	763536994-tonguedorsum1.snv.bam	763820215-tonguedorsum2.snv.bam	763860675-tonguedorsum1.snv.bam	763901136-tonguedorsum2.snv.bam	763901136-tonguedorsum3.snv.bam	763961826-throat2.snv.bam	763961826-tonguedorsum2.snv.bam	764083206-tonguedorsum1.snv.bam	764083206-tonguedorsum2.snv.bam	764224817-tonguedorsum1.snv.bam	764224817-tonguedorsum2.snv.bam	764325968-tonguedorsum2.snv.bam	764447348-tonguedorsum1.snv.bam	764447348-tonguedorsum2.snv.bam	764487809-tonguedorsum2.snv.bam	764508039-tonguedorsum1.snv.bam	764508039-tonguedorsum3.snv.bam	764588959-tonguedorsum1.snv.bam	764649650-tonguedorsum1.snv.bam	764649650-tonguedorsum2.snv.bam	765013792-tonguedorsum1.snv.bam	765013792-tonguedorsum3.snv.bam	765135172-tonguedorsum2.snv.bam	765216093-tonguedorsum3.snv.bam	765337473-tonguedorsum1.snv.bam	765337473-tonguedorsum2.snv.bam	765337473-tonguedorsum3.snv.bam	765377934-palatinetonsils3.snv.bam	765377934-saliva3.snv.bam	765377934-tonguedorsum3.snv.bam	765701615-tonguedorsum1.snv.bam	765701615-tonguedorsum2.snv.bam	809635352-tonguedorsum1.snv.bam	823052294-tonguedorsum2.snv.bam	861967750-tonguedorsum2.snv.bam	937415040-tonguedorsum1.snv.bam	953045535-tonguedorsum2.snv.bam
103092734-palatinetonsils3.snv.bam	0.0	0.11697574893	0.132667617689	0.058487874465	0.135520684736	0.138373751783	0.176890156919	0.121255349501	0.149786019971	0.168330955777	0.14122681883	0.154065620542	0.11697574893	0.0399429386591	0.118402282454	0.159771754636	0.144079885877	0.149786019971	0.174037089872	0.142653352354	0.101283880171	0.142653352354	0.172610556348	0.189728958631	0.132667617689	0.095577746077	0.129814550642	0.148359486448	0.095577746077	0.128388017118	0.144079885877	0.155492154066	0.171184022825	0.0813124108417	0.189728958631	0.148359486448	0.144079885877	0.13694721826	0.114122681883	0.159771754636	0.159771754636	0.148359486448	0.0656205420827	0.16547788873	0.182596291013	0.182596291013	0.151212553495	0.13694721826	0.118402282454	0.11697574893	0.0884450784593	0.125534950071	0.126961483595	0.132667617689	0.132667617689	0.128388017118	0.119828815977	0.16547788873	0.154065620542	0.164051355207	0.169757489301	0.0841654778887	0.176890156919	0.184022824536	0.145506419401	0.00427960057061	0.134094151213	0.149786019971	0.131241084165	0.126961483595	0.139800285307	0.16547788873	0.145506419401	0.125534950071	0.162624821683	0.158345221113	0.128388017118	0.166904422254	0.109843081312	0.129814550642	0.144079885877	0.142653352354	0.134094151213	0.118402282454	0.121255349501	0.145506419401	0.16119828816	0.0841654778887	0.131241084165	0.0984308131241	0.129814550642	0.11697574893	0.132667617689	0.108416547789	0.152639087019	0.13694721826	0.104136947218	0.139800285307	0.138373751783	0.138373751783	0.13694721826	0.0941512125535	0.14122681883	0.0970042796006	0.164051355207	0.139800285307	0.132667617689	0.114122681883
158216035-tonguedorsum2.snv.bam	0.11697574893	0.0	0.124108416548	0.126961483595	0.14122681883	0.149786019971	0.129814550642	0.0784593437946	0.0798858773181	0.0827389443652	0.077032810271	0.0912981455064	0.115549215407	0.0699001426534	0.0613409415121	0.0841654778887	0.0627674750357	0.101283880171	0.09272467903	0.077032810271	0.0984308131241	0.122681883024	0.0970042796006	0.108416547789	0.0756062767475	0.0684736091298	0.0413694721826	0.126961483595	0.0898716119829	0.101283880171	0.0841654778887	0.0912981455064	0.0756062767475	0.0841654778887	0.125534950071	0.0670470756063	0.0841654778887	0.0727532097004	0.09272467903	0.0641940085592	0.0641940085592	0.0984308131241	0.125534950071	0.125534950071	0.124108416548	0.128388017118	0.109843081312	0.122681883024	0.118402282454	0.0542082738944	0.0713266761769	0.0356633380884	0.0356633380884	0.101283880171	0.09272467903	0.0898716119829	0.0884450784593	0.0756062767475	0.0656205420827	0.101283880171	0.0884450784593	0.0342368045649	0.104136947218	0.121255349501	0.0898716119829	0.0970042796006	0.0884450784593	0.0656205420827	0.0328102710414	0.09272467903	0.101283880171	0.101283880171	0.122681883024	0.104136947218	0.104136947218	0.0998573466476	0.0599144079886	0.0912981455064	0.0684736091298	0.0756062767475	0.129814550642	0.122681883024	0.102710413695	0.0727532097004	0.0884450784593	0.105563480742	0.0684736091298	0.0727532097004	0.122681883024	0.0542082738944	0.105563480742	0.126961483595	0.0941512125535	0.125534950071	0.09272467903	0.0798858773181	0.0870185449358	0.0941512125535	0.121255349501	0.114122681883	0.115549215407	0.0399429386591	0.0684736091298	0.0870185449358	0.0984308131241	0.118402282454	0.0613409415121	0.0399429386591
158337416-tonguedorsum2.snv.bam	0.132667617689	0.124108416548	0.0	0.14122681883	0.131241084165	0.139800285307	0.168330955777	0.11697574893	0.125534950071	0.166904422254	0.135520684736	0.145506419401	0.0984308131241	0.102710413695	0.115549215407	0.152639087019	0.134094151213	0.16119828816	0.174037089872	0.132667617689	0.0798858773181	0.0542082738944	0.169757489301	0.181169757489	0.135520684736	0.111269614836	0.112696148359	0.145506419401	0.121255349501	0.131241084165	0.142653352354	0.151212553495	0.176890156919	0.104136947218	0.181169757489	0.158345221113	0.144079885877	0.135520684736	0.121255349501	0.162624821683	0.162624821683	0.146932952924	0.135520684736	0.176890156919	0.194008559201	0.195435092725	0.144079885877	0.0656205420827	0.111269614836	0.115549215407	0.077032810271	0.125534950071	0.134094151213	0.126961483595	0.11697574893	0.114122681883	0.112696148359	0.139800285307	0.156918687589	0.174037089872	0.171184022825	0.0884450784593	0.179743223966	0.186875891583	0.14122681883	0.104136947218	0.108416547789	0.132667617689	0.109843081312	0.109843081312	0.125534950071	0.144079885877	0.132667617689	0.128388017118	0.16547788873	0.159771754636	0.125534950071	0.149786019971	0.104136947218	0.126961483595	0.13694721826	0.11697574893	0.131241084165	0.134094151213	0.0684736091298	0.145506419401	0.142653352354	0.095577746077	0.0841654778887	0.0941512125535	0.124108416548	0.11697574893	0.105563480742	0.0970042796006	0.159771754636	0.148359486448	0.109843081312	0.151212553495	0.138373751783	0.132667617689	0.132667617689	0.0727532097004	0.132667617689	0.0884450784593	0.16119828816	0.101283880171	0.109843081312	0.122681883024
158479027-tonguedorsum2.snv.bam	0.058487874465	0.126961483595	0.14122681883	0.0	0.151212553495	0.16119828816	0.184022824536	0.131241084165	0.146932952924	0.168330955777	0.146932952924	0.155492154066	0.134094151213	0.0213980028531	0.108416547789	0.174037089872	0.159771754636	0.159771754636	0.174037089872	0.13694721826	0.0984308131241	0.152639087019	0.174037089872	0.195435092725	0.144079885877	0.11697574893	0.139800285307	0.16547788873	0.105563480742	0.13694721826	0.142653352354	0.151212553495	0.18544935806	0.0970042796006	0.169757489301	0.156918687589	0.152639087019	0.14122681883	0.11697574893	0.168330955777	0.168330955777	0.14122681883	0.0527817403709	0.186875891583	0.194008559201	0.194008559201	0.159771754636	0.139800285307	0.142653352354	0.119828815977	0.0941512125535	0.124108416548	0.135520684736	0.148359486448	0.151212553495	0.146932952924	0.135520684736	0.164051355207	0.139800285307	0.176890156919	0.155492154066	0.0912981455064	0.164051355207	0.175463623395	0.132667617689	0.0456490727532	0.138373751783	0.151212553495	0.132667617689	0.131241084165	0.145506419401	0.176890156919	0.155492154066	0.118402282454	0.158345221113	0.154065620542	0.138373751783	0.16119828816	0.119828815977	0.128388017118	0.138373751783	0.14122681883	0.144079885877	0.146932952924	0.106990014265	0.162624821683	0.166904422254	0.104136947218	0.139800285307	0.0941512125535	0.118402282454	0.104136947218	0.142653352354	0.108416547789	0.155492154066	0.152639087019	0.126961483595	0.159771754636	0.159771754636	0.159771754636	0.158345221113	0.0870185449358	0.132667617689	0.0841654778887	0.179743223966	0.14122681883	0.131241084165	0.124108416548
158499257-tonguedorsum1.snv.bam	0.135520684736	0.14122681883	0.131241084165	0.151212553495	0.0	0.0128388017118	0.181169757489	0.13694721826	0.146932952924	0.178316690442	0.152639087019	0.16547788873	0.119828815977	0.11697574893	0.126961483595	0.168330955777	0.146932952924	0.168330955777	0.182596291013	0.139800285307	0.0827389443652	0.14122681883	0.18544935806	0.198288159772	0.132667617689	0.11697574893	0.126961483595	0.149786019971	0.124108416548	0.134094151213	0.139800285307	0.158345221113	0.189728958631	0.104136947218	0.199714693295	0.169757489301	0.162624821683	0.149786019971	0.129814550642	0.176890156919	0.176890156919	0.156918687589	0.148359486448	0.191155492154	0.189728958631	0.188302425107	0.155492154066	0.148359486448	0.11697574893	0.112696148359	0.09272467903	0.146932952924	0.149786019971	0.13694721826	0.131241084165	0.129814550642	0.121255349501	0.149786019971	0.164051355207	0.182596291013	0.176890156919	0.077032810271	0.188302425107	0.201141226819	0.148359486448	0.106990014265	0.122681883024	0.14122681883	0.11697574893	0.121255349501	0.134094151213	0.162624821683	0.132667617689	0.135520684736	0.181169757489	0.171184022825	0.129814550642	0.168330955777	0.109843081312	0.124108416548	0.132667617689	0.128388017118	0.14122681883	0.149786019971	0.129814550642	0.156918687589	0.164051355207	0.095577746077	0.118402282454	0.102710413695	0.126961483595	0.122681883024	0.134094151213	0.115549215407	0.16547788873	0.16547788873	0.121255349501	0.166904422254	0.158345221113	0.155492154066	0.158345221113	0.09272467903	0.13694721826	0.0813124108417	0.178316690442	0.132667617689	0.121255349501	0.142653352354
158499257-tonguedorsum2.snv.bam	0.138373751783	0.149786019971	0.139800285307	0.16119828816	0.0128388017118	0.0	0.184022824536	0.146932952924	0.152639087019	0.199714693295	0.172610556348	0.182596291013	0.122681883024	0.125534950071	0.131241084165	0.175463623395	0.156918687589	0.174037089872	0.194008559201	0.151212553495	0.0884450784593	0.149786019971	0.186875891583	0.198288159772	0.142653352354	0.118402282454	0.13694721826	0.158345221113	0.131241084165	0.139800285307	0.158345221113	0.176890156919	0.195435092725	0.112696148359	0.203994293866	0.171184022825	0.16119828816	0.149786019971	0.14122681883	0.188302425107	0.188302425107	0.162624821683	0.148359486448	0.194008559201	0.191155492154	0.189728958631	0.158345221113	0.151212553495	0.119828815977	0.129814550642	0.104136947218	0.162624821683	0.162624821683	0.142653352354	0.142653352354	0.138373751783	0.134094151213	0.159771754636	0.178316690442	0.194008559201	0.189728958631	0.0884450784593	0.196861626248	0.205420827389	0.159771754636	0.114122681883	0.134094151213	0.152639087019	0.128388017118	0.132667617689	0.144079885877	0.174037089872	0.129814550642	0.145506419401	0.18544935806	0.178316690442	0.138373751783	0.18544935806	0.119828815977	0.135520684736	0.135520684736	0.13694721826	0.142653352354	0.16119828816	0.142653352354	0.16119828816	0.172610556348	0.102710413695	0.122681883024	0.106990014265	0.128388017118	0.132667617689	0.146932952924	0.125534950071	0.178316690442	0.168330955777	0.128388017118	0.172610556348	0.16547788873	0.164051355207	0.16547788873	0.111269614836	0.145506419401	0.09272467903	0.18544935806	0.135520684736	0.135520684736	0.149786019971
158742018-tonguedorsum1.snv.bam	0.176890156919	0.129814550642	0.168330955777	0.184022824536	0.181169757489	0.184022824536	0.0	0.118402282454	0.105563480742	0.124108416548	0.139800285307	0.148359486448	0.164051355207	0.119828815977	0.0884450784593	0.149786019971	0.114122681883	0.154065620542	0.146932952924	0.118402282454	0.142653352354	0.182596291013	0.112696148359	0.121255349501	0.135520684736	0.106990014265	0.0970042796006	0.162624821683	0.138373751783	0.154065620542	0.102710413695	0.125534950071	0.16547788873	0.118402282454	0.111269614836	0.138373751783	0.11697574893	0.109843081312	0.138373751783	0.148359486448	0.148359486448	0.164051355207	0.175463623395	0.0670470756063	0.13694721826	0.13694721826	0.181169757489	0.194008559201	0.156918687589	0.122681883024	0.102710413695	0.0984308131241	0.119828815977	0.142653352354	0.158345221113	0.155492154066	0.14122681883	0.105563480742	0.134094151213	0.152639087019	0.14122681883	0.104136947218	0.0784593437946	0.0798858773181	0.0813124108417	0.152639087019	0.16119828816	0.102710413695	0.0855920114123	0.155492154066	0.171184022825	0.11697574893	0.174037089872	0.139800285307	0.0684736091298	0.0713266761769	0.0884450784593	0.0970042796006	0.111269614836	0.118402282454	0.16547788873	0.178316690442	0.172610556348	0.121255349501	0.158345221113	0.155492154066	0.109843081312	0.126961483595	0.156918687589	0.114122681883	0.156918687589	0.184022824536	0.162624821683	0.174037089872	0.125534950071	0.16119828816	0.144079885877	0.166904422254	0.182596291013	0.176890156919	0.178316690442	0.0870185449358	0.122681883024	0.13694721826	0.0570613409415	0.176890156919	0.074179743224	0.111269614836
158883629-tonguedorsum2.snv.bam	0.121255349501	0.0784593437946	0.11697574893	0.131241084165	0.13694721826	0.146932952924	0.118402282454	0.0	0.00427960057061	0.101283880171	0.09272467903	0.0970042796006	0.104136947218	0.0798858773181	0.0827389443652	0.109843081312	0.09272467903	0.125534950071	0.126961483595	0.0984308131241	0.0855920114123	0.125534950071	0.11697574893	0.125534950071	0.0912981455064	0.0171184022825	0.0627674750357	0.144079885877	0.104136947218	0.118402282454	0.0984308131241	0.108416547789	0.124108416548	0.0798858773181	0.145506419401	0.0998573466476	0.0784593437946	0.0670470756063	0.095577746077	0.121255349501	0.121255349501	0.104136947218	0.129814550642	0.122681883024	0.135520684736	0.135520684736	0.119828815977	0.11697574893	0.104136947218	0.0727532097004	0.0527817403709	0.0570613409415	0.0627674750357	0.101283880171	0.119828815977	0.114122681883	0.101283880171	0.112696148359	0.115549215407	0.122681883024	0.0998573466476	0.0542082738944	0.121255349501	0.13694721826	0.101283880171	0.0941512125535	0.09272467903	0.0756062767475	0.0513552068474	0.105563480742	0.118402282454	0.114122681883	0.109843081312	0.095577746077	0.122681883024	0.115549215407	0.0756062767475	0.106990014265	0.0485021398003	0.0513552068474	0.108416547789	0.122681883024	0.126961483595	0.0713266761769	0.0841654778887	0.101283880171	0.0684736091298	0.0827389443652	0.119828815977	0.0656205420827	0.101283880171	0.108416547789	0.109843081312	0.112696148359	0.0827389443652	0.0912981455064	0.09272467903	0.105563480742	0.134094151213	0.125534950071	0.129814550642	0.0413694721826	0.0699001426534	0.0912981455064	0.119828815977	0.128388017118	0.0727532097004	0.0713266761769
158883629-tonguedorsum3.snv.bam	0.149786019971	0.0798858773181	0.125534950071	0.146932952924	0.146932952924	0.152639087019	0.105563480742	0.00427960057061	0.0	0.0998573466476	0.101283880171	0.0970042796006	0.114122681883	0.077032810271	0.0641940085592	0.0898716119829	0.0656205420827	0.11697574893	0.115549215407	0.0827389443652	0.0855920114123	0.146932952924	0.102710413695	0.105563480742	0.101283880171	0.0442225392297	0.0513552068474	0.128388017118	0.119828815977	0.128388017118	0.0784593437946	0.0912981455064	0.114122681883	0.0855920114123	0.125534950071	0.09272467903	0.074179743224	0.0627674750357	0.0984308131241	0.122681883024	0.122681883024	0.102710413695	0.145506419401	0.121255349501	0.11697574893	0.11697574893	0.121255349501	0.124108416548	0.119828815977	0.0727532097004	0.058487874465	0.0542082738944	0.0627674750357	0.104136947218	0.126961483595	0.119828815977	0.102710413695	0.0941512125535	0.0984308131241	0.125534950071	0.111269614836	0.055634807418	0.0984308131241	0.106990014265	0.0884450784593	0.114122681883	0.0984308131241	0.0513552068474	0.0385164051355	0.0984308131241	0.109843081312	0.115549215407	0.129814550642	0.101283880171	0.108416547789	0.109843081312	0.0641940085592	0.0941512125535	0.0641940085592	0.0670470756063	0.124108416548	0.139800285307	0.125534950071	0.0841654778887	0.104136947218	0.106990014265	0.0627674750357	0.0841654778887	0.114122681883	0.0784593437946	0.119828815977	0.112696148359	0.108416547789	0.109843081312	0.0898716119829	0.109843081312	0.106990014265	0.112696148359	0.13694721826	0.126961483595	0.134094151213	0.0470756062767	0.0485021398003	0.0984308131241	0.0984308131241	0.135520684736	0.058487874465	0.0641940085592
158944319-tonguedorsum1.snv.bam	0.168330955777	0.0827389443652	0.166904422254	0.168330955777	0.178316690442	0.199714693295	0.124108416548	0.101283880171	0.0998573466476	0.0	0.111269614836	0.111269614836	0.168330955777	0.109843081312	0.0970042796006	0.128388017118	0.102710413695	0.132667617689	0.0656205420827	0.0613409415121	0.14122681883	0.192582025678	0.121255349501	0.139800285307	0.112696148359	0.0855920114123	0.0727532097004	0.152639087019	0.132667617689	0.146932952924	0.095577746077	0.119828815977	0.135520684736	0.124108416548	0.154065620542	0.0656205420827	0.0912981455064	0.074179743224	0.119828815977	0.139800285307	0.13694721826	0.13694721826	0.164051355207	0.139800285307	0.138373751783	0.14122681883	0.155492154066	0.171184022825	0.171184022825	0.0941512125535	0.102710413695	0.0427960057061	0.0399429386591	0.14122681883	0.129814550642	0.128388017118	0.112696148359	0.11697574893	0.0670470756063	0.0756062767475	0.114122681883	0.0656205420827	0.108416547789	0.126961483595	0.102710413695	0.149786019971	0.131241084165	0.0527817403709	0.0470756062767	0.13694721826	0.145506419401	0.102710413695	0.171184022825	0.121255349501	0.102710413695	0.0912981455064	0.077032810271	0.104136947218	0.0912981455064	0.095577746077	0.164051355207	0.178316690442	0.158345221113	0.105563480742	0.151212553495	0.145506419401	0.111269614836	0.125534950071	0.16547788873	0.0898716119829	0.132667617689	0.16547788873	0.14122681883	0.164051355207	0.0984308131241	0.112696148359	0.129814550642	0.131241084165	0.154065620542	0.144079885877	0.146932952924	0.0713266761769	0.101283880171	0.134094151213	0.0984308131241	0.184022824536	0.0784593437946	0.055634807418
158944319-tonguedorsum2.snv.bam	0.14122681883	0.077032810271	0.135520684736	0.146932952924	0.152639087019	0.172610556348	0.139800285307	0.09272467903	0.101283880171	0.111269614836	0.0	0.00285306704708	0.151212553495	0.102710413695	0.09272467903	0.134094151213	0.111269614836	0.129814550642	0.118402282454	0.09272467903	0.112696148359	0.146932952924	0.128388017118	0.142653352354	0.111269614836	0.0841654778887	0.0699001426534	0.152639087019	0.121255349501	0.131241084165	0.108416547789	0.129814550642	0.125534950071	0.0984308131241	0.148359486448	0.108416547789	0.119828815977	0.114122681883	0.109843081312	0.129814550642	0.129814550642	0.138373751783	0.14122681883	0.14122681883	0.151212553495	0.151212553495	0.144079885877	0.142653352354	0.132667617689	0.0855920114123	0.0784593437946	0.0727532097004	0.0727532097004	0.126961483595	0.13694721826	0.128388017118	0.115549215407	0.11697574893	0.106990014265	0.126961483595	0.0827389443652	0.0684736091298	0.135520684736	0.139800285307	0.114122681883	0.124108416548	0.125534950071	0.0941512125535	0.0798858773181	0.134094151213	0.14122681883	0.122681883024	0.13694721826	0.118402282454	0.125534950071	0.125534950071	0.0841654778887	0.114122681883	0.074179743224	0.095577746077	0.139800285307	0.112696148359	0.152639087019	0.0670470756063	0.09272467903	0.0898716119829	0.112696148359	0.105563480742	0.146932952924	0.0784593437946	0.121255349501	0.135520684736	0.139800285307	0.129814550642	0.121255349501	0.0970042796006	0.101283880171	0.102710413695	0.154065620542	0.149786019971	0.149786019971	0.0641940085592	0.101283880171	0.11697574893	0.129814550642	0.14122681883	0.0841654778887	0.0713266761769
158944319-tonguedorsum3.snv.bam	0.154065620542	0.0912981455064	0.145506419401	0.155492154066	0.16547788873	0.182596291013	0.148359486448	0.0970042796006	0.0970042796006	0.111269614836	0.00285306704708	0.0	0.164051355207	0.0984308131241	0.0941512125535	0.142653352354	0.118402282454	0.138373751783	0.129814550642	0.0998573466476	0.11697574893	0.162624821683	0.138373751783	0.152639087019	0.124108416548	0.0941512125535	0.077032810271	0.162624821683	0.131241084165	0.149786019971	0.11697574893	0.135520684736	0.134094151213	0.111269614836	0.158345221113	0.11697574893	0.126961483595	0.115549215407	0.121255349501	0.13694721826	0.13694721826	0.148359486448	0.151212553495	0.148359486448	0.156918687589	0.156918687589	0.155492154066	0.164051355207	0.145506419401	0.0827389443652	0.0841654778887	0.077032810271	0.0727532097004	0.13694721826	0.144079885877	0.13694721826	0.125534950071	0.126961483595	0.111269614836	0.138373751783	0.0941512125535	0.0727532097004	0.148359486448	0.151212553495	0.119828815977	0.13694721826	0.132667617689	0.101283880171	0.0855920114123	0.142653352354	0.158345221113	0.131241084165	0.155492154066	0.122681883024	0.13694721826	0.134094151213	0.0870185449358	0.122681883024	0.0855920114123	0.102710413695	0.155492154066	0.142653352354	0.16119828816	0.0727532097004	0.121255349501	0.106990014265	0.122681883024	0.108416547789	0.154065620542	0.0813124108417	0.128388017118	0.148359486448	0.149786019971	0.142653352354	0.128388017118	0.11697574893	0.105563480742	0.11697574893	0.162624821683	0.155492154066	0.16119828816	0.0727532097004	0.108416547789	0.122681883024	0.134094151213	0.155492154066	0.0912981455064	0.0727532097004
159005010-tonguedorsum2.snv.bam	0.11697574893	0.115549215407	0.0984308131241	0.134094151213	0.119828815977	0.122681883024	0.164051355207	0.104136947218	0.114122681883	0.168330955777	0.151212553495	0.164051355207	0.0	0.09272467903	0.0984308131241	0.152639087019	0.132667617689	0.155492154066	0.174037089872	0.129814550642	0.0727532097004	0.109843081312	0.164051355207	0.176890156919	0.119828815977	0.0941512125535	0.0998573466476	0.134094151213	0.131241084165	0.149786019971	0.126961483595	0.13694721826	0.168330955777	0.0827389443652	0.164051355207	0.151212553495	0.139800285307	0.126961483595	0.109843081312	0.162624821683	0.162624821683	0.144079885877	0.122681883024	0.166904422254	0.166904422254	0.166904422254	0.135520684736	0.114122681883	0.0984308131241	0.106990014265	0.0684736091298	0.124108416548	0.132667617689	0.109843081312	0.102710413695	0.101283880171	0.102710413695	0.126961483595	0.152639087019	0.168330955777	0.168330955777	0.0870185449358	0.16119828816	0.169757489301	0.128388017118	0.0998573466476	0.09272467903	0.126961483595	0.106990014265	0.114122681883	0.125534950071	0.149786019971	0.146932952924	0.126961483595	0.151212553495	0.144079885877	0.0970042796006	0.132667617689	0.0912981455064	0.126961483595	0.14122681883	0.122681883024	0.128388017118	0.124108416548	0.114122681883	0.129814550642	0.14122681883	0.0798858773181	0.111269614836	0.09272467903	0.11697574893	0.0884450784593	0.112696148359	0.0756062767475	0.152639087019	0.14122681883	0.112696148359	0.144079885877	0.14122681883	0.135520684736	0.135520684736	0.0627674750357	0.114122681883	0.0798858773181	0.149786019971	0.0998573466476	0.109843081312	0.112696148359
159207311-tonguedorsum2.snv.bam	0.0399429386591	0.0699001426534	0.102710413695	0.0213980028531	0.11697574893	0.125534950071	0.119828815977	0.0798858773181	0.077032810271	0.109843081312	0.102710413695	0.0984308131241	0.09272467903	0.0	0.018544935806	0.0884450784593	0.0813124108417	0.114122681883	0.108416547789	0.077032810271	0.0684736091298	0.108416547789	0.077032810271	0.0970042796006	0.0870185449358	0.0699001426534	0.0656205420827	0.121255349501	0.0684736091298	0.0841654778887	0.09272467903	0.09272467903	0.119828815977	0.0627674750357	0.106990014265	0.0855920114123	0.0827389443652	0.0827389443652	0.0656205420827	0.115549215407	0.115549215407	0.0998573466476	0.0499286733238	0.121255349501	0.0855920114123	0.0884450784593	0.077032810271	0.0870185449358	0.105563480742	0.0599144079886	0.037089871612	0.0670470756063	0.0841654778887	0.0970042796006	0.111269614836	0.104136947218	0.0870185449358	0.0784593437946	0.09272467903	0.124108416548	0.109843081312	0.0413694721826	0.0855920114123	0.0998573466476	0.0798858773181	0.0356633380884	0.077032810271	0.0684736091298	0.0599144079886	0.0827389443652	0.095577746077	0.0941512125535	0.0998573466476	0.0784593437946	0.0670470756063	0.0699001426534	0.074179743224	0.0898716119829	0.0641940085592	0.0756062767475	0.0941512125535	0.102710413695	0.0970042796006	0.0898716119829	0.0727532097004	0.105563480742	0.0841654778887	0.0656205420827	0.101283880171	0.0542082738944	0.0870185449358	0.0670470756063	0.0970042796006	0.0727532097004	0.0941512125535	0.0970042796006	0.0870185449358	0.104136947218	0.0984308131241	0.095577746077	0.095577746077	0.0271041369472	0.0699001426534	0.0570613409415	0.109843081312	0.112696148359	0.058487874465	0.0699001426534
159207311-tonguedorsum3.snv.bam	0.118402282454	0.0613409415121	0.115549215407	0.108416547789	0.126961483595	0.131241084165	0.0884450784593	0.0827389443652	0.0641940085592	0.0970042796006	0.09272467903	0.0941512125535	0.0984308131241	0.018544935806	0.0	0.0884450784593	0.0684736091298	0.102710413695	0.106990014265	0.0699001426534	0.0884450784593	0.132667617689	0.0670470756063	0.0756062767475	0.0827389443652	0.0656205420827	0.0328102710414	0.125534950071	0.0855920114123	0.09272467903	0.0627674750357	0.0898716119829	0.121255349501	0.0784593437946	0.0827389443652	0.0855920114123	0.0798858773181	0.0713266761769	0.0841654778887	0.119828815977	0.119828815977	0.108416547789	0.114122681883	0.0998573466476	0.0727532097004	0.0784593437946	0.095577746077	0.104136947218	0.11697574893	0.0613409415121	0.0442225392297	0.0641940085592	0.0670470756063	0.095577746077	0.102710413695	0.104136947218	0.0813124108417	0.0527817403709	0.0827389443652	0.126961483595	0.109843081312	0.0413694721826	0.074179743224	0.0870185449358	0.0670470756063	0.0841654778887	0.0756062767475	0.0542082738944	0.0456490727532	0.0912981455064	0.104136947218	0.0798858773181	0.112696148359	0.0912981455064	0.0713266761769	0.0684736091298	0.0499286733238	0.0599144079886	0.0513552068474	0.0813124108417	0.106990014265	0.121255349501	0.115549215407	0.0855920114123	0.0827389443652	0.0884450784593	0.074179743224	0.0656205420827	0.109843081312	0.0570613409415	0.108416547789	0.09272467903	0.0970042796006	0.0841654778887	0.105563480742	0.104136947218	0.0870185449358	0.11697574893	0.101283880171	0.0984308131241	0.0998573466476	0.0171184022825	0.0527817403709	0.0827389443652	0.0941512125535	0.122681883024	0.0328102710414	0.0656205420827
159227541-tonguedorsum2.snv.bam	0.159771754636	0.0841654778887	0.152639087019	0.174037089872	0.168330955777	0.175463623395	0.149786019971	0.109843081312	0.0898716119829	0.128388017118	0.134094151213	0.142653352354	0.152639087019	0.0884450784593	0.0884450784593	0.0	0.00855920114123	0.124108416548	0.145506419401	0.0984308131241	0.118402282454	0.168330955777	0.129814550642	0.144079885877	0.119828815977	0.0941512125535	0.0656205420827	0.134094151213	0.109843081312	0.122681883024	0.0870185449358	0.104136947218	0.146932952924	0.0970042796006	0.128388017118	0.119828815977	0.106990014265	0.0984308131241	0.104136947218	0.146932952924	0.145506419401	0.132667617689	0.159771754636	0.14122681883	0.149786019971	0.149786019971	0.134094151213	0.135520684736	0.151212553495	0.0870185449358	0.0813124108417	0.0798858773181	0.09272467903	0.152639087019	0.132667617689	0.132667617689	0.119828815977	0.124108416548	0.115549215407	0.138373751783	0.139800285307	0.0727532097004	0.118402282454	0.129814550642	0.095577746077	0.128388017118	0.124108416548	0.077032810271	0.0499286733238	0.11697574893	0.128388017118	0.134094151213	0.146932952924	0.121255349501	0.129814550642	0.125534950071	0.0998573466476	0.135520684736	0.0784593437946	0.104136947218	0.149786019971	0.16119828816	0.132667617689	0.134094151213	0.13694721826	0.139800285307	0.0855920114123	0.0884450784593	0.149786019971	0.0970042796006	0.14122681883	0.13694721826	0.125534950071	0.148359486448	0.129814550642	0.129814550642	0.111269614836	0.13694721826	0.152639087019	0.145506419401	0.148359486448	0.0670470756063	0.0798858773181	0.106990014265	0.126961483595	0.156918687589	0.0884450784593	0.0813124108417
159227541-tonguedorsum3.snv.bam	0.144079885877	0.0627674750357	0.134094151213	0.159771754636	0.146932952924	0.156918687589	0.114122681883	0.09272467903	0.0656205420827	0.102710413695	0.111269614836	0.118402282454	0.132667617689	0.0813124108417	0.0684736091298	0.00855920114123	0.0	0.095577746077	0.11697574893	0.0813124108417	0.106990014265	0.155492154066	0.108416547789	0.11697574893	0.0970042796006	0.09272467903	0.0485021398003	0.115549215407	0.09272467903	0.101283880171	0.0684736091298	0.0813124108417	0.11697574893	0.077032810271	0.111269614836	0.0941512125535	0.0898716119829	0.077032810271	0.0798858773181	0.105563480742	0.105563480742	0.11697574893	0.146932952924	0.118402282454	0.124108416548	0.122681883024	0.119828815977	0.138373751783	0.135520684736	0.0656205420827	0.0542082738944	0.0570613409415	0.0613409415121	0.129814550642	0.109843081312	0.112696148359	0.0941512125535	0.0970042796006	0.0984308131241	0.11697574893	0.129814550642	0.0527817403709	0.104136947218	0.118402282454	0.0870185449358	0.115549215407	0.0998573466476	0.037089871612	0.018544935806	0.095577746077	0.108416547789	0.106990014265	0.13694721826	0.111269614836	0.101283880171	0.0998573466476	0.0699001426534	0.104136947218	0.0656205420827	0.0884450784593	0.138373751783	0.155492154066	0.115549215407	0.111269614836	0.125534950071	0.126961483595	0.0456490727532	0.0713266761769	0.119828815977	0.0784593437946	0.128388017118	0.132667617689	0.104136947218	0.129814550642	0.109843081312	0.109843081312	0.0984308131241	0.121255349501	0.131241084165	0.119828815977	0.125534950071	0.0427960057061	0.0427960057061	0.095577746077	0.0984308131241	0.146932952924	0.0570613409415	0.058487874465
159268001-tonguedorsum3.snv.bam	0.149786019971	0.101283880171	0.16119828816	0.159771754636	0.168330955777	0.174037089872	0.154065620542	0.125534950071	0.11697574893	0.132667617689	0.129814550642	0.138373751783	0.155492154066	0.114122681883	0.102710413695	0.124108416548	0.095577746077	0.0	0.144079885877	0.112696148359	0.131241084165	0.184022824536	0.144079885877	0.164051355207	0.102710413695	0.112696148359	0.0998573466476	0.158345221113	0.122681883024	0.144079885877	0.09272467903	0.11697574893	0.142653352354	0.114122681883	0.159771754636	0.126961483595	0.112696148359	0.0998573466476	0.124108416548	0.122681883024	0.122681883024	0.156918687589	0.149786019971	0.158345221113	0.162624821683	0.16547788873	0.16547788873	0.171184022825	0.148359486448	0.0941512125535	0.0870185449358	0.101283880171	0.0941512125535	0.132667617689	0.139800285307	0.139800285307	0.119828815977	0.126961483595	0.115549215407	0.152639087019	0.139800285307	0.0784593437946	0.156918687589	0.164051355207	0.129814550642	0.134094151213	0.131241084165	0.102710413695	0.0813124108417	0.14122681883	0.159771754636	0.149786019971	0.174037089872	0.112696148359	0.14122681883	0.134094151213	0.09272467903	0.139800285307	0.104136947218	0.119828815977	0.174037089872	0.164051355207	0.146932952924	0.125534950071	0.158345221113	0.139800285307	0.118402282454	0.111269614836	0.14122681883	0.0813124108417	0.128388017118	0.151212553495	0.138373751783	0.149786019971	0.119828815977	0.126961483595	0.122681883024	0.131241084165	0.155492154066	0.146932952924	0.154065620542	0.0855920114123	0.111269614836	0.129814550642	0.128388017118	0.168330955777	0.0984308131241	0.101283880171
159369152-tonguedorsum1.snv.bam	0.174037089872	0.09272467903	0.174037089872	0.174037089872	0.182596291013	0.194008559201	0.146932952924	0.126961483595	0.115549215407	0.0656205420827	0.118402282454	0.129814550642	0.174037089872	0.108416547789	0.106990014265	0.145506419401	0.11697574893	0.144079885877	0.0	0.00142653352354	0.14122681883	0.199714693295	0.145506419401	0.155492154066	0.122681883024	0.101283880171	0.0884450784593	0.154065620542	0.13694721826	0.146932952924	0.101283880171	0.11697574893	0.148359486448	0.122681883024	0.154065620542	0.0413694721826	0.112696148359	0.0998573466476	0.129814550642	0.138373751783	0.138373751783	0.158345221113	0.164051355207	0.149786019971	0.151212553495	0.154065620542	0.171184022825	0.182596291013	0.168330955777	0.101283880171	0.111269614836	0.0342368045649	0.0542082738944	0.142653352354	0.14122681883	0.139800285307	0.122681883024	0.119828815977	0.0527817403709	0.0485021398003	0.111269614836	0.074179743224	0.149786019971	0.154065620542	0.124108416548	0.155492154066	0.134094151213	0.0827389443652	0.0727532097004	0.14122681883	0.156918687589	0.125534950071	0.172610556348	0.132667617689	0.139800285307	0.134094151213	0.0912981455064	0.13694721826	0.101283880171	0.114122681883	0.181169757489	0.172610556348	0.164051355207	0.108416547789	0.149786019971	0.154065620542	0.108416547789	0.134094151213	0.166904422254	0.106990014265	0.148359486448	0.172610556348	0.162624821683	0.174037089872	0.145506419401	0.134094151213	0.145506419401	0.138373751783	0.178316690442	0.174037089872	0.175463623395	0.0941512125535	0.118402282454	0.13694721826	0.131241084165	0.178316690442	0.104136947218	0.0427960057061
159369152-tonguedorsum2.snv.bam	0.142653352354	0.077032810271	0.132667617689	0.13694721826	0.139800285307	0.151212553495	0.118402282454	0.0984308131241	0.0827389443652	0.0613409415121	0.09272467903	0.0998573466476	0.129814550642	0.077032810271	0.0699001426534	0.0984308131241	0.0813124108417	0.112696148359	0.00142653352354	0.0	0.0998573466476	0.158345221113	0.109843081312	0.118402282454	0.0855920114123	0.0756062767475	0.058487874465	0.126961483595	0.106990014265	0.109843081312	0.0485021398003	0.0527817403709	0.124108416548	0.0912981455064	0.121255349501	0.0399429386591	0.0941512125535	0.0784593437946	0.09272467903	0.118402282454	0.118402282454	0.126961483595	0.135520684736	0.124108416548	0.122681883024	0.118402282454	0.126961483595	0.139800285307	0.128388017118	0.074179743224	0.0656205420827	0.0299572039943	0.0413694721826	0.112696148359	0.104136947218	0.114122681883	0.0912981455064	0.0912981455064	0.0442225392297	0.0542082738944	0.0970042796006	0.0442225392297	0.115549215407	0.122681883024	0.0998573466476	0.121255349501	0.09272467903	0.0613409415121	0.0456490727532	0.109843081312	0.118402282454	0.09272467903	0.14122681883	0.0998573466476	0.101283880171	0.095577746077	0.074179743224	0.104136947218	0.0656205420827	0.0756062767475	0.14122681883	0.134094151213	0.128388017118	0.0855920114123	0.0984308131241	0.114122681883	0.0656205420827	0.0912981455064	0.126961483595	0.077032810271	0.121255349501	0.118402282454	0.118402282454	0.129814550642	0.108416547789	0.115549215407	0.106990014265	0.114122681883	0.139800285307	0.138373751783	0.138373751783	0.055634807418	0.0670470756063	0.102710413695	0.104136947218	0.139800285307	0.074179743224	0.0399429386591
159470302-tonguedorsum1.snv.bam	0.101283880171	0.0984308131241	0.0798858773181	0.0984308131241	0.0827389443652	0.0884450784593	0.142653352354	0.0855920114123	0.0855920114123	0.14122681883	0.112696148359	0.11697574893	0.0727532097004	0.0684736091298	0.0884450784593	0.118402282454	0.106990014265	0.131241084165	0.14122681883	0.0998573466476	0.0	0.0898716119829	0.134094151213	0.146932952924	0.0941512125535	0.0656205420827	0.0884450784593	0.106990014265	0.0941512125535	0.0998573466476	0.111269614836	0.114122681883	0.132667617689	0.0641940085592	0.148359486448	0.129814550642	0.108416547789	0.101283880171	0.0870185449358	0.134094151213	0.134094151213	0.101283880171	0.0970042796006	0.151212553495	0.151212553495	0.149786019971	0.101283880171	0.0855920114123	0.0884450784593	0.0656205420827	0.0527817403709	0.0898716119829	0.0998573466476	0.095577746077	0.0912981455064	0.0798858773181	0.0870185449358	0.118402282454	0.122681883024	0.152639087019	0.121255349501	0.055634807418	0.129814550642	0.135520684736	0.0970042796006	0.0813124108417	0.0827389443652	0.102710413695	0.0756062767475	0.074179743224	0.0784593437946	0.126961483595	0.0855920114123	0.0941512125535	0.122681883024	0.114122681883	0.0898716119829	0.108416547789	0.0684736091298	0.0912981455064	0.0912981455064	0.0870185449358	0.0841654778887	0.105563480742	0.0656205420827	0.119828815977	0.115549215407	0.055634807418	0.0599144079886	0.0627674750357	0.0841654778887	0.0699001426534	0.0898716119829	0.0827389443652	0.115549215407	0.109843081312	0.0898716119829	0.118402282454	0.105563480742	0.106990014265	0.106990014265	0.0442225392297	0.0912981455064	0.0641940085592	0.138373751783	0.0841654778887	0.0813124108417	0.09272467903
159490532-tonguedorsum1.snv.bam	0.142653352354	0.122681883024	0.0542082738944	0.152639087019	0.14122681883	0.149786019971	0.182596291013	0.125534950071	0.146932952924	0.192582025678	0.146932952924	0.162624821683	0.109843081312	0.108416547789	0.132667617689	0.168330955777	0.155492154066	0.184022824536	0.199714693295	0.158345221113	0.0898716119829	0.0	0.181169757489	0.196861626248	0.151212553495	0.108416547789	0.124108416548	0.158345221113	0.128388017118	0.149786019971	0.159771754636	0.168330955777	0.164051355207	0.114122681883	0.203994293866	0.174037089872	0.159771754636	0.149786019971	0.134094151213	0.188302425107	0.188302425107	0.158345221113	0.159771754636	0.195435092725	0.20970042796	0.208273894437	0.162624821683	0.0798858773181	0.119828815977	0.124108416548	0.0898716119829	0.142653352354	0.151212553495	0.145506419401	0.129814550642	0.132667617689	0.125534950071	0.168330955777	0.175463623395	0.205420827389	0.176890156919	0.101283880171	0.181169757489	0.189728958631	0.146932952924	0.104136947218	0.125534950071	0.152639087019	0.131241084165	0.126961483595	0.138373751783	0.172610556348	0.145506419401	0.14122681883	0.179743223966	0.174037089872	0.135520684736	0.172610556348	0.114122681883	0.142653352354	0.146932952924	0.131241084165	0.144079885877	0.148359486448	0.0855920114123	0.156918687589	0.168330955777	0.0998573466476	0.101283880171	0.095577746077	0.132667617689	0.126961483595	0.129814550642	0.109843081312	0.169757489301	0.155492154066	0.132667617689	0.162624821683	0.166904422254	0.162624821683	0.164051355207	0.0870185449358	0.138373751783	0.0756062767475	0.172610556348	0.108416547789	0.125534950071	0.131241084165
