	160400887-stool1.snv.bam	CCIS11015875ST-4-0.snv.bam	CCIS28384594ST-4-0.snv.bam	CCIS41222843ST-4-0.snv.bam	CCIS47745468ST-4-0.snv.bam	CCIS50471204ST-4-0.snv.bam	CCIS70398272ST-4-0.snv.bam	CCIS90443472ST-4-0.snv.bam	CCIS91228662ST-4-0.snv.bam	CCMD60079086ST-21-0.snv.bam	DLM013.snv.bam	M2.3-V2.metaT.snv.bam	MH0119.snv.bam	MH0187.snv.bam	MH0193.snv.bam	MH0203.snv.bam	MH0205.snv.bam	MH0212.snv.bam	MH0221.snv.bam	MH0253.snv.bam	MH0272.snv.bam	MH0293.snv.bam	MH0308.snv.bam	MH0323.snv.bam	MH0343.snv.bam	MH0348.snv.bam	MH0356.snv.bam	MH0358.snv.bam	MH0382.snv.bam	MH0386.snv.bam	MH0388.snv.bam	MH0396.snv.bam	MH0436.snv.bam	MH0441.snv.bam	MMRS24340226ST-27-0-0.snv.bam	MMRS25641480ST-27-0-0.snv.bam	MMRS40913371ST-27-0-0.snv.bam	MMRS64281551ST-27-0-0.snv.bam	MMRS67247116ST-27-0-0.snv.bam	MMRS77487595ST-27-0-0.snv.bam	MMRS84159866ST-27-0-0.snv.bam	MMRS87723283ST-27-0-0.snv.bam	MMRS88581325ST-27-0-0.snv.bam	MMRS92544445ST-27-0-0.snv.bam	MMRS93621581ST-27-0-0.snv.bam	N074A.snv.bam	NG-5636_317.snv.bam	O2.CD1-0.snv.bam	O2.UC11-1.snv.bam	O2.UC28-0.snv.bam	O2.UC28-1.snv.bam	O2.UC28-2.snv.bam	O2.UC31-1.snv.bam	O2.UC48-0.snv.bam	O2.UC48-1.snv.bam	O2.UC5-1.snv.bam	O2.UC6-0.snv.bam	O2.UC6-1.snv.bam	O2.UC6-2.snv.bam	T2D-47A.snv.bam	V1.CD34-0.snv.bam	V1.FI03.snv.bam	V1.FI06.snv.bam	V1.FI12.snv.bam	V1.FI14.snv.bam	V1.FI32.snv.bam	V1.UC22-1.snv.bam	V1.UC38-0.snv.bam	V1.UC43-0.snv.bam	V1.UC54-0.snv.bam	V1.UC55-0.snv.bam	V1.UC55-4.snv.bam	V1.UC57-0.snv.bam	V1.UC58-4.snv.bam	V1.UC61-0.snv.bam	V1.UC62-0.snv.bam
160400887-stool1.snv.bam	0.0	0.107278652776	0.0997312590841	0.106367463292	0.103718936998	0.122429363725	0.107252176966	0.112850580211	0.104863366891	0.0957327223464	0.113808665345	0.127220884036	0.122076749137	0.128006258509	0.109026311605	0.125453839224	0.127602064535	0.106646426976	0.115558833513	0.100163184723	0.126112446217	0.100696702041	0.107264746004	0.110816753063	0.103830573712	0.101718182916	0.111624013	0.112069363421	0.112919159417	0.098902583099	0.0946067788763	0.111536715179	0.122233619677	0.103434123373	0.10130035435	0.111134467964	0.110227165918	0.118579467438	0.113164094244	0.111085612888	0.103334732281	0.116681449598	0.118150450022	0.108175901937	0.112595824656	0.0966024570276	0.115310862561	0.114552016617	0.115723694665	0.116158948579	0.110281475031	0.109881261043	0.101973945371	0.117543787322	0.11614848626	0.105747761748	0.120397607511	0.122977073896	0.118557545028	0.10927061772	0.104317868812	0.112197762082	0.106273384581	0.117200466451	0.119352235507	0.123501840496	0.125389878774	0.103465672493	0.110295926134	0.118781271665	0.117731376662	0.114015261039	0.109341137734	0.112143404978	0.118549771267	0.120020652531
CCIS11015875ST-4-0.snv.bam	0.107278652776	0.0	0.0883201388053	0.104670200096	0.101960999791	0.107503164708	0.105405126408	0.106672948923	0.0923826039572	0.0917663401014	0.109859933456	0.111695982121	0.107075653731	0.111668989488	0.118534753185	0.111316261638	0.112345138573	0.105521716691	0.100987811821	0.0916951624627	0.112096681879	0.0974466723179	0.100138810021	0.106521743864	0.101392215471	0.0994074186482	0.099576536236	0.10164249236	0.103961471301	0.0956697449592	0.092591650401	0.100751177427	0.112656433075	0.0962455457738	0.101504909248	0.107908249044	0.108041398778	0.110343796895	0.109251462648	0.107869332964	0.0908407491683	0.104701633468	0.114876627688	0.101325847982	0.103591549891	0.0878804140464	0.114550587018	0.103336081065	0.106916864565	0.116015797279	0.111286008839	0.11288509174	0.0942628352726	0.107246810126	0.104972856945	0.10117508077	0.112353398862	0.113950557505	0.110452944827	0.0991260508202	0.0985980601253	0.100251174911	0.10997701543	0.0967116174346	0.113943942606	0.111098419097	0.115040762681	0.107238843942	0.0958240377213	0.115242966822	0.107587790201	0.101030634336	0.106972889897	0.110135446954	0.111821576147	0.111464520245
CCIS28384594ST-4-0.snv.bam	0.0997312590841	0.0883201388053	0.0	0.0955102690833	0.0975056027505	0.0985671287837	0.0830986273181	0.0920912707033	0.0888034096395	0.0877243339725	0.0901602966113	0.0950003309718	0.104277890889	0.110341243719	0.110071125187	0.101698772352	0.101938456539	0.089604661282	0.0928733191932	0.085910750961	0.103140053513	0.096447530317	0.0880716621001	0.100988689088	0.0943114136466	0.0936168366888	0.0872439545837	0.0890022813748	0.0985753637888	0.0828134858343	0.0826882153948	0.0853335210116	0.0964333871345	0.0839800233676	0.0974793030526	0.095267353458	0.0863783022406	0.108930830225	0.0958311688672	0.0973232001308	0.0797199908451	0.103089923549	0.101285690603	0.0898717788708	0.097515360915	0.0839771429214	0.102401905858	0.0918454358397	0.105213247233	0.116727091475	0.109741932148	0.109095101493	0.0769994384792	0.100600695015	0.0998683420416	0.0957163999591	0.110530868604	0.111708628898	0.110100030034	0.0891432563744	0.0865771747206	0.0939444434452	0.100435962567	0.101612990773	0.104790767831	0.101391519407	0.109735585278	0.101264288457	0.0931340563992	0.100381669012	0.0998025318008	0.0978669934801	0.101950597468	0.10578479061	0.0893296149674	0.0890502711293
CCIS41222843ST-4-0.snv.bam	0.106367463292	0.104670200096	0.0955102690833	0.0	0.103197390426	0.10512325198	0.0967113507692	0.10445152299	0.0987511465734	0.0926900668623	0.101120451597	0.109659537113	0.107244060387	0.101441334905	0.128734249294	0.111796445416	0.102801721161	0.0976300089447	0.101763746118	0.105217901951	0.112654368199	0.0870264798967	0.105579539244	0.11313133751	0.101778270717	0.093567991766	0.0939705949035	0.0955018673798	0.0982426708554	0.0917534827721	0.0968940530787	0.101691623248	0.107374847222	0.100130305792	0.110862919203	0.106644228962	0.103976210705	0.101612384551	0.105107830193	0.0997088123941	0.0959491583511	0.10308223691	0.111391049696	0.0945665120273	0.0981629515688	0.0877696729188	0.110839254903	0.102961514877	0.107198304251	0.125425151679	0.118481841071	0.118198938739	0.099856569124	0.101867526643	0.101032151988	0.100955271929	0.124918925688	0.124404021274	0.121401698623	0.101830465322	0.101358433657	0.10238769967	0.0997891799914	0.0987509753815	0.11454568379	0.104901480404	0.108986878672	0.0999028122824	0.10251645412	0.107751288037	0.0991240023507	0.0971944219075	0.119100728189	0.125220991192	0.112561447173	0.112350459904
CCIS47745468ST-4-0.snv.bam	0.103718936998	0.101960999791	0.0975056027505	0.103197390426	0.0	0.111771992147	0.106516229422	0.0957528682529	0.0943332634486	0.098113232966	0.102921607351	0.104737276205	0.113622452841	0.108746500155	0.115138283208	0.119947388242	0.11723576211	0.0973257430354	0.105032025569	0.101449726251	0.108395033742	0.0959260712445	0.101380296444	0.105676587037	0.105368304794	0.0983083039692	0.108575362654	0.0973312428628	0.112513752253	0.0901387660885	0.0893872917996	0.104964390044	0.118019559757	0.0943025958808	0.103236807109	0.10094645909	0.097081120314	0.110579238655	0.090075650386	0.1043357005	0.0889534206285	0.104087998128	0.0958922490299	0.100603812151	0.1053304757	0.0890579395246	0.102785743568	0.111092779361	0.114721593095	0.110010431104	0.107179770876	0.105558873597	0.101884514034	0.104731827119	0.103442310531	0.0953368399117	0.11198956299	0.11287790854	0.108972944362	0.092536552335	0.0943054639668	0.104694323221	0.110643234312	0.101667759707	0.104780509327	0.0951518737324	0.110268401985	0.0948743021511	0.109219481985	0.109432602005	0.1049297601	0.101970378804	0.108622329807	0.111484792455	0.10985697156	0.110369870612
CCIS50471204ST-4-0.snv.bam	0.122429363725	0.107503164708	0.0985671287837	0.10512325198	0.111771992147	0.0	0.116768624946	0.0976573128055	0.0982341067081	0.0938510898228	0.101367985753	0.0742257105133	0.11329077733	0.108011451285	0.134302520474	0.121642906062	0.114843360007	0.106959767556	0.102972243369	0.107333080811	0.114486305336	0.096433603816	0.115766543604	0.109618454692	0.112106719314	0.107570565784	0.0999878162705	0.0970563374544	0.10748063356	0.0957209883242	0.103841471496	0.102640669464	0.11532997829	0.11028152539	0.107639176978	0.107401535779	0.114368999096	0.119137159401	0.113093191466	0.11487374179	0.0972900525384	0.100897473677	0.115436471032	0.0978970016608	0.114175558812	0.0912526795742	0.112987627457	0.105944886333	0.116444814488	0.119419188241	0.111090772771	0.114106420615	0.106158866617	0.10944936241	0.106884113514	0.107355114638	0.123160048278	0.125877418795	0.120238539829	0.105134653841	0.112898732027	0.113012892274	0.108387518835	0.117614029508	0.122240619445	0.110867182958	0.123257098372	0.113014453727	0.112231728995	0.112886134147	0.109135630292	0.106400081285	0.11075140598	0.113476129615	0.103900328086	0.103445307692
CCIS70398272ST-4-0.snv.bam	0.107252176966	0.105405126408	0.0830986273181	0.0967113507692	0.106516229422	0.116768624946	0.0	0.104213887598	0.096988041737	0.0909003230483	0.103803015493	0.0945424918694	0.116287214762	0.117893821081	0.117920164182	0.123349618585	0.114955257724	0.109319836311	0.106830817799	0.0978279986367	0.106886711864	0.101719667685	0.0957956681271	0.111543211926	0.107511139144	0.0946036664105	0.095601327917	0.103064406545	0.102876909075	0.0885676295311	0.0852848125301	0.0961925831838	0.107252355989	0.0942552595743	0.100668758715	0.0993315193449	0.107248398065	0.10611687582	0.101728443743	0.108595118567	0.0975794969217	0.112813398806	0.109078747665	0.0940896885583	0.110108032943	0.0911435761871	0.112456771448	0.108814252763	0.102645943315	0.117534080254	0.11264050299	0.111712717127	0.0900212134845	0.107449419388	0.107516123162	0.104190995117	0.110791167058	0.112093839524	0.110399797687	0.0906957907179	0.104381067204	0.115944862497	0.095253485373	0.103556387821	0.119795811431	0.109111937153	0.106468074216	0.098485459567	0.107393094486	0.109264695073	0.105353361475	0.104225506126	0.116390824659	0.119103827825	0.109276149088	0.108829276455
CCIS90443472ST-4-0.snv.bam	0.112850580211	0.106672948923	0.0920912707033	0.10445152299	0.0957528682529	0.0976573128055	0.104213887598	0.0	0.103039714095	0.0983069441974	0.103017830465	0.0991396802208	0.125918132018	0.123589119054	0.129494627083	0.125859116702	0.0983504478128	0.101912655273	0.103502721843	0.101804501631	0.108244791908	0.0984297213103	0.110923197319	0.0998877967821	0.109817195542	0.0976819610282	0.108467908468	0.0994057643167	0.0996150847454	0.0944123140491	0.0924659389016	0.104138295818	0.113794702725	0.0959672999922	0.0889218009479	0.117100012872	0.1003000155	0.109184457586	0.108504958047	0.102222599253	0.0874439461883	0.116605158053	0.112154334828	0.103285998126	0.115027404082	0.0910960894106	0.114877125518	0.0999726500275	0.110551794243	0.121615758982	0.113966204635	0.116938044267	0.0991579214048	0.101211108771	0.0998738491015	0.107975795612	0.113390271556	0.116197972401	0.110074809817	0.114259754034	0.100511338086	0.107639187986	0.116010377446	0.113948286796	0.103972119916	0.099096562367	0.11306990517	0.108373046262	0.112579267951	0.112120049853	0.101009904763	0.101024262491	0.112096645185	0.118147510498	0.102373560535	0.103121895959
CCIS91228662ST-4-0.snv.bam	0.104863366891	0.0923826039572	0.0888034096395	0.0987511465734	0.0943332634486	0.0982341067081	0.096988041737	0.103039714095	0.0	0.0924926300222	0.104258230473	0.107932233076	0.107946605591	0.112102196282	0.121415419321	0.1167653245	0.107805650549	0.0966311957808	0.0954961784438	0.0974335508151	0.107136960119	0.0985521173893	0.0980001034204	0.107398544757	0.0964723987063	0.0957229817201	0.0988435905028	0.0945244100964	0.0982717130641	0.0900497164627	0.096790001526	0.0962057404816	0.113227531678	0.0916922668651	0.104156981748	0.103673943255	0.098726604711	0.104994679749	0.105034766907	0.0995377938766	0.0914823075601	0.106198959994	0.106395977476	0.0994035310551	0.104419775965	0.087067954945	0.0988815449067	0.109864390146	0.100252259082	0.111942137701	0.107920335601	0.106674399762	0.0949631817402	0.101213539918	0.100449365024	0.0945589977969	0.113242120171	0.11491893131	0.11199038695	0.0988191014637	0.102275483349	0.10441371265	0.105048124064	0.100852879949	0.110931216749	0.103019230521	0.105974963033	0.09500140055	0.104930668608	0.106813022073	0.101285819327	0.0979233830466	0.108465631439	0.111592439628	0.106974899329	0.107521829096
CCMD60079086ST-21-0.snv.bam	0.0957327223464	0.0917663401014	0.0877243339725	0.0926900668623	0.098113232966	0.0938510898228	0.0909003230483	0.0983069441974	0.0924926300222	0.0	0.103734027084	0.104640787044	0.10870916705	0.104326192936	0.113587268509	0.103109810305	0.109630872636	0.0885953052169	0.0862391193036	0.0935725635164	0.100293276079	0.0925057956201	0.0909888619215	0.0873826343725	0.0888738616122	0.0925883550749	0.0978364672688	0.082565872694	0.0828058462569	0.0840606050635	0.0790335491616	0.0949412011037	0.105609647703	0.096507193104	0.104309934916	0.0885477048792	0.0902546776312	0.100412572131	0.0978370746318	0.0897538508004	0.0870835686053	0.104294766129	0.0980419019386	0.0916663678175	0.0996276296169	0.0843675124879	0.107885391919	0.0978757260373	0.10075649495	0.110938666293	0.105194722926	0.105062742876	0.0905905566331	0.0995720722542	0.0975100291791	0.0993322848693	0.107762129885	0.109387641283	0.10542278098	0.0949112411912	0.0838496241612	0.098850138666	0.103100744021	0.0965647429213	0.108082805829	0.106500861854	0.100941616355	0.0963045069721	0.0900981564153	0.105678876101	0.096565566455	0.096853565335	0.103986488833	0.108218362197	0.0999497187553	0.100676129792
DLM013.snv.bam	0.113808665345	0.109859933456	0.0901602966113	0.101120451597	0.102921607351	0.101367985753	0.103803015493	0.103017830465	0.104258230473	0.103734027084	0.0	0.110072910929	0.118091168024	0.115988158934	0.122937146103	0.12127480101	0.112294450466	0.105992938874	0.102094364482	0.111712870238	0.121581604758	0.100565058261	0.111946506859	0.110901284762	0.115937214992	0.105867735614	0.10040666112	0.106249772586	0.107734606177	0.0888819458787	0.0948415759448	0.102534704803	0.113574478796	0.105474619818	0.108171084552	0.100303692263	0.105013481793	0.115611920173	0.097974537715	0.106754579339	0.0901733362541	0.102180940506	0.104400894653	0.102154396095	0.115791802779	0.0974631901387	0.125193356244	0.107281820981	0.117816427748	0.120768129167	0.116382853185	0.114772880909	0.115048144963	0.110853249097	0.110117648075	0.101332447363	0.123241103946	0.125210813237	0.122726799002	0.104324239276	0.10615402319	0.114197367407	0.099719333193	0.111215345837	0.116413379373	0.118691484457	0.116242002057	0.103188868805	0.103206495725	0.11124459047	0.111892833558	0.107088260212	0.113108141345	0.118059544527	0.11311153245	0.113753457935
M2.3-V2.metaT.snv.bam	0.127220884036	0.111695982121	0.0950003309718	0.109659537113	0.104737276205	0.0742257105133	0.0945424918694	0.0991396802208	0.107932233076	0.104640787044	0.110072910929	0.0	0.114064350173	0.110644832024	0.128695260518	0.120936855731	0.117209537592	0.126317690239	0.0975019824116	0.099974042597	0.110378246447	0.114483517622	0.107497626834	0.111864910671	0.10120210728	0.0976461037394	0.110401247401	0.0989739740406	0.1075216013	0.10581411168	0.0930792042042	0.0925725358082	0.106792035509	0.103135809791	0.114919980403	0.113932014803	0.114560326093	0.118677336554	0.118093093093	0.118349075581	0.0918460833715	0.11451188372	0.110255641908	0.11233450586	0.109453686741	0.090066372688	0.108399467981	0.111967351967	0.121015145398	0.130647565883	0.123743849271	0.124217757148	0.103353896237	0.107290629396	0.107491598498	0.112403757141	0.124080126274	0.127676692716	0.123065454582	0.101932845964	0.113581441355	0.114723114723	0.101581172608	0.110782792563	0.119120809846	0.117253978492	0.112502127743	0.0988939987236	0.115859819497	0.107185904509	0.107208428866	0.107697830228	0.109075516522	0.111690682725	0.101615599318	0.10172587192
MH0119.snv.bam	0.122076749137	0.107075653731	0.104277890889	0.107244060387	0.113622452841	0.11329077733	0.116287214762	0.125918132018	0.107946605591	0.10870916705	0.118091168024	0.114064350173	0.0	0.116022813487	0.124815022207	0.121987773294	0.124681417554	0.113686596261	0.111675082685	0.106468694546	0.119035276738	0.110913241527	0.108919863919	0.111696319133	0.111275316416	0.107851816096	0.1076633864	0.097773818232	0.1074407838	0.113568447955	0.0928381591625	0.106080620569	0.123691847893	0.105719494795	0.109187261603	0.113195121027	0.116952412915	0.123635457591	0.116396594367	0.104714229197	0.107815399003	0.11420533993	0.119632655765	0.120987494701	0.0978757902266	0.0974718381616	0.124224854393	0.114535908525	0.112913781415	0.131405262552	0.127278522331	0.127778450785	0.109152232632	0.120229833969	0.117264622877	0.0958259340118	0.127404766348	0.12854584993	0.125780372707	0.107430998569	0.118331344457	0.107929772286	0.113755820444	0.115842103997	0.126005234302	0.125802914251	0.124601809022	0.115625414665	0.10602816746	0.124670467404	0.119308416705	0.118594024594	0.112512902732	0.114886504185	0.121478664275	0.1209157148
MH0187.snv.bam	0.128006258509	0.111668989488	0.110341243719	0.101441334905	0.108746500155	0.108011451285	0.117893821081	0.123589119054	0.112102196282	0.104326192936	0.115988158934	0.110644832024	0.116022813487	0.0	0.127901221843	0.127339795253	0.129626268166	0.113708921968	0.10957330463	0.107239408639	0.12955602455	0.109690173956	0.112853772207	0.123029400508	0.122171641906	0.112856444838	0.100370245506	0.11655884997	0.115216565078	0.109540940559	0.102219940121	0.114590388338	0.127753673818	0.108646811864	0.121536038658	0.120718774325	0.110288409026	0.13076412105	0.120104661895	0.123232626384	0.100881016307	0.119706483579	0.117011423319	0.112283890829	0.110765428141	0.0907606997114	0.119718598737	0.10513345271	0.121806886182	0.125705957261	0.119208958093	0.121820735684	0.11568300712	0.124432365464	0.123543422343	0.107665176709	0.139576204991	0.140191791191	0.137924902641	0.108513938294	0.104020960313	0.106887626846	0.124922164244	0.104842133906	0.124319141399	0.120538972811	0.133781010409	0.110759891867	0.1213662522	0.126699376949	0.125592024306	0.123003956818	0.120351167604	0.125705699242	0.115299970091	0.114661868516
MH0193.snv.bam	0.109026311605	0.118534753185	0.110071125187	0.128734249294	0.115138283208	0.134302520474	0.117920164182	0.129494627083	0.121415419321	0.113587268509	0.122937146103	0.128695260518	0.124815022207	0.127901221843	0.0	0.113952789514	0.133290141794	0.117749392631	0.121319670576	0.107125586783	0.126797550723	0.118062362407	0.12238221543	0.123347358084	0.123707782625	0.126011919079	0.106046328598	0.117685748377	0.127779767953	0.111958779468	0.110566462178	0.113072511706	0.131282205437	0.114014015197	0.122145046528	0.127163200414	0.120366735743	0.138996670829	0.117623998851	0.130045713712	0.106981491149	0.130627001415	0.124064593239	0.116442493505	0.111703519012	0.104987757594	0.132525584602	0.116821419881	0.126538406158	0.132174848786	0.128555527885	0.129204332203	0.123089972106	0.118281635549	0.117743449999	0.125460550244	0.137501151414	0.140368888365	0.137034504477	0.123498459788	0.111405995608	0.120905771358	0.119454443592	0.116956822373	0.141622278026	0.115826157585	0.141640310142	0.123593563387	0.119994052508	0.129073597874	0.116181186694	0.117039316113	0.118677502305	0.123525807238	0.11881211608	0.120414434698
MH0203.snv.bam	0.125453839224	0.111316261638	0.101698772352	0.111796445416	0.119947388242	0.121642906062	0.123349618585	0.125859116702	0.1167653245	0.103109810305	0.12127480101	0.120936855731	0.121987773294	0.127339795253	0.113952789514	0.0	0.123299803075	0.126469846952	0.120738037463	0.105969362234	0.129751824541	0.12813717873	0.118638714125	0.111671301563	0.114849370262	0.115476428057	0.110767698162	0.11481789177	0.104642408142	0.115195288284	0.113793332581	0.114316393355	0.134161123548	0.121042164899	0.122496653409	0.123008494762	0.126245541487	0.139530257348	0.125652763889	0.0922952738495	0.117165781132	0.128192594749	0.123353003373	0.115540750459	0.119734176658	0.10995947004	0.13544386253	0.10455382845	0.124769617218	0.131239976014	0.125993169486	0.129923338318	0.107886898399	0.118232907001	0.117456584749	0.120919952493	0.141376387133	0.140935460496	0.137550123294	0.115434917672	0.113368417921	0.118101907583	0.114135630321	0.116946470487	0.116094727481	0.121290745159	0.133152576182	0.12885230029	0.116556167172	0.128311962938	0.117321722063	0.117461732102	0.128971955627	0.132746841916	0.114857995345	0.116494751845
MH0205.snv.bam	0.127602064535	0.112345138573	0.101938456539	0.102801721161	0.11723576211	0.114843360007	0.114955257724	0.0983504478128	0.107805650549	0.109630872636	0.112294450466	0.117209537592	0.124681417554	0.129626268166	0.133290141794	0.123299803075	0.0	0.111789250704	0.111293169167	0.103403605531	0.117781944498	0.111535018203	0.112108834377	0.121381864277	0.118267506494	0.106996041754	0.114111138603	0.100179766597	0.107848380936	0.0977981320203	0.10361112559	0.114192051945	0.117836755348	0.119124138655	0.114848103991	0.115310275963	0.12020994829	0.12290297755	0.121876624889	0.108864526157	0.0963549751659	0.125226540314	0.118466202631	0.114194689052	0.112903219062	0.0942379914794	0.127660766682	0.122674476529	0.117576486213	0.134528409886	0.129925279067	0.125753396844	0.106433475825	0.114395106813	0.113396995918	0.11387563664	0.128662299817	0.129601867932	0.126697362552	0.121139600015	0.105844259297	0.117534854625	0.119060749032	0.116233793015	0.118653999891	0.113283506379	0.111505536726	0.111418577348	0.114864169929	0.121672695982	0.112070184645	0.109494941809	0.114986735976	0.117895073943	0.117372651	0.116810944998
MH0212.snv.bam	0.106646426976	0.105521716691	0.089604661282	0.0976300089447	0.0973257430354	0.106959767556	0.109319836311	0.101912655273	0.0966311957808	0.0885953052169	0.105992938874	0.126317690239	0.113686596261	0.113708921968	0.117749392631	0.126469846952	0.111789250704	0.0	0.101429146638	0.102762314413	0.106508827856	0.0946245500667	0.110471370097	0.104739331129	0.106175871092	0.108426025049	0.10694782688	0.0987025933911	0.096978601147	0.0932441553098	0.0964337792892	0.105615784387	0.105624491734	0.0998202421234	0.113480474596	0.104404126468	0.103065093624	0.102629498726	0.109338134836	0.108472994296	0.0858059108776	0.114038746768	0.108099448252	0.105973770344	0.105836808662	0.0885081618631	0.110905032713	0.0950362858962	0.104044006508	0.114414498569	0.109428132338	0.107928294717	0.0863937575558	0.110657879167	0.10903117112	0.101719295956	0.11645024312	0.117365691329	0.114681379171	0.100082647811	0.0885926953427	0.0978414799909	0.116340908177	0.109290839212	0.123393109077	0.104299431272	0.110860184074	0.110768814516	0.107004403357	0.113026915267	0.110963242865	0.107410401232	0.112170073905	0.115281571069	0.103894170257	0.103500476448
MH0221.snv.bam	0.115558833513	0.100987811821	0.0928733191932	0.101763746118	0.105032025569	0.102972243369	0.106830817799	0.103502721843	0.0954961784438	0.0862391193036	0.102094364482	0.0975019824116	0.111675082685	0.10957330463	0.121319670576	0.120738037463	0.111293169167	0.101429146638	0.0	0.102381814108	0.10226912611	0.105526984261	0.105633032791	0.104204572198	0.114297378352	0.0979140278206	0.100166250827	0.101831803335	0.105638530225	0.0876366617021	0.094399600744	0.106487176049	0.10990832837	0.103480964646	0.113170301306	0.106589643081	0.107564083121	0.110947523693	0.108838793782	0.112097632349	0.093515037594	0.117307460215	0.114400864887	0.105479698649	0.104509811389	0.0928873937726	0.104271607095	0.102501463644	0.104938057434	0.124329152967	0.117499299205	0.117331217111	0.0992368403041	0.103066619775	0.101673204925	0.108103472241	0.112825293319	0.115629783074	0.110606516224	0.102441081433	0.0867151532156	0.107539650476	0.115546704783	0.108170227322	0.111390328358	0.104394757167	0.111614608673	0.110868382244	0.0974549604984	0.104454510562	0.104251024353	0.101009477934	0.115782311832	0.11937641235	0.104357751417	0.105964131207
MH0253.snv.bam	0.100163184723	0.0916951624627	0.085910750961	0.105217901951	0.101449726251	0.107333080811	0.0978279986367	0.101804501631	0.0974335508151	0.0935725635164	0.111712870238	0.099974042597	0.106468694546	0.107239408639	0.107125586783	0.105969362234	0.103403605531	0.102762314413	0.102381814108	0.0	0.103339639653	0.100641112855	0.0945217284797	0.10002175819	0.0980382097586	0.0904636291444	0.0961393732112	0.104301376499	0.100500080919	0.0944900083709	0.0884851690455	0.100203188402	0.107913000569	0.0989864213782	0.105083753932	0.105810463553	0.105925391115	0.116908995121	0.107972203093	0.104245475449	0.0921825831464	0.108887822479	0.108317932833	0.100729489793	0.0974486926532	0.0926437006079	0.109054175484	0.0942092684533	0.120167659324	0.117536289891	0.109398593157	0.110243787649	0.089894527236	0.109677797333	0.108610586595	0.0951230631928	0.125907199775	0.126943212887	0.124050103466	0.101644672197	0.0892756792541	0.106372208782	0.112808226298	0.0980742533012	0.105250782978	0.106893124958	0.110744565051	0.104278931017	0.0891778498186	0.110516488899	0.109871175691	0.107093185514	0.104318233297	0.106928862015	0.109011159778	0.107391532862
MH0272.snv.bam	0.126112446217	0.112096681879	0.103140053513	0.112654368199	0.108395033742	0.114486305336	0.106886711864	0.108244791908	0.107136960119	0.100293276079	0.121581604758	0.110378246447	0.119035276738	0.12955602455	0.126797550723	0.129751824541	0.117781944498	0.106508827856	0.10226912611	0.103339639653	0.0	0.109627435134	0.121086528535	0.101730175699	0.110193323128	0.109614741414	0.114236209302	0.11429057439	0.114804831243	0.110884797428	0.102620346407	0.115555970099	0.118270530078	0.10967805103	0.117373934528	0.120045715912	0.110131972552	0.108874886334	0.115074153911	0.110201762011	0.0981283588506	0.117496092052	0.121146877022	0.112002059147	0.111786988202	0.103174893129	0.121663424841	0.112019040692	0.119369958428	0.123308963918	0.119920496512	0.116195766002	0.110601132688	0.105653772396	0.104932157483	0.112908898387	0.131303661518	0.132545840602	0.12866642165	0.111041709689	0.10444391795	0.118082560914	0.120490408547	0.115825048099	0.115717449299	0.11295990251	0.107226387318	0.118005513889	0.111758933999	0.124979880724	0.106305971362	0.106059390872	0.125228295659	0.129014351243	0.124205726991	0.123664231382
MH0293.snv.bam	0.100696702041	0.0974466723179	0.096447530317	0.0870264798967	0.0959260712445	0.096433603816	0.101719667685	0.0984297213103	0.0985521173893	0.0925057956201	0.100565058261	0.114483517622	0.110913241527	0.109690173956	0.118062362407	0.12813717873	0.111535018203	0.0946245500667	0.105526984261	0.100641112855	0.109627435134	0.0	0.109191787167	0.117015593018	0.0999297603567	0.0994625497488	0.0855183861392	0.11019691757	0.106586361366	0.0911219243524	0.08647597989	0.109129561084	0.112309165901	0.0955606823756	0.104929685823	0.093727884381	0.105915870958	0.109096599355	0.103292729679	0.099747564845	0.0969351480312	0.108467744274	0.100642188018	0.092509587332	0.102010749277	0.0892202370035	0.108259445866	0.107105385033	0.106282830743	0.123383171438	0.119633211091	0.119942754046	0.098958889791	0.107440500241	0.106299575276	0.0892911846611	0.117476849227	0.117521638455	0.114359125206	0.106780731615	0.107207028094	0.101940807132	0.104405312906	0.0994340540603	0.111140069637	0.103200255255	0.108691709007	0.0953056211595	0.104636103637	0.116013803701	0.109290056673	0.106246501118	0.110062013604	0.114044416869	0.0998889182713	0.0996507137704
MH0308.snv.bam	0.107264746004	0.100138810021	0.0880716621001	0.105579539244	0.101380296444	0.115766543604	0.0957956681271	0.110923197319	0.0980001034204	0.0909888619215	0.111946506859	0.107497626834	0.108919863919	0.112853772207	0.12238221543	0.118638714125	0.112108834377	0.110471370097	0.105633032791	0.0945217284797	0.121086528535	0.109191787167	0.0	0.111885806346	0.0931224976689	0.107041240894	0.10419409774	0.103448350444	0.0994624531303	0.101128312381	0.091831248241	0.0922321943137	0.112480399416	0.102040707973	0.111101894485	0.106970334786	0.10617405928	0.121547292432	0.103860827142	0.109005782888	0.0974397126693	0.109535166497	0.101605527946	0.0935111576506	0.114867969138	0.0904391592282	0.109746282291	0.109105727055	0.111624736309	0.122733647077	0.118287597537	0.117600767331	0.099443064599	0.11549871007	0.114779460896	0.101951912268	0.125584220292	0.126064126784	0.122813766391	0.101183272645	0.098656439531	0.109041301643	0.109665621059	0.110616157975	0.119003177947	0.112217313022	0.12165938009	0.107112767488	0.098672191978	0.119381972547	0.113514812694	0.111249023073	0.111910762047	0.114545933456	0.118358941258	0.117907268669
MH0323.snv.bam	0.110816753063	0.106521743864	0.100988689088	0.11313133751	0.105676587037	0.109618454692	0.111543211926	0.0998877967821	0.107398544757	0.0873826343725	0.110901284762	0.111864910671	0.111696319133	0.123029400508	0.123347358084	0.111671301563	0.121381864277	0.104739331129	0.104204572198	0.10002175819	0.101730175699	0.117015593018	0.111885806346	0.0	0.112638364264	0.102696415742	0.108871938731	0.0991831034446	0.100084616443	0.0969168567226	0.102088783816	0.104050179878	0.111342533087	0.109184530917	0.104276878074	0.109137869565	0.112473213412	0.112362753815	0.109158323972	0.111608585483	0.0987814691284	0.115609846619	0.120164294538	0.108445758939	0.114457565471	0.101619058556	0.126866944436	0.101903092111	0.116704117235	0.126533993158	0.120969568377	0.120693292405	0.105566821101	0.109976919635	0.107897338332	0.107793870485	0.114984044056	0.115909143552	0.111149079357	0.105383290411	0.0995434344609	0.115002153837	0.115700201803	0.112979730194	0.123633079109	0.1070318034	0.115062723927	0.11423337294	0.1123270301	0.11928898901	0.108220095961	0.107473962186	0.110860233947	0.115492436242	0.10403877099	0.105627433765
MH0343.snv.bam	0.103830573712	0.101392215471	0.0943114136466	0.101778270717	0.105368304794	0.112106719314	0.107511139144	0.109817195542	0.0964723987063	0.0888738616122	0.115937214992	0.10120210728	0.111275316416	0.122171641906	0.123707782625	0.114849370262	0.118267506494	0.106175871092	0.114297378352	0.0980382097586	0.110193323128	0.0999297603567	0.0931224976689	0.112638364264	0.0	0.0927208066773	0.096710238077	0.107147980715	0.0983754122972	0.10165403682	0.0956340694859	0.108272365046	0.114261590785	0.102000986629	0.110128311076	0.113309416298	0.102136093786	0.114521506699	0.114086987974	0.0995660259873	0.0874280446407	0.105814571478	0.108749972006	0.10700036709	0.114097803821	0.0972003006258	0.100778598407	0.104694240114	0.118080705087	0.121647021118	0.117223748408	0.115732666658	0.0984420405856	0.109516281553	0.107054627216	0.103704154383	0.124500962806	0.126009256844	0.123509116164	0.0998770941015	0.101008163145	0.101794471986	0.110311172698	0.110525665269	0.118848913367	0.112859555543	0.102307039106	0.100938379285	0.0943745063636	0.116364189585	0.110355427517	0.108897627257	0.111961564885	0.11485205711	0.116025053398	0.115431931017
MH0348.snv.bam	0.101718182916	0.0994074186482	0.0936168366888	0.093567991766	0.0983083039692	0.107570565784	0.0946036664105	0.0976819610282	0.0957229817201	0.0925883550749	0.105867735614	0.0976461037394	0.107851816096	0.112856444838	0.126011919079	0.115476428057	0.106996041754	0.108426025049	0.0979140278206	0.0904636291444	0.109614741414	0.0994625497488	0.107041240894	0.102696415742	0.0927208066773	0.0	0.0951827292689	0.0942149760645	0.095191021452	0.0957766381817	0.087743646388	0.101239782191	0.102242657238	0.100331155465	0.102107332843	0.104980307254	0.0998735252716	0.109321391667	0.107888856611	0.106548440349	0.089204036607	0.107332854031	0.104383728552	0.0988366076977	0.108191813586	0.0925480244458	0.113926559909	0.102057342238	0.116879508234	0.127376051243	0.121741879272	0.122686603014	0.0954732932844	0.107543814194	0.107652305914	0.0998838886533	0.119427164333	0.120040957555	0.117607787112	0.095048779488	0.0976649317117	0.103872657426	0.112801580733	0.100492091596	0.105746214978	0.0957950925176	0.108968006358	0.10310274699	0.0961458914146	0.115076831492	0.10853066724	0.104852317896	0.113900824921	0.11575049004	0.108069292099	0.109577318747
MH0356.snv.bam	0.111624013	0.099576536236	0.0872439545837	0.0939705949035	0.108575362654	0.0999878162705	0.095601327917	0.108467908468	0.0988435905028	0.0978364672688	0.10040666112	0.110401247401	0.1076633864	0.100370245506	0.106046328598	0.110767698162	0.114111138603	0.10694782688	0.100166250827	0.0961393732112	0.114236209302	0.0855183861392	0.10419409774	0.108871938731	0.096710238077	0.0951827292689	0.0	0.103092412994	0.102217157429	0.08640520279	0.090390020254	0.0996283710212	0.0997037309505	0.0993418863225	0.108481989868	0.0998231271327	0.111530654411	0.10831488465	0.100693494749	0.102943175376	0.0844439142947	0.100993788415	0.103518743374	0.0997800056703	0.108509498028	0.0869657204134	0.114902562669	0.0976930825257	0.104574845095	0.12156992181	0.116110868804	0.116128981263	0.0914417308565	0.0984625361523	0.0976890812763	0.0885242123988	0.108921017148	0.110930589855	0.109139329719	0.094959473358	0.0973480362101	0.10066288912	0.0997033325952	0.0940800406416	0.110939801086	0.108021462758	0.112642582339	0.104546555639	0.101559125374	0.113120520302	0.0996446162922	0.0979116526253	0.0984945713823	0.103852443319	0.113197597231	0.113727039393
MH0358.snv.bam	0.112069363421	0.10164249236	0.0890022813748	0.0955018673798	0.0973312428628	0.0970563374544	0.103064406545	0.0994057643167	0.0945244100964	0.082565872694	0.106249772586	0.0989739740406	0.097773818232	0.11655884997	0.117685748377	0.11481789177	0.100179766597	0.0987025933911	0.101831803335	0.104301376499	0.11429057439	0.11019691757	0.103448350444	0.0991831034446	0.107147980715	0.0942149760645	0.103092412994	0.0	0.086320645434	0.0943879329965	0.0914677684794	0.0969782246085	0.106518873247	0.0969244004801	0.0987364497158	0.103617858128	0.107561064833	0.110962657429	0.105580605186	0.0992060974659	0.0852268509415	0.106048466504	0.108345228864	0.105625731295	0.0976268995521	0.0911354188262	0.102630602789	0.104857613973	0.0960879611402	0.119166132308	0.113327521247	0.115763052337	0.0976439861274	0.0998164372235	0.0983534944173	0.100556813194	0.100352746985	0.101251256647	0.0984293344973	0.0954666935496	0.100000066301	0.0898080845382	0.102466490243	0.11436651044	0.104608362632	0.114833249024	0.103952537953	0.10296977398	0.111403367349	0.107171696684	0.0987149458113	0.0972164674463	0.10510347511	0.110169477693	0.109843995695	0.110285746803
MH0382.snv.bam	0.112919159417	0.103961471301	0.0985753637888	0.0982426708554	0.112513752253	0.10748063356	0.102876909075	0.0996150847454	0.0982717130641	0.0828058462569	0.107734606177	0.1075216013	0.1074407838	0.115216565078	0.127779767953	0.104642408142	0.107848380936	0.096978601147	0.105638530225	0.100500080919	0.114804831243	0.106586361366	0.0994624531303	0.100084616443	0.0983754122972	0.095191021452	0.102217157429	0.086320645434	0.0	0.0847630223297	0.0969967569219	0.101818208829	0.109716946188	0.103469974452	0.113751903027	0.107853796347	0.092603159215	0.117203016662	0.10014896085	0.0974152470614	0.0962172270815	0.10508692741	0.110917913372	0.107660311595	0.107903820277	0.090956124124	0.107623185061	0.097122869395	0.102804188478	0.112408275875	0.106718043954	0.108783160039	0.0914340776293	0.104415716037	0.104065719954	0.109124532652	0.123081191324	0.123647956587	0.119714321242	0.0980568366133	0.100902767097	0.10777155178	0.108675989099	0.103066043424	0.112875542718	0.106332470852	0.121071385815	0.11320042941	0.105301417864	0.11078977866	0.103424752153	0.101903294282	0.105631475544	0.110503325789	0.112944590628	0.114643146422
MH0386.snv.bam	0.098902583099	0.0956697449592	0.0828134858343	0.0917534827721	0.0901387660885	0.0957209883242	0.0885676295311	0.0944123140491	0.0900497164627	0.0840606050635	0.0888819458787	0.10581411168	0.113568447955	0.109540940559	0.111958779468	0.115195288284	0.0977981320203	0.0932441553098	0.0876366617021	0.0944900083709	0.110884797428	0.0911219243524	0.101128312381	0.0969168567226	0.10165403682	0.0957766381817	0.08640520279	0.0943879329965	0.0847630223297	0.0	0.0834716057742	0.0888580204998	0.0954426155999	0.0927973110664	0.0963643350754	0.0930323521221	0.0958518568948	0.103621525591	0.0866739984632	0.100353855901	0.081656626486	0.0983894519704	0.0995807915199	0.0862800769391	0.0985029492904	0.0802845888151	0.0981966861908	0.0931447011221	0.100922006026	0.104484471546	0.0988608952683	0.100513417025	0.086398969391	0.0986471355312	0.096730517402	0.0949246617672	0.107288913847	0.108208294827	0.101963368316	0.0919797475998	0.0813815308554	0.0996212279088	0.0998100056798	0.094872126177	0.0917711199702	0.0993478693431	0.102130456575	0.0972918142571	0.089050341559	0.105139851651	0.0970769187117	0.0952776320754	0.0958461440403	0.100292033492	0.103124192588	0.103655367125
MH0388.snv.bam	0.0946067788763	0.092591650401	0.0826882153948	0.0968940530787	0.0893872917996	0.103841471496	0.0852848125301	0.0924659389016	0.096790001526	0.0790335491616	0.0948415759448	0.0930792042042	0.0928381591625	0.102219940121	0.110566462178	0.113793332581	0.10361112559	0.0964337792892	0.094399600744	0.0884851690455	0.102620346407	0.08647597989	0.091831248241	0.102088783816	0.0956340694859	0.087743646388	0.090390020254	0.0914677684794	0.0969967569219	0.0834716057742	0.0	0.0884466502138	0.102797131659	0.0950278884477	0.0904260483803	0.0859487457088	0.0970685151698	0.110602624942	0.100199607699	0.0945810744811	0.0822411858974	0.106610899622	0.0981525346609	0.0990273959308	0.091138271997	0.0827109609696	0.10222377449	0.0993193786329	0.093946488638	0.102901631283	0.098293338228	0.0983624136678	0.0808801220599	0.0940585011541	0.093588280129	0.0844685395709	0.115483942031	0.11533281302	0.114106943003	0.0955112245968	0.0949642495932	0.0885137800522	0.0950700032841	0.0925233796095	0.103120626793	0.0909564301367	0.0925234858245	0.0973662143299	0.0888262289066	0.110326119284	0.0951386304282	0.0928197541768	0.103646023206	0.107601254097	0.1085290671	0.108046962222
MH0396.snv.bam	0.111536715179	0.100751177427	0.0853335210116	0.101691623248	0.104964390044	0.102640669464	0.0961925831838	0.104138295818	0.0962057404816	0.0949412011037	0.102534704803	0.0925725358082	0.106080620569	0.114590388338	0.113072511706	0.114316393355	0.114192051945	0.105615784387	0.106487176049	0.100203188402	0.115555970099	0.109129561084	0.0922321943137	0.104050179878	0.108272365046	0.101239782191	0.0996283710212	0.0969782246085	0.101818208829	0.0888580204998	0.0884466502138	0.0	0.110633142383	0.0932941804472	0.0977030647567	0.111260268085	0.0994791705468	0.115619312575	0.107424584522	0.1113260124	0.101542447095	0.110927938	0.107057305381	0.100277173203	0.100790794844	0.0943518069176	0.110978710952	0.103330728741	0.11349116894	0.116732128638	0.111299193837	0.111714769681	0.100938784318	0.108292711903	0.107836890888	0.0943219839465	0.119773817785	0.120363845438	0.117793305968	0.107823482599	0.100786574421	0.11006858939	0.11256164752	0.107076998714	0.108613306238	0.108963213136	0.118487308464	0.1121707734	0.097854116874	0.111585960571	0.106282312874	0.104192414639	0.11462656721	0.118094049681	0.0999454323617	0.10064862636
MH0436.snv.bam	0.122233619677	0.112656433075	0.0964333871345	0.107374847222	0.118019559757	0.11532997829	0.107252355989	0.113794702725	0.113227531678	0.105609647703	0.113574478796	0.106792035509	0.123691847893	0.127753673818	0.131282205437	0.134161123548	0.117836755348	0.105624491734	0.10990832837	0.107913000569	0.118270530078	0.112309165901	0.112480399416	0.111342533087	0.114261590785	0.102242657238	0.0997037309505	0.106518873247	0.109716946188	0.0954426155999	0.102797131659	0.110633142383	0.0	0.111582104756	0.10546679783	0.114707632187	0.111149114209	0.121149690985	0.109230656098	0.120805228585	0.0961286810506	0.115053653962	0.118756249516	0.112167270594	0.10909389456	0.0971419127722	0.110910509854	0.120170267146	0.120274615884	0.125551121729	0.117900635757	0.12086426368	0.0983048632764	0.114746460496	0.114002088951	0.112978578067	0.124836404733	0.126715388065	0.122079774606	0.113112554661	0.114477182268	0.107345984139	0.118352524915	0.120505036729	0.133751148757	0.118964675664	0.110664195063	0.11997602777	0.10664249399	0.117122449407	0.1152788479	0.111846485734	0.116661386524	0.120357083016	0.125202882729	0.124643185389
