	158337416-stool1.snv.bam	158924089-stool2.snv.bam	246515023-stool2.snv.bam	764366428-stool2.snv.bam	764366428-stool3.snv.bam	764811490-stool2.snv.bam	765013792-stool2.snv.bam	BGI-06A.snv.bam	CCIS15704761ST-4-0.snv.bam	CCIS22906510ST-20-0.snv.bam	CCIS29688262ST-20-0.snv.bam	CCIS36699628ST-4-0.snv.bam	CCIS41288781ST-4-0.snv.bam	CCIS50148151ST-4-0.snv.bam	CCIS59903910ST-4-0.snv.bam	CCMD40701343ST-21-0.snv.bam	CCMD74930188ST-21-0.snv.bam	DLM012.snv.bam	DLM024.snv.bam	ED19A.snv.bam	HT25A.snv.bam	HT8A.snv.bam	MH0274.snv.bam	MH0277.snv.bam	MH0444.snv.bam	MMRS14602194ST-27-0-0.snv.bam	MMRS38861560ST-27-0-0.snv.bam	MMRS42780924ST-27-0-0.snv.bam	MMRS43939546ST-27-0-0.snv.bam	MMRS47685461ST-27-0-0.snv.bam	MMRS56137463ST-27-0-0.snv.bam	MMRS62192467ST-27-0-0.snv.bam	MMRS65945127ST-27-0-0.snv.bam	MMRS68910755ST-27-0-0.snv.bam	MMRS72980899ST-27-0-0.snv.bam	MMRS81194191ST-27-0-0.snv.bam	MMRS85438660ST-27-0-0.snv.bam	MMRS95674036ST-27-0-0.snv.bam	N043A.snv.bam	N052A.snv.bam	N056A.snv.bam	NG-5636_312.snv.bam	NG-5636_381.snv.bam	NLM007.snv.bam	NLM027.snv.bam	NOM002.snv.bam	NOM028.snv.bam	O2.CD2-0-PT.snv.bam	O2.UC15-0.snv.bam	O2.UC19-1.snv.bam	O2.UC26-1.snv.bam	SZEY-10A.snv.bam	SZEY-35A.snv.bam	SZEY-41A.snv.bam	SZEY-43A.snv.bam	SZEY-48A.snv.bam	SZEY-68A.snv.bam	SZEY-69A.snv.bam	T2D-103A.snv.bam	T2D-118A.snv.bam	T2D-177A.snv.bam	T2D-63A.snv.bam	T2D-66A.snv.bam	T2D-77A.snv.bam	T2D-8A.snv.bam	V1.CD15-3.snv.bam	V1.CD17-4.snv.bam	V1.CD18-0.snv.bam	V1.CD20-4.snv.bam	V1.CD3-0-PT.snv.bam	V1.CD32-0.snv.bam	V1.CD32-4.snv.bam	V1.CD35-0.snv.bam	V1.CD37-4.snv.bam	V1.CD4-0-PT.snv.bam	V1.CD5-0-PN.snv.bam	V1.CD54-0.snv.bam	V1.CD7-4.snv.bam	V1.FI10.snv.bam	V1.FI24.snv.bam	V1.FI34.snv.bam	V1.UC14-1.snv.bam	V1.UC38-4.snv.bam
158337416-stool1.snv.bam	0.0	0.0538116591928	0.125560538117	0.103139013453	0.103139013453	0.0896860986547	0.0807174887892	0.139013452915	0.134529147982	0.125560538117	0.215246636771	0.0762331838565	0.251121076233	0.107623318386	0.309417040359	0.251121076233	0.107623318386	0.183856502242	0.143497757848	0.286995515695	0.143497757848	0.161434977578	0.174887892377	0.340807174888	0.0807174887892	0.0717488789238	0.125560538117	0.112107623318	0.112107623318	0.313901345291	0.0896860986547	0.233183856502	0.251121076233	0.143497757848	0.0896860986547	0.237668161435	0.107623318386	0.0717488789238	0.0941704035874	0.0582959641256	0.0762331838565	0.313901345291	0.32735426009	0.0896860986547	0.0941704035874	0.067264573991	0.085201793722	0.251121076233	0.224215246637	0.143497757848	0.0627802690583	0.152466367713	0.107623318386	0.085201793722	0.0896860986547	0.14798206278	0.107623318386	0.0807174887892	0.183856502242	0.103139013453	0.14798206278	0.242152466368	0.0896860986547	0.121076233184	0.179372197309	0.27802690583	0.165919282511	0.224215246637	0.286995515695	0.273542600897	0.103139013453	0.0941704035874	0.251121076233	0.188340807175	0.242152466368	0.22869955157	0.0986547085202	0.336322869955	0.0807174887892	0.237668161435	0.27802690583	0.291479820628	0.233183856502
158924089-stool2.snv.bam	0.0538116591928	0.0	0.0717488789238	0.0582959641256	0.0582959641256	0.0538116591928	0.0313901345291	0.0582959641256	0.0717488789238	0.0762331838565	0.152466367713	0.0224215246637	0.156950672646	0.0582959641256	0.22869955157	0.179372197309	0.0582959641256	0.0538116591928	0.103139013453	0.242152466368	0.0896860986547	0.085201793722	0.0538116591928	0.304932735426	0.0493273542601	0.0313901345291	0.0538116591928	0.0179372197309	0.0986547085202	0.27802690583	0.0358744394619	0.165919282511	0.174887892377	0.085201793722	0.0448430493274	0.170403587444	0.0582959641256	0.0269058295964	0.0582959641256	0.00896860986547	0.0403587443946	0.237668161435	0.291479820628	0.0538116591928	0.0448430493274	0.0224215246637	0.0448430493274	0.165919282511	0.112107623318	0.103139013453	0.0134529147982	0.103139013453	0.0582959641256	0.0358744394619	0.0403587443946	0.085201793722	0.0538116591928	0.0493273542601	0.0941704035874	0.0269058295964	0.0627802690583	0.143497757848	0.0269058295964	0.0986547085202	0.112107623318	0.192825112108	0.0807174887892	0.179372197309	0.206278026906	0.143497757848	0.0403587443946	0.0269058295964	0.179372197309	0.125560538117	0.112107623318	0.161434977578	0.0717488789238	0.286995515695	0.0313901345291	0.174887892377	0.210762331839	0.19730941704	0.14798206278
246515023-stool2.snv.bam	0.125560538117	0.0717488789238	0.0	0.103139013453	0.103139013453	0.103139013453	0.0762331838565	0.0896860986547	0.156950672646	0.125560538117	0.233183856502	0.0941704035874	0.19730941704	0.107623318386	0.313901345291	0.255605381166	0.107623318386	0.0941704035874	0.0896860986547	0.273542600897	0.107623318386	0.116591928251	0.0493273542601	0.390134529148	0.130044843049	0.0717488789238	0.0807174887892	0.0896860986547	0.0717488789238	0.363228699552	0.0896860986547	0.183856502242	0.206278026906	0.0807174887892	0.0896860986547	0.251121076233	0.125560538117	0.0941704035874	0.103139013453	0.0403587443946	0.0717488789238	0.318385650224	0.309417040359	0.134529147982	0.0941704035874	0.067264573991	0.116591928251	0.224215246637	0.174887892377	0.0807174887892	0.0762331838565	0.112107623318	0.0717488789238	0.0807174887892	0.107623318386	0.0986547085202	0.116591928251	0.0941704035874	0.161434977578	0.067264573991	0.0896860986547	0.22869955157	0.0807174887892	0.183856502242	0.107623318386	0.219730941704	0.103139013453	0.2466367713	0.282511210762	0.156950672646	0.0896860986547	0.085201793722	0.2466367713	0.192825112108	0.139013452915	0.215246636771	0.125560538117	0.37668161435	0.085201793722	0.161434977578	0.291479820628	0.291479820628	0.188340807175
764366428-stool2.snv.bam	0.103139013453	0.0582959641256	0.103139013453	0.0	0.0	0.0896860986547	0.0582959641256	0.116591928251	0.116591928251	0.0538116591928	0.143497757848	0.0582959641256	0.260089686099	0.0	0.286995515695	0.156950672646	0.0	0.156950672646	0.0807174887892	0.286995515695	0.103139013453	0.116591928251	0.116591928251	0.358744394619	0.0986547085202	0.067264573991	0.0941704035874	0.0448430493274	0.103139013453	0.331838565022	0.067264573991	0.237668161435	0.251121076233	0.152466367713	0.0538116591928	0.255605381166	0.0986547085202	0.0582959641256	0.0582959641256	0.0538116591928	0.0627802690583	0.291479820628	0.340807174888	0.0896860986547	0.0448430493274	0.0493273542601	0.067264573991	0.22869955157	0.188340807175	0.0807174887892	0.0358744394619	0.116591928251	0.0896860986547	0.0403587443946	0.0538116591928	0.143497757848	0.0134529147982	0.0896860986547	0.161434977578	0.067264573991	0.107623318386	0.201793721973	0.0403587443946	0.156950672646	0.14798206278	0.260089686099	0.165919282511	0.242152466368	0.264573991031	0.251121076233	0.0627802690583	0.0493273542601	0.242152466368	0.192825112108	0.219730941704	0.210762331839	0.0896860986547	0.318385650224	0.0717488789238	0.255605381166	0.264573991031	0.269058295964	0.192825112108
764366428-stool3.snv.bam	0.103139013453	0.0582959641256	0.103139013453	0.0	0.0	0.085201793722	0.0538116591928	0.121076233184	0.116591928251	0.0538116591928	0.152466367713	0.0538116591928	0.255605381166	0.0	0.295964125561	0.165919282511	0.0	0.170403587444	0.0807174887892	0.282511210762	0.103139013453	0.116591928251	0.125560538117	0.363228699552	0.0941704035874	0.067264573991	0.0941704035874	0.0448430493274	0.0986547085202	0.336322869955	0.067264573991	0.233183856502	0.2466367713	0.152466367713	0.0493273542601	0.255605381166	0.0941704035874	0.0538116591928	0.0538116591928	0.0538116591928	0.0582959641256	0.300448430493	0.349775784753	0.085201793722	0.0403587443946	0.0448430493274	0.0627802690583	0.233183856502	0.192825112108	0.0807174887892	0.0358744394619	0.116591928251	0.0941704035874	0.0358744394619	0.0493273542601	0.139013452915	0.0134529147982	0.085201793722	0.165919282511	0.067264573991	0.112107623318	0.206278026906	0.0358744394619	0.152466367713	0.14798206278	0.260089686099	0.165919282511	0.242152466368	0.273542600897	0.251121076233	0.0627802690583	0.0493273542601	0.2466367713	0.188340807175	0.219730941704	0.215246636771	0.085201793722	0.32735426009	0.067264573991	0.251121076233	0.273542600897	0.27802690583	0.19730941704
764811490-stool2.snv.bam	0.0896860986547	0.0538116591928	0.103139013453	0.0896860986547	0.085201793722	0.0	0.0582959641256	0.116591928251	0.0582959641256	0.116591928251	0.215246636771	0.067264573991	0.22869955157	0.0896860986547	0.273542600897	0.233183856502	0.0896860986547	0.143497757848	0.152466367713	0.282511210762	0.112107623318	0.125560538117	0.134529147982	0.349775784753	0.0582959641256	0.0538116591928	0.0896860986547	0.0941704035874	0.107623318386	0.322869955157	0.0896860986547	0.206278026906	0.215246636771	0.121076233184	0.0717488789238	0.237668161435	0.0986547085202	0.0762331838565	0.0807174887892	0.0627802690583	0.0717488789238	0.27802690583	0.336322869955	0.116591928251	0.0807174887892	0.067264573991	0.0986547085202	0.19730941704	0.192825112108	0.152466367713	0.0538116591928	0.121076233184	0.134529147982	0.0762331838565	0.0896860986547	0.143497757848	0.0986547085202	0.0448430493274	0.161434977578	0.107623318386	0.121076233184	0.224215246637	0.0762331838565	0.107623318386	0.156950672646	0.251121076233	0.152466367713	0.215246636771	0.233183856502	0.242152466368	0.0896860986547	0.0896860986547	0.22869955157	0.156950672646	0.210762331839	0.19730941704	0.0269058295964	0.340807174888	0.0538116591928	0.210762331839	0.251121076233	0.242152466368	0.206278026906
765013792-stool2.snv.bam	0.0807174887892	0.0313901345291	0.0762331838565	0.0582959641256	0.0538116591928	0.0582959641256	0.0	0.0986547085202	0.0896860986547	0.0807174887892	0.152466367713	0.0538116591928	0.224215246637	0.0582959641256	0.282511210762	0.188340807175	0.0582959641256	0.152466367713	0.116591928251	0.27802690583	0.116591928251	0.143497757848	0.139013452915	0.345291479821	0.0717488789238	0.0582959641256	0.0807174887892	0.067264573991	0.0896860986547	0.318385650224	0.0493273542601	0.201793721973	0.237668161435	0.125560538117	0.0313901345291	0.2466367713	0.0762331838565	0.0358744394619	0.0538116591928	0.0403587443946	0.0358744394619	0.286995515695	0.336322869955	0.0582959641256	0.0358744394619	0.0224215246637	0.0493273542601	0.224215246637	0.188340807175	0.112107623318	0.0313901345291	0.130044843049	0.103139013453	0.0358744394619	0.0358744394619	0.116591928251	0.0582959641256	0.0493273542601	0.165919282511	0.0627802690583	0.130044843049	0.215246636771	0.0269058295964	0.107623318386	0.14798206278	0.251121076233	0.14798206278	0.22869955157	0.264573991031	0.242152466368	0.0627802690583	0.0538116591928	0.233183856502	0.170403587444	0.210762331839	0.206278026906	0.0762331838565	0.336322869955	0.0358744394619	0.22869955157	0.264573991031	0.264573991031	0.210762331839
BGI-06A.snv.bam	0.139013452915	0.0582959641256	0.0896860986547	0.116591928251	0.121076233184	0.116591928251	0.0986547085202	0.0	0.161434977578	0.134529147982	0.170403587444	0.121076233184	0.0582959641256	0.121076233184	0.156950672646	0.188340807175	0.121076233184	0.0134529147982	0.125560538117	0.125560538117	0.121076233184	0.121076233184	0.0269058295964	0.224215246637	0.116591928251	0.103139013453	0.112107623318	0.0762331838565	0.156950672646	0.19730941704	0.134529147982	0.0717488789238	0.0807174887892	0.0627802690583	0.134529147982	0.125560538117	0.130044843049	0.0941704035874	0.112107623318	0.0179372197309	0.116591928251	0.165919282511	0.219730941704	0.0538116591928	0.103139013453	0.085201793722	0.0986547085202	0.0986547085202	0.0358744394619	0.143497757848	0.0358744394619	0.0986547085202	0.0313901345291	0.0941704035874	0.103139013453	0.0538116591928	0.121076233184	0.0986547085202	0.0403587443946	0.0762331838565	0.103139013453	0.067264573991	0.0717488789238	0.0896860986547	0.156950672646	0.0807174887892	0.0448430493274	0.0986547085202	0.134529147982	0.0358744394619	0.0403587443946	0.0493273542601	0.112107623318	0.0403587443946	0.0179372197309	0.103139013453	0.14798206278	0.206278026906	0.067264573991	0.0807174887892	0.152466367713	0.143497757848	0.0538116591928
CCIS15704761ST-4-0.snv.bam	0.134529147982	0.0717488789238	0.156950672646	0.116591928251	0.116591928251	0.0582959641256	0.0896860986547	0.161434977578	0.0	0.125560538117	0.165919282511	0.0986547085202	0.260089686099	0.112107623318	0.313901345291	0.201793721973	0.121076233184	0.19730941704	0.183856502242	0.313901345291	0.143497757848	0.165919282511	0.179372197309	0.381165919283	0.0941704035874	0.107623318386	0.0807174887892	0.0896860986547	0.161434977578	0.354260089686	0.103139013453	0.242152466368	0.264573991031	0.179372197309	0.085201793722	0.273542600897	0.139013452915	0.0986547085202	0.125560538117	0.0896860986547	0.103139013453	0.318385650224	0.367713004484	0.134529147982	0.103139013453	0.0941704035874	0.112107623318	0.255605381166	0.233183856502	0.183856502242	0.0762331838565	0.156950672646	0.174887892377	0.107623318386	0.112107623318	0.192825112108	0.130044843049	0.085201793722	0.19730941704	0.143497757848	0.165919282511	0.251121076233	0.0986547085202	0.143497757848	0.14798206278	0.286995515695	0.192825112108	0.251121076233	0.291479820628	0.286995515695	0.121076233184	0.112107623318	0.269058295964	0.188340807175	0.255605381166	0.22869955157	0.0582959641256	0.372197309417	0.121076233184	0.2466367713	0.286995515695	0.291479820628	0.2466367713
CCIS22906510ST-20-0.snv.bam	0.125560538117	0.0762331838565	0.125560538117	0.0538116591928	0.0538116591928	0.116591928251	0.0807174887892	0.134529147982	0.125560538117	0.0	0.14798206278	0.103139013453	0.251121076233	0.0538116591928	0.27802690583	0.174887892377	0.0538116591928	0.165919282511	0.121076233184	0.295964125561	0.130044843049	0.14798206278	0.125560538117	0.345291479821	0.130044843049	0.103139013453	0.0986547085202	0.0403587443946	0.0986547085202	0.318385650224	0.0986547085202	0.224215246637	0.22869955157	0.134529147982	0.085201793722	0.260089686099	0.130044843049	0.0941704035874	0.0717488789238	0.0807174887892	0.0717488789238	0.282511210762	0.331838565022	0.116591928251	0.067264573991	0.0762331838565	0.0807174887892	0.22869955157	0.192825112108	0.103139013453	0.0538116591928	0.139013452915	0.121076233184	0.067264573991	0.0717488789238	0.156950672646	0.0582959641256	0.0986547085202	0.165919282511	0.0896860986547	0.134529147982	0.219730941704	0.067264573991	0.170403587444	0.156950672646	0.273542600897	0.143497757848	0.224215246637	0.2466367713	0.237668161435	0.0627802690583	0.0448430493274	0.22869955157	0.170403587444	0.210762331839	0.224215246637	0.116591928251	0.336322869955	0.0986547085202	0.242152466368	0.273542600897	0.264573991031	0.192825112108
CCIS29688262ST-20-0.snv.bam	0.215246636771	0.152466367713	0.233183856502	0.143497757848	0.152466367713	0.215246636771	0.152466367713	0.170403587444	0.165919282511	0.14798206278	0.0	0.192825112108	0.300448430493	0.143497757848	0.251121076233	0.0179372197309	0.152466367713	0.210762331839	0.19730941704	0.318385650224	0.201793721973	0.233183856502	0.201793721973	0.237668161435	0.206278026906	0.201793721973	0.14798206278	0.116591928251	0.237668161435	0.242152466368	0.170403587444	0.273542600897	0.286995515695	0.219730941704	0.179372197309	0.219730941704	0.215246636771	0.156950672646	0.183856502242	0.125560538117	0.183856502242	0.255605381166	0.260089686099	0.14798206278	0.161434977578	0.143497757848	0.156950672646	0.219730941704	0.233183856502	0.19730941704	0.139013452915	0.215246636771	0.165919282511	0.165919282511	0.152466367713	0.215246636771	0.156950672646	0.192825112108	0.165919282511	0.161434977578	0.22869955157	0.242152466368	0.156950672646	0.206278026906	0.215246636771	0.295964125561	0.210762331839	0.215246636771	0.242152466368	0.304932735426	0.0896860986547	0.0717488789238	0.206278026906	0.2466367713	0.273542600897	0.192825112108	0.224215246637	0.219730941704	0.183856502242	0.300448430493	0.201793721973	0.233183856502	0.2466367713
CCIS36699628ST-4-0.snv.bam	0.0762331838565	0.0224215246637	0.0941704035874	0.0582959641256	0.0538116591928	0.067264573991	0.0538116591928	0.121076233184	0.0986547085202	0.103139013453	0.192825112108	0.0	0.233183856502	0.0582959641256	0.291479820628	0.210762331839	0.0582959641256	0.170403587444	0.130044843049	0.286995515695	0.130044843049	0.143497757848	0.14798206278	0.358744394619	0.0627802690583	0.0358744394619	0.0941704035874	0.067264573991	0.0986547085202	0.331838565022	0.0403587443946	0.206278026906	0.242152466368	0.14798206278	0.0493273542601	0.251121076233	0.0762331838565	0.0269058295964	0.0717488789238	0.0493273542601	0.0403587443946	0.295964125561	0.345291479821	0.085201793722	0.0582959641256	0.0493273542601	0.0717488789238	0.22869955157	0.206278026906	0.130044843049	0.0403587443946	0.143497757848	0.112107623318	0.0538116591928	0.067264573991	0.156950672646	0.067264573991	0.067264573991	0.161434977578	0.085201793722	0.139013452915	0.224215246637	0.0538116591928	0.121076233184	0.143497757848	0.260089686099	0.170403587444	0.233183856502	0.264573991031	0.255605381166	0.085201793722	0.0807174887892	0.242152466368	0.161434977578	0.219730941704	0.210762331839	0.0762331838565	0.349775784753	0.0582959641256	0.22869955157	0.269058295964	0.273542600897	0.215246636771
CCIS41288781ST-4-0.snv.bam	0.251121076233	0.156950672646	0.19730941704	0.260089686099	0.255605381166	0.22869955157	0.224215246637	0.0582959641256	0.260089686099	0.251121076233	0.300448430493	0.233183856502	0.0	0.260089686099	0.201793721973	0.331838565022	0.260089686099	0.0358744394619	0.242152466368	0.161434977578	0.233183856502	0.242152466368	0.0403587443946	0.273542600897	0.22869955157	0.219730941704	0.201793721973	0.174887892377	0.206278026906	0.237668161435	0.237668161435	0.0313901345291	0.085201793722	0.0986547085202	0.2466367713	0.179372197309	0.224215246637	0.22869955157	0.233183856502	0.112107623318	0.237668161435	0.201793721973	0.206278026906	0.206278026906	0.22869955157	0.201793721973	0.224215246637	0.121076233184	0.0582959641256	0.251121076233	0.125560538117	0.233183856502	0.179372197309	0.22869955157	0.233183856502	0.192825112108	0.260089686099	0.210762331839	0.0538116591928	0.19730941704	0.237668161435	0.125560538117	0.219730941704	0.206278026906	0.242152466368	0.085201793722	0.116591928251	0.125560538117	0.170403587444	0.0582959641256	0.103139013453	0.107623318386	0.134529147982	0.0582959641256	0.0493273542601	0.192825112108	0.260089686099	0.291479820628	0.215246636771	0.0896860986547	0.210762331839	0.192825112108	0.0448430493274
CCIS50148151ST-4-0.snv.bam	0.107623318386	0.0582959641256	0.107623318386	0.0	0.0	0.0896860986547	0.0582959641256	0.121076233184	0.112107623318	0.0538116591928	0.143497757848	0.0582959641256	0.260089686099	0.0	0.300448430493	0.161434977578	0.0	0.170403587444	0.0807174887892	0.286995515695	0.103139013453	0.116591928251	0.130044843049	0.367713004484	0.0986547085202	0.0717488789238	0.0896860986547	0.0448430493274	0.103139013453	0.340807174888	0.0717488789238	0.237668161435	0.251121076233	0.161434977578	0.0538116591928	0.260089686099	0.0986547085202	0.0582959641256	0.0582959641256	0.0538116591928	0.0627802690583	0.304932735426	0.354260089686	0.0896860986547	0.0448430493274	0.0493273542601	0.067264573991	0.237668161435	0.192825112108	0.0807174887892	0.0358744394619	0.116591928251	0.0941704035874	0.0403587443946	0.0538116591928	0.143497757848	0.0134529147982	0.0896860986547	0.165919282511	0.067264573991	0.112107623318	0.206278026906	0.0403587443946	0.156950672646	0.143497757848	0.260089686099	0.170403587444	0.2466367713	0.27802690583	0.255605381166	0.067264573991	0.0538116591928	0.251121076233	0.192825112108	0.224215246637	0.219730941704	0.0896860986547	0.331838565022	0.0717488789238	0.255605381166	0.27802690583	0.282511210762	0.19730941704
CCIS59903910ST-4-0.snv.bam	0.309417040359	0.22869955157	0.313901345291	0.286995515695	0.295964125561	0.273542600897	0.282511210762	0.156950672646	0.313901345291	0.27802690583	0.251121076233	0.291479820628	0.201793721973	0.300448430493	0.0	0.269058295964	0.300448430493	0.130044843049	0.345291479821	0.269058295964	0.309417040359	0.32735426009	0.156950672646	0.0986547085202	0.291479820628	0.264573991031	0.304932735426	0.251121076233	0.313901345291	0.0762331838565	0.300448430493	0.174887892377	0.161434977578	0.251121076233	0.309417040359	0.0538116591928	0.269058295964	0.282511210762	0.273542600897	0.219730941704	0.309417040359	0.0134529147982	0.103139013453	0.255605381166	0.282511210762	0.273542600897	0.27802690583	0.0179372197309	0.156950672646	0.345291479821	0.152466367713	0.318385650224	0.282511210762	0.27802690583	0.282511210762	0.322869955157	0.300448430493	0.27802690583	0.0941704035874	0.286995515695	0.322869955157	0.183856502242	0.27802690583	0.286995515695	0.345291479821	0.224215246637	0.0762331838565	0.0403587443946	0.0134529147982	0.19730941704	0.0538116591928	0.0448430493274	0.0313901345291	0.139013452915	0.174887892377	0.067264573991	0.309417040359	0.134529147982	0.295964125561	0.183856502242	0.0448430493274	0.0	0.161434977578
CCMD40701343ST-21-0.snv.bam	0.251121076233	0.179372197309	0.255605381166	0.156950672646	0.165919282511	0.233183856502	0.188340807175	0.188340807175	0.201793721973	0.174887892377	0.0179372197309	0.210762331839	0.331838565022	0.161434977578	0.269058295964	0.0	0.170403587444	0.22869955157	0.242152466368	0.340807174888	0.2466367713	0.27802690583	0.224215246637	0.242152466368	0.251121076233	0.219730941704	0.179372197309	0.125560538117	0.255605381166	0.2466367713	0.215246636771	0.300448430493	0.309417040359	0.260089686099	0.206278026906	0.210762331839	0.251121076233	0.201793721973	0.210762331839	0.152466367713	0.215246636771	0.273542600897	0.264573991031	0.179372197309	0.188340807175	0.183856502242	0.201793721973	0.237668161435	0.255605381166	0.242152466368	0.152466367713	0.260089686099	0.174887892377	0.192825112108	0.19730941704	0.237668161435	0.183856502242	0.237668161435	0.201793721973	0.206278026906	0.273542600897	0.260089686099	0.183856502242	0.237668161435	0.242152466368	0.313901345291	0.215246636771	0.237668161435	0.260089686099	0.32735426009	0.107623318386	0.103139013453	0.215246636771	0.264573991031	0.282511210762	0.215246636771	0.242152466368	0.219730941704	0.210762331839	0.322869955157	0.201793721973	0.251121076233	0.269058295964
CCMD74930188ST-21-0.snv.bam	0.107623318386	0.0582959641256	0.107623318386	0.0	0.0	0.0896860986547	0.0582959641256	0.121076233184	0.121076233184	0.0538116591928	0.152466367713	0.0582959641256	0.260089686099	0.0	0.300448430493	0.170403587444	0.0	0.170403587444	0.0807174887892	0.286995515695	0.103139013453	0.116591928251	0.130044843049	0.367713004484	0.0986547085202	0.0717488789238	0.0986547085202	0.0448430493274	0.103139013453	0.340807174888	0.0717488789238	0.237668161435	0.251121076233	0.161434977578	0.0538116591928	0.260089686099	0.0986547085202	0.0582959641256	0.0582959641256	0.0538116591928	0.0627802690583	0.304932735426	0.354260089686	0.0896860986547	0.0448430493274	0.0493273542601	0.067264573991	0.237668161435	0.192825112108	0.0807174887892	0.0358744394619	0.116591928251	0.0941704035874	0.0403587443946	0.0538116591928	0.143497757848	0.0134529147982	0.0896860986547	0.165919282511	0.067264573991	0.112107623318	0.206278026906	0.0403587443946	0.156950672646	0.152466367713	0.260089686099	0.170403587444	0.2466367713	0.27802690583	0.255605381166	0.067264573991	0.0538116591928	0.251121076233	0.192825112108	0.224215246637	0.219730941704	0.0896860986547	0.331838565022	0.0717488789238	0.255605381166	0.27802690583	0.282511210762	0.19730941704
DLM012.snv.bam	0.183856502242	0.0538116591928	0.0941704035874	0.156950672646	0.170403587444	0.143497757848	0.152466367713	0.0134529147982	0.19730941704	0.165919282511	0.210762331839	0.170403587444	0.0358744394619	0.170403587444	0.130044843049	0.22869955157	0.170403587444	0.0	0.206278026906	0.112107623318	0.192825112108	0.201793721973	0.0269058295964	0.210762331839	0.170403587444	0.14798206278	0.139013452915	0.085201793722	0.210762331839	0.179372197309	0.170403587444	0.0538116591928	0.0448430493274	0.085201793722	0.183856502242	0.116591928251	0.161434977578	0.143497757848	0.161434977578	0.0403587443946	0.170403587444	0.130044843049	0.19730941704	0.121076233184	0.143497757848	0.112107623318	0.156950672646	0.0538116591928	0.0224215246637	0.210762331839	0.0403587443946	0.192825112108	0.121076233184	0.14798206278	0.156950672646	0.107623318386	0.170403587444	0.156950672646	0.0224215246637	0.134529147982	0.179372197309	0.0313901345291	0.143497757848	0.14798206278	0.224215246637	0.0807174887892	0.0448430493274	0.0762331838565	0.107623318386	0.0358744394619	0.0269058295964	0.0224215246637	0.0762331838565	0.0224215246637	0.0179372197309	0.0986547085202	0.192825112108	0.19730941704	0.0941704035874	0.0807174887892	0.125560538117	0.116591928251	0.0134529147982
DLM024.snv.bam	0.143497757848	0.103139013453	0.0896860986547	0.0807174887892	0.0807174887892	0.152466367713	0.116591928251	0.125560538117	0.183856502242	0.121076233184	0.19730941704	0.130044843049	0.242152466368	0.0807174887892	0.345291479821	0.242152466368	0.0807174887892	0.206278026906	0.0	0.27802690583	0.0538116591928	0.0493273542601	0.116591928251	0.399103139013	0.134529147982	0.134529147982	0.103139013453	0.0896860986547	0.107623318386	0.372197309417	0.125560538117	0.219730941704	0.22869955157	0.139013452915	0.134529147982	0.295964125561	0.152466367713	0.112107623318	0.121076233184	0.0448430493274	0.134529147982	0.349775784753	0.313901345291	0.125560538117	0.116591928251	0.0986547085202	0.116591928251	0.27802690583	0.179372197309	0.0224215246637	0.0941704035874	0.0538116591928	0.0986547085202	0.112107623318	0.107623318386	0.0941704035874	0.085201793722	0.125560538117	0.188340807175	0.0403587443946	0.0493273542601	0.242152466368	0.112107623318	0.192825112108	0.0986547085202	0.206278026906	0.215246636771	0.27802690583	0.322869955157	0.192825112108	0.121076233184	0.107623318386	0.27802690583	0.219730941704	0.170403587444	0.255605381166	0.161434977578	0.367713004484	0.134529147982	0.183856502242	0.313901345291	0.32735426009	0.201793721973
ED19A.snv.bam	0.286995515695	0.242152466368	0.273542600897	0.286995515695	0.282511210762	0.282511210762	0.27802690583	0.125560538117	0.313901345291	0.295964125561	0.318385650224	0.286995515695	0.161434977578	0.286995515695	0.269058295964	0.340807174888	0.286995515695	0.112107623318	0.27802690583	0.0	0.264573991031	0.27802690583	0.107623318386	0.27802690583	0.282511210762	0.269058295964	0.251121076233	0.242152466368	0.291479820628	0.264573991031	0.300448430493	0.139013452915	0.170403587444	0.19730941704	0.300448430493	0.219730941704	0.282511210762	0.286995515695	0.282511210762	0.174887892377	0.304932735426	0.264573991031	0.242152466368	0.2466367713	0.27802690583	0.269058295964	0.273542600897	0.210762331839	0.134529147982	0.286995515695	0.174887892377	0.273542600897	0.233183856502	0.273542600897	0.27802690583	0.242152466368	0.286995515695	0.27802690583	0.134529147982	0.255605381166	0.27802690583	0.134529147982	0.273542600897	0.260089686099	0.295964125561	0.161434977578	0.170403587444	0.206278026906	0.251121076233	0.170403587444	0.165919282511	0.161434977578	0.219730941704	0.152466367713	0.14798206278	0.2466367713	0.313901345291	0.251121076233	0.295964125561	0.165919282511	0.2466367713	0.260089686099	0.121076233184
HT25A.snv.bam	0.143497757848	0.0896860986547	0.107623318386	0.103139013453	0.103139013453	0.112107623318	0.116591928251	0.121076233184	0.143497757848	0.130044843049	0.201793721973	0.130044843049	0.233183856502	0.103139013453	0.309417040359	0.2466367713	0.103139013453	0.192825112108	0.0538116591928	0.264573991031	0.0	0.0134529147982	0.112107623318	0.372197309417	0.0941704035874	0.121076233184	0.116591928251	0.0986547085202	0.134529147982	0.345291479821	0.139013452915	0.219730941704	0.215246636771	0.139013452915	0.139013452915	0.269058295964	0.170403587444	0.125560538117	0.130044843049	0.0627802690583	0.139013452915	0.313901345291	0.304932735426	0.112107623318	0.112107623318	0.0941704035874	0.103139013453	0.251121076233	0.161434977578	0.0582959641256	0.0807174887892	0.0	0.121076233184	0.116591928251	0.103139013453	0.121076233184	0.107623318386	0.0941704035874	0.165919282511	0.0358744394619	0.0179372197309	0.224215246637	0.107623318386	0.134529147982	0.116591928251	0.206278026906	0.179372197309	0.2466367713	0.291479820628	0.192825112108	0.103139013453	0.0941704035874	0.264573991031	0.201793721973	0.170403587444	0.219730941704	0.121076233184	0.340807174888	0.134529147982	0.174887892377	0.282511210762	0.286995515695	0.192825112108
HT8A.snv.bam	0.161434977578	0.085201793722	0.116591928251	0.116591928251	0.116591928251	0.125560538117	0.143497757848	0.121076233184	0.165919282511	0.14798206278	0.233183856502	0.143497757848	0.242152466368	0.116591928251	0.32735426009	0.27802690583	0.116591928251	0.201793721973	0.0493273542601	0.27802690583	0.0134529147982	0.0	0.116591928251	0.390134529148	0.107623318386	0.130044843049	0.130044843049	0.107623318386	0.139013452915	0.363228699552	0.152466367713	0.224215246637	0.219730941704	0.139013452915	0.152466367713	0.282511210762	0.170403587444	0.139013452915	0.14798206278	0.0538116591928	0.161434977578	0.331838565022	0.309417040359	0.143497757848	0.143497757848	0.121076233184	0.134529147982	0.269058295964	0.174887892377	0.0448430493274	0.0986547085202	0.0134529147982	0.121076233184	0.139013452915	0.134529147982	0.121076233184	0.121076233184	0.103139013453	0.179372197309	0.0403587443946	0.00448430493274	0.242152466368	0.139013452915	0.165919282511	0.121076233184	0.210762331839	0.183856502242	0.264573991031	0.309417040359	0.19730941704	0.116591928251	0.116591928251	0.27802690583	0.219730941704	0.174887892377	0.237668161435	0.143497757848	0.349775784753	0.156950672646	0.179372197309	0.300448430493	0.304932735426	0.19730941704
MH0274.snv.bam	0.174887892377	0.0538116591928	0.0493273542601	0.116591928251	0.125560538117	0.134529147982	0.139013452915	0.0269058295964	0.179372197309	0.125560538117	0.201793721973	0.14798206278	0.0403587443946	0.130044843049	0.156950672646	0.224215246637	0.130044843049	0.0269058295964	0.116591928251	0.107623318386	0.112107623318	0.116591928251	0.0	0.233183856502	0.152466367713	0.130044843049	0.103139013453	0.0627802690583	0.121076233184	0.206278026906	0.165919282511	0.0313901345291	0.0358744394619	0.067264573991	0.156950672646	0.152466367713	0.14798206278	0.134529147982	0.143497757848	0.0269058295964	0.152466367713	0.165919282511	0.170403587444	0.107623318386	0.139013452915	0.121076233184	0.143497757848	0.067264573991	0.0224215246637	0.121076233184	0.0582959641256	0.0941704035874	0.085201793722	0.139013452915	0.143497757848	0.0807174887892	0.139013452915	0.121076233184	0.0313901345291	0.0896860986547	0.116591928251	0.067264573991	0.130044843049	0.152466367713	0.152466367713	0.0493273542601	0.0448430493274	0.103139013453	0.107623318386	0.0493273542601	0.0403587443946	0.0358744394619	0.107623318386	0.0538116591928	0.0313901345291	0.121076233184	0.165919282511	0.215246636771	0.103139013453	0.067264573991	0.165919282511	0.152466367713	0.0269058295964
MH0277.snv.bam	0.340807174888	0.304932735426	0.390134529148	0.358744394619	0.363228699552	0.349775784753	0.345291479821	0.224215246637	0.381165919283	0.345291479821	0.237668161435	0.358744394619	0.273542600897	0.367713004484	0.0986547085202	0.242152466368	0.367713004484	0.210762331839	0.399103139013	0.27802690583	0.372197309417	0.390134529148	0.233183856502	0.0	0.345291479821	0.336322869955	0.372197309417	0.309417040359	0.381165919283	0.00896860986547	0.372197309417	0.233183856502	0.233183856502	0.313901345291	0.37668161435	0.0313901345291	0.358744394619	0.345291479821	0.340807174888	0.269058295964	0.37668161435	0.103139013453	0.0448430493274	0.304932735426	0.349775784753	0.331838565022	0.340807174888	0.116591928251	0.2466367713	0.408071748879	0.210762331839	0.381165919283	0.340807174888	0.345291479821	0.345291479821	0.381165919283	0.367713004484	0.340807174888	0.139013452915	0.349775784753	0.385650224215	0.2466367713	0.345291479821	0.340807174888	0.412556053812	0.291479820628	0.116591928251	0.0493273542601	0.112107623318	0.273542600897	0.134529147982	0.125560538117	0.0627802690583	0.192825112108	0.242152466368	0.139013452915	0.372197309417	0.0717488789238	0.367713004484	0.242152466368	0.0627802690583	0.0986547085202	0.237668161435
MH0444.snv.bam	0.0807174887892	0.0493273542601	0.130044843049	0.0986547085202	0.0941704035874	0.0582959641256	0.0717488789238	0.116591928251	0.0941704035874	0.130044843049	0.206278026906	0.0627802690583	0.22869955157	0.0986547085202	0.291479820628	0.251121076233	0.0986547085202	0.170403587444	0.134529147982	0.282511210762	0.0941704035874	0.107623318386	0.152466367713	0.345291479821	0.0	0.067264573991	0.125560538117	0.107623318386	0.139013452915	0.318385650224	0.0717488789238	0.210762331839	0.233183856502	0.139013452915	0.0896860986547	0.242152466368	0.107623318386	0.0538116591928	0.103139013453	0.0582959641256	0.0807174887892	0.295964125561	0.331838565022	0.0986547085202	0.0807174887892	0.0448430493274	0.0717488789238	0.233183856502	0.201793721973	0.143497757848	0.0538116591928	0.107623318386	0.125560538117	0.085201793722	0.0807174887892	0.152466367713	0.0986547085202	0.0358744394619	0.165919282511	0.0941704035874	0.107623318386	0.219730941704	0.085201793722	0.0582959641256	0.179372197309	0.255605381166	0.170403587444	0.215246636771	0.269058295964	0.255605381166	0.0941704035874	0.085201793722	0.237668161435	0.165919282511	0.224215246637	0.201793721973	0.0717488789238	0.340807174888	0.0896860986547	0.219730941704	0.255605381166	0.269058295964	0.215246636771
MMRS14602194ST-27-0-0.snv.bam	0.0717488789238	0.0313901345291	0.0717488789238	0.067264573991	0.067264573991	0.0538116591928	0.0582959641256	0.103139013453	0.107623318386	0.103139013453	0.201793721973	0.0358744394619	0.219730941704	0.0717488789238	0.264573991031	0.219730941704	0.0717488789238	0.14798206278	0.134529147982	0.269058295964	0.121076233184	0.130044843049	0.130044843049	0.336322869955	0.067264573991	0.0	0.0986547085202	0.0627802690583	0.0941704035874	0.313901345291	0.0627802690583	0.19730941704	0.22869955157	0.134529147982	0.0448430493274	0.22869955157	0.0807174887892	0.0582959641256	0.067264573991	0.0538116591928	0.0538116591928	0.269058295964	0.318385650224	0.0896860986547	0.0627802690583	0.0493273542601	0.0717488789238	0.19730941704	0.183856502242	0.125560538117	0.0403587443946	0.130044843049	0.107623318386	0.0582959641256	0.0717488789238	0.14798206278	0.0807174887892	0.067264573991	0.152466367713	0.0762331838565	0.130044843049	0.201793721973	0.0582959641256	0.112107623318	0.143497757848	0.242152466368	0.156950672646	0.215246636771	0.237668161435	0.237668161435	0.0762331838565	0.0717488789238	0.210762331839	0.14798206278	0.210762331839	0.183856502242	0.067264573991	0.313901345291	0.0538116591928	0.210762331839	0.242152466368	0.2466367713	0.192825112108
MMRS38861560ST-27-0-0.snv.bam	0.125560538117	0.0538116591928	0.0807174887892	0.0941704035874	0.0941704035874	0.0896860986547	0.0807174887892	0.112107623318	0.0807174887892	0.0986547085202	0.14798206278	0.0941704035874	0.201793721973	0.0896860986547	0.304932735426	0.179372197309	0.0986547085202	0.139013452915	0.103139013453	0.251121076233	0.116591928251	0.130044843049	0.103139013453	0.372197309417	0.125560538117	0.0986547085202	0.0	0.0538116591928	0.0717488789238	0.345291479821	0.085201793722	0.179372197309	0.215246636771	0.112107623318	0.0896860986547	0.264573991031	0.116591928251	0.0807174887892	0.085201793722	0.0403587443946	0.085201793722	0.309417040359	0.304932735426	0.0986547085202	0.0627802690583	0.0538116591928	0.0807174887892	0.22869955157	0.206278026906	0.0986547085202	0.0582959641256	0.112107623318	0.125560538117	0.0762331838565	0.067264573991	0.130044843049	0.107623318386	0.0807174887892	0.170403587444	0.067264573991	0.121076233184	0.242152466368	0.0582959641256	0.165919282511	0.0627802690583	0.22869955157	0.170403587444	0.242152466368	0.273542600897	0.210762331839	0.0896860986547	0.0807174887892	0.237668161435	0.179372197309	0.19730941704	0.206278026906	0.121076233184	0.367713004484	0.0717488789238	0.188340807175	0.291479820628	0.286995515695	0.206278026906
MMRS42780924ST-27-0-0.snv.bam	0.112107623318	0.0179372197309	0.0896860986547	0.0448430493274	0.0448430493274	0.0941704035874	0.067264573991	0.0762331838565	0.0896860986547	0.0403587443946	0.116591928251	0.067264573991	0.174887892377	0.0448430493274	0.251121076233	0.125560538117	0.0448430493274	0.085201793722	0.0896860986547	0.242152466368	0.0986547085202	0.107623318386	0.0627802690583	0.309417040359	0.107623318386	0.0627802690583	0.0538116591928	0.0	0.0986547085202	0.286995515695	0.085201793722	0.179372197309	0.161434977578	0.0896860986547	0.0807174887892	0.206278026906	0.121076233184	0.0807174887892	0.0717488789238	0.0313901345291	0.0807174887892	0.255605381166	0.27802690583	0.085201793722	0.0717488789238	0.0627802690583	0.085201793722	0.188340807175	0.139013452915	0.0941704035874	0.0358744394619	0.0986547085202	0.0538116591928	0.0627802690583	0.0762331838565	0.0986547085202	0.0493273542601	0.107623318386	0.103139013453	0.0448430493274	0.0941704035874	0.170403587444	0.067264573991	0.143497757848	0.0896860986547	0.201793721973	0.0986547085202	0.192825112108	0.22869955157	0.152466367713	0.0627802690583	0.0493273542601	0.183856502242	0.152466367713	0.130044843049	0.174887892377	0.0986547085202	0.291479820628	0.0762331838565	0.192825112108	0.233183856502	0.224215246637	0.139013452915
MMRS43939546ST-27-0-0.snv.bam	0.112107623318	0.0986547085202	0.0717488789238	0.103139013453	0.0986547085202	0.107623318386	0.0896860986547	0.156950672646	0.161434977578	0.0986547085202	0.237668161435	0.0986547085202	0.206278026906	0.103139013453	0.313901345291	0.255605381166	0.103139013453	0.210762331839	0.107623318386	0.291479820628	0.134529147982	0.139013452915	0.121076233184	0.381165919283	0.139013452915	0.0941704035874	0.0717488789238	0.0986547085202	0.0	0.354260089686	0.112107623318	0.179372197309	0.215246636771	0.0986547085202	0.0941704035874	0.300448430493	0.130044843049	0.0986547085202	0.0807174887892	0.0717488789238	0.085201793722	0.318385650224	0.300448430493	0.121076233184	0.085201793722	0.0896860986547	0.0986547085202	0.264573991031	0.22869955157	0.0941704035874	0.0762331838565	0.134529147982	0.130044843049	0.0807174887892	0.0941704035874	0.130044843049	0.112107623318	0.103139013453	0.201793721973	0.0941704035874	0.130044843049	0.282511210762	0.0807174887892	0.179372197309	0.116591928251	0.251121076233	0.19730941704	0.255605381166	0.286995515695	0.219730941704	0.112107623318	0.0986547085202	0.260089686099	0.188340807175	0.192825112108	0.255605381166	0.121076233184	0.399103139013	0.0941704035874	0.201793721973	0.32735426009	0.300448430493	0.233183856502
MMRS47685461ST-27-0-0.snv.bam	0.313901345291	0.27802690583	0.363228699552	0.331838565022	0.336322869955	0.322869955157	0.318385650224	0.19730941704	0.354260089686	0.318385650224	0.242152466368	0.331838565022	0.237668161435	0.340807174888	0.0762331838565	0.2466367713	0.340807174888	0.179372197309	0.372197309417	0.264573991031	0.345291479821	0.363228699552	0.206278026906	0.00896860986547	0.318385650224	0.313901345291	0.345291479821	0.286995515695	0.354260089686	0.0	0.345291479821	0.19730941704	0.201793721973	0.282511210762	0.349775784753	0.0358744394619	0.331838565022	0.313901345291	0.313901345291	0.2466367713	0.349775784753	0.0717488789238	0.0538116591928	0.27802690583	0.322869955157	0.304932735426	0.313901345291	0.0896860986547	0.215246636771	0.381165919283	0.183856502242	0.354260089686	0.313901345291	0.318385650224	0.318385650224	0.354260089686	0.340807174888	0.313901345291	0.107623318386	0.322869955157	0.358744394619	0.224215246637	0.318385650224	0.313901345291	0.385650224215	0.269058295964	0.0986547085202	0.0403587443946	0.085201793722	0.2466367713	0.0941704035874	0.0941704035874	0.0538116591928	0.165919282511	0.219730941704	0.112107623318	0.349775784753	0.0627802690583	0.340807174888	0.206278026906	0.067264573991	0.0762331838565	0.206278026906
