	BGI-06A.snv.bam	BGI-33A.snv.bam	DLF014.snv.bam	DLM027.snv.bam	ED14A.snv.bam	ED15A.snv.bam	ED50A.snv.bam	MH0439.snv.bam	O2.UC44-1.snv.bam	O2.UC44-2.snv.bam	SZEY-10A.snv.bam	SZEY-74A.snv.bam	T2D-110A.snv.bam	T2D-121A.snv.bam	T2D-146A.snv.bam	T2D-155A.snv.bam	T2D-20A.snv.bam	T2D-35A.snv.bam	T2D-48A.snv.bam	T2D-68A.snv.bam	T2D-97A.snv.bam
BGI-06A.snv.bam	0.0	0.29168750256	0.0498554859185	0.0504362296971	0.0358884246227	0.0416923059941	0.0490530196078	0.06184066648	0.270952830992	0.269563721484	0.298393743479	0.21390754912	0.226561361556	0.0474998137814	0.0349062604669	0.226296188451	0.284841952856	0.21269663093	0.0738042730229	0.0491855035795	0.0456055835904
BGI-33A.snv.bam	0.29168750256	0.0	0.294632729831	0.293327237015	0.289740926573	0.291265425757	0.294138368024	0.28918591911	0.309590878335	0.315804335312	0.168728902207	0.179927769832	0.258824918124	0.298070188683	0.288752596626	0.222020214287	0.274221257726	0.259197749625	0.300489747982	0.289523273213	0.28956457262
DLF014.snv.bam	0.0498554859185	0.294632729831	0.0	0.0218777204094	0.0231131364948	0.0251063813198	0.0267556812209	0.0393253063372	0.27807999373	0.281925824109	0.311184354227	0.219535803793	0.234250143768	0.0256588963059	0.0228437385492	0.233875499471	0.292592627921	0.224733382062	0.0464267187786	0.032204635333	0.0330389436629
DLM027.snv.bam	0.0504362296971	0.293327237015	0.0218777204094	0.0	0.0238702160445	0.0305863190306	0.0225983884108	0.042909950554	0.284161986944	0.283237229353	0.312147138907	0.220191291855	0.234859543681	0.0313836596799	0.0235303900825	0.234876703447	0.291018706855	0.223866046511	0.0517167391087	0.0328697413023	0.0339115541293
ED14A.snv.bam	0.0358884246227	0.289740926573	0.0231131364948	0.0238702160445	0.0	0.0205865320625	0.0203437936486	0.0283749628503	0.26802743143	0.266704262191	0.301631418987	0.209695045216	0.22330800679	0.0213294313737	0.00843663278665	0.22817978758	0.284613608484	0.215225148935	0.0449522974909	0.0198190967626	0.0237316222288
ED15A.snv.bam	0.0416923059941	0.291265425757	0.0251063813198	0.0305863190306	0.0205865320625	0.0	0.0341865760865	0.0343763678592	0.27550840688	0.274301245206	0.308220470716	0.218878921578	0.226577376505	0.0247207726743	0.0203109543016	0.23106994588	0.289738981898	0.219452552879	0.0433642564784	0.0296314005016	0.0258187943933
ED50A.snv.bam	0.0490530196078	0.294138368024	0.0267556812209	0.0225983884108	0.0203437936486	0.0341865760865	0.0	0.0392691121909	0.280472959344	0.282194814222	0.310413884817	0.218983823807	0.233545813189	0.0328703106331	0.0219991416316	0.233846703236	0.292218657968	0.224558101121	0.0415471991707	0.0316121325938	0.0379087803019
MH0439.snv.bam	0.06184066648	0.28918591911	0.0393253063372	0.042909950554	0.0283749628503	0.0343763678592	0.0392691121909	0.0	0.276657726631	0.271591537346	0.311276504357	0.224218717353	0.224235320787	0.0415396440931	0.0315900081729	0.230929826212	0.278624202813	0.216275413031	0.04284490167	0.0304994668845	0.0363320639978
O2.UC44-1.snv.bam	0.270952830992	0.309590878335	0.27807999373	0.284161986944	0.26802743143	0.27550840688	0.280472959344	0.276657726631	0.0	0.00470303035633	0.321675806257	0.232393984787	0.254122623352	0.283511817825	0.272286708398	0.224184138696	0.300078435767	0.25243241078	0.288805150324	0.272581994483	0.275028682901
O2.UC44-2.snv.bam	0.269563721484	0.315804335312	0.281925824109	0.283237229353	0.266704262191	0.274301245206	0.282194814222	0.271591537346	0.00470303035633	0.0	0.320409512997	0.232652513808	0.260959264064	0.28295510268	0.271177989487	0.216774832372	0.303681892586	0.246122373173	0.287971571505	0.271850789918	0.269110254409
SZEY-10A.snv.bam	0.298393743479	0.168728902207	0.311184354227	0.312147138907	0.301631418987	0.308220470716	0.310413884817	0.311276504357	0.321675806257	0.320409512997	0.0	0.165328125338	0.250095999508	0.314380995056	0.305166807917	0.259740043796	0.264312231911	0.286578627337	0.319455211237	0.305768437075	0.306214581895
SZEY-74A.snv.bam	0.21390754912	0.179927769832	0.219535803793	0.220191291855	0.209695045216	0.218878921578	0.218983823807	0.224218717353	0.232393984787	0.232652513808	0.165328125338	0.0	0.177243276197	0.22564302919	0.215869038546	0.184333684735	0.190390317386	0.193962863249	0.22771837815	0.216081176226	0.21337685563
T2D-110A.snv.bam	0.226561361556	0.258824918124	0.234250143768	0.234859543681	0.22330800679	0.226577376505	0.233545813189	0.224235320787	0.254122623352	0.260959264064	0.250095999508	0.177243276197	0.0	0.237057262186	0.227888981467	0.200670050004	0.250937397655	0.210004108654	0.238314693027	0.228816756054	0.23379824377
T2D-121A.snv.bam	0.0474998137814	0.298070188683	0.0256588963059	0.0313836596799	0.0213294313737	0.0247207726743	0.0328703106331	0.0415396440931	0.283511817825	0.28295510268	0.314380995056	0.22564302919	0.237057262186	0.0	0.0204706235537	0.237628011989	0.295820846633	0.226585405288	0.047995531242	0.0270135573283	0.0332417655781
T2D-146A.snv.bam	0.0349062604669	0.288752596626	0.0228437385492	0.0235303900825	0.00843663278665	0.0203109543016	0.0219991416316	0.0315900081729	0.272286708398	0.271177989487	0.305166807917	0.215869038546	0.227888981467	0.0204706235537	0.0	0.227917318618	0.286659307196	0.215987255784	0.0465428665439	0.0220509573139	0.0236283571309
T2D-155A.snv.bam	0.226296188451	0.222020214287	0.233875499471	0.234876703447	0.22817978758	0.23106994588	0.233846703236	0.230929826212	0.224184138696	0.216774832372	0.259740043796	0.184333684735	0.200670050004	0.237628011989	0.227917318618	0.0	0.26926966845	0.188911863335	0.239505987664	0.228346047969	0.235888646889
T2D-20A.snv.bam	0.284841952856	0.274221257726	0.292592627921	0.291018706855	0.284613608484	0.289738981898	0.292218657968	0.278624202813	0.300078435767	0.303681892586	0.264312231911	0.190390317386	0.250937397655	0.295820846633	0.286659307196	0.26926966845	0.0	0.257650720197	0.298572474124	0.287517866042	0.292397917771
T2D-35A.snv.bam	0.21269663093	0.259197749625	0.224733382062	0.223866046511	0.215225148935	0.219452552879	0.224558101121	0.216275413031	0.25243241078	0.246122373173	0.286578627337	0.193962863249	0.210004108654	0.226585405288	0.215987255784	0.188911863335	0.257650720197	0.0	0.222169439974	0.216337682981	0.221070879724
T2D-48A.snv.bam	0.0738042730229	0.300489747982	0.0464267187786	0.0517167391087	0.0449522974909	0.0433642564784	0.0415471991707	0.04284490167	0.288805150324	0.287971571505	0.319455211237	0.22771837815	0.238314693027	0.047995531242	0.0465428665439	0.239505987664	0.298572474124	0.222169439974	0.0	0.051377060793	0.0572697674882
T2D-68A.snv.bam	0.0491855035795	0.289523273213	0.032204635333	0.0328697413023	0.0198190967626	0.0296314005016	0.0316121325938	0.0304994668845	0.272581994483	0.271850789918	0.305768437075	0.216081176226	0.228816756054	0.0270135573283	0.0220509573139	0.228346047969	0.287517866042	0.216337682981	0.051377060793	0.0	0.0325854667955
T2D-97A.snv.bam	0.0456055835904	0.28956457262	0.0330389436629	0.0339115541293	0.0237316222288	0.0258187943933	0.0379087803019	0.0363320639978	0.275028682901	0.269110254409	0.306214581895	0.21337685563	0.23379824377	0.0332417655781	0.0236283571309	0.235888646889	0.292397917771	0.221070879724	0.0572697674882	0.0325854667955	0.0
