	147406386-tonguedorsum3.snv.bam	159551223-tonguedorsum1.snv.bam	159551223-tonguedorsum2.snv.bam	160502038-tonguedorsum3.snv.bam	246515023-tonguedorsum1.snv.bam	508703490-tonguedorsum2.snv.bam	550534656-tonguedorsum2.snv.bam	638754422-tonguedorsum1.snv.bam	663835652-tonguedorsum2.snv.bam	675950834-tonguedorsum2.snv.bam	737052003-tonguedorsum2.snv.bam	763536994-tonguedorsum2.snv.bam	763577454-tonguedorsum2.snv.bam	763982056-tonguedorsum3.snv.bam	764062976-tonguedorsum2.snv.bam	764285508-tonguedorsum2.snv.bam	764366428-throat2.snv.bam	764467579-tonguedorsum3.snv.bam	764588959-tonguedorsum2.snv.bam	765216093-tonguedorsum3.snv.bam
147406386-tonguedorsum3.snv.bam	0.0	0.109090909091	0.0977272727273	0.075	0.0659090909091	0.0431818181818	0.0977272727273	0.0318181818182	0.136363636364	0.0681818181818	0.111363636364	0.115909090909	0.0681818181818	0.0886363636364	0.0704545454545	0.134090909091	0.102272727273	0.0840909090909	0.111363636364	0.0909090909091
159551223-tonguedorsum1.snv.bam	0.109090909091	0.0	0.0954545454545	0.0681818181818	0.075	0.120454545455	0.109090909091	0.0545454545455	0.159090909091	0.0818181818182	0.131818181818	0.136363636364	0.0954545454545	0.113636363636	0.0886363636364	0.134090909091	0.115909090909	0.125	0.138636363636	0.113636363636
159551223-tonguedorsum2.snv.bam	0.0977272727273	0.0954545454545	0.0	0.0681818181818	0.0590909090909	0.0818181818182	0.0909090909091	0.0431818181818	0.129545454545	0.0590909090909	0.140909090909	0.115909090909	0.0704545454545	0.0818181818182	0.0818181818182	0.122727272727	0.120454545455	0.111363636364	0.129545454545	0.104545454545
160502038-tonguedorsum3.snv.bam	0.075	0.0681818181818	0.0681818181818	0.0	0.0409090909091	0.0772727272727	0.0795454545455	0.0340909090909	0.113636363636	0.0590909090909	0.0954545454545	0.0931818181818	0.0590909090909	0.102272727273	0.0590909090909	0.104545454545	0.109090909091	0.0954545454545	0.0681818181818	0.0636363636364
246515023-tonguedorsum1.snv.bam	0.0659090909091	0.075	0.0590909090909	0.0409090909091	0.0	0.0545454545455	0.0590909090909	0.025	0.102272727273	0.0363636363636	0.1	0.0818181818182	0.0454545454545	0.0863636363636	0.0340909090909	0.0909090909091	0.0931818181818	0.0772727272727	0.0727272727273	0.0727272727273
508703490-tonguedorsum2.snv.bam	0.0431818181818	0.120454545455	0.0818181818182	0.0772727272727	0.0545454545455	0.0	0.0795454545455	0.0431818181818	0.134090909091	0.0568181818182	0.129545454545	0.111363636364	0.0613636363636	0.0977272727273	0.0818181818182	0.118181818182	0.113636363636	0.075	0.125	0.104545454545
550534656-tonguedorsum2.snv.bam	0.0977272727273	0.109090909091	0.0909090909091	0.0795454545455	0.0590909090909	0.0795454545455	0.0	0.0477272727273	0.0795454545455	0.0772727272727	0.159090909091	0.0977272727273	0.0931818181818	0.109090909091	0.102272727273	0.145454545455	0.147727272727	0.122727272727	0.140909090909	0.118181818182
638754422-tonguedorsum1.snv.bam	0.0318181818182	0.0545454545455	0.0431818181818	0.0340909090909	0.025	0.0431818181818	0.0477272727273	0.0	0.0977272727273	0.0340909090909	0.0977272727273	0.0681818181818	0.0318181818182	0.0613636363636	0.0386363636364	0.104545454545	0.0931818181818	0.0795454545455	0.0909090909091	0.0681818181818
663835652-tonguedorsum2.snv.bam	0.136363636364	0.159090909091	0.129545454545	0.113636363636	0.102272727273	0.134090909091	0.0795454545455	0.0977272727273	0.0	0.131818181818	0.179545454545	0.129545454545	0.145454545455	0.127272727273	0.131818181818	0.145454545455	0.168181818182	0.140909090909	0.152272727273	0.138636363636
675950834-tonguedorsum2.snv.bam	0.0681818181818	0.0818181818182	0.0590909090909	0.0590909090909	0.0363636363636	0.0568181818182	0.0772727272727	0.0340909090909	0.131818181818	0.0	0.109090909091	0.0931818181818	0.0318181818182	0.0954545454545	0.0681818181818	0.113636363636	0.104545454545	0.1	0.111363636364	0.0954545454545
737052003-tonguedorsum2.snv.bam	0.111363636364	0.131818181818	0.140909090909	0.0954545454545	0.1	0.129545454545	0.159090909091	0.0977272727273	0.179545454545	0.109090909091	0.0	0.147727272727	0.1	0.122727272727	0.0954545454545	0.165909090909	0.131818181818	0.120454545455	0.154545454545	0.147727272727
763536994-tonguedorsum2.snv.bam	0.115909090909	0.136363636364	0.115909090909	0.0931818181818	0.0818181818182	0.111363636364	0.0977272727273	0.0681818181818	0.129545454545	0.0931818181818	0.147727272727	0.0	0.0886363636364	0.115909090909	0.102272727273	0.152272727273	0.165909090909	0.15	0.140909090909	0.136363636364
763577454-tonguedorsum2.snv.bam	0.0681818181818	0.0954545454545	0.0704545454545	0.0590909090909	0.0454545454545	0.0613636363636	0.0931818181818	0.0318181818182	0.145454545455	0.0318181818182	0.1	0.0886363636364	0.0	0.075	0.0568181818182	0.102272727273	0.0818181818182	0.0840909090909	0.0931818181818	0.0954545454545
763982056-tonguedorsum3.snv.bam	0.0886363636364	0.113636363636	0.0818181818182	0.102272727273	0.0863636363636	0.0977272727273	0.109090909091	0.0613636363636	0.127272727273	0.0954545454545	0.122727272727	0.115909090909	0.075	0.0	0.104545454545	0.154545454545	0.131818181818	0.115909090909	0.159090909091	0.125
764062976-tonguedorsum2.snv.bam	0.0704545454545	0.0886363636364	0.0818181818182	0.0590909090909	0.0340909090909	0.0818181818182	0.102272727273	0.0386363636364	0.131818181818	0.0681818181818	0.0954545454545	0.102272727273	0.0568181818182	0.104545454545	0.0	0.113636363636	0.0909090909091	0.0840909090909	0.0318181818182	0.0977272727273
764285508-tonguedorsum2.snv.bam	0.134090909091	0.134090909091	0.122727272727	0.104545454545	0.0909090909091	0.118181818182	0.145454545455	0.104545454545	0.145454545455	0.113636363636	0.165909090909	0.152272727273	0.102272727273	0.154545454545	0.113636363636	0.0	0.145454545455	0.134090909091	0.140909090909	0.136363636364
764366428-throat2.snv.bam	0.102272727273	0.115909090909	0.120454545455	0.109090909091	0.0931818181818	0.113636363636	0.147727272727	0.0931818181818	0.168181818182	0.104545454545	0.131818181818	0.165909090909	0.0818181818182	0.131818181818	0.0909090909091	0.145454545455	0.0	0.0909090909091	0.143181818182	0.129545454545
764467579-tonguedorsum3.snv.bam	0.0840909090909	0.125	0.111363636364	0.0954545454545	0.0772727272727	0.075	0.122727272727	0.0795454545455	0.140909090909	0.1	0.120454545455	0.15	0.0840909090909	0.115909090909	0.0840909090909	0.134090909091	0.0909090909091	0.0	0.131818181818	0.122727272727
764588959-tonguedorsum2.snv.bam	0.111363636364	0.138636363636	0.129545454545	0.0681818181818	0.0727272727273	0.125	0.140909090909	0.0909090909091	0.152272727273	0.111363636364	0.154545454545	0.140909090909	0.0931818181818	0.159090909091	0.0318181818182	0.140909090909	0.143181818182	0.131818181818	0.0	0.134090909091
765216093-tonguedorsum3.snv.bam	0.0909090909091	0.113636363636	0.104545454545	0.0636363636364	0.0727272727273	0.104545454545	0.118181818182	0.0681818181818	0.138636363636	0.0954545454545	0.147727272727	0.136363636364	0.0954545454545	0.125	0.0977272727273	0.136363636364	0.129545454545	0.122727272727	0.134090909091	0.0
