	BYQ_AAAB.snv.bam	CCIS07648107ST-4-0.snv.bam	CCIS20795251ST-4-0.snv.bam	CCIS23164343ST-4-0.snv.bam	CCIS78100604ST-4-0.snv.bam	CCIS95409808ST-4-0.snv.bam	CCIS96387239ST-4-0.snv.bam	M3.3-V3.metaG.snv.bam	M3.3-V3.metaT.snv.bam	MMRS40913371ST-27-0-0.snv.bam	SAMEA3136634.snv.bam	SAMEA3136635.snv.bam	SAMEA3136639.snv.bam	SAMEA3136651.snv.bam	SAMEA3136652.snv.bam	SAMEA3136662.snv.bam	SAMEA3136669.snv.bam	SAMEA3136698.snv.bam	SAMEA3136708.snv.bam	SAMEA3136712.snv.bam	SAMEA3136720.snv.bam	V1.FI37.snv.bam
BYQ_AAAB.snv.bam	0.0	0.147270750678	0.139770992051	0.15736615452	0.161489235556	0.146477007503	0.115654277038	0.147774775659	0.162314286893	0.101999878943	0.1046808012	0.159441299492	0.132664206453	0.120217341052	0.0825514203803	0.125145549062	0.148612525116	0.14439553878	0.147420060658	0.138838992186	0.145554564892	0.121793669208
CCIS07648107ST-4-0.snv.bam	0.147270750678	0.0	0.105090413821	0.152934510065	0.114693872587	0.109788512655	0.15849865678	0.125372430084	0.136300057811	0.14106442577	0.145415708183	0.14250766279	0.133959451726	0.159035610465	0.155932156121	0.150139449303	0.146214249234	0.152569949913	0.140972910747	0.141280137686	0.161030737508	0.1568514625
CCIS20795251ST-4-0.snv.bam	0.139770992051	0.105090413821	0.0	0.1487834539	0.12780971204	0.118515591605	0.15430615303	0.134820420777	0.144375813091	0.125947184014	0.139869244881	0.148460368977	0.142357248611	0.175680770737	0.132122361437	0.157333145636	0.147747311831	0.148776636651	0.151039038895	0.125651329908	0.162772837615	0.144792757227
CCIS23164343ST-4-0.snv.bam	0.15736615452	0.152934510065	0.1487834539	0.0	0.147045125909	0.127227027405	0.159958423518	0.171645271797	0.180254707915	0.139482409449	0.16157506091	0.113956506245	0.164435601376	0.165428106851	0.163461997765	0.143854584039	0.104026227326	0.142075687509	0.0902297087218	0.14829908412	0.146191510849	0.152119320537
CCIS78100604ST-4-0.snv.bam	0.161489235556	0.114693872587	0.12780971204	0.147045125909	0.0	0.068260920007	0.191456834891	0.128003713597	0.137594956082	0.150318746857	0.161585753784	0.146350552937	0.154528874521	0.176261270296	0.166992569161	0.169042747734	0.137454578113	0.129847862289	0.132882321519	0.145162319554	0.202777809947	0.166604510187
CCIS95409808ST-4-0.snv.bam	0.146477007503	0.109788512655	0.118515591605	0.127227027405	0.068260920007	0.0	0.160055944176	0.123891532926	0.137500658349	0.12015769085	0.136935488857	0.136247751771	0.146713467328	0.150611430353	0.143801082194	0.14304168076	0.126602603732	0.117339033516	0.13675496351	0.131170550511	0.189220320932	0.155115136081
CCIS96387239ST-4-0.snv.bam	0.115654277038	0.15849865678	0.15430615303	0.159958423518	0.191456834891	0.160055944176	0.0	0.153855748933	0.170778356059	0.110214842154	0.126497609024	0.163661464585	0.159002467715	0.133392621419	0.117214181907	0.153632720311	0.152607631619	0.165350322324	0.158611311181	0.134596065073	0.138386111634	0.13011316771
M3.3-V3.metaG.snv.bam	0.147774775659	0.125372430084	0.134820420777	0.171645271797	0.128003713597	0.123891532926	0.153855748933	0.0	0.0328345145031	0.129744386743	0.139736502996	0.147261414269	0.142178961385	0.163855325358	0.144473439276	0.161200420738	0.142350931636	0.150974555452	0.147559360973	0.134836789234	0.17210214603	0.149653789847
M3.3-V3.metaT.snv.bam	0.162314286893	0.136300057811	0.144375813091	0.180254707915	0.137594956082	0.137500658349	0.170778356059	0.0328345145031	0.0	0.147758992596	0.150633778863	0.158398849338	0.154577757573	0.18257897113	0.159288901118	0.179998256319	0.153469287422	0.170664315919	0.159699369674	0.142429544818	0.170472876547	0.160329273259
MMRS40913371ST-27-0-0.snv.bam	0.101999878943	0.14106442577	0.125947184014	0.139482409449	0.150318746857	0.12015769085	0.110214842154	0.129744386743	0.147758992596	0.0	0.0916437603079	0.13723588527	0.132501645033	0.111947575309	0.104717314801	0.12147332789	0.125976664589	0.124811563359	0.130609490418	0.0974755416814	0.124774370622	0.123968134582
SAMEA3136634.snv.bam	0.1046808012	0.145415708183	0.139869244881	0.16157506091	0.161585753784	0.136935488857	0.126497609024	0.139736502996	0.150633778863	0.0916437603079	0.0	0.136774462552	0.111191254368	0.131821928018	0.0970803143374	0.128467385763	0.132443009791	0.126009527899	0.141802313942	0.120817730873	0.129727342941	0.126820329702
SAMEA3136635.snv.bam	0.159441299492	0.14250766279	0.148460368977	0.113956506245	0.146350552937	0.136247751771	0.163661464585	0.147261414269	0.158398849338	0.13723588527	0.136774462552	0.0	0.115787384389	0.149734351732	0.157002742623	0.120310262026	0.0157949673924	0.109908197991	0.0420744187782	0.110149071463	0.151151860381	0.147809194082
SAMEA3136639.snv.bam	0.132664206453	0.133959451726	0.142357248611	0.164435601376	0.154528874521	0.146713467328	0.159002467715	0.142178961385	0.154577757573	0.132501645033	0.111191254368	0.115787384389	0.0	0.129840813866	0.121158048055	0.139861257461	0.105847266997	0.11502232044	0.128736043342	0.0528500440274	0.166257728559	0.134883233402
SAMEA3136651.snv.bam	0.120217341052	0.159035610465	0.175680770737	0.165428106851	0.176261270296	0.150611430353	0.133392621419	0.163855325358	0.18257897113	0.111947575309	0.131821928018	0.149734351732	0.129840813866	0.0	0.106722865482	0.128354665595	0.131480743342	0.134101839276	0.161975914736	0.11739569318	0.160970795596	0.133991090836
SAMEA3136652.snv.bam	0.0825514203803	0.155932156121	0.132122361437	0.163461997765	0.166992569161	0.143801082194	0.117214181907	0.144473439276	0.159288901118	0.104717314801	0.0970803143374	0.157002742623	0.121158048055	0.106722865482	0.0	0.112894745897	0.147153492427	0.136830922858	0.153917174828	0.116710911812	0.152668858568	0.117350583505
SAMEA3136662.snv.bam	0.125145549062	0.150139449303	0.157333145636	0.143854584039	0.169042747734	0.14304168076	0.153632720311	0.161200420738	0.179998256319	0.12147332789	0.128467385763	0.120310262026	0.139861257461	0.128354665595	0.112894745897	0.0	0.115050172551	0.0922324921824	0.111895393653	0.134855880459	0.182956290714	0.136752058718
SAMEA3136669.snv.bam	0.148612525116	0.146214249234	0.147747311831	0.104026227326	0.137454578113	0.126602603732	0.152607631619	0.142350931636	0.153469287422	0.125976664589	0.132443009791	0.0157949673924	0.105847266997	0.131480743342	0.147153492427	0.115050172551	0.0	0.0999743892553	0.0363618858071	0.0956241398762	0.154454072827	0.143808050274
SAMEA3136698.snv.bam	0.14439553878	0.152569949913	0.148776636651	0.142075687509	0.129847862289	0.117339033516	0.165350322324	0.150974555452	0.170664315919	0.124811563359	0.126009527899	0.109908197991	0.11502232044	0.134101839276	0.136830922858	0.0922324921824	0.0999743892553	0.0	0.117625617511	0.10269160914	0.188968729514	0.140881482825
SAMEA3136708.snv.bam	0.147420060658	0.140972910747	0.151039038895	0.0902297087218	0.132882321519	0.13675496351	0.158611311181	0.147559360973	0.159699369674	0.130609490418	0.141802313942	0.0420744187782	0.128736043342	0.161975914736	0.153917174828	0.111895393653	0.0363618858071	0.117625617511	0.0	0.109844073048	0.130134445751	0.138500114181
SAMEA3136712.snv.bam	0.138838992186	0.141280137686	0.125651329908	0.14829908412	0.145162319554	0.131170550511	0.134596065073	0.134836789234	0.142429544818	0.0974755416814	0.120817730873	0.110149071463	0.0528500440274	0.11739569318	0.116710911812	0.134855880459	0.0956241398762	0.10269160914	0.109844073048	0.0	0.147787648317	0.134945220312
SAMEA3136720.snv.bam	0.145554564892	0.161030737508	0.162772837615	0.146191510849	0.202777809947	0.189220320932	0.138386111634	0.17210214603	0.170472876547	0.124774370622	0.129727342941	0.151151860381	0.166257728559	0.160970795596	0.152668858568	0.182956290714	0.154454072827	0.188968729514	0.130134445751	0.147787648317	0.0	0.148971092346
V1.FI37.snv.bam	0.121793669208	0.1568514625	0.144792757227	0.152119320537	0.166604510187	0.155115136081	0.13011316771	0.149653789847	0.160329273259	0.123968134582	0.126820329702	0.147809194082	0.134883233402	0.133991090836	0.117350583505	0.136752058718	0.143808050274	0.140881482825	0.138500114181	0.134945220312	0.148971092346	0.0
