	159166850-stool2.snv.bam	765337473-stool2.snv.bam	BGI001A.snv.bam	CCIS29210128ST-4-0.snv.bam	CCIS70398272ST-4-0.snv.bam	CCMD23101338ST-21-0.snv.bam	CCMD40701343ST-21-0.snv.bam	CCMD88272491ST-21-0.snv.bam	MH0187.snv.bam	MH0192.snv.bam	MH0220.snv.bam	MH0264.snv.bam	MH0287.snv.bam	MH0322.snv.bam	MH0365.snv.bam	MH0384.snv.bam	MH0386.snv.bam	MH0401.snv.bam	MH0407.snv.bam	MH0413.snv.bam	MH0415.snv.bam	MH0417.snv.bam	MH0429.snv.bam	MMRS51410669ST-27-0-0.snv.bam	N006A.snv.bam	N011A.snv.bam	N037A.snv.bam	N040A.snv.bam	N079A.snv.bam	N089A.snv.bam	NOM016.snv.bam	O2.UC24-1.snv.bam	O2.UC27-1.snv.bam	O2.UC27-2.snv.bam	O2.UC31-1.snv.bam	O2.UC32-1.snv.bam	O2.UC48-0.snv.bam	O2.UC48-1.snv.bam	SAMEA3136740.snv.bam	SZEY-07A.snv.bam	SZEY-43A.snv.bam	T2D-102A.snv.bam	T2D-107A.snv.bam	T2D-157A.snv.bam	T2D-195A.snv.bam	T2D-34A.snv.bam	T2D-41A.snv.bam	V1.CD22-0.snv.bam	V1.CD34-0.snv.bam	V1.CD40-0.snv.bam	V1.CD6-0-PT.snv.bam	V1.FI06.snv.bam	V1.FI15.snv.bam	V1.UC12-4.snv.bam	V1.UC38-0.snv.bam	V1.UC55-4.snv.bam	V1.UC63-0.snv.bam
159166850-stool2.snv.bam	0.0	0.19988696091	0.0529711780219	0.194173771148	0.135366193261	0.169603768357	0.123113338903	0.132159305864	0.19423228226	0.169897308724	0.20630619995	0.201966487047	0.168176775895	0.20339284058	0.200989345437	0.179392809582	0.171488704219	0.173655382616	0.168627227703	0.20091364487	0.202172978762	0.125256869976	0.168386176406	0.190150891632	0.0235030659894	0.172127922479	0.193393715848	0.0405448261084	0.0820066236197	0.0597691260786	0.100525610465	0.173412101781	0.133257207255	0.133458078794	0.176267696518	0.0884008190737	0.178367764993	0.177796024052	0.100203405627	0.0583982986249	0.0450052490704	0.0700909030846	0.0527215577905	0.0523940236538	0.18461140314	0.013917688562	0.0577146681609	0.0865344014378	0.213135796989	0.0855754265993	0.159399484906	0.102474708544	0.165055367805	0.0827194098638	0.198343633811	0.176790338001	0.0929727145711
765337473-stool2.snv.bam	0.19988696091	0.0	0.218464666238	0.239134752095	0.190132399363	0.191567729122	0.212114629755	0.221948860133	0.214999820514	0.191984968218	0.214296715265	0.207416073778	0.156199422289	0.222854109069	0.0107186118194	0.0527392260991	0.189448493433	0.197616326308	0.207033471922	0.00995017459352	0.209547286364	0.167451884537	0.191932215915	0.19703425291	0.20069620413	0.240273218369	0.217473523452	0.221468732279	0.214733293455	0.217109723027	0.218979834282	0.224840771293	0.19369875265	0.192231434124	0.204476831527	0.231431867565	0.184186161331	0.182286733644	0.189209833293	0.232433385882	0.22018725019	0.23818639972	0.213091079009	0.212994682933	0.219806148466	0.196351735722	0.220834515061	0.231259505857	0.213869262138	0.230798013904	0.187349475793	0.192505449299	0.21769213084	0.225024338826	0.21872725625	0.182709010923	0.232582904778
BGI001A.snv.bam	0.0529711780219	0.218464666238	0.0	0.208886238181	0.141203252461	0.1678803607	0.129052185137	0.130494274971	0.189734231338	0.175590124269	0.201364088056	0.194955352797	0.16845679892	0.205673412343	0.215971791507	0.196167895114	0.181569800906	0.184507300069	0.165611153874	0.219868827	0.216636509897	0.150012241213	0.182798538805	0.195091116764	0.0473363103817	0.158103312278	0.186138485591	0.0144962278967	0.0717765441831	0.0111850355108	0.0749882886278	0.187834053262	0.14599806428	0.146185069806	0.186039443496	0.072619830192	0.188069421464	0.187702540772	0.116827553214	0.0556361993544	0.0143248245058	0.0482052923422	0.00671009771889	0.0063903667767	0.184194363034	0.0661852001623	0.0191178166624	0.0786416040661	0.224652635924	0.0763867111985	0.174687971882	0.0861546308023	0.174905260104	0.0575994309168	0.207737002605	0.186567220185	0.0706627273131
CCIS29210128ST-4-0.snv.bam	0.194173771148	0.239134752095	0.208886238181	0.0	0.169576446551	0.171192209648	0.17932116816	0.180374654178	0.137354305075	0.132882243694	0.17133686421	0.159294090626	0.208209004721	0.204687723047	0.229522013903	0.21716425703	0.139513713521	0.16328059732	0.17879934393	0.235680867919	0.136072444174	0.149793239016	0.187360165487	0.142876731081	0.200397991208	0.178889718572	0.165755849494	0.206462488881	0.233903231783	0.207438938092	0.199808255649	0.170157054425	0.169050924792	0.167256333696	0.158781447716	0.206842964231	0.136638750672	0.136000675266	0.181738007972	0.20348163156	0.204769136344	0.218471499251	0.203091450158	0.20286343405	0.219704614153	0.195850501099	0.205743208627	0.221663397716	0.146681159055	0.221055946704	0.161178820078	0.204905507442	0.131037171414	0.234148108359	0.177449014316	0.136622613576	0.223356044149
CCIS70398272ST-4-0.snv.bam	0.135366193261	0.190132399363	0.141203252461	0.169576446551	0.0	0.152119700748	0.125	0.15253202804	0.171922091544	0.160565061247	0.184220143305	0.172382469532	0.18046030461	0.161943237863	0.191305606282	0.171939564257	0.164199306979	0.163647785959	0.162353408512	0.195857242453	0.187401610321	0.124919325469	0.151915093024	0.175308641975	0.140594977026	0.164992962359	0.173837420754	0.146531416147	0.160098110247	0.145393153467	0.142267352206	0.15473998324	0.157514459885	0.157847653554	0.149079767848	0.157383883314	0.152885688105	0.150848165318	0.155426136364	0.163139805274	0.142975119767	0.160366634666	0.138447709687	0.138143771699	0.160050266882	0.145664692919	0.145917179773	0.159954880741	0.196031254022	0.157948273491	0.131749706203	0.160797970167	0.145582229103	0.16090248357	0.180892841861	0.149331208048	0.156570972452
CCMD23101338ST-21-0.snv.bam	0.169603768357	0.191567729122	0.1678803607	0.171192209648	0.152119700748	0.0	0.154613466334	0.146029716234	0.152067368066	0.140555318811	0.151614191386	0.15192961429	0.174564474356	0.149300384964	0.182370814235	0.173555625517	0.160959310359	0.143110047922	0.148416149901	0.192429374264	0.143935180497	0.132018290097	0.143856970619	0.129268292683	0.16433199905	0.12673375523	0.118805396181	0.175224889597	0.166634217026	0.166580260036	0.1660735671	0.112442965654	0.132290366644	0.130249712587	0.120432453606	0.176489721736	0.158995190139	0.157576106843	0.172065807327	0.18190199588	0.173659626059	0.182425458195	0.16214926055	0.161834315713	0.183861431171	0.169649255393	0.164883849663	0.190876122902	0.169620108996	0.192129446057	0.145827690467	0.162511111732	0.0937206125921	0.180080223488	0.177618049713	0.160598550563	0.182679269805
CCMD40701343ST-21-0.snv.bam	0.123113338903	0.212114629755	0.129052185137	0.17932116816	0.125	0.154613466334	0.0	0.175962839916	0.174307685158	0.145201020894	0.184129366253	0.177132645465	0.17298894502	0.166993604782	0.210146179684	0.193969267227	0.154156064092	0.153992034489	0.152435027323	0.213076355669	0.177828460977	0.122747909403	0.143999344379	0.172839506173	0.120866714732	0.164992962359	0.171469792687	0.136371317625	0.150400753043	0.130902023682	0.151925913589	0.16266980956	0.123296802352	0.12327975232	0.141569479783	0.157459364478	0.141808358782	0.141070586575	0.152926136364	0.148220400662	0.135604112396	0.153882016186	0.133412120547	0.133288460054	0.147899644663	0.126363222331	0.131243093923	0.164393878562	0.176162616912	0.16288060669	0.121820218294	0.153183756969	0.162724178841	0.140152293241	0.185645317621	0.138783346608	0.156298104452
CCMD88272491ST-21-0.snv.bam	0.132159305864	0.221948860133	0.130494274971	0.180374654178	0.15253202804	0.146029716234	0.175962839916	0.0	0.188067273428	0.174695962156	0.192718286659	0.182925352627	0.193724889153	0.197999179195	0.22089855777	0.193251158587	0.17204724345	0.161629661649	0.177893714115	0.222992446787	0.182267138681	0.141973816517	0.174497711516	0.1189933695	0.13761338846	0.167930051198	0.178950638018	0.1335607481	0.158129433644	0.13781377962	0.126529803234	0.166636703389	0.127445115927	0.122681969402	0.176988997273	0.121695372534	0.204622990957	0.204308988662	0.181325156325	0.145583530389	0.132308805238	0.147675868091	0.125081147483	0.124821587847	0.198187806328	0.148068726815	0.137789102132	0.157333096271	0.210075054927	0.154937912329	0.189768543103	0.163122940091	0.157775828201	0.153445295028	0.209405578883	0.200732462319	0.159140237949
MH0187.snv.bam	0.19423228226	0.214999820514	0.189734231338	0.137354305075	0.171922091544	0.152067368066	0.174307685158	0.188067273428	0.0	0.101687425569	0.114652122305	0.100104404338	0.173800233278	0.176241473142	0.206910626779	0.192261164501	0.113643698339	0.137486799562	0.164770598425	0.21480894327	0.163412579294	0.146339066958	0.171509818443	0.128446274459	0.191114646781	0.1862474296	0.163539589023	0.194108644753	0.215087742798	0.188375234891	0.186595079548	0.147087159893	0.161149797574	0.159195160762	0.160514374451	0.188471161582	0.141774442676	0.14081265665	0.196707925492	0.204985831126	0.19269534186	0.194305235322	0.193464429062	0.193355470011	0.195887543309	0.193019115363	0.18587920353	0.198092700184	0.150899148859	0.200281443488	0.166986928749	0.179455804215	0.132916335965	0.21095511686	0.152355634105	0.139829959613	0.197768922552
MH0192.snv.bam	0.169897308724	0.191984968218	0.175590124269	0.132882243694	0.160565061247	0.140555318811	0.145201020894	0.174695962156	0.101687425569	0.0	0.116928021495	0.0899295568378	0.154442088354	0.157552234012	0.179233501484	0.176500329655	0.11167555665	0.10968298255	0.134205119788	0.185897066208	0.139710440091	0.0921304049657	0.137933997584	0.125160439797	0.169605225463	0.150230423646	0.127077365552	0.17708042836	0.210763266637	0.176665997377	0.175765953463	0.11787624534	0.154505326037	0.153140605929	0.122789490838	0.164723391735	0.110892181205	0.108597587566	0.164727598314	0.17445581801	0.176688205004	0.189920894564	0.169584128208	0.169415307033	0.179460100729	0.169597239599	0.179177754478	0.180044139263	0.125682009746	0.179967205189	0.137651154403	0.162011949895	0.13281023667	0.191070774914	0.155161850525	0.109816695606	0.177464854327
MH0220.snv.bam	0.20630619995	0.214296715265	0.201364088056	0.17133686421	0.184220143305	0.151614191386	0.184129366253	0.192718286659	0.114652122305	0.116928021495	0.0	0.104453644264	0.163635057066	0.17087952272	0.208315550193	0.191290548216	0.131825985362	0.155328274465	0.168086313722	0.212796414971	0.15809888699	0.151614636161	0.173913733282	0.145700974786	0.207296642647	0.200466779756	0.177671844689	0.202948517931	0.226114365915	0.200326808482	0.185212893646	0.165941393537	0.175539322092	0.173602932408	0.148002006506	0.193000601701	0.136454553998	0.135922663106	0.198856413237	0.20486792924	0.201799093938	0.210218028653	0.194886611062	0.194904664415	0.212382307634	0.207059402291	0.192664020693	0.201950678105	0.161727191282	0.205000005035	0.163074622337	0.189073732875	0.147426358247	0.237555221556	0.174279167001	0.134331995395	0.198881289878
MH0264.snv.bam	0.201966487047	0.207416073778	0.194955352797	0.159294090626	0.172382469532	0.15192961429	0.177132645465	0.182925352627	0.100104404338	0.0899295568378	0.104453644264	0.0	0.162145940018	0.168542998588	0.195622654048	0.185014273942	0.115173812744	0.125258379774	0.149172739915	0.202124041861	0.145933754079	0.137193724296	0.172236807159	0.131037093762	0.200646178664	0.174217945655	0.161523306267	0.197022448794	0.23396139344	0.193943959756	0.178703924078	0.145916445764	0.16881295125	0.167041383593	0.140992804844	0.188969089848	0.123799795232	0.124115350957	0.196947757188	0.198037575101	0.195504928866	0.204327137213	0.188567094637	0.18859030995	0.205554441187	0.201068620099	0.196351573211	0.195726722446	0.162071248179	0.198575097252	0.166506545377	0.187696054624	0.149970519161	0.220700954381	0.160387681964	0.122313222735	0.192942059013
MH0287.snv.bam	0.168176775895	0.156199422289	0.16845679892	0.208209004721	0.18046030461	0.174564474356	0.17298894502	0.193724889153	0.173800233278	0.154442088354	0.163635057066	0.162145940018	0.0	0.197236408602	0.160349490382	0.147558617038	0.165324328804	0.172698740529	0.169935895578	0.160284186773	0.182280714161	0.147853028099	0.155967704187	0.180274094231	0.167819606463	0.19687049896	0.18859321187	0.171073365306	0.198464012474	0.167911772468	0.164292051027	0.185143918258	0.162102712814	0.160714600413	0.178363850256	0.174819098823	0.147993453649	0.144424103157	0.168157126961	0.172476030389	0.169935981563	0.178164858838	0.167414067519	0.167454423172	0.201133897781	0.158525611965	0.165235415883	0.166185685801	0.185546292863	0.167853882509	0.173567127341	0.150814297838	0.172060890796	0.197177452342	0.213877764788	0.146359523034	0.163131683628
MH0322.snv.bam	0.20339284058	0.222854109069	0.205673412343	0.204687723047	0.161943237863	0.149300384964	0.166993604782	0.197999179195	0.176241473142	0.157552234012	0.17087952272	0.168542998588	0.197236408602	0.0	0.217298102104	0.213426911461	0.174687516399	0.173711756083	0.150604714749	0.222035915563	0.191090471874	0.16084823914	0.149730572207	0.174450058305	0.201531160204	0.175851657247	0.172648971968	0.207863234045	0.20656137278	0.204141265692	0.199720880406	0.158835582372	0.175476664489	0.174099223285	0.174574765483	0.207551141217	0.170580298497	0.169097146199	0.203617584893	0.217847028146	0.206458336996	0.22227281386	0.208726068453	0.208869198825	0.207175865208	0.202271380304	0.206603808596	0.201263398126	0.180889215349	0.20431266607	0.160736128722	0.195670990614	0.161286682983	0.217274077103	0.190525385073	0.167830847333	0.198816103567
MH0365.snv.bam	0.200989345437	0.0107186118194	0.215971791507	0.229522013903	0.191305606282	0.182370814235	0.210146179684	0.22089855777	0.206910626779	0.179233501484	0.208315550193	0.195622654048	0.160349490382	0.217298102104	0.0	0.0452900983966	0.173086631829	0.183030952618	0.193628679038	0.00375369265471	0.201860000206	0.167358423195	0.194884444012	0.183040410133	0.202769569715	0.227180338044	0.211995328207	0.217953405662	0.216721177279	0.214881935079	0.215486340798	0.215744426398	0.194657418562	0.195230203453	0.195833423741	0.229211166697	0.172913954084	0.171002697497	0.193166229809	0.228808500774	0.216963258024	0.235567963155	0.209516971815	0.209723950568	0.209845493834	0.198072817446	0.217305780249	0.224886530908	0.205759303012	0.225360693476	0.18245899321	0.19437683263	0.207092948755	0.22287616976	0.20562480339	0.170966782411	0.227311560389
MH0384.snv.bam	0.179392809582	0.0527392260991	0.196167895114	0.21716425703	0.171939564257	0.173555625517	0.193969267227	0.193251158587	0.192261164501	0.176500329655	0.191290548216	0.185014273942	0.147558617038	0.213426911461	0.0452900983966	0.0	0.157354722241	0.163935178018	0.184893404111	0.0466168304012	0.187104560242	0.156693606493	0.186269892792	0.174301424292	0.180979335291	0.218159102772	0.199846895368	0.198844466563	0.200121742391	0.195532748323	0.196402064492	0.200920342509	0.173404973683	0.171543212153	0.179904609606	0.208914584993	0.166654599349	0.164893014585	0.173975464299	0.210175456028	0.198047655767	0.215942980153	0.190636784383	0.19055805983	0.202789633803	0.185733225543	0.19840301597	0.208293159476	0.191597042576	0.207680679201	0.174230770806	0.179720452121	0.190624499373	0.204168418646	0.195782027612	0.164720466745	0.20992245575
MH0386.snv.bam	0.171488704219	0.189448493433	0.181569800906	0.139513713521	0.164199306979	0.160959310359	0.154156064092	0.17204724345	0.113643698339	0.11167555665	0.131825985362	0.115173812744	0.165324328804	0.174687516399	0.173086631829	0.157354722241	0.0	0.107039333293	0.156312300155	0.178827352635	0.141013852222	0.1317637152	0.153519715572	0.144821932875	0.177774337093	0.175299651973	0.15290427708	0.178125477309	0.22557068551	0.180649258703	0.179345261088	0.14581256158	0.160763969863	0.158824783941	0.152441058365	0.172558184627	0.115286456158	0.115923096285	0.173298995193	0.189673328211	0.177508760075	0.20015250995	0.175402771651	0.175231843897	0.187976585745	0.173373821399	0.182535777391	0.18199459806	0.146649357915	0.182349353292	0.148420719226	0.158778995905	0.122727385674	0.20481350444	0.168552248757	0.113998851706	0.18888907555
MH0401.snv.bam	0.173655382616	0.197616326308	0.184507300069	0.16328059732	0.163647785959	0.143110047922	0.153992034489	0.161629661649	0.137486799562	0.10968298255	0.155328274465	0.125258379774	0.172698740529	0.173711756083	0.183030952618	0.163935178018	0.107039333293	0.0	0.147936163933	0.186507652552	0.150173788612	0.126817196239	0.150301303559	0.0994129258582	0.178668789979	0.160954653754	0.140196958746	0.183396209996	0.214958586209	0.180948818268	0.195909044294	0.136994409399	0.165259562534	0.162700850533	0.142067531264	0.170937069202	0.129537358605	0.129460359394	0.181492119765	0.195600592254	0.18512029469	0.203508803006	0.178032983296	0.178079567129	0.178498062211	0.17589397537	0.185436938937	0.188858451623	0.151294686892	0.191133831008	0.145657290451	0.156681398132	0.140599286571	0.188688513228	0.168197652549	0.128505589813	0.183370068587
MH0407.snv.bam	0.168627227703	0.207033471922	0.165611153874	0.17879934393	0.162353408512	0.148416149901	0.152435027323	0.177893714115	0.164770598425	0.134205119788	0.168086313722	0.149172739915	0.169935895578	0.150604714749	0.193628679038	0.184893404111	0.156312300155	0.147936163933	0.0	0.200213717108	0.16940080231	0.135179603826	0.152255165425	0.14758756241	0.163044686898	0.165413558755	0.172564830514	0.171344653505	0.183919264933	0.164855533328	0.175324488764	0.157614575384	0.169140959599	0.169112655802	0.154800588213	0.184658551735	0.165176643568	0.164578400745	0.181091886827	0.183554171618	0.171557222374	0.18652535351	0.167911412017	0.16784971926	0.178989164078	0.168361754667	0.171799081941	0.176544444216	0.174926063032	0.177462900934	0.138352622103	0.175579353821	0.151582588461	0.178973822307	0.180702332579	0.164747510562	0.172300669706
MH0413.snv.bam	0.20091364487	0.00995017459352	0.219868827	0.235680867919	0.195857242453	0.192429374264	0.213076355669	0.222992446787	0.21480894327	0.185897066208	0.212796414971	0.202124041861	0.160284186773	0.222035915563	0.00375369265471	0.0466168304012	0.178827352635	0.186507652552	0.200213717108	0.0	0.208373422183	0.166659383308	0.201438290945	0.188030311332	0.201597701389	0.236604996711	0.218377075529	0.220528556754	0.220103486897	0.218783777985	0.218772616057	0.219944980598	0.194014508984	0.192575035017	0.199738586625	0.232040353064	0.179696112173	0.178143436833	0.189614326147	0.232740336027	0.221146814497	0.238765203067	0.213422309987	0.213375151574	0.218483146576	0.196991444569	0.221042086431	0.230305255845	0.208999206686	0.231525893927	0.186439806608	0.192885267747	0.213272846526	0.224884957016	0.213647520028	0.176883258851	0.232377231419
MH0415.snv.bam	0.202172978762	0.209547286364	0.216636509897	0.136072444174	0.187401610321	0.143935180497	0.177828460977	0.182267138681	0.163412579294	0.139710440091	0.15809888699	0.145933754079	0.182280714161	0.191090471874	0.201860000206	0.187104560242	0.141013852222	0.150173788612	0.16940080231	0.208373422183	0.0	0.139899265429	0.170535207967	0.13178116067	0.202629222584	0.162537500361	0.159251328807	0.218535578683	0.226623980584	0.215141780186	0.210004512709	0.152766065053	0.172052254566	0.170417776474	0.149737918574	0.208886160796	0.126809327283	0.124467584786	0.191634931129	0.215522632097	0.217621637259	0.225459644751	0.214648081735	0.214586887615	0.217488645381	0.203126860826	0.217410933683	0.217234596706	0.148471184175	0.216719846774	0.174156023295	0.209954441105	0.133484671534	0.232197025709	0.179764550644	0.122595760253	0.215087155494
MH0417.snv.bam	0.125256869976	0.167451884537	0.150012241213	0.149793239016	0.124919325469	0.132018290097	0.122747909403	0.141973816517	0.146339066958	0.0921304049657	0.151614636161	0.137193724296	0.147853028099	0.16084823914	0.167358423195	0.156693606493	0.1317637152	0.126817196239	0.135179603826	0.166659383308	0.139899265429	0.0	0.123774617123	0.133123245695	0.12811821255	0.144567926989	0.139161091848	0.152953587225	0.181312287937	0.149816315632	0.141628252749	0.130117839399	0.120645331473	0.11829780542	0.116517451926	0.156944816895	0.137654001483	0.136042978522	0.142162221761	0.155126346426	0.151699041249	0.165445069034	0.145317739244	0.14520776139	0.159301205475	0.128174012402	0.15729598261	0.154368918695	0.143787227534	0.153043285856	0.125415004827	0.155178898679	0.130403789836	0.181828672744	0.162714419545	0.135882762025	0.15589826732
MH0429.snv.bam	0.168386176406	0.191932215915	0.182798538805	0.187360165487	0.151915093024	0.143856970619	0.143999344379	0.174497711516	0.171509818443	0.137933997584	0.173913733282	0.172236807159	0.155967704187	0.149730572207	0.194884444012	0.186269892792	0.153519715572	0.150301303559	0.152255165425	0.201438290945	0.170535207967	0.123774617123	0.0	0.16165269347	0.165627262526	0.163481464144	0.155219606967	0.190317355579	0.184506113362	0.182058508146	0.178504360903	0.167884062409	0.143761890277	0.141523212618	0.155012875843	0.187312905708	0.178836590307	0.176036408386	0.170809054788	0.186996892238	0.189039213567	0.196880751584	0.177186346313	0.177196869754	0.184783434124	0.170205779953	0.179245214518	0.185750722791	0.178449905943	0.188094184448	0.136986092032	0.178306004891	0.153917293073	0.194761563431	0.18795183675	0.175990845164	0.177771367994
MMRS51410669ST-27-0-0.snv.bam	0.190150891632	0.19703425291	0.195091116764	0.142876731081	0.175308641975	0.129268292683	0.172839506173	0.1189933695	0.128446274459	0.125160439797	0.145700974786	0.131037093762	0.180274094231	0.174450058305	0.183040410133	0.174301424292	0.144821932875	0.0994129258582	0.14758756241	0.188030311332	0.13178116067	0.133123245695	0.16165269347	0.0	0.191729757513	0.155213654089	0.147009259135	0.197492123679	0.215748862272	0.194141209345	0.186089887231	0.140982613638	0.138265648058	0.136049622695	0.137171060775	0.197517669261	0.143138345331	0.14402871864	0.182685848634	0.199403747932	0.196445642169	0.204752811583	0.194277512712	0.194062388374	0.191709347517	0.192164721524	0.197039153013	0.213186498526	0.161651926929	0.214811220542	0.161923915173	0.178386000614	0.13374653796	0.202902153707	0.141886773363	0.144672762721	0.209899759952
N006A.snv.bam	0.0235030659894	0.20069620413	0.0473363103817	0.200397991208	0.140594977026	0.16433199905	0.120866714732	0.13761338846	0.191114646781	0.169605225463	0.207296642647	0.200646178664	0.167819606463	0.201531160204	0.202769569715	0.180979335291	0.177774337093	0.178668789979	0.163044686898	0.201597701389	0.202629222584	0.12811821255	0.165627262526	0.191729757513	0.0	0.164693275941	0.187335341297	0.0601416473663	0.0683718355482	0.0472307179916	0.0963423815033	0.180102793395	0.133307280629	0.133585553865	0.177826309797	0.0944603247791	0.182158380577	0.179420099001	0.0965278911719	0.0622255645202	0.0597108668957	0.0643785955951	0.0473406449074	0.0468428907315	0.173531312771	0.0351052990097	0.0499714419032	0.0993480066918	0.211380491522	0.0970266091413	0.156572239857	0.108061563026	0.171517219928	0.07699854863	0.204224841652	0.178120396608	0.0868938213685
N011A.snv.bam	0.172127922479	0.240273218369	0.158103312278	0.178889718572	0.164992962359	0.12673375523	0.164992962359	0.167930051198	0.1862474296	0.150230423646	0.200466779756	0.174217945655	0.19687049896	0.175851657247	0.227180338044	0.218159102772	0.175299651973	0.160954653754	0.165413558755	0.236604996711	0.162537500361	0.144567926989	0.163481464144	0.155213654089	0.164693275941	0.0	0.0794227318415	0.165612695576	0.191224199015	0.157378549679	0.172736469826	0.130391243744	0.169146931228	0.167497068361	0.156138423645	0.166720306821	0.187964101192	0.18445212553	0.194783189612	0.172387727826	0.163323256967	0.189830308547	0.157377908224	0.15706608564	0.213275318008	0.172465609682	0.159936737001	0.176409850329	0.175588899759	0.17747385398	0.171025628363	0.177846263373	0.149944516859	0.160512667574	0.170790315348	0.183394401577	0.168340476008
N037A.snv.bam	0.193393715848	0.217473523452	0.186138485591	0.165755849494	0.173837420754	0.118805396181	0.171469792687	0.178950638018	0.163539589023	0.127077365552	0.177671844689	0.161523306267	0.18859321187	0.172648971968	0.211995328207	0.199846895368	0.15290427708	0.140196958746	0.172564830514	0.218377075529	0.159251328807	0.139161091848	0.155219606967	0.147009259135	0.187335341297	0.0794227318415	0.0	0.193398309117	0.204481873015	0.190140191604	0.201226008206	0.131689324187	0.165276651276	0.163523479494	0.1528075664	0.193045522036	0.161627477896	0.159423693283	0.186282100718	0.185306345773	0.191952031917	0.202976126104	0.180398033211	0.179982398588	0.202244031395	0.192455024511	0.182622257606	0.203854635715	0.14537487936	0.205868083239	0.15483629463	0.168900040514	0.144217147688	0.186563766652	0.152934972665	0.160481799687	0.19620807405
N040A.snv.bam	0.0405448261084	0.221468732279	0.0144962278967	0.206462488881	0.146531416147	0.175224889597	0.136371317625	0.1335607481	0.194108644753	0.17708042836	0.202948517931	0.197022448794	0.171073365306	0.207863234045	0.217953405662	0.198844466563	0.178125477309	0.183396209996	0.171344653505	0.220528556754	0.218535578683	0.152953587225	0.190317355579	0.197492123679	0.0601416473663	0.165612695576	0.193398309117	0.0	0.0836862158355	0.0238245012175	0.0779325943518	0.186364885309	0.148655742014	0.148846642111	0.188515921556	0.070221199629	0.191199597882	0.190133881081	0.118978507337	0.058013615767	0.00690347011196	0.0601518918583	0.0191271080484	0.0186303325258	0.196674676903	0.0555372281124	0.0311386478301	0.070837600002	0.227420150241	0.0715970303505	0.180801128235	0.083972496713	0.177659475805	0.0690968814173	0.205462587495	0.188554953605	0.0821861258314
N079A.snv.bam	0.0820066236197	0.214733293455	0.0717765441831	0.233903231783	0.160098110247	0.166634217026	0.150400753043	0.158129433644	0.215087742798	0.210763266637	0.226114365915	0.23396139344	0.198464012474	0.20656137278	0.216721177279	0.200121742391	0.22557068551	0.214958586209	0.183919264933	0.220103486897	0.226623980584	0.181312287937	0.184506113362	0.215748862272	0.0683718355482	0.191224199015	0.204481873015	0.0836862158355	0.0	0.0757185172831	0.125602483931	0.212056952761	0.161819167985	0.162435576498	0.211274647286	0.134023436487	0.219641070669	0.217746961561	0.142833875195	0.109743805262	0.0830510757483	0.09059285694	0.0760093326455	0.0758068130856	0.202288924727	0.0976679738369	0.0786145050446	0.12319824943	0.249453376601	0.121864992623	0.182726516632	0.147380652038	0.195289384936	0.0911838571948	0.215674336184	0.216696714468	0.115050261642
N089A.snv.bam	0.0597691260786	0.217109723027	0.0111850355108	0.207438938092	0.145393153467	0.166580260036	0.130902023682	0.13781377962	0.188375234891	0.176665997377	0.200326808482	0.193943959756	0.167911772468	0.204141265692	0.214881935079	0.195532748323	0.180649258703	0.180948818268	0.164855533328	0.218783777985	0.215141780186	0.149816315632	0.182058508146	0.194141209345	0.0472307179916	0.157378549679	0.190140191604	0.0238245012175	0.0757185172831	0.0	0.0755133980912	0.187308747135	0.14992364368	0.150458487256	0.184807292339	0.0721066732467	0.191541522143	0.190846184982	0.113394817134	0.06471741176	0.0236659328217	0.0572351138007	0.0161611618049	0.0158777902749	0.185596304757	0.0712599757672	0.0238058378907	0.0783465054292	0.223684568067	0.0783585138126	0.173658465826	0.0857147979461	0.173634617228	0.0668354372814	0.210929888229	0.189975513429	0.0700779679157
NOM016.snv.bam	0.100525610465	0.218979834282	0.0749882886278	0.199808255649	0.142267352206	0.1660735671	0.151925913589	0.126529803234	0.186595079548	0.175765953463	0.185212893646	0.178703924078	0.164292051027	0.199720880406	0.215486340798	0.196402064492	0.179345261088	0.195909044294	0.175324488764	0.218772616057	0.210004512709	0.141628252749	0.178504360903	0.186089887231	0.0963423815033	0.172736469826	0.201226008206	0.0779325943518	0.125602483931	0.0755133980912	0.0	0.176262588964	0.141696883054	0.141874866148	0.17953151353	0.11321492495	0.186084041195	0.183935807652	0.154591340425	0.0894460213293	0.0777267495303	0.0896461603931	0.0748673950133	0.0749096265906	0.219043105597	0.111179504148	0.0682541577291	0.106520831036	0.216994793947	0.108809568086	0.169072059515	0.126892435393	0.175529364515	0.126694475788	0.203325643031	0.181208010385	0.108613732287
O2.UC24-1.snv.bam	0.173412101781	0.224840771293	0.187834053262	0.170157054425	0.15473998324	0.112442965654	0.16266980956	0.166636703389	0.147087159893	0.11787624534	0.165941393537	0.145916445764	0.185143918258	0.158835582372	0.215744426398	0.200920342509	0.14581256158	0.136994409399	0.157614575384	0.219944980598	0.152766065053	0.130117839399	0.167884062409	0.140982613638	0.180102793395	0.130391243744	0.131689324187	0.186364885309	0.212056952761	0.187308747135	0.176262588964	0.0	0.154394773656	0.152275490349	0.109222765631	0.176986339548	0.134082211641	0.133965027122	0.193477255883	0.19723870567	0.18484628002	0.206877233297	0.186841311799	0.187087550081	0.194350889856	0.174706703875	0.194703142391	0.190868762244	0.143889660608	0.190788860388	0.165170327755	0.193399670217	0.105774787395	0.191544312709	0.17284420657	0.132905815376	0.192969763101
O2.UC27-1.snv.bam	0.133257207255	0.19369875265	0.14599806428	0.169050924792	0.157514459885	0.132290366644	0.123296802352	0.127445115927	0.161149797574	0.154505326037	0.175539322092	0.16881295125	0.162102712814	0.175476664489	0.194657418562	0.173404973683	0.160763969863	0.165259562534	0.169140959599	0.194014508984	0.172052254566	0.120645331473	0.143761890277	0.138265648058	0.133307280629	0.169146931228	0.165276651276	0.148655742014	0.161819167985	0.14992364368	0.141696883054	0.154394773656	0.0	0.00183875973467	0.167850058975	0.171101849202	0.17726826464	0.174470420718	0.162338358632	0.150151887718	0.147330541817	0.160246774794	0.144890358132	0.145027071389	0.195277187937	0.133578888657	0.142974441674	0.178255208664	0.182557277901	0.179628914335	0.165491369644	0.159861694508	0.130514527676	0.165164669204	0.18186022163	0.173061678596	0.174740994838
O2.UC27-2.snv.bam	0.133458078794	0.192231434124	0.146185069806	0.167256333696	0.157847653554	0.130249712587	0.12327975232	0.122681969402	0.159195160762	0.153140605929	0.173602932408	0.167041383593	0.160714600413	0.174099223285	0.195230203453	0.171543212153	0.158824783941	0.162700850533	0.169112655802	0.192575035017	0.170417776474	0.11829780542	0.141523212618	0.136049622695	0.133585553865	0.167497068361	0.163523479494	0.148846642111	0.162435576498	0.150458487256	0.141874866148	0.152275490349	0.00183875973467	0.0	0.166396445259	0.166796674097	0.175803722565	0.172986159149	0.162804813386	0.151128616495	0.147591009074	0.160578620591	0.14552256889	0.145490524861	0.197232745135	0.133869551692	0.143197838147	0.178985406569	0.180886578631	0.180228116122	0.165976400151	0.157939388727	0.128531092389	0.16578528155	0.180322972219	0.171280719492	0.175308707828
O2.UC31-1.snv.bam	0.176267696518	0.204476831527	0.186039443496	0.158781447716	0.149079767848	0.120432453606	0.141569479783	0.176988997273	0.160514374451	0.122789490838	0.148002006506	0.140992804844	0.178363850256	0.174574765483	0.195833423741	0.179904609606	0.152441058365	0.142067531264	0.154800588213	0.199738586625	0.149737918574	0.116517451926	0.155012875843	0.137171060775	0.177826309797	0.156138423645	0.1528075664	0.188515921556	0.211274647286	0.184807292339	0.17953151353	0.109222765631	0.167850058975	0.166396445259	0.0	0.190775657425	0.121905206948	0.119834128878	0.175897603918	0.185026949379	0.187506999219	0.195320082883	0.180076228313	0.180031652483	0.182005625136	0.178088741026	0.192656968387	0.198794914204	0.168599380346	0.196091144786	0.154055007057	0.191432019798	0.129199686721	0.18574004102	0.141727579033	0.122313375608	0.195481328273
O2.UC32-1.snv.bam	0.0884008190737	0.231431867565	0.072619830192	0.206842964231	0.157383883314	0.176489721736	0.157459364478	0.121695372534	0.188471161582	0.164723391735	0.193000601701	0.188969089848	0.174819098823	0.207551141217	0.229211166697	0.208914584993	0.172558184627	0.170937069202	0.184658551735	0.232040353064	0.208886160796	0.156944816895	0.187312905708	0.197517669261	0.0944603247791	0.166720306821	0.193045522036	0.070221199629	0.134023436487	0.0721066732467	0.11321492495	0.176986339548	0.171101849202	0.166796674097	0.190775657425	0.0	0.194948643393	0.192019504361	0.152357305337	0.102676431722	0.0701337916817	0.10495390617	0.0716997409491	0.0716172282869	0.18618891666	0.09955581585	0.0796618134235	0.0909592891177	0.227451779936	0.0942578206782	0.183426757841	0.0741981159825	0.173878897705	0.118893671182	0.214860484213	0.187797396265	0.0875767676504
O2.UC48-0.snv.bam	0.178367764993	0.184186161331	0.188069421464	0.136638750672	0.152885688105	0.158995190139	0.141808358782	0.204622990957	0.141774442676	0.110892181205	0.136454553998	0.123799795232	0.147993453649	0.170580298497	0.172913954084	0.166654599349	0.115286456158	0.129537358605	0.165176643568	0.179696112173	0.126809327283	0.137654001483	0.178836590307	0.143138345331	0.182158380577	0.187964101192	0.161627477896	0.191199597882	0.219641070669	0.191541522143	0.186084041195	0.134082211641	0.17726826464	0.175803722565	0.121905206948	0.194948643393	0.0	0.00253881949636	0.166697285744	0.197413878899	0.190132168464	0.198416572247	0.187249031766	0.187267343634	0.189545418169	0.180227615948	0.190230281087	0.203330903511	0.143497447297	0.20304276917	0.143155318401	0.187743698805	0.146954108989	0.211767737784	0.163306499381	0.00331294995319	0.205114229793
O2.UC48-1.snv.bam	0.177796024052	0.182286733644	0.187702540772	0.136000675266	0.150848165318	0.157576106843	0.141070586575	0.204308988662	0.14081265665	0.108597587566	0.135922663106	0.124115350957	0.144424103157	0.169097146199	0.171002697497	0.164893014585	0.115923096285	0.129460359394	0.164578400745	0.178143436833	0.124467584786	0.136042978522	0.176036408386	0.14402871864	0.179420099001	0.18445212553	0.159423693283	0.190133881081	0.217746961561	0.190846184982	0.183935807652	0.133965027122	0.174470420718	0.172986159149	0.119834128878	0.192019504361	0.00253881949636	0.0	0.165444978618	0.196557722718	0.188986927891	0.196880763205	0.186392403918	0.186325876855	0.186231983644	0.179846171598	0.189574762855	0.200961541803	0.13748713834	0.200099062374	0.142686681598	0.185551393024	0.142988080223	0.210374629595	0.163581743331	0.00238572768503	0.202404048548
SAMEA3136740.snv.bam	0.100203405627	0.189209833293	0.116827553214	0.181738007972	0.155426136364	0.172065807327	0.152926136364	0.181325156325	0.196707925492	0.164727598314	0.198856413237	0.196947757188	0.168157126961	0.203617584893	0.193166229809	0.173975464299	0.173298995193	0.181492119765	0.181091886827	0.189614326147	0.191634931129	0.142162221761	0.170809054788	0.182685848634	0.0965278911719	0.194783189612	0.186282100718	0.118978507337	0.142833875195	0.113394817134	0.154591340425	0.193477255883	0.162338358632	0.162804813386	0.175897603918	0.152357305337	0.166697285744	0.165444978618	0.0	0.122036287862	0.118532667379	0.136570155079	0.111574937676	0.111235327326	0.186872600926	0.111638099242	0.116757499294	0.16739701521	0.186195684714	0.16484807254	0.165595419782	0.137963767404	0.179648423538	0.134917724902	0.197841820306	0.166589392138	0.159077748691
SZEY-07A.snv.bam	0.0583982986249	0.232433385882	0.0556361993544	0.20348163156	0.163139805274	0.18190199588	0.148220400662	0.145583530389	0.204985831126	0.17445581801	0.20486792924	0.198037575101	0.172476030389	0.217847028146	0.228808500774	0.210175456028	0.189673328211	0.195600592254	0.183554171618	0.232740336027	0.215522632097	0.155126346426	0.186996892238	0.199403747932	0.0622255645202	0.172387727826	0.185306345773	0.058013615767	0.109743805262	0.06471741176	0.0894460213293	0.19723870567	0.150151887718	0.151128616495	0.185026949379	0.102676431722	0.197413878899	0.196557722718	0.122036287862	0.0	0.0577454862394	0.0532151090354	0.0497737551396	0.0499728126589	0.205313092711	0.0722552260789	0.0622757186426	0.101662391721	0.227881380903	0.0995114493775	0.18758184994	0.111304688854	0.183863884776	0.0818132021706	0.216062348393	0.194821816372	0.0935771733203
SZEY-43A.snv.bam	0.0450052490704	0.22018725019	0.0143248245058	0.204769136344	0.142975119767	0.173659626059	0.135604112396	0.132308805238	0.19269534186	0.176688205004	0.201799093938	0.195504928866	0.169935981563	0.206458336996	0.216963258024	0.198047655767	0.177508760075	0.18512029469	0.171557222374	0.221146814497	0.217621637259	0.151699041249	0.189039213567	0.196445642169	0.0597108668957	0.163323256967	0.191952031917	0.00690347011196	0.0830510757483	0.0236659328217	0.0777267495303	0.18484628002	0.147330541817	0.147591009074	0.187506999219	0.0701337916817	0.190132168464	0.188986927891	0.118532667379	0.0577454862394	0.0	0.0600606461716	0.0188932338388	0.0187052097084	0.195790401327	0.0597594257717	0.0311961723549	0.070921946912	0.225620984534	0.070224010967	0.180310899683	0.0836017695366	0.176339216385	0.0689298296497	0.204485973538	0.188109881581	0.0820948301782
T2D-102A.snv.bam	0.0700909030846	0.23818639972	0.0482052923422	0.218471499251	0.160366634666	0.182425458195	0.153882016186	0.147675868091	0.194305235322	0.189920894564	0.210218028653	0.204327137213	0.178164858838	0.22227281386	0.235567963155	0.215942980153	0.20015250995	0.203508803006	0.18652535351	0.238765203067	0.225459644751	0.165445069034	0.196880751584	0.204752811583	0.0643785955951	0.189830308547	0.202976126104	0.0601518918583	0.09059285694	0.0572351138007	0.0896461603931	0.206877233297	0.160246774794	0.160578620591	0.195320082883	0.10495390617	0.198416572247	0.196880763205	0.136570155079	0.0532151090354	0.0600606461716	0.0	0.0474187301706	0.0471341206655	0.172397244131	0.0837751499326	0.0549719510274	0.109403012684	0.239241140666	0.107446686314	0.186526318303	0.113873903554	0.179288602076	0.0844887492214	0.212167970626	0.196155979084	0.0966968140684
T2D-107A.snv.bam	0.0527215577905	0.213091079009	0.00671009771889	0.203091450158	0.138447709687	0.16214926055	0.133412120547	0.125081147483	0.193464429062	0.169584128208	0.194886611062	0.188567094637	0.167414067519	0.208726068453	0.209516971815	0.190636784383	0.175402771651	0.178032983296	0.167911412017	0.213422309987	0.214648081735	0.145317739244	0.177186346313	0.194277512712	0.0473406449074	0.157377908224	0.180398033211	0.0191271080484	0.0760093326455	0.0161611618049	0.0748673950133	0.186841311799	0.144890358132	0.14552256889	0.180076228313	0.0716997409491	0.187249031766	0.186392403918	0.111574937676	0.0497737551396	0.0188932338388	0.0474187301706	0.0	0.00116457163396	0.180820605574	0.0664119895051	0.0235741752363	0.0824292872037	0.223153319906	0.0805630063414	0.168644457253	0.085591951581	0.173538055113	0.0622539119046	0.206449561581	0.185242152906	0.0695328147992
T2D-157A.snv.bam	0.0523940236538	0.212994682933	0.0063903667767	0.20286343405	0.138143771699	0.161834315713	0.133288460054	0.124821587847	0.193355470011	0.169415307033	0.194904664415	0.18859030995	0.167454423172	0.208869198825	0.209723950568	0.19055805983	0.175231843897	0.178079567129	0.16784971926	0.213375151574	0.214586887615	0.14520776139	0.177196869754	0.194062388374	0.0468428907315	0.15706608564	0.179982398588	0.0186303325258	0.0758068130856	0.0158777902749	0.0749096265906	0.187087550081	0.145027071389	0.145490524861	0.180031652483	0.0716172282869	0.187267343634	0.186325876855	0.111235327326	0.0499728126589	0.0187052097084	0.0471341206655	0.00116457163396	0.0	0.180768643775	0.0662684082483	0.0230876476029	0.0821614134802	0.223280316656	0.0804525707198	0.168770611259	0.08559747408	0.173520420296	0.0618541111665	0.206530718007	0.185261694426	0.0696271746739
T2D-195A.snv.bam	0.18461140314	0.219806148466	0.184194363034	0.219704614153	0.160050266882	0.183861431171	0.147899644663	0.198187806328	0.195887543309	0.179460100729	0.212382307634	0.205554441187	0.201133897781	0.207175865208	0.209845493834	0.202789633803	0.187976585745	0.178498062211	0.178989164078	0.218483146576	0.217488645381	0.159301205475	0.184783434124	0.191709347517	0.173531312771	0.213275318008	0.202244031395	0.196674676903	0.202288924727	0.185596304757	0.219043105597	0.194350889856	0.195277187937	0.197232745135	0.182005625136	0.18618891666	0.189545418169	0.186231983644	0.186872600926	0.205313092711	0.195790401327	0.172397244131	0.180820605574	0.180768643775	0.0	0.183268015853	0.183642993749	0.200010494151	0.206916661373	0.199418209964	0.132224209477	0.179430200925	0.175869395762	0.192516064584	0.208169131077	0.182980314174	0.187315563234
