	160400887-stool1.snv.bam	764467579-stool3.snv.bam	CCIS64785924ST-20-0.snv.bam	CCMD82866709ST-21-0.snv.bam	MH0253.snv.bam	MH0329.snv.bam	MH0346.snv.bam	MH0365.snv.bam	MH0368.snv.bam	MH0374.snv.bam	MH0385.snv.bam	MH0422.snv.bam	MH0448.snv.bam	MH0451.snv.bam	MH0458.snv.bam	MMRS32573774ST-27-0-0.snv.bam	MMRS38861560ST-27-0-0.snv.bam	MMRS47662059ST-27-0-0.snv.bam	MMRS51737257ST-27-0-0.snv.bam	MMRS57276462ST-27-0-0.snv.bam	MMRS88581325ST-27-0-0.snv.bam	MMRS95277876ST-27-0-0.snv.bam	NG-5636_462.snv.bam	O2.UC4-1.snv.bam	SAMEA3136644.snv.bam	SAMEA3178937.snv.bam	V1.UC10-2.snv.bam
160400887-stool1.snv.bam	0.0	0.133489461358	0.128805620609	0.128805620609	0.149882903981	0.133489461358	0.126463700234	0.215456674473	0.096018735363	0.168618266979	0.140515222482	0.149882903981	0.145199063232	0.152224824356	0.124121779859	0.15925058548	0.154566744731	0.15925058548	0.105386416862	0.168618266979	0.142857142857	0.140515222482	0.156908665105	0.152224824356	0.166276346604	0.16393442623	0.142857142857
764467579-stool3.snv.bam	0.133489461358	0.0	0.11943793911	0.128805620609	0.142857142857	0.124121779859	0.121779859485	0.201405152225	0.0889929742389	0.147540983607	0.145199063232	0.133489461358	0.117096018735	0.140515222482	0.124121779859	0.156908665105	0.142857142857	0.166276346604	0.0913348946136	0.154566744731	0.15925058548	0.145199063232	0.161592505855	0.140515222482	0.156908665105	0.138173302108	0.154566744731
CCIS64785924ST-20-0.snv.bam	0.128805620609	0.11943793911	0.0	0.131147540984	0.138173302108	0.126463700234	0.135831381733	0.177985948478	0.0983606557377	0.154566744731	0.121779859485	0.124121779859	0.128805620609	0.124121779859	0.11943793911	0.15925058548	0.156908665105	0.152224824356	0.11943793911	0.147540983607	0.128805620609	0.117096018735	0.147540983607	0.156908665105	0.147540983607	0.103044496487	0.138173302108
CCMD82866709ST-21-0.snv.bam	0.128805620609	0.128805620609	0.131147540984	0.0	0.140515222482	0.128805620609	0.140515222482	0.192037470726	0.0866510538642	0.152224824356	0.117096018735	0.133489461358	0.126463700234	0.131147540984	0.126463700234	0.168618266979	0.131147540984	0.154566744731	0.100702576112	0.168618266979	0.149882903981	0.138173302108	0.135831381733	0.112412177986	0.142857142857	0.147540983607	0.149882903981
MH0253.snv.bam	0.149882903981	0.142857142857	0.138173302108	0.140515222482	0.0	0.161592505855	0.152224824356	0.16393442623	0.124121779859	0.156908665105	0.149882903981	0.147540983607	0.121779859485	0.149882903981	0.154566744731	0.161592505855	0.152224824356	0.173302107728	0.133489461358	0.170960187354	0.149882903981	0.156908665105	0.168618266979	0.154566744731	0.152224824356	0.161592505855	0.147540983607
MH0329.snv.bam	0.133489461358	0.124121779859	0.126463700234	0.128805620609	0.161592505855	0.0	0.142857142857	0.210772833724	0.117096018735	0.173302107728	0.11943793911	0.133489461358	0.128805620609	0.177985948478	0.121779859485	0.168618266979	0.114754098361	0.161592505855	0.126463700234	0.156908665105	0.149882903981	0.135831381733	0.149882903981	0.156908665105	0.168618266979	0.161592505855	0.142857142857
MH0346.snv.bam	0.126463700234	0.121779859485	0.135831381733	0.140515222482	0.152224824356	0.142857142857	0.0	0.215456674473	0.121779859485	0.168618266979	0.135831381733	0.147540983607	0.121779859485	0.147540983607	0.135831381733	0.156908665105	0.154566744731	0.145199063232	0.124121779859	0.170960187354	0.145199063232	0.152224824356	0.16393442623	0.16393442623	0.135831381733	0.168618266979	0.15925058548
MH0365.snv.bam	0.215456674473	0.201405152225	0.177985948478	0.192037470726	0.16393442623	0.210772833724	0.215456674473	0.0	0.185011709602	0.180327868852	0.2037470726	0.19906323185	0.182669789227	0.213114754098	0.19906323185	0.213114754098	0.206088992974	0.215456674473	0.189695550351	0.222482435597	0.210772833724	0.196721311475	0.215456674473	0.229508196721	0.215456674473	0.213114754098	0.19906323185
MH0368.snv.bam	0.096018735363	0.0889929742389	0.0983606557377	0.0866510538642	0.124121779859	0.117096018735	0.121779859485	0.185011709602	0.0	0.140515222482	0.112412177986	0.126463700234	0.105386416862	0.133489461358	0.100702576112	0.140515222482	0.114754098361	0.140515222482	0.0772833723653	0.133489461358	0.133489461358	0.133489461358	0.138173302108	0.103044496487	0.140515222482	0.112412177986	0.110070257611
MH0374.snv.bam	0.168618266979	0.147540983607	0.154566744731	0.152224824356	0.156908665105	0.173302107728	0.168618266979	0.180327868852	0.140515222482	0.0	0.142857142857	0.161592505855	0.128805620609	0.161592505855	0.161592505855	0.194379391101	0.170960187354	0.173302107728	0.149882903981	0.173302107728	0.156908665105	0.142857142857	0.180327868852	0.175644028103	0.154566744731	0.180327868852	0.138173302108
MH0385.snv.bam	0.140515222482	0.145199063232	0.121779859485	0.117096018735	0.149882903981	0.11943793911	0.135831381733	0.2037470726	0.112412177986	0.142857142857	0.0	0.133489461358	0.121779859485	0.142857142857	0.124121779859	0.145199063232	0.138173302108	0.142857142857	0.121779859485	0.15925058548	0.138173302108	0.126463700234	0.124121779859	0.152224824356	0.152224824356	0.138173302108	0.126463700234
MH0422.snv.bam	0.149882903981	0.133489461358	0.124121779859	0.133489461358	0.147540983607	0.133489461358	0.147540983607	0.19906323185	0.126463700234	0.161592505855	0.133489461358	0.0	0.138173302108	0.156908665105	0.126463700234	0.149882903981	0.138173302108	0.124121779859	0.126463700234	0.154566744731	0.135831381733	0.142857142857	0.138173302108	0.161592505855	0.145199063232	0.154566744731	0.161592505855
MH0448.snv.bam	0.145199063232	0.117096018735	0.128805620609	0.126463700234	0.121779859485	0.128805620609	0.121779859485	0.182669789227	0.105386416862	0.128805620609	0.121779859485	0.138173302108	0.0	0.149882903981	0.135831381733	0.173302107728	0.126463700234	0.156908665105	0.128805620609	0.161592505855	0.15925058548	0.131147540984	0.15925058548	0.15925058548	0.138173302108	0.154566744731	0.126463700234
MH0451.snv.bam	0.152224824356	0.140515222482	0.124121779859	0.131147540984	0.149882903981	0.177985948478	0.147540983607	0.213114754098	0.133489461358	0.161592505855	0.142857142857	0.156908665105	0.149882903981	0.0	0.15925058548	0.173302107728	0.154566744731	0.168618266979	0.124121779859	0.192037470726	0.140515222482	0.152224824356	0.154566744731	0.15925058548	0.133489461358	0.152224824356	0.16393442623
MH0458.snv.bam	0.124121779859	0.124121779859	0.11943793911	0.126463700234	0.154566744731	0.121779859485	0.135831381733	0.19906323185	0.100702576112	0.161592505855	0.124121779859	0.126463700234	0.135831381733	0.15925058548	0.0	0.15925058548	0.149882903981	0.117096018735	0.11943793911	0.170960187354	0.145199063232	0.133489461358	0.15925058548	0.15925058548	0.166276346604	0.124121779859	0.133489461358
MMRS32573774ST-27-0-0.snv.bam	0.15925058548	0.156908665105	0.15925058548	0.168618266979	0.161592505855	0.168618266979	0.156908665105	0.213114754098	0.140515222482	0.194379391101	0.145199063232	0.149882903981	0.173302107728	0.173302107728	0.15925058548	0.0	0.168618266979	0.149882903981	0.166276346604	0.180327868852	0.145199063232	0.16393442623	0.182669789227	0.168618266979	0.189695550351	0.173302107728	0.185011709602
MMRS38861560ST-27-0-0.snv.bam	0.154566744731	0.142857142857	0.156908665105	0.131147540984	0.152224824356	0.114754098361	0.154566744731	0.206088992974	0.114754098361	0.170960187354	0.138173302108	0.138173302108	0.126463700234	0.154566744731	0.149882903981	0.168618266979	0.0	0.16393442623	0.128805620609	0.166276346604	0.145199063232	0.147540983607	0.16393442623	0.149882903981	0.156908665105	0.173302107728	0.149882903981
MMRS47662059ST-27-0-0.snv.bam	0.15925058548	0.166276346604	0.152224824356	0.154566744731	0.173302107728	0.161592505855	0.145199063232	0.215456674473	0.140515222482	0.173302107728	0.142857142857	0.124121779859	0.156908665105	0.168618266979	0.117096018735	0.149882903981	0.16393442623	0.0	0.152224824356	0.161592505855	0.138173302108	0.154566744731	0.16393442623	0.170960187354	0.180327868852	0.175644028103	0.15925058548
MMRS51737257ST-27-0-0.snv.bam	0.105386416862	0.0913348946136	0.11943793911	0.100702576112	0.133489461358	0.126463700234	0.124121779859	0.189695550351	0.0772833723653	0.149882903981	0.121779859485	0.126463700234	0.128805620609	0.124121779859	0.11943793911	0.166276346604	0.128805620609	0.152224824356	0.0	0.156908665105	0.138173302108	0.142857142857	0.147540983607	0.133489461358	0.117096018735	0.142857142857	0.128805620609
MMRS57276462ST-27-0-0.snv.bam	0.168618266979	0.154566744731	0.147540983607	0.168618266979	0.170960187354	0.156908665105	0.170960187354	0.222482435597	0.133489461358	0.173302107728	0.15925058548	0.154566744731	0.161592505855	0.192037470726	0.170960187354	0.180327868852	0.166276346604	0.161592505855	0.156908665105	0.0	0.154566744731	0.16393442623	0.201405152225	0.187353629977	0.168618266979	0.16393442623	0.126463700234
MMRS88581325ST-27-0-0.snv.bam	0.142857142857	0.15925058548	0.128805620609	0.149882903981	0.149882903981	0.149882903981	0.145199063232	0.210772833724	0.133489461358	0.156908665105	0.138173302108	0.135831381733	0.15925058548	0.140515222482	0.145199063232	0.145199063232	0.145199063232	0.138173302108	0.138173302108	0.154566744731	0.0	0.145199063232	0.140515222482	0.154566744731	0.152224824356	0.15925058548	0.147540983607
MMRS95277876ST-27-0-0.snv.bam	0.140515222482	0.145199063232	0.117096018735	0.138173302108	0.156908665105	0.135831381733	0.152224824356	0.196721311475	0.133489461358	0.142857142857	0.126463700234	0.142857142857	0.131147540984	0.152224824356	0.133489461358	0.16393442623	0.147540983607	0.154566744731	0.142857142857	0.16393442623	0.145199063232	0.0	0.168618266979	0.154566744731	0.126463700234	0.142857142857	0.145199063232
NG-5636_462.snv.bam	0.156908665105	0.161592505855	0.147540983607	0.135831381733	0.168618266979	0.149882903981	0.16393442623	0.215456674473	0.138173302108	0.180327868852	0.124121779859	0.138173302108	0.15925058548	0.154566744731	0.15925058548	0.182669789227	0.16393442623	0.16393442623	0.147540983607	0.201405152225	0.140515222482	0.168618266979	0.0	0.16393442623	0.175644028103	0.168618266979	0.161592505855
O2.UC4-1.snv.bam	0.152224824356	0.140515222482	0.156908665105	0.112412177986	0.154566744731	0.156908665105	0.16393442623	0.229508196721	0.103044496487	0.175644028103	0.152224824356	0.161592505855	0.15925058548	0.15925058548	0.15925058548	0.168618266979	0.149882903981	0.170960187354	0.133489461358	0.187353629977	0.154566744731	0.154566744731	0.16393442623	0.0	0.189695550351	0.168618266979	0.16393442623
SAMEA3136644.snv.bam	0.166276346604	0.156908665105	0.147540983607	0.142857142857	0.152224824356	0.168618266979	0.135831381733	0.215456674473	0.140515222482	0.154566744731	0.152224824356	0.145199063232	0.138173302108	0.133489461358	0.166276346604	0.189695550351	0.156908665105	0.180327868852	0.117096018735	0.168618266979	0.152224824356	0.126463700234	0.175644028103	0.189695550351	0.0	0.173302107728	0.166276346604
SAMEA3178937.snv.bam	0.16393442623	0.138173302108	0.103044496487	0.147540983607	0.161592505855	0.161592505855	0.168618266979	0.213114754098	0.112412177986	0.180327868852	0.138173302108	0.154566744731	0.154566744731	0.152224824356	0.124121779859	0.173302107728	0.173302107728	0.175644028103	0.142857142857	0.16393442623	0.15925058548	0.142857142857	0.168618266979	0.168618266979	0.173302107728	0.0	0.161592505855
V1.UC10-2.snv.bam	0.142857142857	0.154566744731	0.138173302108	0.149882903981	0.147540983607	0.142857142857	0.15925058548	0.19906323185	0.110070257611	0.138173302108	0.126463700234	0.161592505855	0.126463700234	0.16393442623	0.133489461358	0.185011709602	0.149882903981	0.15925058548	0.128805620609	0.126463700234	0.147540983607	0.145199063232	0.161592505855	0.16393442623	0.166276346604	0.161592505855	0.0
