	158256496-stool2.snv.bam	158499257-stool2.snv.bam	159146620-stool1.snv.bam	159247771-stool1.snv.bam	159247771-stool2.snv.bam	159571453-stool1.snv.bam	159571453-stool2.snv.bam	160400887-stool1.snv.bam	160603188-stool1.snv.bam	161230322-stool1.snv.bam	706846339-stool1.snv.bam	706846339-stool2.snv.bam	763961826-stool1.snv.bam	763961826-stool2.snv.bam	764447348-stool1.snv.bam	764447348-stool2.snv.bam	764487809-stool1.snv.bam	765074482-stool3.snv.bam	861967750-stool1.snv.bam	BGI-15A.snv.bam	BGI-34A.snv.bam	BYQ_AAAF.snv.bam	BYQ_AAAH.snv.bam	BYQ_AAAQ.snv.bam	BYQ_AAAS.snv.bam	BYQ_AAAZ.snv.bam	BYQ_AABB.snv.bam	CCIS02856720ST-4-0.snv.bam	CCIS07648107ST-4-0.snv.bam	CCIS09568613ST-4-0.snv.bam	CCIS22416007ST-4-0.snv.bam	CCIS22906510ST-20-0.snv.bam	CCIS38765456ST-20-0.snv.bam	CCIS41548810ST-4-0.snv.bam	CCIS62794166ST-4-0.snv.bam	CCIS82507866ST-3-0.snv.bam	CCIS83574003ST-4-0.snv.bam	CCIS87252800ST-4-0.snv.bam	CCMD13071240ST-21-0.snv.bam	CCMD50071957ST-21-0.snv.bam	CCMD63399960ST-21-0.snv.bam	CCMD74930188ST-21-0.snv.bam	CCMD93344354ST-21-0.snv.bam	CCMD96553385ST-21-0.snv.bam	DLM001.snv.bam	DLM014.snv.bam	DLM019.snv.bam	M2.1-V1.metaG.snv.bam	M2.1-V2.metaG.snv.bam	M2.1-V2.metaT.snv.bam	M2.1-V3.metaG.snv.bam	M2.1-V3.metaT.snv.bam	M2.3-V1.metaG.snv.bam	M2.3-V2.metaG.snv.bam	M2.3-V3.metaG.snv.bam	M2.4-V2.metaG.snv.bam	M2.4-V3.metaG.snv.bam	MH0204.snv.bam	MH0206.snv.bam	MH0227.snv.bam	MH0290.snv.bam	MH0293.snv.bam	MH0348.snv.bam	MH0361.snv.bam	MH0368.snv.bam	MH0378.snv.bam	MH0388.snv.bam	MH0396.snv.bam	MH0398.snv.bam	MH0399.snv.bam	MH0423.snv.bam	MH0425.snv.bam	MH0426.snv.bam	MH0440.snv.bam	MH0443.snv.bam	MH0448.snv.bam	MMRS12272136ST-27-0-0.snv.bam	MMRS14602194ST-27-0-0.snv.bam	MMRS57276462ST-27-0-0.snv.bam	MMRS67096717ST-27-0-0.snv.bam	MMRS67247116ST-27-0-0.snv.bam	MMRS68630931ST-27-0-0.snv.bam	MMRS81135225ST-27-0-0.snv.bam	MMRS84954772ST-27-0-0.snv.bam	MMRS93621581ST-27-0-0.snv.bam	N021A.snv.bam	N024A.snv.bam	N039A.snv.bam	N043A.snv.bam	N066A.snv.bam	N086A.snv.bam	N087A.snv.bam	N088A.snv.bam	N104A.snv.bam	NG-5636_290.snv.bam	NG-5636_441.snv.bam	NG-5636_543.snv.bam	NLF008.snv.bam	NLF012.snv.bam	NLM021.snv.bam	NLM022.snv.bam	NLM031.snv.bam	NOF005.snv.bam	NOM010.snv.bam	NOM015.snv.bam	NOM016.snv.bam	O2.CD1-0.snv.bam	O2.UC11-1.snv.bam	O2.UC3-1.snv.bam	O2.UC35-1.snv.bam	O2.UC49-0.snv.bam	SAMEA3136727.snv.bam	SAMEA3136740.snv.bam	SAMEA3136745.snv.bam	SAMEA3136746.snv.bam	SAMEA3136749.snv.bam	SAMEA3136761.snv.bam	SAMEA3178938.snv.bam	SAMEA3178944.snv.bam	T2D-123A.snv.bam	T2D-12A.snv.bam	T2D-157A.snv.bam	T2D-198A.snv.bam	T2D-207A.snv.bam	T2D-20A.snv.bam	T2D-26A.snv.bam	T2D-41A.snv.bam	T2D-53A.snv.bam	T2D-54A.snv.bam	T2D-59A.snv.bam	T2D-6A.snv.bam	T2D-8A.snv.bam	V1.CD1-3-PN.snv.bam	V1.CD20-0.snv.bam	V1.CD22-0.snv.bam	V1.CD25-4.snv.bam	V1.CD37-4.snv.bam	V1.CD38-0.snv.bam	V1.CD4-0-PN.snv.bam	V1.CD43-0.snv.bam	V1.CD54-0.snv.bam	V1.CD6-4.snv.bam	V1.FI03.snv.bam	V1.FI05.snv.bam	V1.FI08.snv.bam	V1.FI11.snv.bam	V1.FI13.snv.bam	V1.FI14.snv.bam	V1.FI18.snv.bam	V1.FI19.snv.bam	V1.FI20.snv.bam	V1.FI24.snv.bam	V1.FI34.snv.bam	V1.FI36.snv.bam	V1.UC11-5.snv.bam	V1.UC13-3.snv.bam	V1.UC25-1.snv.bam	V1.UC40-1.snv.bam	V1.UC5-3.snv.bam	V1.UC55-4.snv.bam	V1.UC57-0.snv.bam	V1.UC61-0.snv.bam	V1.UC62-0.snv.bam	V1.UC64-0.snv.bam	daisy-11-0-0.snv.bam	daisy-11-2-0.snv.bam	daisy-11-60-0.snv.bam	daisy-11-7-0.snv.bam	peacemaker-11-392-3.snv.bam	peacemaker-11-600-0.snv.bam	peacemaker-11-773-0.snv.bam	peacemaker-13-392-1.snv.bam
158256496-stool2.snv.bam	0.0	0.196739238053	0.0522033663442	0.220859402236	0.220704215692	0.262622029116	0.262470233259	0.203046063017	0.241761375083	0.246023272383	0.195420004145	0.19541452668	0.21970181622	0.219429563964	0.261757950161	0.262103156286	0.264755725709	0.166561552268	0.231380692819	0.237171262811	0.273775514623	0.131583737927	0.264958497545	0.143708728998	0.264795005355	0.143809862157	0.265351073259	0.264725879278	0.263179669045	0.213610335225	0.232934660903	0.241239418382	0.252984578279	0.212209550173	0.272991774366	0.274208618901	0.221585817967	0.211074729635	0.219003205887	0.251512743835	0.231504253419	0.231197836755	0.125897735108	0.222885898777	0.304710407187	0.222446730252	0.209200525067	0.229564398704	0.231262319815	0.236591120213	0.231190453957	0.230749636121	0.228561088804	0.23131121544	0.233440501787	0.228410911697	0.228561088804	0.234163279666	0.215555962689	0.264666920228	0.214559364976	0.228066613684	0.0501457820633	0.258954300246	0.222704366353	0.232574264013	0.22783887788	0.311239637702	0.214276610877	0.0527695808034	0.212239770919	0.066036481214	0.226002867166	0.234524569845	0.21152723048	0.26956173473	0.224580788368	0.225147029605	0.219003205887	0.258397267302	0.217079765601	0.223548653118	0.235828144812	0.261700534022	0.261573177935	0.273980073202	0.255198758862	0.253644132476	0.275202061211	0.268764036345	0.236737574206	0.223221403045	0.228799903672	0.225379693278	0.222141351506	0.263537587356	0.213767694738	0.222943606463	0.226049482737	0.29604394442	0.27130828597	0.225762649232	0.2278694638	0.22434988678	0.220849968744	0.241760499429	0.225595089027	0.223983871496	0.233867863209	0.256227587875	0.278111042618	0.261676654756	0.25791049428	0.210931807804	0.25192240143	0.212907499882	0.23334915952	0.265605367249	0.2560228334	0.307399810698	0.220171104947	0.216902062492	0.210793493153	0.306958237033	0.263132625456	0.265587873642	0.273233509048	0.201971424506	0.267001478453	0.198252519411	0.225731858279	0.225490757805	0.227151671725	0.225827241146	0.229504229391	0.222018405322	0.246688801361	0.263678439352	0.252879730788	0.246559473863	0.224701081694	0.0528237780396	0.0498089182963	0.222283690898	0.267254137188	0.233755931554	0.232813154192	0.201587660302	0.261990987088	0.262269729728	0.201124494701	0.216169053824	0.307060409583	0.259708571182	0.0553115072972	0.305079821357	0.210301733698	0.248761287652	0.201233476784	0.247177076357	0.225135785686	0.126359156724	0.126523400553	0.210182179833	0.232934217166	0.232833876006	0.232880809774	0.232877126506	0.271649452652	0.264884436213	0.264884436213	0.270554092347
158499257-stool2.snv.bam	0.196739238053	0.0	0.183115661564	0.212589149007	0.213184192019	0.219495896298	0.220022550445	0.206760408706	0.207962826474	0.195875268737	0.0856728432743	0.0855548896849	0.206660661454	0.206341983704	0.220107657257	0.219915607409	0.221123810363	0.0987274453883	0.21052683134	0.252473022766	0.285006434471	0.235595003552	0.223221350224	0.201572877044	0.222606971827	0.201439267572	0.223412877337	0.21285465107	0.223642738489	0.252516933867	0.251982815512	0.193427717348	0.207945451821	0.215007343732	0.23608999696	0.220354451285	0.225951782849	0.242654388386	0.205367706283	0.204322479671	0.215458087966	0.250203019242	0.217042077787	0.218111539185	0.247667924732	0.210407047901	0.0988265063521	0.248681439471	0.25026815146	0.257014671537	0.250195562121	0.250018177127	0.247603627986	0.250317539323	0.252404623446	0.244077084816	0.247603627986	0.228658140083	0.255050373372	0.221540681843	0.254920089744	0.245180897319	0.177968876866	0.266831925063	0.209816789764	0.252601673513	0.265388848367	0.252861287401	0.211670413458	0.182031986625	0.244301897265	0.177806600756	0.264595274257	0.250344463881	0.24372438475	0.223986334996	0.190866011116	0.262744146268	0.205367706283	0.219278179469	0.255961026466	0.242197436366	0.193371682276	0.219320197493	0.219191563585	0.236949477111	0.201654842979	0.201158851302	0.286436801429	0.236643972042	0.242972958034	0.234805333071	0.20549584287	0.262728308239	0.211542183656	0.221286535493	0.244309169562	0.227644652054	0.264861540268	0.231097710445	0.235488256146	0.264426630925	0.256532513998	0.233548290758	0.254735711802	0.241268487097	0.262427138831	0.261168772893	0.25272237677	0.21669646891	0.269490041441	0.219296078635	0.264970472865	0.242510032556	0.197210330451	0.244874060664	0.227423532457	0.213568928422	0.262389641283	0.249940230858	0.206477700669	0.252907434162	0.246058899148	0.249574248415	0.167807989414	0.170464929286	0.236423038976	0.0724250101699	0.169825683584	0.197049320766	0.263463722112	0.263091323246	0.235525556458	0.264129067251	0.248094873701	0.209659262589	0.196408893357	0.224493496935	0.208385043141	0.197911034083	0.259532771306	0.183607173168	0.183154100976	0.209214013421	0.223475749789	0.249867529344	0.252186840151	0.148919801837	0.219341014931	0.220024534533	0.148608391179	0.22595189345	0.249870567882	0.216819898012	0.186767365574	0.247548011852	0.213991191559	0.196220124259	0.150572409793	0.197138639507	0.244394703455	0.21857500597	0.217878927651	0.247196986923	0.24104217674	0.240940828813	0.241096119992	0.240984513264	0.22499092559	0.222536045191	0.222536045191	0.228039611223
159146620-stool1.snv.bam	0.0522033663442	0.183115661564	0.0	0.216944913733	0.216909117705	0.273402598104	0.27305093835	0.254513322751	0.253117960456	0.249123805214	0.170172595376	0.170180590196	0.217110105982	0.216650348246	0.272643801289	0.273142841064	0.275013371062	0.137046516699	0.224038943788	0.239444002781	0.295301332666	0.100641496101	0.275515687998	0.113808965897	0.275446803187	0.113793914555	0.275774114089	0.269200024266	0.257414824633	0.255836731929	0.262132255174	0.245459558318	0.262057688709	0.215461403481	0.282011583567	0.281056938372	0.216613615058	0.246273805892	0.216019209495	0.254544062568	0.248941065067	0.260201427078	0.0980196345601	0.215953325414	0.313673729108	0.222336015583	0.191743516156	0.258761992975	0.260265910138	0.268734192737	0.26019404428	0.258830727918	0.257661357761	0.260314805763	0.262348053731	0.257871257973	0.257661357761	0.232333715842	0.258267153917	0.274059364027	0.257799023154	0.255154632027	0.00404438489574	0.276491025803	0.220666871677	0.262141442536	0.278999274914	0.321032472978	0.216555930759	0.00388920097886	0.248176274606	0.0209017679873	0.277540027132	0.234272289926	0.247375419216	0.280816648279	0.222096466156	0.275896124339	0.216019209495	0.252799907707	0.259306162306	0.252915751216	0.231657019466	0.27220516482	0.272077808733	0.283035812164	0.249434418522	0.249226077926	0.296544985826	0.27593753903	0.249214873553	0.217970401376	0.229874490115	0.276039638751	0.222274500898	0.274504405889	0.249236015919	0.218247674915	0.277570355116	0.305362286595	0.283205520556	0.277160530933	0.26937154993	0.219996886867	0.261176840784	0.250574203993	0.276344183761	0.275149146514	0.262883980998	0.250995335978	0.293123108355	0.272181285554	0.275333522133	0.246130884061	0.247090429486	0.248507522437	0.23101639652	0.270094376506	0.27281344741	0.316206235544	0.217578276583	0.256530639155	0.250105101528	0.315751588583	0.253523118053	0.255092897671	0.282394390893	0.17782977342	0.256784820928	0.193127598558	0.276580504846	0.276239852539	0.222237191484	0.276899992633	0.259052597223	0.219838548756	0.249761695361	0.277033536376	0.247675326403	0.250963339548	0.275788089023	0.00333961412773	0.00263151660024	0.219633598128	0.272895920678	0.264257392294	0.261499106543	0.186774543946	0.272636959876	0.272882926372	0.186793366063	0.216691381774	0.31590438006	0.270648354117	0.00577640739961	0.314269460314	0.21540190482	0.244140942671	0.186373986693	0.250465211461	0.25465638194	0.099453706152	0.0988327134202	0.247463551659	0.239097676282	0.238997335122	0.239151083674	0.239040585622	0.283692981883	0.275389067011	0.275389067011	0.27967893854
159247771-stool1.snv.bam	0.220859402236	0.212589149007	0.216944913733	0.0	0.00262726391104	0.190802020857	0.192824491979	0.246309023745	0.227947611813	0.193851284663	0.226301060567	0.226845951926	0.0225886797472	0.0221426057318	0.190021847227	0.190499810763	0.192223916241	0.246531575278	0.21395520198	0.216203565724	0.25907203982	0.105460140415	0.193973254861	0.117806853686	0.193592795917	0.118003265656	0.194097044228	0.233333566598	0.215053350702	0.233520616428	0.226298123511	0.240882969942	0.203038316674	0.199642267694	0.213668292417	0.227373059272	0.233296574316	0.25663221483	0.0219155512856	0.172106035702	0.19159765347	0.224274946653	0.245154540694	0.180522485482	0.283951108796	0.0253962626966	0.255853600012	0.222608633298	0.224339429713	0.223730608747	0.224251892822	0.224919886526	0.221628509282	0.224218822321	0.226524916019	0.217419955294	0.221628509282	0.225342177903	0.235224912242	0.224348163655	0.234499700457	0.213818809935	0.219549116503	0.236695838488	0.0255894719185	0.225579619215	0.255327444355	0.28754147981	0.196293495045	0.219009700064	0.257371987159	0.235858049541	0.253873290238	0.204099095989	0.256838807951	0.194664295938	0.220117374932	0.253261393078	0.0219155512856	0.209826224423	0.23669408852	0.216066799117	0.185395733713	0.190224060715	0.190351416803	0.213767071044	0.193158655282	0.189124892076	0.260065168613	0.213766711771	0.193438286737	0.228067766335	0.233577793248	0.252970404545	0.0254337652299	0.192172565285	0.259589146763	0.234554251117	0.254077220313	0.248870347352	0.216207331182	0.253575959842	0.242952236383	0.226148017597	0.238452936139	0.240788387312	0.252822505558	0.251444641511	0.226579882966	0.204396839576	0.29655495595	0.190454893624	0.235845556979	0.25651588945	0.188600586496	0.259307525516	0.221636036736	0.234108761172	0.236548677004	0.286627416909	0.0225822152976	0.23988572787	0.227383051992	0.286226346423	0.250469216332	0.251348552271	0.213405716954	0.252871297499	0.253573634284	0.215218786664	0.253115285841	0.253436179528	0.228370188585	0.25360828839	0.22190107018	0.0256061579623	0.193491675464	0.20779283922	0.203190588008	0.195363629198	0.251848675621	0.216799865749	0.217324266055	0.0249681441446	0.236156871718	0.226659449745	0.22561309501	0.242536884252	0.18992191662	0.190661762481	0.242250225013	0.219642043711	0.28587720833	0.215133907043	0.219802383379	0.284904039814	0.028976823352	0.186645113694	0.243421200798	0.194782200021	0.217492676348	0.245467215044	0.244688908793	0.260666492479	0.197211297007	0.197110955847	0.197264704398	0.197268387667	0.19910856923	0.193662675081	0.193662675081	0.201459343362
159247771-stool2.snv.bam	0.220704215692	0.213184192019	0.216909117705	0.00262726391104	0.0	0.191346687937	0.192299701038	0.246716731071	0.227896692405	0.193433613296	0.226522773359	0.226449667456	0.0226362540634	0.0225321859115	0.190271839687	0.190770516305	0.192850258308	0.246260653892	0.213713721697	0.216182931292	0.258866031747	0.104918978395	0.193756620429	0.117395016264	0.193601166775	0.117527131956	0.193821641288	0.23294616741	0.214712772253	0.233049136553	0.226023828318	0.240967804661	0.202951792307	0.199144714608	0.213343899318	0.227357151531	0.233087340799	0.256160627711	0.0215027094942	0.171892237631	0.191145420214	0.223942069308	0.244647910711	0.180310082723	0.283909189996	0.0258886433709	0.255669544739	0.222260097695	0.224006552368	0.223617806022	0.22393468651	0.225313342303	0.221281135465	0.224055447993	0.226208760059	0.217069659724	0.221281135465	0.225993883344	0.235433317035	0.224516483642	0.234827813238	0.214572902489	0.220337083322	0.237800687359	0.02641948386	0.225991105298	0.255619214334	0.287122853823	0.196506613047	0.219414030065	0.257831145197	0.236258153453	0.254051621701	0.204647490516	0.257011281107	0.19438619242	0.219619194143	0.252794910138	0.0215027094942	0.209514737221	0.23637949259	0.215793075405	0.184412844003	0.190007426283	0.19013478237	0.214337316018	0.192741405131	0.189138917474	0.260484980206	0.213781626912	0.193260568227	0.228049116026	0.233155438701	0.252513457394	0.0250421753934	0.192015092684	0.259477215727	0.234673075469	0.253984500845	0.248873316821	0.216097791654	0.253438133025	0.243147392536	0.226653110881	0.238810566675	0.241329004659	0.252615920651	0.250972269133	0.226490561677	0.204190964441	0.297077770999	0.190238259192	0.23560876276	0.256017705879	0.188588712465	0.258865152203	0.221285116287	0.233720074943	0.236311088174	0.286101181191	0.0228982021759	0.239920243634	0.227323087013	0.285560276683	0.250243315529	0.250975427297	0.213836514707	0.253111448079	0.253647225191	0.214625601868	0.252907259212	0.253138638338	0.228102666135	0.253950563132	0.222795113945	0.0257760216557	0.1940877977	0.208324241586	0.203576456954	0.195268733861	0.251512411117	0.217707888869	0.217340122153	0.0250981966864	0.236121674844	0.225986884881	0.225581465941	0.242573352238	0.190628854552	0.190650382444	0.242387147655	0.219663865813	0.285777893322	0.215090274669	0.220288740336	0.284527361574	0.0288462714865	0.186788819901	0.243641291501	0.194370664819	0.21766535527	0.245834516469	0.244925333447	0.260398350952	0.196757298927	0.196656957767	0.196810706318	0.196814389587	0.199234502838	0.193446040649	0.193446040649	0.20130419894
159571453-stool1.snv.bam	0.262622029116	0.219495896298	0.273402598104	0.190802020857	0.191346687937	0.0	0.00454995055393	0.230242089366	0.190020551596	0.111073230197	0.25623835096	0.256209852232	0.211325980861	0.211006351051	0.00200168628792	0.00210647869386	0.00280783433192	0.256181990008	0.196685250425	0.216448381409	0.228893475371	0.234143134776	0.0056155684968	0.240135555668	0.00523310186306	0.240267671361	0.00580519302263	0.183745018149	0.211229277236	0.216438318227	0.201941458692	0.18578260715	0.107401928321	0.162348605269	0.0647139968877	0.105398483063	0.249979674809	0.239786327833	0.210235084375	0.0285947124098	0.137980670793	0.200019715427	0.258417753944	0.130478850785	0.222188727147	0.208292073173	0.252767930564	0.198177728069	0.200084198486	0.211247490167	0.200012332629	0.198156289169	0.197279040404	0.19975868078	0.20236561927	0.192409973018	0.197279040404	0.22957434311	0.219055306612	0.0372527320376	0.218177631844	0.195578506846	0.269866677795	0.20723424068	0.21416913958	0.202402544072	0.232384337846	0.224350594703	0.165712907587	0.275693732888	0.241371481032	0.276671405962	0.231619881053	0.194525742034	0.24101342992	0.00535804191559	0.20952910312	0.229875194081	0.210235084375	0.206556762066	0.219848197986	0.191480160645	0.0290226632146	0.00175316893903	0.00162581285141	0.066050303078	0.176476332938	0.172237283572	0.227217410528	0.0649683369896	0.137623540043	0.232080893354	0.157586269095	0.229924867165	0.209701327118	0.0022493967018	0.242101578803	0.251355312957	0.231818651254	0.198640812374	0.0696419774019	0.231412194159	0.219326257844	0.230524809381	0.217802979828	0.119184406567	0.229534679799	0.229543269961	0.203083848608	0.204477990251	0.260406853298	0.00172928967261	0.209087997561	0.239643406001	0.167200144722	0.242326561692	0.224991690363	0.184355466715	0.209701327118	0.224250974716	0.210645659158	0.210755425285	0.223951720939	0.223649088638	0.273789960334	0.275187828051	0.0650799180033	0.269611766105	0.276716614217	0.218167271522	0.230465257443	0.22953924295	0.232649255347	0.231101156092	0.197644799499	0.214298549891	0.11155523282	0.0204748368186	0.195999748638	0.10940267816	0.226698151509	0.274061896269	0.265592670452	0.214050229312	0.20734534305	0.197023394221	0.202310875528	0.246873939765	0.00216778242186	0.00264007500875	0.245792936077	0.204157742979	0.22396151641	0.028194353351	0.27707701421	0.222218891385	0.208450942843	0.170280711856	0.247469080875	0.112309454164	0.193630574211	0.259941491379	0.258684190895	0.244580268526	0.193678792984	0.193578451824	0.193732200375	0.193621702324	0.00433028416008	0.00493707112956	0.00493707112956	0.0049497928468
159571453-stool2.snv.bam	0.262470233259	0.220022550445	0.27305093835	0.192824491979	0.192299701038	0.00454995055393	0.0	0.232083171952	0.182608955863	0.107923514987	0.262337175994	0.261792794797	0.213035990704	0.213571197278	0.00373034546381	0.00351593048511	0.00513576114543	0.258331143895	0.188546780542	0.219377714545	0.243696217296	0.241771187642	0.00706372070809	0.247918699242	0.00665701323136	0.247891515761	0.00685111348266	0.180911860049	0.214049713126	0.223039626649	0.208454634454	0.182646934711	0.109665055039	0.168010525723	0.0688329538635	0.10990162877	0.251344487906	0.247867439681	0.212602000894	0.0244128612299	0.135380484511	0.206364630658	0.260278698843	0.13246503905	0.227098555792	0.216042785261	0.261936659464	0.204449810767	0.206433215114	0.217806095416	0.206356778283	0.205052189488	0.203471518631	0.206288911324	0.208836877297	0.197025247297	0.203471518631	0.232147524893	0.224646545054	0.0353858425644	0.224091242552	0.202640284244	0.271995756403	0.22005044047	0.216853149558	0.207684213287	0.233334665768	0.231077206524	0.166285781132	0.27472964459	0.248808868429	0.275361850047	0.231575615319	0.193035486785	0.248819293709	0.00445720945721	0.208313019652	0.230285881958	0.212602000894	0.20891742898	0.226651135314	0.197238376027	0.0203142710212	0.00282109322602	0.00282109322602	0.0707960549414	0.177666363711	0.173474698063	0.241938123645	0.0700802603454	0.139278655236	0.235885173434	0.160971187718	0.230709348258	0.216886813618	0.00349295746667	0.251373073384	0.252197009199	0.23159277668	0.203231919959	0.0737392017102	0.231221221099	0.223518167902	0.233537555118	0.221297978982	0.119180123701	0.229923785786	0.229723621199	0.209245495069	0.206412791844	0.252117365235	0.00293112843729	0.222082861365	0.247715459423	0.171960112458	0.250656668361	0.228317304546	0.181551124572	0.222782029478	0.230867297857	0.214022772608	0.21669958075	0.230442376481	0.23069611791	0.280673185941	0.282080344137	0.0702119311538	0.273158804245	0.284581632653	0.222009556381	0.23148564806	0.230651395748	0.235775705401	0.230829647438	0.204384103791	0.21666661023	0.109458637379	0.0217136251627	0.197914221357	0.108686054186	0.227128283416	0.273416376844	0.268545762369	0.217048760552	0.199275962265	0.20340536768	0.208531346644	0.258825361203	0.0040410495997	0.00349318145166	0.257892076686	0.206152387506	0.230776293409	0.027552428546	0.276656049279	0.227595719164	0.215714597429	0.173718055963	0.259640804864	0.108340279529	0.19835960541	0.260949030665	0.261065996432	0.250699061056	0.18443298681	0.184326285999	0.184489779177	0.184372277728	0.0061414818635	0.00634221998658	0.00634221998658	0.00659776731205
160400887-stool1.snv.bam	0.203046063017	0.206760408706	0.254513322751	0.246309023745	0.246716731071	0.230242089366	0.232083171952	0.0	0.233230473925	0.234693628491	0.226105862808	0.226488023975	0.236063211231	0.235344989064	0.229059170965	0.229092588885	0.231813441805	0.237161227176	0.258472299253	0.24306653175	0.209526850213	0.259033436945	0.233118067045	0.263749813336	0.233017716848	0.263850946495	0.233327061014	0.244645332146	0.272617516216	0.0918252077325	0.137631129995	0.230337469269	0.230544355688	0.215363073349	0.248396966511	0.246844522704	0.241135856248	0.115160860579	0.236054527877	0.234393619787	0.225731737536	0.136741503376	0.253582917785	0.24553407143	0.260695498798	0.233921473113	0.233392526839	0.134476250386	0.136805986436	0.13262065229	0.136734120578	0.142887741376	0.13378990098	0.136549502686	0.139296937723	0.129775500519	0.13378990098	0.234430422975	0.0930133447013	0.235453719315	0.0911426385165	0.134074298728	0.245100195497	0.227668144126	0.238683119099	0.137171198679	0.0838147215124	0.263325043072	0.22012068544	0.253172767007	0.114743635785	0.250418269218	0.0822407515995	0.24370106245	0.114097131845	0.235010941654	0.221737610108	0.0828413323519	0.236054527877	0.268189060302	0.0952350874913	0.128582232283	0.25169219847	0.229860103522	0.229732747434	0.248678969577	0.2620469363	0.257932738169	0.21078850665	0.246343000465	0.21081228195	0.238003283586	0.216099361302	0.0829404797641	0.233185238753	0.231371892969	0.116462506223	0.241339864462	0.0824479875294	0.247084350736	0.245172827025	0.0822353232362	0.101501378774	0.235148823382	0.100382344894	0.223681368553	0.0826013147979	0.0800269692198	0.139403175852	0.263715106587	0.236629668422	0.229836224255	0.227226873362	0.115017938748	0.255198617862	0.115912603355	0.232535493894	0.245458107336	0.226916463665	0.26469057541	0.235803430276	0.105464029677	0.0958368852142	0.263935822084	0.272272089332	0.274622774784	0.247963871161	0.234916983848	0.276968181345	0.210864300489	0.0829130726778	0.0832118181942	0.239535693064	0.0819935852817	0.133980067733	0.238590762882	0.234411847982	0.223332941014	0.259460590484	0.232025200639	0.0812493348775	0.253347486981	0.243417340401	0.238760760473	0.248582440914	0.136943265558	0.138553653815	0.233743556457	0.229051321078	0.229426297622	0.233197073939	0.222109230831	0.263671772524	0.231241375837	0.256498452255	0.261534137776	0.21884849398	0.252295335495	0.233079122911	0.235292761536	0.127749024719	0.252821381216	0.252534367511	0.111643751671	0.228374919494	0.228274578334	0.228321512103	0.228317828834	0.234044204096	0.233044005712	0.233044005712	0.2413402197
160603188-stool1.snv.bam	0.241761375083	0.207962826474	0.253117960456	0.227947611813	0.227896692405	0.190020551596	0.182608955863	0.233230473925	0.0	0.117993711198	0.238956382672	0.238697705167	0.230288068571	0.230203287164	0.189017359453	0.189836298086	0.188901555017	0.256674933082	0.176144626373	0.227669016777	0.264594885721	0.252477115552	0.192363216972	0.259106083667	0.192206726959	0.259239080131	0.192924476031	0.0491397945336	0.212293441695	0.242101556196	0.247483227613	0.206281012781	0.121853658986	0.228294506405	0.203941104971	0.117549106384	0.204014896675	0.266002655097	0.229770453079	0.198012980607	0.17088933797	0.245739481417	0.235634119595	0.206201790606	0.228959971901	0.232395821132	0.247103125522	0.244901810131	0.245804395802	0.239482959211	0.245732049236	0.243201319916	0.243840298783	0.24547670072	0.2479486254	0.234312875254	0.243840298783	0.218369900296	0.243976870065	0.170584002042	0.243131145363	0.239185834096	0.249068954502	0.243750982687	0.233915493061	0.247193399097	0.25796136158	0.232391379575	0.227252383077	0.251746150909	0.267506926192	0.256081452104	0.256156472686	0.166623434661	0.266458965427	0.195148750402	0.202557745598	0.255628011222	0.229770453079	0.206997929522	0.245534168486	0.238279868941	0.158485447996	0.188845438454	0.188717233326	0.205525660547	0.203657724977	0.200389347158	0.263521583298	0.196843892251	0.214179614833	0.22463595865	0.182789249013	0.256028892653	0.234226810553	0.190084387159	0.267146086763	0.204627948535	0.256049092208	0.210374394011	0.199584368839	0.256607356733	0.247339646802	0.222986830583	0.242432320518	0.234572189142	0.255239495138	0.250246355337	0.248365732302	0.204345349744	0.254877352003	0.188613066659	0.245230449249	0.265961344555	0.194167777769	0.268429591083	0.217064992914	0.0493041416725	0.245970025802	0.231871214355	0.230667478521	0.237368626614	0.249665048259	0.2314561945	0.255416544611	0.259939275527	0.204598774794	0.243220327872	0.261408518728	0.210659363802	0.256552792603	0.256057364276	0.223911021363	0.256247923519	0.244870546679	0.233365956919	0.119176361883	0.18506837892	0.204262122982	0.118640486529	0.245757546902	0.253443661013	0.249627876378	0.233622840567	0.0669211287112	0.241175099643	0.247427038764	0.224429842696	0.189565044585	0.189527718416	0.22399091749	0.183517872462	0.2315419239	0.173211870946	0.256268404048	0.229250644174	0.232437091111	0.197627260567	0.224548798145	0.119030833127	0.239959880406	0.236500043011	0.236162031523	0.270448873739	0.254173796355	0.254072786254	0.254227559796	0.25411632509	0.196517520856	0.192050566659	0.192050566659	0.195538203754
161230322-stool1.snv.bam	0.246023272383	0.195875268737	0.249123805214	0.193851284663	0.193433613296	0.111073230197	0.107923514987	0.234693628491	0.117993711198	0.0	0.245576462873	0.245214198925	0.200257676879	0.199995907155	0.110421634767	0.111070474782	0.10914357116	0.238461935274	0.18011100623	0.232330477253	0.224426849334	0.207485125056	0.113408253704	0.222018664062	0.112913801749	0.222150779754	0.113626797516	0.119327020039	0.159958489651	0.225112627107	0.224722934427	0.196682714817	0.00125115775683	0.184686659603	0.132800502044	0.000606230239975	0.225302822635	0.2484068988	0.198741047185	0.117037780966	0.111713980332	0.222785421644	0.233568061202	0.13266126456	0.204045687731	0.205210161371	0.254508505351	0.221095713257	0.222849904703	0.223003082187	0.222778038845	0.223991018577	0.220120632308	0.222714230376	0.225055942354	0.215877361961	0.220120632308	0.225232161572	0.227916644201	0.145416896977	0.227351005966	0.215680043529	0.245910006446	0.203090708788	0.203963705389	0.224830602142	0.241918029812	0.206383487644	0.182222248761	0.248612363521	0.250896316976	0.251910017721	0.24077802685	0.177705129131	0.250149801099	0.107649130349	0.197965102569	0.238549502961	0.198741047185	0.154590877034	0.228549648327	0.211207527966	0.000280811768668	0.109574773433	0.109447417345	0.134575246194	0.124861446108	0.121512581194	0.223194127478	0.126781645144	0.153121860091	0.22716006437	0.167010992332	0.238947729548	0.204764416946	0.110789811892	0.251712581028	0.226879564704	0.240330327304	0.214058388727	0.133394869722	0.24060158766	0.228532016086	0.226513105156	0.224008167809	0.174868858031	0.238208988679	0.236306268632	0.22571556535	0.152336544797	0.230209541284	0.109550894166	0.204114631886	0.248263976968	0.11459894461	0.251033626681	0.219723959924	0.119723455321	0.204711272297	0.20624038563	0.200077137141	0.21956770326	0.232626029819	0.205751777046	0.265899278879	0.271099751139	0.133863611527	0.246249897626	0.272658893239	0.193946387793	0.239730251461	0.238893231161	0.228244596711	0.240360451569	0.222092679851	0.20314964306	0.00187945146467	0.128696854457	0.150737074339	0.00232852768402	0.233761830215	0.250482602164	0.247504470274	0.202964858222	0.136951271688	0.217041892795	0.224783088325	0.242153221476	0.110534576405	0.110777037434	0.241682274208	0.212808411948	0.206009235887	0.134867935488	0.253413845033	0.203996104974	0.200178819712	0.118321619619	0.243063460839	0.0020041685493	0.217008133469	0.235343370965	0.234760611554	0.252980981385	0.202081324654	0.201980983494	0.202134732046	0.202024233994	0.116208265111	0.112758675623	0.112758675623	0.117424551856
706846339-stool1.snv.bam	0.195420004145	0.0856728432743	0.170172595376	0.226301060567	0.226522773359	0.25623835096	0.262337175994	0.226105862808	0.238956382672	0.245576462873	0.0	0.00105449427345	0.22022053286	0.219507313374	0.255847122463	0.256624989453	0.258754174398	0.0471399837997	0.22000862638	0.232049878784	0.317968164589	0.204022199357	0.25935401832	0.18941011769	0.258911409475	0.18932203609	0.259399913156	0.245658417271	0.240422879885	0.278424811397	0.251312131832	0.230706008798	0.26195582895	0.205182542186	0.27879810977	0.276353813691	0.206082911865	0.268759081753	0.218940421615	0.23774439479	0.241265828266	0.249641958637	0.217280629253	0.21905564109	0.28336667794	0.224456787568	0.0398497350362	0.248131892639	0.249706441697	0.24904125637	0.249634575839	0.247206997004	0.247066691092	0.249445399101	0.251823550418	0.240213114897	0.247066691092	0.255077544515	0.281360007522	0.257745293414	0.280339525488	0.240366384079	0.171583365378	0.319890430034	0.223647254716	0.251927036865	0.301536248995	0.290346895069	0.202579007587	0.172579524258	0.270618750664	0.161561585845	0.30025886393	0.243460433458	0.269950964444	0.262959856302	0.208983592551	0.298484203808	0.218940421615	0.236322157479	0.281834691156	0.241615197309	0.226467501938	0.255572381159	0.255445025071	0.279834468849	0.218986325956	0.218497145309	0.319160112383	0.272875050279	0.2854247558	0.260664026618	0.232533912775	0.298657938308	0.2251466159	0.257673017705	0.272239326286	0.207790860423	0.300025105879	0.248068905721	0.277642070797	0.299975698289	0.289465218847	0.25994234468	0.287360561873	0.274078690121	0.298297701539	0.296706698336	0.252539501564	0.233773770355	0.309389162433	0.255548501893	0.318215127482	0.268616159921	0.212046751971	0.271130390398	0.253755063185	0.246474558193	0.315889035909	0.285730221331	0.219673346552	0.279152958877	0.272693180997	0.285245354281	0.118548750247	0.118131661219	0.279040031466	0.0482860749168	0.118955983914	0.207710837381	0.299034111292	0.298702978865	0.261888691659	0.299656049606	0.248430191627	0.223105517244	0.246461484456	0.260779866228	0.226478965569	0.247661327554	0.300912516764	0.170934566367	0.173639638652	0.222642325942	0.249438808968	0.253013937733	0.251679467988	0.136378855092	0.255656541589	0.256075865959	0.137217130356	0.226192375081	0.285388922564	0.25309691909	0.173720739108	0.284165107794	0.235765912523	0.213765111293	0.13811805512	0.247312928168	0.243583221164	0.218783099835	0.21796277255	0.274277488941	0.268506099391	0.268405758231	0.268452691999	0.268449008731	0.263116435223	0.258756283349	0.258756283349	0.259022826875
706846339-stool2.snv.bam	0.19541452668	0.0855548896849	0.170180590196	0.226845951926	0.226449667456	0.256209852232	0.261792794797	0.226488023975	0.238697705167	0.245214198925	0.00105449427345	0.0	0.21997156174	0.21983266583	0.255861566911	0.256292550648	0.258764558491	0.0466383035366	0.219692576457	0.232451896722	0.317768001419	0.203552427861	0.259043597483	0.189113347496	0.258520226241	0.189025265896	0.259233222008	0.245267234037	0.240144031291	0.278261557595	0.251235252705	0.230681897338	0.261666251834	0.204935250602	0.278406926536	0.276288512729	0.20557554145	0.268496984419	0.218777167812	0.23734928664	0.241253547542	0.249478162463	0.217010370619	0.218664457856	0.28315903714	0.224762030524	0.0393494355901	0.247967000838	0.249542645523	0.24919422011	0.249470779665	0.247160535513	0.246902348931	0.249406971196	0.251660296615	0.23996816671	0.246902348931	0.255428154629	0.281321706862	0.25739376579	0.280538956192	0.240428261748	0.171529340669	0.320119243435	0.223636617014	0.251850414002	0.301599534829	0.290324637501	0.202875884793	0.17231576317	0.270707936554	0.161386580381	0.30028994428	0.243501295844	0.270007178496	0.262539162447	0.208553730059	0.298320950005	0.218777167812	0.235990238452	0.281671437353	0.241537010714	0.225851582047	0.255181197925	0.255053841837	0.280079785816	0.218883026154	0.218558886533	0.319401770365	0.272608820188	0.285527361511	0.260846885278	0.232522258759	0.298719176592	0.225069478789	0.257366945881	0.27229700702	0.207397041867	0.299927552858	0.248092936889	0.277474268375	0.3000854718	0.289515046516	0.260113023081	0.287412999175	0.27403879011	0.298134447736	0.29676793662	0.252496657153	0.233491153537	0.309577821314	0.255157318658	0.317901592054	0.268354062588	0.211843318123	0.270953675999	0.253590721024	0.246082075346	0.315524363204	0.2857584739	0.22023295334	0.279339150304	0.272529927194	0.285269865316	0.118418709723	0.118166220849	0.279197357685	0.0482922181703	0.118683744837	0.207661437749	0.299391156751	0.298664678205	0.261838322576	0.299779684655	0.248505165705	0.22301607799	0.246532524672	0.260467895075	0.226374730166	0.247495926716	0.300985702688	0.17107475323	0.17359370985	0.222967407982	0.249324908254	0.253189357337	0.25170603341	0.136297248709	0.25592919825	0.255858959476	0.137101472696	0.226181533341	0.285591124901	0.252705735856	0.173775104928	0.283968216318	0.235725610087	0.213662294058	0.138069572384	0.246736066899	0.243532852081	0.218681958905	0.218189279334	0.274011873522	0.26829887495	0.26819853379	0.268245467558	0.26824178429	0.262835752967	0.258365100115	0.258365100115	0.258711242189
763961826-stool1.snv.bam	0.21970181622	0.206660661454	0.217110105982	0.0225886797472	0.0226362540634	0.211325980861	0.213035990704	0.236063211231	0.230288068571	0.200257676879	0.22022053286	0.21997156174	0.0	0.00264955386428	0.210428088056	0.210539162679	0.21273747995	0.239884433046	0.221001035261	0.236257933203	0.272553291959	0.10498822898	0.213747739276	0.117320601461	0.213441773881	0.117245763511	0.214305281388	0.239927225721	0.208388793289	0.220177935276	0.212892328412	0.234338541809	0.213819182336	0.212946383113	0.226686661243	0.227919451135	0.226693512731	0.243289426434	0.00165459878898	0.191970564007	0.195846630871	0.210897821893	0.244784033375	0.180321405857	0.270455465174	0.00480439319428	0.24871658197	0.209128597789	0.210962304953	0.209220490102	0.210890439095	0.210787011734	0.208193407225	0.211011200578	0.213207705517	0.20351634304	0.208193407225	0.212516966886	0.22221541492	0.243470551507	0.221412517802	0.200347923262	0.21963845071	0.250639827496	0.00579029032644	0.212024863664	0.242057739842	0.274657324799	0.210381547455	0.218602975301	0.244353715097	0.235472317394	0.240517145618	0.217485837558	0.243386042342	0.214723950975	0.206786711936	0.240000809238	0.00165459878898	0.203126879683	0.223378438048	0.20243825067	0.184217975489	0.20999854513	0.210125901217	0.227612378885	0.186925851432	0.183025864465	0.273945314672	0.22651152237	0.213680077844	0.215459354402	0.227114541286	0.240209821066	0.00503251286669	0.212139485657	0.246334380551	0.227718549821	0.240866821115	0.242471425612	0.227504714623	0.240192941462	0.229307831139	0.213088684375	0.225513856264	0.227734004264	0.239677851999	0.239290158203	0.213656930566	0.197781526302	0.29669497009	0.210229378038	0.249250851584	0.243146504602	0.182067371944	0.245693296561	0.208215112652	0.240724326138	0.24999895582	0.273638592309	0.00286008433963	0.227145683748	0.214059274687	0.273293324535	0.250326746774	0.25189058506	0.227109190968	0.246615800906	0.25356665583	0.208900908742	0.24056334225	0.240344537438	0.214514672375	0.240174688518	0.209059040443	0.00546127445312	0.200451860092	0.22707166412	0.195905963616	0.20138043816	0.238525978198	0.217428916811	0.217899399087	0.00550304877981	0.24319817693	0.214721491111	0.212477887852	0.236007664471	0.21048785375	0.2107460493	0.236080565924	0.213870452446	0.273083387143	0.234720643155	0.220211007483	0.271330773623	0.00739260571679	0.180072815644	0.236957258329	0.201035224334	0.203440319021	0.245383286873	0.244890038725	0.246757559129	0.196811883557	0.196711542397	0.196865290949	0.196868974217	0.216351733385	0.213437159495	0.213437159495	0.222269041957
763961826-stool2.snv.bam	0.219429563964	0.206341983704	0.216650348246	0.0221426057318	0.0225321859115	0.211006351051	0.213571197278	0.235344989064	0.230203287164	0.199995907155	0.219507313374	0.21983266583	0.00264955386428	0.0	0.209587675267	0.210645830613	0.212268961513	0.239768023	0.220581350386	0.23636778379	0.272149749508	0.105085199889	0.213350801737	0.117546365744	0.21317872053	0.117678481437	0.213564922448	0.23932458519	0.208003261285	0.219973154087	0.212504709773	0.233947357489	0.213389890438	0.212787222129	0.226636202089	0.22729658043	0.226376134898	0.243022168673	0.00178210896646	0.191827241887	0.195438006	0.210692360368	0.24483988666	0.18035265547	0.270207272233	0.00513917818923	0.248827230215	0.208921761939	0.210756843427	0.208671759351	0.210684977569	0.210350120496	0.207987260828	0.210719446607	0.213002924327	0.203351487633	0.207987260828	0.212133939671	0.221869902834	0.244189036343	0.221661777331	0.200043965352	0.219820916878	0.250026768222	0.0063101809563	0.211901368143	0.2419731316	0.273703969066	0.209933269337	0.219357993514	0.244153950803	0.235969527297	0.240706429019	0.216936393933	0.243674374882	0.214743879863	0.206522503031	0.239796028048	0.00178210896646	0.202737453415	0.223173656858	0.202044039877	0.184796290187	0.209682369987	0.209809726075	0.227049865731	0.186224747968	0.182329243638	0.273443414208	0.227010204956	0.212915516574	0.214887019291	0.226353859249	0.239894026112	0.00489203712867	0.2116410225	0.24576282456	0.227573970381	0.240904437413	0.241946358112	0.226997146385	0.240358937495	0.229430179281	0.213422379626	0.225237619003	0.227594221766	0.239410084919	0.238306501172	0.213327723313	0.19720050157	0.296845292654	0.209913202896	0.248854921699	0.242879246841	0.181460454733	0.245414086373	0.208131959876	0.240119683479	0.24960169731	0.273537145361	0.00274831355377	0.226684994132	0.214005005238	0.272976016221	0.24974118855	0.250947368944	0.226432568243	0.246526954376	0.253381246733	0.208485129728	0.240112018953	0.24005374954	0.21488807932	0.24047468635	0.209133916737	0.00576253661033	0.200275964995	0.227587844009	0.195991596844	0.201367681841	0.2383894886	0.217089898134	0.217430122763	0.0051769226407	0.242707007692	0.214026311933	0.21225365997	0.235534331756	0.209778462832	0.210184004287	0.235727264857	0.213037164281	0.272575957626	0.234477973746	0.220190484511	0.271385403511	0.0079433919159	0.179616312196	0.236340251185	0.20138766257	0.203508905033	0.245106418994	0.244884054634	0.247313527704	0.196901778842	0.196801437682	0.196955186234	0.196958869502	0.21603930314	0.213120984353	0.213120984353	0.221886733308
