	158499257-buccalmucosa2.snv.bam	158499257-supragingivalplaque1.snv.bam	159369152-buccalmucosa2.snv.bam	159490532-buccalmucosa1.snv.bam	159490532-supragingivalplaque1.snv.bam	159571453-supragingivalplaque2.snv.bam	159814214-buccalmucosa1.snv.bam	234447334-buccalmucosa2.snv.bam	338793263-buccalmucosa1.snv.bam	763395383-buccalmucosa3.snv.bam	763961826-attachedkeratinizedgingiva1.snv.bam	763961826-supragingivalplaque1.snv.bam	764083206-buccalmucosa2.snv.bam	764083206-supragingivalplaque1.snv.bam	764305738-buccalmucosa2.snv.bam	764447348-buccalmucosa1.snv.bam	764447348-supragingivalplaque1.snv.bam	764467579-buccalmucosa3.snv.bam	764467579-keratinizedgingiva3.snv.bam	765620695-buccalmucosa1.snv.bam	765620695-buccalmucosa2.snv.bam	823052294-supragingivalplaque2.snv.bam
158499257-buccalmucosa2.snv.bam	0.0	0.072843710761	0.0775647245512	0.0810534650905	0.115748729008	0.119796710298	0.255457844561	0.073679648803	0.0661567871572	0.0927083308982	0.246840887081	0.0719009178839	0.108544782345	0.133657002487	0.0678181324165	0.121269172069	0.121768844398	0.0619660442883	0.0959952187286	0.0634842275553	0.0534345681105	0.11224444267
158499257-supragingivalplaque1.snv.bam	0.072843710761	0.0	0.0776747449716	0.0705554239161	0.0989407746627	0.0817467818094	0.277335252857	0.0840461145846	0.0641319892827	0.0834129934879	0.253010861154	0.0632675950586	0.0900348426033	0.109596422897	0.0670696389867	0.0532555118706	0.0505375491511	0.0631388825457	0.0958025664837	0.0798020410195	0.0716837651775	0.061420846301
159369152-buccalmucosa2.snv.bam	0.0775647245512	0.0776747449716	0.0	0.0688655440643	0.109235572527	0.110163308454	0.244684194509	0.067833640168	0.0630809501338	0.0771636827416	0.250823578309	0.0678980372373	0.0911236990919	0.11135230072	0.0566185879505	0.0979804016766	0.0995809722106	0.0571343604257	0.0861010213943	0.0506481818213	0.0507193410806	0.0944855058991
159490532-buccalmucosa1.snv.bam	0.0810534650905	0.0705554239161	0.0688655440643	0.0	0.0807590575787	0.102622842925	0.254231980084	0.0664392402964	0.0649363042728	0.0864954880082	0.236289464752	0.0682713913945	0.0892794630203	0.110150788153	0.0744236839229	0.0914782771386	0.0982067377448	0.0675490092671	0.0882987289508	0.0723788094426	0.0637138112479	0.0914444445627
159490532-supragingivalplaque1.snv.bam	0.115748729008	0.0989407746627	0.109235572527	0.0807590575787	0.0	0.0996947184878	0.24758903589	0.0990261839947	0.102736887998	0.121012519267	0.221897001174	0.100285783669	0.0951096090635	0.129235583641	0.115362323167	0.113996221649	0.117709486576	0.108953148147	0.113281621546	0.11028497614	0.103260202726	0.101901920712
159571453-supragingivalplaque2.snv.bam	0.119796710298	0.0817467818094	0.110163308454	0.102622842925	0.0996947184878	0.0	0.296523528321	0.104394340103	0.0905273713134	0.110885762269	0.254739795295	0.0941117722552	0.105630150665	0.131663184382	0.108861310122	0.0650702282849	0.0620476490256	0.102883861004	0.135548418079	0.101513175854	0.0944917032287	0.0442905546588
159814214-buccalmucosa1.snv.bam	0.255457844561	0.277335252857	0.244684194509	0.254231980084	0.24758903589	0.296523528321	0.0	0.257597797869	0.263758429783	0.279970255491	0.202071756668	0.261135952067	0.267319966258	0.261602867869	0.272447431756	0.287692462737	0.295370821132	0.258829684131	0.253943061104	0.264375598028	0.266808905007	0.284702676718
234447334-buccalmucosa2.snv.bam	0.073679648803	0.0840461145846	0.067833640168	0.0664392402964	0.0990261839947	0.104394340103	0.257597797869	0.0	0.0525645163125	0.0852368655819	0.234312872686	0.0668850899439	0.100776550672	0.125618226094	0.0549393429548	0.116120499099	0.117835455677	0.0516345645813	0.0854780453644	0.0430542482319	0.0346143328585	0.103177120401
338793263-buccalmucosa1.snv.bam	0.0661567871572	0.0641319892827	0.0630809501338	0.0649363042728	0.102736887998	0.0905273713134	0.263758429783	0.0525645163125	0.0	0.070761516357	0.248930115959	0.0533914672827	0.0966197560954	0.116713338769	0.0583330585136	0.0964178744043	0.0973712515242	0.0530638113999	0.0881059614309	0.0541408561934	0.0457844964116	0.081947897147
763395383-buccalmucosa3.snv.bam	0.0927083308982	0.0834129934879	0.0771636827416	0.0864954880082	0.121012519267	0.110885762269	0.279970255491	0.0852368655819	0.070761516357	0.0	0.245282169388	0.054804191546	0.0986304938487	0.123702394554	0.0469694920152	0.105110809228	0.108067659825	0.0468507642415	0.0784457729512	0.0622139909488	0.0577746975618	0.103648643306
763961826-attachedkeratinizedgingiva1.snv.bam	0.246840887081	0.253010861154	0.250823578309	0.236289464752	0.221897001174	0.254739795295	0.202071756668	0.234312872686	0.248930115959	0.245282169388	0.0	0.234823140917	0.238633596861	0.248583125653	0.254014006229	0.266152974584	0.267836328995	0.249848409906	0.234640282125	0.256119908661	0.246571727329	0.258296350875
763961826-supragingivalplaque1.snv.bam	0.0719009178839	0.0632675950586	0.0678980372373	0.0682713913945	0.100285783669	0.0941117722552	0.261135952067	0.0668850899439	0.0533914672827	0.054804191546	0.234823140917	0.0	0.0881610850291	0.110695112446	0.044153271959	0.0949760245697	0.0972006251071	0.0395876493265	0.0730665864506	0.058672088211	0.0506500366422	0.0924877615248
764083206-buccalmucosa2.snv.bam	0.108544782345	0.0900348426033	0.0911236990919	0.0892794630203	0.0951096090635	0.105630150665	0.267319966258	0.100776550672	0.0966197560954	0.0986304938487	0.238633596861	0.0881610850291	0.0	0.0971186950726	0.101570896584	0.109207941884	0.111748054784	0.094426567082	0.105536428346	0.0963913007715	0.0922009293849	0.104453944349
764083206-supragingivalplaque1.snv.bam	0.133657002487	0.109596422897	0.11135230072	0.110150788153	0.129235583641	0.131663184382	0.261602867869	0.125618226094	0.116713338769	0.123702394554	0.248583125653	0.110695112446	0.0971186950726	0.0	0.119017575257	0.119303306443	0.120428271055	0.113520396478	0.131344321212	0.120860409484	0.116231012897	0.113187445996
764305738-buccalmucosa2.snv.bam	0.0678181324165	0.0670696389867	0.0566185879505	0.0744236839229	0.115362323167	0.108861310122	0.272447431756	0.0549393429548	0.0583330585136	0.0469694920152	0.254014006229	0.044153271959	0.101570896584	0.119017575257	0.0	0.0985249792897	0.097224853731	0.0106633560944	0.0620412026242	0.0342749382462	0.0238153344985	0.102150931116
764447348-buccalmucosa1.snv.bam	0.121269172069	0.0532555118706	0.0979804016766	0.0914782771386	0.113996221649	0.0650702282849	0.287692462737	0.116120499099	0.0964178744043	0.105110809228	0.266152974584	0.0949760245697	0.109207941884	0.119303306443	0.0985249792897	0.0	0.00747071372196	0.0948153757066	0.123887446239	0.114355113794	0.112486684994	0.0384275835799
764447348-supragingivalplaque1.snv.bam	0.121768844398	0.0505375491511	0.0995809722106	0.0982067377448	0.117709486576	0.0620476490256	0.295370821132	0.117835455677	0.0973712515242	0.108067659825	0.267836328995	0.0972006251071	0.111748054784	0.120428271055	0.097224853731	0.00747071372196	0.0	0.0944976188246	0.125203988788	0.114412718879	0.11251169812	0.0359155110373
764467579-buccalmucosa3.snv.bam	0.0619660442883	0.0631388825457	0.0571343604257	0.0675490092671	0.108953148147	0.102883861004	0.258829684131	0.0516345645813	0.0530638113999	0.0468507642415	0.249848409906	0.0395876493265	0.094426567082	0.113520396478	0.0106633560944	0.0948153757066	0.0944976188246	0.0	0.0513177483132	0.0366262546998	0.0261756834743	0.0946560923036
764467579-keratinizedgingiva3.snv.bam	0.0959952187286	0.0958025664837	0.0861010213943	0.0882987289508	0.113281621546	0.135548418079	0.253943061104	0.0854780453644	0.0881059614309	0.0784457729512	0.234640282125	0.0730665864506	0.105536428346	0.131344321212	0.0620412026242	0.123887446239	0.125203988788	0.0513177483132	0.0	0.0831022916297	0.0753800154564	0.122224288983
765620695-buccalmucosa1.snv.bam	0.0634842275553	0.0798020410195	0.0506481818213	0.0723788094426	0.11028497614	0.101513175854	0.264375598028	0.0430542482319	0.0541408561934	0.0622139909488	0.256119908661	0.058672088211	0.0963913007715	0.120860409484	0.0342749382462	0.114355113794	0.114412718879	0.0366262546998	0.0831022916297	0.0	0.0196898098427	0.105647806008
765620695-buccalmucosa2.snv.bam	0.0534345681105	0.0716837651775	0.0507193410806	0.0637138112479	0.103260202726	0.0944917032287	0.266808905007	0.0346143328585	0.0457844964116	0.0577746975618	0.246571727329	0.0506500366422	0.0922009293849	0.116231012897	0.0238153344985	0.112486684994	0.11251169812	0.0261756834743	0.0753800154564	0.0196898098427	0.0	0.100927894409
823052294-supragingivalplaque2.snv.bam	0.11224444267	0.061420846301	0.0944855058991	0.0914444445627	0.101901920712	0.0442905546588	0.284702676718	0.103177120401	0.081947897147	0.103648643306	0.258296350875	0.0924877615248	0.104453944349	0.113187445996	0.102150931116	0.0384275835799	0.0359155110373	0.0946560923036	0.122224288983	0.105647806008	0.100927894409	0.0
