	763536994-stool2.snv.bam	BYQ_AAAB.snv.bam	BYQ_AAAD.snv.bam	BYQ_AAAX.snv.bam	BYQ_AABB.snv.bam	CCIS02124300ST-4-0.snv.bam	CCIS07648107ST-4-0.snv.bam	CCIS11354283ST-4-0.snv.bam	CCIS22275061ST-4-0.snv.bam	CCIS22416007ST-4-0.snv.bam	CCIS23164343ST-4-0.snv.bam	CCIS27927933ST-4-0.snv.bam	CCIS29688262ST-20-0.snv.bam	CCIS36699628ST-4-0.snv.bam	CCIS41288781ST-4-0.snv.bam	CCIS44743950ST-4-0.snv.bam	CCIS50369211ST-20-0.snv.bam	CCIS52370277ST-4-0.snv.bam	CCIS59132091ST-4-0.snv.bam	CCIS78100604ST-4-0.snv.bam	CCIS80834637ST-4-0.snv.bam	CCIS81735969ST-20-0.snv.bam	CCIS82146115ST-4-0.snv.bam	CCIS95097901ST-4-0.snv.bam	CCIS98832363ST-4-0.snv.bam	M1.3-V2.metaT.snv.bam	M4.1-V3.metaT.snv.bam	M4.2-V2.metaG.snv.bam	M4.2-V3.metaT.snv.bam	MH0131.snv.bam	MMRS77321055ST-27-0-0.snv.bam	MMRS78791111ST-27-0-0.snv.bam	NG-5636_144.snv.bam	NG-5636_243.snv.bam	NG-5636_248.snv.bam	NG-5636_269.snv.bam	NG-5636_317.snv.bam	NG-5636_332.snv.bam	NG-5636_354.snv.bam	NG-5636_356.snv.bam	NG-5636_372.snv.bam	NG-5636_421.snv.bam	NG-5636_441.snv.bam	NG-5636_457.snv.bam	NG-5636_472.snv.bam	NG-5636_478.snv.bam	NG-5636_614.snv.bam	O2.CD1-0-PT.snv.bam	O2.CD2-0-PT.snv.bam	O2.UC15-1.snv.bam	O2.UC22-1.snv.bam	O2.UC35-1.snv.bam	O2.UC36-0.snv.bam	O2.UC36-1.snv.bam	O2.UC38-1.snv.bam	O2.UC46-1.snv.bam	O2.UC48-0.snv.bam	O2.UC48-1.snv.bam	O2.UC50-0.snv.bam	O2.UC50-2.snv.bam	O2.UC6-0.snv.bam	O2.UC6-1.snv.bam	O2.UC6-2.snv.bam	O2.UC8-0.snv.bam	SAMEA3136623.snv.bam	SAMEA3136628.snv.bam	SAMEA3136630.snv.bam	SAMEA3136631.snv.bam	SAMEA3136633.snv.bam	SAMEA3136636.snv.bam	SAMEA3136637.snv.bam	SAMEA3136638.snv.bam	SAMEA3136639.snv.bam	SAMEA3136643.snv.bam	SAMEA3136648.snv.bam	SAMEA3136649.snv.bam	SAMEA3136661.snv.bam	SAMEA3136663.snv.bam	SAMEA3136670.snv.bam	SAMEA3136672.snv.bam	SAMEA3136676.snv.bam	SAMEA3136679.snv.bam	SAMEA3136680.snv.bam	SAMEA3136686.snv.bam	SAMEA3136687.snv.bam	SAMEA3136688.snv.bam	SAMEA3136691.snv.bam	SAMEA3136693.snv.bam	SAMEA3136694.snv.bam	SAMEA3136696.snv.bam	SAMEA3136704.snv.bam	SAMEA3136706.snv.bam	SAMEA3136708.snv.bam	SAMEA3136710.snv.bam	SAMEA3136714.snv.bam	SAMEA3136733.snv.bam	SAMEA3136741.snv.bam	SAMEA3136742.snv.bam	SAMEA3136746.snv.bam	SAMEA3136747.snv.bam	SAMEA3136750.snv.bam	SAMEA3136758.snv.bam	SAMEA3136766.snv.bam	SAMEA3178936.snv.bam	V1.CD2-0-PN.snv.bam	V1.CD36-0.snv.bam	V1.CD41-0.snv.bam	V1.CD45-0.snv.bam	V1.CD5-0-PN.snv.bam	V1.CD52-0.snv.bam	V1.FI19.snv.bam	V1.FI20.snv.bam	V1.FI26.snv.bam	V1.FI29.snv.bam	V1.UC4-5.snv.bam	V1.UC47-4.snv.bam	V1.UC5-3.snv.bam	V1.UC54-0.snv.bam	V1.UC55-0.snv.bam	V1.UC60-0.snv.bam	bugkiller-11-7-0.snv.bam	halbarad-11-392-0.snv.bam	peacemaker-11-0-0.snv.bam	peacemaker-11-2-0.snv.bam	peacemaker-11-7-0.snv.bam	scavenger-11-0-0.snv.bam	scavenger-11-60-0.snv.bam	scavenger-11-7-0.snv.bam
763536994-stool2.snv.bam	0.0	0.0675422138837	0.0881801125704	0.0806754221388	0.106941838649	0.0844277673546	0.105065666041	0.0956848030019	0.140712945591	0.118198874296	0.112570356473	0.121951219512	0.116322701689	0.133208255159	0.103189493433	0.27392120075	0.121951219512	0.108818011257	0.144465290807	0.120075046904	0.103189493433	0.127579737336	0.120075046904	0.105065666041	0.108818011257	0.0844277673546	0.0844277673546	0.135084427767	0.120075046904	0.0656660412758	0.108818011257	0.127579737336	0.12382739212	0.103189493433	0.103189493433	0.112570356473	0.112570356473	0.106941838649	0.106941838649	0.108818011257	0.108818011257	0.093808630394	0.112570356473	0.127579737336	0.108818011257	0.120075046904	0.101313320826	0.131332082552	0.140712945591	0.106941838649	0.0844277673546	0.0731707317073	0.118198874296	0.110694183865	0.0806754221388	0.114446529081	0.103189493433	0.103189493433	0.0825515947467	0.0769230769231	0.125703564728	0.125703564728	0.125703564728	0.108818011257	0.103189493433	0.078799249531	0.120075046904	0.114446529081	0.0994371482176	0.279549718574	0.105065666041	0.0994371482176	0.120075046904	0.0975609756098	0.0956848030019	0.116322701689	0.120075046904	0.108818011257	0.110694183865	0.0881801125704	0.118198874296	0.101313320826	0.116322701689	0.0562851782364	0.106941838649	0.105065666041	0.118198874296	0.108818011257	0.110694183865	0.0881801125704	0.0919324577861	0.138836772983	0.120075046904	0.106941838649	0.0806754221388	0.140712945591	0.118198874296	0.110694183865	0.0975609756098	0.121951219512	0.118198874296	0.0956848030019	0.0825515947467	0.131332082552	0.12382739212	0.0863039399625	0.0844277673546	0.0844277673546	0.0919324577861	0.106941838649	0.0956848030019	0.0919324577861	0.105065666041	0.106941838649	0.110694183865	0.12382739212	0.105065666041	0.116322701689	0.103189493433	0.108818011257	0.0975609756098	0.112570356473	0.0994371482176	0.105065666041	0.0975609756098	0.0806754221388	0.078799249531	0.0769230769231
BYQ_AAAB.snv.bam	0.0675422138837	0.0	0.0562851782364	0.0525328330206	0.0694183864916	0.0487804878049	0.0600375234522	0.0544090056285	0.0881801125704	0.0900562851782	0.0600375234522	0.0769230769231	0.0581613508443	0.0844277673546	0.0450281425891	0.228893058161	0.0825515947467	0.0600375234522	0.0825515947467	0.0731707317073	0.0581613508443	0.078799249531	0.0581613508443	0.0694183864916	0.0750469043152	0.046904315197	0.0506566604128	0.0994371482176	0.0881801125704	0.0806754221388	0.0544090056285	0.0600375234522	0.0656660412758	0.0675422138837	0.0525328330206	0.046904315197	0.0844277673546	0.0375234521576	0.0525328330206	0.0450281425891	0.0712945590994	0.0731707317073	0.0656660412758	0.078799249531	0.0712945590994	0.0562851782364	0.0637898686679	0.0525328330206	0.0881801125704	0.0694183864916	0.0243902439024	0.0431519699812	0.0956848030019	0.0825515947467	0.0562851782364	0.0637898686679	0.0487804878049	0.0487804878049	0.0300187617261	0.0187617260788	0.06191369606	0.06191369606	0.0637898686679	0.0769230769231	0.0581613508443	0.0562851782364	0.0806754221388	0.0562851782364	0.0562851782364	0.236397748593	0.06191369606	0.0487804878049	0.0562851782364	0.0337711069418	0.0356472795497	0.0694183864916	0.0487804878049	0.0581613508443	0.0525328330206	0.06191369606	0.0806754221388	0.0431519699812	0.0544090056285	0.0206378986867	0.0675422138837	0.0487804878049	0.0450281425891	0.0656660412758	0.0881801125704	0.0281425891182	0.0712945590994	0.0731707317073	0.0844277673546	0.0393996247655	0.0187617260788	0.112570356473	0.0694183864916	0.078799249531	0.0450281425891	0.0487804878049	0.0412757973734	0.06191369606	0.0525328330206	0.0769230769231	0.0806754221388	0.0431519699812	0.0525328330206	0.0506566604128	0.0525328330206	0.0656660412758	0.0581613508443	0.0431519699812	0.0544090056285	0.0956848030019	0.0562851782364	0.0806754221388	0.0562851782364	0.0637898686679	0.0487804878049	0.0637898686679	0.0562851782364	0.0656660412758	0.0731707317073	0.078799249531	0.0712945590994	0.0431519699812	0.0544090056285	0.0544090056285
BYQ_AAAD.snv.bam	0.0881801125704	0.0562851782364	0.0	0.00187617260788	0.103189493433	0.0656660412758	0.0881801125704	0.0956848030019	0.120075046904	0.110694183865	0.0994371482176	0.101313320826	0.0863039399625	0.105065666041	0.0825515947467	0.258911819887	0.101313320826	0.0956848030019	0.110694183865	0.0825515947467	0.0919324577861	0.106941838649	0.105065666041	0.093808630394	0.0844277673546	0.0637898686679	0.0675422138837	0.0956848030019	0.0881801125704	0.0919324577861	0.105065666041	0.103189493433	0.0750469043152	0.0806754221388	0.0863039399625	0.101313320826	0.110694183865	0.093808630394	0.0956848030019	0.0750469043152	0.0956848030019	0.101313320826	0.0975609756098	0.103189493433	0.0863039399625	0.103189493433	0.0844277673546	0.112570356473	0.12382739212	0.101313320826	0.0656660412758	0.0562851782364	0.093808630394	0.0900562851782	0.0656660412758	0.0769230769231	0.0956848030019	0.0956848030019	0.078799249531	0.0525328330206	0.108818011257	0.108818011257	0.108818011257	0.078799249531	0.0731707317073	0.0919324577861	0.0919324577861	0.0581613508443	0.093808630394	0.264540337711	0.0900562851782	0.0656660412758	0.101313320826	0.0769230769231	0.0694183864916	0.112570356473	0.0994371482176	0.0712945590994	0.0712945590994	0.0656660412758	0.0825515947467	0.103189493433	0.108818011257	0.0356472795497	0.0919324577861	0.0844277673546	0.0956848030019	0.093808630394	0.0919324577861	0.0544090056285	0.0769230769231	0.101313320826	0.0863039399625	0.078799249531	0.0450281425891	0.131332082552	0.0919324577861	0.0844277673546	0.06191369606	0.093808630394	0.0919324577861	0.0712945590994	0.0806754221388	0.0919324577861	0.110694183865	0.0600375234522	0.0900562851782	0.0731707317073	0.0769230769231	0.0712945590994	0.0506566604128	0.0825515947467	0.0656660412758	0.110694183865	0.0544090056285	0.0863039399625	0.0881801125704	0.078799249531	0.0956848030019	0.108818011257	0.0731707317073	0.0750469043152	0.103189493433	0.106941838649	0.101313320826	0.0694183864916	0.0863039399625	0.0825515947467
BYQ_AAAX.snv.bam	0.0806754221388	0.0525328330206	0.00187617260788	0.0	0.0956848030019	0.06191369606	0.0806754221388	0.0863039399625	0.112570356473	0.106941838649	0.0900562851782	0.101313320826	0.0825515947467	0.106941838649	0.0806754221388	0.25703564728	0.101313320826	0.0881801125704	0.118198874296	0.0825515947467	0.0844277673546	0.0956848030019	0.101313320826	0.0806754221388	0.0844277673546	0.0581613508443	0.0600375234522	0.105065666041	0.093808630394	0.093808630394	0.0975609756098	0.0956848030019	0.0656660412758	0.0712945590994	0.078799249531	0.0956848030019	0.093808630394	0.0881801125704	0.0863039399625	0.0712945590994	0.0900562851782	0.0900562851782	0.0881801125704	0.101313320826	0.0731707317073	0.101313320826	0.0806754221388	0.106941838649	0.121951219512	0.0994371482176	0.06191369606	0.0544090056285	0.0900562851782	0.0900562851782	0.0637898686679	0.0712945590994	0.0900562851782	0.0900562851782	0.0750469043152	0.046904315197	0.101313320826	0.101313320826	0.101313320826	0.0750469043152	0.0656660412758	0.0825515947467	0.0806754221388	0.0525328330206	0.0863039399625	0.260787992495	0.0919324577861	0.0525328330206	0.0956848030019	0.0769230769231	0.0637898686679	0.108818011257	0.101313320826	0.0731707317073	0.0675422138837	0.06191369606	0.0731707317073	0.0994371482176	0.101313320826	0.031894934334	0.0881801125704	0.078799249531	0.0919324577861	0.0919324577861	0.0919324577861	0.046904315197	0.06191369606	0.0919324577861	0.078799249531	0.0675422138837	0.0431519699812	0.12382739212	0.093808630394	0.0825515947467	0.0544090056285	0.093808630394	0.0863039399625	0.0656660412758	0.0731707317073	0.0881801125704	0.103189493433	0.0562851782364	0.0806754221388	0.0712945590994	0.0712945590994	0.0656660412758	0.0375234521576	0.0731707317073	0.0637898686679	0.105065666041	0.0393996247655	0.0863039399625	0.0825515947467	0.0712945590994	0.0900562851782	0.101313320826	0.0694183864916	0.0712945590994	0.0956848030019	0.0994371482176	0.093808630394	0.0675422138837	0.0806754221388	0.0750469043152
BYQ_AABB.snv.bam	0.106941838649	0.0694183864916	0.103189493433	0.0956848030019	0.0	0.0956848030019	0.120075046904	0.114446529081	0.110694183865	0.133208255159	0.106941838649	0.144465290807	0.0975609756098	0.125703564728	0.110694183865	0.279549718574	0.133208255159	0.112570356473	0.155722326454	0.127579737336	0.112570356473	0.127579737336	0.108818011257	0.125703564728	0.112570356473	0.0750469043152	0.0750469043152	0.15009380863	0.133208255159	0.105065666041	0.0994371482176	0.12382739212	0.093808630394	0.110694183865	0.112570356473	0.0975609756098	0.121951219512	0.093808630394	0.0975609756098	0.118198874296	0.108818011257	0.101313320826	0.108818011257	0.144465290807	0.120075046904	0.127579737336	0.120075046904	0.118198874296	0.146341463415	0.120075046904	0.0956848030019	0.0825515947467	0.121951219512	0.108818011257	0.0994371482176	0.127579737336	0.101313320826	0.101313320826	0.0825515947467	0.0806754221388	0.116322701689	0.116322701689	0.118198874296	0.142589118199	0.121951219512	0.105065666041	0.12382739212	0.0956848030019	0.110694183865	0.290806754221	0.125703564728	0.101313320826	0.110694183865	0.112570356473	0.118198874296	0.127579737336	0.105065666041	0.114446529081	0.125703564728	0.0956848030019	0.105065666041	0.114446529081	0.125703564728	0.078799249531	0.0975609756098	0.105065666041	0.0994371482176	0.105065666041	0.131332082552	0.0975609756098	0.110694183865	0.144465290807	0.125703564728	0.106941838649	0.101313320826	0.161350844278	0.0863039399625	0.106941838649	0.114446529081	0.103189493433	0.101313320826	0.101313320826	0.103189493433	0.138836772983	0.136960600375	0.0806754221388	0.116322701689	0.0994371482176	0.0956848030019	0.103189493433	0.114446529081	0.106941838649	0.105065666041	0.127579737336	0.093808630394	0.112570356473	0.118198874296	0.127579737336	0.101313320826	0.114446529081	0.110694183865	0.112570356473	0.0	0.00187617260788	0.0	0.0750469043152	0.0863039399625	0.093808630394
CCIS02124300ST-4-0.snv.bam	0.0844277673546	0.0487804878049	0.0656660412758	0.06191369606	0.0956848030019	0.0	0.0919324577861	0.0844277673546	0.116322701689	0.0956848030019	0.0675422138837	0.0712945590994	0.0881801125704	0.112570356473	0.0694183864916	0.240150093809	0.101313320826	0.0656660412758	0.105065666041	0.103189493433	0.0656660412758	0.105065666041	0.0712945590994	0.0393996247655	0.0881801125704	0.0525328330206	0.0750469043152	0.108818011257	0.0956848030019	0.0975609756098	0.078799249531	0.101313320826	0.0863039399625	0.0506566604128	0.0712945590994	0.0656660412758	0.110694183865	0.0675422138837	0.06191369606	0.0881801125704	0.0919324577861	0.112570356473	0.0975609756098	0.0994371482176	0.0956848030019	0.0975609756098	0.078799249531	0.0825515947467	0.101313320826	0.0769230769231	0.0656660412758	0.06191369606	0.0919324577861	0.0900562851782	0.078799249531	0.093808630394	0.0656660412758	0.0656660412758	0.046904315197	0.0375234521576	0.093808630394	0.093808630394	0.0956848030019	0.101313320826	0.0825515947467	0.0731707317073	0.101313320826	0.0956848030019	0.0825515947467	0.253283302064	0.0694183864916	0.0581613508443	0.0750469043152	0.0750469043152	0.0750469043152	0.116322701689	0.078799249531	0.0881801125704	0.078799249531	0.0712945590994	0.093808630394	0.0769230769231	0.0769230769231	0.0431519699812	0.0975609756098	0.0544090056285	0.0712945590994	0.0919324577861	0.105065666041	0.0637898686679	0.0975609756098	0.101313320826	0.0975609756098	0.0881801125704	0.06191369606	0.101313320826	0.0975609756098	0.0975609756098	0.0806754221388	0.0919324577861	0.0731707317073	0.0844277673546	0.0750469043152	0.0994371482176	0.0919324577861	0.0600375234522	0.0750469043152	0.0806754221388	0.0919324577861	0.0844277673546	0.0769230769231	0.0581613508443	0.0769230769231	0.108818011257	0.0806754221388	0.093808630394	0.078799249531	0.0975609756098	0.0637898686679	0.0712945590994	0.0750469043152	0.101313320826	0.0994371482176	0.103189493433	0.0975609756098	0.0712945590994	0.0881801125704	0.0844277673546
CCIS07648107ST-4-0.snv.bam	0.105065666041	0.0600375234522	0.0881801125704	0.0806754221388	0.120075046904	0.0919324577861	0.0	0.0881801125704	0.135084427767	0.105065666041	0.0881801125704	0.105065666041	0.0900562851782	0.120075046904	0.0712945590994	0.264540337711	0.116322701689	0.0994371482176	0.142589118199	0.112570356473	0.093808630394	0.093808630394	0.106941838649	0.103189493433	0.105065666041	0.0844277673546	0.0994371482176	0.114446529081	0.106941838649	0.106941838649	0.108818011257	0.105065666041	0.101313320826	0.114446529081	0.0956848030019	0.0956848030019	0.12382739212	0.0994371482176	0.0900562851782	0.078799249531	0.125703564728	0.110694183865	0.129455909944	0.120075046904	0.114446529081	0.103189493433	0.110694183865	0.118198874296	0.125703564728	0.106941838649	0.0806754221388	0.0844277673546	0.120075046904	0.106941838649	0.101313320826	0.118198874296	0.093808630394	0.093808630394	0.0637898686679	0.0487804878049	0.121951219512	0.121951219512	0.12382739212	0.105065666041	0.112570356473	0.0975609756098	0.129455909944	0.0881801125704	0.0863039399625	0.262664165103	0.0694183864916	0.101313320826	0.103189493433	0.0863039399625	0.0900562851782	0.118198874296	0.118198874296	0.0994371482176	0.0863039399625	0.0844277673546	0.133208255159	0.0994371482176	0.125703564728	0.0544090056285	0.118198874296	0.0769230769231	0.116322701689	0.103189493433	0.110694183865	0.0750469043152	0.0994371482176	0.12382739212	0.112570356473	0.078799249531	0.0694183864916	0.131332082552	0.114446529081	0.0975609756098	0.0656660412758	0.116322701689	0.112570356473	0.0863039399625	0.0881801125704	0.114446529081	0.0975609756098	0.0712945590994	0.0919324577861	0.0975609756098	0.0994371482176	0.0825515947467	0.0769230769231	0.0731707317073	0.0712945590994	0.110694183865	0.0825515947467	0.116322701689	0.101313320826	0.118198874296	0.093808630394	0.105065666041	0.0900562851782	0.106941838649	0.116322701689	0.121951219512	0.116322701689	0.0994371482176	0.108818011257	0.106941838649
CCIS11354283ST-4-0.snv.bam	0.0956848030019	0.0544090056285	0.0956848030019	0.0863039399625	0.114446529081	0.0844277673546	0.0881801125704	0.0	0.129455909944	0.114446529081	0.093808630394	0.110694183865	0.0806754221388	0.114446529081	0.0863039399625	0.275797373358	0.108818011257	0.0919324577861	0.136960600375	0.0863039399625	0.0956848030019	0.116322701689	0.0863039399625	0.0956848030019	0.108818011257	0.0675422138837	0.0881801125704	0.129455909944	0.118198874296	0.116322701689	0.0919324577861	0.105065666041	0.0900562851782	0.0975609756098	0.0919324577861	0.0806754221388	0.12382739212	0.0844277673546	0.0844277673546	0.101313320826	0.105065666041	0.114446529081	0.0975609756098	0.105065666041	0.0975609756098	0.114446529081	0.0919324577861	0.0975609756098	0.125703564728	0.108818011257	0.0844277673546	0.0825515947467	0.120075046904	0.108818011257	0.078799249531	0.121951219512	0.0844277673546	0.0844277673546	0.0487804878049	0.0694183864916	0.105065666041	0.105065666041	0.106941838649	0.118198874296	0.114446529081	0.108818011257	0.114446529081	0.0769230769231	0.0956848030019	0.288930581614	0.0994371482176	0.0900562851782	0.0863039399625	0.0900562851782	0.101313320826	0.106941838649	0.101313320826	0.0919324577861	0.108818011257	0.0806754221388	0.106941838649	0.105065666041	0.108818011257	0.0525328330206	0.0994371482176	0.0900562851782	0.0994371482176	0.0844277673546	0.125703564728	0.0863039399625	0.110694183865	0.131332082552	0.118198874296	0.106941838649	0.06191369606	0.140712945591	0.121951219512	0.116322701689	0.0919324577861	0.0994371482176	0.0956848030019	0.103189493433	0.0750469043152	0.0844277673546	0.0844277673546	0.0750469043152	0.0844277673546	0.0731707317073	0.0825515947467	0.0975609756098	0.078799249531	0.0675422138837	0.078799249531	0.131332082552	0.0825515947467	0.105065666041	0.0956848030019	0.121951219512	0.0844277673546	0.0994371482176	0.0919324577861	0.114446529081	0.110694183865	0.116322701689	0.108818011257	0.0863039399625	0.0956848030019	0.093808630394
CCIS22275061ST-4-0.snv.bam	0.140712945591	0.0881801125704	0.120075046904	0.112570356473	0.110694183865	0.116322701689	0.135084427767	0.129455909944	0.0	0.12382739212	0.120075046904	0.144465290807	0.101313320826	0.157598499062	0.108818011257	0.307692307692	0.106941838649	0.125703564728	0.136960600375	0.138836772983	0.125703564728	0.125703564728	0.127579737336	0.125703564728	0.108818011257	0.112570356473	0.118198874296	0.127579737336	0.118198874296	0.131332082552	0.127579737336	0.116322701689	0.118198874296	0.138836772983	0.0919324577861	0.125703564728	0.133208255159	0.112570356473	0.105065666041	0.131332082552	0.103189493433	0.103189493433	0.133208255159	0.116322701689	0.131332082552	0.121951219512	0.12382739212	0.131332082552	0.138836772983	0.127579737336	0.112570356473	0.0825515947467	0.0994371482176	0.106941838649	0.108818011257	0.131332082552	0.129455909944	0.129455909944	0.105065666041	0.0844277673546	0.120075046904	0.120075046904	0.121951219512	0.133208255159	0.12382739212	0.140712945591	0.112570356473	0.112570356473	0.110694183865	0.311444652908	0.121951219512	0.106941838649	0.133208255159	0.120075046904	0.127579737336	0.114446529081	0.127579737336	0.118198874296	0.125703564728	0.106941838649	0.131332082552	0.114446529081	0.135084427767	0.0731707317073	0.118198874296	0.110694183865	0.12382739212	0.0919324577861	0.15009380863	0.0863039399625	0.135084427767	0.140712945591	0.105065666041	0.114446529081	0.0844277673546	0.176360225141	0.108818011257	0.135084427767	0.108818011257	0.121951219512	0.120075046904	0.0919324577861	0.112570356473	0.121951219512	0.116322701689	0.101313320826	0.12382739212	0.116322701689	0.12382739212	0.116322701689	0.120075046904	0.116322701689	0.0975609756098	0.129455909944	0.114446529081	0.101313320826	0.0956848030019	0.131332082552	0.129455909944	0.131332082552	0.0900562851782	0.136960600375	0.110694183865	0.114446529081	0.0994371482176	0.108818011257	0.116322701689	0.116322701689
CCIS22416007ST-4-0.snv.bam	0.118198874296	0.0900562851782	0.110694183865	0.106941838649	0.133208255159	0.0956848030019	0.105065666041	0.114446529081	0.12382739212	0.0	0.114446529081	0.0881801125704	0.101313320826	0.135084427767	0.106941838649	0.292682926829	0.120075046904	0.114446529081	0.155722326454	0.12382739212	0.120075046904	0.120075046904	0.125703564728	0.129455909944	0.046904315197	0.0881801125704	0.0956848030019	0.127579737336	0.118198874296	0.110694183865	0.131332082552	0.129455909944	0.120075046904	0.133208255159	0.101313320826	0.120075046904	0.138836772983	0.121951219512	0.112570356473	0.112570356473	0.108818011257	0.106941838649	0.133208255159	0.114446529081	0.0994371482176	0.114446529081	0.105065666041	0.133208255159	0.135084427767	0.118198874296	0.108818011257	0.0863039399625	0.078799249531	0.0656660412758	0.0975609756098	0.133208255159	0.120075046904	0.120075046904	0.078799249531	0.0825515947467	0.140712945591	0.140712945591	0.142589118199	0.133208255159	0.125703564728	0.127579737336	0.125703564728	0.121951219512	0.108818011257	0.290806754221	0.101313320826	0.112570356473	0.114446529081	0.120075046904	0.129455909944	0.121951219512	0.135084427767	0.110694183865	0.116322701689	0.114446529081	0.136960600375	0.112570356473	0.135084427767	0.0600375234522	0.121951219512	0.101313320826	0.131332082552	0.0994371482176	0.125703564728	0.0806754221388	0.127579737336	0.146341463415	0.112570356473	0.101313320826	0.0844277673546	0.153846153846	0.116322701689	0.138836772983	0.0975609756098	0.133208255159	0.131332082552	0.0975609756098	0.0806754221388	0.0956848030019	0.112570356473	0.0656660412758	0.101313320826	0.105065666041	0.125703564728	0.116322701689	0.121951219512	0.0881801125704	0.0975609756098	0.0581613508443	0.114446529081	0.0750469043152	0.106941838649	0.133208255159	0.120075046904	0.116322701689	0.0844277673546	0.125703564728	0.12382739212	0.131332082552	0.121951219512	0.0994371482176	0.108818011257	0.101313320826
CCIS23164343ST-4-0.snv.bam	0.112570356473	0.0600375234522	0.0994371482176	0.0900562851782	0.106941838649	0.0675422138837	0.0881801125704	0.093808630394	0.120075046904	0.114446529081	0.0	0.0844277673546	0.101313320826	0.114446529081	0.0769230769231	0.264540337711	0.118198874296	0.0281425891182	0.103189493433	0.108818011257	0.078799249531	0.133208255159	0.0356472795497	0.0844277673546	0.114446529081	0.078799249531	0.0956848030019	0.112570356473	0.106941838649	0.106941838649	0.0356472795497	0.0881801125704	0.0994371482176	0.0919324577861	0.101313320826	0.0281425891182	0.129455909944	0.0356472795497	0.0356472795497	0.0975609756098	0.114446529081	0.0956848030019	0.078799249531	0.105065666041	0.110694183865	0.12382739212	0.0881801125704	0.0562851782364	0.105065666041	0.0675422138837	0.0844277673546	0.0750469043152	0.103189493433	0.112570356473	0.0994371482176	0.105065666041	0.0806754221388	0.0806754221388	0.0544090056285	0.0337711069418	0.0525328330206	0.0525328330206	0.0544090056285	0.112570356473	0.0975609756098	0.0694183864916	0.110694183865	0.103189493433	0.06191369606	0.27392120075	0.0994371482176	0.0637898686679	0.0375234521576	0.0863039399625	0.0825515947467	0.108818011257	0.0487804878049	0.0956848030019	0.0956848030019	0.101313320826	0.118198874296	0.0581613508443	0.0450281425891	0.0544090056285	0.0863039399625	0.0731707317073	0.0412757973734	0.101313320826	0.131332082552	0.0825515947467	0.112570356473	0.114446529081	0.106941838649	0.0994371482176	0.0675422138837	0.138836772983	0.105065666041	0.118198874296	0.0900562851782	0.0656660412758	0.0393996247655	0.108818011257	0.0825515947467	0.116322701689	0.105065666041	0.0694183864916	0.0694183864916	0.078799249531	0.0975609756098	0.103189493433	0.093808630394	0.0712945590994	0.0881801125704	0.120075046904	0.0919324577861	0.108818011257	0.101313320826	0.105065666041	0.0806754221388	0.0187617260788	0.0919324577861	0.0975609756098	0.105065666041	0.110694183865	0.103189493433	0.0919324577861	0.0975609756098	0.0956848030019
CCIS27927933ST-4-0.snv.bam	0.121951219512	0.0769230769231	0.101313320826	0.101313320826	0.144465290807	0.0712945590994	0.105065666041	0.110694183865	0.144465290807	0.0881801125704	0.0844277673546	0.0	0.103189493433	0.133208255159	0.105065666041	0.27392120075	0.106941838649	0.0881801125704	0.142589118199	0.110694183865	0.0956848030019	0.127579737336	0.0975609756098	0.0975609756098	0.06191369606	0.0975609756098	0.0975609756098	0.116322701689	0.103189493433	0.114446529081	0.0956848030019	0.114446529081	0.120075046904	0.0919324577861	0.101313320826	0.0825515947467	0.136960600375	0.0900562851782	0.0844277673546	0.101313320826	0.103189493433	0.142589118199	0.129455909944	0.118198874296	0.106941838649	0.106941838649	0.114446529081	0.108818011257	0.110694183865	0.103189493433	0.105065666041	0.0900562851782	0.121951219512	0.106941838649	0.093808630394	0.135084427767	0.0956848030019	0.0956848030019	0.078799249531	0.0637898686679	0.108818011257	0.108818011257	0.110694183865	0.129455909944	0.127579737336	0.093808630394	0.142589118199	0.12382739212	0.105065666041	0.281425891182	0.0956848030019	0.0825515947467	0.0825515947467	0.0956848030019	0.0956848030019	0.127579737336	0.101313320826	0.103189493433	0.108818011257	0.105065666041	0.135084427767	0.0956848030019	0.110694183865	0.0637898686679	0.120075046904	0.093808630394	0.0975609756098	0.093808630394	0.120075046904	0.0881801125704	0.125703564728	0.151969981238	0.114446529081	0.114446529081	0.0881801125704	0.144465290807	0.103189493433	0.140712945591	0.101313320826	0.121951219512	0.0994371482176	0.118198874296	0.093808630394	0.108818011257	0.120075046904	0.0919324577861	0.112570356473	0.106941838649	0.12382739212	0.0956848030019	0.116322701689	0.0750469043152	0.0900562851782	0.093808630394	0.116322701689	0.121951219512	0.103189493433	0.135084427767	0.0956848030019	0.093808630394	0.078799249531	0.0994371482176	0.138836772983	0.144465290807	0.138836772983	0.101313320826	0.112570356473	0.110694183865
CCIS29688262ST-20-0.snv.bam	0.116322701689	0.0581613508443	0.0863039399625	0.0825515947467	0.0975609756098	0.0881801125704	0.0900562851782	0.0806754221388	0.101313320826	0.101313320826	0.101313320826	0.103189493433	0.0	0.110694183865	0.0881801125704	0.277673545966	0.101313320826	0.105065666041	0.114446529081	0.0919324577861	0.106941838649	0.121951219512	0.0975609756098	0.12382739212	0.093808630394	0.0712945590994	0.0863039399625	0.129455909944	0.120075046904	0.108818011257	0.106941838649	0.116322701689	0.0881801125704	0.120075046904	0.0975609756098	0.0975609756098	0.129455909944	0.0994371482176	0.0919324577861	0.0994371482176	0.0881801125704	0.125703564728	0.121951219512	0.112570356473	0.103189493433	0.108818011257	0.105065666041	0.114446529081	0.114446529081	0.121951219512	0.0994371482176	0.0825515947467	0.106941838649	0.105065666041	0.0863039399625	0.118198874296	0.103189493433	0.103189493433	0.06191369606	0.0600375234522	0.118198874296	0.118198874296	0.120075046904	0.0975609756098	0.114446529081	0.120075046904	0.12382739212	0.0844277673546	0.116322701689	0.288930581614	0.0844277673546	0.101313320826	0.103189493433	0.0881801125704	0.0994371482176	0.114446529081	0.108818011257	0.0900562851782	0.105065666041	0.0844277673546	0.120075046904	0.118198874296	0.114446529081	0.0675422138837	0.0844277673546	0.0994371482176	0.101313320826	0.0881801125704	0.116322701689	0.0825515947467	0.116322701689	0.133208255159	0.101313320826	0.078799249531	0.0675422138837	0.146341463415	0.093808630394	0.103189493433	0.0769230769231	0.103189493433	0.0975609756098	0.0750469043152	0.0975609756098	0.116322701689	0.110694183865	0.0881801125704	0.103189493433	0.0919324577861	0.110694183865	0.0919324577861	0.0863039399625	0.0863039399625	0.0581613508443	0.118198874296	0.0863039399625	0.116322701689	0.108818011257	0.120075046904	0.103189493433	0.110694183865	0.078799249531	0.127579737336	0.0956848030019	0.0994371482176	0.0975609756098	0.0844277673546	0.0956848030019	0.0994371482176
CCIS36699628ST-4-0.snv.bam	0.133208255159	0.0844277673546	0.105065666041	0.106941838649	0.125703564728	0.112570356473	0.120075046904	0.114446529081	0.157598499062	0.135084427767	0.114446529081	0.133208255159	0.110694183865	0.0	0.0919324577861	0.281425891182	0.15009380863	0.105065666041	0.151969981238	0.121951219512	0.120075046904	0.105065666041	0.121951219512	0.136960600375	0.120075046904	0.0956848030019	0.093808630394	0.135084427767	0.121951219512	0.136960600375	0.120075046904	0.125703564728	0.0881801125704	0.116322701689	0.110694183865	0.108818011257	0.136960600375	0.110694183865	0.106941838649	0.105065666041	0.135084427767	0.129455909944	0.140712945591	0.105065666041	0.103189493433	0.114446529081	0.110694183865	0.129455909944	0.12382739212	0.127579737336	0.110694183865	0.101313320826	0.129455909944	0.121951219512	0.108818011257	0.146341463415	0.12382739212	0.12382739212	0.0994371482176	0.0825515947467	0.127579737336	0.127579737336	0.127579737336	0.140712945591	0.138836772983	0.121951219512	0.136960600375	0.114446529081	0.120075046904	0.287054409006	0.110694183865	0.108818011257	0.114446529081	0.120075046904	0.120075046904	0.138836772983	0.129455909944	0.101313320826	0.106941838649	0.106941838649	0.131332082552	0.125703564728	0.136960600375	0.0750469043152	0.125703564728	0.12382739212	0.127579737336	0.112570356473	0.116322701689	0.0919324577861	0.136960600375	0.155722326454	0.131332082552	0.105065666041	0.0881801125704	0.15947467167	0.129455909944	0.138836772983	0.110694183865	0.12382739212	0.12382739212	0.114446529081	0.106941838649	0.133208255159	0.116322701689	0.0956848030019	0.101313320826	0.110694183865	0.114446529081	0.127579737336	0.121951219512	0.0994371482176	0.0994371482176	0.140712945591	0.121951219512	0.120075046904	0.125703564728	0.146341463415	0.12382739212	0.118198874296	0.110694183865	0.110694183865	0.125703564728	0.131332082552	0.125703564728	0.112570356473	0.120075046904	0.118198874296
CCIS41288781ST-4-0.snv.bam	0.103189493433	0.0450281425891	0.0825515947467	0.0806754221388	0.110694183865	0.0694183864916	0.0712945590994	0.0863039399625	0.108818011257	0.106941838649	0.0769230769231	0.105065666041	0.0881801125704	0.0919324577861	0.0	0.253283302064	0.103189493433	0.0731707317073	0.105065666041	0.0863039399625	0.0994371482176	0.0975609756098	0.0825515947467	0.0994371482176	0.101313320826	0.0562851782364	0.0769230769231	0.112570356473	0.105065666041	0.101313320826	0.0881801125704	0.0825515947467	0.0806754221388	0.105065666041	0.078799249531	0.078799249531	0.0994371482176	0.0806754221388	0.0694183864916	0.0881801125704	0.0863039399625	0.0956848030019	0.110694183865	0.112570356473	0.108818011257	0.0994371482176	0.0806754221388	0.101313320826	0.125703564728	0.093808630394	0.0675422138837	0.0694183864916	0.12382739212	0.120075046904	0.0750469043152	0.108818011257	0.0994371482176	0.0994371482176	0.06191369606	0.0525328330206	0.108818011257	0.108818011257	0.110694183865	0.106941838649	0.0994371482176	0.093808630394	0.110694183865	0.0975609756098	0.0769230769231	0.25703564728	0.0806754221388	0.0806754221388	0.0844277673546	0.0750469043152	0.0769230769231	0.0975609756098	0.0975609756098	0.0844277673546	0.0881801125704	0.0656660412758	0.106941838649	0.0806754221388	0.103189493433	0.0487804878049	0.0994371482176	0.0694183864916	0.0956848030019	0.0806754221388	0.106941838649	0.0694183864916	0.103189493433	0.118198874296	0.110694183865	0.0881801125704	0.0506566604128	0.133208255159	0.0900562851782	0.0919324577861	0.0750469043152	0.0881801125704	0.0881801125704	0.0919324577861	0.0712945590994	0.0919324577861	0.0994371482176	0.0712945590994	0.0881801125704	0.0844277673546	0.0975609756098	0.0863039399625	0.0825515947467	0.0750469043152	0.0769230769231	0.12382739212	0.0900562851782	0.112570356473	0.093808630394	0.108818011257	0.0994371482176	0.0806754221388	0.0769230769231	0.093808630394	0.108818011257	0.112570356473	0.105065666041	0.0844277673546	0.0919324577861	0.0881801125704
CCIS44743950ST-4-0.snv.bam	0.27392120075	0.228893058161	0.258911819887	0.25703564728	0.279549718574	0.240150093809	0.264540337711	0.275797373358	0.307692307692	0.292682926829	0.264540337711	0.27392120075	0.277673545966	0.281425891182	0.253283302064	0.0	0.290806754221	0.270168855535	0.249530956848	0.290806754221	0.268292682927	0.287054409006	0.266416510319	0.260787992495	0.268292682927	0.225140712946	0.258911819887	0.260787992495	0.245778611632	0.262664165103	0.251407129456	0.262664165103	0.27392120075	0.255159474672	0.268292682927	0.258911819887	0.268292682927	0.258911819887	0.262664165103	0.253283302064	0.251407129456	0.275797373358	0.262664165103	0.27392120075	0.251407129456	0.264540337711	0.264540337711	0.264540337711	0.266416510319	0.242026266417	0.240150093809	0.249530956848	0.275797373358	0.279549718574	0.255159474672	0.287054409006	0.262664165103	0.262664165103	0.236397748593	0.234521575985	0.268292682927	0.268292682927	0.268292682927	0.262664165103	0.272045028143	0.266416510319	0.28330206379	0.27392120075	0.275797373358	0.0675422138837	0.266416510319	0.249530956848	0.266416510319	0.258911819887	0.245778611632	0.27392120075	0.255159474672	0.270168855535	0.236397748593	0.287054409006	0.281425891182	0.258911819887	0.272045028143	0.234521575985	0.27392120075	0.268292682927	0.253283302064	0.245778611632	0.272045028143	0.240150093809	0.266416510319	0.300187617261	0.272045028143	0.27392120075	0.24765478424	0.18574108818	0.264540337711	0.260787992495	0.249530956848	0.255159474672	0.25703564728	0.277673545966	0.272045028143	0.279549718574	0.28330206379	0.240150093809	0.258911819887	0.272045028143	0.262664165103	0.285178236398	0.275797373358	0.264540337711	0.260787992495	0.292682926829	0.279549718574	0.28330206379	0.258911819887	0.285178236398	0.262664165103	0.27392120075	0.253283302064	0.275797373358	0.264540337711	0.275797373358	0.25703564728	0.230769230769	0.255159474672	0.249530956848
CCIS50369211ST-20-0.snv.bam	0.121951219512	0.0825515947467	0.101313320826	0.101313320826	0.133208255159	0.101313320826	0.116322701689	0.108818011257	0.106941838649	0.120075046904	0.118198874296	0.106941838649	0.101313320826	0.15009380863	0.103189493433	0.290806754221	0.0	0.118198874296	0.142589118199	0.108818011257	0.127579737336	0.127579737336	0.129455909944	0.133208255159	0.112570356473	0.078799249531	0.093808630394	0.127579737336	0.114446529081	0.114446529081	0.129455909944	0.114446529081	0.106941838649	0.135084427767	0.0956848030019	0.110694183865	0.135084427767	0.118198874296	0.110694183865	0.112570356473	0.0975609756098	0.116322701689	0.12382739212	0.127579737336	0.118198874296	0.127579737336	0.0975609756098	0.136960600375	0.15009380863	0.133208255159	0.103189493433	0.0844277673546	0.133208255159	0.12382739212	0.0900562851782	0.133208255159	0.127579737336	0.127579737336	0.0900562851782	0.0844277673546	0.140712945591	0.140712945591	0.142589118199	0.140712945591	0.12382739212	0.114446529081	0.0975609756098	0.118198874296	0.120075046904	0.287054409006	0.0994371482176	0.105065666041	0.125703564728	0.106941838649	0.103189493433	0.0731707317073	0.131332082552	0.0994371482176	0.118198874296	0.0881801125704	0.129455909944	0.127579737336	0.138836772983	0.0506566604128	0.125703564728	0.0956848030019	0.129455909944	0.0900562851782	0.121951219512	0.078799249531	0.133208255159	0.15009380863	0.120075046904	0.129455909944	0.0825515947467	0.148217636023	0.093808630394	0.127579737336	0.114446529081	0.114446529081	0.127579737336	0.112570356473	0.0994371482176	0.0731707317073	0.116322701689	0.093808630394	0.0863039399625	0.0769230769231	0.121951219512	0.0844277673546	0.0956848030019	0.103189493433	0.0956848030019	0.118198874296	0.110694183865	0.108818011257	0.108818011257	0.133208255159	0.127579737336	0.121951219512	0.0881801125704	0.108818011257	0.127579737336	0.136960600375	0.12382739212	0.0863039399625	0.0975609756098	0.0956848030019
CCIS52370277ST-4-0.snv.bam	0.108818011257	0.0600375234522	0.0956848030019	0.0881801125704	0.112570356473	0.0656660412758	0.0994371482176	0.0919324577861	0.125703564728	0.114446529081	0.0281425891182	0.0881801125704	0.105065666041	0.105065666041	0.0731707317073	0.270168855535	0.118198874296	0.0	0.12382739212	0.118198874296	0.0731707317073	0.125703564728	0.031894934334	0.0825515947467	0.116322701689	0.0806754221388	0.0844277673546	0.125703564728	0.116322701689	0.118198874296	0.031894934334	0.105065666041	0.0881801125704	0.0881801125704	0.0994371482176	0.0206378986867	0.121951219512	0.0300187617261	0.0281425891182	0.0956848030019	0.114446529081	0.101313320826	0.0825515947467	0.112570356473	0.108818011257	0.118198874296	0.0900562851782	0.0562851782364	0.116322701689	0.0844277673546	0.0863039399625	0.078799249531	0.12382739212	0.112570356473	0.0919324577861	0.093808630394	0.078799249531	0.078799249531	0.0562851782364	0.0375234521576	0.0450281425891	0.0450281425891	0.046904315197	0.120075046904	0.0863039399625	0.0712945590994	0.105065666041	0.105065666041	0.0694183864916	0.277673545966	0.0975609756098	0.0637898686679	0.0300187617261	0.0881801125704	0.0919324577861	0.112570356473	0.0525328330206	0.101313320826	0.101313320826	0.0863039399625	0.108818011257	0.0675422138837	0.06191369606	0.0600375234522	0.0994371482176	0.0769230769231	0.0506566604128	0.0956848030019	0.127579737336	0.0844277673546	0.120075046904	0.106941838649	0.114446529081	0.0994371482176	0.078799249531	0.138836772983	0.0994371482176	0.118198874296	0.0919324577861	0.0731707317073	0.046904315197	0.106941838649	0.0844277673546	0.110694183865	0.103189493433	0.0694183864916	0.0806754221388	0.0863039399625	0.105065666041	0.108818011257	0.0900562851782	0.0600375234522	0.0994371482176	0.129455909944	0.0956848030019	0.110694183865	0.0975609756098	0.093808630394	0.078799249531	0.0187617260788	0.0975609756098	0.103189493433	0.106941838649	0.110694183865	0.105065666041	0.093808630394	0.0956848030019	0.0975609756098
