	158256496-stool2.snv.bam	158337416-stool1.snv.bam	158337416-stool2.snv.bam	158357646-stool2.snv.bam	158458797-stool1.snv.bam	158479027-stool1.snv.bam	158479027-stool2.snv.bam	158499257-stool1.snv.bam	158499257-stool2.snv.bam	158742018-stool1.snv.bam	158802708-stool1.snv.bam	158802708-stool2.snv.bam	158802708-stool3.snv.bam	158822939-stool1.snv.bam	158944319-stool3.snv.bam	158984779-stool1.snv.bam	159005010-stool2.snv.bam	159207311-stool2.snv.bam	159207311-stool3.snv.bam	159227541-stool2.snv.bam	159247771-stool2.snv.bam	159288231-stool1.snv.bam	159429842-stool1.snv.bam	159551223-stool1.snv.bam	159551223-stool2.snv.bam	159571453-stool2.snv.bam	159611913-stool1.snv.bam	159632143-stool1.snv.bam	159733294-stool1.snv.bam	160158126-stool1.snv.bam	160158126-stool2.snv.bam	160178356-stool1.snv.bam	160178356-stool2.snv.bam	160178356-stool3.snv.bam	160319967-stool1.snv.bam	160319967-stool2.snv.bam	160319967-stool3.snv.bam	160421117-stool1.snv.bam	160421117-stool2.snv.bam	160421117-stool3.snv.bam	160582958-stool2.snv.bam	160582958-stool3.snv.bam	160603188-stool1.snv.bam	160603188-stool3.snv.bam	160643649-stool1.snv.bam	160704339-stool1.snv.bam	161230322-stool1.snv.bam	161554003-stool2.snv.bam	404239096-stool1.snv.bam	604812005-stool1.snv.bam	604812005-stool2.snv.bam	604812005-stool3.snv.bam	638754422-stool1.snv.bam	638754422-stool2.snv.bam	638754422-stool3.snv.bam	675950834-stool1.snv.bam	682102541-stool3.snv.bam	706846339-stool1.snv.bam	706846339-stool2.snv.bam	763395383-stool3.snv.bam	763597684-stool2.snv.bam	763678604-stool2.snv.bam	763820215-stool1.snv.bam	763820215-stool3.snv.bam	763840445-stool1.snv.bam	763840445-stool2.snv.bam	763860675-stool2.snv.bam	763982056-stool3.snv.bam	764042746-stool2.snv.bam	764083206-stool1.snv.bam	764143897-stool2.snv.bam	764224817-stool1.snv.bam	764285508-stool2.snv.bam	764305738-stool1.snv.bam	764305738-stool2.snv.bam	764447348-stool1.snv.bam	764467579-stool3.snv.bam	764487809-stool1.snv.bam	764487809-stool2.snv.bam	764649650-stool2.snv.bam	764669880-stool2.snv.bam	765034022-stool1.snv.bam	765034022-stool2.snv.bam	765074482-stool3.snv.bam	765135172-stool3.snv.bam	765337473-stool2.snv.bam	765519544-stool3.snv.bam	765701615-stool1.snv.bam	765701615-stool2.snv.bam	809635352-stool3.snv.bam	857980665-stool3.snv.bam	861967750-stool1.snv.bam	863126187-stool3.snv.bam	BYQ_AAAB.snv.bam	BYQ_AAAM.snv.bam	BYQ_AAAO.snv.bam	BYQ_AAAR.snv.bam	CCIS47745468ST-4-0.snv.bam	CCIS87167916ST-4-0.snv.bam	CCIS87252800ST-4-0.snv.bam	CCIS88007743ST-4-0.snv.bam	CCMD26925580ST-21-0.snv.bam	CCMD60079086ST-21-0.snv.bam	M2.2-V3.metaT.snv.bam	MH0196.snv.bam	MH0244.snv.bam	MH0250.snv.bam	MH0310.snv.bam	MH0327.snv.bam	MH0401.snv.bam	MH0406.snv.bam	MH0419.snv.bam	MH0426.snv.bam	MH0435.snv.bam	MH0445.snv.bam	MH0450.snv.bam	MMRS15137911ST-27-0-0.snv.bam	MMRS16644320ST-27-0-0.snv.bam	MMRS25641480ST-27-0-0.snv.bam	MMRS39582183ST-27-0-0.snv.bam	MMRS66868025ST-27-0-0.snv.bam	MMRS79893829ST-27-0-0.snv.bam	MMRS85382779ST-27-0-0.snv.bam	MMRS97327636ST-27-0-0.snv.bam	N049A.snv.bam	N088A.snv.bam	O2.UC2-1.snv.bam	O2.UC3-1.snv.bam	O2.UC37-1.snv.bam	T2D-6A.snv.bam	T2D-81A.snv.bam	V1.CD49-0.snv.bam	V1.FI04.snv.bam	V1.FI08.snv.bam	V1.FI14.snv.bam	V1.FI20.snv.bam	V1.FI21.snv.bam	V1.UC13-3.snv.bam	V1.UC64-0.snv.bam	halbarad-11-7-0.snv.bam
158256496-stool2.snv.bam	0.0	0.146954891706	0.152160440365	0.155664660223	0.161245473975	0.0820845575767	0.159424222817	0.140125790151	0.140008168003	0.164994330552	0.0636227233586	0.0635391785027	0.063203289047	0.158313332573	0.0958936319018	0.135297090755	0.149172682823	0.165379505195	0.146438702384	0.131153949237	0.0486404961592	0.160000517326	0.154441821665	0.15571159761	0.155128303445	0.127950183072	0.143012954164	0.153896681451	0.0632256809886	0.174113705663	0.175112558038	0.0710850332746	0.0928747364819	0.126434373187	0.154045145031	0.153204519558	0.15334890157	0.164507848672	0.163883093004	0.164549262351	0.16966113619	0.174855876097	0.0608958501471	0.149906884832	0.130024756764	0.179761942512	0.159519187008	0.163726494628	0.153895609437	0.133211703341	0.143378584312	0.141188254877	0.179274072064	0.179807659773	0.180708225334	0.107282849328	0.134400124327	0.197444161478	0.19362720392	0.155106420475	0.141448700896	0.136715010626	0.192915964573	0.193150907217	0.145350640062	0.153452485531	0.0618431245326	0.0708347290948	0.0625889508408	0.174992074994	0.0500793943704	0.0778310883743	0.112156322275	0.138577044625	0.138112982274	0.131766127964	0.122144363472	0.162143618088	0.168589869684	0.137365574377	0.149185272688	0.172238391462	0.171246968743	0.0699746124802	0.167535957952	0.0508100643462	0.128721871067	0.154914558557	0.153944298521	0.126923981109	0.154170945388	0.0634528930224	0.132690274306	0.0674898353589	0.0688059829278	0.163377961181	0.0628508900953	0.0986341729384	0.144072734547	0.167179931001	0.140048043923	0.171054098178	0.184495995037	0.0460952010857	0.193058087244	0.0909977331139	0.156493662551	0.150746619658	0.0589766298326	0.175691466613	0.190611779227	0.155479066994	0.0896108943075	0.169115821353	0.10749404432	0.166259453967	0.146420161207	0.191592350439	0.167135243434	0.0871647390328	0.188565298003	0.137594448725	0.167429789704	0.164479190001	0.138990218203	0.179949743417	0.171261628483	0.158083238986	0.196531124877	0.197388792967	0.123597607432	0.1142215782	0.097122597243	0.154556873178	0.203786555112	0.149222134968	0.142814229488	0.0934878800274	0.127803171605	0.0625735405883
158337416-stool1.snv.bam	0.146954891706	0.0	0.0403088828871	0.149752312773	0.0924251844919	0.171642623199	0.172586566866	0.145810481184	0.146970186788	0.164155631514	0.177023215367	0.175632833632	0.177056880187	0.145471625049	0.150089254471	0.175540185714	0.164888283447	0.148222860595	0.148874387031	0.186680010506	0.17737686612	0.139190371398	0.160671320514	0.169268397328	0.161300880554	0.17060289265	0.128201175119	0.146932512933	0.176893128947	0.191350854125	0.191686476797	0.170192877817	0.161006050299	0.163578288282	0.155118355226	0.155609661834	0.155301431191	0.145754543737	0.145426673931	0.1460342742	0.159355279909	0.169623045915	0.175535664968	0.124845262102	0.174393437569	0.205540379359	0.149154951663	0.160678732909	0.18290808843	0.156152090294	0.161823275276	0.160763817321	0.21456861584	0.208985163291	0.213086755425	0.162508060866	0.150199265215	0.184203312049	0.179529556809	0.158314428325	0.164527170698	0.152025857335	0.164855382013	0.164933666496	0.160409057959	0.163279452689	0.177400095924	0.165967043074	0.176112004799	0.169778048776	0.170210783694	0.169984434063	0.155534866582	0.186494113631	0.185687890028	0.170438344258	0.174789224647	0.15649651827	0.148182642806	0.165890343601	0.148892106254	0.185452777289	0.185852000334	0.169715841813	0.153865419779	0.168511836205	0.158943593273	0.18311451409	0.182996632789	0.172053033023	0.127109877975	0.177731003061	0.167539148472	0.167765750391	0.16466982082	0.145626319013	0.159716851441	0.164322529195	0.195515838142	0.173273428423	0.163971407671	0.155697557731	0.176761985579	0.168826205792	0.199940834513	0.166695780335	0.190064265239	0.118728549056	0.176264435991	0.164985960302	0.146581170374	0.179652830561	0.158409077148	0.184701539291	0.170518978496	0.137414887874	0.128221134974	0.193293155562	0.157849988507	0.162697358543	0.170786740132	0.167340435763	0.134364636801	0.15349702863	0.165366920018	0.172220298495	0.148788936886	0.167124577618	0.179308934027	0.178045469287	0.150551880861	0.162142820588	0.165522648278	0.157744903578	0.179575723864	0.127106751497	0.170131302603	0.170539389013	0.15773082909	0.177882061664
158337416-stool2.snv.bam	0.152160440365	0.0403088828871	0.0	0.121390375592	0.0632227384776	0.142877746017	0.145125661805	0.114927497753	0.114431791415	0.138184645214	0.147760813074	0.147454853407	0.147904080165	0.118169055676	0.125422557239	0.143543922326	0.144182816984	0.122512876702	0.125405930757	0.15740740144	0.152552931125	0.105624938349	0.133612115238	0.137121975211	0.12952458862	0.148732635438	0.104897394851	0.116984980541	0.14718316992	0.166324174569	0.167164980242	0.140962256721	0.134305636492	0.135248015168	0.126359970034	0.126505862546	0.125888704595	0.119384280836	0.118844328639	0.119351910788	0.127882414364	0.138221085432	0.15121493578	0.0912775715799	0.140741984324	0.179597662512	0.116326812944	0.134507624334	0.15776389443	0.129345437116	0.13589083013	0.134136453259	0.184406356635	0.17847230936	0.182836466899	0.137090436882	0.128658154336	0.157724991935	0.152740164001	0.134289087772	0.142636775506	0.12520191144	0.134116314101	0.134045934404	0.130210547962	0.134014191287	0.147888058618	0.136930978179	0.152711939704	0.141248909998	0.146133287837	0.141891796995	0.125850265572	0.159498376009	0.158653005967	0.138554254079	0.14946025978	0.135736410925	0.122628206502	0.138445801465	0.121841123773	0.158951580386	0.156726480413	0.140640315879	0.135907936991	0.143011772369	0.139496699719	0.154828153267	0.154554514988	0.13947326984	0.0995002944825	0.148430672216	0.138824583517	0.141150601552	0.138184819562	0.118912983628	0.134276007858	0.136011361349	0.172390436914	0.146494446709	0.139003815709	0.124622185083	0.15322473131	0.141963043693	0.173089132052	0.139042760817	0.158538342471	0.0924298257474	0.151131323179	0.137982856796	0.120503900026	0.156200761972	0.129550149662	0.15921781467	0.146191279031	0.107736461191	0.0978805000266	0.167472987133	0.127089007015	0.129262144524	0.144024733202	0.135632448841	0.106921109266	0.127439231426	0.143280989599	0.144534524644	0.121837461679	0.141378382723	0.147305926541	0.150043010857	0.125244818003	0.136237090353	0.138247416738	0.12504913156	0.168488170752	0.0977757518755	0.139119928131	0.142699404542	0.133056673328	0.148720575521
158357646-stool2.snv.bam	0.155664660223	0.149752312773	0.121390375592	0.0	0.117473510484	0.122056346646	0.110583497733	0.119017690697	0.117885601417	0.122326982939	0.143596913451	0.144010366615	0.143173104588	0.1230600381	0.130772809474	0.125857429188	0.126674327992	0.114644487166	0.110847465999	0.126193078712	0.139177832675	0.127729646361	0.10811778456	0.135028913171	0.13083835947	0.131494968025	0.0964323219586	0.112900025222	0.142147120943	0.162911918077	0.162492966416	0.138866785602	0.117201814222	0.112572514745	0.116751987415	0.11243626511	0.115115332686	0.109159206775	0.107757842077	0.107735702423	0.112965913454	0.119061831656	0.134802018175	0.0980363321329	0.137275473292	0.150190854597	0.121309024651	0.110073564015	0.116095786766	0.118961227694	0.125882272226	0.122721904673	0.179863875683	0.177359145528	0.177529151873	0.128610583878	0.118346556051	0.134983632448	0.129443876355	0.112977406464	0.136715078885	0.116689715023	0.124142504307	0.124037977761	0.119335935343	0.128079949477	0.145484718154	0.132273487284	0.141756765112	0.12942451614	0.135061253723	0.129112212595	0.121660618708	0.130134527681	0.129552522474	0.124398741001	0.124168993769	0.106412278286	0.115741702977	0.119708427148	0.102557832539	0.131928395431	0.134622540668	0.130339369224	0.120237378087	0.137111851122	0.111392364449	0.128703192044	0.128055199789	0.130622410236	0.124837859753	0.144611735287	0.136226377734	0.115183122805	0.111846305343	0.112242858961	0.129519232081	0.153171497724	0.117366927966	0.120757715591	0.126737862402	0.121608103832	0.116044529947	0.133657502704	0.146341624839	0.154129875147	0.137479423484	0.0936323888876	0.137020332049	0.110166411111	0.136101701459	0.151906126376	0.119078362841	0.119060493153	0.129134095917	0.128766770062	0.101988172632	0.130723780574	0.12251332351	0.132449577609	0.118308385368	0.124303335111	0.122816060256	0.130680719476	0.131799216768	0.13110630588	0.106333753469	0.145282716121	0.138138823743	0.125283045866	0.107087501832	0.132763355188	0.148413012914	0.146050304584	0.159473487415	0.101729392316	0.138769776218	0.152379333916	0.114310122706	0.143669969323
158458797-stool1.snv.bam	0.161245473975	0.0924251844919	0.0632227384776	0.117473510484	0.0	0.151493792757	0.147266404706	0.133406357323	0.132163508601	0.138494565934	0.157215159162	0.157605085765	0.156710335341	0.130847646429	0.141045652128	0.157715874025	0.127122144154	0.124667111412	0.128958559107	0.164506561256	0.149406007842	0.122666833064	0.14090240157	0.151403390596	0.141886969853	0.144731148526	0.0992395217601	0.128980808878	0.157597662975	0.191214094104	0.191434660461	0.154004875611	0.141893929779	0.140795859257	0.116479364854	0.116269981457	0.114879254118	0.10547181689	0.103596974361	0.103299221212	0.140322170521	0.1499615929	0.15114037792	0.0924251395582	0.139359643674	0.165043391664	0.130263733252	0.12756805838	0.136452113431	0.121025050159	0.128743147745	0.126153359227	0.145961685574	0.13978731023	0.144060834026	0.13912326181	0.123214773397	0.156658545617	0.158308594806	0.125711477154	0.14704855618	0.116811998048	0.134896667255	0.134456170257	0.132832855457	0.135665446103	0.158743422383	0.145113237361	0.127532221545	0.157143055537	0.136137594993	0.150523563052	0.12222421257	0.160938932937	0.160487703674	0.129539788099	0.143526289461	0.131052050678	0.12989819672	0.146924612338	0.128834508605	0.152813588521	0.151596849111	0.149091914219	0.141573106858	0.137719218565	0.124577592137	0.151418274223	0.1486013654	0.136914438709	0.100194083357	0.157902022867	0.147972154529	0.14051781835	0.137919743534	0.122590020987	0.129264000487	0.152804924634	0.160557929988	0.136757788416	0.134742127122	0.123979459479	0.159938096917	0.140863922267	0.174996115926	0.151366701279	0.159493366223	0.100182562578	0.147989239678	0.133673250763	0.118364293436	0.162126122897	0.136906085287	0.146236435136	0.133355677986	0.0961175624666	0.107101502581	0.158011140476	0.147974492634	0.139636941231	0.142775396544	0.148287660002	0.103299221212	0.103299221212	0.126126769178	0.162640990985	0.125654380805	0.158302480341	0.163861211176	0.158077231751	0.131255837875	0.14908705729	0.153860085304	0.144751591472	0.194673994932	0.109388122646	0.14067575405	0.156625309585	0.139898372975	0.157382669449
158479027-stool1.snv.bam	0.0820845575767	0.171642623199	0.142877746017	0.122056346646	0.151493792757	0.0	0.103889344076	0.120880011926	0.119206449841	0.148752135651	0.0326978047455	0.0328196333698	0.0325166404601	0.128833498187	0.075880008316	0.108611203591	0.13546841813	0.130809207759	0.120283013702	0.094655179101	0.0505480731295	0.131750487298	0.117649605623	0.128391035023	0.127045307395	0.113424175963	0.12023965112	0.110448207757	0.038357248542	0.159132598689	0.159340406226	0.0405364652838	0.0427339329244	0.0817808690724	0.110964788815	0.109650882994	0.10952150515	0.15284232968	0.150788419879	0.151769622429	0.122596930935	0.129608053675	0.0523971593407	0.135115599505	0.109977234816	0.154575515999	0.118257268969	0.140381834789	0.136959897924	0.12468654662	0.133178803962	0.130747155726	0.169339179425	0.170548264375	0.170990704699	0.082389324582	0.134800579502	0.152944618062	0.151083753016	0.126284645362	0.126012250954	0.106293837792	0.177784102272	0.177553003334	0.119858660553	0.128514375971	0.0339992259777	0.03731117008	0.0588305356619	0.144043842344	0.0441497111851	0.0295696390197	0.0945594691925	0.126377128447	0.125750705651	0.113866817183	0.0845836618852	0.136842993475	0.141749303188	0.104019451237	0.113422614139	0.145134233126	0.143332869289	0.042148946101	0.154008419117	0.0430535089283	0.114616727305	0.12455277404	0.123511129378	0.103900259912	0.134093367701	0.0329784388562	0.108249304157	0.0561708869657	0.0550430823504	0.129150059834	0.0533459401739	0.0761432677225	0.135138305029	0.14173658712	0.124017808326	0.155270159746	0.140860974562	0.0409425912041	0.176353274472	0.0608149973566	0.140403372714	0.128167645293	0.053489115267	0.153239213313	0.176233596263	0.137545932444	0.050881088133	0.148686358832	0.0905176641534	0.152056112199	0.105537942072	0.161023096518	0.136118760322	0.0441467228233	0.156432747169	0.110837093109	0.156945264204	0.154958485497	0.128781811145	0.141203827094	0.128329089318	0.116902949659	0.1775587276	0.146878660966	0.0834438115549	0.0741673079364	0.0606014266654	0.123666541956	0.189916075955	0.114594119674	0.1182759833	0.0587953792372	0.110103539312	0.0334584490993
158479027-stool2.snv.bam	0.159424222817	0.172586566866	0.145125661805	0.110583497733	0.147266404706	0.103889344076	0.0	0.139159766773	0.137077966037	0.133010656647	0.135548233801	0.135588289441	0.13533889641	0.11617584004	0.126352922276	0.126615847437	0.153232740908	0.127204975646	0.128476312401	0.0978922587228	0.138188883081	0.123057823716	0.12652941801	0.148564655125	0.146969999942	0.133012373976	0.113573602339	0.0945646566401	0.134880779056	0.170894448228	0.17119248571	0.142346498469	0.127290708594	0.117319721773	0.127872115203	0.125173404814	0.126604047622	0.15915550207	0.158377660468	0.159385585696	0.104479671131	0.111756773656	0.139107262071	0.143260319051	0.141160318481	0.163193070202	0.141392660338	0.144007436319	0.147210370406	0.136646078174	0.142673032234	0.140477374187	0.179892891216	0.175399965838	0.178044644063	0.128238007929	0.135698868676	0.151476924336	0.147932971215	0.116723937547	0.143523275893	0.130503457935	0.17971156861	0.178949457679	0.13812782189	0.150495754365	0.136715691617	0.124206304791	0.147009610826	0.142533162464	0.134953575467	0.123034373383	0.124149530333	0.130111960368	0.129757551611	0.146139299298	0.104044278177	0.141424014803	0.142815784419	0.119805333301	0.1189335659	0.135792408188	0.140997392293	0.1236588063	0.136377985818	0.133000301086	0.133703973384	0.13443674598	0.13430603672	0.137941707189	0.158908649717	0.135538048482	0.118319024676	0.124970415583	0.124093748871	0.117509850997	0.136939916529	0.140553907594	0.132811825558	0.157643392931	0.145309226612	0.161580139436	0.133624175624	0.138574873622	0.181834246251	0.157058395721	0.161634217246	0.129784392233	0.138559797039	0.15303754412	0.173404171823	0.142587648303	0.132170449007	0.159244476935	0.138442439544	0.152517957036	0.132871317049	0.155488093697	0.135889191463	0.126887167814	0.140513084971	0.127907532598	0.161697394602	0.150012444849	0.151290722148	0.125859484872	0.149348807059	0.14646607371	0.160933423238	0.134238957064	0.120891919813	0.14309869744	0.143332198577	0.144784602298	0.174792570316	0.134253715808	0.122450593111	0.143962050522	0.137955272027	0.136280705049
158499257-stool1.snv.bam	0.140125790151	0.145810481184	0.114927497753	0.119017690697	0.133406357323	0.120880011926	0.139159766773	0.0	0.00688215032615	0.156739586349	0.12228509902	0.121591080855	0.121859019307	0.104042675822	0.110067567096	0.110797445469	0.148409849203	0.136710939252	0.143530352081	0.122108666448	0.12761528275	0.106189938031	0.116117626906	0.0645392970164	0.0633171625842	0.0945664150966	0.125721205327	0.114226499923	0.114866744678	0.141736711898	0.142560807318	0.128671439123	0.127496388534	0.129928769927	0.127893421672	0.125436136389	0.128475600912	0.0957195601949	0.0938660811645	0.0946468529442	0.143188389234	0.151687472424	0.128630922648	0.112387806066	0.128088006943	0.154789658085	0.112002656676	0.156892724146	0.130835684474	0.084347119185	0.0917819112912	0.0898393333853	0.17536219242	0.178195191359	0.178306478491	0.100619696466	0.124303495989	0.158159071369	0.158958818109	0.115169158301	0.107155860541	0.119746996914	0.125408340104	0.125705199906	0.125927291285	0.132908803235	0.122350541014	0.11088591732	0.128833432989	0.151927552851	0.118955290073	0.119600779489	0.0933219749834	0.135552619411	0.134572552006	0.133845612931	0.129772127352	0.144326761824	0.140594430812	0.120137896853	0.114490252395	0.137608415857	0.144235284548	0.114290144418	0.14506381853	0.120110745105	0.109297197886	0.138027665429	0.136906177042	0.129095327723	0.116320392696	0.120823700794	0.126872612727	0.114802450831	0.121164136887	0.126250984909	0.134285719099	0.131381970974	0.15568750347	0.158496026483	0.131452058363	0.109047129012	0.114070631647	0.123480160806	0.132795080565	0.135147886374	0.131481648898	0.116591141515	0.131977690388	0.105342368504	0.129773081504	0.128148173952	0.119815568726	0.135040302109	0.103744364368	0.149689322101	0.121399474562	0.158559660997	0.152013063892	0.112552217065	0.120758727854	0.103490327704	0.131186009865	0.124155079465	0.140086693477	0.141439427886	0.13137332017	0.0982288028364	0.172306731733	0.111405636474	0.107256366383	0.135788610486	0.137099866463	0.0627166449633	0.16545024794	0.113863965424	0.126286481775	0.13972916574	0.126489456512	0.122675514663
158499257-stool2.snv.bam	0.140008168003	0.146970186788	0.114431791415	0.117885601417	0.132163508601	0.119206449841	0.137077966037	0.00688215032615	0.0	0.154595967439	0.120938437446	0.120213524232	0.120440055766	0.103588398774	0.108294287	0.109521465795	0.147094590377	0.135322015085	0.141325592118	0.122134154506	0.126985367698	0.10539551611	0.114255650901	0.062309770363	0.0631669422445	0.0930258006714	0.124176601529	0.112704119129	0.112725598535	0.140364124825	0.14154986915	0.127724721877	0.125543877275	0.127976258667	0.127000775007	0.123962032931	0.126806479403	0.0939633434471	0.0921435679616	0.0931697836083	0.141450882511	0.14980152943	0.126837257075	0.112091443528	0.126773627024	0.152678541725	0.110571166485	0.154843360884	0.128728599725	0.0834474312858	0.0906060929754	0.088466009746	0.174548583142	0.175601164565	0.176280039839	0.0988422355849	0.122771713583	0.1559851261	0.156887863372	0.112693167503	0.105412330452	0.118585887747	0.123441905233	0.12461589421	0.124244465386	0.131933417066	0.12106379458	0.10946695378	0.12827618424	0.149880168803	0.117089786576	0.117778740391	0.0918143155337	0.133579101297	0.132808583424	0.132514244729	0.127432263883	0.143148299748	0.14050756093	0.117831889614	0.112658038293	0.136983536177	0.142420428784	0.112871180878	0.143441465209	0.118281213236	0.107787666518	0.136609900199	0.135253441051	0.127269378516	0.11448097746	0.119792516044	0.125320316133	0.112854158666	0.119389341534	0.124366322879	0.1330383431	0.13017397724	0.153634480179	0.157492598475	0.130101462715	0.107950042561	0.113164392393	0.121570768832	0.132545810532	0.134942132431	0.130641813329	0.115367209608	0.131805960303	0.103918052419	0.129172494381	0.127902880425	0.120277080958	0.133652310857	0.103587203221	0.149111657969	0.119801323672	0.156904123746	0.150178639344	0.110298252874	0.120216774726	0.102207513212	0.130104941155	0.123071027105	0.138545686574	0.140981754195	0.130640240446	0.0978758542974	0.170910587057	0.111112042944	0.105985132088	0.134446962272	0.134834977544	0.0621279185782	0.164833168465	0.112631364431	0.124668602784	0.13941073795	0.127486524896	0.121381864405
158742018-stool1.snv.bam	0.164994330552	0.164155631514	0.138184645214	0.122326982939	0.138494565934	0.148752135651	0.133010656647	0.156739586349	0.154595967439	0.0	0.156438147619	0.15665939874	0.155977736607	0.119625702074	0.121487249377	0.139217355931	0.121806114226	0.114452246949	0.0910112240015	0.115139986912	0.136455884071	0.121519560572	0.124772702218	0.132869472945	0.128660997634	0.121271156775	0.107747633362	0.102417671064	0.150169266601	0.125737369767	0.12451121015	0.149585890798	0.148046367008	0.146214957079	0.136961858888	0.132524255446	0.135241396966	0.157704247926	0.155832784477	0.156835278783	0.078228192434	0.0790079669271	0.160538891317	0.143458897222	0.143344434625	0.130029975591	0.138738448097	0.0920159094319	0.149071760544	0.135661178877	0.136490900775	0.133839460595	0.168413117466	0.166259764579	0.166714352363	0.118132997843	0.116727821163	0.123848618449	0.113471341566	0.134289504631	0.119700549058	0.149857095346	0.158623292946	0.157424677533	0.128994530184	0.129237852905	0.15728414024	0.145113947578	0.14744443017	0.111346141785	0.155186130377	0.152048937522	0.155608537649	0.0521167962422	0.0512321918635	0.15443399578	0.127613224313	0.140180056118	0.139199037336	0.119703347178	0.113040720259	0.12129068367	0.122196345304	0.148433802351	0.107232167278	0.146678739092	0.137105137992	0.138971163457	0.138128114701	0.146693981451	0.150162465669	0.15623890008	0.1403866	0.140812239579	0.139542241423	0.115868075017	0.144058236175	0.152991011829	0.138940285196	0.136268904354	0.161097331062	0.155064796816	0.162531321781	0.146987156714	0.194668890954	0.162739765762	0.16204654894	0.0979872348661	0.148343788132	0.154955204862	0.138783628462	0.16021127904	0.133921881602	0.113720573373	0.162511585641	0.113590340923	0.120931217163	0.121321365929	0.117515141386	0.157102655131	0.134160295499	0.14997930183	0.124821949959	0.120899681511	0.137116423115	0.122098954839	0.113813434818	0.154945539125	0.171910101523	0.161418026845	0.145949299932	0.149687992834	0.145986223768	0.145004334927	0.169409191124	0.115645645849	0.112657018167	0.149268497952	0.156864461276	0.156922861474
158802708-stool1.snv.bam	0.0636227233586	0.177023215367	0.147760813074	0.143596913451	0.157215159162	0.0326978047455	0.135548233801	0.12228509902	0.120938437446	0.156438147619	0.0	0.00319558417475	0.0010764099686	0.143319679089	0.065590773313	0.1109983629	0.129557900515	0.147831602687	0.135270283774	0.107262094126	0.0244604707101	0.141859397094	0.123957603642	0.126938628623	0.127057050688	0.106528228013	0.13469790557	0.129078437054	0.0103656367414	0.156744729552	0.156169390484	0.0101106386972	0.0506892363158	0.0916931575399	0.116121941802	0.114581687997	0.113452728399	0.15712918083	0.155502724071	0.155880453646	0.136292373883	0.143388648934	0.0304370793073	0.139335695499	0.108838949462	0.15538750624	0.116318762787	0.144526245365	0.137745567932	0.122204850249	0.132309642264	0.129459900873	0.168245762652	0.169495564156	0.169425812826	0.0731500415924	0.135534282498	0.169750312357	0.16463495404	0.140066598724	0.119010167353	0.112599112886	0.182521777342	0.182254773473	0.117107471517	0.124984945082	0.00372473076153	0.0117713241767	0.032977847531	0.153015618692	0.0180709539112	0.0310872060943	0.091805311089	0.129246089101	0.12851840093	0.113008247967	0.0981732875884	0.144898932663	0.149942317238	0.117016239756	0.120557635765	0.152517084397	0.145759533572	0.0222426951652	0.17390390871	0.0171464230388	0.117560596422	0.134345847873	0.131812962279	0.102495013158	0.134495212201	0.00389866803479	0.112687662016	0.0476354235378	0.0476341690915	0.143266310414	0.0333650603339	0.0545489792701	0.141727782462	0.142513170375	0.12172980924	0.158146809028	0.153842829191	0.0131568897579	0.176437856571	0.0318832386286	0.135673759487	0.135644659608	0.0301692213643	0.159891524583	0.180909797213	0.142911568616	0.0319937648495	0.162789391684	0.0851993671706	0.154737126894	0.105963926896	0.169147811764	0.146122496912	0.0379166650555	0.170202123431	0.112585171966	0.15937898532	0.15924915668	0.129449240488	0.155958256427	0.134082064683	0.122444339218	0.182334470026	0.162636923545	0.0894546994968	0.0690377523982	0.0485087035185	0.120351710864	0.199747856349	0.115347379338	0.120413106985	0.0410644752244	0.114017425759	0.00201821860778
158802708-stool2.snv.bam	0.0635391785027	0.175632833632	0.147454853407	0.144010366615	0.157605085765	0.0328196333698	0.135588289441	0.121591080855	0.120213524232	0.15665939874	0.00319558417475	0.0	0.00255685161751	0.143394822696	0.0656659169205	0.111073506507	0.129112512023	0.147613821181	0.136080976709	0.105982592562	0.0240877520941	0.142072139601	0.124764327604	0.126389862534	0.126706770996	0.10632856201	0.134413273815	0.128748408031	0.0100834687913	0.155925433107	0.156049987066	0.0102391914115	0.0516800818815	0.0925217477563	0.116139922986	0.115251396467	0.114642437542	0.157054604856	0.155993562466	0.156631951777	0.136614016038	0.144140147064	0.0300676555436	0.139653940025	0.10845739645	0.155045696174	0.117817129197	0.14598519304	0.137665301567	0.122887821053	0.132211408331	0.130450746439	0.167924389762	0.169063246625	0.170184373283	0.0733832810928	0.134838357805	0.169450885368	0.165383815335	0.140354712207	0.118860792544	0.112311244126	0.181977482946	0.182245801829	0.116753222803	0.125777738521	0.00353029526686	0.0128163182322	0.0323962006502	0.152959120063	0.0183626935019	0.0304463036425	0.0926575166541	0.129049950766	0.128213989882	0.113296180299	0.0978373505735	0.145339345444	0.15077003989	0.117014708484	0.120242030768	0.152257352887	0.146341118871	0.0223617768827	0.173715723889	0.0166271100909	0.117098271185	0.133698569166	0.132052117448	0.102665220922	0.134974167963	0.00393448586059	0.113005906542	0.0483170330459	0.0482698538368	0.143832221387	0.0329544429232	0.0553557032318	0.142054069268	0.14350401594	0.121805483898	0.158634317571	0.154753508546	0.0137528803997	0.175841724836	0.032116056953	0.135616928646	0.13602589711	0.0298355390893	0.159380958226	0.180809229496	0.142357238016	0.0315019037295	0.16164514291	0.0846413909505	0.154437416742	0.107202384273	0.170178435801	0.14643962479	0.037991808663	0.170958951335	0.113128506652	0.159184223394	0.159054394754	0.129619385716	0.1569847585	0.13439109304	0.12204364275	0.182965694468	0.162441262431	0.0891171216239	0.0696328012064	0.0483835261889	0.120830703242	0.199862017984	0.116324107206	0.119876647042	0.039677960706	0.113566096957	0.00349866025669
158802708-stool3.snv.bam	0.063203289047	0.177056880187	0.147904080165	0.143173104588	0.156710335341	0.0325166404601	0.13533889641	0.121859019307	0.120440055766	0.155977736607	0.0010764099686	0.00255685161751	0.0	0.142731553819	0.0649520407558	0.110629535876	0.128919167958	0.147795420978	0.135235625505	0.106891968415	0.0240481105355	0.141408870724	0.123588776618	0.126526268448	0.126409225852	0.10576100219	0.134554444182	0.128800746963	0.0099787878117	0.156136433855	0.155419268342	0.0098516053881	0.0502134197109	0.0912173409351	0.115751816092	0.114208937281	0.113082602688	0.156979125541	0.155133897047	0.155402961631	0.135918296652	0.142911156919	0.0297646668444	0.138694713884	0.108557841736	0.154956427276	0.116125168549	0.14450292808	0.137312612115	0.121722260455	0.132132576972	0.128984084268	0.167913410486	0.168930622628	0.168867266863	0.0723882824192	0.134823193519	0.169274495752	0.164159137435	0.13963519472	0.118594892972	0.111966600803	0.182105030357	0.181609245889	0.11652702179	0.124662556854	0.00367236147317	0.0111325916194	0.0322348321073	0.152841723442	0.0176383613178	0.0313716250884	0.0914364840648	0.128602842533	0.127879668373	0.112861561538	0.097779595821	0.144970929175	0.149985477326	0.116646114045	0.120533956374	0.151936196592	0.145276943777	0.021603962608	0.173570713081	0.0164965076471	0.116797250014	0.13427365284	0.131444135255	0.102124887447	0.133749490063	0.00347258832178	0.112317536305	0.0476006432327	0.0478258832051	0.143216462656	0.0327263277766	0.0539102467129	0.141348303393	0.14203735377	0.121358375665	0.157387770423	0.153363649925	0.0125097261127	0.176025263079	0.0318133331334	0.135635630241	0.135661661295	0.0297416413706	0.159576044812	0.181268866591	0.142752035851	0.0316920048826	0.16224138695	0.0850152743901	0.154192955275	0.105488110291	0.168652893032	0.145753669888	0.0375478380314	0.169499613741	0.11220705793	0.158740252762	0.158610424123	0.129165867329	0.156364336063	0.133920211442	0.122029064837	0.182310731852	0.162265489969	0.089524714631	0.0693558555824	0.048552673192	0.120149878988	0.19959400905	0.11541757754	0.119765282149	0.0406477282394	0.1140827446	0.00127249646987
158822939-stool1.snv.bam	0.158313332573	0.145471625049	0.118169055676	0.1230600381	0.130847646429	0.128833498187	0.11617584004	0.104042675822	0.103588398774	0.119625702074	0.143319679089	0.143394822696	0.142731553819	0.0	0.109351284931	0.119295870034	0.156163542171	0.0974576876783	0.110282341608	0.116270449403	0.142906654372	0.0546549024749	0.104157285849	0.114164271257	0.109521222287	0.11421846385	0.103691612347	0.095031735041	0.138263553396	0.161926946518	0.161936452017	0.149253928174	0.128607236517	0.121306606328	0.114432758437	0.112798901304	0.113127507965	0.117702379159	0.115984420274	0.11684307353	0.118661287402	0.120810414368	0.147226289674	0.123625637902	0.122893724159	0.170561555396	0.136327750811	0.134164966309	0.134830326464	0.115687036336	0.122801437143	0.119769117665	0.187192154919	0.182376973891	0.184810933619	0.11335591847	0.140391557104	0.12515805114	0.118411819655	0.0965284183371	0.128203372491	0.117157488674	0.140553003544	0.14040857099	0.135004445959	0.138861611405	0.14480844407	0.131818260445	0.156174675995	0.13713030415	0.137526692205	0.125776671514	0.120198934476	0.109201414445	0.108785550264	0.130904274781	0.113754837415	0.137705290865	0.131120367311	0.112095102332	0.0986688588357	0.140816255023	0.150818927405	0.137951329619	0.116693710564	0.138395467005	0.115785259152	0.130858554507	0.129753815265	0.121728370697	0.120966093981	0.143435660076	0.114034452301	0.124620316141	0.123522896874	0.0871990028737	0.143069610283	0.138384697653	0.146253630639	0.151672529115	0.127861090883	0.120076857405	0.117616622966	0.142102213095	0.175948873404	0.142073056182	0.151651806329	0.105003410714	0.153552643663	0.11562379075	0.142374345052	0.131613914098	0.12477705969	0.123564979782	0.134891208938	0.13524109562	0.107963604921	0.140328217268	0.139324893777	0.127591127871	0.094829267459	0.118568313345	0.129104105616	0.125343687751	0.146031399871	0.117052637205	0.114543464249	0.133041623008	0.179671663038	0.109115369633	0.109516345667	0.125705228681	0.131938523574	0.119799738185	0.161546392179	0.107722830518	0.119149971384	0.143206480293	0.131429008664	0.143767347421
158944319-stool3.snv.bam	0.0958936319018	0.150089254471	0.125422557239	0.130772809474	0.141045652128	0.075880008316	0.126352922276	0.110067567096	0.108294287	0.121487249377	0.065590773313	0.0656659169205	0.0649520407558	0.109351284931	0.0	0.107414694016	0.091787666693	0.126580759755	0.106513091277	0.118643145629	0.0692949374646	0.114960572452	0.12038208596	0.127147659513	0.127087919833	0.0588248710862	0.107876061454	0.106582500843	0.0609770449969	0.153075300136	0.153371380498	0.0680921580947	0.0800294307628	0.104900495511	0.125540634172	0.125989029261	0.125304453204	0.147953370322	0.146276488809	0.146880663072	0.119491089241	0.126360934209	0.0791348267845	0.127500444528	0.109873914964	0.143954958917	0.124896499375	0.130026577288	0.121594888336	0.116538468647	0.127021540138	0.123873047434	0.176550891029	0.172260324996	0.175112514848	0.0423429679625	0.123506209018	0.155804687706	0.148712751956	0.126535911438	0.0601591839922	0.109600259256	0.160939592927	0.16185899016	0.106798132024	0.11122291635	0.0668096327612	0.060633395424	0.0804184712274	0.135413808065	0.063372983047	0.0712862096661	0.10776438695	0.1136303794	0.112977875432	0.114932942015	0.113755449271	0.132860671904	0.125042161179	0.107039672613	0.11702642662	0.138567844874	0.13308338789	0.0689155261797	0.145193559187	0.0640433022132	0.0815328843874	0.137987996648	0.136834185159	0.103559805887	0.116197174701	0.0658037791644	0.119934743533	0.0735063185596	0.0762041131654	0.123711577667	0.0729443433611	0.0899234426088	0.143681260452	0.134129589345	0.118111826056	0.143648644752	0.128900338885	0.0541519708116	0.168626344419	0.077735675236	0.129423902912	0.113004734683	0.0745506464459	0.144274847935	0.159501122547	0.147921245315	0.0711582873411	0.132139729097	0.0976425774338	0.144458931419	0.114035684732	0.156330267382	0.138387078635	0.0885579101778	0.140747141139	0.110237920592	0.137333211136	0.139698418384	0.12211845513	0.131763136456	0.127918637366	0.119192948986	0.171753730023	0.155891975597	0.102962376162	0.089561123665	0.0784008891651	0.129179884176	0.183536639395	0.115374661038	0.127531536924	0.0776586807929	0.111921146684	0.065893849395
158984779-stool1.snv.bam	0.135297090755	0.175540185714	0.143543922326	0.125857429188	0.157715874025	0.108611203591	0.126615847437	0.110797445469	0.109521465795	0.139217355931	0.1109983629	0.111073506507	0.110629535876	0.119295870034	0.107414694016	0.0	0.153321013463	0.12578034702	0.132319406695	0.095352252997	0.111522670506	0.123924751316	0.120089255274	0.137710263501	0.136247386997	0.104988588017	0.127171647105	0.127961907625	0.111153810447	0.167269242531	0.167018688399	0.118946449912	0.118861368197	0.118959460251	0.147096514648	0.142937169238	0.145654366842	0.132800838471	0.130817249692	0.13172813122	0.112334746543	0.120280582781	0.102461341637	0.152734447345	0.111536097549	0.173323053694	0.148651445261	0.117538233068	0.127042284169	0.122726027038	0.130013124364	0.126864631659	0.1729559859	0.173977764536	0.173808892022	0.0999488065107	0.143128459426	0.148227238326	0.135905693808	0.127055236934	0.11472396	0.116919120643	0.168741026704	0.168041708572	0.12958038386	0.137774356106	0.111732020631	0.0996564338893	0.11813165679	0.128252340876	0.0996072201563	0.110926029426	0.0821914569144	0.110774312388	0.11017625072	0.115999657657	0.132600693358	0.151859683109	0.146916901588	0.0317389475167	0.11696985115	0.142994797777	0.142911006741	0.110078204847	0.159156119391	0.101981934749	0.111324096615	0.116164692543	0.113710169763	0.112960982221	0.132011178397	0.110701547189	0.14988769851	0.093430054799	0.0969615276223	0.116871215309	0.111386855775	0.141820864148	0.151146411829	0.104719611319	0.135171348893	0.151686041311	0.133166179557	0.106971830169	0.191139386039	0.129181904649	0.140383848161	0.115037521966	0.116554871154	0.155134214759	0.153459061128	0.173841049146	0.0926032984566	0.123682410697	0.121551101355	0.144619264123	0.124001612618	0.14535630627	0.113615078224	0.108972926235	0.150945693766	0.00921576454049	0.140830436761	0.133986776012	0.148506467474	0.119639709223	0.147694955194	0.12672264664	0.175473552204	0.151902364964	0.104453063125	0.130205302026	0.12654481564	0.116435516166	0.176846373315	0.126922976265	0.11642214015	0.134102552412	0.123973603609	0.110687959582
159005010-stool2.snv.bam	0.149172682823	0.164888283447	0.144182816984	0.126674327992	0.127122144154	0.13546841813	0.153232740908	0.148409849203	0.147094590377	0.121806114226	0.129557900515	0.129112512023	0.128919167958	0.156163542171	0.091787666693	0.153321013463	0.0	0.150949555176	0.135518539008	0.159782906588	0.128586306781	0.154847144253	0.165045011718	0.165980245261	0.165937836448	0.0619662213183	0.123705661163	0.138452521258	0.122408417734	0.169778797224	0.170502036818	0.123043167379	0.135431140997	0.149340270739	0.156466415923	0.157355774004	0.156450305378	0.158249533115	0.156749177559	0.157390227486	0.124332496653	0.133012521439	0.121981067358	0.145901446226	0.157629979042	0.151308105659	0.12566299526	0.138967203355	0.105773156218	0.129161871537	0.14020682425	0.137197157794	0.191962752981	0.190315527366	0.190010078339	0.099544953416	0.117045789702	0.169516302848	0.161046994139	0.141802304642	0.0611284389702	0.14921209777	0.153955819475	0.154668879351	0.137947118459	0.145004779913	0.130300526645	0.118126002994	0.113148002055	0.14392302973	0.126530918397	0.13143233898	0.128551264435	0.149072916289	0.148573391132	0.162855809343	0.164536168746	0.131086982369	0.141488533492	0.144504516021	0.15463268886	0.139445053576	0.138634349905	0.128367836929	0.15269839793	0.123873356129	0.0879114300353	0.151114467698	0.15127560725	0.156179633196	0.129672654201	0.129664933021	0.137311204108	0.133717014341	0.130293513361	0.154901382432	0.130618524576	0.144322204453	0.151932816464	0.158791404519	0.155872184696	0.14508582375	0.147191016078	0.123278447425	0.167527933143	0.138543421867	0.12577966198	0.136236158079	0.119268608097	0.154398338059	0.151167876732	0.127146572776	0.121898402028	0.142350239301	0.136064411437	0.14247758942	0.143118425775	0.139658035893	0.150741103751	0.145379841126	0.156107342443	0.150105909953	0.158627601012	0.165505067979	0.1043049271	0.15043664725	0.152490828748	0.13670825402	0.162814847062	0.180916245035	0.134826982038	0.138197503731	0.134785267959	0.160256555053	0.183761303867	0.137970925545	0.144882615696	0.133238046869	0.154710980979	0.129860976597
