	BGI-06A.snv.bam	BGI-33A.snv.bam	BGI003A.snv.bam	BYQ_AAAF.snv.bam	CCIS05314658ST-4-0.snv.bam	CCIS07277498ST-4-0.snv.bam	CCIS22275061ST-4-0.snv.bam	CCIS27927933ST-4-0.snv.bam	CCIS36699628ST-4-0.snv.bam	CCIS50003399ST-4-0.snv.bam	CCIS59132091ST-4-0.snv.bam	CCIS78100604ST-4-0.snv.bam	CCIS81735969ST-20-0.snv.bam	CCIS94496512ST-4-0.snv.bam	CCIS95097901ST-4-0.snv.bam	CCMD26925580ST-21-0.snv.bam	DLF009.snv.bam	DLM012.snv.bam	DLM027.snv.bam	DOF008.snv.bam	ED12A.snv.bam	ED19A.snv.bam	ED50A.snv.bam	HT8A.snv.bam	N075A.snv.bam	NLM027.snv.bam	NOM027.snv.bam	O2.UC19-1.snv.bam	O2.UC6-1.snv.bam	O2.UC6-2.snv.bam	SAMEA3136631.snv.bam	SAMEA3136635.snv.bam	SAMEA3136642.snv.bam	SAMEA3136662.snv.bam	SAMEA3136708.snv.bam	SAMEA3136720.snv.bam	SAMEA3136737.snv.bam	SAMEA3136741.snv.bam	SZEY-26A.snv.bam	SZEY-35A.snv.bam	T2D-110A.snv.bam	T2D-121A.snv.bam	T2D-122A.snv.bam	T2D-140A.snv.bam	T2D-146A.snv.bam	T2D-148A.snv.bam	T2D-163A.snv.bam	T2D-17A.snv.bam	T2D-51A.snv.bam	T2D-66A.snv.bam	T2D-83A.snv.bam	V1.CD2-0-PT.snv.bam	V1.CD21-0.snv.bam	V1.CD49-0.snv.bam	V1.CD8-0-PN.snv.bam	V1.FI01.snv.bam	V1.FI04.snv.bam	V1.FI19.snv.bam	V1.FI29.snv.bam	V1.FI32.snv.bam	V1.UC33-0.snv.bam	V1.UC35-4.snv.bam	bugkiller-11-2-0.snv.bam	scavenger-11-60-0.snv.bam
BGI-06A.snv.bam	0.0	0.0549738219895	0.0523560209424	0.0759162303665	0.0916230366492	0.102094240838	0.065445026178	0.0706806282723	0.0628272251309	0.0759162303665	0.0602094240838	0.065445026178	0.0916230366492	0.086387434555	0.0706806282723	0.0602094240838	0.0418848167539	0.0706806282723	0.0471204188482	0.0549738219895	0.065445026178	0.0837696335079	0.0759162303665	0.0837696335079	0.0602094240838	0.0314136125654	0.0680628272251	0.0575916230366	0.0890052356021	0.0890052356021	0.0942408376963	0.0916230366492	0.0890052356021	0.0785340314136	0.0732984293194	0.0811518324607	0.0732984293194	0.0392670157068	0.044502617801	0.0942408376963	0.0680628272251	0.0732984293194	0.0235602094241	0.0497382198953	0.0602094240838	0.065445026178	0.112565445026	0.0680628272251	0.0471204188482	0.0602094240838	0.0602094240838	0.044502617801	0.044502617801	0.065445026178	0.0759162303665	0.0811518324607	0.086387434555	0.0759162303665	0.0680628272251	0.0759162303665	0.0759162303665	0.0785340314136	0.0680628272251	0.0418848167539
BGI-33A.snv.bam	0.0549738219895	0.0	0.109947643979	0.112565445026	0.133507853403	0.133507853403	0.107329842932	0.120418848168	0.112565445026	0.109947643979	0.0785340314136	0.107329842932	0.133507853403	0.120418848168	0.107329842932	0.0942408376963	0.0549738219895	0.0994764397906	0.0785340314136	0.104712041885	0.112565445026	0.120418848168	0.128272251309	0.120418848168	0.123036649215	0.0575916230366	0.107329842932	0.107329842932	0.133507853403	0.133507853403	0.11780104712	0.128272251309	0.123036649215	0.112565445026	0.120418848168	0.120418848168	0.123036649215	0.0968586387435	0.0732984293194	0.128272251309	0.0994764397906	0.125654450262	0.0261780104712	0.107329842932	0.112565445026	0.107329842932	0.133507853403	0.086387434555	0.0890052356021	0.0890052356021	0.102094240838	0.0890052356021	0.0785340314136	0.0916230366492	0.115183246073	0.115183246073	0.125654450262	0.11780104712	0.0968586387435	0.109947643979	0.128272251309	0.109947643979	0.0890052356021	0.0759162303665
BGI003A.snv.bam	0.0523560209424	0.109947643979	0.0	0.115183246073	0.167539267016	0.164921465969	0.13612565445	0.125654450262	0.0890052356021	0.141361256545	0.0916230366492	0.130890052356	0.162303664921	0.15445026178	0.143979057592	0.143979057592	0.0968586387435	0.109947643979	0.125654450262	0.112565445026	0.146596858639	0.112565445026	0.0968586387435	0.0994764397906	0.151832460733	0.0942408376963	0.102094240838	0.13612565445	0.175392670157	0.175392670157	0.164921465969	0.159685863874	0.159685863874	0.151832460733	0.149214659686	0.157068062827	0.15445026178	0.115183246073	0.107329842932	0.133507853403	0.128272251309	0.128272251309	0.0392670157068	0.104712041885	0.128272251309	0.11780104712	0.15445026178	0.130890052356	0.109947643979	0.125654450262	0.112565445026	0.130890052356	0.107329842932	0.138743455497	0.143979057592	0.149214659686	0.15445026178	0.15445026178	0.123036649215	0.141361256545	0.157068062827	0.15445026178	0.138743455497	0.0785340314136
BYQ_AAAF.snv.bam	0.0759162303665	0.112565445026	0.115183246073	0.0	0.0994764397906	0.109947643979	0.0916230366492	0.0994764397906	0.11780104712	0.0811518324607	0.0916230366492	0.0994764397906	0.123036649215	0.115183246073	0.0890052356021	0.086387434555	0.0968586387435	0.109947643979	0.0994764397906	0.0680628272251	0.133507853403	0.141361256545	0.146596858639	0.123036649215	0.102094240838	0.0628272251309	0.0942408376963	0.102094240838	0.0968586387435	0.0968586387435	0.107329842932	0.11780104712	0.11780104712	0.0890052356021	0.0916230366492	0.0994764397906	0.104712041885	0.0628272251309	0.0811518324607	0.125654450262	0.0994764397906	0.130890052356	0.0314136125654	0.0890052356021	0.109947643979	0.0811518324607	0.102094240838	0.104712041885	0.086387434555	0.0916230366492	0.0759162303665	0.0968586387435	0.0628272251309	0.0942408376963	0.112565445026	0.112565445026	0.11780104712	0.104712041885	0.086387434555	0.0916230366492	0.102094240838	0.107329842932	0.0811518324607	0.0811518324607
CCIS05314658ST-4-0.snv.bam	0.0916230366492	0.133507853403	0.167539267016	0.0994764397906	0.0	0.0706806282723	0.0811518324607	0.115183246073	0.138743455497	0.0759162303665	0.0942408376963	0.0916230366492	0.0706806282723	0.112565445026	0.0785340314136	0.0785340314136	0.112565445026	0.15445026178	0.0916230366492	0.11780104712	0.130890052356	0.19109947644	0.157068062827	0.164921465969	0.130890052356	0.0732984293194	0.13612565445	0.0759162303665	0.120418848168	0.120418848168	0.109947643979	0.109947643979	0.115183246073	0.0785340314136	0.0549738219895	0.0602094240838	0.0628272251309	0.0549738219895	0.0942408376963	0.128272251309	0.107329842932	0.143979057592	0.0235602094241	0.125654450262	0.115183246073	0.120418848168	0.157068062827	0.11780104712	0.0942408376963	0.0968586387435	0.107329842932	0.0811518324607	0.0732984293194	0.0628272251309	0.112565445026	0.0602094240838	0.065445026178	0.107329842932	0.11780104712	0.0628272251309	0.115183246073	0.11780104712	0.0602094240838	0.0811518324607
CCIS07277498ST-4-0.snv.bam	0.102094240838	0.133507853403	0.164921465969	0.109947643979	0.0706806282723	0.0	0.0785340314136	0.128272251309	0.125654450262	0.0811518324607	0.109947643979	0.112565445026	0.0916230366492	0.112565445026	0.0916230366492	0.109947643979	0.128272251309	0.159685863874	0.112565445026	0.123036649215	0.149214659686	0.193717277487	0.151832460733	0.170157068063	0.143979057592	0.0785340314136	0.133507853403	0.0890052356021	0.109947643979	0.109947643979	0.107329842932	0.120418848168	0.115183246073	0.0968586387435	0.086387434555	0.0680628272251	0.0811518324607	0.0785340314136	0.104712041885	0.143979057592	0.112565445026	0.133507853403	0.0314136125654	0.123036649215	0.133507853403	0.120418848168	0.15445026178	0.112565445026	0.104712041885	0.11780104712	0.104712041885	0.0785340314136	0.065445026178	0.0811518324607	0.0968586387435	0.0471204188482	0.0575916230366	0.0811518324607	0.11780104712	0.0706806282723	0.11780104712	0.115183246073	0.0602094240838	0.107329842932
CCIS22275061ST-4-0.snv.bam	0.065445026178	0.107329842932	0.13612565445	0.0916230366492	0.0811518324607	0.0785340314136	0.0	0.0942408376963	0.128272251309	0.0968586387435	0.0994764397906	0.0287958115183	0.086387434555	0.0366492146597	0.0287958115183	0.0549738219895	0.0994764397906	0.125654450262	0.0811518324607	0.0994764397906	0.115183246073	0.149214659686	0.120418848168	0.130890052356	0.107329842932	0.0523560209424	0.107329842932	0.0680628272251	0.0837696335079	0.0837696335079	0.0366492146597	0.0497382198953	0.0366492146597	0.0418848167539	0.0837696335079	0.0418848167539	0.0602094240838	0.0287958115183	0.0916230366492	0.123036649215	0.0785340314136	0.120418848168	0.0287958115183	0.086387434555	0.109947643979	0.0916230366492	0.115183246073	0.0968586387435	0.0837696335079	0.0811518324607	0.086387434555	0.0732984293194	0.0418848167539	0.0602094240838	0.0759162303665	0.0549738219895	0.0811518324607	0.0523560209424	0.0994764397906	0.0418848167539	0.0916230366492	0.044502617801	0.0392670157068	0.0916230366492
CCIS27927933ST-4-0.snv.bam	0.0706806282723	0.120418848168	0.125654450262	0.0994764397906	0.115183246073	0.128272251309	0.0942408376963	0.0	0.123036649215	0.112565445026	0.086387434555	0.107329842932	0.112565445026	0.128272251309	0.0994764397906	0.0890052356021	0.112565445026	0.125654450262	0.0942408376963	0.112565445026	0.125654450262	0.175392670157	0.109947643979	0.159685863874	0.115183246073	0.0575916230366	0.13612565445	0.104712041885	0.107329842932	0.107329842932	0.13612565445	0.130890052356	0.130890052356	0.102094240838	0.102094240838	0.107329842932	0.104712041885	0.0811518324607	0.0837696335079	0.125654450262	0.104712041885	0.11780104712	0.0314136125654	0.0942408376963	0.107329842932	0.115183246073	0.141361256545	0.107329842932	0.0890052356021	0.0759162303665	0.0732984293194	0.086387434555	0.0785340314136	0.0994764397906	0.102094240838	0.123036649215	0.123036649215	0.11780104712	0.0968586387435	0.0942408376963	0.0890052356021	0.123036649215	0.107329842932	0.0942408376963
CCIS36699628ST-4-0.snv.bam	0.0628272251309	0.112565445026	0.0890052356021	0.11780104712	0.138743455497	0.125654450262	0.128272251309	0.123036649215	0.0	0.123036649215	0.0916230366492	0.125654450262	0.151832460733	0.146596858639	0.128272251309	0.128272251309	0.107329842932	0.125654450262	0.130890052356	0.11780104712	0.13612565445	0.128272251309	0.125654450262	0.125654450262	0.151832460733	0.0890052356021	0.0890052356021	0.125654450262	0.143979057592	0.143979057592	0.143979057592	0.151832460733	0.149214659686	0.130890052356	0.133507853403	0.143979057592	0.138743455497	0.102094240838	0.107329842932	0.130890052356	0.125654450262	0.141361256545	0.0392670157068	0.123036649215	0.120418848168	0.133507853403	0.138743455497	0.130890052356	0.109947643979	0.104712041885	0.102094240838	0.123036649215	0.0942408376963	0.133507853403	0.125654450262	0.130890052356	0.133507853403	0.11780104712	0.138743455497	0.13612565445	0.120418848168	0.133507853403	0.11780104712	0.0523560209424
CCIS50003399ST-4-0.snv.bam	0.0759162303665	0.109947643979	0.141361256545	0.0811518324607	0.0759162303665	0.0811518324607	0.0968586387435	0.112565445026	0.123036649215	0.0	0.0759162303665	0.0916230366492	0.0785340314136	0.115183246073	0.0968586387435	0.104712041885	0.0916230366492	0.133507853403	0.0916230366492	0.0942408376963	0.143979057592	0.159685863874	0.143979057592	0.13612565445	0.128272251309	0.0471204188482	0.109947643979	0.102094240838	0.107329842932	0.107329842932	0.102094240838	0.112565445026	0.11780104712	0.0942408376963	0.0523560209424	0.0785340314136	0.0811518324607	0.0680628272251	0.086387434555	0.141361256545	0.0890052356021	0.130890052356	0.0314136125654	0.102094240838	0.086387434555	0.0916230366492	0.128272251309	0.102094240838	0.086387434555	0.0994764397906	0.0890052356021	0.0628272251309	0.0575916230366	0.0916230366492	0.0942408376963	0.0628272251309	0.0680628272251	0.104712041885	0.102094240838	0.086387434555	0.112565445026	0.0994764397906	0.0628272251309	0.0759162303665
CCIS59132091ST-4-0.snv.bam	0.0602094240838	0.0785340314136	0.0916230366492	0.0916230366492	0.0942408376963	0.109947643979	0.0994764397906	0.086387434555	0.0916230366492	0.0759162303665	0.0	0.0942408376963	0.0994764397906	0.120418848168	0.104712041885	0.104712041885	0.0706806282723	0.102094240838	0.0837696335079	0.086387434555	0.13612565445	0.138743455497	0.11780104712	0.104712041885	0.130890052356	0.044502617801	0.0916230366492	0.104712041885	0.115183246073	0.115183246073	0.115183246073	0.123036649215	0.123036649215	0.102094240838	0.0785340314136	0.107329842932	0.0968586387435	0.0549738219895	0.0759162303665	0.0968586387435	0.0811518324607	0.107329842932	0.0261780104712	0.104712041885	0.0890052356021	0.0968586387435	0.141361256545	0.0890052356021	0.0680628272251	0.0706806282723	0.0811518324607	0.0759162303665	0.0628272251309	0.0994764397906	0.086387434555	0.0890052356021	0.0916230366492	0.109947643979	0.0994764397906	0.102094240838	0.109947643979	0.112565445026	0.0759162303665	0.0732984293194
CCIS78100604ST-4-0.snv.bam	0.065445026178	0.107329842932	0.130890052356	0.0994764397906	0.0916230366492	0.112565445026	0.0287958115183	0.107329842932	0.125654450262	0.0916230366492	0.0942408376963	0.0	0.112565445026	0.0314136125654	0.0340314136126	0.0785340314136	0.0968586387435	0.13612565445	0.0732984293194	0.102094240838	0.133507853403	0.159685863874	0.128272251309	0.138743455497	0.128272251309	0.0523560209424	0.120418848168	0.0732984293194	0.115183246073	0.115183246073	0.0523560209424	0.0366492146597	0.0314136125654	0.0575916230366	0.0837696335079	0.0759162303665	0.0759162303665	0.0392670157068	0.0890052356021	0.125654450262	0.0811518324607	0.120418848168	0.0287958115183	0.0968586387435	0.0968586387435	0.0916230366492	0.112565445026	0.107329842932	0.0811518324607	0.0890052356021	0.0968586387435	0.0916230366492	0.0602094240838	0.0811518324607	0.0942408376963	0.0837696335079	0.0994764397906	0.086387434555	0.112565445026	0.0811518324607	0.107329842932	0.0523560209424	0.0549738219895	0.086387434555
CCIS81735969ST-20-0.snv.bam	0.0916230366492	0.133507853403	0.162303664921	0.123036649215	0.0706806282723	0.0916230366492	0.086387434555	0.112565445026	0.151832460733	0.0785340314136	0.0994764397906	0.112565445026	0.0	0.128272251309	0.104712041885	0.120418848168	0.120418848168	0.141361256545	0.104712041885	0.120418848168	0.138743455497	0.19109947644	0.143979057592	0.167539267016	0.138743455497	0.0811518324607	0.125654450262	0.107329842932	0.123036649215	0.123036649215	0.11780104712	0.125654450262	0.130890052356	0.102094240838	0.0680628272251	0.0680628272251	0.0680628272251	0.0602094240838	0.102094240838	0.151832460733	0.0994764397906	0.157068062827	0.0366492146597	0.11780104712	0.133507853403	0.128272251309	0.170157068063	0.115183246073	0.0968586387435	0.115183246073	0.109947643979	0.0785340314136	0.0785340314136	0.0916230366492	0.109947643979	0.0680628272251	0.0732984293194	0.115183246073	0.125654450262	0.0732984293194	0.133507853403	0.133507853403	0.0785340314136	0.102094240838
CCIS94496512ST-4-0.snv.bam	0.086387434555	0.120418848168	0.15445026178	0.115183246073	0.112565445026	0.112565445026	0.0366492146597	0.128272251309	0.146596858639	0.115183246073	0.120418848168	0.0314136125654	0.128272251309	0.0	0.0471204188482	0.086387434555	0.11780104712	0.149214659686	0.0994764397906	0.120418848168	0.149214659686	0.175392670157	0.141361256545	0.157068062827	0.138743455497	0.0680628272251	0.143979057592	0.0942408376963	0.125654450262	0.125654450262	0.0392670157068	0.0418848167539	0.0	0.0759162303665	0.115183246073	0.0837696335079	0.0942408376963	0.0602094240838	0.112565445026	0.146596858639	0.107329842932	0.138743455497	0.0340314136126	0.11780104712	0.120418848168	0.123036649215	0.138743455497	0.125654450262	0.104712041885	0.109947643979	0.112565445026	0.104712041885	0.0732984293194	0.0890052356021	0.120418848168	0.0890052356021	0.123036649215	0.0837696335079	0.125654450262	0.0811518324607	0.120418848168	0.0523560209424	0.0680628272251	0.0968586387435
CCIS95097901ST-4-0.snv.bam	0.0706806282723	0.107329842932	0.143979057592	0.0890052356021	0.0785340314136	0.0916230366492	0.0287958115183	0.0994764397906	0.128272251309	0.0968586387435	0.104712041885	0.0340314136126	0.104712041885	0.0471204188482	0.0	0.0628272251309	0.0994764397906	0.125654450262	0.0759162303665	0.104712041885	0.123036649215	0.170157068063	0.128272251309	0.151832460733	0.107329842932	0.0497382198953	0.11780104712	0.065445026178	0.0994764397906	0.0994764397906	0.0549738219895	0.0392670157068	0.0471204188482	0.0497382198953	0.0890052356021	0.0497382198953	0.0628272251309	0.0418848167539	0.0916230366492	0.11780104712	0.0890052356021	0.112565445026	0.0287958115183	0.0968586387435	0.109947643979	0.0916230366492	0.123036649215	0.102094240838	0.0890052356021	0.0811518324607	0.0837696335079	0.0811518324607	0.0497382198953	0.0680628272251	0.0942408376963	0.0785340314136	0.0916230366492	0.0811518324607	0.107329842932	0.0497382198953	0.0942408376963	0.0628272251309	0.044502617801	0.0706806282723
CCMD26925580ST-21-0.snv.bam	0.0602094240838	0.0942408376963	0.143979057592	0.086387434555	0.0785340314136	0.109947643979	0.0549738219895	0.0890052356021	0.128272251309	0.104712041885	0.104712041885	0.0785340314136	0.120418848168	0.086387434555	0.0628272251309	0.0	0.0890052356021	0.120418848168	0.0759162303665	0.102094240838	0.0994764397906	0.15445026178	0.125654450262	0.141361256545	0.0890052356021	0.0523560209424	0.109947643979	0.0628272251309	0.0942408376963	0.0942408376963	0.0837696335079	0.0890052356021	0.0890052356021	0.0785340314136	0.0968586387435	0.0811518324607	0.0942408376963	0.0575916230366	0.0811518324607	0.13612565445	0.0994764397906	0.120418848168	0.0235602094241	0.0837696335079	0.115183246073	0.0890052356021	0.130890052356	0.0942408376963	0.086387434555	0.0811518324607	0.0916230366492	0.0680628272251	0.0549738219895	0.0549738219895	0.086387434555	0.102094240838	0.0968586387435	0.0994764397906	0.0916230366492	0.0785340314136	0.0811518324607	0.0759162303665	0.0837696335079	0.0785340314136
DLF009.snv.bam	0.0418848167539	0.0549738219895	0.0968586387435	0.0968586387435	0.112565445026	0.128272251309	0.0994764397906	0.112565445026	0.107329842932	0.0916230366492	0.0706806282723	0.0968586387435	0.120418848168	0.11780104712	0.0994764397906	0.0890052356021	0.0	0.086387434555	0.0785340314136	0.086387434555	0.104712041885	0.130890052356	0.13612565445	0.0732984293194	0.102094240838	0.0471204188482	0.0759162303665	0.0916230366492	0.120418848168	0.120418848168	0.112565445026	0.11780104712	0.120418848168	0.104712041885	0.0968586387435	0.11780104712	0.11780104712	0.0759162303665	0.0706806282723	0.115183246073	0.0942408376963	0.115183246073	0.0183246073298	0.0968586387435	0.104712041885	0.086387434555	0.130890052356	0.107329842932	0.0837696335079	0.086387434555	0.0942408376963	0.0628272251309	0.0732984293194	0.0837696335079	0.102094240838	0.107329842932	0.107329842932	0.104712041885	0.086387434555	0.112565445026	0.115183246073	0.0994764397906	0.0811518324607	0.0602094240838
DLM012.snv.bam	0.0706806282723	0.0994764397906	0.109947643979	0.109947643979	0.15445026178	0.159685863874	0.125654450262	0.125654450262	0.125654450262	0.133507853403	0.102094240838	0.13612565445	0.141361256545	0.149214659686	0.125654450262	0.120418848168	0.086387434555	0.0	0.107329842932	0.0968586387435	0.128272251309	0.138743455497	0.15445026178	0.115183246073	0.123036649215	0.0890052356021	0.0811518324607	0.125654450262	0.151832460733	0.151832460733	0.15445026178	0.159685863874	0.151832460733	0.141361256545	0.143979057592	0.141361256545	0.13612565445	0.102094240838	0.112565445026	0.115183246073	0.107329842932	0.141361256545	0.0314136125654	0.0890052356021	0.125654450262	0.086387434555	0.162303664921	0.102094240838	0.120418848168	0.107329842932	0.104712041885	0.107329842932	0.102094240838	0.125654450262	0.133507853403	0.13612565445	0.141361256545	0.13612565445	0.11780104712	0.123036649215	0.133507853403	0.13612565445	0.128272251309	0.0811518324607
DLM027.snv.bam	0.0471204188482	0.0785340314136	0.125654450262	0.0994764397906	0.0916230366492	0.112565445026	0.0811518324607	0.0942408376963	0.130890052356	0.0916230366492	0.0837696335079	0.0732984293194	0.104712041885	0.0994764397906	0.0759162303665	0.0759162303665	0.0785340314136	0.107329842932	0.0	0.0811518324607	0.086387434555	0.120418848168	0.123036649215	0.125654450262	0.0916230366492	0.0366492146597	0.115183246073	0.0759162303665	0.120418848168	0.120418848168	0.0994764397906	0.0968586387435	0.102094240838	0.0890052356021	0.0890052356021	0.0994764397906	0.0837696335079	0.0602094240838	0.0759162303665	0.130890052356	0.0890052356021	0.115183246073	0.0287958115183	0.0837696335079	0.0916230366492	0.086387434555	0.123036649215	0.0942408376963	0.0628272251309	0.0837696335079	0.0759162303665	0.0732984293194	0.065445026178	0.0680628272251	0.0916230366492	0.0994764397906	0.0916230366492	0.0994764397906	0.0968586387435	0.086387434555	0.104712041885	0.0916230366492	0.0732984293194	0.0916230366492
DOF008.snv.bam	0.0549738219895	0.104712041885	0.112565445026	0.0680628272251	0.11780104712	0.123036649215	0.0994764397906	0.112565445026	0.11780104712	0.0942408376963	0.086387434555	0.102094240838	0.120418848168	0.120418848168	0.104712041885	0.102094240838	0.086387434555	0.0968586387435	0.0811518324607	0.0	0.123036649215	0.159685863874	0.130890052356	0.125654450262	0.102094240838	0.0523560209424	0.086387434555	0.104712041885	0.125654450262	0.125654450262	0.112565445026	0.123036649215	0.123036649215	0.112565445026	0.0994764397906	0.115183246073	0.120418848168	0.0680628272251	0.0680628272251	0.128272251309	0.086387434555	0.120418848168	0.0287958115183	0.0759162303665	0.0994764397906	0.065445026178	0.130890052356	0.0994764397906	0.0811518324607	0.0994764397906	0.0785340314136	0.0942408376963	0.0732984293194	0.0968586387435	0.112565445026	0.104712041885	0.115183246073	0.112565445026	0.086387434555	0.0994764397906	0.115183246073	0.112565445026	0.0890052356021	0.0759162303665
ED12A.snv.bam	0.065445026178	0.112565445026	0.146596858639	0.133507853403	0.130890052356	0.149214659686	0.115183246073	0.125654450262	0.13612565445	0.143979057592	0.13612565445	0.133507853403	0.138743455497	0.149214659686	0.123036649215	0.0994764397906	0.104712041885	0.128272251309	0.086387434555	0.123036649215	0.0	0.133507853403	0.133507853403	0.146596858639	0.0942408376963	0.0916230366492	0.125654450262	0.0890052356021	0.141361256545	0.138743455497	0.151832460733	0.151832460733	0.151832460733	0.125654450262	0.133507853403	0.11780104712	0.115183246073	0.102094240838	0.120418848168	0.157068062827	0.120418848168	0.138743455497	0.0392670157068	0.125654450262	0.13612565445	0.120418848168	0.170157068063	0.112565445026	0.115183246073	0.133507853403	0.123036649215	0.0942408376963	0.0942408376963	0.0968586387435	0.123036649215	0.133507853403	0.128272251309	0.128272251309	0.123036649215	0.107329842932	0.130890052356	0.141361256545	0.128272251309	0.0968586387435
ED19A.snv.bam	0.0837696335079	0.120418848168	0.112565445026	0.141361256545	0.19109947644	0.193717277487	0.149214659686	0.175392670157	0.128272251309	0.159685863874	0.138743455497	0.159685863874	0.19109947644	0.175392670157	0.170157068063	0.15445026178	0.130890052356	0.138743455497	0.120418848168	0.159685863874	0.133507853403	0.0	0.167539267016	0.125654450262	0.159685863874	0.123036649215	0.13612565445	0.143979057592	0.180628272251	0.180628272251	0.183246073298	0.185863874346	0.175392670157	0.167539267016	0.180628272251	0.180628272251	0.164921465969	0.146596858639	0.151832460733	0.19109947644	0.170157068063	0.19109947644	0.0602094240838	0.128272251309	0.17277486911	0.151832460733	0.178010471204	0.162303664921	0.151832460733	0.164921465969	0.141361256545	0.141361256545	0.128272251309	0.143979057592	0.167539267016	0.17277486911	0.180628272251	0.167539267016	0.164921465969	0.15445026178	0.185863874346	0.17277486911	0.162303664921	0.0994764397906
ED50A.snv.bam	0.0759162303665	0.128272251309	0.0968586387435	0.146596858639	0.157068062827	0.151832460733	0.120418848168	0.109947643979	0.125654450262	0.143979057592	0.11780104712	0.128272251309	0.143979057592	0.141361256545	0.128272251309	0.125654450262	0.13612565445	0.15445026178	0.123036649215	0.130890052356	0.133507853403	0.167539267016	0.0	0.133507853403	0.130890052356	0.0785340314136	0.146596858639	0.11780104712	0.15445026178	0.15445026178	0.149214659686	0.151832460733	0.141361256545	0.141361256545	0.138743455497	0.143979057592	0.133507853403	0.0968586387435	0.0994764397906	0.149214659686	0.107329842932	0.138743455497	0.0523560209424	0.120418848168	0.11780104712	0.125654450262	0.15445026178	0.112565445026	0.109947643979	0.125654450262	0.102094240838	0.109947643979	0.102094240838	0.123036649215	0.112565445026	0.133507853403	0.130890052356	0.133507853403	0.102094240838	0.11780104712	0.130890052356	0.143979057592	0.130890052356	0.0994764397906
HT8A.snv.bam	0.0837696335079	0.120418848168	0.0994764397906	0.123036649215	0.164921465969	0.170157068063	0.130890052356	0.159685863874	0.125654450262	0.13612565445	0.104712041885	0.138743455497	0.167539267016	0.157068062827	0.151832460733	0.141361256545	0.0732984293194	0.115183246073	0.125654450262	0.125654450262	0.146596858639	0.125654450262	0.133507853403	0.0	0.143979057592	0.0994764397906	0.107329842932	0.120418848168	0.162303664921	0.162303664921	0.164921465969	0.164921465969	0.159685863874	0.143979057592	0.151832460733	0.162303664921	0.159685863874	0.107329842932	0.125654450262	0.15445026178	0.130890052356	0.167539267016	0.0392670157068	0.123036649215	0.13612565445	0.123036649215	0.162303664921	0.13612565445	0.123036649215	0.125654450262	0.133507853403	0.128272251309	0.107329842932	0.143979057592	0.138743455497	0.146596858639	0.146596858639	0.151832460733	0.125654450262	0.149214659686	0.164921465969	0.149214659686	0.13612565445	0.102094240838
N075A.snv.bam	0.0602094240838	0.123036649215	0.151832460733	0.102094240838	0.130890052356	0.143979057592	0.107329842932	0.115183246073	0.151832460733	0.128272251309	0.130890052356	0.128272251309	0.138743455497	0.138743455497	0.107329842932	0.0890052356021	0.102094240838	0.123036649215	0.0916230366492	0.102094240838	0.0942408376963	0.159685863874	0.130890052356	0.143979057592	0.0	0.0837696335079	0.120418848168	0.0968586387435	0.123036649215	0.123036649215	0.13612565445	0.141361256545	0.141361256545	0.11780104712	0.123036649215	0.112565445026	0.115183246073	0.0968586387435	0.107329842932	0.151832460733	0.123036649215	0.128272251309	0.0392670157068	0.109947643979	0.11780104712	0.0994764397906	0.167539267016	0.123036649215	0.115183246073	0.112565445026	0.104712041885	0.0680628272251	0.0890052356021	0.0890052356021	0.11780104712	0.128272251309	0.138743455497	0.120418848168	0.0916230366492	0.0942408376963	0.104712041885	0.120418848168	0.123036649215	0.086387434555
NLM027.snv.bam	0.0314136125654	0.0575916230366	0.0942408376963	0.0628272251309	0.0732984293194	0.0785340314136	0.0523560209424	0.0575916230366	0.0890052356021	0.0471204188482	0.044502617801	0.0523560209424	0.0811518324607	0.0680628272251	0.0497382198953	0.0523560209424	0.0471204188482	0.0890052356021	0.0366492146597	0.0523560209424	0.0916230366492	0.123036649215	0.0785340314136	0.0994764397906	0.0837696335079	0.0	0.0759162303665	0.0549738219895	0.0785340314136	0.0785340314136	0.0628272251309	0.065445026178	0.0706806282723	0.065445026178	0.0549738219895	0.0680628272251	0.0602094240838	0.0314136125654	0.0314136125654	0.0968586387435	0.0497382198953	0.0837696335079	0.020942408377	0.0628272251309	0.0575916230366	0.0471204188482	0.0837696335079	0.0602094240838	0.044502617801	0.0392670157068	0.0366492146597	0.0340314136126	0.0314136125654	0.0497382198953	0.0497382198953	0.065445026178	0.0575916230366	0.0680628272251	0.0602094240838	0.065445026178	0.0628272251309	0.0497382198953	0.0340314136126	0.0549738219895
NOM027.snv.bam	0.0680628272251	0.107329842932	0.102094240838	0.0942408376963	0.13612565445	0.133507853403	0.107329842932	0.13612565445	0.0890052356021	0.109947643979	0.0916230366492	0.120418848168	0.125654450262	0.143979057592	0.11780104712	0.109947643979	0.0759162303665	0.0811518324607	0.115183246073	0.086387434555	0.125654450262	0.13612565445	0.146596858639	0.107329842932	0.120418848168	0.0759162303665	0.0	0.112565445026	0.138743455497	0.138743455497	0.130890052356	0.141361256545	0.146596858639	0.130890052356	0.11780104712	0.123036649215	0.123036649215	0.0837696335079	0.0994764397906	0.13612565445	0.0890052356021	0.15445026178	0.0261780104712	0.0837696335079	0.128272251309	0.0837696335079	0.141361256545	0.112565445026	0.115183246073	0.107329842932	0.0994764397906	0.0968586387435	0.0837696335079	0.109947643979	0.109947643979	0.11780104712	0.112565445026	0.123036649215	0.109947643979	0.11780104712	0.125654450262	0.125654450262	0.107329842932	0.0628272251309
O2.UC19-1.snv.bam	0.0575916230366	0.107329842932	0.13612565445	0.102094240838	0.0759162303665	0.0890052356021	0.0680628272251	0.104712041885	0.125654450262	0.102094240838	0.104712041885	0.0732984293194	0.107329842932	0.0942408376963	0.065445026178	0.0628272251309	0.0916230366492	0.125654450262	0.0759162303665	0.104712041885	0.0890052356021	0.143979057592	0.11780104712	0.120418848168	0.0968586387435	0.0549738219895	0.112565445026	0.0	0.0994764397906	0.0994764397906	0.0890052356021	0.0890052356021	0.0942408376963	0.0759162303665	0.0890052356021	0.0732984293194	0.0759162303665	0.0471204188482	0.0837696335079	0.125654450262	0.0942408376963	0.112565445026	0.0287958115183	0.102094240838	0.0968586387435	0.0916230366492	0.130890052356	0.0942408376963	0.0759162303665	0.086387434555	0.0968586387435	0.0575916230366	0.0549738219895	0.0418848167539	0.086387434555	0.0811518324607	0.0706806282723	0.065445026178	0.0968586387435	0.0680628272251	0.0706806282723	0.086387434555	0.0759162303665	0.086387434555
O2.UC6-1.snv.bam	0.0890052356021	0.133507853403	0.175392670157	0.0968586387435	0.120418848168	0.109947643979	0.0837696335079	0.107329842932	0.143979057592	0.107329842932	0.115183246073	0.115183246073	0.123036649215	0.125654450262	0.0994764397906	0.0942408376963	0.120418848168	0.151832460733	0.120418848168	0.125654450262	0.141361256545	0.180628272251	0.15445026178	0.162303664921	0.123036649215	0.0785340314136	0.138743455497	0.0994764397906	0.0	0.0	0.11780104712	0.138743455497	0.128272251309	0.0968586387435	0.104712041885	0.0968586387435	0.104712041885	0.0811518324607	0.11780104712	0.162303664921	0.123036649215	0.149214659686	0.0287958115183	0.120418848168	0.13612565445	0.123036649215	0.167539267016	0.125654450262	0.107329842932	0.115183246073	0.115183246073	0.0759162303665	0.0628272251309	0.0811518324607	0.104712041885	0.109947643979	0.125654450262	0.0785340314136	0.130890052356	0.0759162303665	0.086387434555	0.120418848168	0.0942408376963	0.0942408376963
O2.UC6-2.snv.bam	0.0890052356021	0.133507853403	0.175392670157	0.0968586387435	0.120418848168	0.109947643979	0.0837696335079	0.107329842932	0.143979057592	0.107329842932	0.115183246073	0.115183246073	0.123036649215	0.125654450262	0.0994764397906	0.0942408376963	0.120418848168	0.151832460733	0.120418848168	0.125654450262	0.138743455497	0.180628272251	0.15445026178	0.162303664921	0.123036649215	0.0785340314136	0.138743455497	0.0994764397906	0.0	0.0	0.11780104712	0.138743455497	0.128272251309	0.0968586387435	0.104712041885	0.0968586387435	0.102094240838	0.0811518324607	0.11780104712	0.159685863874	0.123036649215	0.149214659686	0.0287958115183	0.120418848168	0.13612565445	0.123036649215	0.167539267016	0.123036649215	0.107329842932	0.115183246073	0.115183246073	0.0759162303665	0.0628272251309	0.0811518324607	0.104712041885	0.109947643979	0.125654450262	0.0785340314136	0.130890052356	0.0732984293194	0.086387434555	0.120418848168	0.0942408376963	0.0942408376963
SAMEA3136631.snv.bam	0.0942408376963	0.11780104712	0.164921465969	0.107329842932	0.109947643979	0.107329842932	0.0366492146597	0.13612565445	0.143979057592	0.102094240838	0.115183246073	0.0523560209424	0.11780104712	0.0392670157068	0.0549738219895	0.0837696335079	0.112565445026	0.15445026178	0.0994764397906	0.112565445026	0.151832460733	0.183246073298	0.149214659686	0.164921465969	0.13612565445	0.0628272251309	0.130890052356	0.0890052356021	0.11780104712	0.11780104712	0.0	0.0628272251309	0.0418848167539	0.0785340314136	0.0968586387435	0.0811518324607	0.0968586387435	0.0497382198953	0.115183246073	0.149214659686	0.0942408376963	0.15445026178	0.0392670157068	0.120418848168	0.123036649215	0.120418848168	0.143979057592	0.123036649215	0.0994764397906	0.112565445026	0.109947643979	0.0994764397906	0.0680628272251	0.0732984293194	0.107329842932	0.086387434555	0.112565445026	0.0837696335079	0.120418848168	0.0837696335079	0.125654450262	0.0287958115183	0.0602094240838	0.0994764397906
SAMEA3136635.snv.bam	0.0916230366492	0.128272251309	0.159685863874	0.11780104712	0.109947643979	0.120418848168	0.0497382198953	0.130890052356	0.151832460733	0.112565445026	0.123036649215	0.0366492146597	0.125654450262	0.0418848167539	0.0392670157068	0.0890052356021	0.11780104712	0.159685863874	0.0968586387435	0.123036649215	0.151832460733	0.185863874346	0.151832460733	0.164921465969	0.141361256545	0.065445026178	0.141361256545	0.0890052356021	0.138743455497	0.138743455497	0.0628272251309	0.0	0.0418848167539	0.0523560209424	0.0942408376963	0.0732984293194	0.0968586387435	0.0575916230366	0.109947643979	0.143979057592	0.104712041885	0.138743455497	0.0340314136126	0.125654450262	0.123036649215	0.115183246073	0.125654450262	0.123036649215	0.104712041885	0.107329842932	0.109947643979	0.109947643979	0.0680628272251	0.0837696335079	0.128272251309	0.0994764397906	0.112565445026	0.107329842932	0.130890052356	0.0785340314136	0.120418848168	0.065445026178	0.0706806282723	0.0994764397906
SAMEA3136642.snv.bam	0.0890052356021	0.123036649215	0.159685863874	0.11780104712	0.115183246073	0.115183246073	0.0366492146597	0.130890052356	0.149214659686	0.11780104712	0.123036649215	0.0314136125654	0.130890052356	0.0	0.0471204188482	0.0890052356021	0.120418848168	0.151832460733	0.102094240838	0.123036649215	0.151832460733	0.175392670157	0.141361256545	0.159685863874	0.141361256545	0.0706806282723	0.146596858639	0.0942408376963	0.128272251309	0.128272251309	0.0418848167539	0.0418848167539	0.0	0.0785340314136	0.11780104712	0.086387434555	0.0968586387435	0.0628272251309	0.115183246073	0.149214659686	0.109947643979	0.143979057592	0.0366492146597	0.120418848168	0.123036649215	0.125654450262	0.141361256545	0.128272251309	0.109947643979	0.112565445026	0.115183246073	0.107329842932	0.0759162303665	0.0916230366492	0.123036649215	0.0916230366492	0.123036649215	0.086387434555	0.128272251309	0.0837696335079	0.123036649215	0.0549738219895	0.0706806282723	0.0994764397906
SAMEA3136662.snv.bam	0.0785340314136	0.112565445026	0.151832460733	0.0890052356021	0.0785340314136	0.0968586387435	0.0418848167539	0.102094240838	0.130890052356	0.0942408376963	0.102094240838	0.0575916230366	0.102094240838	0.0759162303665	0.0497382198953	0.0785340314136	0.104712041885	0.141361256545	0.0890052356021	0.112565445026	0.125654450262	0.167539267016	0.141361256545	0.143979057592	0.11780104712	0.065445026178	0.130890052356	0.0759162303665	0.0968586387435	0.0968586387435	0.0785340314136	0.0523560209424	0.0785340314136	0.0	0.0706806282723	0.0549738219895	0.0732984293194	0.0418848167539	0.102094240838	0.120418848168	0.0968586387435	0.133507853403	0.0314136125654	0.115183246073	0.11780104712	0.109947643979	0.141361256545	0.115183246073	0.0968586387435	0.0890052356021	0.0942408376963	0.0916230366492	0.0575916230366	0.0628272251309	0.107329842932	0.0811518324607	0.102094240838	0.0785340314136	0.102094240838	0.0549738219895	0.0942408376963	0.0837696335079	0.0523560209424	0.0916230366492
SAMEA3136708.snv.bam	0.0732984293194	0.120418848168	0.149214659686	0.0916230366492	0.0549738219895	0.086387434555	0.0837696335079	0.102094240838	0.133507853403	0.0523560209424	0.0785340314136	0.0837696335079	0.0680628272251	0.115183246073	0.0890052356021	0.0968586387435	0.0968586387435	0.143979057592	0.0890052356021	0.0994764397906	0.133507853403	0.180628272251	0.138743455497	0.151832460733	0.123036649215	0.0549738219895	0.11780104712	0.0890052356021	0.104712041885	0.104712041885	0.0968586387435	0.0942408376963	0.11780104712	0.0706806282723	0.0	0.0680628272251	0.0549738219895	0.0497382198953	0.086387434555	0.128272251309	0.0785340314136	0.13612565445	0.0261780104712	0.107329842932	0.0994764397906	0.102094240838	0.138743455497	0.112565445026	0.0706806282723	0.0994764397906	0.0994764397906	0.065445026178	0.0706806282723	0.0759162303665	0.0942408376963	0.0680628272251	0.0680628272251	0.0994764397906	0.107329842932	0.0732984293194	0.102094240838	0.109947643979	0.0602094240838	0.0837696335079
SAMEA3136720.snv.bam	0.0811518324607	0.120418848168	0.157068062827	0.0994764397906	0.0602094240838	0.0680628272251	0.0418848167539	0.107329842932	0.143979057592	0.0785340314136	0.107329842932	0.0759162303665	0.0680628272251	0.0837696335079	0.0497382198953	0.0811518324607	0.11780104712	0.141361256545	0.0994764397906	0.115183246073	0.11780104712	0.180628272251	0.143979057592	0.162303664921	0.112565445026	0.0680628272251	0.123036649215	0.0732984293194	0.0968586387435	0.0968586387435	0.0811518324607	0.0732984293194	0.086387434555	0.0549738219895	0.0680628272251	0.0	0.0497382198953	0.0471204188482	0.107329842932	0.130890052356	0.0890052356021	0.13612565445	0.0366492146597	0.107329842932	0.11780104712	0.107329842932	0.151832460733	0.0968586387435	0.102094240838	0.0994764397906	0.0994764397906	0.0732984293194	0.0523560209424	0.0680628272251	0.104712041885	0.0523560209424	0.0680628272251	0.086387434555	0.112565445026	0.0340314136126	0.0916230366492	0.0890052356021	0.0628272251309	0.0811518324607
SAMEA3136737.snv.bam	0.0732984293194	0.123036649215	0.15445026178	0.104712041885	0.0628272251309	0.0811518324607	0.0602094240838	0.104712041885	0.138743455497	0.0811518324607	0.0968586387435	0.0759162303665	0.0680628272251	0.0942408376963	0.0628272251309	0.0942408376963	0.11780104712	0.13612565445	0.0837696335079	0.120418848168	0.115183246073	0.164921465969	0.133507853403	0.159685863874	0.115183246073	0.0602094240838	0.123036649215	0.0759162303665	0.104712041885	0.102094240838	0.0968586387435	0.0968586387435	0.0968586387435	0.0732984293194	0.0549738219895	0.0497382198953	0.0	0.0497382198953	0.104712041885	0.125654450262	0.0916230366492	0.13612565445	0.0340314136126	0.109947643979	0.112565445026	0.112565445026	0.149214659686	0.112565445026	0.0916230366492	0.0968586387435	0.0942408376963	0.065445026178	0.0628272251309	0.0759162303665	0.0916230366492	0.0602094240838	0.0732984293194	0.0890052356021	0.112565445026	0.0471204188482	0.0994764397906	0.109947643979	0.0628272251309	0.0837696335079
SAMEA3136741.snv.bam	0.0392670157068	0.0968586387435	0.115183246073	0.0628272251309	0.0549738219895	0.0785340314136	0.0287958115183	0.0811518324607	0.102094240838	0.0680628272251	0.0549738219895	0.0392670157068	0.0602094240838	0.0602094240838	0.0418848167539	0.0575916230366	0.0759162303665	0.102094240838	0.0602094240838	0.0680628272251	0.102094240838	0.146596858639	0.0968586387435	0.107329842932	0.0968586387435	0.0314136125654	0.0837696335079	0.0471204188482	0.0811518324607	0.0811518324607	0.0497382198953	0.0575916230366	0.0628272251309	0.0418848167539	0.0497382198953	0.0471204188482	0.0497382198953	0.0	0.0628272251309	0.0916230366492	0.044502617801	0.107329842932	0.0235602094241	0.0732984293194	0.0732984293194	0.0706806282723	0.107329842932	0.0680628272251	0.0523560209424	0.0549738219895	0.0680628272251	0.0628272251309	0.0418848167539	0.0497382198953	0.065445026178	0.0575916230366	0.0575916230366	0.0680628272251	0.0785340314136	0.0497382198953	0.0759162303665	0.065445026178	0.0366492146597	0.0759162303665
SZEY-26A.snv.bam	0.044502617801	0.0732984293194	0.107329842932	0.0811518324607	0.0942408376963	0.104712041885	0.0916230366492	0.0837696335079	0.107329842932	0.086387434555	0.0759162303665	0.0890052356021	0.102094240838	0.112565445026	0.0916230366492	0.0811518324607	0.0706806282723	0.112565445026	0.0759162303665	0.0680628272251	0.120418848168	0.151832460733	0.0994764397906	0.125654450262	0.107329842932	0.0314136125654	0.0994764397906	0.0837696335079	0.11780104712	0.11780104712	0.115183246073	0.109947643979	0.115183246073	0.102094240838	0.086387434555	0.107329842932	0.104712041885	0.0628272251309	0.0	0.11780104712	0.0837696335079	0.0994764397906	0.0235602094241	0.0811518324607	0.0811518324607	0.0706806282723	0.115183246073	0.0706806282723	0.0497382198953	0.0680628272251	0.0602094240838	0.065445026178	0.065445026178	0.0706806282723	0.0916230366492	0.0890052356021	0.0916230366492	0.104712041885	0.0706806282723	0.0994764397906	0.0994764397906	0.102094240838	0.0759162303665	0.0785340314136
