	158479027-supragingivalplaque1.snv.bam	158499257-supragingivalplaque2.snv.bam	159369152-supragingivalplaque1.snv.bam	159510762-tonguedorsum3.snv.bam	160158126-supragingivalplaque1.snv.bam	160158126-supragingivalplaque2.snv.bam	160421117-supragingivalplaque3.snv.bam	160582958-supragingivalplaque1.snv.bam	370027359-subgingivalplaque2.snv.bam	404239096-supragingivalplaque2.snv.bam	533247696-supragingivalplaque1.snv.bam	650853796-supragingivalplaque1.snv.bam	706846339-supragingivalplaque2.snv.bam	763840445-supragingivalplaque1.snv.bam	763840445-supragingivalplaque2.snv.bam	763901136-supragingivalplaque2.snv.bam	764508039-supragingivalplaque3.snv.bam	765074482-supragingivalplaque1.snv.bam	765701615-supragingivalplaque1.snv.bam	765701615-supragingivalplaque2.snv.bam	937495960-supragingivalplaque1.snv.bam
158479027-supragingivalplaque1.snv.bam	0.0	0.164716907022	0.150071666409	0.158140025843	0.181197927872	0.178667211768	0.160828446507	0.147021494927	0.108413579411	0.154968820998	0.125240622288	0.157654219699	0.139617419071	0.153157500346	0.153003622977	0.140254831198	0.144831145253	0.148415347937	0.155829160968	0.1559184821	0.150152521159
158499257-supragingivalplaque2.snv.bam	0.164716907022	0.0	0.129694028487	0.150182368908	0.160445124756	0.15850199624	0.15204185093	0.0827820474018	0.172830773802	0.133796052845	0.172321381171	0.17550472203	0.13717486998	0.1997288494	0.200323767528	0.174112232275	0.15084943839	0.141131117215	0.132330455481	0.131291044255	0.174769434808
159369152-supragingivalplaque1.snv.bam	0.150071666409	0.129694028487	0.0	0.163509608068	0.138820752968	0.137814198598	0.147249973704	0.147510480605	0.176075043075	0.142110825394	0.166737810785	0.168249933188	0.131424092886	0.19822027696	0.198553346463	0.168734523124	0.155111657422	0.127738585388	0.131827978699	0.131639045204	0.159056326444
159510762-tonguedorsum3.snv.bam	0.158140025843	0.150182368908	0.163509608068	0.0	0.188272707375	0.185878539542	0.16529152061	0.149346021967	0.172898714236	0.164137702911	0.170987280716	0.161193362296	0.16098857584	0.19616935767	0.197954488512	0.163048703389	0.115659621083	0.166979479063	0.159978571499	0.156812968877	0.180136793254
160158126-supragingivalplaque1.snv.bam	0.181197927872	0.160445124756	0.138820752968	0.188272707375	0.0	0.0203492523629	0.1708180921	0.170979049078	0.194841429826	0.172777648021	0.17673062199	0.181583327379	0.156292819031	0.18359960477	0.182516777425	0.186627638276	0.174667808351	0.17543207593	0.147403951248	0.143959176505	0.177598953352
160158126-supragingivalplaque2.snv.bam	0.178667211768	0.15850199624	0.137814198598	0.185878539542	0.0203492523629	0.0	0.170596482174	0.169811769222	0.19411409934	0.17303952555	0.176473394017	0.182508383359	0.15272942709	0.181421998702	0.181026052889	0.18029101654	0.171111540846	0.171205634442	0.143996233055	0.14158050816	0.176932059068
160421117-supragingivalplaque3.snv.bam	0.160828446507	0.15204185093	0.147249973704	0.16529152061	0.1708180921	0.170596482174	0.0	0.148435335086	0.156676344263	0.0704631159757	0.151762223656	0.163983417199	0.146424263024	0.202673724076	0.202838395092	0.142944714128	0.153519917918	0.149169565044	0.143669460411	0.152934730452	0.163829943865
160582958-supragingivalplaque1.snv.bam	0.147021494927	0.0827820474018	0.147510480605	0.149346021967	0.170979049078	0.169811769222	0.148435335086	0.0	0.165731963259	0.141792179733	0.156437041152	0.180459358226	0.139909864683	0.195270414734	0.195722196417	0.154828885312	0.162274391075	0.148668707211	0.139716768378	0.144850347578	0.177069261176
370027359-subgingivalplaque2.snv.bam	0.108413579411	0.172830773802	0.176075043075	0.172898714236	0.194841429826	0.19411409934	0.156676344263	0.165731963259	0.0	0.157291287146	0.11686957289	0.150492301385	0.162551674961	0.159427388118	0.158850459508	0.147938073849	0.14717922695	0.163743008694	0.16500301239	0.166775441359	0.162966730875
404239096-supragingivalplaque2.snv.bam	0.154968820998	0.133796052845	0.142110825394	0.164137702911	0.172777648021	0.17303952555	0.0704631159757	0.141792179733	0.157291287146	0.0	0.15239575495	0.161615507956	0.137995566226	0.196145198096	0.196390192168	0.142853298701	0.151565791949	0.141435761631	0.150645674021	0.153598473026	0.157664910837
533247696-supragingivalplaque1.snv.bam	0.125240622288	0.172321381171	0.166737810785	0.170987280716	0.17673062199	0.176473394017	0.151762223656	0.156437041152	0.11686957289	0.15239575495	0.0	0.154985138781	0.159595588016	0.15452833905	0.153654410082	0.126398688677	0.142992160506	0.173425740746	0.172202128469	0.173588835043	0.117164424886
650853796-supragingivalplaque1.snv.bam	0.157654219699	0.17550472203	0.168249933188	0.161193362296	0.181583327379	0.182508383359	0.163983417199	0.180459358226	0.150492301385	0.161615507956	0.154985138781	0.0	0.158995436111	0.17996076329	0.180199765608	0.159020388216	0.158048414891	0.162350834547	0.16527706634	0.162431122294	0.149382133705
706846339-supragingivalplaque2.snv.bam	0.139617419071	0.13717486998	0.131424092886	0.16098857584	0.156292819031	0.15272942709	0.146424263024	0.139909864683	0.162551674961	0.137995566226	0.159595588016	0.158995436111	0.0	0.179927242701	0.180252521561	0.151918669997	0.143364303606	0.138044536869	0.135342663286	0.135566961749	0.146024919791
763840445-supragingivalplaque1.snv.bam	0.153157500346	0.1997288494	0.19822027696	0.19616935767	0.18359960477	0.181421998702	0.202673724076	0.195270414734	0.159427388118	0.196145198096	0.15452833905	0.17996076329	0.179927242701	0.0	0.00127308174243	0.172317108313	0.169896298743	0.19894353256	0.201530306496	0.194798667139	0.175031816684
763840445-supragingivalplaque2.snv.bam	0.153003622977	0.200323767528	0.198553346463	0.197954488512	0.182516777425	0.181026052889	0.202838395092	0.195722196417	0.158850459508	0.196390192168	0.153654410082	0.180199765608	0.180252521561	0.00127308174243	0.0	0.171962581904	0.170451168574	0.198551708883	0.201282470866	0.194583683832	0.174273623243
763901136-supragingivalplaque2.snv.bam	0.140254831198	0.174112232275	0.168734523124	0.163048703389	0.186627638276	0.18029101654	0.142944714128	0.154828885312	0.147938073849	0.142853298701	0.126398688677	0.159020388216	0.151918669997	0.172317108313	0.171962581904	0.0	0.150183805161	0.164273321323	0.159704679122	0.162178642297	0.154762844591
764508039-supragingivalplaque3.snv.bam	0.144831145253	0.15084943839	0.155111657422	0.115659621083	0.174667808351	0.171111540846	0.153519917918	0.162274391075	0.14717922695	0.151565791949	0.142992160506	0.158048414891	0.143364303606	0.169896298743	0.170451168574	0.150183805161	0.0	0.159141346332	0.150587847044	0.146862606942	0.16071737616
765074482-supragingivalplaque1.snv.bam	0.148415347937	0.141131117215	0.127738585388	0.166979479063	0.17543207593	0.171205634442	0.149169565044	0.148668707211	0.163743008694	0.141435761631	0.173425740746	0.162350834547	0.138044536869	0.19894353256	0.198551708883	0.164273321323	0.159141346332	0.0	0.126030651717	0.126798221111	0.157535435688
765701615-supragingivalplaque1.snv.bam	0.155829160968	0.132330455481	0.131827978699	0.159978571499	0.147403951248	0.143996233055	0.143669460411	0.139716768378	0.16500301239	0.150645674021	0.172202128469	0.16527706634	0.135342663286	0.201530306496	0.201282470866	0.159704679122	0.150587847044	0.126030651717	0.0	0.0416167402653	0.169608131324
765701615-supragingivalplaque2.snv.bam	0.1559184821	0.131291044255	0.131639045204	0.156812968877	0.143959176505	0.14158050816	0.152934730452	0.144850347578	0.166775441359	0.153598473026	0.173588835043	0.162431122294	0.135566961749	0.194798667139	0.194583683832	0.162178642297	0.146862606942	0.126798221111	0.0416167402653	0.0	0.170812859497
937495960-supragingivalplaque1.snv.bam	0.150152521159	0.174769434808	0.159056326444	0.180136793254	0.177598953352	0.176932059068	0.163829943865	0.177069261176	0.162966730875	0.157664910837	0.117164424886	0.149382133705	0.146024919791	0.175031816684	0.174273623243	0.154762844591	0.16071737616	0.157535435688	0.169608131324	0.170812859497	0.0
