	158499257-stool2.snv.bam	158984779-stool1.snv.bam	159369152-stool1.snv.bam	159490532-stool1.snv.bam	159490532-stool2.snv.bam	159551223-stool1.snv.bam	159551223-stool2.snv.bam	159571453-stool1.snv.bam	159571453-stool2.snv.bam	159591683-stool1.snv.bam	159591683-stool2.snv.bam	159632143-stool1.snv.bam	159733294-stool1.snv.bam	160421117-stool1.snv.bam	160421117-stool2.snv.bam	160421117-stool3.snv.bam	246515023-stool1.snv.bam	246515023-stool2.snv.bam	246515023-stool3.snv.bam	375450439-stool3.snv.bam	404239096-stool1.snv.bam	517810313-stool2.snv.bam	604812005-stool3.snv.bam	706846339-stool1.snv.bam	763496533-stool2.snv.bam	763536994-stool2.snv.bam	763860675-stool2.snv.bam	764042746-stool2.snv.bam	764083206-stool1.snv.bam	764325968-stool1.snv.bam	764588959-stool1.snv.bam	764588959-stool2.snv.bam	765074482-stool1.snv.bam	765074482-stool3.snv.bam	840279516-stool1.snv.bam	BGI003A.snv.bam	CCIS64773582ST-4-0.snv.bam	CCMD63399960ST-21-0.snv.bam	CCMD64503764ST-21-0.snv.bam	CCMD93344354ST-21-0.snv.bam	M4.2-V2.metaG.snv.bam	M4.2-V2.metaT.snv.bam	MH0119.snv.bam	MH0187.snv.bam	MH0220.snv.bam	MH0227.snv.bam	MH0236.snv.bam	MH0246.snv.bam	MH0266.snv.bam	MH0274.snv.bam	MH0287.snv.bam	MH0289.snv.bam	MH0327.snv.bam	MH0341.snv.bam	MH0395.snv.bam	MH0406.snv.bam	MH0424.snv.bam	MH0431.snv.bam	MH0441.snv.bam	MH0450.snv.bam	MH0462.snv.bam	MMRS16644320ST-27-0-0.snv.bam	MMRS57569834ST-27-0-0.snv.bam	N046A.snv.bam	O2.CD2-0-PT.snv.bam	O2.UC15-0.snv.bam	O2.UC19-1.snv.bam	O2.UC35-1.snv.bam	SZEY-48A.snv.bam	SZEY-74A.snv.bam	V1.CD1-0-PT.snv.bam	V1.CD15-3.snv.bam	V1.CD25-4.snv.bam	V1.CD36-0.snv.bam	V1.CD37-4.snv.bam	V1.CD43-0.snv.bam	V1.CD44-0.snv.bam	V1.CD44-4.snv.bam	V1.CD45-0.snv.bam	V1.CD51-0.snv.bam	V1.CD53-0.snv.bam	V1.FI07.snv.bam	V1.FI11.snv.bam	V1.FI13.snv.bam	V1.FI15.snv.bam	V1.FI16.snv.bam	V1.FI18.snv.bam	V1.FI19.snv.bam	V1.FI20.snv.bam	V1.FI27.snv.bam	V1.FI29.snv.bam	V1.UC25-1.snv.bam	V1.UC47-4.snv.bam	bugkiller-11-0-0.snv.bam	bugkiller-11-2-0.snv.bam	bugkiller-11-60-0.snv.bam	bugkiller-11-7-0.snv.bam	bugkiller-11-773-0.snv.bam	bugkiller-12-7-0.snv.bam	bugkiller-13-7-0.snv.bam	halbarad-11-7-0.snv.bam	halbarad-12-7-0.snv.bam	halbarad-13-7-0.snv.bam	peacemaker-11-0-0.snv.bam	peacemaker-11-7-0.snv.bam
158499257-stool2.snv.bam	0.0	0.1226500523	0.281091871669	0.147256513551	0.15228364736	0.15453933128	0.152833205047	0.119955461465	0.115670123084	0.122450167616	0.121607569683	0.113710036765	0.115579858931	0.168706369195	0.152177939889	0.153955344628	0.131996173618	0.138405128716	0.136206116851	0.318906332983	0.11973028044	0.309818179709	0.137203508194	0.117397398114	0.111999658483	0.12409816526	0.121740546917	0.113599111851	0.136284869157	0.111709852062	0.165151709262	0.155221211531	0.0968685791054	0.109217944393	0.291520594895	0.12990773781	0.202754958812	0.11165152545	0.112383739986	0.119107782442	0.141881962951	0.133100424455	0.101603531361	0.134256658804	0.107445880641	0.11643424497	0.105173287775	0.146493929353	0.118624390813	0.151448402955	0.110464527523	0.120292814474	0.121895604992	0.12762432535	0.138454093836	0.119938542376	0.118827007246	0.110287228836	0.142651538677	0.130380062595	0.113095208395	0.106530052598	0.112534301133	0.115013696652	0.1337391399	0.144911742762	0.109482092222	0.122201026201	0.113109603905	0.142892008689	0.116934154099	0.150510628179	0.100461871762	0.106214952628	0.115154926039	0.131318872578	0.264170008405	0.242607077113	0.119134935071	0.1118113495	0.159038767086	0.121654425771	0.111747807377	0.111597789458	0.104577682569	0.122533079147	0.0994896490158	0.120352989846	0.128267073488	0.112940082972	0.108219951158	0.104153964994	0.113386234691	0.112250111598	0.111342189577	0.117181679865	0.116137832055	0.11028548073	0.116332229458	0.111179086162	0.115542478745	0.116811119931	0.110596922923	0.112651597181	0.11228137502
158984779-stool1.snv.bam	0.1226500523	0.0	0.31492210592	0.129241016205	0.135081388266	0.141080287433	0.139254545982	0.031539908448	0.0426615715776	0.0243567468941	0.023700235799	0.0819655470542	0.00325019264329	0.110137339089	0.0932203389831	0.0951374207188	0.0930990455822	0.101897347224	0.0960106382979	0.33190193742	0.16102236362	0.322994519183	0.113430832747	0.154868160633	0.149002925288	0.00753383913928	0.0281732576758	0.0834696682579	0.0971613060429	0.130525057635	0.158133354437	0.143529411765	0.0493696685023	0.0556690617515	0.333296646251	0.0955124276473	0.127765349242	0.109035698298	0.081290037854	0.0921080804154	0.100654287861	0.0973589770964	0.0649621833126	0.168987325872	0.0541399782135	0.158209408054	0.0556204090832	0.105501946225	0.0289281857804	0.134173052431	0.0484723073779	0.0259820653714	0.0256319445529	0.143593766206	0.109747934451	0.026049378769	0.0262055773684	0.0573493014669	0.116633262952	0.139620018345	0.0804570349837	0.156544004013	0.0674162353427	0.101260270401	0.173347786053	0.119216924185	0.0560684452113	0.027920713759	0.100887491587	0.112693917804	0.150883020581	0.130361569816	0.123720298151	0.0392868738404	0.137760035525	0.175857933309	0.279222275964	0.25653577192	0.159017594096	0.0791626842332	0.168049479706	0.0273224513173	0.0796547143626	0.079220640698	0.146364362038	0.16431570011	0.153980025543	0.157403108004	0.0520958045227	0.0691404542494	0.0769421603864	0.117592597459	0.0968674916008	0.11748931435	0.114273273645	0.128125377348	0.125839519524	0.1122113837	0.127634884066	0.116799505129	0.0251266541875	0.021743408107	0.0239130434783	0.0744286309571	0.0792418026394
159369152-stool1.snv.bam	0.281091871669	0.31492210592	0.0	0.252640208172	0.253722971951	0.260441744282	0.258761319946	0.311361719034	0.308663981259	0.312409171248	0.312118479239	0.308492878892	0.322440312213	0.240096947545	0.243137618138	0.242572181816	0.307224520896	0.314294747504	0.309249501602	0.216564963516	0.312511724856	0.219562826056	0.264992484915	0.324050564823	0.316035234731	0.319826671159	0.312305224823	0.304249346273	0.336527938262	0.318556959199	0.349908329038	0.369488643651	0.317569043611	0.316706790173	0.0525148685877	0.273540024471	0.178746294202	0.315702418996	0.286611533033	0.305102335383	0.33054949714	0.362377898193	0.30651419732	0.313698305871	0.32561712834	0.3137611608	0.315840799654	0.330206535451	0.311704323849	0.259103862674	0.321609097678	0.310327227495	0.313431356782	0.304109505201	0.313899806334	0.309887967404	0.314596313603	0.314993114983	0.265083675937	0.249509887487	0.297606561494	0.322443306495	0.305917418809	0.325046138408	0.325725480127	0.26560508449	0.316618689613	0.312817463969	0.327361901323	0.260895797969	0.319521965927	0.257325086594	0.290234287367	0.305582063593	0.331782144742	0.320427650554	0.246791397737	0.253503564085	0.317420469058	0.305105023808	0.340343631857	0.312377990815	0.303983817262	0.305441315879	0.308671575659	0.314722139394	0.330622769019	0.318286907628	0.326925744485	0.311275378107	0.302373923596	0.287574896246	0.307894836555	0.312857551854	0.311758119112	0.312962464141	0.308850720521	0.311538212432	0.312085579541	0.310330138995	0.310099284032	0.316987195584	0.311817924731	0.30306675566	0.305302640091
159490532-stool1.snv.bam	0.147256513551	0.129241016205	0.252640208172	0.0	0.00153749692632	0.0116770263937	0.0116375281142	0.123808921005	0.12198643536	0.12501199004	0.124377244479	0.124987451136	0.124030451606	0.173144978834	0.158848459516	0.160619304865	0.122535954661	0.126136283796	0.123769427565	0.296059726316	0.166792836559	0.289424613623	0.00114925148441	0.167907572807	0.165066564333	0.134887996572	0.124124499216	0.124512550027	0.132145856527	0.172374739669	0.195012144129	0.184140440123	0.119729449115	0.128006405145	0.286333240885	0.0219008858672	0.159386787772	0.165436878071	0.101947592403	0.114044343131	0.142871490388	0.143614451861	0.10648252871	0.192805363536	0.134096111623	0.188560026129	0.126570123467	0.141019442359	0.122992201951	0.00823417841235	0.129940610383	0.122199236595	0.124006192297	0.147822285449	0.151537817733	0.121994622583	0.123381209627	0.129371991178	0.00182254963022	0.194002150798	0.1153931386	0.175215691752	0.106506489203	0.125754081783	0.189390617375	0.00163207061496	0.128389789069	0.124432313135	0.125809472557	0.00190454882928	0.186811818198	0.00213206160432	0.152605372932	0.116417382483	0.192462637295	0.194782442998	0.248214074413	0.22825765765	0.189981385218	0.122137672797	0.204176696352	0.124323529157	0.122884879758	0.122577044814	0.158891629997	0.195611891417	0.175671546284	0.188690551681	0.135268055237	0.135783721598	0.120915595578	0.153995486988	0.13709990495	0.152377079022	0.150313843687	0.160848841615	0.160823202044	0.151371468412	0.163392194402	0.146048945562	0.122136749675	0.121271523251	0.124207564104	0.123010203721	0.122910575791
159490532-stool2.snv.bam	0.15228364736	0.135081388266	0.253722971951	0.00153749692632	0.0	0.0117891357371	0.0117148519015	0.129607921618	0.127560553052	0.130434036496	0.129590553553	0.130046008579	0.130476766427	0.178596934033	0.164705394777	0.166452873031	0.126046332734	0.129434980794	0.127767312229	0.296741124143	0.172124904825	0.290165387708	0.00179256842046	0.173826049451	0.170487660403	0.140280509835	0.129716158561	0.130430789848	0.136651386482	0.17721486822	0.200064335393	0.190228149327	0.125949352603	0.133794740416	0.287087075827	0.0217812337075	0.160976203912	0.170944503205	0.108034780741	0.118863953704	0.147276369863	0.149467006688	0.112938938286	0.198014740845	0.139971772218	0.193335712869	0.132066165318	0.144788133683	0.129098682119	0.00848134248478	0.136049315718	0.128040051506	0.129865770147	0.152863566782	0.157253267381	0.127559368231	0.129308568801	0.135291631933	0.00190242046586	0.199601563936	0.12085609825	0.18054165819	0.112565593988	0.131344665491	0.194578920625	0.00210729336738	0.13373951563	0.13029194418	0.13144713693	0.00216641133279	0.19194653516	0.00220070711691	0.157712377286	0.12256411741	0.197787882815	0.199861040231	0.249258305494	0.229304106729	0.195065307051	0.128012193206	0.209756901579	0.129613117174	0.128135035569	0.127851861747	0.164002986393	0.200072173441	0.180562058954	0.193570999672	0.140547972976	0.141133794451	0.126885937901	0.159212222047	0.142056954546	0.157990634733	0.15586958965	0.166350766818	0.166302643849	0.156966819593	0.168833386492	0.151872336993	0.127961021612	0.127560896433	0.130192093596	0.129092536817	0.128868628708
159551223-stool1.snv.bam	0.15453933128	0.141080287433	0.260441744282	0.0116770263937	0.0117891357371	0.0	0.0011078332897	0.135542450893	0.133404060035	0.136400905006	0.135548058242	0.13635372414	0.136930551897	0.184516257298	0.168528261345	0.17026774197	0.132189542946	0.135526605568	0.133718761872	0.302683132916	0.173801633953	0.294055205603	0.0121271425929	0.175703208469	0.172766302105	0.146371363444	0.135785811005	0.136615342815	0.142911312388	0.175149021011	0.193649872206	0.183030075719	0.127739321187	0.135559685802	0.293023213725	0.032887971546	0.165143496789	0.172135176816	0.113906374368	0.124573353622	0.153335465104	0.158253880053	0.118973214874	0.191555287483	0.142006459828	0.191386489887	0.134073312174	0.150921588508	0.135206255177	0.0180672048167	0.138016264731	0.134231377749	0.136159413982	0.15372609784	0.154878613336	0.133466470073	0.135232187319	0.137086788265	0.0127003869652	0.204073352981	0.127205635626	0.178388085573	0.118374963733	0.12479786766	0.196339191081	0.0123254918068	0.135721279862	0.136084215086	0.124864746879	0.0127005166833	0.189745658884	0.0122805841274	0.164138638896	0.128407107182	0.200175459951	0.193550174354	0.255238945315	0.235670646362	0.193139692015	0.133822430158	0.202970285581	0.135725104923	0.134129150887	0.134026699244	0.161929722449	0.198262963137	0.182511809891	0.191561005303	0.137873418032	0.145720424736	0.132631884954	0.165818377647	0.146771992294	0.158527486638	0.156813473926	0.165782173666	0.167210130915	0.157597206743	0.169566388969	0.154141010329	0.133862903727	0.133814702846	0.13649211801	0.134898283154	0.134647964186
159551223-stool2.snv.bam	0.152833205047	0.139254545982	0.258761319946	0.0116375281142	0.0117148519015	0.0011078332897	0.0	0.133672983396	0.13164534653	0.134706981564	0.133888835639	0.134581960435	0.135026733408	0.183026772535	0.166805042553	0.168551782506	0.132554865618	0.135873889626	0.133983272622	0.301465022658	0.172192340965	0.292752678759	0.012118551146	0.173892078004	0.170839471378	0.14445426278	0.134072497373	0.134891378454	0.142836425675	0.173529676123	0.192139051377	0.181115727369	0.12594330504	0.133784499669	0.291852134832	0.0330226724828	0.163459114575	0.170338243177	0.111975076933	0.123899472448	0.153217455982	0.158266894925	0.117072968512	0.189636032701	0.140146498981	0.189895057932	0.132414014741	0.151028849305	0.133357127647	0.0182830221728	0.136186924741	0.132451298919	0.134468960376	0.15200779351	0.15315193404	0.1318084117	0.133509357268	0.135415410975	0.0127344735729	0.202277077728	0.125308847929	0.17665316808	0.116385269716	0.122995148995	0.194797838219	0.0124599637636	0.133818181149	0.134345861432	0.123016380048	0.0127563681342	0.188091576173	0.0123571084431	0.162214095007	0.126664794369	0.198188278172	0.191826643308	0.253857938339	0.234158885534	0.191429569285	0.13213288994	0.201296802614	0.133936645188	0.132428573963	0.132171980645	0.160236606843	0.196556278585	0.180949592135	0.189917840828	0.136325104652	0.143926846508	0.130888991095	0.163860088808	0.145160937244	0.156668663364	0.154943428216	0.163926824963	0.165365377376	0.155682581611	0.167731542542	0.152163287916	0.132027070127	0.13188839717	0.134711149226	0.133130111144	0.132908948822
159571453-stool1.snv.bam	0.119955461465	0.031539908448	0.311361719034	0.123808921005	0.129607921618	0.135542450893	0.133672983396	0.0	0.0143885246416	0.0101766636151	0.00953525098467	0.0834375561788	0.0290892381111	0.11092547223	0.0948353692129	0.0967290190681	0.0917032851534	0.0963331819573	0.0930990485002	0.327113999879	0.156191874591	0.318916919942	0.108834588626	0.152168818664	0.144869615682	0.0321046302457	0.00982753387639	0.0852417414526	0.100535706862	0.135311372022	0.155853982772	0.1473783436	0.0410510537824	0.0439191575838	0.328124115596	0.0920336665428	0.121296123295	0.104648430776	0.0722158166191	0.0880051599133	0.101705052197	0.103420368963	0.0690953439913	0.169079555736	0.0417137478978	0.163065988222	0.0434198012158	0.108637271718	0.0100051012086	0.128115968428	0.0388749175443	0.00794438911901	0.00931558436231	0.144172581064	0.102852893999	0.00791354207428	0.00798864585071	0.0450873108615	0.116085376594	0.140931820945	0.0653839110638	0.155783135723	0.0678362236767	0.105671308709	0.165382744318	0.1162721351	0.0444524824472	0.00990993707473	0.105590438564	0.107716873117	0.154478038674	0.127000861874	0.124505965374	0.022804901574	0.136945780191	0.175602030947	0.275149597129	0.25299819635	0.164079084445	0.0811509465184	0.16715375486	0.0095435226008	0.081719876345	0.0810609257718	0.147765596653	0.169570947508	0.150989951735	0.161984524027	0.03800026282	0.0546442680092	0.0791719899126	0.118144972049	0.0984686927852	0.123353662218	0.11871878039	0.132547731551	0.130486908063	0.118203747661	0.132704343967	0.118785324548	0.0155824549551	0.0137083649225	0.0132492669344	0.0787488799662	0.081252461105
159571453-stool2.snv.bam	0.115670123084	0.0426615715776	0.308663981259	0.12198643536	0.127560553052	0.133404060035	0.13164534653	0.0143885246416	0.0	0.0211629191932	0.0204415646135	0.0852563942659	0.0379682693485	0.12188190181	0.105924772114	0.107795222382	0.103019289692	0.107981119793	0.104653892752	0.319255818787	0.150501249798	0.310884112603	0.107944562212	0.145697233848	0.141053963175	0.0435295514688	0.0209380695768	0.086216325764	0.10890119347	0.146403339421	0.154003776265	0.148020608343	0.0343544769341	0.033353834985	0.323044257712	0.102366264292	0.120141690503	0.1090305246	0.0761774974515	0.0911551612066	0.110224792966	0.11343560982	0.0790391500171	0.167795450034	0.0342374326292	0.163770515491	0.0336075481555	0.116801915239	0.0209098170417	0.126294214211	0.0313823585142	0.0185424790079	0.0202315348925	0.144688223848	0.114316529599	0.018898560794	0.0190085780552	0.0348331238657	0.115268949952	0.141738640539	0.0668885365916	0.149613702379	0.0790728123593	0.10415581168	0.156719199588	0.112924382101	0.033936965485	0.0204613452692	0.103683783163	0.107179877189	0.154889105653	0.125026731179	0.127333503219	0.0138137965514	0.129592496383	0.172931201929	0.271899799677	0.24929616143	0.16392076733	0.0827109772933	0.167496796171	0.0202903083755	0.0831979764398	0.0827683411562	0.147770089822	0.169665837159	0.146239057596	0.162337438642	0.0490804832703	0.0647461483791	0.080527823478	0.121097499428	0.099676812421	0.126349967522	0.122152738467	0.13534146306	0.1330870603	0.123187055863	0.136630650702	0.121293838885	0.026280182645	0.0247977708262	0.0231057801624	0.0802562912844	0.0826082946704
159591683-stool1.snv.bam	0.122450167616	0.0243567468941	0.312409171248	0.12501199004	0.130434036496	0.136400905006	0.134706981564	0.0101766636151	0.0211629191932	0.0	0.00209281957492	0.0839908911987	0.0224070839668	0.107623415067	0.0917332200573	0.0936333597643	0.0890323341907	0.0934958798538	0.090324143557	0.3293926359	0.158332954854	0.321043552898	0.111610792298	0.15449419791	0.14685631918	0.0246678246942	0.00641327486044	0.085618294502	0.0998539305627	0.13237526259	0.156877204982	0.14853716978	0.0422616719519	0.0464866594675	0.330228694129	0.0912093238126	0.121441101699	0.105120610813	0.0717506870986	0.0889551087451	0.103830357842	0.103388410988	0.0672453018064	0.170504424269	0.0438611860866	0.163249857103	0.0455819497584	0.107776690003	0.00633919259046	0.129517787608	0.0412065179312	0.00440837107644	0.00532780828468	0.14510514005	0.10053488333	0.00388273560135	0.00384639361751	0.0476625148049	0.116748098185	0.141532603628	0.066154391838	0.158303929064	0.0649178521919	0.106795434954	0.168209608919	0.117408712691	0.0467512009934	0.00620552069735	0.106921072943	0.110316388217	0.154534217827	0.127701837296	0.123414076925	0.0251882349947	0.139407633529	0.177012444526	0.276831043493	0.254261551031	0.164168367489	0.0815022947226	0.167776208541	0.00594430616251	0.0819315837067	0.0816015331086	0.147881108704	0.169862478533	0.153241872203	0.162707574632	0.0381503039601	0.0554759816255	0.079805111901	0.117274317546	0.0996500861919	0.123628633685	0.11899488576	0.132759841271	0.130762445315	0.118482149125	0.132978751968	0.119321455275	0.0120957835348	0.01031382171	0.00989333329979	0.0793610648789	0.0818855830934
159591683-stool2.snv.bam	0.121607569683	0.023700235799	0.312118479239	0.124377244479	0.129590553553	0.135548058242	0.133888835639	0.00953525098467	0.0204415646135	0.00209281957492	0.0	0.0833776629539	0.0216459135009	0.107062066425	0.0911534233072	0.0930547759782	0.0883837972363	0.0929245598922	0.0896549086385	0.328918346138	0.157876114936	0.320781259986	0.110973632239	0.153937670159	0.146596123538	0.0241490774406	0.00579319154664	0.0854014273753	0.0993348421507	0.132015654569	0.156417744634	0.147841382775	0.0426121598779	0.0458374920277	0.330102654741	0.0904781068982	0.120897211153	0.104440938058	0.071087733595	0.0883030021315	0.103110540244	0.103052669364	0.0672716254749	0.169890722555	0.0433765811208	0.162699229147	0.0451299742633	0.107117500371	0.00619075652421	0.128683458608	0.0403590977326	0.00399652170927	0.00541882779226	0.144785059605	0.100453843767	0.00379287855049	0.00380590339799	0.0472109549993	0.116081151489	0.140812466322	0.0657293920546	0.157713102628	0.0645177728099	0.106662152661	0.167769657274	0.116754709	0.0462461667752	0.00590555117883	0.106527372435	0.109901350389	0.154122845783	0.127358234169	0.122968928579	0.0249491609476	0.139015066009	0.176502182398	0.276288876045	0.254020752352	0.163852779453	0.0811285121635	0.167132849709	0.00538993153664	0.0813063901149	0.0809436738283	0.147361191017	0.169092451952	0.152443888676	0.16210957859	0.0378333229034	0.0550177606625	0.0791179200419	0.116635472757	0.0990605622485	0.12316267653	0.118506180307	0.132355562067	0.130295529401	0.118010379615	0.132513749644	0.118733127504	0.0116744371722	0.00978466363515	0.00953800899418	0.0787500908912	0.0812288117987
159632143-stool1.snv.bam	0.113710036765	0.0819655470542	0.308492878892	0.124987451136	0.130046008579	0.13635372414	0.134581960435	0.0834375561788	0.0852563942659	0.0839908911987	0.0833776629539	0.0	0.0742447774507	0.123926884831	0.108429523929	0.110294734129	0.0908160306275	0.097256121255	0.094389078022	0.322928436972	0.142296473954	0.314638344526	0.109513200258	0.137298381237	0.139113969419	0.0859034760788	0.0834769403404	0.00477842059121	0.0784601612167	0.14458339962	0.157365659209	0.141521261438	0.0807804605217	0.0912521828256	0.328625628452	0.0955864364042	0.177072664751	0.128479995005	0.0470946377144	0.0798965995954	0.0872127072593	0.0646968948182	0.0685365685059	0.161598612796	0.0898022019116	0.154243555571	0.0917221611461	0.0870763931402	0.0870522277171	0.129493003021	0.0898627727797	0.0819339930853	0.0841982193622	0.146003432811	0.122049161649	0.0819806753259	0.0832988515914	0.0926480726891	0.116989820385	0.134933460129	0.0208778252718	0.154168320053	0.0735786745571	0.0865157251913	0.160356932785	0.119167496886	0.0914150044106	0.0830772844879	0.0884513989715	0.114563394118	0.150462588166	0.127597462695	0.114847666773	0.0792866601418	0.15270531586	0.161277208759	0.283465892122	0.261822581061	0.156589140845	0.00418106189942	0.173905917515	0.0828094875656	0.00385804749873	0.00361068112922	0.128363594749	0.1586094434	0.149665068659	0.153386272953	0.0977092482428	0.0960035916569	0.00449989222659	0.115106136055	0.0321185254794	0.116766000401	0.114277768934	0.124226973768	0.123648032564	0.112862746292	0.129100164815	0.107339138343	0.0814354162569	0.0808400689688	0.0748155203285	0.00544018160746	0.0042506394573
159733294-stool1.snv.bam	0.115579858931	0.00325019264329	0.322440312213	0.124030451606	0.130476766427	0.136930551897	0.135026733408	0.0290892381111	0.0379682693485	0.0224070839668	0.0216459135009	0.0742447774507	0.0	0.104405795793	0.0867970936849	0.0888631636086	0.0871361184344	0.0950424646761	0.0867376833493	0.341349476581	0.156600362199	0.332804100184	0.109666625848	0.149339165329	0.147208332102	0.00455031272466	0.0238590134333	0.0751338692093	0.0902352505345	0.130897155105	0.153842431615	0.145615464318	0.0450188864975	0.0513961045073	0.343652907043	0.0945166643908	0.123643648854	0.108303590549	0.0734566727667	0.0846950869399	0.0924190188399	0.0885404341827	0.0606198822913	0.170853994139	0.0507798585525	0.157724769507	0.0507087115829	0.0971646181679	0.0265056458577	0.129435071556	0.0427530014178	0.0239103107029	0.025043083146	0.14328691718	0.1102001796	0.0239647543756	0.0237858644109	0.0527474465667	0.112281088193	0.132677557598	0.0746703398453	0.154410842134	0.0636828054699	0.094724404524	0.176070356167	0.116147862294	0.0520451408871	0.0259253599982	0.0941879598572	0.108436220642	0.153200602428	0.127656172153	0.11839052014	0.0332712848949	0.139123487363	0.176511265211	0.283904629769	0.259232392398	0.158827561946	0.0710705488594	0.164571580248	0.0256568841095	0.0718162936399	0.071597436167	0.140427642667	0.164928061858	0.149058376401	0.157749869882	0.0501038927078	0.0671198998433	0.0694236545292	0.111503408605	0.0892663518207	0.116113485899	0.112697157609	0.126635068242	0.124869294403	0.111061302952	0.127748638323	0.113381969421	0.0232723250499	0.0217999794548	0.0194037347683	0.0701918582611	0.0717229871113
160421117-stool1.snv.bam	0.168706369195	0.110137339089	0.240096947545	0.173144978834	0.178596934033	0.184516257298	0.183026772535	0.11092547223	0.12188190181	0.107623415067	0.107062066425	0.123926884831	0.104405795793	0.0	0.0014210999488	0.00141812693635	0.131936130925	0.142363258892	0.135877072543	0.283976588412	0.20286387713	0.285793121554	0.162781708112	0.204008274213	0.192017065758	0.113467006029	0.107372370149	0.128068675256	0.151393548296	0.169487586225	0.221997965822	0.213469311383	0.12769299506	0.131554201945	0.274147868686	0.13915922872	0.114811450463	0.174602577682	0.120025831975	0.135625197274	0.152300155241	0.151877722966	0.114747074684	0.223290296001	0.133539186358	0.211813418453	0.132414174944	0.156933195256	0.109855050149	0.178020261415	0.127142215847	0.105576276562	0.107211719029	0.191114431928	0.162299779269	0.105525223778	0.108071060495	0.129381664318	0.168215690395	0.0674108333691	0.114951739548	0.195139873983	0.110797733244	0.147850996738	0.208691542486	0.170366426935	0.131501849366	0.107402704796	0.147666866736	0.162011075374	0.200576368161	0.1768951399	0.166076961918	0.120506988544	0.191546073516	0.22574247759	0.246468276888	0.236024198296	0.213480586845	0.121768590369	0.219695057155	0.107272780211	0.122199398861	0.121697043872	0.193386711877	0.218591169002	0.191779932087	0.212379638326	0.123578984821	0.129455154659	0.120128810604	0.165689131035	0.14208841387	0.170407869639	0.166198414426	0.179545963752	0.178862451158	0.165729160537	0.180504738036	0.167136449569	0.105155334004	0.103390899457	0.106215667619	0.12064344501	0.122353507865
160421117-stool2.snv.bam	0.152177939889	0.0932203389831	0.243137618138	0.158848459516	0.164705394777	0.168528261345	0.166805042553	0.0948353692129	0.105924772114	0.0917332200573	0.0911534233072	0.108429523929	0.0867970936849	0.0014210999488	0.0	0.0	0.116305940538	0.127058522189	0.119318181818	0.288923070058	0.185138980105	0.286477752921	0.146558491996	0.185766045549	0.174573222186	0.0976507515022	0.0913942651059	0.111020233511	0.134911757395	0.152219568336	0.207014934048	0.195180722892	0.108268573633	0.113301780912	0.277323876753	0.122432563622	0.113833209602	0.158048988154	0.103648030942	0.119410193262	0.136077703223	0.133902049218	0.0975168984973	0.205850449519	0.114201791828	0.196582675417	0.114263492999	0.14189415167	0.0926132086263	0.163902428779	0.108507867042	0.0893109050422	0.0917455221915	0.175769181977	0.14464460143	0.0893031133472	0.0911725550435	0.111173391132	0.152277706137	0.066203678276	0.0985990144338	0.178311205779	0.0938720991642	0.130518919052	0.190930138858	0.154735831446	0.113642069648	0.0912820674489	0.130047706993	0.146030721702	0.18405353286	0.162174879856	0.153296962813	0.104061008436	0.172084000209	0.20928844191	0.249066720527	0.236783865786	0.198032420146	0.105703233548	0.203737910601	0.0906737712555	0.106203533091	0.105762164071	0.176774050657	0.202953939775	0.173637085253	0.196589485919	0.105915367762	0.113101070267	0.103557217946	0.152216554094	0.126313579435	0.153699955497	0.149404653465	0.162456946105	0.162653604223	0.148778828327	0.163598363217	0.149521104289	0.0882798830273	0.09000999001	0.0886917960089	0.103729124594	0.105895672726
160421117-stool3.snv.bam	0.153955344628	0.0951374207188	0.242572181816	0.160619304865	0.166452873031	0.17026774197	0.168551782506	0.0967290190681	0.107795222382	0.0936333597643	0.0930547759782	0.110294734129	0.0888631636086	0.00141812693635	0.0	0.0	0.118210453597	0.128904064425	0.121220302376	0.288282442408	0.186843710272	0.286477752921	0.148450823499	0.1875794842	0.177615685149	0.0995424690043	0.0932951139236	0.112969750542	0.136842757937	0.151895696914	0.208687898322	0.197115384615	0.11032799956	0.115156798107	0.276704850242	0.124436142244	0.114087301587	0.15984419287	0.105535087719	0.121271905327	0.137972269664	0.139332130414	0.0995179696758	0.207655334861	0.116205860172	0.198266988466	0.11615205698	0.143723801666	0.0945857886075	0.165658936282	0.110454356415	0.0912161123538	0.0936616708789	0.177493514232	0.146520380813	0.0912083369594	0.0931228285306	0.113048552754	0.1541699434	0.0663482277918	0.100500704277	0.177933427801	0.0957797368502	0.132357145439	0.192622753631	0.156593554893	0.115496374941	0.0931831509898	0.1318869296	0.147936903127	0.185812038177	0.163949933077	0.1529735515	0.105971326115	0.173944485602	0.211037803765	0.248520521578	0.236235754986	0.199727911858	0.107578069536	0.205457699131	0.0925761273826	0.108077320234	0.107636876515	0.178536847122	0.20463193148	0.175373141796	0.198302514734	0.107829422084	0.114960397164	0.105444465908	0.151884203539	0.128145207151	0.155481639801	0.151202952295	0.164227650236	0.1644201578	0.150593798843	0.165355509513	0.15141526664	0.0901872472887	0.0920055821372	0.0907079646018	0.105656588842	0.107777997626
246515023-stool1.snv.bam	0.131996173618	0.0930990455822	0.307224520896	0.122535954661	0.126046332734	0.132189542946	0.132554865618	0.0917032851534	0.103019289692	0.0890323341907	0.0883837972363	0.0908160306275	0.0871361184344	0.131936130925	0.116305940538	0.118210453597	0.0	0.00346630385376	0.00232403729369	0.33695127883	0.146665018163	0.326556627658	0.114350931274	0.143898345219	0.140132710619	0.0987833673202	0.0880851988125	0.0886497890477	0.096223965948	0.132394902466	0.177387850126	0.159105503576	0.092898963038	0.110844934657	0.323993875163	0.0906329218989	0.198642351319	0.136243504613	0.0593708860613	0.0392337811083	0.103719937422	0.0918997442184	0.0685629664932	0.167191354588	0.113140665562	0.167690112155	0.110931536957	0.106468630767	0.0875348938003	0.12720966989	0.108590555572	0.0863007741646	0.0884203611753	0.157508415409	0.11535690535	0.0866065395502	0.0861898161889	0.111587736175	0.119679213654	0.16425420273	0.0772355399014	0.154767553469	0.0696751787518	0.110434917117	0.150739583531	0.11418702448	0.11092884818	0.0882871602938	0.110306531175	0.116624394681	0.168407542442	0.124704805642	0.125576604573	0.0944424328041	0.157504252189	0.173279837588	0.297568583606	0.273579753864	0.169065205887	0.0886405450929	0.17751938269	0.0880022748663	0.0884322261475	0.0886165873754	0.131274230557	0.174363038763	0.163304959852	0.168196048768	0.10649214964	0.0879661705736	0.0865923482855	0.122240045811	0.103978118423	0.127748654355	0.121719194378	0.136911171077	0.135223989153	0.122410264503	0.135628944356	0.120667689232	0.0799077263659	0.0808815101101	0.0795424331415	0.0841899876478	0.0890364214643
246515023-stool2.snv.bam	0.138405128716	0.101897347224	0.314294747504	0.126136283796	0.129434980794	0.135526605568	0.135873889626	0.0963331819573	0.107981119793	0.0934958798538	0.0929245598922	0.097256121255	0.0950424646761	0.142363258892	0.127058522189	0.128904064425	0.00346630385376	0.0	0.0025399085198	0.337313946796	0.147640181653	0.327044239299	0.118308258897	0.147300420737	0.14264195017	0.107474756567	0.092918895076	0.0951600480495	0.101018167644	0.137677550182	0.179932053789	0.162710295385	0.100603956546	0.119402518798	0.326000936868	0.0939245791551	0.203878996415	0.13923977484	0.062235012463	0.0410697595006	0.108123166029	0.0984047388784	0.0738937677447	0.171404687874	0.121962662942	0.171174434196	0.119714532906	0.110339707896	0.0923984592897	0.130285664013	0.114643583864	0.0911649718676	0.0935070229147	0.161744582056	0.117139955871	0.0910400854061	0.0907548963287	0.120346514885	0.123143184829	0.169810286883	0.0831733398946	0.158484689681	0.074636422415	0.115324385824	0.158201864681	0.11795917396	0.119798730172	0.0932851201933	0.114640366289	0.117513477831	0.173215829573	0.128035031145	0.13330252093	0.10315327391	0.162597477352	0.17605552212	0.295430150544	0.272171877055	0.172431316304	0.0951040436039	0.179853879873	0.0928182523684	0.0950556126358	0.0950719638613	0.13239134789	0.178131150258	0.168436289306	0.171346867029	0.110859191223	0.0951291826377	0.0930975677162	0.127249728049	0.109814871443	0.131657880305	0.125989959287	0.14067272485	0.139001471262	0.12670385174	0.139383238969	0.125339746683	0.0887808090931	0.0908140393107	0.0890353995791	0.0907802956637	0.0953972099693
246515023-stool3.snv.bam	0.136206116851	0.0960106382979	0.309249501602	0.123769427565	0.127767312229	0.133718761872	0.133983272622	0.0930990485002	0.104653892752	0.090324143557	0.0896549086385	0.094389078022	0.0867376833493	0.135877072543	0.119318181818	0.121220302376	0.00232403729369	0.0025399085198	0.0	0.338768481498	0.15004131967	0.328429511516	0.115982898437	0.146387348831	0.144626615009	0.100233435063	0.0897264514853	0.0922300591485	0.0998439450687	0.13814984486	0.180766564542	0.161835748792	0.0951093576966	0.113946305157	0.325336028505	0.0925467660661	0.202121559633	0.139882156155	0.0612785273565	0.0421067547202	0.106940841326	0.0941781834462	0.0740486178446	0.172753655238	0.117284715709	0.172359395566	0.114592950051	0.110268314185	0.0887215344093	0.129183233599	0.112178226363	0.0876889002759	0.0902773503112	0.15944600444	0.118806814209	0.0876919695686	0.0875167129487	0.115449428179	0.121680179995	0.165568667407	0.0783966747923	0.158016157616	0.0737172237144	0.115914744239	0.156207739443	0.116095282027	0.114435068349	0.0898243077329	0.115534033961	0.118932589311	0.169852029749	0.126929062693	0.130858733356	0.097947926537	0.161467937004	0.17971894487	0.299216048968	0.275128511107	0.173609153849	0.0916450193436	0.181239365465	0.0892134502924	0.0918837167753	0.0917041985187	0.132834139956	0.179040223803	0.167055111437	0.172218625343	0.108354351405	0.091622894373	0.089228566125	0.127582533089	0.108622537185	0.132156387621	0.126096743664	0.140513756617	0.139304236295	0.126515858815	0.139273859107	0.125540714201	0.0827608995388	0.0844335819391	0.0823170731707	0.0868780665648	0.0916778174249
375450439-stool3.snv.bam	0.318906332983	0.33190193742	0.216564963516	0.296059726316	0.296741124143	0.302683132916	0.301465022658	0.327113999879	0.319255818787	0.3293926359	0.328918346138	0.322928436972	0.341349476581	0.283976588412	0.288923070058	0.288282442408	0.33695127883	0.337313946796	0.338768481498	0.0	0.321960321689	0.0024609949514	0.299727063603	0.325643073812	0.330226723775	0.338539596539	0.329168200845	0.323866333578	0.356255050997	0.356860831676	0.336518592444	0.345038453815	0.327547734618	0.323994790757	0.240256511696	0.312667798133	0.249162385978	0.339139643371	0.310850291642	0.325176747845	0.352506106918	0.383907027899	0.324383641037	0.322391680076	0.326843930937	0.33928220694	0.326164567759	0.354913726251	0.335270528861	0.298709884158	0.333619369936	0.327214781812	0.328860131298	0.325169414274	0.335370124603	0.326721824129	0.329041561655	0.321622205498	0.301043900203	0.30036424785	0.310554200336	0.350220174996	0.325650088854	0.341853600531	0.341445568209	0.296035032004	0.324121010046	0.329471581955	0.341023790054	0.291233245995	0.339327621183	0.296074748785	0.305129122861	0.31931675126	0.336616851809	0.330751766794	0.13644954079	0.142881266224	0.342910853847	0.320617546903	0.319364949566	0.32884080525	0.32103770535	0.3208015582	0.33967343936	0.346227373633	0.318654346183	0.341479407413	0.341779451978	0.323126020542	0.319129767392	0.303987324545	0.327339218982	0.334820251485	0.333167021196	0.335986357759	0.330908798422	0.33788769587	0.333927443264	0.332591072099	0.326419626781	0.334027292862	0.331069842589	0.320468358798	0.322018186763
404239096-stool1.snv.bam	0.11973028044	0.16102236362	0.312511724856	0.166792836559	0.172124904825	0.173801633953	0.172192340965	0.156191874591	0.150501249798	0.158332954854	0.157876114936	0.142296473954	0.156600362199	0.20286387713	0.185138980105	0.186843710272	0.146665018163	0.147640181653	0.15004131967	0.321960321689	0.0	0.309628189019	0.157563562977	0.0019419299457	0.0263348933019	0.16423687361	0.158028930159	0.138417445208	0.172447837143	0.156420978739	0.149168505242	0.143163068949	0.140670358224	0.153207817007	0.316713607672	0.152156410438	0.24019038061	0.143168661532	0.130033727082	0.138177975769	0.177284173941	0.192893719339	0.137874823818	0.121078551138	0.159240372183	0.130480899446	0.152593417167	0.17927830539	0.160039496713	0.168264371539	0.156323657306	0.156163059966	0.158984416857	0.14228377633	0.141882851416	0.155734767511	0.15564150629	0.154756985276	0.161441711626	0.173771855858	0.135236702868	0.151128616157	0.140393482092	0.122781363707	0.0927660328168	0.163357978023	0.152975394013	0.158034280185	0.122559703378	0.160640854874	0.132944144029	0.167857861496	0.124408338732	0.146607621871	0.128466114366	0.124333875843	0.287822486064	0.26611375403	0.133416496043	0.13986237085	0.160884919046	0.157723949479	0.139729680937	0.139928255504	0.0725935591686	0.136458283177	0.112165876833	0.129365334232	0.139135165336	0.14097085653	0.138148597941	0.126899689624	0.141752766144	0.134426692847	0.13419623651	0.139599450907	0.139754071226	0.136395625559	0.135616907075	0.136143000334	0.155578557447	0.156760497447	0.153223806801	0.141074607367	0.138273461428
517810313-stool2.snv.bam	0.309818179709	0.322994519183	0.219562826056	0.289424613623	0.290165387708	0.294055205603	0.292752678759	0.318916919942	0.310884112603	0.321043552898	0.320781259986	0.314638344526	0.332804100184	0.285793121554	0.286477752921	0.286477752921	0.326556627658	0.327044239299	0.328429511516	0.0024609949514	0.309628189019	0.0	0.292143849277	0.311350935775	0.319310494873	0.330619971847	0.321016769818	0.315151666986	0.347402384696	0.346925950107	0.326291688352	0.332622904234	0.31266068979	0.311283950617	0.23936703534	0.305163843407	0.243380062305	0.328229696252	0.302426671638	0.315495717526	0.344499661927	0.378459462662	0.315598795741	0.30760073697	0.313162713002	0.326910367946	0.313243524011	0.348656707169	0.326939996109	0.291904855017	0.320691479657	0.319019941473	0.320628685877	0.317058622225	0.323185080107	0.318516029175	0.320663912445	0.308772979736	0.293417097839	0.29793574429	0.301912308033	0.340180480805	0.317365245271	0.331648454542	0.329176070647	0.287500833042	0.311327504694	0.32132689273	0.330799996639	0.283489516182	0.33041725691	0.289468484688	0.297939718242	0.309232076188	0.322525837258	0.319807757101	0.136069052371	0.139163249903	0.331307010717	0.312257523514	0.306289719464	0.320682098765	0.312687039611	0.312445633058	0.329306597939	0.333955552511	0.305821341443	0.328932959106	0.331650040523	0.312518932342	0.310699055319	0.294996607286	0.318530861968	0.324538527924	0.322720945202	0.324918052475	0.320188162759	0.327500056387	0.322435251638	0.321216720213	0.315984894108	0.325550587846	0.320885744235	0.311699330287	0.313652092573
604812005-stool3.snv.bam	0.137203508194	0.113430832747	0.264992484915	0.00114925148441	0.00179256842046	0.0121271425929	0.012118551146	0.108834588626	0.107944562212	0.111610792298	0.110973632239	0.109513200258	0.109666625848	0.162781708112	0.146558491996	0.148450823499	0.114350931274	0.118308258897	0.115982898437	0.299727063603	0.157563562977	0.292143849277	0.0	0.158493057953	0.154491506766	0.122046746902	0.111066217237	0.11000976901	0.119855222371	0.161191865819	0.178595760699	0.164467135656	0.104431213702	0.114462788106	0.296467422306	0.0196052032847	0.154592449415	0.150556488926	0.0910529285218	0.100276255408	0.131428634521	0.131841627389	0.0910641575126	0.177135337318	0.119559473017	0.174295833109	0.114783815652	0.129720760512	0.112635678923	0.00628769024533	0.116079767199	0.108904953507	0.11109237002	0.134004731634	0.134409377968	0.108468318868	0.109173804189	0.116152752029	0.00128852920626	0.183654652145	0.0992902661185	0.166419138685	0.0896513602063	0.107910300998	0.172840167675	0.00116052658719	0.114866045063	0.111215696698	0.107810736593	0.00123435382451	0.170927066768	0.00183654487673	0.140437439671	0.104739809133	0.181470441643	0.179679836467	0.251558094512	0.229355751437	0.175595248268	0.106275744373	0.187803481413	0.110589007099	0.106881392099	0.10669721103	0.14453103762	0.181159363115	0.164811494802	0.174192806479	0.118299908356	0.120117035022	0.104739782277	0.1414350376	0.121768293127	0.136093722564	0.13410999505	0.144980773818	0.145178831713	0.135438114459	0.147885234588	0.128249317533	0.108208880436	0.106847077113	0.109728424252	0.106586640336	0.106838848414
