	103092734-supragingivalplaque3.snv.bam	158337416-supragingivalplaque1.snv.bam	158337416-supragingivalplaque2.snv.bam	158479027-supragingivalplaque1.snv.bam	158479027-supragingivalplaque2.snv.bam	158883629-supragingivalplaque1.snv.bam	158883629-supragingivalplaque3.snv.bam	158944319-supragingivalplaque3.snv.bam	159268001-supragingivalplaque1.snv.bam	159268001-supragingivalplaque2.snv.bam	159268001-supragingivalplaque3.snv.bam	159551223-supragingivalplaque1.snv.bam	159551223-supragingivalplaque2.snv.bam	159814214-supragingivalplaque1.snv.bam	159814214-supragingivalplaque2.snv.bam	160178356-buccalmucosa2.snv.bam	160178356-supragingivalplaque1.snv.bam	160178356-supragingivalplaque2.snv.bam	160178356-supragingivalplaque3.snv.bam	160319967-supragingivalplaque1.snv.bam	160319967-supragingivalplaque2.snv.bam	160319967-supragingivalplaque3.snv.bam	160380657-supragingivalplaque3.snv.bam	160400887-supragingivalplaque1.snv.bam	160502038-supragingivalplaque2.snv.bam	160502038-supragingivalplaque3.snv.bam	160542498-supragingivalplaque1.snv.bam	160582958-supragingivalplaque3.snv.bam	160603188-supragingivalplaque2.snv.bam	160603188-supragingivalplaque3.snv.bam	370425937-supragingivalplaque2.snv.bam	517810313-supragingivalplaque2.snv.bam	533247696-supragingivalplaque1.snv.bam	550534656-supragingivalplaque3.snv.bam	604812005-supragingivalplaque3.snv.bam	650853796-supragingivalplaque1.snv.bam	682102541-supragingivalplaque3.snv.bam	763496533-buccalmucosa1.snv.bam	763840445-supragingivalplaque1.snv.bam	763860675-supragingivalplaque1.snv.bam	763982056-supragingivalplaque3.snv.bam	764083206-supragingivalplaque1.snv.bam	764224817-supragingivalplaque2.snv.bam	764305738-supragingivalplaque1.snv.bam	764305738-supragingivalplaque2.snv.bam	764366428-supragingivalplaque2.snv.bam	764508039-supragingivalplaque3.snv.bam	764588959-supragingivalplaque1.snv.bam	764811490-supragingivalplaque1.snv.bam	765013792-supragingivalplaque3.snv.bam	765074482-supragingivalplaque3.snv.bam	765337473-supragingivalplaque2.snv.bam	823052294-supragingivalplaque3.snv.bam	937495960-supragingivalplaque1.snv.bam
103092734-supragingivalplaque3.snv.bam	0.0	0.137463879707	0.148359734587	0.146373570084	0.145546128363	0.177206738268	0.17545563527	0.176739961706	0.177746420876	0.190616743482	0.184297206952	0.155763914973	0.152025838291	0.15539278579	0.163091347715	0.152302451511	0.159450062714	0.153234487873	0.151826742799	0.182555791884	0.151831979843	0.162847702188	0.163716745652	0.140550343488	0.148020221788	0.147190334881	0.148704505179	0.162378293087	0.167977343485	0.167172792928	0.166632037058	0.167002858089	0.175065542588	0.185242105143	0.143339532855	0.155088796748	0.146493318789	0.158547283906	0.165877759178	0.17055886074	0.152970657286	0.148167894865	0.177828902493	0.162659400131	0.171337961068	0.170825361255	0.122344944536	0.20332041093	0.15426948369	0.168426287072	0.167791021748	0.184428583436	0.158156650262	0.168633232662
158337416-supragingivalplaque1.snv.bam	0.137463879707	0.0	0.0286301370668	0.173479493105	0.169015506497	0.183807682754	0.17389105207	0.158962406266	0.195343992862	0.208127697634	0.192433440698	0.160449535362	0.160003525655	0.170442576185	0.180121181931	0.169783782034	0.167848350084	0.172239388413	0.16870511958	0.17717054088	0.161640520512	0.158975904318	0.188311151513	0.181194394349	0.112032069782	0.111840265464	0.148508577524	0.196876613542	0.180586757471	0.181960502479	0.182809499386	0.148594291304	0.187529114483	0.205319838313	0.157169731205	0.0885418381031	0.152117426493	0.169000099732	0.172231549641	0.137526758693	0.156949031032	0.152996953416	0.20236869988	0.165181114969	0.143178615209	0.169097911679	0.155816862325	0.167836521268	0.137978478455	0.182968288082	0.173486563967	0.182356579956	0.173023502748	0.180192272938
158337416-supragingivalplaque2.snv.bam	0.148359734587	0.0286301370668	0.0	0.179732136218	0.174415260421	0.180632521268	0.167940857108	0.15812404057	0.188931535666	0.201145156427	0.184964493468	0.167758260163	0.16689634316	0.170559324389	0.180702200234	0.166044184519	0.16632793986	0.168934952971	0.165717164495	0.172353473022	0.156194622744	0.153384339476	0.186137971143	0.176263854919	0.122820521882	0.123289673625	0.146278954684	0.20189716054	0.185888758699	0.184825587084	0.189815170612	0.159706594464	0.181172432535	0.195985315433	0.157785294499	0.0951096740706	0.147830632354	0.174761328518	0.172962794752	0.138448463578	0.152873484068	0.150585960221	0.199176552881	0.165410495389	0.145279217806	0.170460010133	0.156755927044	0.172408075055	0.146979462307	0.186155961699	0.170391427085	0.184671703498	0.167466583052	0.18179312035
158479027-supragingivalplaque1.snv.bam	0.146373570084	0.173479493105	0.179732136218	0.0	0.00334447605162	0.191737119538	0.18810347531	0.198223452268	0.200924803639	0.218096770422	0.200174791856	0.178081815261	0.175834032957	0.187899475131	0.189644318441	0.175141187661	0.182897388974	0.178039902242	0.176417265311	0.19380367607	0.179595049465	0.182317924879	0.18637378001	0.183548321306	0.152949199736	0.151422193209	0.161780168443	0.202939995518	0.172406605228	0.169164118467	0.170443582327	0.157265228049	0.169319120569	0.217396658119	0.169806541299	0.180505767171	0.169501409316	0.15404939522	0.165709669027	0.148437134983	0.175934703058	0.174814199571	0.199976887613	0.163086968073	0.148754842013	0.173601249555	0.161268590363	0.169541896967	0.159222199581	0.17694659597	0.185831031325	0.149798907141	0.169747112005	0.177124754259
158479027-supragingivalplaque2.snv.bam	0.145546128363	0.169015506497	0.174415260421	0.00334447605162	0.0	0.185443339439	0.181377294391	0.196492535124	0.19695995888	0.213686139138	0.195806581941	0.17382373978	0.16995832997	0.186015306636	0.188344271623	0.173507975469	0.180331074904	0.175756000608	0.173924351831	0.191954561588	0.175298902671	0.178259288918	0.188067780222	0.181989403555	0.145704828302	0.144126100503	0.157759707074	0.201469829335	0.173460788957	0.1709538704	0.172828795437	0.156339333463	0.170091241992	0.217464660009	0.165250952242	0.175676019554	0.167041351283	0.155396241642	0.161833395923	0.143358801642	0.173824405115	0.171662650334	0.202664100572	0.157415186346	0.143102556553	0.170137115111	0.161427105395	0.172915257192	0.157907387321	0.179696022603	0.186806835706	0.147307078562	0.166211799886	0.174701727113
158883629-supragingivalplaque1.snv.bam	0.177206738268	0.183807682754	0.180632521268	0.191737119538	0.185443339439	0.0	0.0371388243832	0.208819340348	0.177012231738	0.201304206948	0.189485561999	0.195177937154	0.19324942367	0.21087154972	0.216267479499	0.190278935131	0.190439487063	0.186750604484	0.185512541843	0.201253501972	0.175030012408	0.185062758805	0.212822943868	0.172318521465	0.191066162277	0.19299010558	0.177998769711	0.200549061883	0.178293546325	0.177527864008	0.213533135312	0.198964938897	0.162005857668	0.163609396469	0.187127956392	0.193187251331	0.175558386137	0.195669404374	0.197602911212	0.186689743306	0.173017215974	0.169042548456	0.193369481933	0.176138843959	0.190773984982	0.202551692515	0.190906377753	0.220588228225	0.194258930506	0.191581493253	0.202271145909	0.200489862454	0.164927306391	0.212379506391
158883629-supragingivalplaque3.snv.bam	0.17545563527	0.17389105207	0.167940857108	0.18810347531	0.181377294391	0.0371388243832	0.0	0.202100068576	0.178352866919	0.202332762646	0.186337233701	0.191920496459	0.1893112436	0.206617394202	0.211114051505	0.184094134384	0.186064454543	0.181023777188	0.179149263859	0.191592744753	0.168652278226	0.177106175463	0.209196342308	0.175943469081	0.181689636616	0.1836647173	0.171935487746	0.202659072825	0.180046019022	0.180033335858	0.21128165733	0.190278056374	0.164285486373	0.168991234059	0.180503032251	0.181445342026	0.171703227959	0.19442688434	0.191477426794	0.182519848449	0.166245825396	0.164985215716	0.193252104084	0.175784271869	0.186134179522	0.194996053479	0.184027824112	0.219736401565	0.190759788662	0.189475542756	0.199141808217	0.19464342804	0.163182459874	0.209367304385
158944319-supragingivalplaque3.snv.bam	0.176739961706	0.158962406266	0.15812404057	0.198223452268	0.196492535124	0.208819340348	0.202100068576	0.0	0.200043322542	0.207949480058	0.207051224147	0.172715856873	0.172076739118	0.174417781925	0.179489843157	0.118608307161	0.100134226468	0.109084347073	0.114157815785	0.068815957457	0.112168467031	0.0793905880217	0.191093635333	0.181572406171	0.179322123446	0.178290217389	0.191419628634	0.196814872165	0.189249701806	0.188615667578	0.206750862011	0.19567949147	0.194312992586	0.202400759361	0.184486649688	0.17934036841	0.146432300949	0.195442030927	0.195243628773	0.150691763501	0.17451384865	0.178810446357	0.193237621395	0.169932222894	0.152746225194	0.188882609378	0.171428730826	0.200428102913	0.190324046217	0.18499080975	0.158268220237	0.187799556176	0.174475746954	0.198920898722
159268001-supragingivalplaque1.snv.bam	0.177746420876	0.195343992862	0.188931535666	0.200924803639	0.19695995888	0.177012231738	0.178352866919	0.200043322542	0.0	0.0563318162287	0.0672297509574	0.199073774322	0.197641783018	0.174680219702	0.174495031311	0.195541011219	0.19620305689	0.189946323817	0.186032846827	0.206431742201	0.188307208381	0.185482228589	0.191908157833	0.154731260489	0.213393405485	0.212545242179	0.190935490153	0.181717382567	0.182212733998	0.183378777132	0.192697252449	0.194948730341	0.166011045281	0.152646272111	0.192785401065	0.20802525298	0.170252284073	0.198588909441	0.197622298233	0.176174160218	0.168484961364	0.151507719066	0.182134233004	0.173847197979	0.185968710492	0.196178125687	0.182096404744	0.206897924429	0.186708512714	0.181891312502	0.196530824451	0.203684113469	0.158253768278	0.20069717674
159268001-supragingivalplaque2.snv.bam	0.190616743482	0.208127697634	0.201145156427	0.218096770422	0.213686139138	0.201304206948	0.202332762646	0.207949480058	0.0563318162287	0.0	0.0942886951565	0.213128188112	0.216407342958	0.194140388003	0.193222122531	0.209081966168	0.21037813946	0.203227525887	0.200449653496	0.21472814071	0.202396590792	0.198210195829	0.208012917169	0.167733525703	0.223682052152	0.221716835172	0.205670651649	0.182211670801	0.202043789272	0.202868287714	0.211200357701	0.217410369767	0.195025377057	0.180597334545	0.211315895508	0.22902770613	0.183900843141	0.212642090451	0.216398791705	0.193988383666	0.186861168619	0.186607186569	0.190533506383	0.193227123089	0.199064536894	0.205984274348	0.198079146665	0.213533793117	0.20369558496	0.202796668478	0.210853049888	0.222782865564	0.180270682135	0.21779731807
159268001-supragingivalplaque3.snv.bam	0.184297206952	0.192433440698	0.184964493468	0.200174791856	0.195806581941	0.189485561999	0.186337233701	0.207051224147	0.0672297509574	0.0942886951565	0.0	0.204835793139	0.207722242408	0.188398968282	0.186285242069	0.19946157309	0.202965157769	0.197052926103	0.193785821891	0.215674404683	0.197287673404	0.192983196084	0.199504321925	0.172873210306	0.216906657221	0.215272918765	0.195367392421	0.1993402307	0.193405351483	0.195315647014	0.21193039245	0.20453598031	0.163535864019	0.157588223357	0.197623516661	0.207607799541	0.179266401173	0.212330537809	0.199758454469	0.191607660873	0.17773281396	0.141370554101	0.203040367764	0.180091687811	0.199609615531	0.202072570973	0.187426384891	0.215040134789	0.199778452365	0.19362034196	0.203407468653	0.204993645195	0.176385718978	0.214245894922
159551223-supragingivalplaque1.snv.bam	0.155763914973	0.160449535362	0.167758260163	0.178081815261	0.17382373978	0.195177937154	0.191920496459	0.172715856873	0.199073774322	0.213128188112	0.204835793139	0.0	0.0178619704348	0.181604699518	0.188766098464	0.160649486223	0.166537980085	0.162888981513	0.159249719736	0.17192830678	0.159461387782	0.153727179884	0.175698479971	0.16781007458	0.15887473663	0.157599927931	0.150857028446	0.169914194831	0.161722234173	0.160814630881	0.175651836679	0.191171883396	0.171257126198	0.205569978399	0.168876238579	0.172056177903	0.143659554764	0.17715268697	0.168133804247	0.155395173893	0.127017840767	0.174910407551	0.172825562436	0.166740445696	0.161014046422	0.147003569716	0.146797900893	0.199483758728	0.189173260525	0.16889589763	0.156012636139	0.172561847606	0.157655635867	0.181839003812
159551223-supragingivalplaque2.snv.bam	0.152025838291	0.160003525655	0.16689634316	0.175834032957	0.16995832997	0.19324942367	0.1893112436	0.172076739118	0.197641783018	0.216407342958	0.207722242408	0.0178619704348	0.0	0.182190746441	0.18935588343	0.161188742393	0.170125633813	0.163337353611	0.159462027531	0.171500760481	0.159110397897	0.15276282183	0.180351195743	0.169663940328	0.1579402423	0.156700515262	0.149519231463	0.172586917925	0.160304216042	0.159324549808	0.174764821791	0.188971284395	0.176206571008	0.204595411778	0.168149527716	0.169901115436	0.143600188242	0.1745160346	0.170713997932	0.154768176669	0.128299794564	0.172213058657	0.175674743837	0.160854201834	0.161414639666	0.146643454171	0.143470090808	0.201367904065	0.189013346718	0.171566832099	0.156134279793	0.171995726569	0.160095290691	0.179579425922
159814214-supragingivalplaque1.snv.bam	0.15539278579	0.170442576185	0.170559324389	0.187899475131	0.186015306636	0.21087154972	0.206617394202	0.174417781925	0.174680219702	0.194140388003	0.188398968282	0.181604699518	0.182190746441	0.0	0.0313547512999	0.154682848007	0.162568246105	0.15728083115	0.155045434037	0.183959129874	0.169626531071	0.163861925751	0.178829588138	0.180841415891	0.182681390849	0.18170772444	0.16779939858	0.198560476516	0.179672601842	0.181289749615	0.179692562091	0.18491371286	0.190995425835	0.190218239295	0.181697690078	0.192635701062	0.167281538047	0.199390290484	0.176525846967	0.183040013188	0.160634421045	0.15859490532	0.191896340517	0.188377652041	0.198510538597	0.204781043756	0.165821219556	0.229044352466	0.189106909054	0.172703846376	0.185421307405	0.192179934999	0.176433264121	0.185798094195
159814214-supragingivalplaque2.snv.bam	0.163091347715	0.180121181931	0.180702200234	0.189644318441	0.188344271623	0.216267479499	0.211114051505	0.179489843157	0.174495031311	0.193222122531	0.186285242069	0.188766098464	0.18935588343	0.0313547512999	0.0	0.1654738379	0.172821920805	0.167417791093	0.165808259855	0.189690685232	0.17926645144	0.172659974248	0.181941562987	0.18506153697	0.192381939924	0.191515601366	0.178080245479	0.198748241377	0.183631338684	0.184330376019	0.181317461281	0.1866464035	0.18795828758	0.184421120874	0.191030445613	0.20634363519	0.173720072124	0.20470997078	0.184278339695	0.186944490464	0.164733963031	0.16694531826	0.199193520705	0.193444611998	0.204262031354	0.204037129601	0.175624586512	0.234206455133	0.190522806464	0.177743624269	0.193242777619	0.196195872413	0.180417648186	0.185947287736
160178356-buccalmucosa2.snv.bam	0.152302451511	0.169783782034	0.166044184519	0.175141187661	0.173507975469	0.190278935131	0.184094134384	0.118608307161	0.195541011219	0.209081966168	0.19946157309	0.160649486223	0.161188742393	0.154682848007	0.1654738379	0.0	0.0805221772005	0.0354795134827	0.037170681274	0.12514483804	0.117773348635	0.105986602631	0.168650064339	0.170262562993	0.169716098645	0.16850341607	0.149181329061	0.194084268553	0.168786589105	0.17065128116	0.183509897822	0.192044987001	0.177339723316	0.199526079435	0.164036602372	0.18085297729	0.140520270458	0.182941859121	0.158949549509	0.175484489361	0.147007940841	0.154904738892	0.178630553229	0.177866290379	0.18686503233	0.186762501272	0.143447354462	0.204469055821	0.191603964318	0.162863504944	0.165657540953	0.185595477525	0.170489772707	0.195976456814
160178356-supragingivalplaque1.snv.bam	0.159450062714	0.167848350084	0.16632793986	0.182897388974	0.180331074904	0.190439487063	0.186064454543	0.100134226468	0.19620305689	0.21037813946	0.202965157769	0.166537980085	0.170125633813	0.162568246105	0.172821920805	0.0805221772005	0.0	0.0703203075672	0.0741138678691	0.0957434664511	0.110545864034	0.092532814943	0.17685104067	0.168125611877	0.173320633938	0.171968627523	0.155355714075	0.190418536217	0.180218299161	0.178246890662	0.177789538127	0.177629876422	0.183246596759	0.197116733451	0.160473043131	0.176710941927	0.135630715397	0.174197141675	0.148998440343	0.163771647817	0.150544877352	0.155436290085	0.184873523749	0.169148094437	0.169250148621	0.190106622488	0.154926138981	0.19663955603	0.181075077827	0.161104356632	0.165367479269	0.17991288738	0.173408447326	0.197167101678
160178356-supragingivalplaque2.snv.bam	0.153234487873	0.172239388413	0.168934952971	0.178039902242	0.175756000608	0.186750604484	0.181023777188	0.109084347073	0.189946323817	0.203227525887	0.197052926103	0.162888981513	0.163337353611	0.15728083115	0.167417791093	0.0354795134827	0.0703203075672	0.0	0.0182016570051	0.121264354312	0.114241606899	0.102224518082	0.173042754233	0.166066140247	0.174054315339	0.173133425574	0.150761025813	0.197693675662	0.173712028554	0.174756680961	0.182280322573	0.188801066195	0.179720445733	0.197670175713	0.165522963252	0.183864044059	0.136766951909	0.185235027499	0.155079855183	0.171501168721	0.145827210561	0.153477820124	0.181849877591	0.178620729306	0.181208439138	0.187398431389	0.145756221155	0.197251939514	0.190285091785	0.160219702259	0.169787119249	0.189402707305	0.171556178786	0.197198958673
160178356-supragingivalplaque3.snv.bam	0.151826742799	0.16870511958	0.165717164495	0.176417265311	0.173924351831	0.185512541843	0.179149263859	0.114157815785	0.186032846827	0.200449653496	0.193785821891	0.159249719736	0.159462027531	0.155045434037	0.165808259855	0.037170681274	0.0741138678691	0.0182016570051	0.0	0.126970968838	0.114192247663	0.104056726781	0.170265236377	0.162620164578	0.171797742907	0.170624648607	0.147545762946	0.19431807647	0.170644394763	0.172251593194	0.181818563329	0.186362668387	0.176790704531	0.196122669828	0.162422953444	0.180658612511	0.13371694116	0.182450371716	0.150689483827	0.168093893175	0.142727481497	0.150990235738	0.180113133235	0.175839261422	0.178193548713	0.182476300524	0.143766956492	0.192132507944	0.189233479645	0.157092599428	0.170654794699	0.186748582055	0.16798129549	0.194150912551
160319967-supragingivalplaque1.snv.bam	0.182555791884	0.17717054088	0.172353473022	0.19380367607	0.191954561588	0.201253501972	0.191592744753	0.068815957457	0.206431742201	0.21472814071	0.215674404683	0.17192830678	0.171500760481	0.183959129874	0.189690685232	0.12514483804	0.0957434664511	0.121264354312	0.126970968838	0.0	0.0834538609794	0.0588197058307	0.185468018512	0.192365712512	0.139264193136	0.140714056705	0.169720009096	0.200203955689	0.189728146386	0.18482696254	0.196060247029	0.189885731124	0.188230515028	0.208444730633	0.168476706766	0.17585114138	0.14009623906	0.187098380024	0.181990243367	0.170783150482	0.174384059758	0.180185673325	0.198182250805	0.173813515645	0.170527398036	0.180884842334	0.181777769642	0.216771180707	0.190457801333	0.189887203386	0.142068022652	0.180501031293	0.167907590965	0.17364516223
160319967-supragingivalplaque2.snv.bam	0.151831979843	0.161640520512	0.156194622744	0.179595049465	0.175298902671	0.175030012408	0.168652278226	0.112168467031	0.188307208381	0.202396590792	0.197287673404	0.159461387782	0.159110397897	0.169626531071	0.17926645144	0.117773348635	0.110545864034	0.114241606899	0.114192247663	0.0834538609794	0.0	0.0470471109451	0.192416671573	0.172829385388	0.143347747472	0.142595742485	0.148077845689	0.180889477853	0.169298433001	0.167436713068	0.185864121532	0.169874193833	0.177395232266	0.189998685749	0.125991648834	0.153445224874	0.128902336616	0.154130935494	0.161849061005	0.165870221192	0.146674870901	0.149409583086	0.181423592027	0.156482264879	0.1652181877	0.160431776341	0.148715246122	0.197851369867	0.170038222633	0.17367343415	0.15980294328	0.170673264308	0.151656079382	0.17645922624
160319967-supragingivalplaque3.snv.bam	0.162847702188	0.158975904318	0.153384339476	0.182317924879	0.178259288918	0.185062758805	0.177106175463	0.0793905880217	0.185482228589	0.198210195829	0.192983196084	0.153727179884	0.15276282183	0.163861925751	0.172659974248	0.105986602631	0.092532814943	0.102224518082	0.104056726781	0.0588197058307	0.0470471109451	0.0	0.181984803479	0.176031953537	0.14892937542	0.148155682016	0.153969124896	0.181579915118	0.167214661575	0.166432822844	0.193079487294	0.173048979734	0.174687484263	0.187846723957	0.145105019639	0.157143171569	0.119454600346	0.166180919789	0.16338518637	0.15946143927	0.146177899347	0.147381321742	0.1761941088	0.155733419838	0.163787288388	0.162318810234	0.153149651689	0.203616107904	0.17196616899	0.171541879148	0.143757941521	0.166550981349	0.15208823102	0.177524081281
160380657-supragingivalplaque3.snv.bam	0.163716745652	0.188311151513	0.186137971143	0.18637378001	0.188067780222	0.212822943868	0.209196342308	0.191093635333	0.191908157833	0.208012917169	0.199504321925	0.175698479971	0.180351195743	0.178829588138	0.181941562987	0.168650064339	0.17685104067	0.173042754233	0.170265236377	0.185468018512	0.192416671573	0.181984803479	0.0	0.179851356788	0.181854429489	0.182162324347	0.185849542353	0.186475168682	0.193291211487	0.192868795168	0.19688287443	0.217824624699	0.165819462636	0.18496372826	0.193932477605	0.198066561857	0.153859395061	0.187737148763	0.181916527758	0.188299643651	0.175930395248	0.166366412485	0.181523363547	0.19403824409	0.194747481607	0.196078280208	0.172203106241	0.204425541509	0.205641236413	0.176538052388	0.175798819915	0.194891594307	0.180395062776	0.160394185369
160400887-supragingivalplaque1.snv.bam	0.140550343488	0.181194394349	0.176263854919	0.183548321306	0.181989403555	0.172318521465	0.175943469081	0.181572406171	0.154731260489	0.167733525703	0.172873210306	0.16781007458	0.169663940328	0.180841415891	0.18506153697	0.170262562993	0.168125611877	0.166066140247	0.162620164578	0.192365712512	0.172829385388	0.176031953537	0.179851356788	0.0	0.198612346166	0.199442740825	0.180888840561	0.147867972102	0.137592364032	0.134259697973	0.209166847704	0.186396887584	0.136452404734	0.151269665729	0.162189802872	0.192492292733	0.151502738581	0.181893414566	0.17851816912	0.152610941375	0.150231734485	0.17009551628	0.147142869818	0.147146373768	0.162680023256	0.1871985103	0.170555574955	0.187244342874	0.183458754528	0.159663626717	0.192171187853	0.185277762877	0.132310633574	0.150612998426
160502038-supragingivalplaque2.snv.bam	0.148020221788	0.112032069782	0.122820521882	0.152949199736	0.145704828302	0.191066162277	0.181689636616	0.179322123446	0.213393405485	0.223682052152	0.216906657221	0.15887473663	0.1579402423	0.182681390849	0.192381939924	0.169716098645	0.173320633938	0.174054315339	0.171797742907	0.139264193136	0.143347747472	0.14892937542	0.181854429489	0.198612346166	0.0	0.000250038797483	0.1342809004	0.185907907925	0.180690483792	0.178698217217	0.192770507918	0.159511612022	0.184871190578	0.219480274133	0.139456380151	0.113462296102	0.151099361371	0.171646738115	0.178458084737	0.175174938436	0.172708231878	0.180310301729	0.204596903178	0.168111093478	0.177951717404	0.137967018398	0.1617530576	0.197072746812	0.161346871989	0.187381819089	0.178007087042	0.1589470719	0.155803290072	0.149514867088
160502038-supragingivalplaque3.snv.bam	0.147190334881	0.111840265464	0.123289673625	0.151422193209	0.144126100503	0.19299010558	0.1836647173	0.178290217389	0.212545242179	0.221716835172	0.215272918765	0.157599927931	0.156700515262	0.18170772444	0.191515601366	0.16850341607	0.171968627523	0.173133425574	0.170624648607	0.140714056705	0.142595742485	0.148155682016	0.182162324347	0.199442740825	0.000250038797483	0.0	0.134512130383	0.18488530398	0.180589934018	0.178807518549	0.191841990475	0.156644325159	0.18577932873	0.220831237954	0.137909356974	0.112307219481	0.150527187409	0.170543103661	0.177251433372	0.173954772768	0.171600173796	0.179605637133	0.204064350619	0.167094349686	0.176703258277	0.137634771264	0.16056381532	0.195221750339	0.15859994393	0.188587381098	0.176749523926	0.156312906362	0.157063835982	0.150649679598
160542498-supragingivalplaque1.snv.bam	0.148704505179	0.148508577524	0.146278954684	0.161780168443	0.157759707074	0.177998769711	0.171935487746	0.191419628634	0.190935490153	0.205670651649	0.195367392421	0.150857028446	0.149519231463	0.16779939858	0.178080245479	0.149181329061	0.155355714075	0.150761025813	0.147545762946	0.169720009096	0.148077845689	0.153969124896	0.185849542353	0.180888840561	0.1342809004	0.134512130383	0.0	0.199145131002	0.16913870861	0.168818547284	0.178201647702	0.178835338344	0.184082361942	0.201026464333	0.156829985539	0.158175037231	0.148889428197	0.178326985487	0.156976781529	0.172265208396	0.133463931155	0.153823757978	0.195521139806	0.171881671931	0.17607435412	0.173675790327	0.141806869947	0.209714171983	0.183787425892	0.158869933796	0.178536206126	0.186367632869	0.172888855434	0.185620916535
160582958-supragingivalplaque3.snv.bam	0.162378293087	0.196876613542	0.20189716054	0.202939995518	0.201469829335	0.200549061883	0.202659072825	0.196814872165	0.181717382567	0.182211670801	0.1993402307	0.169914194831	0.172586917925	0.198560476516	0.198748241377	0.194084268553	0.190418536217	0.197693675662	0.19431807647	0.200203955689	0.180889477853	0.181579915118	0.186475168682	0.147867972102	0.185907907925	0.18488530398	0.199145131002	0.0	0.128272590706	0.126054078734	0.19285229255	0.2027559918	0.163306333576	0.162569707517	0.178747996959	0.197397144746	0.172271801893	0.169592164143	0.194831724047	0.19543289775	0.174028573032	0.194294509977	0.126375670293	0.170200454245	0.19360116636	0.171488224949	0.157629473273	0.225955150368	0.191744037161	0.193750389865	0.18865795998	0.164401253409	0.137127851698	0.174348950763
160603188-supragingivalplaque2.snv.bam	0.167977343485	0.180586757471	0.185888758699	0.172406605228	0.173460788957	0.178293546325	0.180046019022	0.189249701806	0.182212733998	0.202043789272	0.193405351483	0.161722234173	0.160304216042	0.179672601842	0.183631338684	0.168786589105	0.180218299161	0.173712028554	0.170644394763	0.189728146386	0.169298433001	0.167214661575	0.193291211487	0.137592364032	0.180690483792	0.180589934018	0.16913870861	0.128272590706	0.0	0.0221794048721	0.206076138002	0.175117184131	0.141716930924	0.161893228464	0.179729190867	0.1796921583	0.155856261392	0.167239939452	0.17116815517	0.175337586736	0.161794035204	0.173607996789	0.1286698058	0.153718021644	0.18626693745	0.184360444287	0.146491973591	0.207396263759	0.170781162462	0.17168284386	0.18679208678	0.156119453743	0.13162176475	0.176333064685
160603188-supragingivalplaque3.snv.bam	0.167172792928	0.181960502479	0.184825587084	0.169164118467	0.1709538704	0.177527864008	0.180033335858	0.188615667578	0.183378777132	0.202868287714	0.195315647014	0.160814630881	0.159324549808	0.181289749615	0.184330376019	0.17065128116	0.178246890662	0.174756680961	0.172251593194	0.18482696254	0.167436713068	0.166432822844	0.192868795168	0.134259697973	0.178698217217	0.178807518549	0.168818547284	0.126054078734	0.0221794048721	0.0	0.206102593087	0.173953157477	0.13542358967	0.159623843095	0.179118469934	0.181348290006	0.154791558813	0.166785261076	0.173394007936	0.175221722005	0.161154140521	0.176526727797	0.127855907835	0.150989523003	0.184594660609	0.182089107219	0.152036839004	0.20561826886	0.168350887893	0.17249935343	0.185624981821	0.15172175629	0.125460438325	0.173737545942
370425937-supragingivalplaque2.snv.bam	0.166632037058	0.182809499386	0.189815170612	0.170443582327	0.172828795437	0.213533135312	0.21128165733	0.206750862011	0.192697252449	0.211200357701	0.21193039245	0.175651836679	0.174764821791	0.179692562091	0.181317461281	0.183509897822	0.177789538127	0.182280322573	0.181818563329	0.196060247029	0.185864121532	0.193079487294	0.19688287443	0.209166847704	0.192770507918	0.191841990475	0.178201647702	0.19285229255	0.206076138002	0.206102593087	0.0	0.194429726754	0.208280975142	0.211447751626	0.190636093502	0.207746908665	0.190343889737	0.179246195734	0.183868874277	0.196159036603	0.175409525185	0.17634759009	0.206906787158	0.203166276181	0.182813238439	0.191577187573	0.143498552561	0.236190988301	0.196451399276	0.183947641709	0.180735475439	0.198933773924	0.197737553957	0.194471951194
517810313-supragingivalplaque2.snv.bam	0.167002858089	0.148594291304	0.159706594464	0.157265228049	0.156339333463	0.198964938897	0.190278056374	0.19567949147	0.194948730341	0.217410369767	0.20453598031	0.191171883396	0.188971284395	0.18491371286	0.1866464035	0.192044987001	0.177629876422	0.188801066195	0.186362668387	0.189885731124	0.169874193833	0.173048979734	0.217824624699	0.186396887584	0.159511612022	0.156644325159	0.178835338344	0.2027559918	0.175117184131	0.173953157477	0.194429726754	0.0	0.200053203084	0.218216021052	0.174060760003	0.174325572556	0.164159078881	0.185471746347	0.154960379926	0.157278831314	0.174612785543	0.187489240785	0.214537536429	0.164015152468	0.172814650726	0.188995915371	0.163723530531	0.199103410507	0.0529949818771	0.173066284091	0.192612481502	0.189147399105	0.195767962531	0.189402988466
533247696-supragingivalplaque1.snv.bam	0.175065542588	0.187529114483	0.181172432535	0.169319120569	0.170091241992	0.162005857668	0.164285486373	0.194312992586	0.166011045281	0.195025377057	0.163535864019	0.171257126198	0.176206571008	0.190995425835	0.18795828758	0.177339723316	0.183246596759	0.179720445733	0.176790704531	0.188230515028	0.177395232266	0.174687484263	0.165819462636	0.136452404734	0.184871190578	0.18577932873	0.184082361942	0.163306333576	0.141716930924	0.13542358967	0.208280975142	0.200053203084	0.0	0.142701525752	0.184535830159	0.173186341218	0.143915861463	0.176944942009	0.2003235522	0.172269891325	0.162702513235	0.149939477713	0.154153093453	0.159662617819	0.174689509422	0.179447315393	0.193958052748	0.194695793828	0.191119091747	0.190211747605	0.191435204685	0.108974452101	0.0739480855002	0.168152748371
550534656-supragingivalplaque3.snv.bam	0.185242105143	0.205319838313	0.195985315433	0.217396658119	0.217464660009	0.163609396469	0.168991234059	0.202400759361	0.152646272111	0.180597334545	0.157588223357	0.205569978399	0.204595411778	0.190218239295	0.184421120874	0.199526079435	0.197116733451	0.197670175713	0.196122669828	0.208444730633	0.189998685749	0.187846723957	0.18496372826	0.151269665729	0.219480274133	0.220831237954	0.201026464333	0.162569707517	0.161893228464	0.159623843095	0.211447751626	0.218216021052	0.142701525752	0.0	0.190539638699	0.20058615439	0.173904412081	0.186341946555	0.201112693386	0.195445954383	0.160908969133	0.142411894934	0.160808889339	0.176437736599	0.204188281542	0.202912234073	0.180815385619	0.228112400275	0.202726419235	0.178585239969	0.194984835031	0.195041708539	0.15419615604	0.195400890334
604812005-supragingivalplaque3.snv.bam	0.143339532855	0.157169731205	0.157785294499	0.169806541299	0.165250952242	0.187127956392	0.180503032251	0.184486649688	0.192785401065	0.211315895508	0.197623516661	0.168876238579	0.168149527716	0.181697690078	0.191030445613	0.164036602372	0.160473043131	0.165522963252	0.162422953444	0.168476706766	0.125991648834	0.145105019639	0.193932477605	0.162189802872	0.139456380151	0.137909356974	0.156829985539	0.178747996959	0.179729190867	0.179118469934	0.190636093502	0.174060760003	0.184535830159	0.190539638699	0.0	0.148539348934	0.145463046114	0.139787243431	0.179545519966	0.157224343436	0.145286455292	0.156460942411	0.180014248343	0.145440331121	0.154093387531	0.152347124257	0.14844682387	0.182837465287	0.175894349404	0.166359602402	0.192059540026	0.169303401625	0.162830354718	0.14981506158
650853796-supragingivalplaque1.snv.bam	0.155088796748	0.0885418381031	0.0951096740706	0.180505767171	0.175676019554	0.193187251331	0.181445342026	0.17934036841	0.20802525298	0.22902770613	0.207607799541	0.172056177903	0.169901115436	0.192635701062	0.20634363519	0.18085297729	0.176710941927	0.183864044059	0.180658612511	0.17585114138	0.153445224874	0.157143171569	0.198066561857	0.192492292733	0.113462296102	0.112307219481	0.158175037231	0.197397144746	0.1796921583	0.181348290006	0.207746908665	0.174325572556	0.173186341218	0.20058615439	0.148539348934	0.0	0.143007187287	0.163406375627	0.181626458975	0.158661423043	0.16851035736	0.158467654471	0.199792834035	0.152964249732	0.168659980239	0.159869088092	0.170899924281	0.171398409689	0.158597086343	0.194983547173	0.183371922559	0.136639404949	0.145331009565	0.165344205866
682102541-supragingivalplaque3.snv.bam	0.146493318789	0.152117426493	0.147830632354	0.169501409316	0.167041351283	0.175558386137	0.171703227959	0.146432300949	0.170252284073	0.183900843141	0.179266401173	0.143659554764	0.143600188242	0.167281538047	0.173720072124	0.140520270458	0.135630715397	0.136766951909	0.13371694116	0.14009623906	0.128902336616	0.119454600346	0.153859395061	0.151502738581	0.151099361371	0.150527187409	0.148889428197	0.172271801893	0.155856261392	0.154791558813	0.190343889737	0.164159078881	0.143915861463	0.173904412081	0.145463046114	0.143007187287	0.0	0.159664476974	0.158458263518	0.143413632048	0.137043460374	0.133793356024	0.153503909458	0.12370657393	0.148738027453	0.144981594706	0.139447816646	0.178065398678	0.161672056894	0.160149685596	0.132628215081	0.138840725059	0.13401579146	0.155576305844
763496533-buccalmucosa1.snv.bam	0.158547283906	0.169000099732	0.174761328518	0.15404939522	0.155396241642	0.195669404374	0.19442688434	0.195442030927	0.198588909441	0.212642090451	0.212330537809	0.17715268697	0.1745160346	0.199390290484	0.20470997078	0.182941859121	0.174197141675	0.185235027499	0.182450371716	0.187098380024	0.154130935494	0.166180919789	0.187737148763	0.181893414566	0.171646738115	0.170543103661	0.178326985487	0.169592164143	0.167239939452	0.166785261076	0.179246195734	0.185471746347	0.176944942009	0.186341946555	0.139787243431	0.163406375627	0.159664476974	0.0	0.172358010137	0.164592852318	0.154016710469	0.17309055969	0.168590080664	0.168452908878	0.153984951964	0.14501556408	0.155831502113	0.14692358193	0.173232937851	0.178459621233	0.197728115665	0.154128123236	0.169991276708	0.17451991441
763840445-supragingivalplaque1.snv.bam	0.165877759178	0.172231549641	0.172962794752	0.165709669027	0.161833395923	0.197602911212	0.191477426794	0.195243628773	0.197622298233	0.216398791705	0.199758454469	0.168133804247	0.170713997932	0.176525846967	0.184278339695	0.158949549509	0.148998440343	0.155079855183	0.150689483827	0.181990243367	0.161849061005	0.16338518637	0.181916527758	0.17851816912	0.178458084737	0.177251433372	0.156976781529	0.194831724047	0.17116815517	0.173394007936	0.183868874277	0.154960379926	0.2003235522	0.201112693386	0.179545519966	0.181626458975	0.158458263518	0.172358010137	0.0	0.177896541994	0.152185979227	0.155500640141	0.196792747636	0.173846351015	0.189037493263	0.187531472704	0.151737216994	0.176600446693	0.185565687598	0.163855727225	0.19187170218	0.187924953859	0.190311627433	0.194781054006
763860675-supragingivalplaque1.snv.bam	0.17055886074	0.137526758693	0.138448463578	0.148437134983	0.143358801642	0.186689743306	0.182519848449	0.150691763501	0.176174160218	0.193988383666	0.191607660873	0.155395173893	0.154768176669	0.183040013188	0.186944490464	0.175484489361	0.163771647817	0.171501168721	0.168093893175	0.170783150482	0.165870221192	0.15946143927	0.188299643651	0.152610941375	0.175174938436	0.173954772768	0.172265208396	0.19543289775	0.175337586736	0.175221722005	0.196159036603	0.157278831314	0.172269891325	0.195445954383	0.157224343436	0.158661423043	0.143413632048	0.164592852318	0.177896541994	0.0	0.142079453724	0.167533974228	0.194739837521	0.128987985735	0.0432182743018	0.164130418324	0.172524831684	0.143445281038	0.140411144084	0.155300577611	0.172590227282	0.174642559293	0.164152701425	0.171249606502
763982056-supragingivalplaque3.snv.bam	0.152970657286	0.156949031032	0.152873484068	0.175934703058	0.173824405115	0.173017215974	0.166245825396	0.17451384865	0.168484961364	0.186861168619	0.17773281396	0.127017840767	0.128299794564	0.160634421045	0.164733963031	0.147007940841	0.150544877352	0.145827210561	0.142727481497	0.174384059758	0.146674870901	0.146177899347	0.175930395248	0.150231734485	0.172708231878	0.171600173796	0.133463931155	0.174028573032	0.161794035204	0.161154140521	0.175409525185	0.174612785543	0.162702513235	0.160908969133	0.145286455292	0.16851035736	0.137043460374	0.154016710469	0.152185979227	0.142079453724	0.0	0.144131272882	0.167550690124	0.149647941569	0.150037308784	0.16246916787	0.134350411459	0.184954891614	0.17947932942	0.151270370214	0.17494376496	0.180069136058	0.159768420522	0.191140841814
764083206-supragingivalplaque1.snv.bam	0.148167894865	0.152996953416	0.150585960221	0.174814199571	0.171662650334	0.169042548456	0.164985215716	0.178810446357	0.151507719066	0.186607186569	0.141370554101	0.174910407551	0.172213058657	0.15859490532	0.16694531826	0.154904738892	0.155436290085	0.153477820124	0.150990235738	0.180185673325	0.149409583086	0.147381321742	0.166366412485	0.17009551628	0.180310301729	0.179605637133	0.153823757978	0.194294509977	0.173607996789	0.176526727797	0.17634759009	0.187489240785	0.149939477713	0.142411894934	0.156460942411	0.158467654471	0.133793356024	0.17309055969	0.155500640141	0.167533974228	0.144131272882	0.0	0.188565823567	0.15858644495	0.172962281908	0.184122318601	0.142681646146	0.209720174673	0.180677630267	0.163133789705	0.172340173809	0.183022293777	0.162947723495	0.186466866531
764224817-supragingivalplaque2.snv.bam	0.177828902493	0.20236869988	0.199176552881	0.199976887613	0.202664100572	0.193369481933	0.193252104084	0.193237621395	0.182134233004	0.190533506383	0.203040367764	0.172825562436	0.175674743837	0.191896340517	0.199193520705	0.178630553229	0.184873523749	0.181849877591	0.180113133235	0.198182250805	0.181423592027	0.1761941088	0.181523363547	0.147142869818	0.204596903178	0.204064350619	0.195521139806	0.126375670293	0.1286698058	0.127855907835	0.206906787158	0.214537536429	0.154153093453	0.160808889339	0.180014248343	0.199792834035	0.153503909458	0.168590080664	0.196792747636	0.194739837521	0.167550690124	0.188565823567	0.0	0.150592287844	0.200865253658	0.188047473396	0.154088933707	0.211794138813	0.203209806501	0.179805494049	0.193187037095	0.164093344869	0.144544899773	0.16107543098
764305738-supragingivalplaque1.snv.bam	0.162659400131	0.165181114969	0.165410495389	0.163086968073	0.157415186346	0.176138843959	0.175784271869	0.169932222894	0.173847197979	0.193227123089	0.180091687811	0.166740445696	0.160854201834	0.188377652041	0.193444611998	0.177866290379	0.169148094437	0.178620729306	0.175839261422	0.173813515645	0.156482264879	0.155733419838	0.19403824409	0.147146373768	0.168111093478	0.167094349686	0.171881671931	0.170200454245	0.153718021644	0.150989523003	0.203166276181	0.164015152468	0.159662617819	0.176437736599	0.145440331121	0.152964249732	0.12370657393	0.168452908878	0.173846351015	0.128987985735	0.149647941569	0.15858644495	0.150592287844	0.0	0.117746614135	0.158927682091	0.159765559387	0.183157157668	0.146483688574	0.161820671096	0.159110137414	0.131894232766	0.147201432001	0.148321659259
764305738-supragingivalplaque2.snv.bam	0.171337961068	0.143178615209	0.145279217806	0.148754842013	0.143102556553	0.190773984982	0.186134179522	0.152746225194	0.185968710492	0.199064536894	0.199609615531	0.161014046422	0.161414639666	0.198510538597	0.204262031354	0.18686503233	0.169250148621	0.181208439138	0.178193548713	0.170527398036	0.1652181877	0.163787288388	0.194747481607	0.162680023256	0.177951717404	0.176703258277	0.17607435412	0.19360116636	0.18626693745	0.184594660609	0.182813238439	0.172814650726	0.174689509422	0.204188281542	0.154093387531	0.168659980239	0.148738027453	0.153984951964	0.189037493263	0.0432182743018	0.150037308784	0.172962281908	0.200865253658	0.117746614135	0.0	0.168316326417	0.16723570623	0.139129215458	0.158131695238	0.169031779414	0.176976785334	0.176939133826	0.167098101814	0.175770243003
