	158337416-stool1.snv.bam	158984779-stool1.snv.bam	159753524-stool1.snv.bam	159753524-stool2.snv.bam	159753524-stool3.snv.bam	160502038-stool1.snv.bam	160502038-stool2.snv.bam	764143897-stool1.snv.bam	765094712-stool3.snv.bam	765620695-stool1.snv.bam	CCIS27927933ST-4-0.snv.bam	CCIS41288781ST-4-0.snv.bam	CCIS98512455ST-4-0.snv.bam	CCMD45988061ST-21-0.snv.bam	CCMD88272491ST-21-0.snv.bam	ED12A.snv.bam	ED15A.snv.bam	HT14A.snv.bam	HT25A.snv.bam	M3.3-V3.metaT.snv.bam	MH0309.snv.bam	NG-5636_312.snv.bam	O2.UC47-1.snv.bam	T2D-123A.snv.bam	T2D-19A.snv.bam	T2D-25A.snv.bam	T2D-31A.snv.bam	V1.CD3-0-PN.snv.bam	V1.CD54-0.snv.bam	V1.FI05.snv.bam	V1.FI34.snv.bam
158337416-stool1.snv.bam	0.0	0.0885608856089	0.09963099631	0.110701107011	0.10332103321	0.166051660517	0.177121771218	0.0	0.0110701107011	0.0664206642066	0.0848708487085	0.09963099631	0.154981549815	0.173431734317	0.188191881919	0.09963099631	0.118081180812	0.177121771218	0.10332103321	0.0	0.107011070111	0.118081180812	0.136531365314	0.09963099631	0.147601476015	0.0848708487085	0.169741697417	0.173431734317	0.169741697417	0.136531365314	0.158671586716
158984779-stool1.snv.bam	0.0885608856089	0.0	0.0221402214022	0.0479704797048	0.0332103321033	0.121771217712	0.147601476015	0.0442804428044	0.0774907749077	0.0664206642066	0.0664206642066	0.0221402214022	0.0959409594096	0.107011070111	0.114391143911	0.0922509225092	0.0885608856089	0.118081180812	0.0553505535055	0.0664206642066	0.0774907749077	0.0774907749077	0.0774907749077	0.0516605166052	0.118081180812	0.0553505535055	0.110701107011	0.09963099631	0.10332103321	0.0848708487085	0.125461254613
159753524-stool1.snv.bam	0.09963099631	0.0221402214022	0.0	0.0	0.0110701107011	0.09963099631	0.143911439114	0.0442804428044	0.0922509225092	0.0848708487085	0.0959409594096	0.0479704797048	0.107011070111	0.0811808118081	0.107011070111	0.107011070111	0.0811808118081	0.110701107011	0.0848708487085	0.0848708487085	0.0590405904059	0.029520295203	0.09963099631	0.0258302583026	0.0959409594096	0.0369003690037	0.110701107011	0.0922509225092	0.0885608856089	0.0922509225092	0.110701107011
159753524-stool2.snv.bam	0.110701107011	0.0479704797048	0.0	0.0	0.0147601476015	0.125461254613	0.143911439114	0.0811808118081	0.09963099631	0.0959409594096	0.107011070111	0.0553505535055	0.118081180812	0.0848708487085	0.129151291513	0.125461254613	0.0922509225092	0.107011070111	0.0848708487085	0.09963099631	0.070110701107	0.0553505535055	0.0959409594096	0.0590405904059	0.107011070111	0.070110701107	0.107011070111	0.10332103321	0.10332103321	0.10332103321	0.125461254613
159753524-stool3.snv.bam	0.10332103321	0.0332103321033	0.0110701107011	0.0147601476015	0.0	0.107011070111	0.136531365314	0.0553505535055	0.0959409594096	0.09963099631	0.110701107011	0.0590405904059	0.114391143911	0.125461254613	0.0922509225092	0.129151291513	0.0627306273063	0.029520295203	0.0811808118081	0.0922509225092	0.0738007380074	0.0664206642066	0.118081180812	0.0369003690037	0.118081180812	0.0332103321033	0.0221402214022	0.0774907749077	0.0885608856089	0.114391143911	0.0848708487085
160502038-stool1.snv.bam	0.166051660517	0.121771217712	0.09963099631	0.125461254613	0.107011070111	0.0	0.0	0.125461254613	0.154981549815	0.136531365314	0.162361623616	0.121771217712	0.169741697417	0.180811808118	0.154981549815	0.177121771218	0.140221402214	0.188191881919	0.125461254613	0.132841328413	0.0627306273063	0.110701107011	0.151291512915	0.118081180812	0.143911439114	0.132841328413	0.180811808118	0.177121771218	0.177121771218	0.143911439114	0.191881918819
160502038-stool2.snv.bam	0.177121771218	0.147601476015	0.143911439114	0.143911439114	0.136531365314	0.0	0.0	0.140221402214	0.166051660517	0.158671586716	0.184501845018	0.136531365314	0.188191881919	0.206642066421	0.180811808118	0.19557195572	0.169741697417	0.206642066421	0.184501845018	0.147601476015	0.0848708487085	0.143911439114	0.191881918819	0.154981549815	0.162361623616	0.143911439114	0.19926199262	0.191881918819	0.184501845018	0.177121771218	0.20295202952
764143897-stool1.snv.bam	0.0	0.0442804428044	0.0442804428044	0.0811808118081	0.0553505535055	0.125461254613	0.140221402214	0.0	0.00369003690037	0.0184501845018	0.0664206642066	0.0516605166052	0.121771217712	0.118081180812	0.125461254613	0.0774907749077	0.0811808118081	0.143911439114	0.0590405904059	0.0	0.0553505535055	0.0738007380074	0.09963099631	0.0479704797048	0.118081180812	0.0590405904059	0.136531365314	0.140221402214	0.121771217712	0.0664206642066	0.129151291513
765094712-stool3.snv.bam	0.0110701107011	0.0774907749077	0.0922509225092	0.09963099631	0.0959409594096	0.154981549815	0.166051660517	0.00369003690037	0.0	0.070110701107	0.0885608856089	0.0922509225092	0.143911439114	0.162361623616	0.177121771218	0.10332103321	0.114391143911	0.166051660517	0.0922509225092	0.0110701107011	0.09963099631	0.110701107011	0.125461254613	0.0959409594096	0.136531365314	0.0738007380074	0.158671586716	0.162361623616	0.158671586716	0.129151291513	0.147601476015
765620695-stool1.snv.bam	0.0664206642066	0.0664206642066	0.0848708487085	0.0959409594096	0.09963099631	0.136531365314	0.158671586716	0.0184501845018	0.070110701107	0.0	0.0221402214022	0.0516605166052	0.140221402214	0.158671586716	0.169741697417	0.0332103321033	0.110701107011	0.177121771218	0.0848708487085	0.0516605166052	0.0922509225092	0.0959409594096	0.110701107011	0.0811808118081	0.132841328413	0.0848708487085	0.166051660517	0.166051660517	0.140221402214	0.0959409594096	0.180811808118
CCIS27927933ST-4-0.snv.bam	0.0848708487085	0.0664206642066	0.0959409594096	0.107011070111	0.110701107011	0.162361623616	0.184501845018	0.0664206642066	0.0885608856089	0.0221402214022	0.0	0.0664206642066	0.162361623616	0.180811808118	0.19926199262	0.0442804428044	0.129151291513	0.180811808118	0.125461254613	0.070110701107	0.118081180812	0.125461254613	0.110701107011	0.10332103321	0.162361623616	0.10332103321	0.173431734317	0.180811808118	0.162361623616	0.132841328413	0.188191881919
CCIS41288781ST-4-0.snv.bam	0.09963099631	0.0221402214022	0.0479704797048	0.0553505535055	0.0590405904059	0.121771217712	0.136531365314	0.0516605166052	0.0922509225092	0.0516605166052	0.0664206642066	0.0	0.107011070111	0.121771217712	0.143911439114	0.0848708487085	0.0885608856089	0.136531365314	0.0738007380074	0.0738007380074	0.0738007380074	0.0738007380074	0.09963099631	0.0627306273063	0.110701107011	0.0553505535055	0.136531365314	0.0885608856089	0.10332103321	0.09963099631	0.147601476015
CCIS98512455ST-4-0.snv.bam	0.154981549815	0.0959409594096	0.107011070111	0.118081180812	0.114391143911	0.169741697417	0.188191881919	0.121771217712	0.143911439114	0.140221402214	0.162361623616	0.107011070111	0.0	0.173431734317	0.158671586716	0.158671586716	0.140221402214	0.162361623616	0.114391143911	0.129151291513	0.121771217712	0.129151291513	0.158671586716	0.129151291513	0.151291512915	0.114391143911	0.162361623616	0.169741697417	0.0922509225092	0.143911439114	0.158671586716
CCMD45988061ST-21-0.snv.bam	0.173431734317	0.107011070111	0.0811808118081	0.0848708487085	0.125461254613	0.180811808118	0.206642066421	0.118081180812	0.162361623616	0.158671586716	0.180811808118	0.121771217712	0.173431734317	0.0	0.184501845018	0.188191881919	0.169741697417	0.19557195572	0.154981549815	0.140221402214	0.143911439114	0.114391143911	0.158671586716	0.154981549815	0.143911439114	0.125461254613	0.19557195572	0.180811808118	0.151291512915	0.154981549815	0.191881918819
CCMD88272491ST-21-0.snv.bam	0.188191881919	0.114391143911	0.107011070111	0.129151291513	0.0922509225092	0.154981549815	0.180811808118	0.125461254613	0.177121771218	0.169741697417	0.19926199262	0.143911439114	0.158671586716	0.184501845018	0.0	0.19926199262	0.151291512915	0.143911439114	0.151291512915	0.154981549815	0.140221402214	0.147601476015	0.19557195572	0.136531365314	0.140221402214	0.114391143911	0.143911439114	0.169741697417	0.154981549815	0.169741697417	0.162361623616
ED12A.snv.bam	0.09963099631	0.0922509225092	0.107011070111	0.125461254613	0.129151291513	0.177121771218	0.19557195572	0.0774907749077	0.10332103321	0.0332103321033	0.0442804428044	0.0848708487085	0.158671586716	0.188191881919	0.19926199262	0.0	0.136531365314	0.19557195572	0.136531365314	0.0848708487085	0.136531365314	0.125461254613	0.136531365314	0.118081180812	0.158671586716	0.121771217712	0.188191881919	0.184501845018	0.173431734317	0.129151291513	0.206642066421
ED15A.snv.bam	0.118081180812	0.0885608856089	0.0811808118081	0.0922509225092	0.0627306273063	0.140221402214	0.169741697417	0.0811808118081	0.114391143911	0.110701107011	0.129151291513	0.0885608856089	0.140221402214	0.169741697417	0.151291512915	0.136531365314	0.0	0.162361623616	0.10332103321	0.09963099631	0.10332103321	0.10332103321	0.118081180812	0.070110701107	0.118081180812	0.070110701107	0.154981549815	0.143911439114	0.147601476015	0.125461254613	0.158671586716
HT14A.snv.bam	0.177121771218	0.118081180812	0.110701107011	0.107011070111	0.029520295203	0.188191881919	0.206642066421	0.143911439114	0.166051660517	0.177121771218	0.180811808118	0.136531365314	0.162361623616	0.19557195572	0.143911439114	0.19557195572	0.162361623616	0.0	0.125461254613	0.147601476015	0.136531365314	0.154981549815	0.188191881919	0.110701107011	0.180811808118	0.114391143911	0.00738007380074	0.143911439114	0.162361623616	0.184501845018	0.107011070111
HT25A.snv.bam	0.10332103321	0.0553505535055	0.0848708487085	0.0848708487085	0.0811808118081	0.125461254613	0.184501845018	0.0590405904059	0.0922509225092	0.0848708487085	0.125461254613	0.0738007380074	0.114391143911	0.154981549815	0.151291512915	0.136531365314	0.10332103321	0.125461254613	0.0	0.0848708487085	0.10332103321	0.107011070111	0.0922509225092	0.0885608856089	0.110701107011	0.0405904059041	0.118081180812	0.143911439114	0.140221402214	0.0885608856089	0.136531365314
M3.3-V3.metaT.snv.bam	0.0	0.0664206642066	0.0848708487085	0.09963099631	0.0922509225092	0.132841328413	0.147601476015	0.0	0.0110701107011	0.0516605166052	0.070110701107	0.0738007380074	0.129151291513	0.140221402214	0.154981549815	0.0848708487085	0.09963099631	0.147601476015	0.0848708487085	0.0	0.0848708487085	0.107011070111	0.118081180812	0.0885608856089	0.125461254613	0.0774907749077	0.143911439114	0.143911439114	0.147601476015	0.107011070111	0.136531365314
MH0309.snv.bam	0.107011070111	0.0774907749077	0.0590405904059	0.070110701107	0.0738007380074	0.0627306273063	0.0848708487085	0.0553505535055	0.09963099631	0.0922509225092	0.118081180812	0.0738007380074	0.121771217712	0.143911439114	0.140221402214	0.136531365314	0.10332103321	0.136531365314	0.10332103321	0.0848708487085	0.0	0.0738007380074	0.107011070111	0.0738007380074	0.118081180812	0.0811808118081	0.136531365314	0.114391143911	0.154981549815	0.118081180812	0.121771217712
NG-5636_312.snv.bam	0.118081180812	0.0774907749077	0.029520295203	0.0553505535055	0.0664206642066	0.110701107011	0.143911439114	0.0738007380074	0.110701107011	0.0959409594096	0.125461254613	0.0738007380074	0.129151291513	0.114391143911	0.147601476015	0.125461254613	0.10332103321	0.154981549815	0.107011070111	0.107011070111	0.0738007380074	0.0	0.0811808118081	0.0848708487085	0.10332103321	0.0811808118081	0.143911439114	0.121771217712	0.125461254613	0.0811808118081	0.136531365314
O2.UC47-1.snv.bam	0.136531365314	0.0774907749077	0.09963099631	0.0959409594096	0.118081180812	0.151291512915	0.191881918819	0.09963099631	0.125461254613	0.110701107011	0.110701107011	0.09963099631	0.158671586716	0.158671586716	0.19557195572	0.136531365314	0.118081180812	0.188191881919	0.0922509225092	0.118081180812	0.107011070111	0.0811808118081	0.0	0.114391143911	0.125461254613	0.0959409594096	0.180811808118	0.184501845018	0.169741697417	0.0332103321033	0.180811808118
T2D-123A.snv.bam	0.09963099631	0.0516605166052	0.0258302583026	0.0590405904059	0.0369003690037	0.118081180812	0.154981549815	0.0479704797048	0.0959409594096	0.0811808118081	0.10332103321	0.0627306273063	0.129151291513	0.154981549815	0.136531365314	0.118081180812	0.070110701107	0.110701107011	0.0885608856089	0.0885608856089	0.0738007380074	0.0848708487085	0.114391143911	0.0	0.140221402214	0.0442804428044	0.107011070111	0.114391143911	0.114391143911	0.10332103321	0.140221402214
T2D-19A.snv.bam	0.147601476015	0.118081180812	0.0959409594096	0.107011070111	0.118081180812	0.143911439114	0.162361623616	0.118081180812	0.136531365314	0.132841328413	0.162361623616	0.110701107011	0.151291512915	0.143911439114	0.140221402214	0.158671586716	0.118081180812	0.180811808118	0.110701107011	0.125461254613	0.118081180812	0.10332103321	0.125461254613	0.140221402214	0.0	0.0885608856089	0.180811808118	0.162361623616	0.147601476015	0.110701107011	0.162361623616
T2D-25A.snv.bam	0.0848708487085	0.0553505535055	0.0369003690037	0.070110701107	0.0332103321033	0.132841328413	0.143911439114	0.0590405904059	0.0738007380074	0.0848708487085	0.10332103321	0.0553505535055	0.114391143911	0.125461254613	0.114391143911	0.121771217712	0.070110701107	0.114391143911	0.0405904059041	0.0774907749077	0.0811808118081	0.0811808118081	0.0959409594096	0.0442804428044	0.0885608856089	0.0	0.114391143911	0.10332103321	0.114391143911	0.09963099631	0.129151291513
T2D-31A.snv.bam	0.169741697417	0.110701107011	0.110701107011	0.107011070111	0.0221402214022	0.180811808118	0.19926199262	0.136531365314	0.158671586716	0.166051660517	0.173431734317	0.136531365314	0.162361623616	0.19557195572	0.143911439114	0.188191881919	0.154981549815	0.00738007380074	0.118081180812	0.143911439114	0.136531365314	0.143911439114	0.180811808118	0.107011070111	0.180811808118	0.114391143911	0.0	0.143911439114	0.154981549815	0.169741697417	0.107011070111
V1.CD3-0-PN.snv.bam	0.173431734317	0.09963099631	0.0922509225092	0.10332103321	0.0774907749077	0.177121771218	0.191881918819	0.140221402214	0.162361623616	0.166051660517	0.180811808118	0.0885608856089	0.169741697417	0.180811808118	0.169741697417	0.184501845018	0.143911439114	0.143911439114	0.143911439114	0.143911439114	0.114391143911	0.121771217712	0.184501845018	0.114391143911	0.162361623616	0.10332103321	0.143911439114	0.0	0.151291512915	0.184501845018	0.162361623616
V1.CD54-0.snv.bam	0.169741697417	0.10332103321	0.0885608856089	0.10332103321	0.0885608856089	0.177121771218	0.184501845018	0.121771217712	0.158671586716	0.140221402214	0.162361623616	0.10332103321	0.0922509225092	0.151291512915	0.154981549815	0.173431734317	0.147601476015	0.162361623616	0.140221402214	0.147601476015	0.154981549815	0.125461254613	0.169741697417	0.114391143911	0.147601476015	0.114391143911	0.154981549815	0.151291512915	0.0	0.151291512915	0.151291512915
V1.FI05.snv.bam	0.136531365314	0.0848708487085	0.0922509225092	0.10332103321	0.114391143911	0.143911439114	0.177121771218	0.0664206642066	0.129151291513	0.0959409594096	0.132841328413	0.09963099631	0.143911439114	0.154981549815	0.169741697417	0.129151291513	0.125461254613	0.184501845018	0.0885608856089	0.107011070111	0.118081180812	0.0811808118081	0.0332103321033	0.10332103321	0.110701107011	0.09963099631	0.169741697417	0.184501845018	0.151291512915	0.0	0.173431734317
V1.FI34.snv.bam	0.158671586716	0.125461254613	0.110701107011	0.125461254613	0.0848708487085	0.191881918819	0.20295202952	0.129151291513	0.147601476015	0.180811808118	0.188191881919	0.147601476015	0.158671586716	0.191881918819	0.162361623616	0.206642066421	0.158671586716	0.107011070111	0.136531365314	0.136531365314	0.121771217712	0.136531365314	0.180811808118	0.140221402214	0.162361623616	0.129151291513	0.107011070111	0.162361623616	0.151291512915	0.173431734317	0.0
