	158114885-supragingivalplaque2.snv.bam	159166850-supragingivalplaque2.snv.bam	159207311-supragingivalplaque3.snv.bam	159268001-supragingivalplaque3.snv.bam	160178356-supragingivalplaque2.snv.bam	160178356-supragingivalplaque3.snv.bam	160319967-supragingivalplaque2.snv.bam	160319967-supragingivalplaque3.snv.bam	160421117-supragingivalplaque2.snv.bam	160421117-supragingivalplaque3.snv.bam	160502038-supragingivalplaque2.snv.bam	160582958-supragingivalplaque2.snv.bam	160582958-supragingivalplaque3.snv.bam	160603188-supragingivalplaque2.snv.bam	160603188-supragingivalplaque3.snv.bam	404239096-supragingivalplaque2.snv.bam	517810313-supragingivalplaque2.snv.bam	550534656-supragingivalplaque3.snv.bam	604812005-supragingivalplaque2.snv.bam	604812005-supragingivalplaque3.snv.bam	638754422-supragingivalplaque3.snv.bam	650853796-supragingivalplaque1.snv.bam	663835652-supragingivalplaque3.snv.bam	686765762-supragingivalplaque3.snv.bam	737052003-supragingivalplaque2.snv.bam	763860675-supragingivalplaque1.snv.bam	763921366-supragingivalplaque3.snv.bam	763982056-supragingivalplaque3.snv.bam	764062976-supragingivalplaque3.snv.bam	764083206-supragingivalplaque1.snv.bam	764588959-supragingivalplaque2.snv.bam	764649650-supragingivalplaque2.snv.bam	765013792-supragingivalplaque2.snv.bam	765074482-supragingivalplaque3.snv.bam	765620695-supragingivalplaque2.snv.bam	765640925-supragingivalplaque1.snv.bam	823052294-supragingivalplaque3.snv.bam	937495960-supragingivalplaque1.snv.bam
158114885-supragingivalplaque2.snv.bam	0.0	0.118030400536	0.123111411101	0.128206391031	0.123710376976	0.119846831711	0.133491031747	0.130235765091	0.150662415001	0.141693727177	0.153942299564	0.121922345689	0.128130088418	0.14473355857	0.142384203052	0.119684040145	0.123341525124	0.0785248698301	0.118186645147	0.114416741877	0.119463653593	0.12320892996	0.117782869005	0.132877120778	0.116083897496	0.134542909856	0.121845728575	0.0926080908758	0.13311582267	0.119244986737	0.128638389789	0.119888440079	0.119039971639	0.146056423283	0.119305011105	0.129607789458	0.114124940107	0.102608116223
159166850-supragingivalplaque2.snv.bam	0.118030400536	0.0	0.0952025754225	0.0788822516947	0.0960547535805	0.0806810488506	0.10253807368	0.101029097105	0.102089167452	0.0994199705708	0.155448176721	0.0930847128964	0.111286528636	0.098114399381	0.0901220025145	0.0809909470034	0.0714771543675	0.117898502747	0.0843989463092	0.093707446219	0.128181066509	0.0702482842742	0.058413223651	0.137554865478	0.0606711915109	0.107910463962	0.0960047941654	0.134077231345	0.0840754091064	0.101515946028	0.0693616333654	0.0626121903365	0.0689098075199	0.124159988464	0.0800310412512	0.0883259120766	0.112575159599	0.142734898662
159207311-supragingivalplaque3.snv.bam	0.123111411101	0.0952025754225	0.0	0.121506486828	0.1037977348	0.0870467998873	0.110585418862	0.115564948438	0.12393791929	0.12769277346	0.146681659521	0.118762069447	0.121804420812	0.125238656388	0.119669790522	0.105453915243	0.109380336134	0.123696303616	0.117297648133	0.120995142168	0.12638056199	0.104282593833	0.099141779041	0.145159505563	0.102788180756	0.128755503316	0.114895423061	0.149369198517	0.0982359775606	0.101952080695	0.107379715664	0.0960108535351	0.103783904459	0.145116098227	0.108097921096	0.102587197277	0.131217632752	0.161138377132
159268001-supragingivalplaque3.snv.bam	0.128206391031	0.0788822516947	0.121506486828	0.0	0.11694157848	0.101705705826	0.116904794163	0.11440762384	0.135567023657	0.122236964961	0.170406562951	0.0992988132444	0.12200248361	0.118358042858	0.113088988568	0.0947704672299	0.100999906213	0.130452148373	0.0999699588996	0.108674335565	0.139110018646	0.0920871451252	0.0834518468186	0.150825549578	0.074528358712	0.124001008636	0.0997747115779	0.135047430589	0.104597744408	0.1149685723	0.0833617367024	0.0927316162668	0.097057770606	0.137060503065	0.115907479658	0.110129685234	0.12526477822	0.145094236408
160178356-supragingivalplaque2.snv.bam	0.123710376976	0.0960547535805	0.1037977348	0.11694157848	0.0	0.0352778801383	0.0935419066758	0.0888457943302	0.144582997976	0.138358566736	0.168300832445	0.0980201076276	0.111595409388	0.11963014856	0.118090452348	0.0968423679077	0.112401305811	0.118593121236	0.0932586421635	0.0947739139429	0.103720662417	0.09784437339	0.100830700744	0.133414851436	0.0989220515611	0.111010785651	0.101839001899	0.143318341783	0.110872402219	0.0751731999785	0.108436547328	0.0974186419692	0.0975296443111	0.127644646108	0.0944453274142	0.0802798965731	0.108822940826	0.147424411543
160178356-supragingivalplaque3.snv.bam	0.119846831711	0.0806810488506	0.0870467998873	0.101705705826	0.0352778801383	0.0	0.0899651748312	0.0863667545948	0.135838717917	0.128436076532	0.161824734584	0.0985158979583	0.117231479199	0.112726623172	0.1102715869	0.0859227614468	0.0998252093106	0.111770030337	0.0940597018595	0.100441670066	0.118815290891	0.0842801801071	0.0865249974236	0.144401894791	0.0851684838242	0.113570040951	0.106851602567	0.140082881874	0.100176463406	0.0751939296568	0.0938795601738	0.0802223711264	0.0818672522613	0.129414618578	0.0917711257361	0.0597985497256	0.114073241508	0.148284283838
160319967-supragingivalplaque2.snv.bam	0.133491031747	0.10253807368	0.110585418862	0.116904794163	0.0935419066758	0.0899651748312	0.0	0.0571665026299	0.137526096854	0.13078308725	0.164840699405	0.0984570423247	0.112839181318	0.124938759558	0.123618484592	0.10215681568	0.103111975107	0.13553400313	0.128383861961	0.129429295125	0.128817516972	0.0986496756849	0.0929689634088	0.151745883442	0.0921724237314	0.11392062788	0.108089007613	0.147812033876	0.103463077659	0.10603303633	0.10878865491	0.105246280836	0.102731674214	0.134079017328	0.113847121716	0.114426764382	0.1113464054	0.157109916442
160319967-supragingivalplaque3.snv.bam	0.130235765091	0.101029097105	0.115564948438	0.11440762384	0.0888457943302	0.0863667545948	0.0571665026299	0.0	0.131038152353	0.125857121742	0.159492508277	0.0850122143738	0.102920896141	0.119037957495	0.120828665221	0.101214562699	0.102994059201	0.131524701019	0.11267681021	0.113980477876	0.119544931625	0.0933759354589	0.094457383322	0.132972821239	0.0887436365839	0.101267788664	0.0962976166516	0.139498417301	0.0979072191251	0.0977890987323	0.1016521465	0.105549832077	0.100348896563	0.122879090684	0.107406750471	0.111148542257	0.0955427170228	0.14466209428
160421117-supragingivalplaque2.snv.bam	0.150662415001	0.102089167452	0.12393791929	0.135567023657	0.144582997976	0.135838717917	0.137526096854	0.131038152353	0.0	0.0571269689562	0.163636281688	0.131383784092	0.138762330201	0.123000233863	0.116388302415	0.116414313922	0.110536305968	0.147642607689	0.123539195722	0.128350015669	0.150870978021	0.107203881866	0.0942887712285	0.161368875086	0.103402462844	0.132917479242	0.129811857429	0.157228886829	0.118448129689	0.138412772582	0.107711812306	0.101480429907	0.109755805219	0.143089442603	0.120967746489	0.137332328155	0.12707169629	0.169055406
160421117-supragingivalplaque3.snv.bam	0.141693727177	0.0994199705708	0.12769277346	0.122236964961	0.138358566736	0.128436076532	0.13078308725	0.125857121742	0.0571269689562	0.0	0.149924066565	0.132056942898	0.143451249964	0.120576505298	0.119604585519	0.111825852506	0.113365904642	0.142696003924	0.108672692663	0.115162388555	0.149894952763	0.108986506235	0.0972721564776	0.163256370608	0.103224330709	0.123326584824	0.130382479496	0.150777810464	0.128078195322	0.12803366059	0.113146184185	0.101568631082	0.0994199372049	0.133632586443	0.118210359922	0.130315025032	0.127411360726	0.161865755181
160502038-supragingivalplaque2.snv.bam	0.153942299564	0.155448176721	0.146681659521	0.170406562951	0.168300832445	0.161824734584	0.164840699405	0.159492508277	0.163636281688	0.149924066565	0.0	0.171547288179	0.174133261357	0.168813680871	0.169494643534	0.15433586951	0.149985702297	0.155221107206	0.158659252169	0.161356445676	0.17105671885	0.152000582137	0.149424834867	0.174034233598	0.155847141091	0.147965956626	0.161650727874	0.172635236597	0.147347626034	0.141339026403	0.161019127862	0.147349822787	0.1518528883	0.153423523364	0.147833036822	0.163908257231	0.156130591668	0.17835632908
160582958-supragingivalplaque2.snv.bam	0.121922345689	0.0930847128964	0.118762069447	0.0992988132444	0.0980201076276	0.0985158979583	0.0984570423247	0.0850122143738	0.131383784092	0.132056942898	0.171547288179	0.0	0.0536200194612	0.122111717442	0.118807179466	0.0877184261708	0.0934980766989	0.126746065037	0.0977998183953	0.0980029416228	0.105600423354	0.0932839342562	0.0792136706993	0.118285278124	0.0760967208256	0.109109354357	0.0825126799145	0.123505519896	0.0927404477123	0.093736862015	0.0867740197788	0.096045971781	0.0891354160825	0.117697930793	0.0924028053805	0.115013975169	0.0833089954914	0.133250912352
160582958-supragingivalplaque3.snv.bam	0.128130088418	0.111286528636	0.121804420812	0.12200248361	0.111595409388	0.117231479199	0.112839181318	0.102920896141	0.138762330201	0.143451249964	0.174133261357	0.0536200194612	0.0	0.139848099716	0.136637163498	0.107497996587	0.115495298316	0.132576719193	0.108816209431	0.105967563303	0.110841738606	0.112489607569	0.0973865481346	0.114184348086	0.100150502073	0.125278630518	0.0960737811537	0.136245956598	0.110767261211	0.0979525367804	0.10919312891	0.110225026395	0.108193472932	0.12327985597	0.0996533446859	0.129504770504	0.092438674123	0.13435218521
160603188-supragingivalplaque2.snv.bam	0.14473355857	0.098114399381	0.125238656388	0.118358042858	0.11963014856	0.112726623172	0.124938759558	0.119037957495	0.123000233863	0.120576505298	0.168813680871	0.122111717442	0.139848099716	0.0	0.038589905331	0.100370169451	0.112668860359	0.142720449681	0.122135665181	0.131081405234	0.145294423659	0.0931732775476	0.103899640593	0.160972909566	0.104152126891	0.0952065392614	0.120273952332	0.148712547129	0.106426625909	0.125420159727	0.106314567517	0.107454312087	0.114532402325	0.113107879965	0.112962969836	0.115796625994	0.128475119374	0.167335442963
160603188-supragingivalplaque3.snv.bam	0.142384203052	0.0901220025145	0.119669790522	0.113088988568	0.118090452348	0.1102715869	0.123618484592	0.120828665221	0.116388302415	0.119604585519	0.169494643534	0.118807179466	0.136637163498	0.038589905331	0.0	0.0948830856127	0.107527180895	0.141462619368	0.116334383065	0.126971397213	0.142585637416	0.0895584558341	0.099073502121	0.158709234833	0.09727109466	0.0963576977602	0.118280598336	0.149184192566	0.103347841209	0.122887614568	0.0996084517312	0.101293938507	0.108773565435	0.11276416296	0.106127537763	0.112299257269	0.129143234586	0.1650893606
404239096-supragingivalplaque2.snv.bam	0.119684040145	0.0809909470034	0.105453915243	0.0947704672299	0.0968423679077	0.0859227614468	0.10215681568	0.101214562699	0.116414313922	0.111825852506	0.15433586951	0.0877184261708	0.107497996587	0.100370169451	0.0948830856127	0.0	0.0864609206013	0.116748631382	0.0917557325341	0.0979900890513	0.120433135353	0.0938959521667	0.0740516743074	0.134308738018	0.0704977509172	0.100181627055	0.102191895647	0.139063335002	0.100413367232	0.0941577102543	0.0833278975335	0.0779944768238	0.0750186827184	0.120050210806	0.100254561271	0.0929645824243	0.105981453905	0.138545971608
517810313-supragingivalplaque2.snv.bam	0.123341525124	0.0714771543675	0.109380336134	0.100999906213	0.112401305811	0.0998252093106	0.103111975107	0.102994059201	0.110536305968	0.113365904642	0.149985702297	0.0934980766989	0.115495298316	0.112668860359	0.107527180895	0.0864609206013	0.0	0.124138399286	0.104402509987	0.108385807656	0.133856777664	0.0916391982899	0.0644471494275	0.144496301279	0.0611464583623	0.109531376203	0.107947173351	0.139406121514	0.087743911151	0.115799400469	0.0821001126495	0.0728990243551	0.0786458572003	0.133244286172	0.0953578283814	0.107453478642	0.121576432188	0.15493066424
550534656-supragingivalplaque3.snv.bam	0.0785248698301	0.117898502747	0.123696303616	0.130452148373	0.118593121236	0.111770030337	0.13553400313	0.131524701019	0.147642607689	0.142696003924	0.155221107206	0.126746065037	0.132576719193	0.142720449681	0.141462619368	0.116748631382	0.124138399286	0.0	0.121356703788	0.121257763583	0.121196942685	0.12151953147	0.111004351915	0.131719191888	0.115980536239	0.136711954184	0.12603442196	0.0943493371538	0.133819770677	0.105852198883	0.129538284452	0.118145900286	0.123921843939	0.157168789845	0.111747557679	0.116463911086	0.112883078716	0.0781072641433
604812005-supragingivalplaque2.snv.bam	0.118186645147	0.0843989463092	0.117297648133	0.0999699588996	0.0932586421635	0.0940597018595	0.128383861961	0.11267681021	0.123539195722	0.108672692663	0.158659252169	0.0977998183953	0.108816209431	0.122135665181	0.116334383065	0.0917557325341	0.104402509987	0.121356703788	0.0	0.0272209439501	0.114620552205	0.103602265894	0.0936616653421	0.120280970968	0.0919881434063	0.107314178464	0.0930065540689	0.135872223983	0.11812304212	0.0931439556845	0.0957359296695	0.0949174953555	0.0880136686566	0.129579550123	0.0940858401883	0.0979619448317	0.101570496162	0.129143049165
604812005-supragingivalplaque3.snv.bam	0.114416741877	0.093707446219	0.120995142168	0.108674335565	0.0947739139429	0.100441670066	0.129429295125	0.113980477876	0.128350015669	0.115162388555	0.161356445676	0.0980029416228	0.105967563303	0.131081405234	0.126971397213	0.0979900890513	0.108385807656	0.121257763583	0.0272209439501	0.0	0.106112270602	0.10972256255	0.0994710366982	0.107987832144	0.098296234199	0.107926838345	0.0921896167758	0.134073089032	0.123785511982	0.091869381465	0.100656207457	0.102543115668	0.0928596370827	0.131540625025	0.0976516513083	0.104819866071	0.0992370740866	0.126373064632
638754422-supragingivalplaque3.snv.bam	0.119463653593	0.128181066509	0.12638056199	0.139110018646	0.103720662417	0.118815290891	0.128817516972	0.119544931625	0.150870978021	0.149894952763	0.17105671885	0.105600423354	0.110841738606	0.145294423659	0.142585637416	0.120433135353	0.133856777664	0.121196942685	0.114620552205	0.106112270602	0.0	0.128442906849	0.124930876511	0.102772002986	0.120053477218	0.126755178032	0.0982623068325	0.134437880703	0.138110316313	0.10504835833	0.131313085442	0.130086609172	0.124852835604	0.130522763995	0.11021750349	0.130116837758	0.0991813270659	0.13205232607
650853796-supragingivalplaque1.snv.bam	0.12320892996	0.0702482842742	0.104282593833	0.0920871451252	0.09784437339	0.0842801801071	0.0986496756849	0.0933759354589	0.107203881866	0.108986506235	0.152000582137	0.0932839342562	0.112489607569	0.0931732775476	0.0895584558341	0.0938959521667	0.0916391982899	0.12151953147	0.103602265894	0.10972256255	0.128442906849	0.0	0.0762038645514	0.144544376876	0.0772829849569	0.10922076879	0.10631502431	0.137868700846	0.0865445631408	0.101977251192	0.077894343747	0.0811387547188	0.0782593058066	0.119485066948	0.0995721669773	0.0967148872362	0.109638591687	0.155049670817
663835652-supragingivalplaque3.snv.bam	0.117782869005	0.058413223651	0.099141779041	0.0834518468186	0.100830700744	0.0865249974236	0.0929689634088	0.094457383322	0.0942887712285	0.0972721564776	0.149424834867	0.0792136706993	0.0973865481346	0.103899640593	0.099073502121	0.0740516743074	0.0644471494275	0.111004351915	0.0936616653421	0.0994710366982	0.124930876511	0.0762038645514	0.0	0.133555538329	0.0556853355574	0.108787191033	0.0977196982213	0.1275515409	0.0880270631652	0.103735556489	0.0526254529961	0.0530840282789	0.0675096533838	0.122170229466	0.0891267348597	0.0918989604018	0.106702025158	0.132840216064
686765762-supragingivalplaque3.snv.bam	0.132877120778	0.137554865478	0.145159505563	0.150825549578	0.133414851436	0.144401894791	0.151745883442	0.132972821239	0.161368875086	0.163256370608	0.174034233598	0.118285278124	0.114184348086	0.160972909566	0.158709234833	0.134308738018	0.144496301279	0.131719191888	0.120280970968	0.107987832144	0.102772002986	0.144544376876	0.133555538329	0.0	0.135625519551	0.13016699009	0.110295040557	0.151993102423	0.145949640912	0.126982104846	0.141737950675	0.140133182264	0.140633127809	0.142768724034	0.127059922912	0.153448209312	0.112872254139	0.127282549122
737052003-supragingivalplaque2.snv.bam	0.116083897496	0.0606711915109	0.102788180756	0.074528358712	0.0989220515611	0.0851684838242	0.0921724237314	0.0887436365839	0.103402462844	0.103224330709	0.155847141091	0.0760967208256	0.100150502073	0.104152126891	0.09727109466	0.0704977509172	0.0611464583623	0.115980536239	0.0919881434063	0.098296234199	0.120053477218	0.0772829849569	0.0556853355574	0.135625519551	0.0	0.10136280362	0.0866121589393	0.125750871406	0.0822979516573	0.0988153076796	0.0616357318458	0.0567616002537	0.0635819529606	0.122833078247	0.0915248477599	0.0926448369246	0.106393990651	0.141972196445
763860675-supragingivalplaque1.snv.bam	0.134542909856	0.107910463962	0.128755503316	0.124001008636	0.111010785651	0.113570040951	0.11392062788	0.101267788664	0.132917479242	0.123326584824	0.147965956626	0.109109354357	0.125278630518	0.0952065392614	0.0963576977602	0.100181627055	0.109531376203	0.136711954184	0.107314178464	0.107926838345	0.126755178032	0.10922076879	0.108787191033	0.13016699009	0.10136280362	0.0	0.105521293516	0.15069920883	0.10483915094	0.109503472413	0.112061425402	0.113276476128	0.112400440197	0.103244322581	0.108326946943	0.111598830667	0.109076042326	0.150025963493
763921366-supragingivalplaque3.snv.bam	0.121845728575	0.0960047941654	0.114895423061	0.0997747115779	0.101839001899	0.106851602567	0.108089007613	0.0962976166516	0.129811857429	0.130382479496	0.161650727874	0.0825126799145	0.0960737811537	0.120273952332	0.118280598336	0.102191895647	0.107947173351	0.12603442196	0.0930065540689	0.0921896167758	0.0982623068325	0.10631502431	0.0977196982213	0.110295040557	0.0866121589393	0.105521293516	0.0	0.125700022711	0.107249599987	0.104675507	0.103726138804	0.105343981521	0.0995488525619	0.115856519947	0.0955016470086	0.116100795942	0.0807850874841	0.1329247611
763982056-supragingivalplaque3.snv.bam	0.0926080908758	0.134077231345	0.149369198517	0.135047430589	0.143318341783	0.140082881874	0.147812033876	0.139498417301	0.157228886829	0.150777810464	0.172635236597	0.123505519896	0.136245956598	0.148712547129	0.149184192566	0.139063335002	0.139406121514	0.0943493371538	0.135872223983	0.134073089032	0.134437880703	0.137868700846	0.1275515409	0.151993102423	0.125750871406	0.15069920883	0.125700022711	0.0	0.138295910799	0.139246266767	0.136932870177	0.141437282488	0.144855522754	0.156158497654	0.13018559025	0.145930195951	0.116410598598	0.102440998537
764062976-supragingivalplaque3.snv.bam	0.13311582267	0.0840754091064	0.0982359775606	0.104597744408	0.110872402219	0.100176463406	0.103463077659	0.0979072191251	0.118448129689	0.128078195322	0.147347626034	0.0927404477123	0.110767261211	0.106426625909	0.103347841209	0.100413367232	0.087743911151	0.133819770677	0.11812304212	0.123785511982	0.138110316313	0.0865445631408	0.0880270631652	0.145949640912	0.0822979516573	0.10483915094	0.107249599987	0.138295910799	0.0	0.111890742996	0.0916853898727	0.090404986298	0.101235236678	0.134003128587	0.0993880120853	0.109220286971	0.121051304996	0.161976492287
764083206-supragingivalplaque1.snv.bam	0.119244986737	0.101515946028	0.101952080695	0.1149685723	0.0751731999785	0.0751939296568	0.10603303633	0.0977890987323	0.138412772582	0.12803366059	0.141339026403	0.093736862015	0.0979525367804	0.125420159727	0.122887614568	0.0941577102543	0.115799400469	0.105852198883	0.0931439556845	0.091869381465	0.10504835833	0.101977251192	0.103735556489	0.126982104846	0.0988153076796	0.109503472413	0.104675507	0.139246266767	0.111890742996	0.0	0.111582872264	0.0980803681809	0.0953158823673	0.120900034791	0.100268992111	0.0888962772682	0.0891284293312	0.140232983563
764588959-supragingivalplaque2.snv.bam	0.128638389789	0.0693616333654	0.107379715664	0.0833617367024	0.108436547328	0.0938795601738	0.10878865491	0.1016521465	0.107711812306	0.113146184185	0.161019127862	0.0867740197788	0.10919312891	0.106314567517	0.0996084517312	0.0833278975335	0.0821001126495	0.129538284452	0.0957359296695	0.100656207457	0.131313085442	0.077894343747	0.0526254529961	0.141737950675	0.0616357318458	0.112061425402	0.103726138804	0.136932870177	0.0916853898727	0.111582872264	0.0	0.0752889611832	0.0777522676068	0.12220494938	0.102681101305	0.0994322294471	0.118591568083	0.150729855493
764649650-supragingivalplaque2.snv.bam	0.119888440079	0.0626121903365	0.0960108535351	0.0927316162668	0.0974186419692	0.0802223711264	0.105246280836	0.105549832077	0.101480429907	0.101568631082	0.147349822787	0.096045971781	0.110225026395	0.107454312087	0.101293938507	0.0779944768238	0.0728990243551	0.118145900286	0.0949174953555	0.102543115668	0.130086609172	0.0811387547188	0.0530840282789	0.140133182264	0.0567616002537	0.113276476128	0.105343981521	0.141437282488	0.090404986298	0.0980803681809	0.0752889611832	0.0	0.0670282635522	0.123944240163	0.0855873332999	0.0881956894249	0.117052426695	0.147408816321
765013792-supragingivalplaque2.snv.bam	0.119039971639	0.0689098075199	0.103783904459	0.097057770606	0.0975296443111	0.0818672522613	0.102731674214	0.100348896563	0.109755805219	0.0994199372049	0.1518528883	0.0891354160825	0.108193472932	0.114532402325	0.108773565435	0.0750186827184	0.0786458572003	0.123921843939	0.0880136686566	0.0928596370827	0.124852835604	0.0782593058066	0.0675096533838	0.140633127809	0.0635819529606	0.112400440197	0.0995488525619	0.144855522754	0.101235236678	0.0953158823673	0.0777522676068	0.0670282635522	0.0	0.127040751936	0.0920598488668	0.0927702598692	0.111624303875	0.149388507564
765074482-supragingivalplaque3.snv.bam	0.146056423283	0.124159988464	0.145116098227	0.137060503065	0.127644646108	0.129414618578	0.134079017328	0.122879090684	0.143089442603	0.133632586443	0.153423523364	0.117697930793	0.12327985597	0.113107879965	0.11276416296	0.120050210806	0.133244286172	0.157168789845	0.129579550123	0.131540625025	0.130522763995	0.119485066948	0.122170229466	0.142768724034	0.122833078247	0.103244322581	0.115856519947	0.156158497654	0.134003128587	0.120900034791	0.12220494938	0.123944240163	0.127040751936	0.0	0.12181193259	0.128072839894	0.119681678207	0.163911650611
765620695-supragingivalplaque2.snv.bam	0.119305011105	0.0800310412512	0.108097921096	0.115907479658	0.0944453274142	0.0917711257361	0.113847121716	0.107406750471	0.120967746489	0.118210359922	0.147833036822	0.0924028053805	0.0996533446859	0.112962969836	0.106127537763	0.100254561271	0.0953578283814	0.111747557679	0.0940858401883	0.0976516513083	0.11021750349	0.0995721669773	0.0891267348597	0.127059922912	0.0915248477599	0.108326946943	0.0955016470086	0.13018559025	0.0993880120853	0.100268992111	0.102681101305	0.0855873332999	0.0920598488668	0.12181193259	0.0	0.102546783696	0.109799827754	0.125140917791
765640925-supragingivalplaque1.snv.bam	0.129607789458	0.0883259120766	0.102587197277	0.110129685234	0.0802798965731	0.0597985497256	0.114426764382	0.111148542257	0.137332328155	0.130315025032	0.163908257231	0.115013975169	0.129504770504	0.115796625994	0.112299257269	0.0929645824243	0.107453478642	0.116463911086	0.0979619448317	0.104819866071	0.130116837758	0.0967148872362	0.0918989604018	0.153448209312	0.0926448369246	0.111598830667	0.116100795942	0.145930195951	0.109220286971	0.0888962772682	0.0994322294471	0.0881956894249	0.0927702598692	0.128072839894	0.102546783696	0.0	0.123483869608	0.153513656888
823052294-supragingivalplaque3.snv.bam	0.114124940107	0.112575159599	0.131217632752	0.12526477822	0.108822940826	0.114073241508	0.1113464054	0.0955427170228	0.12707169629	0.127411360726	0.156130591668	0.0833089954914	0.092438674123	0.128475119374	0.129143234586	0.105981453905	0.121576432188	0.112883078716	0.101570496162	0.0992370740866	0.0991813270659	0.109638591687	0.106702025158	0.112872254139	0.106393990651	0.109076042326	0.0807850874841	0.116410598598	0.121051304996	0.0891284293312	0.118591568083	0.117052426695	0.111624303875	0.119681678207	0.109799827754	0.123483869608	0.0	0.118168189783
937495960-supragingivalplaque1.snv.bam	0.102608116223	0.142734898662	0.161138377132	0.145094236408	0.147424411543	0.148284283838	0.157109916442	0.14466209428	0.169055406	0.161865755181	0.17835632908	0.133250912352	0.13435218521	0.167335442963	0.1650893606	0.138545971608	0.15493066424	0.0781072641433	0.129143049165	0.126373064632	0.13205232607	0.155049670817	0.132840216064	0.127282549122	0.141972196445	0.150025963493	0.1329247611	0.102440998537	0.161976492287	0.140232983563	0.150729855493	0.147408816321	0.149388507564	0.163911650611	0.125140917791	0.153513656888	0.118168189783	0.0
