	158114885-supragingivalplaque2.snv.bam	158337416-supragingivalplaque1.snv.bam	158742018-supragingivalplaque1.snv.bam	158883629-supragingivalplaque2.snv.bam	159005010-supragingivalplaque2.snv.bam	159571453-supragingivalplaque1.snv.bam	159611913-supragingivalplaque2.snv.bam	159814214-supragingivalplaque1.snv.bam	160542498-supragingivalplaque1.snv.bam	160582958-supragingivalplaque1.snv.bam	160643649-supragingivalplaque1.snv.bam	246515023-supragingivalplaque2.snv.bam	338793263-supragingivalplaque2.snv.bam	604812005-supragingivalplaque1.snv.bam	638754422-supragingivalplaque3.snv.bam	650853796-supragingivalplaque1.snv.bam	686765762-supragingivalplaque1.snv.bam	763496533-subgingivalplaque1.snv.bam	763719065-subgingivalplaque3.snv.bam	763961826-subgingivalplaque1.snv.bam	764285508-supragingivalplaque2.snv.bam	861967750-supragingivalplaque2.snv.bam	CCMD11006829ST-21-0.snv.bam	V1.CD18-3.snv.bam	V1.CD35-0.snv.bam	V1.CD35-1.snv.bam	V1.CD5-0-PN.snv.bam
158114885-supragingivalplaque2.snv.bam	0.0	0.058495821727	0.0153203342618	0.0194986072423	0.008356545961	0.008356545961	0.0278551532033	0.033426183844	0.0111420612813	0.0194986072423	0.0571030640669	0.025069637883	0.0278551532033	0.008356545961	0.050139275766	0.0459610027855	0.033426183844	0.0208913649025	0.0571030640669	0.008356545961	0.0793871866295	0.0222841225627	0.0445682451253	0.0738161559889	0.0947075208914	0.0933147632312	0.0933147632312
158337416-supragingivalplaque1.snv.bam	0.058495821727	0.0	0.0543175487465	0.0710306406685	0.0487465181058	0.0640668523677	0.050139275766	0.0849582172702	0.0445682451253	0.0640668523677	0.103064066852	0.066852367688	0.0612813370474	0.0640668523677	0.091922005571	0.104456824513	0.0724233983287	0.0696378830084	0.0724233983287	0.0557103064067	0.0793871866295	0.0640668523677	0.0724233983287	0.0947075208914	0.129526462396	0.128133704735	0.126740947075
158742018-supragingivalplaque1.snv.bam	0.0153203342618	0.0543175487465	0.0	0.0348189415042	0.0153203342618	0.0278551532033	0.0264623955432	0.041782729805	0.0194986072423	0.0181058495822	0.0738161559889	0.0362116991643	0.0389972144847	0.0292479108635	0.0543175487465	0.0654596100279	0.0515320334262	0.0348189415042	0.0529247910864	0.0222841225627	0.0766016713092	0.0389972144847	0.0403899721448	0.075208913649	0.114206128134	0.112813370474	0.112813370474
158883629-supragingivalplaque2.snv.bam	0.0194986072423	0.0710306406685	0.0348189415042	0.0	0.0194986072423	0.025069637883	0.0362116991643	0.0389972144847	0.0320334261838	0.033426183844	0.075208913649	0.0403899721448	0.0376044568245	0.0278551532033	0.0612813370474	0.0807799442897	0.0543175487465	0.0473537604457	0.058495821727	0.0278551532033	0.0961002785515	0.0389972144847	0.0654596100279	0.0849582172702	0.107242339833	0.105849582173	0.107242339833
159005010-supragingivalplaque2.snv.bam	0.008356545961	0.0487465181058	0.0153203342618	0.0194986072423	0.0	0.00974930362117	0.0208913649025	0.0348189415042	0.0222841225627	0.0194986072423	0.0640668523677	0.025069637883	0.0236768802228	0.0153203342618	0.0445682451253	0.0640668523677	0.0376044568245	0.0362116991643	0.0473537604457	0.0041782729805	0.075208913649	0.0236768802228	0.0515320334262	0.0710306406685	0.0933147632312	0.0933147632312	0.0933147632312
159571453-supragingivalplaque1.snv.bam	0.008356545961	0.0640668523677	0.0278551532033	0.025069637883	0.00974930362117	0.0	0.025069637883	0.0459610027855	0.0208913649025	0.0236768802228	0.0626740947075	0.0236768802228	0.0348189415042	0.0181058495822	0.0543175487465	0.0682451253482	0.0431754874652	0.0389972144847	0.050139275766	0.0125348189415	0.0863509749304	0.0320334261838	0.0598885793872	0.0710306406685	0.0877437325905	0.0863509749304	0.0863509749304
159611913-supragingivalplaque2.snv.bam	0.0278551532033	0.050139275766	0.0264623955432	0.0362116991643	0.0208913649025	0.025069637883	0.0	0.0473537604457	0.0320334261838	0.033426183844	0.0654596100279	0.0320334261838	0.0362116991643	0.0320334261838	0.0515320334262	0.066852367688	0.0598885793872	0.0389972144847	0.0529247910864	0.0264623955432	0.0849582172702	0.033426183844	0.0612813370474	0.0654596100279	0.101671309192	0.0988857938719	0.101671309192
159814214-supragingivalplaque1.snv.bam	0.033426183844	0.0849582172702	0.041782729805	0.0389972144847	0.0348189415042	0.0459610027855	0.0473537604457	0.0	0.0445682451253	0.0529247910864	0.0961002785515	0.050139275766	0.0557103064067	0.0487465181058	0.0807799442897	0.0863509749304	0.0571030640669	0.0640668523677	0.0863509749304	0.0473537604457	0.107242339833	0.0403899721448	0.075208913649	0.091922005571	0.135097493036	0.135097493036	0.135097493036
160542498-supragingivalplaque1.snv.bam	0.0111420612813	0.0445682451253	0.0194986072423	0.0320334261838	0.0222841225627	0.0208913649025	0.0320334261838	0.0445682451253	0.0	0.0264623955432	0.0612813370474	0.033426183844	0.0306406685237	0.0222841225627	0.0459610027855	0.066852367688	0.0487465181058	0.0376044568245	0.0473537604457	0.0222841225627	0.0654596100279	0.0376044568245	0.041782729805	0.0626740947075	0.0961002785515	0.0974930362117	0.0974930362117
160582958-supragingivalplaque1.snv.bam	0.0194986072423	0.0640668523677	0.0181058495822	0.033426183844	0.0194986072423	0.0236768802228	0.033426183844	0.0529247910864	0.0264623955432	0.0	0.0779944289694	0.0320334261838	0.033426183844	0.0292479108635	0.050139275766	0.0696378830084	0.050139275766	0.0320334261838	0.0640668523677	0.016713091922	0.0696378830084	0.0431754874652	0.0543175487465	0.0766016713092	0.0849582172702	0.0849582172702	0.0849582172702
160643649-supragingivalplaque1.snv.bam	0.0571030640669	0.103064066852	0.0738161559889	0.075208913649	0.0640668523677	0.0626740947075	0.0654596100279	0.0961002785515	0.0612813370474	0.0779944289694	0.0	0.058495821727	0.101671309192	0.0682451253482	0.0877437325905	0.114206128134	0.0849582172702	0.0793871866295	0.0738161559889	0.0571030640669	0.107242339833	0.0766016713092	0.0933147632312	0.08356545961	0.154596100279	0.154596100279	0.151810584958
246515023-supragingivalplaque2.snv.bam	0.025069637883	0.066852367688	0.0362116991643	0.0403899721448	0.025069637883	0.0236768802228	0.0320334261838	0.050139275766	0.033426183844	0.0320334261838	0.058495821727	0.0	0.0543175487465	0.0348189415042	0.050139275766	0.0766016713092	0.0529247910864	0.0571030640669	0.050139275766	0.0194986072423	0.0849582172702	0.0376044568245	0.058495821727	0.0543175487465	0.107242339833	0.105849582173	0.105849582173
338793263-supragingivalplaque2.snv.bam	0.0278551532033	0.0612813370474	0.0389972144847	0.0376044568245	0.0236768802228	0.0348189415042	0.0362116991643	0.0557103064067	0.0306406685237	0.033426183844	0.101671309192	0.0543175487465	0.0	0.0292479108635	0.0654596100279	0.0779944289694	0.0571030640669	0.0445682451253	0.0766016713092	0.0236768802228	0.08356545961	0.041782729805	0.0612813370474	0.0891364902507	0.116991643454	0.116991643454	0.116991643454
604812005-supragingivalplaque1.snv.bam	0.008356545961	0.0640668523677	0.0292479108635	0.0278551532033	0.0153203342618	0.0181058495822	0.0320334261838	0.0487465181058	0.0222841225627	0.0292479108635	0.0682451253482	0.0348189415042	0.0292479108635	0.0	0.050139275766	0.0612813370474	0.0389972144847	0.041782729805	0.0515320334262	0.0222841225627	0.0738161559889	0.0320334261838	0.0543175487465	0.0779944289694	0.103064066852	0.101671309192	0.103064066852
638754422-supragingivalplaque3.snv.bam	0.050139275766	0.091922005571	0.0543175487465	0.0612813370474	0.0445682451253	0.0543175487465	0.0515320334262	0.0807799442897	0.0459610027855	0.050139275766	0.0877437325905	0.050139275766	0.0654596100279	0.050139275766	0.0	0.0863509749304	0.075208913649	0.0682451253482	0.0863509749304	0.0445682451253	0.0988857938719	0.0515320334262	0.0863509749304	0.0863509749304	0.136490250696	0.135097493036	0.135097493036
650853796-supragingivalplaque1.snv.bam	0.0459610027855	0.104456824513	0.0654596100279	0.0807799442897	0.0640668523677	0.0682451253482	0.066852367688	0.0863509749304	0.066852367688	0.0696378830084	0.114206128134	0.0766016713092	0.0779944289694	0.0612813370474	0.0863509749304	0.0	0.0738161559889	0.0863509749304	0.101671309192	0.0654596100279	0.123955431755	0.0779944289694	0.0779944289694	0.101671309192	0.139275766017	0.140668523677	0.139275766017
686765762-supragingivalplaque1.snv.bam	0.033426183844	0.0724233983287	0.0515320334262	0.0543175487465	0.0376044568245	0.0431754874652	0.0598885793872	0.0571030640669	0.0487465181058	0.050139275766	0.0849582172702	0.0529247910864	0.0571030640669	0.0389972144847	0.075208913649	0.0738161559889	0.0	0.0598885793872	0.0779944289694	0.0389972144847	0.0821727019499	0.058495821727	0.0612813370474	0.0821727019499	0.115598885794	0.115598885794	0.114206128134
763496533-subgingivalplaque1.snv.bam	0.0208913649025	0.0696378830084	0.0348189415042	0.0473537604457	0.0362116991643	0.0389972144847	0.0389972144847	0.0640668523677	0.0376044568245	0.0320334261838	0.0793871866295	0.0571030640669	0.0445682451253	0.041782729805	0.0682451253482	0.0863509749304	0.0598885793872	0.0	0.0571030640669	0.0320334261838	0.0849582172702	0.0320334261838	0.066852367688	0.0849582172702	0.123955431755	0.118384401114	0.122562674095
763719065-subgingivalplaque3.snv.bam	0.0571030640669	0.0724233983287	0.0529247910864	0.058495821727	0.0473537604457	0.050139275766	0.0529247910864	0.0863509749304	0.0473537604457	0.0640668523677	0.0738161559889	0.050139275766	0.0766016713092	0.0515320334262	0.0863509749304	0.101671309192	0.0779944289694	0.0571030640669	0.0	0.041782729805	0.112813370474	0.0487465181058	0.0779944289694	0.075208913649	0.137883008357	0.136490250696	0.135097493036
763961826-subgingivalplaque1.snv.bam	0.008356545961	0.0557103064067	0.0222841225627	0.0278551532033	0.0041782729805	0.0125348189415	0.0264623955432	0.0473537604457	0.0222841225627	0.016713091922	0.0571030640669	0.0194986072423	0.0236768802228	0.0222841225627	0.0445682451253	0.0654596100279	0.0389972144847	0.0320334261838	0.041782729805	0.0	0.0766016713092	0.0264623955432	0.0487465181058	0.0654596100279	0.0947075208914	0.0933147632312	0.0933147632312
764285508-supragingivalplaque2.snv.bam	0.0793871866295	0.0793871866295	0.0766016713092	0.0961002785515	0.075208913649	0.0863509749304	0.0849582172702	0.107242339833	0.0654596100279	0.0696378830084	0.107242339833	0.0849582172702	0.08356545961	0.0738161559889	0.0988857938719	0.123955431755	0.0821727019499	0.0849582172702	0.112813370474	0.0766016713092	0.0	0.0877437325905	0.0877437325905	0.103064066852	0.132311977716	0.130919220056	0.129526462396
861967750-supragingivalplaque2.snv.bam	0.0222841225627	0.0640668523677	0.0389972144847	0.0389972144847	0.0236768802228	0.0320334261838	0.033426183844	0.0403899721448	0.0376044568245	0.0431754874652	0.0766016713092	0.0376044568245	0.041782729805	0.0320334261838	0.0515320334262	0.0779944289694	0.058495821727	0.0320334261838	0.0487465181058	0.0264623955432	0.0877437325905	0.0	0.0612813370474	0.0626740947075	0.126740947075	0.123955431755	0.123955431755
CCMD11006829ST-21-0.snv.bam	0.0445682451253	0.0724233983287	0.0403899721448	0.0654596100279	0.0515320334262	0.0598885793872	0.0612813370474	0.075208913649	0.041782729805	0.0543175487465	0.0933147632312	0.058495821727	0.0612813370474	0.0543175487465	0.0863509749304	0.0779944289694	0.0612813370474	0.066852367688	0.0779944289694	0.0487465181058	0.0877437325905	0.0612813370474	0.0	0.0766016713092	0.115598885794	0.114206128134	0.112813370474
V1.CD18-3.snv.bam	0.0738161559889	0.0947075208914	0.075208913649	0.0849582172702	0.0710306406685	0.0710306406685	0.0654596100279	0.091922005571	0.0626740947075	0.0766016713092	0.08356545961	0.0543175487465	0.0891364902507	0.0779944289694	0.0863509749304	0.101671309192	0.0821727019499	0.0849582172702	0.075208913649	0.0654596100279	0.103064066852	0.0626740947075	0.0766016713092	0.0	0.143454038997	0.142061281337	0.140668523677
V1.CD35-0.snv.bam	0.0947075208914	0.129526462396	0.114206128134	0.107242339833	0.0933147632312	0.0877437325905	0.101671309192	0.135097493036	0.0961002785515	0.0849582172702	0.154596100279	0.107242339833	0.116991643454	0.103064066852	0.136490250696	0.139275766017	0.115598885794	0.123955431755	0.137883008357	0.0947075208914	0.132311977716	0.126740947075	0.115598885794	0.143454038997	0.0	0.0	0.0
V1.CD35-1.snv.bam	0.0933147632312	0.128133704735	0.112813370474	0.105849582173	0.0933147632312	0.0863509749304	0.0988857938719	0.135097493036	0.0974930362117	0.0849582172702	0.154596100279	0.105849582173	0.116991643454	0.101671309192	0.135097493036	0.140668523677	0.115598885794	0.118384401114	0.136490250696	0.0933147632312	0.130919220056	0.123955431755	0.114206128134	0.142061281337	0.0	0.0	0.0
V1.CD5-0-PN.snv.bam	0.0933147632312	0.126740947075	0.112813370474	0.107242339833	0.0933147632312	0.0863509749304	0.101671309192	0.135097493036	0.0974930362117	0.0849582172702	0.151810584958	0.105849582173	0.116991643454	0.103064066852	0.135097493036	0.139275766017	0.114206128134	0.122562674095	0.135097493036	0.0933147632312	0.129526462396	0.123955431755	0.112813370474	0.140668523677	0.0	0.0	0.0
