	158337416-tonguedorsum1.snv.bam	158499257-tonguedorsum2.snv.bam	158883629-tonguedorsum1.snv.bam	158883629-tonguedorsum3.snv.bam	159227541-tonguedorsum3.snv.bam	160259276-tonguedorsum1.snv.bam	160603188-tonguedorsum3.snv.bam	338793263-tonguedorsum2.snv.bam	404239096-tonguedorsum1.snv.bam	508703490-tonguedorsum2.snv.bam	550534656-tonguedorsum1.snv.bam	550534656-tonguedorsum2.snv.bam	550534656-tonguedorsum3.snv.bam	604812005-tonguedorsum3.snv.bam	638754422-tonguedorsum3.snv.bam	675950834-tonguedorsum1.snv.bam	675950834-tonguedorsum2.snv.bam	763395383-tonguedorsum3.snv.bam	763577454-tonguedorsum1.snv.bam	763901136-tonguedorsum2.snv.bam	763982056-tonguedorsum3.snv.bam	764143897-tonguedorsum1.snv.bam	764224817-tonguedorsum1.snv.bam	764224817-tonguedorsum2.snv.bam	764447348-tonguedorsum2.snv.bam	764467579-tonguedorsum3.snv.bam	764487809-tonguedorsum2.snv.bam	764649650-tonguedorsum2.snv.bam	764811490-tonguedorsum1.snv.bam	764811490-tonguedorsum2.snv.bam	765013792-tonguedorsum1.snv.bam	765013792-tonguedorsum2.snv.bam	765013792-tonguedorsum3.snv.bam	765034022-tonguedorsum1.snv.bam	765074482-tonguedorsum1.snv.bam	765074482-tonguedorsum3.snv.bam	765216093-tonguedorsum3.snv.bam	765377934-tonguedorsum3.snv.bam	765701615-tonguedorsum2.snv.bam	861967750-tonguedorsum1.snv.bam	953045535-tonguedorsum2.snv.bam
158337416-tonguedorsum1.snv.bam	0.0	0.137722455615	0.1315110299	0.131229533524	0.161693035624	0.167735802521	0.13267056797	0.148269889347	0.15731484043	0.154177487058	0.181690930804	0.19074125087	0.184773301397	0.177764331267	0.158876906109	0.153967083941	0.138875014428	0.184174986418	0.180240000079	0.180759337597	0.164196039769	0.132887737944	0.149794470426	0.155576742461	0.143474174896	0.124002256662	0.160175875232	0.129351144162	0.18282288645	0.173839530422	0.167335605482	0.163910030834	0.162327678561	0.133653304888	0.132941961974	0.132406260521	0.142852228967	0.117110494846	0.154205667855	0.151107687712	0.138919213716
158499257-tonguedorsum2.snv.bam	0.137722455615	0.0	0.150087678204	0.151161982982	0.176311363049	0.144866713904	0.148398702459	0.167951839215	0.178682123201	0.187988830925	0.189454898161	0.195173116795	0.192896142409	0.183544335055	0.165372449097	0.15998048315	0.151406532442	0.19357753518	0.178642411265	0.181838359073	0.167741740979	0.12865687524	0.186401233787	0.187222112698	0.17956458883	0.155608971671	0.188989336521	0.170298480058	0.175512659363	0.165257215212	0.183176489602	0.181344814216	0.178157951835	0.177780640587	0.143526172288	0.139899809198	0.160351294892	0.162690063202	0.171644789824	0.1433352591	0.152069680037
158883629-tonguedorsum1.snv.bam	0.1315110299	0.150087678204	0.0	0.0159454484802	0.1544623366	0.154980544518	0.113565553994	0.130247297635	0.140519001484	0.1235488653	0.186976189139	0.194860943714	0.19123733079	0.173909875341	0.1216888662	0.15916989048	0.13589324937	0.183961355252	0.153438577108	0.150184210184	0.144683168439	0.120703285686	0.141186162092	0.139620642629	0.11372907195	0.125238463207	0.155751684841	0.120652981776	0.156502479498	0.152345925457	0.149574207872	0.14400605837	0.140737641862	0.147303646112	0.127747897061	0.124665918011	0.132758786576	0.120072373224	0.160613833763	0.128773770645	0.125033158697
158883629-tonguedorsum3.snv.bam	0.131229533524	0.151161982982	0.0159454484802	0.0	0.151843559805	0.156740765486	0.106233622582	0.127745209453	0.141630970158	0.129675393	0.185648471855	0.193322802049	0.189031872548	0.171885647207	0.123245144153	0.156157048161	0.134499021018	0.183484871002	0.147593212173	0.153628041606	0.1442137875	0.120742273356	0.137874010567	0.137339405347	0.117531632525	0.12904598836	0.155348438248	0.122082651472	0.156273557684	0.151789885472	0.153210051873	0.148551096959	0.145332485846	0.149024022264	0.128829322866	0.126891655971	0.124862715861	0.122874197396	0.158155758794	0.129112605621	0.126275966522
159227541-tonguedorsum3.snv.bam	0.161693035624	0.176311363049	0.1544623366	0.151843559805	0.0	0.135970784813	0.153068470601	0.131525887521	0.173234217916	0.161934631718	0.209945734448	0.219269434527	0.21060053149	0.177930824235	0.141206771889	0.172741669428	0.159180188836	0.17333288093	0.175699243594	0.176687081471	0.178747256445	0.157436660817	0.187699637423	0.18687013771	0.142961057163	0.16124084888	0.153198841776	0.1499229226	0.174597749431	0.170748233116	0.193102151432	0.18833181853	0.184950920799	0.160784816879	0.15693815767	0.157432165578	0.138829715358	0.149587252336	0.161650156026	0.139765020143	0.14516334468
160259276-tonguedorsum1.snv.bam	0.167735802521	0.144866713904	0.154980544518	0.156740765486	0.135970784813	0.0	0.165004307751	0.154036855876	0.154154441305	0.150163567216	0.203289625029	0.208503416291	0.204302474613	0.177402093414	0.154094572447	0.170626358854	0.164392011626	0.183551928088	0.161724373016	0.148927397239	0.173041298899	0.127178545662	0.161556563521	0.156551582139	0.129659252823	0.158761732657	0.134789103854	0.149112124709	0.173260132129	0.174420467899	0.17405128445	0.171860081935	0.167455642583	0.151661144506	0.165662884921	0.16647105918	0.153122721022	0.143404040726	0.166843182387	0.107072871153	0.149101711634
160603188-tonguedorsum3.snv.bam	0.13267056797	0.148398702459	0.113565553994	0.106233622582	0.153068470601	0.165004307751	0.0	0.146385654024	0.152566889984	0.148262581415	0.188218772028	0.197122672716	0.191416972829	0.170085962728	0.15016613956	0.159312915693	0.143509173383	0.189463673533	0.159448755625	0.174841604304	0.172275328727	0.133843717365	0.172450027871	0.177954376212	0.128833638585	0.137453448811	0.173600767735	0.131164263203	0.170645113961	0.161249909334	0.155786121989	0.154665339527	0.15030157626	0.145136354072	0.136974890351	0.136911027944	0.128190897788	0.134658352278	0.15654297652	0.140196824163	0.131588928864
338793263-tonguedorsum2.snv.bam	0.148269889347	0.167951839215	0.130247297635	0.127745209453	0.131525887521	0.154036855876	0.146385654024	0.0	0.142802657949	0.155602211004	0.17434905904	0.181676910966	0.174665855769	0.161171786944	0.150036207332	0.172497124464	0.15931882468	0.194571255913	0.169986650134	0.155624376	0.166489023796	0.151705139633	0.15027190842	0.153226071031	0.147519818726	0.149948612631	0.164160609744	0.142642677505	0.170390145697	0.168175568937	0.185353553459	0.180478304526	0.179203645179	0.135691890347	0.148849255547	0.14958395154	0.141162844356	0.131417042729	0.146416812412	0.146382792224	0.123570159334
404239096-tonguedorsum1.snv.bam	0.15731484043	0.178682123201	0.140519001484	0.141630970158	0.173234217916	0.154154441305	0.152566889984	0.142802657949	0.0	0.161920147413	0.188789523582	0.196443745737	0.195526425339	0.188644549294	0.165680871894	0.154193016784	0.150641234804	0.187382447331	0.153309344573	0.1745567743	0.171953821642	0.138524348565	0.144448877043	0.139226749722	0.127598119556	0.13618029999	0.16011763484	0.142075505704	0.184321625052	0.182735658775	0.171668948236	0.1710019865	0.167031958765	0.155398095328	0.133580526949	0.138303152083	0.145964411576	0.142957934646	0.171017225262	0.1546962355	0.154658840318
508703490-tonguedorsum2.snv.bam	0.154177487058	0.187988830925	0.1235488653	0.129675393	0.161934631718	0.150163567216	0.148262581415	0.155602211004	0.161920147413	0.0	0.216417247939	0.222719446362	0.218868194583	0.200821787037	0.136082843524	0.157798960917	0.1515751139	0.208317168626	0.181894417357	0.154597167166	0.135351279575	0.15100879677	0.163596649092	0.165906418602	0.142098232708	0.141439858207	0.152228387385	0.101175623417	0.185665696016	0.181911852964	0.165509176215	0.164097084898	0.163595156756	0.151779309081	0.142089671057	0.149077443568	0.151804368018	0.116899189882	0.179386863984	0.152754007901	0.147752857342
550534656-tonguedorsum1.snv.bam	0.181690930804	0.189454898161	0.186976189139	0.185648471855	0.209945734448	0.203289625029	0.188218772028	0.17434905904	0.188789523582	0.216417247939	0.0	0.000521931314472	0.000591133004926	0.192340663391	0.185775498181	0.204180504594	0.202727808298	0.18246055263	0.195921749139	0.194889375965	0.187628865979	0.173791340666	0.155681202532	0.147278310299	0.197916562289	0.155824937028	0.214573660092	0.193911992404	0.175512324577	0.180899033749	0.199806847733	0.19863079716	0.195865633075	0.175693904358	0.208785995285	0.210086146135	0.2004249871	0.172952406216	0.195120243827	0.194764096798	0.181895014253
550534656-tonguedorsum2.snv.bam	0.19074125087	0.195173116795	0.194860943714	0.193322802049	0.219269434527	0.208503416291	0.197122672716	0.181676910966	0.196443745737	0.222719446362	0.000521931314472	0.0	0.000480623224971	0.200683097975	0.191821499887	0.208361127492	0.206912021279	0.189810260606	0.208833286021	0.20487913253	0.198507018171	0.180422520246	0.166470537509	0.158024062353	0.21046725315	0.16567523679	0.218872205323	0.201864767159	0.175035845299	0.181843797375	0.204967761203	0.204255107947	0.201496327038	0.184048121569	0.215166388643	0.21677379566	0.206019032266	0.179126003412	0.199189975862	0.203105164483	0.193707927136
550534656-tonguedorsum3.snv.bam	0.184773301397	0.192896142409	0.19123733079	0.189031872548	0.21060053149	0.204302474613	0.191416972829	0.174665855769	0.195526425339	0.218868194583	0.000591133004926	0.000480623224971	0.0	0.196752290288	0.187213964416	0.205348857853	0.206384450701	0.184684861987	0.202392899643	0.202810230067	0.193770250368	0.176566281506	0.158743008596	0.150234865992	0.207079199241	0.160199606158	0.215314142104	0.198499566991	0.178737218494	0.183324443737	0.205062844869	0.204306309095	0.201284606866	0.176702870145	0.212527130274	0.215417869393	0.197102875852	0.173444880992	0.195924481348	0.197834833341	0.189449108408
604812005-tonguedorsum3.snv.bam	0.177764331267	0.183544335055	0.173909875341	0.171885647207	0.177930824235	0.177402093414	0.170085962728	0.161171786944	0.188644549294	0.200821787037	0.192340663391	0.200683097975	0.196752290288	0.0	0.17729742978	0.193129718318	0.189938859111	0.180649042554	0.207977132171	0.18636758525	0.183335594197	0.189050058552	0.183453972775	0.186715960372	0.174703676508	0.165851873921	0.199534568701	0.173722889962	0.193226681714	0.192560905805	0.205862349304	0.204045121802	0.201845290469	0.175231910414	0.180858823477	0.186326306052	0.181109139939	0.167277848615	0.143505751865	0.153980374068	0.159489273752
638754422-tonguedorsum3.snv.bam	0.158876906109	0.165372449097	0.1216888662	0.123245144153	0.141206771889	0.154094572447	0.15016613956	0.150036207332	0.165680871894	0.136082843524	0.185775498181	0.191821499887	0.187213964416	0.17729742978	0.0	0.155735096028	0.157349247513	0.175456454207	0.185860277788	0.159825661219	0.137185182893	0.133670530348	0.156359196958	0.155823964451	0.140970611503	0.136097656505	0.145050397833	0.128894978637	0.130799185897	0.126125266429	0.189108623879	0.185653119687	0.182868871169	0.165482641663	0.166205405718	0.174768669425	0.152464851249	0.133193915935	0.160200433374	0.145487542631	0.137319689167
675950834-tonguedorsum1.snv.bam	0.153967083941	0.15998048315	0.15916989048	0.156157048161	0.172741669428	0.170626358854	0.159312915693	0.172497124464	0.154193016784	0.157798960917	0.204180504594	0.208361127492	0.205348857853	0.193129718318	0.155735096028	0.0	0.031757558525	0.178492882719	0.17971586384	0.186624249412	0.146179123815	0.144263623778	0.163535914744	0.156308654056	0.150990144836	0.128132749908	0.147774757732	0.162561774779	0.180385418431	0.177696207449	0.190126346568	0.188022161353	0.181927444335	0.146076739046	0.144906009019	0.154889385666	0.157348077438	0.161619294374	0.175757173596	0.170969351141	0.160276226929
675950834-tonguedorsum2.snv.bam	0.138875014428	0.151406532442	0.13589324937	0.134499021018	0.159180188836	0.164392011626	0.143509173383	0.15931882468	0.150641234804	0.1515751139	0.202727808298	0.206912021279	0.206384450701	0.189938859111	0.157349247513	0.031757558525	0.0	0.182063445958	0.163444061049	0.169914216349	0.161592110313	0.139020115535	0.160977553564	0.156231978354	0.133370711829	0.11218504619	0.146240907317	0.153874230405	0.174803344945	0.168159795628	0.168033698712	0.16621057885	0.159722342125	0.136945890657	0.129024880462	0.131136068807	0.148148604703	0.148103744605	0.169442579987	0.164846079558	0.145163576272
763395383-tonguedorsum3.snv.bam	0.184174986418	0.19357753518	0.183961355252	0.183484871002	0.17333288093	0.183551928088	0.189463673533	0.194571255913	0.187382447331	0.208317168626	0.18246055263	0.189810260606	0.184684861987	0.180649042554	0.175456454207	0.178492882719	0.182063445958	0.0	0.207556784794	0.197585034005	0.198348504739	0.139511729218	0.189081389087	0.184512769278	0.199222760683	0.172073155453	0.185344332905	0.189594160367	0.134107625765	0.127064540418	0.195336169212	0.193126336816	0.191488592995	0.197509537146	0.196187838986	0.200792240278	0.197358207371	0.172194015335	0.166791378223	0.17421155522	0.194660672625
763577454-tonguedorsum1.snv.bam	0.180240000079	0.178642411265	0.153438577108	0.147593212173	0.175699243594	0.161724373016	0.159448755625	0.169986650134	0.153309344573	0.181894417357	0.195921749139	0.208833286021	0.202392899643	0.207977132171	0.185860277788	0.17971586384	0.163444061049	0.207556784794	0.0	0.16080343294	0.18961846303	0.15122386	0.185283586166	0.183281265735	0.125994878684	0.129274923514	0.176448105839	0.168017269979	0.206829780359	0.201879609185	0.116964270706	0.113987023643	0.113077597501	0.166969013497	0.154054923357	0.154532840132	0.159527944371	0.169337846032	0.187715744306	0.170897864731	0.170735074051
763901136-tonguedorsum2.snv.bam	0.180759337597	0.181838359073	0.150184210184	0.153628041606	0.176687081471	0.148927397239	0.174841604304	0.155624376	0.1745567743	0.154597167166	0.194889375965	0.20487913253	0.202810230067	0.18636758525	0.159825661219	0.186624249412	0.169914216349	0.197585034005	0.16080343294	0.0	0.173351972011	0.175814843844	0.16988506121	0.174410475455	0.159813478529	0.155569877841	0.15063721084	0.161182762032	0.169635825822	0.169397531239	0.136458393284	0.134020507859	0.13175933713	0.171295335054	0.161047861903	0.160561331142	0.163779291905	0.149738173501	0.164626936569	0.151047038597	0.150352047693
763982056-tonguedorsum3.snv.bam	0.164196039769	0.167741740979	0.144683168439	0.1442137875	0.178747256445	0.173041298899	0.172275328727	0.166489023796	0.171953821642	0.135351279575	0.187628865979	0.198507018171	0.193770250368	0.183335594197	0.137185182893	0.146179123815	0.161592110313	0.198348504739	0.18961846303	0.173351972011	0.0	0.158168299547	0.163098177845	0.159748032233	0.171753817769	0.161185095507	0.181650530096	0.13785368004	0.170322046062	0.171634870164	0.203199635218	0.202286774165	0.201984940611	0.184549274588	0.161820623108	0.17353460441	0.196072874771	0.149204924614	0.177130053774	0.167278241512	0.129207549106
764143897-tonguedorsum1.snv.bam	0.132887737944	0.12865687524	0.120703285686	0.120742273356	0.157436660817	0.127178545662	0.133843717365	0.151705139633	0.138524348565	0.15100879677	0.173791340666	0.180422520246	0.176566281506	0.189050058552	0.133670530348	0.144263623778	0.139020115535	0.139511729218	0.15122386	0.175814843844	0.158168299547	0.0	0.164545890427	0.162555191488	0.149019841703	0.135313592632	0.163434348726	0.147975993478	0.113161814056	0.10279117182	0.16002710071	0.157305925046	0.155286921486	0.147140675434	0.135195094469	0.143998540765	0.118359162147	0.126560366284	0.176701721275	0.143877009452	0.138226902301
764224817-tonguedorsum1.snv.bam	0.149794470426	0.186401233787	0.141186162092	0.137874010567	0.187699637423	0.161556563521	0.172450027871	0.15027190842	0.144448877043	0.163596649092	0.155681202532	0.166470537509	0.158743008596	0.183453972775	0.156359196958	0.163535914744	0.160977553564	0.189081389087	0.185283586166	0.16988506121	0.163098177845	0.164545890427	0.0	0.0232819203178	0.155871044849	0.163502263806	0.154240896959	0.148580169956	0.175060292531	0.175520850593	0.208994581736	0.203591769675	0.202312067299	0.143235606278	0.176040861743	0.18127017489	0.171014294725	0.145907223934	0.162776663144	0.137580421627	0.166742654209
764224817-tonguedorsum2.snv.bam	0.155576742461	0.187222112698	0.139620642629	0.137339405347	0.18687013771	0.156551582139	0.177954376212	0.153226071031	0.139226749722	0.165906418602	0.147278310299	0.158024062353	0.150234865992	0.186715960372	0.155823964451	0.156308654056	0.156231978354	0.184512769278	0.183281265735	0.174410475455	0.159748032233	0.162555191488	0.0232819203178	0.0	0.152921850501	0.166787325896	0.144815192269	0.149561985933	0.17332159554	0.17468077572	0.207768592751	0.201698812257	0.200244720577	0.144840527469	0.177406922406	0.182004684944	0.170735867565	0.149554297452	0.163742269119	0.141618732546	0.168236736397
764447348-tonguedorsum2.snv.bam	0.143474174896	0.17956458883	0.11372907195	0.117531632525	0.142961057163	0.129659252823	0.128833638585	0.147519818726	0.127598119556	0.142098232708	0.197916562289	0.21046725315	0.207079199241	0.174703676508	0.140970611503	0.150990144836	0.133370711829	0.199222760683	0.125994878684	0.159813478529	0.171753817769	0.149019841703	0.155871044849	0.152921850501	0.0	0.097821234535	0.136956290357	0.123557953297	0.170151797895	0.167409614035	0.164330119117	0.159712380997	0.154233713794	0.110513215225	0.139823748461	0.141525134686	0.134264780688	0.138397056887	0.173477834709	0.131872606071	0.131133898382
764467579-tonguedorsum3.snv.bam	0.124002256662	0.155608971671	0.125238463207	0.12904598836	0.16124084888	0.158761732657	0.137453448811	0.149948612631	0.13618029999	0.141439858207	0.155824937028	0.16567523679	0.160199606158	0.165851873921	0.136097656505	0.128132749908	0.11218504619	0.172073155453	0.129274923514	0.155569877841	0.161185095507	0.135313592632	0.163502263806	0.166787325896	0.097821234535	0.0	0.149583677412	0.126601332863	0.164624083956	0.161071631977	0.124413727871	0.12254846355	0.11898883641	0.125139147677	0.12899978846	0.130600063869	0.147373494982	0.11585594827	0.161872045643	0.152097932882	0.136741632221
764487809-tonguedorsum2.snv.bam	0.160175875232	0.188989336521	0.155751684841	0.155348438248	0.153198841776	0.134789103854	0.173600767735	0.164160609744	0.16011763484	0.152228387385	0.214573660092	0.218872205323	0.215314142104	0.199534568701	0.145050397833	0.147774757732	0.146240907317	0.185344332905	0.176448105839	0.15063721084	0.181650530096	0.163434348726	0.154240896959	0.144815192269	0.136956290357	0.149583677412	0.0	0.154543589727	0.168683816376	0.173365439332	0.169338762746	0.167893194494	0.169052635039	0.147456159379	0.159401126582	0.156574480193	0.160302030654	0.143976901395	0.171551685403	0.146520784167	0.154399306154
764649650-tonguedorsum2.snv.bam	0.129351144162	0.170298480058	0.120652981776	0.122082651472	0.1499229226	0.149112124709	0.131164263203	0.142642677505	0.142075505704	0.101175623417	0.193911992404	0.201864767159	0.198499566991	0.173722889962	0.128894978637	0.162561774779	0.153874230405	0.189594160367	0.168017269979	0.161182762032	0.13785368004	0.147975993478	0.148580169956	0.149561985933	0.123557953297	0.126601332863	0.154543589727	0.0	0.175227039176	0.173721813963	0.168387670552	0.166497621166	0.163992951806	0.140411188449	0.137001290276	0.137130070292	0.153661423332	0.0951810118906	0.150728357857	0.136893451853	0.13279897739
764811490-tonguedorsum1.snv.bam	0.18282288645	0.175512659363	0.156502479498	0.156273557684	0.174597749431	0.173260132129	0.170645113961	0.170390145697	0.184321625052	0.185665696016	0.175512324577	0.175035845299	0.178737218494	0.193226681714	0.130799185897	0.180385418431	0.174803344945	0.134107625765	0.206829780359	0.169635825822	0.170322046062	0.113161814056	0.175060292531	0.17332159554	0.170151797895	0.164624083956	0.168683816376	0.175227039176	0.0	0.000394788837752	0.192407092843	0.189638834828	0.18852233962	0.190135279318	0.192943818611	0.200007317725	0.159918944648	0.162591069022	0.1810004231	0.166743515167	0.16865318346
764811490-tonguedorsum2.snv.bam	0.173839530422	0.165257215212	0.152345925457	0.151789885472	0.170748233116	0.174420467899	0.161249909334	0.168175568937	0.182735658775	0.181911852964	0.180899033749	0.181843797375	0.183324443737	0.192560905805	0.126125266429	0.177696207449	0.168159795628	0.127064540418	0.201879609185	0.169397531239	0.171634870164	0.10279117182	0.175520850593	0.17468077572	0.167409614035	0.161071631977	0.173365439332	0.173721813963	0.000394788837752	0.0	0.191304558842	0.188404560111	0.187163995813	0.185019536186	0.181837888999	0.189596753545	0.145508223945	0.16201372279	0.180571793841	0.167621164788	0.161753407068
765013792-tonguedorsum1.snv.bam	0.167335605482	0.183176489602	0.149574207872	0.153210051873	0.193102151432	0.17405128445	0.155786121989	0.185353553459	0.171668948236	0.165509176215	0.199806847733	0.204967761203	0.205062844869	0.205862349304	0.189108623879	0.190126346568	0.168033698712	0.195336169212	0.116964270706	0.136458393284	0.203199635218	0.16002710071	0.208994581736	0.207768592751	0.164330119117	0.124413727871	0.169338762746	0.168387670552	0.192407092843	0.191304558842	0.0	0.00410217220713	0.00102479675837	0.178120090472	0.133242535963	0.121921932283	0.156815710358	0.145681437027	0.184885353985	0.177387281203	0.152764437453
765013792-tonguedorsum2.snv.bam	0.163910030834	0.181344814216	0.14400605837	0.148551096959	0.18833181853	0.171860081935	0.154665339527	0.180478304526	0.1710019865	0.164097084898	0.19863079716	0.204255107947	0.204306309095	0.204045121802	0.185653119687	0.188022161353	0.16621057885	0.193126336816	0.113987023643	0.134020507859	0.202286774165	0.157305925046	0.203591769675	0.201698812257	0.159712380997	0.12254846355	0.167893194494	0.166497621166	0.189638834828	0.188404560111	0.00410217220713	0.0	0.00416600087172	0.173661864516	0.130220224032	0.120787664716	0.152474533251	0.144546870755	0.183931942767	0.173689461363	0.151786328469
765013792-tonguedorsum3.snv.bam	0.162327678561	0.178157951835	0.140737641862	0.145332485846	0.184950920799	0.167455642583	0.15030157626	0.179203645179	0.167031958765	0.163595156756	0.195865633075	0.201496327038	0.201284606866	0.201845290469	0.182868871169	0.181927444335	0.159722342125	0.191488592995	0.113077597501	0.13175933713	0.201984940611	0.155286921486	0.202312067299	0.200244720577	0.154233713794	0.11898883641	0.169052635039	0.163992951806	0.18852233962	0.187163995813	0.00102479675837	0.00416600087172	0.0	0.171050449062	0.130882957759	0.118431776878	0.151362602229	0.14356628527	0.184170812463	0.16964636689	0.147785936528
765034022-tonguedorsum1.snv.bam	0.133653304888	0.177780640587	0.147303646112	0.149024022264	0.160784816879	0.151661144506	0.145136354072	0.135691890347	0.155398095328	0.151779309081	0.175693904358	0.184048121569	0.176702870145	0.175231910414	0.165482641663	0.146076739046	0.136945890657	0.197509537146	0.166969013497	0.171295335054	0.184549274588	0.147140675434	0.143235606278	0.144840527469	0.110513215225	0.125139147677	0.147456159379	0.140411188449	0.190135279318	0.185019536186	0.178120090472	0.173661864516	0.171050449062	0.0	0.145021585157	0.152983014859	0.157021953426	0.122507707753	0.179055884067	0.168187310288	0.130564614392
765074482-tonguedorsum1.snv.bam	0.132941961974	0.143526172288	0.127747897061	0.128829322866	0.15693815767	0.165662884921	0.136974890351	0.148849255547	0.133580526949	0.142089671057	0.208785995285	0.215166388643	0.212527130274	0.180858823477	0.166205405718	0.144906009019	0.129024880462	0.196187838986	0.154054923357	0.161047861903	0.161820623108	0.135195094469	0.176040861743	0.177406922406	0.139823748461	0.12899978846	0.159401126582	0.137001290276	0.192943818611	0.181837888999	0.133242535963	0.130220224032	0.130882957759	0.145021585157	0.0	0.0257757319629	0.139880703091	0.140759325251	0.157738369444	0.154908037925	0.138993649275
765074482-tonguedorsum3.snv.bam	0.132406260521	0.139899809198	0.124665918011	0.126891655971	0.157432165578	0.16647105918	0.136911027944	0.14958395154	0.138303152083	0.149077443568	0.210086146135	0.21677379566	0.215417869393	0.186326306052	0.174768669425	0.154889385666	0.131136068807	0.200792240278	0.154532840132	0.160561331142	0.17353460441	0.143998540765	0.18127017489	0.182004684944	0.141525134686	0.130600063869	0.156574480193	0.137130070292	0.200007317725	0.189596753545	0.121921932283	0.120787664716	0.118431776878	0.152983014859	0.0257757319629	0.0	0.143259932057	0.143563875472	0.159198916662	0.154344654169	0.136793257968
765216093-tonguedorsum3.snv.bam	0.142852228967	0.160351294892	0.132758786576	0.124862715861	0.138829715358	0.153122721022	0.128190897788	0.141162844356	0.145964411576	0.151804368018	0.2004249871	0.206019032266	0.197102875852	0.181109139939	0.152464851249	0.157348077438	0.148148604703	0.197358207371	0.159527944371	0.163779291905	0.196072874771	0.118359162147	0.171014294725	0.170735867565	0.134264780688	0.147373494982	0.160302030654	0.153661423332	0.159918944648	0.145508223945	0.156815710358	0.152474533251	0.151362602229	0.157021953426	0.139880703091	0.143259932057	0.0	0.151191209442	0.158457980132	0.140571695288	0.152639085147
765377934-tonguedorsum3.snv.bam	0.117110494846	0.162690063202	0.120072373224	0.122874197396	0.149587252336	0.143404040726	0.134658352278	0.131417042729	0.142957934646	0.116899189882	0.172952406216	0.179126003412	0.173444880992	0.167277848615	0.133193915935	0.161619294374	0.148103744605	0.172194015335	0.169337846032	0.149738173501	0.149204924614	0.126560366284	0.145907223934	0.149554297452	0.138397056887	0.11585594827	0.143976901395	0.0951810118906	0.162591069022	0.16201372279	0.145681437027	0.144546870755	0.14356628527	0.122507707753	0.140759325251	0.143563875472	0.151191209442	0.0	0.145737178824	0.139971838398	0.113356775746
765701615-tonguedorsum2.snv.bam	0.154205667855	0.171644789824	0.160613833763	0.158155758794	0.161650156026	0.166843182387	0.15654297652	0.146416812412	0.171017225262	0.179386863984	0.195120243827	0.199189975862	0.195924481348	0.143505751865	0.160200433374	0.175757173596	0.169442579987	0.166791378223	0.187715744306	0.164626936569	0.177130053774	0.176701721275	0.162776663144	0.163742269119	0.173477834709	0.161872045643	0.171551685403	0.150728357857	0.1810004231	0.180571793841	0.184885353985	0.183931942767	0.184170812463	0.179055884067	0.157738369444	0.159198916662	0.158457980132	0.145737178824	0.0	0.153873440646	0.156769710283
861967750-tonguedorsum1.snv.bam	0.151107687712	0.1433352591	0.128773770645	0.129112605621	0.139765020143	0.107072871153	0.140196824163	0.146382792224	0.1546962355	0.152754007901	0.194764096798	0.203105164483	0.197834833341	0.153980374068	0.145487542631	0.170969351141	0.164846079558	0.17421155522	0.170897864731	0.151047038597	0.167278241512	0.143877009452	0.137580421627	0.141618732546	0.131872606071	0.152097932882	0.146520784167	0.136893451853	0.166743515167	0.167621164788	0.177387281203	0.173689461363	0.16964636689	0.168187310288	0.154908037925	0.154344654169	0.140571695288	0.139971838398	0.153873440646	0.0	0.142779822299
953045535-tonguedorsum2.snv.bam	0.138919213716	0.152069680037	0.125033158697	0.126275966522	0.14516334468	0.149101711634	0.131588928864	0.123570159334	0.154658840318	0.147752857342	0.181895014253	0.193707927136	0.189449108408	0.159489273752	0.137319689167	0.160276226929	0.145163576272	0.194660672625	0.170735074051	0.150352047693	0.129207549106	0.138226902301	0.166742654209	0.168236736397	0.131133898382	0.136741632221	0.154399306154	0.13279897739	0.16865318346	0.161753407068	0.152764437453	0.151786328469	0.147785936528	0.130564614392	0.138993649275	0.136793257968	0.152639085147	0.113356775746	0.156769710283	0.142779822299	0.0
