	158155345-tonguedorsum2.snv.bam	158216035-tonguedorsum2.snv.bam	158479027-tonguedorsum1.snv.bam	158499257-tonguedorsum2.snv.bam	158802708-tonguedorsum3.snv.bam	158944319-tonguedorsum1.snv.bam	158944319-tonguedorsum3.snv.bam	159005010-tonguedorsum2.snv.bam	159207311-tonguedorsum2.snv.bam	159207311-tonguedorsum3.snv.bam	159268001-tonguedorsum1.snv.bam	159268001-tonguedorsum3.snv.bam	159490532-tonguedorsum1.snv.bam	159591683-tonguedorsum2.snv.bam	159814214-tonguedorsum2.snv.bam	160582958-tonguedorsum3.snv.bam	160603188-tonguedorsum2.snv.bam	160603188-tonguedorsum3.snv.bam	160643649-tonguedorsum1.snv.bam	160765029-tonguedorsum1.snv.bam	234447334-tonguedorsum2.snv.bam	508703490-tonguedorsum1.snv.bam	508703490-tonguedorsum2.snv.bam	550534656-tonguedorsum1.snv.bam	550534656-tonguedorsum2.snv.bam	550534656-tonguedorsum3.snv.bam	604812005-tonguedorsum3.snv.bam	739574095-tonguedorsum2.snv.bam	763395383-anteriornares3.snv.bam	763395383-tonguedorsum3.snv.bam	763496533-tonguedorsum2.snv.bam	763901136-tonguedorsum2.snv.bam	763961826-tonguedorsum1.snv.bam	763961826-tonguedorsum2.snv.bam	763982056-tonguedorsum3.snv.bam	764143897-tonguedorsum1.snv.bam	764285508-tonguedorsum2.snv.bam	764325968-tonguedorsum1.snv.bam	764325968-tonguedorsum2.snv.bam	764447348-tonguedorsum1.snv.bam	764447348-tonguedorsum2.snv.bam	764588959-tonguedorsum2.snv.bam	764872181-tonguedorsum1.snv.bam	765094712-tonguedorsum1.snv.bam	765094712-tonguedorsum2.snv.bam	765155402-tonguedorsum3.snv.bam	765216093-tonguedorsum3.snv.bam	823052294-tonguedorsum3.snv.bam
158155345-tonguedorsum2.snv.bam	0.0	0.163345702647	0.15623471066	0.19330463575	0.180237094166	0.145795825654	0.145829540409	0.156709105226	0.152545566998	0.154126539963	0.149969073367	0.177996816456	0.16848146463	0.14512679397	0.161942964041	0.15279452368	0.162515209866	0.161985546745	0.173026109001	0.169642918039	0.132409399538	0.127290504832	0.14935060762	0.144120415859	0.147388276643	0.14822198146	0.13626716949	0.201909848302	0.191387840845	0.177242202486	0.169969017467	0.169294494021	0.137523750984	0.132622495914	0.157582179515	0.126181384468	0.149012534187	0.129968737576	0.17876961608	0.149932061355	0.137153890397	0.147872093069	0.191294207853	0.17437503079	0.177381245385	0.130949484675	0.151125336989	0.140534500209
158216035-tonguedorsum2.snv.bam	0.163345702647	0.0	0.147551604741	0.153402709695	0.17460292717	0.13478998073	0.128684683115	0.134029250788	0.172510156	0.173378460312	0.125022757057	0.124744526497	0.146366646277	0.126623740688	0.148269924401	0.151690755353	0.123637651483	0.129895126041	0.172747535739	0.147001227628	0.130671590508	0.120812552809	0.10840087024	0.1226962153	0.12353749923	0.120027100456	0.102334044729	0.173357490721	0.178526555785	0.192878709434	0.155142389719	0.158961878269	0.136670562523	0.130426280369	0.141662300875	0.137467541454	0.136423469143	0.132137131965	0.168836505089	0.136541248645	0.133399671511	0.174105012263	0.162964069158	0.164413518252	0.165334537466	0.118827513048	0.122327857408	0.136374047462
158479027-tonguedorsum1.snv.bam	0.15623471066	0.147551604741	0.0	0.172240588224	0.165970061959	0.150128982547	0.138119506468	0.115934393041	0.163028988542	0.163831065625	0.162787159324	0.142656645503	0.146567037646	0.145358088753	0.114917975567	0.133636599908	0.152559182153	0.158591834803	0.179469888302	0.138582571888	0.143467555391	0.146071963526	0.139216249572	0.136428103659	0.144141121778	0.144822665281	0.131961185181	0.162537588127	0.175044524957	0.153457954191	0.171252358397	0.169764779747	0.133701863739	0.138593272347	0.15130680563	0.122732132106	0.136194988825	0.133398894873	0.173303176927	0.149699069428	0.133762148283	0.194650999624	0.167175823341	0.140982008424	0.141473003512	0.148289888813	0.134050261798	0.114101388902
158499257-tonguedorsum2.snv.bam	0.19330463575	0.153402709695	0.172240588224	0.0	0.15672061439	0.136465968557	0.146798474039	0.146989393594	0.169124397913	0.171737955345	0.152969271541	0.170813822002	0.17113877426	0.145136011412	0.162055549186	0.145243663074	0.142483869802	0.137649038387	0.144497678353	0.161763982965	0.133040867922	0.157339346144	0.166910106082	0.14747526672	0.147937652507	0.150057170881	0.139486862514	0.150967837624	0.1562699591	0.145336099082	0.118035004521	0.133222134044	0.153634021506	0.153047922377	0.127246944217	0.139249486168	0.154927002546	0.137387705681	0.138271885456	0.148939653454	0.148478274682	0.151153050072	0.145828329946	0.133978953593	0.12668431938	0.132669757076	0.128004804845	0.141429704023
158802708-tonguedorsum3.snv.bam	0.180237094166	0.17460292717	0.165970061959	0.15672061439	0.0	0.16545774874	0.154739771166	0.1422983264	0.149484763594	0.148809066742	0.171257460328	0.171672526335	0.1703633545	0.157283172895	0.169645559266	0.127891726254	0.15798124052	0.166577381074	0.165862382003	0.115948292342	0.140503000475	0.153589325158	0.144218714967	0.118132939676	0.133350678156	0.134531342455	0.147532398564	0.135826914426	0.143611407006	0.15802170419	0.152502443895	0.178521702834	0.155064011527	0.150806936022	0.159345282094	0.161615326454	0.147544841562	0.142688029864	0.173358341951	0.160038706311	0.149713170621	0.172716240103	0.162857044658	0.0999248549799	0.102238882504	0.13432505755	0.158121441642	0.138354979749
158944319-tonguedorsum1.snv.bam	0.145795825654	0.13478998073	0.150128982547	0.136465968557	0.16545774874	0.0	0.0988437909993	0.129710751745	0.153440430192	0.154080273041	0.134727034391	0.131386767749	0.126304622462	0.114989320981	0.131078296001	0.148081585102	0.124474165404	0.121376843451	0.185551938591	0.140448687354	0.129963030898	0.127598780486	0.139319565622	0.128141112951	0.135988123036	0.133830023021	0.107831236057	0.177176193451	0.176942417333	0.162952842197	0.139134679948	0.161152909257	0.145179393615	0.135206227122	0.125205109957	0.131278277863	0.132167178838	0.116780156342	0.158416755741	0.127544488161	0.119643321235	0.157583614443	0.166697379955	0.139505829134	0.139033939951	0.125387823788	0.113030829571	0.120778949057
158944319-tonguedorsum3.snv.bam	0.145829540409	0.128684683115	0.138119506468	0.146798474039	0.154739771166	0.0988437909993	0.0	0.12063297918	0.14394501621	0.143030213848	0.134024736778	0.128252135126	0.115768244179	0.131572273586	0.127898852984	0.138553446864	0.094035405438	0.0974146401447	0.153001714064	0.135784818551	0.119961935317	0.134172127013	0.137860342035	0.11184897481	0.118120314238	0.11191446155	0.113301717022	0.17125473165	0.177513488912	0.168994866919	0.152264143025	0.154761602357	0.125781463116	0.120198354874	0.127442444975	0.117677789037	0.129402703509	0.109217050647	0.14058974907	0.139244236388	0.126718954213	0.16366454522	0.148942437559	0.135594805971	0.134374369262	0.1181092435	0.109560462002	0.113311734458
159005010-tonguedorsum2.snv.bam	0.156709105226	0.134029250788	0.115934393041	0.146989393594	0.1422983264	0.129710751745	0.12063297918	0.0	0.151716235009	0.152052271112	0.14652740954	0.147046851752	0.138633623837	0.117719164754	0.133495357338	0.102026660975	0.130640989211	0.140166922179	0.166401059835	0.130796217748	0.117028636894	0.123804150695	0.129272327277	0.107997139516	0.116347633872	0.11091868416	0.103666400904	0.143333652168	0.147068419672	0.160494465793	0.145126778861	0.106564183987	0.115749386454	0.114493192077	0.121232467647	0.0991491658328	0.116807175907	0.116184529221	0.149148266577	0.126405758448	0.120121075838	0.174182819813	0.138929139778	0.114839505542	0.117508088406	0.118824745948	0.119477789266	0.108130884982
159207311-tonguedorsum2.snv.bam	0.152545566998	0.172510156	0.163028988542	0.169124397913	0.149484763594	0.153440430192	0.14394501621	0.151716235009	0.0	0.0185573452567	0.175916291651	0.174251211697	0.168374232416	0.163708943206	0.159729812001	0.152502584902	0.155777832769	0.162230427034	0.185883016035	0.15726576709	0.15687632363	0.135137078554	0.140560704957	0.145644068054	0.15074577559	0.145544320032	0.143212345539	0.169077495941	0.167920504935	0.184453720605	0.163859659583	0.18281534289	0.148965231144	0.146469991506	0.142708065853	0.157759372269	0.140186238819	0.132958950125	0.184535354819	0.164699548407	0.16263957955	0.138508424265	0.171798246998	0.118196120289	0.114177434728	0.152515945615	0.157304389313	0.13745658229
159207311-tonguedorsum3.snv.bam	0.154126539963	0.173378460312	0.163831065625	0.171737955345	0.148809066742	0.154080273041	0.143030213848	0.152052271112	0.0185573452567	0.0	0.179131544629	0.17302374791	0.165671404922	0.164252545552	0.159318301506	0.153886164997	0.157115092043	0.163361289906	0.188387942061	0.151771931821	0.157057038411	0.134108446554	0.139585979902	0.145524707928	0.152074628043	0.143373989089	0.143228991286	0.173873285974	0.169970630082	0.185061313135	0.167514288205	0.188091482123	0.147184064903	0.145277438531	0.146201295356	0.159515685473	0.142880498551	0.13881760481	0.187020748292	0.163113714058	0.162072110258	0.140212593098	0.173142525398	0.109933824184	0.1088314947	0.153867348742	0.157266325105	0.137059021759
159268001-tonguedorsum1.snv.bam	0.149969073367	0.125022757057	0.162787159324	0.152969271541	0.171257460328	0.134727034391	0.134024736778	0.14652740954	0.175916291651	0.179131544629	0.0	0.121499455735	0.146602069131	0.134412083385	0.159289585766	0.153632420067	0.143962639697	0.151395700259	0.167123038229	0.154718791265	0.127556975264	0.137505865176	0.146172851467	0.129621637571	0.123698248852	0.135428717409	0.12426732581	0.165501532659	0.17800327611	0.181109099262	0.159090046788	0.158854771439	0.133605258168	0.129495819878	0.146712775693	0.143352492588	0.144538301174	0.127436800112	0.156309928367	0.140664010604	0.12552376651	0.161740349451	0.157715504052	0.155901632307	0.151891812545	0.129059426409	0.130775766047	0.135212977755
159268001-tonguedorsum3.snv.bam	0.177996816456	0.124744526497	0.142656645503	0.170813822002	0.171672526335	0.131386767749	0.128252135126	0.147046851752	0.174251211697	0.17302374791	0.121499455735	0.0	0.118517133784	0.124394957647	0.146704207454	0.159152559175	0.128056305704	0.140668108896	0.201623637264	0.136737952842	0.139871671112	0.149576145062	0.157282195159	0.143211432977	0.148957051645	0.139989822986	0.121590314401	0.171096058958	0.1832680129	0.180646943401	0.163568301377	0.176037609489	0.153130179891	0.148218728377	0.156956060416	0.146220638091	0.143556111437	0.139277992148	0.178721759874	0.148174150645	0.142946729564	0.181928968431	0.170247274348	0.151895543565	0.152830295516	0.136791815322	0.124485894803	0.105736872465
159490532-tonguedorsum1.snv.bam	0.16848146463	0.146366646277	0.146567037646	0.17113877426	0.1703633545	0.126304622462	0.115768244179	0.138633623837	0.168374232416	0.165671404922	0.146602069131	0.118517133784	0.0	0.132052138472	0.110675231298	0.159781816794	0.131640251095	0.131675349324	0.199668992825	0.148900180266	0.147919997371	0.141136671648	0.145524023831	0.135841789575	0.142215766609	0.126196150376	0.132523458098	0.187393546552	0.188758846315	0.182781202633	0.173083404558	0.177306224586	0.147641658311	0.144403525706	0.158756527756	0.145080266767	0.151185479044	0.143911259616	0.17824690421	0.150300078996	0.134546364957	0.180504501338	0.138668397977	0.164077600749	0.1660675014	0.154241871435	0.135056368312	0.107611534601
159591683-tonguedorsum2.snv.bam	0.14512679397	0.126623740688	0.145358088753	0.145136011412	0.157283172895	0.114989320981	0.131572273586	0.117719164754	0.163708943206	0.164252545552	0.134412083385	0.124394957647	0.132052138472	0.0	0.137553401418	0.123781378012	0.122774456731	0.122757308881	0.170228556141	0.141893197079	0.123452912995	0.124436540114	0.134818984323	0.11766982917	0.127664163277	0.127330778354	0.11378276554	0.152674136459	0.164544710146	0.15087750046	0.142514152605	0.141332804701	0.126017813346	0.120275055827	0.129971169767	0.122842471027	0.133932531188	0.110274348097	0.156573625233	0.121780485132	0.120104153851	0.160914345388	0.157398693825	0.141594776347	0.141196001273	0.120072021442	0.117165249723	0.110573352835
159814214-tonguedorsum2.snv.bam	0.161942964041	0.148269924401	0.114917975567	0.162055549186	0.169645559266	0.131078296001	0.127898852984	0.133495357338	0.159729812001	0.159318301506	0.159289585766	0.146704207454	0.110675231298	0.137553401418	0.0	0.142774502222	0.14689247315	0.150354802777	0.17336036735	0.146538532887	0.138994430869	0.142154200205	0.143317380104	0.140909669611	0.147833205198	0.142629037157	0.13108012425	0.165749806577	0.179452907098	0.153267038637	0.16376427383	0.156249651296	0.152949815393	0.145722416844	0.155129059193	0.13524373842	0.146152546413	0.135609401402	0.172633109169	0.135994354929	0.127047342368	0.173796698495	0.151662957134	0.145240984786	0.147651775335	0.144406054836	0.136816686893	0.122818001112
160582958-tonguedorsum3.snv.bam	0.15279452368	0.151690755353	0.133636599908	0.145243663074	0.127891726254	0.148081585102	0.138553446864	0.102026660975	0.152502584902	0.153886164997	0.153632420067	0.159152559175	0.159781816794	0.123781378012	0.142774502222	0.0	0.144218352051	0.14566196729	0.136336431292	0.147064677984	0.126131290679	0.143572451204	0.142301034205	0.111522294918	0.121136994084	0.121964943831	0.121010264873	0.122671959607	0.120547446622	0.15816186447	0.126365496453	0.123401647251	0.113032918066	0.113706691005	0.122099307434	0.10774381839	0.123566021309	0.113113166978	0.141828035823	0.115179972955	0.123190703531	0.162839456419	0.13022746481	0.117848950238	0.123064642105	0.125826729403	0.137834992354	0.120953667849
160603188-tonguedorsum2.snv.bam	0.162515209866	0.123637651483	0.152559182153	0.142483869802	0.15798124052	0.124474165404	0.094035405438	0.130640989211	0.155777832769	0.157115092043	0.143962639697	0.128056305704	0.131640251095	0.122774456731	0.14689247315	0.144218352051	0.0	0.0440391354089	0.161316909363	0.138688223722	0.130170968549	0.125429788469	0.133894063794	0.111203779726	0.117395707142	0.105520170169	0.11587164606	0.176435172035	0.174508973304	0.163913902334	0.126228657674	0.15559506295	0.144522313994	0.143421465159	0.121807561034	0.128637420982	0.124623144123	0.119920627041	0.141879408332	0.145382729412	0.134206686881	0.163131459412	0.144405228738	0.138640761418	0.137093497291	0.111423247547	0.1087227128	0.120836425654
160603188-tonguedorsum3.snv.bam	0.161985546745	0.129895126041	0.158591834803	0.137649038387	0.166577381074	0.121376843451	0.0974146401447	0.140166922179	0.162230427034	0.163361289906	0.151395700259	0.140668108896	0.131675349324	0.122757308881	0.150354802777	0.14566196729	0.0440391354089	0.0	0.159955706586	0.151154526634	0.131025542438	0.133843899567	0.138626551986	0.121025600698	0.127255518384	0.115746234932	0.121796470382	0.18104510945	0.179355716576	0.152827365681	0.109384131324	0.154900167383	0.145120211851	0.142199986171	0.128543345834	0.131533523166	0.135697714693	0.125328030664	0.141607671609	0.152523160289	0.131010753817	0.163510591664	0.148464810361	0.152715922568	0.151395367965	0.117191744786	0.108551045592	0.122594230411
160643649-tonguedorsum1.snv.bam	0.173026109001	0.172747535739	0.179469888302	0.144497678353	0.165862382003	0.185551938591	0.153001714064	0.166401059835	0.185883016035	0.188387942061	0.167123038229	0.201623637264	0.199668992825	0.170228556141	0.17336036735	0.136336431292	0.161316909363	0.159955706586	0.0	0.198516455566	0.163736423076	0.156024366503	0.169253652987	0.156543327446	0.15746981618	0.155490229766	0.163457607774	0.128286705079	0.120594365656	0.155914693103	0.107277123471	0.122512101788	0.144195922229	0.149763065411	0.143505213105	0.162661127248	0.180070407066	0.141446846512	0.151136444432	0.173855904298	0.163655099364	0.141300473266	0.154803966711	0.147480841118	0.14304727511	0.145632913516	0.160968424231	0.163434618789
160765029-tonguedorsum1.snv.bam	0.169642918039	0.147001227628	0.138582571888	0.161763982965	0.115948292342	0.140448687354	0.135784818551	0.130796217748	0.15726576709	0.151771931821	0.154718791265	0.136737952842	0.148900180266	0.141893197079	0.146538532887	0.147064677984	0.138688223722	0.151154526634	0.198516455566	0.0	0.139002471596	0.13202416539	0.136570692134	0.117522336196	0.125350482008	0.129915725407	0.115451937047	0.18833497221	0.189389448633	0.183599384848	0.175348996884	0.17924645114	0.144840426561	0.140851578143	0.1542998996	0.141533082241	0.117516789046	0.131764363645	0.156376657492	0.138617491551	0.141903826191	0.182915847652	0.155499438796	0.132936017458	0.133378578577	0.127782368306	0.124629572145	0.125897985443
234447334-tonguedorsum2.snv.bam	0.132409399538	0.130671590508	0.143467555391	0.133040867922	0.140503000475	0.129963030898	0.119961935317	0.117028636894	0.15687632363	0.157057038411	0.127556975264	0.139871671112	0.147919997371	0.123452912995	0.138994430869	0.126131290679	0.130170968549	0.131025542438	0.163736423076	0.139002471596	0.0	0.121775728921	0.13061889357	0.110714502278	0.117416443433	0.119217083325	0.108034105782	0.15310225049	0.169756419389	0.156380090843	0.145908823915	0.120185354323	0.115881544339	0.11412111285	0.1283306835	0.115574815038	0.12935477607	0.114502384967	0.158102271565	0.118919434028	0.104929727476	0.151795515612	0.156851920427	0.135734409119	0.132756051484	0.0923913915127	0.114004202384	0.114993455127
508703490-tonguedorsum1.snv.bam	0.127290504832	0.120812552809	0.146071963526	0.157339346144	0.153589325158	0.127598780486	0.134172127013	0.123804150695	0.135137078554	0.134108446554	0.137505865176	0.149576145062	0.141136671648	0.124436540114	0.142154200205	0.143572451204	0.125429788469	0.133843899567	0.156024366503	0.13202416539	0.121775728921	0.0	0.0602550737916	0.111443854033	0.114677482279	0.113659885576	0.100525283882	0.178458753757	0.165426212923	0.176479921838	0.138348211257	0.156388532724	0.123866576552	0.119070590841	0.113205797519	0.131949482858	0.108996380521	0.119394271173	0.169241754715	0.129348487958	0.126080476979	0.142482688156	0.157779564392	0.139135586404	0.141029995782	0.114675764499	0.118091562727	0.122184703961
508703490-tonguedorsum2.snv.bam	0.14935060762	0.10840087024	0.139216249572	0.166910106082	0.144218714967	0.139319565622	0.137860342035	0.129272327277	0.140560704957	0.139585979902	0.146172851467	0.157282195159	0.145524023831	0.134818984323	0.143317380104	0.142301034205	0.133894063794	0.138626551986	0.169253652987	0.136570692134	0.13061889357	0.0602550737916	0.0	0.10833803913	0.113166370114	0.108409931851	0.110203438248	0.178970194885	0.169182540071	0.18478462398	0.142410428871	0.166041324296	0.120269879539	0.117685291372	0.118895975997	0.13720255723	0.123756588555	0.132851476382	0.176930325979	0.138478595558	0.129745963659	0.155942351292	0.159461827996	0.144110520756	0.146485750242	0.126672329966	0.12532269869	0.125050966298
550534656-tonguedorsum1.snv.bam	0.144120415859	0.1226962153	0.136428103659	0.14747526672	0.118132939676	0.128141112951	0.11184897481	0.107997139516	0.145644068054	0.145524707928	0.129621637571	0.143211432977	0.135841789575	0.11766982917	0.140909669611	0.111522294918	0.111203779726	0.121025600698	0.156543327446	0.117522336196	0.110714502278	0.111443854033	0.10833803913	0.0	0.0408761427262	0.0486676516185	0.100711992734	0.14488162558	0.139763182736	0.166319133926	0.124669783834	0.138262194863	0.0971081473154	0.0932193593313	0.10809365287	0.118924064722	0.100779342753	0.109515536836	0.145786895798	0.125462587026	0.111793222248	0.148881962789	0.135194831435	0.113642411655	0.114304518066	0.102822314267	0.11940006496	0.115639592553
550534656-tonguedorsum2.snv.bam	0.147388276643	0.12353749923	0.144141121778	0.147937652507	0.133350678156	0.135988123036	0.118120314238	0.116347633872	0.15074577559	0.152074628043	0.123698248852	0.148957051645	0.142215766609	0.127664163277	0.147833205198	0.121136994084	0.117395707142	0.127255518384	0.15746981618	0.125350482008	0.117416443433	0.114677482279	0.113166370114	0.0408761427262	0.0	0.0483736569986	0.105618819901	0.153352712942	0.143752110301	0.17491567127	0.129221956712	0.143263263713	0.0967719941803	0.0986884182052	0.107971785368	0.120876054167	0.105043612555	0.114052763012	0.146371565323	0.131235873973	0.115133913019	0.147835848161	0.139133680455	0.127375105415	0.125223842809	0.10855738947	0.124146763538	0.123403668685
550534656-tonguedorsum3.snv.bam	0.14822198146	0.120027100456	0.144822665281	0.150057170881	0.134531342455	0.133830023021	0.11191446155	0.11091868416	0.145544320032	0.143373989089	0.135428717409	0.139989822986	0.126196150376	0.127330778354	0.142629037157	0.121964943831	0.105520170169	0.115746234932	0.155490229766	0.129915725407	0.119217083325	0.113659885576	0.108409931851	0.0486676516185	0.0483736569986	0.0	0.105073440979	0.150128345179	0.135647898587	0.17240318902	0.117544588516	0.145597035702	0.0974713958843	0.098146513283	0.101407226182	0.123465255522	0.108870301617	0.118023138595	0.145051853667	0.132494065523	0.115477994861	0.142256405009	0.126831823874	0.12291129364	0.123207476867	0.117703789798	0.124672870613	0.12106359828
604812005-tonguedorsum3.snv.bam	0.13626716949	0.102334044729	0.131961185181	0.139486862514	0.147532398564	0.107831236057	0.113301717022	0.103666400904	0.143212345539	0.143228991286	0.12426732581	0.121590314401	0.132523458098	0.11378276554	0.13108012425	0.121010264873	0.11587164606	0.121796470382	0.163457607774	0.115451937047	0.108034105782	0.100525283882	0.110203438248	0.100711992734	0.105618819901	0.105073440979	0.0	0.148375577087	0.151828259542	0.167543495784	0.143797472755	0.143137033108	0.120303815123	0.114887990219	0.113218095983	0.108682488233	0.111589197292	0.105987739488	0.144847850969	0.110479437708	0.10638005116	0.161373265676	0.135945756011	0.133424658592	0.133834864843	0.101871893175	0.0988359780214	0.10132273227
739574095-tonguedorsum2.snv.bam	0.201909848302	0.173357490721	0.162537588127	0.150967837624	0.135826914426	0.177176193451	0.17125473165	0.143333652168	0.169077495941	0.173873285974	0.165501532659	0.171096058958	0.187393546552	0.152674136459	0.165749806577	0.122671959607	0.176435172035	0.18104510945	0.128286705079	0.18833497221	0.15310225049	0.178458753757	0.178970194885	0.14488162558	0.153352712942	0.150128345179	0.148375577087	0.0	0.0662532617386	0.162745166295	0.139868819919	0.149114626344	0.15988856678	0.157145068193	0.146073347813	0.163872653524	0.166130324803	0.138865588955	0.159552895134	0.153729946717	0.150482280296	0.167058206189	0.146478954287	0.125205112657	0.120923691968	0.147267520893	0.167953272232	0.146626657636
763395383-anteriornares3.snv.bam	0.191387840845	0.178526555785	0.175044524957	0.1562699591	0.143611407006	0.176942417333	0.177513488912	0.147068419672	0.167920504935	0.169970630082	0.17800327611	0.1832680129	0.188758846315	0.164544710146	0.179452907098	0.120547446622	0.174508973304	0.179355716576	0.120594365656	0.189389448633	0.169756419389	0.165426212923	0.169182540071	0.139763182736	0.143752110301	0.135647898587	0.151828259542	0.0662532617386	0.0	0.163506696832	0.0989096804417	0.138429620262	0.150661822647	0.149895831048	0.134909034314	0.17139871437	0.15695854045	0.14495154876	0.162686586417	0.156727604018	0.153217464082	0.140041057924	0.134309666569	0.130526675794	0.125224837152	0.158394968198	0.17290818811	0.156551388463
763395383-tonguedorsum3.snv.bam	0.177242202486	0.192878709434	0.153457954191	0.145336099082	0.15802170419	0.162952842197	0.168994866919	0.160494465793	0.184453720605	0.185061313135	0.181109099262	0.180646943401	0.182781202633	0.15087750046	0.153267038637	0.15816186447	0.163913902334	0.152827365681	0.155914693103	0.183599384848	0.156380090843	0.176479921838	0.18478462398	0.166319133926	0.17491567127	0.17240318902	0.167543495784	0.162745166295	0.163506696832	0.0	0.132278079491	0.16010331966	0.170691643796	0.16981271016	0.159722783514	0.147103822343	0.173122507081	0.16108315916	0.165033580483	0.159840574345	0.14179886645	0.166244593382	0.165174347554	0.153485989916	0.151460735601	0.162508642921	0.152462277358	0.145922816771
763496533-tonguedorsum2.snv.bam	0.169969017467	0.155142389719	0.171252358397	0.118035004521	0.152502443895	0.139134679948	0.152264143025	0.145126778861	0.163859659583	0.167514288205	0.159090046788	0.163568301377	0.173083404558	0.142514152605	0.16376427383	0.126365496453	0.126228657674	0.109384131324	0.107277123471	0.175348996884	0.145908823915	0.138348211257	0.142410428871	0.124669783834	0.129221956712	0.117544588516	0.143797472755	0.139868819919	0.0989096804417	0.132278079491	0.0	0.112057474608	0.135099242741	0.133406303397	0.102960583065	0.143757688134	0.139980048242	0.13208479481	0.149125003197	0.15730450459	0.138824420504	0.117338766541	0.148269383972	0.124594301169	0.118546027426	0.126352939337	0.138487745466	0.14687834238
763901136-tonguedorsum2.snv.bam	0.169294494021	0.158961878269	0.169764779747	0.133222134044	0.178521702834	0.161152909257	0.154761602357	0.106564183987	0.18281534289	0.188091482123	0.158854771439	0.176037609489	0.177306224586	0.141332804701	0.156249651296	0.123401647251	0.15559506295	0.154900167383	0.122512101788	0.17924645114	0.120185354323	0.156388532724	0.166041324296	0.138262194863	0.143263263713	0.145597035702	0.143137033108	0.149114626344	0.138429620262	0.16010331966	0.112057474608	0.0	0.147212714663	0.148104560448	0.141803288372	0.125073280491	0.149283818682	0.130819230674	0.147031325741	0.146210970829	0.140530588995	0.146118756188	0.149160388464	0.155863579061	0.153608253008	0.129467868623	0.148889443863	0.143957660402
763961826-tonguedorsum1.snv.bam	0.137523750984	0.136670562523	0.133701863739	0.153634021506	0.155064011527	0.145179393615	0.125781463116	0.115749386454	0.148965231144	0.147184064903	0.133605258168	0.153130179891	0.147641658311	0.126017813346	0.152949815393	0.113032918066	0.144522313994	0.145120211851	0.144195922229	0.144840426561	0.115881544339	0.123866576552	0.120269879539	0.0971081473154	0.0967719941803	0.0974713958843	0.120303815123	0.15988856678	0.150661822647	0.170691643796	0.135099242741	0.147212714663	0.0	0.0261345660797	0.110425774084	0.120712936993	0.11929595358	0.115562228695	0.153095418578	0.134780508409	0.125576965054	0.1452472646	0.136605797976	0.138198415354	0.138721592716	0.127131151284	0.132041544517	0.12650485426
763961826-tonguedorsum2.snv.bam	0.132622495914	0.130426280369	0.138593272347	0.153047922377	0.150806936022	0.135206227122	0.120198354874	0.114493192077	0.146469991506	0.145277438531	0.129495819878	0.148218728377	0.144403525706	0.120275055827	0.145722416844	0.113706691005	0.143421465159	0.142199986171	0.149763065411	0.140851578143	0.11412111285	0.119070590841	0.117685291372	0.0932193593313	0.0986884182052	0.098146513283	0.114887990219	0.157145068193	0.149895831048	0.16981271016	0.133406303397	0.148104560448	0.0261345660797	0.0	0.109191153137	0.116281850534	0.11664575486	0.110766051475	0.153134340243	0.131701245869	0.122116162793	0.143734550579	0.138960667293	0.141499865885	0.1423470161	0.125808365183	0.127792637233	0.118959259939
763982056-tonguedorsum3.snv.bam	0.157582179515	0.141662300875	0.15130680563	0.127246944217	0.159345282094	0.125205109957	0.127442444975	0.121232467647	0.142708065853	0.146201295356	0.146712775693	0.156956060416	0.158756527756	0.129971169767	0.155129059193	0.122099307434	0.121807561034	0.128543345834	0.143505213105	0.1542998996	0.1283306835	0.113205797519	0.118895975997	0.10809365287	0.107971785368	0.101407226182	0.113218095983	0.146073347813	0.134909034314	0.159722783514	0.102960583065	0.141803288372	0.110425774084	0.109191153137	0.0	0.12853032095	0.115531619397	0.100007880712	0.138375368211	0.142865974872	0.1284329379	0.112993389485	0.129775770025	0.126684725517	0.12224844058	0.125479641464	0.122076336687	0.131651175213
764143897-tonguedorsum1.snv.bam	0.126181384468	0.137467541454	0.122732132106	0.139249486168	0.161615326454	0.131278277863	0.117677789037	0.0991491658328	0.157759372269	0.159515685473	0.143352492588	0.146220638091	0.145080266767	0.122842471027	0.13524373842	0.10774381839	0.128637420982	0.131533523166	0.162661127248	0.141533082241	0.115574815038	0.131949482858	0.13720255723	0.118924064722	0.120876054167	0.123465255522	0.108682488233	0.163872653524	0.17139871437	0.147103822343	0.143757688134	0.125073280491	0.120712936993	0.116281850534	0.12853032095	0.0	0.123398098507	0.110441979736	0.133760830001	0.114140745818	0.117716644664	0.163644450023	0.153459194197	0.145053511797	0.146366194447	0.121324815584	0.104145470268	0.103774711387
764285508-tonguedorsum2.snv.bam	0.149012534187	0.136423469143	0.136194988825	0.154927002546	0.147544841562	0.132167178838	0.129402703509	0.116807175907	0.140186238819	0.142880498551	0.144538301174	0.143556111437	0.151185479044	0.133932531188	0.146152546413	0.123566021309	0.124623144123	0.135697714693	0.180070407066	0.117516789046	0.12935477607	0.108996380521	0.123756588555	0.100779342753	0.105043612555	0.108870301617	0.111589197292	0.166130324803	0.15695854045	0.173122507081	0.139980048242	0.149283818682	0.11929595358	0.11664575486	0.115531619397	0.123398098507	0.0	0.107620446605	0.153704402117	0.117782366246	0.119799786676	0.15342851962	0.141347397118	0.132460995895	0.128837566578	0.122962406931	0.128910549123	0.126481673346
764325968-tonguedorsum1.snv.bam	0.129968737576	0.132137131965	0.133398894873	0.137387705681	0.142688029864	0.116780156342	0.109217050647	0.116184529221	0.132958950125	0.13881760481	0.127436800112	0.139277992148	0.143911259616	0.110274348097	0.135609401402	0.113113166978	0.119920627041	0.125328030664	0.141446846512	0.131764363645	0.114502384967	0.119394271173	0.132851476382	0.109515536836	0.114052763012	0.118023138595	0.105987739488	0.138865588955	0.14495154876	0.16108315916	0.13208479481	0.130819230674	0.115562228695	0.110766051475	0.100007880712	0.110441979736	0.107620446605	0.0	0.115037764615	0.122104795318	0.1152157811	0.139562919418	0.13699057221	0.126817818563	0.123020164777	0.104786513588	0.111024842648	0.10414958155
764325968-tonguedorsum2.snv.bam	0.17876961608	0.168836505089	0.173303176927	0.138271885456	0.173358341951	0.158416755741	0.14058974907	0.149148266577	0.184535354819	0.187020748292	0.156309928367	0.178721759874	0.17824690421	0.156573625233	0.172633109169	0.141828035823	0.141879408332	0.141607671609	0.151136444432	0.156376657492	0.158102271565	0.169241754715	0.176930325979	0.145786895798	0.146371565323	0.145051853667	0.144847850969	0.159552895134	0.162686586417	0.165033580483	0.149125003197	0.147031325741	0.153095418578	0.153134340243	0.138375368211	0.133760830001	0.153704402117	0.115037764615	0.0	0.16044496385	0.157198724053	0.157707660675	0.157011180073	0.164034398746	0.159074081862	0.140661739255	0.129175729795	0.144493761592
764447348-tonguedorsum1.snv.bam	0.149932061355	0.136541248645	0.149699069428	0.148939653454	0.160038706311	0.127544488161	0.139244236388	0.126405758448	0.164699548407	0.163113714058	0.140664010604	0.148174150645	0.150300078996	0.121780485132	0.135994354929	0.115179972955	0.145382729412	0.152523160289	0.173855904298	0.138617491551	0.118919434028	0.129348487958	0.138478595558	0.125462587026	0.131235873973	0.132494065523	0.110479437708	0.153729946717	0.156727604018	0.159840574345	0.15730450459	0.146210970829	0.134780508409	0.131701245869	0.142865974872	0.114140745818	0.117782366246	0.122104795318	0.16044496385	0.0	0.0725468533082	0.154307975542	0.140119882914	0.146059952891	0.145591158609	0.127645458312	0.126641875275	0.118239624425
764447348-tonguedorsum2.snv.bam	0.137153890397	0.133399671511	0.133762148283	0.148478274682	0.149713170621	0.119643321235	0.126718954213	0.120121075838	0.16263957955	0.162072110258	0.12552376651	0.142946729564	0.134546364957	0.120104153851	0.127047342368	0.123190703531	0.134206686881	0.131010753817	0.163655099364	0.141903826191	0.104929727476	0.126080476979	0.129745963659	0.111793222248	0.115133913019	0.115477994861	0.10638005116	0.150482280296	0.153217464082	0.14179886645	0.138824420504	0.140530588995	0.125576965054	0.122116162793	0.1284329379	0.117716644664	0.119799786676	0.1152157811	0.157198724053	0.0725468533082	0.0	0.155275937763	0.140528768047	0.139808761272	0.138227150045	0.11895866968	0.118632589448	0.114729374064
764588959-tonguedorsum2.snv.bam	0.147872093069	0.174105012263	0.194650999624	0.151153050072	0.172716240103	0.157583614443	0.16366454522	0.174182819813	0.138508424265	0.140212593098	0.161740349451	0.181928968431	0.180504501338	0.160914345388	0.173796698495	0.162839456419	0.163131459412	0.163510591664	0.141300473266	0.182915847652	0.151795515612	0.142482688156	0.155942351292	0.148881962789	0.147835848161	0.142256405009	0.161373265676	0.167058206189	0.140041057924	0.166244593382	0.117338766541	0.146118756188	0.1452472646	0.143734550579	0.112993389485	0.163644450023	0.15342851962	0.139562919418	0.157707660675	0.154307975542	0.155275937763	0.0	0.162041816477	0.147663028365	0.145756228635	0.162739267906	0.161648093201	0.155892431742
764872181-tonguedorsum1.snv.bam	0.191294207853	0.162964069158	0.167175823341	0.145828329946	0.162857044658	0.166697379955	0.148942437559	0.138929139778	0.171798246998	0.173142525398	0.157715504052	0.170247274348	0.138668397977	0.157398693825	0.151662957134	0.13022746481	0.144405228738	0.148464810361	0.154803966711	0.155499438796	0.156851920427	0.157779564392	0.159461827996	0.135194831435	0.139133680455	0.126831823874	0.135945756011	0.146478954287	0.134309666569	0.165174347554	0.148269383972	0.149160388464	0.136605797976	0.138960667293	0.129775770025	0.153459194197	0.141347397118	0.13699057221	0.157011180073	0.140119882914	0.140528768047	0.162041816477	0.0	0.151016075168	0.146763060565	0.151651182302	0.151300556802	0.151439056078
765094712-tonguedorsum1.snv.bam	0.17437503079	0.164413518252	0.140982008424	0.133978953593	0.0999248549799	0.139505829134	0.135594805971	0.114839505542	0.118196120289	0.109933824184	0.155901632307	0.151895543565	0.164077600749	0.141594776347	0.145240984786	0.117848950238	0.138640761418	0.152715922568	0.147480841118	0.132936017458	0.135734409119	0.139135586404	0.144110520756	0.113642411655	0.127375105415	0.12291129364	0.133424658592	0.125205112657	0.130526675794	0.153485989916	0.124594301169	0.155863579061	0.138198415354	0.141499865885	0.126684725517	0.145053511797	0.132460995895	0.126817818563	0.164034398746	0.146059952891	0.139808761272	0.147663028365	0.151016075168	0.0	0.0176659758304	0.117774673769	0.140745101166	0.137248109142
765094712-tonguedorsum2.snv.bam	0.177381245385	0.165334537466	0.141473003512	0.12668431938	0.102238882504	0.139033939951	0.134374369262	0.117508088406	0.114177434728	0.1088314947	0.151891812545	0.152830295516	0.1660675014	0.141196001273	0.147651775335	0.123064642105	0.137093497291	0.151395367965	0.14304727511	0.133378578577	0.132756051484	0.141029995782	0.146485750242	0.114304518066	0.125223842809	0.123207476867	0.133834864843	0.120923691968	0.125224837152	0.151460735601	0.118546027426	0.153608253008	0.138721592716	0.1423470161	0.12224844058	0.146366194447	0.128837566578	0.123020164777	0.159074081862	0.145591158609	0.138227150045	0.145756228635	0.146763060565	0.0176659758304	0.0	0.118587361651	0.142004400924	0.137888110668
765155402-tonguedorsum3.snv.bam	0.130949484675	0.118827513048	0.148289888813	0.132669757076	0.13432505755	0.125387823788	0.1181092435	0.118824745948	0.152515945615	0.153867348742	0.129059426409	0.136791815322	0.154241871435	0.120072021442	0.144406054836	0.125826729403	0.111423247547	0.117191744786	0.145632913516	0.127782368306	0.0923913915127	0.114675764499	0.126672329966	0.102822314267	0.10855738947	0.117703789798	0.101871893175	0.147267520893	0.158394968198	0.162508642921	0.126352939337	0.129467868623	0.127131151284	0.125808365183	0.125479641464	0.121324815584	0.122962406931	0.104786513588	0.140661739255	0.127645458312	0.11895866968	0.162739267906	0.151651182302	0.117774673769	0.118587361651	0.0	0.101204345874	0.121007290102
765216093-tonguedorsum3.snv.bam	0.151125336989	0.122327857408	0.134050261798	0.128004804845	0.158121441642	0.113030829571	0.109560462002	0.119477789266	0.157304389313	0.157266325105	0.130775766047	0.124485894803	0.135056368312	0.117165249723	0.136816686893	0.137834992354	0.1087227128	0.108551045592	0.160968424231	0.124629572145	0.114004202384	0.118091562727	0.12532269869	0.11940006496	0.124146763538	0.124672870613	0.0988359780214	0.167953272232	0.17290818811	0.152462277358	0.138487745466	0.148889443863	0.132041544517	0.127792637233	0.122076336687	0.104145470268	0.128910549123	0.111024842648	0.129175729795	0.126641875275	0.118632589448	0.161648093201	0.151300556802	0.140745101166	0.142004400924	0.101204345874	0.0	0.114414404308
823052294-tonguedorsum3.snv.bam	0.140534500209	0.136374047462	0.114101388902	0.141429704023	0.138354979749	0.120778949057	0.113311734458	0.108130884982	0.13745658229	0.137059021759	0.135212977755	0.105736872465	0.107611534601	0.110573352835	0.122818001112	0.120953667849	0.120836425654	0.122594230411	0.163434618789	0.125897985443	0.114993455127	0.122184703961	0.125050966298	0.115639592553	0.123403668685	0.12106359828	0.10132273227	0.146626657636	0.156551388463	0.145922816771	0.14687834238	0.143957660402	0.12650485426	0.118959259939	0.131651175213	0.103774711387	0.126481673346	0.10414958155	0.144493761592	0.118239624425	0.114729374064	0.155892431742	0.151439056078	0.137248109142	0.137888110668	0.121007290102	0.114414404308	0.0
