	103092734-supragingivalplaque3.snv.bam	147406386-subgingivalplaque2.snv.bam	147406386-supragingivalplaque3.snv.bam	158458797-supragingivalplaque1.snv.bam	158479027-supragingivalplaque1.snv.bam	158479027-supragingivalplaque2.snv.bam	158883629-supragingivalplaque1.snv.bam	158883629-supragingivalplaque3.snv.bam	159207311-supragingivalplaque1.snv.bam	159207311-supragingivalplaque3.snv.bam	159247771-supragingivalplaque2.snv.bam	159268001-supragingivalplaque1.snv.bam	159268001-supragingivalplaque3.snv.bam	159713063-supragingivalplaque2.snv.bam	160158126-supragingivalplaque1.snv.bam	160178356-supragingivalplaque2.snv.bam	160178356-supragingivalplaque3.snv.bam	160319967-supragingivalplaque1.snv.bam	160319967-supragingivalplaque2.snv.bam	160319967-supragingivalplaque3.snv.bam	160380657-supragingivalplaque2.snv.bam	160380657-supragingivalplaque3.snv.bam	160421117-supragingivalplaque1.snv.bam	160421117-supragingivalplaque2.snv.bam	160421117-supragingivalplaque3.snv.bam	160502038-supragingivalplaque1.snv.bam	160502038-supragingivalplaque2.snv.bam	160502038-supragingivalplaque3.snv.bam	160582958-supragingivalplaque2.snv.bam	160582958-supragingivalplaque3.snv.bam	160603188-supragingivalplaque1.snv.bam	160603188-supragingivalplaque2.snv.bam	160603188-supragingivalplaque3.snv.bam	160704339-supragingivalplaque1.snv.bam	338793263-supragingivalplaque2.snv.bam	404239096-supragingivalplaque2.snv.bam	517810313-supragingivalplaque2.snv.bam	533247696-supragingivalplaque1.snv.bam	550534656-supragingivalplaque3.snv.bam	604812005-supragingivalplaque2.snv.bam	604812005-supragingivalplaque3.snv.bam	638754422-supragingivalplaque2.snv.bam	675950834-supragingivalplaque1.snv.bam	682102541-supragingivalplaque3.snv.bam	763456073-supragingivalplaque3.snv.bam	763496533-supragingivalplaque1.snv.bam	763536994-supragingivalplaque3.snv.bam	763577454-subgingivalplaque2.snv.bam	763577454-supragingivalplaque1.snv.bam	763577454-supragingivalplaque2.snv.bam	763719065-supragingivalplaque3.snv.bam	763759525-supragingivalplaque1.snv.bam	763759525-supragingivalplaque2.snv.bam	763840445-supragingivalplaque1.snv.bam	763860675-supragingivalplaque1.snv.bam	764062976-supragingivalplaque2.snv.bam	764062976-supragingivalplaque3.snv.bam	764083206-supragingivalplaque1.snv.bam	764083206-supragingivalplaque2.snv.bam	764224817-supragingivalplaque2.snv.bam	764305738-supragingivalplaque2.snv.bam	764325968-supragingivalplaque1.snv.bam	764447348-supragingivalplaque1.snv.bam	764487809-supragingivalplaque1.snv.bam	764588959-supragingivalplaque1.snv.bam	764588959-supragingivalplaque2.snv.bam	764649650-supragingivalplaque1.snv.bam	764649650-supragingivalplaque2.snv.bam	764811490-supragingivalplaque1.snv.bam	764811490-supragingivalplaque2.snv.bam	764892411-supragingivalplaque2.snv.bam	765013792-supragingivalplaque2.snv.bam	765013792-supragingivalplaque3.snv.bam	765074482-supragingivalplaque1.snv.bam	765094712-supragingivalplaque3.snv.bam	765337473-supragingivalplaque2.snv.bam	765640925-supragingivalplaque1.snv.bam	823052294-supragingivalplaque3.snv.bam	863126187-supragingivalplaque3.snv.bam	937495960-supragingivalplaque1.snv.bam
103092734-supragingivalplaque3.snv.bam	0.0	0.0437601296596	0.0275526742301	0.0372771474878	0.0777957860616	0.0858995137763	0.108589951378	0.110210696921	0.0534846029173	0.0794165316045	0.0777957860616	0.0923824959481	0.0470016207455	0.0453808752026	0.030794165316	0.032414910859	0.0356564019449	0.032414910859	0.030794165316	0.0453808752026	0.0551053484603	0.0858995137763	0.0437601296596	0.032414910859	0.0291734197731	0.0518638573744	0.063209076175	0.0275526742301	0.0551053484603	0.0534846029173	0.0599675850891	0.108589951378	0.0713128038898	0.0453808752026	0.0178282009724	0.0875202593193	0.0551053484603	0.0518638573744	0.0259319286872	0.0356564019449	0.0243111831442	0.0794165316045	0.0372771474878	0.0372771474878	0.0810372771475	0.0810372771475	0.0810372771475	0.0437601296596	0.0437601296596	0.0340356564019	0.0534846029173	0.032414910859	0.0502431118314	0.0178282009724	0.0291734197731	0.0356564019449	0.030794165316	0.0405186385737	0.0421393841167	0.0162074554295	0.0842787682334	0.0502431118314	0.0583468395462	0.0453808752026	0.0405186385737	0.0453808752026	0.0599675850891	0.0664505672609	0.063209076175	0.0940032414911	0.0502431118314	0.0842787682334	0.0680713128039	0.0680713128039	0.0761750405186	0.0810372771475	0.0615883306321	0.0064829821718	0.105348460292	0.063209076175
147406386-subgingivalplaque2.snv.bam	0.0437601296596	0.0	0.0	0.0988654781199	0.124797406807	0.131280388979	0.14262560778	0.144246353323	0.0875202593193	0.105348460292	0.0923824959481	0.137763371151	0.0810372771475	0.0826580226904	0.0729335494327	0.0858995137763	0.0875202593193	0.0842787682334	0.103727714749	0.113452188006	0.103727714749	0.12641815235	0.0696920583468	0.0761750405186	0.0777957860616	0.0664505672609	0.0777957860616	0.0437601296596	0.0940032414911	0.0858995137763	0.113452188006	0.149108589951	0.110210696921	0.0940032414911	0.0551053484603	0.15397082658	0.0129659643436	0.0761750405186	0.0794165316045	0.0891410048622	0.0826580226904	0.12641815235	0.0340356564019	0.0777957860616	0.123176661264	0.123176661264	0.116693679092	0.0907617504052	0.097244732577	0.0729335494327	0.113452188006	0.095623987034	0.110210696921	0.0097244732577	0.0680713128039	0.0842787682334	0.0615883306321	0.0891410048622	0.0988654781199	0.0291734197731	0.124797406807	0.103727714749	0.0923824959481	0.097244732577	0.0794165316045	0.124797406807	0.0470016207455	0.0421393841167	0.121555915721	0.137763371151	0.0826580226904	0.15397082658	0.115072933549	0.0988654781199	0.119935170178	0.111831442464	0.103727714749	0.0064829821718	0.123176661264	0.121555915721
147406386-supragingivalplaque3.snv.bam	0.0275526742301	0.0	0.0	0.0713128038898	0.108589951378	0.113452188006	0.131280388979	0.132901134522	0.0810372771475	0.0875202593193	0.0777957860616	0.12641815235	0.064829821718	0.0745542949757	0.0583468395462	0.0713128038898	0.0713128038898	0.0680713128039	0.0810372771475	0.0923824959481	0.0858995137763	0.108589951378	0.0599675850891	0.0583468395462	0.0567260940032	0.0567260940032	0.064829821718	0.032414910859	0.0777957860616	0.0680713128039	0.0907617504052	0.144246353323	0.103727714749	0.0794165316045	0.0372771474878	0.131280388979	0.0113452188006	0.063209076175	0.063209076175	0.0777957860616	0.0664505672609	0.103727714749	0.0356564019449	0.0599675850891	0.111831442464	0.106969205835	0.108589951378	0.0729335494327	0.0826580226904	0.0502431118314	0.097244732577	0.0810372771475	0.095623987034	0.0064829821718	0.064829821718	0.0680713128039	0.0551053484603	0.0713128038898	0.0875202593193	0.0243111831442	0.105348460292	0.0826580226904	0.0761750405186	0.0842787682334	0.0696920583468	0.110210696921	0.0421393841167	0.0356564019449	0.105348460292	0.124797406807	0.0713128038898	0.150729335494	0.111831442464	0.0875202593193	0.113452188006	0.0761750405186	0.0777957860616	0.0097244732577	0.103727714749	0.105348460292
158458797-supragingivalplaque1.snv.bam	0.0372771474878	0.0988654781199	0.0713128038898	0.0	0.0680713128039	0.0940032414911	0.121555915721	0.121555915721	0.0696920583468	0.0810372771475	0.063209076175	0.0810372771475	0.0502431118314	0.0502431118314	0.0259319286872	0.0453808752026	0.0437601296596	0.0340356564019	0.0486223662885	0.0567260940032	0.0502431118314	0.0810372771475	0.0453808752026	0.0470016207455	0.0437601296596	0.0842787682334	0.0907617504052	0.0486223662885	0.0437601296596	0.0551053484603	0.0453808752026	0.0940032414911	0.0696920583468	0.0599675850891	0.0421393841167	0.0777957860616	0.095623987034	0.0518638573744	0.0275526742301	0.0502431118314	0.0405186385737	0.0761750405186	0.0810372771475	0.030794165316	0.0988654781199	0.0745542949757	0.0875202593193	0.0405186385737	0.0437601296596	0.0372771474878	0.0567260940032	0.030794165316	0.0615883306321	0.0810372771475	0.0388978930308	0.0372771474878	0.0388978930308	0.0421393841167	0.0470016207455	0.0405186385737	0.0891410048622	0.0470016207455	0.0405186385737	0.0599675850891	0.0453808752026	0.0696920583468	0.0826580226904	0.0923824959481	0.0534846029173	0.0826580226904	0.0437601296596	0.106969205835	0.0907617504052	0.0680713128039	0.063209076175	0.0777957860616	0.063209076175	0.0486223662885	0.097244732577	0.0842787682334
158479027-supragingivalplaque1.snv.bam	0.0777957860616	0.124797406807	0.108589951378	0.0680713128039	0.0	0.0	0.147487844408	0.147487844408	0.0664505672609	0.0940032414911	0.0875202593193	0.128038897893	0.0664505672609	0.0777957860616	0.0567260940032	0.0275526742301	0.0405186385737	0.032414910859	0.0502431118314	0.0615883306321	0.0794165316045	0.100486223663	0.0858995137763	0.0988654781199	0.0858995137763	0.111831442464	0.124797406807	0.0745542949757	0.097244732577	0.100486223663	0.0745542949757	0.144246353323	0.108589951378	0.0826580226904	0.0794165316045	0.134521880065	0.137763371151	0.0777957860616	0.0761750405186	0.0777957860616	0.0680713128039	0.111831442464	0.119935170178	0.0680713128039	0.105348460292	0.0891410048622	0.102106969206	0.0599675850891	0.0615883306321	0.064829821718	0.0810372771475	0.0713128038898	0.105348460292	0.097244732577	0.0761750405186	0.063209076175	0.0761750405186	0.0664505672609	0.0729335494327	0.095623987034	0.128038897893	0.0875202593193	0.0729335494327	0.0551053484603	0.0551053484603	0.0875202593193	0.102106969206	0.136142625608	0.097244732577	0.115072933549	0.0470016207455	0.115072933549	0.0826580226904	0.0988654781199	0.111831442464	0.0988654781199	0.108589951378	0.0794165316045	0.137763371151	0.123176661264
158479027-supragingivalplaque2.snv.bam	0.0858995137763	0.131280388979	0.113452188006	0.0940032414911	0.0	0.0	0.152350081037	0.152350081037	0.0745542949757	0.103727714749	0.0923824959481	0.129659643436	0.0842787682334	0.0923824959481	0.0680713128039	0.032414910859	0.0453808752026	0.0453808752026	0.0664505672609	0.0696920583468	0.0907617504052	0.106969205835	0.0907617504052	0.105348460292	0.0923824959481	0.121555915721	0.150729335494	0.0907617504052	0.119935170178	0.105348460292	0.0875202593193	0.141004862237	0.111831442464	0.0858995137763	0.0875202593193	0.141004862237	0.141004862237	0.0858995137763	0.095623987034	0.0891410048622	0.0794165316045	0.116693679092	0.123176661264	0.0858995137763	0.111831442464	0.111831442464	0.110210696921	0.063209076175	0.064829821718	0.0761750405186	0.097244732577	0.0940032414911	0.110210696921	0.110210696921	0.0891410048622	0.0875202593193	0.097244732577	0.0810372771475	0.0907617504052	0.100486223663	0.137763371151	0.0923824959481	0.0794165316045	0.0583468395462	0.0761750405186	0.0842787682334	0.113452188006	0.137763371151	0.111831442464	0.124797406807	0.0599675850891	0.124797406807	0.0875202593193	0.110210696921	0.115072933549	0.111831442464	0.113452188006	0.0940032414911	0.136142625608	0.131280388979
158883629-supragingivalplaque1.snv.bam	0.108589951378	0.14262560778	0.131280388979	0.121555915721	0.147487844408	0.152350081037	0.0	0.0	0.128038897893	0.139384116694	0.14262560778	0.165316045381	0.136142625608	0.134521880065	0.0940032414911	0.111831442464	0.116693679092	0.113452188006	0.131280388979	0.14262560778	0.118314424635	0.132901134522	0.124797406807	0.134521880065	0.12641815235	0.145867098865	0.163695299838	0.113452188006	0.139384116694	0.12641815235	0.134521880065	0.157212317666	0.141004862237	0.124797406807	0.0988654781199	0.145867098865	0.136142625608	0.144246353323	0.0826580226904	0.119935170178	0.111831442464	0.155591572123	0.137763371151	0.113452188006	0.147487844408	0.155591572123	0.17017828201	0.110210696921	0.124797406807	0.116693679092	0.136142625608	0.124797406807	0.132901134522	0.119935170178	0.0745542949757	0.111831442464	0.102106969206	0.103727714749	0.102106969206	0.124797406807	0.110210696921	0.0729335494327	0.100486223663	0.123176661264	0.123176661264	0.137763371151	0.115072933549	0.149108589951	0.139384116694	0.152350081037	0.0988654781199	0.145867098865	0.144246353323	0.150729335494	0.137763371151	0.160453808752	0.149108589951	0.103727714749	0.15397082658	0.0891410048622
158883629-supragingivalplaque3.snv.bam	0.110210696921	0.144246353323	0.132901134522	0.121555915721	0.147487844408	0.152350081037	0.0	0.0	0.129659643436	0.139384116694	0.14262560778	0.166936790924	0.136142625608	0.134521880065	0.095623987034	0.113452188006	0.116693679092	0.113452188006	0.132901134522	0.141004862237	0.118314424635	0.134521880065	0.123176661264	0.132901134522	0.12641815235	0.145867098865	0.163695299838	0.111831442464	0.139384116694	0.12641815235	0.136142625608	0.158833063209	0.14262560778	0.12641815235	0.095623987034	0.145867098865	0.141004862237	0.144246353323	0.0842787682334	0.121555915721	0.116693679092	0.158833063209	0.141004862237	0.116693679092	0.149108589951	0.152350081037	0.171799027553	0.113452188006	0.12641815235	0.121555915721	0.139384116694	0.12641815235	0.132901134522	0.123176661264	0.0761750405186	0.118314424635	0.106969205835	0.103727714749	0.100486223663	0.124797406807	0.111831442464	0.0713128038898	0.100486223663	0.12641815235	0.123176661264	0.137763371151	0.115072933549	0.147487844408	0.137763371151	0.155591572123	0.0988654781199	0.144246353323	0.144246353323	0.150729335494	0.141004862237	0.158833063209	0.150729335494	0.105348460292	0.15397082658	0.0891410048622
159207311-supragingivalplaque1.snv.bam	0.0534846029173	0.0875202593193	0.0810372771475	0.0696920583468	0.0664505672609	0.0745542949757	0.128038897893	0.129659643436	0.0	0.00162074554295	0.0551053484603	0.108589951378	0.063209076175	0.0518638573744	0.0453808752026	0.0388978930308	0.0388978930308	0.0356564019449	0.0405186385737	0.0567260940032	0.0696920583468	0.0907617504052	0.0615883306321	0.0713128038898	0.063209076175	0.106969205835	0.116693679092	0.063209076175	0.0664505672609	0.0664505672609	0.0680713128039	0.0842787682334	0.0518638573744	0.0567260940032	0.0437601296596	0.102106969206	0.106969205835	0.0437601296596	0.0518638573744	0.0696920583468	0.0518638573744	0.0891410048622	0.0777957860616	0.0502431118314	0.102106969206	0.0875202593193	0.0858995137763	0.0453808752026	0.0453808752026	0.0405186385737	0.064829821718	0.0551053484603	0.0761750405186	0.0664505672609	0.0518638573744	0.0388978930308	0.0486223662885	0.0275526742301	0.0421393841167	0.0599675850891	0.110210696921	0.0794165316045	0.0729335494327	0.0599675850891	0.0453808752026	0.0664505672609	0.0453808752026	0.0810372771475	0.0875202593193	0.115072933549	0.0534846029173	0.108589951378	0.064829821718	0.0777957860616	0.0988654781199	0.0875202593193	0.0842787682334	0.0470016207455	0.0891410048622	0.095623987034
159207311-supragingivalplaque3.snv.bam	0.0794165316045	0.105348460292	0.0875202593193	0.0810372771475	0.0940032414911	0.103727714749	0.139384116694	0.139384116694	0.00162074554295	0.0	0.0664505672609	0.124797406807	0.0907617504052	0.0729335494327	0.0680713128039	0.0615883306321	0.0729335494327	0.0551053484603	0.0567260940032	0.0777957860616	0.0891410048622	0.115072933549	0.0761750405186	0.0826580226904	0.0745542949757	0.128038897893	0.139384116694	0.0810372771475	0.0891410048622	0.0826580226904	0.0923824959481	0.103727714749	0.0777957860616	0.0729335494327	0.0615883306321	0.123176661264	0.119935170178	0.0615883306321	0.0696920583468	0.0826580226904	0.064829821718	0.095623987034	0.0940032414911	0.0680713128039	0.131280388979	0.110210696921	0.095623987034	0.0680713128039	0.0680713128039	0.0713128038898	0.0891410048622	0.0777957860616	0.0875202593193	0.0940032414911	0.0729335494327	0.0680713128039	0.0777957860616	0.0534846029173	0.0696920583468	0.0842787682334	0.115072933549	0.0988654781199	0.0923824959481	0.0842787682334	0.0680713128039	0.0923824959481	0.0583468395462	0.0826580226904	0.102106969206	0.121555915721	0.0713128038898	0.129659643436	0.0907617504052	0.095623987034	0.110210696921	0.106969205835	0.097244732577	0.0615883306321	0.0988654781199	0.110210696921
159247771-supragingivalplaque2.snv.bam	0.0777957860616	0.0923824959481	0.0777957860616	0.063209076175	0.0875202593193	0.0923824959481	0.14262560778	0.14262560778	0.0551053484603	0.0664505672609	0.0	0.121555915721	0.0826580226904	0.0583468395462	0.0551053484603	0.0713128038898	0.0777957860616	0.0551053484603	0.0842787682334	0.097244732577	0.0794165316045	0.111831442464	0.0453808752026	0.0437601296596	0.0453808752026	0.113452188006	0.124797406807	0.0745542949757	0.0988654781199	0.0907617504052	0.0826580226904	0.124797406807	0.0891410048622	0.0826580226904	0.0453808752026	0.115072933549	0.097244732577	0.0275526742301	0.0810372771475	0.0891410048622	0.0745542949757	0.0583468395462	0.0940032414911	0.0761750405186	0.115072933549	0.0437601296596	0.0826580226904	0.0680713128039	0.0583468395462	0.0583468395462	0.0923824959481	0.0713128038898	0.0826580226904	0.0842787682334	0.0826580226904	0.0713128038898	0.0696920583468	0.063209076175	0.0729335494327	0.0713128038898	0.0923824959481	0.0907617504052	0.0745542949757	0.0891410048622	0.0713128038898	0.119935170178	0.0696920583468	0.0858995137763	0.100486223663	0.119935170178	0.0680713128039	0.116693679092	0.0761750405186	0.0777957860616	0.105348460292	0.0551053484603	0.097244732577	0.0664505672609	0.105348460292	0.111831442464
159268001-supragingivalplaque1.snv.bam	0.0923824959481	0.137763371151	0.12641815235	0.0810372771475	0.128038897893	0.129659643436	0.165316045381	0.166936790924	0.108589951378	0.124797406807	0.121555915721	0.0	0.0178282009724	0.0615883306321	0.0891410048622	0.102106969206	0.0891410048622	0.063209076175	0.102106969206	0.115072933549	0.111831442464	0.124797406807	0.105348460292	0.116693679092	0.113452188006	0.132901134522	0.144246353323	0.097244732577	0.0826580226904	0.0940032414911	0.0405186385737	0.136142625608	0.113452188006	0.110210696921	0.0842787682334	0.132901134522	0.141004862237	0.110210696921	0.0713128038898	0.0810372771475	0.0794165316045	0.128038897893	0.116693679092	0.0680713128039	0.141004862237	0.139384116694	0.119935170178	0.0940032414911	0.103727714749	0.095623987034	0.0842787682334	0.0502431118314	0.12641815235	0.119935170178	0.0858995137763	0.064829821718	0.0729335494327	0.0826580226904	0.0891410048622	0.0940032414911	0.128038897893	0.111831442464	0.0891410048622	0.115072933549	0.0680713128039	0.123176661264	0.128038897893	0.136142625608	0.0680713128039	0.0810372771475	0.0745542949757	0.136142625608	0.115072933549	0.0794165316045	0.110210696921	0.134521880065	0.123176661264	0.0988654781199	0.139384116694	0.111831442464
159268001-supragingivalplaque3.snv.bam	0.0470016207455	0.0810372771475	0.064829821718	0.0502431118314	0.0664505672609	0.0842787682334	0.136142625608	0.136142625608	0.063209076175	0.0907617504052	0.0826580226904	0.0178282009724	0.0	0.0275526742301	0.0275526742301	0.0453808752026	0.0453808752026	0.0243111831442	0.0534846029173	0.064829821718	0.0567260940032	0.0842787682334	0.0713128038898	0.0713128038898	0.063209076175	0.0891410048622	0.105348460292	0.0534846029173	0.0372771474878	0.0615883306321	0.0162074554295	0.095623987034	0.063209076175	0.0729335494327	0.0405186385737	0.0988654781199	0.0923824959481	0.0583468395462	0.0291734197731	0.032414910859	0.030794165316	0.0923824959481	0.0680713128039	0.0178282009724	0.105348460292	0.0923824959481	0.0940032414911	0.0502431118314	0.0534846029173	0.0372771474878	0.0502431118314	0.0178282009724	0.0713128038898	0.0696920583468	0.0470016207455	0.0291734197731	0.030794165316	0.0388978930308	0.0453808752026	0.0388978930308	0.0826580226904	0.0842787682334	0.0810372771475	0.0599675850891	0.0226904376013	0.0777957860616	0.0858995137763	0.097244732577	0.0388978930308	0.0534846029173	0.0372771474878	0.106969205835	0.0826580226904	0.0437601296596	0.0664505672609	0.0858995137763	0.0842787682334	0.0437601296596	0.103727714749	0.0745542949757
159713063-supragingivalplaque2.snv.bam	0.0453808752026	0.0826580226904	0.0745542949757	0.0502431118314	0.0777957860616	0.0923824959481	0.134521880065	0.134521880065	0.0518638573744	0.0729335494327	0.0583468395462	0.0615883306321	0.0275526742301	0.0	0.0437601296596	0.0599675850891	0.0583468395462	0.0356564019449	0.064829821718	0.0745542949757	0.0599675850891	0.0907617504052	0.0615883306321	0.063209076175	0.0567260940032	0.0988654781199	0.111831442464	0.0502431118314	0.0356564019449	0.0729335494327	0.030794165316	0.0842787682334	0.0453808752026	0.0713128038898	0.032414910859	0.0988654781199	0.0907617504052	0.0502431118314	0.0437601296596	0.0437601296596	0.0421393841167	0.0761750405186	0.0664505672609	0.0243111831442	0.108589951378	0.0745542949757	0.0875202593193	0.063209076175	0.0599675850891	0.0486223662885	0.0502431118314	0.0340356564019	0.0858995137763	0.0745542949757	0.0486223662885	0.032414910859	0.0372771474878	0.0372771474878	0.0486223662885	0.0534846029173	0.0826580226904	0.0761750405186	0.0826580226904	0.0777957860616	0.0178282009724	0.0826580226904	0.0680713128039	0.0891410048622	0.0567260940032	0.0696920583468	0.0421393841167	0.097244732577	0.0680713128039	0.0453808752026	0.0875202593193	0.0777957860616	0.0891410048622	0.0372771474878	0.119935170178	0.0891410048622
160158126-supragingivalplaque1.snv.bam	0.030794165316	0.0729335494327	0.0583468395462	0.0259319286872	0.0567260940032	0.0680713128039	0.0940032414911	0.095623987034	0.0453808752026	0.0680713128039	0.0551053484603	0.0891410048622	0.0275526742301	0.0437601296596	0.0	0.0162074554295	0.0291734197731	0.0194489465154	0.0372771474878	0.0502431118314	0.0421393841167	0.0713128038898	0.0388978930308	0.0340356564019	0.0259319286872	0.0745542949757	0.0826580226904	0.0340356564019	0.0615883306321	0.0534846029173	0.0534846029173	0.0891410048622	0.064829821718	0.0502431118314	0.0162074554295	0.0518638573744	0.0842787682334	0.0567260940032	0.0210696920583	0.0226904376013	0.0243111831442	0.0664505672609	0.0599675850891	0.0210696920583	0.0729335494327	0.0664505672609	0.0761750405186	0.0291734197731	0.0243111831442	0.0194489465154	0.0534846029173	0.0243111831442	0.0534846029173	0.0453808752026	0.0259319286872	0.0178282009724	0.0340356564019	0.0226904376013	0.0275526742301	0.0291734197731	0.0680713128039	0.0518638573744	0.063209076175	0.0470016207455	0.0275526742301	0.064829821718	0.0713128038898	0.0875202593193	0.0534846029173	0.0777957860616	0.0340356564019	0.0794165316045	0.063209076175	0.0599675850891	0.0794165316045	0.063209076175	0.0599675850891	0.0259319286872	0.102106969206	0.0745542949757
160178356-supragingivalplaque2.snv.bam	0.032414910859	0.0858995137763	0.0713128038898	0.0453808752026	0.0275526742301	0.032414910859	0.111831442464	0.113452188006	0.0388978930308	0.0615883306321	0.0713128038898	0.102106969206	0.0453808752026	0.0599675850891	0.0162074554295	0.0	0.0032414910859	0.0145867098865	0.0194489465154	0.0194489465154	0.0437601296596	0.063209076175	0.0470016207455	0.0405186385737	0.0356564019449	0.064829821718	0.0842787682334	0.032414910859	0.064829821718	0.0551053484603	0.0551053484603	0.0988654781199	0.063209076175	0.0453808752026	0.0340356564019	0.0891410048622	0.0907617504052	0.0486223662885	0.0486223662885	0.0291734197731	0.0226904376013	0.0696920583468	0.0713128038898	0.0340356564019	0.0810372771475	0.063209076175	0.0875202593193	0.0243111831442	0.0178282009724	0.0162074554295	0.0583468395462	0.0437601296596	0.0486223662885	0.0534846029173	0.0372771474878	0.0421393841167	0.0421393841167	0.0372771474878	0.0405186385737	0.0437601296596	0.0794165316045	0.0534846029173	0.0502431118314	0.0226904376013	0.0291734197731	0.0243111831442	0.0810372771475	0.095623987034	0.0794165316045	0.095623987034	0.030794165316	0.0794165316045	0.0534846029173	0.0745542949757	0.0858995137763	0.0745542949757	0.0615883306321	0.0210696920583	0.097244732577	0.0745542949757
160178356-supragingivalplaque3.snv.bam	0.0356564019449	0.0875202593193	0.0713128038898	0.0437601296596	0.0405186385737	0.0453808752026	0.116693679092	0.116693679092	0.0388978930308	0.0729335494327	0.0777957860616	0.0891410048622	0.0453808752026	0.0583468395462	0.0291734197731	0.0032414910859	0.0	0.0226904376013	0.0372771474878	0.0437601296596	0.0470016207455	0.0615883306321	0.0534846029173	0.0567260940032	0.0405186385737	0.0729335494327	0.0907617504052	0.0356564019449	0.0664505672609	0.0551053484603	0.064829821718	0.106969205835	0.0858995137763	0.0583468395462	0.0437601296596	0.0988654781199	0.0907617504052	0.0502431118314	0.0453808752026	0.0421393841167	0.0356564019449	0.0794165316045	0.0729335494327	0.0405186385737	0.0842787682334	0.0826580226904	0.0842787682334	0.030794165316	0.0275526742301	0.0275526742301	0.0599675850891	0.0405186385737	0.0583468395462	0.0664505672609	0.032414910859	0.0453808752026	0.0437601296596	0.0388978930308	0.0437601296596	0.0518638573744	0.0891410048622	0.0518638573744	0.0518638573744	0.0340356564019	0.0421393841167	0.0421393841167	0.0810372771475	0.0923824959481	0.0729335494327	0.0810372771475	0.0372771474878	0.100486223663	0.0696920583468	0.0696920583468	0.0745542949757	0.0794165316045	0.0583468395462	0.0356564019449	0.0940032414911	0.0826580226904
160319967-supragingivalplaque1.snv.bam	0.032414910859	0.0842787682334	0.0680713128039	0.0340356564019	0.032414910859	0.0453808752026	0.113452188006	0.113452188006	0.0356564019449	0.0551053484603	0.0551053484603	0.063209076175	0.0243111831442	0.0356564019449	0.0194489465154	0.0145867098865	0.0226904376013	0.0	0.0113452188006	0.0210696920583	0.0421393841167	0.063209076175	0.0534846029173	0.0437601296596	0.0356564019449	0.0810372771475	0.0875202593193	0.0275526742301	0.0372771474878	0.0470016207455	0.0275526742301	0.0794165316045	0.0470016207455	0.0421393841167	0.0243111831442	0.0615883306321	0.0891410048622	0.0356564019449	0.0275526742301	0.0226904376013	0.0162074554295	0.0615883306321	0.0664505672609	0.0210696920583	0.0875202593193	0.064829821718	0.0858995137763	0.032414910859	0.0340356564019	0.030794165316	0.0243111831442	0.0243111831442	0.0437601296596	0.0567260940032	0.0356564019449	0.0113452188006	0.0145867098865	0.0243111831442	0.0356564019449	0.0340356564019	0.0777957860616	0.0518638573744	0.0534846029173	0.0437601296596	0.0162074554295	0.030794165316	0.0761750405186	0.100486223663	0.0453808752026	0.0583468395462	0.0162074554295	0.0777957860616	0.0599675850891	0.0340356564019	0.0794165316045	0.0599675850891	0.0534846029173	0.0356564019449	0.103727714749	0.0729335494327
160319967-supragingivalplaque2.snv.bam	0.030794165316	0.103727714749	0.0810372771475	0.0486223662885	0.0502431118314	0.0664505672609	0.131280388979	0.132901134522	0.0405186385737	0.0567260940032	0.0842787682334	0.102106969206	0.0534846029173	0.064829821718	0.0372771474878	0.0194489465154	0.0372771474878	0.0113452188006	0.0	0.0	0.0567260940032	0.0745542949757	0.0696920583468	0.0437601296596	0.0372771474878	0.0664505672609	0.0761750405186	0.0275526742301	0.0777957860616	0.0729335494327	0.0599675850891	0.100486223663	0.0794165316045	0.0437601296596	0.0340356564019	0.0826580226904	0.100486223663	0.0680713128039	0.0486223662885	0.0340356564019	0.0291734197731	0.0680713128039	0.0713128038898	0.0534846029173	0.113452188006	0.0664505672609	0.0923824959481	0.0388978930308	0.0470016207455	0.0388978930308	0.0680713128039	0.0437601296596	0.063209076175	0.064829821718	0.0437601296596	0.0275526742301	0.0502431118314	0.0356564019449	0.0486223662885	0.0437601296596	0.097244732577	0.0729335494327	0.064829821718	0.0421393841167	0.030794165316	0.0340356564019	0.0988654781199	0.115072933549	0.0761750405186	0.100486223663	0.0453808752026	0.0745542949757	0.0664505672609	0.0891410048622	0.100486223663	0.0794165316045	0.0777957860616	0.0421393841167	0.116693679092	0.0761750405186
160319967-supragingivalplaque3.snv.bam	0.0453808752026	0.113452188006	0.0923824959481	0.0567260940032	0.0615883306321	0.0696920583468	0.14262560778	0.141004862237	0.0567260940032	0.0777957860616	0.097244732577	0.115072933549	0.064829821718	0.0745542949757	0.0502431118314	0.0194489465154	0.0437601296596	0.0210696920583	0.0	0.0	0.0761750405186	0.0940032414911	0.0777957860616	0.0534846029173	0.0486223662885	0.0696920583468	0.0810372771475	0.0275526742301	0.0907617504052	0.0810372771475	0.064829821718	0.105348460292	0.0875202593193	0.0518638573744	0.0470016207455	0.0923824959481	0.105348460292	0.0858995137763	0.064829821718	0.0486223662885	0.0356564019449	0.0826580226904	0.0858995137763	0.0680713128039	0.119935170178	0.0875202593193	0.105348460292	0.0567260940032	0.0567260940032	0.0551053484603	0.0713128038898	0.0599675850891	0.0729335494327	0.0761750405186	0.0583468395462	0.0356564019449	0.0583468395462	0.0470016207455	0.0534846029173	0.0615883306321	0.106969205835	0.0826580226904	0.0696920583468	0.0405186385737	0.0388978930308	0.0470016207455	0.111831442464	0.124797406807	0.0907617504052	0.113452188006	0.0453808752026	0.0794165316045	0.0680713128039	0.100486223663	0.110210696921	0.0923824959481	0.097244732577	0.0551053484603	0.123176661264	0.0858995137763
160380657-supragingivalplaque2.snv.bam	0.0551053484603	0.103727714749	0.0858995137763	0.0502431118314	0.0794165316045	0.0907617504052	0.118314424635	0.118314424635	0.0696920583468	0.0891410048622	0.0794165316045	0.111831442464	0.0567260940032	0.0599675850891	0.0421393841167	0.0437601296596	0.0470016207455	0.0421393841167	0.0567260940032	0.0761750405186	0.0	0.00810372771475	0.0567260940032	0.0599675850891	0.0599675850891	0.0891410048622	0.103727714749	0.0502431118314	0.0777957860616	0.0745542949757	0.0761750405186	0.116693679092	0.0842787682334	0.0777957860616	0.0518638573744	0.095623987034	0.110210696921	0.0664505672609	0.0518638573744	0.0486223662885	0.0405186385737	0.0794165316045	0.0794165316045	0.0388978930308	0.0923824959481	0.0858995137763	0.105348460292	0.0340356564019	0.0291734197731	0.0372771474878	0.0761750405186	0.0502431118314	0.0745542949757	0.0858995137763	0.0453808752026	0.0583468395462	0.0470016207455	0.0534846029173	0.0551053484603	0.063209076175	0.0988654781199	0.0567260940032	0.0599675850891	0.0615883306321	0.0567260940032	0.0745542949757	0.0923824959481	0.106969205835	0.0713128038898	0.0940032414911	0.0599675850891	0.100486223663	0.0696920583468	0.0842787682334	0.0858995137763	0.0826580226904	0.0761750405186	0.0518638573744	0.100486223663	0.0858995137763
160380657-supragingivalplaque3.snv.bam	0.0858995137763	0.12641815235	0.108589951378	0.0810372771475	0.100486223663	0.106969205835	0.132901134522	0.134521880065	0.0907617504052	0.115072933549	0.111831442464	0.124797406807	0.0842787682334	0.0907617504052	0.0713128038898	0.063209076175	0.0615883306321	0.063209076175	0.0745542949757	0.0940032414911	0.00810372771475	0.0	0.095623987034	0.095623987034	0.0907617504052	0.118314424635	0.136142625608	0.0810372771475	0.102106969206	0.0940032414911	0.095623987034	0.141004862237	0.111831442464	0.0940032414911	0.0745542949757	0.124797406807	0.132901134522	0.100486223663	0.0680713128039	0.0794165316045	0.0696920583468	0.113452188006	0.110210696921	0.064829821718	0.118314424635	0.128038897893	0.129659643436	0.0421393841167	0.0421393841167	0.0583468395462	0.0940032414911	0.0810372771475	0.108589951378	0.110210696921	0.0745542949757	0.0826580226904	0.0680713128039	0.0745542949757	0.0810372771475	0.0940032414911	0.137763371151	0.0891410048622	0.0777957860616	0.0875202593193	0.0777957860616	0.095623987034	0.118314424635	0.131280388979	0.0923824959481	0.108589951378	0.0810372771475	0.118314424635	0.0940032414911	0.113452188006	0.102106969206	0.12641815235	0.0988654781199	0.0858995137763	0.132901134522	0.118314424635
160421117-supragingivalplaque1.snv.bam	0.0437601296596	0.0696920583468	0.0599675850891	0.0453808752026	0.0858995137763	0.0907617504052	0.124797406807	0.123176661264	0.0615883306321	0.0761750405186	0.0453808752026	0.105348460292	0.0713128038898	0.0615883306321	0.0388978930308	0.0470016207455	0.0534846029173	0.0534846029173	0.0696920583468	0.0777957860616	0.0567260940032	0.095623987034	0.0	0.00486223662885	0.00486223662885	0.0664505672609	0.0810372771475	0.0534846029173	0.0713128038898	0.0696920583468	0.064829821718	0.0858995137763	0.063209076175	0.0794165316045	0.0405186385737	0.0891410048622	0.0745542949757	0.0437601296596	0.0372771474878	0.0599675850891	0.0502431118314	0.0502431118314	0.0583468395462	0.0518638573744	0.095623987034	0.0583468395462	0.0777957860616	0.0388978930308	0.0405186385737	0.0437601296596	0.064829821718	0.0437601296596	0.0243111831442	0.0696920583468	0.0583468395462	0.0583468395462	0.0437601296596	0.0486223662885	0.0599675850891	0.0453808752026	0.0794165316045	0.0664505672609	0.0729335494327	0.0534846029173	0.0567260940032	0.0729335494327	0.0713128038898	0.0777957860616	0.0875202593193	0.105348460292	0.0567260940032	0.0923824959481	0.0696920583468	0.0729335494327	0.0761750405186	0.0534846029173	0.0729335494327	0.0388978930308	0.0940032414911	0.0907617504052
160421117-supragingivalplaque2.snv.bam	0.032414910859	0.0761750405186	0.0583468395462	0.0470016207455	0.0988654781199	0.105348460292	0.134521880065	0.132901134522	0.0713128038898	0.0826580226904	0.0437601296596	0.116693679092	0.0713128038898	0.063209076175	0.0340356564019	0.0405186385737	0.0567260940032	0.0437601296596	0.0437601296596	0.0534846029173	0.0599675850891	0.095623987034	0.00486223662885	0.0	0.0	0.0615883306321	0.0777957860616	0.030794165316	0.0875202593193	0.0713128038898	0.0696920583468	0.111831442464	0.0875202593193	0.0777957860616	0.0259319286872	0.0940032414911	0.0842787682334	0.0372771474878	0.0470016207455	0.063209076175	0.0502431118314	0.032414910859	0.0583468395462	0.0518638573744	0.113452188006	0.0340356564019	0.0988654781199	0.0437601296596	0.0518638573744	0.0421393841167	0.0761750405186	0.0486223662885	0.0340356564019	0.0680713128039	0.0534846029173	0.0518638573744	0.0486223662885	0.0502431118314	0.0599675850891	0.0567260940032	0.0940032414911	0.0680713128039	0.0794165316045	0.0599675850891	0.0696920583468	0.0842787682334	0.0761750405186	0.0891410048622	0.0940032414911	0.111831442464	0.0567260940032	0.105348460292	0.0858995137763	0.095623987034	0.0907617504052	0.030794165316	0.0777957860616	0.030794165316	0.113452188006	0.0891410048622
160421117-supragingivalplaque3.snv.bam	0.0291734197731	0.0777957860616	0.0567260940032	0.0437601296596	0.0858995137763	0.0923824959481	0.12641815235	0.12641815235	0.063209076175	0.0745542949757	0.0453808752026	0.113452188006	0.063209076175	0.0567260940032	0.0259319286872	0.0356564019449	0.0405186385737	0.0356564019449	0.0372771474878	0.0486223662885	0.0599675850891	0.0907617504052	0.00486223662885	0.0	0.0	0.0534846029173	0.0664505672609	0.0194489465154	0.0826580226904	0.064829821718	0.0534846029173	0.108589951378	0.0810372771475	0.0664505672609	0.0210696920583	0.0858995137763	0.0875202593193	0.0372771474878	0.0405186385737	0.0502431118314	0.0388978930308	0.0226904376013	0.0551053484603	0.0421393841167	0.106969205835	0.032414910859	0.0988654781199	0.0405186385737	0.0372771474878	0.0356564019449	0.0777957860616	0.0405186385737	0.0291734197731	0.0551053484603	0.0486223662885	0.0340356564019	0.0405186385737	0.0470016207455	0.0567260940032	0.0421393841167	0.0826580226904	0.0615883306321	0.0680713128039	0.0567260940032	0.0615883306321	0.0696920583468	0.0777957860616	0.0940032414911	0.0842787682334	0.108589951378	0.0486223662885	0.106969205835	0.0842787682334	0.0907617504052	0.0842787682334	0.0259319286872	0.0729335494327	0.0226904376013	0.113452188006	0.0858995137763
160502038-supragingivalplaque1.snv.bam	0.0518638573744	0.0664505672609	0.0567260940032	0.0842787682334	0.111831442464	0.121555915721	0.145867098865	0.145867098865	0.106969205835	0.128038897893	0.113452188006	0.132901134522	0.0891410048622	0.0988654781199	0.0745542949757	0.064829821718	0.0729335494327	0.0810372771475	0.0664505672609	0.0696920583468	0.0891410048622	0.118314424635	0.0664505672609	0.0615883306321	0.0534846029173	0.0	0.0178282009724	0.0145867098865	0.108589951378	0.0842787682334	0.111831442464	0.136142625608	0.118314424635	0.0923824959481	0.0696920583468	0.137763371151	0.0713128038898	0.110210696921	0.0761750405186	0.0875202593193	0.0664505672609	0.12641815235	0.0178282009724	0.0842787682334	0.118314424635	0.123176661264	0.124797406807	0.0826580226904	0.0907617504052	0.0794165316045	0.100486223663	0.0940032414911	0.097244732577	0.0599675850891	0.0729335494327	0.0907617504052	0.0875202593193	0.102106969206	0.097244732577	0.0518638573744	0.111831442464	0.095623987034	0.0583468395462	0.0842787682334	0.0940032414911	0.103727714749	0.0842787682334	0.0826580226904	0.110210696921	0.132901134522	0.0729335494327	0.144246353323	0.123176661264	0.116693679092	0.12641815235	0.115072933549	0.105348460292	0.0470016207455	0.131280388979	0.0988654781199
160502038-supragingivalplaque2.snv.bam	0.063209076175	0.0777957860616	0.064829821718	0.0907617504052	0.124797406807	0.150729335494	0.163695299838	0.163695299838	0.116693679092	0.139384116694	0.124797406807	0.144246353323	0.105348460292	0.111831442464	0.0826580226904	0.0842787682334	0.0907617504052	0.0875202593193	0.0761750405186	0.0810372771475	0.103727714749	0.136142625608	0.0810372771475	0.0777957860616	0.0664505672609	0.0178282009724	0.0	0.00486223662885	0.116693679092	0.0940032414911	0.111831442464	0.152350081037	0.128038897893	0.115072933549	0.064829821718	0.149108589951	0.0761750405186	0.118314424635	0.0907617504052	0.095623987034	0.0826580226904	0.128038897893	0.032414910859	0.0988654781199	0.145867098865	0.132901134522	0.128038897893	0.100486223663	0.108589951378	0.097244732577	0.116693679092	0.105348460292	0.115072933549	0.0761750405186	0.0891410048622	0.095623987034	0.0907617504052	0.105348460292	0.106969205835	0.064829821718	0.121555915721	0.106969205835	0.0745542949757	0.106969205835	0.103727714749	0.129659643436	0.103727714749	0.100486223663	0.129659643436	0.155591572123	0.095623987034	0.166936790924	0.132901134522	0.129659643436	0.139384116694	0.123176661264	0.132901134522	0.0567260940032	0.155591572123	0.108589951378
160502038-supragingivalplaque3.snv.bam	0.0275526742301	0.0437601296596	0.032414910859	0.0486223662885	0.0745542949757	0.0907617504052	0.113452188006	0.111831442464	0.063209076175	0.0810372771475	0.0745542949757	0.097244732577	0.0534846029173	0.0502431118314	0.0340356564019	0.032414910859	0.0356564019449	0.0275526742301	0.0275526742301	0.0275526742301	0.0502431118314	0.0810372771475	0.0534846029173	0.030794165316	0.0194489465154	0.0145867098865	0.00486223662885	0.0	0.0713128038898	0.0534846029173	0.063209076175	0.102106969206	0.0729335494327	0.0794165316045	0.0226904376013	0.0842787682334	0.0518638573744	0.0502431118314	0.0421393841167	0.0405186385737	0.0356564019449	0.064829821718	0.0194489465154	0.0437601296596	0.0907617504052	0.063209076175	0.0875202593193	0.0534846029173	0.0534846029173	0.0356564019449	0.0713128038898	0.0437601296596	0.0664505672609	0.0340356564019	0.0388978930308	0.0405186385737	0.0470016207455	0.0502431118314	0.0583468395462	0.032414910859	0.0761750405186	0.0664505672609	0.0486223662885	0.0518638573744	0.0502431118314	0.0664505672609	0.0599675850891	0.0680713128039	0.0664505672609	0.0907617504052	0.0437601296596	0.110210696921	0.0842787682334	0.0777957860616	0.100486223663	0.0502431118314	0.0696920583468	0.0210696920583	0.111831442464	0.0680713128039
