	158984779-stool1.snv.bam	159753524-stool2.snv.bam	159753524-stool3.snv.bam	160502038-stool1.snv.bam	508703490-stool2.snv.bam	550534656-stool3.snv.bam	737052003-stool1.snv.bam	764143897-stool1.snv.bam	764366428-stool2.snv.bam	765034022-stool2.snv.bam	765074482-stool3.snv.bam	765094712-stool3.snv.bam	765640925-stool2.snv.bam	863126187-stool3.snv.bam	CCIS15704761ST-4-0.snv.bam	CCIS41288781ST-4-0.snv.bam	CCIS90166425ST-4-0.snv.bam	CCMD11006829ST-21-0.snv.bam	CCMD12232071ST-21-0.snv.bam	CCMD40701343ST-21-0.snv.bam	CCMD64503764ST-21-0.snv.bam	CCMD88272491ST-21-0.snv.bam	MH0239.snv.bam	MH0246.snv.bam	MH0274.snv.bam	MH0359.snv.bam	MH0382.snv.bam	MH0444.snv.bam	MMRS64281211ST-27-0-0.snv.bam	MMRS65945127ST-27-0-0.snv.bam	MMRS97307143ST-27-0-0.snv.bam	N029A.snv.bam	O2.CD3-0-PT.snv.bam	O2.UC48-0.snv.bam	SZEY-39A.snv.bam	T2D-109A.snv.bam	T2D-19A.snv.bam	T2D-22A.snv.bam	T2D-48A.snv.bam	T2D-51A.snv.bam	T2D-78A.snv.bam	V1.CD21-4.snv.bam	V1.CD25-4.snv.bam	V1.FI02.snv.bam	V1.FI05.snv.bam	V1.FI10.snv.bam	V1.FI13.snv.bam	V1.FI20.snv.bam	V1.FI34.snv.bam	V1.UC35-4.snv.bam	V1.UC55-4.snv.bam	halbarad-11-0-0.snv.bam	halbarad-11-7-0.snv.bam
158984779-stool1.snv.bam	0.0	0.139579079276	0.143344606947	0.142576013159	0.136294231633	0.132083517762	0.121004571071	0.174078799785	0.135069464562	0.128063996881	0.122734533939	0.132935466413	0.127278853426	0.122676409862	0.186501356135	0.162331363839	0.112481698627	0.155939527588	0.14789999179	0.140142208761	0.146950399198	0.134226491052	0.149558746632	0.144990251104	0.140864826327	0.14840482434	0.170469669567	0.157271379291	0.188746652277	0.198024655698	0.127475419103	0.129437078048	0.124249622433	0.134049803306	0.165417372814	0.14026671371	0.148350720601	0.139581482181	0.174031266771	0.12937354301	0.149392539411	0.13663203872	0.16897632335	0.145892444863	0.138002658045	0.14054011027	0.147220799522	0.125722520427	0.130438398788	0.133946585877	0.14409907422	0.136463415229	0.132275749632
159753524-stool2.snv.bam	0.139579079276	0.0	0.0278968437402	0.0776728631559	0.112594690172	0.13343239758	0.10427122728	0.153957860631	0.0969781585613	0.0858665090656	0.101583135412	0.118521750515	0.100410041188	0.0890584692648	0.133510316061	0.12860493777	0.0988751912789	0.148782055499	0.137969930362	0.0770407534332	0.112417458993	0.0767710064028	0.0941724476521	0.100346114153	0.121519654944	0.0805546524137	0.139561308232	0.110584082215	0.139571711946	0.176620725196	0.0714665541624	0.0697533951795	0.127109929818	0.0854771387077	0.109893631447	0.0697188874091	0.104351093792	0.0704605344245	0.117743199347	0.0864762444757	0.119144638661	0.105765846787	0.158522154948	0.0898582401177	0.0860280863476	0.113190391792	0.120948319577	0.0861625191436	0.057103995	0.120615457276	0.143010968065	0.115605846642	0.11233827231
159753524-stool3.snv.bam	0.143344606947	0.0278968437402	0.0	0.08898787107	0.114102383612	0.128984450044	0.111269609518	0.154121696757	0.0941737205976	0.0895963570372	0.105389112312	0.114296682314	0.0982264729356	0.0933384621727	0.1269857471	0.127826406342	0.103985424831	0.146372093951	0.135821265394	0.0875108631745	0.116479578976	0.0877108403893	0.0860701744855	0.111315466296	0.127257197044	0.080796103177	0.145067896682	0.121027796548	0.129975590715	0.187409142315	0.0797745539998	0.0796532908873	0.136831224161	0.0939753350961	0.112628840042	0.0720954552367	0.0969886446256	0.0759434469637	0.112910325001	0.0843738793265	0.119268620442	0.116633214663	0.155509831073	0.0897324522115	0.100425843427	0.124182529186	0.11553843255	0.0926289529501	0.0686844897142	0.119849609858	0.145038833254	0.112719808399	0.111662406194
160502038-stool1.snv.bam	0.142576013159	0.0776728631559	0.08898787107	0.0	0.119397142528	0.138769293264	0.104243322237	0.138374073313	0.110707134153	0.0837480520396	0.110090450135	0.123964506985	0.10977523766	0.0804090258665	0.140686402071	0.126638853031	0.0988685145835	0.164748600868	0.156573993602	0.0542538610348	0.124887375844	0.0422484793582	0.0883091117114	0.0863872855719	0.128901429929	0.0838430839779	0.123360951492	0.0956475542805	0.148026670069	0.175386958404	0.0619431432048	0.0363336323076	0.11725227451	0.0859281002942	0.112052158695	0.0606137498099	0.122716210333	0.0429737936943	0.12824154997	0.0915644208482	0.114252050776	0.0650831111436	0.170306639941	0.100481462991	0.0507576625628	0.0759591329977	0.141522097001	0.0821409636095	0.0549065511587	0.130275588949	0.126757500628	0.142134663596	0.141281924042
508703490-stool2.snv.bam	0.136294231633	0.112594690172	0.114102383612	0.119397142528	0.0	0.120126949875	0.0974664432394	0.134484163405	0.110082356536	0.105128351392	0.0983089764608	0.104417772412	0.104364736557	0.103203502905	0.157878500217	0.104185499879	0.106853885946	0.129875817725	0.120635611684	0.0999386213395	0.110191006589	0.105949506839	0.104460428976	0.120227513235	0.139654144563	0.124616822345	0.163967701848	0.124746608715	0.198706440972	0.199347987406	0.105732700377	0.0986667534431	0.131544498013	0.102724314408	0.143387541702	0.0995582048664	0.109962179734	0.114563317693	0.156559275933	0.120713562149	0.133526653455	0.126512108623	0.139611923363	0.129906094075	0.110915188372	0.126393273178	0.14473869767	0.104154044358	0.10083932319	0.105731888509	0.128908007841	0.127232451555	0.119186876598
550534656-stool3.snv.bam	0.132083517762	0.13343239758	0.128984450044	0.138769293264	0.120126949875	0.0	0.113845062368	0.100150441021	0.102421558853	0.122087854202	0.102581380608	0.0852373451853	0.0937083843684	0.11828267523	0.166077934777	0.141485902504	0.110397956109	0.080049569139	0.0719499434513	0.124763115516	0.114213336005	0.135507611623	0.114923043064	0.113470334202	0.165117643851	0.138959763993	0.164802433487	0.115700628143	0.19151157199	0.184703604424	0.119751516699	0.116612352414	0.0997916382329	0.125687795284	0.174231585301	0.136303807974	0.15302951852	0.131606921698	0.174389567545	0.126677647647	0.160226893735	0.118181354272	0.0986887253482	0.138245655116	0.126849475219	0.125683972898	0.145573940137	0.117618370903	0.129610366926	0.0778153171442	0.147483461275	0.103240853468	0.111122095041
737052003-stool1.snv.bam	0.121004571071	0.10427122728	0.111269609518	0.104243322237	0.0974664432394	0.113845062368	0.0	0.145238196811	0.118599138913	0.0917659102098	0.0866680213552	0.110948828704	0.0928350537105	0.0938661570426	0.154296327101	0.127150281968	0.099529278199	0.14728424182	0.137000884033	0.0962832100964	0.114393890256	0.100863070278	0.09513702315	0.111325295298	0.139102705925	0.108674677884	0.145427383727	0.117285226993	0.172071096593	0.190955923014	0.0895602375859	0.0962017195016	0.128436341937	0.100827145977	0.145277294159	0.0915808492182	0.125604699465	0.104891242849	0.153046622794	0.0969011801962	0.142411081525	0.110866323842	0.158032056838	0.113464073923	0.0974444281701	0.115672192252	0.154660939615	0.0887991274283	0.0850793317522	0.115572852867	0.15407884179	0.120713401575	0.118211005815
764143897-stool1.snv.bam	0.174078799785	0.153957860631	0.154121696757	0.138374073313	0.134484163405	0.100150441021	0.145238196811	0.0	0.124536571289	0.143758207124	0.107389600539	0.0888056735739	0.133988029172	0.155129316321	0.169222375514	0.130614208279	0.162285896488	0.0529619129753	0.0659689522332	0.13156622649	0.121597333962	0.145834387844	0.127393942735	0.104610592046	0.152102374007	0.162426909686	0.200049879134	0.0961546012995	0.183248101526	0.19206322323	0.138300196502	0.132435231662	0.138736419922	0.150939015635	0.172667252979	0.149612448645	0.169816516703	0.149534652967	0.189342661685	0.155546353079	0.162276937422	0.12333569257	0.0683645124487	0.17020906705	0.154927065091	0.132552458879	0.150428951761	0.146433519217	0.149036551089	0.0877471506904	0.150333540674	0.130462615128	0.132926997464
764366428-stool2.snv.bam	0.135069464562	0.0969781585613	0.0941737205976	0.110707134153	0.110082356536	0.102421558853	0.118599138913	0.124536571289	0.0	0.0986287850596	0.118786628054	0.0956476333565	0.108637281404	0.101915159711	0.160627852299	0.145243586715	0.104686943486	0.0984961273594	0.0916382176836	0.0970120614784	0.109781460932	0.102571880979	0.0991775162374	0.139891051471	0.162583123658	0.116625382993	0.161462696503	0.146529340743	0.181307292253	0.217632246427	0.0870986155217	0.104356743404	0.136360627985	0.10365033731	0.136915940668	0.0972786017078	0.116739552329	0.0921551031883	0.150816986957	0.114587838295	0.129674861782	0.131344084321	0.10179058657	0.117121499648	0.0974910485254	0.136877161735	0.143214327229	0.104646884107	0.0934563263322	0.0859693087656	0.132873037279	0.111763711142	0.115083779238
765034022-stool2.snv.bam	0.128063996881	0.0858665090656	0.0895963570372	0.0837480520396	0.105128351392	0.122087854202	0.0917659102098	0.143758207124	0.0986287850596	0.0	0.088406285487	0.106907307467	0.0860282115489	0.0784847946004	0.152315646299	0.124537575782	0.087062465707	0.143096309312	0.124532172131	0.0826874134866	0.100629883388	0.0767311456641	0.0919077405682	0.10602901571	0.131675908611	0.0920938966486	0.138988937097	0.111853787554	0.161527054747	0.184983788013	0.0705678623321	0.0844503987721	0.127082354849	0.0833943368258	0.105679411822	0.0847110581356	0.126705694956	0.0763924919684	0.138074066361	0.084766014131	0.0791461051025	0.106339819803	0.149041870595	0.0991901375575	0.0868596771997	0.102222848477	0.125423620098	0.0802006273121	0.0665967505502	0.103851919049	0.106837056806	0.120402222945	0.117643902861
765074482-stool3.snv.bam	0.122734533939	0.101583135412	0.105389112312	0.110090450135	0.0983089764608	0.102581380608	0.0866680213552	0.107389600539	0.118786628054	0.088406285487	0.0	0.0782609404201	0.0941159082184	0.104996762006	0.148365610088	0.116944085834	0.104985743611	0.102448705642	0.0964995170799	0.0905660652316	0.106516266961	0.0953746564384	0.0982045600128	0.0550814140031	0.117115641603	0.106582278799	0.145235378325	0.0590582095543	0.177130755652	0.165320974766	0.0983345346572	0.0840977472832	0.117394551785	0.0859218126735	0.143515139985	0.103152715924	0.130417638386	0.106776703308	0.159880318995	0.0999314620945	0.131207171208	0.0901185494222	0.118098842618	0.107649925541	0.103510051156	0.0954307654167	0.127041438922	0.086886096042	0.0889422779595	0.0709618350002	0.136472710226	0.0950174748129	0.090238604284
765094712-stool3.snv.bam	0.132935466413	0.118521750515	0.114296682314	0.123964506985	0.104417772412	0.0852373451853	0.110948828704	0.0888056735739	0.0956476333565	0.106907307467	0.0782609404201	0.0	0.112946122318	0.117865989679	0.172817144032	0.135337639894	0.104599922134	0.0678849825367	0.0621751088222	0.108127282278	0.109549724725	0.117480327961	0.106953047852	0.0951739084361	0.145183914713	0.12259174999	0.167439750428	0.100499034977	0.172109511501	0.185796928887	0.110007539899	0.110321767816	0.126722424073	0.115546785901	0.153351950273	0.117453263887	0.147187523094	0.117900420657	0.160813681834	0.121821493455	0.137169420763	0.115343807538	0.0822166997578	0.126178117885	0.127929195581	0.121172602823	0.125595664257	0.107211438843	0.11080331696	0.067096424834	0.145676254298	0.0959266770033	0.097097856671
765640925-stool2.snv.bam	0.127278853426	0.100410041188	0.0982264729356	0.10977523766	0.104364736557	0.0937083843684	0.0928350537105	0.133988029172	0.108637281404	0.0860282115489	0.0941159082184	0.112946122318	0.0	0.0873296200728	0.113957896772	0.121221530978	0.0889327831268	0.134013051314	0.119060403801	0.103067846879	0.0907252140949	0.101629139644	0.0905987383751	0.113214800735	0.143390364838	0.0953552385681	0.141866497057	0.122045591364	0.14958944644	0.173132307013	0.0845999253322	0.10152619913	0.125679964884	0.0919331043647	0.145777647706	0.102330262555	0.119982860576	0.111774750139	0.138460779003	0.0672002878119	0.133733736703	0.117083360509	0.145353044525	0.104908202026	0.10332157863	0.121173703542	0.129765663787	0.0903236047061	0.0923254401427	0.105621703324	0.135716657377	0.103074008165	0.103847000878
863126187-stool3.snv.bam	0.122676409862	0.0890584692648	0.0933384621727	0.0804090258665	0.103203502905	0.11828267523	0.0938661570426	0.155129316321	0.101915159711	0.0784847946004	0.104996762006	0.117865989679	0.0873296200728	0.0	0.152651064571	0.118458368281	0.0895567248728	0.147931827584	0.138201322849	0.0721555823368	0.113115179685	0.0713247323625	0.0911075187472	0.110632954277	0.13675017483	0.095023192934	0.135460817292	0.113731799071	0.154229544791	0.180528831562	0.0591320980844	0.0655303450838	0.135446272304	0.0766407068017	0.140604355824	0.0862801018217	0.104955467077	0.0774770361891	0.12414685543	0.0897519024357	0.12923326075	0.102816701161	0.155532761512	0.107111201964	0.0818703176215	0.109684506615	0.13597663879	0.0827278553078	0.0716195831837	0.114048194614	0.124894375081	0.119021016006	0.114844054524
CCIS15704761ST-4-0.snv.bam	0.186501356135	0.133510316061	0.1269857471	0.140686402071	0.157878500217	0.166077934777	0.154296327101	0.169222375514	0.160627852299	0.152315646299	0.148365610088	0.172817144032	0.113957896772	0.152651064571	0.0	0.165404900237	0.148315044216	0.175715218682	0.168861741909	0.144391172348	0.140933430268	0.145692405718	0.120740233238	0.157121310343	0.163784142445	0.152210975078	0.202104031952	0.168850069449	0.120723421112	0.17392005158	0.14417289373	0.138787878788	0.156233717502	0.151380034099	0.137493041029	0.131633826959	0.121574697286	0.149575700142	0.122892821594	0.118680209115	0.142991206775	0.156914429382	0.180365201147	0.124206946873	0.143491917535	0.159970163822	0.174837223486	0.150479736518	0.125623711016	0.16591517314	0.14399755664	0.154282168412	0.158173664531
CCIS41288781ST-4-0.snv.bam	0.162331363839	0.12860493777	0.127826406342	0.126638853031	0.104185499879	0.141485902504	0.127150281968	0.130614208279	0.145243586715	0.124537575782	0.116944085834	0.135337639894	0.121221530978	0.118458368281	0.165404900237	0.0	0.144115478589	0.148227554944	0.143612349404	0.10759171589	0.118350454015	0.116675968373	0.139009510088	0.130266585509	0.139223226064	0.129711849647	0.168723115136	0.140190001937	0.169866182082	0.193167174113	0.109225673768	0.0897836031809	0.142484233548	0.11913652178	0.139450787796	0.102329635246	0.109605773077	0.129463384265	0.131313932313	0.127097764413	0.135416282171	0.131828572547	0.158712935752	0.147253634599	0.133531506963	0.134028077149	0.148084975421	0.127387776336	0.121441305795	0.129484015995	0.10895883279	0.142881042425	0.14161350614
CCIS90166425ST-4-0.snv.bam	0.112481698627	0.0988751912789	0.103985424831	0.0988685145835	0.106853885946	0.110397956109	0.099529278199	0.162285896488	0.104686943486	0.087062465707	0.104985743611	0.104599922134	0.0889327831268	0.0895567248728	0.148315044216	0.144115478589	0.0	0.133181021086	0.124425349474	0.107706493062	0.115712237522	0.098698947928	0.108753694697	0.123312801777	0.142174634154	0.102269934882	0.128463786563	0.132556952175	0.1502673738	0.161913603774	0.0827804816808	0.0950820387609	0.10994666492	0.0980657808532	0.153933879698	0.0979889214625	0.13045272319	0.106765798401	0.130128665448	0.0977052929716	0.119476538088	0.12237510407	0.141699957414	0.0985966149334	0.0936274948076	0.128342453604	0.124578035666	0.0838467648373	0.0841781418874	0.11988548791	0.137174964345	0.111282845086	0.110291912382
CCMD11006829ST-21-0.snv.bam	0.155939527588	0.148782055499	0.146372093951	0.164748600868	0.129875817725	0.080049569139	0.14728424182	0.0529619129753	0.0984961273594	0.143096309312	0.102448705642	0.0678849825367	0.134013051314	0.147931827584	0.175715218682	0.148227554944	0.133181021086	0.0	0.0330485920985	0.135714508887	0.116785069462	0.151562146092	0.136610908465	0.103657845301	0.153508352486	0.158793662764	0.201707935635	0.107813176496	0.177119194886	0.18529619194	0.142383456645	0.135193183313	0.132518236253	0.146448581806	0.1801633021	0.147844467014	0.16262085016	0.152715025574	0.172490609136	0.156580555752	0.155295890975	0.14054518827	0.0277322709884	0.152753055095	0.157014525501	0.145544797651	0.127034199508	0.145238525422	0.146590512241	0.064310608775	0.14614270042	0.106711994171	0.113022796563
CCMD12232071ST-21-0.snv.bam	0.14789999179	0.137969930362	0.135821265394	0.156573993602	0.120635611684	0.0719499434513	0.137000884033	0.0659689522332	0.0916382176836	0.124532172131	0.0964995170799	0.0621751088222	0.119060403801	0.138201322849	0.168861741909	0.143612349404	0.124425349474	0.0330485920985	0.0	0.131738436534	0.104024775775	0.145082999794	0.126505870338	0.107571446894	0.151266518618	0.149784600412	0.185988049213	0.112242583201	0.175061688018	0.168829256408	0.127862014816	0.136075154229	0.131043907054	0.132900682193	0.169236716472	0.139056211253	0.154307437132	0.148330787197	0.166451319511	0.142797833808	0.145935669607	0.137530215556	0.0426206368132	0.139830163395	0.146823090523	0.142069593648	0.118988753275	0.136260179424	0.136443296797	0.0598122727345	0.140647649423	0.0957703091861	0.0989484103123
CCMD40701343ST-21-0.snv.bam	0.140142208761	0.0770407534332	0.0875108631745	0.0542538610348	0.0999386213395	0.124763115516	0.0962832100964	0.13156622649	0.0970120614784	0.0826874134866	0.0905660652316	0.108127282278	0.103067846879	0.0721555823368	0.144391172348	0.10759171589	0.107706493062	0.135714508887	0.131738436534	0.0	0.115154740463	0.038234871381	0.0862392177454	0.0710727543319	0.134940453591	0.0852302209404	0.139188648872	0.0813912164626	0.173127918893	0.180282562197	0.0666878958074	0.0527888997257	0.142608583059	0.0848681028275	0.117788091945	0.0698609299662	0.111810151439	0.0388896990733	0.147513787069	0.0843133164597	0.120240085685	0.0798537676634	0.149868611542	0.114896091507	0.0618254363049	0.0902631556588	0.135576362951	0.0827487826052	0.0556030099052	0.10940874424	0.125231930352	0.12375071549	0.119773594176
CCMD64503764ST-21-0.snv.bam	0.146950399198	0.112417458993	0.116479578976	0.124887375844	0.110191006589	0.114213336005	0.114393890256	0.121597333962	0.109781460932	0.100629883388	0.106516266961	0.109549724725	0.0907252140949	0.113115179685	0.140933430268	0.118350454015	0.115712237522	0.116785069462	0.104024775775	0.115154740463	0.0	0.115100409512	0.109704260984	0.122891119549	0.153662996303	0.119047011701	0.164541931228	0.132423634883	0.171765145502	0.166956368833	0.0987927442169	0.121235992929	0.131724534299	0.108284702928	0.134271625747	0.106364287574	0.121415153636	0.124809463397	0.13879113373	0.108396007447	0.125949406695	0.127788669606	0.126966547039	0.118958892536	0.126823777286	0.129386424321	0.126528536617	0.113858567513	0.105349697907	0.0974121915976	0.13210557195	0.112558295431	0.109369875275
CCMD88272491ST-21-0.snv.bam	0.134226491052	0.0767710064028	0.0877108403893	0.0422484793582	0.105949506839	0.135507611623	0.100863070278	0.145834387844	0.102571880979	0.0767311456641	0.0953746564384	0.117480327961	0.101629139644	0.0713247323625	0.145692405718	0.116675968373	0.098698947928	0.151562146092	0.145082999794	0.038234871381	0.115100409512	0.0	0.081053278094	0.0753795743469	0.127603328814	0.0735470979023	0.127621432347	0.0841108215429	0.156496013821	0.161878869623	0.0670172740042	0.0536188475335	0.136765639216	0.0802807730592	0.103830183463	0.0785127459519	0.11962151062	0.0387367873245	0.124996346869	0.0865416962868	0.103041056482	0.0796340432317	0.16493583001	0.0987154407668	0.0534009413806	0.0883665722898	0.132476680362	0.0800855626126	0.0522963212607	0.11817114838	0.112997967066	0.123965198555	0.12731718601
MH0239.snv.bam	0.149558746632	0.0941724476521	0.0860701744855	0.0883091117114	0.104460428976	0.114923043064	0.09513702315	0.127393942735	0.0991775162374	0.0919077405682	0.0982045600128	0.106953047852	0.0905987383751	0.0911075187472	0.120740233238	0.139009510088	0.108753694697	0.136610908465	0.126505870338	0.0862392177454	0.109704260984	0.081053278094	0.0	0.100913412838	0.142365033179	0.0937042199093	0.152861898607	0.11036578637	0.156974795918	0.195504499392	0.079129320245	0.0907005454444	0.130033137449	0.0878823177337	0.131946330475	0.0970989979262	0.118807768586	0.0804597660085	0.13734636375	0.0805845718662	0.13117248936	0.107612050587	0.143597618489	0.0929097156337	0.0857474546268	0.109465730736	0.149436760833	0.0881052025542	0.0749383781319	0.105922696115	0.149349543136	0.111123058886	0.117387347604
MH0246.snv.bam	0.144990251104	0.100346114153	0.111315466296	0.0863872855719	0.120227513235	0.113470334202	0.111325295298	0.104610592046	0.139891051471	0.10602901571	0.0550814140031	0.0951739084361	0.113214800735	0.110632954277	0.157121310343	0.130266585509	0.123312801777	0.103657845301	0.107571446894	0.0710727543319	0.122891119549	0.0753795743469	0.100913412838	0.0	0.122083982881	0.0961291488747	0.140499416379	0.0187118990729	0.186169802758	0.16186257905	0.096759519165	0.0623240887339	0.119085085276	0.0899683510967	0.144777148626	0.112913982637	0.143106051598	0.0790266539275	0.160016277399	0.104370305524	0.147560918386	0.0604575090854	0.12291573187	0.111073432297	0.0859428010546	0.0709262807344	0.13025982381	0.0899895742711	0.080854182772	0.0797756986147	0.146625318763	0.114809051265	0.113690985301
MH0274.snv.bam	0.140864826327	0.121519654944	0.127257197044	0.128901429929	0.139654144563	0.165117643851	0.139102705925	0.152102374007	0.162583123658	0.131675908611	0.117115641603	0.145183914713	0.143390364838	0.13675017483	0.163784142445	0.139223226064	0.142174634154	0.153508352486	0.151266518618	0.134940453591	0.153662996303	0.127603328814	0.142365033179	0.122083982881	0.0	0.149448533403	0.185674293941	0.129535287267	0.170142189309	0.190218206353	0.137710453882	0.111624860382	0.124418428096	0.138620880801	0.141674166829	0.137905584265	0.137606006119	0.141969559126	0.172190634179	0.14088101917	0.126958318799	0.132207241587	0.151705205804	0.132434267059	0.13714689249	0.139966220824	0.151386030944	0.137841434786	0.124167752872	0.142500174089	0.13963459865	0.150919902276	0.147604927594
MH0359.snv.bam	0.14840482434	0.0805546524137	0.080796103177	0.0838430839779	0.124616822345	0.138959763993	0.108674677884	0.162426909686	0.116625382993	0.0920938966486	0.106582278799	0.12259174999	0.0953552385681	0.095023192934	0.152210975078	0.129711849647	0.102269934882	0.158793662764	0.149784600412	0.0852302209404	0.119047011701	0.0735470979023	0.0937042199093	0.0961291488747	0.149448533403	0.0	0.12301101257	0.106920255535	0.152712164242	0.188659097903	0.0741264461652	0.0791784029445	0.146946731447	0.0831189364437	0.141780994829	0.0930121984965	0.121801872729	0.0800390125111	0.123728353447	0.0780416582749	0.138849718267	0.0981142002	0.167502170378	0.0931913033925	0.0902791267483	0.106728032831	0.131533659953	0.0893184721496	0.0722419733206	0.121280005449	0.14754928451	0.117316269333	0.120485929593
MH0382.snv.bam	0.170469669567	0.139561308232	0.145067896682	0.123360951492	0.163967701848	0.164802433487	0.145427383727	0.200049879134	0.161462696503	0.138988937097	0.145235378325	0.167439750428	0.141866497057	0.135460817292	0.202104031952	0.168723115136	0.128463786563	0.201707935635	0.185988049213	0.139188648872	0.164541931228	0.127621432347	0.152861898607	0.140499416379	0.185674293941	0.12301101257	0.0	0.154482529997	0.209879963693	0.184750259658	0.118781727012	0.137856793594	0.165112241855	0.115118227198	0.185995929278	0.146318734434	0.179132077255	0.131693160717	0.187990254201	0.136744390091	0.178265093607	0.139663589445	0.203482714083	0.134597305246	0.107727256938	0.14741507757	0.190437632211	0.12995625209	0.128485041269	0.157383792765	0.1827396733	0.151701685699	0.152335582206
MH0444.snv.bam	0.157271379291	0.110584082215	0.121027796548	0.0956475542805	0.124746608715	0.115700628143	0.117285226993	0.0961546012995	0.146529340743	0.111853787554	0.0590582095543	0.100499034977	0.122045591364	0.113731799071	0.168850069449	0.140190001937	0.132556952175	0.107813176496	0.112242583201	0.0813912164626	0.132423634883	0.0841108215429	0.11036578637	0.0187118990729	0.129535287267	0.106920255535	0.154482529997	0.0	0.196076731252	0.173604989006	0.106267121631	0.0639622082291	0.122658089363	0.0993850095084	0.157910128242	0.122137642597	0.150623373389	0.0882262334317	0.168591369154	0.116519774112	0.159954807034	0.071606972077	0.128427867391	0.121702265204	0.0964589167006	0.0814331083003	0.139239360527	0.0978830572993	0.0894693378323	0.0863181780605	0.158713784161	0.122321161143	0.122711994354
MMRS64281211ST-27-0-0.snv.bam	0.188746652277	0.139571711946	0.129975590715	0.148026670069	0.198706440972	0.19151157199	0.172071096593	0.183248101526	0.181307292253	0.161527054747	0.177130755652	0.172109511501	0.14958944644	0.154229544791	0.120723421112	0.169866182082	0.1502673738	0.177119194886	0.175061688018	0.173127918893	0.171765145502	0.156496013821	0.156974795918	0.186169802758	0.170142189309	0.152712164242	0.209879963693	0.196076731252	0.0	0.199907692896	0.142586296953	0.152295558604	0.174198507914	0.176527407432	0.164813276532	0.152763312058	0.156865340145	0.16561523367	0.069069419912	0.142110397263	0.161747209165	0.180061779387	0.180491011859	0.137781230971	0.175140136848	0.188505162025	0.164534440046	0.170953409387	0.145741603131	0.183488352474	0.184225515741	0.165453451875	0.171654642113
MMRS65945127ST-27-0-0.snv.bam	0.198024655698	0.176620725196	0.187409142315	0.175386958404	0.199347987406	0.184703604424	0.190955923014	0.19206322323	0.217632246427	0.184983788013	0.165320974766	0.185796928887	0.173132307013	0.180528831562	0.17392005158	0.193167174113	0.161913603774	0.18529619194	0.168829256408	0.180282562197	0.166956368833	0.161878869623	0.195504499392	0.16186257905	0.190218206353	0.188659097903	0.184750259658	0.173604989006	0.199907692896	0.0	0.176145514954	0.175933756166	0.168417480509	0.186958038242	0.200396072646	0.194776963124	0.20146071381	0.186835096981	0.193279789869	0.168005165898	0.181193040173	0.168653829439	0.195600800791	0.168863767809	0.177326328834	0.178890520829	0.184325801402	0.185099998389	0.178732718144	0.18264360988	0.175926270412	0.159834794864	0.165019105411
MMRS97307143ST-27-0-0.snv.bam	0.127475419103	0.0714665541624	0.0797745539998	0.0619431432048	0.105732700377	0.119751516699	0.0895602375859	0.138300196502	0.0870986155217	0.0705678623321	0.0983345346572	0.110007539899	0.0845999253322	0.0591320980844	0.14417289373	0.109225673768	0.0827804816808	0.142383456645	0.127862014816	0.0666878958074	0.0987927442169	0.0670172740042	0.079129320245	0.096759519165	0.137710453882	0.0741264461652	0.118781727012	0.106267121631	0.142586296953	0.176145514954	0.0	0.0577018616572	0.119540594197	0.0718106231488	0.127324909986	0.0653367939782	0.105303705738	0.0635545585728	0.115133232681	0.0828829252363	0.126186468026	0.0839180485714	0.145507468805	0.0933908099245	0.0645306035504	0.0905688587519	0.140611335327	0.0676037149903	0.0595460243582	0.104864025999	0.129008532604	0.121134091497	0.119545659622
N029A.snv.bam	0.129437078048	0.0697533951795	0.0796532908873	0.0363336323076	0.0986667534431	0.116612352414	0.0962017195016	0.132435231662	0.104356743404	0.0844503987721	0.0840977472832	0.110321767816	0.10152619913	0.0655303450838	0.138787878788	0.0897836031809	0.0950820387609	0.135193183313	0.136075154229	0.0527888997257	0.121235992929	0.0536188475335	0.0907005454444	0.0623240887339	0.111624860382	0.0791784029445	0.137856793594	0.0639622082291	0.152295558604	0.175933756166	0.0577018616572	0.0	0.107789459204	0.0694451291376	0.12205929176	0.0715260057176	0.0973169791939	0.0429192150089	0.119855734031	0.0830608532206	0.123426128319	0.0284926743429	0.143332235338	0.100378987593	0.0572212915573	0.0429664755226	0.116281463116	0.0712577062164	0.050215900268	0.0927979736561	0.111167265349	0.122947653846	0.124022021478
O2.CD3-0-PT.snv.bam	0.124249622433	0.127109929818	0.136831224161	0.11725227451	0.131544498013	0.0997916382329	0.128436341937	0.138736419922	0.136360627985	0.127082354849	0.117394551785	0.126722424073	0.125679964884	0.135446272304	0.156233717502	0.142484233548	0.10994666492	0.132518236253	0.131043907054	0.142608583059	0.131724534299	0.136765639216	0.130033137449	0.119085085276	0.124418428096	0.146946731447	0.165112241855	0.122658089363	0.174198507914	0.168417480509	0.119540594197	0.107789459204	0.0	0.132587461957	0.14706866161	0.133400809071	0.132169327159	0.140634133756	0.150216176122	0.140862817299	0.135086125934	0.107571886406	0.143308393252	0.13542802555	0.130762983456	0.114851144529	0.146183958484	0.116947789011	0.123041323431	0.120135697212	0.131124759875	0.140088005464	0.13866694095
O2.UC48-0.snv.bam	0.134049803306	0.0854771387077	0.0939753350961	0.0859281002942	0.102724314408	0.125687795284	0.100827145977	0.150939015635	0.10365033731	0.0833943368258	0.0859218126735	0.115546785901	0.0919331043647	0.0766407068017	0.151380034099	0.11913652178	0.0980657808532	0.146448581806	0.132900682193	0.0848681028275	0.108284702928	0.0802807730592	0.0878823177337	0.0899683510967	0.138620880801	0.0831189364437	0.115118227198	0.0993850095084	0.176527407432	0.186958038242	0.0718106231488	0.0694451291376	0.132587461957	0.0	0.139879761745	0.08904464027	0.110948087401	0.0817232265799	0.137203597879	0.0879527248487	0.130932980355	0.0954105201713	0.154050480918	0.0992195403494	0.0816115394603	0.0944671677486	0.137844033725	0.0795363160346	0.06819851144	0.10467733559	0.121790413639	0.11400691436	0.110982402311
SZEY-39A.snv.bam	0.165417372814	0.109893631447	0.112628840042	0.112052158695	0.143387541702	0.174231585301	0.145277294159	0.172667252979	0.136915940668	0.105679411822	0.143515139985	0.153351950273	0.145777647706	0.140604355824	0.137493041029	0.139450787796	0.153933879698	0.1801633021	0.169236716472	0.117788091945	0.134271625747	0.103830183463	0.131946330475	0.144777148626	0.141674166829	0.141780994829	0.185995929278	0.157910128242	0.164813276532	0.200396072646	0.127324909986	0.12205929176	0.14706866161	0.139879761745	0.0	0.113624603976	0.125279169755	0.107732641481	0.148827128459	0.135918950235	0.0494407709841	0.140107072631	0.185584374363	0.139482422591	0.129058241247	0.123218120086	0.154186025754	0.137257101421	0.110688598144	0.158187959662	0.0780826966095	0.163296631859	0.169621789121
T2D-109A.snv.bam	0.14026671371	0.0697188874091	0.0720954552367	0.0606137498099	0.0995582048664	0.136303807974	0.0915808492182	0.149612448645	0.0972786017078	0.0847110581356	0.103152715924	0.117453263887	0.102330262555	0.0862801018217	0.131633826959	0.102329635246	0.0979889214625	0.147844467014	0.139056211253	0.0698609299662	0.106364287574	0.0785127459519	0.0970989979262	0.112913982637	0.137905584265	0.0930121984965	0.146318734434	0.122137642597	0.152763312058	0.194776963124	0.0653367939782	0.0715260057176	0.133400809071	0.08904464027	0.113624603976	0.0	0.08963283926	0.0710119409669	0.119166627911	0.0885990734065	0.122774827039	0.103892049753	0.153952987493	0.103725347611	0.0791252405737	0.110190009232	0.125181611006	0.0859982231359	0.0665548889078	0.123027874219	0.134923478496	0.131123436228	0.123015078719
T2D-19A.snv.bam	0.148350720601	0.104351093792	0.0969886446256	0.122716210333	0.109962179734	0.15302951852	0.125604699465	0.169816516703	0.116739552329	0.126705694956	0.130417638386	0.147187523094	0.119982860576	0.104955467077	0.121574697286	0.109605773077	0.13045272319	0.16262085016	0.154307437132	0.111810151439	0.121415153636	0.11962151062	0.118807768586	0.143106051598	0.137606006119	0.121801872729	0.179132077255	0.150623373389	0.156865340145	0.20146071381	0.105303705738	0.0973169791939	0.132169327159	0.110948087401	0.125279169755	0.08963283926	0.0	0.12332047822	0.100971336682	0.10623725759	0.142994836372	0.126765983031	0.16832201026	0.133160850008	0.131129994712	0.132168860451	0.1136793962	0.11931276555	0.112997500215	0.138135825939	0.137232576743	0.138409560923	0.13364920172
T2D-22A.snv.bam	0.139581482181	0.0704605344245	0.0759434469637	0.0429737936943	0.114563317693	0.131606921698	0.104891242849	0.149534652967	0.0921551031883	0.0763924919684	0.106776703308	0.117900420657	0.111774750139	0.0774770361891	0.149575700142	0.129463384265	0.106765798401	0.152715025574	0.148330787197	0.0388896990733	0.124809463397	0.0387367873245	0.0804597660085	0.0790266539275	0.141969559126	0.0800390125111	0.131693160717	0.0882262334317	0.16561523367	0.186835096981	0.0635545585728	0.0429192150089	0.140634133756	0.0817232265799	0.107732641481	0.0710119409669	0.12332047822	0.0	0.128742974535	0.0891373105715	0.109980900014	0.0656482439571	0.159108853943	0.100497337555	0.0501029666695	0.0752590390096	0.139893968461	0.0735148576373	0.0469239778644	0.120946739222	0.126250381024	0.138654335298	0.138993081029
T2D-48A.snv.bam	0.174031266771	0.117743199347	0.112910325001	0.12824154997	0.156559275933	0.174389567545	0.153046622794	0.189342661685	0.150816986957	0.138074066361	0.159880318995	0.160813681834	0.138460779003	0.12414685543	0.122892821594	0.131313932313	0.130128665448	0.172490609136	0.166451319511	0.147513787069	0.13879113373	0.124996346869	0.13734636375	0.160016277399	0.172190634179	0.123728353447	0.187990254201	0.168591369154	0.069069419912	0.193279789869	0.115133232681	0.119855734031	0.150216176122	0.137203597879	0.148827128459	0.119166627911	0.100971336682	0.128742974535	0.0	0.124272581705	0.144405052143	0.142056476673	0.178396557032	0.124219101032	0.140624002669	0.14684674982	0.135185133882	0.146337260673	0.11891819494	0.161860689648	0.156178662425	0.155490486612	0.162977828353
T2D-51A.snv.bam	0.12937354301	0.0864762444757	0.0843738793265	0.0915644208482	0.120713562149	0.126677647647	0.0969011801962	0.155546353079	0.114587838295	0.084766014131	0.0999314620945	0.121821493455	0.0672002878119	0.0897519024357	0.118680209115	0.127097764413	0.0977052929716	0.156580555752	0.142797833808	0.0843133164597	0.108396007447	0.0865416962868	0.0805845718662	0.104370305524	0.14088101917	0.0780416582749	0.136744390091	0.116519774112	0.142110397263	0.168005165898	0.0828829252363	0.0830608532206	0.140862817299	0.0879527248487	0.135918950235	0.0885990734065	0.10623725759	0.0891373105715	0.124272581705	0.0	0.128847222559	0.0949346591427	0.167225344677	0.0815674551607	0.0908829923869	0.103602924212	0.111429246944	0.0862448213173	0.0707280977292	0.116308339719	0.146367454935	0.10438204878	0.10707604212
T2D-78A.snv.bam	0.149392539411	0.119144638661	0.119268620442	0.114252050776	0.133526653455	0.160226893735	0.142411081525	0.162276937422	0.129674861782	0.0791461051025	0.131207171208	0.137169420763	0.133733736703	0.12923326075	0.142991206775	0.135416282171	0.119476538088	0.155295890975	0.145935669607	0.120240085685	0.125949406695	0.103041056482	0.13117248936	0.147560918386	0.126958318799	0.138849718267	0.178265093607	0.159954807034	0.161747209165	0.181193040173	0.126186468026	0.123426128319	0.135086125934	0.130932980355	0.0494407709841	0.122774827039	0.142994836372	0.109980900014	0.144405052143	0.128847222559	0.0	0.145731429883	0.16003406667	0.129308966231	0.124301698799	0.127017148448	0.138953389007	0.133249083033	0.103971199291	0.1494048427	0.0521823832265	0.152224012778	0.154235089772
V1.CD21-4.snv.bam	0.13663203872	0.105765846787	0.116633214663	0.0650831111436	0.126512108623	0.118181354272	0.110866323842	0.12333569257	0.131344084321	0.106339819803	0.0901185494222	0.115343807538	0.117083360509	0.102816701161	0.156914429382	0.131828572547	0.12237510407	0.14054518827	0.137530215556	0.0798537676634	0.127788669606	0.0796340432317	0.107612050587	0.0604575090854	0.132207241587	0.0981142002	0.139663589445	0.071606972077	0.180061779387	0.168653829439	0.0839180485714	0.0284926743429	0.107571886406	0.0954105201713	0.140107072631	0.103892049753	0.126765983031	0.0656482439571	0.142056476673	0.0949346591427	0.145731429883	0.0	0.146989714392	0.124444070217	0.0822799578625	0.0233941727174	0.125812330185	0.0894692633286	0.0785636306513	0.0950590556729	0.141145986312	0.135686914369	0.136753134705
V1.CD25-4.snv.bam	0.16897632335	0.158522154948	0.155509831073	0.170306639941	0.139611923363	0.0986887253482	0.158032056838	0.0683645124487	0.10179058657	0.149041870595	0.118098842618	0.0822166997578	0.145353044525	0.155532761512	0.180365201147	0.158712935752	0.141699957414	0.0277322709884	0.0426206368132	0.149868611542	0.126966547039	0.16493583001	0.143597618489	0.12291573187	0.151705205804	0.167502170378	0.203482714083	0.128427867391	0.180491011859	0.195600800791	0.145507468805	0.143332235338	0.143308393252	0.154050480918	0.185584374363	0.153952987493	0.16832201026	0.159108853943	0.178396557032	0.167225344677	0.16003406667	0.146989714392	0.0	0.153391367273	0.157321681253	0.151586152058	0.139701085702	0.154831032789	0.153196321826	0.0773505449184	0.149272414712	0.122021422388	0.124571186892
V1.FI02.snv.bam	0.145892444863	0.0898582401177	0.0897324522115	0.100481462991	0.129906094075	0.138245655116	0.113464073923	0.17020906705	0.117121499648	0.0991901375575	0.107649925541	0.126178117885	0.104908202026	0.107111201964	0.124206946873	0.147253634599	0.0985966149334	0.152753055095	0.139830163395	0.114896091507	0.118958892536	0.0987154407668	0.0929097156337	0.111073432297	0.132434267059	0.0931913033925	0.134597305246	0.121702265204	0.137781230971	0.168863767809	0.0933908099245	0.100378987593	0.13542802555	0.0992195403494	0.139482422591	0.103725347611	0.133160850008	0.100497337555	0.124219101032	0.0815674551607	0.129308966231	0.124444070217	0.153391367273	0.0	0.0782397313492	0.131955843529	0.128611355715	0.0988398544004	0.0721955883766	0.130258722618	0.149005287329	0.116991937492	0.122132824709
V1.FI05.snv.bam	0.138002658045	0.0860280863476	0.100425843427	0.0507576625628	0.110915188372	0.126849475219	0.0974444281701	0.154927065091	0.0974910485254	0.0868596771997	0.103510051156	0.127929195581	0.10332157863	0.0818703176215	0.143491917535	0.133531506963	0.0936274948076	0.157014525501	0.146823090523	0.0618254363049	0.126823777286	0.0534009413806	0.0857474546268	0.0859428010546	0.13714689249	0.0902791267483	0.107727256938	0.0964589167006	0.175140136848	0.177326328834	0.0645306035504	0.0572212915573	0.130762983456	0.0816115394603	0.129058241247	0.0791252405737	0.131129994712	0.0501029666695	0.140624002669	0.0908829923869	0.124301698799	0.0822799578625	0.157321681253	0.0782397313492	0.0	0.0918399700282	0.154317647367	0.0804182446049	0.0588432382682	0.119192474707	0.13312250152	0.133748552972	0.131636826796
V1.FI10.snv.bam	0.14054011027	0.113190391792	0.124182529186	0.0759591329977	0.126393273178	0.125683972898	0.115672192252	0.132552458879	0.136877161735	0.102222848477	0.0954307654167	0.121172602823	0.121173703542	0.109684506615	0.159970163822	0.134028077149	0.128342453604	0.145544797651	0.142069593648	0.0902631556588	0.129386424321	0.0883665722898	0.109465730736	0.0709262807344	0.139966220824	0.106728032831	0.14741507757	0.0814331083003	0.188505162025	0.178890520829	0.0905688587519	0.0429664755226	0.114851144529	0.0944671677486	0.123218120086	0.110190009232	0.132168860451	0.0752590390096	0.14684674982	0.103602924212	0.127017148448	0.0233941727174	0.151586152058	0.131955843529	0.0918399700282	0.0	0.137263189693	0.0962572042097	0.0863352575208	0.0991875026231	0.124019098683	0.141759106971	0.143064784738
V1.FI13.snv.bam	0.147220799522	0.120948319577	0.11553843255	0.141522097001	0.14473869767	0.145573940137	0.154660939615	0.150428951761	0.143214327229	0.125423620098	0.127041438922	0.125595664257	0.129765663787	0.13597663879	0.174837223486	0.148084975421	0.124578035666	0.127034199508	0.118988753275	0.135576362951	0.126528536617	0.132476680362	0.149436760833	0.13025982381	0.151386030944	0.131533659953	0.190437632211	0.139239360527	0.164534440046	0.184325801402	0.140611335327	0.116281463116	0.146183958484	0.137844033725	0.154186025754	0.125181611006	0.1136793962	0.139893968461	0.135185133882	0.111429246944	0.138953389007	0.125812330185	0.139701085702	0.128611355715	0.154317647367	0.137263189693	0.0	0.14095638709	0.127406506824	0.123656013354	0.156084716388	0.128970660052	0.122089704596
