	159166850-stool1.snv.bam	159166850-stool2.snv.bam	368533040-stool1.snv.bam	BGI089A.snv.bam	CCIS74726977ST-3-0.snv.bam	CCIS98482370ST-3-0.snv.bam	DOM016.snv.bam	DOM022.snv.bam	M4.6-V2.metaG.snv.bam	M4.6-V2.metaT.snv.bam	M4.6-V3.metaG.snv.bam	MH0330.snv.bam	MH0385.snv.bam	MH0404.snv.bam	MMRS51737257ST-27-0-0.snv.bam	MMRS93508324ST-27-0-0.snv.bam	N044A.snv.bam	N052A.snv.bam	N062A.snv.bam	NLM002.snv.bam	NLM029.snv.bam	O2.UC18-1.snv.bam	SZEY-07A.snv.bam	SZEY-106A.snv.bam	SZEY-20A.snv.bam	SZEY-38A.snv.bam	SZEY-63A.snv.bam	SZEY-74A.snv.bam	SZEY-75A.snv.bam	SZEY-90A.snv.bam	SZEY-97A.snv.bam	SZEY-99A.snv.bam	T2D-49A.snv.bam	T2D-83A.snv.bam	V1.CD32-4.snv.bam	V1.FI06.snv.bam	V1.FI32.snv.bam
159166850-stool1.snv.bam	0.0	0.0	0.178294573643	0.17519379845	0.13023255814	0.113178294574	0.156589147287	0.190697674419	0.139534883721	0.148837209302	0.117829457364	0.144186046512	0.153488372093	0.173643410853	0.159689922481	0.153488372093	0.17984496124	0.182945736434	0.17519379845	0.193798449612	0.196899224806	0.165891472868	0.182945736434	0.178294573643	0.17519379845	0.178294573643	0.159689922481	0.195348837209	0.168992248062	0.190697674419	0.161240310078	0.173643410853	0.184496124031	0.173643410853	0.168992248062	0.151937984496	0.139534883721
159166850-stool2.snv.bam	0.0	0.0	0.178294573643	0.17519379845	0.13023255814	0.113178294574	0.156589147287	0.190697674419	0.139534883721	0.148837209302	0.117829457364	0.144186046512	0.153488372093	0.173643410853	0.161240310078	0.153488372093	0.17984496124	0.182945736434	0.17519379845	0.193798449612	0.196899224806	0.165891472868	0.182945736434	0.178294573643	0.17519379845	0.178294573643	0.159689922481	0.195348837209	0.168992248062	0.190697674419	0.161240310078	0.173643410853	0.184496124031	0.173643410853	0.168992248062	0.151937984496	0.139534883721
368533040-stool1.snv.bam	0.178294573643	0.178294573643	0.0	0.181395348837	0.162790697674	0.136434108527	0.167441860465	0.201550387597	0.17984496124	0.193798449612	0.153488372093	0.170542635659	0.170542635659	0.186046511628	0.17984496124	0.168992248062	0.193798449612	0.196899224806	0.195348837209	0.190697674419	0.178294573643	0.172093023256	0.193798449612	0.196899224806	0.181395348837	0.198449612403	0.158139534884	0.204651162791	0.184496124031	0.173643410853	0.184496124031	0.17519379845	0.189147286822	0.192248062016	0.17984496124	0.176744186047	0.145736434109
BGI089A.snv.bam	0.17519379845	0.17519379845	0.181395348837	0.0	0.13488372093	0.127131782946	0.136434108527	0.165891472868	0.172093023256	0.189147286822	0.145736434109	0.173643410853	0.167441860465	0.144186046512	0.161240310078	0.142635658915	0.141085271318	0.142635658915	0.156589147287	0.153488372093	0.151937984496	0.162790697674	0.120930232558	0.153488372093	0.139534883721	0.150387596899	0.13488372093	0.165891472868	0.148837209302	0.147286821705	0.142635658915	0.137984496124	0.125581395349	0.142635658915	0.17519379845	0.161240310078	0.145736434109
CCIS74726977ST-3-0.snv.bam	0.13023255814	0.13023255814	0.162790697674	0.13488372093	0.0	0.0883720930233	0.119379844961	0.161240310078	0.131782945736	0.148837209302	0.111627906977	0.13488372093	0.113178294574	0.136434108527	0.117829457364	0.105426356589	0.133333333333	0.13488372093	0.131782945736	0.139534883721	0.145736434109	0.114728682171	0.148837209302	0.116279069767	0.131782945736	0.151937984496	0.0976744186047	0.150387596899	0.131782945736	0.144186046512	0.120930232558	0.122480620155	0.128682170543	0.142635658915	0.148837209302	0.125581395349	0.0883720930233
CCIS98482370ST-3-0.snv.bam	0.113178294574	0.113178294574	0.136434108527	0.127131782946	0.0883720930233	0.0	0.114728682171	0.13488372093	0.117829457364	0.131782945736	0.102325581395	0.111627906977	0.114728682171	0.117829457364	0.0883720930233	0.0728682170543	0.125581395349	0.127131782946	0.128682170543	0.127131782946	0.124031007752	0.0976744186047	0.13023255814	0.124031007752	0.103875968992	0.125581395349	0.093023255814	0.145736434109	0.119379844961	0.125581395349	0.113178294574	0.120930232558	0.124031007752	0.13023255814	0.124031007752	0.105426356589	0.0821705426357
DOM016.snv.bam	0.156589147287	0.156589147287	0.167441860465	0.136434108527	0.119379844961	0.114728682171	0.0	0.137984496124	0.148837209302	0.164341085271	0.125581395349	0.128682170543	0.158139534884	0.148837209302	0.145736434109	0.119379844961	0.122480620155	0.122480620155	0.127131782946	0.0961240310078	0.136434108527	0.13023255814	0.136434108527	0.145736434109	0.117829457364	0.128682170543	0.0899224806202	0.119379844961	0.113178294574	0.133333333333	0.0961240310078	0.124031007752	0.13488372093	0.124031007752	0.182945736434	0.136434108527	0.131782945736
DOM022.snv.bam	0.190697674419	0.190697674419	0.201550387597	0.165891472868	0.161240310078	0.13488372093	0.137984496124	0.0	0.176744186047	0.193798449612	0.145736434109	0.150387596899	0.192248062016	0.159689922481	0.181395348837	0.145736434109	0.164341085271	0.165891472868	0.165891472868	0.144186046512	0.124031007752	0.172093023256	0.156589147287	0.176744186047	0.144186046512	0.131782945736	0.145736434109	0.17984496124	0.151937984496	0.148837209302	0.151937984496	0.153488372093	0.165891472868	0.162790697674	0.204651162791	0.184496124031	0.156589147287
M4.6-V2.metaG.snv.bam	0.139534883721	0.139534883721	0.17984496124	0.172093023256	0.131782945736	0.117829457364	0.148837209302	0.176744186047	0.0	0.0	0.0	0.125581395349	0.151937984496	0.145736434109	0.151937984496	0.139534883721	0.15503875969	0.156589147287	0.162790697674	0.164341085271	0.167441860465	0.133333333333	0.165891472868	0.165891472868	0.150387596899	0.162790697674	0.148837209302	0.173643410853	0.144186046512	0.165891472868	0.159689922481	0.151937984496	0.164341085271	0.162790697674	0.184496124031	0.141085271318	0.127131782946
M4.6-V2.metaT.snv.bam	0.148837209302	0.148837209302	0.193798449612	0.189147286822	0.148837209302	0.131782945736	0.164341085271	0.193798449612	0.0	0.0	0.0	0.136434108527	0.168992248062	0.159689922481	0.164341085271	0.15503875969	0.172093023256	0.173643410853	0.178294573643	0.17984496124	0.182945736434	0.145736434109	0.182945736434	0.181395348837	0.167441860465	0.17519379845	0.161240310078	0.187596899225	0.162790697674	0.182945736434	0.176744186047	0.164341085271	0.182945736434	0.178294573643	0.201550387597	0.15503875969	0.142635658915
M4.6-V3.metaG.snv.bam	0.117829457364	0.117829457364	0.153488372093	0.145736434109	0.111627906977	0.102325581395	0.125581395349	0.145736434109	0.0	0.0	0.0	0.103875968992	0.131782945736	0.127131782946	0.125581395349	0.116279069767	0.131782945736	0.133333333333	0.136434108527	0.131782945736	0.13488372093	0.11007751938	0.137984496124	0.144186046512	0.116279069767	0.141085271318	0.120930232558	0.141085271318	0.116279069767	0.137984496124	0.136434108527	0.122480620155	0.137984496124	0.131782945736	0.156589147287	0.122480620155	0.108527131783
MH0330.snv.bam	0.144186046512	0.144186046512	0.170542635659	0.173643410853	0.13488372093	0.111627906977	0.128682170543	0.150387596899	0.125581395349	0.136434108527	0.103875968992	0.0	0.165891472868	0.165891472868	0.15503875969	0.136434108527	0.150387596899	0.153488372093	0.144186046512	0.15503875969	0.151937984496	0.133333333333	0.158139534884	0.161240310078	0.13488372093	0.141085271318	0.133333333333	0.168992248062	0.142635658915	0.159689922481	0.141085271318	0.137984496124	0.156589147287	0.158139534884	0.184496124031	0.144186046512	0.122480620155
MH0385.snv.bam	0.153488372093	0.153488372093	0.170542635659	0.167441860465	0.113178294574	0.114728682171	0.158139534884	0.192248062016	0.151937984496	0.168992248062	0.131782945736	0.165891472868	0.0	0.168992248062	0.15503875969	0.137984496124	0.17519379845	0.178294573643	0.184496124031	0.172093023256	0.176744186047	0.145736434109	0.187596899225	0.164341085271	0.165891472868	0.176744186047	0.148837209302	0.189147286822	0.167441860465	0.184496124031	0.161240310078	0.162790697674	0.164341085271	0.165891472868	0.164341085271	0.13488372093	0.114728682171
MH0404.snv.bam	0.173643410853	0.173643410853	0.186046511628	0.144186046512	0.136434108527	0.117829457364	0.148837209302	0.159689922481	0.145736434109	0.159689922481	0.127131782946	0.165891472868	0.168992248062	0.0	0.161240310078	0.145736434109	0.17984496124	0.181395348837	0.137984496124	0.156589147287	0.148837209302	0.159689922481	0.148837209302	0.156589147287	0.159689922481	0.142635658915	0.139534883721	0.193798449612	0.150387596899	0.141085271318	0.156589147287	0.161240310078	0.148837209302	0.164341085271	0.184496124031	0.170542635659	0.147286821705
MMRS51737257ST-27-0-0.snv.bam	0.159689922481	0.161240310078	0.17984496124	0.161240310078	0.117829457364	0.0883720930233	0.145736434109	0.181395348837	0.151937984496	0.164341085271	0.125581395349	0.15503875969	0.15503875969	0.161240310078	0.0	0.125581395349	0.162790697674	0.164341085271	0.162790697674	0.167441860465	0.176744186047	0.139534883721	0.158139534884	0.168992248062	0.139534883721	0.176744186047	0.124031007752	0.170542635659	0.139534883721	0.165891472868	0.144186046512	0.151937984496	0.147286821705	0.161240310078	0.176744186047	0.117829457364	0.0883720930233
MMRS93508324ST-27-0-0.snv.bam	0.153488372093	0.153488372093	0.168992248062	0.142635658915	0.105426356589	0.0728682170543	0.119379844961	0.145736434109	0.139534883721	0.15503875969	0.116279069767	0.136434108527	0.137984496124	0.145736434109	0.125581395349	0.0	0.139534883721	0.139534883721	0.141085271318	0.141085271318	0.139534883721	0.116279069767	0.150387596899	0.131782945736	0.128682170543	0.148837209302	0.119379844961	0.165891472868	0.133333333333	0.153488372093	0.131782945736	0.128682170543	0.13023255814	0.141085271318	0.141085271318	0.13023255814	0.108527131783
N044A.snv.bam	0.17984496124	0.17984496124	0.193798449612	0.141085271318	0.133333333333	0.125581395349	0.122480620155	0.164341085271	0.15503875969	0.172093023256	0.131782945736	0.150387596899	0.17519379845	0.17984496124	0.162790697674	0.139534883721	0.0	0.0	0.15503875969	0.142635658915	0.153488372093	0.150387596899	0.144186046512	0.144186046512	0.131782945736	0.147286821705	0.139534883721	0.151937984496	0.120930232558	0.145736434109	0.137984496124	0.122480620155	0.13488372093	0.145736434109	0.186046511628	0.158139534884	0.137984496124
N052A.snv.bam	0.182945736434	0.182945736434	0.196899224806	0.142635658915	0.13488372093	0.127131782946	0.122480620155	0.165891472868	0.156589147287	0.173643410853	0.133333333333	0.153488372093	0.178294573643	0.181395348837	0.164341085271	0.139534883721	0.0	0.0	0.15503875969	0.141085271318	0.15503875969	0.151937984496	0.145736434109	0.147286821705	0.133333333333	0.148837209302	0.141085271318	0.153488372093	0.122480620155	0.147286821705	0.141085271318	0.124031007752	0.13488372093	0.147286821705	0.189147286822	0.159689922481	0.139534883721
N062A.snv.bam	0.17519379845	0.17519379845	0.195348837209	0.156589147287	0.131782945736	0.128682170543	0.127131782946	0.165891472868	0.162790697674	0.178294573643	0.136434108527	0.144186046512	0.184496124031	0.137984496124	0.162790697674	0.141085271318	0.15503875969	0.15503875969	0.0	0.145736434109	0.145736434109	0.139534883721	0.128682170543	0.150387596899	0.145736434109	0.127131782946	0.131782945736	0.168992248062	0.144186046512	0.139534883721	0.133333333333	0.141085271318	0.111627906977	0.128682170543	0.182945736434	0.153488372093	0.145736434109
NLM002.snv.bam	0.193798449612	0.193798449612	0.190697674419	0.153488372093	0.139534883721	0.127131782946	0.0961240310078	0.144186046512	0.164341085271	0.17984496124	0.131782945736	0.15503875969	0.172093023256	0.156589147287	0.167441860465	0.141085271318	0.142635658915	0.141085271318	0.145736434109	0.0	0.125581395349	0.15503875969	0.147286821705	0.142635658915	0.13023255814	0.142635658915	0.113178294574	0.17984496124	0.144186046512	0.145736434109	0.119379844961	0.117829457364	0.153488372093	0.151937984496	0.203100775194	0.167441860465	0.142635658915
NLM029.snv.bam	0.196899224806	0.196899224806	0.178294573643	0.151937984496	0.145736434109	0.124031007752	0.136434108527	0.124031007752	0.167441860465	0.182945736434	0.13488372093	0.151937984496	0.176744186047	0.148837209302	0.176744186047	0.139534883721	0.153488372093	0.15503875969	0.145736434109	0.125581395349	0.0	0.164341085271	0.147286821705	0.15503875969	0.133333333333	0.111627906977	0.127131782946	0.153488372093	0.150387596899	0.13023255814	0.162790697674	0.133333333333	0.139534883721	0.15503875969	0.181395348837	0.172093023256	0.153488372093
O2.UC18-1.snv.bam	0.165891472868	0.165891472868	0.172093023256	0.162790697674	0.114728682171	0.0976744186047	0.13023255814	0.172093023256	0.133333333333	0.145736434109	0.11007751938	0.133333333333	0.145736434109	0.159689922481	0.139534883721	0.116279069767	0.150387596899	0.151937984496	0.139534883721	0.15503875969	0.164341085271	0.0	0.162790697674	0.147286821705	0.137984496124	0.164341085271	0.137984496124	0.186046511628	0.133333333333	0.164341085271	0.145736434109	0.133333333333	0.158139534884	0.15503875969	0.165891472868	0.125581395349	0.103875968992
SZEY-07A.snv.bam	0.182945736434	0.182945736434	0.193798449612	0.120930232558	0.148837209302	0.13023255814	0.136434108527	0.156589147287	0.165891472868	0.182945736434	0.137984496124	0.158139534884	0.187596899225	0.148837209302	0.158139534884	0.150387596899	0.144186046512	0.145736434109	0.128682170543	0.147286821705	0.147286821705	0.162790697674	0.0	0.159689922481	0.145736434109	0.125581395349	0.131782945736	0.161240310078	0.122480620155	0.144186046512	0.136434108527	0.158139534884	0.127131782946	0.15503875969	0.190697674419	0.161240310078	0.147286821705
SZEY-106A.snv.bam	0.178294573643	0.178294573643	0.196899224806	0.153488372093	0.116279069767	0.124031007752	0.145736434109	0.176744186047	0.165891472868	0.181395348837	0.144186046512	0.161240310078	0.164341085271	0.156589147287	0.168992248062	0.131782945736	0.144186046512	0.147286821705	0.150387596899	0.142635658915	0.15503875969	0.147286821705	0.159689922481	0.0	0.153488372093	0.145736434109	0.103875968992	0.193798449612	0.144186046512	0.15503875969	0.142635658915	0.137984496124	0.156589147287	0.161240310078	0.190697674419	0.161240310078	0.133333333333
SZEY-20A.snv.bam	0.17519379845	0.17519379845	0.181395348837	0.139534883721	0.131782945736	0.103875968992	0.117829457364	0.144186046512	0.150387596899	0.167441860465	0.116279069767	0.13488372093	0.165891472868	0.159689922481	0.139534883721	0.128682170543	0.131782945736	0.133333333333	0.145736434109	0.13023255814	0.133333333333	0.137984496124	0.145736434109	0.153488372093	0.0	0.136434108527	0.124031007752	0.170542635659	0.137984496124	0.145736434109	0.142635658915	0.11007751938	0.133333333333	0.144186046512	0.167441860465	0.153488372093	0.117829457364
SZEY-38A.snv.bam	0.178294573643	0.178294573643	0.198449612403	0.150387596899	0.151937984496	0.125581395349	0.128682170543	0.131782945736	0.162790697674	0.17519379845	0.141085271318	0.141085271318	0.176744186047	0.142635658915	0.176744186047	0.148837209302	0.147286821705	0.148837209302	0.127131782946	0.142635658915	0.111627906977	0.164341085271	0.125581395349	0.145736434109	0.136434108527	0.0	0.13488372093	0.168992248062	0.128682170543	0.131782945736	0.13488372093	0.13488372093	0.125581395349	0.144186046512	0.193798449612	0.176744186047	0.141085271318
SZEY-63A.snv.bam	0.159689922481	0.159689922481	0.158139534884	0.13488372093	0.0976744186047	0.093023255814	0.0899224806202	0.145736434109	0.148837209302	0.161240310078	0.120930232558	0.133333333333	0.148837209302	0.139534883721	0.124031007752	0.119379844961	0.139534883721	0.141085271318	0.131782945736	0.113178294574	0.127131782946	0.137984496124	0.131782945736	0.103875968992	0.124031007752	0.13488372093	0.0	0.139534883721	0.124031007752	0.128682170543	0.100775193798	0.122480620155	0.13023255814	0.124031007752	0.172093023256	0.133333333333	0.114728682171
SZEY-74A.snv.bam	0.195348837209	0.195348837209	0.204651162791	0.165891472868	0.150387596899	0.145736434109	0.119379844961	0.17984496124	0.173643410853	0.187596899225	0.141085271318	0.168992248062	0.189147286822	0.193798449612	0.170542635659	0.165891472868	0.151937984496	0.153488372093	0.168992248062	0.17984496124	0.153488372093	0.186046511628	0.161240310078	0.193798449612	0.170542635659	0.168992248062	0.139534883721	0.0	0.137984496124	0.168992248062	0.159689922481	0.176744186047	0.172093023256	0.164341085271	0.210852713178	0.173643410853	0.156589147287
SZEY-75A.snv.bam	0.168992248062	0.168992248062	0.184496124031	0.148837209302	0.131782945736	0.119379844961	0.113178294574	0.151937984496	0.144186046512	0.162790697674	0.116279069767	0.142635658915	0.167441860465	0.150387596899	0.139534883721	0.133333333333	0.120930232558	0.122480620155	0.144186046512	0.144186046512	0.150387596899	0.133333333333	0.122480620155	0.144186046512	0.137984496124	0.128682170543	0.124031007752	0.137984496124	0.0	0.136434108527	0.122480620155	0.13023255814	0.141085271318	0.145736434109	0.17519379845	0.147286821705	0.120930232558
SZEY-90A.snv.bam	0.190697674419	0.190697674419	0.173643410853	0.147286821705	0.144186046512	0.125581395349	0.133333333333	0.148837209302	0.165891472868	0.182945736434	0.137984496124	0.159689922481	0.184496124031	0.141085271318	0.165891472868	0.153488372093	0.145736434109	0.147286821705	0.139534883721	0.145736434109	0.13023255814	0.164341085271	0.144186046512	0.15503875969	0.145736434109	0.131782945736	0.128682170543	0.168992248062	0.136434108527	0.0	0.145736434109	0.136434108527	0.128682170543	0.136434108527	0.184496124031	0.167441860465	0.150387596899
SZEY-97A.snv.bam	0.161240310078	0.161240310078	0.184496124031	0.142635658915	0.120930232558	0.113178294574	0.0961240310078	0.151937984496	0.159689922481	0.176744186047	0.136434108527	0.141085271318	0.161240310078	0.156589147287	0.144186046512	0.131782945736	0.137984496124	0.141085271318	0.133333333333	0.119379844961	0.162790697674	0.145736434109	0.136434108527	0.142635658915	0.142635658915	0.13488372093	0.100775193798	0.159689922481	0.122480620155	0.145736434109	0.0	0.141085271318	0.120930232558	0.114728682171	0.176744186047	0.144186046512	0.119379844961
SZEY-99A.snv.bam	0.173643410853	0.173643410853	0.17519379845	0.137984496124	0.122480620155	0.120930232558	0.124031007752	0.153488372093	0.151937984496	0.164341085271	0.122480620155	0.137984496124	0.162790697674	0.161240310078	0.151937984496	0.128682170543	0.122480620155	0.124031007752	0.141085271318	0.117829457364	0.133333333333	0.133333333333	0.158139534884	0.137984496124	0.11007751938	0.13488372093	0.122480620155	0.176744186047	0.13023255814	0.136434108527	0.141085271318	0.0	0.137984496124	0.147286821705	0.17984496124	0.153488372093	0.127131782946
T2D-49A.snv.bam	0.184496124031	0.184496124031	0.189147286822	0.125581395349	0.128682170543	0.124031007752	0.13488372093	0.165891472868	0.164341085271	0.182945736434	0.137984496124	0.156589147287	0.164341085271	0.148837209302	0.147286821705	0.13023255814	0.13488372093	0.13488372093	0.111627906977	0.153488372093	0.139534883721	0.158139534884	0.127131782946	0.156589147287	0.133333333333	0.125581395349	0.13023255814	0.172093023256	0.141085271318	0.128682170543	0.120930232558	0.137984496124	0.0	0.102325581395	0.173643410853	0.164341085271	0.131782945736
T2D-83A.snv.bam	0.173643410853	0.173643410853	0.192248062016	0.142635658915	0.142635658915	0.13023255814	0.124031007752	0.162790697674	0.162790697674	0.178294573643	0.131782945736	0.158139534884	0.165891472868	0.164341085271	0.161240310078	0.141085271318	0.145736434109	0.147286821705	0.128682170543	0.151937984496	0.15503875969	0.15503875969	0.15503875969	0.161240310078	0.144186046512	0.144186046512	0.124031007752	0.164341085271	0.145736434109	0.136434108527	0.114728682171	0.147286821705	0.102325581395	0.0	0.192248062016	0.167441860465	0.147286821705
V1.CD32-4.snv.bam	0.168992248062	0.168992248062	0.17984496124	0.17519379845	0.148837209302	0.124031007752	0.182945736434	0.204651162791	0.184496124031	0.201550387597	0.156589147287	0.184496124031	0.164341085271	0.184496124031	0.176744186047	0.141085271318	0.186046511628	0.189147286822	0.182945736434	0.203100775194	0.181395348837	0.165891472868	0.190697674419	0.190697674419	0.167441860465	0.193798449612	0.172093023256	0.210852713178	0.17519379845	0.184496124031	0.176744186047	0.17984496124	0.173643410853	0.192248062016	0.0	0.182945736434	0.137984496124
V1.FI06.snv.bam	0.151937984496	0.151937984496	0.176744186047	0.161240310078	0.125581395349	0.105426356589	0.136434108527	0.184496124031	0.141085271318	0.15503875969	0.122480620155	0.144186046512	0.13488372093	0.170542635659	0.117829457364	0.13023255814	0.158139534884	0.159689922481	0.153488372093	0.167441860465	0.172093023256	0.125581395349	0.161240310078	0.161240310078	0.153488372093	0.176744186047	0.133333333333	0.173643410853	0.147286821705	0.167441860465	0.144186046512	0.153488372093	0.164341085271	0.167441860465	0.182945736434	0.0	0.122480620155
V1.FI32.snv.bam	0.139534883721	0.139534883721	0.145736434109	0.145736434109	0.0883720930233	0.0821705426357	0.131782945736	0.156589147287	0.127131782946	0.142635658915	0.108527131783	0.122480620155	0.114728682171	0.147286821705	0.0883720930233	0.108527131783	0.137984496124	0.139534883721	0.145736434109	0.142635658915	0.153488372093	0.103875968992	0.147286821705	0.133333333333	0.117829457364	0.141085271318	0.114728682171	0.156589147287	0.120930232558	0.150387596899	0.119379844961	0.127131782946	0.131782945736	0.147286821705	0.137984496124	0.122480620155	0.0
