	737052003-stool1.snv.bam	737052003-stool2.snv.bam	BGI-33A.snv.bam	BYQ_AAAS.snv.bam	CCIS83445808ST-4-0.snv.bam	CCMD64776337ST-21-0.snv.bam	HT25A.snv.bam	M1.4-V2.metaG.snv.bam	M1.4-V3.metaG.snv.bam	MH0238.snv.bam	MH0245.snv.bam	MH0332.snv.bam	MH0334.snv.bam	MH0338.snv.bam	MH0383.snv.bam	MH0405.snv.bam	N037A.snv.bam	NG-5636_457.snv.bam	O2.UC13-1.snv.bam	O2.UC15-1.snv.bam	O2.UC15-2.snv.bam	O2.UC24-1.snv.bam	O2.UC8-1.snv.bam	SAMEA3136704.snv.bam	SZEY-93A.snv.bam	V1.UC63-0.snv.bam	peacemaker-11-773-0.snv.bam
737052003-stool1.snv.bam	0.0	0.0	0.149819494585	0.167870036101	0.157039711191	0.151624548736	0.176895306859	0.15523465704	0.158844765343	0.12274368231	0.175090252708	0.140794223827	0.148014440433	0.178700361011	0.151624548736	0.151624548736	0.164259927798	0.14440433213	0.138989169675	0.157039711191	0.15523465704	0.164259927798	0.117328519856	0.142599277978	0.180505415162	0.146209386282	0.164259927798
737052003-stool2.snv.bam	0.0	0.0	0.149819494585	0.167870036101	0.157039711191	0.151624548736	0.176895306859	0.15523465704	0.158844765343	0.120938628159	0.175090252708	0.140794223827	0.148014440433	0.178700361011	0.151624548736	0.151624548736	0.162454873646	0.14440433213	0.138989169675	0.15523465704	0.153429602888	0.164259927798	0.117328519856	0.142599277978	0.180505415162	0.146209386282	0.164259927798
BGI-33A.snv.bam	0.149819494585	0.149819494585	0.0	0.176895306859	0.194945848375	0.162454873646	0.184115523466	0.173285198556	0.176895306859	0.185920577617	0.173285198556	0.173285198556	0.166064981949	0.194945848375	0.158844765343	0.148014440433	0.178700361011	0.166064981949	0.157039711191	0.194945848375	0.187725631769	0.166064981949	0.171480144404	0.15523465704	0.182310469314	0.173285198556	0.175090252708
BYQ_AAAS.snv.bam	0.167870036101	0.167870036101	0.176895306859	0.0	0.185920577617	0.175090252708	0.196750902527	0.167870036101	0.171480144404	0.176895306859	0.180505415162	0.164259927798	0.160649819495	0.187725631769	0.162454873646	0.178700361011	0.193140794224	0.164259927798	0.169675090253	0.185920577617	0.180505415162	0.171480144404	0.180505415162	0.153429602888	0.176895306859	0.173285198556	0.0
CCIS83445808ST-4-0.snv.bam	0.157039711191	0.157039711191	0.194945848375	0.185920577617	0.0	0.180505415162	0.203971119134	0.175090252708	0.176895306859	0.169675090253	0.184115523466	0.169675090253	0.184115523466	0.184115523466	0.176895306859	0.196750902527	0.20036101083	0.151624548736	0.178700361011	0.196750902527	0.194945848375	0.175090252708	0.176895306859	0.166064981949	0.169675090253	0.173285198556	0.184115523466
CCMD64776337ST-21-0.snv.bam	0.151624548736	0.151624548736	0.162454873646	0.175090252708	0.180505415162	0.0	0.184115523466	0.142599277978	0.148014440433	0.164259927798	0.182310469314	0.164259927798	0.171480144404	0.175090252708	0.140794223827	0.15523465704	0.167870036101	0.149819494585	0.153429602888	0.189530685921	0.185920577617	0.180505415162	0.178700361011	0.137184115523	0.178700361011	0.164259927798	0.171480144404
HT25A.snv.bam	0.176895306859	0.176895306859	0.184115523466	0.196750902527	0.203971119134	0.184115523466	0.0	0.202166064982	0.205776173285	0.178700361011	0.203971119134	0.193140794224	0.202166064982	0.21119133574	0.176895306859	0.173285198556	0.198555956679	0.193140794224	0.189530685921	0.22202166065	0.216606498195	0.191335740072	0.194945848375	0.169675090253	0.22202166065	0.191335740072	0.193140794224
M1.4-V2.metaG.snv.bam	0.15523465704	0.15523465704	0.173285198556	0.167870036101	0.175090252708	0.142599277978	0.202166064982	0.0	0.0	0.158844765343	0.148014440433	0.164259927798	0.146209386282	0.162454873646	0.160649819495	0.169675090253	0.175090252708	0.142599277978	0.146209386282	0.191335740072	0.184115523466	0.191335740072	0.167870036101	0.151624548736	0.166064981949	0.169675090253	0.164259927798
M1.4-V3.metaG.snv.bam	0.158844765343	0.158844765343	0.176895306859	0.171480144404	0.176895306859	0.148014440433	0.205776173285	0.0	0.0	0.162454873646	0.149819494585	0.167870036101	0.148014440433	0.164259927798	0.164259927798	0.175090252708	0.176895306859	0.146209386282	0.146209386282	0.193140794224	0.185920577617	0.194945848375	0.171480144404	0.151624548736	0.169675090253	0.173285198556	0.167870036101
MH0238.snv.bam	0.12274368231	0.120938628159	0.185920577617	0.176895306859	0.169675090253	0.164259927798	0.178700361011	0.158844765343	0.162454873646	0.0	0.175090252708	0.151624548736	0.171480144404	0.182310469314	0.146209386282	0.173285198556	0.162454873646	0.151624548736	0.160649819495	0.185920577617	0.182310469314	0.151624548736	0.13357400722	0.148014440433	0.180505415162	0.151624548736	0.173285198556
MH0245.snv.bam	0.175090252708	0.175090252708	0.173285198556	0.180505415162	0.184115523466	0.182310469314	0.203971119134	0.148014440433	0.149819494585	0.175090252708	0.0	0.176895306859	0.157039711191	0.157039711191	0.153429602888	0.176895306859	0.178700361011	0.135379061372	0.175090252708	0.198555956679	0.189530685921	0.157039711191	0.15523465704	0.176895306859	0.167870036101	0.169675090253	0.176895306859
MH0332.snv.bam	0.140794223827	0.140794223827	0.173285198556	0.164259927798	0.169675090253	0.164259927798	0.193140794224	0.164259927798	0.167870036101	0.151624548736	0.176895306859	0.0	0.15523465704	0.158844765343	0.158844765343	0.185920577617	0.178700361011	0.151624548736	0.148014440433	0.171480144404	0.169675090253	0.157039711191	0.164259927798	0.153429602888	0.180505415162	0.173285198556	0.160649819495
MH0334.snv.bam	0.148014440433	0.148014440433	0.166064981949	0.160649819495	0.184115523466	0.171480144404	0.202166064982	0.146209386282	0.148014440433	0.171480144404	0.157039711191	0.15523465704	0.0	0.173285198556	0.148014440433	0.173285198556	0.178700361011	0.153429602888	0.167870036101	0.178700361011	0.175090252708	0.169675090253	0.15523465704	0.171480144404	0.166064981949	0.176895306859	0.157039711191
MH0338.snv.bam	0.178700361011	0.178700361011	0.194945848375	0.187725631769	0.184115523466	0.175090252708	0.21119133574	0.162454873646	0.164259927798	0.182310469314	0.157039711191	0.158844765343	0.173285198556	0.0	0.160649819495	0.178700361011	0.173285198556	0.162454873646	0.157039711191	0.194945848375	0.191335740072	0.182310469314	0.185920577617	0.158844765343	0.171480144404	0.185920577617	0.184115523466
MH0383.snv.bam	0.151624548736	0.151624548736	0.158844765343	0.162454873646	0.176895306859	0.140794223827	0.176895306859	0.160649819495	0.164259927798	0.146209386282	0.153429602888	0.158844765343	0.148014440433	0.160649819495	0.0	0.162454873646	0.158844765343	0.13357400722	0.162454873646	0.173285198556	0.169675090253	0.140794223827	0.142599277978	0.151624548736	0.158844765343	0.162454873646	0.158844765343
MH0405.snv.bam	0.151624548736	0.151624548736	0.148014440433	0.178700361011	0.196750902527	0.15523465704	0.173285198556	0.169675090253	0.175090252708	0.173285198556	0.176895306859	0.185920577617	0.173285198556	0.178700361011	0.162454873646	0.0	0.191335740072	0.15523465704	0.176895306859	0.180505415162	0.173285198556	0.185920577617	0.175090252708	0.164259927798	0.187725631769	0.178700361011	0.176895306859
N037A.snv.bam	0.164259927798	0.162454873646	0.178700361011	0.193140794224	0.20036101083	0.167870036101	0.198555956679	0.175090252708	0.176895306859	0.162454873646	0.178700361011	0.178700361011	0.178700361011	0.173285198556	0.158844765343	0.191335740072	0.0	0.164259927798	0.173285198556	0.184115523466	0.182310469314	0.189530685921	0.176895306859	0.140794223827	0.209386281588	0.162454873646	0.189530685921
NG-5636_457.snv.bam	0.14440433213	0.14440433213	0.166064981949	0.164259927798	0.151624548736	0.149819494585	0.193140794224	0.142599277978	0.146209386282	0.151624548736	0.135379061372	0.151624548736	0.153429602888	0.162454873646	0.13357400722	0.15523465704	0.164259927798	0.0	0.158844765343	0.162454873646	0.158844765343	0.151624548736	0.157039711191	0.158844765343	0.142599277978	0.169675090253	0.162454873646
O2.UC13-1.snv.bam	0.138989169675	0.138989169675	0.157039711191	0.169675090253	0.178700361011	0.153429602888	0.189530685921	0.146209386282	0.146209386282	0.160649819495	0.175090252708	0.148014440433	0.167870036101	0.157039711191	0.162454873646	0.176895306859	0.173285198556	0.158844765343	0.0	0.184115523466	0.182310469314	0.169675090253	0.160649819495	0.135379061372	0.193140794224	0.160649819495	0.167870036101
O2.UC15-1.snv.bam	0.157039711191	0.15523465704	0.194945848375	0.185920577617	0.196750902527	0.189530685921	0.22202166065	0.191335740072	0.193140794224	0.185920577617	0.198555956679	0.171480144404	0.178700361011	0.194945848375	0.173285198556	0.180505415162	0.184115523466	0.162454873646	0.184115523466	0.0	0.0	0.189530685921	0.189530685921	0.182310469314	0.214801444043	0.193140794224	0.182310469314
O2.UC15-2.snv.bam	0.15523465704	0.153429602888	0.187725631769	0.180505415162	0.194945848375	0.185920577617	0.216606498195	0.184115523466	0.185920577617	0.182310469314	0.189530685921	0.169675090253	0.175090252708	0.191335740072	0.169675090253	0.173285198556	0.182310469314	0.158844765343	0.182310469314	0.0	0.0	0.185920577617	0.189530685921	0.182310469314	0.212996389892	0.193140794224	0.176895306859
O2.UC24-1.snv.bam	0.164259927798	0.164259927798	0.166064981949	0.171480144404	0.175090252708	0.180505415162	0.191335740072	0.191335740072	0.194945848375	0.151624548736	0.157039711191	0.157039711191	0.169675090253	0.182310469314	0.140794223827	0.185920577617	0.189530685921	0.151624548736	0.169675090253	0.189530685921	0.185920577617	0.0	0.157039711191	0.15523465704	0.178700361011	0.175090252708	0.171480144404
O2.UC8-1.snv.bam	0.117328519856	0.117328519856	0.171480144404	0.180505415162	0.176895306859	0.178700361011	0.194945848375	0.167870036101	0.171480144404	0.13357400722	0.15523465704	0.164259927798	0.15523465704	0.185920577617	0.142599277978	0.175090252708	0.176895306859	0.157039711191	0.160649819495	0.189530685921	0.189530685921	0.157039711191	0.0	0.15523465704	0.178700361011	0.124548736462	0.180505415162
SAMEA3136704.snv.bam	0.142599277978	0.142599277978	0.15523465704	0.153429602888	0.166064981949	0.137184115523	0.169675090253	0.151624548736	0.151624548736	0.148014440433	0.176895306859	0.153429602888	0.171480144404	0.158844765343	0.151624548736	0.164259927798	0.140794223827	0.158844765343	0.135379061372	0.182310469314	0.182310469314	0.15523465704	0.15523465704	0.0	0.184115523466	0.15523465704	0.151624548736
SZEY-93A.snv.bam	0.180505415162	0.180505415162	0.182310469314	0.176895306859	0.169675090253	0.178700361011	0.22202166065	0.166064981949	0.169675090253	0.180505415162	0.167870036101	0.180505415162	0.166064981949	0.171480144404	0.158844765343	0.187725631769	0.209386281588	0.142599277978	0.193140794224	0.214801444043	0.212996389892	0.178700361011	0.178700361011	0.184115523466	0.0	0.175090252708	0.175090252708
V1.UC63-0.snv.bam	0.146209386282	0.146209386282	0.173285198556	0.173285198556	0.173285198556	0.164259927798	0.191335740072	0.169675090253	0.173285198556	0.151624548736	0.169675090253	0.173285198556	0.176895306859	0.185920577617	0.162454873646	0.178700361011	0.162454873646	0.169675090253	0.160649819495	0.193140794224	0.193140794224	0.175090252708	0.124548736462	0.15523465704	0.175090252708	0.0	0.171480144404
peacemaker-11-773-0.snv.bam	0.164259927798	0.164259927798	0.175090252708	0.0	0.184115523466	0.171480144404	0.193140794224	0.164259927798	0.167870036101	0.173285198556	0.176895306859	0.160649819495	0.157039711191	0.184115523466	0.158844765343	0.176895306859	0.189530685921	0.162454873646	0.167870036101	0.182310469314	0.176895306859	0.171480144404	0.180505415162	0.151624548736	0.175090252708	0.171480144404	0.0
