	508703490-stool3.snv.bam	763921366-stool3.snv.bam	764487809-stool1.snv.bam	765640925-stool1.snv.bam	BYQ_AAAG.snv.bam	BYQ_AAAR.snv.bam	BYQ_AABA.snv.bam	CCIS10793554ST-4-0.snv.bam	CCIS11354283ST-4-0.snv.bam	CCIS22906510ST-20-0.snv.bam	CCIS38765456ST-20-0.snv.bam	CCIS50471204ST-4-0.snv.bam	CCIS76845094ST-20-0.snv.bam	CCIS78100604ST-4-0.snv.bam	CCIS81139242ST-4-0.snv.bam	CCIS81735969ST-20-0.snv.bam	CCMD23101338ST-21-0.snv.bam	CCMD25963797ST-21-0.snv.bam	CCMD63399960ST-21-0.snv.bam	CCMD87156761ST-21-0.snv.bam	M1.3-V2.metaT.snv.bam	MMRS12272136ST-27-0-0.snv.bam	MMRS25211151ST-27-0-0.snv.bam	MMRS32573774ST-27-0-0.snv.bam	MMRS57569834ST-27-0-0.snv.bam	MMRS81671217ST-27-0-0.snv.bam	MMRS88581325ST-27-0-0.snv.bam	NOM009.snv.bam	O2.UC15-1.snv.bam	O2.UC36-1.snv.bam	O2.UC6-0.snv.bam	O2.UC6-1.snv.bam	O2.UC6-2.snv.bam	SAMEA3136636.snv.bam	SAMEA3136670.snv.bam	SAMEA3136704.snv.bam	SAMEA3136735.snv.bam	SZEY-48A.snv.bam	SZEY-68A.snv.bam	T2D-15A.snv.bam	T2D-26A.snv.bam	V1.CD18-3.snv.bam	V1.FI36.snv.bam	V1.UC12-4.snv.bam	V1.UC13-3.snv.bam	V1.UC58-4.snv.bam	alien-11-60-0.snv.bam	alien-11-600-0.snv.bam	alien-11-637-0.snv.bam	halbarad-11-0-0.snv.bam	halbarad-11-392-0.snv.bam	scavenger-11-0-0.snv.bam	scavenger-11-60-0.snv.bam
508703490-stool3.snv.bam	0.0	0.216070940508	0.317984149563	0.233968253968	0.29959766868	0.299761904762	0.299577647823	0.266243386243	0.253333333333	0.232718651212	0.2022820013	0.335570469799	0.233620024322	0.236486486486	0.266666666667	0.26877255233	0.25414721279	0.260273972603	0.261228925184	0.28	0.221973651504	0.216273291925	0.18677389445	0.188736966961	0.219594594595	0.273333333333	0.213333333333	0.310421927609	0.272928525016	0.317868338558	0.174135802469	0.171853741497	0.174576719577	0.206677843849	0.265306122449	0.196548418025	0.162162162162	0.270553191101	0.174808601892	0.184931506849	0.353296333612	0.147634188034	0.22602739726	0.301650127153	0.207980451689	0.30701754386	0.248069498069	0.293333333333	0.286038224814	0.305660891041	0.306666666667	0.348154960215	0.364285714286
763921366-stool3.snv.bam	0.216070940508	0.0	0.417827008531	0.174104690271	0.292279605548	0.292915790871	0.292853549174	0.28710794897	0.233076623416	0.311969548734	0.195608412786	0.201297134238	0.2659579402	0.36372194722	0.20658655719	0.301953083228	0.326186437445	0.307446055345	0.206353695324	0.180096490965	0.240803307078	0.203948603238	0.220765922538	0.251200879646	0.333520604938	0.292679272422	0.219831590303	0.306864329045	0.319429462836	0.275401069519	0.272505124765	0.272513987404	0.274519911548	0.289514784431	0.204017365782	0.303201896143	0.249627987488	0.210495840028	0.231715338946	0.264828176593	0.174402650521	0.206664668924	0.232616123372	0.228837495112	0.169835494027	0.312198268588	0.334958764094	0.259566689641	0.251636413401	0.266318702547	0.259566689641	0.300914953111	0.334713263374
764487809-stool1.snv.bam	0.317984149563	0.417827008531	0.0	0.306778535743	0.320001787778	0.319629371442	0.319812408136	0.24549397777	0.312770336437	0.212507327975	0.274811569026	0.354220551378	0.307165436719	0.269988730215	0.365119753025	0.341701897193	0.193519009685	0.278569735149	0.362397998529	0.259790203987	0.215676028251	0.280628549792	0.240361655009	0.247950020155	0.266633025517	0.213432588093	0.233300137762	0.240233381259	0.22676605052	0.317254999267	0.247386336211	0.249862903317	0.247370357461	0.305592673546	0.363309279911	0.290093567251	0.22256143715	0.372306712264	0.232936016668	0.198832114299	0.424814001579	0.260089066272	0.232845719742	0.334722518547	0.266444096352	0.26013875749	0.308339641049	0.325384653687	0.325545282124	0.339689470698	0.339260402662	0.261079312844	0.264030643986
765640925-stool1.snv.bam	0.233968253968	0.174104690271	0.306778535743	0.0	0.221842804919	0.222455648926	0.222636292984	0.138914825189	0.137877373171	0.18292000792	0.0616832567985	0.125626566416	0.170187635715	0.238410596026	0.150949268596	0.178278897029	0.190554379175	0.175135826143	0.142514504511	0.111733582322	0.13357160377	0.071746031746	0.138799491913	0.14253249152	0.23541469568	0.209772798008	0.124805477747	0.270721058986	0.183885731031	0.162776412776	0.126418476747	0.129792328042	0.126491337276	0.139512854405	0.147301587302	0.179511278195	0.139703563545	0.237202618411	0.222535701846	0.215404282518	0.222570415498	0.113335727453	0.108021732183	0.133067712015	0.0505730472013	0.202892853048	0.222642699464	0.216308745721	0.207619047619	0.160063874053	0.150949268596	0.211909036487	0.224442224442
BYQ_AAAG.snv.bam	0.29959766868	0.292279605548	0.320001787778	0.221842804919	0.0	0.00128515657189	0.00146580062938	0.255559995499	0.241886377903	0.297060986997	0.175229903748	0.223302297056	0.105779499719	0.185944247261	0.202234961781	0.138358362101	0.307199549484	0.26135536344	0.200016953528	0.190143458513	0.238958211214	0.18998342864	0.163560130632	0.287560840592	0.156142922758	0.222278534766	0.189598796204	0.310494603594	0.275306984613	0.123323133518	0.217027930584	0.214603735091	0.216992716735	0.243375287685	0.19961299435	0.133969050146	0.27113873611	0.198512397565	0.332627962011	0.228805027869	0.210573930911	0.243052793187	0.141556705722	0.315490031349	0.246110619947	0.319973753204	0.141478778955	0.30681012518	0.299295534033	0.339832925579	0.333389645877	0.175685996942	0.182943459229
BYQ_AAAR.snv.bam	0.299761904762	0.292915790871	0.319629371442	0.222455648926	0.00128515657189	0.0	0.000647497465525	0.256172839506	0.242063492063	0.297694535195	0.175842747755	0.223919172932	0.105505858865	0.185666982025	0.202847805789	0.138082920978	0.307812393492	0.261984659636	0.200646249723	0.189775910364	0.239137671257	0.190648429585	0.163737244792	0.287740300635	0.155865657521	0.222455648926	0.189775910364	0.311132461643	0.275484098773	0.122477184977	0.217644806461	0.215228835979	0.217605560743	0.244220740918	0.200238095238	0.133693609023	0.271759697256	0.198231410648	0.332470020401	0.228427612656	0.210300290056	0.243665637195	0.141179290508	0.315668310734	0.246727495823	0.320150867364	0.141201513718	0.307422969188	0.299920634921	0.340014794482	0.333566760037	0.174737509184	0.182067932068
BYQ_AABA.snv.bam	0.299577647823	0.292853549174	0.319812408136	0.222636292984	0.00146580062938	0.000647497465525	0.0	0.256353483564	0.242244136121	0.297275413065	0.176023391813	0.224101005438	0.105686502922	0.185501465216	0.203028449846	0.138264753483	0.307649040301	0.261816921125	0.200831743286	0.189956554422	0.238972154448	0.190844447604	0.16391788885	0.287574783826	0.155700140712	0.222636292984	0.189956554422	0.310962440975	0.27566474283	0.122663931874	0.217480378578	0.215062215724	0.217442207552	0.244055224109	0.200422352177	0.13352918114	0.271594180447	0.198063672136	0.332042226779	0.228011303426	0.210480934114	0.243502284005	0.141364784071	0.315850143239	0.246909328328	0.320331511422	0.141035996909	0.307259615997	0.299754014666	0.340200288044	0.333747404095	0.174946892069	0.182261208577
CCIS10793554ST-4-0.snv.bam	0.266243386243	0.28710794897	0.24549397777	0.138914825189	0.255559995499	0.256172839506	0.256353483564	0.0	0.184043987966	0.148063723064	0.0947779761677	0.25104427736	0.230048617145	0.165142436666	0.19711588339	0.212217911231	0.129850049653	0.241184617024	0.189920491514	0.210187778815	0.17887802656	0.120598896769	0.164869406949	0.209607219588	0.214811310838	0.176055607428	0.157900197116	0.235627656546	0.26827044008	0.277641277641	0.131953146756	0.135400793651	0.13198983297	0.185516384201	0.194391534392	0.18567251462	0.171764953222	0.297277964392	0.186958252475	0.167359113668	0.308575187777	0.171121804847	0.162139128582	0.230951309899	0.161279500835	0.275203258691	0.255965520866	0.195663450565	0.193227513228	0.276539939732	0.275547255939	0.186000026128	0.217116217116
CCIS11354283ST-4-0.snv.bam	0.253333333333	0.233076623416	0.312770336437	0.137877373171	0.241886377903	0.242063492063	0.242244136121	0.184043987966	0.0	0.256600831601	0.106812419575	0.210526315789	0.177321115888	0.258278145695	0.169934640523	0.211173633871	0.262235829533	0.221476510067	0.162009550852	0.196078431373	0.212411086583	0.135845997974	0.16810478128	0.181215633249	0.254966887417	0.16339869281	0.143790849673	0.263270459699	0.229014893807	0.264127764128	0.17184454191	0.174990740741	0.171620500052	0.160650889136	0.166666666667	0.225563909774	0.158940397351	0.307930548199	0.277051301189	0.234899328859	0.281962288189	0.145392994805	0.127516778523	0.164604888289	0.148630691312	0.235638114895	0.256385998108	0.196078431373	0.193650793651	0.205190112468	0.196078431373	0.302457377035	0.314685314685
CCIS22906510ST-20-0.snv.bam	0.232718651212	0.311969548734	0.212507327975	0.18292000792	0.297060986997	0.297694535195	0.297275413065	0.148063723064	0.256600831601	0.0	0.190845602688	0.24610151753	0.242785760954	0.204267650158	0.297141372141	0.29149687551	0.0155338175367	0.187427055703	0.29140625	0.217411642412	0.144564606469	0.212666451196	0.185007724431	0.196382078828	0.174815595364	0.170114345114	0.176871101871	0.168152680653	0.183362461652	0.245552349748	0.20336009086	0.208547745358	0.20428959179	0.236416158343	0.294362486828	0.252440756522	0.177924130664	0.300198643949	0.147897634611	0.137257980115	0.364029395231	0.190013860014	0.209561965812	0.251931313836	0.143381778841	0.177226720648	0.24477645642	0.256600831601	0.254684855375	0.285744140334	0.283627858628	0.215876773333	0.217558528428
CCIS38765456ST-20-0.snv.bam	0.2022820013	0.195608412786	0.274811569026	0.0616832567985	0.175229903748	0.175842747755	0.176023391813	0.0947779761677	0.106812419575	0.190845602688	0.0	0.159659382374	0.149718525394	0.191670862218	0.119884315	0.131846661469	0.198220967578	0.162874000811	0.110615592429	0.132472066149	0.128094703278	0.0512835279689	0.0941784986166	0.141102532558	0.187869047158	0.165151804711	0.1063282753	0.237884242834	0.204624214858	0.195669832512	0.0951491484559	0.0972727420403	0.0954263836789	0.121978584588	0.115615334633	0.146236937373	0.121472186721	0.243974208086	0.217343026672	0.169585410207	0.241801135726	0.0953426692814	0.0823370880594	0.179527428558	0.084270824173	0.2367032323	0.202533190961	0.185243792124	0.182599461617	0.205682291513	0.198315687549	0.211347447329	0.229847735111
CCIS50471204ST-4-0.snv.bam	0.335570469799	0.201297134238	0.354220551378	0.125626566416	0.223302297056	0.223919172932	0.224101005438	0.25104427736	0.210526315789	0.24610151753	0.159659382374	0.0	0.243679270858	0.34	0.0855263157895	0.278324263424	0.250391986306	0.195945945946	0.0887798856549	0.144736842105	0.187160493827	0.143006802721	0.184714263411	0.242847787495	0.296666666667	0.217105263158	0.184210526316	0.229789331673	0.217851005438	0.225108225108	0.212717684572	0.216433631618	0.2122232665	0.212954218296	0.0872483221477	0.293282876064	0.24	0.265832365832	0.341475268559	0.27027027027	0.250922566401	0.198981106613	0.168918918919	0.205656497047	0.162124198465	0.236495844875	0.271428571429	0.151315789474	0.147970597635	0.234826210397	0.223684210526	0.266598273043	0.288732394366
CCIS76845094ST-20-0.snv.bam	0.233620024322	0.2659579402	0.307165436719	0.170187635715	0.105779499719	0.105505858865	0.105686502922	0.230048617145	0.177321115888	0.242785760954	0.149718525394	0.243679270858	0.0	0.159491077542	0.242223295445	0.0994086610909	0.25627006271	0.262162668968	0.234367390109	0.176727118761	0.212823256624	0.136040923254	0.125652142368	0.205193688126	0.103501060547	0.22322653688	0.111952027076	0.32490988098	0.249820709312	0.0956293700479	0.205101013586	0.202970185766	0.204843720371	0.233602675618	0.240401094687	0.107689914438	0.166424706827	0.206876238719	0.291280365853	0.228670663819	0.183457472744	0.1650485754	0.121381535485	0.23739244266	0.155457650395	0.242724492007	0.101936400042	0.294510877145	0.286750301037	0.288308335062	0.281143129024	0.19678314765	0.210146865183
CCIS78100604ST-4-0.snv.bam	0.236486486486	0.36372194722	0.269988730215	0.238410596026	0.185944247261	0.185666982025	0.185501465216	0.165142436666	0.258278145695	0.204267650158	0.191670862218	0.34	0.159491077542	0.0	0.284768211921	0.133101936082	0.192447562374	0.251700680272	0.27796310832	0.284768211921	0.188416604524	0.227469387755	0.20002794794	0.230691752417	0.124161073826	0.198675496689	0.23178807947	0.273798328109	0.304724190904	0.21295143213	0.154135802469	0.151173048048	0.154026069589	0.212897008208	0.283783783784	0.0685714285714	0.193333333333	0.186432161942	0.237969101605	0.170068027211	0.265253467359	0.193676345729	0.224489795918	0.319639126306	0.255334656085	0.35064482398	0.129434324065	0.23178807947	0.229407979408	0.322829777357	0.324503311258	0.168754744177	0.197183098592
CCIS81139242ST-4-0.snv.bam	0.266666666667	0.20658655719	0.365119753025	0.150949268596	0.202234961781	0.202847805789	0.203028449846	0.19711588339	0.169934640523	0.297141372141	0.119884315	0.0855263157895	0.242223295445	0.284768211921	0.0	0.23700209391	0.301043019075	0.241610738255	0.000935725348477	0.222222222222	0.238901152808	0.147841945289	0.182689987179	0.22790113318	0.294701986755	0.21568627451	0.196078431373	0.221423417852	0.281302475506	0.304668304668	0.1323708577	0.134990740741	0.132404813777	0.133277820704	0.0	0.225563909774	0.198675496689	0.244971583227	0.325327163258	0.248322147651	0.255818497339	0.15846489023	0.174496644295	0.229400959664	0.186551012949	0.326453388373	0.296121097446	0.104575163399	0.100317460317	0.259238188537	0.248366013072	0.325982097928	0.342657342657
CCIS81735969ST-20-0.snv.bam	0.26877255233	0.301953083228	0.341701897193	0.178278897029	0.138358362101	0.138082920978	0.138264753483	0.212217911231	0.211173633871	0.29149687551	0.131846661469	0.278324263424	0.0994086610909	0.133101936082	0.23700209391	0.0	0.303200958523	0.270452457952	0.228951994577	0.223861603796	0.220673585674	0.157059945346	0.145842420687	0.23300975639	0.143513091846	0.256756340638	0.184387919585	0.361638013179	0.283817872391	0.116448114747	0.199633699634	0.187905566345	0.19922536041	0.228550683559	0.235062538754	0.115126534001	0.22581716787	0.206136818637	0.314380770978	0.243666743667	0.165471486313	0.199628424694	0.155587593088	0.285061333075	0.202418923363	0.315620606566	0.162084520418	0.303278897029	0.302354183227	0.293261848574	0.290121002292	0.158004550784	0.182006739699
CCMD23101338ST-21-0.snv.bam	0.25414721279	0.326186437445	0.193519009685	0.190554379175	0.307199549484	0.307812393492	0.307649040301	0.129850049653	0.262235829533	0.0155338175367	0.198220967578	0.250391986306	0.25627006271	0.192447562374	0.301043019075	0.303200958523	0.0	0.195030751131	0.296637617419	0.222611646526	0.126712953593	0.219186497902	0.190423332022	0.20408571093	0.176305178268	0.177268509271	0.170732561559	0.181232487464	0.190083680824	0.257773587901	0.185394422953	0.189554620197	0.185081819781	0.242380251388	0.30039721279	0.239113790817	0.159748886878	0.285000736403	0.145968885054	0.148050885359	0.347142846338	0.198070000808	0.215164979319	0.231030012997	0.154093949547	0.184148454232	0.243535547237	0.260983984709	0.259854458054	0.29118474451	0.28797112365	0.214574416293	0.230283564059
CCMD25963797ST-21-0.snv.bam	0.260273972603	0.307446055345	0.278569735149	0.175135826143	0.26135536344	0.261984659636	0.261816921125	0.241184617024	0.221476510067	0.187427055703	0.162874000811	0.195945945946	0.262162668968	0.251700680272	0.241610738255	0.270452457952	0.195030751131	0.0	0.228547745358	0.201342281879	0.129755605946	0.174640250261	0.175443517903	0.197441256877	0.207482993197	0.208053691275	0.187919463087	0.215177638454	0.154452032393	0.257575757576	0.176488988989	0.180641171994	0.176227761798	0.131952237403	0.231292517007	0.23166023166	0.190476190476	0.292481771102	0.292003111152	0.206896551724	0.35664583955	0.162718981242	0.179310344828	0.169303919304	0.191217556843	0.187566231014	0.208940719145	0.241610738255	0.233202870189	0.152769597538	0.147651006711	0.296187420842	0.294964028777
CCMD63399960ST-21-0.snv.bam	0.261228925184	0.206353695324	0.362397998529	0.142514504511	0.200016953528	0.200646249723	0.200831743286	0.189920491514	0.162009550852	0.29140625	0.110615592429	0.0887798856549	0.234367390109	0.27796310832	0.000935725348477	0.228951994577	0.296637617419	0.228547745358	0.0	0.21570082602	0.232744878578	0.138577644983	0.175107322922	0.221445538688	0.288167189953	0.208989416624	0.188855188436	0.225095562945	0.276367126372	0.29827420843	0.123376982752	0.125945439644	0.123472211979	0.124247442199	0.000942047817048	0.21720467033	0.191424646782	0.24387132982	0.321360721627	0.242340848806	0.255038973262	0.149973756668	0.166478779841	0.216272763148	0.179021466521	0.322730144282	0.2896249159	0.108318275684	0.101971648847	0.246661470131	0.235835054208	0.31994307695	0.337126452684
CCMD87156761ST-21-0.snv.bam	0.28	0.180096490965	0.259790203987	0.111733582322	0.190143458513	0.189775910364	0.189956554422	0.210187778815	0.196078431373	0.217411642412	0.132472066149	0.144736842105	0.176727118761	0.284768211921	0.222222222222	0.223861603796	0.222611646526	0.201342281879	0.21570082602	0.0	0.125337257788	0.0791084093212	0.13164107299	0.201246404539	0.241721854305	0.202614379085	0.117647058824	0.30408678623	0.190283351807	0.142506142506	0.197673001949	0.202490740741	0.197764290902	0.222029576674	0.22	0.238721804511	0.198675496689	0.281084910615	0.249465094293	0.187919463087	0.242178258635	0.15846489023	0.0738255033557	0.204809566652	0.121583907686	0.195734434125	0.203405865658	0.274509803922	0.266984126984	0.234592477441	0.222222222222	0.143366467944	0.160839160839
M1.3-V2.metaT.snv.bam	0.221973651504	0.240803307078	0.215676028251	0.13357160377	0.238958211214	0.239137671257	0.238972154448	0.17887802656	0.212411086583	0.144564606469	0.128094703278	0.187160493827	0.212823256624	0.188416604524	0.238901152808	0.220673585674	0.126712953593	0.129755605946	0.232744878578	0.125337257788	0.0	0.136689124891	0.127252703586	0.136857662073	0.14479244345	0.199166053471	0.126318371351	0.232929873447	0.152896866891	0.184816198515	0.107247976453	0.110382257257	0.108159010477	0.165194027619	0.236986986987	0.155731922399	0.12801391996	0.200570958394	0.190535054171	0.1569664903	0.265744024141	0.120656968736	0.129755605946	0.19420702754	0.134495149912	0.185572466855	0.17307624019	0.238901152808	0.237308737309	0.206656022548	0.199166053471	0.19106089072	0.212240609404
MMRS12272136ST-27-0-0.snv.bam	0.216273291925	0.203948603238	0.280628549792	0.071746031746	0.18998342864	0.190648429585	0.190844447604	0.120598896769	0.135845997974	0.212666451196	0.0512835279689	0.143006802721	0.136040923254	0.227469387755	0.147841945289	0.157059945346	0.219186497902	0.174640250261	0.138577644983	0.0791084093212	0.136689124891	0.0	0.0921049535688	0.141801338255	0.211695786228	0.183302938197	0.0791084093212	0.278122013789	0.205120780675	0.177605042017	0.121186318972	0.124777720267	0.119473150963	0.149560050577	0.14380952381	0.179510204082	0.115387755102	0.282681503411	0.270813180136	0.172795031056	0.256319932509	0.0808469072299	0.0591727493917	0.186429676144	0.0814067460317	0.213486908761	0.178910585817	0.206767983789	0.197115251898	0.217864543599	0.206767983789	0.212975934334	0.23546346783
MMRS25211151ST-27-0-0.snv.bam	0.18677389445	0.220765922538	0.240361655009	0.138799491913	0.163560130632	0.163737244792	0.16391788885	0.164869406949	0.16810478128	0.185007724431	0.0941784986166	0.184714263411	0.125652142368	0.20002794794	0.182689987179	0.145842420687	0.190423332022	0.175443517903	0.175107322922	0.13164107299	0.127252703586	0.0921049535688	0.0	0.172146723693	0.130073405083	0.171269412672	0.0718838367623	0.256918684899	0.20346037251	0.170486440935	0.158368015848	0.162167860997	0.158232055859	0.185937211687	0.179677120256	0.175857696591	0.159447470453	0.257892221324	0.243025708806	0.128887383482	0.256172272802	0.120171322697	0.081483786359	0.213917924618	0.134847619314	0.222800343716	0.174065836492	0.242658646898	0.241162613487	0.254538627621	0.249288131814	0.185547268144	0.206257765965
MMRS32573774ST-27-0-0.snv.bam	0.188736966961	0.251200879646	0.247950020155	0.14253249152	0.287560840592	0.287740300635	0.287574783826	0.209607219588	0.181215633249	0.196382078828	0.141102532558	0.242847787495	0.205193688126	0.230691752417	0.22790113318	0.23300975639	0.20408571093	0.197441256877	0.221445538688	0.201246404539	0.136857662073	0.141801338255	0.172146723693	0.0	0.190289067854	0.244060073577	0.145189143183	0.253627937298	0.156782378705	0.230493482925	0.123556276537	0.125585690684	0.123649057074	0.15404635672	0.225763993988	0.177991902639	0.106869534367	0.250063736439	0.227203889841	0.18267395313	0.294314441434	0.0805873432172	0.160390522276	0.201274792589	0.110303655701	0.160216677904	0.215824472047	0.220950732587	0.214129592353	0.153399395803	0.147320198294	0.323264956036	0.314310053722
MMRS57569834ST-27-0-0.snv.bam	0.219594594595	0.333520604938	0.266633025517	0.23541469568	0.156142922758	0.155865657521	0.155700140712	0.214811310838	0.254966887417	0.174815595364	0.187869047158	0.296666666667	0.103501060547	0.124161073826	0.294701986755	0.143513091846	0.176305178268	0.207482993197	0.288167189953	0.241721854305	0.14479244345	0.211695786228	0.130073405083	0.190289067854	0.0	0.235099337748	0.14238410596	0.284143155695	0.248084246673	0.154732254047	0.177469135802	0.174821696697	0.177204877536	0.222964122302	0.293918918919	0.0880952380952	0.164429530201	0.183060250407	0.26344362708	0.187074829932	0.248697175968	0.163875021226	0.180272108844	0.299639126306	0.212001322751	0.228128267689	0.0958772770853	0.294701986755	0.293597168597	0.311594294153	0.307947019868	0.226605983846	0.22695035461
MMRS81671217ST-27-0-0.snv.bam	0.273333333333	0.292679272422	0.213432588093	0.209772798008	0.222278534766	0.222455648926	0.222636292984	0.176055607428	0.16339869281	0.170114345114	0.165151804711	0.217105263158	0.22322653688	0.198675496689	0.21568627451	0.256756340638	0.177268509271	0.208053691275	0.208989416624	0.202614379085	0.199166053471	0.183302938197	0.171269412672	0.244060073577	0.235099337748	0.0	0.176470588235	0.178916718202	0.235381391023	0.291154791155	0.204739278752	0.208324074074	0.204300238614	0.222376139603	0.213333333333	0.24530075188	0.218543046358	0.304735085943	0.255376424342	0.154362416107	0.340785817601	0.217288419641	0.167785234899	0.289117558854	0.226755691312	0.281389748882	0.249763481552	0.202614379085	0.200317460317	0.311785082359	0.307189542484	0.199949040077	0.20979020979
MMRS88581325ST-27-0-0.snv.bam	0.213333333333	0.219831590303	0.233300137762	0.124805477747	0.189598796204	0.189775910364	0.189956554422	0.157900197116	0.143790849673	0.176871101871	0.1063282753	0.184210526316	0.111952027076	0.23178807947	0.196078431373	0.184387919585	0.170732561559	0.187919463087	0.188855188436	0.117647058824	0.126318371351	0.0791084093212	0.0718838367623	0.145189143183	0.14238410596	0.176470588235	0.0	0.263270459699	0.190283351807	0.169533169533	0.145528752437	0.149157407407	0.145476709202	0.187140955362	0.193333333333	0.182330827068	0.105960264901	0.281084910615	0.235671990844	0.161073825503	0.25525015406	0.10617730853	0.0604026845638	0.171183835658	0.0959991123642	0.169590643275	0.143803216651	0.248366013072	0.240317460317	0.234592477441	0.222222222222	0.226699801278	0.251748251748
NOM009.snv.bam	0.310421927609	0.306864329045	0.240233381259	0.270721058986	0.310494603594	0.311132461643	0.310962440975	0.235627656546	0.263270459699	0.168152680653	0.237884242834	0.229789331673	0.32490988098	0.273798328109	0.221423417852	0.361638013179	0.181232487464	0.215177638454	0.225095562945	0.30408678623	0.232929873447	0.278122013789	0.256918684899	0.253627937298	0.284143155695	0.178916718202	0.263270459699	0.0	0.270164016342	0.357687793427	0.25219950648	0.256592838103	0.251419687644	0.250506348974	0.215619739057	0.308126519599	0.22552246604	0.277666331338	0.229303570131	0.179725577453	0.356741412712	0.237182896469	0.270634668362	0.302608318875	0.246581890332	0.304444824182	0.340793402	0.153396206968	0.153450426888	0.316408940119	0.321093588951	0.317272887358	0.304385091794
O2.UC15-1.snv.bam	0.272928525016	0.319429462836	0.22676605052	0.183885731031	0.275306984613	0.275484098773	0.27566474283	0.26827044008	0.229014893807	0.183362461652	0.204624214858	0.217851005438	0.249820709312	0.304724190904	0.281302475506	0.283817872391	0.190083680824	0.154452032393	0.276367126372	0.190283351807	0.152896866891	0.205120780675	0.20346037251	0.156782378705	0.248084246673	0.235381391023	0.190283351807	0.270164016342	0.0	0.230772039983	0.204339796861	0.206085932424	0.203903367715	0.187584560528	0.28026185835	0.258059164725	0.204895885778	0.318389561431	0.262839430516	0.248411763936	0.353546093618	0.203819653317	0.188680220312	0.184843807957	0.166378139244	0.0464925021341	0.263096943979	0.332936462434	0.326579318667	0.131985025802	0.124439730408	0.278979868896	0.280163306479
O2.UC36-1.snv.bam	0.317868338558	0.275401069519	0.317254999267	0.162776412776	0.123323133518	0.122477184977	0.122663931874	0.277641277641	0.264127764128	0.245552349748	0.195669832512	0.225108225108	0.0956293700479	0.21295143213	0.304668304668	0.116448114747	0.257773587901	0.257575757576	0.29827420843	0.142506142506	0.184816198515	0.177605042017	0.170486440935	0.230493482925	0.154732254047	0.291154791155	0.169533169533	0.357687793427	0.230772039983	0.0	0.259436771342	0.248720828979	0.259113821614	0.286490627253	0.30407523511	0.159024648821	0.247198007472	0.203894971242	0.29473819831	0.243686868687	0.149622855825	0.218486738487	0.132575757576	0.246407913075	0.160018744394	0.236745118324	0.139565913539	0.351965601966	0.34512613823	0.257258251595	0.250614250614	0.14815183354	0.151733158927
O2.UC6-0.snv.bam	0.174135802469	0.272505124765	0.247386336211	0.126418476747	0.217027930584	0.217644806461	0.217480378578	0.131953146756	0.17184454191	0.20336009086	0.0951491484559	0.212717684572	0.205101013586	0.154135802469	0.1323708577	0.199633699634	0.185394422953	0.176488988989	0.123376982752	0.197673001949	0.107247976453	0.121186318972	0.158368015848	0.123556276537	0.177469135802	0.204739278752	0.145528752437	0.25219950648	0.204339796861	0.259436771342	0.0	0.00256959980114	0.00248886104149	0.0584530034618	0.128324633358	0.0954045341463	0.0674691358025	0.219512182012	0.216796770616	0.169231731732	0.297195025931	0.0666589818563	0.135447947948	0.205736684214	0.1405335681	0.250445649944	0.178897707231	0.17184454191	0.162201271262	0.221262570692	0.211318226121	0.26685714629	0.289058424622
O2.UC6-1.snv.bam	0.171853741497	0.272513987404	0.249862903317	0.129792328042	0.214603735091	0.215228835979	0.215062215724	0.135400793651	0.174990740741	0.208547745358	0.0972727420403	0.216433631618	0.202970185766	0.151173048048	0.134990740741	0.187905566345	0.189554620197	0.180641171994	0.125945439644	0.202490740741	0.110382257257	0.124777720267	0.162167860997	0.125585690684	0.174821696697	0.208324074074	0.149157407407	0.256592838103	0.206085932424	0.248720828979	0.00256959980114	0.0	0.00421031746032	0.0614544955005	0.130942932729	0.0916733248109	0.070091966967	0.217461486383	0.215113026645	0.173791856925	0.286012564549	0.0694582621083	0.138595993953	0.210197852731	0.143970384574	0.252806530214	0.181797965271	0.174990740741	0.16528047727	0.220270954075	0.213157407407	0.267829015106	0.289325951826
O2.UC6-2.snv.bam	0.174576719577	0.274519911548	0.247370357461	0.126491337276	0.216992716735	0.217605560743	0.217442207552	0.13198983297	0.171620500052	0.20428959179	0.0954263836789	0.2122232665	0.204843720371	0.154026069589	0.132404813777	0.19922536041	0.185081819781	0.176227761798	0.123472211979	0.197764290902	0.108159010477	0.119473150963	0.158232055859	0.123649057074	0.177204877536	0.204300238614	0.145476709202	0.251419687644	0.203903367715	0.259113821614	0.00248886104149	0.00421031746032	0.0	0.0594674882841	0.128386243386	0.0956819131161	0.0664616840114	0.219857063146	0.216761208141	0.169516352402	0.295283088076	0.0686474817847	0.135959305422	0.205288193775	0.139950135756	0.249707875353	0.178623988227	0.171620500052	0.162037037037	0.220700849664	0.210836186326	0.266438836179	0.288517038517
SAMEA3136636.snv.bam	0.206677843849	0.289514784431	0.305592673546	0.139512854405	0.243375287685	0.244220740918	0.244055224109	0.185516384201	0.160650889136	0.236416158343	0.121978584588	0.212954218296	0.233602675618	0.212897008208	0.133277820704	0.228550683559	0.242380251388	0.131952237403	0.124247442199	0.222029576674	0.165194027619	0.149560050577	0.185937211687	0.15404635672	0.222964122302	0.222376139603	0.187140955362	0.250506348974	0.187584560528	0.286490627253	0.0584530034618	0.0614544955005	0.0594674882841	0.0	0.129222641394	0.153382456725	0.12564868606	0.264675296657	0.260808447881	0.198446627367	0.337724545137	0.098234762217	0.162187874782	0.192529852539	0.168949843042	0.233995750386	0.224402281458	0.176081595296	0.16645905363	0.182786549908	0.173795581089	0.312326854102	0.317126189103
SAMEA3136670.snv.bam	0.265306122449	0.204017365782	0.363309279911	0.147301587302	0.19961299435	0.200238095238	0.200422352177	0.194391534392	0.166666666667	0.294362486828	0.115615334633	0.0872483221477	0.240401094687	0.283783783784	0.0	0.235062538754	0.30039721279	0.231292517007	0.000942047817048	0.22	0.236986986987	0.14380952381	0.179677120256	0.225763993988	0.293918918919	0.213333333333	0.193333333333	0.215619739057	0.28026185835	0.30407523511	0.128324633358	0.130942932729	0.128386243386	0.129222641394	0.0	0.223394055609	0.195945945946	0.243155930827	0.32515801882	0.246575342466	0.254268200619	0.154967521368	0.171232876712	0.220596952141	0.183595664216	0.326315789474	0.295366795367	0.106666666667	0.100990731863	0.249159796545	0.24	0.325811138965	0.342857142857
SAMEA3136704.snv.bam	0.196548418025	0.303201896143	0.290093567251	0.179511278195	0.133969050146	0.133693609023	0.13352918114	0.18567251462	0.225563909774	0.252440756522	0.146236937373	0.293282876064	0.107689914438	0.0685714285714	0.225563909774	0.115126534001	0.239113790817	0.23166023166	0.21720467033	0.238721804511	0.155731922399	0.179510204082	0.175857696591	0.177991902639	0.0880952380952	0.24530075188	0.182330827068	0.308126519599	0.258059164725	0.159024648821	0.0954045341463	0.0916733248109	0.0956819131161	0.153382456725	0.223394055609	0.0	0.135238095238	0.120178920179	0.246237173321	0.204633204633	0.199598604322	0.135071332177	0.177606177606	0.257919661893	0.195933196678	0.304165017808	0.0885714285714	0.251879699248	0.243208692873	0.269677056607	0.265037593985	0.211454468695	0.223776223776
SAMEA3136735.snv.bam	0.162162162162	0.249627987488	0.22256143715	0.139703563545	0.27113873611	0.271759697256	0.271594180447	0.171764953222	0.158940397351	0.177924130664	0.121472186721	0.24	0.166424706827	0.193333333333	0.198675496689	0.22581716787	0.159748886878	0.190476190476	0.191424646782	0.198675496689	0.12801391996	0.115387755102	0.159447470453	0.106869534367	0.164429530201	0.218543046358	0.105960264901	0.22552246604	0.204895885778	0.247198007472	0.0674691358025	0.070091966967	0.0664616840114	0.12564868606	0.195945945946	0.135238095238	0.0	0.230487426406	0.190017053653	0.183673469388	0.271630705524	0.0546034980472	0.142857142857	0.166799620133	0.0885489417989	0.199024050192	0.17929050815	0.185430463576	0.175997425997	0.224178769651	0.211920529801	0.311501730609	0.330985915493
SZEY-48A.snv.bam	0.270553191101	0.210495840028	0.372306712264	0.237202618411	0.198512397565	0.198231410648	0.198063672136	0.297277964392	0.307930548199	0.300198643949	0.243974208086	0.265832365832	0.206876238719	0.186432161942	0.244971583227	0.206136818637	0.285000736403	0.292481771102	0.24387132982	0.281084910615	0.200570958394	0.282681503411	0.257892221324	0.250063736439	0.183060250407	0.304735085943	0.281084910615	0.277666331338	0.318389561431	0.203894971242	0.219512182012	0.217461486383	0.219857063146	0.264675296657	0.243155930827	0.120178920179	0.230487426406	0.0	0.2813702452	0.2924519159	0.0739723609031	0.214721117808	0.300787568596	0.276612376612	0.236964452589	0.347845772501	0.205220176649	0.267022909976	0.258484894101	0.298995142206	0.293475204885	0.244147273489	0.254716027378
SZEY-68A.snv.bam	0.174808601892	0.231715338946	0.232936016668	0.222535701846	0.332627962011	0.332470020401	0.332042226779	0.186958252475	0.277051301189	0.147897634611	0.217343026672	0.341475268559	0.291280365853	0.237969101605	0.325327163258	0.314380770978	0.145968885054	0.292003111152	0.321360721627	0.249465094293	0.190535054171	0.270813180136	0.243025708806	0.227203889841	0.26344362708	0.255376424342	0.235671990844	0.229303570131	0.262839430516	0.29473819831	0.216796770616	0.215113026645	0.216761208141	0.260808447881	0.32515801882	0.246237173321	0.190017053653	0.2813702452	0.0	0.167864157447	0.345966249538	0.216672875018	0.256542118244	0.272426518954	0.183206444404	0.28431082932	0.306900170537	0.283947852913	0.283239843099	0.299419571161	0.31153405981	0.202666508287	0.230906953129
T2D-15A.snv.bam	0.184931506849	0.264828176593	0.198832114299	0.215404282518	0.228805027869	0.228427612656	0.228011303426	0.167359113668	0.234899328859	0.137257980115	0.169585410207	0.27027027027	0.228670663819	0.170068027211	0.248322147651	0.243666743667	0.148050885359	0.206896551724	0.242340848806	0.187919463087	0.1569664903	0.172795031056	0.128887383482	0.18267395313	0.187074829932	0.154362416107	0.161073825503	0.179725577453	0.248411763936	0.243686868687	0.169231731732	0.173791856925	0.169516352402	0.198446627367	0.246575342466	0.204633204633	0.183673469388	0.2924519159	0.167864157447	0.0	0.356062238733	0.142584753055	0.137931034483	0.296931546932	0.203980319605	0.281525962557	0.22934888241	0.208053691275	0.205805609915	0.3065929467	0.302013422819	0.20619744758	0.201438848921
T2D-26A.snv.bam	0.353296333612	0.174402650521	0.424814001579	0.222570415498	0.210573930911	0.210300290056	0.210480934114	0.308575187777	0.281962288189	0.364029395231	0.241801135726	0.250922566401	0.183457472744	0.265253467359	0.255818497339	0.165471486313	0.347142846338	0.35664583955	0.255038973262	0.242178258635	0.265744024141	0.256319932509	0.256172272802	0.294314441434	0.248697175968	0.340785817601	0.25525015406	0.356741412712	0.353546093618	0.149622855825	0.297195025931	0.286012564549	0.295283088076	0.337724545137	0.254268200619	0.199598604322	0.271630705524	0.0739723609031	0.345966249538	0.356062238733	0.0	0.256852299192	0.275525325981	0.251784764631	0.219732548715	0.346409424786	0.247278065277	0.308106079039	0.300617406969	0.302647712964	0.295034183614	0.240739752574	0.259113801197
V1.CD18-3.snv.bam	0.147634188034	0.206664668924	0.260089066272	0.113335727453	0.243052793187	0.243665637195	0.243502284005	0.171121804847	0.145392994805	0.190013860014	0.0953426692814	0.198981106613	0.1650485754	0.193676345729	0.15846489023	0.199628424694	0.198070000808	0.162718981242	0.149973756668	0.15846489023	0.120656968736	0.0808469072299	0.120171322697	0.0805873432172	0.163875021226	0.217288419641	0.10617730853	0.237182896469	0.203819653317	0.218486738487	0.0666589818563	0.0694582621083	0.0686474817847	0.098234762217	0.154967521368	0.135071332177	0.0546034980472	0.214721117808	0.216672875018	0.142584753055	0.256852299192	0.0	0.115739115471	0.179375468586	0.0878895757021	0.197336579256	0.165294131917	0.145392994805	0.135284981685	0.182546358012	0.171536785654	0.303423143295	0.302413483952
V1.FI36.snv.bam	0.22602739726	0.232616123372	0.232845719742	0.108021732183	0.141556705722	0.141179290508	0.141364784071	0.162139128582	0.127516778523	0.209561965812	0.0823370880594	0.168918918919	0.121381535485	0.224489795918	0.174496644295	0.155587593088	0.215164979319	0.179310344828	0.166478779841	0.0738255033557	0.129755605946	0.0591727493917	0.081483786359	0.160390522276	0.180272108844	0.167785234899	0.0604026845638	0.270634668362	0.188680220312	0.132575757576	0.135447947948	0.138595993953	0.135959305422	0.162187874782	0.171232876712	0.177606177606	0.142857142857	0.300787568596	0.256542118244	0.137931034483	0.275525325981	0.115739115471	0.0	0.202587202587	0.118441655942	0.200989049806	0.161321671526	0.234899328859	0.226353555121	0.227033078483	0.214765100671	0.195132854278	0.205673758865
V1.UC12-4.snv.bam	0.301650127153	0.228837495112	0.334722518547	0.133067712015	0.315490031349	0.315668310734	0.315850143239	0.230951309899	0.164604888289	0.251931313836	0.179527428558	0.205656497047	0.23739244266	0.319639126306	0.229400959664	0.285061333075	0.231030012997	0.169303919304	0.216272763148	0.204809566652	0.19420702754	0.186429676144	0.213917924618	0.201274792589	0.299639126306	0.289117558854	0.171183835658	0.302608318875	0.184843807957	0.246407913075	0.205736684214	0.210197852731	0.205288193775	0.192529852539	0.220596952141	0.257919661893	0.166799620133	0.276612376612	0.272426518954	0.296931546932	0.251784764631	0.179375468586	0.202587202587	0.0	0.116879769115	0.178840037566	0.302875686982	0.282519868046	0.268393550273	0.108218701031	0.0995464087569	0.325616316861	0.350048811587
V1.UC13-3.snv.bam	0.207980451689	0.169835494027	0.266444096352	0.0505730472013	0.246110619947	0.246727495823	0.246909328328	0.161279500835	0.148630691312	0.143381778841	0.084270824173	0.162124198465	0.155457650395	0.255334656085	0.186551012949	0.202418923363	0.154093949547	0.191217556843	0.179021466521	0.121583907686	0.134495149912	0.0814067460317	0.134847619314	0.110303655701	0.212001322751	0.226755691312	0.0959991123642	0.246581890332	0.166378139244	0.160018744394	0.1405335681	0.143970384574	0.139950135756	0.168949843042	0.183595664216	0.195933196678	0.0885489417989	0.236964452589	0.183206444404	0.203980319605	0.219732548715	0.0878895757021	0.118441655942	0.116879769115	0.0	0.160345834433	0.227596560847	0.232329521721	0.223904069458	0.171016973204	0.16069209482	0.247261365252	0.262006049506
V1.UC58-4.snv.bam	0.30701754386	0.312198268588	0.26013875749	0.202892853048	0.319973753204	0.320150867364	0.320331511422	0.275203258691	0.235638114895	0.177226720648	0.2367032323	0.236495844875	0.242724492007	0.35064482398	0.326453388373	0.315620606566	0.184148454232	0.187566231014	0.322730144282	0.195734434125	0.185572466855	0.213486908761	0.222800343716	0.160216677904	0.228128267689	0.281389748882	0.169590643275	0.304444824182	0.0464925021341	0.236745118324	0.250445649944	0.252806530214	0.249707875353	0.233995750386	0.326315789474	0.304165017808	0.199024050192	0.347845772501	0.28431082932	0.281525962557	0.346409424786	0.197336579256	0.200989049806	0.178840037566	0.160345834433	0.0	0.256037444605	0.339525283798	0.333299916458	0.140279513824	0.130374957	0.329955266143	0.328303275672
alien-11-60-0.snv.bam	0.248069498069	0.334958764094	0.308339641049	0.222642699464	0.141478778955	0.141201513718	0.141035996909	0.255965520866	0.256385998108	0.24477645642	0.202533190961	0.271428571429	0.101936400042	0.129434324065	0.296121097446	0.162084520418	0.243535547237	0.208940719145	0.2896249159	0.203405865658	0.17307624019	0.178910585817	0.174065836492	0.215824472047	0.0958772770853	0.249763481552	0.143803216651	0.340793402	0.263096943979	0.139565913539	0.178897707231	0.181797965271	0.178623988227	0.224402281458	0.295366795367	0.0885714285714	0.17929050815	0.205220176649	0.306900170537	0.22934888241	0.247278065277	0.165294131917	0.161321671526	0.302875686982	0.227596560847	0.256037444605	0.0	0.282876064333	0.274774774775	0.308571384142	0.296121097446	0.22580853568	0.228771228771
alien-11-600-0.snv.bam	0.293333333333	0.259566689641	0.325384653687	0.216308745721	0.30681012518	0.307422969188	0.307259615997	0.195663450565	0.196078431373	0.256600831601	0.185243792124	0.151315789474	0.294510877145	0.23178807947	0.104575163399	0.303278897029	0.260983984709	0.241610738255	0.108318275684	0.274509803922	0.238901152808	0.206767983789	0.242658646898	0.220950732587	0.294701986755	0.202614379085	0.248366013072	0.153396206968	0.332936462434	0.351965601966	0.17184454191	0.174990740741	0.171620500052	0.176081595296	0.106666666667	0.251879699248	0.185430463576	0.267022909976	0.283947852913	0.208053691275	0.308106079039	0.145392994805	0.234899328859	0.282519868046	0.232329521721	0.339525283798	0.282876064333	0.0	0.00031746031746	0.264251744349	0.261437908497	0.327048205102	0.328671328671
