	147406386-supragingivalplaque3.snv.bam	158114885-supragingivalplaque2.snv.bam	159005010-supragingivalplaque2.snv.bam	159207311-supragingivalplaque3.snv.bam	159268001-supragingivalplaque1.snv.bam	159268001-supragingivalplaque2.snv.bam	159268001-supragingivalplaque3.snv.bam	159510762-supragingivalplaque2.snv.bam	159551223-supragingivalplaque1.snv.bam	159551223-supragingivalplaque2.snv.bam	159591683-supragingivalplaque1.snv.bam	159611913-supragingivalplaque2.snv.bam	160218816-buccalmucosa1.snv.bam	160259276-supragingivalplaque1.snv.bam	160400887-supragingivalplaque1.snv.bam	160542498-supragingivalplaque1.snv.bam	160582958-supragingivalplaque2.snv.bam	160643649-supragingivalplaque1.snv.bam	370425937-supragingivalplaque1.snv.bam	404239096-supragingivalplaque2.snv.bam	508703490-supragingivalplaque2.snv.bam	517810313-supragingivalplaque2.snv.bam	604812005-supragingivalplaque2.snv.bam	604812005-supragingivalplaque3.snv.bam	638754422-supragingivalplaque2.snv.bam	638754422-supragingivalplaque3.snv.bam	650853796-supragingivalplaque1.snv.bam	663835652-supragingivalplaque3.snv.bam	706846339-supragingivalplaque1.snv.bam	706846339-supragingivalplaque2.snv.bam	763840445-supragingivalplaque2.snv.bam	764285508-supragingivalplaque1.snv.bam	764285508-supragingivalplaque2.snv.bam	764508039-supragingivalplaque3.snv.bam	765013792-supragingivalplaque3.snv.bam	765195863-supragingivalplaque3.snv.bam	765701615-supragingivalplaque1.snv.bam	765701615-supragingivalplaque2.snv.bam	809635352-supragingivalplaque1.snv.bam	937495960-supragingivalplaque1.snv.bam
147406386-supragingivalplaque3.snv.bam	0.0	0.173121007483	0.149382482183	0.169637479577	0.153523265584	0.138655893507	0.143915946817	0.15494296887	0.158458363243	0.159523282505	0.1581964275	0.178352121663	0.160595622042	0.143379255134	0.124291215321	0.145109512541	0.140205490797	0.150139448727	0.131133310112	0.13274649784	0.138083292159	0.167268524792	0.14947594166	0.168853876553	0.16183104049	0.165859676666	0.151312334697	0.168534948941	0.171802898165	0.153640834965	0.134509017229	0.140882818632	0.178338296108	0.155416043844	0.147811891576	0.12306115147	0.172084215194	0.165539761669	0.151499415946	0.189095410583
158114885-supragingivalplaque2.snv.bam	0.173121007483	0.0	0.184129801467	0.19423598054	0.197218549522	0.178320358102	0.179236547699	0.184426842676	0.200369793403	0.200610430302	0.168803491937	0.195873775759	0.184998475204	0.174240656315	0.176467813549	0.17035588848	0.175683734107	0.188383049465	0.20295574326	0.165832280389	0.154867106587	0.186257242476	0.172807317516	0.189521420524	0.178434509239	0.182008064375	0.165593024793	0.175137741047	0.179364013612	0.208440029288	0.157987211565	0.185355020796	0.197061430833	0.200013975038	0.156520353161	0.179687026208	0.194861144745	0.192035560785	0.1996153116	0.164832187634
159005010-supragingivalplaque2.snv.bam	0.149382482183	0.184129801467	0.0	0.177941262161	0.144892551401	0.125548586249	0.128464461206	0.122966986077	0.159979131626	0.16404381443	0.173041155931	0.185139356583	0.160929089482	0.13207738633	0.123044333617	0.144030959099	0.112736741076	0.144976670333	0.132945205642	0.118803808407	0.13656010759	0.160164060945	0.121417178509	0.155243487634	0.126069891242	0.13476286784	0.111725447077	0.155033610776	0.159277226549	0.167970475389	0.12997843864	0.144311667471	0.17574509265	0.165183656386	0.18766286828	0.129601034075	0.176210133839	0.165876226992	0.141085783594	0.154451141963
159207311-supragingivalplaque3.snv.bam	0.169637479577	0.19423598054	0.177941262161	0.0	0.176927484275	0.167142090776	0.169526860322	0.176800907717	0.169928137384	0.173019761707	0.13841503193	0.184989349621	0.176160372932	0.14927896369	0.131323820602	0.176971483921	0.168198910096	0.151260895379	0.170333832009	0.149060154844	0.152284422613	0.166227482831	0.1685239311	0.183377503276	0.169852731969	0.166263427109	0.164806235281	0.180589864131	0.175419185675	0.186451553471	0.143523713118	0.170461797528	0.18532450877	0.149807517506	0.177699957616	0.156612269863	0.176521644231	0.17203535811	0.178596360339	0.18331236726
159268001-supragingivalplaque1.snv.bam	0.153523265584	0.197218549522	0.144892551401	0.176927484275	0.0	0.0639120393833	0.0800147310015	0.171277733968	0.150465988514	0.153607892702	0.165222878002	0.183907917033	0.169169326054	0.143635122225	0.149631477562	0.096463846773	0.15617140755	0.171170652867	0.155161788117	0.133782176306	0.161935076945	0.171130103805	0.146051930704	0.16851025751	0.142288437836	0.148028956988	0.132375121016	0.153572608019	0.172270522291	0.193139236267	0.125760580032	0.157116345351	0.178233101383	0.17932421198	0.163179980177	0.160653958935	0.174328794795	0.167048021726	0.169591739655	0.174391334242
159268001-supragingivalplaque2.snv.bam	0.138655893507	0.178320358102	0.125548586249	0.167142090776	0.0639120393833	0.0	0.0255698452229	0.154781701371	0.155417782055	0.159858353891	0.152364779682	0.164959790064	0.147243497032	0.128729133679	0.133996970909	0.121417156481	0.137109983285	0.14541551491	0.146843707844	0.12580390622	0.145009503837	0.153086413795	0.138944450706	0.149008271187	0.122363686519	0.129086445785	0.125183872786	0.157826352365	0.160719988507	0.18085757924	0.116717229655	0.146604805166	0.159970633053	0.167231540432	0.156790530206	0.142485830092	0.154921576227	0.147698673635	0.147876665347	0.159586679299
159268001-supragingivalplaque3.snv.bam	0.143915946817	0.179236547699	0.128464461206	0.169526860322	0.0800147310015	0.0255698452229	0.0	0.155927884812	0.160340482144	0.164465656212	0.157979739128	0.16361465265	0.149397781689	0.132455076938	0.138063212142	0.128955848515	0.135656182788	0.144937891097	0.153256484191	0.131797100177	0.147418274975	0.154799732881	0.143443336156	0.151927867964	0.127347349452	0.132760359709	0.128179496401	0.160300947722	0.163132849629	0.181680315962	0.121315258952	0.146072665636	0.15998166404	0.162531447375	0.158857594132	0.143043614416	0.151000681775	0.144816409744	0.150403874834	0.160770984253
159510762-supragingivalplaque2.snv.bam	0.15494296887	0.184426842676	0.122966986077	0.176800907717	0.171277733968	0.154781701371	0.155927884812	0.0	0.19076285235	0.195501676942	0.188148620247	0.177561372817	0.1623664903	0.1500571346	0.141206899373	0.176952220965	0.123231849221	0.165350136014	0.157669852232	0.147315669953	0.155539647683	0.178305834293	0.147841314864	0.164134217003	0.160349874949	0.16811451833	0.143134763587	0.172255723776	0.181459721161	0.181910364024	0.140114758854	0.158783766758	0.167291969405	0.173003211157	0.193311045097	0.128384162048	0.164109986881	0.159870703325	0.162142235098	0.180969988674
159551223-supragingivalplaque1.snv.bam	0.158458363243	0.200369793403	0.159979131626	0.169928137384	0.150465988514	0.155417782055	0.160340482144	0.19076285235	0.0	0.0174514443617	0.181818818546	0.203228071996	0.18539628032	0.139557116322	0.154098619764	0.154568002325	0.176206259203	0.168270035697	0.159816042801	0.131382254966	0.155438462775	0.182590491308	0.166140089399	0.187013521466	0.166895799031	0.178050653764	0.143461776908	0.161485410213	0.194451351667	0.183896934094	0.141186660988	0.161514986701	0.198820919687	0.179491502297	0.180890452086	0.169237679159	0.187797971453	0.183770605787	0.178214665328	0.18127470421
159551223-supragingivalplaque2.snv.bam	0.159523282505	0.200610430302	0.16404381443	0.173019761707	0.153607892702	0.159858353891	0.164465656212	0.195501676942	0.0174514443617	0.0	0.184540166362	0.206114133001	0.189792463913	0.139167833063	0.15990233284	0.155977549869	0.181579252935	0.170792138302	0.164887714238	0.13827436097	0.156912050672	0.188190986101	0.169259874249	0.191742624429	0.17396834171	0.185127501312	0.145494656905	0.159147764104	0.201122258466	0.188946005026	0.140700429202	0.158616825286	0.202043515359	0.180665203488	0.18206097057	0.170847310631	0.188685450988	0.186812223788	0.182213443121	0.180133795747
159591683-supragingivalplaque1.snv.bam	0.1581964275	0.168803491937	0.173041155931	0.13841503193	0.165222878002	0.152364779682	0.157979739128	0.188148620247	0.181818818546	0.184540166362	0.0	0.17898141008	0.173122015283	0.153838167251	0.145237685592	0.138352596563	0.165612501681	0.179141459969	0.175177650834	0.147356070316	0.157568747296	0.170353535806	0.150335139498	0.174710143967	0.157736417798	0.160374182824	0.139067938996	0.157129760978	0.177464863739	0.194412485929	0.144228233793	0.169078374048	0.176078648906	0.194399436341	0.162044367457	0.174180201708	0.172010994998	0.169022439203	0.176655964744	0.163953307306
159611913-supragingivalplaque2.snv.bam	0.178352121663	0.195873775759	0.185139356583	0.184989349621	0.183907917033	0.164959790064	0.16361465265	0.177561372817	0.203228071996	0.206114133001	0.17898141008	0.0	0.0453051867974	0.159261960013	0.171101823767	0.185399977348	0.138364095436	0.131376240487	0.187404919434	0.163224367308	0.172570752587	0.183076648845	0.15770600746	0.0551627249914	0.161285789234	0.174711890668	0.170427715878	0.186417045573	0.185262389402	0.206953312724	0.156990549549	0.174784546854	0.0167177673272	0.170597720423	0.171189952739	0.173278989377	0.0284695124625	0.036476653334	0.077084882725	0.163570201018
160218816-buccalmucosa1.snv.bam	0.160595622042	0.184998475204	0.160929089482	0.176160372932	0.169169326054	0.147243497032	0.149397781689	0.1623664903	0.18539628032	0.189792463913	0.173122015283	0.0453051867974	0.0	0.141639425884	0.148480519258	0.175236636633	0.117883543356	0.114618218347	0.169388796122	0.143222473715	0.146546376756	0.176389610848	0.137648700925	0.0572475995024	0.146843532783	0.158437406544	0.147765498278	0.176577768427	0.174160207304	0.191911409999	0.137058329174	0.162023472271	0.0486758933675	0.154020446143	0.167931524753	0.148851263682	0.0625614901501	0.0592986227809	0.0670665787405	0.156460461703
160259276-supragingivalplaque1.snv.bam	0.143379255134	0.174240656315	0.13207738633	0.14927896369	0.143635122225	0.128729133679	0.132455076938	0.1500571346	0.139557116322	0.139167833063	0.153838167251	0.159261960013	0.141639425884	0.0	0.134400789535	0.153006716037	0.116858619349	0.151640603644	0.134610624406	0.105699198637	0.119448139026	0.154012143067	0.122816292983	0.154412299626	0.132352156226	0.142640771117	0.119091764085	0.15840650123	0.158030024695	0.17269180948	0.024421111218	0.116775946416	0.158493019658	0.156825892409	0.161648460459	0.125919748962	0.155280844671	0.151248081388	0.153057326689	0.146763044952
160400887-supragingivalplaque1.snv.bam	0.124291215321	0.176467813549	0.123044333617	0.131323820602	0.149631477562	0.133996970909	0.138063212142	0.141206899373	0.154098619764	0.15990233284	0.145237685592	0.171101823767	0.148480519258	0.134400789535	0.0	0.145912498079	0.128181726672	0.144541271843	0.136404005871	0.125981327143	0.126558306474	0.156405573871	0.1215948999	0.153122370344	0.133714464137	0.14176706192	0.116377417888	0.135943209865	0.163203927543	0.178636175945	0.134398417487	0.151126875835	0.169486442555	0.161906353252	0.170929713039	0.11887293565	0.161644688313	0.155476439716	0.148993540486	0.1638082306
160542498-supragingivalplaque1.snv.bam	0.145109512541	0.17035588848	0.144030959099	0.176971483921	0.096463846773	0.121417156481	0.128955848515	0.176952220965	0.154568002325	0.155977549869	0.138352596563	0.185399977348	0.175236636633	0.153006716037	0.145912498079	0.0	0.164883226615	0.168328244127	0.157587098784	0.129893172285	0.155629518703	0.173812499934	0.140483485393	0.169066714877	0.149126890395	0.156229125229	0.107286217505	0.151104516037	0.177283078647	0.182203225914	0.137687409925	0.16107908134	0.180577226144	0.182044478623	0.158258712646	0.156105635982	0.174283406335	0.171434776724	0.170684986802	0.15898340429
160582958-supragingivalplaque2.snv.bam	0.140205490797	0.175683734107	0.112736741076	0.168198910096	0.15617140755	0.137109983285	0.135656182788	0.123231849221	0.176206259203	0.181579252935	0.165612501681	0.138364095436	0.117883543356	0.116858619349	0.128181726672	0.164883226615	0.0	0.125513862505	0.133730773347	0.124385047502	0.123465810886	0.177381848751	0.118681842258	0.127428581536	0.142895309722	0.147078141106	0.122380223516	0.166447049943	0.166071413216	0.188054520672	0.117224947578	0.141426454797	0.132647943656	0.133807607238	0.171028113515	0.123687012379	0.134133299748	0.127004581792	0.122547301072	0.166379094178
160643649-supragingivalplaque1.snv.bam	0.150139448727	0.188383049465	0.144976670333	0.151260895379	0.171170652867	0.14541551491	0.144937891097	0.165350136014	0.168270035697	0.170792138302	0.179141459969	0.131376240487	0.114618218347	0.151640603644	0.144541271843	0.168328244127	0.125513862505	0.0	0.167236809513	0.13673369393	0.107492755963	0.154463523248	0.153980403008	0.125791868747	0.15863839352	0.163613650806	0.159362141201	0.186180576446	0.1888577007	0.186362570616	0.156801181069	0.147402832269	0.131355383512	0.0915130401184	0.166170713656	0.149291598031	0.12796127954	0.120793499953	0.123150384827	0.174053861437
370425937-supragingivalplaque1.snv.bam	0.131133310112	0.20295574326	0.132945205642	0.170333832009	0.155161788117	0.146843707844	0.153256484191	0.157669852232	0.159816042801	0.164887714238	0.175177650834	0.187404919434	0.169388796122	0.134610624406	0.136404005871	0.157587098784	0.133730773347	0.167236809513	0.0	0.12780541103	0.131394548052	0.15407679948	0.156670912066	0.182605932177	0.149422783931	0.154297427144	0.145701348676	0.175659210774	0.161191796262	0.179906889879	0.141319145441	0.138121043706	0.183471523035	0.177622522374	0.192417091445	0.138069701276	0.182207750797	0.175375146015	0.149189609298	0.16585809962
404239096-supragingivalplaque2.snv.bam	0.13274649784	0.165832280389	0.118803808407	0.149060154844	0.133782176306	0.12580390622	0.131797100177	0.147315669953	0.131382254966	0.13827436097	0.147356070316	0.163224367308	0.143222473715	0.105699198637	0.125981327143	0.129893172285	0.124385047502	0.13673369393	0.12780541103	0.0	0.110006205891	0.152428446172	0.115575342176	0.147864059455	0.131756399067	0.136326834027	0.117548969808	0.140511883488	0.149405485273	0.160606153244	0.0892509492268	0.130620560809	0.162674345448	0.147999862565	0.166796306141	0.121188943112	0.164046899565	0.155213793834	0.138599903087	0.152442800916
508703490-supragingivalplaque2.snv.bam	0.138083292159	0.154867106587	0.13656010759	0.152284422613	0.161935076945	0.145009503837	0.147418274975	0.155539647683	0.155438462775	0.156912050672	0.157568747296	0.172570752587	0.146546376756	0.119448139026	0.126558306474	0.155629518703	0.123465810886	0.107492755963	0.131394548052	0.110006205891	0.0	0.154591053802	0.118610202073	0.159979271125	0.143465329676	0.149259505912	0.124885209016	0.146102145413	0.165381308118	0.179966396107	0.115756046678	0.135522119634	0.173346985578	0.102192048333	0.169179010308	0.129949406827	0.169989861817	0.163982285056	0.159508866055	0.155968949606
517810313-supragingivalplaque2.snv.bam	0.167268524792	0.186257242476	0.160164060945	0.166227482831	0.171130103805	0.153086413795	0.154799732881	0.178305834293	0.182590491308	0.188190986101	0.170353535806	0.183076648845	0.176389610848	0.154012143067	0.156405573871	0.173812499934	0.177381848751	0.154463523248	0.15407679948	0.152428446172	0.154591053802	0.0	0.170359184101	0.176412142411	0.155337984295	0.154961705157	0.161557050293	0.166549912434	0.133639627968	0.182643240936	0.159677923702	0.152027940321	0.18476471912	0.184974083716	0.154661529018	0.163008026971	0.189595345864	0.184788737634	0.184902459719	0.155373422873
604812005-supragingivalplaque2.snv.bam	0.14947594166	0.172807317516	0.121417178509	0.1685239311	0.146051930704	0.138944450706	0.143443336156	0.147841314864	0.166140089399	0.169259874249	0.150335139498	0.15770600746	0.137648700925	0.122816292983	0.1215948999	0.140483485393	0.118681842258	0.153980403008	0.156670912066	0.115575342176	0.118610202073	0.170359184101	0.0	0.12114728135	0.129786740517	0.136652832766	0.063545265548	0.143463126484	0.170281197352	0.186964983637	0.113265962405	0.141854302798	0.154444513786	0.168168788328	0.185058806177	0.111110901452	0.154938605823	0.148195743268	0.145150893292	0.162306980912
604812005-supragingivalplaque3.snv.bam	0.168853876553	0.189521420524	0.155243487634	0.183377503276	0.16851025751	0.149008271187	0.151927867964	0.164134217003	0.187013521466	0.191742624429	0.174710143967	0.0551627249914	0.0572475995024	0.154412299626	0.153122370344	0.169066714877	0.127428581536	0.125791868747	0.182605932177	0.147864059455	0.159979271125	0.176412142411	0.12114728135	0.0	0.143728228248	0.154730785632	0.144533455556	0.178007387253	0.179529018206	0.194412308692	0.151845342557	0.168477908799	0.0509764023162	0.17177222118	0.171845153272	0.154761317901	0.0733449510089	0.0686507866991	0.0757878624026	0.161060877635
638754422-supragingivalplaque2.snv.bam	0.16183104049	0.178434509239	0.126069891242	0.169852731969	0.142288437836	0.122363686519	0.127347349452	0.160349874949	0.166895799031	0.17396834171	0.157736417798	0.161285789234	0.146843532783	0.132352156226	0.133714464137	0.149126890395	0.142895309722	0.15863839352	0.149422783931	0.131756399067	0.143465329676	0.155337984295	0.129786740517	0.143728228248	0.0	0.041726778789	0.129903974232	0.138193838086	0.159477124382	0.194158698344	0.126521098352	0.144728164175	0.158515606396	0.188701735905	0.181205035496	0.147952132572	0.16189489054	0.156081558093	0.152766517268	0.156158347831
638754422-supragingivalplaque3.snv.bam	0.165859676666	0.182008064375	0.13476286784	0.166263427109	0.148028956988	0.129086445785	0.132760359709	0.16811451833	0.178050653764	0.185127501312	0.160374182824	0.174711890668	0.158437406544	0.142640771117	0.14176706192	0.156229125229	0.147078141106	0.163613650806	0.154297427144	0.136326834027	0.149259505912	0.154961705157	0.136652832766	0.154730785632	0.041726778789	0.0	0.138743481023	0.150507991268	0.159577631571	0.194800390455	0.135244815841	0.160292887719	0.171695039706	0.19214107043	0.187934084377	0.145509969511	0.172499018992	0.166971593771	0.163499209171	0.167112497209
650853796-supragingivalplaque1.snv.bam	0.151312334697	0.165593024793	0.111725447077	0.164806235281	0.132375121016	0.125183872786	0.128179496401	0.143134763587	0.143461776908	0.145494656905	0.139067938996	0.170427715878	0.147765498278	0.119091764085	0.116377417888	0.107286217505	0.122380223516	0.159362141201	0.145701348676	0.117548969808	0.124885209016	0.161557050293	0.063545265548	0.144533455556	0.129903974232	0.138743481023	0.0	0.135208566542	0.159562477023	0.16941632336	0.108795626015	0.136892217711	0.165572529696	0.172084766744	0.185913979289	0.110597687448	0.166413242375	0.160538608988	0.147902338383	0.152246474722
663835652-supragingivalplaque3.snv.bam	0.168534948941	0.175137741047	0.155033610776	0.180589864131	0.153572608019	0.157826352365	0.160300947722	0.172255723776	0.161485410213	0.159147764104	0.157129760978	0.186417045573	0.176577768427	0.15840650123	0.135943209865	0.151104516037	0.166447049943	0.186180576446	0.175659210774	0.140511883488	0.146102145413	0.166549912434	0.143463126484	0.178007387253	0.138193838086	0.150507991268	0.135208566542	0.0	0.170602757255	0.193832364546	0.139752040176	0.147499132396	0.183291272385	0.189084953852	0.165611385364	0.168620333937	0.181071304552	0.17883646218	0.182703776598	0.158278658084
706846339-supragingivalplaque1.snv.bam	0.171802898165	0.179364013612	0.159277226549	0.175419185675	0.172270522291	0.160719988507	0.163132849629	0.181459721161	0.194451351667	0.201122258466	0.177464863739	0.185262389402	0.174160207304	0.158030024695	0.163203927543	0.177283078647	0.166071413216	0.1888577007	0.161191796262	0.149405485273	0.165381308118	0.133639627968	0.170281197352	0.179529018206	0.159477124382	0.159577631571	0.159562477023	0.170602757255	0.0	0.170680968934	0.148802270158	0.169481268158	0.185202186711	0.212114753208	0.188590004763	0.169521416702	0.187713529993	0.182372022911	0.171821715944	0.169865373708
706846339-supragingivalplaque2.snv.bam	0.153640834965	0.208440029288	0.167970475389	0.186451553471	0.193139236267	0.18085757924	0.181680315962	0.181910364024	0.183896934094	0.188946005026	0.194412485929	0.206953312724	0.191911409999	0.17269180948	0.178636175945	0.182203225914	0.188054520672	0.186362570616	0.179906889879	0.160606153244	0.179966396107	0.182643240936	0.186964983637	0.194412308692	0.194158698344	0.194800390455	0.16941632336	0.193832364546	0.170680968934	0.0	0.167784320561	0.18255842215	0.203646676109	0.192756736874	0.195702282946	0.156057488426	0.20029573375	0.191036358794	0.184590414446	0.198356262597
763840445-supragingivalplaque2.snv.bam	0.134509017229	0.157987211565	0.12997843864	0.143523713118	0.125760580032	0.116717229655	0.121315258952	0.140114758854	0.141186660988	0.140700429202	0.144228233793	0.156990549549	0.137058329174	0.024421111218	0.134398417487	0.137687409925	0.117224947578	0.156801181069	0.141319145441	0.0892509492268	0.115756046678	0.159677923702	0.113265962405	0.151845342557	0.126521098352	0.135244815841	0.108795626015	0.139752040176	0.148802270158	0.167784320561	0.0	0.119040708389	0.155804867202	0.155006096797	0.159986819237	0.122039122734	0.1563956707	0.151054598639	0.151075533375	0.142660570722
764285508-supragingivalplaque1.snv.bam	0.140882818632	0.185355020796	0.144311667471	0.170461797528	0.157116345351	0.146604805166	0.146072665636	0.158783766758	0.161514986701	0.158616825286	0.169078374048	0.174784546854	0.162023472271	0.116775946416	0.151126875835	0.16107908134	0.141426454797	0.147402832269	0.138121043706	0.130620560809	0.135522119634	0.152027940321	0.141854302798	0.168477908799	0.144728164175	0.160292887719	0.136892217711	0.147499132396	0.169481268158	0.18255842215	0.119040708389	0.0	0.165314017665	0.145421842153	0.170376615256	0.13287958899	0.161623182808	0.159877888563	0.166057921816	0.157121486526
764285508-supragingivalplaque2.snv.bam	0.178338296108	0.197061430833	0.17574509265	0.18532450877	0.178233101383	0.159970633053	0.15998166404	0.167291969405	0.198820919687	0.202043515359	0.176078648906	0.0167177673272	0.0486758933675	0.158493019658	0.169486442555	0.180577226144	0.132647943656	0.131355383512	0.183471523035	0.162674345448	0.173346985578	0.18476471912	0.154444513786	0.0509764023162	0.158515606396	0.171695039706	0.165572529696	0.183291272385	0.185202186711	0.203646676109	0.155804867202	0.165314017665	0.0	0.17181213682	0.176023429603	0.170433558555	0.0361804252816	0.0378380084572	0.0714169628075	0.162754768367
764508039-supragingivalplaque3.snv.bam	0.155416043844	0.200013975038	0.165183656386	0.149807517506	0.17932421198	0.167231540432	0.162531447375	0.173003211157	0.179491502297	0.180665203488	0.194399436341	0.170597720423	0.154020446143	0.156825892409	0.161906353252	0.182044478623	0.133807607238	0.0915130401184	0.177622522374	0.147999862565	0.102192048333	0.184974083716	0.168168788328	0.17177222118	0.188701735905	0.19214107043	0.172084766744	0.189084953852	0.212114753208	0.192756736874	0.155006096797	0.145421842153	0.17181213682	0.0	0.190475911495	0.149038734434	0.152032832933	0.148895980408	0.159278840802	0.193845970126
765013792-supragingivalplaque3.snv.bam	0.147811891576	0.156520353161	0.18766286828	0.177699957616	0.163179980177	0.156790530206	0.158857594132	0.193311045097	0.180890452086	0.18206097057	0.162044367457	0.171189952739	0.167931524753	0.161648460459	0.170929713039	0.158258712646	0.171028113515	0.166170713656	0.192417091445	0.166796306141	0.169179010308	0.154661529018	0.185058806177	0.171845153272	0.181205035496	0.187934084377	0.185913979289	0.165611385364	0.188590004763	0.195702282946	0.159986819237	0.170376615256	0.176023429603	0.190475911495	0.0	0.183738880241	0.189461385244	0.187014564727	0.184961130851	0.142101745399
765195863-supragingivalplaque3.snv.bam	0.12306115147	0.179687026208	0.129601034075	0.156612269863	0.160653958935	0.142485830092	0.143043614416	0.128384162048	0.169237679159	0.170847310631	0.174180201708	0.173278989377	0.148851263682	0.125919748962	0.11887293565	0.156105635982	0.123687012379	0.149291598031	0.138069701276	0.121188943112	0.129949406827	0.163008026971	0.111110901452	0.154761317901	0.147952132572	0.145509969511	0.110597687448	0.168620333937	0.169521416702	0.156057488426	0.122039122734	0.13287958899	0.170433558555	0.149038734434	0.183738880241	0.0	0.153678473797	0.149973524825	0.150941479253	0.171624172326
765701615-supragingivalplaque1.snv.bam	0.172084215194	0.194861144745	0.176210133839	0.176521644231	0.174328794795	0.154921576227	0.151000681775	0.164109986881	0.187797971453	0.188685450988	0.172010994998	0.0284695124625	0.0625614901501	0.155280844671	0.161644688313	0.174283406335	0.134133299748	0.12796127954	0.182207750797	0.164046899565	0.169989861817	0.189595345864	0.154938605823	0.0733449510089	0.16189489054	0.172499018992	0.166413242375	0.181071304552	0.187713529993	0.20029573375	0.1563956707	0.161623182808	0.0361804252816	0.152032832933	0.189461385244	0.153678473797	0.0	0.0152909556069	0.0863436458521	0.179192063465
765701615-supragingivalplaque2.snv.bam	0.165539761669	0.192035560785	0.165876226992	0.17203535811	0.167048021726	0.147698673635	0.144816409744	0.159870703325	0.183770605787	0.186812223788	0.169022439203	0.036476653334	0.0592986227809	0.151248081388	0.155476439716	0.171434776724	0.127004581792	0.120793499953	0.175375146015	0.155213793834	0.163982285056	0.184788737634	0.148195743268	0.0686507866991	0.156081558093	0.166971593771	0.160538608988	0.17883646218	0.182372022911	0.191036358794	0.151054598639	0.159877888563	0.0378380084572	0.148895980408	0.187014564727	0.149973524825	0.0152909556069	0.0	0.0794914671561	0.175466412595
809635352-supragingivalplaque1.snv.bam	0.151499415946	0.1996153116	0.141085783594	0.178596360339	0.169591739655	0.147876665347	0.150403874834	0.162142235098	0.178214665328	0.182213443121	0.176655964744	0.077084882725	0.0670665787405	0.153057326689	0.148993540486	0.170684986802	0.122547301072	0.123150384827	0.149189609298	0.138599903087	0.159508866055	0.184902459719	0.145150893292	0.0757878624026	0.152766517268	0.163499209171	0.147902338383	0.182703776598	0.171821715944	0.184590414446	0.151075533375	0.166057921816	0.0714169628075	0.159278840802	0.184961130851	0.150941479253	0.0863436458521	0.0794914671561	0.0	0.163231531821
937495960-supragingivalplaque1.snv.bam	0.189095410583	0.164832187634	0.154451141963	0.18331236726	0.174391334242	0.159586679299	0.160770984253	0.180969988674	0.18127470421	0.180133795747	0.163953307306	0.163570201018	0.156460461703	0.146763044952	0.1638082306	0.15898340429	0.166379094178	0.174053861437	0.16585809962	0.152442800916	0.155968949606	0.155373422873	0.162306980912	0.161060877635	0.156158347831	0.167112497209	0.152246474722	0.158278658084	0.169865373708	0.198356262597	0.142660570722	0.157121486526	0.162754768367	0.193845970126	0.142101745399	0.171624172326	0.179192063465	0.175466412595	0.163231531821	0.0
