	BYQ_AAAI.snv.bam	BYQ_AAAK.snv.bam	BYQ_AAAL.snv.bam	BYQ_AAAM.snv.bam	BYQ_AAAN.snv.bam	BYQ_AAAO.snv.bam	BYQ_AAAP.snv.bam	BYQ_AAAQ.snv.bam	BYQ_AAAR.snv.bam	BYQ_AAAS.snv.bam	BYQ_AAAT.snv.bam	BYQ_AAAU.snv.bam	BYQ_AAAV.snv.bam	BYQ_AAAW.snv.bam	BYQ_AAAX.snv.bam	BYQ_AAAY.snv.bam	BYQ_AAAZ.snv.bam	BYQ_AABA.snv.bam	BYQ_AABB.snv.bam	BYQ_AABC.snv.bam	CCIS59903910ST-4-0.snv.bam	M4.1-V3.metaG.snv.bam	NG-5636_312.snv.bam
BYQ_AAAI.snv.bam	0.0	0.00200127037536	0.00194481217974	0.00286000763942	0.00206375006694	0.00237663365998	0.00238234996992	0.00209938181905	0.00224927901021	0.00239909677728	0.00274653169495	0.00214783255682	0.00210664698217	0.00215935011264	0.00210581764528	0.00221140471549	0.0020307248992	0.00210331423377	0.00229706260729	0.00211647199065	0.456617785784	0.684365112	0.385080783368
BYQ_AAAK.snv.bam	0.00200127037536	0.0	0.00046803883433	0.00237675743338	0.000685034674346	0.00069836100443	0.00098509172583	0.000248281039349	0.000389454055361	0.00053055226985	0.000855216927608	0.000546208195217	0.000438690008944	0.000349644834159	0.000321529662463	0.000353784084678	0.000276002656952	0.000251984583378	0.000518488444598	0.000645333906688	0.4696432576	0.688682672083	0.399540393712
BYQ_AAAL.snv.bam	0.00194481217974	0.00046803883433	0.0	0.00264274032626	0.000771836090405	0.000961529263522	0.00107189314189	0.000511449298441	0.000652622314453	0.000793720528942	0.00118175051953	0.000674658047359	0.000605029413038	0.000567927373887	0.00051751055278	0.00061695234377	0.00044678828398	0.00051515284247	0.00078165670369	0.000732135322748	0.469667883854	0.688591040106	0.399560586976
BYQ_AAAM.snv.bam	0.00286000763942	0.00237675743338	0.00264274032626	0.0	0.0028620569774	0.00272173883008	0.00316532319521	0.0023866792054	0.00244447965541	0.00258708694172	0.00276320259849	0.00272174572309	0.00261307760969	0.00252308008009	0.00249466421137	0.00219031255635	0.00244865028602	0.00233949289683	0.00261106139119	0.00277932129516	0.465052529011	0.685700005008	0.391059757236
BYQ_AAAN.snv.bam	0.00206375006694	0.000685034674346	0.000771836090405	0.0028620569774	0.0	0.00117852510354	0.000994944243516	0.000728445138457	0.000869618154469	0.000899326783889	0.00131857961271	0.00101614812951	0.000822025253054	0.000828650530358	0.000734506392796	0.000833948183786	0.000663784123996	0.000732148682486	0.000998652543706	0.000746807883084	0.469144625651	0.688685821621	0.39991239902
BYQ_AAAO.snv.bam	0.00237663365998	0.00069836100443	0.000961529263522	0.00272173883008	0.00117852510354	0.0	0.00147858215502	0.000708177784154	0.000765366589196	0.000906464803685	0.00120208786591	0.00103969862441	0.000932180438136	0.000843135263351	0.000815020091655	0.000695114884586	0.000769493086144	0.000619162759273	0.000930185555281	0.00113882433588	0.469424465494	0.688333961158	0.399834863369
BYQ_AAAP.snv.bam	0.00238234996992	0.00098509172583	0.00107189314189	0.00316532319521	0.000994944243516	0.00147858215502	0.0	0.00102850218994	0.00116967520595	0.00131077342044	0.00169880341103	0.001316205181	0.00112208230454	0.00112870758184	0.00103456344428	0.00113400523527	0.00096384117548	0.00103220573397	0.00129870959519	0.0010891929769	0.469332528443	0.688376981777	0.398908385411
BYQ_AAAQ.snv.bam	0.00209938181905	0.000248281039349	0.000511449298441	0.0023866792054	0.000728445138457	0.000708177784154	0.00102850218994	0.0	0.000399270835085	0.000540369049573	0.000928399040158	0.000589618659328	0.000482100473055	0.00039305529827	0.000364940126574	0.000363600864402	0.000319413121064	0.000261801363102	0.000528305224321	0.0006887443708	0.469633063252	0.688672643048	0.399659168371
BYQ_AAAR.snv.bam	0.00224927901021	0.000389454055361	0.000652622314453	0.00244447965541	0.000869618154469	0.000765366589196	0.00116967520595	0.000399270835085	0.0	0.000597557854616	0.0009855878452	0.00073079167534	0.000623273489067	0.000534228314282	0.000506113142586	0.000420789669444	0.000460586137075	0.000352583852531	0.000577002411312	0.000829917386811	0.469573674877	0.688614217729	0.39951973725
BYQ_AAAS.snv.bam	0.00239909677728	0.00053055226985	0.000793720528942	0.00258708694172	0.000899326783889	0.000906464803685	0.00131077342044	0.000540369049573	0.000597557854616	0.0	0.00112668605969	0.000871889889829	0.000764371703555	0.000675326528771	0.000647211357074	0.000561887883933	0.000601684351564	0.00049368206702	0.0007623768207	0.0009710156013	0.469662095858	0.688769807167	0.399643876526
BYQ_AAAT.snv.bam	0.00274653169495	0.000855216927608	0.00118175051953	0.00276320259849	0.00131857961271	0.00120208786591	0.00169880341103	0.000928399040158	0.0009855878452	0.00112668605969	0.0	0.00118984034014	0.00103076938859	0.000975675343355	0.000980126709214	0.000685988174042	0.000910744113924	0.000839384015276	0.00115040681128	0.00107550566876	0.469644589788	0.688766289376	0.399742202361
BYQ_AAAU.snv.bam	0.00214783255682	0.000546208195217	0.000674658047359	0.00272174572309	0.00101614812951	0.00103969862441	0.001316205181	0.000589618659328	0.00073079167534	0.000871889889829	0.00118984034014	0.0	0.00076980346411	0.000646096734774	0.000652643117629	0.000695121704658	0.000607116112119	0.000593322203357	0.000859826064577	0.000976447361855	0.469579524729	0.688465793346	0.399674433585
BYQ_AAAV.snv.bam	0.00210664698217	0.000438690008944	0.000605029413038	0.00261307760969	0.000822025253054	0.000932180438136	0.00112208230454	0.000482100473055	0.000623273489067	0.000764371703555	0.00103076938859	0.00076980346411	0.0	0.000582305864956	0.000444070016636	0.000587603518384	0.000417439458594	0.000485804017084	0.000705691091594	0.000735293327259	0.469626380378	0.688621023501	0.399790147685
BYQ_AAAW.snv.bam	0.00215935011264	0.000349644834159	0.000567927373887	0.00252308008009	0.000828650530358	0.000843135263351	0.00112870758184	0.00039305529827	0.000534228314282	0.000675326528771	0.000975675343355	0.000646096734774	0.000582305864956	0.0	0.000420306490581	0.000498558343599	0.000419618512965	0.000354089444786	0.00062024640034	0.000746107614595	0.469610380691	0.68864538668	0.399633055629
BYQ_AAAX.snv.bam	0.00210581764528	0.000321529662463	0.00051751055278	0.00249466421137	0.000734506392796	0.000815020091655	0.00103456344428	0.000364940126574	0.000506113142586	0.000647211357074	0.000980126709214	0.000652643117629	0.000444070016636	0.000420306490581	0.0	0.000470443171903	0.000247089111836	0.000368643670603	0.000635147531822	0.000649389270705	0.469746263442	0.688689212733	0.399696553799
BYQ_AAAY.snv.bam	0.00221140471549	0.000353784084678	0.00061695234377	0.00219031255635	0.000833948183786	0.000695114884586	0.00113400523527	0.000363600864402	0.000420789669444	0.000561887883933	0.000685988174042	0.000695121704658	0.000587603518384	0.000498558343599	0.000470443171903	0.0	0.000424916166393	0.000316913881849	0.000585608635529	0.000794247416129	0.470010648765	0.68887113258	0.39975732788
BYQ_AAAZ.snv.bam	0.0020307248992	0.000276002656952	0.00044678828398	0.00244865028602	0.000663784123996	0.000769493086144	0.00096384117548	0.000319413121064	0.000460586137075	0.000601684351564	0.000910744113924	0.000607116112119	0.000417439458594	0.000419618512965	0.000247089111836	0.000424916166393	0.0	0.000323116665092	0.000589620526312	0.000578667001904	0.469619339719	0.68869008209	0.399602363099
BYQ_AABA.snv.bam	0.00210331423377	0.000251984583378	0.00051515284247	0.00233949289683	0.000732148682486	0.000619162759273	0.00103220573397	0.000261801363102	0.000352583852531	0.00049368206702	0.000839384015276	0.000593322203357	0.000485804017084	0.000354089444786	0.000368643670603	0.000316913881849	0.000323116665092	0.0	0.000483809134229	0.000692447914828	0.469727143443	0.688720339479	0.399684324981
BYQ_AABB.snv.bam	0.00229706260729	0.000518488444598	0.00078165670369	0.00261106139119	0.000998652543706	0.000930185555281	0.00129870959519	0.000528305224321	0.000577002411312	0.0007623768207	0.00115040681128	0.000859826064577	0.000705691091594	0.00062024640034	0.000635147531822	0.000585608635529	0.000589620526312	0.000483809134229	0.0	0.000916109627943	0.469550495759	0.688547285808	0.399564100878
BYQ_AABC.snv.bam	0.00211647199065	0.000645333906688	0.000732135322748	0.00277932129516	0.000746807883084	0.00113882433588	0.0010891929769	0.0006887443708	0.000829917386811	0.0009710156013	0.00107550566876	0.000976447361855	0.000735293327259	0.000746107614595	0.000649389270705	0.000794247416129	0.000578667001904	0.000692447914828	0.000916109627943	0.0	0.469442884748	0.68853619291	0.399787920915
CCIS59903910ST-4-0.snv.bam	0.456617785784	0.4696432576	0.469667883854	0.465052529011	0.469144625651	0.469424465494	0.469332528443	0.469633063252	0.469573674877	0.469662095858	0.469644589788	0.469579524729	0.469626380378	0.469610380691	0.469746263442	0.470010648765	0.469619339719	0.469727143443	0.469550495759	0.469442884748	0.0	0.585920100217	0.268929883581
M4.1-V3.metaG.snv.bam	0.684365112	0.688682672083	0.688591040106	0.685700005008	0.688685821621	0.688333961158	0.688376981777	0.688672643048	0.688614217729	0.688769807167	0.688766289376	0.688465793346	0.688621023501	0.68864538668	0.688689212733	0.68887113258	0.68869008209	0.688720339479	0.688547285808	0.68853619291	0.585920100217	0.0	0.592005088363
NG-5636_312.snv.bam	0.385080783368	0.399540393712	0.399560586976	0.391059757236	0.39991239902	0.399834863369	0.398908385411	0.399659168371	0.39951973725	0.399643876526	0.399742202361	0.399674433585	0.399790147685	0.399633055629	0.399696553799	0.39975732788	0.399602363099	0.399684324981	0.399564100878	0.399787920915	0.268929883581	0.592005088363	0.0
