	158458797-tonguedorsum2.snv.bam	158883629-tonguedorsum1.snv.bam	158883629-tonguedorsum3.snv.bam	159247771-tonguedorsum2.snv.bam	159470302-tonguedorsum1.snv.bam	159551223-tonguedorsum1.snv.bam	159733294-tonguedorsum1.snv.bam	160178356-tonguedorsum2.snv.bam	160178356-tonguedorsum3.snv.bam	160380657-tonguedorsum3.snv.bam	160502038-tonguedorsum1.snv.bam	160502038-tonguedorsum2.snv.bam	160502038-tonguedorsum3.snv.bam	160947100-tonguedorsum1.snv.bam	178713055-tonguedorsum2.snv.bam	295137534-tonguedorsum2.snv.bam	338793263-tonguedorsum2.snv.bam	604812005-tonguedorsum3.snv.bam	638754422-tonguedorsum3.snv.bam	763759525-tonguedorsum2.snv.bam	763901136-tonguedorsum2.snv.bam	764143897-tonguedorsum1.snv.bam	764467579-palatinetonsils3.snv.bam	764467579-tonguedorsum3.snv.bam	764811490-tonguedorsum2.snv.bam	765013792-tonguedorsum2.snv.bam	765074482-tonguedorsum1.snv.bam	765074482-tonguedorsum3.snv.bam	765216093-tonguedorsum3.snv.bam
158458797-tonguedorsum2.snv.bam	0.0	0.2316002322	0.212372816188	0.20385661401	0.220386285104	0.219105173439	0.190850637223	0.207962517424	0.216517078951	0.183624724251	0.186196788276	0.199294771515	0.188934008268	0.199913952215	0.20702737877	0.191059636451	0.168620278043	0.186356276703	0.217811176728	0.138747169982	0.125859662589	0.199116292087	0.137267697765	0.130908155799	0.133445916997	0.22248983051	0.209618185637	0.199126206656	0.207568090654
158883629-tonguedorsum1.snv.bam	0.2316002322	0.0	0.0502336580403	0.0711479245371	0.156215525907	0.062958151018	0.0799829877058	0.159753845112	0.157417858297	0.115065662148	0.0795048081243	0.0950852165907	0.0790724867486	0.112036585166	0.0870934827352	0.138267948821	0.13484696825	0.186038836513	0.134230482659	0.205467307141	0.206342682608	0.0754664489667	0.195425602518	0.196381993829	0.19818298757	0.085542676103	0.121049158291	0.114892990975	0.0637377682037
158883629-tonguedorsum3.snv.bam	0.212372816188	0.0502336580403	0.0	0.0575719454452	0.131588162664	0.042739406517	0.0592128580418	0.141849168705	0.13742025147	0.0903455475956	0.0594205095806	0.0871954456945	0.0636101029742	0.0921491714821	0.0601409376592	0.114574153462	0.114937722663	0.161588313261	0.108320848619	0.188795472303	0.180571345647	0.0519746741808	0.169331054523	0.169752383506	0.171114075151	0.0804642943931	0.0906285897872	0.0867997363056	0.030809428301
159247771-tonguedorsum2.snv.bam	0.20385661401	0.0711479245371	0.0575719454452	0.0	0.13105460425	0.0596517504941	0.0633461129793	0.144339819154	0.132838001656	0.0789083072471	0.0446979429734	0.0785656808782	0.0522188087195	0.0871712211224	0.0571660525211	0.108595270052	0.11167351762	0.161730117581	0.118299459167	0.171740910237	0.173834013021	0.0604118441125	0.155607191028	0.156018569601	0.17414805601	0.0856206004195	0.0984760179444	0.0938789610521	0.0557477682167
159470302-tonguedorsum1.snv.bam	0.220386285104	0.156215525907	0.131588162664	0.13105460425	0.0	0.144520432135	0.129740271833	0.104520876295	0.073554946366	0.143328336465	0.133770332383	0.112513213193	0.125341806178	0.104943014353	0.144992903527	0.105737159063	0.13297503222	0.126959046575	0.141997719655	0.198148927838	0.193352238256	0.14409611027	0.184593429854	0.184940905423	0.188387240844	0.154569024046	0.153975327897	0.166972585107	0.138234405474
159551223-tonguedorsum1.snv.bam	0.219105173439	0.062958151018	0.042739406517	0.0596517504941	0.144520432135	0.0	0.0669002458974	0.147268016083	0.144885085046	0.0915258862203	0.0585823220161	0.0931826806962	0.0670820350814	0.0973640677919	0.0593906408868	0.133359049508	0.123978081004	0.179231927437	0.0993165653256	0.187061443566	0.192208752612	0.0580492089449	0.173226532617	0.178236436477	0.185047515106	0.0714471806022	0.0982608107396	0.0910653234851	0.0359444467983
159733294-tonguedorsum1.snv.bam	0.190850637223	0.0799829877058	0.0592128580418	0.0633461129793	0.129740271833	0.0669002458974	0.0	0.124788054814	0.132940297233	0.0616777715707	0.0436077524967	0.0775061469189	0.0490225081336	0.0864930607721	0.0782547840457	0.100133943716	0.103119729966	0.138783477216	0.0932483606587	0.169108345704	0.176108190448	0.0542096125753	0.169393290462	0.169344813847	0.166590272764	0.0905229955728	0.0893061181281	0.0995286974379	0.0540102907984
160178356-tonguedorsum2.snv.bam	0.207962517424	0.159753845112	0.141849168705	0.144339819154	0.104520876295	0.147268016083	0.124788054814	0.0	0.0517700859951	0.135530627814	0.129849677918	0.130427134168	0.127605387644	0.111435499604	0.150555756623	0.102305626966	0.121117778888	0.131822259256	0.141533399134	0.169623458811	0.185447047818	0.150949429643	0.174102684939	0.17658256705	0.168195034807	0.152412738454	0.148651219185	0.161803967664	0.143390169349
160178356-tonguedorsum3.snv.bam	0.216517078951	0.157417858297	0.13742025147	0.132838001656	0.073554946366	0.144885085046	0.132940297233	0.0517700859951	0.0	0.143145138313	0.136371164746	0.116919055647	0.127699443039	0.106560429728	0.14955458727	0.0958269033446	0.121365788396	0.128766542817	0.149758855095	0.190159652076	0.192928253429	0.145113466174	0.189266247838	0.187894805479	0.186709204153	0.15782971986	0.152174721356	0.169787396751	0.143778603205
160380657-tonguedorsum3.snv.bam	0.183624724251	0.115065662148	0.0903455475956	0.0789083072471	0.143328336465	0.0915258862203	0.0616777715707	0.135530627814	0.143145138313	0.0	0.0534400344726	0.0901303016102	0.0607431673503	0.0911624768368	0.0887346869002	0.107620512586	0.108083580574	0.14106209308	0.0997023344829	0.15787146557	0.159367178222	0.0759029803802	0.150549294852	0.148007018579	0.159385173193	0.108939352011	0.0771283851855	0.0923931420519	0.0775300148911
160502038-tonguedorsum1.snv.bam	0.186196788276	0.0795048081243	0.0594205095806	0.0446979429734	0.133770332383	0.0585823220161	0.0436077524967	0.129849677918	0.136371164746	0.0534400344726	0.0	0.0600042671755	0.0235642609335	0.0878304921478	0.0613020981498	0.108099633819	0.108477470376	0.155787461367	0.108286706246	0.157161344333	0.165254925086	0.0461234955363	0.151460046218	0.151936761234	0.160732181433	0.0871896866226	0.0779092968342	0.0791571960112	0.0518178926881
160502038-tonguedorsum2.snv.bam	0.199294771515	0.0950852165907	0.0871954456945	0.0785656808782	0.112513213193	0.0931826806962	0.0775061469189	0.130427134168	0.116919055647	0.0901303016102	0.0600042671755	0.0	0.0425475612254	0.106519178637	0.090067487842	0.100285086764	0.112250079647	0.161409786482	0.12424958748	0.166134894616	0.174716241004	0.0847129655985	0.163394800139	0.164313877272	0.169861967012	0.101820929951	0.106306531822	0.109361935402	0.0848990843665
160502038-tonguedorsum3.snv.bam	0.188934008268	0.0790724867486	0.0636101029742	0.0522188087195	0.125341806178	0.0670820350814	0.0490225081336	0.127605387644	0.127699443039	0.0607431673503	0.0235642609335	0.0425475612254	0.0	0.0900321221314	0.0641135254095	0.100069297962	0.10619428516	0.157204042068	0.110523707573	0.160972224711	0.169615297511	0.0603543434078	0.156544473556	0.156570331043	0.164479802051	0.0889727069828	0.0838788460337	0.0858992929097	0.058081198483
160947100-tonguedorsum1.snv.bam	0.199913952215	0.112036585166	0.0921491714821	0.0871712211224	0.104943014353	0.0973640677919	0.0864930607721	0.111435499604	0.106560429728	0.0911624768368	0.0878304921478	0.106519178637	0.0900321221314	0.0	0.104275290757	0.0952505727208	0.105940814404	0.130347986131	0.106773586333	0.164460584408	0.170498228669	0.0894867022947	0.167987458238	0.169413059663	0.169970203922	0.108494279786	0.111452718061	0.126226786971	0.0900988014185
178713055-tonguedorsum2.snv.bam	0.20702737877	0.0870934827352	0.0601409376592	0.0571660525211	0.144992903527	0.0593906408868	0.0782547840457	0.150555756623	0.14955458727	0.0887346869002	0.0613020981498	0.090067487842	0.0641135254095	0.104275290757	0.0	0.121558451567	0.115666598961	0.175012139084	0.105627149455	0.182067380106	0.181482012763	0.0662814823869	0.170152625695	0.167843917886	0.176616867084	0.0765632959747	0.0813183244577	0.0761164769079	0.0467445764874
295137534-tonguedorsum2.snv.bam	0.191059636451	0.138267948821	0.114574153462	0.108595270052	0.105737159063	0.133359049508	0.100133943716	0.102305626966	0.0958269033446	0.107620512586	0.108099633819	0.100285086764	0.100069297962	0.0952505727208	0.121558451567	0.0	0.117269450831	0.145212743578	0.126822708503	0.166592932891	0.166291782319	0.115519425514	0.166649015642	0.1666933086	0.159191589752	0.141351046435	0.128344841958	0.139517461189	0.114371079967
338793263-tonguedorsum2.snv.bam	0.168620278043	0.13484696825	0.114937722663	0.11167351762	0.13297503222	0.123978081004	0.103119729966	0.121117778888	0.121365788396	0.108083580574	0.108477470376	0.112250079647	0.10619428516	0.105940814404	0.115666598961	0.117269450831	0.0	0.120575859509	0.119897971003	0.158388063117	0.159730893289	0.122077974289	0.148060517899	0.150733918135	0.145232881119	0.123166916153	0.114052129397	0.137536407561	0.107913691511
604812005-tonguedorsum3.snv.bam	0.186356276703	0.186038836513	0.161588313261	0.161730117581	0.126959046575	0.179231927437	0.138783477216	0.131822259256	0.128766542817	0.14106209308	0.155787461367	0.161409786482	0.157204042068	0.130347986131	0.175012139084	0.145212743578	0.120575859509	0.0	0.148771718207	0.174565533091	0.17955375179	0.158837051314	0.160714753093	0.162307643087	0.162385501248	0.181317786163	0.160873243171	0.176218873904	0.155988970715
638754422-tonguedorsum3.snv.bam	0.217811176728	0.134230482659	0.108320848619	0.118299459167	0.141997719655	0.0993165653256	0.0932483606587	0.141533399134	0.149758855095	0.0997023344829	0.108286706246	0.12424958748	0.110523707573	0.106773586333	0.105627149455	0.126822708503	0.119897971003	0.148771718207	0.0	0.181115771883	0.189990719267	0.113505558881	0.18465240876	0.1861946637	0.177912390866	0.119580339883	0.11633640831	0.126159532283	0.0988994389534
763759525-tonguedorsum2.snv.bam	0.138747169982	0.205467307141	0.188795472303	0.171740910237	0.198148927838	0.187061443566	0.169108345704	0.169623458811	0.190159652076	0.15787146557	0.157161344333	0.166134894616	0.160972224711	0.164460584408	0.182067380106	0.166592932891	0.158388063117	0.174565533091	0.181115771883	0.0	0.0919898842416	0.166409841534	0.0899928445999	0.0848389442605	0.10105543628	0.197348563838	0.189442356267	0.181134708312	0.18818205428
763901136-tonguedorsum2.snv.bam	0.125859662589	0.206342682608	0.180571345647	0.173834013021	0.193352238256	0.192208752612	0.176108190448	0.185447047818	0.192928253429	0.159367178222	0.165254925086	0.174716241004	0.169615297511	0.170498228669	0.181482012763	0.166291782319	0.159730893289	0.17955375179	0.189990719267	0.0919898842416	0.0	0.168385021927	0.0918854089865	0.0830922924997	0.105404664843	0.197695850339	0.176762299656	0.173503833048	0.178155785312
764143897-tonguedorsum1.snv.bam	0.199116292087	0.0754664489667	0.0519746741808	0.0604118441125	0.14409611027	0.0580492089449	0.0542096125753	0.150949429643	0.145113466174	0.0759029803802	0.0461234955363	0.0847129655985	0.0603543434078	0.0894867022947	0.0662814823869	0.115519425514	0.122077974289	0.158837051314	0.113505558881	0.166409841534	0.168385021927	0.0	0.161209071956	0.159817877505	0.170015140663	0.0783010139202	0.0835296958862	0.08282011055	0.0503131177077
764467579-palatinetonsils3.snv.bam	0.137267697765	0.195425602518	0.169331054523	0.155607191028	0.184593429854	0.173226532617	0.169393290462	0.174102684939	0.189266247838	0.150549294852	0.151460046218	0.163394800139	0.156544473556	0.167987458238	0.170152625695	0.166649015642	0.148060517899	0.160714753093	0.18465240876	0.0899928445999	0.0918854089865	0.161209071956	0.0	0.0187056198113	0.0988264575624	0.196531772654	0.180121734965	0.160521787329	0.169866437973
764467579-tonguedorsum3.snv.bam	0.130908155799	0.196381993829	0.169752383506	0.156018569601	0.184940905423	0.178236436477	0.169344813847	0.17658256705	0.187894805479	0.148007018579	0.151936761234	0.164313877272	0.156570331043	0.169413059663	0.167843917886	0.1666933086	0.150733918135	0.162307643087	0.1861946637	0.0848389442605	0.0830922924997	0.159817877505	0.0187056198113	0.0	0.096683923305	0.197576355271	0.182465185249	0.159468687949	0.169529705061
764811490-tonguedorsum2.snv.bam	0.133445916997	0.19818298757	0.171114075151	0.17414805601	0.188387240844	0.185047515106	0.166590272764	0.168195034807	0.186709204153	0.159385173193	0.160732181433	0.169861967012	0.164479802051	0.169970203922	0.176616867084	0.159191589752	0.145232881119	0.162385501248	0.177912390866	0.10105543628	0.105404664843	0.170015140663	0.0988264575624	0.096683923305	0.0	0.195801490798	0.180158079257	0.177062941297	0.172957664232
765013792-tonguedorsum2.snv.bam	0.22248983051	0.085542676103	0.0804642943931	0.0856206004195	0.154569024046	0.0714471806022	0.0905229955728	0.152412738454	0.15782971986	0.108939352011	0.0871896866226	0.101820929951	0.0889727069828	0.108494279786	0.0765632959747	0.141351046435	0.123166916153	0.181317786163	0.119580339883	0.197348563838	0.197695850339	0.0783010139202	0.196531772654	0.197576355271	0.195801490798	0.0	0.0981799226372	0.101533120723	0.06683797414
765074482-tonguedorsum1.snv.bam	0.209618185637	0.121049158291	0.0906285897872	0.0984760179444	0.153975327897	0.0982608107396	0.0893061181281	0.148651219185	0.152174721356	0.0771283851855	0.0779092968342	0.106306531822	0.0838788460337	0.111452718061	0.0813183244577	0.128344841958	0.114052129397	0.160873243171	0.11633640831	0.189442356267	0.176762299656	0.0835296958862	0.180121734965	0.182465185249	0.180158079257	0.0981799226372	0.0	0.060721193628	0.0774790740681
765074482-tonguedorsum3.snv.bam	0.199126206656	0.114892990975	0.0867997363056	0.0938789610521	0.166972585107	0.0910653234851	0.0995286974379	0.161803967664	0.169787396751	0.0923931420519	0.0791571960112	0.109361935402	0.0858992929097	0.126226786971	0.0761164769079	0.139517461189	0.137536407561	0.176218873904	0.126159532283	0.181134708312	0.173503833048	0.08282011055	0.160521787329	0.159468687949	0.177062941297	0.101533120723	0.060721193628	0.0	0.0696231652907
765216093-tonguedorsum3.snv.bam	0.207568090654	0.0637377682037	0.030809428301	0.0557477682167	0.138234405474	0.0359444467983	0.0540102907984	0.143390169349	0.143778603205	0.0775300148911	0.0518178926881	0.0848990843665	0.058081198483	0.0900988014185	0.0467445764874	0.114371079967	0.107913691511	0.155988970715	0.0988994389534	0.18818205428	0.178155785312	0.0503131177077	0.169866437973	0.169529705061	0.172957664232	0.06683797414	0.0774790740681	0.0696231652907	0.0
