	158114885-supragingivalplaque2.snv.bam	158337416-supragingivalplaque1.snv.bam	158742018-supragingivalplaque1.snv.bam	158883629-supragingivalplaque2.snv.bam	159005010-supragingivalplaque2.snv.bam	159571453-supragingivalplaque1.snv.bam	159611913-supragingivalplaque2.snv.bam	159814214-supragingivalplaque1.snv.bam	160542498-supragingivalplaque1.snv.bam	160582958-supragingivalplaque1.snv.bam	160643649-supragingivalplaque1.snv.bam	246515023-supragingivalplaque2.snv.bam	338793263-supragingivalplaque2.snv.bam	604812005-supragingivalplaque1.snv.bam	638754422-supragingivalplaque3.snv.bam	650853796-supragingivalplaque1.snv.bam	686765762-supragingivalplaque1.snv.bam	763496533-subgingivalplaque1.snv.bam	763719065-subgingivalplaque3.snv.bam	763961826-subgingivalplaque1.snv.bam	764285508-supragingivalplaque2.snv.bam	861967750-supragingivalplaque2.snv.bam	CCMD11006829ST-21-0.snv.bam	V1.CD18-3.snv.bam	V1.CD35-0.snv.bam	V1.CD35-1.snv.bam	V1.CD5-0-PN.snv.bam
158114885-supragingivalplaque2.snv.bam	0.0	0.123239531248	0.105414502704	0.10372576423	0.091259426669	0.0912818913456	0.103976192709	0.115328288166	0.0995770803099	0.11292664959	0.120545313176	0.111071843899	0.101315758931	0.0960712179604	0.136463924212	0.133108416137	0.107618082286	0.11067186438	0.113734471083	0.0992237184266	0.13730629124	0.108493541665	0.106155905225	0.130310414198	0.151110983839	0.149509487252	0.150485886536
158337416-supragingivalplaque1.snv.bam	0.123239531248	0.0	0.10944200837	0.119057199028	0.114363143631	0.114484087185	0.102721577579	0.127562938565	0.106054358613	0.130197509867	0.115423232265	0.120470442455	0.10495117289	0.115218742171	0.137334534433	0.150874339809	0.104209431219	0.120446607382	0.0954474106728	0.12016283961	0.1028938845	0.109803495389	0.0948662364903	0.115101736703	0.146365546736	0.14484329568	0.144601029725
158742018-supragingivalplaque1.snv.bam	0.105414502704	0.10944200837	0.0	0.0934132184153	0.0906518192147	0.0991118600515	0.0976620725454	0.109803234408	0.0957785414245	0.10031831681	0.11312404104	0.10444200514	0.0932795508099	0.0995229579251	0.118545518997	0.134240342428	0.10338390842	0.0995105843918	0.0978504161484	0.100967330695	0.118301880118	0.0958574809509	0.0790324702556	0.112483270169	0.145832110152	0.143813275196	0.144814352915
158883629-supragingivalplaque2.snv.bam	0.10372576423	0.119057199028	0.0934132184153	0.0	0.102420650018	0.0947545192772	0.0991514060607	0.103115732162	0.106973673555	0.110729489091	0.10589188698	0.103865997033	0.0950924814916	0.103432033617	0.121780986172	0.141314289659	0.0990481902482	0.109238951911	0.0982365391399	0.106775070453	0.125258579979	0.10065483084	0.102903120752	0.109801430592	0.140806537722	0.140533312964	0.139731565147
159005010-supragingivalplaque2.snv.bam	0.091259426669	0.114363143631	0.0906518192147	0.102420650018	0.0	0.0912121798465	0.0994396800274	0.116855154944	0.0988928777655	0.104269293513	0.119702474046	0.102855758432	0.0927855628971	0.0916358007303	0.124260975125	0.140002664133	0.102616240004	0.110178546748	0.103286354996	0.0943018117848	0.128721356352	0.0999983264156	0.11001910151	0.124509602674	0.146403102705	0.145977660087	0.146336699752
159571453-supragingivalplaque1.snv.bam	0.0912818913456	0.114484087185	0.0991118600515	0.0947545192772	0.0912121798465	0.0	0.0978611069364	0.118618189236	0.0953454551434	0.098738577507	0.109168021325	0.094652192756	0.0929885112781	0.0939979179661	0.124601188637	0.14045471493	0.0945413048663	0.107780189877	0.0981717755104	0.0863109486667	0.122600743721	0.102719303633	0.104610802414	0.111928848941	0.12962673356	0.12915617831	0.128998361488
159611913-supragingivalplaque2.snv.bam	0.103976192709	0.102721577579	0.0976620725454	0.0991514060607	0.0994396800274	0.0978611069364	0.0	0.109145722018	0.102627940681	0.111017466989	0.105469329644	0.104306917919	0.0949546895076	0.10093406958	0.122877334287	0.141167443991	0.111823899589	0.103910788376	0.0965400851098	0.101712505812	0.126210775507	0.0952449256887	0.107565265029	0.104507010358	0.137260618748	0.13553898055	0.136446278048
159814214-supragingivalplaque1.snv.bam	0.115328288166	0.127562938565	0.109803234408	0.103115732162	0.116855154944	0.118618189236	0.109145722018	0.0	0.115481736192	0.131513143965	0.126247235328	0.118078639786	0.113920825367	0.108350947149	0.142311703607	0.125038412178	0.107161065612	0.122704498585	0.120559720533	0.126230115424	0.141846743428	0.105627666542	0.11611933966	0.125543373445	0.166067904115	0.166227220169	0.166628268548
160542498-supragingivalplaque1.snv.bam	0.0995770803099	0.106054358613	0.0957785414245	0.106973673555	0.0988928777655	0.0953454551434	0.102627940681	0.115481736192	0.0	0.108721536194	0.109108611286	0.100913288271	0.101405320015	0.0905476271944	0.115297032182	0.144595022802	0.107064038477	0.108076639197	0.100803506069	0.10309350127	0.117576954293	0.104496792683	0.0988951073386	0.113108748946	0.149664644398	0.147815430558	0.14900285218
160582958-supragingivalplaque1.snv.bam	0.11292664959	0.130197509867	0.10031831681	0.110729489091	0.104269293513	0.098738577507	0.111017466989	0.131513143965	0.108721536194	0.0	0.135536978015	0.102559240319	0.110567529495	0.111855474578	0.129918484707	0.144751401624	0.118420811613	0.107339647517	0.125952238755	0.0958068443032	0.134022432457	0.123906957829	0.120287952076	0.134100145462	0.150721614592	0.148135667549	0.150424457042
160643649-supragingivalplaque1.snv.bam	0.120545313176	0.115423232265	0.11312404104	0.10589188698	0.119702474046	0.109168021325	0.105469329644	0.126247235328	0.109108611286	0.135536978015	0.0	0.103233933336	0.121074600299	0.114692834022	0.128052209059	0.147222353485	0.101130708903	0.122775850064	0.0825613822727	0.116240695152	0.117164124855	0.10578466373	0.104615544922	0.0896471697094	0.153454438216	0.15283249194	0.152081752727
246515023-supragingivalplaque2.snv.bam	0.111071843899	0.120470442455	0.10444200514	0.103865997033	0.102855758432	0.094652192756	0.104306917919	0.118078639786	0.100913288271	0.102559240319	0.103233933336	0.0	0.113015425416	0.104138333192	0.114034185995	0.143507705096	0.0979722627175	0.118056684063	0.0957986340687	0.095827509341	0.127982328785	0.098181084794	0.104288658288	0.097065250652	0.148151904749	0.146920608235	0.147124410978
338793263-supragingivalplaque2.snv.bam	0.101315758931	0.10495117289	0.0932795508099	0.0950924814916	0.0927855628971	0.0929885112781	0.0949546895076	0.113920825367	0.101405320015	0.110567529495	0.121074600299	0.113015425416	0.0	0.101336770903	0.119617580955	0.143157300717	0.100904359334	0.105753442684	0.104404736448	0.100406004669	0.113241400091	0.103861556236	0.096273440525	0.116788331078	0.141263960273	0.140649255637	0.140910382532
604812005-supragingivalplaque1.snv.bam	0.0960712179604	0.115218742171	0.0995229579251	0.103432033617	0.0916358007303	0.0939979179661	0.10093406958	0.108350947149	0.0905476271944	0.111855474578	0.114692834022	0.104138333192	0.101336770903	0.0	0.126032687206	0.131431616404	0.0950256041812	0.116073987545	0.100219450785	0.0984162699913	0.118536557896	0.0995773753911	0.100801369443	0.117462379041	0.140717779988	0.140284757682	0.140219456648
638754422-supragingivalplaque3.snv.bam	0.136463924212	0.137334534433	0.118545518997	0.121780986172	0.124260975125	0.124601188637	0.122877334287	0.142311703607	0.115297032182	0.129918484707	0.128052209059	0.114034185995	0.119617580955	0.126032687206	0.0	0.15703162018	0.125489823908	0.127508213599	0.123818751044	0.111375706531	0.138233847877	0.115651811148	0.122195665346	0.124413330271	0.170232454761	0.167804623042	0.168942702842
650853796-supragingivalplaque1.snv.bam	0.133108416137	0.150874339809	0.134240342428	0.141314289659	0.140002664133	0.14045471493	0.141167443991	0.125038412178	0.144595022802	0.144751401624	0.147222353485	0.143507705096	0.143157300717	0.131431616404	0.15703162018	0.0	0.121505826349	0.142410327086	0.140627606617	0.14486844889	0.160105731452	0.141595331853	0.124469552722	0.142777991097	0.176389383788	0.176407668147	0.175564589138
686765762-supragingivalplaque1.snv.bam	0.107618082286	0.104209431219	0.10338390842	0.0990481902482	0.102616240004	0.0945413048663	0.111823899589	0.107161065612	0.107064038477	0.118420811613	0.101130708903	0.0979722627175	0.100904359334	0.0950256041812	0.125489823908	0.121505826349	0.0	0.115398114643	0.100872874506	0.103346209612	0.102472493048	0.103563273484	0.087207320679	0.102651517592	0.133396414314	0.13293867724	0.13293866574
763496533-subgingivalplaque1.snv.bam	0.11067186438	0.120446607382	0.0995105843918	0.109238951911	0.110178546748	0.107780189877	0.103910788376	0.122704498585	0.108076639197	0.107339647517	0.122775850064	0.118056684063	0.105753442684	0.116073987545	0.127508213599	0.142410327086	0.115398114643	0.0	0.107185819991	0.10992186821	0.129193873097	0.10062992726	0.112433216525	0.127013510288	0.160588257543	0.157902880906	0.159509331936
763719065-subgingivalplaque3.snv.bam	0.113734471083	0.0954474106728	0.0978504161484	0.0982365391399	0.103286354996	0.0981717755104	0.0965400851098	0.120559720533	0.100803506069	0.125952238755	0.0825613822727	0.0957986340687	0.104404736448	0.100219450785	0.123818751044	0.140627606617	0.100872874506	0.107185819991	0.0	0.1058777496	0.119156029045	0.0885643698858	0.091799323648	0.0846763009783	0.140214147044	0.138886639298	0.138717265242
763961826-subgingivalplaque1.snv.bam	0.0992237184266	0.12016283961	0.100967330695	0.106775070453	0.0943018117848	0.0863109486667	0.101712505812	0.126230115424	0.10309350127	0.0958068443032	0.116240695152	0.095827509341	0.100406004669	0.0984162699913	0.111375706531	0.14486844889	0.103346209612	0.10992186821	0.1058777496	0.0	0.12871274076	0.104254939256	0.107749070695	0.120408519846	0.146943650872	0.144344358978	0.146201415392
764285508-supragingivalplaque2.snv.bam	0.13730629124	0.1028938845	0.118301880118	0.125258579979	0.128721356352	0.122600743721	0.126210775507	0.141846743428	0.117576954293	0.134022432457	0.117164124855	0.127982328785	0.113241400091	0.118536557896	0.138233847877	0.160105731452	0.102472493048	0.129193873097	0.119156029045	0.12871274076	0.0	0.126134481699	0.102791612123	0.11365524476	0.140622763084	0.138876661596	0.138252335344
861967750-supragingivalplaque2.snv.bam	0.108493541665	0.109803495389	0.0958574809509	0.10065483084	0.0999983264156	0.102719303633	0.0952449256887	0.105627666542	0.104496792683	0.123906957829	0.10578466373	0.098181084794	0.103861556236	0.0995773753911	0.115651811148	0.141595331853	0.103563273484	0.10062992726	0.0885643698858	0.104254939256	0.126134481699	0.0	0.102531442466	0.102140728326	0.15585288312	0.153657664059	0.1544776865
CCMD11006829ST-21-0.snv.bam	0.106155905225	0.0948662364903	0.0790324702556	0.102903120752	0.11001910151	0.104610802414	0.107565265029	0.11611933966	0.0988951073386	0.120287952076	0.104615544922	0.104288658288	0.096273440525	0.100801369443	0.122195665346	0.124469552722	0.087207320679	0.112433216525	0.091799323648	0.107749070695	0.102791612123	0.102531442466	0.0	0.0879407275129	0.127670212133	0.126217442978	0.124884968856
V1.CD18-3.snv.bam	0.130310414198	0.115101736703	0.112483270169	0.109801430592	0.124509602674	0.111928848941	0.104507010358	0.125543373445	0.113108748946	0.134100145462	0.0896471697094	0.097065250652	0.116788331078	0.117462379041	0.124413330271	0.142777991097	0.102651517592	0.127013510288	0.0846763009783	0.120408519846	0.11365524476	0.102140728326	0.0879407275129	0.0	0.148122582863	0.147238095681	0.146166816951
V1.CD35-0.snv.bam	0.151110983839	0.146365546736	0.145832110152	0.140806537722	0.146403102705	0.12962673356	0.137260618748	0.166067904115	0.149664644398	0.150721614592	0.153454438216	0.148151904749	0.141263960273	0.140717779988	0.170232454761	0.176389383788	0.133396414314	0.160588257543	0.140214147044	0.146943650872	0.140622763084	0.15585288312	0.127670212133	0.148122582863	0.0	0.00391480561437	0.0019187557892
V1.CD35-1.snv.bam	0.149509487252	0.14484329568	0.143813275196	0.140533312964	0.145977660087	0.12915617831	0.13553898055	0.166227220169	0.147815430558	0.148135667549	0.15283249194	0.146920608235	0.140649255637	0.140284757682	0.167804623042	0.176407668147	0.13293867724	0.157902880906	0.138886639298	0.144344358978	0.138876661596	0.153657664059	0.126217442978	0.147238095681	0.00391480561437	0.0	0.00362134727544
V1.CD5-0-PN.snv.bam	0.150485886536	0.144601029725	0.144814352915	0.139731565147	0.146336699752	0.128998361488	0.136446278048	0.166628268548	0.14900285218	0.150424457042	0.152081752727	0.147124410978	0.140910382532	0.140219456648	0.168942702842	0.175564589138	0.13293866574	0.159509331936	0.138717265242	0.146201415392	0.138252335344	0.1544776865	0.124884968856	0.146166816951	0.0019187557892	0.00362134727544	0.0
