	147406386-tonguedorsum3.snv.bam	158155345-tonguedorsum2.snv.bam	158256496-tonguedorsum2.snv.bam	158458797-tonguedorsum1.snv.bam	158458797-tonguedorsum2.snv.bam	158499257-tonguedorsum1.snv.bam	158499257-tonguedorsum2.snv.bam	158802708-tonguedorsum1.snv.bam	158802708-tonguedorsum2.snv.bam	158802708-tonguedorsum3.snv.bam	158883629-tonguedorsum2.snv.bam	158944319-tonguedorsum3.snv.bam	159207311-tonguedorsum2.snv.bam	159207311-tonguedorsum3.snv.bam	159227541-tonguedorsum2.snv.bam	159227541-tonguedorsum3.snv.bam	159247771-tonguedorsum2.snv.bam	159268001-tonguedorsum1.snv.bam	159268001-tonguedorsum2.snv.bam	159268001-tonguedorsum3.snv.bam	159551223-tonguedorsum1.snv.bam	159571453-tonguedorsum1.snv.bam	159591683-tonguedorsum1.snv.bam	159591683-tonguedorsum2.snv.bam	159611913-tonguedorsum1.snv.bam	159611913-tonguedorsum2.snv.bam	159632143-tonguedorsum1.snv.bam	159713063-tonguedorsum2.snv.bam	159753524-tonguedorsum1.snv.bam	159753524-tonguedorsum3.snv.bam	160178356-tonguedorsum2.snv.bam	160178356-tonguedorsum3.snv.bam	160319967-tonguedorsum2.snv.bam	160319967-tonguedorsum3.snv.bam	160400887-tonguedorsum1.snv.bam	160421117-tonguedorsum2.snv.bam	160502038-tonguedorsum1.snv.bam	160502038-tonguedorsum3.snv.bam	160582958-tonguedorsum1.snv.bam	160582958-tonguedorsum2.snv.bam	160582958-tonguedorsum3.snv.bam	160603188-tonguedorsum2.snv.bam	160603188-tonguedorsum3.snv.bam	160643649-tonguedorsum1.snv.bam	160704339-tonguedorsum1.snv.bam	160906640-tonguedorsum1.snv.bam	234447334-tonguedorsum2.snv.bam	246515023-tonguedorsum1.snv.bam	338793263-tonguedorsum2.snv.bam	370027359-tonguedorsum3.snv.bam	375450439-tonguedorsum3.snv.bam	508703490-tonguedorsum1.snv.bam	508703490-tonguedorsum2.snv.bam	550534656-tonguedorsum1.snv.bam	550534656-tonguedorsum2.snv.bam	550534656-tonguedorsum3.snv.bam	604812005-tonguedorsum3.snv.bam	638754422-tonguedorsum2.snv.bam	638754422-tonguedorsum3.snv.bam	663835652-tonguedorsum2.snv.bam	663835652-tonguedorsum3.snv.bam	675950834-tonguedorsum2.snv.bam	675950834-tonguedorsum3.snv.bam	686765762-tonguedorsum3.snv.bam	706846339-tonguedorsum1.snv.bam	737052003-tonguedorsum2.snv.bam	763395383-anteriornares3.snv.bam	763395383-tonguedorsum3.snv.bam	763557224-tonguedorsum3.snv.bam	763577454-tonguedorsum1.snv.bam	763577454-tonguedorsum2.snv.bam	763759525-tonguedorsum2.snv.bam	763820215-tonguedorsum1.snv.bam	763820215-tonguedorsum2.snv.bam	763901136-tonguedorsum2.snv.bam	763901136-tonguedorsum3.snv.bam	763961826-tonguedorsum1.snv.bam	763961826-tonguedorsum2.snv.bam	763982056-tonguedorsum1.snv.bam	763982056-tonguedorsum2.snv.bam	763982056-tonguedorsum3.snv.bam	764042746-tonguedorsum1.snv.bam	764042746-tonguedorsum2.snv.bam	764062976-tonguedorsum2.snv.bam	764143897-tonguedorsum1.snv.bam	764143897-tonguedorsum2.snv.bam	764285508-tonguedorsum1.snv.bam	764285508-tonguedorsum2.snv.bam	764325968-tonguedorsum1.snv.bam	764325968-tonguedorsum2.snv.bam	764467579-tonguedorsum3.snv.bam	764487809-tonguedorsum1.snv.bam	764487809-tonguedorsum2.snv.bam	764588959-tonguedorsum1.snv.bam	764588959-tonguedorsum2.snv.bam	764811490-tonguedorsum1.snv.bam	764811490-tonguedorsum2.snv.bam	764872181-tonguedorsum1.snv.bam	764892411-tonguedorsum2.snv.bam	765013792-tonguedorsum3.snv.bam	765034022-tonguedorsum1.snv.bam	765074482-tonguedorsum1.snv.bam	765074482-tonguedorsum3.snv.bam	765094712-tonguedorsum1.snv.bam	765094712-tonguedorsum2.snv.bam	765135172-tonguedorsum1.snv.bam	765135172-tonguedorsum2.snv.bam	765155402-tonguedorsum3.snv.bam	765195863-tonguedorsum3.snv.bam	765216093-tonguedorsum3.snv.bam	765337473-tonguedorsum2.snv.bam	765337473-tonguedorsum3.snv.bam	765560005-tonguedorsum1.snv.bam	765620695-tonguedorsum1.snv.bam	765640925-tonguedorsum1.snv.bam	823052294-tonguedorsum1.snv.bam	823052294-tonguedorsum2.snv.bam	823052294-tonguedorsum3.snv.bam	857980665-tonguedorsum2.snv.bam	857980665-tonguedorsum3.snv.bam	861967750-tonguedorsum1.snv.bam	863126187-tonguedorsum3.snv.bam	NLM027.snv.bam
147406386-tonguedorsum3.snv.bam	0.0	0.0503778337531	0.0377833753149	0.0251889168766	0.0403022670025	0.0478589420655	0.0503778337531	0.0705289672544	0.0554156171285	0.080604534005	0.0428211586902	0.110831234257	0.088161209068	0.0931989924433	0.0730478589421	0.0629722921914	0.0403022670025	0.0554156171285	0.100755667506	0.0579345088161	0.0579345088161	0.0453400503778	0.105793450882	0.0730478589421	0.0831234256927	0.0453400503778	0.0453400503778	0.088161209068	0.0982367758186	0.0604534005038	0.0453400503778	0.0352644836272	0.0554156171285	0.0453400503778	0.0428211586902	0.0528967254408	0.0604534005038	0.0554156171285	0.0982367758186	0.0528967254408	0.108312342569	0.0226700251889	0.0327455919395	0.0352644836272	0.0428211586902	0.080604534005	0.0503778337531	0.0377833753149	0.0403022670025	0.0730478589421	0.0680100755668	0.0654911838791	0.0629722921914	0.0654911838791	0.0528967254408	0.0453400503778	0.0503778337531	0.0579345088161	0.0604534005038	0.0403022670025	0.0352644836272	0.0403022670025	0.0428211586902	0.0629722921914	0.0503778337531	0.0377833753149	0.0604534005038	0.0428211586902	0.0906801007557	0.0201511335013	0.0403022670025	0.0604534005038	0.0629722921914	0.0579345088161	0.0478589420655	0.0579345088161	0.0302267002519	0.0403022670025	0.0730478589421	0.080604534005	0.0730478589421	0.0503778337531	0.0604534005038	0.0377833753149	0.11838790932	0.103274559194	0.0730478589421	0.0352644836272	0.0302267002519	0.0251889168766	0.0176322418136	0.0780856423174	0.0680100755668	0.0403022670025	0.0403022670025	0.0377833753149	0.0352644836272	0.103274559194	0.0302267002519	0.0277078085642	0.0428211586902	0.0176322418136	0.0352644836272	0.0327455919395	0.0302267002519	0.0680100755668	0.0831234256927	0.0352644836272	0.0327455919395	0.0327455919395	0.0453400503778	0.0478589420655	0.0226700251889	0.0503778337531	0.0478589420655	0.0478589420655	0.0428211586902	0.0352644836272	0.0503778337531	0.0654911838791	0.0428211586902	0.0503778337531	0.0654911838791
158155345-tonguedorsum2.snv.bam	0.0503778337531	0.0	0.0428211586902	0.0403022670025	0.0780856423174	0.0654911838791	0.0604534005038	0.0629722921914	0.0730478589421	0.103274559194	0.0554156171285	0.120906801008	0.0982367758186	0.100755667506	0.0856423173804	0.0680100755668	0.0403022670025	0.080604534005	0.128463476071	0.0755667506297	0.0856423173804	0.0604534005038	0.115869017632	0.0831234256927	0.0906801007557	0.0478589420655	0.0654911838791	0.088161209068	0.0906801007557	0.0554156171285	0.0705289672544	0.0554156171285	0.0453400503778	0.0629722921914	0.0629722921914	0.0528967254408	0.0831234256927	0.0705289672544	0.0906801007557	0.0654911838791	0.080604534005	0.0528967254408	0.0654911838791	0.0503778337531	0.0579345088161	0.0654911838791	0.0730478589421	0.0453400503778	0.0755667506297	0.0906801007557	0.095717884131	0.0755667506297	0.0579345088161	0.0629722921914	0.0453400503778	0.0604534005038	0.0654911838791	0.0604534005038	0.0730478589421	0.0528967254408	0.0604534005038	0.0453400503778	0.0554156171285	0.088161209068	0.088161209068	0.0629722921914	0.080604534005	0.0604534005038	0.0730478589421	0.0151133501259	0.0352644836272	0.0680100755668	0.0931989924433	0.0982367758186	0.0705289672544	0.0856423173804	0.0352644836272	0.0478589420655	0.0982367758186	0.088161209068	0.088161209068	0.0654911838791	0.0755667506297	0.0604534005038	0.138539042821	0.123425692695	0.0654911838791	0.0453400503778	0.0554156171285	0.0327455919395	0.0302267002519	0.113350125945	0.0931989924433	0.0528967254408	0.0579345088161	0.0579345088161	0.0528967254408	0.095717884131	0.0428211586902	0.0579345088161	0.0654911838791	0.0503778337531	0.0579345088161	0.0629722921914	0.0453400503778	0.0554156171285	0.0831234256927	0.0554156171285	0.0528967254408	0.0528967254408	0.0705289672544	0.0629722921914	0.0352644836272	0.0579345088161	0.0604534005038	0.0604534005038	0.0528967254408	0.0579345088161	0.0755667506297	0.0654911838791	0.0579345088161	0.0730478589421	0.0453400503778
158256496-tonguedorsum2.snv.bam	0.0377833753149	0.0428211586902	0.0	0.0377833753149	0.0730478589421	0.0478589420655	0.0528967254408	0.0503778337531	0.0327455919395	0.0579345088161	0.0554156171285	0.105793450882	0.0680100755668	0.0680100755668	0.103274559194	0.0730478589421	0.0176322418136	0.0931989924433	0.133501259446	0.0755667506297	0.0654911838791	0.0654911838791	0.0579345088161	0.0579345088161	0.0931989924433	0.0629722921914	0.0503778337531	0.0856423173804	0.0654911838791	0.0554156171285	0.0705289672544	0.0604534005038	0.0377833753149	0.0554156171285	0.0528967254408	0.080604534005	0.0604534005038	0.0554156171285	0.113350125945	0.0629722921914	0.108312342569	0.0377833753149	0.0503778337531	0.0327455919395	0.0377833753149	0.0856423173804	0.0730478589421	0.0377833753149	0.0755667506297	0.0579345088161	0.080604534005	0.0528967254408	0.0403022670025	0.0478589420655	0.0428211586902	0.0403022670025	0.0579345088161	0.0856423173804	0.0604534005038	0.0503778337531	0.0503778337531	0.0403022670025	0.0277078085642	0.095717884131	0.0730478589421	0.0604534005038	0.0654911838791	0.0528967254408	0.0931989924433	0.0151133501259	0.0327455919395	0.0755667506297	0.0730478589421	0.0680100755668	0.0554156171285	0.0680100755668	0.0327455919395	0.0403022670025	0.0629722921914	0.0629722921914	0.0755667506297	0.0579345088161	0.0629722921914	0.0579345088161	0.136020151134	0.128463476071	0.0428211586902	0.0453400503778	0.0277078085642	0.0251889168766	0.0251889168766	0.108312342569	0.0906801007557	0.0327455919395	0.0428211586902	0.0403022670025	0.0327455919395	0.0982367758186	0.0327455919395	0.0352644836272	0.0604534005038	0.0478589420655	0.0528967254408	0.0352644836272	0.0277078085642	0.0629722921914	0.0730478589421	0.0277078085642	0.0377833753149	0.0403022670025	0.0579345088161	0.0604534005038	0.0352644836272	0.0554156171285	0.0579345088161	0.0579345088161	0.0251889168766	0.0352644836272	0.0906801007557	0.088161209068	0.0428211586902	0.0428211586902	0.0579345088161
158458797-tonguedorsum1.snv.bam	0.0251889168766	0.0403022670025	0.0377833753149	0.0	0.0277078085642	0.0428211586902	0.0428211586902	0.0654911838791	0.0654911838791	0.088161209068	0.0554156171285	0.120906801008	0.0831234256927	0.0906801007557	0.0730478589421	0.0528967254408	0.0327455919395	0.0705289672544	0.103274559194	0.0503778337531	0.0680100755668	0.0377833753149	0.0982367758186	0.0629722921914	0.0906801007557	0.0453400503778	0.0403022670025	0.0755667506297	0.080604534005	0.0528967254408	0.0503778337531	0.0403022670025	0.0352644836272	0.0352644836272	0.0403022670025	0.0680100755668	0.0579345088161	0.0579345088161	0.095717884131	0.0554156171285	0.100755667506	0.0327455919395	0.0453400503778	0.0377833753149	0.0528967254408	0.080604534005	0.0503778337531	0.0377833753149	0.0528967254408	0.0780856423174	0.080604534005	0.0680100755668	0.0554156171285	0.0579345088161	0.0503778337531	0.0403022670025	0.0302267002519	0.0503778337531	0.0604534005038	0.0352644836272	0.0403022670025	0.0403022670025	0.0352644836272	0.0780856423174	0.0730478589421	0.0428211586902	0.0503778337531	0.0503778337531	0.0856423173804	0.0176322418136	0.0428211586902	0.0503778337531	0.0579345088161	0.0478589420655	0.0453400503778	0.0528967254408	0.0277078085642	0.0503778337531	0.0654911838791	0.0604534005038	0.0705289672544	0.0327455919395	0.0403022670025	0.080604534005	0.100755667506	0.103274559194	0.0554156171285	0.0327455919395	0.0327455919395	0.0201511335013	0.0201511335013	0.0705289672544	0.0503778337531	0.0478589420655	0.0554156171285	0.0377833753149	0.0327455919395	0.0982367758186	0.0277078085642	0.0251889168766	0.0478589420655	0.0302267002519	0.0302267002519	0.0428211586902	0.0377833753149	0.0654911838791	0.0831234256927	0.0302267002519	0.0302267002519	0.0327455919395	0.0403022670025	0.0478589420655	0.0176322418136	0.0604534005038	0.0277078085642	0.0503778337531	0.0302267002519	0.0403022670025	0.0428211586902	0.0503778337531	0.0478589420655	0.0478589420655	0.0503778337531
158458797-tonguedorsum2.snv.bam	0.0403022670025	0.0780856423174	0.0730478589421	0.0277078085642	0.0	0.0428211586902	0.0604534005038	0.0654911838791	0.0730478589421	0.0856423173804	0.0579345088161	0.110831234257	0.103274559194	0.103274559194	0.0680100755668	0.0428211586902	0.0478589420655	0.0680100755668	0.0982367758186	0.0403022670025	0.0780856423174	0.0478589420655	0.103274559194	0.095717884131	0.080604534005	0.0554156171285	0.0680100755668	0.0705289672544	0.095717884131	0.0705289672544	0.0528967254408	0.0377833753149	0.0528967254408	0.0755667506297	0.0554156171285	0.0780856423174	0.0780856423174	0.0831234256927	0.110831234257	0.0528967254408	0.100755667506	0.0377833753149	0.0453400503778	0.0528967254408	0.0604534005038	0.0680100755668	0.0151133501259	0.0403022670025	0.0478589420655	0.0831234256927	0.0906801007557	0.0730478589421	0.0604534005038	0.0780856423174	0.0730478589421	0.0629722921914	0.0377833753149	0.080604534005	0.0654911838791	0.0453400503778	0.0503778337531	0.0604534005038	0.0528967254408	0.0730478589421	0.0654911838791	0.0428211586902	0.0680100755668	0.0478589420655	0.0831234256927	0.0302267002519	0.0503778337531	0.095717884131	0.088161209068	0.0680100755668	0.0629722921914	0.0780856423174	0.0352644836272	0.0453400503778	0.080604534005	0.080604534005	0.0906801007557	0.0604534005038	0.0604534005038	0.0705289672544	0.115869017632	0.105793450882	0.0755667506297	0.0403022670025	0.0453400503778	0.0377833753149	0.0327455919395	0.0831234256927	0.0503778337531	0.0554156171285	0.0528967254408	0.0478589420655	0.0403022670025	0.113350125945	0.0680100755668	0.0176322418136	0.0478589420655	0.0277078085642	0.0352644836272	0.0554156171285	0.0478589420655	0.0654911838791	0.0604534005038	0.0428211586902	0.0428211586902	0.0579345088161	0.0604534005038	0.0680100755668	0.0327455919395	0.0680100755668	0.0554156171285	0.0403022670025	0.0403022670025	0.0377833753149	0.100755667506	0.100755667506	0.0453400503778	0.0604534005038	0.0705289672544
158499257-tonguedorsum1.snv.bam	0.0478589420655	0.0654911838791	0.0478589420655	0.0428211586902	0.0428211586902	0.0	0.00251889168766	0.0579345088161	0.0503778337531	0.0654911838791	0.0352644836272	0.0906801007557	0.0654911838791	0.0654911838791	0.0503778337531	0.0327455919395	0.0251889168766	0.0579345088161	0.103274559194	0.0251889168766	0.0629722921914	0.0428211586902	0.0680100755668	0.0403022670025	0.0680100755668	0.0428211586902	0.0352644836272	0.0528967254408	0.0629722921914	0.0453400503778	0.0302267002519	0.0151133501259	0.0302267002519	0.0453400503778	0.0352644836272	0.0629722921914	0.0654911838791	0.0604534005038	0.0856423173804	0.0352644836272	0.0755667506297	0.0151133501259	0.0151133501259	0.0352644836272	0.0453400503778	0.0705289672544	0.0453400503778	0.0100755667506	0.0302267002519	0.0780856423174	0.0327455919395	0.0554156171285	0.0352644836272	0.0377833753149	0.0352644836272	0.0201511335013	0.0125944584383	0.0705289672544	0.0251889168766	0.0226700251889	0.0151133501259	0.0377833753149	0.0327455919395	0.0478589420655	0.0629722921914	0.0201511335013	0.0352644836272	0.0302267002519	0.0604534005038	0.0176322418136	0.0251889168766	0.0503778337531	0.0680100755668	0.0528967254408	0.0478589420655	0.0654911838791	0.0226700251889	0.0277078085642	0.0680100755668	0.0654911838791	0.0377833753149	0.0251889168766	0.0251889168766	0.0403022670025	0.080604534005	0.080604534005	0.0579345088161	0.0302267002519	0.0377833753149	0.0125944584383	0.0377833753149	0.0528967254408	0.0478589420655	0.0251889168766	0.0352644836272	0.0100755667506	0.00755667506297	0.108312342569	0.0201511335013	0.00755667506297	0.0302267002519	0.0302267002519	0.0302267002519	0.0377833753149	0.0277078085642	0.0554156171285	0.0478589420655	0.0151133501259	0.0302267002519	0.0251889168766	0.0226700251889	0.0251889168766	0.0151133501259	0.0428211586902	0.0302267002519	0.00251889168766	0.0151133501259	0.0100755667506	0.0755667506297	0.088161209068	0.0377833753149	0.0277078085642	0.0352644836272
158499257-tonguedorsum2.snv.bam	0.0503778337531	0.0604534005038	0.0528967254408	0.0428211586902	0.0604534005038	0.00251889168766	0.0	0.0654911838791	0.0680100755668	0.0906801007557	0.0377833753149	0.0831234256927	0.0680100755668	0.0856423173804	0.0654911838791	0.0352644836272	0.0277078085642	0.0654911838791	0.115869017632	0.0226700251889	0.0755667506297	0.0428211586902	0.0982367758186	0.0629722921914	0.0780856423174	0.0528967254408	0.0377833753149	0.0503778337531	0.0780856423174	0.0403022670025	0.0277078085642	0.0151133501259	0.0377833753149	0.0528967254408	0.0352644836272	0.0554156171285	0.0680100755668	0.0654911838791	0.0831234256927	0.0428211586902	0.0755667506297	0.0201511335013	0.0176322418136	0.0377833753149	0.0554156171285	0.0705289672544	0.0528967254408	0.0125944584383	0.0428211586902	0.0705289672544	0.0654911838791	0.0705289672544	0.0428211586902	0.0503778337531	0.0428211586902	0.0352644836272	0.0176322418136	0.0780856423174	0.0428211586902	0.0327455919395	0.0251889168766	0.0352644836272	0.0327455919395	0.0503778337531	0.0654911838791	0.0226700251889	0.0453400503778	0.0327455919395	0.0654911838791	0.0176322418136	0.0251889168766	0.0629722921914	0.0856423173804	0.0680100755668	0.0503778337531	0.0654911838791	0.0226700251889	0.0377833753149	0.0780856423174	0.0831234256927	0.0755667506297	0.0327455919395	0.0428211586902	0.0528967254408	0.088161209068	0.0856423173804	0.0654911838791	0.0302267002519	0.0377833753149	0.0201511335013	0.0327455919395	0.0654911838791	0.0654911838791	0.0277078085642	0.0403022670025	0.00755667506297	0.0100755667506	0.108312342569	0.0377833753149	0.0176322418136	0.0352644836272	0.0277078085642	0.0352644836272	0.0403022670025	0.0327455919395	0.0428211586902	0.0528967254408	0.0226700251889	0.0352644836272	0.0327455919395	0.0352644836272	0.0327455919395	0.0251889168766	0.0503778337531	0.0226700251889	0.0125944584383	0.0201511335013	0.0125944584383	0.0982367758186	0.0931989924433	0.0327455919395	0.0327455919395	0.0503778337531
158802708-tonguedorsum1.snv.bam	0.0705289672544	0.0629722921914	0.0503778337531	0.0654911838791	0.0654911838791	0.0579345088161	0.0654911838791	0.0	0.00503778337531	0.0125944584383	0.0730478589421	0.113350125945	0.103274559194	0.0906801007557	0.100755667506	0.0831234256927	0.0302267002519	0.103274559194	0.141057934509	0.0680100755668	0.0856423173804	0.0856423173804	0.088161209068	0.0755667506297	0.088161209068	0.0528967254408	0.0730478589421	0.095717884131	0.0377833753149	0.0604534005038	0.080604534005	0.0856423173804	0.080604534005	0.0906801007557	0.088161209068	0.0931989924433	0.0780856423174	0.100755667506	0.128463476071	0.0931989924433	0.123425692695	0.0453400503778	0.0478589420655	0.0629722921914	0.0528967254408	0.103274559194	0.0780856423174	0.0503778337531	0.0705289672544	0.0654911838791	0.0730478589421	0.0755667506297	0.0680100755668	0.0780856423174	0.0780856423174	0.0730478589421	0.0654911838791	0.105793450882	0.0654911838791	0.0629722921914	0.0629722921914	0.0856423173804	0.0604534005038	0.0931989924433	0.0654911838791	0.0755667506297	0.095717884131	0.0730478589421	0.115869017632	0.0478589420655	0.0604534005038	0.088161209068	0.100755667506	0.0654911838791	0.088161209068	0.103274559194	0.0428211586902	0.0403022670025	0.0831234256927	0.0831234256927	0.080604534005	0.0755667506297	0.080604534005	0.0755667506297	0.146095717884	0.143576826196	0.0554156171285	0.0629722921914	0.0478589420655	0.0302267002519	0.0705289672544	0.105793450882	0.0982367758186	0.0528967254408	0.0654911838791	0.0604534005038	0.0453400503778	0.125944584383	0.0554156171285	0.0453400503778	0.088161209068	0.0453400503778	0.0604534005038	0.0831234256927	0.0680100755668	0.0755667506297	0.0680100755668	0.0428211586902	0.0654911838791	0.0680100755668	0.0856423173804	0.0780856423174	0.0654911838791	0.0856423173804	0.0831234256927	0.0755667506297	0.0251889168766	0.0503778337531	0.123425692695	0.120906801008	0.0629722921914	0.0654911838791	0.0730478589421
158802708-tonguedorsum2.snv.bam	0.0554156171285	0.0730478589421	0.0327455919395	0.0654911838791	0.0730478589421	0.0503778337531	0.0680100755668	0.00503778337531	0.0	0.0	0.0604534005038	0.120906801008	0.103274559194	0.0906801007557	0.100755667506	0.0906801007557	0.0251889168766	0.0931989924433	0.130982367758	0.0730478589421	0.0931989924433	0.0755667506297	0.0856423173804	0.0755667506297	0.0982367758186	0.0705289672544	0.0730478589421	0.095717884131	0.0680100755668	0.0604534005038	0.0831234256927	0.080604534005	0.0680100755668	0.0780856423174	0.080604534005	0.0982367758186	0.0705289672544	0.0856423173804	0.138539042821	0.0856423173804	0.136020151134	0.0403022670025	0.0403022670025	0.0629722921914	0.0226700251889	0.105793450882	0.080604534005	0.0428211586902	0.0755667506297	0.0327455919395	0.0755667506297	0.0755667506297	0.0680100755668	0.0831234256927	0.0730478589421	0.0705289672544	0.0654911838791	0.113350125945	0.0654911838791	0.0654911838791	0.0629722921914	0.0906801007557	0.0730478589421	0.0906801007557	0.0654911838791	0.0705289672544	0.095717884131	0.0654911838791	0.105793450882	0.0403022670025	0.0604534005038	0.0906801007557	0.103274559194	0.0579345088161	0.0780856423174	0.0982367758186	0.0403022670025	0.0453400503778	0.0705289672544	0.0780856423174	0.0730478589421	0.080604534005	0.080604534005	0.0705289672544	0.151133501259	0.141057934509	0.0528967254408	0.0629722921914	0.0226700251889	0.0277078085642	0.0629722921914	0.110831234257	0.0931989924433	0.0352644836272	0.0453400503778	0.0528967254408	0.0377833753149	0.136020151134	0.0654911838791	0.0403022670025	0.0755667506297	0.0428211586902	0.0478589420655	0.0705289672544	0.0579345088161	0.0755667506297	0.0755667506297	0.0352644836272	0.0629722921914	0.0654911838791	0.0705289672544	0.0705289672544	0.0579345088161	0.080604534005	0.080604534005	0.0654911838791	0.0176322418136	0.0352644836272	0.138539042821	0.138539042821	0.0554156171285	0.0680100755668	0.0755667506297
158802708-tonguedorsum3.snv.bam	0.080604534005	0.103274559194	0.0579345088161	0.088161209068	0.0856423173804	0.0654911838791	0.0906801007557	0.0125944584383	0.0	0.0	0.0906801007557	0.115869017632	0.115869017632	0.108312342569	0.110831234257	0.105793450882	0.0478589420655	0.110831234257	0.143576826196	0.0856423173804	0.108312342569	0.0906801007557	0.105793450882	0.095717884131	0.105793450882	0.0705289672544	0.0906801007557	0.103274559194	0.0755667506297	0.088161209068	0.0931989924433	0.0982367758186	0.0982367758186	0.0931989924433	0.105793450882	0.110831234257	0.0856423173804	0.108312342569	0.141057934509	0.105793450882	0.143576826196	0.0528967254408	0.0629722921914	0.080604534005	0.0705289672544	0.123425692695	0.0931989924433	0.0604534005038	0.080604534005	0.0478589420655	0.0931989924433	0.095717884131	0.0856423173804	0.095717884131	0.0906801007557	0.088161209068	0.0780856423174	0.125944584383	0.0931989924433	0.088161209068	0.0780856423174	0.103274559194	0.0755667506297	0.095717884131	0.080604534005	0.0831234256927	0.103274559194	0.0755667506297	0.115869017632	0.0604534005038	0.0780856423174	0.110831234257	0.095717884131	0.0629722921914	0.088161209068	0.105793450882	0.0528967254408	0.0503778337531	0.0931989924433	0.0931989924433	0.0982367758186	0.105793450882	0.105793450882	0.0831234256927	0.16120906801	0.146095717884	0.0780856423174	0.0780856423174	0.0528967254408	0.0528967254408	0.0831234256927	0.115869017632	0.115869017632	0.0629722921914	0.0906801007557	0.0680100755668	0.0604534005038	0.130982367758	0.0780856423174	0.0680100755668	0.0931989924433	0.0554156171285	0.0705289672544	0.0931989924433	0.080604534005	0.095717884131	0.088161209068	0.0629722921914	0.0831234256927	0.080604534005	0.080604534005	0.0755667506297	0.0755667506297	0.105793450882	0.0982367758186	0.0831234256927	0.0327455919395	0.0705289672544	0.136020151134	0.141057934509	0.0780856423174	0.0831234256927	0.088161209068
158883629-tonguedorsum2.snv.bam	0.0428211586902	0.0554156171285	0.0554156171285	0.0554156171285	0.0579345088161	0.0352644836272	0.0377833753149	0.0730478589421	0.0604534005038	0.0906801007557	0.0	0.095717884131	0.0327455919395	0.0428211586902	0.0604534005038	0.0428211586902	0.0327455919395	0.0654911838791	0.105793450882	0.0403022670025	0.0629722921914	0.0453400503778	0.108312342569	0.0705289672544	0.095717884131	0.0579345088161	0.0478589420655	0.0579345088161	0.0730478589421	0.0428211586902	0.0428211586902	0.0277078085642	0.0377833753149	0.0604534005038	0.0327455919395	0.0453400503778	0.0554156171285	0.0579345088161	0.0327455919395	0.0302267002519	0.0428211586902	0.0201511335013	0.0302267002519	0.0503778337531	0.0453400503778	0.0755667506297	0.0528967254408	0.0327455919395	0.0453400503778	0.080604534005	0.0680100755668	0.0629722921914	0.0377833753149	0.0680100755668	0.0428211586902	0.0403022670025	0.0377833753149	0.088161209068	0.0428211586902	0.0277078085642	0.0277078085642	0.0554156171285	0.0428211586902	0.0654911838791	0.0629722921914	0.0277078085642	0.0654911838791	0.0277078085642	0.0302267002519	0.0201511335013	0.0201511335013	0.0629722921914	0.0755667506297	0.0629722921914	0.0428211586902	0.0629722921914	0.0251889168766	0.0302267002519	0.080604534005	0.0755667506297	0.0730478589421	0.0377833753149	0.0478589420655	0.0554156171285	0.115869017632	0.108312342569	0.0680100755668	0.0403022670025	0.0302267002519	0.0176322418136	0.0327455919395	0.0705289672544	0.0629722921914	0.0403022670025	0.0478589420655	0.0201511335013	0.0302267002519	0.0931989924433	0.0377833753149	0.0201511335013	0.0352644836272	0.0327455919395	0.0327455919395	0.0453400503778	0.0327455919395	0.0377833753149	0.0554156171285	0.0277078085642	0.0377833753149	0.0277078085642	0.0428211586902	0.0503778337531	0.0100755667506	0.0251889168766	0.0403022670025	0.0453400503778	0.0327455919395	0.0327455919395	0.0906801007557	0.0906801007557	0.0302267002519	0.0428211586902	0.0352644836272
158944319-tonguedorsum3.snv.bam	0.110831234257	0.120906801008	0.105793450882	0.120906801008	0.110831234257	0.0906801007557	0.0831234256927	0.113350125945	0.120906801008	0.115869017632	0.095717884131	0.0	0.108312342569	0.113350125945	0.128463476071	0.103274559194	0.0780856423174	0.100755667506	0.123425692695	0.103274559194	0.108312342569	0.0982367758186	0.143576826196	0.115869017632	0.163727959698	0.115869017632	0.108312342569	0.115869017632	0.125944584383	0.0856423173804	0.100755667506	0.0705289672544	0.0654911838791	0.088161209068	0.123425692695	0.115869017632	0.130982367758	0.138539042821	0.130982367758	0.0982367758186	0.120906801008	0.0780856423174	0.0831234256927	0.11838790932	0.100755667506	0.113350125945	0.108312342569	0.095717884131	0.120906801008	0.128463476071	0.133501259446	0.123425692695	0.105793450882	0.123425692695	0.120906801008	0.100755667506	0.108312342569	0.141057934509	0.100755667506	0.0856423173804	0.088161209068	0.11838790932	0.105793450882	0.108312342569	0.11838790932	0.0730478589421	0.115869017632	0.088161209068	0.133501259446	0.0856423173804	0.0931989924433	0.141057934509	0.146095717884	0.11838790932	0.120906801008	0.141057934509	0.095717884131	0.11838790932	0.130982367758	0.11838790932	0.120906801008	0.123425692695	0.130982367758	0.0931989924433	0.146095717884	0.143576826196	0.113350125945	0.088161209068	0.100755667506	0.095717884131	0.0982367758186	0.123425692695	0.108312342569	0.0680100755668	0.113350125945	0.0780856423174	0.0780856423174	0.158690176322	0.108312342569	0.0831234256927	0.100755667506	0.103274559194	0.105793450882	0.0906801007557	0.088161209068	0.133501259446	0.103274559194	0.0906801007557	0.115869017632	0.0982367758186	0.103274559194	0.103274559194	0.0906801007557	0.11838790932	0.0931989924433	0.110831234257	0.095717884131	0.095717884131	0.141057934509	0.156171284635	0.0554156171285	0.095717884131	0.0931989924433
159207311-tonguedorsum2.snv.bam	0.088161209068	0.0982367758186	0.0680100755668	0.0831234256927	0.103274559194	0.0654911838791	0.0680100755668	0.103274559194	0.103274559194	0.115869017632	0.0327455919395	0.108312342569	0.0	0.00503778337531	0.100755667506	0.0906801007557	0.0705289672544	0.113350125945	0.151133501259	0.103274559194	0.0982367758186	0.088161209068	0.088161209068	0.0629722921914	0.11838790932	0.0906801007557	0.080604534005	0.103274559194	0.11838790932	0.088161209068	0.0906801007557	0.0680100755668	0.0831234256927	0.0931989924433	0.0755667506297	0.0856423173804	0.0906801007557	0.0982367758186	0.0755667506297	0.0629722921914	0.0780856423174	0.0554156171285	0.0654911838791	0.0755667506297	0.0579345088161	0.110831234257	0.103274559194	0.0680100755668	0.100755667506	0.133501259446	0.080604534005	0.108312342569	0.080604534005	0.095717884131	0.0780856423174	0.0730478589421	0.0780856423174	0.120906801008	0.0831234256927	0.0604534005038	0.0629722921914	0.0780856423174	0.0680100755668	0.108312342569	0.095717884131	0.0780856423174	0.080604534005	0.0654911838791	0.0680100755668	0.0478589420655	0.0428211586902	0.0856423173804	0.128463476071	0.103274559194	0.0680100755668	0.0906801007557	0.0780856423174	0.100755667506	0.108312342569	0.110831234257	0.0906801007557	0.0604534005038	0.0654911838791	0.0831234256927	0.136020151134	0.138539042821	0.105793450882	0.0755667506297	0.0654911838791	0.0604534005038	0.080604534005	0.100755667506	0.0931989924433	0.0554156171285	0.0755667506297	0.0705289672544	0.0680100755668	0.128463476071	0.0503778337531	0.0428211586902	0.0831234256927	0.0831234256927	0.0755667506297	0.0629722921914	0.0478589420655	0.0755667506297	0.113350125945	0.0503778337531	0.088161209068	0.0730478589421	0.0680100755668	0.0755667506297	0.0604534005038	0.0654911838791	0.0629722921914	0.0831234256927	0.0604534005038	0.0579345088161	0.115869017632	0.11838790932	0.0755667506297	0.0705289672544	0.0906801007557
159207311-tonguedorsum3.snv.bam	0.0931989924433	0.100755667506	0.0680100755668	0.0906801007557	0.103274559194	0.0654911838791	0.0856423173804	0.0906801007557	0.0906801007557	0.108312342569	0.0428211586902	0.113350125945	0.00503778337531	0.0	0.11838790932	0.088161209068	0.0680100755668	0.113350125945	0.156171284635	0.103274559194	0.0931989924433	0.088161209068	0.080604534005	0.0629722921914	0.138539042821	0.088161209068	0.088161209068	0.120906801008	0.108312342569	0.0856423173804	0.0982367758186	0.080604534005	0.0680100755668	0.088161209068	0.080604534005	0.108312342569	0.0906801007557	0.100755667506	0.105793450882	0.0730478589421	0.095717884131	0.0629722921914	0.0730478589421	0.0780856423174	0.0528967254408	0.113350125945	0.0982367758186	0.0780856423174	0.110831234257	0.133501259446	0.080604534005	0.110831234257	0.088161209068	0.0982367758186	0.0856423173804	0.0730478589421	0.080604534005	0.115869017632	0.0780856423174	0.0705289672544	0.0705289672544	0.0831234256927	0.0705289672544	0.108312342569	0.095717884131	0.0730478589421	0.088161209068	0.0604534005038	0.088161209068	0.0478589420655	0.0503778337531	0.0856423173804	0.128463476071	0.095717884131	0.0780856423174	0.0931989924433	0.0730478589421	0.100755667506	0.103274559194	0.103274559194	0.0931989924433	0.0831234256927	0.0730478589421	0.0780856423174	0.141057934509	0.146095717884	0.100755667506	0.0755667506297	0.0755667506297	0.0654911838791	0.0780856423174	0.113350125945	0.100755667506	0.0453400503778	0.0831234256927	0.0680100755668	0.0705289672544	0.138539042821	0.0705289672544	0.0428211586902	0.088161209068	0.095717884131	0.0906801007557	0.0604534005038	0.0503778337531	0.0856423173804	0.100755667506	0.0629722921914	0.095717884131	0.080604534005	0.088161209068	0.0906801007557	0.0579345088161	0.0705289672544	0.0856423173804	0.0906801007557	0.0579345088161	0.0654911838791	0.113350125945	0.115869017632	0.0755667506297	0.0705289672544	0.0856423173804
159227541-tonguedorsum2.snv.bam	0.0730478589421	0.0856423173804	0.103274559194	0.0730478589421	0.0680100755668	0.0503778337531	0.0654911838791	0.100755667506	0.100755667506	0.110831234257	0.0604534005038	0.128463476071	0.100755667506	0.11838790932	0.0	0.0100755667506	0.0680100755668	0.080604534005	0.110831234257	0.0528967254408	0.100755667506	0.0680100755668	0.138539042821	0.105793450882	0.0931989924433	0.0654911838791	0.0780856423174	0.0831234256927	0.110831234257	0.0831234256927	0.0629722921914	0.0453400503778	0.0680100755668	0.0831234256927	0.0478589420655	0.0906801007557	0.0831234256927	0.0856423173804	0.108312342569	0.0629722921914	0.100755667506	0.0352644836272	0.0478589420655	0.0730478589421	0.0730478589421	0.095717884131	0.0730478589421	0.0604534005038	0.0755667506297	0.113350125945	0.105793450882	0.103274559194	0.0831234256927	0.110831234257	0.095717884131	0.0831234256927	0.0554156171285	0.110831234257	0.0705289672544	0.0579345088161	0.0604534005038	0.0730478589421	0.0755667506297	0.0680100755668	0.0654911838791	0.0629722921914	0.0982367758186	0.0579345088161	0.088161209068	0.0478589420655	0.0604534005038	0.0856423173804	0.120906801008	0.088161209068	0.0856423173804	0.108312342569	0.0377833753149	0.0629722921914	0.0780856423174	0.080604534005	0.0856423173804	0.0604534005038	0.0579345088161	0.0528967254408	0.0931989924433	0.0680100755668	0.088161209068	0.0629722921914	0.0528967254408	0.0528967254408	0.0705289672544	0.080604534005	0.088161209068	0.080604534005	0.0503778337531	0.0478589420655	0.0453400503778	0.143576826196	0.0730478589421	0.0478589420655	0.0528967254408	0.0579345088161	0.0705289672544	0.0730478589421	0.0579345088161	0.0856423173804	0.0906801007557	0.0528967254408	0.0680100755668	0.0680100755668	0.0554156171285	0.0554156171285	0.0604534005038	0.0831234256927	0.0730478589421	0.0503778337531	0.0629722921914	0.0377833753149	0.123425692695	0.115869017632	0.0629722921914	0.0755667506297	0.0755667506297
159227541-tonguedorsum3.snv.bam	0.0629722921914	0.0680100755668	0.0730478589421	0.0528967254408	0.0428211586902	0.0327455919395	0.0352644836272	0.0831234256927	0.0906801007557	0.105793450882	0.0428211586902	0.103274559194	0.0906801007557	0.088161209068	0.0100755667506	0.0	0.0453400503778	0.0730478589421	0.108312342569	0.0403022670025	0.080604534005	0.0453400503778	0.120906801008	0.0906801007557	0.0982367758186	0.0629722921914	0.0604534005038	0.0528967254408	0.0906801007557	0.0654911838791	0.0403022670025	0.0226700251889	0.0201511335013	0.0705289672544	0.0352644836272	0.0730478589421	0.080604534005	0.0755667506297	0.0906801007557	0.0377833753149	0.0730478589421	0.0302267002519	0.0453400503778	0.0654911838791	0.0554156171285	0.0327455919395	0.0277078085642	0.0403022670025	0.0554156171285	0.095717884131	0.0856423173804	0.0705289672544	0.0528967254408	0.080604534005	0.0629722921914	0.0554156171285	0.0151133501259	0.0705289672544	0.0352644836272	0.0403022670025	0.0377833753149	0.0528967254408	0.0579345088161	0.0654911838791	0.0629722921914	0.0277078085642	0.0831234256927	0.0403022670025	0.0705289672544	0.0251889168766	0.0377833753149	0.0831234256927	0.113350125945	0.0831234256927	0.0629722921914	0.0856423173804	0.0377833753149	0.0604534005038	0.0780856423174	0.0831234256927	0.080604534005	0.0503778337531	0.0453400503778	0.0629722921914	0.088161209068	0.0780856423174	0.080604534005	0.0403022670025	0.0503778337531	0.0226700251889	0.0478589420655	0.0730478589421	0.0579345088161	0.0604534005038	0.0403022670025	0.0352644836272	0.0377833753149	0.11838790932	0.0604534005038	0.0251889168766	0.0377833753149	0.0327455919395	0.0453400503778	0.0503778337531	0.0277078085642	0.0604534005038	0.0554156171285	0.0377833753149	0.0528967254408	0.0478589420655	0.0629722921914	0.0554156171285	0.0327455919395	0.0579345088161	0.0528967254408	0.0428211586902	0.0579345088161	0.0302267002519	0.100755667506	0.088161209068	0.0302267002519	0.0503778337531	0.0352644836272
159247771-tonguedorsum2.snv.bam	0.0403022670025	0.0403022670025	0.0176322418136	0.0327455919395	0.0478589420655	0.0251889168766	0.0277078085642	0.0302267002519	0.0251889168766	0.0478589420655	0.0327455919395	0.0780856423174	0.0705289672544	0.0680100755668	0.0680100755668	0.0453400503778	0.0	0.0604534005038	0.11838790932	0.0352644836272	0.0478589420655	0.0554156171285	0.088161209068	0.0680100755668	0.0856423173804	0.0428211586902	0.0377833753149	0.0654911838791	0.0302267002519	0.0352644836272	0.0403022670025	0.0302267002519	0.0453400503778	0.0604534005038	0.0453400503778	0.0579345088161	0.0428211586902	0.0352644836272	0.0705289672544	0.0327455919395	0.0680100755668	0.0251889168766	0.0302267002519	0.0302267002519	0.0302267002519	0.0680100755668	0.0554156171285	0.0151133501259	0.0503778337531	0.0604534005038	0.0604534005038	0.0302267002519	0.0201511335013	0.0428211586902	0.0251889168766	0.0352644836272	0.0302267002519	0.0780856423174	0.0428211586902	0.0403022670025	0.0302267002519	0.0352644836272	0.0201511335013	0.0755667506297	0.0554156171285	0.0377833753149	0.0528967254408	0.0277078085642	0.0554156171285	0.0125944584383	0.0176322418136	0.0629722921914	0.0730478589421	0.0428211586902	0.0377833753149	0.0554156171285	0.0251889168766	0.0302267002519	0.0503778337531	0.0528967254408	0.0528967254408	0.0428211586902	0.0554156171285	0.0579345088161	0.0982367758186	0.0931989924433	0.0327455919395	0.0277078085642	0.0201511335013	0.0100755667506	0.0327455919395	0.0705289672544	0.0604534005038	0.0377833753149	0.0226700251889	0.0352644836272	0.0176322418136	0.080604534005	0.0352644836272	0.0277078085642	0.0403022670025	0.0151133501259	0.0302267002519	0.0428211586902	0.0302267002519	0.0176322418136	0.0352644836272	0.0100755667506	0.0377833753149	0.0302267002519	0.0503778337531	0.0403022670025	0.0251889168766	0.0302267002519	0.0428211586902	0.0302267002519	0.0176322418136	0.0226700251889	0.0931989924433	0.088161209068	0.0277078085642	0.0352644836272	0.0377833753149
159268001-tonguedorsum1.snv.bam	0.0554156171285	0.080604534005	0.0931989924433	0.0705289672544	0.0680100755668	0.0579345088161	0.0654911838791	0.103274559194	0.0931989924433	0.110831234257	0.0654911838791	0.100755667506	0.113350125945	0.113350125945	0.080604534005	0.0730478589421	0.0604534005038	0.0	0.0251889168766	0.080604534005	0.0856423173804	0.0478589420655	0.141057934509	0.103274559194	0.108312342569	0.0604534005038	0.0654911838791	0.0730478589421	0.113350125945	0.0705289672544	0.0654911838791	0.0528967254408	0.0528967254408	0.0403022670025	0.0730478589421	0.0831234256927	0.0931989924433	0.095717884131	0.120906801008	0.0705289672544	0.110831234257	0.0377833753149	0.0478589420655	0.0680100755668	0.0629722921914	0.0906801007557	0.0604534005038	0.0680100755668	0.0604534005038	0.108312342569	0.103274559194	0.105793450882	0.0856423173804	0.100755667506	0.0906801007557	0.0780856423174	0.0680100755668	0.115869017632	0.0755667506297	0.0554156171285	0.0453400503778	0.088161209068	0.088161209068	0.0705289672544	0.0755667506297	0.0377833753149	0.108312342569	0.0478589420655	0.0982367758186	0.0579345088161	0.0604534005038	0.0856423173804	0.105793450882	0.0554156171285	0.0931989924433	0.120906801008	0.0453400503778	0.0503778337531	0.0982367758186	0.103274559194	0.0982367758186	0.0730478589421	0.080604534005	0.0604534005038	0.125944584383	0.11838790932	0.095717884131	0.0554156171285	0.0554156171285	0.0478589420655	0.0654911838791	0.0931989924433	0.080604534005	0.0705289672544	0.0730478589421	0.0377833753149	0.0302267002519	0.156171284635	0.0730478589421	0.0604534005038	0.0705289672544	0.0528967254408	0.0629722921914	0.0680100755668	0.0629722921914	0.095717884131	0.110831234257	0.0503778337531	0.0604534005038	0.0705289672544	0.0705289672544	0.0755667506297	0.0528967254408	0.0654911838791	0.0629722921914	0.0680100755668	0.0604534005038	0.0554156171285	0.11838790932	0.11838790932	0.0554156171285	0.0780856423174	0.0856423173804
