	159753524-stool1.snv.bam	BYQ_AAAB.snv.bam	BYQ_AAAD.snv.bam	BYQ_AAAF.snv.bam	BYQ_AAAI.snv.bam	BYQ_AAAJ.snv.bam	CCIS00146684ST-4-0.snv.bam	CCIS05314658ST-4-0.snv.bam	CCIS07277498ST-4-0.snv.bam	CCIS11015875ST-4-0.snv.bam	CCIS20795251ST-4-0.snv.bam	CCIS27927933ST-4-0.snv.bam	CCIS41288781ST-4-0.snv.bam	CCIS41692898ST-4-0.snv.bam	CCIS44757994ST-4-0.snv.bam	CCIS50003399ST-4-0.snv.bam	CCIS59132091ST-4-0.snv.bam	CCIS77100899ST-4-0.snv.bam	CCIS78100604ST-4-0.snv.bam	CCIS88007743ST-4-0.snv.bam	CCIS94603952ST-4-0.snv.bam	CCMD11006829ST-21-0.snv.bam	CCMD12232071ST-21-0.snv.bam	CCMD25511638ST-21-0.snv.bam	CCMD51864103ST-21-0.snv.bam	DLM001.snv.bam	DLM012.snv.bam	DOF008.snv.bam	ED12A.snv.bam	ED19A.snv.bam	ED50A.snv.bam	HT8A.snv.bam	M3.3-V3.metaG.snv.bam	M3.5-V1.metaT.snv.bam	M4.2-V2.metaG.snv.bam	MH0188.snv.bam	MH0203.snv.bam	MMRS36405092ST-27-0-0.snv.bam	MMRS44197125ST-27-0-0.snv.bam	MMRS67096717ST-27-0-0.snv.bam	MMRS92546335ST-27-0-0.snv.bam	NG-5636_472.snv.bam	O2.CD1-0-PT.snv.bam	O2.CD2-0-PT.snv.bam	O2.UC19-1.snv.bam	O2.UC20-1.snv.bam	O2.UC36-0.snv.bam	O2.UC37-1.snv.bam	O2.UC46-1.snv.bam	O2.UC7-0.snv.bam	O2.UC8-0.snv.bam	O2.UC8-1.snv.bam	SZEY-10A.snv.bam	SZEY-39A.snv.bam	T2D-146A.snv.bam	T2D-148A.snv.bam	T2D-20A.snv.bam	T2D-25A.snv.bam	T2D-31A.snv.bam	T2D-49A.snv.bam	T2D-66A.snv.bam	T2D-68A.snv.bam	T2D-78A.snv.bam	V1.CD18-0.snv.bam	V1.CD2-0-PT.snv.bam	V1.CD36-0.snv.bam	V1.CD8-0-PN.snv.bam	V1.FI01.snv.bam	V1.FI04.snv.bam	V1.FI05.snv.bam	V1.FI17.snv.bam	V1.FI19.snv.bam	V1.FI25.snv.bam	V1.FI27.snv.bam	V1.FI28.snv.bam	V1.FI29.snv.bam	V1.FI33.snv.bam	V1.FI37.snv.bam	V1.UC11-5.snv.bam	V1.UC33-0.snv.bam	V1.UC34-0.snv.bam	V1.UC54-0.snv.bam	alien-11-60-0.snv.bam	bugkiller-11-2-0.snv.bam	bugkiller-11-392-1.snv.bam	bugkiller-11-392-2.snv.bam	bugkiller-11-60-0.snv.bam	bugkiller-11-7-0.snv.bam	bugkiller-13-392-1.snv.bam	bugkiller-13-392-2.snv.bam	bugkiller-13-392-3.snv.bam	halbarad-11-0-0.snv.bam	halbarad-11-2-0.snv.bam	halbarad-11-392-0.snv.bam	halbarad-11-7-0.snv.bam	peacemaker-11-0-0.snv.bam	peacemaker-11-2-0.snv.bam	peacemaker-11-60-0.snv.bam	peacemaker-11-7-0.snv.bam	scavenger-11-0-0.snv.bam	scavenger-11-2-0.snv.bam	scavenger-11-60-0.snv.bam	scavenger-11-7-0.snv.bam	scavenger-12-7-0.snv.bam
159753524-stool1.snv.bam	0.0	0.0720720720721	0.0720720720721	0.0810810810811	0.0690690690691	0.0720720720721	0.123123123123	0.0810810810811	0.102102102102	0.0630630630631	0.132132132132	0.438438438438	0.0900900900901	0.12012012012	0.0930930930931	0.0720720720721	0.0900900900901	0.0600600600601	0.102102102102	0.0960960960961	0.0570570570571	0.111111111111	0.135135135135	0.0720720720721	0.0810810810811	0.0810810810811	0.123123123123	0.0750750750751	0.108108108108	0.0690690690691	0.0690690690691	0.0780780780781	0.0750750750751	0.0960960960961	0.0810810810811	0.132132132132	0.0900900900901	0.138138138138	0.0900900900901	0.0930930930931	0.0930930930931	0.0630630630631	0.117117117117	0.048048048048	0.0960960960961	0.0810810810811	0.0570570570571	0.105105105105	0.102102102102	0.177177177177	0.0810810810811	0.0690690690691	0.0780780780781	0.0930930930931	0.0630630630631	0.0930930930931	0.0690690690691	0.0570570570571	0.312312312312	0.0690690690691	0.0960960960961	0.12012012012	0.0630630630631	0.117117117117	0.0660660660661	0.192192192192	0.0780780780781	0.0900900900901	0.0900900900901	0.102102102102	0.108108108108	0.0750750750751	0.0840840840841	0.126126126126	0.0930930930931	0.141141141141	0.0840840840841	0.0570570570571	0.0990990990991	0.0720720720721	0.126126126126	0.108108108108	0.0870870870871	0.141141141141	0.129129129129	0.129129129129	0.132132132132	0.138138138138	0.135135135135	0.129129129129	0.135135135135	0.123123123123	0.123123123123	0.0840840840841	0.126126126126	0.0600600600601	0.0570570570571	0.0810810810811	0.12012012012	0.117117117117	0.117117117117	0.141141141141	0.141141141141	0.0960960960961
BYQ_AAAB.snv.bam	0.0720720720721	0.0	0.0510510510511	0.039039039039	0.033033033033	0.027027027027	0.0720720720721	0.03003003003	0.102102102102	0.039039039039	0.0810810810811	0.468468468468	0.0660660660661	0.102102102102	0.033033033033	0.021021021021	0.045045045045	0.027027027027	0.0750750750751	0.0630630630631	0.036036036036	0.117117117117	0.123123123123	0.021021021021	0.048048048048	0.048048048048	0.0750750750751	0.0660660660661	0.036036036036	0.0510510510511	0.015015015015	0.027027027027	0.033033033033	0.0690690690691	0.0660660660661	0.0960960960961	0.021021021021	0.0840840840841	0.0600600600601	0.03003003003	0.0540540540541	0.018018018018	0.03003003003	0.0810810810811	0.045045045045	0.021021021021	0.0540540540541	0.048048048048	0.036036036036	0.129129129129	0.036036036036	0.012012012012	0.03003003003	0.048048048048	0.027027027027	0.036036036036	0.024024024024	0.03003003003	0.276276276276	0.00600600600601	0.045045045045	0.0540540540541	0.0990990990991	0.114114114114	0.033033033033	0.147147147147	0.0540540540541	0.0540540540541	0.045045045045	0.117117117117	0.045045045045	0.039039039039	0.024024024024	0.042042042042	0.0750750750751	0.0930930930931	0.042042042042	0.024024024024	0.048048048048	0.0690690690691	0.0900900900901	0.0510510510511	0.048048048048	0.0570570570571	0.0510510510511	0.048048048048	0.0540540540541	0.0600600600601	0.0540540540541	0.045045045045	0.0540540540541	0.042042042042	0.045045045045	0.03003003003	0.0510510510511	0.0660660660661	0.0630630630631	0.111111111111	0.159159159159	0.0780780780781	0.0780780780781	0.102102102102	0.102102102102	0.0570570570571
BYQ_AAAD.snv.bam	0.0720720720721	0.0510510510511	0.0	0.0540540540541	0.033033033033	0.045045045045	0.111111111111	0.0600600600601	0.111111111111	0.042042042042	0.108108108108	0.504504504505	0.0660660660661	0.105105105105	0.0780780780781	0.048048048048	0.0690690690691	0.036036036036	0.0840840840841	0.0690690690691	0.036036036036	0.15015015015	0.165165165165	0.045045045045	0.0660660660661	0.0540540540541	0.0990990990991	0.0600600600601	0.0840840840841	0.048048048048	0.042042042042	0.045045045045	0.0510510510511	0.0720720720721	0.0810810810811	0.114114114114	0.0600600600601	0.111111111111	0.0660660660661	0.0600600600601	0.0720720720721	0.036036036036	0.102102102102	0.0870870870871	0.0570570570571	0.0540540540541	0.0570570570571	0.0750750750751	0.0810810810811	0.165165165165	0.0570570570571	0.045045045045	0.0510510510511	0.0630630630631	0.0570570570571	0.0600600600601	0.039039039039	0.036036036036	0.294294294294	0.0510510510511	0.0630630630631	0.102102102102	0.0930930930931	0.129129129129	0.045045045045	0.171171171171	0.0510510510511	0.0510510510511	0.0600600600601	0.117117117117	0.0720720720721	0.03003003003	0.0510510510511	0.0930930930931	0.0750750750751	0.141141141141	0.0600600600601	0.024024024024	0.0720720720721	0.0690690690691	0.0990990990991	0.0870870870871	0.0660660660661	0.111111111111	0.102102102102	0.105105105105	0.108108108108	0.114114114114	0.111111111111	0.0990990990991	0.108108108108	0.105105105105	0.102102102102	0.0810810810811	0.108108108108	0.0630630630631	0.0600600600601	0.0990990990991	0.141141141141	0.108108108108	0.105105105105	0.132132132132	0.132132132132	0.0840840840841
BYQ_AAAF.snv.bam	0.0810810810811	0.039039039039	0.0540540540541	0.0	0.042042042042	0.045045045045	0.108108108108	0.045045045045	0.0600600600601	0.042042042042	0.0900900900901	0.453453453453	0.048048048048	0.105105105105	0.0630630630631	0.045045045045	0.042042042042	0.03003003003	0.0600600600601	0.036036036036	0.045045045045	0.0990990990991	0.123123123123	0.036036036036	0.0540540540541	0.0600600600601	0.0900900900901	0.0600600600601	0.0870870870871	0.0510510510511	0.042042042042	0.0570570570571	0.0510510510511	0.0750750750751	0.0810810810811	0.105105105105	0.0600600600601	0.111111111111	0.0630630630631	0.0720720720721	0.0720720720721	0.036036036036	0.0870870870871	0.0900900900901	0.0720720720721	0.0600600600601	0.048048048048	0.0690690690691	0.0630630630631	0.147147147147	0.036036036036	0.015015015015	0.036036036036	0.0540540540541	0.042042042042	0.048048048048	0.021021021021	0.042042042042	0.255255255255	0.0510510510511	0.0540540540541	0.0990990990991	0.0960960960961	0.12012012012	0.042042042042	0.171171171171	0.033033033033	0.042042042042	0.048048048048	0.105105105105	0.0690690690691	0.036036036036	0.039039039039	0.0720720720721	0.0630630630631	0.0900900900901	0.045045045045	0.039039039039	0.0810810810811	0.0630630630631	0.0870870870871	0.0690690690691	0.0630630630631	0.0690690690691	0.0630630630631	0.0600600600601	0.0660660660661	0.0690690690691	0.0660660660661	0.0600600600601	0.0660660660661	0.0960960960961	0.0870870870871	0.0630630630631	0.0930930930931	0.033033033033	0.036036036036	0.0690690690691	0.0900900900901	0.0870870870871	0.0930930930931	0.108108108108	0.108108108108	0.0660660660661
BYQ_AAAI.snv.bam	0.0690690690691	0.033033033033	0.033033033033	0.042042042042	0.0	0.036036036036	0.0960960960961	0.027027027027	0.12012012012	0.039039039039	0.102102102102	0.504504504505	0.0720720720721	0.102102102102	0.0630630630631	0.045045045045	0.0510510510511	0.03003003003	0.0780780780781	0.0780780780781	0.045045045045	0.147147147147	0.162162162162	0.03003003003	0.0630630630631	0.0510510510511	0.0840840840841	0.0690690690691	0.0870870870871	0.045045045045	0.036036036036	0.042042042042	0.048048048048	0.0690690690691	0.0780780780781	0.102102102102	0.045045045045	0.102102102102	0.0540540540541	0.0630630630631	0.0690690690691	0.024024024024	0.0870870870871	0.0840840840841	0.0600600600601	0.0510510510511	0.0630630630631	0.0570570570571	0.0510510510511	0.138138138138	0.033033033033	0.024024024024	0.036036036036	0.0540540540541	0.0510510510511	0.045045045045	0.033033033033	0.033033033033	0.288288288288	0.0510510510511	0.0600600600601	0.0870870870871	0.102102102102	0.108108108108	0.039039039039	0.174174174174	0.0540540540541	0.0630630630631	0.0510510510511	0.132132132132	0.0810810810811	0.048048048048	0.0540540540541	0.0840840840841	0.0690690690691	0.12012012012	0.0630630630631	0.027027027027	0.0840840840841	0.0870870870871	0.111111111111	0.0540540540541	0.0600600600601	0.105105105105	0.0900900900901	0.0930930930931	0.0960960960961	0.102102102102	0.0990990990991	0.0930930930931	0.0990990990991	0.0840840840841	0.0810810810811	0.0630630630631	0.0870870870871	0.0660660660661	0.0660660660661	0.108108108108	0.159159159159	0.0930930930931	0.0900900900901	0.117117117117	0.117117117117	0.0720720720721
BYQ_AAAJ.snv.bam	0.0720720720721	0.027027027027	0.045045045045	0.045045045045	0.036036036036	0.0	0.102102102102	0.033033033033	0.0960960960961	0.027027027027	0.102102102102	0.516516516517	0.0600600600601	0.0900900900901	0.0570570570571	0.033033033033	0.033033033033	0.033033033033	0.0780780780781	0.0750750750751	0.033033033033	0.141141141141	0.156156156156	0.018018018018	0.045045045045	0.027027027027	0.0660660660661	0.045045045045	0.0690690690691	0.039039039039	0.03003003003	0.045045045045	0.03003003003	0.0630630630631	0.0600600600601	0.102102102102	0.0540540540541	0.0960960960961	0.0660660660661	0.0630630630631	0.039039039039	0.021021021021	0.0810810810811	0.0840840840841	0.0540540540541	0.048048048048	0.042042042042	0.0630630630631	0.048048048048	0.138138138138	0.03003003003	0.021021021021	0.036036036036	0.0540540540541	0.036036036036	0.042042042042	0.03003003003	0.021021021021	0.3003003003	0.036036036036	0.0540540540541	0.0930930930931	0.0900900900901	0.114114114114	0.024024024024	0.162162162162	0.042042042042	0.0510510510511	0.048048048048	0.108108108108	0.0660660660661	0.036036036036	0.036036036036	0.0840840840841	0.0750750750751	0.126126126126	0.0540540540541	0.018018018018	0.0810810810811	0.0750750750751	0.0990990990991	0.0540540540541	0.042042042042	0.111111111111	0.0990990990991	0.0990990990991	0.102102102102	0.108108108108	0.105105105105	0.0990990990991	0.105105105105	0.0840840840841	0.0810810810811	0.0690690690691	0.0870870870871	0.0630630630631	0.0630630630631	0.102102102102	0.156156156156	0.0750750750751	0.0750750750751	0.0990990990991	0.0990990990991	0.0510510510511
CCIS00146684ST-4-0.snv.bam	0.123123123123	0.0720720720721	0.111111111111	0.108108108108	0.0960960960961	0.102102102102	0.0	0.0930930930931	0.18018018018	0.105105105105	0.102102102102	0.465465465465	0.132132132132	0.162162162162	0.0990990990991	0.0990990990991	0.111111111111	0.0930930930931	0.144144144144	0.123123123123	0.0780780780781	0.171171171171	0.126126126126	0.0900900900901	0.117117117117	0.117117117117	0.15015015015	0.111111111111	0.0870870870871	0.117117117117	0.102102102102	0.0690690690691	0.102102102102	0.129129129129	0.141141141141	0.168168168168	0.0510510510511	0.0840840840841	0.132132132132	0.0570570570571	0.135135135135	0.0870870870871	0.0810810810811	0.144144144144	0.114114114114	0.0720720720721	0.12012012012	0.0990990990991	0.108108108108	0.183183183183	0.0960960960961	0.0660660660661	0.102102102102	0.0690690690691	0.0810810810811	0.0840840840841	0.0690690690691	0.0930930930931	0.282282282282	0.0600600600601	0.0960960960961	0.0660660660661	0.138138138138	0.174174174174	0.105105105105	0.228228228228	0.12012012012	0.129129129129	0.0900900900901	0.186186186186	0.12012012012	0.111111111111	0.114114114114	0.0990990990991	0.147147147147	0.123123123123	0.129129129129	0.0930930930931	0.0870870870871	0.141141141141	0.15015015015	0.105105105105	0.126126126126	0.102102102102	0.0960960960961	0.0960960960961	0.0990990990991	0.102102102102	0.102102102102	0.102102102102	0.102102102102	0.126126126126	0.126126126126	0.102102102102	0.129129129129	0.129129129129	0.126126126126	0.162162162162	0.216216216216	0.159159159159	0.159159159159	0.183183183183	0.183183183183	0.138138138138
CCIS05314658ST-4-0.snv.bam	0.0810810810811	0.03003003003	0.0600600600601	0.045045045045	0.027027027027	0.033033033033	0.0930930930931	0.0	0.114114114114	0.042042042042	0.105105105105	0.516516516517	0.0750750750751	0.105105105105	0.0660660660661	0.048048048048	0.0510510510511	0.033033033033	0.0810810810811	0.0780780780781	0.048048048048	0.138138138138	0.165165165165	0.027027027027	0.0600600600601	0.048048048048	0.0810810810811	0.0720720720721	0.0780780780781	0.0540540540541	0.039039039039	0.048048048048	0.042042042042	0.0780780780781	0.0750750750751	0.105105105105	0.0540540540541	0.0990990990991	0.0690690690691	0.0720720720721	0.0600600600601	0.027027027027	0.0840840840841	0.0870870870871	0.0690690690691	0.0540540540541	0.0630630630631	0.048048048048	0.048048048048	0.141141141141	0.033033033033	0.021021021021	0.039039039039	0.0540540540541	0.048048048048	0.045045045045	0.027027027027	0.036036036036	0.3003003003	0.045045045045	0.0630630630631	0.0900900900901	0.0990990990991	0.111111111111	0.036036036036	0.171171171171	0.0570570570571	0.0600600600601	0.0570570570571	0.123123123123	0.0840840840841	0.0510510510511	0.0570570570571	0.0870870870871	0.0840840840841	0.123123123123	0.0660660660661	0.033033033033	0.0960960960961	0.0930930930931	0.114114114114	0.0510510510511	0.0570570570571	0.108108108108	0.0960960960961	0.0960960960961	0.0990990990991	0.105105105105	0.102102102102	0.0960960960961	0.102102102102	0.0810810810811	0.0780780780781	0.0660660660661	0.0840840840841	0.0750750750751	0.0750750750751	0.111111111111	0.171171171171	0.0840840840841	0.0840840840841	0.108108108108	0.108108108108	0.0660660660661
CCIS07277498ST-4-0.snv.bam	0.102102102102	0.102102102102	0.111111111111	0.0600600600601	0.12012012012	0.0960960960961	0.18018018018	0.114114114114	0.0	0.105105105105	0.153153153153	0.438438438438	0.105105105105	0.159159159159	0.123123123123	0.105105105105	0.0810810810811	0.0870870870871	0.117117117117	0.0840840840841	0.105105105105	0.102102102102	0.123123123123	0.0990990990991	0.102102102102	0.0840840840841	0.12012012012	0.0900900900901	0.144144144144	0.0900900900901	0.105105105105	0.0960960960961	0.0990990990991	0.135135135135	0.0990990990991	0.156156156156	0.126126126126	0.147147147147	0.132132132132	0.132132132132	0.0810810810811	0.102102102102	0.162162162162	0.0930930930931	0.126126126126	0.108108108108	0.0600600600601	0.144144144144	0.111111111111	0.195195195195	0.0930930930931	0.0720720720721	0.102102102102	0.126126126126	0.0840840840841	0.108108108108	0.0900900900901	0.0930930930931	0.306306306306	0.102102102102	0.105105105105	0.165165165165	0.0990990990991	0.165165165165	0.105105105105	0.186186186186	0.0720720720721	0.0750750750751	0.12012012012	0.0840840840841	0.102102102102	0.0930930930931	0.0930930930931	0.123123123123	0.126126126126	0.132132132132	0.102102102102	0.0900900900901	0.132132132132	0.0780780780781	0.144144144144	0.117117117117	0.117117117117	0.159159159159	0.15015015015	0.153153153153	0.153153153153	0.159159159159	0.156156156156	0.15015015015	0.156156156156	0.153153153153	0.147147147147	0.0840840840841	0.153153153153	0.021021021021	0.027027027027	0.036036036036	0.0690690690691	0.129129129129	0.129129129129	0.153153153153	0.153153153153	0.108108108108
CCIS11015875ST-4-0.snv.bam	0.0630630630631	0.039039039039	0.042042042042	0.042042042042	0.039039039039	0.027027027027	0.105105105105	0.042042042042	0.105105105105	0.0	0.105105105105	0.510510510511	0.0510510510511	0.0750750750751	0.0600600600601	0.03003003003	0.0540540540541	0.03003003003	0.0750750750751	0.0810810810811	0.03003003003	0.144144144144	0.165165165165	0.027027027027	0.042042042042	0.03003003003	0.0810810810811	0.0540540540541	0.0720720720721	0.042042042042	0.027027027027	0.042042042042	0.033033033033	0.0600600600601	0.0630630630631	0.0930930930931	0.0570570570571	0.105105105105	0.0630630630631	0.0600600600601	0.0540540540541	0.024024024024	0.0900900900901	0.0870870870871	0.0510510510511	0.045045045045	0.0510510510511	0.0720720720721	0.0570570570571	0.147147147147	0.042042042042	0.033033033033	0.039039039039	0.0510510510511	0.039039039039	0.0510510510511	0.03003003003	0.018018018018	0.291291291291	0.039039039039	0.0510510510511	0.0900900900901	0.0870870870871	0.105105105105	0.00900900900901	0.159159159159	0.039039039039	0.0540540540541	0.0510510510511	0.117117117117	0.0750750750751	0.033033033033	0.039039039039	0.0870870870871	0.0660660660661	0.141141141141	0.0540540540541	0.015015015015	0.0780780780781	0.0720720720721	0.0900900900901	0.0630630630631	0.042042042042	0.108108108108	0.0960960960961	0.0960960960961	0.0990990990991	0.105105105105	0.102102102102	0.0960960960961	0.102102102102	0.102102102102	0.0990990990991	0.0840840840841	0.108108108108	0.0570570570571	0.0570570570571	0.0930930930931	0.153153153153	0.0840840840841	0.0840840840841	0.108108108108	0.108108108108	0.0630630630631
CCIS20795251ST-4-0.snv.bam	0.132132132132	0.0810810810811	0.108108108108	0.0900900900901	0.102102102102	0.102102102102	0.102102102102	0.105105105105	0.153153153153	0.105105105105	0.0	0.426426426426	0.0630630630631	0.168168168168	0.102102102102	0.105105105105	0.0930930930931	0.0930930930931	0.0870870870871	0.0720720720721	0.0960960960961	0.198198198198	0.15015015015	0.0870870870871	0.12012012012	0.117117117117	0.156156156156	0.129129129129	0.102102102102	0.111111111111	0.102102102102	0.0900900900901	0.0990990990991	0.111111111111	0.135135135135	0.168168168168	0.0780780780781	0.111111111111	0.138138138138	0.0930930930931	0.126126126126	0.0720720720721	0.111111111111	0.162162162162	0.123123123123	0.0810810810811	0.105105105105	0.114114114114	0.117117117117	0.21021021021	0.0990990990991	0.0780780780781	0.102102102102	0.0990990990991	0.0930930930931	0.0900900900901	0.0810810810811	0.0930930930931	0.255255255255	0.0690690690691	0.0810810810811	0.0930930930931	0.147147147147	0.174174174174	0.105105105105	0.231231231231	0.114114114114	0.0870870870871	0.0990990990991	0.135135135135	0.0930930930931	0.0930930930931	0.0960960960961	0.0780780780781	0.0840840840841	0.153153153153	0.0630630630631	0.0900900900901	0.0630630630631	0.0870870870871	0.0810810810811	0.111111111111	0.12012012012	0.0810810810811	0.0780780780781	0.0780780780781	0.0810810810811	0.0840840840841	0.0810810810811	0.0810810810811	0.0810810810811	0.138138138138	0.141141141141	0.117117117117	0.144144144144	0.12012012012	0.117117117117	0.165165165165	0.162162162162	0.147147147147	0.15015015015	0.183183183183	0.177177177177	0.12012012012
CCIS27927933ST-4-0.snv.bam	0.438438438438	0.468468468468	0.504504504505	0.453453453453	0.504504504505	0.516516516517	0.465465465465	0.516516516517	0.438438438438	0.510510510511	0.426426426426	0.0	0.465465465465	0.474474474474	0.489489489489	0.486486486486	0.477477477477	0.474474474474	0.441441441441	0.408408408408	0.483483483483	0.453453453453	0.408408408408	0.507507507508	0.510510510511	0.516516516517	0.510510510511	0.486486486486	0.477477477477	0.489489489489	0.501501501502	0.447447447447	0.513513513514	0.474474474474	0.423423423423	0.429429429429	0.45045045045	0.459459459459	0.483483483483	0.453453453453	0.504504504505	0.498498498498	0.468468468468	0.453453453453	0.513513513514	0.471471471471	0.456456456456	0.492492492492	0.504504504505	0.411411411411	0.453453453453	0.426426426426	0.498498498498	0.474474474474	0.426426426426	0.423423423423	0.405405405405	0.498498498498	0.192192192192	0.441441441441	0.474474474474	0.426426426426	0.459459459459	0.408408408408	0.501501501502	0.378378378378	0.468468468468	0.477477477477	0.483483483483	0.45045045045	0.435435435435	0.48048048048	0.498498498498	0.459459459459	0.447447447447	0.453453453453	0.45045045045	0.498498498498	0.438438438438	0.381381381381	0.411411411411	0.492492492492	0.465465465465	0.447447447447	0.444444444444	0.444444444444	0.444444444444	0.447447447447	0.45045045045	0.45045045045	0.453453453453	0.504504504505	0.507507507508	0.447447447447	0.507507507508	0.399399399399	0.402402402402	0.381381381381	0.39039039039	0.489489489489	0.489489489489	0.501501501502	0.495495495495	0.486486486486
CCIS41288781ST-4-0.snv.bam	0.0900900900901	0.0660660660661	0.0660660660661	0.048048048048	0.0720720720721	0.0600600600601	0.132132132132	0.0750750750751	0.105105105105	0.0510510510511	0.0630630630631	0.465465465465	0.0	0.12012012012	0.0930930930931	0.0630630630631	0.0600600600601	0.0570570570571	0.036036036036	0.0570570570571	0.0540540540541	0.171171171171	0.192192192192	0.0510510510511	0.0690690690691	0.0630630630631	0.114114114114	0.0750750750751	0.0960960960961	0.0570570570571	0.0600600600601	0.0750750750751	0.0600600600601	0.0750750750751	0.0900900900901	0.126126126126	0.0900900900901	0.132132132132	0.0900900900901	0.0870870870871	0.0810810810811	0.0570570570571	0.117117117117	0.114114114114	0.0840840840841	0.0780780780781	0.0600600600601	0.0990990990991	0.0930930930931	0.18018018018	0.0660660660661	0.0510510510511	0.0660660660661	0.0780780780781	0.0600600600601	0.0720720720721	0.0540540540541	0.0510510510511	0.267267267267	0.0660660660661	0.0540540540541	0.123123123123	0.0960960960961	0.138138138138	0.0600600600601	0.192192192192	0.0750750750751	0.045045045045	0.0750750750751	0.0930930930931	0.0720720720721	0.042042042042	0.048048048048	0.0840840840841	0.039039039039	0.168168168168	0.024024024024	0.048048048048	0.0600600600601	0.0510510510511	0.045045045045	0.102102102102	0.0750750750751	0.0930930930931	0.0810810810811	0.0810810810811	0.0810810810811	0.0900900900901	0.0870870870871	0.0810810810811	0.0870870870871	0.138138138138	0.135135135135	0.114114114114	0.141141141141	0.0750750750751	0.0720720720721	0.12012012012	0.126126126126	0.117117117117	0.117117117117	0.141141141141	0.141141141141	0.0930930930931
CCIS41692898ST-4-0.snv.bam	0.12012012012	0.102102102102	0.105105105105	0.105105105105	0.102102102102	0.0900900900901	0.162162162162	0.105105105105	0.159159159159	0.0750750750751	0.168168168168	0.474474474474	0.12012012012	0.0	0.123123123123	0.0930930930931	0.117117117117	0.0930930930931	0.0870870870871	0.135135135135	0.0870870870871	0.201201201201	0.222222222222	0.0900900900901	0.105105105105	0.0930930930931	0.132132132132	0.111111111111	0.135135135135	0.105105105105	0.0900900900901	0.0990990990991	0.0960960960961	0.117117117117	0.105105105105	0.0960960960961	0.12012012012	0.162162162162	0.0960960960961	0.123123123123	0.111111111111	0.0810810810811	0.153153153153	0.144144144144	0.108108108108	0.108108108108	0.102102102102	0.129129129129	0.12012012012	0.168168168168	0.045045045045	0.0660660660661	0.0960960960961	0.114114114114	0.0990990990991	0.0600600600601	0.0840840840841	0.0810810810811	0.261261261261	0.0930930930931	0.12012012012	0.141141141141	0.144144144144	0.123123123123	0.0750750750751	0.141141141141	0.0930930930931	0.111111111111	0.114114114114	0.18018018018	0.111111111111	0.0960960960961	0.102102102102	0.15015015015	0.126126126126	0.198198198198	0.117117117117	0.0780780780781	0.135135135135	0.123123123123	0.141141141141	0.126126126126	0.0960960960961	0.171171171171	0.159159159159	0.159159159159	0.162162162162	0.168168168168	0.165165165165	0.159159159159	0.165165165165	0.168168168168	0.159159159159	0.147147147147	0.171171171171	0.0930930930931	0.0870870870871	0.117117117117	0.156156156156	0.135135135135	0.138138138138	0.165165165165	0.165165165165	0.123123123123
CCIS44757994ST-4-0.snv.bam	0.0930930930931	0.033033033033	0.0780780780781	0.0630630630631	0.0630630630631	0.0570570570571	0.0990990990991	0.0660660660661	0.123123123123	0.0600600600601	0.102102102102	0.489489489489	0.0930930930931	0.123123123123	0.0	0.042042042042	0.0660660660661	0.0540540540541	0.105105105105	0.0840840840841	0.0510510510511	0.15015015015	0.159159159159	0.0570570570571	0.0840840840841	0.0660660660661	0.0750750750751	0.0780780780781	0.0840840840841	0.0720720720721	0.033033033033	0.042042042042	0.0630630630631	0.0960960960961	0.0960960960961	0.12012012012	0.0600600600601	0.105105105105	0.0810810810811	0.0690690690691	0.0810810810811	0.0600600600601	0.0840840840841	0.111111111111	0.0690690690691	0.0540540540541	0.0660660660661	0.0930930930931	0.0540540540541	0.144144144144	0.0600600600601	0.042042042042	0.0540540540541	0.0660660660661	0.0600600600601	0.0660660660661	0.036036036036	0.048048048048	0.309309309309	0.039039039039	0.0810810810811	0.0780780780781	0.105105105105	0.138138138138	0.0600600600601	0.159159159159	0.0750750750751	0.0780780780781	0.0720720720721	0.135135135135	0.0600600600601	0.0540540540541	0.0510510510511	0.0810810810811	0.108108108108	0.138138138138	0.0570570570571	0.045045045045	0.0900900900901	0.0990990990991	0.123123123123	0.0690690690691	0.0780780780781	0.108108108108	0.0990990990991	0.0990990990991	0.0990990990991	0.105105105105	0.102102102102	0.0930930930931	0.102102102102	0.0780780780781	0.0750750750751	0.0660660660661	0.0780780780781	0.0900900900901	0.0930930930931	0.12012012012	0.18018018018	0.108108108108	0.111111111111	0.135135135135	0.135135135135	0.0780780780781
CCIS50003399ST-4-0.snv.bam	0.0720720720721	0.021021021021	0.048048048048	0.045045045045	0.045045045045	0.033033033033	0.0990990990991	0.048048048048	0.105105105105	0.03003003003	0.105105105105	0.486486486486	0.0630630630631	0.0930930930931	0.042042042042	0.0	0.0600600600601	0.039039039039	0.0810810810811	0.0780780780781	0.03003003003	0.126126126126	0.15015015015	0.033033033033	0.045045045045	0.042042042042	0.0750750750751	0.0540540540541	0.0570570570571	0.048048048048	0.00900900900901	0.036036036036	0.036036036036	0.0660660660661	0.0690690690691	0.105105105105	0.048048048048	0.108108108108	0.0570570570571	0.0570570570571	0.0600600600601	0.03003003003	0.0720720720721	0.0930930930931	0.036036036036	0.036036036036	0.0570570570571	0.0780780780781	0.045045045045	0.126126126126	0.048048048048	0.033033033033	0.045045045045	0.0570570570571	0.039039039039	0.0510510510511	0.03003003003	0.024024024024	0.291291291291	0.036036036036	0.0600600600601	0.0720720720721	0.0870870870871	0.117117117117	0.033033033033	0.141141141141	0.042042042042	0.0570570570571	0.0540540540541	0.117117117117	0.0660660660661	0.03003003003	0.021021021021	0.0810810810811	0.0780780780781	0.135135135135	0.036036036036	0.018018018018	0.0720720720721	0.0840840840841	0.102102102102	0.0570570570571	0.0540540540541	0.0900900900901	0.0840840840841	0.0780780780781	0.0840840840841	0.0900900900901	0.0900900900901	0.0840840840841	0.0900900900901	0.0870870870871	0.0840840840841	0.0570570570571	0.0900900900901	0.0510510510511	0.0540540540541	0.0990990990991	0.153153153153	0.0960960960961	0.0960960960961	0.12012012012	0.12012012012	0.0720720720721
CCIS59132091ST-4-0.snv.bam	0.0900900900901	0.045045045045	0.0690690690691	0.042042042042	0.0510510510511	0.033033033033	0.111111111111	0.0510510510511	0.0810810810811	0.0540540540541	0.0930930930931	0.477477477477	0.0600600600601	0.117117117117	0.0660660660661	0.0600600600601	0.0	0.0510510510511	0.0720720720721	0.048048048048	0.0540540540541	0.15015015015	0.165165165165	0.039039039039	0.0660660660661	0.036036036036	0.0690690690691	0.0570570570571	0.0930930930931	0.0600600600601	0.0540540540541	0.0660660660661	0.0510510510511	0.0900900900901	0.0810810810811	0.111111111111	0.0690690690691	0.0960960960961	0.0780780780781	0.0780780780781	0.048048048048	0.045045045045	0.0960960960961	0.0900900900901	0.0810810810811	0.0540540540541	0.045045045045	0.0720720720721	0.042042042042	0.141141141141	0.03003003003	0.024024024024	0.0540540540541	0.0750750750751	0.0630630630631	0.0660660660661	0.045045045045	0.045045045045	0.282282282282	0.0600600600601	0.0540540540541	0.111111111111	0.0990990990991	0.129129129129	0.0540540540541	0.168168168168	0.0660660660661	0.03003003003	0.0690690690691	0.0720720720721	0.0540540540541	0.048048048048	0.045045045045	0.0720720720721	0.0720720720721	0.129129129129	0.0540540540541	0.045045045045	0.0780780780781	0.0540540540541	0.0930930930931	0.048048048048	0.0690690690691	0.0930930930931	0.0840840840841	0.0840840840841	0.0840840840841	0.0900900900901	0.0870870870871	0.0810810810811	0.0870870870871	0.0900900900901	0.0840840840841	0.0690690690691	0.0900900900901	0.0540540540541	0.0570570570571	0.0960960960961	0.15015015015	0.0750750750751	0.0750750750751	0.0990990990991	0.0990990990991	0.0570570570571
CCIS77100899ST-4-0.snv.bam	0.0600600600601	0.027027027027	0.036036036036	0.03003003003	0.03003003003	0.033033033033	0.0930930930931	0.033033033033	0.0870870870871	0.03003003003	0.0930930930931	0.474474474474	0.0570570570571	0.0930930930931	0.0540540540541	0.039039039039	0.0510510510511	0.0	0.0630630630631	0.0540540540541	0.036036036036	0.0990990990991	0.132132132132	0.027027027027	0.042042042042	0.045045045045	0.0840840840841	0.0630630630631	0.0660660660661	0.045045045045	0.03003003003	0.033033033033	0.033033033033	0.0570570570571	0.0630630630631	0.0930930930931	0.0510510510511	0.0960960960961	0.048048048048	0.045045045045	0.0540540540541	0.021021021021	0.0690690690691	0.0720720720721	0.0570570570571	0.048048048048	0.0540540540541	0.048048048048	0.0600600600601	0.138138138138	0.036036036036	0.018018018018	0.03003003003	0.033033033033	0.027027027027	0.048048048048	0.018018018018	0.027027027027	0.27027027027	0.027027027027	0.0570570570571	0.0780780780781	0.0900900900901	0.108108108108	0.024024024024	0.162162162162	0.018018018018	0.048048048048	0.0510510510511	0.105105105105	0.0720720720721	0.039039039039	0.042042042042	0.0810810810811	0.0600600600601	0.102102102102	0.0510510510511	0.021021021021	0.0750750750751	0.0750750750751	0.0900900900901	0.0660660660661	0.048048048048	0.0930930930931	0.0840840840841	0.0870870870871	0.0900900900901	0.0900900900901	0.0780780780781	0.0780780780781	0.0840840840841	0.0780780780781	0.0750750750751	0.0600600600601	0.0840840840841	0.048048048048	0.0510510510511	0.0900900900901	0.126126126126	0.0720720720721	0.0720720720721	0.0990990990991	0.0990990990991	0.0540540540541
CCIS78100604ST-4-0.snv.bam	0.102102102102	0.0750750750751	0.0840840840841	0.0600600600601	0.0780780780781	0.0780780780781	0.144144144144	0.0810810810811	0.117117117117	0.0750750750751	0.0870870870871	0.441441441441	0.036036036036	0.0870870870871	0.105105105105	0.0810810810811	0.0720720720721	0.0630630630631	0.0	0.0600600600601	0.0750750750751	0.177177177177	0.21021021021	0.0690690690691	0.0930930930931	0.0870870870871	0.12012012012	0.0930930930931	0.114114114114	0.0690690690691	0.0720720720721	0.0840840840841	0.0780780780781	0.0930930930931	0.0870870870871	0.12012012012	0.0990990990991	0.138138138138	0.0810810810811	0.0990990990991	0.0990990990991	0.0630630630631	0.123123123123	0.126126126126	0.0960960960961	0.0930930930931	0.0840840840841	0.105105105105	0.0990990990991	0.162162162162	0.0540540540541	0.0510510510511	0.0660660660661	0.0870870870871	0.0810810810811	0.048048048048	0.0630630630631	0.0690690690691	0.24024024024	0.0750750750751	0.0780780780781	0.126126126126	0.12012012012	0.138138138138	0.0750750750751	0.171171171171	0.0930930930931	0.0630630630631	0.0960960960961	0.111111111111	0.0780780780781	0.0600600600601	0.0720720720721	0.102102102102	0.0570570570571	0.174174174174	0.048048048048	0.0660660660661	0.0780780780781	0.0660660660661	0.0750750750751	0.108108108108	0.0930930930931	0.105105105105	0.0930930930931	0.0930930930931	0.0930930930931	0.102102102102	0.0990990990991	0.0930930930931	0.0990990990991	0.144144144144	0.141141141141	0.12012012012	0.147147147147	0.0840840840841	0.0840840840841	0.135135135135	0.135135135135	0.117117117117	0.117117117117	0.141141141141	0.141141141141	0.0990990990991
CCIS88007743ST-4-0.snv.bam	0.0960960960961	0.0630630630631	0.0690690690691	0.036036036036	0.0780780780781	0.0750750750751	0.123123123123	0.0780780780781	0.0840840840841	0.0810810810811	0.0720720720721	0.408408408408	0.0570570570571	0.135135135135	0.0840840840841	0.0780780780781	0.048048048048	0.0540540540541	0.0600600600601	0.0	0.0720720720721	0.141141141141	0.15015015015	0.0750750750751	0.0900900900901	0.0660660660661	0.102102102102	0.0750750750751	0.0960960960961	0.0750750750751	0.0750750750751	0.0630630630631	0.0780780780781	0.111111111111	0.0990990990991	0.12012012012	0.0600600600601	0.0870870870871	0.0840840840841	0.0750750750751	0.0780780780781	0.0630630630631	0.0900900900901	0.126126126126	0.105105105105	0.0570570570571	0.0720720720721	0.0990990990991	0.0750750750751	0.177177177177	0.042042042042	0.039039039039	0.0660660660661	0.0720720720721	0.0690690690691	0.0690690690691	0.042042042042	0.0690690690691	0.249249249249	0.0600600600601	0.0660660660661	0.102102102102	0.111111111111	0.153153153153	0.0810810810811	0.177177177177	0.0750750750751	0.048048048048	0.0930930930931	0.0870870870871	0.036036036036	0.0660660660661	0.0630630630631	0.0780780780781	0.0690690690691	0.12012012012	0.0570570570571	0.0720720720721	0.0570570570571	0.048048048048	0.0810810810811	0.0810810810811	0.0990990990991	0.0840840840841	0.0780780780781	0.0810810810811	0.0810810810811	0.0810810810811	0.0810810810811	0.0780780780781	0.0810810810811	0.0810810810811	0.0720720720721	0.0690690690691	0.0810810810811	0.0570570570571	0.0570570570571	0.0900900900901	0.102102102102	0.0900900900901	0.0900900900901	0.114114114114	0.117117117117	0.0750750750751
CCIS94603952ST-4-0.snv.bam	0.0570570570571	0.036036036036	0.036036036036	0.045045045045	0.045045045045	0.033033033033	0.0780780780781	0.048048048048	0.105105105105	0.03003003003	0.0960960960961	0.483483483483	0.0540540540541	0.0870870870871	0.0510510510511	0.03003003003	0.0540540540541	0.036036036036	0.0750750750751	0.0720720720721	0.0	0.123123123123	0.141141141141	0.033033033033	0.0510510510511	0.042042042042	0.0840840840841	0.036036036036	0.0690690690691	0.036036036036	0.021021021021	0.036036036036	0.036036036036	0.0660660660661	0.0690690690691	0.105105105105	0.048048048048	0.0870870870871	0.0660660660661	0.045045045045	0.0600600600601	0.03003003003	0.0840840840841	0.0750750750751	0.0570570570571	0.039039039039	0.039039039039	0.0780780780781	0.0660660660661	0.147147147147	0.045045045045	0.036036036036	0.03003003003	0.0510510510511	0.042042042042	0.045045045045	0.027027027027	0.021021021021	0.288288288288	0.024024024024	0.0510510510511	0.0840840840841	0.0570570570571	0.117117117117	0.033033033033	0.156156156156	0.045045045045	0.0570570570571	0.045045045045	0.117117117117	0.0660660660661	0.027027027027	0.039039039039	0.0780780780781	0.0780780780781	0.132132132132	0.0510510510511	0.021021021021	0.0660660660661	0.0600600600601	0.0870870870871	0.0690690690691	0.0540540540541	0.0960960960961	0.0870870870871	0.0870870870871	0.0930930930931	0.0990990990991	0.0810810810811	0.0720720720721	0.0870870870871	0.0870870870871	0.0870870870871	0.0720720720721	0.0960960960961	0.0540540540541	0.0510510510511	0.0870870870871	0.141141141141	0.0930930930931	0.0930930930931	0.117117117117	0.117117117117	0.0720720720721
CCMD11006829ST-21-0.snv.bam	0.111111111111	0.117117117117	0.15015015015	0.0990990990991	0.147147147147	0.141141141141	0.171171171171	0.138138138138	0.102102102102	0.144144144144	0.198198198198	0.453453453453	0.171171171171	0.201201201201	0.15015015015	0.126126126126	0.15015015015	0.0990990990991	0.177177177177	0.141141141141	0.123123123123	0.0	0.0690690690691	0.135135135135	0.138138138138	0.156156156156	0.177177177177	0.141141141141	0.15015015015	0.141141141141	0.129129129129	0.147147147147	0.129129129129	0.174174174174	0.144144144144	0.207207207207	0.138138138138	0.189189189189	0.153153153153	0.147147147147	0.156156156156	0.129129129129	0.159159159159	0.102102102102	0.165165165165	0.138138138138	0.129129129129	0.156156156156	0.159159159159	0.237237237237	0.147147147147	0.108108108108	0.147147147147	0.144144144144	0.105105105105	0.15015015015	0.111111111111	0.132132132132	0.351351351351	0.12012012012	0.147147147147	0.171171171171	0.132132132132	0.195195195195	0.138138138138	0.255255255255	0.0900900900901	0.159159159159	0.153153153153	0.165165165165	0.168168168168	0.15015015015	0.141141141141	0.177177177177	0.18018018018	0.0930930930931	0.156156156156	0.132132132132	0.162162162162	0.159159159159	0.201201201201	0.171171171171	0.156156156156	0.186186186186	0.177177177177	0.177177177177	0.177177177177	0.183183183183	0.18018018018	0.177177177177	0.18018018018	0.159159159159	0.159159159159	0.0810810810811	0.162162162162	0.0720720720721	0.0720720720721	0.111111111111	0.117117117117	0.174174174174	0.174174174174	0.198198198198	0.198198198198	0.159159159159
CCMD12232071ST-21-0.snv.bam	0.135135135135	0.123123123123	0.165165165165	0.123123123123	0.162162162162	0.156156156156	0.126126126126	0.165165165165	0.123123123123	0.165165165165	0.15015015015	0.408408408408	0.192192192192	0.222222222222	0.159159159159	0.15015015015	0.165165165165	0.132132132132	0.21021021021	0.15015015015	0.141141141141	0.0690690690691	0.0	0.138138138138	0.156156156156	0.177177177177	0.21021021021	0.162162162162	0.129129129129	0.168168168168	0.162162162162	0.144144144144	0.156156156156	0.195195195195	0.165165165165	0.24024024024	0.126126126126	0.165165165165	0.186186186186	0.138138138138	0.177177177177	0.147147147147	0.138138138138	0.123123123123	0.174174174174	0.132132132132	0.15015015015	0.177177177177	0.177177177177	0.252252252252	0.165165165165	0.111111111111	0.174174174174	0.153153153153	0.114114114114	0.147147147147	0.12012012012	0.147147147147	0.342342342342	0.114114114114	0.156156156156	0.129129129129	0.147147147147	0.222222222222	0.162162162162	0.282282282282	0.117117117117	0.186186186186	0.144144144144	0.192192192192	0.156156156156	0.171171171171	0.168168168168	0.15015015015	0.207207207207	0.0840840840841	0.18018018018	0.147147147147	0.144144144144	0.174174174174	0.21021021021	0.174174174174	0.174174174174	0.159159159159	0.156156156156	0.153153153153	0.153153153153	0.159159159159	0.159159159159	0.159159159159	0.159159159159	0.174174174174	0.174174174174	0.0930930930931	0.177177177177	0.0870870870871	0.0870870870871	0.126126126126	0.132132132132	0.207207207207	0.207207207207	0.231231231231	0.231231231231	0.189189189189
