	158337416-stool1.snv.bam	159247771-stool1.snv.bam	160178356-stool2.snv.bam	160178356-stool3.snv.bam	160765029-stool1.snv.bam	178713055-stool2.snv.bam	604812005-stool1.snv.bam	604812005-stool2.snv.bam	604812005-stool3.snv.bam	764325968-stool1.snv.bam	764325968-stool2.snv.bam	765155402-stool3.snv.bam	765377934-stool3.snv.bam	765701615-stool2.snv.bam	CCIS13047523ST-4-0.snv.bam	CCIS36797902ST-4-0.snv.bam	CCIS45793747ST-4-0.snv.bam	CCIS87252800ST-4-0.snv.bam	CCMD12232071ST-21-0.snv.bam	CCMD64776337ST-21-0.snv.bam	DLM013.snv.bam	DLM028.snv.bam	DOF003.snv.bam	M3.5-V1.metaT.snv.bam	MH0176.snv.bam	MH0230.snv.bam	MH0325.snv.bam	MH0358.snv.bam	MH0388.snv.bam	MH0395.snv.bam	MH0397.snv.bam	MH0456.snv.bam	MMRS38954404ST-27-0-0.snv.bam	MMRS61683006ST-27-0-0.snv.bam	MMRS84085284ST-27-0-0.snv.bam	N001A.snv.bam	N020A.snv.bam	N028A.snv.bam	N047A.snv.bam	NLF015.snv.bam	NLM010.snv.bam	T2D-110A.snv.bam	T2D-113A.snv.bam	T2D-134A.snv.bam	T2D-15A.snv.bam	T2D-54A.snv.bam	T2D-70A.snv.bam	T2D-91A.snv.bam	T2D-97A.snv.bam	V1.CD35-0.snv.bam	V1.FI14.snv.bam	V1.FI25.snv.bam	V1.UC62-0.snv.bam
158337416-stool1.snv.bam	0.0	0.289681079819	0.247828914893	0.250206916201	0.210525343538	0.247769823374	0.153957045265	0.15472276238	0.155718840903	0.151245836218	0.14932052184	0.176948413761	0.264069157326	0.241177148845	0.303507458326	0.281564148865	0.243704326989	0.229644176393	0.27785537031	0.211547078032	0.253055548741	0.278156740833	0.247545760728	0.236167212348	0.249062684929	0.2618394559	0.240154020314	0.250014567006	0.28048703997	0.260560550087	0.24253223078	0.237906082388	0.237156032575	0.295220622818	0.207620824199	0.242828557101	0.291737818231	0.177285557273	0.251680970011	0.236879642839	0.152297247202	0.203327945966	0.150108224352	0.298293210267	0.376255321269	0.24807293362	0.26327006613	0.288439653327	0.109239031039	0.275997948457	0.241769732698	0.238377022082	0.288016433961
159247771-stool1.snv.bam	0.289681079819	0.0	0.0834197041093	0.0849093416827	0.170973915559	0.0458047815351	0.157208963182	0.156735104392	0.151069164644	0.154641479677	0.144729179837	0.110630765409	0.0637299311256	0.0615800039981	0.13700743453	0.00095531239727	0.0461917112909	0.059671693594	0.0143142937615	0.0940350571063	0.189912164154	0.0892698907503	0.149729704026	0.0617623299226	0.0471673182036	0.0618494504859	0.0628488601578	0.0477898478367	0.00395077297134	0.0791016490547	0.0646758232057	0.107687315062	0.163708901111	0.0667199569211	0.107050032968	0.16442374474	0.107433427089	0.16287553712	0.0386571387579	0.10991549787	0.151204307043	0.107869938883	0.153190745722	0.13172637846	0.230683484631	0.0460095048313	0.140006252611	0.158044910608	0.237909064744	0.0223006966287	0.0671271286174	0.0584650786322	0.00304791157417
160178356-stool2.snv.bam	0.247828914893	0.0834197041093	0.0	0.0	0.198556281585	0.0476658469171	0.133909137949	0.133829259217	0.127504540432	0.131448098952	0.11651504407	0.12033190917	0.0555817391299	0.0735864978903	0.165635166972	0.0779220779221	0.0430163706026	0.0691947599742	0.0717809814379	0.105779553548	0.129108153991	0.103881085343	0.106641581509	0.0737992971496	0.0494619696162	0.054029343722	0.0749895031188	0.0501697791191	0.0753460879655	0.0892266369474	0.0768153951129	0.0949828587797	0.155401376686	0.124280468234	0.103741017331	0.10383712136	0.124456127629	0.143674856132	0.0458139083139	0.0827770723351	0.127685386151	0.0872369043896	0.130071327107	0.123248524032	0.226476149827	0.0482219835992	0.0965816372426	0.103537168915	0.205089986448	0.089869618117	0.079125500408	0.0705078482749	0.0829935242806
160178356-stool3.snv.bam	0.250206916201	0.0849093416827	0.0	0.0	0.196906992068	0.0485170227549	0.133749352147	0.133436136063	0.127226844781	0.131244366025	0.116029794882	0.119912556415	0.0565742701858	0.0723367697595	0.163344829557	0.0789473684211	0.0436781609195	0.0678589136525	0.0730860901914	0.105114058355	0.128167943832	0.0999256765055	0.105994875056	0.0725501888293	0.0500901170328	0.0549941534314	0.0734774609326	0.0507468668954	0.0758723289233	0.0874305180405	0.0754860181649	0.0940756264736	0.154562522189	0.123942710514	0.10570900411	0.103104842136	0.1215393134	0.140987623681	0.0466320138195	0.0796894884665	0.12712093574	0.0862385924171	0.129843008969	0.122233292868	0.226493648073	0.0490830904491	0.0963886123358	0.10280902125	0.209566358294	0.0888492599114	0.077984524712	0.0692158965859	0.0840530843913
160765029-stool1.snv.bam	0.210525343538	0.170973915559	0.198556281585	0.196906992068	0.0	0.201097986003	0.146543150468	0.146896890224	0.147940741077	0.143957097002	0.141233247255	0.162309665805	0.178501214776	0.19815538521	0.206665850525	0.163720877803	0.197566282158	0.196875443956	0.176914630843	0.194689267854	0.195417087301	0.126537114498	0.159242638603	0.198663506308	0.201926048228	0.176324993326	0.197489925203	0.202155677004	0.164337075884	0.212299216274	0.199631057351	0.169726230432	0.206110828651	0.163254250398	0.262054477868	0.168983634855	0.137099494085	0.109180994333	0.199112194725	0.162520722071	0.143037628471	0.175135127883	0.143758016196	0.175991113931	0.323107586669	0.201550829341	0.183982750276	0.200239643391	0.179709240738	0.174781047212	0.202594327249	0.198546029027	0.172769409797
178713055-stool2.snv.bam	0.247769823374	0.0458047815351	0.0476658469171	0.0485170227549	0.201097986003	0.0	0.131531844227	0.131260824779	0.125013862564	0.128988632586	0.118285947395	0.0786052066111	0.0280596161222	0.0255325052825	0.160337500983	0.0390095400517	0.000134231511476	0.0234407470478	0.0516889816364	0.0581691578805	0.157743423415	0.0962756591187	0.129200802211	0.0256233400935	0.00188972129518	0.0265072207143	0.0274172547978	0.00269035545234	0.0392266258169	0.0430981779477	0.0293716732362	0.0724167103373	0.154313242283	0.0783649811432	0.0691635464263	0.13252403152	0.116889307629	0.138396078918	0.00826672264956	0.0748480109519	0.125182000742	0.082246156077	0.127384018408	0.141528234372	0.207746233495	0.000649735278167	0.118566838462	0.121534236437	0.212178451653	0.0672466279909	0.0314337238249	0.0229355999539	0.0453519989537
604812005-stool1.snv.bam	0.153957045265	0.157208963182	0.133909137949	0.133749352147	0.146543150468	0.131531844227	0.0	0.00293665297187	0.0013717222752	0.0149887880422	0.0161221106807	0.043486187192	0.149277062961	0.115037756656	0.156358379213	0.141407569793	0.127343561031	0.113628685997	0.154028354506	0.0792981819898	0.15975584829	0.158496206478	0.13595199872	0.115582375644	0.132364084618	0.147336182176	0.118567279878	0.133456975674	0.14827407353	0.136280917179	0.120348564896	0.125888189821	0.158983563363	0.175334752018	0.186679246202	0.136155241485	0.178654942259	0.0580359611517	0.129679905624	0.133446771235	0.0177612921431	0.095753156737	0.0153924062875	0.171213665526	0.28345464364	0.13208798091	0.14942357495	0.203894787865	0.109265783244	0.146319654314	0.123001211279	0.114126167567	0.156632480351
604812005-stool2.snv.bam	0.15472276238	0.156735104392	0.133829259217	0.133436136063	0.146896890224	0.131260824779	0.00293665297187	0.0	0.0022165848612	0.015594218393	0.0172769151933	0.0436205454154	0.149104998533	0.114728138121	0.156146560654	0.141147782251	0.127070488405	0.113191112085	0.154002371886	0.0791659418777	0.159324909436	0.157266537277	0.135346421422	0.115307916862	0.13151465592	0.146986817826	0.116604120001	0.131754058277	0.146574540007	0.134766088451	0.119323232049	0.124500858557	0.159125561656	0.175721789041	0.186706977662	0.136474328704	0.17852071102	0.0588984332386	0.129128327381	0.132462334891	0.0173448904537	0.0952462972919	0.0158356991335	0.171052818132	0.283757213924	0.131384061028	0.149443165411	0.204890179087	0.109790035763	0.145050090024	0.122729510877	0.113855148118	0.154993616328
604812005-stool3.snv.bam	0.155718840903	0.151069164644	0.127504540432	0.127226844781	0.147940741077	0.125013862564	0.0013717222752	0.0022165848612	0.0	0.014333866434	0.0155708510444	0.0426211753065	0.143140886803	0.108377158873	0.155463847045	0.13483365508	0.120722010669	0.10907539743	0.147968533702	0.0771279177835	0.155700161532	0.152346703837	0.131489289219	0.108775609273	0.126325164485	0.141266154547	0.112075128616	0.127312261079	0.141874709706	0.12986704858	0.113962055826	0.124588601056	0.158471376145	0.169420699489	0.180611749911	0.13117428611	0.172937026262	0.0578315075356	0.123138422202	0.131754943322	0.0171849390502	0.0940557142167	0.0147696221575	0.170478766229	0.275453429859	0.125577056818	0.144504082461	0.199054243157	0.110339506227	0.140009636027	0.116358112195	0.107387301682	0.150567492184
764325968-stool1.snv.bam	0.151245836218	0.154641479677	0.131448098952	0.131244366025	0.143957097002	0.128988632586	0.0149887880422	0.015594218393	0.014333866434	0.0	0.0028808039087	0.0404160760792	0.146700897621	0.112694830756	0.153817086919	0.13882543242	0.124781082634	0.110919420233	0.1520049393	0.0768823028725	0.153819416939	0.155790902371	0.132707997018	0.113006889743	0.129920185999	0.144806770099	0.115680657734	0.130699240265	0.145315426977	0.133414543523	0.117645173939	0.123095440402	0.156628838916	0.173892181198	0.179212523166	0.133248432594	0.176238708685	0.054971679986	0.127020123486	0.131159298999	0.00449236806624	0.0934026260061	0.00734040504966	0.173812907397	0.287439739093	0.129544769268	0.147045136792	0.20277259442	0.10590462507	0.143458336785	0.120451609659	0.116595487253	0.153630630187
764325968-stool2.snv.bam	0.14932052184	0.144729179837	0.11651504407	0.116029794882	0.141233247255	0.118285947395	0.0161221106807	0.0172769151933	0.0155708510444	0.0028808039087	0.0	0.0421412498243	0.132420250956	0.101369857411	0.153760135014	0.128037503276	0.113863296779	0.101967354428	0.14183193012	0.07469552197	0.143297923	0.141612388184	0.122552919234	0.101662072772	0.119190304734	0.130408122664	0.104983980533	0.120506357597	0.13529884399	0.122744098931	0.106920356271	0.115935665605	0.153609465548	0.163978824855	0.169682997908	0.121744146558	0.161607798948	0.057004120853	0.116376584339	0.119202731327	0.0052960311611	0.08759577428	0.00848394848697	0.171454684692	0.269525581649	0.118859328625	0.132871508818	0.188739736306	0.10694307321	0.133519421076	0.109455797627	0.105584517878	0.144379761285
765155402-stool3.snv.bam	0.176948413761	0.110630765409	0.12033190917	0.119912556415	0.162309665805	0.0786052066111	0.043486187192	0.0436205454154	0.0426211753065	0.0404160760792	0.0421412498243	0.0	0.10246066913	0.0610917885984	0.156338670614	0.0923770222551	0.0764543117197	0.0668800578888	0.116965898251	0.0318366596093	0.143577303769	0.143107730497	0.121924575024	0.0612805404472	0.0799541699451	0.100546206719	0.0651498104464	0.0810771915382	0.102311552962	0.0825329620413	0.067330929278	0.0834107375554	0.156401429298	0.124481555213	0.150260399246	0.120518090199	0.164346125656	0.0690835751697	0.0818978345414	0.121488124791	0.0438853821656	0.0806303733721	0.0400110106829	0.160681045844	0.249967671292	0.0791845761571	0.130771592363	0.183828501724	0.134066569779	0.106913673503	0.068531597839	0.0656943319697	0.110103979964
765377934-stool3.snv.bam	0.264069157326	0.0637299311256	0.0555817391299	0.0565742701858	0.178501214776	0.0280596161222	0.149277062961	0.149104998533	0.143140886803	0.146700897621	0.132420250956	0.10246066913	0.0	0.0537663796796	0.179375261203	0.0575871514462	0.0283121128067	0.0518337266735	0.0699180193024	0.0862760621447	0.139584680485	0.0839302293497	0.116614779123	0.0539442563192	0.0297589577064	0.00416760165351	0.05512479665	0.0299730460025	0.0574029783429	0.068965786596	0.0568114516628	0.0498440394866	0.169707526045	0.0736151889216	0.0881883835501	0.117094142428	0.107139157864	0.122862717985	0.026207677519	0.0698911459803	0.143161277094	0.100083732692	0.145331405985	0.134154826676	0.225308422636	0.0286157528043	0.116361454591	0.114089078942	0.227216347564	0.0848443830363	0.0594288181724	0.05090161748	0.0628554600111
765701615-stool2.snv.bam	0.241177148845	0.0615800039981	0.0735864978903	0.0723367697595	0.19815538521	0.0255325052825	0.115037756656	0.114728138121	0.108377158873	0.112694830756	0.101369857411	0.0610917885984	0.0537663796796	0.0	0.145199513748	0.0444444444444	0.0232172179217	0.0032396075489	0.0678094704851	0.0410716270364	0.164830638866	0.0819279693847	0.135738373895	0.000368178829717	0.026840487452	0.0518702345009	0.00249994534446	0.0280245883968	0.0527108233558	0.0179028746674	0.00413660261941	0.0757431914567	0.150607328087	0.0635342187659	0.0912364404567	0.149621023142	0.102826617827	0.121265649942	0.0337883951492	0.0596528114641	0.105977675355	0.0678586964614	0.111304116918	0.140556336071	0.208269000579	0.0260942737284	0.124519270149	0.127881588717	0.202095819147	0.0654291477332	0.00764596022934	0.00809948893251	0.0608723610288
CCIS13047523ST-4-0.snv.bam	0.303507458326	0.13700743453	0.165635166972	0.163344829557	0.206665850525	0.160337500983	0.156358379213	0.156146560654	0.155463847045	0.153817086919	0.153760135014	0.156338670614	0.179375261203	0.145199513748	0.0	0.123822458533	0.156099918299	0.149839926949	0.143952679511	0.123988853194	0.198122655304	0.153670113099	0.203582945996	0.146407792749	0.16115445779	0.177347584988	0.148695509517	0.162412121247	0.136376581556	0.168642578302	0.151233100302	0.151869864725	0.0993384869598	0.157551821265	0.207846652319	0.180170509268	0.135456007407	0.171033756535	0.163352857036	0.137086485943	0.154634816067	0.131081778688	0.153155477581	0.134380630202	0.27041788018	0.160448043711	0.196689548409	0.199023708013	0.252888390888	0.130656052983	0.153581555107	0.144599422217	0.139020222832
CCIS36797902ST-4-0.snv.bam	0.281564148865	0.00095531239727	0.0779220779221	0.0789473684211	0.163720877803	0.0390095400517	0.141407569793	0.141147782251	0.13483365508	0.13882543242	0.128037503276	0.0923770222551	0.0575871514462	0.0444444444444	0.123822458533	0.0	0.0392545241739	0.047752075249	0.0137261986428	0.0759124876204	0.185147194647	0.0782851669619	0.144285690966	0.0449392712551	0.0406112360438	0.0555498331469	0.0465475629725	0.0416159884962	0.00364466922777	0.0632935861955	0.0485354076564	0.0932374421727	0.151657614848	0.0550346885345	0.102209944751	0.1615392466	0.0921992481203	0.14646121422	0.0318954530318	0.0940060033003	0.135059977172	0.0930366867954	0.137398596145	0.125877825878	0.219618919757	0.0395858998859	0.134537478154	0.153071568647	0.227991237411	0.0122147216513	0.0506284393828	0.0419029388615	0.00260262571158
CCIS45793747ST-4-0.snv.bam	0.243704326989	0.0461917112909	0.0430163706026	0.0436781609195	0.197566282158	0.000134231511476	0.127343561031	0.127070488405	0.120722010669	0.124781082634	0.113863296779	0.0764543117197	0.0283121128067	0.0232172179217	0.156099918299	0.0392545241739	0.0	0.0210974959705	0.0518616128905	0.0559390862944	0.153756721855	0.0919173990057	0.125213317628	0.0233028282239	0.00169143594817	0.0267479568276	0.0251396325834	0.00271828573576	0.039469571926	0.0409118118039	0.0271088572221	0.0703004937613	0.150535565226	0.076484386392	0.0698152956439	0.128315495534	0.112711501392	0.134039941185	0.00836927317139	0.0701304610097	0.120869379466	0.0778363802063	0.123164312289	0.137109363419	0.208124691057	0.000694581350217	0.114404187851	0.117340405043	0.210906860924	0.0647569586713	0.0291808403063	0.0206240258088	0.0457364694235
CCIS87252800ST-4-0.snv.bam	0.229644176393	0.059671693594	0.0691947599742	0.0678589136525	0.196875443956	0.0234407470478	0.113628685997	0.113191112085	0.10907539743	0.110919420233	0.101967354428	0.0668800578888	0.0518337266735	0.0032396075489	0.149839926949	0.047752075249	0.0210974959705	0.0	0.063308156869	0.0440510801747	0.163385253975	0.0826811557629	0.134207459776	0.00327439109995	0.024755385615	0.0499125105116	0.00519827949828	0.0258800148574	0.0505798748533	0.0209306865229	0.00736428847631	0.0790314413815	0.149048792697	0.0671281974552	0.0838333648773	0.148486630288	0.103683646793	0.122261351568	0.0317386516211	0.0601555791586	0.104044876677	0.0634176181131	0.109092723692	0.140520329932	0.20994371689	0.0240053743662	0.123524683879	0.12645212873	0.197087886364	0.0684439429511	0.0103106253466	0.0110080715815	0.0590972954186
CCMD12232071ST-21-0.snv.bam	0.27785537031	0.0143142937615	0.0717809814379	0.0730860901914	0.176914630843	0.0516889816364	0.154028354506	0.154002371886	0.147968533702	0.1520049393	0.14183193012	0.116965898251	0.0699180193024	0.0678094704851	0.143952679511	0.0137261986428	0.0518616128905	0.063308156869	0.0	0.100815104206	0.190553225462	0.0955413827167	0.147983030272	0.0680111911072	0.0535171779552	0.0680218785759	0.0692964786377	0.0542294436398	0.0171719745806	0.0862710085929	0.0709705329597	0.115208659018	0.163082838328	0.0775944784672	0.110433568642	0.164673051544	0.109248377693	0.165534589318	0.0447019318847	0.111280010628	0.148547574272	0.0987003696701	0.149515838534	0.132592876205	0.237057076116	0.0522550493307	0.134681693913	0.158061219937	0.221722742575	0.0202082813113	0.0659124984523	0.0644513475309	0.0160072207786
CCMD64776337ST-21-0.snv.bam	0.211547078032	0.0940350571063	0.105779553548	0.105114058355	0.194689267854	0.0581691578805	0.0792981819898	0.0791659418777	0.0771279177835	0.0768823028725	0.07469552197	0.0318366596093	0.0862760621447	0.0410716270364	0.123988853194	0.0759124876204	0.0559390862944	0.0440510801747	0.100815104206	0.0	0.182103460065	0.117425303111	0.16741681053	0.041202565907	0.0594705507191	0.0843742033245	0.0453281977406	0.0605236185176	0.0857434290676	0.0614342977623	0.0472924621158	0.0653476276589	0.132678824399	0.102031862324	0.125885308222	0.162058250634	0.13803621695	0.104639742721	0.0663834563624	0.0935668022547	0.077249113153	0.0549557817754	0.0768725360702	0.134379704627	0.231525767246	0.0587280962587	0.157274737212	0.158705051505	0.174025903023	0.09043410418	0.0494101816187	0.0458617486657	0.0935532371032
DLM013.snv.bam	0.253055548741	0.189912164154	0.129108153991	0.128167943832	0.195417087301	0.157743423415	0.15975584829	0.159324909436	0.155700161532	0.153819416939	0.143297923	0.143577303769	0.139584680485	0.164830638866	0.198122655304	0.185147194647	0.153756721855	0.163385253975	0.190553225462	0.182103460065	0.0	0.147944134527	0.0697222938119	0.159990020959	0.158371244253	0.13656178062	0.163205200426	0.15764063383	0.181271530572	0.180452654215	0.165586712759	0.163760938574	0.183219169796	0.18121935566	0.217756291838	0.0226929190323	0.128906277117	0.115707617374	0.161060183685	0.101977976671	0.154710780838	0.17334833123	0.155110842075	0.126591225185	0.259982730703	0.158324309635	0.0921731237707	0.111128142911	0.25065803307	0.20650784925	0.169494534995	0.160582551104	0.187905854092
DLM028.snv.bam	0.278156740833	0.0892698907503	0.103881085343	0.0999256765055	0.126537114498	0.0962756591187	0.158496206478	0.157266537277	0.152346703837	0.155790902371	0.141612388184	0.143107730497	0.0839302293497	0.0819279693847	0.153670113099	0.0782851669619	0.0919173990057	0.0826811557629	0.0955413827167	0.117425303111	0.147944134527	0.0	0.114898872154	0.0821661719161	0.0967057637332	0.0813089600855	0.0815572873595	0.0965977131441	0.0804435735352	0.0932805492217	0.0840867235147	0.107154656516	0.162425895741	0.0408436612978	0.156607187321	0.13912639862	0.0279835077151	0.107113868319	0.103492326568	0.0490696982409	0.149299755927	0.0956151804314	0.154268827357	0.0926993574767	0.234063777751	0.0962162751671	0.11425550442	0.117561294806	0.2515257758	0.0926261297207	0.0875021345703	0.0785634542325	0.0870538811561
DOF003.snv.bam	0.247545760728	0.149729704026	0.106641581509	0.105994875056	0.159242638603	0.129200802211	0.13595199872	0.135346421422	0.131489289219	0.132707997018	0.122552919234	0.121924575024	0.116614779123	0.135738373895	0.203582945996	0.144285690966	0.125213317628	0.134207459776	0.147983030272	0.16741681053	0.0697222938119	0.114898872154	0.0	0.136108919033	0.129793261294	0.114425883402	0.134753415084	0.130033179491	0.141565812293	0.148111278957	0.136745958599	0.154861039641	0.197289824224	0.135601465782	0.18350187973	0.055547624049	0.138542399258	0.0921856034573	0.132405364509	0.117374675109	0.128847574052	0.153164162859	0.130342854217	0.10369236482	0.259700877379	0.129522434503	0.0361348898097	0.0890661753895	0.217717777469	0.165540936859	0.139067166439	0.131889220437	0.148303098108
M3.5-V1.metaT.snv.bam	0.236167212348	0.0617623299226	0.0737992971496	0.0725501888293	0.198663506308	0.0256233400935	0.115582375644	0.115307916862	0.108775609273	0.113006889743	0.101662072772	0.0612805404472	0.0539442563192	0.000368178829717	0.146407792749	0.0449392712551	0.0233028282239	0.00327439109995	0.0680111911072	0.041202565907	0.159990020959	0.0821661719161	0.136108919033	0.0	0.0269346420147	0.0520279163404	0.00253232188152	0.0280959734545	0.0528743746119	0.0179760156672	0.00451154258441	0.076030791021	0.147434360809	0.064069422803	0.0918693951307	0.145113019026	0.103117319698	0.121619203868	0.0337848171287	0.0596915005913	0.106278021829	0.0655866686724	0.111612646174	0.135664306299	0.203260104308	0.0261865343477	0.124663460897	0.128526734883	0.203019449867	0.0681732435444	0.00771096870445	0.00814607750913	0.0611947130055
MH0176.snv.bam	0.249062684929	0.0471673182036	0.0494619696162	0.0500901170328	0.201926048228	0.00188972129518	0.132364084618	0.13151465592	0.126325164485	0.129920185999	0.119190304734	0.0799541699451	0.0297589577064	0.026840487452	0.16115445779	0.0406112360438	0.00169143594817	0.024755385615	0.0535171779552	0.0594705507191	0.158371244253	0.0967057637332	0.129793261294	0.0269346420147	0.0	0.0277418748068	0.0269542589065	0.00286546020093	0.0397984517528	0.0429734597267	0.0295981217519	0.0720607745508	0.155500651785	0.0796296119547	0.0708562457272	0.134170725905	0.117788585026	0.139687758887	0.00966215710765	0.0748266748675	0.125166547513	0.0834216043313	0.128169100962	0.143004034109	0.208968714006	0.00180174844021	0.119936573889	0.12273826404	0.213681833427	0.0675417300006	0.0321796352248	0.0240738279161	0.0462923114265
MH0230.snv.bam	0.2618394559	0.0618494504859	0.054029343722	0.0549941534314	0.176324993326	0.0265072207143	0.147336182176	0.146986817826	0.141266154547	0.144806770099	0.130408122664	0.100546206719	0.00416760165351	0.0518702345009	0.177347584988	0.0555498331469	0.0267479568276	0.0499125105116	0.0680218785759	0.0843742033245	0.13656178062	0.0813089600855	0.114425883402	0.0520279163404	0.0277418748068	0.0	0.0528557990525	0.0273361617196	0.0544032602493	0.0664122217343	0.054318223843	0.0475866662291	0.167716027909	0.0714315043968	0.0865266692323	0.115346054043	0.104810449385	0.12082941758	0.0245330252495	0.0676496927784	0.141007008501	0.0981231652118	0.143362124957	0.1317750857	0.222497562384	0.0270633573964	0.114264731867	0.111867030682	0.224875838205	0.0824841721578	0.0570966449347	0.0490092917866	0.0607343235494
MH0325.snv.bam	0.240154020314	0.0628488601578	0.0749895031188	0.0734774609326	0.197489925203	0.0274172547978	0.118567279878	0.116604120001	0.112075128616	0.115680657734	0.104983980533	0.0651498104464	0.05512479665	0.00249994534446	0.148695509517	0.0465475629725	0.0251396325834	0.00519827949828	0.0692964786377	0.0453281977406	0.163205200426	0.0815572873595	0.134753415084	0.00253232188152	0.0269542589065	0.0528557990525	0.0	0.0276426307442	0.0524760839386	0.0178134524462	0.00518817935878	0.0775293956989	0.152192924067	0.0651924029564	0.0925596655876	0.150687554743	0.10395057368	0.124676125127	0.0353194312119	0.0596192544731	0.107746797868	0.0691265912505	0.113862853205	0.140870934405	0.210135834142	0.0276949175172	0.125587003852	0.128696290694	0.204597492246	0.0679421493743	0.00902006442922	0.010159005529	0.0607774657297
MH0358.snv.bam	0.250014567006	0.0477898478367	0.0501697791191	0.0507468668954	0.202155677004	0.00269035545234	0.133456975674	0.131754058277	0.127312261079	0.130699240265	0.120506357597	0.0810771915382	0.0299730460025	0.0280245883968	0.162412121247	0.0416159884962	0.00271828573576	0.0258800148574	0.0542294436398	0.0605236185176	0.15764063383	0.0965977131441	0.130033179491	0.0280959734545	0.00286546020093	0.0273361617196	0.0276426307442	0.0	0.0382848652601	0.0432972334331	0.0299315851207	0.0725334246815	0.156745029029	0.0808498387972	0.0718619125215	0.134775731859	0.118998361653	0.140819343793	0.010283684949	0.0760048120084	0.125693756467	0.0839285200249	0.128974560815	0.143754476772	0.209975339416	0.00282404796713	0.120983279556	0.123511726369	0.214040673082	0.0676712956908	0.0333904161744	0.0252352580937	0.0454357611426
MH0388.snv.bam	0.28048703997	0.00395077297134	0.0753460879655	0.0758723289233	0.164337075884	0.0392266258169	0.14827407353	0.146574540007	0.141874709706	0.145315426977	0.13529884399	0.102311552962	0.0574029783429	0.0527108233558	0.136376581556	0.00364466922777	0.039469571926	0.0505798748533	0.0171719745806	0.0857434290676	0.181271530572	0.0804435735352	0.141565812293	0.0528743746119	0.0397984517528	0.0544032602493	0.0524760839386	0.0382848652601	0.0	0.0682794403677	0.0546802931658	0.0985573797943	0.155825591499	0.062838682576	0.101866415004	0.157599397724	0.0967376541895	0.153669551816	0.0317422238809	0.0969555650065	0.140845939645	0.0967977234878	0.143960371624	0.126033664249	0.224432364531	0.0391884228709	0.131842175711	0.151233079755	0.23156091468	0.0210778510112	0.0581434811239	0.0496149810521	0.00365743474665
MH0395.snv.bam	0.260560550087	0.0791016490547	0.0892266369474	0.0874305180405	0.212299216274	0.0430981779477	0.136280917179	0.134766088451	0.12986704858	0.133414543523	0.122744098931	0.0825329620413	0.068965786596	0.0179028746674	0.168642578302	0.0632935861955	0.0409118118039	0.0209306865229	0.0862710085929	0.0614342977623	0.180452654215	0.0932805492217	0.148111278957	0.0179760156672	0.0429734597267	0.0664122217343	0.0178134524462	0.0432972334331	0.0682794403677	0.0	0.0202629529532	0.0922057434201	0.157128725109	0.0686351072424	0.108460520234	0.164608846227	0.118988549931	0.124855391897	0.0510039108992	0.0713900953953	0.125841919555	0.0832791503524	0.132012453971	0.14418601007	0.212345530043	0.0428776873843	0.138708967347	0.142131137796	0.223494033181	0.0848916962518	0.0245575479034	0.0254298740698	0.0774043689977
MH0397.snv.bam	0.24253223078	0.0646758232057	0.0768153951129	0.0754860181649	0.199631057351	0.0293716732362	0.120348564896	0.119323232049	0.113962055826	0.117645173939	0.106920356271	0.067330929278	0.0568114516628	0.00413660261941	0.151233100302	0.0485354076564	0.0271088572221	0.00736428847631	0.0709705329597	0.0472924621158	0.165586712759	0.0840867235147	0.136745958599	0.00451154258441	0.0295981217519	0.054318223843	0.00518817935878	0.0299315851207	0.0546802931658	0.0202629529532	0.0	0.0800384549181	0.153763319965	0.066692878243	0.0940943680868	0.152485124112	0.105541166555	0.126860783949	0.0370538652198	0.062464879134	0.110397726413	0.070895528982	0.116371973811	0.143118238738	0.212107256279	0.0296596570186	0.127536860171	0.130314143212	0.206999370978	0.0701136654042	0.0110421976352	0.0119591922343	0.0632243462197
MH0456.snv.bam	0.237906082388	0.107687315062	0.0949828587797	0.0940756264736	0.169726230432	0.0724167103373	0.125888189821	0.124500858557	0.124588601056	0.123095440402	0.115935665605	0.0834107375554	0.0498440394866	0.0757431914567	0.151869864725	0.0932374421727	0.0703004937613	0.0790314413815	0.115208659018	0.0653476276589	0.163760938574	0.107154656516	0.154861039641	0.076030791021	0.0720607745508	0.0475866662291	0.0775293956989	0.0725334246815	0.0985573797943	0.0922057434201	0.0800384549181	0.0	0.150780220254	0.0983660544301	0.135267122519	0.139629957889	0.131762224051	0.0978998256311	0.0699968769235	0.0920318688796	0.120864878705	0.081616435905	0.12311533473	0.127583501203	0.245640350581	0.072380237673	0.153671284798	0.15449815292	0.204916922735	0.102895977733	0.0834456601209	0.080083691598	0.106200677769
MMRS38954404ST-27-0-0.snv.bam	0.237156032575	0.163708901111	0.155401376686	0.154562522189	0.206110828651	0.154313242283	0.158983563363	0.159125561656	0.158471376145	0.156628838916	0.153609465548	0.156401429298	0.169707526045	0.150607328087	0.0993384869598	0.151657614848	0.150535565226	0.149048792697	0.163082838328	0.132678824399	0.183219169796	0.162425895741	0.197289824224	0.147434360809	0.155500651785	0.167716027909	0.152192924067	0.156745029029	0.155825591499	0.157128725109	0.153763319965	0.150780220254	0.0	0.170697358995	0.205320884775	0.166733173342	0.146903807837	0.162108944733	0.159472367157	0.128032603527	0.158373736305	0.122076884777	0.156466842362	0.158179043239	0.255041398007	0.154657458631	0.182625224675	0.194796952209	0.211012754513	0.166067958194	0.155925319364	0.152618840153	0.162935087664
MMRS61683006ST-27-0-0.snv.bam	0.295220622818	0.0667199569211	0.124280468234	0.123942710514	0.163254250398	0.0783649811432	0.175334752018	0.175721789041	0.169420699489	0.173892181198	0.163978824855	0.124481555213	0.0736151889216	0.0635342187659	0.157551821265	0.0550346885345	0.076484386392	0.0671281974552	0.0775944784672	0.102031862324	0.18121935566	0.0408436612978	0.135601465782	0.064069422803	0.0796296119547	0.0714315043968	0.0651924029564	0.0808498387972	0.062838682576	0.0686351072424	0.066692878243	0.0983660544301	0.170697358995	0.0	0.13808174962	0.16905737964	0.0618834520124	0.130253074057	0.0867288085844	0.0862930155714	0.168235363426	0.113484807178	0.171989895332	0.106695123264	0.226980351512	0.0788571514694	0.133602503985	0.134022504441	0.26494383263	0.0731172451054	0.0691511453669	0.0608433035957	0.0660137015275
MMRS84085284ST-27-0-0.snv.bam	0.207620824199	0.107050032968	0.103741017331	0.10570900411	0.262054477868	0.0691635464263	0.186679246202	0.186706977662	0.180611749911	0.179212523166	0.169682997908	0.150260399246	0.0881883835501	0.0912364404567	0.207846652319	0.102209944751	0.0698152956439	0.0838333648773	0.110433568642	0.125885308222	0.217756291838	0.156607187321	0.18350187973	0.0918693951307	0.0708562457272	0.0865266692323	0.0925596655876	0.0718619125215	0.101866415004	0.108460520234	0.0940943680868	0.135267122519	0.205320884775	0.13808174962	0.0	0.191321084115	0.178011689494	0.194802504962	0.0725701381218	0.135943185756	0.175426479162	0.145889707172	0.177365109486	0.200585575613	0.264576288696	0.0698063669485	0.173943943068	0.177722426823	0.226958380494	0.130087561367	0.0948972012449	0.0881363137719	0.106463440123
N001A.snv.bam	0.242828557101	0.16442374474	0.10383712136	0.103104842136	0.168983634855	0.13252403152	0.136155241485	0.136474328704	0.13117428611	0.133248432594	0.121744146558	0.120518090199	0.117094142428	0.149621023142	0.180170509268	0.1615392466	0.128315495534	0.148486630288	0.164673051544	0.162058250634	0.0226929190323	0.13912639862	0.055547624049	0.145113019026	0.134170725905	0.115346054043	0.150687554743	0.134775731859	0.157599397724	0.164608846227	0.152485124112	0.139629957889	0.166733173342	0.16905737964	0.191321084115	0.0	0.123479319392	0.105074064838	0.135592027315	0.0979589167882	0.133494338856	0.155607576578	0.131802822157	0.113259259867	0.260699489763	0.132905545887	0.0790521841465	0.101878847226	0.218343984457	0.179334376773	0.155230628549	0.145827018395	0.164001509081
N020A.snv.bam	0.291737818231	0.107433427089	0.124456127629	0.1215393134	0.137099494085	0.116889307629	0.178654942259	0.17852071102	0.172937026262	0.176238708685	0.161607798948	0.164346125656	0.107139157864	0.102826617827	0.135456007407	0.0921992481203	0.112711501392	0.103683646793	0.109248377693	0.13803621695	0.128906277117	0.0279835077151	0.138542399258	0.103117319698	0.117788585026	0.104810449385	0.10395057368	0.118998361653	0.0967376541895	0.118988549931	0.105541166555	0.131762224051	0.146903807837	0.0618834520124	0.178011689494	0.123479319392	0.0	0.129572943676	0.12498486074	0.0372057657549	0.170414187128	0.116501952368	0.17472909825	0.111745764524	0.239175192555	0.117271211092	0.138249081625	0.125773257058	0.260014493621	0.111253250272	0.108212884092	0.0994120450441	0.106709630658
N028A.snv.bam	0.177285557273	0.16287553712	0.143674856132	0.140987623681	0.109180994333	0.138396078918	0.0580359611517	0.0588984332386	0.0578315075356	0.054971679986	0.057004120853	0.0690835751697	0.122862717985	0.121265649942	0.171033756535	0.14646121422	0.134039941185	0.122261351568	0.165534589318	0.104639742721	0.115707617374	0.107113868319	0.0921856034573	0.121619203868	0.139687758887	0.12082941758	0.124676125127	0.140819343793	0.153669551816	0.124855391897	0.126860783949	0.0978998256311	0.162108944733	0.130253074057	0.194802504962	0.105074064838	0.129572943676	0.0	0.136459337345	0.101624968676	0.0581005141887	0.10596297197	0.0541120528223	0.146218097167	0.277002560546	0.138884563899	0.115761014627	0.162520586032	0.138581140985	0.156633764479	0.128625015944	0.125302993884	0.162550936095
N047A.snv.bam	0.251680970011	0.0386571387579	0.0458139083139	0.0466320138195	0.199112194725	0.00826672264956	0.129679905624	0.129128327381	0.123138422202	0.127020123486	0.116376584339	0.0818978345414	0.026207677519	0.0337883951492	0.163352857036	0.0318954530318	0.00836927317139	0.0317386516211	0.0447019318847	0.0663834563624	0.161060183685	0.103492326568	0.132405364509	0.0337848171287	0.00966215710765	0.0245330252495	0.0353194312119	0.010283684949	0.0317422238809	0.0510039108992	0.0370538652198	0.0699968769235	0.159472367157	0.0867288085844	0.0725701381218	0.135592027315	0.12498486074	0.136459337345	0.0	0.0808615122746	0.123114776063	0.090460454559	0.125759922138	0.149887757296	0.21786402412	0.00845722375727	0.12312740348	0.129638340837	0.203923580545	0.0599299139645	0.0396273833659	0.0309520824033	0.0380336472189
NLF015.snv.bam	0.236879642839	0.10991549787	0.0827770723351	0.0796894884665	0.162520722071	0.0748480109519	0.133446771235	0.132462334891	0.131754943322	0.131159298999	0.119202731327	0.121488124791	0.0698911459803	0.0596528114641	0.137086485943	0.0940060033003	0.0701304610097	0.0601555791586	0.111280010628	0.0935668022547	0.101977976671	0.0490696982409	0.117374675109	0.0596915005913	0.0748266748675	0.0676496927784	0.0596192544731	0.0760048120084	0.0969555650065	0.0713900953953	0.062464879134	0.0920318688796	0.128032603527	0.0862930155714	0.135943185756	0.0979589167882	0.0372057657549	0.101624968676	0.0808615122746	0.0	0.12328221215	0.0785539647868	0.129310155616	0.118786957243	0.223959979283	0.0751426583589	0.1160968504	0.0927264395817	0.206220729855	0.114011128345	0.0651096756277	0.0560929293648	0.107995898224
NLM010.snv.bam	0.152297247202	0.151204307043	0.127685386151	0.12712093574	0.143037628471	0.125182000742	0.0177612921431	0.0173448904537	0.0171849390502	0.00449236806624	0.0052960311611	0.0438853821656	0.143161277094	0.105977675355	0.154634816067	0.135059977172	0.120869379466	0.104044876677	0.148547574272	0.077249113153	0.154710780838	0.149299755927	0.128847574052	0.106278021829	0.125166547513	0.141007008501	0.107746797868	0.125693756467	0.140845939645	0.125841919555	0.110397726413	0.120864878705	0.158373736305	0.168235363426	0.175426479162	0.133494338856	0.170414187128	0.0581005141887	0.123114776063	0.12328221215	0.0	0.0939105547515	0.0095184375296	0.174532123836	0.28567297893	0.125565852693	0.142053613351	0.197415130449	0.109334782175	0.139158782461	0.113534498605	0.110016528835	0.149686783443
T2D-110A.snv.bam	0.203327945966	0.107869938883	0.0872369043896	0.0862385924171	0.175135127883	0.082246156077	0.095753156737	0.0952462972919	0.0940557142167	0.0934026260061	0.08759577428	0.0806303733721	0.100083732692	0.0678586964614	0.131081778688	0.0930366867954	0.0778363802063	0.0634176181131	0.0987003696701	0.0549557817754	0.17334833123	0.0956151804314	0.153164162859	0.0655866686724	0.0834216043313	0.0981231652118	0.0691265912505	0.0839285200249	0.0967977234878	0.0832791503524	0.070895528982	0.081616435905	0.122076884777	0.113484807178	0.145889707172	0.155607576578	0.116501952368	0.10596297197	0.090460454559	0.0785539647868	0.0939105547515	0.0	0.0926761863976	0.119697933109	0.224322893297	0.0828050944552	0.142332393804	0.157292606075	0.173001449752	0.101417773782	0.0725940429488	0.0699387468623	0.107115525795
T2D-113A.snv.bam	0.150108224352	0.153190745722	0.130071327107	0.129843008969	0.143758016196	0.127384018408	0.0153924062875	0.0158356991335	0.0147696221575	0.00734040504966	0.00848394848697	0.0400110106829	0.145331405985	0.111304116918	0.153155477581	0.137398596145	0.123164312289	0.109092723692	0.149515838534	0.0768725360702	0.155110842075	0.154268827357	0.130342854217	0.111612646174	0.128169100962	0.143362124957	0.113862853205	0.128974560815	0.143960371624	0.132012453971	0.116371973811	0.12311533473	0.156466842362	0.171989895332	0.177365109486	0.131802822157	0.17472909825	0.0541120528223	0.125759922138	0.129310155616	0.0095184375296	0.0926761863976	0.0	0.172607924704	0.285181212112	0.12794015509	0.144580076707	0.201447019202	0.102954328085	0.141554185046	0.116643725116	0.114990873076	0.152582329762
T2D-134A.snv.bam	0.298293210267	0.13172637846	0.123248524032	0.122233292868	0.175991113931	0.141528234372	0.171213665526	0.171052818132	0.170478766229	0.173812907397	0.171454684692	0.160681045844	0.134154826676	0.140556336071	0.134380630202	0.125877825878	0.137109363419	0.140520329932	0.132592876205	0.134379704627	0.126591225185	0.0926993574767	0.10369236482	0.135664306299	0.143004034109	0.1317750857	0.140870934405	0.143754476772	0.126033664249	0.14418601007	0.143118238738	0.127583501203	0.158179043239	0.106695123264	0.200585575613	0.113259259867	0.111745764524	0.146218097167	0.149887757296	0.118786957243	0.174532123836	0.119697933109	0.172607924704	0.0	0.246038822988	0.141973343715	0.108640274838	0.0947497599005	0.289114358243	0.140884481976	0.145510530773	0.13126453307	0.133203373994
T2D-15A.snv.bam	0.376255321269	0.230683484631	0.226476149827	0.226493648073	0.323107586669	0.207746233495	0.28345464364	0.283757213924	0.275453429859	0.287439739093	0.269525581649	0.249967671292	0.225308422636	0.208269000579	0.27041788018	0.219618919757	0.208124691057	0.20994371689	0.237057076116	0.231525767246	0.259982730703	0.234063777751	0.259700877379	0.203260104308	0.208968714006	0.222497562384	0.210135834142	0.209975339416	0.224432364531	0.212345530043	0.212107256279	0.245640350581	0.255041398007	0.226980351512	0.264576288696	0.260699489763	0.239175192555	0.277002560546	0.21786402412	0.223959979283	0.28567297893	0.224322893297	0.285181212112	0.246038822988	0.0	0.208012087211	0.229786616284	0.252800070374	0.352384805473	0.249417998394	0.211438482446	0.207833618804	0.230002275932
T2D-54A.snv.bam	0.24807293362	0.0460095048313	0.0482219835992	0.0490830904491	0.201550829341	0.000649735278167	0.13208798091	0.131384061028	0.125577056818	0.129544769268	0.118859328625	0.0791845761571	0.0286157528043	0.0260942737284	0.160448043711	0.0395858998859	0.000694581350217	0.0240053743662	0.0522550493307	0.0587280962587	0.158324309635	0.0962162751671	0.129522434503	0.0261865343477	0.00180174844021	0.0270633573964	0.0276949175172	0.00282404796713	0.0391884228709	0.0428776873843	0.0296596570186	0.072380237673	0.154657458631	0.0788571514694	0.0698063669485	0.132905545887	0.117271211092	0.138884563899	0.00845722375727	0.0751426583589	0.125565852693	0.0828050944552	0.12794015509	0.141973343715	0.208012087211	0.0	0.118575380217	0.121824245136	0.212818982534	0.0674380888019	0.0319912578353	0.0233350950319	0.0454075790978
T2D-70A.snv.bam	0.26327006613	0.140006252611	0.0965816372426	0.0963886123358	0.183982750276	0.118566838462	0.14942357495	0.149443165411	0.144504082461	0.147045136792	0.132871508818	0.130771592363	0.116361454591	0.124519270149	0.196689548409	0.134537478154	0.114404187851	0.123524683879	0.134681693913	0.157274737212	0.0921731237707	0.11425550442	0.0361348898097	0.124663460897	0.119936573889	0.114264731867	0.125587003852	0.120983279556	0.131842175711	0.138708967347	0.127536860171	0.153671284798	0.182625224675	0.133602503985	0.173943943068	0.0790521841465	0.138249081625	0.115761014627	0.12312740348	0.1160968504	0.142053613351	0.142332393804	0.144580076707	0.108640274838	0.229786616284	0.118575380217	0.0	0.0941158275583	0.229140038385	0.157145361809	0.124867982889	0.121103621894	0.139151547503
