	159166850-stool1.snv.bam	159268001-stool1.snv.bam	159268001-stool2.snv.bam	160178356-stool2.snv.bam	160704339-stool1.snv.bam	763496533-stool1.snv.bam	763597684-stool2.snv.bam	764143897-stool1.snv.bam	CCIS02124300ST-4-0.snv.bam	CCIS09568613ST-4-0.snv.bam	CCIS10793554ST-4-0.snv.bam	CCIS12656533ST-4-0.snv.bam	CCIS20795251ST-4-0.snv.bam	CCIS22275061ST-4-0.snv.bam	CCIS23164343ST-4-0.snv.bam	CCIS27304052ST-3-0.snv.bam	CCIS28384594ST-4-0.snv.bam	CCIS51595129ST-4-0.snv.bam	CCIS52234160ST-4-0.snv.bam	CCIS59132091ST-4-0.snv.bam	CCIS62605362ST-3-0.snv.bam	CCIS64773582ST-4-0.snv.bam	CCIS74239020ST-4-0.snv.bam	CCIS76845094ST-20-0.snv.bam	CCIS80834637ST-4-0.snv.bam	CCIS81887263ST-4-0.snv.bam	CCIS88317640ST-4-0.snv.bam	CCMD64503764ST-21-0.snv.bam	CCMD64776337ST-21-0.snv.bam	HT25A.snv.bam	M2.2-V2.metaT.snv.bam	M2.2-V3.metaG.snv.bam	MH0159.snv.bam	MH0196.snv.bam	MH0224.snv.bam	MH0271.snv.bam	MH0275.snv.bam	MH0280.snv.bam	MH0308.snv.bam	MH0349.snv.bam	MH0350.snv.bam	MH0372.snv.bam	MH0379.snv.bam	MH0381.snv.bam	MH0392.snv.bam	MH0397.snv.bam	MH0402.snv.bam	MH0422.snv.bam	MH0437.snv.bam	MH0445.snv.bam	MH0451.snv.bam	MH0457.snv.bam	MMRS51307502ST-27-0-0.snv.bam	MMRS54246132ST-27-0-0.snv.bam	MMRS57276462ST-27-0-0.snv.bam	NG-5636_112.snv.bam	NG-5636_155.snv.bam	NG-5636_158.snv.bam	NG-5636_225.snv.bam	NG-5636_268.snv.bam	NG-5636_434.snv.bam	NG-5636_458.snv.bam	NG-5636_478.snv.bam	NG-5636_547.snv.bam	NG-5636_584.snv.bam	NG-5636_591.snv.bam	NG-5636_88.snv.bam	NLM021.snv.bam	O2.UC13-1.snv.bam	O2.UC30-1.snv.bam	SAMEA3136631.snv.bam	SAMEA3136654.snv.bam	SAMEA3136675.snv.bam	SAMEA3136684.snv.bam	SAMEA3136700.snv.bam	SAMEA3136732.snv.bam	SAMEA3178941.snv.bam	SZEY-37A.snv.bam	T2D-106A.snv.bam	T2D-15A.snv.bam	T2D-26A.snv.bam	T2D-33A.snv.bam	T2D-49A.snv.bam	T2D-56A.snv.bam	V1.CD22-0.snv.bam	V1.CD55-0.snv.bam	V1.CD6-0-PN.snv.bam	V1.FI07.snv.bam	V1.FI15.snv.bam	V1.FI16.snv.bam	V1.UC10-2.snv.bam	V1.UC21-4.snv.bam	V1.UC40-1.snv.bam	V1.UC47-0.snv.bam	V1.UC58-0.snv.bam
159166850-stool1.snv.bam	0.0	0.219895287958	0.219895287958	0.0890052356021	0.086387434555	0.251308900524	0.274869109948	0.282722513089	0.128272251309	0.285340314136	0.295811518325	0.11780104712	0.0785340314136	0.0261780104712	0.0968586387435	0.227748691099	0.086387434555	0.285340314136	0.0916230366492	0.272251308901	0.269633507853	0.0890052356021	0.272251308901	0.0916230366492	0.138743455497	0.264397905759	0.0811518324607	0.115183246073	0.0602094240838	0.193717277487	0.120418848168	0.159685863874	0.107329842932	0.264397905759	0.301047120419	0.102094240838	0.0575916230366	0.0837696335079	0.0418848167539	0.259162303665	0.0759162303665	0.0366492146597	0.272251308901	0.272251308901	0.285340314136	0.107329842932	0.0732984293194	0.17277486911	0.280104712042	0.11780104712	0.112565445026	0.285340314136	0.212041884817	0.112565445026	0.267015706806	0.0785340314136	0.282722513089	0.141361256545	0.0916230366492	0.0968586387435	0.280104712042	0.120418848168	0.020942408377	0.020942408377	0.0916230366492	0.269633507853	0.280104712042	0.225130890052	0.287958115183	0.0811518324607	0.0785340314136	0.123036649215	0.274869109948	0.277486910995	0.120418848168	0.107329842932	0.267015706806	0.178010471204	0.170157068063	0.180628272251	0.178010471204	0.219895287958	0.295811518325	0.193717277487	0.287958115183	0.264397905759	0.274869109948	0.295811518325	0.104712041885	0.0916230366492	0.285340314136	0.0916230366492	0.0811518324607	0.149214659686	0.280104712042
159268001-stool1.snv.bam	0.219895287958	0.0	0.0	0.19109947644	0.217277486911	0.267015706806	0.29057591623	0.295811518325	0.246073298429	0.282722513089	0.293193717277	0.251308900524	0.243455497382	0.219895287958	0.238219895288	0.230366492147	0.206806282723	0.282722513089	0.253926701571	0.298429319372	0.282722513089	0.243455497382	0.274869109948	0.20942408377	0.243455497382	0.261780104712	0.246073298429	0.235602094241	0.219895287958	0.151832460733	0.125654450262	0.151832460733	0.222513089005	0.277486910995	0.306282722513	0.225130890052	0.201570680628	0.214659685864	0.219895287958	0.261780104712	0.204188481675	0.227748691099	0.285340314136	0.274869109948	0.277486910995	0.232984293194	0.227748691099	0.149214659686	0.277486910995	0.240837696335	0.240837696335	0.293193717277	0.222513089005	0.251308900524	0.282722513089	0.232984293194	0.282722513089	0.149214659686	0.20942408377	0.196335078534	0.295811518325	0.214659685864	0.212041884817	0.204188481675	0.219895287958	0.274869109948	0.274869109948	0.183246073298	0.282722513089	0.235602094241	0.219895287958	0.246073298429	0.277486910995	0.282722513089	0.235602094241	0.243455497382	0.285340314136	0.141361256545	0.123036649215	0.141361256545	0.149214659686	0.15445026178	0.298429319372	0.15445026178	0.285340314136	0.269633507853	0.274869109948	0.293193717277	0.232984293194	0.256544502618	0.285340314136	0.256544502618	0.246073298429	0.167539267016	0.280104712042
159268001-stool2.snv.bam	0.219895287958	0.0	0.0	0.19109947644	0.219895287958	0.267015706806	0.29057591623	0.295811518325	0.246073298429	0.282722513089	0.293193717277	0.251308900524	0.246073298429	0.219895287958	0.238219895288	0.230366492147	0.206806282723	0.282722513089	0.256544502618	0.298429319372	0.282722513089	0.243455497382	0.274869109948	0.20942408377	0.243455497382	0.261780104712	0.248691099476	0.238219895288	0.219895287958	0.151832460733	0.125654450262	0.151832460733	0.222513089005	0.277486910995	0.306282722513	0.225130890052	0.204188481675	0.217277486911	0.219895287958	0.261780104712	0.204188481675	0.227748691099	0.285340314136	0.274869109948	0.277486910995	0.235602094241	0.227748691099	0.149214659686	0.277486910995	0.240837696335	0.243455497382	0.293193717277	0.222513089005	0.251308900524	0.282722513089	0.232984293194	0.282722513089	0.149214659686	0.20942408377	0.198952879581	0.295811518325	0.214659685864	0.212041884817	0.204188481675	0.219895287958	0.274869109948	0.274869109948	0.183246073298	0.282722513089	0.235602094241	0.219895287958	0.248691099476	0.277486910995	0.282722513089	0.235602094241	0.243455497382	0.285340314136	0.141361256545	0.123036649215	0.141361256545	0.149214659686	0.15445026178	0.298429319372	0.15445026178	0.285340314136	0.269633507853	0.274869109948	0.293193717277	0.232984293194	0.256544502618	0.285340314136	0.256544502618	0.248691099476	0.167539267016	0.280104712042
160178356-stool2.snv.bam	0.0890052356021	0.19109947644	0.19109947644	0.0	0.123036649215	0.230366492147	0.259162303665	0.261780104712	0.149214659686	0.261780104712	0.267015706806	0.146596858639	0.138743455497	0.107329842932	0.13612565445	0.20942408377	0.120418848168	0.261780104712	0.11780104712	0.285340314136	0.251308900524	0.0942408376963	0.256544502618	0.102094240838	0.138743455497	0.235602094241	0.141361256545	0.123036649215	0.102094240838	0.170157068063	0.104712041885	0.138743455497	0.115183246073	0.240837696335	0.274869109948	0.141361256545	0.0968586387435	0.109947643979	0.0968586387435	0.243455497382	0.086387434555	0.0890052356021	0.248691099476	0.253926701571	0.267015706806	0.133507853403	0.109947643979	0.157068062827	0.261780104712	0.133507853403	0.130890052356	0.269633507853	0.193717277487	0.138743455497	0.251308900524	0.115183246073	0.267015706806	0.130890052356	0.11780104712	0.0994764397906	0.264397905759	0.115183246073	0.0837696335079	0.0916230366492	0.102094240838	0.253926701571	0.259162303665	0.201570680628	0.261780104712	0.130890052356	0.102094240838	0.15445026178	0.259162303665	0.261780104712	0.143979057592	0.143979057592	0.243455497382	0.146596858639	0.133507853403	0.157068062827	0.178010471204	0.185863874346	0.280104712042	0.151832460733	0.269633507853	0.246073298429	0.259162303665	0.272251308901	0.115183246073	0.138743455497	0.264397905759	0.138743455497	0.141361256545	0.143979057592	0.264397905759
160704339-stool1.snv.bam	0.086387434555	0.217277486911	0.219895287958	0.123036649215	0.0	0.248691099476	0.277486910995	0.280104712042	0.13612565445	0.285340314136	0.295811518325	0.123036649215	0.109947643979	0.0994764397906	0.123036649215	0.217277486911	0.0942408376963	0.285340314136	0.120418848168	0.277486910995	0.269633507853	0.143979057592	0.280104712042	0.0732984293194	0.133507853403	0.261780104712	0.112565445026	0.120418848168	0.0890052356021	0.20942408377	0.123036649215	0.178010471204	0.0994764397906	0.264397905759	0.298429319372	0.0968586387435	0.0837696335079	0.0811518324607	0.109947643979	0.261780104712	0.0890052356021	0.0968586387435	0.272251308901	0.272251308901	0.280104712042	0.104712041885	0.0942408376963	0.180628272251	0.280104712042	0.125654450262	0.102094240838	0.282722513089	0.214659685864	0.112565445026	0.269633507853	0.11780104712	0.285340314136	0.130890052356	0.0890052356021	0.0759162303665	0.282722513089	0.128272251309	0.0916230366492	0.0994764397906	0.0942408376963	0.277486910995	0.277486910995	0.193717277487	0.285340314136	0.115183246073	0.0968586387435	0.120418848168	0.277486910995	0.277486910995	0.115183246073	0.109947643979	0.267015706806	0.178010471204	0.178010471204	0.193717277487	0.157068062827	0.206806282723	0.293193717277	0.19109947644	0.287958115183	0.253926701571	0.277486910995	0.295811518325	0.112565445026	0.109947643979	0.267015706806	0.109947643979	0.112565445026	0.162303664921	0.282722513089
763496533-stool1.snv.bam	0.251308900524	0.267015706806	0.267015706806	0.230366492147	0.248691099476	0.0	0.102094240838	0.0994764397906	0.212041884817	0.130890052356	0.120418848168	0.225130890052	0.230366492147	0.259162303665	0.225130890052	0.149214659686	0.225130890052	0.130890052356	0.232984293194	0.128272251309	0.102094240838	0.204188481675	0.0759162303665	0.227748691099	0.201570680628	0.0890052356021	0.230366492147	0.204188481675	0.248691099476	0.264397905759	0.219895287958	0.269633507853	0.243455497382	0.104712041885	0.109947643979	0.282722513089	0.243455497382	0.235602094241	0.219895287958	0.0968586387435	0.227748691099	0.230366492147	0.102094240838	0.086387434555	0.0942408376963	0.212041884817	0.235602094241	0.256544502618	0.120418848168	0.243455497382	0.235602094241	0.107329842932	0.102094240838	0.214659685864	0.104712041885	0.204188481675	0.109947643979	0.212041884817	0.259162303665	0.227748691099	0.0942408376963	0.185863874346	0.240837696335	0.248691099476	0.206806282723	0.0811518324607	0.112565445026	0.264397905759	0.130890052356	0.251308900524	0.204188481675	0.227748691099	0.109947643979	0.0942408376963	0.206806282723	0.238219895288	0.102094240838	0.232984293194	0.251308900524	0.282722513089	0.248691099476	0.251308900524	0.120418848168	0.267015706806	0.0837696335079	0.0942408376963	0.0785340314136	0.120418848168	0.235602094241	0.227748691099	0.112565445026	0.227748691099	0.230366492147	0.217277486911	0.0890052356021
763597684-stool2.snv.bam	0.274869109948	0.29057591623	0.29057591623	0.259162303665	0.277486910995	0.102094240838	0.0	0.086387434555	0.246073298429	0.086387434555	0.0785340314136	0.259162303665	0.264397905759	0.277486910995	0.259162303665	0.146596858639	0.248691099476	0.086387434555	0.267015706806	0.115183246073	0.0680628272251	0.222513089005	0.0706806282723	0.251308900524	0.240837696335	0.0890052356021	0.264397905759	0.232984293194	0.267015706806	0.280104712042	0.222513089005	0.277486910995	0.248691099476	0.0706806282723	0.107329842932	0.301047120419	0.261780104712	0.232984293194	0.238219895288	0.0994764397906	0.248691099476	0.259162303665	0.0732984293194	0.0549738219895	0.115183246073	0.251308900524	0.264397905759	0.272251308901	0.123036649215	0.272251308901	0.269633507853	0.0942408376963	0.0785340314136	0.253926701571	0.00785340314136	0.238219895288	0.0811518324607	0.243455497382	0.280104712042	0.261780104712	0.0235602094241	0.217277486911	0.259162303665	0.267015706806	0.230366492147	0.065445026178	0.0680628272251	0.295811518325	0.133507853403	0.285340314136	0.230366492147	0.256544502618	0.0575916230366	0.0732984293194	0.235602094241	0.272251308901	0.0680628272251	0.267015706806	0.29057591623	0.316753926702	0.269633507853	0.282722513089	0.0602094240838	0.282722513089	0.107329842932	0.0523560209424	0.0916230366492	0.0785340314136	0.264397905759	0.251308900524	0.109947643979	0.251308900524	0.264397905759	0.238219895288	0.0968586387435
764143897-stool1.snv.bam	0.282722513089	0.295811518325	0.295811518325	0.261780104712	0.280104712042	0.0994764397906	0.086387434555	0.0	0.246073298429	0.123036649215	0.109947643979	0.259162303665	0.264397905759	0.282722513089	0.259162303665	0.159685863874	0.256544502618	0.123036649215	0.264397905759	0.138743455497	0.0916230366492	0.219895287958	0.0942408376963	0.256544502618	0.238219895288	0.0942408376963	0.264397905759	0.232984293194	0.269633507853	0.282722513089	0.230366492147	0.282722513089	0.248691099476	0.0732984293194	0.0890052356021	0.306282722513	0.267015706806	0.235602094241	0.243455497382	0.107329842932	0.251308900524	0.248691099476	0.0811518324607	0.065445026178	0.109947643979	0.248691099476	0.269633507853	0.280104712042	0.125654450262	0.274869109948	0.274869109948	0.0916230366492	0.120418848168	0.248691099476	0.0785340314136	0.235602094241	0.104712041885	0.251308900524	0.287958115183	0.261780104712	0.0732984293194	0.214659685864	0.264397905759	0.272251308901	0.235602094241	0.0811518324607	0.102094240838	0.303664921466	0.130890052356	0.29057591623	0.227748691099	0.253926701571	0.102094240838	0.104712041885	0.235602094241	0.272251308901	0.0759162303665	0.272251308901	0.295811518325	0.321989528796	0.277486910995	0.29057591623	0.115183246073	0.29057591623	0.104712041885	0.0994764397906	0.0994764397906	0.112565445026	0.269633507853	0.248691099476	0.123036649215	0.248691099476	0.264397905759	0.251308900524	0.0890052356021
CCIS02124300ST-4-0.snv.bam	0.128272251309	0.246073298429	0.246073298429	0.149214659686	0.13612565445	0.212041884817	0.246073298429	0.246073298429	0.0	0.253926701571	0.264397905759	0.0942408376963	0.112565445026	0.141361256545	0.0968586387435	0.196335078534	0.112565445026	0.253926701571	0.109947643979	0.246073298429	0.225130890052	0.112565445026	0.243455497382	0.115183246073	0.0994764397906	0.232984293194	0.112565445026	0.0837696335079	0.125654450262	0.20942408377	0.159685863874	0.206806282723	0.133507853403	0.232984293194	0.261780104712	0.159685863874	0.130890052356	0.138743455497	0.120418848168	0.227748691099	0.128272251309	0.133507853403	0.235602094241	0.230366492147	0.246073298429	0.104712041885	0.11780104712	0.201570680628	0.253926701571	0.157068062827	0.15445026178	0.251308900524	0.196335078534	0.0968586387435	0.238219895288	0.112565445026	0.253926701571	0.151832460733	0.141361256545	0.104712041885	0.248691099476	0.102094240838	0.128272251309	0.130890052356	0.0942408376963	0.238219895288	0.243455497382	0.227748691099	0.253926701571	0.133507853403	0.0890052356021	0.0837696335079	0.246073298429	0.248691099476	0.0732984293194	0.104712041885	0.235602094241	0.196335078534	0.198952879581	0.217277486911	0.201570680628	0.235602094241	0.261780104712	0.214659685864	0.251308900524	0.222513089005	0.240837696335	0.264397905759	0.128272251309	0.104712041885	0.246073298429	0.104712041885	0.112565445026	0.183246073298	0.240837696335
CCIS09568613ST-4-0.snv.bam	0.285340314136	0.282722513089	0.282722513089	0.261780104712	0.285340314136	0.130890052356	0.086387434555	0.123036649215	0.253926701571	0.0	0.0366492146597	0.267015706806	0.272251308901	0.285340314136	0.267015706806	0.15445026178	0.253926701571	0.0	0.269633507853	0.130890052356	0.109947643979	0.225130890052	0.0759162303665	0.253926701571	0.246073298429	0.0680628272251	0.272251308901	0.240837696335	0.274869109948	0.280104712042	0.222513089005	0.277486910995	0.251308900524	0.0706806282723	0.0837696335079	0.303664921466	0.269633507853	0.240837696335	0.246073298429	0.0706806282723	0.253926701571	0.267015706806	0.0732984293194	0.0994764397906	0.123036649215	0.253926701571	0.272251308901	0.269633507853	0.125654450262	0.267015706806	0.274869109948	0.0942408376963	0.0732984293194	0.261780104712	0.0785340314136	0.240837696335	0.0602094240838	0.222513089005	0.287958115183	0.264397905759	0.0785340314136	0.222513089005	0.267015706806	0.274869109948	0.235602094241	0.0732984293194	0.0183246073298	0.29057591623	0.107329842932	0.29057591623	0.235602094241	0.264397905759	0.0287958115183	0.0916230366492	0.243455497382	0.280104712042	0.0837696335079	0.261780104712	0.280104712042	0.306282722513	0.264397905759	0.282722513089	0.0602094240838	0.269633507853	0.0785340314136	0.0549738219895	0.0785340314136	0.0366492146597	0.272251308901	0.259162303665	0.0994764397906	0.259162303665	0.272251308901	0.238219895288	0.0732984293194
CCIS10793554ST-4-0.snv.bam	0.295811518325	0.293193717277	0.293193717277	0.267015706806	0.295811518325	0.120418848168	0.0785340314136	0.109947643979	0.264397905759	0.0366492146597	0.0	0.277486910995	0.282722513089	0.295811518325	0.277486910995	0.149214659686	0.267015706806	0.0366492146597	0.280104712042	0.11780104712	0.104712041885	0.235602094241	0.0732984293194	0.259162303665	0.259162303665	0.065445026178	0.282722513089	0.251308900524	0.285340314136	0.293193717277	0.230366492147	0.285340314136	0.261780104712	0.0628272251309	0.0732984293194	0.314136125654	0.280104712042	0.251308900524	0.256544502618	0.0706806282723	0.264397905759	0.277486910995	0.0706806282723	0.102094240838	0.112565445026	0.264397905759	0.277486910995	0.282722513089	0.125654450262	0.29057591623	0.287958115183	0.0837696335079	0.0837696335079	0.272251308901	0.0706806282723	0.251308900524	0.0575916230366	0.246073298429	0.301047120419	0.274869109948	0.0785340314136	0.232984293194	0.277486910995	0.285340314136	0.246073298429	0.0706806282723	0.0183246073298	0.314136125654	0.0994764397906	0.303664921466	0.243455497382	0.274869109948	0.0314136125654	0.0837696335079	0.253926701571	0.29057591623	0.065445026178	0.272251308901	0.29057591623	0.319371727749	0.277486910995	0.295811518325	0.0575916230366	0.285340314136	0.0785340314136	0.0523560209424	0.0785340314136	0.0130890052356	0.282722513089	0.269633507853	0.086387434555	0.269633507853	0.282722513089	0.253926701571	0.0785340314136
CCIS12656533ST-4-0.snv.bam	0.11780104712	0.251308900524	0.251308900524	0.146596858639	0.123036649215	0.225130890052	0.259162303665	0.259162303665	0.0942408376963	0.267015706806	0.277486910995	0.0	0.0759162303665	0.112565445026	0.0602094240838	0.206806282723	0.123036649215	0.267015706806	0.0732984293194	0.280104712042	0.246073298429	0.0916230366492	0.256544502618	0.112565445026	0.0890052356021	0.246073298429	0.0759162303665	0.0680628272251	0.0968586387435	0.240837696335	0.109947643979	0.164921465969	0.086387434555	0.246073298429	0.274869109948	0.146596858639	0.128272251309	0.109947643979	0.0968586387435	0.238219895288	0.109947643979	0.109947643979	0.248691099476	0.248691099476	0.261780104712	0.0994764397906	0.065445026178	0.201570680628	0.256544502618	0.159685863874	0.151832460733	0.264397905759	0.193717277487	0.0418848167539	0.251308900524	0.123036649215	0.267015706806	0.157068062827	0.123036649215	0.0811518324607	0.261780104712	0.0837696335079	0.109947643979	0.112565445026	0.0759162303665	0.261780104712	0.256544502618	0.222513089005	0.256544502618	0.13612565445	0.0994764397906	0.0680628272251	0.261780104712	0.261780104712	0.0994764397906	0.0785340314136	0.248691099476	0.20942408377	0.188481675393	0.217277486911	0.198952879581	0.243455497382	0.274869109948	0.217277486911	0.264397905759	0.240837696335	0.251308900524	0.277486910995	0.115183246073	0.0785340314136	0.248691099476	0.0785340314136	0.0759162303665	0.188481675393	0.259162303665
CCIS20795251ST-4-0.snv.bam	0.0785340314136	0.243455497382	0.246073298429	0.138743455497	0.109947643979	0.230366492147	0.264397905759	0.264397905759	0.112565445026	0.272251308901	0.282722513089	0.0759162303665	0.0	0.0994764397906	0.0523560209424	0.201570680628	0.109947643979	0.272251308901	0.0235602094241	0.253926701571	0.251308900524	0.0994764397906	0.253926701571	0.120418848168	0.102094240838	0.251308900524	0.0	0.0706806282723	0.115183246073	0.230366492147	0.112565445026	0.159685863874	0.0994764397906	0.251308900524	0.280104712042	0.128272251309	0.0942408376963	0.102094240838	0.0785340314136	0.248691099476	0.112565445026	0.112565445026	0.253926701571	0.253926701571	0.267015706806	0.0575916230366	0.0968586387435	0.196335078534	0.261780104712	0.151832460733	0.138743455497	0.269633507853	0.201570680628	0.0497382198953	0.256544502618	0.0628272251309	0.272251308901	0.164921465969	0.102094240838	0.107329842932	0.267015706806	0.0968586387435	0.102094240838	0.0942408376963	0.0628272251309	0.256544502618	0.264397905759	0.246073298429	0.261780104712	0.102094240838	0.0575916230366	0.0602094240838	0.264397905759	0.267015706806	0.0759162303665	0.0811518324607	0.253926701571	0.206806282723	0.188481675393	0.201570680628	0.206806282723	0.240837696335	0.280104712042	0.217277486911	0.269633507853	0.243455497382	0.259162303665	0.282722513089	0.0942408376963	0.0811518324607	0.264397905759	0.0811518324607	0.0	0.183246073298	0.264397905759
CCIS22275061ST-4-0.snv.bam	0.0261780104712	0.219895287958	0.219895287958	0.107329842932	0.0994764397906	0.259162303665	0.277486910995	0.282722513089	0.141361256545	0.285340314136	0.295811518325	0.112565445026	0.0994764397906	0.0	0.102094240838	0.232984293194	0.109947643979	0.285340314136	0.115183246073	0.287958115183	0.269633507853	0.086387434555	0.280104712042	0.0837696335079	0.146596858639	0.261780104712	0.102094240838	0.120418848168	0.0575916230366	0.198952879581	0.109947643979	0.151832460733	0.102094240838	0.264397905759	0.298429319372	0.102094240838	0.0523560209424	0.086387434555	0.0418848167539	0.261780104712	0.086387434555	0.0497382198953	0.272251308901	0.272251308901	0.285340314136	0.128272251309	0.0706806282723	0.170157068063	0.280104712042	0.120418848168	0.123036649215	0.287958115183	0.219895287958	0.109947643979	0.269633507853	0.107329842932	0.285340314136	0.143979057592	0.0916230366492	0.0942408376963	0.282722513089	0.123036649215	0.0235602094241	0.0157068062827	0.0811518324607	0.277486910995	0.280104712042	0.219895287958	0.285340314136	0.102094240838	0.102094240838	0.13612565445	0.277486910995	0.280104712042	0.104712041885	0.115183246073	0.267015706806	0.175392670157	0.17277486911	0.185863874346	0.164921465969	0.225130890052	0.298429319372	0.185863874346	0.287958115183	0.264397905759	0.277486910995	0.295811518325	0.11780104712	0.0890052356021	0.272251308901	0.0890052356021	0.102094240838	0.151832460733	0.282722513089
CCIS23164343ST-4-0.snv.bam	0.0968586387435	0.238219895288	0.238219895288	0.13612565445	0.123036649215	0.225130890052	0.259162303665	0.259162303665	0.0968586387435	0.267015706806	0.277486910995	0.0602094240838	0.0523560209424	0.102094240838	0.0	0.206806282723	0.112565445026	0.267015706806	0.065445026178	0.274869109948	0.246073298429	0.0890052356021	0.256544502618	0.11780104712	0.0759162303665	0.246073298429	0.0523560209424	0.065445026178	0.107329842932	0.227748691099	0.120418848168	0.167539267016	0.109947643979	0.246073298429	0.274869109948	0.13612565445	0.0968586387435	0.104712041885	0.0759162303665	0.240837696335	0.115183246073	0.109947643979	0.248691099476	0.248691099476	0.261780104712	0.0785340314136	0.0890052356021	0.193717277487	0.256544502618	0.149214659686	0.146596858639	0.264397905759	0.196335078534	0.0628272251309	0.251308900524	0.0942408376963	0.267015706806	0.151832460733	0.109947643979	0.0890052356021	0.261780104712	0.0916230366492	0.0942408376963	0.0916230366492	0.0549738219895	0.259162303665	0.259162303665	0.227748691099	0.256544502618	0.0994764397906	0.0785340314136	0.065445026178	0.259162303665	0.261780104712	0.0759162303665	0.0602094240838	0.248691099476	0.204188481675	0.180628272251	0.204188481675	0.204188481675	0.238219895288	0.274869109948	0.20942408377	0.264397905759	0.240837696335	0.251308900524	0.277486910995	0.0994764397906	0.086387434555	0.259162303665	0.086387434555	0.0523560209424	0.180628272251	0.259162303665
CCIS27304052ST-3-0.snv.bam	0.227748691099	0.230366492147	0.230366492147	0.20942408377	0.217277486911	0.149214659686	0.146596858639	0.159685863874	0.196335078534	0.15445026178	0.149214659686	0.206806282723	0.201570680628	0.232984293194	0.206806282723	0.0	0.212041884817	0.15445026178	0.201570680628	0.151832460733	0.138743455497	0.188481675393	0.133507853403	0.204188481675	0.201570680628	0.133507853403	0.201570680628	0.180628272251	0.217277486911	0.246073298429	0.15445026178	0.201570680628	0.193717277487	0.138743455497	0.159685863874	0.246073298429	0.212041884817	0.188481675393	0.19109947644	0.138743455497	0.20942408377	0.217277486911	0.149214659686	0.133507853403	0.146596858639	0.193717277487	0.214659685864	0.214659685864	0.143979057592	0.235602094241	0.251308900524	0.130890052356	0.109947643979	0.193717277487	0.138743455497	0.188481675393	0.13612565445	0.19109947644	0.230366492147	0.206806282723	0.149214659686	0.175392670157	0.212041884817	0.225130890052	0.185863874346	0.125654450262	0.13612565445	0.256544502618	0.149214659686	0.251308900524	0.183246073298	0.193717277487	0.133507853403	0.13612565445	0.188481675393	0.217277486911	0.13612565445	0.214659685864	0.204188481675	0.235602094241	0.214659685864	0.230366492147	0.143979057592	0.193717277487	0.162303664921	0.130890052356	0.146596858639	0.151832460733	0.214659685864	0.198952879581	0.159685863874	0.198952879581	0.201570680628	0.206806282723	0.141361256545
CCIS28384594ST-4-0.snv.bam	0.086387434555	0.206806282723	0.206806282723	0.120418848168	0.0942408376963	0.225130890052	0.248691099476	0.256544502618	0.112565445026	0.253926701571	0.267015706806	0.123036649215	0.109947643979	0.109947643979	0.112565445026	0.212041884817	0.0	0.253926701571	0.115183246073	0.235602094241	0.240837696335	0.138743455497	0.243455497382	0.0837696335079	0.0471204188482	0.238219895288	0.112565445026	0.115183246073	0.107329842932	0.180628272251	0.13612565445	0.180628272251	0.128272251309	0.238219895288	0.269633507853	0.109947643979	0.0916230366492	0.0942408376963	0.115183246073	0.230366492147	0.086387434555	0.102094240838	0.246073298429	0.243455497382	0.253926701571	0.0942408376963	0.102094240838	0.175392670157	0.251308900524	0.0523560209424	0.0706806282723	0.259162303665	0.19109947644	0.128272251309	0.243455497382	0.104712041885	0.256544502618	0.13612565445	0.109947643979	0.0602094240838	0.253926701571	0.120418848168	0.102094240838	0.104712041885	0.109947643979	0.238219895288	0.253926701571	0.193717277487	0.256544502618	0.0261780104712	0.0706806282723	0.0968586387435	0.248691099476	0.246073298429	0.125654450262	0.102094240838	0.240837696335	0.175392670157	0.175392670157	0.188481675393	0.170157068063	0.20942408377	0.264397905759	0.193717277487	0.256544502618	0.230366492147	0.243455497382	0.267015706806	0.104712041885	0.112565445026	0.248691099476	0.112565445026	0.112565445026	0.146596858639	0.248691099476
CCIS51595129ST-4-0.snv.bam	0.285340314136	0.282722513089	0.282722513089	0.261780104712	0.285340314136	0.130890052356	0.086387434555	0.123036649215	0.253926701571	0.0	0.0366492146597	0.267015706806	0.272251308901	0.285340314136	0.267015706806	0.15445026178	0.253926701571	0.0	0.269633507853	0.130890052356	0.109947643979	0.225130890052	0.0759162303665	0.253926701571	0.246073298429	0.0680628272251	0.272251308901	0.240837696335	0.274869109948	0.280104712042	0.222513089005	0.277486910995	0.251308900524	0.0706806282723	0.0837696335079	0.303664921466	0.269633507853	0.240837696335	0.246073298429	0.0706806282723	0.253926701571	0.267015706806	0.0732984293194	0.0994764397906	0.123036649215	0.253926701571	0.272251308901	0.269633507853	0.125654450262	0.267015706806	0.274869109948	0.0942408376963	0.0732984293194	0.261780104712	0.0785340314136	0.240837696335	0.0602094240838	0.222513089005	0.287958115183	0.264397905759	0.0785340314136	0.222513089005	0.267015706806	0.274869109948	0.235602094241	0.0732984293194	0.0183246073298	0.29057591623	0.107329842932	0.29057591623	0.235602094241	0.264397905759	0.0287958115183	0.0916230366492	0.243455497382	0.280104712042	0.0837696335079	0.261780104712	0.280104712042	0.306282722513	0.264397905759	0.282722513089	0.0602094240838	0.269633507853	0.0785340314136	0.0549738219895	0.0785340314136	0.0366492146597	0.272251308901	0.259162303665	0.0994764397906	0.259162303665	0.272251308901	0.238219895288	0.0732984293194
CCIS52234160ST-4-0.snv.bam	0.0916230366492	0.253926701571	0.256544502618	0.11780104712	0.120418848168	0.232984293194	0.267015706806	0.264397905759	0.109947643979	0.269633507853	0.280104712042	0.0732984293194	0.0235602094241	0.115183246073	0.065445026178	0.201570680628	0.115183246073	0.269633507853	0.0	0.256544502618	0.253926701571	0.0759162303665	0.256544502618	0.125654450262	0.104712041885	0.246073298429	0.0235602094241	0.0680628272251	0.125654450262	0.235602094241	0.11780104712	0.164921465969	0.0994764397906	0.248691099476	0.277486910995	0.133507853403	0.109947643979	0.112565445026	0.0994764397906	0.251308900524	0.11780104712	0.11780104712	0.251308900524	0.256544502618	0.269633507853	0.0680628272251	0.0968586387435	0.206806282723	0.264397905759	0.157068062827	0.149214659686	0.272251308901	0.204188481675	0.0549738219895	0.259162303665	0.0759162303665	0.274869109948	0.170157068063	0.115183246073	0.112565445026	0.269633507853	0.0994764397906	0.112565445026	0.109947643979	0.0759162303665	0.259162303665	0.264397905759	0.256544502618	0.259162303665	0.11780104712	0.065445026178	0.0628272251309	0.267015706806	0.269633507853	0.0994764397906	0.0890052356021	0.251308900524	0.212041884817	0.193717277487	0.206806282723	0.217277486911	0.246073298429	0.282722513089	0.217277486911	0.272251308901	0.243455497382	0.261780104712	0.280104712042	0.107329842932	0.0837696335079	0.261780104712	0.0837696335079	0.0235602094241	0.188481675393	0.267015706806
CCIS59132091ST-4-0.snv.bam	0.272251308901	0.298429319372	0.298429319372	0.285340314136	0.277486910995	0.128272251309	0.115183246073	0.138743455497	0.246073298429	0.130890052356	0.11780104712	0.280104712042	0.253926701571	0.287958115183	0.274869109948	0.151832460733	0.235602094241	0.130890052356	0.256544502618	0.0	0.0837696335079	0.248691099476	0.0732984293194	0.272251308901	0.256544502618	0.0811518324607	0.253926701571	0.259162303665	0.287958115183	0.311518324607	0.256544502618	0.314136125654	0.269633507853	0.112565445026	0.112565445026	0.311518324607	0.282722513089	0.264397905759	0.264397905759	0.104712041885	0.264397905759	0.285340314136	0.125654450262	0.0968586387435	0.109947643979	0.240837696335	0.29057591623	0.306282722513	0.15445026178	0.298429319372	0.269633507853	0.0890052356021	0.123036649215	0.269633507853	0.123036649215	0.232984293194	0.0968586387435	0.269633507853	0.298429319372	0.282722513089	0.112565445026	0.240837696335	0.285340314136	0.282722513089	0.256544502618	0.0811518324607	0.107329842932	0.324607329843	0.143979057592	0.277486910995	0.230366492147	0.261780104712	0.0968586387435	0.0942408376963	0.246073298429	0.277486910995	0.104712041885	0.280104712042	0.316753926702	0.329842931937	0.280104712042	0.316753926702	0.086387434555	0.314136125654	0.128272251309	0.0916230366492	0.112565445026	0.115183246073	0.285340314136	0.256544502618	0.0785340314136	0.256544502618	0.253926701571	0.267015706806	0.107329842932
CCIS62605362ST-3-0.snv.bam	0.269633507853	0.282722513089	0.282722513089	0.251308900524	0.269633507853	0.102094240838	0.0680628272251	0.0916230366492	0.225130890052	0.109947643979	0.104712041885	0.246073298429	0.251308900524	0.269633507853	0.246073298429	0.138743455497	0.240837696335	0.109947643979	0.253926701571	0.0837696335079	0.0	0.20942408377	0.0680628272251	0.238219895288	0.225130890052	0.0471204188482	0.251308900524	0.217277486911	0.259162303665	0.277486910995	0.219895287958	0.272251308901	0.238219895288	0.0575916230366	0.0732984293194	0.293193717277	0.253926701571	0.225130890052	0.230366492147	0.0837696335079	0.235602094241	0.251308900524	0.0680628272251	0.0235602094241	0.0968586387435	0.232984293194	0.256544502618	0.264397905759	0.0994764397906	0.253926701571	0.256544502618	0.0837696335079	0.0837696335079	0.238219895288	0.0759162303665	0.225130890052	0.0759162303665	0.222513089005	0.272251308901	0.248691099476	0.0549738219895	0.204188481675	0.251308900524	0.259162303665	0.219895287958	0.0706806282723	0.0837696335079	0.269633507853	0.0890052356021	0.277486910995	0.217277486911	0.243455497382	0.0759162303665	0.0890052356021	0.217277486911	0.259162303665	0.0602094240838	0.253926701571	0.277486910995	0.303664921466	0.253926701571	0.269633507853	0.0706806282723	0.274869109948	0.107329842932	0.0759162303665	0.0916230366492	0.102094240838	0.251308900524	0.238219895288	0.0680628272251	0.238219895288	0.251308900524	0.235602094241	0.086387434555
CCIS64773582ST-4-0.snv.bam	0.0890052356021	0.243455497382	0.243455497382	0.0942408376963	0.143979057592	0.204188481675	0.222513089005	0.219895287958	0.112565445026	0.225130890052	0.235602094241	0.0916230366492	0.0994764397906	0.086387434555	0.0890052356021	0.188481675393	0.138743455497	0.225130890052	0.0759162303665	0.248691099476	0.20942408377	0.0	0.222513089005	0.112565445026	0.107329842932	0.198952879581	0.0994764397906	0.0811518324607	0.0916230366492	0.212041884817	0.120418848168	0.164921465969	0.11780104712	0.204188481675	0.232984293194	0.157068062827	0.102094240838	0.0994764397906	0.0549738219895	0.20942408377	0.104712041885	0.0837696335079	0.20942408377	0.212041884817	0.225130890052	0.112565445026	0.0942408376963	0.183246073298	0.225130890052	0.15445026178	0.146596858639	0.227748691099	0.178010471204	0.0942408376963	0.214659685864	0.0837696335079	0.230366492147	0.157068062827	0.138743455497	0.11780104712	0.225130890052	0.0680628272251	0.0680628272251	0.0759162303665	0.0785340314136	0.222513089005	0.222513089005	0.243455497382	0.219895287958	0.151832460733	0.0811518324607	0.107329842932	0.222513089005	0.225130890052	0.102094240838	0.123036649215	0.206806282723	0.19109947644	0.183246073298	0.201570680628	0.19109947644	0.230366492147	0.238219895288	0.196335078534	0.230366492147	0.201570680628	0.219895287958	0.235602094241	0.120418848168	0.0706806282723	0.222513089005	0.0706806282723	0.0994764397906	0.149214659686	0.222513089005
CCIS74239020ST-4-0.snv.bam	0.272251308901	0.274869109948	0.274869109948	0.256544502618	0.280104712042	0.0759162303665	0.0706806282723	0.0942408376963	0.243455497382	0.0759162303665	0.0732984293194	0.256544502618	0.253926701571	0.280104712042	0.256544502618	0.133507853403	0.243455497382	0.0759162303665	0.256544502618	0.0732984293194	0.0680628272251	0.222513089005	0.0	0.248691099476	0.238219895288	0.0575916230366	0.253926701571	0.230366492147	0.269633507853	0.287958115183	0.230366492147	0.282722513089	0.261780104712	0.0837696335079	0.0759162303665	0.303664921466	0.259162303665	0.246073298429	0.240837696335	0.0602094240838	0.243455497382	0.261780104712	0.0916230366492	0.0549738219895	0.0785340314136	0.238219895288	0.267015706806	0.269633507853	0.0968586387435	0.269633507853	0.272251308901	0.0523560209424	0.0811518324607	0.251308900524	0.0785340314136	0.227748691099	0.0549738219895	0.232984293194	0.285340314136	0.259162303665	0.0523560209424	0.212041884817	0.261780104712	0.264397905759	0.230366492147	0.0183246073298	0.0602094240838	0.295811518325	0.112565445026	0.282722513089	0.222513089005	0.253926701571	0.0497382198953	0.0366492146597	0.232984293194	0.269633507853	0.0837696335079	0.264397905759	0.277486910995	0.303664921466	0.264397905759	0.282722513089	0.0523560209424	0.274869109948	0.0575916230366	0.0471204188482	0.0418848167539	0.0759162303665	0.259162303665	0.248691099476	0.0811518324607	0.248691099476	0.253926701571	0.235602094241	0.0497382198953
CCIS76845094ST-20-0.snv.bam	0.0916230366492	0.20942408377	0.20942408377	0.102094240838	0.0732984293194	0.227748691099	0.251308900524	0.256544502618	0.115183246073	0.253926701571	0.259162303665	0.112565445026	0.120418848168	0.0837696335079	0.11780104712	0.204188481675	0.0837696335079	0.253926701571	0.125654450262	0.272251308901	0.238219895288	0.112565445026	0.248691099476	0.0	0.11780104712	0.230366492147	0.123036649215	0.0994764397906	0.0785340314136	0.183246073298	0.115183246073	0.159685863874	0.0837696335079	0.238219895288	0.272251308901	0.0916230366492	0.0680628272251	0.0706806282723	0.0942408376963	0.230366492147	0.0680628272251	0.0759162303665	0.246073298429	0.240837696335	0.253926701571	0.0942408376963	0.0680628272251	0.15445026178	0.248691099476	0.104712041885	0.107329842932	0.256544502618	0.19109947644	0.0968586387435	0.243455497382	0.11780104712	0.253926701571	0.123036649215	0.0837696335079	0.065445026178	0.256544502618	0.0994764397906	0.0759162303665	0.0837696335079	0.0785340314136	0.246073298429	0.246073298429	0.204188481675	0.253926701571	0.112565445026	0.0942408376963	0.120418848168	0.246073298429	0.248691099476	0.0942408376963	0.115183246073	0.240837696335	0.17277486911	0.159685863874	0.17277486911	0.143979057592	0.212041884817	0.267015706806	0.17277486911	0.256544502618	0.230366492147	0.246073298429	0.264397905759	0.107329842932	0.104712041885	0.235602094241	0.104712041885	0.123036649215	0.141361256545	0.251308900524
CCIS80834637ST-4-0.snv.bam	0.138743455497	0.243455497382	0.243455497382	0.138743455497	0.133507853403	0.201570680628	0.240837696335	0.238219895288	0.0994764397906	0.246073298429	0.259162303665	0.0890052356021	0.102094240838	0.146596858639	0.0759162303665	0.201570680628	0.0471204188482	0.246073298429	0.104712041885	0.256544502618	0.225130890052	0.107329842932	0.238219895288	0.11780104712	0.0	0.219895287958	0.102094240838	0.0759162303665	0.125654450262	0.217277486911	0.151832460733	0.198952879581	0.141361256545	0.227748691099	0.256544502618	0.141361256545	0.120418848168	0.115183246073	0.109947643979	0.222513089005	0.115183246073	0.123036649215	0.230366492147	0.227748691099	0.240837696335	0.0837696335079	0.115183246073	0.198952879581	0.243455497382	0.0602094240838	0.102094240838	0.240837696335	0.183246073298	0.0942408376963	0.232984293194	0.0994764397906	0.248691099476	0.143979057592	0.130890052356	0.0759162303665	0.243455497382	0.0942408376963	0.128272251309	0.13612565445	0.0811518324607	0.235602094241	0.246073298429	0.204188481675	0.243455497382	0.0628272251309	0.0785340314136	0.0732984293194	0.240837696335	0.238219895288	0.0942408376963	0.0785340314136	0.230366492147	0.19109947644	0.185863874346	0.212041884817	0.193717277487	0.214659685864	0.251308900524	0.206806282723	0.246073298429	0.222513089005	0.232984293194	0.259162303665	0.104712041885	0.0916230366492	0.246073298429	0.0916230366492	0.102094240838	0.159685863874	0.232984293194
CCIS81887263ST-4-0.snv.bam	0.264397905759	0.261780104712	0.261780104712	0.235602094241	0.261780104712	0.0890052356021	0.0890052356021	0.0942408376963	0.232984293194	0.0680628272251	0.065445026178	0.246073298429	0.251308900524	0.261780104712	0.246073298429	0.133507853403	0.238219895288	0.0680628272251	0.246073298429	0.0811518324607	0.0471204188482	0.198952879581	0.0575916230366	0.230366492147	0.219895287958	0.0	0.251308900524	0.219895287958	0.248691099476	0.269633507853	0.20942408377	0.261780104712	0.235602094241	0.044502617801	0.0523560209424	0.277486910995	0.248691099476	0.217277486911	0.225130890052	0.0628272251309	0.230366492147	0.243455497382	0.0575916230366	0.0497382198953	0.0759162303665	0.227748691099	0.251308900524	0.253926701571	0.0916230366492	0.243455497382	0.253926701571	0.0837696335079	0.0811518324607	0.240837696335	0.0916230366492	0.222513089005	0.0602094240838	0.201570680628	0.269633507853	0.240837696335	0.0732984293194	0.198952879581	0.243455497382	0.251308900524	0.222513089005	0.0549738219895	0.044502617801	0.274869109948	0.0628272251309	0.269633507853	0.212041884817	0.240837696335	0.0602094240838	0.0837696335079	0.222513089005	0.253926701571	0.0575916230366	0.246073298429	0.261780104712	0.287958115183	0.243455497382	0.267015706806	0.065445026178	0.253926701571	0.0785340314136	0.0628272251309	0.0732984293194	0.0628272251309	0.253926701571	0.232984293194	0.0235602094241	0.232984293194	0.251308900524	0.222513089005	0.0628272251309
