	158337416-stool1.snv.bam	158337416-stool2.snv.bam	158458797-stool1.snv.bam	158479027-stool1.snv.bam	158479027-stool2.snv.bam	158499257-stool1.snv.bam	158802708-stool1.snv.bam	158802708-stool2.snv.bam	158802708-stool3.snv.bam	158822939-stool1.snv.bam	158944319-stool3.snv.bam	158984779-stool1.snv.bam	159227541-stool2.snv.bam	159247771-stool1.snv.bam	159247771-stool2.snv.bam	159490532-stool1.snv.bam	159713063-stool2.snv.bam	159733294-stool1.snv.bam	159753524-stool2.snv.bam	159753524-stool3.snv.bam	160603188-stool3.snv.bam	160704339-stool1.snv.bam	178713055-stool2.snv.bam	375450439-stool3.snv.bam	508703490-stool1.snv.bam	508703490-stool2.snv.bam	604812005-stool1.snv.bam	604812005-stool3.snv.bam	675950834-stool1.snv.bam	706846339-stool1.snv.bam	706846339-stool2.snv.bam	763597684-stool2.snv.bam	763678604-stool1.snv.bam	763678604-stool2.snv.bam	763860675-stool2.snv.bam	763901136-stool2.snv.bam	763982056-stool2.snv.bam	763982056-stool3.snv.bam	764002286-stool2.snv.bam	764083206-stool1.snv.bam	764447348-stool1.snv.bam	764649650-stool2.snv.bam	765013792-stool1.snv.bam	765034022-stool1.snv.bam	765034022-stool2.snv.bam	765074482-stool1.snv.bam	765074482-stool3.snv.bam	765195863-stool3.snv.bam	765216093-stool3.snv.bam	765276783-stool2.snv.bam	765620695-stool1.snv.bam	823052294-stool3.snv.bam	857980665-stool3.snv.bam	866653606-stool1.snv.bam	CCIS24254057ST-4-0.snv.bam	CCIS37250421ST-4-0.snv.bam	CCIS41222843ST-4-0.snv.bam	CCIS41288781ST-4-0.snv.bam	CCIS55230578ST-4-0.snv.bam	CCIS64773582ST-4-0.snv.bam	CCIS83574003ST-4-0.snv.bam	CCMD25511638ST-21-0.snv.bam	CCMD50071957ST-21-0.snv.bam	CCMD88272491ST-21-0.snv.bam	MH0233.snv.bam	MH0247.snv.bam	MH0271.snv.bam	MH0281.snv.bam	MH0309.snv.bam	MH0332.snv.bam	MH0367.snv.bam	MH0394.snv.bam	MH0406.snv.bam	MH0410.snv.bam	MH0419.snv.bam	MH0433.snv.bam	MH0446.snv.bam	MH0456.snv.bam	MMRS25211151ST-27-0-0.snv.bam	MMRS55294627ST-27-0-0.snv.bam	MMRS57569834ST-27-0-0.snv.bam	MMRS85548821ST-27-0-0.snv.bam	MMRS97052561ST-27-0-0.snv.bam	MMRS97307143ST-27-0-0.snv.bam	N087A.snv.bam	O2.UC3-1.snv.bam	O2.UC41-1.snv.bam	O2.UC48-1.snv.bam	O2.UC7-0.snv.bam	T2D-56A.snv.bam	V1.CD49-0.snv.bam	V1.CD50-0.snv.bam	V1.FI10.snv.bam	V1.FI23.snv.bam	V1.FI24.snv.bam	V1.UC58-4.snv.bam	alien-11-0-0.snv.bam	alien-11-7-0.snv.bam	alien-12-7-0.snv.bam	alien-13-7-0.snv.bam
158337416-stool1.snv.bam	0.0	0.00210907839174	0.16254918357	0.252678690782	0.253076256412	0.202625044502	0.243233474606	0.243279514891	0.237482639526	0.126519468561	0.213778497716	0.223313995379	0.252102758692	0.257032670142	0.261027213245	0.241089821351	0.300495653926	0.283135237304	0.205163099888	0.205285441241	0.25815815895	0.152472396383	0.266887691585	0.223016226434	0.25291518657	0.252866253502	0.0645147575459	0.0674705294531	0.205554370042	0.214594062164	0.220904176467	0.170766874642	0.268591582021	0.275648028381	0.240327067676	0.237697408073	0.244983589763	0.238344306361	0.243138121687	0.261780263887	0.259289632181	0.245474761128	0.252906936051	0.0767112933557	0.074371807163	0.231368162928	0.237852387647	0.234519069449	0.248633720613	0.171890443042	0.178453629575	0.232761347667	0.236817610542	0.231349707821	0.243240300122	0.241967370291	0.232437121109	0.243051065611	0.26186325246	0.232081961235	0.216964017262	0.216541649585	0.228348484133	0.212476569783	0.264496505176	0.301911006897	0.279497791356	0.261843497233	0.192678545481	0.235815906448	0.24328580945	0.255271421194	0.209746612067	0.155929181386	0.302596074134	0.314978801291	0.232452110487	0.23421779476	0.238676284955	0.179703326202	0.152571150644	0.246855515985	0.252911186763	0.216658237138	0.247730748997	0.214836804723	0.222634369028	0.280312714922	0.320819460213	0.161482251565	0.244662905812	0.266940291143	0.231024023998	0.31674217633	0.275844114743	0.265160699535	0.198279677161	0.203742580964	0.208832610338	0.203511328916
158337416-stool2.snv.bam	0.00210907839174	0.0	0.162100719397	0.252166322481	0.252551799364	0.201920818955	0.242356984856	0.242860002351	0.236771751555	0.12628842557	0.213655217809	0.222771993729	0.25152221126	0.256910173801	0.260173335595	0.240317197163	0.299747752797	0.282815596731	0.204784184295	0.204753099992	0.25739790972	0.151391486105	0.266653512676	0.222439848589	0.252910853056	0.252125284713	0.0643415637796	0.0672860587127	0.205137009429	0.214767191125	0.220753313097	0.170401341569	0.268567239575	0.275662650143	0.240155706841	0.237269279415	0.245081446166	0.237818760457	0.242933413131	0.261029148021	0.258637965266	0.245032210812	0.252004843227	0.0762931438065	0.0741844007203	0.230597798715	0.237344230381	0.234007309718	0.248149234831	0.17168109844	0.178929643144	0.232487818912	0.236125911279	0.230795421969	0.242630609706	0.241728993616	0.23203921536	0.242620927939	0.261382187438	0.23153381549	0.216438508592	0.216017737247	0.228145626138	0.212079407556	0.264458504083	0.301917654411	0.279645029934	0.261672036263	0.192526872577	0.235570700443	0.243197223952	0.255340025261	0.209814894735	0.155863018539	0.302413303302	0.314749661652	0.232066919342	0.234383856301	0.23798305928	0.179134941253	0.152469366944	0.246595335758	0.252592610524	0.216515416192	0.247671384291	0.214470418914	0.221914226538	0.280665647593	0.320205385511	0.161131032339	0.244615112348	0.266550707671	0.230258111773	0.315987592322	0.275484322587	0.264590747157	0.198140255545	0.20350305771	0.208265801675	0.203057439704
158458797-stool1.snv.bam	0.16254918357	0.162100719397	0.0	0.203424313754	0.20411336354	0.205690306788	0.248717445154	0.248964046304	0.242518794253	0.156038022029	0.196334234139	0.24860049293	0.238150818172	0.24981185132	0.252005148149	0.232987878253	0.24438470402	0.264952138102	0.224131275121	0.224397410947	0.241453235231	0.165496264638	0.195036876354	0.251657668275	0.240143778103	0.238717412054	0.128418920737	0.132970329394	0.235104617768	0.216336895185	0.213964575077	0.194254492385	0.225328168538	0.232575570122	0.275084167299	0.228564308598	0.233881368106	0.228907855094	0.224900800177	0.292717725695	0.245244589152	0.22645243898	0.253854639503	0.127748775239	0.126997255509	0.23175637467	0.238244510734	0.227704832699	0.223205195666	0.163828969027	0.201235450356	0.219070617394	0.230716236466	0.264957013101	0.248685186782	0.20333179523	0.233195421169	0.24649524974	0.243949953675	0.245610561231	0.222501555725	0.222369224783	0.228884915767	0.245770371203	0.206375653571	0.21235958523	0.22650120617	0.222589907917	0.231282261294	0.223217483631	0.218382399174	0.219173309065	0.228357823138	0.180231056146	0.21371977451	0.235516727438	0.230153703939	0.221410776604	0.221346863216	0.184747031144	0.208533728196	0.204478739765	0.206124636407	0.199160241411	0.203267545605	0.240699591677	0.228311702146	0.235437673223	0.261611458472	0.187325404146	0.228696002127	0.237838583287	0.212269768952	0.273076318302	0.244836283162	0.240965280373	0.22589129494	0.223942516736	0.23234805926	0.230989930152
158479027-stool1.snv.bam	0.252678690782	0.252166322481	0.203424313754	0.0	0.00229531096586	0.209102820776	0.120292966404	0.120893924613	0.115587278777	0.177364300412	0.227546344347	0.159663714523	0.116334898955	0.176264951696	0.182607020917	0.107223041304	0.267656258588	0.139851383961	0.291246530877	0.291682950791	0.119708172702	0.186520466475	0.233514592739	0.211685926394	0.116858166018	0.11516489906	0.183933927004	0.184573949784	0.181544573298	0.226417828111	0.230338418887	0.223184307821	0.254777389319	0.262646502519	0.204171743323	0.147089553264	0.110380036733	0.105030465553	0.135484545434	0.211879726812	0.1164639447	0.147369492842	0.190176866418	0.189265469579	0.190942094517	0.114953659837	0.119624161749	0.241686784449	0.216605143717	0.233957168386	0.250409235803	0.142429284199	0.12231079205	0.262830676149	0.109896540808	0.235756749862	0.166160272624	0.263094918322	0.0997297562102	0.19551032845	0.121980613501	0.172745538372	0.115046467726	0.269000347315	0.242775160564	0.250043835477	0.247423554677	0.217050060635	0.180311022011	0.169205165734	0.200228260517	0.225378977979	0.167734887491	0.141202962989	0.247157953623	0.280631037349	0.124563014266	0.139806330862	0.184707944235	0.163070434835	0.256923715284	0.21080397899	0.234291090693	0.266798456983	0.227231519522	0.2622647474	0.124651068344	0.233991153618	0.259800046383	0.168621119148	0.169144681139	0.100068354833	0.084418038661	0.266636193918	0.256634953792	0.102797612864	0.210031302555	0.206039656556	0.211389008165	0.208476467696
158479027-stool2.snv.bam	0.253076256412	0.252551799364	0.20411336354	0.00229531096586	0.0	0.210540238638	0.121346246791	0.121618073804	0.116976645335	0.178761110216	0.228833251793	0.161122511839	0.115985551699	0.177049674445	0.183525761975	0.107785447742	0.267849798773	0.140877631649	0.292312447798	0.292176481053	0.121192035846	0.187708406047	0.234719903554	0.212653458318	0.118012895307	0.11629059339	0.184137705876	0.185941044971	0.181858958242	0.226687297934	0.231281274661	0.223719474125	0.255407726197	0.262819222289	0.204678976202	0.147624811189	0.110205810255	0.106412461019	0.136218977664	0.212673476203	0.11770063403	0.148656131758	0.190585750476	0.190139691971	0.192113261484	0.11574173602	0.121009018462	0.242796899142	0.217839305071	0.235071114485	0.251137643783	0.143277664951	0.12367250865	0.26414740266	0.111406808541	0.236782481249	0.167529672401	0.264058745991	0.101059188509	0.196817295878	0.123487016338	0.174233111173	0.11628384834	0.270235080225	0.242492023526	0.249718350135	0.247211616023	0.216458024587	0.180102037027	0.169083335216	0.201125715297	0.226078712487	0.168176107866	0.141501139699	0.247239598519	0.280595668651	0.124331824714	0.14016711723	0.185774993428	0.164414667893	0.258226424411	0.211943164323	0.235287787131	0.26806803002	0.228166098079	0.263046065961	0.125644244594	0.234424815602	0.260580477098	0.168859984854	0.169162766135	0.100261548293	0.0846149905568	0.266953285453	0.257740929578	0.103689027358	0.211116698192	0.206971122704	0.212440559216	0.209601363248
158499257-stool1.snv.bam	0.202625044502	0.201920818955	0.205690306788	0.209102820776	0.210540238638	0.0	0.189536069234	0.190028640723	0.185659279875	0.0870179444363	0.211717126422	0.149555129521	0.149975255915	0.177860547146	0.192953156212	0.147020962327	0.268126185402	0.171605499763	0.231694878873	0.232084746045	0.184137998488	0.185423342739	0.24375331702	0.201414858884	0.150249307056	0.149264225672	0.164094263329	0.161372303292	0.149535327504	0.225430338562	0.222946457403	0.177768368616	0.266783701787	0.272302412436	0.19593034155	0.120855534598	0.154710224355	0.149323089765	0.12122229826	0.163703396465	0.170801642405	0.127151717092	0.189439263525	0.174842137832	0.175382390887	0.1715420082	0.173890129056	0.208803454026	0.239168245227	0.239440103967	0.223986705389	0.167975203577	0.180553664392	0.186892692519	0.189245085497	0.256872484317	0.0999195111257	0.231635559517	0.190334670703	0.210523006725	0.179760939994	0.166789659513	0.165506841886	0.1934177687	0.245128609358	0.254410771016	0.260326523038	0.230832796281	0.142685350283	0.20534903175	0.172353176744	0.23895898375	0.192015002429	0.149989136148	0.251786042463	0.275469766947	0.180808415541	0.178594491226	0.163153948819	0.19504874836	0.150427899919	0.220872461684	0.255110955396	0.275113077492	0.237102810802	0.196354234367	0.180742511977	0.262573426942	0.26774254047	0.162801702298	0.138544808846	0.202802917379	0.177891208914	0.243947844421	0.265129272814	0.204491471011	0.1471122848	0.144090005438	0.147340216222	0.147013398392
158802708-stool1.snv.bam	0.243233474606	0.242356984856	0.248717445154	0.120292966404	0.121346246791	0.189536069234	0.0	0.0024446084652	0.00124256051261	0.173100186205	0.202384679796	0.110679611558	0.0969217676936	0.151116041949	0.158492888212	0.110605378288	0.282625688037	0.107741419877	0.256485184017	0.256667534576	0.0612480817635	0.193405013003	0.248972378377	0.212959613693	0.0974352699729	0.0957123643663	0.200598058834	0.190087820941	0.171725365738	0.229532251866	0.233382695671	0.188421491192	0.300059766151	0.300724836321	0.138079908545	0.117175108272	0.0950748543196	0.0957562526613	0.115799233811	0.187690692278	0.0975255669145	0.128148292858	0.125338713336	0.197072357533	0.196414507996	0.053151544969	0.0506389758897	0.216554137735	0.242523328285	0.230423448059	0.212944090778	0.160121851201	0.0712699166215	0.202608106956	0.0511185132185	0.254219841004	0.146705192345	0.237261994148	0.0441107154936	0.135253631277	0.0671056137935	0.148239941592	0.100215447317	0.234244862755	0.257751273749	0.291305310935	0.269206237664	0.231887573565	0.170188875681	0.15441878305	0.140850896537	0.247215121036	0.0713029503578	0.120894780146	0.287521326958	0.310846683749	0.0702193704888	0.126384828315	0.167537884638	0.158743277951	0.22234029754	0.236211985513	0.244859314184	0.262193294534	0.237707654539	0.232345766358	0.0675648151644	0.269721717896	0.257160463783	0.173803871025	0.197514699114	0.0571143361468	0.079398376237	0.266710304332	0.279305705982	0.059195551302	0.193971812436	0.193751021483	0.19827020486	0.193884026119
158802708-stool2.snv.bam	0.243279514891	0.242860002351	0.248964046304	0.120893924613	0.121618073804	0.190028640723	0.0024446084652	0.0	0.00199558212215	0.173825844228	0.203215450835	0.110965245598	0.0974550601347	0.151182380608	0.158456208903	0.111175471326	0.28246618714	0.108636272675	0.257353918076	0.257132247674	0.0624870465379	0.193973067277	0.249712951412	0.214309152384	0.0977497689819	0.0969986939634	0.200945356765	0.191062788635	0.17265974317	0.22950239405	0.234152519617	0.18876305684	0.300205019489	0.300701665737	0.137986560523	0.117668652399	0.0956538905087	0.0968707258069	0.116020350688	0.188829880021	0.0980089470271	0.129093666861	0.125807355743	0.197780253128	0.197382145106	0.0544060951618	0.0517890806558	0.21767799352	0.243104769308	0.231331711289	0.213279386528	0.161259532345	0.0723646657754	0.203761161728	0.0522575887847	0.254906517944	0.147522809114	0.237915287306	0.0450003560903	0.136043987837	0.0683026022378	0.149043188982	0.100906545893	0.235158270032	0.257579227022	0.291542817832	0.269005334271	0.232077248246	0.170305282422	0.153662706512	0.141238198277	0.247723977284	0.0716454134322	0.120444235748	0.287555724545	0.310999769267	0.0704884883844	0.126480874576	0.168692522523	0.159721138429	0.223045631678	0.237063843984	0.245568084319	0.262374990971	0.238385607421	0.232928092474	0.0684975068383	0.269887946693	0.25759778315	0.174084567654	0.197579040198	0.0579800715252	0.0796541372745	0.267513880482	0.280197229103	0.0603382274409	0.194689002079	0.194579503527	0.199526289222	0.194920412921
158802708-stool3.snv.bam	0.237482639526	0.236771751555	0.242518794253	0.115587278777	0.116976645335	0.185659279875	0.00124256051261	0.00199558212215	0.0	0.166212680315	0.198343572619	0.108247032618	0.0925642231736	0.150504545552	0.159210639068	0.10627197479	0.279985495953	0.102222039796	0.253775197957	0.25427732607	0.0612487652637	0.188190849446	0.245785412001	0.20959836127	0.0930788741648	0.0910701438856	0.193514334606	0.183654114598	0.170440689343	0.223050597098	0.227060885136	0.181703471499	0.297036305628	0.297815047543	0.136354732195	0.113093330689	0.0903174336288	0.090808899823	0.111343308157	0.186484221123	0.0930955900418	0.123456978903	0.12377503126	0.19067311054	0.1900774713	0.0530800222829	0.0504734670097	0.213296425492	0.23928142338	0.224364147522	0.205826663246	0.159842716773	0.0700819411495	0.198996386777	0.0509357491981	0.251015439522	0.142257075736	0.233790221053	0.043956522532	0.135922883877	0.0667491075034	0.143926733846	0.098043479015	0.230776634126	0.254982132026	0.288633265751	0.266138120177	0.229039090756	0.168141813269	0.153129169569	0.139353883492	0.243254125846	0.0713430366257	0.116455967761	0.285055707794	0.308343920344	0.0677750081891	0.123567663572	0.162250467421	0.154451320355	0.2185331329	0.232884461288	0.241666729354	0.25620120241	0.234517935019	0.228772327743	0.067969095574	0.26684340592	0.254280776315	0.167457916608	0.193566771107	0.0567546710977	0.0750188780357	0.263504262269	0.276527615125	0.0592127955511	0.190183317265	0.190179232126	0.19471934786	0.19019931563
158822939-stool1.snv.bam	0.126519468561	0.12628842557	0.156038022029	0.177364300412	0.178761110216	0.0870179444363	0.173100186205	0.173825844228	0.166212680315	0.0	0.174150383972	0.137267645376	0.178216475847	0.173486895495	0.181022960801	0.174266850443	0.268912611429	0.203286467939	0.244956023822	0.245582363459	0.192556022409	0.126739610718	0.236890421587	0.234119678315	0.1791910952	0.177844691103	0.0774746866125	0.073972954147	0.18236318894	0.173669313404	0.17412847636	0.150544610375	0.247758692948	0.253422209312	0.186393590173	0.150160031846	0.178068139615	0.172493505576	0.150699858248	0.201717278948	0.184090324323	0.155207152878	0.178313513063	0.0876291332274	0.0885663627054	0.150352048144	0.157400616107	0.206768419925	0.232167438625	0.213970143199	0.167097280781	0.166041489059	0.166882094994	0.235909655001	0.177605139797	0.22627960275	0.126373497828	0.221946298308	0.174913262892	0.180864223862	0.160410594018	0.180745982604	0.146080938769	0.216966005546	0.246286240178	0.271789260473	0.253967586126	0.230427430862	0.175818962037	0.192282806415	0.16115845982	0.231821095273	0.180127461364	0.113034728273	0.271260702764	0.291625871798	0.165349775937	0.155186111688	0.172948765526	0.153621750208	0.164661081021	0.219097940684	0.227624383087	0.244425439597	0.225726241951	0.219512412808	0.16454299745	0.250292244151	0.273836200842	0.11235530148	0.172553025403	0.181263497368	0.147167621403	0.289881094825	0.263074327539	0.183069858496	0.175734451895	0.174101791079	0.182210681494	0.177460256833
158944319-stool3.snv.bam	0.213778497716	0.213655217809	0.196334234139	0.227546344347	0.228833251793	0.211717126422	0.202384679796	0.203215450835	0.198343572619	0.174150383972	0.0	0.204260505411	0.228386026473	0.193531567052	0.200106747027	0.221620985733	0.240380001253	0.237800964468	0.236269694429	0.236794996234	0.230657238559	0.189128705781	0.204285266745	0.202855022571	0.229381314678	0.22793010516	0.155661447738	0.159345205353	0.248964606173	0.24300615514	0.242377198865	0.232534709712	0.21308642383	0.2214208338	0.190160155637	0.222796252872	0.219702437648	0.217522431153	0.220847650502	0.229999749131	0.22437660977	0.230618484301	0.190323265222	0.157862315003	0.156182211004	0.203343606928	0.207051504338	0.21672279899	0.22090868072	0.188182115609	0.218078938108	0.200086107675	0.212269268894	0.247232542902	0.217515930167	0.210512769787	0.219222822286	0.21774166353	0.212220795299	0.200188423417	0.200560682008	0.191547628369	0.236416265727	0.243203105279	0.20860399889	0.250054731418	0.231271181864	0.206635864326	0.248673910135	0.175961750168	0.200516342789	0.194314350447	0.206767594473	0.182491519625	0.244394967291	0.249873987739	0.202983718105	0.211889269769	0.227033261651	0.21428890843	0.146872112985	0.195569048556	0.209629744154	0.204728054192	0.207549007418	0.240899304596	0.204956845577	0.228505823489	0.246241070222	0.209450566938	0.212937914083	0.187235159103	0.216825619544	0.241017638112	0.223298746077	0.189971368252	0.232924586874	0.232475715129	0.236271300519	0.231810289776
158984779-stool1.snv.bam	0.223313995379	0.222771993729	0.24860049293	0.159663714523	0.161122511839	0.149555129521	0.110679611558	0.110965245598	0.108247032618	0.137267645376	0.204260505411	0.0	0.151046454681	0.11869465447	0.12342000544	0.147707014558	0.293140653596	0.169897107406	0.237014811004	0.237520045329	0.124898099094	0.178036787718	0.258710558753	0.216856096636	0.151759571734	0.150192661456	0.170968367511	0.164539661623	0.143592331464	0.195173176786	0.194448349158	0.157835960473	0.297459747213	0.30007555322	0.070835652501	0.132155848001	0.137636172955	0.13490453858	0.127910678353	0.17417700121	0.142375330004	0.132586559894	0.0717970471349	0.181428197356	0.181171959193	0.0909653182401	0.0899984473429	0.221665537188	0.238111380384	0.216403235687	0.198392509881	0.139728446527	0.106832935317	0.202581396401	0.11029008841	0.254152080854	0.0936097959015	0.226647980582	0.102625672471	0.134915098086	0.104826227744	0.15794843958	0.120355550591	0.219028702138	0.258204859157	0.299677043075	0.261389022443	0.240145821222	0.142106647926	0.129838777224	0.110913474463	0.268657363902	0.123029182751	0.148413877995	0.298229329901	0.321214153845	0.102240240318	0.130540045925	0.160979849253	0.145872645002	0.189279477082	0.241126731716	0.239789678709	0.230937081591	0.242642973912	0.222166937742	0.104619295223	0.280304428056	0.252194477474	0.154517922056	0.159679412677	0.120046404159	0.139492400387	0.262078119945	0.264516296243	0.120901453636	0.173628778265	0.171155434052	0.17414996682	0.171281869835
159227541-stool2.snv.bam	0.252102758692	0.25152221126	0.238150818172	0.116334898955	0.115985551699	0.149975255915	0.0969217676936	0.0974550601347	0.0925642231736	0.178216475847	0.228386026473	0.151046454681	0.0	0.179173327088	0.187821213518	0.0291326088749	0.279893065214	0.0257016959214	0.241082333644	0.241075225759	0.092210489592	0.188075591873	0.267374648732	0.173629844536	0.00943723601524	0.00747206618542	0.198844890736	0.190277350246	0.104654649594	0.236460946586	0.241997796659	0.220256679002	0.303552829107	0.30552365955	0.194639197049	0.0384938082303	0.0281054478174	0.0275595013779	0.0412421381974	0.162521477938	0.0288517318858	0.0397756388428	0.179308693274	0.194906835142	0.195700887056	0.0884815742712	0.0914515452048	0.240180045585	0.220912463459	0.260201156164	0.240974187425	0.151986250613	0.0918293097445	0.181875708161	0.0971751404433	0.265447492608	0.0849537125324	0.256809821438	0.0774520592885	0.157947805603	0.0909107333158	0.114014861829	0.0853585033432	0.218527565095	0.259302676504	0.290053095087	0.27599961249	0.250112384559	0.0991515908675	0.172190769171	0.16963781128	0.254201009365	0.137633971145	0.135371081122	0.286029012865	0.313153011668	0.093036241884	0.126528608095	0.111550457175	0.14420460137	0.237700816326	0.249716728248	0.263205005505	0.296951092635	0.260872085455	0.215366696692	0.0948567307662	0.275093181474	0.260339518013	0.172653572732	0.126964772916	0.0826528492305	0.0587230149997	0.239046828249	0.285965377532	0.084041989651	0.151472403401	0.145155172794	0.152571124117	0.147588668387
159247771-stool1.snv.bam	0.257032670142	0.256910173801	0.24981185132	0.176264951696	0.177049674445	0.177860547146	0.151116041949	0.151182380608	0.150504545552	0.173486895495	0.193531567052	0.11869465447	0.179173327088	0.0	0.00253248803312	0.187391430598	0.271678678738	0.189221754362	0.270892389762	0.271385659463	0.12792506761	0.186965643245	0.25033380713	0.208647938269	0.173951116472	0.173591992003	0.216313232699	0.220198951578	0.155046092422	0.140036268247	0.140147812479	0.169745818659	0.284341589982	0.289861910962	0.149776332229	0.152044948594	0.182775457728	0.182072594179	0.139941108995	0.202448019104	0.163139336525	0.147454177469	0.159737291609	0.23070619717	0.238687326451	0.134625219083	0.133212282782	0.238213736688	0.238156753331	0.217080255677	0.17602923952	0.079411485019	0.133555455386	0.208623187632	0.113503527521	0.24077741952	0.122958723324	0.255413105413	0.121302632269	0.144543406059	0.118023393676	0.180089587006	0.16664037372	0.242003149829	0.245550947336	0.283475758499	0.264891238468	0.238117742914	0.149839888182	0.15178298476	0.0938197402377	0.240769409963	0.130374497797	0.194986369416	0.27942599566	0.299184449805	0.113989247339	0.106439704046	0.15080686932	0.203662650772	0.228316746312	0.240156379381	0.251750575006	0.242491767492	0.239846120482	0.242401833663	0.117736345283	0.267685091195	0.282734958992	0.161158725934	0.101113495115	0.0996710072294	0.154830962999	0.274142545372	0.274754069017	0.0884004451415	0.180571703199	0.17582916475	0.17560503284	0.175296458282
159247771-stool2.snv.bam	0.261027213245	0.260173335595	0.252005148149	0.182607020917	0.183525761975	0.192953156212	0.158492888212	0.158456208903	0.159210639068	0.181022960801	0.200106747027	0.12342000544	0.187821213518	0.00253248803312	0.0	0.195009321429	0.280273319105	0.204189597047	0.279311252132	0.279415172097	0.138714746742	0.192434881512	0.256922644502	0.20640437567	0.184541969405	0.183382185056	0.224362283535	0.228784641462	0.164326870438	0.153296161461	0.153949673456	0.183583183043	0.287051020933	0.289933755082	0.153446763739	0.160472426458	0.191404221188	0.188197292401	0.150120106036	0.212674704964	0.175006438896	0.156008956507	0.158814197339	0.239453749555	0.244690729879	0.136761685724	0.133138219699	0.245291250889	0.241223253016	0.235496719393	0.190447739275	0.0831327898012	0.136150610681	0.220836945672	0.118625081503	0.244689734067	0.129683909291	0.266762767208	0.127627071454	0.143177239739	0.131008983407	0.191216191499	0.164595827344	0.252267891865	0.255244336232	0.284743541959	0.272130449383	0.240177700547	0.164912781768	0.147137242655	0.104629030139	0.258016926284	0.146573403878	0.207562686109	0.283029218942	0.306324855887	0.128795618208	0.113379664871	0.16166301367	0.214236117633	0.237921437648	0.244425844975	0.242784176773	0.246773598438	0.238054866338	0.250069857608	0.129841808931	0.270009927301	0.278742941825	0.156796115687	0.10425710735	0.110696088341	0.166156291034	0.27438816154	0.277701243583	0.100165390417	0.190633130487	0.184824382282	0.182930312221	0.185059950043
159490532-stool1.snv.bam	0.241089821351	0.240317197163	0.232987878253	0.107223041304	0.107785447742	0.147020962327	0.110605378288	0.111175471326	0.10627197479	0.174266850443	0.221620985733	0.147707014558	0.0291326088749	0.187391430598	0.195009321429	0.0	0.281586019216	0.0487943299598	0.23513830129	0.23531767906	0.110877494018	0.178161069781	0.261427079204	0.162816629895	0.030689323756	0.0296575969968	0.193651660285	0.185572578645	0.113602094535	0.240635571531	0.245548135197	0.218072539683	0.298367850182	0.300741441771	0.189789997751	0.0581136472059	0.0317941228458	0.0295003758584	0.0605943337558	0.148724393787	0.0499171705899	0.0599516355159	0.176284147238	0.194150843876	0.192028851181	0.102942964879	0.105965292167	0.234445105745	0.223327515995	0.25351094384	0.240167076459	0.148327369829	0.10296177159	0.192321117503	0.0967623503788	0.26055926191	0.0935689590625	0.251779949381	0.0982413853527	0.17531343743	0.109710543566	0.131125809178	0.105848169888	0.209097165721	0.255381844628	0.28050188674	0.271905062323	0.246873611455	0.109093871324	0.190439017629	0.178902714251	0.245497652703	0.154652564259	0.133403680894	0.277038312059	0.303927472409	0.113876308326	0.138216055352	0.118789819947	0.142117801648	0.23229780331	0.244383001487	0.252579376809	0.284649700967	0.254970213406	0.206727042676	0.114668114251	0.260413683533	0.257207561041	0.169681785684	0.128555411771	0.103301969912	0.080761946711	0.231053946499	0.280200802023	0.106387973615	0.142120104592	0.13605262977	0.143080266167	0.138252103832
159713063-stool2.snv.bam	0.300495653926	0.299747752797	0.24438470402	0.267656258588	0.267849798773	0.268126185402	0.282625688037	0.28246618714	0.279985495953	0.268912611429	0.240380001253	0.293140653596	0.279893065214	0.271678678738	0.280273319105	0.281586019216	0.0	0.262077261852	0.265216668574	0.265034625969	0.283329834387	0.271139653469	0.114591482633	0.27742522827	0.283134202689	0.283021329179	0.261800552511	0.264124908648	0.297304215583	0.278205715422	0.278472572733	0.269738495545	0.139992599003	0.14376727341	0.243681419103	0.287796930379	0.287239523479	0.28797206293	0.280863589626	0.256757900262	0.288082030086	0.290785793231	0.258513509363	0.265445285099	0.272383756643	0.26833662707	0.273017823784	0.160264168145	0.16177499318	0.244341015662	0.259966561131	0.297132627375	0.265121804387	0.244072350951	0.292787462698	0.137412103295	0.280826486692	0.159576461987	0.288746916852	0.265696395843	0.274863658124	0.274203056013	0.254118971997	0.260550451125	0.131811258756	0.17892402859	0.14999756205	0.153605504946	0.296036544302	0.246082500843	0.264776440522	0.13159606101	0.264725174613	0.237511822428	0.172463473813	0.143076527278	0.27999923463	0.27735932726	0.284477206045	0.257402029302	0.273802775256	0.147846624499	0.15518493847	0.283560366346	0.133825926532	0.250221246542	0.276754156827	0.148510184525	0.216595187959	0.275058924654	0.294593475182	0.282396353848	0.235456074396	0.188190830336	0.135246793308	0.280274774982	0.277476838112	0.276209267354	0.274319476055	0.276454114985
159733294-stool1.snv.bam	0.283135237304	0.282815596731	0.264952138102	0.139851383961	0.140877631649	0.171605499763	0.107741419877	0.108636272675	0.102222039796	0.203286467939	0.237800964468	0.169897107406	0.0257016959214	0.189221754362	0.204189597047	0.0487943299598	0.262077261852	0.0	0.211621045664	0.212331880374	0.107847741484	0.204524572463	0.254296221692	0.187309012483	0.0211508617517	0.0192546950388	0.223018996286	0.217731253131	0.125750307799	0.207824642167	0.208503436164	0.231284730372	0.299248257346	0.304065251991	0.206935295025	0.0454498431896	0.0440688791641	0.0438540758184	0.0547508999954	0.164279685847	0.0432942475894	0.0514589455111	0.199987795147	0.218558103316	0.223673418067	0.106352707657	0.10903410082	0.236118617123	0.220116371388	0.268614289393	0.218243440765	0.176964978584	0.114348116026	0.148289290075	0.112765513867	0.256986855869	0.0968511537385	0.249820445185	0.0942224556489	0.176127072803	0.106427904495	0.132349820223	0.0964382180128	0.186616736438	0.247300599959	0.297944194336	0.272669945856	0.256584925307	0.120781147683	0.188538515714	0.18436369551	0.24200600052	0.146870510146	0.160354532615	0.293915269979	0.29966383147	0.114459839354	0.146936672375	0.11380731398	0.167185709913	0.257443435423	0.240980521479	0.255773306506	0.278010788345	0.253289121372	0.186802047707	0.112403558809	0.269991396829	0.25172310509	0.196781572849	0.148409118402	0.0938254601181	0.0762104414442	0.23313261391	0.26630654553	0.0988355431536	0.157206516135	0.151783805266	0.159984544608	0.149992233963
159753524-stool2.snv.bam	0.205163099888	0.204784184295	0.224131275121	0.291246530877	0.292312447798	0.231694878873	0.256485184017	0.257353918076	0.253775197957	0.244956023822	0.236269694429	0.237014811004	0.241082333644	0.270892389762	0.279311252132	0.23513830129	0.265216668574	0.211621045664	0.0	0.00129425193809	0.242532359888	0.215185599488	0.251404919368	0.19287092915	0.243337591914	0.241811201113	0.218803154751	0.217590577012	0.212570589252	0.171181012647	0.168618946873	0.137777202666	0.260281081833	0.262816352535	0.219742130777	0.241928407962	0.246115210141	0.246883104518	0.24024647226	0.20390166021	0.243916047978	0.244474965535	0.252044833564	0.23076984412	0.233458158534	0.2606357721	0.261451773535	0.213667642045	0.240668148456	0.0840013644829	0.140679713307	0.249339797089	0.252631112455	0.093843934028	0.271683434642	0.24644734815	0.226525893874	0.229152771357	0.274142981	0.263922079702	0.258605380115	0.215479513075	0.219614307826	0.105994603315	0.24517257567	0.284134828702	0.242152953875	0.249631890381	0.208448685905	0.26124659753	0.259986882854	0.236340690314	0.252328969054	0.247957082294	0.283088665629	0.282503709887	0.26375173555	0.274305865926	0.206650143607	0.235988023461	0.231990781775	0.226093768177	0.22952980087	0.102094990831	0.232579369655	0.109823748572	0.261535662896	0.2472095235	0.267911694165	0.235368979761	0.252149147394	0.28406651063	0.245268024646	0.266995839256	0.237940240599	0.285110506114	0.168011146111	0.175414478726	0.176858888339	0.173457585954
159753524-stool3.snv.bam	0.205285441241	0.204753099992	0.224397410947	0.291682950791	0.292176481053	0.232084746045	0.256667534576	0.257132247674	0.25427732607	0.245582363459	0.236794996234	0.237520045329	0.241075225759	0.271385659463	0.279415172097	0.23531767906	0.265034625969	0.212331880374	0.00129425193809	0.0	0.243141582038	0.215703778992	0.251803314736	0.193508284712	0.243497475755	0.242405375238	0.21924595282	0.218190438554	0.212721496118	0.171513983892	0.169343106028	0.138355121185	0.260400366222	0.262671822711	0.21996301727	0.241920901953	0.246221864671	0.247418684197	0.240275233507	0.204319826035	0.244018196225	0.245080725855	0.252258880172	0.231115310467	0.23401155675	0.261029755467	0.262052360355	0.214125085459	0.241279407085	0.0844870853416	0.141195576235	0.249952936442	0.253191691214	0.0946054008234	0.272216107721	0.246929151694	0.227173468938	0.229451849404	0.274598054716	0.264515624001	0.259175411301	0.215936463146	0.220289946578	0.106805120749	0.244853415436	0.284092800533	0.24192548038	0.249239056834	0.20845164373	0.260756799425	0.260141326191	0.236429153673	0.252408954546	0.24768586625	0.282924508134	0.282377963386	0.263805236819	0.27412728844	0.207293809709	0.236514817418	0.232521413149	0.226570123031	0.229848634752	0.102659044908	0.232667375437	0.110313785315	0.261770096193	0.247200383609	0.26796935548	0.235463446936	0.252241609174	0.284258431951	0.245093809378	0.267058504649	0.23842385824	0.285343113733	0.168643518634	0.175789339179	0.17745178627	0.174077199488
160603188-stool3.snv.bam	0.25815815895	0.25739790972	0.241453235231	0.119708172702	0.121192035846	0.184137998488	0.0612480817635	0.0624870465379	0.0612487652637	0.192556022409	0.230657238559	0.124898099094	0.092210489592	0.12792506761	0.138714746742	0.110877494018	0.283329834387	0.107847741484	0.242532359888	0.243141582038	0.0	0.197178646288	0.25880342619	0.24122509414	0.0876963195052	0.0856875252206	0.210598766131	0.204916242038	0.149039576719	0.214205898409	0.220856753163	0.178233508719	0.300383998389	0.303630325452	0.168737901176	0.117799348879	0.0975345430153	0.0950187362282	0.106113830541	0.208530203056	0.0878780668447	0.118344477634	0.154946072426	0.21267967838	0.211147053273	0.0583279713977	0.0554565966037	0.226518813721	0.223320663605	0.221424917675	0.241994822662	0.156728778468	0.0656723284105	0.17292344786	0.0508093098842	0.264687693259	0.146618119606	0.250408342757	0.0305459549411	0.124969784868	0.0570179679317	0.133428810121	0.0952380952381	0.213910879213	0.273244910532	0.286114781474	0.28063547399	0.252883575294	0.144802689548	0.145271982135	0.12867002585	0.255187546411	0.0940508297541	0.151603846253	0.282580036948	0.309074930035	0.0595686564845	0.117815580502	0.157323219084	0.173187365398	0.216291946928	0.251226369945	0.265346614836	0.246469893743	0.247860032495	0.211660678764	0.0580222605005	0.275131000166	0.273278909863	0.178676516327	0.189063203678	0.0474158660488	0.0700005711342	0.2820844269	0.290130990878	0.0487909521449	0.184750959939	0.183848223428	0.184477483178	0.187911433354
160704339-stool1.snv.bam	0.152472396383	0.151391486105	0.165496264638	0.186520466475	0.187708406047	0.185423342739	0.193405013003	0.193973067277	0.188190849446	0.126739610718	0.189128705781	0.178036787718	0.188075591873	0.186965643245	0.192434881512	0.178161069781	0.271139653469	0.204524572463	0.215185599488	0.215703778992	0.197178646288	0.0	0.236201335852	0.186688689273	0.191297551905	0.190389116153	0.0995949115719	0.101646823466	0.205756592544	0.203096988451	0.206869960103	0.169636019948	0.249136002407	0.254331914678	0.209626967821	0.173968164338	0.192852118365	0.188929276236	0.172357434458	0.210552984382	0.194655985383	0.181535295355	0.201005277295	0.0990388835164	0.104176258694	0.181406079987	0.187109014741	0.220593458757	0.214162122406	0.189748913875	0.186346619793	0.148905555282	0.180292022651	0.209523564745	0.171138881103	0.220976818463	0.171475048355	0.224880168252	0.195963360475	0.207555570183	0.185893784088	0.189936854159	0.175416663978	0.189269688842	0.24670137933	0.275233484983	0.261621295472	0.232288458678	0.201580238655	0.229909755501	0.187170924225	0.231910500938	0.183445805816	0.132563279896	0.271207954323	0.287711488674	0.187193081408	0.153499194465	0.161328973899	0.179597247479	0.186167296066	0.217950028847	0.231994779253	0.206457438492	0.228930655887	0.189836847876	0.191219080757	0.252464752495	0.269191797834	0.118945748022	0.157663356699	0.190422145374	0.170353050294	0.280429297619	0.256852339205	0.189687207459	0.125928409996	0.128520098196	0.129801501524	0.127964647679
178713055-stool2.snv.bam	0.266887691585	0.266653512676	0.195036876354	0.233514592739	0.234719903554	0.24375331702	0.248972378377	0.249712951412	0.245785412001	0.236890421587	0.204285266745	0.258710558753	0.267374648732	0.25033380713	0.256922644502	0.261427079204	0.114591482633	0.254296221692	0.251404919368	0.251803314736	0.25880342619	0.236201335852	0.0	0.239912375374	0.270061227926	0.268684044952	0.226240340932	0.229713686241	0.275751793032	0.275097383278	0.268659836727	0.25030101514	0.151701086905	0.157701640103	0.22947895175	0.274143406116	0.265124671535	0.263863590349	0.267209647477	0.230088799647	0.275141725014	0.276351871369	0.229743493466	0.233374944662	0.233236168795	0.245054533219	0.248446298501	0.112155977365	0.157143633239	0.221151162608	0.241339892856	0.24578635452	0.241602096996	0.242414476561	0.263554237937	0.108625559719	0.256100612001	0.160340700135	0.262735689001	0.230425997823	0.250530478434	0.254688529993	0.236927071422	0.248521630424	0.118913311832	0.16144088422	0.125048704079	0.123191981804	0.277572036526	0.22874601424	0.241534849919	0.113757527197	0.234169925486	0.201834228481	0.156346078346	0.132456796096	0.256761582488	0.248338910117	0.265638406721	0.242735845798	0.251618657625	0.11532029921	0.0917063032125	0.242833665948	0.0965455704701	0.241902888858	0.253803830081	0.131822898404	0.176024145468	0.237712955101	0.261948425448	0.2585304215	0.232968569534	0.150144898293	0.133313575231	0.259293299424	0.248954094495	0.251789665784	0.252269673975	0.249827197282
375450439-stool3.snv.bam	0.223016226434	0.222439848589	0.251657668275	0.211685926394	0.212653458318	0.201414858884	0.212959613693	0.214309152384	0.20959836127	0.234119678315	0.202855022571	0.216856096636	0.173629844536	0.208647938269	0.20640437567	0.162816629895	0.27742522827	0.187309012483	0.19287092915	0.193508284712	0.24122509414	0.186688689273	0.239912375374	0.0	0.174183908218	0.172902219365	0.21235119869	0.215860340834	0.159300632302	0.255347495977	0.252178340201	0.221987732587	0.280914556626	0.281822991482	0.217812523153	0.173473411627	0.175112711876	0.175342717842	0.174524959199	0.145515177205	0.195718147439	0.180222448701	0.217495582159	0.22139934256	0.226802696672	0.214577831629	0.216212462528	0.240997533759	0.239034954019	0.186953407486	0.226636648702	0.145389506764	0.213395503431	0.177528985051	0.206942495681	0.248803987347	0.160895151522	0.267909149179	0.228168926058	0.231554383909	0.217285123739	0.189793524841	0.201098095446	0.184445371114	0.247240634517	0.273257528031	0.261733443686	0.221689105812	0.159597022616	0.230800459359	0.242176507661	0.244553461328	0.209189521629	0.19424123704	0.271858470298	0.291627645594	0.207688869961	0.200467960714	0.191050602031	0.203425947702	0.225920408287	0.216273374464	0.232407277134	0.216003104811	0.235382307185	0.180893078942	0.22097404232	0.252797368397	0.263304712483	0.187584912593	0.123402172547	0.220125399643	0.215093397231	0.220434669924	0.265052200867	0.214513914142	0.141420886752	0.144468766506	0.140883795353	0.13772407005
