	DLM010.snv.bam	DLM013.snv.bam	ED13A.snv.bam	ED19A.snv.bam	HT25A.snv.bam	M2.1-V3.metaG.snv.bam	M2.4-V2.metaG.snv.bam	MH0204.snv.bam	MH0277.snv.bam	MMRS35808664ST-27-0-0.snv.bam	MMRS47662059ST-27-0-0.snv.bam	MMRS92544445ST-27-0-0.snv.bam	N005A.snv.bam	N022A.snv.bam	N026A.snv.bam	N083A.snv.bam	SZEY-22A.snv.bam	SZEY-69A.snv.bam	SZEY-73A.snv.bam	SZEY-81A.snv.bam	SZEY-95A.snv.bam	T2D-127A.snv.bam	T2D-135A.snv.bam	T2D-177A.snv.bam	T2D-192A.snv.bam	T2D-20A.snv.bam	T2D-42A.snv.bam	T2D-45A.snv.bam	T2D-46A.snv.bam	T2D-57A.snv.bam	T2D-62A.snv.bam	T2D-6A.snv.bam	T2D-77A.snv.bam	V1.CD3-0-PT.snv.bam
DLM010.snv.bam	0.0	0.0889845086459	0.374000134789	0.0919744894381	0.0776035807851	0.288429586047	0.0922058457002	0.0909888654257	0.101034474645	0.087627963795	0.102441839367	0.0778654396092	0.0899784758602	0.090791317708	0.0908169220192	0.00327571138364	0.0904356774779	0.0852217582076	0.085223767869	0.128503404432	0.0813874100804	0.103978998486	0.0890920882374	0.103906291589	0.09541773213	0.0701919878527	0.0884166060297	0.112690933093	0.109898182838	0.0885390317011	0.0876385746279	0.0844420637725	0.116458461639	0.0821310757183
DLM013.snv.bam	0.0889845086459	0.0	0.36452745324	0.0910985681049	0.0772296547144	0.28524302981	0.0964944420531	0.0927432675207	0.101305823337	0.0876066650645	0.0885877248141	0.0905573207153	0.0849259502003	0.0826765954587	0.0842082482744	0.0880101756678	0.0812202932705	0.0749728574	0.0829436429441	0.112066075573	0.0904298937857	0.093154934988	0.0904650598421	0.0927589920302	0.0956073435788	0.0793682124343	0.0880538585878	0.101858991537	0.118736257063	0.0784582743289	0.0786743199753	0.0891871664413	0.111605121652	0.0900249514453
ED13A.snv.bam	0.374000134789	0.36452745324	0.0	0.370122197641	0.363428839946	0.365857758661	0.363289860138	0.353332579615	0.388101541113	0.364681008339	0.378393384545	0.364066643022	0.344963328066	0.372345798169	0.375472951758	0.372538243911	0.367091564362	0.379156580431	0.358216251188	0.36878569222	0.3686791667	0.363133528899	0.385639043546	0.383173490325	0.334776820195	0.37046266504	0.363405115659	0.327321997475	0.296756481476	0.369960230723	0.369457206275	0.356810296242	0.351446714352	0.373427562553
ED19A.snv.bam	0.0919744894381	0.0910985681049	0.370122197641	0.0	0.0733383035616	0.303086491011	0.0997934968331	0.0927916012636	0.0931963478456	0.0764153780459	0.086766264366	0.0895513236917	0.0801674543552	0.0831044128759	0.0847634083508	0.0904010285763	0.0864901692082	0.0794367656613	0.0759536649277	0.125357049359	0.090826114464	0.0991939761665	0.0917523900948	0.100199704377	0.0799118417409	0.0817569088533	0.0883399678336	0.0878323976897	0.114218688347	0.0868847045683	0.0882456482838	0.0769476419551	0.104124533747	0.079933120583
HT25A.snv.bam	0.0776035807851	0.0772296547144	0.363428839946	0.0733383035616	0.0	0.288214604603	0.0875388509372	0.0829844214252	0.092462652748	0.0743991090123	0.079820541955	0.0742350785121	0.0612030487119	0.0735742507746	0.0739127958687	0.0759932481082	0.0865869121404	0.0812094961131	0.0611913738266	0.113019344253	0.0664450443755	0.0855408625701	0.0808027743241	0.0919230116207	0.0653721305225	0.0725560091538	0.0701984990374	0.0780355735707	0.100310638886	0.0860193503784	0.0722098683964	0.0707612720595	0.0932432595052	0.0693109050166
M2.1-V3.metaG.snv.bam	0.288429586047	0.28524302981	0.365857758661	0.303086491011	0.288214604603	0.0	0.303578169978	0.292313653406	0.310965919918	0.290628136794	0.297506247397	0.293567715252	0.291506523835	0.290468297877	0.291301570461	0.283709827667	0.301376357041	0.293366758781	0.285489767575	0.23888364549	0.283223919663	0.299518237003	0.281572891958	0.315752349611	0.289468210018	0.293942660046	0.290787845853	0.284083653669	0.319658781817	0.298195914168	0.294791337776	0.290215441114	0.247364323514	0.300948142693
M2.4-V2.metaG.snv.bam	0.0922058457002	0.0964944420531	0.363289860138	0.0997934968331	0.0875388509372	0.303578169978	0.0	0.0980638549087	0.092488124439	0.090285982561	0.107521167467	0.0947843144877	0.0972509201075	0.0895830372619	0.0907184809323	0.088990132469	0.0800975310628	0.079433371398	0.086585923859	0.131708328445	0.0936556678474	0.110569026721	0.108376449236	0.0861705465987	0.102977046921	0.0978433035342	0.0810040703036	0.112768054339	0.124139045239	0.0825665717902	0.0801995885564	0.0943073428299	0.123555456203	0.0928505140036
MH0204.snv.bam	0.0909888654257	0.0927432675207	0.353332579615	0.0927916012636	0.0829844214252	0.292313653406	0.0980638549087	0.0	0.101052894838	0.0885000357499	0.0948805936068	0.0935365688903	0.0957238044995	0.0962745946683	0.0973361678945	0.0893616103061	0.0800083104221	0.0802695743906	0.0913969979824	0.122343834654	0.0900543936625	0.0979863449366	0.098296817467	0.0915013104384	0.0974460276293	0.0877017551866	0.100346354218	0.112327512117	0.122123862612	0.0785585842872	0.0911242411139	0.0936027562536	0.123517114504	0.0926976660953
MH0277.snv.bam	0.101034474645	0.101305823337	0.388101541113	0.0931963478456	0.092462652748	0.310965919918	0.092488124439	0.101052894838	0.0	0.0919013808726	0.0983840149881	0.102708697256	0.100610048298	0.0857362471968	0.0850180920859	0.0997995383091	0.0869811773835	0.0988196743497	0.0952231821552	0.143829826155	0.0962972743836	0.0890747855132	0.10360870385	0.118134231383	0.106922933342	0.0922571933689	0.104566801716	0.113538192853	0.127526160902	0.0903474169496	0.0916454187814	0.0836389251527	0.131653216529	0.0994268616556
MMRS35808664ST-27-0-0.snv.bam	0.087627963795	0.0876066650645	0.364681008339	0.0764153780459	0.0743991090123	0.290628136794	0.090285982561	0.0885000357499	0.0919013808726	0.0	0.085519166013	0.0823564291065	0.0775706645651	0.0836804412958	0.0848546584566	0.0847957435655	0.0892607202845	0.0795921349525	0.0724395413691	0.124766542678	0.0826020406994	0.102221419431	0.0929050528675	0.0930452903124	0.0801284111551	0.0834675187514	0.0808160463761	0.0934860396312	0.111860561697	0.0874818695249	0.084473909674	0.0751014862125	0.101590886651	0.0783238683998
MMRS47662059ST-27-0-0.snv.bam	0.102441839367	0.0885877248141	0.378393384545	0.086766264366	0.079820541955	0.297506247397	0.107521167467	0.0948805936068	0.0983840149881	0.085519166013	0.0	0.0892014377056	0.0983415437598	0.0813728237933	0.0813434317838	0.0991494958844	0.0967378700502	0.0865143848855	0.097982001022	0.130495146555	0.0878192272961	0.103562706773	0.100268962981	0.0922637722432	0.103321615779	0.0938196101557	0.0972231349752	0.110788573237	0.125944575795	0.0978745686132	0.0907747872938	0.0856708249795	0.123919724014	0.0931725869226
MMRS92544445ST-27-0-0.snv.bam	0.0778654396092	0.0905573207153	0.364066643022	0.0895513236917	0.0742350785121	0.293567715252	0.0947843144877	0.0935365688903	0.102708697256	0.0823564291065	0.0892014377056	0.0	0.0821352893647	0.0945566502357	0.0954613343918	0.0761620354043	0.0999073125612	0.0801276757205	0.0797233615621	0.133242914757	0.0798723285454	0.0985275220478	0.0886381398262	0.106560032368	0.0837740115083	0.0815567101716	0.0874146976657	0.0947317601721	0.106655186808	0.0967881672103	0.0883485018378	0.0840652807101	0.106623647427	0.0889546185259
N005A.snv.bam	0.0899784758602	0.0849259502003	0.344963328066	0.0801674543552	0.0612030487119	0.291506523835	0.0972509201075	0.0957238044995	0.100610048298	0.0775706645651	0.0983415437598	0.0821352893647	0.0	0.0851442124942	0.0866662412697	0.0877963222435	0.0957540390761	0.0878755953983	0.0560688645375	0.122365437025	0.0821656527002	0.0896488473886	0.0911912842159	0.103822438308	0.0554829853467	0.072117532672	0.074626809925	0.0683269501426	0.0963956201015	0.0940711072219	0.0795196613834	0.0777747207611	0.0835124004235	0.0786808270159
N022A.snv.bam	0.090791317708	0.0826765954587	0.372345798169	0.0831044128759	0.0735742507746	0.290468297877	0.0895830372619	0.0962745946683	0.0857362471968	0.0836804412958	0.0813728237933	0.0945566502357	0.0851442124942	0.0	0.00883372690872	0.0882328233423	0.0885693507675	0.09218746348	0.0817624283389	0.125487818619	0.0950404517603	0.0844875605165	0.0923496077302	0.0968729734433	0.0872187434428	0.0769380800838	0.0804271095807	0.0915683607056	0.116273738597	0.0893015579924	0.0800792101288	0.0816649423111	0.107923158337	0.0838428780076
N026A.snv.bam	0.0908169220192	0.0842082482744	0.375472951758	0.0847634083508	0.0739127958687	0.291301570461	0.0907184809323	0.0973361678945	0.0850180920859	0.0848546584566	0.0813434317838	0.0954613343918	0.0866662412697	0.00883372690872	0.0	0.0877605463569	0.0893364174514	0.0926412877571	0.0834915851779	0.126706674593	0.0953824878285	0.0864584681584	0.0930425240705	0.0974222439735	0.0887664924454	0.0770941451069	0.0814263386291	0.0926819923019	0.115914620436	0.0906582766495	0.0818950403245	0.0816137431127	0.10905508658	0.0855988609975
N083A.snv.bam	0.00327571138364	0.0880101756678	0.372538243911	0.0904010285763	0.0759932481082	0.283709827667	0.088990132469	0.0893616103061	0.0997995383091	0.0847957435655	0.0991494958844	0.0761620354043	0.0877963222435	0.0882328233423	0.0877605463569	0.0	0.0878765011416	0.0819170599457	0.0835858509228	0.125884317345	0.0787887596236	0.101609801946	0.0883436204035	0.10037664686	0.0932551848432	0.0677901867349	0.0867102398672	0.110630951392	0.109063321283	0.0855131117457	0.0850033485741	0.0828925072787	0.11386786555	0.0812208592503
SZEY-22A.snv.bam	0.0904356774779	0.0812202932705	0.367091564362	0.0864901692082	0.0865869121404	0.301376357041	0.0800975310628	0.0800083104221	0.0869811773835	0.0892607202845	0.0967378700502	0.0999073125612	0.0957540390761	0.0885693507675	0.0893364174514	0.0878765011416	0.0	0.0911866203887	0.0886192725578	0.126650930677	0.0845086383701	0.106566700473	0.105028708663	0.0497926768939	0.0978359144758	0.0890512576626	0.0993707164574	0.109023250459	0.11992178191	0.00463718322937	0.0736532772328	0.086569797644	0.117665710149	0.0861264836914
SZEY-69A.snv.bam	0.0852217582076	0.0749728574	0.379156580431	0.0794367656613	0.0812094961131	0.293366758781	0.079433371398	0.0802695743906	0.0988196743497	0.0795921349525	0.0865143848855	0.0801276757205	0.0878755953983	0.09218746348	0.0926412877571	0.0819170599457	0.0911866203887	0.0	0.0826200425515	0.125678686355	0.0785656064315	0.097721612367	0.0873590981881	0.0987740802425	0.0954678872913	0.0827037246435	0.0840462407551	0.105296199946	0.112602750165	0.0905061490592	0.082555749693	0.0749220332736	0.11171349673	0.0908202017942
SZEY-73A.snv.bam	0.085223767869	0.0829436429441	0.358216251188	0.0759536649277	0.0611913738266	0.285489767575	0.086585923859	0.0913969979824	0.0952231821552	0.0724395413691	0.097982001022	0.0797233615621	0.0560688645375	0.0817624283389	0.0834915851779	0.0835858509228	0.0886192725578	0.0826200425515	0.0	0.11620711836	0.0762349648397	0.0854652216872	0.0892153499918	0.0999451917005	0.0620131618268	0.067081954734	0.0712529695249	0.0746666343663	0.101695807405	0.0869961155506	0.0775230372683	0.0776022505062	0.083897163181	0.0671776694694
SZEY-81A.snv.bam	0.128503404432	0.112066075573	0.36878569222	0.125357049359	0.113019344253	0.23888364549	0.131708328445	0.122343834654	0.143829826155	0.124766542678	0.130495146555	0.133242914757	0.122365437025	0.125487818619	0.126706674593	0.125884317345	0.126650930677	0.125678686355	0.11620711836	0.0	0.12638879613	0.141817210626	0.136073397732	0.124554800186	0.119247587013	0.128344285376	0.115796725479	0.12448746132	0.143671456638	0.1246819478	0.118709131818	0.126694056258	0.101360690931	0.124002752207
SZEY-95A.snv.bam	0.0813874100804	0.0904298937857	0.3686791667	0.090826114464	0.0664450443755	0.283223919663	0.0936556678474	0.0900543936625	0.0962972743836	0.0826020406994	0.0878192272961	0.0798723285454	0.0821656527002	0.0950404517603	0.0953824878285	0.0787887596236	0.0845086383701	0.0785656064315	0.0762349648397	0.12638879613	0.0	0.0954688188542	0.0878168507249	0.0967613246808	0.0863621569245	0.0840408896655	0.0857505229384	0.0997027344818	0.119553959912	0.0830250228862	0.0755532490013	0.0813854399205	0.107954593627	0.0882547710789
T2D-127A.snv.bam	0.103978998486	0.093154934988	0.363133528899	0.0991939761665	0.0855408625701	0.299518237003	0.110569026721	0.0979863449366	0.0890747855132	0.102221419431	0.103562706773	0.0985275220478	0.0896488473886	0.0844875605165	0.0864584681584	0.101609801946	0.106566700473	0.097721612367	0.0854652216872	0.141817210626	0.0954688188542	0.0	0.0909797038837	0.124044030492	0.0951256183399	0.053617805724	0.105091954936	0.0976979267482	0.121399693383	0.104844279414	0.0941304782235	0.0876478744235	0.120825129249	0.103183614841
T2D-135A.snv.bam	0.0890920882374	0.0904650598421	0.385639043546	0.0917523900948	0.0808027743241	0.281572891958	0.108376449236	0.098296817467	0.10360870385	0.0929050528675	0.100268962981	0.0886381398262	0.0911912842159	0.0923496077302	0.0930425240705	0.0883436204035	0.105028708663	0.0873590981881	0.0892153499918	0.136073397732	0.0878168507249	0.0909797038837	0.0	0.116562954531	0.0934186780718	0.08704575213	0.100877776358	0.103053430313	0.131579133123	0.10552294017	0.0860019837101	0.08609700346	0.11700691528	0.0919424414117
T2D-177A.snv.bam	0.103906291589	0.0927589920302	0.383173490325	0.100199704377	0.0919230116207	0.315752349611	0.0861705465987	0.0915013104384	0.118134231383	0.0930452903124	0.0922637722432	0.106560032368	0.103822438308	0.0968729734433	0.0974222439735	0.10037664686	0.0497926768939	0.0987740802425	0.0999451917005	0.124554800186	0.0967613246808	0.124044030492	0.116562954531	0.0	0.108479700677	0.109534091193	0.0990252576798	0.121791679353	0.133306456994	0.052842827835	0.0880345666572	0.0994677404876	0.130384258483	0.0978360565941
T2D-192A.snv.bam	0.09541773213	0.0956073435788	0.334776820195	0.0799118417409	0.0653721305225	0.289468210018	0.102977046921	0.0974460276293	0.106922933342	0.0801284111551	0.103321615779	0.0837740115083	0.0554829853467	0.0872187434428	0.0887664924454	0.0932551848432	0.0978359144758	0.0954678872913	0.0620131618268	0.119247587013	0.0863621569245	0.0951256183399	0.0934186780718	0.108479700677	0.0	0.0764118916664	0.0751506050832	0.0609416682588	0.0917561477456	0.0956301483777	0.0886596273891	0.0835469765968	0.0726435903589	0.083611513793
T2D-20A.snv.bam	0.0701919878527	0.0793682124343	0.37046266504	0.0817569088533	0.0725560091538	0.293942660046	0.0978433035342	0.0877017551866	0.0922571933689	0.0834675187514	0.0938196101557	0.0815567101716	0.072117532672	0.0769380800838	0.0770941451069	0.0677901867349	0.0890512576626	0.0827037246435	0.067081954734	0.128344285376	0.0840408896655	0.053617805724	0.08704575213	0.109534091193	0.0764118916664	0.0	0.0806911889741	0.0884689485326	0.108849991256	0.0868013773053	0.0873252354579	0.0796770506002	0.0998599773931	0.0767560853408
T2D-42A.snv.bam	0.0884166060297	0.0880538585878	0.363405115659	0.0883399678336	0.0701984990374	0.290787845853	0.0810040703036	0.100346354218	0.104566801716	0.0808160463761	0.0972231349752	0.0874146976657	0.074626809925	0.0804271095807	0.0814263386291	0.0867102398672	0.0993707164574	0.0840462407551	0.0712529695249	0.115796725479	0.0857505229384	0.105091954936	0.100877776358	0.0990252576798	0.0751506050832	0.0806911889741	0.0	0.0921105562101	0.114457337375	0.0987978737206	0.0893914950696	0.08746183132	0.0887230831519	0.0734974984746
T2D-45A.snv.bam	0.112690933093	0.101858991537	0.327321997475	0.0878323976897	0.0780355735707	0.284083653669	0.112768054339	0.112327512117	0.113538192853	0.0934860396312	0.110788573237	0.0947317601721	0.0683269501426	0.0915683607056	0.0926819923019	0.110630951392	0.109023250459	0.105296199946	0.0746666343663	0.12448746132	0.0997027344818	0.0976979267482	0.103053430313	0.121791679353	0.0609416682588	0.0884689485326	0.0921105562101	0.0	0.0934468278364	0.107555155289	0.0967593008258	0.0935700893336	0.0819193045437	0.0952790143674
T2D-46A.snv.bam	0.109898182838	0.118736257063	0.296756481476	0.114218688347	0.100310638886	0.319658781817	0.124139045239	0.122123862612	0.127526160902	0.111860561697	0.125944575795	0.106655186808	0.0963956201015	0.116273738597	0.115914620436	0.109063321283	0.11992178191	0.112602750165	0.101695807405	0.143671456638	0.119553959912	0.121399693383	0.131579133123	0.133306456994	0.0917561477456	0.108849991256	0.114457337375	0.0934468278364	0.0	0.119237141062	0.110218074108	0.108895284221	0.119655290771	0.115974213911
T2D-57A.snv.bam	0.0885390317011	0.0784582743289	0.369960230723	0.0868847045683	0.0860193503784	0.298195914168	0.0825665717902	0.0785585842872	0.0903474169496	0.0874818695249	0.0978745686132	0.0967881672103	0.0940711072219	0.0893015579924	0.0906582766495	0.0855131117457	0.00463718322937	0.0905061490592	0.0869961155506	0.1246819478	0.0830250228862	0.104844279414	0.10552294017	0.052842827835	0.0956301483777	0.0868013773053	0.0987978737206	0.107555155289	0.119237141062	0.0	0.0729720327264	0.0871344718542	0.115325258869	0.0837362463561
T2D-62A.snv.bam	0.0876385746279	0.0786743199753	0.369457206275	0.0882456482838	0.0722098683964	0.294791337776	0.0801995885564	0.0911242411139	0.0916454187814	0.084473909674	0.0907747872938	0.0883485018378	0.0795196613834	0.0800792101288	0.0818950403245	0.0850033485741	0.0736532772328	0.082555749693	0.0775230372683	0.118709131818	0.0755532490013	0.0941304782235	0.0860019837101	0.0880345666572	0.0886596273891	0.0873252354579	0.0893914950696	0.0967593008258	0.110218074108	0.0729720327264	0.0	0.0783099063369	0.112250593773	0.082407651481
T2D-6A.snv.bam	0.0844420637725	0.0891871664413	0.356810296242	0.0769476419551	0.0707612720595	0.290215441114	0.0943073428299	0.0936027562536	0.0836389251527	0.0751014862125	0.0856708249795	0.0840652807101	0.0777747207611	0.0816649423111	0.0816137431127	0.0828925072787	0.086569797644	0.0749220332736	0.0776022505062	0.126694056258	0.0813854399205	0.0876478744235	0.08609700346	0.0994677404876	0.0835469765968	0.0796770506002	0.08746183132	0.0935700893336	0.108895284221	0.0871344718542	0.0783099063369	0.0	0.1052159399	0.0851892245772
T2D-77A.snv.bam	0.116458461639	0.111605121652	0.351446714352	0.104124533747	0.0932432595052	0.247364323514	0.123555456203	0.123517114504	0.131653216529	0.101590886651	0.123919724014	0.106623647427	0.0835124004235	0.107923158337	0.10905508658	0.11386786555	0.117665710149	0.11171349673	0.083897163181	0.101360690931	0.107954593627	0.120825129249	0.11700691528	0.130384258483	0.0726435903589	0.0998599773931	0.0887230831519	0.0819193045437	0.119655290771	0.115325258869	0.112250593773	0.1052159399	0.0	0.103128494876
V1.CD3-0-PT.snv.bam	0.0821310757183	0.0900249514453	0.373427562553	0.079933120583	0.0693109050166	0.300948142693	0.0928505140036	0.0926976660953	0.0994268616556	0.0783238683998	0.0931725869226	0.0889546185259	0.0786808270159	0.0838428780076	0.0855988609975	0.0812208592503	0.0861264836914	0.0908202017942	0.0671776694694	0.124002752207	0.0882547710789	0.103183614841	0.0919424414117	0.0978360565941	0.083611513793	0.0767560853408	0.0734974984746	0.0952790143674	0.115974213911	0.0837362463561	0.082407651481	0.0851892245772	0.103128494876	0.0
