	147406386-subgingivalplaque2.snv.bam	158114885-supragingivalplaque2.snv.bam	158256496-supragingivalplaque2.snv.bam	158337416-supragingivalplaque1.snv.bam	158479027-supragingivalplaque1.snv.bam	158479027-supragingivalplaque2.snv.bam	158499257-supragingivalplaque1.snv.bam	158499257-supragingivalplaque2.snv.bam	158802708-supragingivalplaque3.snv.bam	158883629-supragingivalplaque2.snv.bam	158944319-supragingivalplaque1.snv.bam	158944319-supragingivalplaque2.snv.bam	159005010-supragingivalplaque2.snv.bam	159227541-supragingivalplaque1.snv.bam	159268001-supragingivalplaque1.snv.bam	159268001-supragingivalplaque2.snv.bam	159268001-supragingivalplaque3.snv.bam	159369152-supragingivalplaque1.snv.bam	159369152-supragingivalplaque2.snv.bam	159510762-supragingivalplaque2.snv.bam	159510762-tonguedorsum3.snv.bam	159571453-supragingivalplaque2.snv.bam	159591683-supragingivalplaque1.snv.bam	159591683-supragingivalplaque2.snv.bam	159611913-supragingivalplaque2.snv.bam	159713063-supragingivalplaque2.snv.bam	159753524-supragingivalplaque1.snv.bam	159814214-supragingivalplaque1.snv.bam	159814214-supragingivalplaque2.snv.bam	159915365-supragingivalplaque1.snv.bam	160158126-supragingivalplaque1.snv.bam	160158126-supragingivalplaque2.snv.bam	160178356-supragingivalplaque1.snv.bam	160218816-buccalmucosa1.snv.bam	160259276-supragingivalplaque1.snv.bam	160319967-supragingivalplaque1.snv.bam	160319967-supragingivalplaque3.snv.bam	160400887-supragingivalplaque1.snv.bam	160421117-supragingivalplaque1.snv.bam	160421117-supragingivalplaque2.snv.bam	160421117-supragingivalplaque3.snv.bam	160502038-supragingivalplaque1.snv.bam	160502038-supragingivalplaque3.snv.bam	160542498-supragingivalplaque1.snv.bam	160582958-supragingivalplaque1.snv.bam	160582958-supragingivalplaque2.snv.bam	160643649-supragingivalplaque1.snv.bam	246515023-supragingivalplaque2.snv.bam	370425937-supragingivalplaque1.snv.bam	370425937-supragingivalplaque2.snv.bam	404239096-supragingivalplaque2.snv.bam	533247696-supragingivalplaque1.snv.bam	550534656-supragingivalplaque3.snv.bam	604812005-supragingivalplaque1.snv.bam	604812005-supragingivalplaque2.snv.bam	604812005-supragingivalplaque3.snv.bam	638754422-supragingivalplaque2.snv.bam	638754422-supragingivalplaque3.snv.bam	650853796-supragingivalplaque1.snv.bam	675950834-supragingivalplaque2.snv.bam	675950834-supragingivalplaque3.snv.bam	706846339-supragingivalplaque2.snv.bam	737052003-supragingivalplaque1.snv.bam	763395383-supragingivalplaque3.snv.bam	763456073-supragingivalplaque3.snv.bam	763496533-supragingivalplaque2.snv.bam	763719065-supragingivalplaque3.snv.bam	763759525-supragingivalplaque2.snv.bam	763840445-supragingivalplaque1.snv.bam	763840445-supragingivalplaque2.snv.bam	763860675-supragingivalplaque2.snv.bam	763901136-supragingivalplaque3.snv.bam	763961826-supragingivalplaque1.snv.bam	763961826-supragingivalplaque2.snv.bam	764083206-buccalmucosa2.snv.bam	764083206-supragingivalplaque2.snv.bam	764143897-supragingivalplaque1.snv.bam	764143897-supragingivalplaque2.snv.bam	764285508-supragingivalplaque1.snv.bam	764285508-supragingivalplaque2.snv.bam	764325968-supragingivalplaque2.snv.bam	764366428-supragingivalplaque2.snv.bam	764467579-buccalmucosa3.snv.bam	764508039-supragingivalplaque1.snv.bam	764508039-supragingivalplaque3.snv.bam	765013792-supragingivalplaque1.snv.bam	765013792-supragingivalplaque2.snv.bam	765013792-supragingivalplaque3.snv.bam	765094712-supragingivalplaque2.snv.bam	765094712-supragingivalplaque3.snv.bam	765701615-supragingivalplaque2.snv.bam	809635352-supragingivalplaque1.snv.bam	809635352-supragingivalplaque2.snv.bam	823052294-supragingivalplaque2.snv.bam	861967750-supragingivalplaque1.snv.bam	861967750-supragingivalplaque2.snv.bam	937495960-supragingivalplaque1.snv.bam
147406386-subgingivalplaque2.snv.bam	0.0	0.0634920634921	0.0888888888889	0.0571428571429	0.0444444444444	0.0349206349206	0.0714285714286	0.0634920634921	0.0761904761905	0.0777777777778	0.0904761904762	0.0666666666667	0.0444444444444	0.0365079365079	0.0730158730159	0.0777777777778	0.0873015873016	0.0825396825397	0.104761904762	0.0698412698413	0.0571428571429	0.0571428571429	0.0428571428571	0.084126984127	0.0777777777778	0.0587301587302	0.0825396825397	0.052380952381	0.0444444444444	0.0492063492063	0.0857142857143	0.0746031746032	0.0444444444444	0.0571428571429	0.0460317460317	0.0873015873016	0.0698412698413	0.0698412698413	0.0507936507937	0.107936507937	0.112698412698	0.0698412698413	0.0539682539683	0.0746031746032	0.0587301587302	0.0571428571429	0.0650793650794	0.0555555555556	0.111111111111	0.068253968254	0.0349206349206	0.0380952380952	0.0460317460317	0.0507936507937	0.0412698412698	0.0555555555556	0.0587301587302	0.0492063492063	0.052380952381	0.0460317460317	0.047619047619	0.0714285714286	0.0730158730159	0.0761904761905	0.0539682539683	0.0428571428571	0.0952380952381	0.047619047619	0.0587301587302	0.047619047619	0.0492063492063	0.0444444444444	0.0666666666667	0.0619047619048	0.0968253968254	0.119047619048	0.0857142857143	0.0825396825397	0.0698412698413	0.0761904761905	0.0428571428571	0.0460317460317	0.0571428571429	0.0666666666667	0.0730158730159	0.0634920634921	0.0444444444444	0.0698412698413	0.0777777777778	0.0777777777778	0.0904761904762	0.0730158730159	0.0857142857143	0.0460317460317	0.0666666666667	0.0698412698413	0.0714285714286
158114885-supragingivalplaque2.snv.bam	0.0634920634921	0.0	0.0412698412698	0.0507936507937	0.0222222222222	0.0349206349206	0.047619047619	0.0412698412698	0.0396825396825	0.0507936507937	0.0730158730159	0.0190476190476	0.0269841269841	0.0222222222222	0.0428571428571	0.0603174603175	0.0587301587302	0.031746031746	0.0460317460317	0.0444444444444	0.031746031746	0.0222222222222	0.0507936507937	0.0746031746032	0.0793650793651	0.0746031746032	0.0634920634921	0.0238095238095	0.0174603174603	0.0301587301587	0.052380952381	0.0444444444444	0.0349206349206	0.0285714285714	0.0222222222222	0.0333333333333	0.0285714285714	0.0428571428571	0.0428571428571	0.0460317460317	0.0492063492063	0.0380952380952	0.0444444444444	0.0857142857143	0.0349206349206	0.047619047619	0.052380952381	0.0301587301587	0.0619047619048	0.0396825396825	0.031746031746	0.0174603174603	0.0460317460317	0.0206349206349	0.0238095238095	0.0380952380952	0.052380952381	0.0507936507937	0.0142857142857	0.0269841269841	0.0222222222222	0.0285714285714	0.0222222222222	0.0428571428571	0.0555555555556	0.0396825396825	0.0761904761905	0.0460317460317	0.0460317460317	0.0365079365079	0.0301587301587	0.0253968253968	0.0333333333333	0.0285714285714	0.0698412698413	0.0873015873016	0.0714285714286	0.0666666666667	0.0349206349206	0.0555555555556	0.0396825396825	0.0746031746032	0.0349206349206	0.0650793650794	0.0396825396825	0.0412698412698	0.0380952380952	0.0492063492063	0.052380952381	0.047619047619	0.0619047619048	0.0555555555556	0.052380952381	0.0142857142857	0.0444444444444	0.0428571428571	0.0666666666667
158256496-supragingivalplaque2.snv.bam	0.0888888888889	0.0412698412698	0.0	0.0571428571429	0.0396825396825	0.0492063492063	0.0650793650794	0.0666666666667	0.052380952381	0.0634920634921	0.1	0.0285714285714	0.0539682539683	0.0380952380952	0.0603174603175	0.0730158730159	0.0730158730159	0.0365079365079	0.0349206349206	0.0650793650794	0.0571428571429	0.0492063492063	0.0634920634921	0.0984126984127	0.106349206349	0.0888888888889	0.0809523809524	0.0492063492063	0.0396825396825	0.0365079365079	0.0793650793651	0.0603174603175	0.0619047619048	0.0555555555556	0.0269841269841	0.0571428571429	0.0492063492063	0.0666666666667	0.0492063492063	0.0206349206349	0.0206349206349	0.0650793650794	0.0698412698413	0.106349206349	0.0349206349206	0.0698412698413	0.0650793650794	0.0603174603175	0.068253968254	0.052380952381	0.0460317460317	0.0301587301587	0.0666666666667	0.0444444444444	0.0444444444444	0.0634920634921	0.0650793650794	0.0714285714286	0.0206349206349	0.052380952381	0.0428571428571	0.0460317460317	0.0460317460317	0.0650793650794	0.0777777777778	0.052380952381	0.0793650793651	0.068253968254	0.0507936507937	0.0396825396825	0.047619047619	0.0428571428571	0.052380952381	0.0539682539683	0.0825396825397	0.112698412698	0.0952380952381	0.0952380952381	0.0555555555556	0.0746031746032	0.0634920634921	0.084126984127	0.0492063492063	0.0825396825397	0.0603174603175	0.0603174603175	0.0587301587302	0.0650793650794	0.068253968254	0.0650793650794	0.0698412698413	0.0619047619048	0.0746031746032	0.0253968253968	0.0666666666667	0.0634920634921	0.0603174603175
158337416-supragingivalplaque1.snv.bam	0.0571428571429	0.0507936507937	0.0571428571429	0.0	0.0126984126984	0.0174603174603	0.0396825396825	0.0380952380952	0.0428571428571	0.0444444444444	0.0539682539683	0.031746031746	0.0190476190476	0.00634920634921	0.0269841269841	0.047619047619	0.0365079365079	0.0428571428571	0.0777777777778	0.0285714285714	0.0174603174603	0.0269841269841	0.0333333333333	0.0761904761905	0.0714285714286	0.0619047619048	0.0349206349206	0.0142857142857	0.00952380952381	0.00952380952381	0.0380952380952	0.0301587301587	0.031746031746	0.0333333333333	0.0206349206349	0.0539682539683	0.0174603174603	0.0301587301587	0.0412698412698	0.0793650793651	0.0809523809524	0.0333333333333	0.0142857142857	0.0698412698413	0.0301587301587	0.0365079365079	0.0285714285714	0.0222222222222	0.052380952381	0.0301587301587	0.0206349206349	0.0142857142857	0.0333333333333	0.0126984126984	0.00952380952381	0.031746031746	0.0206349206349	0.0349206349206	0.0222222222222	0.0111111111111	0.00793650793651	0.0269841269841	0.0507936507937	0.0396825396825	0.0444444444444	0.031746031746	0.0746031746032	0.0111111111111	0.0269841269841	0.0142857142857	0.00952380952381	0.015873015873	0.00952380952381	0.0111111111111	0.0793650793651	0.1	0.0777777777778	0.0730158730159	0.0365079365079	0.0412698412698	0.0238095238095	0.0587301587302	0.0301587301587	0.0634920634921	0.0142857142857	0.031746031746	0.0111111111111	0.0253968253968	0.0301587301587	0.0174603174603	0.0587301587302	0.047619047619	0.0793650793651	0.0111111111111	0.031746031746	0.00793650793651	0.0555555555556
158479027-supragingivalplaque1.snv.bam	0.0444444444444	0.0222222222222	0.0396825396825	0.0126984126984	0.0	0.0015873015873	0.031746031746	0.0285714285714	0.0301587301587	0.0333333333333	0.0365079365079	0.0222222222222	0.00793650793651	0.00793650793651	0.0222222222222	0.0444444444444	0.0412698412698	0.0365079365079	0.0492063492063	0.0253968253968	0.0190476190476	0.0111111111111	0.0285714285714	0.0634920634921	0.052380952381	0.0380952380952	0.0365079365079	0.00793650793651	0.0031746031746	0.0126984126984	0.0333333333333	0.0285714285714	0.015873015873	0.0285714285714	0.00793650793651	0.0428571428571	0.0190476190476	0.031746031746	0.0222222222222	0.0587301587302	0.0603174603175	0.0222222222222	0.0253968253968	0.0396825396825	0.0206349206349	0.0253968253968	0.031746031746	0.0111111111111	0.0412698412698	0.0238095238095	0.0126984126984	0.0111111111111	0.0111111111111	0.0126984126984	0.0111111111111	0.0301587301587	0.0238095238095	0.0349206349206	0.0126984126984	0.00952380952381	0.0111111111111	0.0222222222222	0.0222222222222	0.0253968253968	0.0349206349206	0.0222222222222	0.0666666666667	0.0238095238095	0.0285714285714	0.0142857142857	0.0126984126984	0.0142857142857	0.0206349206349	0.0190476190476	0.0460317460317	0.0698412698413	0.0603174603175	0.0555555555556	0.0253968253968	0.0444444444444	0.0142857142857	0.0428571428571	0.0206349206349	0.0380952380952	0.0269841269841	0.0190476190476	0.0111111111111	0.0301587301587	0.0428571428571	0.0444444444444	0.0507936507937	0.0285714285714	0.0492063492063	0.0047619047619	0.0365079365079	0.0238095238095	0.047619047619
158479027-supragingivalplaque2.snv.bam	0.0349206349206	0.0349206349206	0.0492063492063	0.0174603174603	0.0015873015873	0.0	0.0333333333333	0.031746031746	0.0444444444444	0.0349206349206	0.0507936507937	0.0301587301587	0.015873015873	0.015873015873	0.0238095238095	0.047619047619	0.0396825396825	0.0444444444444	0.0634920634921	0.0269841269841	0.0174603174603	0.0206349206349	0.0301587301587	0.0650793650794	0.0634920634921	0.0428571428571	0.0428571428571	0.0222222222222	0.0111111111111	0.0174603174603	0.0460317460317	0.0412698412698	0.0238095238095	0.0349206349206	0.0190476190476	0.0492063492063	0.0349206349206	0.0333333333333	0.031746031746	0.0730158730159	0.0730158730159	0.0206349206349	0.0269841269841	0.052380952381	0.0269841269841	0.031746031746	0.0380952380952	0.015873015873	0.0444444444444	0.0380952380952	0.0206349206349	0.015873015873	0.015873015873	0.0206349206349	0.015873015873	0.0380952380952	0.0269841269841	0.0301587301587	0.0206349206349	0.0126984126984	0.015873015873	0.031746031746	0.0396825396825	0.0380952380952	0.0428571428571	0.0349206349206	0.0603174603175	0.0253968253968	0.0380952380952	0.0222222222222	0.0206349206349	0.0206349206349	0.0238095238095	0.0222222222222	0.0507936507937	0.0746031746032	0.0666666666667	0.0587301587302	0.0285714285714	0.0492063492063	0.0222222222222	0.0539682539683	0.0253968253968	0.0507936507937	0.031746031746	0.0333333333333	0.0111111111111	0.0365079365079	0.047619047619	0.0444444444444	0.047619047619	0.0253968253968	0.0619047619048	0.0174603174603	0.0365079365079	0.0253968253968	0.0444444444444
158499257-supragingivalplaque1.snv.bam	0.0714285714286	0.047619047619	0.0650793650794	0.0396825396825	0.031746031746	0.0333333333333	0.0	0.0015873015873	0.047619047619	0.052380952381	0.106349206349	0.0571428571429	0.0380952380952	0.0222222222222	0.047619047619	0.047619047619	0.0539682539683	0.0555555555556	0.0761904761905	0.0571428571429	0.0428571428571	0.0333333333333	0.0396825396825	0.0571428571429	0.103174603175	0.0984126984127	0.0603174603175	0.0349206349206	0.0222222222222	0.0238095238095	0.0460317460317	0.0365079365079	0.0507936507937	0.0492063492063	0.0365079365079	0.0539682539683	0.0460317460317	0.0492063492063	0.0603174603175	0.0952380952381	0.0952380952381	0.0412698412698	0.047619047619	0.101587301587	0.0380952380952	0.068253968254	0.0460317460317	0.0380952380952	0.0650793650794	0.0492063492063	0.0333333333333	0.031746031746	0.0571428571429	0.0190476190476	0.0285714285714	0.0460317460317	0.0492063492063	0.0619047619048	0.0253968253968	0.0365079365079	0.0380952380952	0.0444444444444	0.0634920634921	0.0507936507937	0.0714285714286	0.0380952380952	0.0619047619048	0.0634920634921	0.0253968253968	0.00952380952381	0.0396825396825	0.0333333333333	0.031746031746	0.0253968253968	0.0698412698413	0.0968253968254	0.0952380952381	0.0920634920635	0.0349206349206	0.0603174603175	0.0507936507937	0.0777777777778	0.052380952381	0.0952380952381	0.0444444444444	0.0460317460317	0.0380952380952	0.0412698412698	0.0555555555556	0.047619047619	0.0698412698413	0.0555555555556	0.0698412698413	0.031746031746	0.0412698412698	0.0460317460317	0.052380952381
158499257-supragingivalplaque2.snv.bam	0.0634920634921	0.0412698412698	0.0666666666667	0.0380952380952	0.0285714285714	0.031746031746	0.0015873015873	0.0	0.0365079365079	0.0571428571429	0.103174603175	0.052380952381	0.031746031746	0.0206349206349	0.0444444444444	0.0507936507937	0.0460317460317	0.0492063492063	0.0698412698413	0.0428571428571	0.0333333333333	0.0269841269841	0.0396825396825	0.0619047619048	0.107936507937	0.0904761904762	0.0555555555556	0.0238095238095	0.0222222222222	0.0285714285714	0.0460317460317	0.0412698412698	0.0460317460317	0.0460317460317	0.0349206349206	0.052380952381	0.0428571428571	0.0444444444444	0.0555555555556	0.0920634920635	0.0904761904762	0.0365079365079	0.0460317460317	0.0936507936508	0.0365079365079	0.0603174603175	0.0444444444444	0.0301587301587	0.0698412698413	0.0460317460317	0.0380952380952	0.0301587301587	0.0460317460317	0.0174603174603	0.0238095238095	0.0380952380952	0.0460317460317	0.052380952381	0.031746031746	0.0301587301587	0.0333333333333	0.0444444444444	0.0650793650794	0.0507936507937	0.0650793650794	0.0333333333333	0.0603174603175	0.0571428571429	0.0253968253968	0.00952380952381	0.0380952380952	0.0349206349206	0.0269841269841	0.0253968253968	0.068253968254	0.0888888888889	0.0936507936508	0.0888888888889	0.031746031746	0.0587301587302	0.0492063492063	0.0730158730159	0.0412698412698	0.0936507936508	0.0460317460317	0.052380952381	0.0349206349206	0.0301587301587	0.0555555555556	0.0444444444444	0.0619047619048	0.0555555555556	0.0746031746032	0.0285714285714	0.0396825396825	0.0428571428571	0.0444444444444
158802708-supragingivalplaque3.snv.bam	0.0761904761905	0.0396825396825	0.052380952381	0.0428571428571	0.0301587301587	0.0444444444444	0.047619047619	0.0365079365079	0.0	0.0603174603175	0.0952380952381	0.0444444444444	0.0349206349206	0.0301587301587	0.0571428571429	0.0730158730159	0.0698412698413	0.047619047619	0.0793650793651	0.0619047619048	0.0492063492063	0.0460317460317	0.0492063492063	0.0793650793651	0.0936507936508	0.0666666666667	0.0634920634921	0.0380952380952	0.0301587301587	0.0380952380952	0.0761904761905	0.0603174603175	0.0412698412698	0.0460317460317	0.0333333333333	0.0571428571429	0.0444444444444	0.052380952381	0.0539682539683	0.068253968254	0.0714285714286	0.0507936507937	0.047619047619	0.0936507936508	0.031746031746	0.0539682539683	0.0444444444444	0.0444444444444	0.0730158730159	0.052380952381	0.031746031746	0.0285714285714	0.0492063492063	0.031746031746	0.0269841269841	0.047619047619	0.0444444444444	0.0539682539683	0.0365079365079	0.0333333333333	0.0333333333333	0.0444444444444	0.047619047619	0.0571428571429	0.0603174603175	0.0444444444444	0.0698412698413	0.0507936507937	0.0380952380952	0.0253968253968	0.0380952380952	0.0460317460317	0.0460317460317	0.0412698412698	0.0793650793651	0.114285714286	0.084126984127	0.0809523809524	0.047619047619	0.0603174603175	0.0492063492063	0.0730158730159	0.0349206349206	0.0619047619048	0.052380952381	0.0444444444444	0.0507936507937	0.0571428571429	0.0698412698413	0.0634920634921	0.0730158730159	0.0666666666667	0.0746031746032	0.0238095238095	0.0492063492063	0.047619047619	0.0634920634921
158883629-supragingivalplaque2.snv.bam	0.0777777777778	0.0507936507937	0.0634920634921	0.0444444444444	0.0333333333333	0.0349206349206	0.052380952381	0.0571428571429	0.0603174603175	0.0	0.1	0.0539682539683	0.0365079365079	0.0301587301587	0.0603174603175	0.0666666666667	0.0777777777778	0.0714285714286	0.0888888888889	0.0571428571429	0.047619047619	0.0412698412698	0.0492063492063	0.0777777777778	0.101587301587	0.0761904761905	0.0634920634921	0.0412698412698	0.0349206349206	0.0253968253968	0.0730158730159	0.0634920634921	0.0555555555556	0.0492063492063	0.0396825396825	0.0761904761905	0.0460317460317	0.0412698412698	0.0571428571429	0.0968253968254	0.0952380952381	0.0587301587302	0.052380952381	0.0952380952381	0.0412698412698	0.068253968254	0.0555555555556	0.0365079365079	0.0888888888889	0.0571428571429	0.0396825396825	0.0396825396825	0.0619047619048	0.0412698412698	0.0333333333333	0.0507936507937	0.0555555555556	0.0634920634921	0.0365079365079	0.0333333333333	0.0428571428571	0.0444444444444	0.0571428571429	0.0507936507937	0.0507936507937	0.052380952381	0.0761904761905	0.0507936507937	0.0539682539683	0.0365079365079	0.0396825396825	0.0396825396825	0.0587301587302	0.0539682539683	0.0984126984127	0.120634920635	0.101587301587	0.1	0.0492063492063	0.0587301587302	0.0571428571429	0.0730158730159	0.0603174603175	0.0857142857143	0.0666666666667	0.0460317460317	0.031746031746	0.0634920634921	0.0650793650794	0.047619047619	0.0619047619048	0.0492063492063	0.0809523809524	0.0444444444444	0.0571428571429	0.0650793650794	0.0619047619048
158944319-supragingivalplaque1.snv.bam	0.0904761904762	0.0730158730159	0.1	0.0539682539683	0.0365079365079	0.0507936507937	0.106349206349	0.103174603175	0.0952380952381	0.1	0.0	0.047619047619	0.052380952381	0.0539682539683	0.0825396825397	0.106349206349	0.0952380952381	0.0888888888889	0.107936507937	0.0587301587302	0.0571428571429	0.0634920634921	0.0666666666667	0.120634920635	0.0761904761905	0.0809523809524	0.101587301587	0.0571428571429	0.0412698412698	0.0634920634921	0.0984126984127	0.0888888888889	0.0555555555556	0.0555555555556	0.068253968254	0.0873015873016	0.0539682539683	0.0761904761905	0.0587301587302	0.106349206349	0.114285714286	0.0714285714286	0.068253968254	0.084126984127	0.0539682539683	0.0253968253968	0.0714285714286	0.0698412698413	0.107936507937	0.0873015873016	0.0634920634921	0.0412698412698	0.0555555555556	0.0603174603175	0.0460317460317	0.0587301587302	0.0809523809524	0.0761904761905	0.052380952381	0.0507936507937	0.0492063492063	0.0761904761905	0.0603174603175	0.0777777777778	0.0777777777778	0.0650793650794	0.106349206349	0.0206349206349	0.0968253968254	0.084126984127	0.0698412698413	0.0666666666667	0.0634920634921	0.0619047619048	0.1	0.114285714286	0.0809523809524	0.0777777777778	0.0793650793651	0.109523809524	0.0539682539683	0.0761904761905	0.0492063492063	0.0777777777778	0.1	0.052380952381	0.0412698412698	0.0698412698413	0.0904761904762	0.101587301587	0.104761904762	0.0952380952381	0.0984126984127	0.0444444444444	0.0857142857143	0.0650793650794	0.0936507936508
158944319-supragingivalplaque2.snv.bam	0.0666666666667	0.0190476190476	0.0285714285714	0.031746031746	0.0222222222222	0.0301587301587	0.0571428571429	0.052380952381	0.0444444444444	0.0539682539683	0.047619047619	0.0	0.0269841269841	0.0285714285714	0.031746031746	0.0603174603175	0.0507936507937	0.0222222222222	0.0333333333333	0.0412698412698	0.0333333333333	0.0365079365079	0.0380952380952	0.0730158730159	0.0539682539683	0.0428571428571	0.0555555555556	0.031746031746	0.0190476190476	0.031746031746	0.0619047619048	0.0507936507937	0.0365079365079	0.031746031746	0.0174603174603	0.0349206349206	0.0126984126984	0.0460317460317	0.0142857142857	0.0269841269841	0.0365079365079	0.047619047619	0.0396825396825	0.052380952381	0.0269841269841	0.0444444444444	0.0380952380952	0.0333333333333	0.0492063492063	0.0380952380952	0.031746031746	0.0142857142857	0.0380952380952	0.0190476190476	0.0206349206349	0.0380952380952	0.047619047619	0.0587301587302	0.0142857142857	0.0301587301587	0.0190476190476	0.0428571428571	0.031746031746	0.0396825396825	0.0460317460317	0.0365079365079	0.0793650793651	0.031746031746	0.0444444444444	0.0333333333333	0.0253968253968	0.0253968253968	0.0301587301587	0.0301587301587	0.0634920634921	0.0904761904762	0.0793650793651	0.0746031746032	0.047619047619	0.0555555555556	0.0349206349206	0.047619047619	0.0190476190476	0.0507936507937	0.0428571428571	0.031746031746	0.0349206349206	0.0555555555556	0.0539682539683	0.052380952381	0.0650793650794	0.0539682539683	0.0650793650794	0.0174603174603	0.0460317460317	0.031746031746	0.0587301587302
159005010-supragingivalplaque2.snv.bam	0.0444444444444	0.0269841269841	0.0539682539683	0.0190476190476	0.00793650793651	0.015873015873	0.0380952380952	0.031746031746	0.0349206349206	0.0365079365079	0.052380952381	0.0269841269841	0.0	0.00793650793651	0.031746031746	0.0396825396825	0.0412698412698	0.0365079365079	0.0619047619048	0.0190476190476	0.0126984126984	0.0190476190476	0.0222222222222	0.068253968254	0.0126984126984	0.0365079365079	0.0396825396825	0.015873015873	0.0111111111111	0.0142857142857	0.0444444444444	0.0396825396825	0.0206349206349	0.0031746031746	0.0222222222222	0.0507936507937	0.0238095238095	0.0238095238095	0.0206349206349	0.0714285714286	0.0730158730159	0.0253968253968	0.0238095238095	0.0412698412698	0.0222222222222	0.0269841269841	0.0142857142857	0.0047619047619	0.0507936507937	0.0301587301587	0.0222222222222	0.015873015873	0.0174603174603	0.00952380952381	0.0111111111111	0.0047619047619	0.0174603174603	0.0269841269841	0.0190476190476	0.0111111111111	0.0126984126984	0.0365079365079	0.0301587301587	0.0365079365079	0.0380952380952	0.0190476190476	0.0603174603175	0.0142857142857	0.0333333333333	0.0126984126984	0.00952380952381	0.0126984126984	0.015873015873	0.0206349206349	0.0507936507937	0.0857142857143	0.068253968254	0.0650793650794	0.0238095238095	0.0412698412698	0.0142857142857	0.0460317460317	0.0222222222222	0.0492063492063	0.0222222222222	0.0190476190476	0.0174603174603	0.0269841269841	0.0380952380952	0.0285714285714	0.047619047619	0.0428571428571	0.0571428571429	0.00952380952381	0.0285714285714	0.0253968253968	0.0380952380952
159227541-supragingivalplaque1.snv.bam	0.0365079365079	0.0222222222222	0.0380952380952	0.00634920634921	0.00793650793651	0.015873015873	0.0222222222222	0.0206349206349	0.0301587301587	0.0301587301587	0.0539682539683	0.0285714285714	0.00793650793651	0.0	0.0174603174603	0.0285714285714	0.0396825396825	0.0301587301587	0.0539682539683	0.0222222222222	0.0111111111111	0.0142857142857	0.0190476190476	0.0555555555556	0.0650793650794	0.047619047619	0.0285714285714	0.0142857142857	0.0047619047619	0.00634920634921	0.0333333333333	0.0253968253968	0.0238095238095	0.0174603174603	0.00634920634921	0.0460317460317	0.0126984126984	0.0222222222222	0.015873015873	0.0634920634921	0.0634920634921	0.0126984126984	0.0206349206349	0.0507936507937	0.0126984126984	0.0269841269841	0.0206349206349	0.0047619047619	0.0444444444444	0.0238095238095	0.0126984126984	0.00793650793651	0.0174603174603	0.00952380952381	0.00793650793651	0.0206349206349	0.015873015873	0.0222222222222	0.0142857142857	0.00634920634921	0.0047619047619	0.0190476190476	0.0269841269841	0.0206349206349	0.0301587301587	0.0174603174603	0.068253968254	0.0222222222222	0.0206349206349	0.00634920634921	0.0031746031746	0.0111111111111	0.00952380952381	0.00634920634921	0.0650793650794	0.084126984127	0.0555555555556	0.052380952381	0.0206349206349	0.0285714285714	0.0142857142857	0.0444444444444	0.0190476190476	0.0460317460317	0.015873015873	0.015873015873	0.0047619047619	0.0174603174603	0.0333333333333	0.0285714285714	0.0428571428571	0.0396825396825	0.0428571428571	0.0031746031746	0.0142857142857	0.0190476190476	0.0380952380952
159268001-supragingivalplaque1.snv.bam	0.0730158730159	0.0428571428571	0.0603174603175	0.0269841269841	0.0222222222222	0.0238095238095	0.047619047619	0.0444444444444	0.0571428571429	0.0603174603175	0.0825396825397	0.031746031746	0.031746031746	0.0174603174603	0.0	0.0285714285714	0.00634920634921	0.0365079365079	0.0619047619048	0.047619047619	0.0380952380952	0.0396825396825	0.0507936507937	0.084126984127	0.0793650793651	0.0761904761905	0.0507936507937	0.0238095238095	0.0190476190476	0.0285714285714	0.0619047619048	0.052380952381	0.0380952380952	0.0396825396825	0.0269841269841	0.0460317460317	0.0349206349206	0.031746031746	0.0301587301587	0.0761904761905	0.0809523809524	0.0301587301587	0.0333333333333	0.0809523809524	0.0206349206349	0.0444444444444	0.0460317460317	0.0301587301587	0.0206349206349	0.0492063492063	0.0238095238095	0.0238095238095	0.0349206349206	0.0222222222222	0.015873015873	0.0380952380952	0.047619047619	0.0507936507937	0.031746031746	0.0349206349206	0.0253968253968	0.0349206349206	0.0365079365079	0.052380952381	0.0666666666667	0.0507936507937	0.0730158730159	0.0428571428571	0.0492063492063	0.0269841269841	0.0238095238095	0.0222222222222	0.0206349206349	0.0253968253968	0.0777777777778	0.0984126984127	0.0746031746032	0.0746031746032	0.0460317460317	0.0587301587302	0.0349206349206	0.0698412698413	0.0238095238095	0.0761904761905	0.0365079365079	0.047619047619	0.0380952380952	0.0492063492063	0.0571428571429	0.052380952381	0.0650793650794	0.0507936507937	0.068253968254	0.0174603174603	0.0444444444444	0.0365079365079	0.0460317460317
159268001-supragingivalplaque2.snv.bam	0.0777777777778	0.0603174603175	0.0730158730159	0.047619047619	0.0444444444444	0.047619047619	0.047619047619	0.0507936507937	0.0730158730159	0.0666666666667	0.106349206349	0.0603174603175	0.0396825396825	0.0285714285714	0.0285714285714	0.0	0.0301587301587	0.0539682539683	0.0809523809524	0.0650793650794	0.0539682539683	0.0444444444444	0.052380952381	0.0873015873016	0.101587301587	0.0920634920635	0.0666666666667	0.0492063492063	0.0412698412698	0.0428571428571	0.0666666666667	0.0507936507937	0.0619047619048	0.052380952381	0.0428571428571	0.0825396825397	0.047619047619	0.0412698412698	0.0619047619048	0.0984126984127	0.0968253968254	0.0444444444444	0.0507936507937	0.104761904762	0.0460317460317	0.0634920634921	0.0555555555556	0.0444444444444	0.0619047619048	0.0507936507937	0.0380952380952	0.0380952380952	0.052380952381	0.0396825396825	0.0380952380952	0.0571428571429	0.0603174603175	0.0714285714286	0.0507936507937	0.0444444444444	0.0444444444444	0.0539682539683	0.052380952381	0.068253968254	0.0714285714286	0.0571428571429	0.084126984127	0.0603174603175	0.0539682539683	0.0333333333333	0.0380952380952	0.0365079365079	0.0380952380952	0.0349206349206	0.0809523809524	0.107936507937	0.0888888888889	0.0873015873016	0.0539682539683	0.0730158730159	0.0539682539683	0.0873015873016	0.052380952381	0.0968253968254	0.0507936507937	0.0507936507937	0.0396825396825	0.0603174603175	0.0666666666667	0.0619047619048	0.0698412698413	0.0714285714286	0.0809523809524	0.0428571428571	0.0539682539683	0.0555555555556	0.0634920634921
159268001-supragingivalplaque3.snv.bam	0.0873015873016	0.0587301587302	0.0730158730159	0.0365079365079	0.0412698412698	0.0396825396825	0.0539682539683	0.0460317460317	0.0698412698413	0.0777777777778	0.0952380952381	0.0507936507937	0.0412698412698	0.0396825396825	0.00634920634921	0.0301587301587	0.0	0.0666666666667	0.0857142857143	0.0539682539683	0.0492063492063	0.0444444444444	0.0650793650794	0.101587301587	0.104761904762	0.0857142857143	0.0650793650794	0.0380952380952	0.031746031746	0.0460317460317	0.0698412698413	0.0571428571429	0.047619047619	0.0555555555556	0.0492063492063	0.0809523809524	0.052380952381	0.0380952380952	0.0619047619048	0.0968253968254	0.0968253968254	0.0412698412698	0.0492063492063	0.0888888888889	0.0396825396825	0.0619047619048	0.0539682539683	0.0349206349206	0.0285714285714	0.0603174603175	0.0460317460317	0.0333333333333	0.0507936507937	0.0428571428571	0.0333333333333	0.0539682539683	0.0603174603175	0.0666666666667	0.047619047619	0.0412698412698	0.0365079365079	0.0539682539683	0.0634920634921	0.0761904761905	0.0698412698413	0.0619047619048	0.0825396825397	0.0571428571429	0.0603174603175	0.0460317460317	0.0349206349206	0.0507936507937	0.0238095238095	0.0365079365079	0.0857142857143	0.115873015873	0.0984126984127	0.0936507936508	0.0571428571429	0.0761904761905	0.052380952381	0.084126984127	0.0396825396825	0.0936507936508	0.0587301587302	0.052380952381	0.0396825396825	0.0539682539683	0.0777777777778	0.068253968254	0.0698412698413	0.0761904761905	0.0952380952381	0.0333333333333	0.0507936507937	0.047619047619	0.0492063492063
159369152-supragingivalplaque1.snv.bam	0.0825396825397	0.031746031746	0.0365079365079	0.0428571428571	0.0365079365079	0.0444444444444	0.0555555555556	0.0492063492063	0.047619047619	0.0714285714286	0.0888888888889	0.0222222222222	0.0365079365079	0.0301587301587	0.0365079365079	0.0539682539683	0.0666666666667	0.0	0.0031746031746	0.0650793650794	0.0555555555556	0.031746031746	0.0492063492063	0.0968253968254	0.0920634920635	0.0777777777778	0.0825396825397	0.0349206349206	0.0269841269841	0.0380952380952	0.0650793650794	0.0634920634921	0.0428571428571	0.0428571428571	0.0253968253968	0.0460317460317	0.0285714285714	0.0634920634921	0.0333333333333	0.0365079365079	0.0365079365079	0.0460317460317	0.0634920634921	0.0952380952381	0.0428571428571	0.0619047619048	0.0507936507937	0.0444444444444	0.0730158730159	0.0507936507937	0.0396825396825	0.0222222222222	0.0603174603175	0.0349206349206	0.0285714285714	0.0555555555556	0.0587301587302	0.0666666666667	0.0126984126984	0.0444444444444	0.0333333333333	0.0365079365079	0.0460317460317	0.052380952381	0.0746031746032	0.0396825396825	0.0936507936508	0.052380952381	0.0555555555556	0.0365079365079	0.0285714285714	0.0412698412698	0.0460317460317	0.0396825396825	0.0809523809524	0.106349206349	0.0904761904762	0.0873015873016	0.0571428571429	0.0698412698413	0.0555555555556	0.0873015873016	0.0412698412698	0.0809523809524	0.0492063492063	0.0603174603175	0.052380952381	0.0650793650794	0.0571428571429	0.0571428571429	0.0825396825397	0.068253968254	0.0698412698413	0.0190476190476	0.052380952381	0.052380952381	0.0619047619048
159369152-supragingivalplaque2.snv.bam	0.104761904762	0.0460317460317	0.0349206349206	0.0777777777778	0.0492063492063	0.0634920634921	0.0761904761905	0.0698412698413	0.0793650793651	0.0888888888889	0.107936507937	0.0333333333333	0.0619047619048	0.0539682539683	0.0619047619048	0.0809523809524	0.0857142857143	0.0031746031746	0.0	0.0857142857143	0.0825396825397	0.0619047619048	0.0714285714286	0.107936507937	0.106349206349	0.0984126984127	0.0952380952381	0.0603174603175	0.0428571428571	0.0666666666667	0.0857142857143	0.0761904761905	0.0730158730159	0.0666666666667	0.0507936507937	0.0539682539683	0.0571428571429	0.0920634920635	0.0571428571429	0.0301587301587	0.0301587301587	0.0698412698413	0.0857142857143	0.11746031746	0.0603174603175	0.0904761904762	0.0714285714286	0.0761904761905	0.0857142857143	0.0793650793651	0.0698412698413	0.0460317460317	0.0793650793651	0.0571428571429	0.0539682539683	0.084126984127	0.0920634920635	0.0952380952381	0.0460317460317	0.0666666666667	0.0587301587302	0.0587301587302	0.0603174603175	0.0746031746032	0.103174603175	0.0619047619048	0.107936507937	0.0746031746032	0.0746031746032	0.0539682539683	0.0555555555556	0.0603174603175	0.0698412698413	0.0650793650794	0.0888888888889	0.120634920635	0.0936507936508	0.0952380952381	0.0809523809524	0.1	0.0650793650794	0.0984126984127	0.052380952381	0.101587301587	0.0698412698413	0.0761904761905	0.0746031746032	0.0936507936508	0.0777777777778	0.0746031746032	0.104761904762	0.0809523809524	0.0809523809524	0.0396825396825	0.0793650793651	0.0777777777778	0.0777777777778
159510762-supragingivalplaque2.snv.bam	0.0698412698413	0.0444444444444	0.0650793650794	0.0285714285714	0.0253968253968	0.0269841269841	0.0571428571429	0.0428571428571	0.0619047619048	0.0571428571429	0.0587301587302	0.0412698412698	0.0190476190476	0.0222222222222	0.047619047619	0.0650793650794	0.0539682539683	0.0650793650794	0.0857142857143	0.0	0.0	0.0349206349206	0.0444444444444	0.0777777777778	0.0825396825397	0.0730158730159	0.0619047619048	0.0222222222222	0.0142857142857	0.0206349206349	0.0460317460317	0.0444444444444	0.0396825396825	0.031746031746	0.0269841269841	0.0587301587302	0.031746031746	0.0349206349206	0.047619047619	0.0904761904762	0.0904761904762	0.0365079365079	0.0333333333333	0.0793650793651	0.0349206349206	0.0507936507937	0.0428571428571	0.031746031746	0.0666666666667	0.0349206349206	0.0269841269841	0.0190476190476	0.031746031746	0.0206349206349	0.0238095238095	0.0380952380952	0.0444444444444	0.0507936507937	0.0190476190476	0.0253968253968	0.0174603174603	0.0349206349206	0.0396825396825	0.0460317460317	0.0539682539683	0.0444444444444	0.0714285714286	0.0396825396825	0.0412698412698	0.0301587301587	0.0253968253968	0.0190476190476	0.0285714285714	0.0285714285714	0.0666666666667	0.0666666666667	0.0904761904762	0.0873015873016	0.0412698412698	0.0507936507937	0.0396825396825	0.0666666666667	0.0412698412698	0.0746031746032	0.0444444444444	0.0285714285714	0.0269841269841	0.0444444444444	0.0603174603175	0.0571428571429	0.0603174603175	0.0539682539683	0.0650793650794	0.0222222222222	0.0380952380952	0.0285714285714	0.052380952381
159510762-tonguedorsum3.snv.bam	0.0571428571429	0.031746031746	0.0571428571429	0.0174603174603	0.0190476190476	0.0174603174603	0.0428571428571	0.0333333333333	0.0492063492063	0.047619047619	0.0571428571429	0.0333333333333	0.0126984126984	0.0111111111111	0.0380952380952	0.0539682539683	0.0492063492063	0.0555555555556	0.0825396825397	0.0	0.0	0.0222222222222	0.0301587301587	0.0634920634921	0.0634920634921	0.0587301587302	0.0507936507937	0.0190476190476	0.0111111111111	0.015873015873	0.0444444444444	0.0349206349206	0.0285714285714	0.0253968253968	0.0206349206349	0.0571428571429	0.0285714285714	0.0253968253968	0.0365079365079	0.084126984127	0.0809523809524	0.0269841269841	0.0269841269841	0.0603174603175	0.0269841269841	0.0380952380952	0.0349206349206	0.0190476190476	0.0571428571429	0.031746031746	0.0190476190476	0.0142857142857	0.0238095238095	0.0111111111111	0.0190476190476	0.0238095238095	0.0269841269841	0.0380952380952	0.015873015873	0.015873015873	0.0126984126984	0.0269841269841	0.0333333333333	0.0380952380952	0.0412698412698	0.0253968253968	0.0603174603175	0.0333333333333	0.0269841269841	0.0174603174603	0.0174603174603	0.0111111111111	0.0190476190476	0.0206349206349	0.0571428571429	0.0587301587302	0.0809523809524	0.0825396825397	0.0333333333333	0.0412698412698	0.031746031746	0.052380952381	0.0333333333333	0.0666666666667	0.0349206349206	0.0253968253968	0.015873015873	0.0333333333333	0.0507936507937	0.0492063492063	0.0555555555556	0.0492063492063	0.0539682539683	0.015873015873	0.0285714285714	0.0222222222222	0.0428571428571
159571453-supragingivalplaque2.snv.bam	0.0571428571429	0.0222222222222	0.0492063492063	0.0269841269841	0.0111111111111	0.0206349206349	0.0333333333333	0.0269841269841	0.0460317460317	0.0412698412698	0.0634920634921	0.0365079365079	0.0190476190476	0.0142857142857	0.0396825396825	0.0444444444444	0.0444444444444	0.031746031746	0.0619047619048	0.0349206349206	0.0222222222222	0.0	0.0380952380952	0.0666666666667	0.0730158730159	0.0555555555556	0.052380952381	0.0126984126984	0.00793650793651	0.015873015873	0.0460317460317	0.0301587301587	0.0253968253968	0.0206349206349	0.0238095238095	0.0603174603175	0.031746031746	0.0333333333333	0.031746031746	0.0698412698413	0.0714285714286	0.0285714285714	0.0412698412698	0.0714285714286	0.015873015873	0.0190476190476	0.0380952380952	0.0222222222222	0.0650793650794	0.0238095238095	0.0253968253968	0.015873015873	0.031746031746	0.0142857142857	0.0222222222222	0.0285714285714	0.031746031746	0.0492063492063	0.0142857142857	0.0206349206349	0.0126984126984	0.0253968253968	0.0380952380952	0.0380952380952	0.047619047619	0.0269841269841	0.0555555555556	0.0285714285714	0.0365079365079	0.0126984126984	0.0206349206349	0.0222222222222	0.0238095238095	0.0111111111111	0.068253968254	0.0920634920635	0.0666666666667	0.0666666666667	0.0269841269841	0.0492063492063	0.0269841269841	0.0666666666667	0.0333333333333	0.0730158730159	0.0349206349206	0.0238095238095	0.015873015873	0.0333333333333	0.0412698412698	0.0349206349206	0.0650793650794	0.0412698412698	0.0571428571429	0.00952380952381	0.031746031746	0.0333333333333	0.0412698412698
159591683-supragingivalplaque1.snv.bam	0.0428571428571	0.0507936507937	0.0634920634921	0.0333333333333	0.0285714285714	0.0301587301587	0.0396825396825	0.0396825396825	0.0492063492063	0.0492063492063	0.0666666666667	0.0380952380952	0.0222222222222	0.0190476190476	0.0507936507937	0.052380952381	0.0650793650794	0.0492063492063	0.0714285714286	0.0444444444444	0.0301587301587	0.0380952380952	0.0	0.015873015873	0.0619047619048	0.0380952380952	0.0666666666667	0.0269841269841	0.0222222222222	0.031746031746	0.0603174603175	0.0460317460317	0.0380952380952	0.0380952380952	0.0301587301587	0.0603174603175	0.031746031746	0.0507936507937	0.0238095238095	0.0825396825397	0.084126984127	0.0428571428571	0.0349206349206	0.0444444444444	0.0396825396825	0.0412698412698	0.0507936507937	0.0365079365079	0.0777777777778	0.0380952380952	0.0349206349206	0.0269841269841	0.0301587301587	0.0285714285714	0.0285714285714	0.0460317460317	0.0412698412698	0.047619047619	0.0222222222222	0.0238095238095	0.0285714285714	0.0444444444444	0.0539682539683	0.0460317460317	0.0253968253968	0.0222222222222	0.0777777777778	0.0253968253968	0.0460317460317	0.0365079365079	0.0396825396825	0.031746031746	0.0428571428571	0.0412698412698	0.0650793650794	0.0904761904762	0.084126984127	0.0809523809524	0.047619047619	0.0571428571429	0.0412698412698	0.015873015873	0.0365079365079	0.0253968253968	0.0412698412698	0.0380952380952	0.0301587301587	0.0444444444444	0.0555555555556	0.0444444444444	0.0619047619048	0.0555555555556	0.0650793650794	0.0349206349206	0.0507936507937	0.047619047619	0.0507936507937
