	158256496-posteriorfornix2.snv.bam	158944319-posteriorfornix1.snv.bam	158944319-posteriorfornix2.snv.bam	158944319-posteriorfornix3.snv.bam	159753524-posteriorfornix1.snv.bam	159753524-posteriorfornix2.snv.bam	159753524-posteriorfornix3.snv.bam	160502038-posteriorfornix1.snv.bam	160502038-posteriorfornix2.snv.bam	160502038-posteriorfornix3.snv.bam	160582958-posteriorfornix1.snv.bam	160582958-posteriorfornix2.snv.bam	160582958-posteriorfornix3.snv.bam	160643649-posteriorfornix1.snv.bam	160704339-posteriorfornix1.snv.bam	275382046-supragingivalplaque3.snv.bam	550534656-posteriorfornix1.snv.bam	550534656-posteriorfornix2.snv.bam	638754422-posteriorfornix1.snv.bam	638754422-posteriorfornix2.snv.bam	638754422-posteriorfornix3.snv.bam	675950834-posteriorfornix1.snv.bam	675950834-posteriorfornix2.snv.bam	737052003-posteriorfornix1.snv.bam	737052003-posteriorfornix2.snv.bam	763557224-posteriorfornix3.snv.bam	763577454-midvagina1.snv.bam	763577454-midvagina2.snv.bam	763719065-posteriorfornix3.snv.bam	763719065-vaginalintroitus3.snv.bam	763759525-posteriorfornix1.snv.bam	763901136-posteriorfornix1.snv.bam	763901136-posteriorfornix2.snv.bam	763901136-posteriorfornix3.snv.bam	763901136-vaginalintroitus3.snv.bam	763921366-posteriorfornix3.snv.bam	764042746-posteriorfornix1.snv.bam	764042746-posteriorfornix2.snv.bam	764042746-vaginalintroitus2.snv.bam	764366428-posteriorfornix2.snv.bam	764366428-posteriorfornix3.snv.bam	764366428-vaginalintroitus3.snv.bam	764467579-posteriorfornix3.snv.bam	764649650-posteriorfornix1.snv.bam	764811490-posteriorfornix2.snv.bam	765013792-posteriorfornix1.snv.bam	765013792-posteriorfornix2.snv.bam	765013792-posteriorfornix3.snv.bam	765256553-posteriorfornix3.snv.bam	765620695-posteriorfornix1.snv.bam	CCIS41806458ST-4-0.snv.bam	DLM012.snv.bam
158256496-posteriorfornix2.snv.bam	0.0	0.0364363636364	0.0364825531005	0.0363636363636	0.299747474747	0.300081840138	0.299608548378	0.103545803105	0.0931321062859	0.0924260219175	0.090944466856	0.0909713574097	0.0909525750251	0.0365543547362	0.272370962371	0.0365091712782	0.0455080213904	0.0454545454545	0.245394056281	0.0552319146878	0.0464929783914	0.0637101262793	0.0637853949329	0.300062210252	0.3	0.100151373633	0.00160550458716	0.0	0.0733944954128	0.0733944954128	0.0384732627806	0.0455740506958	0.0456037856038	0.0454545454545	0.045513963161	0.0387012987013	0.341562083999	0.268316305845	0.287979139535	0.0277477572932	0.0274194289002	0.0273796791444	0.0363636363636	0.0999561717454	0.303066017496	0.167354029618	0.188776381886	0.186084395891	0.227455031599	0.0723320158103	0.589097210617	0.274369747899
158944319-posteriorfornix1.snv.bam	0.0364363636364	0.0	0.000191644009641	7.27272727273e-05	0.336183838384	0.33644017022	0.336044912014	0.0672548940142	0.056841197195	0.0561351128266	0.0547309272041	0.0546804483188	0.0546616659342	0.0729907183725	0.23608005328	0.000218262187255	0.00921711229947	0.00916363636364	0.208623414079	0.0175715373293	0.0102020693005	0.0274192171883	0.027494485842	0.336498573888	0.336436363636	0.0638604645418	0.038376146789	0.0374579439252	0.110165137615	0.110165137615	0.00218235368965	0.00928314160485	0.00931287651288	0.00916363636364	0.00922305407011	0.00241038961039	0.304450972888	0.231879942209	0.251542775899	0.0638168114714	0.0638557925366	0.0638160427807	7.27272727273e-05	0.0636652626544	0.265954906385	0.12969365226	0.152485472795	0.149793486801	0.191164122509	0.0368316205534	0.589179750299	0.303049486461
158944319-posteriorfornix2.snv.bam	0.0364825531005	0.000191644009641	0.0	0.000118916736913	0.336230027848	0.336486359684	0.336091101479	0.0673010834784	0.0568873866592	0.0561813022907	0.0547771166683	0.054726637783	0.0546342447984	0.0729632972368	0.236052928961	0.000264451651441	0.00926330176365	0.00920982582782	0.208816816291	0.0176194697921	0.0102482587647	0.0273917960526	0.0274670647063	0.336544763353	0.336482553101	0.0639066540059	0.0384227600097	0.0375054284211	0.11004572179	0.11004572179	0.00222854315384	0.00932933106903	0.00935906597706	0.00920982582782	0.0092692435343	0.00245657907457	0.304524895805	0.231907066527	0.251569900218	0.0637893903356	0.0638283714008	0.063788621645	0.000118916736913	0.0637114521186	0.266150099358	0.129741584723	0.152531662259	0.149839676265	0.191210311973	0.0368778100175	0.589303404348	0.303256161374
158944319-posteriorfornix3.snv.bam	0.0363636363636	7.27272727273e-05	0.000118916736913	0.0	0.336111111111	0.336367442948	0.335972184742	0.0671821667415	0.0567684699223	0.0560623855538	0.0546581999314	0.0546077210461	0.0545889386614	0.0729179910998	0.236007326007	0.000145534914527	0.00914438502674	0.00909090909091	0.208696808574	0.0174960656312	0.0101293420278	0.0273464899156	0.0274217585693	0.336425846616	0.336363636364	0.063787737269	0.0383027522936	0.0373831775701	0.110091743119	0.110091743119	0.00210962641692	0.00921041433212	0.00924014924015	0.00909090909091	0.00915032679739	0.00233766233766	0.304525046962	0.231952669481	0.251615503172	0.0637440841986	0.0637830652639	0.063743315508	0.0	0.0635925353817	0.266028980459	0.129618180562	0.152412745522	0.149720759528	0.191091395236	0.0367588932806	0.589255940775	0.303127917834
159753524-posteriorfornix1.snv.bam	0.299747474747	0.336183838384	0.336230027848	0.336111111111	0.0	0.000419726039622	0.000515343603012	0.27672953088	0.310755693617	0.310237906533	0.317816547543	0.317867026429	0.317972777045	0.335920392739	0.208987123987	0.336049363377	0.345255496138	0.345202020202	0.220873410685	0.326057393488	0.331315357064	0.363457601027	0.36353286968	0.000628215128457	0.000252525252527	0.327021616776	0.303185524975	0.308151609553	0.375891946993	0.375891946993	0.334980505673	0.345321525443	0.345351260351	0.345202020202	0.345261437908	0.334206349206	0.491376624563	0.447945907937	0.461790714746	0.326912481458	0.327166903648	0.326913250149	0.336111111111	0.326966278564	0.178672665631	0.245534968176	0.238307621264	0.238934634997	0.218616647761	0.29935221783	0.551266522786	0.27557578587
159753524-posteriorfornix2.snv.bam	0.300081840138	0.33644017022	0.336486359684	0.336367442948	0.000419726039622	0.0	0.000801076651488	0.276985862716	0.311012025453	0.310494238369	0.31807287938	0.318123358265	0.318229108882	0.336254758129	0.208751038695	0.336305695214	0.345511827974	0.345458352038	0.221132094189	0.326323398224	0.3315716889	0.363713932863	0.363789201517	0.000542890663025	0.000167200787095	0.327277948612	0.303522957938	0.308495349675	0.376229379956	0.376229379956	0.33523683751	0.34557785728	0.345534864915	0.345458352038	0.345517769745	0.334462681043	0.491637703285	0.448202239774	0.462047046582	0.327246846849	0.327501269039	0.327247615539	0.336367442948	0.327222610401	0.178506282463	0.24562750021	0.2385639531	0.239190966834	0.218453289741	0.299693910316	0.55099242571	0.27548376929
159753524-posteriorfornix3.snv.bam	0.299608548378	0.336044912014	0.336091101479	0.335972184742	0.000515343603012	0.000801076651488	0.0	0.27659060451	0.310616767248	0.310098980164	0.317677621174	0.317728100059	0.317833850676	0.335781466369	0.209368474599	0.335910437008	0.345116569768	0.345063093833	0.220733209761	0.325913224614	0.330934006452	0.363318674657	0.363393943311	0.00100956574032	0.000633875864394	0.326882690406	0.303045324051	0.308008788052	0.37575174607	0.37575174607	0.334841579304	0.345182599074	0.345212333982	0.345063093833	0.345122511539	0.334067422837	0.49137541729	0.447806981568	0.461651788376	0.326773555088	0.327027977278	0.326774323779	0.335972184742	0.326827352195	0.178780494678	0.245803693162	0.238168694895	0.238795708628	0.218997998373	0.29959207934	0.551412064697	0.275578549602
160502038-posteriorfornix1.snv.bam	0.103545803105	0.0672548940142	0.0673010834784	0.0671821667415	0.27672953088	0.276985862716	0.27659060451	0.0	0.0893224008792	0.0853722554993	0.105707668726	0.10565718984	0.105638407456	0.139718721096	0.176625745776	0.067327701656	0.0763265517682	0.0762730758324	0.158089867827	0.0773907527932	0.0676709143608	0.0945286566571	0.0946039253108	0.277044266385	0.276982056132	0.114761762834	0.105183837996	0.106448956463	0.177890260014	0.177890260014	0.0673549238344	0.0763925810736	0.0764223159816	0.0762730758324	0.0763324935388	0.0695198290791	0.327044524634	0.255759860247	0.278946948527	0.13092625094	0.130888190403	0.130925482249	0.0671821667415	0.114642004176	0.205547741335	0.0984527390006	0.0986050752707	0.0914918828023	0.139774546762	0.043445404981	0.588570940186	0.317362079225
160502038-posteriorfornix2.snv.bam	0.0931321062859	0.056841197195	0.0568873866592	0.0567684699223	0.310755693617	0.311012025453	0.310616767248	0.0893224008792	0.0	0.00429647554228	0.0164574179186	0.0164069390333	0.0163881566486	0.129305024277	0.210651908513	0.0569140048368	0.065912854949	0.0658593790132	0.191026371855	0.0651153130359	0.0572572175417	0.0841149598379	0.0841902284916	0.311070429122	0.31100821887	0.0255115120272	0.0946746026739	0.095743286836	0.167381024692	0.167381024692	0.0569412270152	0.0659067341823	0.0660086191624	0.0658593790132	0.0659187967197	0.0591061322599	0.354954395864	0.281712595879	0.301375429569	0.120512554121	0.120474493584	0.12051178543	0.0567684699223	0.0253917533689	0.240204018197	0.172542865959	0.18792747615	0.17759794357	0.229096947642	0.0838744889521	0.572392204521	0.288052771174
160502038-posteriorfornix3.snv.bam	0.0924260219175	0.0561351128266	0.0561813022907	0.0560623855538	0.310237906533	0.310494238369	0.310098980164	0.0853722554993	0.00429647554228	0.0	0.0205589777881	0.0205084989028	0.0204158066881	0.128598939909	0.210135654828	0.0561337089656	0.0652067705806	0.0651532946447	0.188241757982	0.0643055720375	0.0564769216704	0.0834088754694	0.0834841441231	0.310552642038	0.310490431786	0.0296130718968	0.0939620404672	0.0950174057095	0.166668462486	0.166668462486	0.0561612328167	0.065272799886	0.065302534794	0.0651532946447	0.0652127123512	0.0584000478915	0.353473072747	0.280258205909	0.2999210396	0.11973225825	0.119768409215	0.119805701062	0.0560623855538	0.0294933132384	0.239753482789	0.169217925946	0.183829209437	0.173499676857	0.224998680929	0.0824236989121	0.573693091764	0.290044545241
160582958-posteriorfornix1.snv.bam	0.090944466856	0.0547309272041	0.0547771166683	0.0546581999314	0.317816547543	0.31807287938	0.317677621174	0.105707668726	0.0164574179186	0.0205589777881	0.0	0.000175011886554	0.000233929579614	0.127117384847	0.217864343381	0.0548037348459	0.0638025849581	0.0637491090223	0.207487375358	0.0668248558271	0.0609497855127	0.082004689847	0.0820799585007	0.318131283048	0.318069072796	0.00935502810951	0.0924668931574	0.0934943117211	0.165173315176	0.165173315176	0.0554505203878	0.0638686142635	0.0638983491715	0.0637491090223	0.0638085267288	0.056995862269	0.35999670046	0.286536959583	0.306199793273	0.118324914691	0.118286854154	0.118324146	0.0546581999314	0.00933365248591	0.248355169653	0.186262255195	0.204238834166	0.193909301586	0.245408305658	0.091417093212	0.570249006596	0.283478518548
160582958-posteriorfornix2.snv.bam	0.0909713574097	0.0546804483188	0.054726637783	0.0546077210461	0.317867026429	0.318123358265	0.317728100059	0.10565718984	0.0164069390333	0.0205084989028	0.000175011886554	0.0	0.000183450694306	0.127144275401	0.217887774326	0.0547532559606	0.0637521060728	0.063698630137	0.207511021265	0.0668109780466	0.0608993066274	0.0819542109617	0.0820294796154	0.318181761933	0.318119551681	0.0093045492242	0.0924940304135	0.0935219562156	0.165200452432	0.165200452432	0.0554739513325	0.0638181353782	0.0638478702862	0.063698630137	0.0637580478435	0.0569453833837	0.360020565311	0.286560390527	0.306223224218	0.118227272243	0.118313744707	0.118351036554	0.0546077210461	0.0092831736006	0.248379034504	0.186286570326	0.204262265111	0.193932732531	0.245431736603	0.0913666143267	0.5702735533	0.283587224844
160582958-posteriorfornix3.snv.bam	0.0909525750251	0.0546616659342	0.0546342447984	0.0545889386614	0.317972777045	0.318229108882	0.317833850676	0.105638407456	0.0163881566486	0.0204158066881	0.000233929579614	0.000183450694306	0.0	0.127035036209	0.217794780439	0.054734473576	0.0637333236882	0.0636798477523	0.207492066565	0.0667914868927	0.0608805242427	0.0818449717702	0.0819202404239	0.31828751255	0.318225302298	0.00936346691726	0.0924750757134	0.093502647222	0.165090211046	0.165090211046	0.055380957445	0.0637993529935	0.0638290879016	0.0636798477523	0.0637392654588	0.0569266009991	0.359909303171	0.286451151336	0.306113985026	0.118242566053	0.118204505516	0.118241797363	0.0545889386614	0.00926439121595	0.248359904297	0.186190067236	0.204169271224	0.193839738644	0.245338742715	0.0913478319421	0.570159112242	0.283566969331
160643649-posteriorfornix1.snv.bam	0.0365543547362	0.0729907183725	0.0729632972368	0.0729179910998	0.335920392739	0.336254758129	0.335781466369	0.139718721096	0.129305024277	0.128598939909	0.127117384847	0.127144275401	0.127035036209	0.0	0.308543880362	0.0730635260143	0.0820623761265	0.0820089001907	0.281898835905	0.0927698484521	0.0826658963825	0.04571902647	0.0457942951237	0.336235128243	0.336172917991	0.136324291624	0.0383187913004	0.0375792431867	0.055238339642	0.055238339642	0.0750276175167	0.0821284054319	0.08215814034	0.0820089001907	0.0820683178972	0.0752556534375	0.326367047165	0.259960015671	0.277408288728	0.00975665748393	0.00942832909094	0.0093885793351	0.0729179910998	0.136129089736	0.339908804339	0.205287793967	0.224949299877	0.222257313883	0.264009386336	0.108886370546	0.589028773307	0.313379757497
160704339-posteriorfornix1.snv.bam	0.272370962371	0.23608005328	0.236052928961	0.236007326007	0.208987123987	0.208751038695	0.209368474599	0.176625745776	0.210651908513	0.210135654828	0.217864343381	0.217887774326	0.217794780439	0.308543880362	0.0	0.235945578273	0.245151711034	0.245098235098	0.126313617986	0.230630001693	0.230562221311	0.263353815923	0.263429084577	0.209110288611	0.208734598735	0.22699234732	0.275557851934	0.280007531409	0.348264273952	0.348264273952	0.234130799823	0.245217740339	0.245112795113	0.245098235098	0.245157652805	0.235487845488	0.403198393741	0.355024804467	0.372717406215	0.299448379903	0.299790391271	0.299536737772	0.236007326007	0.22686249346	0.104419398322	0.123381335645	0.120489179683	0.121995833058	0.0638952580396	0.200038946561	0.541717130379	0.273798750269
275382046-supragingivalplaque3.snv.bam	0.0365091712782	0.000218262187255	0.000264451651441	0.000145534914527	0.336049363377	0.336305695214	0.335910437008	0.067327701656	0.0569140048368	0.0561337089656	0.0548037348459	0.0547532559606	0.054734473576	0.0730635260143	0.235945578273	0.0	0.00928991994127	0.00923644400544	0.208634494348	0.017431987794	0.0100675942938	0.0274920248301	0.0275672934838	0.336364098882	0.33630188863	0.0639332721836	0.0384496223908	0.0375327929028	0.110238613216	0.110238613216	0.00225516133145	0.00935594924665	0.00938568415468	0.00923644400544	0.00929586171191	0.00248319725219	0.304673276967	0.232098204396	0.251761038086	0.0637880447099	0.0639286001784	0.0638888504225	0.000145534914527	0.0637380702962	0.265966089249	0.129554102724	0.152350997788	0.149659011794	0.191029647502	0.0369044281952	0.589103475627	0.30306132714
550534656-posteriorfornix1.snv.bam	0.0455080213904	0.00921711229947	0.00926330176365	0.00914438502674	0.345255496138	0.345511827974	0.345116569768	0.0763265517682	0.065912854949	0.0652067705806	0.0638025849581	0.0637521060728	0.0637333236882	0.0820623761265	0.245151711034	0.00928991994127	0.0	5.34759358289e-05	0.217925087042	0.026985521791	0.0192737270545	0.0364908749424	0.036566143596	0.345570231642	0.34550802139	0.0727793339077	0.0475310307609	0.0467839472237	0.119320021587	0.119320021587	0.0112540114437	0.0183547993589	0.0182207341031	0.0182352941176	0.0181758764112	0.0114820473644	0.313838772452	0.241097054508	0.260759888198	0.0728884692254	0.0729274502906	0.0728877005348	0.00914438502674	0.0727369204085	0.275342705949	0.139107636721	0.161557130549	0.158865144555	0.200235780263	0.0459032783074	0.59872372789	0.312989509529
550534656-posteriorfornix2.snv.bam	0.0454545454545	0.00916363636364	0.00920982582782	0.00909090909091	0.345202020202	0.345458352038	0.345063093833	0.0762730758324	0.0658593790132	0.0651532946447	0.0637491090223	0.063698630137	0.0636798477523	0.0820089001907	0.245098235098	0.00923644400544	5.34759358289e-05	0.0	0.217871120501	0.0269300278953	0.0192202511187	0.0364373990065	0.0365126676602	0.345516755707	0.345454545455	0.0727258579719	0.0474770642202	0.0467289719626	0.119266055046	0.119266055046	0.0112005355078	0.018301323423	0.0181672581673	0.0181818181818	0.0181224004753	0.0114285714286	0.313784306221	0.241043578572	0.260706412263	0.0728349932895	0.0728739743548	0.0728342245989	0.00909090909091	0.0726834444726	0.275288239719	0.139052142826	0.161503654613	0.158811668619	0.200182304327	0.0458498023715	0.598779750299	0.312931839402
638754422-posteriorfornix1.snv.bam	0.245394056281	0.208623414079	0.208816816291	0.208696808574	0.220873410685	0.221132094189	0.220733209761	0.158089867827	0.191026371855	0.188241757982	0.207487375358	0.207511021265	0.207492066565	0.281898835905	0.126313617986	0.208634494348	0.217925087042	0.217871120501	0.0	0.198984468359	0.199523029595	0.236294183719	0.23637014291	0.221191033671	0.221128252683	0.216699122452	0.248360667913	0.252339171081	0.321740297543	0.321740297543	0.207085353075	0.208817410194	0.208847417899	0.208696808574	0.208756771397	0.20677457179	0.318028484329	0.258919243286	0.275499701093	0.272719890487	0.272999973533	0.272809058979	0.208696808574	0.216491304788	0.0553997940276	0.159272227739	0.154931164082	0.146398082652	0.120023667215	0.18753997932	0.516200047441	0.202199915671
638754422-posteriorfornix2.snv.bam	0.0552319146878	0.0175715373293	0.0176194697921	0.0174960656312	0.326057393488	0.326323398224	0.325913224614	0.0773907527932	0.0651153130359	0.0643055720375	0.0668248558271	0.0668109780466	0.0667914868927	0.0927698484521	0.230630001693	0.017431987794	0.026985521791	0.0269300278953	0.198984468359	0.0	0.0171507995995	0.0458744985625	0.0459526075427	0.326384005804	0.326319447996	0.0669034477119	0.0564722186372	0.0568406112321	0.130703612801	0.130703612801	0.0167829891183	0.0270540427683	0.0270848997483	0.0269300278953	0.0269916877794	0.0156766586231	0.31880159557	0.246485644605	0.26689047202	0.0833311215606	0.0836860390182	0.0834228136889	0.0174960656312	0.0760454205365	0.258428335891	0.139031692975	0.160548353337	0.15271496677	0.191372607487	0.0536902326986	0.580691628435	0.305100171659
638754422-posteriorfornix3.snv.bam	0.0464929783914	0.0102020693005	0.0102482587647	0.0101293420278	0.331315357064	0.3315716889	0.330934006452	0.0676709143608	0.0572572175417	0.0564769216704	0.0609497855127	0.0608993066274	0.0608805242427	0.0826658963825	0.230562221311	0.0100675942938	0.0192737270545	0.0192202511187	0.199523029595	0.0171507995995	0.0	0.0374758319434	0.0375511005971	0.331630092569	0.331567882317	0.0700038796214	0.047607592872	0.0477965198416	0.12031401489	0.12031401489	0.0098378093458	0.0193397563599	0.0193694912679	0.0192202511187	0.0192796688251	0.0116405580844	0.30667588666	0.23419066563	0.25385349932	0.0735703959234	0.0739124072916	0.0738726575358	0.0101293420278	0.0697979512086	0.256770259082	0.132639336772	0.152722136659	0.148562979535	0.189484046986	0.0447211095049	0.584631005114	0.299474833702
675950834-posteriorfornix1.snv.bam	0.0637101262793	0.0274192171883	0.0273917960526	0.0273464899156	0.363457601027	0.363713932863	0.363318674657	0.0945286566571	0.0841149598379	0.0834088754694	0.082004689847	0.0819542109617	0.0818449717702	0.04571902647	0.263353815923	0.0274920248301	0.0364908749424	0.0364373990065	0.236294183719	0.0458744985625	0.0374758319434	0.0	0.00022279393946	0.363772336531	0.363710126279	0.0911342271846	0.0659001274378	0.065496391502	0.0826432467038	0.0826432467038	0.0294561163325	0.0365569042477	0.0365866391558	0.0364373990065	0.036496816713	0.0296841522533	0.279876043502	0.214314302984	0.231762576041	0.0365451195688	0.036584100634	0.0365443508782	0.0273464899156	0.0909390252973	0.293881886855	0.157996613493	0.179759235438	0.177067249443	0.218364571368	0.0641053831962	0.579863964376	0.332619230488
675950834-posteriorfornix2.snv.bam	0.0637853949329	0.027494485842	0.0274670647063	0.0274217585693	0.36353286968	0.363789201517	0.363393943311	0.0946039253108	0.0841902284916	0.0834841441231	0.0820799585007	0.0820294796154	0.0819202404239	0.0457942951237	0.263429084577	0.0275672934838	0.036566143596	0.0365126676602	0.23637014291	0.0459526075427	0.0375511005971	0.00022279393946	0.0	0.363847605185	0.363785394933	0.0912094958383	0.0659760866296	0.0655737704918	0.0827192058956	0.0827192058956	0.0295313849862	0.0366321729014	0.0366619078094	0.0365126676602	0.0365720853667	0.029759420907	0.28002829181	0.21446378314	0.231912056197	0.0366203882225	0.0366593692877	0.0366196195319	0.0274217585693	0.091014293951	0.293958549372	0.158074722473	0.179834504092	0.177142518097	0.218513153805	0.0641806518499	0.579707366117	0.332700402565
737052003-posteriorfornix1.snv.bam	0.300062210252	0.336498573888	0.336544763353	0.336425846616	0.000628215128457	0.000542890663025	0.00100956574032	0.277044266385	0.311070429122	0.310552642038	0.318131283048	0.318181761933	0.31828751255	0.336235128243	0.209110288611	0.336364098882	0.345570231642	0.345516755707	0.221191033671	0.326384005804	0.331630092569	0.363772336531	0.363847605185	0.0	0.00037568987593	0.32733635228	0.303503147961	0.308343538511	0.376209569979	0.376209569979	0.335295241178	0.345636260948	0.345665995856	0.345516755707	0.345576173413	0.334521084711	0.491697188503	0.448260643442	0.46210545025	0.327227216963	0.327481639152	0.327227985653	0.336425846616	0.327281014069	0.178478826279	0.245924835029	0.238935836392	0.239249370502	0.218739812384	0.299666953335	0.550936799876	0.275708610464
737052003-posteriorfornix2.snv.bam	0.3	0.336436363636	0.336482553101	0.336363636364	0.000252525252527	0.000167200787095	0.000633875864394	0.276982056132	0.31100821887	0.310490431786	0.318069072796	0.318119551681	0.318225302298	0.336172917991	0.208734598735	0.33630188863	0.34550802139	0.345454545455	0.221128252683	0.326319447996	0.331567882317	0.363710126279	0.363785394933	0.00037568987593	0.0	0.327274142028	0.303440366972	0.308411214953	0.376146788991	0.376146788991	0.335233030926	0.345574050696	0.345603785604	0.345454545455	0.345513963161	0.334458874459	0.491633826209	0.44819843319	0.462043239998	0.32716500671	0.3274194289	0.327165775401	0.336363636364	0.327218803817	0.178415463985	0.245534968176	0.238560146517	0.23918716025	0.218364122509	0.299604743083	0.551001972521	0.275303454715
763557224-posteriorfornix3.snv.bam	0.100151373633	0.0638604645418	0.0639066540059	0.063787737269	0.327021616776	0.327277948612	0.326882690406	0.114761762834	0.0255115120272	0.0296130718968	0.00935502810951	0.0093045492242	0.00936346691726	0.136324291624	0.22699234732	0.0639332721836	0.0727793339077	0.0727258579719	0.216699122452	0.0669034477119	0.0700038796214	0.0911342271846	0.0912094958383	0.32733635228	0.327274142028	0.0	0.101758266969	0.102959356071	0.16529037706	0.16529037706	0.0646539675554	0.0729981516012	0.0728750981211	0.0728786463599	0.0728192286535	0.0661253996067	0.360034482249	0.295664963521	0.315327797212	0.127531821468	0.12749376093	0.127531052777	0.063787737269	0.0184631898236	0.257652210701	0.195773857184	0.213366838105	0.203037305525	0.254536309597	0.10054663055	0.570287867865	0.293405881995
763577454-midvagina1.snv.bam	0.00160550458716	0.038376146789	0.0384227600097	0.0383027522936	0.303185524975	0.303522957938	0.303045324051	0.105183837996	0.0946746026739	0.0939620404672	0.0924668931574	0.0924940304135	0.0924750757134	0.0383187913004	0.275557851934	0.0384496223908	0.0475310307609	0.0474770642202	0.248360667913	0.0564722186372	0.047607592872	0.0659001274378	0.0659760866296	0.303503147961	0.303440366972	0.101758266969	0.0	0.00163551401869	0.0756944444444	0.0756944444444	0.0404317330813	0.0475976658398	0.0476276735451	0.0474770642202	0.0475370270432	0.0406618610747	0.337587332773	0.264558279509	0.283912434394	0.029607828461	0.029276487881	0.0292363734485	0.0383027522936	0.101561274238	0.306599344763	0.170614544186	0.19155776098	0.188479665579	0.231147279596	0.0746011168728	0.593078914565	0.277828854314
763577454-midvagina2.snv.bam	0.0	0.0374579439252	0.0375054284211	0.0373831775701	0.308151609553	0.308495349675	0.308008788052	0.106448956463	0.095743286836	0.0950174057095	0.0934943117211	0.0935219562156	0.093502647222	0.0375792431867	0.280007531409	0.0375327929028	0.0467839472237	0.0467289719626	0.252339171081	0.0568406112321	0.0477965198416	0.065496391502	0.0655737704918	0.308343538511	0.308411214953	0.102959356071	0.00163551401869	0.0	0.0754716981132	0.0754716981132	0.0395519523912	0.0468518278181	0.0468823964151	0.0467289719626	0.0467900555861	0.0397863818425	0.342350901017	0.267867780061	0.287583694849	0.0285257317968	0.0281881979348	0.0281473336998	0.0373831775701	0.102758681234	0.311725046568	0.17222841883	0.19406917764	0.191301715402	0.233832275476	0.0743600162536	0.586815756027	0.282683982684
763719065-posteriorfornix3.snv.bam	0.0733944954128	0.110165137615	0.11004572179	0.110091743119	0.375891946993	0.376229379956	0.37575174607	0.177890260014	0.167381024692	0.166668462486	0.165173315176	0.165200452432	0.165090211046	0.055238339642	0.348264273952	0.110238613216	0.119320021587	0.119266055046	0.321740297543	0.130703612801	0.12031401489	0.0826432467038	0.0827192058956	0.376209569979	0.376146788991	0.16529037706	0.0756944444444	0.0754716981132	0.0	0.0	0.112220723907	0.119386656665	0.119416664371	0.119266055046	0.119326017869	0.1124508519	0.294737611785	0.265088596873	0.277184426222	0.0463509477271	0.046019607147	0.0459794927145	0.110091743119	0.174267696257	0.380664765323	0.24513835371	0.263902770711	0.261186087597	0.302936270421	0.146390107698	0.608142992421	0.336492220651
763719065-vaginalintroitus3.snv.bam	0.0733944954128	0.110165137615	0.11004572179	0.110091743119	0.375891946993	0.376229379956	0.37575174607	0.177890260014	0.167381024692	0.166668462486	0.165173315176	0.165200452432	0.165090211046	0.055238339642	0.348264273952	0.110238613216	0.119320021587	0.119266055046	0.321740297543	0.130703612801	0.12031401489	0.0826432467038	0.0827192058956	0.376209569979	0.376146788991	0.16529037706	0.0756944444444	0.0754716981132	0.0	0.0	0.112220723907	0.119386656665	0.119416664371	0.119266055046	0.119326017869	0.1124508519	0.294737611785	0.265088596873	0.277184426222	0.0463509477271	0.046019607147	0.0459794927145	0.110091743119	0.174267696257	0.380664765323	0.24513835371	0.263902770711	0.261186087597	0.302936270421	0.146390107698	0.608142992421	0.336492220651
763759525-posteriorfornix1.snv.bam	0.0384732627806	0.00218235368965	0.00222854315384	0.00210962641692	0.334980505673	0.33523683751	0.334841579304	0.0673549238344	0.0569412270152	0.0561612328167	0.0554505203878	0.0554739513325	0.055380957445	0.0750276175167	0.234130799823	0.00225516133145	0.0112540114437	0.0112005355078	0.207085353075	0.0167829891183	0.0098378093458	0.0294561163325	0.0295313849862	0.335295241178	0.335233030926	0.0646539675554	0.0404317330813	0.0395519523912	0.112220723907	0.112220723907	0.0	0.011320040749	0.0113497756571	0.0112005355078	0.0112599532143	0.00406044155922	0.304998286239	0.232538516529	0.25220135022	0.0658537106156	0.0658926916808	0.0656390381816	0.00210962641692	0.0643725959137	0.264402604075	0.129974459784	0.151794687301	0.148820687011	0.189992064716	0.0386412469703	0.588885709193	0.302746797087
763901136-posteriorfornix1.snv.bam	0.0455740506958	0.00928314160485	0.00932933106903	0.00921041433212	0.345321525443	0.34557785728	0.345182599074	0.0763925810736	0.0659067341823	0.065272799886	0.0638686142635	0.0638181353782	0.0637993529935	0.0821284054319	0.245217740339	0.00935594924665	0.0183547993589	0.018301323423	0.208817410194	0.0270540427683	0.0193397563599	0.0365569042477	0.0366321729014	0.345636260948	0.345574050696	0.0729981516012	0.0475976658398	0.0468518278181	0.119386656665	0.119386656665	0.011320040749	0.0	0.000268745390449	0.000119505241209	0.000178922947686	0.0115480766698	0.313602442251	0.241163083814	0.260825917504	0.0729544985307	0.0727771179434	0.0729537298401	0.00921041433212	0.0728029497138	0.26615069876	0.139176157699	0.161623159854	0.15893117386	0.200301809568	0.0459693076128	0.598740742654	0.312971994332
763901136-posteriorfornix2.snv.bam	0.0456037856038	0.00931287651288	0.00935906597706	0.00924014924015	0.345351260351	0.345534864915	0.345212333982	0.0764223159816	0.0660086191624	0.065302534794	0.0638983491715	0.0638478702862	0.0638290879016	0.08215814034	0.245112795113	0.00938568415468	0.0182207341031	0.0181672581673	0.208847417899	0.0270848997483	0.0193694912679	0.0365866391558	0.0366619078094	0.345665995856	0.345603785604	0.0728750981211	0.0476276735451	0.0468823964151	0.119416664371	0.119416664371	0.0113497756571	0.000268745390449	0.0	0.00014924014924	8.98224427636e-05	0.0115778115778	0.313632727806	0.241192818722	0.260855652412	0.0729842334388	0.0728942654389	0.0729834647482	0.00924014924015	0.0728326846219	0.266180984315	0.139207014679	0.161652894763	0.158960908768	0.200331544476	0.0459990425208	0.598936097122	0.313092784661
763901136-posteriorfornix3.snv.bam	0.0454545454545	0.00916363636364	0.00920982582782	0.00909090909091	0.345202020202	0.345458352038	0.345063093833	0.0762730758324	0.0658593790132	0.0651532946447	0.0637491090223	0.063698630137	0.0636798477523	0.0820089001907	0.245098235098	0.00923644400544	0.0182352941176	0.0181818181818	0.208696808574	0.0269300278953	0.0192202511187	0.0364373990065	0.0365126676602	0.345516755707	0.345454545455	0.0728786463599	0.0474770642202	0.0467289719626	0.119266055046	0.119266055046	0.0112005355078	0.000119505241209	0.00014924014924	0.0	5.94177064765e-05	0.0114285714286	0.31348072395	0.241043578572	0.260706412263	0.0728349932895	0.0727450252897	0.0728342245989	0.00909090909091	0.0726834444726	0.266028980459	0.139052142826	0.161503654613	0.158811668619	0.200182304327	0.0458498023715	0.598779750299	0.312931839402
763901136-vaginalintroitus3.snv.bam	0.045513963161	0.00922305407011	0.0092692435343	0.00915032679739	0.345261437908	0.345517769745	0.345122511539	0.0763324935388	0.0659187967197	0.0652127123512	0.0638085267288	0.0637580478435	0.0637392654588	0.0820683178972	0.245157652805	0.00929586171191	0.0181758764112	0.0181224004753	0.208756771397	0.0269916877794	0.0192796688251	0.036496816713	0.0365720853667	0.345576173413	0.345513963161	0.0728192286535	0.0475370270432	0.0467900555861	0.119326017869	0.119326017869	0.0112599532143	0.000178922947686	8.98224427636e-05	5.94177064765e-05	0.0	0.011487989135	0.313541241984	0.241102996279	0.260765829969	0.072894410996	0.0728044429961	0.0728936423054	0.00915032679739	0.0727428621791	0.266089498494	0.13911380271	0.16156307232	0.158871086325	0.200241722033	0.045909220078	0.59884199742	0.312995917321
763921366-posteriorfornix3.snv.bam	0.0387012987013	0.00241038961039	0.00245657907457	0.00233766233766	0.334206349206	0.334462681043	0.334067422837	0.0695198290791	0.0591061322599	0.0584000478915	0.056995862269	0.0569453833837	0.0569266009991	0.0752556534375	0.235487845488	0.00248319725219	0.0114820473644	0.0114285714286	0.20677457179	0.0156766586231	0.0116405580844	0.0296841522533	0.029759420907	0.334521084711	0.334458874459	0.0661253996067	0.0406618610747	0.0397863818425	0.1124508519	0.1124508519	0.00406044155922	0.0115480766698	0.0115778115778	0.0114285714286	0.011487989135	0.0	0.302585011688	0.230047907577	0.249710741267	0.0660817465363	0.0661207276015	0.0660809778457	0.00233766233766	0.065844027965	0.264088945186	0.131594820274	0.154317507427	0.151625521433	0.190571914716	0.0390965556183	0.590435079097	0.302380952381
764042746-posteriorfornix1.snv.bam	0.341562083999	0.304450972888	0.304524895805	0.304525046962	0.491376624563	0.491637703285	0.49137541729	0.327044524634	0.354954395864	0.353473072747	0.35999670046	0.360020565311	0.359909303171	0.326367047165	0.403198393741	0.304673276967	0.313838772452	0.313784306221	0.318028484329	0.31880159557	0.30667588666	0.279876043502	0.28002829181	0.491697188503	0.491633826209	0.360034482249	0.337587332773	0.342350901017	0.294737611785	0.294737611785	0.304998286239	0.313602442251	0.313632727806	0.31348072395	0.313541241984	0.302585011688	0.0	0.069248608338	0.0504125908672	0.317023253099	0.316931619025	0.317022470173	0.304525046962	0.369083999607	0.332552539617	0.347061565967	0.353774619069	0.355017878022	0.340189411594	0.305464143062	0.596862126319	0.332930849649
764042746-posteriorfornix2.snv.bam	0.268316305845	0.231879942209	0.231907066527	0.231952669481	0.447945907937	0.448202239774	0.447806981568	0.255759860247	0.281712595879	0.280258205909	0.286536959583	0.286560390527	0.286451151336	0.259960015671	0.355024804467	0.232098204396	0.241097054508	0.241043578572	0.258919243286	0.246485644605	0.23419066563	0.214314302984	0.21446378314	0.448260643442	0.44819843319	0.295664963521	0.264558279509	0.267867780061	0.265088596873	0.265088596873	0.232538516529	0.241163083814	0.241192818722	0.241043578572	0.241102996279	0.230047907577	0.069248608338	0.0	0.0319061213983	0.250786108769	0.250825089835	0.250785340079	0.231952669481	0.295459035109	0.304592870116	0.288982738729	0.298115664703	0.295975718297	0.295390258977	0.239882041332	0.593852023336	0.328984366595
764042746-vaginalintroitus2.snv.bam	0.287979139535	0.251542775899	0.251569900218	0.251615503172	0.461790714746	0.462047046582	0.461651788376	0.278946948527	0.301375429569	0.2999210396	0.306199793273	0.306223224218	0.306113985026	0.277408288728	0.372717406215	0.251761038086	0.260759888198	0.260706412263	0.275499701093	0.26689047202	0.25385349932	0.231762576041	0.231912056197	0.46210545025	0.462043239998	0.315327797212	0.283912434394	0.287583694849	0.277184426222	0.277184426222	0.25220135022	0.260825917504	0.260855652412	0.260706412263	0.260765829969	0.249710741267	0.0504125908672	0.0319061213983	0.0	0.268234381827	0.268273362892	0.268233613136	0.251615503172	0.315121868799	0.314853000355	0.309568446027	0.318878071328	0.316529138507	0.311727694152	0.260994056771	0.588750697045	0.321438234156
764366428-posteriorfornix2.snv.bam	0.0277477572932	0.0638168114714	0.0637893903356	0.0637440841986	0.326912481458	0.327246846849	0.326773555088	0.13092625094	0.120512554121	0.11973225825	0.118324914691	0.118227272243	0.118242566053	0.00975665748393	0.299448379903	0.0637880447099	0.0728884692254	0.0728349932895	0.272719890487	0.0833311215606	0.0735703959234	0.0365451195688	0.0366203882225	0.327227216963	0.32716500671	0.127531821468	0.029607828461	0.0285257317968	0.0463509477271	0.0463509477271	0.0658537106156	0.0729544985307	0.0729842334388	0.0728349932895	0.072894410996	0.0660817465363	0.317023253099	0.250786108769	0.268234381827	0.0	0.000621731647983	0.000581981892143	0.0637440841986	0.12733661958	0.330644868686	0.195453236491	0.215853799418	0.213161813423	0.254532449131	0.0997124636453	0.579884954163	0.303967002496
764366428-posteriorfornix3.snv.bam	0.0274194289002	0.0638557925366	0.0638283714008	0.0637830652639	0.327166903648	0.327501269039	0.327027977278	0.130888190403	0.120474493584	0.119768409215	0.118286854154	0.118313744707	0.118204505516	0.00942832909094	0.299790391271	0.0639286001784	0.0729274502906	0.0728739743548	0.272999973533	0.0836860390182	0.0739124072916	0.036584100634	0.0366593692877	0.327481639152	0.3274194289	0.12749376093	0.029276487881	0.0281881979348	0.046019607147	0.046019607147	0.0658926916808	0.0727771179434	0.0728942654389	0.0727450252897	0.0728044429961	0.0661207276015	0.316931619025	0.250825089835	0.268273362892	0.000621731647983	0.0	0.000253653499157	0.0637830652639	0.127298559043	0.330927545093	0.195808153949	0.216118769184	0.213426783189	0.2548744605	0.0997514447105	0.579766876311	0.303939720243
764366428-vaginalintroitus3.snv.bam	0.0273796791444	0.0638160427807	0.063788621645	0.063743315508	0.326913250149	0.327247615539	0.326774323779	0.130925482249	0.12051178543	0.119805701062	0.118324146	0.118351036554	0.118241797363	0.0093885793351	0.299536737772	0.0638888504225	0.0728877005348	0.0728342245989	0.272809058979	0.0834228136889	0.0738726575358	0.0365443508782	0.0366196195319	0.327227985653	0.327165775401	0.127531052777	0.0292363734485	0.0281473336998	0.0459794927145	0.0459794927145	0.0656390381816	0.0729537298401	0.0729834647482	0.0728342245989	0.0728936423054	0.0660809778457	0.317022470173	0.250785340079	0.268233613136	0.000581981892143	0.000253653499157	0.0	0.063743315508	0.12733585089	0.330734862812	0.195544928619	0.215942157287	0.213250171293	0.254620807	0.0997116949547	0.579592719165	0.303666172351
764467579-posteriorfornix3.snv.bam	0.0363636363636	7.27272727273e-05	0.000118916736913	0.0	0.336111111111	0.336367442948	0.335972184742	0.0671821667415	0.0567684699223	0.0560623855538	0.0546581999314	0.0546077210461	0.0545889386614	0.0729179910998	0.236007326007	0.000145534914527	0.00914438502674	0.00909090909091	0.208696808574	0.0174960656312	0.0101293420278	0.0273464899156	0.0274217585693	0.336425846616	0.336363636364	0.063787737269	0.0383027522936	0.0373831775701	0.110091743119	0.110091743119	0.00210962641692	0.00921041433212	0.00924014924015	0.00909090909091	0.00915032679739	0.00233766233766	0.304525046962	0.231952669481	0.251615503172	0.0637440841986	0.0637830652639	0.063743315508	0.0	0.0635925353817	0.266028980459	0.129618180562	0.152412745522	0.149720759528	0.191091395236	0.0367588932806	0.589255940775	0.303127917834
764649650-posteriorfornix1.snv.bam	0.0999561717454	0.0636652626544	0.0637114521186	0.0635925353817	0.326966278564	0.327222610401	0.326827352195	0.114642004176	0.0253917533689	0.0294933132384	0.00933365248591	0.0092831736006	0.00926439121595	0.136129089736	0.22686249346	0.0637380702962	0.0727369204085	0.0726834444726	0.216491304788	0.0760454205365	0.0697979512086	0.0909390252973	0.091014293951	0.327281014069	0.327218803817	0.0184631898236	0.101561274238	0.102758681234	0.174267696257	0.174267696257	0.0643725959137	0.0728029497138	0.0728326846219	0.0726834444726	0.0727428621791	0.065844027965	0.369083999607	0.295459035109	0.315121868799	0.12733661958	0.127298559043	0.12733585089	0.0635925353817	0.0	0.257519952141	0.186176471995	0.213247079447	0.202917546867	0.254330381184	0.100351428662	0.57972077655	0.293312307602
764811490-posteriorfornix2.snv.bam	0.303066017496	0.265954906385	0.266150099358	0.266028980459	0.178672665631	0.178506282463	0.178780494678	0.205547741335	0.240204018197	0.239753482789	0.248355169653	0.248379034504	0.248359904297	0.339908804339	0.104419398322	0.265966089249	0.275342705949	0.275288239719	0.0553997940276	0.258428335891	0.256770259082	0.293881886855	0.293958549372	0.178478826279	0.178415463985	0.257652210701	0.306599344763	0.311725046568	0.380664765323	0.380664765323	0.264402604075	0.26615069876	0.266180984315	0.266028980459	0.266089498494	0.264088945186	0.332552539617	0.304592870116	0.314853000355	0.330644868686	0.330927545093	0.330734862812	0.266028980459	0.257519952141	0.0	0.175082886686	0.170298886162	0.16811641117	0.112981176524	0.229394519912	0.506071449286	0.172831558247
765013792-posteriorfornix1.snv.bam	0.167354029618	0.12969365226	0.129741584723	0.129618180562	0.245534968176	0.24562750021	0.245803693162	0.0984527390006	0.172542865959	0.169217925946	0.186262255195	0.186286570326	0.186190067236	0.205287793967	0.123381335645	0.129554102724	0.139107636721	0.139052142826	0.159272227739	0.139031692975	0.132639336772	0.157996613493	0.158074722473	0.245924835029	0.245534968176	0.195773857184	0.170614544186	0.17222841883	0.24513835371	0.24513835371	0.129974459784	0.139176157699	0.139207014679	0.139052142826	0.13911380271	0.131594820274	0.347061565967	0.288982738729	0.309568446027	0.195453236491	0.195808153949	0.195544928619	0.129618180562	0.186176471995	0.175082886686	0.0	0.00429943645783	0.0111521978258	0.0579025395618	0.103177844851	0.573253271368	0.275685538951
