	158256496-stool2.snv.bam	158479027-stool1.snv.bam	158479027-stool2.snv.bam	159611913-stool1.snv.bam	159611913-stool2.snv.bam	159733294-stool1.snv.bam	764083206-stool1.snv.bam	764325968-stool1.snv.bam	764325968-stool2.snv.bam	764447348-stool1.snv.bam	CCIS47745468ST-4-0.snv.bam	CCIS71301801ST-4-0.snv.bam	M4.4-V1.metaT.snv.bam	MH0360.snv.bam	MH0375.snv.bam	O2.CD1-0-PT.snv.bam	O2.UC41-1.snv.bam	O2.UC7-0.snv.bam	O2.UC7-1.snv.bam	T2D-6A.snv.bam	V1.CD12-3.snv.bam	V1.FI16.snv.bam	V1.FI23.snv.bam	V1.FI25.snv.bam	V1.UC35-4.snv.bam	V1.UC48-0.snv.bam	V1.UC49-1.snv.bam
158256496-stool2.snv.bam	0.0	0.166879162465	0.16683257315	0.152564217246	0.153976668521	0.195541523612	0.198126831331	0.200312467759	0.202520641791	0.198613977258	0.161236643329	0.203647801198	0.147661604325	0.169084911254	0.190975545504	0.154985326929	0.192018130291	0.192031269867	0.191800127027	0.156512391964	0.0119064612508	0.0115252236175	0.195212047351	0.191942212847	0.180752785351	0.181435192032	0.190168747288
158479027-stool1.snv.bam	0.166879162465	0.0	0.00113973966559	0.151089632173	0.148824194427	0.167998363858	0.191129866652	0.167526949122	0.166095337027	0.163201420081	0.144642197599	0.171270775623	0.143512851897	0.154795072245	0.176566931511	0.157926697519	0.170585370483	0.170165783362	0.169848641211	0.16974830868	0.16805683537	0.162977554588	0.173532892689	0.169990727031	0.128632551482	0.174294366575	0.16831153577
158479027-stool2.snv.bam	0.16683257315	0.00113973966559	0.0	0.151058813562	0.149254995721	0.167725697508	0.191340676248	0.167985141016	0.166607622126	0.163348208104	0.145611626164	0.172067073994	0.144364993302	0.154732508333	0.17722744707	0.157994732375	0.170729707958	0.170903498285	0.170586356134	0.170168781696	0.168499010233	0.163407744125	0.174270607612	0.170728441953	0.129141488312	0.174789226069	0.16869178524
159611913-stool1.snv.bam	0.152564217246	0.151089632173	0.151058813562	0.0	0.00125715296436	0.16156902499	0.138935754737	0.154531486568	0.153797586029	0.144260525434	0.145267030442	0.171865498867	0.0165346324997	0.135023172621	0.137061316709	0.132545614655	0.131057891614	0.131219477134	0.131153717586	0.130881386432	0.161067546168	0.152591475344	0.134837969065	0.131295803406	0.154813870752	0.138799280495	0.129033092911
159611913-stool2.snv.bam	0.153976668521	0.148824194427	0.149254995721	0.00125715296436	0.0	0.15973581256	0.139772935717	0.156095953809	0.155682911643	0.145951090415	0.146403255549	0.172462836027	0.0163194444444	0.133411893532	0.138503999251	0.133338001355	0.132358278187	0.132609489522	0.132290260909	0.132016138102	0.162754099059	0.153345067941	0.135998750884	0.132433281504	0.156419356185	0.139957979583	0.129450696903
159733294-stool1.snv.bam	0.195541523612	0.167998363858	0.167725697508	0.16156902499	0.15973581256	0.0	0.195246135777	0.177549098945	0.178337226593	0.191808327212	0.22069405119	0.195358307521	0.148618014349	0.1521718435	0.17433131995	0.172952617572	0.174871004584	0.174523299229	0.174206157077	0.167640033391	0.207883686342	0.19989977006	0.177618077401	0.174348242897	0.145327981805	0.182123246661	0.175987193188
764083206-stool1.snv.bam	0.198126831331	0.191129866652	0.191340676248	0.138935754737	0.139772935717	0.195246135777	0.0	0.181984341577	0.181743543034	0.159453986835	0.183055568973	0.16933430211	0.126160302803	0.169210720841	0.138217741714	0.147922786001	0.158083303519	0.15857488209	0.158256700129	0.138311344937	0.206145705351	0.197908188268	0.16195303112	0.158399251804	0.169191929519	0.153325942737	0.156037947264
764325968-stool1.snv.bam	0.200312467759	0.167526949122	0.167985141016	0.154531486568	0.156095953809	0.177549098945	0.181984341577	0.0	0.00235737100904	0.163894232095	0.168123271386	0.188410956059	0.132572082591	0.145352637122	0.124090046168	0.134721794829	0.155144688108	0.154958527691	0.154369054385	0.147560775518	0.201048526118	0.192541874299	0.157780974709	0.154511140205	0.125644364725	0.16188488895	0.152730109557
764325968-stool2.snv.bam	0.202520641791	0.166095337027	0.166607622126	0.153797586029	0.155682911643	0.178337226593	0.181743543034	0.00235737100904	0.0	0.162024372052	0.170411293133	0.188543046358	0.1322265625	0.144169878237	0.123462967931	0.136775017246	0.156646964647	0.156733702297	0.156140350877	0.149287280702	0.203823570898	0.194424723519	0.159848840852	0.156283371472	0.127167942394	0.163618516177	0.154502282551
764447348-stool1.snv.bam	0.198613977258	0.163201420081	0.163348208104	0.144260525434	0.145951090415	0.191808327212	0.159453986835	0.163894232095	0.162024372052	0.0	0.157696886672	0.174702812081	0.129328281572	0.131694111134	0.152581551628	0.160275599965	0.139914572202	0.14006150742	0.140088539195	0.163961589877	0.201688129403	0.197271384835	0.14379702917	0.14023155979	0.156855479082	0.143079002904	0.138057478451
CCIS47745468ST-4-0.snv.bam	0.161236643329	0.144642197599	0.145611626164	0.145267030442	0.146403255549	0.22069405119	0.183055568973	0.168123271386	0.170411293133	0.157696886672	0.0	0.19230974788	0.136640625	0.155432775182	0.160877248492	0.15626833646	0.158323282401	0.158226972416	0.157886657433	0.170770429363	0.147301002148	0.145238747426	0.161039069714	0.157886657433	0.181736147446	0.159101340013	0.156575511982
CCIS71301801ST-4-0.snv.bam	0.203647801198	0.171270775623	0.172067073994	0.171865498867	0.172462836027	0.195358307521	0.16933430211	0.188410956059	0.188543046358	0.174702812081	0.19230974788	0.0	0.15640625	0.165440854591	0.127951709164	0.161835793982	0.171925786702	0.171777561946	0.171184210526	0.177489035088	0.220716592406	0.212311075085	0.174892700501	0.171327231121	0.16241856896	0.176958148381	0.166334512131
M4.4-V1.metaT.snv.bam	0.147661604325	0.143512851897	0.144364993302	0.0165346324997	0.0163194444444	0.148618014349	0.126160302803	0.132572082591	0.1322265625	0.129328281572	0.136640625	0.15640625	0.0	0.125184100994	0.123425350817	0.113858171729	0.120751979015	0.120508112858	0.12015503876	0.115956072351	0.159383915718	0.148730570822	0.124524732374	0.120323559151	0.140834282806	0.125741114969	0.11794149478
MH0360.snv.bam	0.169084911254	0.154795072245	0.154732508333	0.135023172621	0.133411893532	0.1521718435	0.169210720841	0.145352637122	0.144169878237	0.131694111134	0.155432775182	0.165440854591	0.125184100994	0.0	0.126971109435	0.133769588779	0.135452026917	0.134790203059	0.135101229795	0.128837613238	0.179433947941	0.174596582771	0.138785481274	0.135243315615	0.132383218169	0.139891313905	0.136381331931
MH0375.snv.bam	0.190975545504	0.176566931511	0.17722744707	0.137061316709	0.138503999251	0.17433131995	0.138217741714	0.124090046168	0.123462967931	0.152581551628	0.160877248492	0.127951709164	0.123425350817	0.126971109435	0.0	0.112071748502	0.130918333947	0.129740596188	0.130275460258	0.136234389484	0.193456355397	0.184869939016	0.133430418611	0.130131967648	0.121166572036	0.136678155945	0.128460090106
O2.CD1-0-PT.snv.bam	0.154985326929	0.157926697519	0.157994732375	0.132545614655	0.133338001355	0.172952617572	0.147922786001	0.134721794829	0.136775017246	0.160275599965	0.15626833646	0.161835793982	0.113858171729	0.133769588779	0.112071748502	0.0	0.13422695308	0.135141761787	0.134824619635	0.13445190196	0.16531451317	0.160739981638	0.138236539959	0.134966705455	0.138603560061	0.123348693863	0.132265508424
O2.UC41-1.snv.bam	0.192018130291	0.170585370483	0.170729707958	0.131057891614	0.132358278187	0.174871004584	0.158083303519	0.155144688108	0.156646964647	0.139914572202	0.158323282401	0.171925786702	0.120751979015	0.135452026917	0.130918333947	0.13422695308	0.0	0.00171085362021	0.00100906042697	0.144527578945	0.190001489249	0.185686080735	0.00455424918806	0.00101208352952	0.148891124579	0.0158551080096	0.00120136535423
O2.UC7-0.snv.bam	0.192031269867	0.170165783362	0.170903498285	0.131219477134	0.132609489522	0.174523299229	0.15857488209	0.154958527691	0.156733702297	0.14006150742	0.158226972416	0.171777561946	0.120508112858	0.134790203059	0.129740596188	0.135141761787	0.00171085362021	0.0	0.000840855910518	0.14383566067	0.189865238099	0.18547587746	0.00402234218024	0.000698770090683	0.148471537458	0.0157721321768	0.00179461403772
O2.UC7-1.snv.bam	0.191800127027	0.169848641211	0.170586356134	0.131153717586	0.132290260909	0.174206157077	0.158256700129	0.154369054385	0.156140350877	0.140088539195	0.157886657433	0.171184210526	0.12015503876	0.135101229795	0.130275460258	0.134824619635	0.00100906042697	0.000840855910518	0.0	0.143518518519	0.189763129077	0.18511777599	0.00368425147837	0.000142085819835	0.148154395307	0.0159621009242	0.000948226180424
T2D-6A.snv.bam	0.156512391964	0.16974830868	0.170168781696	0.130881386432	0.132016138102	0.167640033391	0.138311344937	0.147560775518	0.149287280702	0.163961589877	0.170770429363	0.177489035088	0.115956072351	0.128837613238	0.136234389484	0.13445190196	0.144527578945	0.14383566067	0.143518518519	0.0	0.171390168704	0.166360088413	0.147202769997	0.143660604338	0.14134611644	0.146937102961	0.141808188586
V1.CD12-3.snv.bam	0.0119064612508	0.16805683537	0.168499010233	0.161067546168	0.162754099059	0.207883686342	0.206145705351	0.201048526118	0.203823570898	0.201688129403	0.147301002148	0.220716592406	0.159383915718	0.179433947941	0.193456355397	0.16531451317	0.190001489249	0.189865238099	0.189763129077	0.171390168704	0.0	0.00141161262036	0.193559665873	0.189921231844	0.186373954847	0.178671912917	0.187997215252
V1.FI16.snv.bam	0.0115252236175	0.162977554588	0.163407744125	0.152591475344	0.153345067941	0.19989977006	0.197908188268	0.192541874299	0.194424723519	0.197271384835	0.145238747426	0.212311075085	0.148730570822	0.174596582771	0.184869939016	0.160739981638	0.185686080735	0.18547587746	0.18511777599	0.166360088413	0.00141161262036	0.0	0.18897035023	0.185278212377	0.181355529862	0.173677063801	0.183175560116
V1.FI23.snv.bam	0.195212047351	0.173532892689	0.174270607612	0.134837969065	0.135998750884	0.177618077401	0.16195303112	0.157780974709	0.159848840852	0.14379702917	0.161039069714	0.174892700501	0.124524732374	0.138785481274	0.133430418611	0.138236539959	0.00455424918806	0.00402234218024	0.00368425147837	0.147202769997	0.193559665873	0.18897035023	0.0	0.00354216565853	0.151566315631	0.0189393633496	0.00465671615536
V1.FI25.snv.bam	0.191942212847	0.169990727031	0.170728441953	0.131295803406	0.132433281504	0.174348242897	0.158399251804	0.154511140205	0.156283371472	0.14023155979	0.157886657433	0.171327231121	0.120323559151	0.135243315615	0.130131967648	0.134966705455	0.00101208352952	0.000698770090683	0.000142085819835	0.143660604338	0.189921231844	0.185278212377	0.00354216565853	0.0	0.148296481127	0.0158166886805	0.00109124677539
V1.UC35-4.snv.bam	0.180752785351	0.128632551482	0.129141488312	0.154813870752	0.156419356185	0.145327981805	0.169191929519	0.125644364725	0.127167942394	0.156855479082	0.181736147446	0.16241856896	0.140834282806	0.132383218169	0.121166572036	0.138603560061	0.148891124579	0.148471537458	0.148154395307	0.14134611644	0.186373954847	0.181355529862	0.151566315631	0.148296481127	0.0	0.151547191986	0.146474564564
V1.UC48-0.snv.bam	0.181435192032	0.174294366575	0.174789226069	0.138799280495	0.139957979583	0.182123246661	0.153325942737	0.16188488895	0.163618516177	0.143079002904	0.159101340013	0.176958148381	0.125741114969	0.139891313905	0.136678155945	0.123348693863	0.0158551080096	0.0157721321768	0.0159621009242	0.146937102961	0.178671912917	0.173677063801	0.0189393633496	0.0158166886805	0.151547191986	0.0	0.0166221399474
V1.UC49-1.snv.bam	0.190168747288	0.16831153577	0.16869178524	0.129033092911	0.129450696903	0.175987193188	0.156037947264	0.152730109557	0.154502282551	0.138057478451	0.156575511982	0.166334512131	0.11794149478	0.136381331931	0.128460090106	0.132265508424	0.00120136535423	0.00179461403772	0.000948226180424	0.141808188586	0.187997215252	0.183175560116	0.00465671615536	0.00109124677539	0.146474564564	0.0166221399474	0.0
