	158458797-stool1.snv.bam	158883629-stool1.snv.bam	160158126-stool1.snv.bam	160178356-stool1.snv.bam	160178356-stool2.snv.bam	160603188-stool2.snv.bam	160603188-stool3.snv.bam	161230322-stool1.snv.bam	763557224-stool3.snv.bam	763577454-stool1.snv.bam	763577454-stool2.snv.bam	763840445-stool1.snv.bam	763961826-stool2.snv.bam	764285508-stool1.snv.bam	764285508-stool2.snv.bam	764669880-stool1.snv.bam	765094712-stool2.snv.bam	M4.4-V1.metaG.snv.bam	MH0275.snv.bam	MH0432.snv.bam	N017A.snv.bam	N032A.snv.bam	O2.UC37-1.snv.bam	SZEY-10A.snv.bam	SZEY-39A.snv.bam	T2D-17A.snv.bam	T2D-25A.snv.bam	V1.CD20-0.snv.bam	V1.FI08.snv.bam	V1.FI10.snv.bam	V1.FI23.snv.bam	V1.UC54-4.snv.bam	alien-11-0-0.snv.bam	alien-11-7-0.snv.bam	alien-12-7-0.snv.bam	alien-13-7-0.snv.bam
158458797-stool1.snv.bam	0.0	0.106741573034	0.23595505618	0.0786516853933	0.0786516853933	0.0898876404494	0.0898876404494	0.112359550562	0.162921348315	0.0561797752809	0.0449438202247	0.185393258427	0.179775280899	0.162921348315	0.151685393258	0.151685393258	0.0393258426966	0.168539325843	0.151685393258	0.168539325843	0.14606741573	0.0449438202247	0.151685393258	0.0	0.174157303371	0.219101123596	0.101123595506	0.129213483146	0.0786516853933	0.179775280899	0.174157303371	0.101123595506	0.123595505618	0.123595505618	0.123595505618	0.129213483146
158883629-stool1.snv.bam	0.106741573034	0.0	0.157303370787	0.11797752809	0.11797752809	0.11797752809	0.11797752809	0.106741573034	0.162921348315	0.140449438202	0.14606741573	0.11797752809	0.162921348315	0.0786516853933	0.0786516853933	0.14606741573	0.0280898876404	0.168539325843	0.0730337078652	0.112359550562	0.14606741573	0.123595505618	0.0674157303371	0.112359550562	0.0955056179775	0.151685393258	0.157303370787	0.0561797752809	0.14606741573	0.123595505618	0.174157303371	0.00561797752809	0.168539325843	0.157303370787	0.162921348315	0.14606741573
160158126-stool1.snv.bam	0.23595505618	0.157303370787	0.0	0.247191011236	0.247191011236	0.247191011236	0.247191011236	0.179775280899	0.224719101124	0.219101123596	0.224719101124	0.0561797752809	0.207865168539	0.140449438202	0.140449438202	0.191011235955	0.101123595506	0.230337078652	0.134831460674	0.112359550562	0.140449438202	0.230337078652	0.140449438202	0.252808988764	0.11797752809	0.162921348315	0.207865168539	0.123595505618	0.213483146067	0.151685393258	0.23595505618	0.157303370787	0.230337078652	0.219101123596	0.224719101124	0.207865168539
160178356-stool1.snv.bam	0.0786516853933	0.11797752809	0.247191011236	0.0	0.0	0.0	0.0	0.191011235955	0.23595505618	0.14606741573	0.14606741573	0.191011235955	0.196629213483	0.185393258427	0.185393258427	0.196629213483	0.061797752809	0.241573033708	0.179775280899	0.185393258427	0.151685393258	0.106741573034	0.174157303371	0.0955056179775	0.168539325843	0.224719101124	0.140449438202	0.129213483146	0.140449438202	0.185393258427	0.247191011236	0.112359550562	0.241573033708	0.230337078652	0.230337078652	0.213483146067
160178356-stool2.snv.bam	0.0786516853933	0.11797752809	0.247191011236	0.0	0.0	0.0	0.0	0.191011235955	0.23595505618	0.14606741573	0.140449438202	0.191011235955	0.191011235955	0.185393258427	0.185393258427	0.196629213483	0.061797752809	0.241573033708	0.179775280899	0.185393258427	0.151685393258	0.106741573034	0.174157303371	0.0955056179775	0.168539325843	0.224719101124	0.140449438202	0.129213483146	0.140449438202	0.185393258427	0.247191011236	0.112359550562	0.23595505618	0.230337078652	0.224719101124	0.213483146067
160603188-stool2.snv.bam	0.0898876404494	0.11797752809	0.247191011236	0.0	0.0	0.0	0.0	0.191011235955	0.23595505618	0.14606741573	0.151685393258	0.191011235955	0.196629213483	0.185393258427	0.185393258427	0.196629213483	0.061797752809	0.241573033708	0.179775280899	0.185393258427	0.151685393258	0.106741573034	0.174157303371	0.0955056179775	0.168539325843	0.224719101124	0.140449438202	0.129213483146	0.140449438202	0.185393258427	0.247191011236	0.112359550562	0.241573033708	0.230337078652	0.230337078652	0.219101123596
160603188-stool3.snv.bam	0.0898876404494	0.11797752809	0.247191011236	0.0	0.0	0.0	0.0	0.191011235955	0.23595505618	0.14606741573	0.151685393258	0.191011235955	0.196629213483	0.185393258427	0.185393258427	0.196629213483	0.061797752809	0.241573033708	0.179775280899	0.185393258427	0.151685393258	0.106741573034	0.174157303371	0.0955056179775	0.168539325843	0.224719101124	0.140449438202	0.129213483146	0.140449438202	0.185393258427	0.247191011236	0.112359550562	0.241573033708	0.230337078652	0.230337078652	0.219101123596
161230322-stool1.snv.bam	0.112359550562	0.106741573034	0.179775280899	0.191011235955	0.191011235955	0.191011235955	0.191011235955	0.0	0.101123595506	0.140449438202	0.140449438202	0.157303370787	0.191011235955	0.106741573034	0.106741573034	0.123595505618	0.061797752809	0.106741573034	0.101123595506	0.151685393258	0.185393258427	0.11797752809	0.101123595506	0.129213483146	0.112359550562	0.179775280899	0.151685393258	0.112359550562	0.123595505618	0.168539325843	0.112359550562	0.101123595506	0.106741573034	0.0955056179775	0.101123595506	0.0842696629213
763557224-stool3.snv.bam	0.162921348315	0.162921348315	0.224719101124	0.23595505618	0.23595505618	0.23595505618	0.23595505618	0.101123595506	0.0	0.179775280899	0.185393258427	0.213483146067	0.224719101124	0.162921348315	0.157303370787	0.185393258427	0.123595505618	0.0	0.157303370787	0.174157303371	0.219101123596	0.151685393258	0.157303370787	0.174157303371	0.140449438202	0.213483146067	0.185393258427	0.168539325843	0.168539325843	0.213483146067	0.0	0.157303370787	0.0	0.0	0.00561797752809	0.0
763577454-stool1.snv.bam	0.0561797752809	0.140449438202	0.219101123596	0.14606741573	0.14606741573	0.14606741573	0.14606741573	0.140449438202	0.179775280899	0.0	0.0	0.247191011236	0.185393258427	0.11797752809	0.11797752809	0.213483146067	0.0730337078652	0.185393258427	0.112359550562	0.140449438202	0.11797752809	0.112359550562	0.11797752809	0.0561797752809	0.134831460674	0.202247191011	0.0786516853933	0.162921348315	0.0674157303371	0.230337078652	0.191011235955	0.134831460674	0.185393258427	0.174157303371	0.174157303371	0.162921348315
763577454-stool2.snv.bam	0.0449438202247	0.14606741573	0.224719101124	0.14606741573	0.140449438202	0.151685393258	0.151685393258	0.140449438202	0.185393258427	0.0	0.0	0.252808988764	0.185393258427	0.123595505618	0.123595505618	0.207865168539	0.0674157303371	0.191011235955	0.11797752809	0.14606741573	0.123595505618	0.112359550562	0.123595505618	0.0561797752809	0.140449438202	0.207865168539	0.0786516853933	0.168539325843	0.0674157303371	0.23595505618	0.196629213483	0.140449438202	0.191011235955	0.179775280899	0.179775280899	0.168539325843
763840445-stool1.snv.bam	0.185393258427	0.11797752809	0.0561797752809	0.191011235955	0.191011235955	0.191011235955	0.191011235955	0.157303370787	0.213483146067	0.247191011236	0.252808988764	0.0	0.230337078652	0.162921348315	0.162921348315	0.134831460674	0.0674157303371	0.219101123596	0.157303370787	0.140449438202	0.162921348315	0.174157303371	0.151685393258	0.196629213483	0.140449438202	0.202247191011	0.230337078652	0.0786516853933	0.230337078652	0.112359550562	0.224719101124	0.112359550562	0.219101123596	0.207865168539	0.213483146067	0.196629213483
763961826-stool2.snv.bam	0.179775280899	0.162921348315	0.207865168539	0.196629213483	0.191011235955	0.196629213483	0.196629213483	0.191011235955	0.224719101124	0.185393258427	0.185393258427	0.230337078652	0.0	0.14606741573	0.14606741573	0.191011235955	0.0955056179775	0.230337078652	0.140449438202	0.151685393258	0.140449438202	0.196629213483	0.14606741573	0.224719101124	0.106741573034	0.157303370787	0.168539325843	0.168539325843	0.196629213483	0.219101123596	0.23595505618	0.157303370787	0.230337078652	0.219101123596	0.224719101124	0.213483146067
764285508-stool1.snv.bam	0.162921348315	0.0786516853933	0.140449438202	0.185393258427	0.185393258427	0.185393258427	0.185393258427	0.106741573034	0.162921348315	0.11797752809	0.123595505618	0.162921348315	0.14606741573	0.0	0.0	0.174157303371	0.0786516853933	0.168539325843	0.00561797752809	0.101123595506	0.134831460674	0.157303370787	0.0112359550562	0.168539325843	0.061797752809	0.140449438202	0.134831460674	0.106741573034	0.112359550562	0.174157303371	0.174157303371	0.0730337078652	0.168539325843	0.157303370787	0.162921348315	0.14606741573
764285508-stool2.snv.bam	0.151685393258	0.0786516853933	0.140449438202	0.185393258427	0.185393258427	0.185393258427	0.185393258427	0.106741573034	0.157303370787	0.11797752809	0.123595505618	0.162921348315	0.14606741573	0.0	0.0	0.174157303371	0.0786516853933	0.162921348315	0.00561797752809	0.101123595506	0.134831460674	0.157303370787	0.0112359550562	0.168539325843	0.061797752809	0.140449438202	0.134831460674	0.106741573034	0.112359550562	0.174157303371	0.168539325843	0.0730337078652	0.162921348315	0.151685393258	0.157303370787	0.140449438202
764669880-stool1.snv.bam	0.151685393258	0.14606741573	0.191011235955	0.196629213483	0.196629213483	0.196629213483	0.196629213483	0.123595505618	0.185393258427	0.213483146067	0.207865168539	0.134831460674	0.191011235955	0.174157303371	0.174157303371	0.0	0.0561797752809	0.191011235955	0.168539325843	0.224719101124	0.252808988764	0.157303370787	0.162921348315	0.157303370787	0.179775280899	0.224719101124	0.207865168539	0.168539325843	0.179775280899	0.202247191011	0.196629213483	0.140449438202	0.191011235955	0.179775280899	0.185393258427	0.168539325843
765094712-stool2.snv.bam	0.0393258426966	0.0280898876404	0.101123595506	0.061797752809	0.061797752809	0.061797752809	0.061797752809	0.061797752809	0.123595505618	0.0730337078652	0.0674157303371	0.0674157303371	0.0955056179775	0.0786516853933	0.0786516853933	0.0561797752809	0.0	0.129213483146	0.0730337078652	0.101123595506	0.0955056179775	0.0674157303371	0.0674157303371	0.0505617977528	0.0730337078652	0.112359550562	0.0898876404494	0.0674157303371	0.101123595506	0.106741573034	0.134831460674	0.0280898876404	0.129213483146	0.11797752809	0.123595505618	0.106741573034
M4.4-V1.metaG.snv.bam	0.168539325843	0.168539325843	0.230337078652	0.241573033708	0.241573033708	0.241573033708	0.241573033708	0.106741573034	0.0	0.185393258427	0.191011235955	0.219101123596	0.230337078652	0.168539325843	0.162921348315	0.191011235955	0.129213483146	0.0	0.162921348315	0.174157303371	0.224719101124	0.151685393258	0.162921348315	0.179775280899	0.14606741573	0.219101123596	0.191011235955	0.174157303371	0.174157303371	0.219101123596	0.0	0.162921348315	0.0	0.0	0.00561797752809	0.00561797752809
MH0275.snv.bam	0.151685393258	0.0730337078652	0.134831460674	0.179775280899	0.179775280899	0.179775280899	0.179775280899	0.101123595506	0.157303370787	0.112359550562	0.11797752809	0.157303370787	0.140449438202	0.00561797752809	0.00561797752809	0.168539325843	0.0730337078652	0.162921348315	0.0	0.0955056179775	0.129213483146	0.151685393258	0.00561797752809	0.162921348315	0.0561797752809	0.134831460674	0.129213483146	0.101123595506	0.112359550562	0.168539325843	0.168539325843	0.0674157303371	0.162921348315	0.151685393258	0.157303370787	0.140449438202
MH0432.snv.bam	0.168539325843	0.112359550562	0.112359550562	0.185393258427	0.185393258427	0.185393258427	0.185393258427	0.151685393258	0.174157303371	0.140449438202	0.14606741573	0.140449438202	0.151685393258	0.101123595506	0.101123595506	0.224719101124	0.101123595506	0.174157303371	0.0955056179775	0.0	0.0674157303371	0.157303370787	0.101123595506	0.179775280899	0.0730337078652	0.151685393258	0.14606741573	0.0786516853933	0.168539325843	0.123595505618	0.185393258427	0.106741573034	0.179775280899	0.168539325843	0.174157303371	0.162921348315
N017A.snv.bam	0.14606741573	0.14606741573	0.140449438202	0.151685393258	0.151685393258	0.151685393258	0.151685393258	0.185393258427	0.219101123596	0.11797752809	0.123595505618	0.162921348315	0.140449438202	0.134831460674	0.134831460674	0.252808988764	0.0955056179775	0.224719101124	0.129213483146	0.0674157303371	0.0	0.157303370787	0.134831460674	0.157303370787	0.112359550562	0.174157303371	0.123595505618	0.101123595506	0.14606741573	0.14606741573	0.230337078652	0.140449438202	0.224719101124	0.213483146067	0.219101123596	0.202247191011
N032A.snv.bam	0.0449438202247	0.123595505618	0.230337078652	0.106741573034	0.106741573034	0.106741573034	0.106741573034	0.11797752809	0.151685393258	0.112359550562	0.112359550562	0.174157303371	0.196629213483	0.157303370787	0.157303370787	0.157303370787	0.0674157303371	0.151685393258	0.151685393258	0.157303370787	0.157303370787	0.0	0.14606741573	0.0561797752809	0.140449438202	0.202247191011	0.112359550562	0.134831460674	0.0898876404494	0.174157303371	0.162921348315	0.11797752809	0.157303370787	0.14606741573	0.14606741573	0.140449438202
O2.UC37-1.snv.bam	0.151685393258	0.0674157303371	0.140449438202	0.174157303371	0.174157303371	0.174157303371	0.174157303371	0.101123595506	0.157303370787	0.11797752809	0.123595505618	0.151685393258	0.14606741573	0.0112359550562	0.0112359550562	0.162921348315	0.0674157303371	0.162921348315	0.00561797752809	0.101123595506	0.134831460674	0.14606741573	0.0	0.157303370787	0.061797752809	0.140449438202	0.134831460674	0.0955056179775	0.11797752809	0.162921348315	0.168539325843	0.061797752809	0.162921348315	0.151685393258	0.157303370787	0.140449438202
SZEY-10A.snv.bam	0.0	0.112359550562	0.252808988764	0.0955056179775	0.0955056179775	0.0955056179775	0.0955056179775	0.129213483146	0.174157303371	0.0561797752809	0.0561797752809	0.196629213483	0.224719101124	0.168539325843	0.168539325843	0.157303370787	0.0505617977528	0.179775280899	0.162921348315	0.179775280899	0.157303370787	0.0561797752809	0.157303370787	0.0	0.185393258427	0.230337078652	0.112359550562	0.134831460674	0.0898876404494	0.191011235955	0.185393258427	0.106741573034	0.179775280899	0.168539325843	0.168539325843	0.157303370787
SZEY-39A.snv.bam	0.174157303371	0.0955056179775	0.11797752809	0.168539325843	0.168539325843	0.168539325843	0.168539325843	0.112359550562	0.140449438202	0.134831460674	0.140449438202	0.140449438202	0.106741573034	0.061797752809	0.061797752809	0.179775280899	0.0730337078652	0.14606741573	0.0561797752809	0.0730337078652	0.112359550562	0.140449438202	0.061797752809	0.185393258427	0.0	0.123595505618	0.11797752809	0.0955056179775	0.14606741573	0.157303370787	0.151685393258	0.0898876404494	0.14606741573	0.134831460674	0.140449438202	0.129213483146
T2D-17A.snv.bam	0.219101123596	0.151685393258	0.162921348315	0.224719101124	0.224719101124	0.224719101124	0.224719101124	0.179775280899	0.213483146067	0.202247191011	0.207865168539	0.202247191011	0.157303370787	0.140449438202	0.140449438202	0.224719101124	0.112359550562	0.219101123596	0.134831460674	0.151685393258	0.174157303371	0.202247191011	0.140449438202	0.230337078652	0.123595505618	0.0	0.207865168539	0.14606741573	0.202247191011	0.11797752809	0.224719101124	0.157303370787	0.219101123596	0.207865168539	0.213483146067	0.196629213483
T2D-25A.snv.bam	0.101123595506	0.157303370787	0.207865168539	0.140449438202	0.140449438202	0.140449438202	0.140449438202	0.151685393258	0.185393258427	0.0786516853933	0.0786516853933	0.230337078652	0.168539325843	0.134831460674	0.134831460674	0.207865168539	0.0898876404494	0.191011235955	0.129213483146	0.14606741573	0.123595505618	0.112359550562	0.134831460674	0.112359550562	0.11797752809	0.207865168539	0.0	0.185393258427	0.101123595506	0.23595505618	0.196629213483	0.151685393258	0.191011235955	0.179775280899	0.179775280899	0.174157303371
V1.CD20-0.snv.bam	0.129213483146	0.0561797752809	0.123595505618	0.129213483146	0.129213483146	0.129213483146	0.129213483146	0.112359550562	0.168539325843	0.162921348315	0.168539325843	0.0786516853933	0.168539325843	0.106741573034	0.106741573034	0.168539325843	0.0674157303371	0.174157303371	0.101123595506	0.0786516853933	0.101123595506	0.134831460674	0.0955056179775	0.134831460674	0.0955056179775	0.14606741573	0.185393258427	0.0	0.151685393258	0.0505617977528	0.179775280899	0.0505617977528	0.174157303371	0.162921348315	0.168539325843	0.151685393258
V1.FI08.snv.bam	0.0786516853933	0.14606741573	0.213483146067	0.140449438202	0.140449438202	0.140449438202	0.140449438202	0.123595505618	0.168539325843	0.0674157303371	0.0674157303371	0.230337078652	0.196629213483	0.112359550562	0.112359550562	0.179775280899	0.101123595506	0.174157303371	0.112359550562	0.168539325843	0.14606741573	0.0898876404494	0.11797752809	0.0898876404494	0.14606741573	0.202247191011	0.101123595506	0.151685393258	0.0	0.213483146067	0.179775280899	0.14606741573	0.174157303371	0.162921348315	0.162921348315	0.151685393258
V1.FI10.snv.bam	0.179775280899	0.123595505618	0.151685393258	0.185393258427	0.185393258427	0.185393258427	0.185393258427	0.168539325843	0.213483146067	0.230337078652	0.23595505618	0.112359550562	0.219101123596	0.174157303371	0.174157303371	0.202247191011	0.106741573034	0.219101123596	0.168539325843	0.123595505618	0.14606741573	0.174157303371	0.162921348315	0.191011235955	0.157303370787	0.11797752809	0.23595505618	0.0505617977528	0.213483146067	0.0	0.224719101124	0.11797752809	0.219101123596	0.207865168539	0.213483146067	0.196629213483
V1.FI23.snv.bam	0.174157303371	0.174157303371	0.23595505618	0.247191011236	0.247191011236	0.247191011236	0.247191011236	0.112359550562	0.0	0.191011235955	0.196629213483	0.224719101124	0.23595505618	0.174157303371	0.168539325843	0.196629213483	0.134831460674	0.0	0.168539325843	0.185393258427	0.230337078652	0.162921348315	0.168539325843	0.185393258427	0.151685393258	0.224719101124	0.196629213483	0.179775280899	0.179775280899	0.224719101124	0.0	0.168539325843	0.0	0.0	0.00561797752809	0.00561797752809
V1.UC54-4.snv.bam	0.101123595506	0.00561797752809	0.157303370787	0.112359550562	0.112359550562	0.112359550562	0.112359550562	0.101123595506	0.157303370787	0.134831460674	0.140449438202	0.112359550562	0.157303370787	0.0730337078652	0.0730337078652	0.140449438202	0.0280898876404	0.162921348315	0.0674157303371	0.106741573034	0.140449438202	0.11797752809	0.061797752809	0.106741573034	0.0898876404494	0.157303370787	0.151685393258	0.0505617977528	0.14606741573	0.11797752809	0.168539325843	0.0	0.162921348315	0.151685393258	0.157303370787	0.140449438202
alien-11-0-0.snv.bam	0.123595505618	0.168539325843	0.230337078652	0.241573033708	0.23595505618	0.241573033708	0.241573033708	0.106741573034	0.0	0.185393258427	0.191011235955	0.219101123596	0.230337078652	0.168539325843	0.162921348315	0.191011235955	0.129213483146	0.0	0.162921348315	0.179775280899	0.224719101124	0.157303370787	0.162921348315	0.179775280899	0.14606741573	0.219101123596	0.191011235955	0.174157303371	0.174157303371	0.219101123596	0.0	0.162921348315	0.0	0.0	0.0	0.0
alien-11-7-0.snv.bam	0.123595505618	0.157303370787	0.219101123596	0.230337078652	0.230337078652	0.230337078652	0.230337078652	0.0955056179775	0.0	0.174157303371	0.179775280899	0.207865168539	0.219101123596	0.157303370787	0.151685393258	0.179775280899	0.11797752809	0.0	0.151685393258	0.168539325843	0.213483146067	0.14606741573	0.151685393258	0.168539325843	0.134831460674	0.207865168539	0.179775280899	0.162921348315	0.162921348315	0.207865168539	0.0	0.151685393258	0.0	0.0	0.0	0.0
alien-12-7-0.snv.bam	0.123595505618	0.162921348315	0.224719101124	0.230337078652	0.224719101124	0.230337078652	0.230337078652	0.101123595506	0.00561797752809	0.174157303371	0.179775280899	0.213483146067	0.224719101124	0.162921348315	0.157303370787	0.185393258427	0.123595505618	0.00561797752809	0.157303370787	0.174157303371	0.219101123596	0.14606741573	0.157303370787	0.168539325843	0.140449438202	0.213483146067	0.179775280899	0.168539325843	0.162921348315	0.213483146067	0.00561797752809	0.157303370787	0.0	0.0	0.0	0.0
alien-13-7-0.snv.bam	0.129213483146	0.14606741573	0.207865168539	0.213483146067	0.213483146067	0.219101123596	0.219101123596	0.0842696629213	0.0	0.162921348315	0.168539325843	0.196629213483	0.213483146067	0.14606741573	0.140449438202	0.168539325843	0.106741573034	0.00561797752809	0.140449438202	0.162921348315	0.202247191011	0.140449438202	0.140449438202	0.157303370787	0.129213483146	0.196629213483	0.174157303371	0.151685393258	0.151685393258	0.196629213483	0.00561797752809	0.140449438202	0.0	0.0	0.0	0.0
