	158337416-stool1.snv.bam	159247771-stool1.snv.bam	160178356-stool2.snv.bam	160178356-stool3.snv.bam	160765029-stool1.snv.bam	178713055-stool2.snv.bam	604812005-stool1.snv.bam	604812005-stool2.snv.bam	604812005-stool3.snv.bam	764325968-stool1.snv.bam	764325968-stool2.snv.bam	765155402-stool3.snv.bam	765377934-stool3.snv.bam	765701615-stool2.snv.bam	CCIS13047523ST-4-0.snv.bam	CCIS36797902ST-4-0.snv.bam	CCIS45793747ST-4-0.snv.bam	CCIS87252800ST-4-0.snv.bam	CCMD12232071ST-21-0.snv.bam	CCMD64776337ST-21-0.snv.bam	DLM013.snv.bam	DLM028.snv.bam	DOF003.snv.bam	M3.5-V1.metaT.snv.bam	MH0176.snv.bam	MH0230.snv.bam	MH0325.snv.bam	MH0358.snv.bam	MH0388.snv.bam	MH0395.snv.bam	MH0397.snv.bam	MH0456.snv.bam	MMRS38954404ST-27-0-0.snv.bam	MMRS61683006ST-27-0-0.snv.bam	MMRS84085284ST-27-0-0.snv.bam	N001A.snv.bam	N020A.snv.bam	N028A.snv.bam	N047A.snv.bam	NLF015.snv.bam	NLM010.snv.bam	T2D-110A.snv.bam	T2D-113A.snv.bam	T2D-134A.snv.bam	T2D-15A.snv.bam	T2D-54A.snv.bam	T2D-70A.snv.bam	T2D-91A.snv.bam	T2D-97A.snv.bam	V1.CD35-0.snv.bam	V1.FI14.snv.bam	V1.FI25.snv.bam	V1.UC62-0.snv.bam
158337416-stool1.snv.bam	0.0	0.228070175439	0.195488721805	0.19298245614	0.165413533835	0.195488721805	0.12030075188	0.12030075188	0.12030075188	0.117794486216	0.112781954887	0.132832080201	0.208020050125	0.187969924812	0.220551378446	0.213032581454	0.190476190476	0.177944862155	0.213032581454	0.165413533835	0.187969924812	0.213032581454	0.19298245614	0.182957393484	0.195488721805	0.205513784461	0.187969924812	0.195488721805	0.213032581454	0.197994987469	0.190476190476	0.185463659148	0.182957393484	0.228070175439	0.16290726817	0.18045112782	0.228070175439	0.130325814536	0.197994987469	0.172932330827	0.115288220551	0.157894736842	0.115288220551	0.22305764411	0.255639097744	0.195488721805	0.187969924812	0.225563909774	0.0651629072682	0.215538847118	0.187969924812	0.187969924812	0.225563909774
159247771-stool1.snv.bam	0.228070175439	0.0	0.0827067669173	0.0827067669173	0.167919799499	0.0451127819549	0.155388471178	0.155388471178	0.147869674185	0.152882205514	0.137844611529	0.105263157895	0.062656641604	0.0601503759398	0.127819548872	0.0	0.0451127819549	0.0576441102757	0.00751879699248	0.0927318295739	0.18045112782	0.0852130325815	0.145363408521	0.0601503759398	0.0451127819549	0.0601503759398	0.0601503759398	0.0451127819549	0.0	0.0751879699248	0.062656641604	0.105263157895	0.135338345865	0.062656641604	0.100250626566	0.155388471178	0.105263157895	0.152882205514	0.0375939849624	0.100250626566	0.145363408521	0.105263157895	0.15037593985	0.125313283208	0.187969924812	0.0451127819549	0.12030075188	0.15037593985	0.175438596491	0.0200501253133	0.0601503759398	0.0576441102757	0.0
160178356-stool2.snv.bam	0.195488721805	0.0827067669173	0.0	0.0	0.195488721805	0.047619047619	0.132832080201	0.132832080201	0.125313283208	0.130325814536	0.112781954887	0.115288220551	0.0551378446115	0.0726817042607	0.155388471178	0.0751879699248	0.0426065162907	0.0676691729323	0.0651629072682	0.105263157895	0.122807017544	0.100250626566	0.102756892231	0.0726817042607	0.047619047619	0.0526315789474	0.0726817042607	0.047619047619	0.0701754385965	0.0852130325815	0.0751879699248	0.0927318295739	0.132832080201	0.12030075188	0.0977443609023	0.0977443609023	0.122807017544	0.135338345865	0.0451127819549	0.0751879699248	0.122807017544	0.0852130325815	0.127819548872	0.117794486216	0.185463659148	0.047619047619	0.0751879699248	0.0977443609023	0.15037593985	0.0877192982456	0.0726817042607	0.0701754385965	0.0802005012531
160178356-stool3.snv.bam	0.19298245614	0.0827067669173	0.0	0.0	0.190476190476	0.047619047619	0.130325814536	0.130325814536	0.122807017544	0.127819548872	0.110275689223	0.112781954887	0.0551378446115	0.0701754385965	0.15037593985	0.0751879699248	0.0426065162907	0.0651629072682	0.0651629072682	0.102756892231	0.12030075188	0.0952380952381	0.100250626566	0.0701754385965	0.047619047619	0.0526315789474	0.0701754385965	0.047619047619	0.0701754385965	0.0827067669173	0.0726817042607	0.0902255639098	0.130325814536	0.117794486216	0.0977443609023	0.0952380952381	0.117794486216	0.130325814536	0.0451127819549	0.0726817042607	0.12030075188	0.0827067669173	0.125313283208	0.115288220551	0.182957393484	0.047619047619	0.0726817042607	0.0952380952381	0.15037593985	0.0852130325815	0.0701754385965	0.0676691729323	0.0802005012531
160765029-stool1.snv.bam	0.165413533835	0.167919799499	0.195488721805	0.190476190476	0.0	0.197994987469	0.142857142857	0.142857142857	0.142857142857	0.140350877193	0.135338345865	0.152882205514	0.175438596491	0.19298245614	0.190476190476	0.155388471178	0.19298245614	0.190476190476	0.165413533835	0.190476190476	0.182957393484	0.12030075188	0.152882205514	0.19298245614	0.197994987469	0.172932330827	0.19298245614	0.197994987469	0.155388471178	0.203007518797	0.195488721805	0.165413533835	0.182957393484	0.155388471178	0.243107769424	0.157894736842	0.132832080201	0.100250626566	0.195488721805	0.15037593985	0.135338345865	0.170426065163	0.137844611529	0.165413533835	0.248120300752	0.197994987469	0.155388471178	0.190476190476	0.127819548872	0.170426065163	0.19298245614	0.195488721805	0.167919799499
178713055-stool2.snv.bam	0.195488721805	0.0451127819549	0.047619047619	0.047619047619	0.197994987469	0.0	0.130325814536	0.130325814536	0.122807017544	0.127819548872	0.112781954887	0.0751879699248	0.0275689223058	0.0250626566416	0.15037593985	0.0375939849624	0.0	0.0225563909774	0.0451127819549	0.0576441102757	0.15037593985	0.0927318295739	0.125313283208	0.0250626566416	0.0	0.0250626566416	0.0250626566416	0.0	0.0350877192982	0.0401002506266	0.0275689223058	0.0701754385965	0.127819548872	0.0751879699248	0.0651629072682	0.125313283208	0.115288220551	0.130325814536	0.00751879699248	0.0676691729323	0.12030075188	0.0802005012531	0.125313283208	0.135338345865	0.175438596491	0.0	0.100250626566	0.115288220551	0.155388471178	0.0651629072682	0.0250626566416	0.0225563909774	0.0426065162907
604812005-stool1.snv.bam	0.12030075188	0.155388471178	0.132832080201	0.130325814536	0.142857142857	0.130325814536	0.0	0.0	0.0	0.0125313283208	0.0125313283208	0.0401002506266	0.147869674185	0.112781954887	0.145363408521	0.135338345865	0.125313283208	0.110275689223	0.145363408521	0.077694235589	0.15037593985	0.152882205514	0.130325814536	0.112781954887	0.130325814536	0.145363408521	0.115288220551	0.130325814536	0.140350877193	0.130325814536	0.117794486216	0.122807017544	0.140350877193	0.170426065163	0.175438596491	0.127819548872	0.175438596491	0.0526315789474	0.127819548872	0.122807017544	0.0125313283208	0.0927318295739	0.0100250626566	0.16290726817	0.225563909774	0.130325814536	0.125313283208	0.195488721805	0.0701754385965	0.142857142857	0.115288220551	0.112781954887	0.152882205514
604812005-stool2.snv.bam	0.12030075188	0.155388471178	0.132832080201	0.130325814536	0.142857142857	0.130325814536	0.0	0.0	0.0	0.0125313283208	0.0125313283208	0.0401002506266	0.147869674185	0.112781954887	0.145363408521	0.135338345865	0.125313283208	0.110275689223	0.145363408521	0.077694235589	0.15037593985	0.152882205514	0.130325814536	0.112781954887	0.130325814536	0.145363408521	0.115288220551	0.130325814536	0.140350877193	0.130325814536	0.117794486216	0.122807017544	0.140350877193	0.170426065163	0.175438596491	0.127819548872	0.175438596491	0.0526315789474	0.127819548872	0.122807017544	0.0125313283208	0.0927318295739	0.0100250626566	0.16290726817	0.225563909774	0.130325814536	0.125313283208	0.195488721805	0.0701754385965	0.142857142857	0.115288220551	0.112781954887	0.152882205514
604812005-stool3.snv.bam	0.12030075188	0.147869674185	0.125313283208	0.122807017544	0.142857142857	0.122807017544	0.0	0.0	0.0	0.0125313283208	0.0125313283208	0.0401002506266	0.140350877193	0.105263157895	0.142857142857	0.127819548872	0.117794486216	0.105263157895	0.137844611529	0.0751879699248	0.145363408521	0.145363408521	0.125313283208	0.105263157895	0.122807017544	0.137844611529	0.107769423559	0.122807017544	0.132832080201	0.122807017544	0.110275689223	0.12030075188	0.137844611529	0.16290726817	0.167919799499	0.122807017544	0.167919799499	0.0526315789474	0.12030075188	0.12030075188	0.0125313283208	0.0902255639098	0.0100250626566	0.160401002506	0.215538847118	0.122807017544	0.12030075188	0.187969924812	0.0701754385965	0.135338345865	0.107769423559	0.105263157895	0.145363408521
764325968-stool1.snv.bam	0.117794486216	0.152882205514	0.130325814536	0.127819548872	0.140350877193	0.127819548872	0.0125313283208	0.0125313283208	0.0125313283208	0.0	0.0	0.0375939849624	0.145363408521	0.110275689223	0.142857142857	0.132832080201	0.122807017544	0.107769423559	0.142857142857	0.0751879699248	0.145363408521	0.15037593985	0.127819548872	0.110275689223	0.127819548872	0.142857142857	0.112781954887	0.127819548872	0.137844611529	0.127819548872	0.115288220551	0.12030075188	0.137844611529	0.167919799499	0.167919799499	0.125313283208	0.172932330827	0.0501253132832	0.125313283208	0.12030075188	0.0	0.0902255639098	0.00250626566416	0.165413533835	0.228070175439	0.127819548872	0.122807017544	0.19298245614	0.0676691729323	0.140350877193	0.112781954887	0.115288220551	0.15037593985
764325968-stool2.snv.bam	0.112781954887	0.137844611529	0.112781954887	0.110275689223	0.135338345865	0.112781954887	0.0125313283208	0.0125313283208	0.0125313283208	0.0	0.0	0.0375939849624	0.127819548872	0.0952380952381	0.137844611529	0.117794486216	0.107769423559	0.0952380952381	0.127819548872	0.0701754385965	0.132832080201	0.132832080201	0.112781954887	0.0952380952381	0.112781954887	0.125313283208	0.0977443609023	0.112781954887	0.122807017544	0.112781954887	0.100250626566	0.110275689223	0.130325814536	0.152882205514	0.152882205514	0.112781954887	0.155388471178	0.0501253132832	0.110275689223	0.107769423559	0.0	0.0827067669173	0.00250626566416	0.160401002506	0.205513784461	0.112781954887	0.105263157895	0.175438596491	0.0651629072682	0.125313283208	0.0977443609023	0.100250626566	0.135338345865
765155402-stool3.snv.bam	0.132832080201	0.105263157895	0.115288220551	0.112781954887	0.152882205514	0.0751879699248	0.0401002506266	0.0401002506266	0.0401002506266	0.0375939849624	0.0375939849624	0.0	0.0977443609023	0.0576441102757	0.140350877193	0.0852130325815	0.0726817042607	0.062656641604	0.105263157895	0.0300751879699	0.130325814536	0.132832080201	0.112781954887	0.0576441102757	0.0751879699248	0.0952380952381	0.0601503759398	0.0751879699248	0.0927318295739	0.0751879699248	0.062656641604	0.077694235589	0.130325814536	0.115288220551	0.135338345865	0.110275689223	0.155388471178	0.062656641604	0.077694235589	0.107769423559	0.0375939849624	0.0751879699248	0.0350877192982	0.147869674185	0.195488721805	0.0751879699248	0.107769423559	0.167919799499	0.0852130325815	0.100250626566	0.0601503759398	0.062656641604	0.102756892231
765377934-stool3.snv.bam	0.208020050125	0.062656641604	0.0551378446115	0.0551378446115	0.175438596491	0.0275689223058	0.147869674185	0.147869674185	0.140350877193	0.145363408521	0.127819548872	0.0977443609023	0.0	0.0526315789474	0.167919799499	0.0551378446115	0.0275689223058	0.0501253132832	0.062656641604	0.0852130325815	0.132832080201	0.0802005012531	0.112781954887	0.0526315789474	0.0275689223058	0.00250626566416	0.0526315789474	0.0275689223058	0.0526315789474	0.0651629072682	0.0551378446115	0.047619047619	0.147869674185	0.0701754385965	0.0827067669173	0.110275689223	0.105263157895	0.115288220551	0.0250626566416	0.062656641604	0.137844611529	0.0977443609023	0.142857142857	0.127819548872	0.187969924812	0.0275689223058	0.0952380952381	0.107769423559	0.167919799499	0.0827067669173	0.0526315789474	0.0501253132832	0.0601503759398
765701615-stool2.snv.bam	0.187969924812	0.0601503759398	0.0726817042607	0.0701754385965	0.19298245614	0.0250626566416	0.112781954887	0.112781954887	0.105263157895	0.110275689223	0.0952380952381	0.0576441102757	0.0526315789474	0.0	0.135338345865	0.0426065162907	0.0225563909774	0.00250626566416	0.0601503759398	0.0401002506266	0.155388471178	0.077694235589	0.130325814536	0.0	0.0250626566416	0.0501253132832	0.0	0.0250626566416	0.047619047619	0.015037593985	0.00250626566416	0.0726817042607	0.12030075188	0.0601503759398	0.0852130325815	0.140350877193	0.100250626566	0.112781954887	0.0325814536341	0.0526315789474	0.100250626566	0.0651629072682	0.107769423559	0.132832080201	0.177944862155	0.0250626566416	0.105263157895	0.12030075188	0.145363408521	0.062656641604	0.0	0.00751879699248	0.0576441102757
CCIS13047523ST-4-0.snv.bam	0.220551378446	0.127819548872	0.155388471178	0.15037593985	0.190476190476	0.15037593985	0.145363408521	0.145363408521	0.142857142857	0.142857142857	0.137844611529	0.140350877193	0.167919799499	0.135338345865	0.0	0.112781954887	0.145363408521	0.137844611529	0.127819548872	0.115288220551	0.177944862155	0.140350877193	0.187969924812	0.135338345865	0.15037593985	0.165413533835	0.137844611529	0.15037593985	0.122807017544	0.152882205514	0.140350877193	0.140350877193	0.0576441102757	0.142857142857	0.182957393484	0.160401002506	0.125313283208	0.15037593985	0.152882205514	0.117794486216	0.140350877193	0.12030075188	0.140350877193	0.12030075188	0.203007518797	0.15037593985	0.16290726817	0.177944862155	0.175438596491	0.12030075188	0.137844611529	0.135338345865	0.127819548872
CCIS36797902ST-4-0.snv.bam	0.213032581454	0.0	0.0751879699248	0.0751879699248	0.155388471178	0.0375939849624	0.135338345865	0.135338345865	0.127819548872	0.132832080201	0.117794486216	0.0852130325815	0.0551378446115	0.0426065162907	0.112781954887	0.0	0.0375939849624	0.0451127819549	0.00751879699248	0.0726817042607	0.170426065163	0.0726817042607	0.135338345865	0.0426065162907	0.0375939849624	0.0526315789474	0.0426065162907	0.0375939849624	0.0	0.0576441102757	0.0451127819549	0.0877192982456	0.117794486216	0.0501253132832	0.0927318295739	0.147869674185	0.0877192982456	0.132832080201	0.0300751879699	0.0827067669173	0.125313283208	0.0877192982456	0.130325814536	0.117794486216	0.175438596491	0.0375939849624	0.110275689223	0.140350877193	0.160401002506	0.0100250626566	0.0426065162907	0.0401002506266	0.0
CCIS45793747ST-4-0.snv.bam	0.190476190476	0.0451127819549	0.0426065162907	0.0426065162907	0.19298245614	0.0	0.125313283208	0.125313283208	0.117794486216	0.122807017544	0.107769423559	0.0726817042607	0.0275689223058	0.0225563909774	0.145363408521	0.0375939849624	0.0	0.0200501253133	0.0451127819549	0.0551378446115	0.145363408521	0.0877192982456	0.12030075188	0.0225563909774	0.0	0.0250626566416	0.0225563909774	0.0	0.0350877192982	0.0375939849624	0.0250626566416	0.0676691729323	0.122807017544	0.0726817042607	0.0651629072682	0.12030075188	0.110275689223	0.125313283208	0.00751879699248	0.062656641604	0.115288220551	0.0751879699248	0.12030075188	0.130325814536	0.175438596491	0.0	0.0952380952381	0.110275689223	0.152882205514	0.062656641604	0.0225563909774	0.0200501253133	0.0426065162907
CCIS87252800ST-4-0.snv.bam	0.177944862155	0.0576441102757	0.0676691729323	0.0651629072682	0.190476190476	0.0225563909774	0.110275689223	0.110275689223	0.105263157895	0.107769423559	0.0952380952381	0.062656641604	0.0501253132832	0.00250626566416	0.137844611529	0.0451127819549	0.0200501253133	0.0	0.0551378446115	0.0426065162907	0.152882205514	0.077694235589	0.127819548872	0.00250626566416	0.0225563909774	0.047619047619	0.00250626566416	0.0225563909774	0.0451127819549	0.0175438596491	0.00501253132832	0.0751879699248	0.12030075188	0.062656641604	0.077694235589	0.137844611529	0.100250626566	0.112781954887	0.0300751879699	0.0526315789474	0.0977443609023	0.0601503759398	0.105263157895	0.132832080201	0.175438596491	0.0225563909774	0.102756892231	0.117794486216	0.140350877193	0.0651629072682	0.00250626566416	0.0100250626566	0.0551378446115
CCMD12232071ST-21-0.snv.bam	0.213032581454	0.00751879699248	0.0651629072682	0.0651629072682	0.165413533835	0.0451127819549	0.145363408521	0.145363408521	0.137844611529	0.142857142857	0.127819548872	0.105263157895	0.062656641604	0.0601503759398	0.127819548872	0.00751879699248	0.0451127819549	0.0551378446115	0.0	0.0927318295739	0.172932330827	0.0852130325815	0.137844611529	0.0601503759398	0.0451127819549	0.0601503759398	0.0601503759398	0.0451127819549	0.00751879699248	0.0751879699248	0.062656641604	0.105263157895	0.127819548872	0.0676691729323	0.100250626566	0.147869674185	0.100250626566	0.147869674185	0.0375939849624	0.0952380952381	0.135338345865	0.0902255639098	0.140350877193	0.12030075188	0.187969924812	0.0451127819549	0.112781954887	0.142857142857	0.157894736842	0.0125313283208	0.0601503759398	0.0576441102757	0.00751879699248
CCMD64776337ST-21-0.snv.bam	0.165413533835	0.0927318295739	0.105263157895	0.102756892231	0.190476190476	0.0576441102757	0.077694235589	0.077694235589	0.0751879699248	0.0751879699248	0.0701754385965	0.0300751879699	0.0852130325815	0.0401002506266	0.115288220551	0.0726817042607	0.0551378446115	0.0426065162907	0.0927318295739	0.0	0.172932330827	0.112781954887	0.16290726817	0.0401002506266	0.0576441102757	0.0827067669173	0.0426065162907	0.0576441102757	0.0802005012531	0.0576441102757	0.0451127819549	0.062656641604	0.105263157895	0.0977443609023	0.117794486216	0.152882205514	0.135338345865	0.0977443609023	0.0651629072682	0.0852130325815	0.0726817042607	0.0526315789474	0.0726817042607	0.127819548872	0.190476190476	0.0576441102757	0.137844611529	0.15037593985	0.122807017544	0.0877192982456	0.0426065162907	0.0451127819549	0.0902255639098
DLM013.snv.bam	0.187969924812	0.18045112782	0.122807017544	0.12030075188	0.182957393484	0.15037593985	0.15037593985	0.15037593985	0.145363408521	0.145363408521	0.132832080201	0.130325814536	0.132832080201	0.155388471178	0.177944862155	0.170426065163	0.145363408521	0.152882205514	0.172932330827	0.172932330827	0.0	0.137844611529	0.062656641604	0.15037593985	0.15037593985	0.130325814536	0.155388471178	0.15037593985	0.167919799499	0.167919799499	0.157894736842	0.155388471178	0.155388471178	0.167919799499	0.195488721805	0.0175438596491	0.12030075188	0.102756892231	0.152882205514	0.0877192982456	0.142857142857	0.16290726817	0.145363408521	0.115288220551	0.190476190476	0.15037593985	0.0601503759398	0.100250626566	0.175438596491	0.195488721805	0.155388471178	0.152882205514	0.177944862155
DLM028.snv.bam	0.213032581454	0.0852130325815	0.100250626566	0.0952380952381	0.12030075188	0.0927318295739	0.152882205514	0.152882205514	0.145363408521	0.15037593985	0.132832080201	0.132832080201	0.0802005012531	0.077694235589	0.140350877193	0.0726817042607	0.0877192982456	0.077694235589	0.0852130325815	0.112781954887	0.137844611529	0.0	0.107769423559	0.077694235589	0.0927318295739	0.077694235589	0.077694235589	0.0927318295739	0.0751879699248	0.0877192982456	0.0802005012531	0.102756892231	0.125313283208	0.0350877192982	0.142857142857	0.127819548872	0.0250626566416	0.0977443609023	0.100250626566	0.0426065162907	0.140350877193	0.0902255639098	0.147869674185	0.0852130325815	0.185463659148	0.0927318295739	0.0902255639098	0.107769423559	0.182957393484	0.0877192982456	0.077694235589	0.0751879699248	0.0827067669173
DOF003.snv.bam	0.19298245614	0.145363408521	0.102756892231	0.100250626566	0.152882205514	0.125313283208	0.130325814536	0.130325814536	0.125313283208	0.127819548872	0.112781954887	0.112781954887	0.112781954887	0.130325814536	0.187969924812	0.135338345865	0.12030075188	0.127819548872	0.137844611529	0.16290726817	0.062656641604	0.107769423559	0.0	0.130325814536	0.125313283208	0.110275689223	0.130325814536	0.125313283208	0.132832080201	0.140350877193	0.132832080201	0.15037593985	0.170426065163	0.127819548872	0.170426065163	0.047619047619	0.132832080201	0.0827067669173	0.127819548872	0.105263157895	0.12030075188	0.147869674185	0.125313283208	0.0952380952381	0.200501253133	0.125313283208	0.00501253132832	0.0802005012531	0.157894736842	0.160401002506	0.130325814536	0.127819548872	0.142857142857
M3.5-V1.metaT.snv.bam	0.182957393484	0.0601503759398	0.0726817042607	0.0701754385965	0.19298245614	0.0250626566416	0.112781954887	0.112781954887	0.105263157895	0.110275689223	0.0952380952381	0.0576441102757	0.0526315789474	0.0	0.135338345865	0.0426065162907	0.0225563909774	0.00250626566416	0.0601503759398	0.0401002506266	0.15037593985	0.077694235589	0.130325814536	0.0	0.0250626566416	0.0501253132832	0.0	0.0250626566416	0.047619047619	0.015037593985	0.00250626566416	0.0726817042607	0.117794486216	0.0601503759398	0.0852130325815	0.135338345865	0.100250626566	0.112781954887	0.0325814536341	0.0526315789474	0.100250626566	0.062656641604	0.107769423559	0.127819548872	0.167919799499	0.0250626566416	0.105263157895	0.12030075188	0.145363408521	0.0651629072682	0.0	0.00751879699248	0.0576441102757
MH0176.snv.bam	0.195488721805	0.0451127819549	0.047619047619	0.047619047619	0.197994987469	0.0	0.130325814536	0.130325814536	0.122807017544	0.127819548872	0.112781954887	0.0751879699248	0.0275689223058	0.0250626566416	0.15037593985	0.0375939849624	0.0	0.0225563909774	0.0451127819549	0.0576441102757	0.15037593985	0.0927318295739	0.125313283208	0.0250626566416	0.0	0.0250626566416	0.0250626566416	0.0	0.0350877192982	0.0401002506266	0.0275689223058	0.0701754385965	0.127819548872	0.0751879699248	0.0651629072682	0.125313283208	0.115288220551	0.130325814536	0.00751879699248	0.0676691729323	0.12030075188	0.0802005012531	0.125313283208	0.135338345865	0.175438596491	0.0	0.100250626566	0.115288220551	0.155388471178	0.0651629072682	0.0250626566416	0.0225563909774	0.0426065162907
MH0230.snv.bam	0.205513784461	0.0601503759398	0.0526315789474	0.0526315789474	0.172932330827	0.0250626566416	0.145363408521	0.145363408521	0.137844611529	0.142857142857	0.125313283208	0.0952380952381	0.00250626566416	0.0501253132832	0.165413533835	0.0526315789474	0.0250626566416	0.047619047619	0.0601503759398	0.0827067669173	0.130325814536	0.077694235589	0.110275689223	0.0501253132832	0.0250626566416	0.0	0.0501253132832	0.0250626566416	0.0501253132832	0.062656641604	0.0526315789474	0.0451127819549	0.145363408521	0.0676691729323	0.0802005012531	0.107769423559	0.102756892231	0.112781954887	0.0225563909774	0.0601503759398	0.135338345865	0.0952380952381	0.140350877193	0.125313283208	0.185463659148	0.0250626566416	0.0927318295739	0.105263157895	0.165413533835	0.0802005012531	0.0501253132832	0.047619047619	0.0576441102757
MH0325.snv.bam	0.187969924812	0.0601503759398	0.0726817042607	0.0701754385965	0.19298245614	0.0250626566416	0.115288220551	0.115288220551	0.107769423559	0.112781954887	0.0977443609023	0.0601503759398	0.0526315789474	0.0	0.137844611529	0.0426065162907	0.0225563909774	0.00250626566416	0.0601503759398	0.0426065162907	0.155388471178	0.077694235589	0.130325814536	0.0	0.0250626566416	0.0501253132832	0.0	0.0250626566416	0.047619047619	0.015037593985	0.00250626566416	0.0751879699248	0.12030075188	0.0601503759398	0.0852130325815	0.140350877193	0.100250626566	0.115288220551	0.0325814536341	0.0526315789474	0.102756892231	0.0651629072682	0.110275689223	0.132832080201	0.177944862155	0.0250626566416	0.105263157895	0.12030075188	0.147869674185	0.0651629072682	0.0	0.00751879699248	0.0576441102757
MH0358.snv.bam	0.195488721805	0.0451127819549	0.047619047619	0.047619047619	0.197994987469	0.0	0.130325814536	0.130325814536	0.122807017544	0.127819548872	0.112781954887	0.0751879699248	0.0275689223058	0.0250626566416	0.15037593985	0.0375939849624	0.0	0.0225563909774	0.0451127819549	0.0576441102757	0.15037593985	0.0927318295739	0.125313283208	0.0250626566416	0.0	0.0250626566416	0.0250626566416	0.0	0.0350877192982	0.0401002506266	0.0275689223058	0.0701754385965	0.127819548872	0.0751879699248	0.0651629072682	0.125313283208	0.115288220551	0.130325814536	0.00751879699248	0.0676691729323	0.12030075188	0.0802005012531	0.125313283208	0.135338345865	0.175438596491	0.0	0.100250626566	0.115288220551	0.155388471178	0.0651629072682	0.0250626566416	0.0225563909774	0.0426065162907
MH0388.snv.bam	0.213032581454	0.0	0.0701754385965	0.0701754385965	0.155388471178	0.0350877192982	0.140350877193	0.140350877193	0.132832080201	0.137844611529	0.122807017544	0.0927318295739	0.0526315789474	0.047619047619	0.122807017544	0.0	0.0350877192982	0.0451127819549	0.00751879699248	0.0802005012531	0.167919799499	0.0751879699248	0.132832080201	0.047619047619	0.0350877192982	0.0501253132832	0.047619047619	0.0350877192982	0.0	0.062656641604	0.0501253132832	0.0927318295739	0.122807017544	0.0551378446115	0.0902255639098	0.142857142857	0.0902255639098	0.137844611529	0.0275689223058	0.0852130325815	0.130325814536	0.0902255639098	0.135338345865	0.115288220551	0.177944862155	0.0350877192982	0.107769423559	0.137844611529	0.16290726817	0.0175438596491	0.047619047619	0.0451127819549	0.0
MH0395.snv.bam	0.197994987469	0.0751879699248	0.0852130325815	0.0827067669173	0.203007518797	0.0401002506266	0.130325814536	0.130325814536	0.122807017544	0.127819548872	0.112781954887	0.0751879699248	0.0651629072682	0.015037593985	0.152882205514	0.0576441102757	0.0375939849624	0.0175438596491	0.0751879699248	0.0576441102757	0.167919799499	0.0877192982456	0.140350877193	0.015037593985	0.0401002506266	0.062656641604	0.015037593985	0.0401002506266	0.062656641604	0.0	0.0175438596491	0.0877192982456	0.12030075188	0.062656641604	0.0977443609023	0.15037593985	0.112781954887	0.115288220551	0.047619047619	0.062656641604	0.117794486216	0.077694235589	0.125313283208	0.132832080201	0.177944862155	0.0401002506266	0.115288220551	0.130325814536	0.157894736842	0.0802005012531	0.015037593985	0.0225563909774	0.0726817042607
MH0397.snv.bam	0.190476190476	0.062656641604	0.0751879699248	0.0726817042607	0.195488721805	0.0275689223058	0.117794486216	0.117794486216	0.110275689223	0.115288220551	0.100250626566	0.062656641604	0.0551378446115	0.00250626566416	0.140350877193	0.0451127819549	0.0250626566416	0.00501253132832	0.062656641604	0.0451127819549	0.157894736842	0.0802005012531	0.132832080201	0.00250626566416	0.0275689223058	0.0526315789474	0.00250626566416	0.0275689223058	0.0501253132832	0.0175438596491	0.0	0.077694235589	0.122807017544	0.062656641604	0.0877192982456	0.142857142857	0.102756892231	0.117794486216	0.0350877192982	0.0551378446115	0.105263157895	0.0676691729323	0.112781954887	0.135338345865	0.18045112782	0.0275689223058	0.107769423559	0.122807017544	0.15037593985	0.0676691729323	0.00250626566416	0.0100250626566	0.0601503759398
MH0456.snv.bam	0.185463659148	0.105263157895	0.0927318295739	0.0902255639098	0.165413533835	0.0701754385965	0.122807017544	0.122807017544	0.12030075188	0.12030075188	0.110275689223	0.077694235589	0.047619047619	0.0726817042607	0.140350877193	0.0877192982456	0.0676691729323	0.0751879699248	0.105263157895	0.062656641604	0.155388471178	0.102756892231	0.15037593985	0.0726817042607	0.0701754385965	0.0451127819549	0.0751879699248	0.0701754385965	0.0927318295739	0.0877192982456	0.077694235589	0.0	0.125313283208	0.0927318295739	0.125313283208	0.130325814536	0.127819548872	0.0902255639098	0.0676691729323	0.0827067669173	0.115288220551	0.077694235589	0.117794486216	0.12030075188	0.200501253133	0.0701754385965	0.130325814536	0.145363408521	0.147869674185	0.100250626566	0.0751879699248	0.077694235589	0.102756892231
MMRS38954404ST-27-0-0.snv.bam	0.182957393484	0.135338345865	0.132832080201	0.130325814536	0.182957393484	0.127819548872	0.140350877193	0.140350877193	0.137844611529	0.137844611529	0.130325814536	0.130325814536	0.147869674185	0.12030075188	0.0576441102757	0.117794486216	0.122807017544	0.12030075188	0.127819548872	0.105263157895	0.155388471178	0.125313283208	0.170426065163	0.117794486216	0.127819548872	0.145363408521	0.12030075188	0.127819548872	0.122807017544	0.12030075188	0.122807017544	0.125313283208	0.0	0.132832080201	0.172932330827	0.140350877193	0.112781954887	0.135338345865	0.135338345865	0.0927318295739	0.135338345865	0.0902255639098	0.135338345865	0.117794486216	0.170426065163	0.125313283208	0.130325814536	0.160401002506	0.147869674185	0.137844611529	0.12030075188	0.122807017544	0.132832080201
MMRS61683006ST-27-0-0.snv.bam	0.228070175439	0.062656641604	0.12030075188	0.117794486216	0.155388471178	0.0751879699248	0.170426065163	0.170426065163	0.16290726817	0.167919799499	0.152882205514	0.115288220551	0.0701754385965	0.0601503759398	0.142857142857	0.0501253132832	0.0726817042607	0.062656641604	0.0676691729323	0.0977443609023	0.167919799499	0.0350877192982	0.127819548872	0.0601503759398	0.0751879699248	0.0676691729323	0.0601503759398	0.0751879699248	0.0551378446115	0.062656641604	0.062656641604	0.0927318295739	0.132832080201	0.0	0.127819548872	0.155388471178	0.0576441102757	0.12030075188	0.0827067669173	0.0751879699248	0.157894736842	0.107769423559	0.165413533835	0.0977443609023	0.185463659148	0.0751879699248	0.110275689223	0.125313283208	0.19298245614	0.0676691729323	0.0601503759398	0.0576441102757	0.0601503759398
MMRS84085284ST-27-0-0.snv.bam	0.16290726817	0.100250626566	0.0977443609023	0.0977443609023	0.243107769424	0.0651629072682	0.175438596491	0.175438596491	0.167919799499	0.167919799499	0.152882205514	0.135338345865	0.0827067669173	0.0852130325815	0.182957393484	0.0927318295739	0.0651629072682	0.077694235589	0.100250626566	0.117794486216	0.195488721805	0.142857142857	0.170426065163	0.0852130325815	0.0651629072682	0.0802005012531	0.0852130325815	0.0651629072682	0.0902255639098	0.0977443609023	0.0877192982456	0.125313283208	0.172932330827	0.127819548872	0.0	0.170426065163	0.165413533835	0.172932330827	0.0676691729323	0.117794486216	0.160401002506	0.135338345865	0.165413533835	0.18045112782	0.210526315789	0.0651629072682	0.145363408521	0.160401002506	0.16290726817	0.12030075188	0.0852130325815	0.0827067669173	0.0977443609023
N001A.snv.bam	0.18045112782	0.155388471178	0.0977443609023	0.0952380952381	0.157894736842	0.125313283208	0.127819548872	0.127819548872	0.122807017544	0.125313283208	0.112781954887	0.110275689223	0.110275689223	0.140350877193	0.160401002506	0.147869674185	0.12030075188	0.137844611529	0.147869674185	0.152882205514	0.0175438596491	0.127819548872	0.047619047619	0.135338345865	0.125313283208	0.107769423559	0.140350877193	0.125313283208	0.142857142857	0.15037593985	0.142857142857	0.130325814536	0.140350877193	0.155388471178	0.170426065163	0.0	0.115288220551	0.0952380952381	0.127819548872	0.0827067669173	0.122807017544	0.145363408521	0.122807017544	0.102756892231	0.195488721805	0.125313283208	0.0501253132832	0.0902255639098	0.15037593985	0.167919799499	0.140350877193	0.137844611529	0.152882205514
N020A.snv.bam	0.228070175439	0.105263157895	0.122807017544	0.117794486216	0.132832080201	0.115288220551	0.175438596491	0.175438596491	0.167919799499	0.172932330827	0.155388471178	0.155388471178	0.105263157895	0.100250626566	0.125313283208	0.0877192982456	0.110275689223	0.100250626566	0.100250626566	0.135338345865	0.12030075188	0.0250626566416	0.132832080201	0.100250626566	0.115288220551	0.102756892231	0.100250626566	0.115288220551	0.0902255639098	0.112781954887	0.102756892231	0.127819548872	0.112781954887	0.0576441102757	0.165413533835	0.115288220551	0.0	0.12030075188	0.122807017544	0.0300751879699	0.16290726817	0.112781954887	0.170426065163	0.105263157895	0.190476190476	0.115288220551	0.115288220551	0.117794486216	0.19298245614	0.107769423559	0.100250626566	0.0977443609023	0.102756892231
N028A.snv.bam	0.130325814536	0.152882205514	0.135338345865	0.130325814536	0.100250626566	0.130325814536	0.0526315789474	0.0526315789474	0.0526315789474	0.0501253132832	0.0501253132832	0.062656641604	0.115288220551	0.112781954887	0.15037593985	0.132832080201	0.125313283208	0.112781954887	0.147869674185	0.0977443609023	0.102756892231	0.0977443609023	0.0827067669173	0.112781954887	0.130325814536	0.112781954887	0.115288220551	0.130325814536	0.137844611529	0.115288220551	0.117794486216	0.0902255639098	0.135338345865	0.12030075188	0.172932330827	0.0952380952381	0.12030075188	0.0	0.127819548872	0.0877192982456	0.0501253132832	0.0977443609023	0.047619047619	0.132832080201	0.210526315789	0.130325814536	0.0852130325815	0.145363408521	0.0877192982456	0.145363408521	0.115288220551	0.117794486216	0.15037593985
N047A.snv.bam	0.197994987469	0.0375939849624	0.0451127819549	0.0451127819549	0.195488721805	0.00751879699248	0.127819548872	0.127819548872	0.12030075188	0.125313283208	0.110275689223	0.077694235589	0.0250626566416	0.0325814536341	0.152882205514	0.0300751879699	0.00751879699248	0.0300751879699	0.0375939849624	0.0651629072682	0.152882205514	0.100250626566	0.127819548872	0.0325814536341	0.00751879699248	0.0225563909774	0.0325814536341	0.00751879699248	0.0275689223058	0.047619047619	0.0350877192982	0.0676691729323	0.135338345865	0.0827067669173	0.0676691729323	0.127819548872	0.122807017544	0.127819548872	0.0	0.0726817042607	0.117794486216	0.0877192982456	0.122807017544	0.142857142857	0.182957393484	0.00751879699248	0.102756892231	0.122807017544	0.147869674185	0.0576441102757	0.0325814536341	0.0300751879699	0.0350877192982
NLF015.snv.bam	0.172932330827	0.100250626566	0.0751879699248	0.0726817042607	0.15037593985	0.0676691729323	0.122807017544	0.122807017544	0.12030075188	0.12030075188	0.107769423559	0.107769423559	0.062656641604	0.0526315789474	0.117794486216	0.0827067669173	0.062656641604	0.0526315789474	0.0952380952381	0.0852130325815	0.0877192982456	0.0426065162907	0.105263157895	0.0526315789474	0.0676691729323	0.0601503759398	0.0526315789474	0.0676691729323	0.0852130325815	0.062656641604	0.0551378446115	0.0827067669173	0.0927318295739	0.0751879699248	0.117794486216	0.0827067669173	0.0300751879699	0.0877192982456	0.0726817042607	0.0	0.110275689223	0.0701754385965	0.117794486216	0.105263157895	0.175438596491	0.0676691729323	0.0902255639098	0.0802005012531	0.140350877193	0.102756892231	0.0526315789474	0.0501253132832	0.0977443609023
NLM010.snv.bam	0.115288220551	0.145363408521	0.122807017544	0.12030075188	0.135338345865	0.12030075188	0.0125313283208	0.0125313283208	0.0125313283208	0.0	0.0	0.0375939849624	0.137844611529	0.100250626566	0.140350877193	0.125313283208	0.115288220551	0.0977443609023	0.135338345865	0.0726817042607	0.142857142857	0.140350877193	0.12030075188	0.100250626566	0.12030075188	0.135338345865	0.102756892231	0.12030075188	0.130325814536	0.117794486216	0.105263157895	0.115288220551	0.135338345865	0.157894736842	0.160401002506	0.122807017544	0.16290726817	0.0501253132832	0.117794486216	0.110275689223	0.0	0.0877192982456	0.00250626566416	0.16290726817	0.220551378446	0.12030075188	0.115288220551	0.182957393484	0.0676691729323	0.132832080201	0.102756892231	0.105263157895	0.142857142857
T2D-110A.snv.bam	0.157894736842	0.105263157895	0.0852130325815	0.0827067669173	0.170426065163	0.0802005012531	0.0927318295739	0.0927318295739	0.0902255639098	0.0902255639098	0.0827067669173	0.0751879699248	0.0977443609023	0.0651629072682	0.12030075188	0.0877192982456	0.0751879699248	0.0601503759398	0.0902255639098	0.0526315789474	0.16290726817	0.0902255639098	0.147869674185	0.062656641604	0.0802005012531	0.0952380952381	0.0651629072682	0.0802005012531	0.0902255639098	0.077694235589	0.0676691729323	0.077694235589	0.0902255639098	0.107769423559	0.135338345865	0.145363408521	0.112781954887	0.0977443609023	0.0877192982456	0.0701754385965	0.0877192982456	0.0	0.0877192982456	0.112781954887	0.177944862155	0.0802005012531	0.122807017544	0.147869674185	0.122807017544	0.0977443609023	0.0651629072682	0.0676691729323	0.102756892231
T2D-113A.snv.bam	0.115288220551	0.15037593985	0.127819548872	0.125313283208	0.137844611529	0.125313283208	0.0100250626566	0.0100250626566	0.0100250626566	0.00250626566416	0.00250626566416	0.0350877192982	0.142857142857	0.107769423559	0.140350877193	0.130325814536	0.12030075188	0.105263157895	0.140350877193	0.0726817042607	0.145363408521	0.147869674185	0.125313283208	0.107769423559	0.125313283208	0.140350877193	0.110275689223	0.125313283208	0.135338345865	0.125313283208	0.112781954887	0.117794486216	0.135338345865	0.165413533835	0.165413533835	0.122807017544	0.170426065163	0.047619047619	0.122807017544	0.117794486216	0.00250626566416	0.0877192982456	0.0	0.16290726817	0.225563909774	0.125313283208	0.12030075188	0.190476190476	0.0651629072682	0.137844611529	0.110275689223	0.112781954887	0.147869674185
T2D-134A.snv.bam	0.22305764411	0.125313283208	0.117794486216	0.115288220551	0.165413533835	0.135338345865	0.16290726817	0.16290726817	0.160401002506	0.165413533835	0.160401002506	0.147869674185	0.127819548872	0.132832080201	0.12030075188	0.117794486216	0.130325814536	0.132832080201	0.12030075188	0.127819548872	0.115288220551	0.0852130325815	0.0952380952381	0.127819548872	0.135338345865	0.125313283208	0.132832080201	0.135338345865	0.115288220551	0.132832080201	0.135338345865	0.12030075188	0.117794486216	0.0977443609023	0.18045112782	0.102756892231	0.105263157895	0.132832080201	0.142857142857	0.105263157895	0.16290726817	0.112781954887	0.16290726817	0.0	0.182957393484	0.135338345865	0.0802005012531	0.0852130325815	0.205513784461	0.132832080201	0.132832080201	0.125313283208	0.125313283208
T2D-15A.snv.bam	0.255639097744	0.187969924812	0.185463659148	0.182957393484	0.248120300752	0.175438596491	0.225563909774	0.225563909774	0.215538847118	0.228070175439	0.205513784461	0.195488721805	0.187969924812	0.177944862155	0.203007518797	0.175438596491	0.175438596491	0.175438596491	0.187969924812	0.190476190476	0.190476190476	0.185463659148	0.200501253133	0.167919799499	0.175438596491	0.185463659148	0.177944862155	0.175438596491	0.177944862155	0.177944862155	0.18045112782	0.200501253133	0.170426065163	0.185463659148	0.210526315789	0.195488721805	0.190476190476	0.210526315789	0.182957393484	0.175438596491	0.220551378446	0.177944862155	0.225563909774	0.182957393484	0.0	0.175438596491	0.157894736842	0.197994987469	0.228070175439	0.203007518797	0.177944862155	0.175438596491	0.185463659148
T2D-54A.snv.bam	0.195488721805	0.0451127819549	0.047619047619	0.047619047619	0.197994987469	0.0	0.130325814536	0.130325814536	0.122807017544	0.127819548872	0.112781954887	0.0751879699248	0.0275689223058	0.0250626566416	0.15037593985	0.0375939849624	0.0	0.0225563909774	0.0451127819549	0.0576441102757	0.15037593985	0.0927318295739	0.125313283208	0.0250626566416	0.0	0.0250626566416	0.0250626566416	0.0	0.0350877192982	0.0401002506266	0.0275689223058	0.0701754385965	0.125313283208	0.0751879699248	0.0651629072682	0.125313283208	0.115288220551	0.130325814536	0.00751879699248	0.0676691729323	0.12030075188	0.0802005012531	0.125313283208	0.135338345865	0.175438596491	0.0	0.100250626566	0.115288220551	0.155388471178	0.0651629072682	0.0250626566416	0.0225563909774	0.0426065162907
T2D-70A.snv.bam	0.187969924812	0.12030075188	0.0751879699248	0.0726817042607	0.155388471178	0.100250626566	0.125313283208	0.125313283208	0.12030075188	0.122807017544	0.105263157895	0.107769423559	0.0952380952381	0.105263157895	0.16290726817	0.110275689223	0.0952380952381	0.102756892231	0.112781954887	0.137844611529	0.0601503759398	0.0902255639098	0.00501253132832	0.105263157895	0.100250626566	0.0927318295739	0.105263157895	0.100250626566	0.107769423559	0.115288220551	0.107769423559	0.130325814536	0.130325814536	0.110275689223	0.145363408521	0.0501253132832	0.115288220551	0.0852130325815	0.102756892231	0.0902255639098	0.115288220551	0.122807017544	0.12030075188	0.0802005012531	0.157894736842	0.100250626566	0.0	0.0651629072682	0.15037593985	0.135338345865	0.105263157895	0.102756892231	0.117794486216
T2D-91A.snv.bam	0.225563909774	0.15037593985	0.0977443609023	0.0952380952381	0.190476190476	0.115288220551	0.195488721805	0.195488721805	0.187969924812	0.19298245614	0.175438596491	0.167919799499	0.107769423559	0.12030075188	0.177944862155	0.140350877193	0.110275689223	0.117794486216	0.142857142857	0.15037593985	0.100250626566	0.107769423559	0.0802005012531	0.12030075188	0.115288220551	0.105263157895	0.12030075188	0.115288220551	0.137844611529	0.130325814536	0.122807017544	0.145363408521	0.160401002506	0.125313283208	0.160401002506	0.0902255639098	0.117794486216	0.145363408521	0.122807017544	0.0802005012531	0.182957393484	0.147869674185	0.190476190476	0.0852130325815	0.197994987469	0.115288220551	0.0651629072682	0.0	0.200501253133	0.165413533835	0.12030075188	0.117794486216	0.147869674185
