	737052003-stool1.snv.bam	737052003-stool2.snv.bam	BGI-33A.snv.bam	BYQ_AAAS.snv.bam	CCIS83445808ST-4-0.snv.bam	CCMD64776337ST-21-0.snv.bam	HT25A.snv.bam	M1.4-V2.metaG.snv.bam	M1.4-V3.metaG.snv.bam	MH0238.snv.bam	MH0245.snv.bam	MH0332.snv.bam	MH0334.snv.bam	MH0338.snv.bam	MH0383.snv.bam	MH0405.snv.bam	N037A.snv.bam	NG-5636_457.snv.bam	O2.UC13-1.snv.bam	O2.UC15-1.snv.bam	O2.UC15-2.snv.bam	O2.UC24-1.snv.bam	O2.UC8-1.snv.bam	SZEY-93A.snv.bam	V1.UC63-0.snv.bam	peacemaker-11-773-0.snv.bam
737052003-stool1.snv.bam	0.0	0.00127560026814	0.158616451067	0.170552822214	0.163298952921	0.165696828191	0.174228603225	0.159862969935	0.162858110862	0.131663432897	0.184815495967	0.15748560316	0.154644072017	0.184631840501	0.158961315353	0.159939603607	0.176809851379	0.151819801566	0.145593106618	0.165657065583	0.166796180174	0.169610909496	0.123801601321	0.182227859542	0.167307656709	0.165750310672
737052003-stool2.snv.bam	0.00127560026814	0.0	0.154318286063	0.169879139033	0.162558070258	0.161489065893	0.173953172141	0.159209053375	0.16223893066	0.127140995357	0.182803318105	0.155067449374	0.154102267747	0.18634003251	0.157014167901	0.15747317251	0.172629804396	0.150915963943	0.144632735055	0.161295328695	0.162281312789	0.170827643538	0.122843260917	0.181285072606	0.16683992406	0.165002665027
BGI-33A.snv.bam	0.158616451067	0.154318286063	0.0	0.18545723322	0.20682628542	0.175522575688	0.185684464747	0.18382722665	0.186747343907	0.195979562086	0.181786530748	0.188212740865	0.174704888588	0.205775737986	0.164861006553	0.154672250307	0.190921781287	0.179825223517	0.165400645635	0.204832588187	0.201234234827	0.173317930044	0.179588702555	0.191369112707	0.197710218157	0.181955763956
BYQ_AAAS.snv.bam	0.170552822214	0.169879139033	0.18545723322	0.0	0.19570729121	0.18999203426	0.197800913274	0.176239990311	0.179187253315	0.18679855646	0.190716401196	0.181318627093	0.165914148829	0.197551283895	0.170593631842	0.190428425306	0.206602473266	0.175805620847	0.179280043494	0.193607678259	0.191704164728	0.180675804369	0.190234169825	0.179121120768	0.199536176289	0.000978060937666
CCIS83445808ST-4-0.snv.bam	0.163298952921	0.162558070258	0.20682628542	0.19570729121	0.0	0.189457861768	0.200777713646	0.177711070466	0.178874568407	0.181311458521	0.194451978393	0.181140702033	0.192368950787	0.188298682501	0.18284271809	0.202963204369	0.20856716976	0.156987978714	0.184573755821	0.199334623322	0.201083232479	0.184055874157	0.182660675107	0.180242700827	0.194918730168	0.192825294882
CCMD64776337ST-21-0.snv.bam	0.165696828191	0.161489065893	0.175522575688	0.18999203426	0.189457861768	0.0	0.189649179856	0.154981549815	0.159633027523	0.180099879287	0.19766941882	0.1825351329	0.186616739185	0.18941726324	0.15280361931	0.167900293257	0.181901835262	0.16573556797	0.167796392142	0.199213045044	0.199112499861	0.198232515205	0.193371415074	0.193728942602	0.190644429844	0.185053699888
HT25A.snv.bam	0.174228603225	0.173953172141	0.185684464747	0.197800913274	0.200777713646	0.189649179856	0.0	0.196555667635	0.199391175342	0.177602329399	0.200195544543	0.19732701531	0.201744657429	0.211410755428	0.172323518703	0.173462071858	0.200340776602	0.189444720605	0.182729399044	0.219574490551	0.218809567544	0.190477157246	0.1886967904	0.222091200349	0.207852194473	0.192770654983
M1.4-V2.metaG.snv.bam	0.159862969935	0.159209053375	0.18382722665	0.176239990311	0.177711070466	0.154981549815	0.196555667635	0.0	0.0	0.168522226704	0.156018438048	0.179557177037	0.158653014023	0.167083036518	0.166881705634	0.176323778894	0.186420019988	0.14652014652	0.151041283829	0.197880296401	0.194085546819	0.198355367762	0.172887357446	0.175114259073	0.191619373998	0.171237763036
M1.4-V3.metaG.snv.bam	0.162858110862	0.16223893066	0.186747343907	0.179187253315	0.178874568407	0.159633027523	0.199391175342	0.0	0.0	0.171556817118	0.15726249433	0.182562462103	0.159869937325	0.168276287283	0.169867792711	0.181051193969	0.187570772208	0.149635036496	0.150501850673	0.198961225573	0.195195944108	0.201625140234	0.175873323664	0.178038596538	0.194798328135	0.174208237004
MH0238.snv.bam	0.131663432897	0.127140995357	0.195979562086	0.18679855646	0.181311458521	0.180099879287	0.177602329399	0.168522226704	0.171556817118	0.0	0.181691157202	0.163763189842	0.180325102178	0.196212865072	0.150604333128	0.182490689839	0.174427819259	0.163339172776	0.16837232259	0.195685092244	0.194810405043	0.161202327115	0.140298348442	0.189208755851	0.178244038163	0.181890551501
MH0245.snv.bam	0.184815495967	0.182803318105	0.181786530748	0.190716401196	0.194451978393	0.19766941882	0.200195544543	0.156018438048	0.15726249433	0.181691157202	0.0	0.188840233406	0.166202649686	0.169304320227	0.156848186022	0.18507172516	0.190100884857	0.146458728239	0.180931352842	0.20697482256	0.200311586811	0.165643819906	0.161130511959	0.178615149441	0.195439918641	0.185996668718
MH0332.snv.bam	0.15748560316	0.155067449374	0.188212740865	0.181318627093	0.181140702033	0.1825351329	0.19732701531	0.179557177037	0.182562462103	0.163763189842	0.188840233406	0.0	0.163618505614	0.175987436931	0.169177367349	0.197571946708	0.189999418626	0.169811056757	0.160749633097	0.178968625881	0.179668030145	0.172834919051	0.177802892868	0.197705653656	0.205127104068	0.176586752964
MH0334.snv.bam	0.154644072017	0.154102267747	0.174704888588	0.165914148829	0.192368950787	0.186616739185	0.201744657429	0.158653014023	0.159869937325	0.180325102178	0.166202649686	0.163618505614	0.0	0.183790086888	0.155937154102	0.181434820235	0.18619758987	0.166997691461	0.177645736922	0.183730189154	0.182500315	0.17866467584	0.165666967466	0.172606134361	0.202155153341	0.162353537158
MH0338.snv.bam	0.184631840501	0.18634003251	0.205775737986	0.197551283895	0.188298682501	0.18941726324	0.211410755428	0.167083036518	0.168276287283	0.196212865072	0.169304320227	0.175987436931	0.183790086888	0.0	0.170868102002	0.189494382162	0.187826075548	0.171958594368	0.166558437921	0.204499345679	0.203696856468	0.190847126969	0.194524317449	0.181060257393	0.21207049178	0.192687799461
MH0383.snv.bam	0.158961315353	0.157014167901	0.164861006553	0.170593631842	0.18284271809	0.15280361931	0.172323518703	0.166881705634	0.169867792711	0.150604333128	0.156848186022	0.169177367349	0.155937154102	0.170868102002	0.0	0.168258710712	0.167567252109	0.14264876984	0.166389011766	0.179130846677	0.178358360947	0.147404492833	0.14815084741	0.1668238259	0.184772132382	0.165888639698
MH0405.snv.bam	0.159939603607	0.15747317251	0.154672250307	0.190428425306	0.202963204369	0.167900293257	0.173462071858	0.176323778894	0.181051193969	0.182490689839	0.18507172516	0.197571946708	0.181434820235	0.189494382162	0.168258710712	0.0	0.200919459649	0.164849926153	0.181283928342	0.187002021394	0.182984221458	0.193222432966	0.178983728234	0.199205863434	0.203446588436	0.186686123638
N037A.snv.bam	0.176809851379	0.172629804396	0.190921781287	0.206602473266	0.20856716976	0.181901835262	0.200340776602	0.186420019988	0.187570772208	0.174427819259	0.190100884857	0.189999418626	0.18619758987	0.187826075548	0.167567252109	0.200919459649	0.0	0.179741931189	0.184127877337	0.188436426511	0.188500685433	0.203964943579	0.187290604366	0.223083349325	0.188872218883	0.201588064548
NG-5636_457.snv.bam	0.151819801566	0.150915963943	0.179825223517	0.175805620847	0.156987978714	0.16573556797	0.189444720605	0.14652014652	0.149635036496	0.163339172776	0.146458728239	0.169811056757	0.166997691461	0.171958594368	0.14264876984	0.164849926153	0.179741931189	0.0	0.165965520685	0.174084522288	0.173464581907	0.161699966164	0.164436771957	0.154485220522	0.195513516908	0.172708984138
O2.UC13-1.snv.bam	0.145593106618	0.144632735055	0.165400645635	0.179280043494	0.184573755821	0.167796392142	0.182729399044	0.151041283829	0.150501850673	0.16837232259	0.180931352842	0.160749633097	0.177645736922	0.166558437921	0.166389011766	0.181283928342	0.184127877337	0.165965520685	0.0	0.191847905553	0.193211174872	0.174803724987	0.162771542617	0.202431389734	0.185185230229	0.176455351542
O2.UC15-1.snv.bam	0.165657065583	0.161295328695	0.204832588187	0.193607678259	0.199334623322	0.199213045044	0.219574490551	0.197880296401	0.198961225573	0.195685092244	0.20697482256	0.178968625881	0.183730189154	0.204499345679	0.179130846677	0.187002021394	0.188436426511	0.174084522288	0.191847905553	0.0	0.00187354879203	0.200407084422	0.19843311281	0.222926619515	0.217679697253	0.189547332874
O2.UC15-2.snv.bam	0.166796180174	0.162281312789	0.201234234827	0.191704164728	0.201083232479	0.199112499861	0.218809567544	0.194085546819	0.195195944108	0.194810405043	0.200311586811	0.179668030145	0.182500315	0.203696856468	0.178358360947	0.182984221458	0.188500685433	0.173464581907	0.193211174872	0.00187354879203	0.0	0.200439018009	0.201390135633	0.225113316956	0.220432157338	0.187581184959
O2.UC24-1.snv.bam	0.169610909496	0.170827643538	0.173317930044	0.180675804369	0.184055874157	0.198232515205	0.190477157246	0.198355367762	0.201625140234	0.161202327115	0.165643819906	0.172834919051	0.17866467584	0.190847126969	0.147404492833	0.193222432966	0.203964943579	0.161699966164	0.174803724987	0.200407084422	0.200439018009	0.0	0.161938534871	0.188041466475	0.201960388151	0.179468440777
O2.UC8-1.snv.bam	0.123801601321	0.122843260917	0.179588702555	0.190234169825	0.182660675107	0.193371415074	0.1886967904	0.172887357446	0.175873323664	0.140298348442	0.161130511959	0.177802892868	0.165666967466	0.194524317449	0.14815084741	0.178983728234	0.187290604366	0.164436771957	0.162771542617	0.19843311281	0.201390135633	0.161938534871	0.0	0.187852641263	0.144692626647	0.189153852625
SZEY-93A.snv.bam	0.182227859542	0.181285072606	0.191369112707	0.179121120768	0.180242700827	0.193728942602	0.222091200349	0.175114259073	0.178038596538	0.189208755851	0.178615149441	0.197705653656	0.172606134361	0.181060257393	0.1668238259	0.199205863434	0.223083349325	0.154485220522	0.202431389734	0.222926619515	0.225113316956	0.188041466475	0.187852641263	0.0	0.201757074813	0.176849837311
V1.UC63-0.snv.bam	0.167307656709	0.16683992406	0.197710218157	0.199536176289	0.194918730168	0.190644429844	0.207852194473	0.191619373998	0.194798328135	0.178244038163	0.195439918641	0.205127104068	0.202155153341	0.21207049178	0.184772132382	0.203446588436	0.188872218883	0.195513516908	0.185185230229	0.217679697253	0.220432157338	0.201960388151	0.144692626647	0.201757074813	0.0	0.196354405049
peacemaker-11-773-0.snv.bam	0.165750310672	0.165002665027	0.181955763956	0.000978060937666	0.192825294882	0.185053699888	0.192770654983	0.171237763036	0.174208237004	0.181890551501	0.185996668718	0.176586752964	0.162353537158	0.192687799461	0.165888639698	0.186686123638	0.201588064548	0.172708984138	0.176455351542	0.189547332874	0.187581184959	0.179468440777	0.189153852625	0.176849837311	0.196354405049	0.0
