	160319967-stool1.snv.bam	160319967-stool3.snv.bam	604812005-stool3.snv.bam	737052003-stool1.snv.bam	737052003-stool2.snv.bam	763921366-stool3.snv.bam	763982056-stool1.snv.bam	764224817-stool1.snv.bam	764487809-stool2.snv.bam	765216093-stool3.snv.bam	765560005-stool1.snv.bam	823052294-stool1.snv.bam	823052294-stool3.snv.bam	857980665-stool3.snv.bam	863126187-stool3.snv.bam	BYQ_AAAA.snv.bam	BYQ_AAAL.snv.bam	BYQ_AAAS.snv.bam	CCIS02124300ST-4-0.snv.bam	CCMD48236717ST-21-0.snv.bam	CCMD88272491ST-21-0.snv.bam	ED12A.snv.bam	M4.1-V3.metaG.snv.bam	M4.1-V3.metaT.snv.bam	M4.2-V3.metaT.snv.bam	M4.4-V3.metaT.snv.bam	M4.6-V2.metaT.snv.bam	MH0108.snv.bam	MH0150.snv.bam	MH0206.snv.bam	MH0211.snv.bam	MH0299.snv.bam	MH0311.snv.bam	MH0393.snv.bam	MH0435.snv.bam	MH0452.snv.bam	MMRS17603756ST-27-0-0.snv.bam	MMRS18295921ST-27-0-0.snv.bam	MMRS42780924ST-27-0-0.snv.bam	MMRS54246132ST-27-0-0.snv.bam	MMRS62376181ST-27-0-0.snv.bam	MMRS64281211ST-27-0-0.snv.bam	MMRS81135225ST-27-0-0.snv.bam	MMRS81194191ST-27-0-0.snv.bam	N052A.snv.bam	O2.UC3-1.snv.bam	O2.UC43-1.snv.bam	SZEY-07A.snv.bam	SZEY-22A.snv.bam	T2D-107A.snv.bam	T2D-132A.snv.bam	T2D-195A.snv.bam	V1.CD1-3-PN.snv.bam	V1.CD17-4.snv.bam	V1.CD28-0.snv.bam	V1.CD32-4.snv.bam	V1.CD44-4.snv.bam	V1.CD49-0.snv.bam	V1.CD52-0.snv.bam	V1.FI35.snv.bam	V1.FI36.snv.bam	V1.FI37.snv.bam	V1.UC31-4.snv.bam	V1.UC4-5.snv.bam	V1.UC53-0.snv.bam	V1.UC53-4.snv.bam	peacemaker-11-0-0.snv.bam	peacemaker-11-2-0.snv.bam	peacemaker-11-60-0.snv.bam	peacemaker-11-7-0.snv.bam	peacemaker-11-773-0.snv.bam	peacemaker-12-7-0.snv.bam	peacemaker-13-7-0.snv.bam
160319967-stool1.snv.bam	0.0	0.0	0.043956043956	0.0952380952381	0.0952380952381	0.040293040293	0.150183150183	0.102564102564	0.0952380952381	0.0879120879121	0.106227106227	0.0989010989011	0.102564102564	0.10989010989	0.0989010989011	0.0952380952381	0.0952380952381	0.0659340659341	0.025641025641	0.117216117216	0.0805860805861	0.18315018315	0.0989010989011	0.124542124542	0.117216117216	0.0989010989011	0.117216117216	0.117216117216	0.14652014652	0.0952380952381	0.117216117216	0.0659340659341	0.0695970695971	0.0952380952381	0.10989010989	0.0659340659341	0.102564102564	0.117216117216	0.043956043956	0.0915750915751	0.0952380952381	0.014652014652	0.0989010989011	0.106227106227	0.0769230769231	0.0952380952381	0.0842490842491	0.03663003663	0.0879120879121	0.14652014652	0.102564102564	0.351648351648	0.102564102564	0.0952380952381	0.102564102564	0.021978021978	0.0952380952381	0.0695970695971	0.0732600732601	0.150183150183	0.0622710622711	0.0805860805861	0.0952380952381	0.0732600732601	0.0842490842491	0.0842490842491	0.0659340659341	0.0622710622711	0.0659340659341	0.0659340659341	0.0622710622711	0.0659340659341	0.0659340659341
160319967-stool3.snv.bam	0.0	0.0	0.0512820512821	0.0989010989011	0.0989010989011	0.043956043956	0.157509157509	0.106227106227	0.0952380952381	0.0915750915751	0.10989010989	0.102564102564	0.106227106227	0.113553113553	0.102564102564	0.0989010989011	0.0989010989011	0.0695970695971	0.025641025641	0.120879120879	0.0879120879121	0.190476190476	0.102564102564	0.128205128205	0.117216117216	0.102564102564	0.120879120879	0.120879120879	0.150183150183	0.106227106227	0.120879120879	0.0695970695971	0.0695970695971	0.102564102564	0.113553113553	0.0695970695971	0.106227106227	0.120879120879	0.047619047619	0.0952380952381	0.0989010989011	0.018315018315	0.102564102564	0.10989010989	0.0805860805861	0.102564102564	0.0879120879121	0.040293040293	0.0952380952381	0.153846153846	0.113553113553	0.362637362637	0.106227106227	0.106227106227	0.106227106227	0.025641025641	0.0989010989011	0.0732600732601	0.0769230769231	0.161172161172	0.0695970695971	0.0842490842491	0.0989010989011	0.0842490842491	0.0879120879121	0.0879120879121	0.0695970695971	0.0659340659341	0.0695970695971	0.0695970695971	0.0659340659341	0.0695970695971	0.0695970695971
604812005-stool3.snv.bam	0.043956043956	0.0512820512821	0.0	0.0989010989011	0.0989010989011	0.0659340659341	0.161172161172	0.0842490842491	0.113553113553	0.0915750915751	0.102564102564	0.0989010989011	0.102564102564	0.0989010989011	0.0952380952381	0.0879120879121	0.0915750915751	0.0842490842491	0.0549450549451	0.0989010989011	0.102564102564	0.201465201465	0.113553113553	0.135531135531	0.120879120879	0.10989010989	0.128205128205	0.113553113553	0.135531135531	0.106227106227	0.106227106227	0.0842490842491	0.0952380952381	0.117216117216	0.102564102564	0.0842490842491	0.106227106227	0.106227106227	0.0549450549451	0.0915750915751	0.106227106227	0.040293040293	0.0952380952381	0.0952380952381	0.0879120879121	0.10989010989	0.0659340659341	0.040293040293	0.128205128205	0.161172161172	0.124542124542	0.351648351648	0.120879120879	0.120879120879	0.0989010989011	0.047619047619	0.0915750915751	0.0732600732601	0.0695970695971	0.175824175824	0.0879120879121	0.0842490842491	0.106227106227	0.0842490842491	0.0659340659341	0.0659340659341	0.0842490842491	0.0842490842491	0.0842490842491	0.0842490842491	0.0842490842491	0.0842490842491	0.0842490842491
737052003-stool1.snv.bam	0.0952380952381	0.0989010989011	0.0989010989011	0.0	0.0	0.047619047619	0.153846153846	0.0879120879121	0.0842490842491	0.029304029304	0.124542124542	0.0915750915751	0.0915750915751	0.120879120879	0.0989010989011	0.0805860805861	0.0805860805861	0.0659340659341	0.106227106227	0.0952380952381	0.0842490842491	0.150183150183	0.0989010989011	0.117216117216	0.106227106227	0.0989010989011	0.117216117216	0.0952380952381	0.131868131868	0.0915750915751	0.10989010989	0.0659340659341	0.0622710622711	0.117216117216	0.0989010989011	0.0659340659341	0.0586080586081	0.102564102564	0.0989010989011	0.106227106227	0.0732600732601	0.0915750915751	0.0879120879121	0.0989010989011	0.0769230769231	0.113553113553	0.0622710622711	0.0952380952381	0.117216117216	0.128205128205	0.102564102564	0.355311355311	0.0879120879121	0.102564102564	0.10989010989	0.0989010989011	0.0952380952381	0.0769230769231	0.0659340659341	0.172161172161	0.0622710622711	0.0586080586081	0.0989010989011	0.0732600732601	0.0622710622711	0.0586080586081	0.0659340659341	0.0659340659341	0.0659340659341	0.0659340659341	0.0659340659341	0.0622710622711	0.0659340659341
737052003-stool2.snv.bam	0.0952380952381	0.0989010989011	0.0989010989011	0.0	0.0	0.0512820512821	0.153846153846	0.0879120879121	0.0842490842491	0.029304029304	0.124542124542	0.0915750915751	0.0915750915751	0.120879120879	0.0989010989011	0.0805860805861	0.0805860805861	0.0659340659341	0.106227106227	0.0952380952381	0.0842490842491	0.150183150183	0.0989010989011	0.117216117216	0.106227106227	0.0989010989011	0.117216117216	0.0952380952381	0.131868131868	0.0915750915751	0.10989010989	0.0659340659341	0.0622710622711	0.117216117216	0.0989010989011	0.0659340659341	0.0586080586081	0.102564102564	0.0989010989011	0.106227106227	0.0732600732601	0.0915750915751	0.0879120879121	0.0989010989011	0.0769230769231	0.113553113553	0.0622710622711	0.0952380952381	0.117216117216	0.128205128205	0.102564102564	0.355311355311	0.0879120879121	0.102564102564	0.10989010989	0.0989010989011	0.0952380952381	0.0769230769231	0.0659340659341	0.172161172161	0.0622710622711	0.0586080586081	0.0989010989011	0.0732600732601	0.0622710622711	0.0586080586081	0.0659340659341	0.0659340659341	0.0659340659341	0.0659340659341	0.0659340659341	0.0622710622711	0.0659340659341
763921366-stool3.snv.bam	0.040293040293	0.043956043956	0.0659340659341	0.047619047619	0.0512820512821	0.0	0.124542124542	0.0622710622711	0.0549450549451	0.043956043956	0.0879120879121	0.0586080586081	0.0586080586081	0.0769230769231	0.0622710622711	0.0549450549451	0.0549450549451	0.029304029304	0.0586080586081	0.0769230769231	0.040293040293	0.153846153846	0.0659340659341	0.0879120879121	0.0769230769231	0.0805860805861	0.0879120879121	0.0769230769231	0.0989010989011	0.0549450549451	0.0805860805861	0.029304029304	0.032967032967	0.0695970695971	0.0586080586081	0.029304029304	0.0659340659341	0.0622710622711	0.0622710622711	0.0622710622711	0.043956043956	0.040293040293	0.0512820512821	0.0549450549451	0.047619047619	0.0586080586081	0.03663003663	0.0586080586081	0.0586080586081	0.10989010989	0.0622710622711	0.32967032967	0.0622710622711	0.0586080586081	0.0769230769231	0.0512820512821	0.0586080586081	0.040293040293	0.040293040293	0.120879120879	0.029304029304	0.021978021978	0.0695970695971	0.03663003663	0.03663003663	0.03663003663	0.029304029304	0.029304029304	0.029304029304	0.029304029304	0.021978021978	0.029304029304	0.029304029304
763982056-stool1.snv.bam	0.150183150183	0.157509157509	0.161172161172	0.153846153846	0.153846153846	0.124542124542	0.0	0.142857142857	0.161172161172	0.14652014652	0.150183150183	0.153846153846	0.153846153846	0.153846153846	0.168498168498	0.153846153846	0.153846153846	0.131868131868	0.157509157509	0.179487179487	0.139194139194	0.10989010989	0.102564102564	0.117216117216	0.10989010989	0.106227106227	0.106227106227	0.179487179487	0.168498168498	0.142857142857	0.150183150183	0.131868131868	0.150183150183	0.168498168498	0.168498168498	0.131868131868	0.161172161172	0.172161172161	0.150183150183	0.139194139194	0.157509157509	0.14652014652	0.153846153846	0.172161172161	0.161172161172	0.168498168498	0.14652014652	0.14652014652	0.168498168498	0.0732600732601	0.150183150183	0.307692307692	0.164835164835	0.161172161172	0.142857142857	0.161172161172	0.14652014652	0.142857142857	0.135531135531	0.0989010989011	0.135531135531	0.131868131868	0.18315018315	0.128205128205	0.14652014652	0.14652014652	0.131868131868	0.124542124542	0.131868131868	0.131868131868	0.131868131868	0.131868131868	0.131868131868
764224817-stool1.snv.bam	0.102564102564	0.106227106227	0.0842490842491	0.0879120879121	0.0879120879121	0.0622710622711	0.142857142857	0.0	0.0805860805861	0.0879120879121	0.0989010989011	0.0805860805861	0.0842490842491	0.0879120879121	0.0732600732601	0.0732600732601	0.0732600732601	0.0659340659341	0.0952380952381	0.0879120879121	0.0915750915751	0.14652014652	0.0805860805861	0.102564102564	0.0805860805861	0.0805860805861	0.0915750915751	0.102564102564	0.117216117216	0.0989010989011	0.0915750915751	0.0586080586081	0.0586080586081	0.113553113553	0.0769230769231	0.0586080586081	0.0732600732601	0.0732600732601	0.106227106227	0.0989010989011	0.0952380952381	0.0915750915751	0.0622710622711	0.0769230769231	0.0622710622711	0.106227106227	0.0549450549451	0.0805860805861	0.117216117216	0.113553113553	0.102564102564	0.3663003663	0.0952380952381	0.102564102564	0.102564102564	0.106227106227	0.0769230769231	0.040293040293	0.0622710622711	0.172161172161	0.0622710622711	0.0732600732601	0.0952380952381	0.0952380952381	0.0549450549451	0.0549450549451	0.0659340659341	0.0659340659341	0.0659340659341	0.0659340659341	0.0659340659341	0.0659340659341	0.0659340659341
764487809-stool2.snv.bam	0.0952380952381	0.0952380952381	0.113553113553	0.0842490842491	0.0842490842491	0.0549450549451	0.161172161172	0.0805860805861	0.0	0.0805860805861	0.106227106227	0.0952380952381	0.0952380952381	0.0952380952381	0.0769230769231	0.0695970695971	0.0695970695971	0.0512820512821	0.0805860805861	0.0952380952381	0.0805860805861	0.179487179487	0.0952380952381	0.117216117216	0.102564102564	0.0915750915751	0.106227106227	0.102564102564	0.117216117216	0.102564102564	0.0842490842491	0.043956043956	0.029304029304	0.102564102564	0.040293040293	0.043956043956	0.0805860805861	0.040293040293	0.102564102564	0.102564102564	0.0915750915751	0.0952380952381	0.03663003663	0.0586080586081	0.0586080586081	0.10989010989	0.0769230769231	0.0989010989011	0.106227106227	0.135531135531	0.102564102564	0.369963369963	0.0989010989011	0.102564102564	0.102564102564	0.102564102564	0.0805860805861	0.0622710622711	0.0732600732601	0.153846153846	0.0622710622711	0.040293040293	0.0842490842491	0.0879120879121	0.0769230769231	0.0769230769231	0.0512820512821	0.0512820512821	0.0512820512821	0.0512820512821	0.047619047619	0.0512820512821	0.0512820512821
765216093-stool3.snv.bam	0.0879120879121	0.0915750915751	0.0915750915751	0.029304029304	0.029304029304	0.043956043956	0.14652014652	0.0879120879121	0.0805860805861	0.0	0.117216117216	0.0769230769231	0.0769230769231	0.113553113553	0.0805860805861	0.0732600732601	0.0732600732601	0.0586080586081	0.0989010989011	0.0805860805861	0.0769230769231	0.157509157509	0.0989010989011	0.117216117216	0.106227106227	0.0989010989011	0.117216117216	0.0805860805861	0.124542124542	0.0842490842491	0.10989010989	0.0586080586081	0.0549450549451	0.10989010989	0.0989010989011	0.0586080586081	0.0659340659341	0.102564102564	0.0915750915751	0.0989010989011	0.0586080586081	0.0842490842491	0.0879120879121	0.0989010989011	0.0659340659341	0.106227106227	0.0622710622711	0.0879120879121	0.10989010989	0.135531135531	0.0952380952381	0.355311355311	0.0732600732601	0.0952380952381	0.0989010989011	0.0915750915751	0.0879120879121	0.0695970695971	0.0512820512821	0.164835164835	0.0622710622711	0.0586080586081	0.0842490842491	0.0659340659341	0.0622710622711	0.0586080586081	0.0586080586081	0.0586080586081	0.0586080586081	0.0586080586081	0.0586080586081	0.0549450549451	0.0586080586081
765560005-stool1.snv.bam	0.106227106227	0.10989010989	0.102564102564	0.124542124542	0.124542124542	0.0879120879121	0.150183150183	0.0989010989011	0.106227106227	0.117216117216	0.0	0.10989010989	0.113553113553	0.021978021978	0.0805860805861	0.0915750915751	0.0915750915751	0.0842490842491	0.106227106227	0.120879120879	0.106227106227	0.212454212454	0.0805860805861	0.0879120879121	0.0586080586081	0.0622710622711	0.0732600732601	0.135531135531	0.0842490842491	0.10989010989	0.0769230769231	0.0769230769231	0.0952380952381	0.10989010989	0.102564102564	0.0769230769231	0.117216117216	0.106227106227	0.117216117216	0.025641025641	0.120879120879	0.0989010989011	0.0952380952381	0.10989010989	0.0989010989011	0.124542124542	0.0952380952381	0.0842490842491	0.124542124542	0.175824175824	0.113553113553	0.344322344322	0.128205128205	0.102564102564	0.032967032967	0.10989010989	0.0622710622711	0.0659340659341	0.0915750915751	0.175824175824	0.10989010989	0.106227106227	0.124542124542	0.0989010989011	0.0952380952381	0.0915750915751	0.0842490842491	0.0805860805861	0.0842490842491	0.0842490842491	0.0805860805861	0.0842490842491	0.0842490842491
823052294-stool1.snv.bam	0.0989010989011	0.102564102564	0.0989010989011	0.0915750915751	0.0915750915751	0.0586080586081	0.153846153846	0.0805860805861	0.0952380952381	0.0769230769231	0.10989010989	0.0	0.0	0.10989010989	0.043956043956	0.0769230769231	0.0769230769231	0.0769230769231	0.102564102564	0.0622710622711	0.0915750915751	0.18315018315	0.0842490842491	0.10989010989	0.0915750915751	0.0915750915751	0.10989010989	0.043956043956	0.124542124542	0.0769230769231	0.0915750915751	0.0695970695971	0.0622710622711	0.10989010989	0.0805860805861	0.0695970695971	0.0805860805861	0.0915750915751	0.0879120879121	0.102564102564	0.029304029304	0.0989010989011	0.0842490842491	0.0915750915751	0.0695970695971	0.106227106227	0.0659340659341	0.0915750915751	0.117216117216	0.14652014652	0.113553113553	0.333333333333	0.0549450549451	0.106227106227	0.102564102564	0.106227106227	0.0952380952381	0.0659340659341	0.00732600732601	0.168498168498	0.0695970695971	0.0695970695971	0.0695970695971	0.0879120879121	0.0659340659341	0.0659340659341	0.0769230769231	0.0769230769231	0.0769230769231	0.0769230769231	0.0769230769231	0.0769230769231	0.0769230769231
823052294-stool3.snv.bam	0.102564102564	0.106227106227	0.102564102564	0.0915750915751	0.0915750915751	0.0586080586081	0.153846153846	0.0842490842491	0.0952380952381	0.0769230769231	0.113553113553	0.0	0.0	0.10989010989	0.047619047619	0.0769230769231	0.0769230769231	0.0769230769231	0.102564102564	0.0659340659341	0.0952380952381	0.190476190476	0.0879120879121	0.113553113553	0.0952380952381	0.0915750915751	0.113553113553	0.043956043956	0.135531135531	0.0769230769231	0.0989010989011	0.0695970695971	0.0622710622711	0.120879120879	0.0842490842491	0.0695970695971	0.0805860805861	0.0952380952381	0.0952380952381	0.106227106227	0.032967032967	0.102564102564	0.0842490842491	0.0915750915751	0.0695970695971	0.10989010989	0.0732600732601	0.0915750915751	0.124542124542	0.14652014652	0.117216117216	0.347985347985	0.0549450549451	0.113553113553	0.113553113553	0.10989010989	0.0989010989011	0.0732600732601	0.00732600732601	0.172161172161	0.0732600732601	0.0659340659341	0.0732600732601	0.0879120879121	0.0732600732601	0.0732600732601	0.0769230769231	0.0769230769231	0.0769230769231	0.0769230769231	0.0769230769231	0.0769230769231	0.0769230769231
857980665-stool3.snv.bam	0.10989010989	0.113553113553	0.0989010989011	0.120879120879	0.120879120879	0.0769230769231	0.153846153846	0.0879120879121	0.0952380952381	0.113553113553	0.021978021978	0.10989010989	0.10989010989	0.0	0.0732600732601	0.0805860805861	0.0805860805861	0.0732600732601	0.102564102564	0.10989010989	0.106227106227	0.208791208791	0.0842490842491	0.0915750915751	0.0622710622711	0.0659340659341	0.0805860805861	0.124542124542	0.0879120879121	0.117216117216	0.0769230769231	0.0659340659341	0.0879120879121	0.117216117216	0.0989010989011	0.0659340659341	0.106227106227	0.0952380952381	0.120879120879	0.03663003663	0.10989010989	0.0989010989011	0.0915750915751	0.0989010989011	0.0879120879121	0.120879120879	0.0842490842491	0.0952380952381	0.124542124542	0.172161172161	0.10989010989	0.351648351648	0.124542124542	0.10989010989	0.025641025641	0.113553113553	0.0549450549451	0.0622710622711	0.0879120879121	0.175824175824	0.106227106227	0.0952380952381	0.117216117216	0.106227106227	0.0842490842491	0.0842490842491	0.0732600732601	0.0695970695971	0.0732600732601	0.0732600732601	0.0695970695971	0.0732600732601	0.0732600732601
863126187-stool3.snv.bam	0.0989010989011	0.102564102564	0.0952380952381	0.0989010989011	0.0989010989011	0.0622710622711	0.168498168498	0.0732600732601	0.0769230769231	0.0805860805861	0.0805860805861	0.043956043956	0.047619047619	0.0732600732601	0.0	0.0659340659341	0.0732600732601	0.0659340659341	0.102564102564	0.0659340659341	0.106227106227	0.186813186813	0.10989010989	0.135531135531	0.10989010989	0.106227106227	0.124542124542	0.0805860805861	0.106227106227	0.113553113553	0.0952380952381	0.0622710622711	0.0512820512821	0.0989010989011	0.0586080586081	0.0622710622711	0.0915750915751	0.0695970695971	0.113553113553	0.0769230769231	0.0549450549451	0.0915750915751	0.0549450549451	0.0769230769231	0.0586080586081	0.124542124542	0.0622710622711	0.0769230769231	0.128205128205	0.150183150183	0.120879120879	0.373626373626	0.0586080586081	0.10989010989	0.0915750915751	0.102564102564	0.0732600732601	0.0512820512821	0.025641025641	0.164835164835	0.0769230769231	0.0769230769231	0.0732600732601	0.0952380952381	0.0622710622711	0.0586080586081	0.0659340659341	0.0659340659341	0.0659340659341	0.0659340659341	0.0622710622711	0.0659340659341	0.0659340659341
BYQ_AAAA.snv.bam	0.0952380952381	0.0989010989011	0.0879120879121	0.0805860805861	0.0805860805861	0.0549450549451	0.153846153846	0.0732600732601	0.0695970695971	0.0732600732601	0.0915750915751	0.0769230769231	0.0769230769231	0.0805860805861	0.0659340659341	0.0	0.0	0.043956043956	0.0915750915751	0.0805860805861	0.0769230769231	0.179487179487	0.0915750915751	0.117216117216	0.0952380952381	0.0879120879121	0.113553113553	0.0769230769231	0.106227106227	0.0842490842491	0.0805860805861	0.03663003663	0.0512820512821	0.0952380952381	0.0695970695971	0.03663003663	0.0732600732601	0.0732600732601	0.0989010989011	0.0805860805861	0.0805860805861	0.0879120879121	0.0659340659341	0.0769230769231	0.0512820512821	0.0989010989011	0.0586080586081	0.0805860805861	0.10989010989	0.135531135531	0.0915750915751	0.362637362637	0.0952380952381	0.0952380952381	0.0805860805861	0.0989010989011	0.0622710622711	0.040293040293	0.0622710622711	0.150183150183	0.0695970695971	0.0659340659341	0.0879120879121	0.0805860805861	0.0549450549451	0.0549450549451	0.043956043956	0.043956043956	0.043956043956	0.043956043956	0.043956043956	0.043956043956	0.043956043956
BYQ_AAAL.snv.bam	0.0952380952381	0.0989010989011	0.0915750915751	0.0805860805861	0.0805860805861	0.0549450549451	0.153846153846	0.0732600732601	0.0695970695971	0.0732600732601	0.0915750915751	0.0769230769231	0.0769230769231	0.0805860805861	0.0732600732601	0.0	0.0	0.043956043956	0.0915750915751	0.0805860805861	0.0769230769231	0.179487179487	0.0915750915751	0.117216117216	0.0952380952381	0.0879120879121	0.113553113553	0.0879120879121	0.106227106227	0.0842490842491	0.0805860805861	0.03663003663	0.0586080586081	0.0952380952381	0.0695970695971	0.03663003663	0.0732600732601	0.0732600732601	0.0989010989011	0.0805860805861	0.0805860805861	0.0879120879121	0.0695970695971	0.0769230769231	0.0549450549451	0.0989010989011	0.0622710622711	0.0805860805861	0.10989010989	0.135531135531	0.0915750915751	0.362637362637	0.0952380952381	0.0952380952381	0.0805860805861	0.0989010989011	0.0622710622711	0.040293040293	0.0622710622711	0.150183150183	0.0695970695971	0.0659340659341	0.0879120879121	0.0805860805861	0.0622710622711	0.0586080586081	0.043956043956	0.043956043956	0.043956043956	0.043956043956	0.043956043956	0.043956043956	0.043956043956
BYQ_AAAS.snv.bam	0.0659340659341	0.0695970695971	0.0842490842491	0.0659340659341	0.0659340659341	0.029304029304	0.131868131868	0.0659340659341	0.0512820512821	0.0586080586081	0.0842490842491	0.0769230769231	0.0769230769231	0.0732600732601	0.0659340659341	0.043956043956	0.043956043956	0.0	0.0695970695971	0.0805860805861	0.0622710622711	0.157509157509	0.0842490842491	0.10989010989	0.0989010989011	0.0842490842491	0.102564102564	0.0879120879121	0.106227106227	0.0732600732601	0.0915750915751	0.00732600732601	0.043956043956	0.0769230769231	0.0769230769231	0.00732600732601	0.0659340659341	0.0732600732601	0.0842490842491	0.0732600732601	0.0732600732601	0.0622710622711	0.0659340659341	0.0769230769231	0.047619047619	0.0915750915751	0.0549450549451	0.0659340659341	0.0805860805861	0.113553113553	0.0732600732601	0.344322344322	0.0732600732601	0.0732600732601	0.0732600732601	0.0695970695971	0.0512820512821	0.032967032967	0.0512820512821	0.128205128205	0.047619047619	0.043956043956	0.0695970695971	0.0586080586081	0.0549450549451	0.0512820512821	0.0	0.0	0.0	0.0	0.0	0.0	0.0
CCIS02124300ST-4-0.snv.bam	0.025641025641	0.025641025641	0.0549450549451	0.106227106227	0.106227106227	0.0586080586081	0.157509157509	0.0952380952381	0.0805860805861	0.0989010989011	0.106227106227	0.102564102564	0.102564102564	0.102564102564	0.102564102564	0.0915750915751	0.0915750915751	0.0695970695971	0.0	0.113553113553	0.0805860805861	0.186813186813	0.0952380952381	0.117216117216	0.106227106227	0.102564102564	0.106227106227	0.120879120879	0.14652014652	0.0989010989011	0.117216117216	0.0622710622711	0.0695970695971	0.10989010989	0.10989010989	0.0622710622711	0.0915750915751	0.106227106227	0.040293040293	0.106227106227	0.0989010989011	0.032967032967	0.0989010989011	0.0952380952381	0.0732600732601	0.106227106227	0.0952380952381	0.03663003663	0.0952380952381	0.150183150183	0.0989010989011	0.351648351648	0.106227106227	0.106227106227	0.106227106227	0.03663003663	0.0952380952381	0.0769230769231	0.0769230769231	0.164835164835	0.0732600732601	0.0769230769231	0.0915750915751	0.0879120879121	0.0952380952381	0.0952380952381	0.0695970695971	0.0695970695971	0.0695970695971	0.0695970695971	0.0659340659341	0.0695970695971	0.0695970695971
CCMD48236717ST-21-0.snv.bam	0.117216117216	0.120879120879	0.0989010989011	0.0952380952381	0.0952380952381	0.0769230769231	0.179487179487	0.0879120879121	0.0952380952381	0.0805860805861	0.120879120879	0.0622710622711	0.0659340659341	0.10989010989	0.0659340659341	0.0805860805861	0.0805860805861	0.0805860805861	0.113553113553	0.0	0.0952380952381	0.197802197802	0.124542124542	0.14652014652	0.124542124542	0.128205128205	0.142857142857	0.021978021978	0.131868131868	0.106227106227	0.10989010989	0.0732600732601	0.043956043956	0.135531135531	0.0989010989011	0.0732600732601	0.0879120879121	0.0952380952381	0.113553113553	0.113553113553	0.0695970695971	0.106227106227	0.0879120879121	0.0915750915751	0.029304029304	0.135531135531	0.0695970695971	0.102564102564	0.139194139194	0.164835164835	0.128205128205	0.380952380952	0.0915750915751	0.124542124542	0.106227106227	0.120879120879	0.0915750915751	0.0695970695971	0.040293040293	0.194139194139	0.0915750915751	0.0805860805861	0.029304029304	0.102564102564	0.0695970695971	0.0695970695971	0.0805860805861	0.0769230769231	0.0805860805861	0.0805860805861	0.0805860805861	0.0805860805861	0.0805860805861
CCMD88272491ST-21-0.snv.bam	0.0805860805861	0.0879120879121	0.102564102564	0.0842490842491	0.0842490842491	0.040293040293	0.139194139194	0.0915750915751	0.0805860805861	0.0769230769231	0.106227106227	0.0915750915751	0.0952380952381	0.106227106227	0.106227106227	0.0769230769231	0.0769230769231	0.0622710622711	0.0805860805861	0.0952380952381	0.0	0.190476190476	0.0842490842491	0.102564102564	0.0879120879121	0.0952380952381	0.102564102564	0.102564102564	0.10989010989	0.03663003663	0.102564102564	0.0549450549451	0.0659340659341	0.0989010989011	0.102564102564	0.0549450549451	0.0842490842491	0.0915750915751	0.0879120879121	0.0952380952381	0.0842490842491	0.0915750915751	0.0879120879121	0.0952380952381	0.0695970695971	0.043956043956	0.0805860805861	0.0989010989011	0.032967032967	0.153846153846	0.047619047619	0.344322344322	0.113553113553	0.043956043956	0.0915750915751	0.102564102564	0.0805860805861	0.0659340659341	0.0769230769231	0.150183150183	0.0732600732601	0.0622710622711	0.0989010989011	0.029304029304	0.0805860805861	0.0805860805861	0.0622710622711	0.0622710622711	0.0622710622711	0.0622710622711	0.0549450549451	0.0622710622711	0.0622710622711
ED12A.snv.bam	0.18315018315	0.190476190476	0.201465201465	0.150183150183	0.150183150183	0.153846153846	0.10989010989	0.14652014652	0.179487179487	0.157509157509	0.212454212454	0.18315018315	0.190476190476	0.208791208791	0.186813186813	0.179487179487	0.179487179487	0.157509157509	0.186813186813	0.197802197802	0.190476190476	0.0	0.172161172161	0.194139194139	0.164835164835	0.157509157509	0.164835164835	0.201465201465	0.227106227106	0.186813186813	0.197802197802	0.157509157509	0.157509157509	0.172161172161	0.194139194139	0.153846153846	0.150183150183	0.197802197802	0.197802197802	0.201465201465	0.194139194139	0.179487179487	0.179487179487	0.194139194139	0.168498168498	0.208791208791	0.164835164835	0.179487179487	0.201465201465	0.0842490842491	0.172161172161	0.347985347985	0.153846153846	0.194139194139	0.208791208791	0.190476190476	0.18315018315	0.164835164835	0.164835164835	0.106227106227	0.142857142857	0.164835164835	0.190476190476	0.172161172161	0.164835164835	0.161172161172	0.157509157509	0.153846153846	0.157509157509	0.157509157509	0.157509157509	0.157509157509	0.157509157509
M4.1-V3.metaG.snv.bam	0.0989010989011	0.102564102564	0.113553113553	0.0989010989011	0.0989010989011	0.0659340659341	0.102564102564	0.0805860805861	0.0952380952381	0.0989010989011	0.0805860805861	0.0842490842491	0.0879120879121	0.0842490842491	0.10989010989	0.0915750915751	0.0915750915751	0.0842490842491	0.0952380952381	0.124542124542	0.0842490842491	0.172161172161	0.0	0.0	0.0	0.0	0.0	0.117216117216	0.0952380952381	0.0805860805861	0.0659340659341	0.0769230769231	0.0842490842491	0.128205128205	0.0989010989011	0.0769230769231	0.0989010989011	0.10989010989	0.0989010989011	0.0842490842491	0.0879120879121	0.102564102564	0.0952380952381	0.106227106227	0.10989010989	0.0952380952381	0.0842490842491	0.10989010989	0.106227106227	0.117216117216	0.106227106227	0.326007326007	0.117216117216	0.106227106227	0.0769230769231	0.113553113553	0.0805860805861	0.0842490842491	0.0769230769231	0.179487179487	0.0659340659341	0.0805860805861	0.120879120879	0.0842490842491	0.0842490842491	0.0842490842491	0.0842490842491	0.0805860805861	0.0842490842491	0.0842490842491	0.0805860805861	0.0842490842491	0.0842490842491
M4.1-V3.metaT.snv.bam	0.124542124542	0.128205128205	0.135531135531	0.117216117216	0.117216117216	0.0879120879121	0.117216117216	0.102564102564	0.117216117216	0.117216117216	0.0879120879121	0.10989010989	0.113553113553	0.0915750915751	0.135531135531	0.117216117216	0.117216117216	0.10989010989	0.117216117216	0.14652014652	0.102564102564	0.194139194139	0.0	0.0	0.0	0.0	0.0	0.139194139194	0.102564102564	0.0989010989011	0.0695970695971	0.102564102564	0.106227106227	0.157509157509	0.120879120879	0.102564102564	0.117216117216	0.131868131868	0.120879120879	0.0915750915751	0.10989010989	0.124542124542	0.117216117216	0.128205128205	0.131868131868	0.113553113553	0.106227106227	0.131868131868	0.124542124542	0.142857142857	0.124542124542	0.351648351648	0.139194139194	0.124542124542	0.0842490842491	0.135531135531	0.0879120879121	0.113553113553	0.102564102564	0.208791208791	0.0915750915751	0.102564102564	0.142857142857	0.102564102564	0.106227106227	0.106227106227	0.10989010989	0.106227106227	0.10989010989	0.10989010989	0.106227106227	0.10989010989	0.10989010989
M4.2-V3.metaT.snv.bam	0.117216117216	0.117216117216	0.120879120879	0.106227106227	0.106227106227	0.0769230769231	0.10989010989	0.0805860805861	0.102564102564	0.106227106227	0.0586080586081	0.0915750915751	0.0952380952381	0.0622710622711	0.10989010989	0.0952380952381	0.0952380952381	0.0989010989011	0.106227106227	0.124542124542	0.0879120879121	0.164835164835	0.0	0.0	0.0	0.0	0.0	0.117216117216	0.0695970695971	0.0842490842491	0.047619047619	0.0915750915751	0.0879120879121	0.124542124542	0.0989010989011	0.0915750915751	0.0915750915751	0.10989010989	0.10989010989	0.0695970695971	0.102564102564	0.117216117216	0.0989010989011	0.102564102564	0.102564102564	0.0952380952381	0.0915750915751	0.117216117216	0.102564102564	0.135531135531	0.106227106227	0.260073260073	0.117216117216	0.102564102564	0.0622710622711	0.124542124542	0.0659340659341	0.0915750915751	0.0952380952381	0.175824175824	0.0842490842491	0.0952380952381	0.124542124542	0.0915750915751	0.0915750915751	0.0915750915751	0.0989010989011	0.0952380952381	0.0989010989011	0.0989010989011	0.0952380952381	0.0989010989011	0.0989010989011
M4.4-V3.metaT.snv.bam	0.0989010989011	0.102564102564	0.10989010989	0.0989010989011	0.0989010989011	0.0805860805861	0.106227106227	0.0805860805861	0.0915750915751	0.0989010989011	0.0622710622711	0.0915750915751	0.0915750915751	0.0659340659341	0.106227106227	0.0879120879121	0.0879120879121	0.0842490842491	0.102564102564	0.128205128205	0.0952380952381	0.157509157509	0.0	0.0	0.0	0.0	0.0	0.120879120879	0.0695970695971	0.0879120879121	0.047619047619	0.0769230769231	0.0879120879121	0.117216117216	0.0989010989011	0.0769230769231	0.0879120879121	0.10989010989	0.106227106227	0.0695970695971	0.0989010989011	0.102564102564	0.0989010989011	0.106227106227	0.106227106227	0.106227106227	0.0915750915751	0.102564102564	0.113553113553	0.128205128205	0.0989010989011	0.25641025641	0.102564102564	0.0989010989011	0.0622710622711	0.10989010989	0.0659340659341	0.0842490842491	0.0842490842491	0.168498168498	0.0805860805861	0.0879120879121	0.117216117216	0.0915750915751	0.0915750915751	0.0915750915751	0.0842490842491	0.0805860805861	0.0842490842491	0.0842490842491	0.0842490842491	0.0842490842491	0.0842490842491
M4.6-V2.metaT.snv.bam	0.117216117216	0.120879120879	0.128205128205	0.117216117216	0.117216117216	0.0879120879121	0.106227106227	0.0915750915751	0.106227106227	0.117216117216	0.0732600732601	0.10989010989	0.113553113553	0.0805860805861	0.124542124542	0.113553113553	0.113553113553	0.102564102564	0.106227106227	0.142857142857	0.102564102564	0.164835164835	0.0	0.0	0.0	0.0	0.0	0.139194139194	0.0915750915751	0.0989010989011	0.0622710622711	0.0952380952381	0.0989010989011	0.14652014652	0.113553113553	0.0952380952381	0.10989010989	0.120879120879	0.120879120879	0.0879120879121	0.10989010989	0.117216117216	0.10989010989	0.120879120879	0.120879120879	0.10989010989	0.0989010989011	0.124542124542	0.117216117216	0.131868131868	0.117216117216	0.311355311355	0.131868131868	0.117216117216	0.0769230769231	0.124542124542	0.0769230769231	0.102564102564	0.102564102564	0.186813186813	0.0879120879121	0.102564102564	0.131868131868	0.102564102564	0.0989010989011	0.0989010989011	0.102564102564	0.0989010989011	0.102564102564	0.102564102564	0.0989010989011	0.102564102564	0.102564102564
MH0108.snv.bam	0.117216117216	0.120879120879	0.113553113553	0.0952380952381	0.0952380952381	0.0769230769231	0.179487179487	0.102564102564	0.102564102564	0.0805860805861	0.135531135531	0.043956043956	0.043956043956	0.124542124542	0.0805860805861	0.0769230769231	0.0879120879121	0.0879120879121	0.120879120879	0.021978021978	0.102564102564	0.201465201465	0.117216117216	0.139194139194	0.117216117216	0.120879120879	0.139194139194	0.0	0.14652014652	0.0915750915751	0.117216117216	0.0805860805861	0.043956043956	0.142857142857	0.106227106227	0.0805860805861	0.0952380952381	0.117216117216	0.113553113553	0.124542124542	0.0622710622711	0.10989010989	0.102564102564	0.113553113553	0.040293040293	0.120879120879	0.0842490842491	0.10989010989	0.14652014652	0.164835164835	0.135531135531	0.380952380952	0.0915750915751	0.124542124542	0.128205128205	0.120879120879	0.106227106227	0.0842490842491	0.029304029304	0.194139194139	0.0915750915751	0.0879120879121	0.03663003663	0.102564102564	0.0842490842491	0.0842490842491	0.0879120879121	0.0842490842491	0.0879120879121	0.0879120879121	0.0879120879121	0.0879120879121	0.0879120879121
MH0150.snv.bam	0.14652014652	0.150183150183	0.135531135531	0.131868131868	0.131868131868	0.0989010989011	0.168498168498	0.117216117216	0.117216117216	0.124542124542	0.0842490842491	0.124542124542	0.135531135531	0.0879120879121	0.106227106227	0.106227106227	0.106227106227	0.106227106227	0.14652014652	0.131868131868	0.10989010989	0.227106227106	0.0952380952381	0.102564102564	0.0695970695971	0.0695970695971	0.0915750915751	0.14652014652	0.0	0.113553113553	0.043956043956	0.0989010989011	0.10989010989	0.14652014652	0.10989010989	0.0989010989011	0.117216117216	0.113553113553	0.135531135531	0.0805860805861	0.139194139194	0.139194139194	0.102564102564	0.113553113553	0.117216117216	0.120879120879	0.106227106227	0.124542124542	0.139194139194	0.190476190476	0.120879120879	0.384615384615	0.153846153846	0.117216117216	0.0732600732601	0.150183150183	0.03663003663	0.0879120879121	0.10989010989	0.205128205128	0.113553113553	0.124542124542	0.14652014652	0.106227106227	0.106227106227	0.106227106227	0.106227106227	0.102564102564	0.106227106227	0.106227106227	0.0989010989011	0.106227106227	0.106227106227
MH0206.snv.bam	0.0952380952381	0.106227106227	0.106227106227	0.0915750915751	0.0915750915751	0.0549450549451	0.142857142857	0.0989010989011	0.102564102564	0.0842490842491	0.10989010989	0.0769230769231	0.0769230769231	0.117216117216	0.113553113553	0.0842490842491	0.0842490842491	0.0732600732601	0.0989010989011	0.106227106227	0.03663003663	0.186813186813	0.0805860805861	0.0989010989011	0.0842490842491	0.0879120879121	0.0989010989011	0.0915750915751	0.113553113553	0.0	0.0989010989011	0.0659340659341	0.0842490842491	0.102564102564	0.10989010989	0.0659340659341	0.0842490842491	0.120879120879	0.0915750915751	0.0989010989011	0.0879120879121	0.0952380952381	0.106227106227	0.117216117216	0.0989010989011	0.029304029304	0.0879120879121	0.0952380952381	0.0586080586081	0.153846153846	0.032967032967	0.333333333333	0.10989010989	0.029304029304	0.102564102564	0.106227106227	0.0915750915751	0.0805860805861	0.0769230769231	0.153846153846	0.0769230769231	0.0842490842491	0.113553113553	0.014652014652	0.0879120879121	0.0879120879121	0.0732600732601	0.0732600732601	0.0732600732601	0.0732600732601	0.0695970695971	0.0732600732601	0.0732600732601
MH0211.snv.bam	0.117216117216	0.120879120879	0.106227106227	0.10989010989	0.10989010989	0.0805860805861	0.150183150183	0.0915750915751	0.0842490842491	0.10989010989	0.0769230769231	0.0915750915751	0.0989010989011	0.0769230769231	0.0952380952381	0.0805860805861	0.0805860805861	0.0915750915751	0.117216117216	0.10989010989	0.102564102564	0.197802197802	0.0659340659341	0.0695970695971	0.047619047619	0.047619047619	0.0622710622711	0.117216117216	0.043956043956	0.0989010989011	0.0	0.0842490842491	0.0879120879121	0.128205128205	0.0586080586081	0.0842490842491	0.0952380952381	0.0769230769231	0.128205128205	0.0732600732601	0.106227106227	0.10989010989	0.0659340659341	0.0769230769231	0.0989010989011	0.0989010989011	0.0732600732601	0.102564102564	0.124542124542	0.153846153846	0.113553113553	0.344322344322	0.128205128205	0.10989010989	0.0659340659341	0.120879120879	0.043956043956	0.0732600732601	0.0769230769231	0.18315018315	0.0805860805861	0.0879120879121	0.117216117216	0.0989010989011	0.0732600732601	0.0732600732601	0.0915750915751	0.0879120879121	0.0915750915751	0.0915750915751	0.0879120879121	0.0915750915751	0.0915750915751
MH0299.snv.bam	0.0659340659341	0.0695970695971	0.0842490842491	0.0659340659341	0.0659340659341	0.029304029304	0.131868131868	0.0586080586081	0.043956043956	0.0586080586081	0.0769230769231	0.0695970695971	0.0695970695971	0.0659340659341	0.0622710622711	0.03663003663	0.03663003663	0.00732600732601	0.0622710622711	0.0732600732601	0.0549450549451	0.157509157509	0.0769230769231	0.102564102564	0.0915750915751	0.0769230769231	0.0952380952381	0.0805860805861	0.0989010989011	0.0659340659341	0.0842490842491	0.0	0.03663003663	0.0769230769231	0.0695970695971	0.0	0.0586080586081	0.0659340659341	0.0769230769231	0.0732600732601	0.0659340659341	0.0622710622711	0.0586080586081	0.0695970695971	0.043956043956	0.0842490842491	0.0549450549451	0.0659340659341	0.0805860805861	0.113553113553	0.0695970695971	0.344322344322	0.0732600732601	0.0659340659341	0.0732600732601	0.0695970695971	0.0512820512821	0.025641025641	0.047619047619	0.128205128205	0.047619047619	0.043956043956	0.0622710622711	0.0586080586081	0.0549450549451	0.0512820512821	0.00732600732601	0.00732600732601	0.00732600732601	0.00732600732601	0.00732600732601	0.00732600732601	0.00732600732601
MH0311.snv.bam	0.0695970695971	0.0695970695971	0.0952380952381	0.0622710622711	0.0622710622711	0.032967032967	0.150183150183	0.0586080586081	0.029304029304	0.0549450549451	0.0952380952381	0.0622710622711	0.0622710622711	0.0879120879121	0.0512820512821	0.0512820512821	0.0586080586081	0.043956043956	0.0695970695971	0.043956043956	0.0659340659341	0.157509157509	0.0842490842491	0.106227106227	0.0879120879121	0.0879120879121	0.0989010989011	0.043956043956	0.10989010989	0.0842490842491	0.0879120879121	0.03663003663	0.0	0.0989010989011	0.0512820512821	0.03663003663	0.0659340659341	0.0622710622711	0.0842490842491	0.0879120879121	0.0512820512821	0.0695970695971	0.03663003663	0.0805860805861	0.021978021978	0.0915750915751	0.0549450549451	0.0732600732601	0.0915750915751	0.120879120879	0.0915750915751	0.358974358974	0.0586080586081	0.0842490842491	0.0952380952381	0.0805860805861	0.0586080586081	0.043956043956	0.025641025641	0.150183150183	0.047619047619	0.0586080586081	0.040293040293	0.0769230769231	0.0549450549451	0.0512820512821	0.043956043956	0.043956043956	0.043956043956	0.043956043956	0.043956043956	0.043956043956	0.043956043956
MH0393.snv.bam	0.0952380952381	0.102564102564	0.117216117216	0.117216117216	0.117216117216	0.0695970695971	0.168498168498	0.113553113553	0.102564102564	0.10989010989	0.10989010989	0.10989010989	0.120879120879	0.117216117216	0.0989010989011	0.0952380952381	0.0952380952381	0.0769230769231	0.10989010989	0.135531135531	0.0989010989011	0.172161172161	0.128205128205	0.157509157509	0.124542124542	0.117216117216	0.14652014652	0.142857142857	0.14652014652	0.102564102564	0.128205128205	0.0769230769231	0.0989010989011	0.0	0.102564102564	0.0769230769231	0.128205128205	0.10989010989	0.124542124542	0.0989010989011	0.120879120879	0.102564102564	0.0879120879121	0.113553113553	0.10989010989	0.117216117216	0.102564102564	0.0989010989011	0.10989010989	0.168498168498	0.0989010989011	0.377289377289	0.0842490842491	0.0952380952381	0.102564102564	0.10989010989	0.0989010989011	0.0732600732601	0.0989010989011	0.0732600732601	0.0989010989011	0.0879120879121	0.131868131868	0.0769230769231	0.102564102564	0.0989010989011	0.0769230769231	0.0769230769231	0.0769230769231	0.0769230769231	0.0732600732601	0.0769230769231	0.0732600732601
