	764083206-stool1.snv.bam	BYQ_AAAD.snv.bam	BYQ_AAAX.snv.bam	CCIS02124300ST-4-0.snv.bam	CCIS15794887ST-4-0.snv.bam	CCIS22958137ST-20-0.snv.bam	CCIS82146115ST-4-0.snv.bam	CCMD46947453ST-21-0.snv.bam	CCMD64503764ST-21-0.snv.bam	CCMD95433940ST-21-0.snv.bam	M2.1-V3.metaT.snv.bam	NG-5636_422.snv.bam	NG-5636_543.snv.bam	O2.UC22-1.snv.bam	O2.UC40-1.snv.bam	SZEY-37A.snv.bam	V1.CD40-0.snv.bam	V1.CD45-0.snv.bam	V1.FI19.snv.bam	V1.FI34.snv.bam	halbarad-11-7-0.snv.bam
764083206-stool1.snv.bam	0.0	0.156156399759	0.155992428644	0.203393018495	0.133855593947	0.13432303333	0.143682301912	0.125836289832	0.154430640119	0.0957386261125	0.156550010189	0.149649912108	0.130187445446	0.0806499731287	0.127297559761	0.138110863798	0.0430065384152	0.130530436486	0.127810768422	0.143236454074	0.131607587051
BYQ_AAAD.snv.bam	0.156156399759	0.0	0.000426885867555	0.226292102047	0.16568409406	0.15565660321	0.136318050707	0.130029990729	0.167301421292	0.153262528933	0.153555928062	0.095701666431	0.177761735173	0.156221966084	0.157388277944	0.146289281462	0.144226813372	0.150339565702	0.165710601028	0.03049603783	0.072323472297
BYQ_AAAX.snv.bam	0.155992428644	0.000426885867555	0.0	0.226317347172	0.165618943892	0.155709191342	0.136210133393	0.129969802634	0.167420604858	0.153265012923	0.153612665082	0.0957886197123	0.177700157453	0.15622179466	0.157411515598	0.146365371887	0.14423715261	0.150319547511	0.165756523097	0.0304358497343	0.0722632842013
CCIS02124300ST-4-0.snv.bam	0.203393018495	0.226292102047	0.226317347172	0.0	0.238306909389	0.211044424021	0.212853623501	0.206787895941	0.210011175655	0.206249559008	0.217241259832	0.223729669398	0.219937909207	0.215447760986	0.195288584287	0.208673543848	0.191749666788	0.193215075399	0.21209865831	0.223762752089	0.220467061515
CCIS15794887ST-4-0.snv.bam	0.133855593947	0.16568409406	0.165618943892	0.238306909389	0.0	0.143410917198	0.146660630582	0.112625488009	0.150860507246	0.132154476838	0.166700145416	0.13797029075	0.142408562566	0.132851849633	0.143593734927	0.0924662463145	0.112033168452	0.131732223636	0.145435733469	0.142479352445	0.14365268297
CCIS22958137ST-20-0.snv.bam	0.13432303333	0.15565660321	0.155709191342	0.211044424021	0.143410917198	0.0	0.143024101653	0.110686622141	0.0717315319028	0.122928209609	0.165335251103	0.147364095813	0.143935275728	0.0994523916575	0.14109894083	0.141572507729	0.114336833873	0.141266748868	0.151423089262	0.14969277261	0.137946299651
CCIS82146115ST-4-0.snv.bam	0.143682301912	0.136318050707	0.136210133393	0.212853623501	0.146660630582	0.143024101653	0.0	0.064835929477	0.156744694406	0.136049260192	0.149708954506	0.154202481116	0.168008992703	0.159798255778	0.12824439967	0.152320420489	0.130736725707	0.119947326009	0.157058322817	0.122573545164	0.122247330995
CCMD46947453ST-21-0.snv.bam	0.125836289832	0.130029990729	0.129969802634	0.206787895941	0.112625488009	0.110686622141	0.064835929477	0.0	0.129519875479	0.132904603874	0.157385989484	0.148677359758	0.155439214873	0.119745893815	0.140886271017	0.120029353728	0.117144476838	0.132521187707	0.145227146239	0.128065224042	0.130676957308
CCMD64503764ST-21-0.snv.bam	0.154430640119	0.167301421292	0.167420604858	0.210011175655	0.150860507246	0.0717315319028	0.156744694406	0.129519875479	0.0	0.148631234495	0.175910233233	0.169880304062	0.151394432773	0.102338257736	0.141199775083	0.144735359179	0.146903763971	0.138484478806	0.163400261761	0.1671434142	0.155505620352
CCMD95433940ST-21-0.snv.bam	0.0957386261125	0.153262528933	0.153265012923	0.206249559008	0.132154476838	0.122928209609	0.136049260192	0.132904603874	0.148631234495	0.0	0.158325576226	0.143349484927	0.131503239681	0.120673683504	0.121556514273	0.13794552157	0.0732001737334	0.124882261817	0.140373976433	0.145497561832	0.147130384454
M2.1-V3.metaT.snv.bam	0.156550010189	0.153555928062	0.153612665082	0.217241259832	0.166700145416	0.165335251103	0.149708954506	0.157385989484	0.175910233233	0.158325576226	0.0	0.148189445601	0.170545653793	0.170059669167	0.131377039556	0.153592433809	0.145443480302	0.147617799125	0.166580797629	0.144783676828	0.14574786953
NG-5636_422.snv.bam	0.149649912108	0.095701666431	0.0957886197123	0.223729669398	0.13797029075	0.147364095813	0.154202481116	0.148677359758	0.169880304062	0.143349484927	0.148189445601	0.0	0.177148403432	0.164063285692	0.161060563784	0.130700102241	0.138991751882	0.152122249798	0.139244493726	0.0791437751792	0.106473689353
NG-5636_543.snv.bam	0.130187445446	0.177761735173	0.177700157453	0.219937909207	0.142408562566	0.143935275728	0.168008992703	0.155439214873	0.151394432773	0.131503239681	0.170545653793	0.177148403432	0.0	0.141246075202	0.132290055975	0.156711205858	0.130386164416	0.134148492002	0.15800310585	0.17398219571	0.170077935383
O2.UC22-1.snv.bam	0.0806499731287	0.156221966084	0.15622179466	0.215447760986	0.132851849633	0.0994523916575	0.159798255778	0.119745893815	0.102338257736	0.120673683504	0.170059669167	0.164063285692	0.141246075202	0.0	0.141892922583	0.133107266869	0.0956041345647	0.143050388186	0.142845127891	0.145686668266	0.136935011855
O2.UC40-1.snv.bam	0.127297559761	0.157388277944	0.157411515598	0.195288584287	0.143593734927	0.14109894083	0.12824439967	0.140886271017	0.141199775083	0.121556514273	0.131377039556	0.161060563784	0.132290055975	0.141892922583	0.0	0.13253059265	0.112378402216	0.0151926795432	0.142958281016	0.153613583037	0.143905197836
SZEY-37A.snv.bam	0.138110863798	0.146289281462	0.146365371887	0.208673543848	0.0924662463145	0.141572507729	0.152320420489	0.120029353728	0.144735359179	0.13794552157	0.153592433809	0.130700102241	0.156711205858	0.133107266869	0.13253059265	0.0	0.129585779024	0.122845332477	0.139333657969	0.141940730983	0.14176791582
V1.CD40-0.snv.bam	0.0430065384152	0.144226813372	0.14423715261	0.191749666788	0.112033168452	0.114336833873	0.130736725707	0.117144476838	0.146903763971	0.0732001737334	0.145443480302	0.138991751882	0.130386164416	0.0956041345647	0.112378402216	0.129585779024	0.0	0.115146810786	0.124860643361	0.132380185977	0.123280568675
V1.CD45-0.snv.bam	0.130530436486	0.150339565702	0.150319547511	0.193215075399	0.131732223636	0.141266748868	0.119947326009	0.132521187707	0.138484478806	0.124882261817	0.147617799125	0.152122249798	0.134148492002	0.143050388186	0.0151926795432	0.122845332477	0.115146810786	0.0	0.135728709803	0.146589197239	0.135624056166
V1.FI19.snv.bam	0.127810768422	0.165710601028	0.165756523097	0.21209865831	0.145435733469	0.151423089262	0.157058322817	0.145227146239	0.163400261761	0.140373976433	0.166580797629	0.139244493726	0.15800310585	0.142845127891	0.142958281016	0.139333657969	0.124860643361	0.135728709803	0.0	0.15138462394	0.151250280673
V1.FI34.snv.bam	0.143236454074	0.03049603783	0.0304358497343	0.223762752089	0.142479352445	0.14969277261	0.122573545164	0.128065224042	0.1671434142	0.145497561832	0.144783676828	0.0791437751792	0.17398219571	0.145686668266	0.153613583037	0.141940730983	0.132380185977	0.146589197239	0.15138462394	0.0	0.0433048172922
halbarad-11-7-0.snv.bam	0.131607587051	0.072323472297	0.0722632842013	0.220467061515	0.14365268297	0.137946299651	0.122247330995	0.130676957308	0.155505620352	0.147130384454	0.14574786953	0.106473689353	0.170077935383	0.136935011855	0.143905197836	0.14176791582	0.123280568675	0.135624056166	0.151250280673	0.0433048172922	0.0
