	158337416-stool1.snv.bam	158984779-stool1.snv.bam	159753524-stool1.snv.bam	159753524-stool2.snv.bam	159753524-stool3.snv.bam	160502038-stool1.snv.bam	160502038-stool2.snv.bam	764143897-stool1.snv.bam	765094712-stool3.snv.bam	765620695-stool1.snv.bam	CCIS27927933ST-4-0.snv.bam	CCIS41288781ST-4-0.snv.bam	CCIS98512455ST-4-0.snv.bam	CCMD45988061ST-21-0.snv.bam	CCMD88272491ST-21-0.snv.bam	ED12A.snv.bam	ED15A.snv.bam	HT14A.snv.bam	HT25A.snv.bam	M3.3-V3.metaT.snv.bam	MH0309.snv.bam	NG-5636_312.snv.bam	O2.UC47-1.snv.bam	SAMEA3136692.snv.bam	SAMEA3136707.snv.bam	T2D-123A.snv.bam	T2D-19A.snv.bam	T2D-25A.snv.bam	T2D-31A.snv.bam	V1.CD3-0-PN.snv.bam	V1.CD54-0.snv.bam	V1.FI05.snv.bam	V1.FI34.snv.bam
158337416-stool1.snv.bam	0.0	0.0874524714829	0.102661596958	0.110266159696	0.102661596958	0.167300380228	0.178707224335	0.0	0.0114068441065	0.0684410646388	0.0874524714829	0.102661596958	0.152091254753	0.174904942966	0.190114068441	0.102661596958	0.117870722433	0.178707224335	0.102661596958	0.0	0.106463878327	0.117870722433	0.136882129278	0.15969581749	0.0836501901141	0.0988593155894	0.144486692015	0.0874524714829	0.171102661597	0.174904942966	0.174904942966	0.140684410646	0.15969581749
158984779-stool1.snv.bam	0.0874524714829	0.0	0.0266159695817	0.0494296577947	0.0342205323194	0.125475285171	0.152091254753	0.041825095057	0.0760456273764	0.06463878327	0.06463878327	0.0228136882129	0.0950570342205	0.102661596958	0.117870722433	0.0912547528517	0.0912547528517	0.121673003802	0.0570342205323	0.0684410646388	0.0798479087452	0.0798479087452	0.0798479087452	0.0684410646388	0.110266159696	0.0532319391635	0.117870722433	0.0570342205323	0.114068441065	0.102661596958	0.106463878327	0.0874524714829	0.12927756654
159753524-stool1.snv.bam	0.102661596958	0.0266159695817	0.0	0.0	0.0114068441065	0.106463878327	0.152091254753	0.0456273764259	0.0950570342205	0.0874524714829	0.0988593155894	0.0532319391635	0.110266159696	0.0798479087452	0.114068441065	0.110266159696	0.0874524714829	0.117870722433	0.0912547528517	0.0912547528517	0.06463878327	0.0342205323194	0.106463878327	0.110266159696	0.102661596958	0.0304182509506	0.0988593155894	0.041825095057	0.117870722433	0.0988593155894	0.0950570342205	0.0988593155894	0.117870722433
159753524-stool2.snv.bam	0.110266159696	0.0494296577947	0.0	0.0	0.0152091254753	0.12927756654	0.148288973384	0.0798479087452	0.0988593155894	0.0950570342205	0.106463878327	0.0570342205323	0.117870722433	0.0836501901141	0.133079847909	0.125475285171	0.0950570342205	0.110266159696	0.0874524714829	0.102661596958	0.0722433460076	0.0570342205323	0.0988593155894	0.121673003802	0.102661596958	0.0608365019011	0.106463878327	0.0722433460076	0.110266159696	0.106463878327	0.106463878327	0.106463878327	0.12927756654
159753524-stool3.snv.bam	0.102661596958	0.0342205323194	0.0114068441065	0.0152091254753	0.0	0.110266159696	0.140684410646	0.0570342205323	0.0950570342205	0.0988593155894	0.110266159696	0.0608365019011	0.114068441065	0.121673003802	0.0950570342205	0.12927756654	0.06463878327	0.0304182509506	0.0836501901141	0.0950570342205	0.0760456273764	0.0684410646388	0.121673003802	0.0836501901141	0.121673003802	0.0380228136882	0.117870722433	0.0342205323194	0.0228136882129	0.0798479087452	0.0912547528517	0.117870722433	0.0874524714829
160502038-stool1.snv.bam	0.167300380228	0.125475285171	0.106463878327	0.12927756654	0.110266159696	0.0	0.0	0.125475285171	0.155893536122	0.136882129278	0.163498098859	0.125475285171	0.171102661597	0.178707224335	0.15969581749	0.178707224335	0.144486692015	0.19391634981	0.12927756654	0.136882129278	0.06463878327	0.114068441065	0.155893536122	0.15969581749	0.19391634981	0.121673003802	0.144486692015	0.136882129278	0.186311787072	0.182509505703	0.182509505703	0.148288973384	0.197718631179
160502038-stool2.snv.bam	0.178707224335	0.152091254753	0.152091254753	0.148288973384	0.140684410646	0.0	0.0	0.140684410646	0.167300380228	0.15969581749	0.186311787072	0.140684410646	0.190114068441	0.205323193916	0.186311787072	0.197718631179	0.174904942966	0.212927756654	0.190114068441	0.152091254753	0.0874524714829	0.148288973384	0.197718631179	0.186311787072	0.205323193916	0.15969581749	0.163498098859	0.148288973384	0.205323193916	0.197718631179	0.190114068441	0.182509505703	0.209125475285
764143897-stool1.snv.bam	0.0	0.041825095057	0.0456273764259	0.0798479087452	0.0570342205323	0.125475285171	0.140684410646	0.0	0.00380228136882	0.0190114068441	0.0684410646388	0.0532319391635	0.117870722433	0.117870722433	0.125475285171	0.0798479087452	0.0798479087452	0.144486692015	0.0608365019011	0.0	0.0570342205323	0.0760456273764	0.0988593155894	0.121673003802	0.0684410646388	0.0456273764259	0.114068441065	0.0608365019011	0.136882129278	0.140684410646	0.125475285171	0.0684410646388	0.12927756654
765094712-stool3.snv.bam	0.0114068441065	0.0760456273764	0.0950570342205	0.0988593155894	0.0950570342205	0.155893536122	0.167300380228	0.00380228136882	0.0	0.0722433460076	0.0912547528517	0.0950570342205	0.140684410646	0.163498098859	0.178707224335	0.106463878327	0.114068441065	0.167300380228	0.0912547528517	0.0114068441065	0.0988593155894	0.110266159696	0.125475285171	0.148288973384	0.0722433460076	0.0950570342205	0.133079847909	0.0760456273764	0.15969581749	0.163498098859	0.163498098859	0.133079847909	0.148288973384
765620695-stool1.snv.bam	0.0684410646388	0.06463878327	0.0874524714829	0.0950570342205	0.0988593155894	0.136882129278	0.15969581749	0.0190114068441	0.0722433460076	0.0	0.0228136882129	0.0532319391635	0.136882129278	0.15969581749	0.171102661597	0.0342205323194	0.110266159696	0.178707224335	0.0836501901141	0.0532319391635	0.0912547528517	0.0950570342205	0.110266159696	0.125475285171	0.0836501901141	0.0798479087452	0.12927756654	0.0874524714829	0.167300380228	0.167300380228	0.144486692015	0.0988593155894	0.182509505703
CCIS27927933ST-4-0.snv.bam	0.0874524714829	0.06463878327	0.0988593155894	0.106463878327	0.110266159696	0.163498098859	0.186311787072	0.0684410646388	0.0912547528517	0.0228136882129	0.0	0.0684410646388	0.15969581749	0.182509505703	0.201520912548	0.0456273764259	0.12927756654	0.182509505703	0.125475285171	0.0722433460076	0.117870722433	0.125475285171	0.110266159696	0.155893536122	0.0950570342205	0.102661596958	0.15969581749	0.106463878327	0.174904942966	0.182509505703	0.167300380228	0.136882129278	0.190114068441
CCIS41288781ST-4-0.snv.bam	0.102661596958	0.0228136882129	0.0532319391635	0.0570342205323	0.0608365019011	0.125475285171	0.140684410646	0.0532319391635	0.0950570342205	0.0532319391635	0.0684410646388	0.0	0.106463878327	0.121673003802	0.148288973384	0.0874524714829	0.0912547528517	0.140684410646	0.0760456273764	0.0760456273764	0.0760456273764	0.0760456273764	0.102661596958	0.0912547528517	0.106463878327	0.06463878327	0.110266159696	0.0570342205323	0.140684410646	0.0912547528517	0.106463878327	0.102661596958	0.152091254753
CCIS98512455ST-4-0.snv.bam	0.152091254753	0.0950570342205	0.110266159696	0.117870722433	0.114068441065	0.171102661597	0.190114068441	0.117870722433	0.140684410646	0.136882129278	0.15969581749	0.106463878327	0.0	0.171102661597	0.15969581749	0.155893536122	0.140684410646	0.163498098859	0.114068441065	0.12927756654	0.121673003802	0.12927756654	0.15969581749	0.110266159696	0.140684410646	0.12927756654	0.148288973384	0.114068441065	0.163498098859	0.171102661597	0.0912547528517	0.144486692015	0.15969581749
CCMD45988061ST-21-0.snv.bam	0.174904942966	0.102661596958	0.0798479087452	0.0836501901141	0.121673003802	0.178707224335	0.205323193916	0.117870722433	0.163498098859	0.15969581749	0.182509505703	0.121673003802	0.171102661597	0.0	0.182509505703	0.190114068441	0.167300380228	0.19391634981	0.155893536122	0.144486692015	0.144486692015	0.110266159696	0.155893536122	0.186311787072	0.155893536122	0.152091254753	0.136882129278	0.125475285171	0.19391634981	0.178707224335	0.152091254753	0.155893536122	0.190114068441
CCMD88272491ST-21-0.snv.bam	0.190114068441	0.117870722433	0.114068441065	0.133079847909	0.0950570342205	0.15969581749	0.186311787072	0.125475285171	0.178707224335	0.171102661597	0.201520912548	0.148288973384	0.15969581749	0.182509505703	0.0	0.201520912548	0.155893536122	0.148288973384	0.155893536122	0.15969581749	0.144486692015	0.152091254753	0.201520912548	0.12927756654	0.178707224335	0.140684410646	0.140684410646	0.117870722433	0.148288973384	0.174904942966	0.15969581749	0.174904942966	0.167300380228
ED12A.snv.bam	0.102661596958	0.0912547528517	0.110266159696	0.125475285171	0.12927756654	0.178707224335	0.197718631179	0.0798479087452	0.106463878327	0.0342205323194	0.0456273764259	0.0874524714829	0.155893536122	0.190114068441	0.201520912548	0.0	0.136882129278	0.197718631179	0.136882129278	0.0874524714829	0.136882129278	0.125475285171	0.136882129278	0.148288973384	0.117870722433	0.117870722433	0.155893536122	0.125475285171	0.190114068441	0.186311787072	0.178707224335	0.133079847909	0.209125475285
ED15A.snv.bam	0.117870722433	0.0912547528517	0.0874524714829	0.0950570342205	0.06463878327	0.144486692015	0.174904942966	0.0798479087452	0.114068441065	0.110266159696	0.12927756654	0.0912547528517	0.140684410646	0.167300380228	0.155893536122	0.136882129278	0.0	0.167300380228	0.106463878327	0.102661596958	0.106463878327	0.106463878327	0.121673003802	0.117870722433	0.133079847909	0.0722433460076	0.117870722433	0.0722433460076	0.15969581749	0.148288973384	0.152091254753	0.12927756654	0.163498098859
HT14A.snv.bam	0.178707224335	0.121673003802	0.117870722433	0.110266159696	0.0304182509506	0.19391634981	0.212927756654	0.144486692015	0.167300380228	0.178707224335	0.182509505703	0.140684410646	0.163498098859	0.19391634981	0.148288973384	0.197718631179	0.167300380228	0.0	0.12927756654	0.152091254753	0.140684410646	0.15969581749	0.19391634981	0.155893536122	0.182509505703	0.114068441065	0.182509505703	0.117870722433	0.00760456273764	0.148288973384	0.167300380228	0.190114068441	0.110266159696
HT25A.snv.bam	0.102661596958	0.0570342205323	0.0912547528517	0.0874524714829	0.0836501901141	0.12927756654	0.190114068441	0.0608365019011	0.0912547528517	0.0836501901141	0.125475285171	0.0760456273764	0.114068441065	0.155893536122	0.155893536122	0.136882129278	0.106463878327	0.12927756654	0.0	0.0874524714829	0.106463878327	0.110266159696	0.0950570342205	0.125475285171	0.12927756654	0.0912547528517	0.110266159696	0.041825095057	0.121673003802	0.148288973384	0.144486692015	0.0912547528517	0.140684410646
M3.3-V3.metaT.snv.bam	0.0	0.0684410646388	0.0912547528517	0.102661596958	0.0950570342205	0.136882129278	0.152091254753	0.0	0.0114068441065	0.0532319391635	0.0722433460076	0.0760456273764	0.12927756654	0.144486692015	0.15969581749	0.0874524714829	0.102661596958	0.152091254753	0.0874524714829	0.0	0.0874524714829	0.110266159696	0.121673003802	0.136882129278	0.06463878327	0.0912547528517	0.125475285171	0.0798479087452	0.148288973384	0.148288973384	0.152091254753	0.110266159696	0.140684410646
MH0309.snv.bam	0.106463878327	0.0798479087452	0.06463878327	0.0722433460076	0.0760456273764	0.06463878327	0.0874524714829	0.0570342205323	0.0988593155894	0.0912547528517	0.117870722433	0.0760456273764	0.121673003802	0.144486692015	0.144486692015	0.136882129278	0.106463878327	0.140684410646	0.106463878327	0.0874524714829	0.0	0.0760456273764	0.110266159696	0.140684410646	0.106463878327	0.0760456273764	0.117870722433	0.0836501901141	0.140684410646	0.117870722433	0.15969581749	0.121673003802	0.125475285171
NG-5636_312.snv.bam	0.117870722433	0.0798479087452	0.0342205323194	0.0570342205323	0.0684410646388	0.114068441065	0.148288973384	0.0760456273764	0.110266159696	0.0950570342205	0.125475285171	0.0760456273764	0.12927756654	0.110266159696	0.152091254753	0.125475285171	0.106463878327	0.15969581749	0.110266159696	0.110266159696	0.0760456273764	0.0	0.0836501901141	0.12927756654	0.133079847909	0.0874524714829	0.102661596958	0.0836501901141	0.148288973384	0.125475285171	0.12927756654	0.0836501901141	0.140684410646
O2.UC47-1.snv.bam	0.136882129278	0.0798479087452	0.106463878327	0.0988593155894	0.121673003802	0.155893536122	0.197718631179	0.0988593155894	0.125475285171	0.110266159696	0.110266159696	0.102661596958	0.15969581749	0.155893536122	0.201520912548	0.136882129278	0.121673003802	0.19391634981	0.0950570342205	0.121673003802	0.110266159696	0.0836501901141	0.0	0.163498098859	0.133079847909	0.117870722433	0.125475285171	0.0988593155894	0.186311787072	0.190114068441	0.174904942966	0.0342205323194	0.186311787072
SAMEA3136692.snv.bam	0.15969581749	0.0684410646388	0.110266159696	0.121673003802	0.0836501901141	0.15969581749	0.186311787072	0.121673003802	0.148288973384	0.125475285171	0.155893536122	0.0912547528517	0.110266159696	0.186311787072	0.12927756654	0.148288973384	0.117870722433	0.155893536122	0.125475285171	0.136882129278	0.140684410646	0.12927756654	0.163498098859	0.0	0.163498098859	0.114068441065	0.117870722433	0.106463878327	0.148288973384	0.12927756654	0.121673003802	0.12927756654	0.167300380228
SAMEA3136707.snv.bam	0.0836501901141	0.110266159696	0.102661596958	0.102661596958	0.121673003802	0.19391634981	0.205323193916	0.0684410646388	0.0722433460076	0.0836501901141	0.0950570342205	0.106463878327	0.140684410646	0.155893536122	0.178707224335	0.117870722433	0.133079847909	0.182509505703	0.12927756654	0.06463878327	0.106463878327	0.133079847909	0.133079847909	0.163498098859	0.0	0.125475285171	0.148288973384	0.0912547528517	0.190114068441	0.182509505703	0.174904942966	0.148288973384	0.171102661597
T2D-123A.snv.bam	0.0988593155894	0.0532319391635	0.0304182509506	0.0608365019011	0.0380228136882	0.121673003802	0.15969581749	0.0456273764259	0.0950570342205	0.0798479087452	0.102661596958	0.06463878327	0.12927756654	0.152091254753	0.140684410646	0.117870722433	0.0722433460076	0.114068441065	0.0912547528517	0.0912547528517	0.0760456273764	0.0874524714829	0.117870722433	0.114068441065	0.125475285171	0.0	0.140684410646	0.0456273764259	0.110266159696	0.117870722433	0.117870722433	0.106463878327	0.144486692015
T2D-19A.snv.bam	0.144486692015	0.117870722433	0.0988593155894	0.106463878327	0.117870722433	0.144486692015	0.163498098859	0.114068441065	0.133079847909	0.12927756654	0.15969581749	0.110266159696	0.148288973384	0.136882129278	0.140684410646	0.155893536122	0.117870722433	0.182509505703	0.110266159696	0.125475285171	0.117870722433	0.102661596958	0.125475285171	0.117870722433	0.148288973384	0.140684410646	0.0	0.0874524714829	0.182509505703	0.163498098859	0.148288973384	0.110266159696	0.163498098859
T2D-25A.snv.bam	0.0874524714829	0.0570342205323	0.041825095057	0.0722433460076	0.0342205323194	0.136882129278	0.148288973384	0.0608365019011	0.0760456273764	0.0874524714829	0.106463878327	0.0570342205323	0.114068441065	0.125475285171	0.117870722433	0.125475285171	0.0722433460076	0.117870722433	0.041825095057	0.0798479087452	0.0836501901141	0.0836501901141	0.0988593155894	0.106463878327	0.0912547528517	0.0456273764259	0.0874524714829	0.0	0.117870722433	0.106463878327	0.117870722433	0.102661596958	0.133079847909
T2D-31A.snv.bam	0.171102661597	0.114068441065	0.117870722433	0.110266159696	0.0228136882129	0.186311787072	0.205323193916	0.136882129278	0.15969581749	0.167300380228	0.174904942966	0.140684410646	0.163498098859	0.19391634981	0.148288973384	0.190114068441	0.15969581749	0.00760456273764	0.121673003802	0.148288973384	0.140684410646	0.148288973384	0.186311787072	0.148288973384	0.190114068441	0.110266159696	0.182509505703	0.117870722433	0.0	0.148288973384	0.15969581749	0.174904942966	0.110266159696
V1.CD3-0-PN.snv.bam	0.174904942966	0.102661596958	0.0988593155894	0.106463878327	0.0798479087452	0.182509505703	0.197718631179	0.140684410646	0.163498098859	0.167300380228	0.182509505703	0.0912547528517	0.171102661597	0.178707224335	0.174904942966	0.186311787072	0.148288973384	0.148288973384	0.148288973384	0.148288973384	0.117870722433	0.125475285171	0.190114068441	0.12927756654	0.182509505703	0.117870722433	0.163498098859	0.106463878327	0.148288973384	0.0	0.155893536122	0.190114068441	0.167300380228
V1.CD54-0.snv.bam	0.174904942966	0.106463878327	0.0950570342205	0.106463878327	0.0912547528517	0.182509505703	0.190114068441	0.125475285171	0.163498098859	0.144486692015	0.167300380228	0.106463878327	0.0912547528517	0.152091254753	0.15969581749	0.178707224335	0.152091254753	0.167300380228	0.144486692015	0.152091254753	0.15969581749	0.12927756654	0.174904942966	0.121673003802	0.174904942966	0.117870722433	0.148288973384	0.117870722433	0.15969581749	0.155893536122	0.0	0.155893536122	0.155893536122
V1.FI05.snv.bam	0.140684410646	0.0874524714829	0.0988593155894	0.106463878327	0.117870722433	0.148288973384	0.182509505703	0.0684410646388	0.133079847909	0.0988593155894	0.136882129278	0.102661596958	0.144486692015	0.155893536122	0.174904942966	0.133079847909	0.12927756654	0.190114068441	0.0912547528517	0.110266159696	0.121673003802	0.0836501901141	0.0342205323194	0.12927756654	0.148288973384	0.106463878327	0.110266159696	0.102661596958	0.174904942966	0.190114068441	0.155893536122	0.0	0.178707224335
V1.FI34.snv.bam	0.15969581749	0.12927756654	0.117870722433	0.12927756654	0.0874524714829	0.197718631179	0.209125475285	0.12927756654	0.148288973384	0.182509505703	0.190114068441	0.152091254753	0.15969581749	0.190114068441	0.167300380228	0.209125475285	0.163498098859	0.110266159696	0.140684410646	0.140684410646	0.125475285171	0.140684410646	0.186311787072	0.167300380228	0.171102661597	0.144486692015	0.163498098859	0.133079847909	0.110266159696	0.167300380228	0.155893536122	0.178707224335	0.0
