	147406386-tonguedorsum3.snv.bam	159227541-tonguedorsum3.snv.bam	159551223-tonguedorsum1.snv.bam	159551223-tonguedorsum2.snv.bam	160259276-tonguedorsum1.snv.bam	160319967-tonguedorsum2.snv.bam	160400887-tonguedorsum1.snv.bam	160582958-tonguedorsum2.snv.bam	370027359-palatinetonsils2.snv.bam	370027359-tonguedorsum3.snv.bam	638754422-tonguedorsum1.snv.bam	638754422-tonguedorsum3.snv.bam	675950834-tonguedorsum2.snv.bam	737052003-tonguedorsum2.snv.bam	763577454-tonguedorsum1.snv.bam	763577454-tonguedorsum2.snv.bam	763982056-tonguedorsum1.snv.bam	763982056-tonguedorsum2.snv.bam	763982056-tonguedorsum3.snv.bam	764325968-tonguedorsum2.snv.bam	764366428-throat2.snv.bam	764588959-tonguedorsum2.snv.bam	764811490-tonguedorsum1.snv.bam	765013792-tonguedorsum3.snv.bam	765195863-palatinetonsils3.snv.bam	765195863-tonguedorsum3.snv.bam	765620695-tonguedorsum1.snv.bam	857980665-tonguedorsum2.snv.bam	857980665-tonguedorsum3.snv.bam
147406386-tonguedorsum3.snv.bam	0.0	0.156006523017	0.215631317911	0.212627275332	0.177385490061	0.178094333882	0.183626363586	0.165709780021	0.187810855959	0.185582913359	0.186038302114	0.21871782925	0.190547425338	0.170836579004	0.135957351913	0.143751425099	0.178162843236	0.182472938972	0.17161008581	0.162505526225	0.180179543987	0.174522313225	0.185279126051	0.199034622917	0.187218779526	0.173990993028	0.161982458334	0.180270124681	0.192713952632
159227541-tonguedorsum3.snv.bam	0.156006523017	0.0	0.196218109242	0.19136163693	0.185012421991	0.166886351586	0.154352036448	0.159806010228	0.148051904813	0.149888220663	0.159387784696	0.188760015008	0.163156483338	0.148016387878	0.142054811521	0.157298270368	0.145989092482	0.152751661119	0.143161243384	0.155019025269	0.164345018471	0.154697108823	0.116135914502	0.20213641717	0.163352047447	0.152038177837	0.139935474037	0.161773345685	0.163082010376
159551223-tonguedorsum1.snv.bam	0.215631317911	0.196218109242	0.0	0.00567999986703	0.229081935067	0.211507533269	0.166147493101	0.202335134975	0.221105197395	0.217762209837	0.184485372773	0.191034062695	0.158119843474	0.178213811432	0.193415846205	0.193486455737	0.207995228377	0.207843857802	0.204573507596	0.204998030466	0.204722504727	0.127077491354	0.17949662043	0.211949165806	0.17624516779	0.172280068472	0.162435036578	0.204735589989	0.193188575575
159551223-tonguedorsum2.snv.bam	0.212627275332	0.19136163693	0.00567999986703	0.0	0.22708303976	0.207245902438	0.162601611741	0.19920515093	0.218923300534	0.215606475493	0.180622453403	0.186835782868	0.156474447738	0.174319655517	0.18807214469	0.188584151459	0.204730408669	0.205953410134	0.201361189246	0.20271616962	0.201881762879	0.125498315442	0.175592342483	0.211632755324	0.172310814127	0.167683319669	0.158373325957	0.200810708876	0.189356395617
160259276-tonguedorsum1.snv.bam	0.177385490061	0.185012421991	0.229081935067	0.22708303976	0.0	0.176231756072	0.185236411341	0.143696318931	0.184404116505	0.193389085663	0.184915548357	0.210078929487	0.180845756953	0.174208041093	0.175197110634	0.183694408167	0.154526387934	0.15384181214	0.15634478038	0.199392551094	0.180044916586	0.176101051353	0.204462634143	0.202403524405	0.195769870529	0.182195587951	0.169172417555	0.209914358743	0.214456251332
160319967-tonguedorsum2.snv.bam	0.178094333882	0.166886351586	0.211507533269	0.207245902438	0.176231756072	0.0	0.189911992817	0.192069042902	0.187850173153	0.181944123531	0.183837938896	0.20794455483	0.169089208109	0.187451904155	0.179736321807	0.201706393259	0.171817803665	0.176640970762	0.168630844516	0.197725536015	0.194772897867	0.160086782652	0.193133215105	0.156873794657	0.156012056032	0.146937600215	0.175217429024	0.182081494769	0.1915054861
160400887-tonguedorsum1.snv.bam	0.183626363586	0.154352036448	0.166147493101	0.162601611741	0.185236411341	0.189911992817	0.0	0.147003396652	0.166690644786	0.168099132109	0.169875343463	0.188184409243	0.162960597994	0.143174217152	0.168658482668	0.172281515621	0.172634038911	0.173771713129	0.168491797987	0.182421559995	0.153683485666	0.157205034555	0.156945306827	0.186420461529	0.179263437182	0.168606010006	0.134024835407	0.152111689818	0.169449393813
160582958-tonguedorsum2.snv.bam	0.165709780021	0.159806010228	0.202335134975	0.19920515093	0.143696318931	0.192069042902	0.147003396652	0.0	0.163262210037	0.171383202347	0.157379789447	0.171366097891	0.177025504959	0.151501892002	0.152714070481	0.150315989196	0.15124965642	0.154939487495	0.152307148506	0.151962263905	0.157352658325	0.176740474082	0.181487108868	0.177488823318	0.188463077777	0.183193492105	0.140370359252	0.150340213933	0.175616483752
370027359-palatinetonsils2.snv.bam	0.187810855959	0.148051904813	0.221105197395	0.218923300534	0.184404116505	0.187850173153	0.166690644786	0.163262210037	0.0	0.0641735830657	0.183502254234	0.205669920572	0.174929884072	0.153032081388	0.158371628474	0.176690208846	0.176941166475	0.181701911361	0.17298334581	0.182241018827	0.176857382078	0.180816212727	0.186099165157	0.197981083316	0.181993995893	0.181406510289	0.151660439998	0.180429673305	0.160131718625
370027359-tonguedorsum3.snv.bam	0.185582913359	0.149888220663	0.217762209837	0.215606475493	0.193389085663	0.181944123531	0.168099132109	0.171383202347	0.0641735830657	0.0	0.172513294283	0.196428328709	0.165233408541	0.159240711979	0.161436233425	0.18055710192	0.174432234466	0.179013217774	0.17291363719	0.181358658749	0.172677650287	0.166581455101	0.17608096269	0.194723219465	0.180191192187	0.173296259981	0.156177707604	0.172521012033	0.157913670794
638754422-tonguedorsum1.snv.bam	0.186038302114	0.159387784696	0.184485372773	0.180622453403	0.184915548357	0.183837938896	0.169875343463	0.157379789447	0.183502254234	0.172513294283	0.0	0.0422290793279	0.180837490089	0.164433725797	0.167908285904	0.17226608645	0.154882108173	0.156833588592	0.152031970767	0.139615580262	0.183961954643	0.164954011265	0.201726461794	0.193815796092	0.163621497042	0.156660055126	0.159906523956	0.155402992968	0.156584592764
638754422-tonguedorsum3.snv.bam	0.21871782925	0.188760015008	0.191034062695	0.186835782868	0.210078929487	0.20794455483	0.188184409243	0.171366097891	0.205669920572	0.196428328709	0.0422290793279	0.0	0.196819772175	0.178246055294	0.188937309959	0.194771552376	0.175589995869	0.177447907278	0.171471362689	0.161132321001	0.201704450559	0.180859764129	0.215181349016	0.209007505071	0.187031495156	0.181128640941	0.18143102237	0.177234213199	0.168691158882
675950834-tonguedorsum2.snv.bam	0.190547425338	0.163156483338	0.158119843474	0.156474447738	0.180845756953	0.169089208109	0.162960597994	0.177025504959	0.174929884072	0.165233408541	0.180837490089	0.196819772175	0.0	0.183475297545	0.172923701686	0.185297475672	0.176783184501	0.180165406141	0.174719497068	0.178949987349	0.191409535218	0.116140922237	0.192847005082	0.20446688984	0.135518254727	0.111417202129	0.172788718782	0.202355875338	0.181956256631
737052003-tonguedorsum2.snv.bam	0.170836579004	0.148016387878	0.178213811432	0.174319655517	0.174208041093	0.187451904155	0.143174217152	0.151501892002	0.153032081388	0.159240711979	0.164433725797	0.178246055294	0.183475297545	0.0	0.153942702911	0.157061309054	0.165938526639	0.168606226502	0.161927336283	0.165230064974	0.157273827066	0.147820532817	0.161258980762	0.175859112274	0.168467784817	0.160648604601	0.0427329952659	0.163397998061	0.167088275588
763577454-tonguedorsum1.snv.bam	0.135957351913	0.142054811521	0.193415846205	0.18807214469	0.175197110634	0.179736321807	0.168658482668	0.152714070481	0.158371628474	0.161436233425	0.167908285904	0.188937309959	0.172923701686	0.153942702911	0.0	0.033586302045	0.169964403115	0.174791797561	0.168809064813	0.158236887118	0.170510370245	0.165133662207	0.175030479557	0.196540711592	0.177242095889	0.171672964402	0.153752888847	0.166494824966	0.183095346369
763577454-tonguedorsum2.snv.bam	0.143751425099	0.157298270368	0.193486455737	0.188584151459	0.183694408167	0.201706393259	0.172281515621	0.150315989196	0.176690208846	0.18055710192	0.17226608645	0.194771552376	0.185297475672	0.157061309054	0.033586302045	0.0	0.180120686384	0.184079465138	0.177799449125	0.166301512284	0.186249335969	0.175917140183	0.195755558812	0.202471176537	0.189090039036	0.182583720155	0.164169136356	0.178624962914	0.186404296484
763982056-tonguedorsum1.snv.bam	0.178162843236	0.145989092482	0.207995228377	0.204730408669	0.154526387934	0.171817803665	0.172634038911	0.15124965642	0.176941166475	0.174432234466	0.154882108173	0.175589995869	0.176783184501	0.165938526639	0.169964403115	0.180120686384	0.0	0.0080831962463	0.0084523013008	0.182594775899	0.174979310163	0.168292489541	0.170052398928	0.191794899118	0.165840788179	0.15512158662	0.154260216055	0.170190249518	0.176433216567
763982056-tonguedorsum2.snv.bam	0.182472938972	0.152751661119	0.207843857802	0.205953410134	0.15384181214	0.176640970762	0.173771713129	0.154939487495	0.181701911361	0.179013217774	0.156833588592	0.177447907278	0.180165406141	0.168606226502	0.174791797561	0.184079465138	0.0080831962463	0.0	0.0138112145805	0.184810316825	0.177811075241	0.163814796158	0.176035023921	0.193403824414	0.170610348462	0.160553980472	0.158565410715	0.170993114178	0.177771672147
763982056-tonguedorsum3.snv.bam	0.17161008581	0.143161243384	0.204573507596	0.201361189246	0.15634478038	0.168630844516	0.168491797987	0.152307148506	0.17298334581	0.17291363719	0.152031970767	0.171471362689	0.174719497068	0.161927336283	0.168809064813	0.177799449125	0.0084523013008	0.0138112145805	0.0	0.179435492657	0.172515803408	0.161508470966	0.168916649651	0.181475375903	0.159701099177	0.148883244466	0.149850121608	0.167101222798	0.170897536932
764325968-tonguedorsum2.snv.bam	0.162505526225	0.155019025269	0.204998030466	0.20271616962	0.199392551094	0.197725536015	0.182421559995	0.151962263905	0.182241018827	0.181358658749	0.139615580262	0.161132321001	0.178949987349	0.165230064974	0.158236887118	0.166301512284	0.182594775899	0.184810316825	0.179435492657	0.0	0.16833195778	0.168097593327	0.20960010899	0.20104607483	0.171475395617	0.169042933154	0.15996347796	0.154743722563	0.171199117558
764366428-throat2.snv.bam	0.180179543987	0.164345018471	0.204722504727	0.201881762879	0.180044916586	0.194772897867	0.153683485666	0.157352658325	0.176857382078	0.172677650287	0.183961954643	0.201704450559	0.191409535218	0.157273827066	0.170510370245	0.186249335969	0.174979310163	0.177811075241	0.172515803408	0.16833195778	0.0	0.175624185021	0.167247411707	0.217012071078	0.2002697431	0.189106405586	0.14979388139	0.134251737734	0.175844932222
764588959-tonguedorsum2.snv.bam	0.174522313225	0.154697108823	0.127077491354	0.125498315442	0.176101051353	0.160086782652	0.157205034555	0.176740474082	0.180816212727	0.166581455101	0.164954011265	0.180859764129	0.116140922237	0.147820532817	0.165133662207	0.175917140183	0.168292489541	0.163814796158	0.161508470966	0.168097593327	0.175624185021	0.0	0.159040385163	0.15636686119	0.138543033363	0.123328578556	0.138245820441	0.179314691891	0.175727319497
764811490-tonguedorsum1.snv.bam	0.185279126051	0.116135914502	0.17949662043	0.175592342483	0.204462634143	0.193133215105	0.156945306827	0.181487108868	0.186099165157	0.17608096269	0.201726461794	0.215181349016	0.192847005082	0.161258980762	0.175030479557	0.195755558812	0.170052398928	0.176035023921	0.168916649651	0.20960010899	0.167247411707	0.159040385163	0.0	0.215097213168	0.187205456096	0.174433947007	0.140144356807	0.193209363694	0.202871082121
765013792-tonguedorsum3.snv.bam	0.199034622917	0.20213641717	0.211949165806	0.211632755324	0.202403524405	0.156873794657	0.186420461529	0.177488823318	0.197981083316	0.194723219465	0.193815796092	0.209007505071	0.20446688984	0.175859112274	0.196540711592	0.202471176537	0.191794899118	0.193403824414	0.181475375903	0.20104607483	0.217012071078	0.15636686119	0.215097213168	0.0	0.176657173786	0.174089904556	0.176220131298	0.188452219158	0.195175430294
765195863-palatinetonsils3.snv.bam	0.187218779526	0.163352047447	0.17624516779	0.172310814127	0.195769870529	0.156012056032	0.179263437182	0.188463077777	0.181993995893	0.180191192187	0.163621497042	0.187031495156	0.135518254727	0.168467784817	0.177242095889	0.189090039036	0.165840788179	0.170610348462	0.159701099177	0.171475395617	0.2002697431	0.138543033363	0.187205456096	0.176657173786	0.0	0.0423658786591	0.157260123637	0.169267429791	0.182543896172
765195863-tonguedorsum3.snv.bam	0.173990993028	0.152038177837	0.172280068472	0.167683319669	0.182195587951	0.146937600215	0.168606010006	0.183193492105	0.181406510289	0.173296259981	0.156660055126	0.181128640941	0.111417202129	0.160648604601	0.171672964402	0.182583720155	0.15512158662	0.160553980472	0.148883244466	0.169042933154	0.189106405586	0.123328578556	0.174433947007	0.174089904556	0.0423658786591	0.0	0.151655115444	0.171157475549	0.18137617104
765620695-tonguedorsum1.snv.bam	0.161982458334	0.139935474037	0.162435036578	0.158373325957	0.169172417555	0.175217429024	0.134024835407	0.140370359252	0.151660439998	0.156177707604	0.159906523956	0.18143102237	0.172788718782	0.0427329952659	0.153752888847	0.164169136356	0.154260216055	0.158565410715	0.149850121608	0.15996347796	0.14979388139	0.138245820441	0.140144356807	0.176220131298	0.157260123637	0.151655115444	0.0	0.163353810351	0.169819811546
857980665-tonguedorsum2.snv.bam	0.180270124681	0.161773345685	0.204735589989	0.200810708876	0.209914358743	0.182081494769	0.152111689818	0.150340213933	0.180429673305	0.172521012033	0.155402992968	0.177234213199	0.202355875338	0.163397998061	0.166494824966	0.178624962914	0.170190249518	0.170993114178	0.167101222798	0.154743722563	0.134251737734	0.179314691891	0.193209363694	0.188452219158	0.169267429791	0.171157475549	0.163353810351	0.0	0.143301187447
857980665-tonguedorsum3.snv.bam	0.192713952632	0.163082010376	0.193188575575	0.189356395617	0.214456251332	0.1915054861	0.169449393813	0.175616483752	0.160131718625	0.157913670794	0.156584592764	0.168691158882	0.181956256631	0.167088275588	0.183095346369	0.186404296484	0.176433216567	0.177771672147	0.170897536932	0.171199117558	0.175844932222	0.175727319497	0.202871082121	0.195175430294	0.182543896172	0.18137617104	0.169819811546	0.143301187447	0.0
