	103092734-palatinetonsils3.snv.bam	147406386-supragingivalplaque3.snv.bam	158114885-supragingivalplaque2.snv.bam	158337416-supragingivalplaque1.snv.bam	158479027-supragingivalplaque1.snv.bam	158479027-supragingivalplaque2.snv.bam	158479027-tonguedorsum1.snv.bam	158479027-tonguedorsum2.snv.bam	158802708-supragingivalplaque2.snv.bam	158802708-supragingivalplaque3.snv.bam	158883629-supragingivalplaque1.snv.bam	158883629-supragingivalplaque2.snv.bam	158883629-supragingivalplaque3.snv.bam	158944319-supragingivalplaque3.snv.bam	159005010-supragingivalplaque2.snv.bam	159166850-supragingivalplaque2.snv.bam	159207311-tonguedorsum2.snv.bam	159247771-supragingivalplaque2.snv.bam	159268001-supragingivalplaque1.snv.bam	159268001-supragingivalplaque3.snv.bam	159470302-tonguedorsum1.snv.bam	159551223-supragingivalplaque1.snv.bam	159551223-supragingivalplaque2.snv.bam	159591683-supragingivalplaque1.snv.bam	159591683-supragingivalplaque2.snv.bam	159814214-supragingivalplaque1.snv.bam	159814214-supragingivalplaque2.snv.bam	159814214-tonguedorsum1.snv.bam	159814214-tonguedorsum2.snv.bam	159915365-supragingivalplaque1.snv.bam	160158126-supragingivalplaque1.snv.bam	160178356-supragingivalplaque1.snv.bam	160178356-supragingivalplaque2.snv.bam	160259276-supragingivalplaque1.snv.bam	160319967-supragingivalplaque1.snv.bam	160319967-supragingivalplaque3.snv.bam	160380657-supragingivalplaque3.snv.bam	160380657-tonguedorsum2.snv.bam	160421117-supragingivalplaque1.snv.bam	160421117-supragingivalplaque2.snv.bam	160502038-supragingivalplaque2.snv.bam	160542498-supragingivalplaque1.snv.bam	160582958-supragingivalplaque3.snv.bam	160643649-supragingivalplaque1.snv.bam	160947100-tonguedorsum1.snv.bam	178713055-supragingivalplaque2.snv.bam	246515023-supragingivalplaque2.snv.bam	370027359-supragingivalplaque2.snv.bam	533247696-supragingivalplaque1.snv.bam	550534656-supragingivalplaque3.snv.bam	604812005-supragingivalplaque2.snv.bam	604812005-supragingivalplaque3.snv.bam	638754422-supragingivalplaque2.snv.bam	650853796-supragingivalplaque1.snv.bam	675950834-supragingivalplaque1.snv.bam	675950834-supragingivalplaque2.snv.bam	675950834-supragingivalplaque3.snv.bam	675950834-tonguedorsum1.snv.bam	706846339-supragingivalplaque2.snv.bam	737052003-supragingivalplaque1.snv.bam	763435843-supragingivalplaque2.snv.bam	763435843-tonguedorsum2.snv.bam	763456073-supragingivalplaque3.snv.bam	763496533-supragingivalplaque1.snv.bam	763496533-throat2.snv.bam	763557224-supragingivalplaque3.snv.bam	763719065-subgingivalplaque3.snv.bam	763719065-supragingivalplaque3.snv.bam	763759525-supragingivalplaque2.snv.bam	763840445-supragingivalplaque1.snv.bam	763840445-supragingivalplaque2.snv.bam	763901136-supragingivalplaque3.snv.bam	763961826-supragingivalplaque1.snv.bam	763961826-supragingivalplaque2.snv.bam	764062976-supragingivalplaque2.snv.bam	764083206-supragingivalplaque1.snv.bam	764083206-tonguedorsum1.snv.bam	764083206-tonguedorsum2.snv.bam	764143897-supragingivalplaque2.snv.bam	764224817-supragingivalplaque2.snv.bam	764285508-supragingivalplaque2.snv.bam	764305738-supragingivalplaque2.snv.bam	764447348-supragingivalplaque1.snv.bam	764467579-supragingivalplaque3.snv.bam	764508039-supragingivalplaque3.snv.bam	764811490-supragingivalplaque1.snv.bam	764872181-supragingivalplaque1.snv.bam	764892411-supragingivalplaque2.snv.bam	765094712-supragingivalplaque1.snv.bam	765094712-supragingivalplaque2.snv.bam	765094712-supragingivalplaque3.snv.bam	765337473-supragingivalplaque2.snv.bam	765701615-supragingivalplaque1.snv.bam	765701615-tonguedorsum2.snv.bam	809635352-supragingivalplaque1.snv.bam	823052294-supragingivalplaque2.snv.bam	861967750-supragingivalplaque1.snv.bam	953045535-tonguedorsum2.snv.bam
103092734-palatinetonsils3.snv.bam	0.0	0.215404813889	0.23108508359	0.243264264237	0.259642980675	0.258464335281	0.299442902181	0.298241622099	0.21293475798	0.209843428287	0.228888885853	0.219276696794	0.227930557664	0.191397451997	0.203029138184	0.188250694746	0.255105610724	0.2030356003	0.197934633213	0.217113510544	0.266550718572	0.220944982774	0.257509042775	0.234648702585	0.228701717838	0.192393036832	0.186511837605	0.291634364752	0.287897830104	0.206277260947	0.211689593182	0.207965532335	0.209625172351	0.225973694523	0.212398251495	0.200423656855	0.219286581804	0.286045951537	0.254211710419	0.255531030474	0.195063200846	0.263261889234	0.274621344423	0.213931165889	0.282247754218	0.199090826747	0.209896073914	0.196045707897	0.21238654165	0.246908469465	0.235416412604	0.198998029618	0.243256060828	0.206012478233	0.261294366009	0.201027065362	0.261646663993	0.280967617009	0.259046932452	0.24521656282	0.191288259301	0.294424890625	0.196259826775	0.198052649504	0.291435215831	0.198929688458	0.19018312889	0.212208725725	0.198448165033	0.269999705216	0.254204512461	0.237494585203	0.291647114663	0.286826906605	0.207856625188	0.190589775552	0.151801208429	0.0394019364838	0.210328637094	0.194699434685	0.280332578863	0.203703767908	0.214955798572	0.206141209583	0.212670251066	0.199906187532	0.184795261517	0.181144001227	0.258873830917	0.247061010114	0.258560044341	0.213275526619	0.169898590211	0.280221149229	0.224344730838	0.205832382608	0.246640674037	0.267701746559
147406386-supragingivalplaque3.snv.bam	0.215404813889	0.0	0.160924307823	0.170520265529	0.204920319457	0.204896985423	0.246333114694	0.245313010428	0.184956824232	0.166191820919	0.192549623063	0.185603854266	0.192440962299	0.154610474594	0.151895132575	0.14087507804	0.201075446336	0.176278626139	0.201325796292	0.174341893727	0.216677460094	0.140070342807	0.166767826185	0.196031287053	0.192290086375	0.137188921461	0.125338023177	0.234938619388	0.233918962319	0.182894858457	0.100011030481	0.151323040498	0.172986638359	0.140643666701	0.153751838226	0.16514763048	0.13536245114	0.222413805508	0.190577366597	0.181662726394	0.201777494277	0.196332110001	0.192636913523	0.166957645778	0.219236611283	0.134193188063	0.136809891538	0.206608576412	0.183223411459	0.164209249951	0.169071547739	0.149941334724	0.154758539575	0.172290558454	0.191630623349	0.135994621692	0.18352122973	0.231346325844	0.194730248529	0.186430099453	0.148076810921	0.236570408654	0.108023505781	0.138995257508	0.218811888556	0.172308775616	0.178096286951	0.189438172488	0.166097173045	0.193909293958	0.17409821032	0.190080388612	0.228889310768	0.229986469257	0.0837267870208	0.149539424171	0.189095924257	0.212599686025	0.175470921509	0.173618539427	0.207776410037	0.0963646132938	0.168596202768	0.172715030586	0.13923735952	0.167797469272	0.175010964923	0.185370691523	0.186770296544	0.180133247346	0.189271980136	0.174735720877	0.173793113192	0.212984053741	0.172569440961	0.140317940276	0.15749394194	0.205117565295
158114885-supragingivalplaque2.snv.bam	0.23108508359	0.160924307823	0.0	0.199745003589	0.197124005036	0.196609484921	0.19882635417	0.198408050767	0.16750367449	0.159121934241	0.222847540861	0.217337058756	0.223928847168	0.171705078649	0.173360209035	0.142112293703	0.208128685228	0.115066658146	0.204297086562	0.205850441143	0.21606832287	0.17665824317	0.199320920762	0.229027444296	0.226287548204	0.161650039992	0.160652140067	0.204908052454	0.200972272811	0.210715593586	0.159290792719	0.133593481605	0.146190823004	0.1900072742	0.187769963065	0.174496431781	0.15984125987	0.189711247966	0.188816462595	0.18396784203	0.194455819942	0.20788220866	0.172868402969	0.155433797461	0.220107519434	0.121582282627	0.144130963653	0.205064633768	0.172683404619	0.165571030974	0.192621908857	0.174905200717	0.199722943163	0.115634131522	0.211213966366	0.158722462897	0.19155149666	0.183246997343	0.205472551417	0.197560539732	0.16567371246	0.212079825426	0.165300448202	0.117543566693	0.183446629604	0.113061789907	0.209559564855	0.221630764706	0.168074830998	0.229030506819	0.207836904326	0.197813698398	0.179444412583	0.175070031957	0.145850111903	0.186227440251	0.188257584283	0.221772768196	0.199702222541	0.130177883947	0.185409860625	0.154431282705	0.198311047721	0.152699037908	0.0895692508932	0.208293108711	0.177052119345	0.185439148948	0.224414704566	0.213522397756	0.226866810897	0.205338634646	0.174032249983	0.176659181742	0.162224810716	0.153224152342	0.171306375091	0.164797512144
158337416-supragingivalplaque1.snv.bam	0.243264264237	0.170520265529	0.199745003589	0.0	0.156356051279	0.154571336404	0.200091209379	0.200270469476	0.265277841887	0.240466043028	0.169697722913	0.15784391366	0.170993206339	0.229362889833	0.155264874428	0.185342507833	0.130855014537	0.194377153674	0.252982581352	0.170869055005	0.159561622449	0.194735004715	0.148952176073	0.214338303701	0.212538024679	0.17393886498	0.170023179546	0.176075810262	0.172286522366	0.20536931644	0.232214282711	0.207493777058	0.234112878378	0.158537845298	0.185500423894	0.202588540928	0.124250586797	0.180004461187	0.118829664855	0.112262034616	0.229392388731	0.122593570115	0.138735644155	0.159977873224	0.161420686662	0.194359305479	0.14933595314	0.209108556403	0.182051237394	0.139443412729	0.137604708423	0.162490399604	0.0996155469162	0.191419739392	0.0952101526754	0.166885123481	0.120502610265	0.18663147369	0.0935855041104	0.169458984193	0.191943739917	0.172138977668	0.226107878274	0.180057963816	0.159994229181	0.184946494784	0.158796198681	0.168708249931	0.20967564604	0.11586561902	0.12727502729	0.163415444545	0.166488917965	0.159981693991	0.208340134475	0.169503263619	0.180880109912	0.23539147918	0.152531543125	0.183178234945	0.167827944929	0.225850069849	0.149550398966	0.16572188619	0.16060303908	0.151513666954	0.236208776934	0.222141852376	0.108753095873	0.113135097719	0.108154111654	0.160780661847	0.207963517567	0.181305614041	0.167309185024	0.1443011629	0.0970831387454	0.167932225515
158479027-supragingivalplaque1.snv.bam	0.259642980675	0.204920319457	0.197124005036	0.156356051279	0.0	0.00275784047032	0.233236438416	0.232165140791	0.222046940176	0.214594731733	0.258463026506	0.249005107278	0.259039391694	0.241234022237	0.172553820594	0.21607397019	0.170306366577	0.216570217798	0.265773416463	0.248966608319	0.218218180437	0.220249204692	0.182911485371	0.244966614082	0.243574233461	0.177059355133	0.178942973461	0.210960882345	0.212110408034	0.26321768493	0.247246697853	0.23952893939	0.253329197693	0.202318432927	0.228509958449	0.23288837437	0.163237601868	0.208956640779	0.161593844548	0.152887932332	0.23689052592	0.143530358426	0.147018478016	0.163212672402	0.211700880986	0.215355153267	0.172172260696	0.22941298239	0.180102422876	0.190984190067	0.139415830364	0.194671707499	0.16789045446	0.216840301048	0.128245087235	0.194911203234	0.159582289617	0.204832080184	0.137668699207	0.174456161905	0.212656722016	0.213586722295	0.225425334489	0.176128652694	0.202865182735	0.204970664865	0.229422769146	0.241700015661	0.236118535081	0.161142615188	0.157465501547	0.206181482154	0.206357679426	0.208856296458	0.233039262922	0.218633430439	0.228932506834	0.25790375231	0.241076463205	0.214198646883	0.203210535509	0.242650364885	0.238740767111	0.161343747924	0.182054522124	0.236615502482	0.25408537103	0.247055377787	0.139289374172	0.145534735749	0.139309014738	0.23756075562	0.210758719197	0.201818498829	0.083462133037	0.174420609058	0.173088159483	0.196348650408
158479027-supragingivalplaque2.snv.bam	0.258464335281	0.204896985423	0.196609484921	0.154571336404	0.00275784047032	0.0	0.232681241154	0.231756396684	0.221502026326	0.2142621792	0.258475114078	0.248665300994	0.2589316765	0.241148269689	0.171650134278	0.215700536072	0.169112497089	0.215952800932	0.265717670662	0.248934443951	0.217308971195	0.219947208572	0.182472514049	0.244911535445	0.243269718892	0.176480685626	0.178442212282	0.210478809233	0.210803676904	0.262842357413	0.247111657541	0.23909445695	0.252787218912	0.201791724531	0.228192026083	0.232638324491	0.162854751332	0.207594601202	0.159469323595	0.151458551165	0.23614188587	0.144951516573	0.145652010577	0.160692990038	0.211643036199	0.215259990697	0.1717840032	0.228869153639	0.17865609302	0.190482513344	0.138443117856	0.194178844706	0.167609612491	0.216297617734	0.126822529782	0.194671296911	0.158663469866	0.204074997744	0.136863195754	0.171468073446	0.212413473643	0.212269459968	0.226873051004	0.175955669595	0.201551545488	0.203841479995	0.2313881304	0.243517260139	0.235978701109	0.160323342788	0.156464847885	0.205520101731	0.205343274801	0.207577540685	0.232975875158	0.218642778655	0.228608437071	0.257023443881	0.241073299041	0.213851153551	0.202123048356	0.242502596645	0.238840513807	0.160293745775	0.181329234477	0.235731902164	0.253832004838	0.246478362868	0.137624485598	0.14310909804	0.135776348593	0.237401856957	0.209799454877	0.201278427316	0.0823154430762	0.174419558601	0.172771689132	0.19590455836
158479027-tonguedorsum1.snv.bam	0.299442902181	0.246333114694	0.19882635417	0.200091209379	0.233236438416	0.232681241154	0.0	0.00375348138049	0.250377338116	0.24844325888	0.235052543378	0.223952201003	0.235633919734	0.265424670311	0.236032096545	0.229685626434	0.183973833025	0.248416201318	0.248211061188	0.225084331745	0.185120705502	0.26393001156	0.214397674226	0.20696454108	0.205165436111	0.253873980153	0.252385946904	0.0691024595247	0.0706443951527	0.236326932497	0.268965817317	0.264904017568	0.274957792099	0.230917477489	0.260510708451	0.268448397195	0.232249767437	0.0543772208661	0.210865848486	0.207601866418	0.264706660987	0.217719743692	0.169238722906	0.245274625633	0.161455338155	0.24296392953	0.244249419185	0.22793118163	0.258336186848	0.198884498142	0.234286149073	0.234111103624	0.207917572162	0.245808137554	0.20424573626	0.250447583944	0.182870225621	0.107611602194	0.205298652909	0.257906790029	0.263441773443	0.0835723811788	0.269974068923	0.226594523686	0.0871229153223	0.246669445176	0.230270221077	0.239915601857	0.250189616316	0.214683675259	0.231242634764	0.237144454458	0.105622854808	0.100281694168	0.258861117964	0.245920558746	0.208699199463	0.288174703028	0.22199141476	0.235370515865	0.164208964644	0.262318636655	0.219179121978	0.220417607871	0.249263328361	0.226372886075	0.287932635313	0.261231114079	0.214420219011	0.223055854352	0.213900635618	0.234921654807	0.239017070295	0.125136990653	0.239810744774	0.229031192173	0.190789179076	0.100748192158
158479027-tonguedorsum2.snv.bam	0.298241622099	0.245313010428	0.198408050767	0.200270469476	0.232165140791	0.231756396684	0.00375348138049	0.0	0.249189339682	0.247082367026	0.234666617991	0.22357705854	0.235249301377	0.263801365189	0.235699312854	0.228861770998	0.185803995105	0.247724028251	0.250362758475	0.224756636154	0.184215817212	0.265372736986	0.214489872643	0.208472670789	0.206684635623	0.254579036266	0.252338085224	0.0680531897338	0.0703393829687	0.235449136779	0.267368147506	0.263752722381	0.273807307441	0.23069006676	0.259849880006	0.267790027842	0.231378643942	0.0541897030571	0.210034747699	0.206970639732	0.263384243071	0.217790129456	0.168773928479	0.244179303486	0.161290746961	0.241723012495	0.243731691223	0.228386540598	0.258512491352	0.198347174758	0.234033911148	0.234773748345	0.207613587913	0.245132865337	0.204200741274	0.249733254581	0.182672055237	0.104044748186	0.205467251675	0.257178807034	0.262223946489	0.0862360388035	0.2681044433	0.226350385802	0.0891909334113	0.24596506698	0.229651255251	0.239317388575	0.24934120363	0.213407598234	0.230637241856	0.237570861713	0.107617034737	0.102321560072	0.257538483604	0.245126892691	0.209154892614	0.28803396245	0.22179332036	0.234705336638	0.165214105191	0.260706767359	0.21915570208	0.219885133439	0.248498802715	0.224686701399	0.286615072356	0.260889178066	0.213725302564	0.222853947625	0.213717710952	0.233326672622	0.239286180327	0.12204604145	0.238996754758	0.228446033766	0.190355355983	0.101680689698
158802708-supragingivalplaque2.snv.bam	0.21293475798	0.184956824232	0.16750367449	0.265277841887	0.222046940176	0.221502026326	0.250377338116	0.249189339682	0.0	0.0409037029049	0.229067463543	0.222565944968	0.227710606678	0.177067459259	0.186991413294	0.175107491879	0.252061837431	0.204714829168	0.184065884087	0.216925673001	0.237115448822	0.195913747415	0.224919928044	0.225218006003	0.221875975867	0.160484505216	0.160589955681	0.251638329698	0.255266683122	0.185960823247	0.176964132776	0.174664804766	0.169928519759	0.219093691046	0.211553044031	0.201458184694	0.212620132223	0.251235211705	0.22204151585	0.220127957133	0.181409299647	0.247180028023	0.236009988618	0.206028444531	0.237978177457	0.187172546403	0.19220416855	0.199834914803	0.191337575264	0.224024592503	0.186619578954	0.190902054345	0.224184116077	0.204334754173	0.219194001224	0.149132879707	0.209842817619	0.228100154083	0.2371666306	0.196861887971	0.148655921836	0.263383179261	0.155852644099	0.177222963343	0.247141282971	0.202844465466	0.187127990213	0.203603834653	0.178582411346	0.226817650391	0.213148042844	0.208720741263	0.255878272622	0.250524651585	0.177509925826	0.217704155277	0.228472804552	0.217421830752	0.216358703775	0.21131127331	0.23047721164	0.172512944582	0.212988877684	0.169670053273	0.185386961784	0.203965767311	0.116133332579	0.196206232547	0.22048359469	0.216909715156	0.222434103166	0.214070402133	0.156809907234	0.220240102416	0.181733752977	0.18973712786	0.228154408005	0.212446478838
158802708-supragingivalplaque3.snv.bam	0.209843428287	0.166191820919	0.159121934241	0.240466043028	0.214594731733	0.2142621792	0.24844325888	0.247082367026	0.0409037029049	0.0	0.202210370616	0.195091868343	0.201079304264	0.159728076612	0.16778542821	0.157949335321	0.236882100892	0.196468972601	0.183718364834	0.190488669312	0.239151375713	0.169918890796	0.209071300692	0.179243233923	0.176094992769	0.146415651531	0.147428533526	0.249040112252	0.251086489569	0.178943510928	0.172938650646	0.166133194268	0.171167675752	0.197063618747	0.182684456725	0.178728335674	0.180856178149	0.247660740284	0.207128249338	0.205016514549	0.182625884641	0.231873843597	0.22027736574	0.205128296863	0.239957692394	0.17841509019	0.174371578622	0.197870582139	0.181736627801	0.201014411095	0.170769476026	0.167715326548	0.193030012514	0.195877313538	0.205404563512	0.127922735629	0.198426347408	0.236931053546	0.223366423701	0.199928968687	0.128061561012	0.257179525963	0.154216312169	0.158473900588	0.243896229493	0.195690537881	0.165001731228	0.181281744844	0.162093270721	0.21701159661	0.193398928991	0.196812538185	0.251288378186	0.247071859021	0.163845505864	0.191171035318	0.209264032244	0.210108329732	0.189497068269	0.19989927005	0.221689240364	0.169026480597	0.184115394795	0.165318377721	0.168069385407	0.177969799818	0.120915004352	0.185109040029	0.203876744245	0.197661519791	0.207103090027	0.187190191926	0.154314502484	0.223071392685	0.169147490484	0.161262874935	0.202300738103	0.205720942291
158883629-supragingivalplaque1.snv.bam	0.228888885853	0.192549623063	0.222847540861	0.169697722913	0.258463026506	0.258475114078	0.235052543378	0.234666617991	0.229067463543	0.202210370616	0.0	0.00231413215598	0.00223102999809	0.150285525615	0.196863542208	0.167027309532	0.216365315339	0.184149233044	0.182067119782	0.0378077117441	0.23832851002	0.1904206521	0.21820393347	0.12884066864	0.12487763758	0.209503503881	0.195833226297	0.256865355544	0.252176617159	0.144664669831	0.147351297173	0.132125810139	0.12350292814	0.235876372297	0.189306328519	0.212293961938	0.188978172852	0.252743654286	0.185818278837	0.191221176808	0.227878985029	0.218325496502	0.24162896171	0.236178313964	0.243544313532	0.16765727333	0.204288699469	0.223965606522	0.2543492826	0.210977383141	0.224221588825	0.196682459495	0.139590382999	0.185357100392	0.20549611366	0.201513938689	0.224175304115	0.268067653077	0.202055239947	0.260778933071	0.17827930081	0.262289758164	0.151819305487	0.201346213668	0.247241315749	0.190351996622	0.0306695807449	0.0284766456191	0.186614100709	0.205457672651	0.21747736003	0.203812368058	0.259979850165	0.248460908821	0.154376931969	0.162806608805	0.231838619442	0.22504044343	0.0204865769502	0.192378661963	0.249864488451	0.145555363868	0.0310986524089	0.235307684684	0.193417149791	0.0108654433363	0.15680277433	0.205903685481	0.188171797954	0.198995244389	0.190767086962	0.0229742592516	0.202306383366	0.269470818622	0.241440796729	0.157372149414	0.207824128126	0.220014910888
158883629-supragingivalplaque2.snv.bam	0.219276696794	0.185603854266	0.217337058756	0.15784391366	0.249005107278	0.248665300994	0.223952201003	0.22357705854	0.222565944968	0.195091868343	0.00231413215598	0.0	0.000958798881244	0.145278427105	0.188395214418	0.160473421424	0.210944016442	0.171282967618	0.183219598706	0.037454589151	0.234521841497	0.182496601398	0.209965934696	0.120132820528	0.11600924884	0.201413183983	0.187451649498	0.247135819674	0.241666764748	0.139359928989	0.144392693081	0.130257930921	0.125982790819	0.227918172087	0.17731951829	0.203014712432	0.179105324327	0.241132044316	0.175110646536	0.180595269723	0.22355012602	0.209038586551	0.230630327576	0.228712488243	0.235384474383	0.160273808401	0.197991695869	0.209959480333	0.246221929856	0.20049664455	0.214520300115	0.188554416702	0.127693017459	0.173472531759	0.194988362253	0.193863365051	0.215549943924	0.26070693527	0.191953807124	0.253482122993	0.17112587382	0.250773689546	0.147710020891	0.193511891282	0.236607107245	0.176974086032	0.0280352437619	0.0259174560174	0.177152516252	0.195082263588	0.208515919066	0.193486655885	0.246424250805	0.235033709377	0.14915354375	0.154333222212	0.223212672035	0.216592488971	0.0133368583242	0.18084014591	0.238930564212	0.142081835226	0.0235869716212	0.223481180035	0.186438870272	0.0107779807176	0.151746400266	0.196895256438	0.177969289024	0.18921703412	0.180093349818	0.0172654896571	0.19706696418	0.262502269187	0.234756862165	0.148461111809	0.198101324712	0.214473464701
158883629-supragingivalplaque3.snv.bam	0.227930557664	0.192440962299	0.223928847168	0.170993206339	0.259039391694	0.2589316765	0.235633919734	0.235249301377	0.227710606678	0.201079304264	0.00223102999809	0.000958798881244	0.0	0.149435216591	0.197001114628	0.167955607188	0.215701846547	0.185086964937	0.183144248899	0.0381791414199	0.239059442113	0.191790740374	0.219622660225	0.127625688131	0.123768442215	0.209008827046	0.195310939995	0.257710617459	0.252418773435	0.14434736884	0.146542560454	0.132723012058	0.124321869818	0.235234692747	0.188879627559	0.211787769112	0.19052000541	0.25273630928	0.186259119002	0.192145846326	0.227312128901	0.21957369687	0.242434166842	0.237445093937	0.24441367773	0.168249529294	0.205224086846	0.22338184635	0.254126035093	0.21205800451	0.225634404781	0.19728400642	0.140877954282	0.186694143964	0.206721155594	0.202506984729	0.225450995456	0.268446660819	0.20291860575	0.260522821935	0.178238822237	0.263169998029	0.150461438304	0.201471774876	0.248117749156	0.191376482434	0.0295064223234	0.0269258160882	0.186980910386	0.204438174027	0.218180561041	0.203880090788	0.261078260478	0.249068612836	0.154653211916	0.165281371551	0.232641919512	0.224333793395	0.0194339960406	0.193517238548	0.252056925823	0.144845371922	0.0318523734792	0.234434630575	0.194819419345	0.0100179759036	0.1561330944	0.205293887879	0.187734863806	0.199013835801	0.190531047257	0.0224500268981	0.201680940239	0.270307188199	0.241834155317	0.157980877662	0.209434984948	0.220918539197
158944319-supragingivalplaque3.snv.bam	0.191397451997	0.154610474594	0.171705078649	0.229362889833	0.241234022237	0.241148269689	0.265424670311	0.263801365189	0.177067459259	0.159728076612	0.150285525615	0.145278427105	0.149435216591	0.0	0.183256293619	0.13115047133	0.244427591878	0.14267824409	0.162223080005	0.143496969036	0.269891842056	0.166391049188	0.228383807664	0.132827700928	0.129039820308	0.152244290042	0.140608396222	0.271781524401	0.27514285108	0.145288257105	0.0977235285212	0.137330533418	0.133912063145	0.20119358576	0.172324528191	0.173150806005	0.144223749482	0.258808853905	0.207550211434	0.212488214781	0.184556174258	0.25281875647	0.257012708586	0.174034757283	0.279651360034	0.115774903977	0.172842285685	0.195680704097	0.19091190074	0.225737842491	0.214938224652	0.180370943446	0.20725955917	0.1442725786	0.243285979207	0.17289391508	0.247719293657	0.254355033664	0.254845768724	0.221600679484	0.155985091403	0.287877338507	0.101549236934	0.127473944505	0.255736140942	0.145913792098	0.141907744878	0.15531018128	0.166496657317	0.239264970355	0.224300364785	0.216926301398	0.278572192908	0.271431308847	0.110074183132	0.16871457961	0.228928131307	0.198897192578	0.146348429529	0.155454905977	0.258274789176	0.0931747584123	0.130552411726	0.197040222332	0.153643630902	0.12746177805	0.119024107649	0.157970360666	0.225957886461	0.228867292693	0.231900277327	0.137531760062	0.163323259277	0.247435782779	0.204252804463	0.13467558646	0.231169206593	0.234981607952
159005010-supragingivalplaque2.snv.bam	0.203029138184	0.151895132575	0.173360209035	0.155264874428	0.172553820594	0.171650134278	0.236032096545	0.235699312854	0.186991413294	0.16778542821	0.196863542208	0.188395214418	0.197001114628	0.183256293619	0.0	0.136436769664	0.176772362469	0.185336850169	0.182534046601	0.174865185399	0.215420147592	0.154445804949	0.173897764182	0.21573283503	0.212113117933	0.116447243675	0.119977021598	0.221442057583	0.21935319629	0.193444958508	0.198250351074	0.162657935725	0.183851623486	0.15217139229	0.142247800546	0.158328896995	0.121452244317	0.214769803464	0.158039464295	0.145467900796	0.16539668679	0.171400797314	0.170027356633	0.18172064168	0.224746662541	0.196937469219	0.13988932851	0.186237623234	0.139574353611	0.157668411078	0.115054078252	0.107468651904	0.121054635358	0.180329628682	0.146509800958	0.117312099579	0.149704930931	0.217450535413	0.146950970835	0.173373478055	0.142987124872	0.222391136322	0.178148788522	0.147551976402	0.208433281601	0.18073302234	0.171778979093	0.185940707592	0.139829886413	0.173226049307	0.142399749818	0.149167539166	0.217095524654	0.213138687106	0.178369355694	0.161804210451	0.17076655074	0.193081405087	0.177589867656	0.174478739498	0.188506289223	0.192099328446	0.180894209375	0.146977780323	0.144512934947	0.174745186026	0.200375642734	0.160665091629	0.154240685677	0.137524013692	0.152530080213	0.177577828315	0.145076492536	0.205244382267	0.128837464538	0.124892538104	0.140174196657	0.188191750236
159166850-supragingivalplaque2.snv.bam	0.188250694746	0.14087507804	0.142112293703	0.185342507833	0.21607397019	0.215700536072	0.229685626434	0.228861770998	0.175107491879	0.157949335321	0.167027309532	0.160473421424	0.167955607188	0.13115047133	0.136436769664	0.0	0.209231040188	0.133546391302	0.158719687358	0.150893180759	0.227370265962	0.142065354492	0.192492794623	0.184567590102	0.179739305388	0.134976647417	0.126231304406	0.227345694772	0.228956499003	0.159707478003	0.137232694838	0.114310051474	0.126390899552	0.177850826359	0.13001053958	0.125932765561	0.147063993143	0.218729461838	0.185584073621	0.182143190702	0.160509506478	0.214471001623	0.194911927553	0.154831787977	0.241275043454	0.131100986766	0.12952008864	0.173126880999	0.163701476602	0.164514907618	0.176652888851	0.13723948492	0.16951857478	0.130163384052	0.206447982566	0.133333319245	0.204787480671	0.22310085819	0.209521216375	0.185763623269	0.128952629262	0.231902928987	0.137125166307	0.123963219162	0.21280588706	0.134754314974	0.150444307988	0.161086304962	0.129526380802	0.222008711063	0.188621504007	0.186906823176	0.223410102076	0.221551920822	0.122813007533	0.137884104639	0.180741078989	0.180721218632	0.148218398586	0.131429584929	0.203593553242	0.133344169391	0.151473423565	0.160538509305	0.128421012754	0.145431938937	0.145040292218	0.134174155193	0.219645384584	0.206781875444	0.225815959724	0.149109958955	0.133917307442	0.212965825309	0.167268985001	0.126352862238	0.169095623017	0.18264558859
159207311-tonguedorsum2.snv.bam	0.255105610724	0.201075446336	0.208128685228	0.130855014537	0.170306366577	0.169112497089	0.183973833025	0.185803995105	0.252061837431	0.236882100892	0.216365315339	0.210944016442	0.215701846547	0.244427591878	0.176772362469	0.209231040188	0.0	0.226122351592	0.259014011835	0.212881687397	0.118780258799	0.221585112212	0.155533611469	0.210562635937	0.209400525828	0.192127043707	0.195448280784	0.157688222753	0.158975224867	0.223741495319	0.249477673457	0.239094508608	0.25290875897	0.182709736061	0.213553177715	0.226037424893	0.18363912606	0.164751101346	0.14991547698	0.144451932961	0.242339822699	0.141428034288	0.138981966982	0.198502248917	0.145214874942	0.222201226554	0.200127876505	0.220817057513	0.198421151062	0.168966051704	0.162520852756	0.191308382896	0.1552844743	0.224134345288	0.123076229279	0.19644131079	0.156581938234	0.177090631217	0.127375159449	0.180562315995	0.219046040104	0.158083634638	0.253079662113	0.19446518119	0.155517821479	0.21766182146	0.200718986125	0.214132526105	0.230927066931	0.130000056844	0.154059377108	0.169796044167	0.154534670974	0.154382947336	0.233732566672	0.197478148229	0.189965291644	0.246764066601	0.204994901401	0.218601333076	0.15935024737	0.242860727396	0.196783513525	0.184501590616	0.200270942877	0.200634623648	0.247615388684	0.242561646867	0.143082501925	0.150673745589	0.14383109125	0.208734950801	0.209536819038	0.171980534114	0.189079941056	0.179497309211	0.145719124756	0.1367526287
159247771-supragingivalplaque2.snv.bam	0.2030356003	0.176278626139	0.115066658146	0.194377153674	0.216570217798	0.215952800932	0.248416201318	0.247724028251	0.204714829168	0.196468972601	0.184149233044	0.171282967618	0.185086964937	0.14267824409	0.185336850169	0.133546391302	0.226122351592	0.0	0.202599157102	0.173804870448	0.252209007409	0.15985392663	0.216494280614	0.21401372631	0.208586125033	0.157691859461	0.151956812519	0.262132419513	0.258440227422	0.18831643002	0.137589431408	0.102572405089	0.0999179312927	0.217903233469	0.166546532659	0.1515264273	0.152576807167	0.248814975689	0.223239547371	0.221529192584	0.185898800646	0.233434740377	0.227047833382	0.122151984195	0.258332829675	0.0681539488798	0.136562576149	0.159086835226	0.175722316457	0.205403095042	0.214981246394	0.182468153113	0.218292696409	0.00824065968938	0.228793662833	0.174357873605	0.244912308948	0.231493495125	0.225511145058	0.200563817903	0.168390112376	0.272045584309	0.147528185729	0.137549884854	0.243206064402	0.00232702127843	0.169328494834	0.181437833349	0.161012213081	0.250606977395	0.224742727484	0.225273414427	0.25495352521	0.250118567343	0.135806370894	0.166443694353	0.207440009399	0.206359230396	0.175945039796	0.0404021015343	0.238068619389	0.13101047476	0.172824267741	0.182189899241	0.0794650819536	0.166492025754	0.14265154371	0.159185451709	0.250165270519	0.23457604617	0.252703332727	0.170904073932	0.17443091755	0.227859170053	0.185838555289	0.168466954407	0.207305946189	0.220843790377
159268001-supragingivalplaque1.snv.bam	0.197934633213	0.201325796292	0.204297086562	0.252982581352	0.265773416463	0.265717670662	0.248211061188	0.250362758475	0.184065884087	0.183718364834	0.182067119782	0.183219598706	0.183144248899	0.162223080005	0.182534046601	0.158719687358	0.259014011835	0.202599157102	0.0	0.153024549652	0.278774446434	0.176360657121	0.218896756349	0.217420770689	0.213820758317	0.184962745983	0.17736280797	0.261878218556	0.264597447064	0.185790335878	0.187524779289	0.157625553074	0.153897318736	0.206461215292	0.187437396525	0.181740258708	0.20667822117	0.240538560508	0.253847120343	0.25289905899	0.16480953503	0.261046345091	0.251841672768	0.208915718929	0.271564406112	0.190070181006	0.189289651075	0.184283457103	0.205210111648	0.222810351408	0.235963191832	0.192992433693	0.232452755817	0.197674107767	0.261666270444	0.189409792582	0.233378762608	0.253341076693	0.264205955485	0.230319065724	0.179214014342	0.266866729603	0.166712060073	0.184080686722	0.243400255364	0.203057843041	0.162173815123	0.170922327321	0.161108434103	0.258205201757	0.240290580098	0.210060297204	0.265340116685	0.256403480999	0.186472378334	0.194885072874	0.217797646455	0.20235880138	0.177926282502	0.189314291116	0.243441604814	0.182560423976	0.184577095927	0.196531567359	0.214825581314	0.16148393958	0.176156359251	0.143702421182	0.260236863285	0.249731995195	0.261789969225	0.176640117591	0.169696450211	0.249905095183	0.21970932888	0.192600019377	0.233755569478	0.218245075584
159268001-supragingivalplaque3.snv.bam	0.217113510544	0.174341893727	0.205850441143	0.170869055005	0.248966608319	0.248934443951	0.225084331745	0.224756636154	0.216925673001	0.190488669312	0.0378077117441	0.037454589151	0.0381791414199	0.143496969036	0.174865185399	0.150893180759	0.212881687397	0.173804870448	0.153024549652	0.0	0.240953607639	0.170975644633	0.199815032799	0.143151335209	0.139235745326	0.190094684798	0.177803973228	0.242386832069	0.239550503706	0.146104285607	0.149082802748	0.132003389988	0.13210313812	0.207050060817	0.163019693438	0.190095116189	0.173938785648	0.236244159544	0.187105086988	0.190670556532	0.209822108603	0.20782806686	0.225531205214	0.22033317873	0.240280557593	0.163253226201	0.183444940768	0.204448288584	0.224610726993	0.191245155688	0.207661163337	0.177142309978	0.137573816586	0.173061890852	0.198936754641	0.180021219551	0.207066421555	0.251737987824	0.202639891664	0.24501833684	0.162258753586	0.25080915187	0.147854716285	0.179980155532	0.237768258852	0.17705197164	0.0517404963576	0.0561310296732	0.164081263492	0.198887130962	0.201925610646	0.183504490609	0.244410803042	0.236253579345	0.147773746101	0.157715460407	0.211682942319	0.211530882674	0.0432504231009	0.175706846416	0.228403438775	0.144971392842	0.0565554060416	0.21244634965	0.182646356334	0.0406426008065	0.159053585944	0.17925082589	0.189088311182	0.183156361781	0.189221973964	0.0412631917621	0.187762988067	0.249901723046	0.21745970789	0.141486000608	0.185968653717	0.215635285899
159470302-tonguedorsum1.snv.bam	0.266550718572	0.216677460094	0.21606832287	0.159561622449	0.218218180437	0.217308971195	0.185120705502	0.184215817212	0.237115448822	0.239151375713	0.23832851002	0.234521841497	0.239059442113	0.269891842056	0.215420147592	0.227370265962	0.118780258799	0.252209007409	0.278774446434	0.240953607639	0.0	0.234838583213	0.163413475463	0.25244480298	0.25332744369	0.207542464366	0.21047814903	0.147476216894	0.14806242782	0.241358567332	0.2640985972	0.257764582653	0.271198511831	0.191057774023	0.245601699945	0.24687794549	0.205819744589	0.157730100651	0.174553908167	0.171775987782	0.250133949398	0.182033012073	0.158645935377	0.230915536057	0.0663430298342	0.248493432667	0.22359734048	0.245734943744	0.207583641981	0.178739173886	0.183110649763	0.217899075968	0.180983905933	0.249906378052	0.164622411988	0.216635786197	0.16916861911	0.155815784569	0.164078933264	0.204986603339	0.24198576235	0.14891859579	0.259356531143	0.209400111391	0.138632850741	0.241782419327	0.2226601659	0.234374634109	0.247971096472	0.168007124303	0.183633403027	0.187837579266	0.145760548958	0.142612055984	0.247706501178	0.219074154198	0.175190710175	0.247374737729	0.218840861185	0.238780377013	0.157777331096	0.257712910898	0.216108788496	0.191325173807	0.228630328232	0.218767266517	0.270036940272	0.261014864218	0.178009081175	0.18224978618	0.175359495663	0.232245059082	0.229200727811	0.143732276421	0.211770030264	0.200255456826	0.166981739808	0.119109764712
159551223-supragingivalplaque1.snv.bam	0.220944982774	0.140070342807	0.17665824317	0.194735004715	0.220249204692	0.219947208572	0.26393001156	0.265372736986	0.195913747415	0.169918890796	0.1904206521	0.182496601398	0.191790740374	0.166391049188	0.154445804949	0.142065354492	0.221585112212	0.15985392663	0.176360657121	0.170975644633	0.234838583213	0.0	0.134475484706	0.206829194447	0.202970010018	0.136238570974	0.126325631393	0.257944467437	0.255444535544	0.182523771313	0.175193309287	0.145103542548	0.164934488428	0.183859602298	0.149840997482	0.16030157627	0.142949069468	0.249345254515	0.223238728217	0.213196537078	0.182585332219	0.214073851318	0.214767209467	0.174964699255	0.242833072492	0.156208093559	0.140436515416	0.213684562435	0.168352141802	0.188327737513	0.173132579378	0.160272146337	0.182745735448	0.157266173508	0.218836408686	0.128973358011	0.215886065965	0.249547363878	0.212382288548	0.194697859025	0.132779771353	0.258310326962	0.168320580161	0.143662077535	0.248721611559	0.157877401753	0.173869332027	0.1901454882	0.156080057	0.217733443734	0.187563615602	0.189457866734	0.254223624964	0.251418930375	0.154086565821	0.157102385026	0.189296324134	0.211652004826	0.167803251253	0.158919702441	0.222483180407	0.16888142584	0.172761588241	0.177421362991	0.145311412325	0.168177504888	0.163073401093	0.182898713324	0.221958076309	0.209250305237	0.225993932992	0.172172958958	0.173234739391	0.230660367444	0.177550653368	0.156875538896	0.181006340202	0.215247919415
159551223-supragingivalplaque2.snv.bam	0.257509042775	0.166767826185	0.199320920762	0.148952176073	0.182911485371	0.182472514049	0.214397674226	0.214489872643	0.224919928044	0.209071300692	0.21820393347	0.209965934696	0.219622660225	0.228383807664	0.173897764182	0.192492794623	0.155533611469	0.216494280614	0.218896756349	0.199815032799	0.163413475463	0.134475484706	0.0	0.225633674079	0.223288404971	0.171346909968	0.16706207764	0.191351971685	0.187143186592	0.221537119615	0.232110978836	0.204058878744	0.224187982265	0.160960710655	0.191967014732	0.21009894561	0.15322248867	0.191590074357	0.184825170242	0.174987351639	0.219657939751	0.151359136486	0.15838282444	0.181786811388	0.160775332643	0.215318842585	0.156942874523	0.242245356848	0.187576976956	0.156151783125	0.148513725514	0.184751094892	0.162560958078	0.211226170202	0.154185617124	0.177944475753	0.138230192124	0.19124293521	0.148818008357	0.185322029613	0.201010115242	0.185963645644	0.237232699312	0.178528441585	0.180106812793	0.206136507062	0.196413057053	0.216065104746	0.197219972987	0.154501081072	0.156484730857	0.167693779906	0.186215666417	0.184252318454	0.209875250381	0.177013396428	0.188249919537	0.251249813344	0.199219083485	0.201362137014	0.159422093202	0.225281548937	0.198374153614	0.191963975375	0.190243632984	0.195138237328	0.238804845141	0.227936585564	0.168991934909	0.15973928176	0.16914648831	0.201381847153	0.20872213332	0.181292663469	0.173302929062	0.176394244565	0.143946338382	0.163341844295
159591683-supragingivalplaque1.snv.bam	0.234648702585	0.196031287053	0.229027444296	0.214338303701	0.244966614082	0.244911535445	0.20696454108	0.208472670789	0.225218006003	0.179243233923	0.12884066864	0.120132820528	0.127625688131	0.132827700928	0.21573283503	0.184567590102	0.210562635937	0.21401372631	0.217420770689	0.143151335209	0.25244480298	0.206829194447	0.225633674079	0.0	0.000431797425124	0.217317801363	0.20095448883	0.224227845921	0.226476972387	0.142987399403	0.165077684286	0.194139258923	0.195785442611	0.223417403732	0.202599497571	0.220140758763	0.196074182252	0.234995009306	0.215335040832	0.218672143663	0.24038209838	0.248977070631	0.238924819395	0.244424436693	0.255386715498	0.184167046389	0.230150170454	0.230402637412	0.256574660295	0.234888800784	0.237387272132	0.206523668386	0.186358641262	0.21448119229	0.229097406919	0.214962653164	0.246186356491	0.259640768959	0.233441305553	0.265583583166	0.198828081106	0.228919844395	0.156525412011	0.200472795486	0.229932866036	0.219476616711	0.11809062431	0.123977657765	0.203452257661	0.234439672835	0.238014950827	0.230018917561	0.231001446048	0.228696332914	0.172421313164	0.182185059649	0.24134835155	0.236059219583	0.12915784837	0.223771398799	0.255407744718	0.164031191237	0.108769043036	0.245562024631	0.210080774429	0.111354773814	0.176577475854	0.213291905034	0.206414321163	0.222405042204	0.212104508342	0.13010319396	0.211477931309	0.25587778956	0.238604931455	0.178764798222	0.229268112932	0.193794638527
