	103092734-supragingivalplaque3.snv.bam	147406386-subgingivalplaque2.snv.bam	147406386-supragingivalplaque3.snv.bam	158256496-supragingivalplaque2.snv.bam	158458797-supragingivalplaque1.snv.bam	158479027-supragingivalplaque1.snv.bam	158479027-supragingivalplaque2.snv.bam	158499257-supragingivalplaque1.snv.bam	158499257-supragingivalplaque2.snv.bam	158802708-supragingivalplaque1.snv.bam	158802708-supragingivalplaque2.snv.bam	158802708-supragingivalplaque3.snv.bam	158883629-supragingivalplaque1.snv.bam	158883629-supragingivalplaque3.snv.bam	159207311-supragingivalplaque1.snv.bam	159207311-supragingivalplaque3.snv.bam	159247771-supragingivalplaque2.snv.bam	159268001-supragingivalplaque3.snv.bam	159591683-supragingivalplaque1.snv.bam	159611913-supragingivalplaque2.snv.bam	159632143-supragingivalplaque1.snv.bam	159713063-supragingivalplaque2.snv.bam	159753524-buccalmucosa3.snv.bam	159753524-supragingivalplaque1.snv.bam	160178356-supragingivalplaque2.snv.bam	160178356-supragingivalplaque3.snv.bam	160218816-buccalmucosa1.snv.bam	160319967-supragingivalplaque1.snv.bam	160380657-supragingivalplaque1.snv.bam	160380657-supragingivalplaque2.snv.bam	160380657-supragingivalplaque3.snv.bam	160421117-supragingivalplaque1.snv.bam	160421117-supragingivalplaque2.snv.bam	160421117-supragingivalplaque3.snv.bam	160502038-supragingivalplaque1.snv.bam	160502038-supragingivalplaque2.snv.bam	160502038-supragingivalplaque3.snv.bam	160542498-supragingivalplaque1.snv.bam	160582958-supragingivalplaque2.snv.bam	160582958-supragingivalplaque3.snv.bam	160603188-supragingivalplaque1.snv.bam	160603188-supragingivalplaque2.snv.bam	160603188-supragingivalplaque3.snv.bam	160643649-supragingivalplaque1.snv.bam	160704339-supragingivalplaque1.snv.bam	160765029-supragingivalplaque1.snv.bam	178713055-supragingivalplaque2.snv.bam	275382046-supragingivalplaque2.snv.bam	370027359-subgingivalplaque2.snv.bam	370027359-supragingivalplaque2.snv.bam	404239096-supragingivalplaque2.snv.bam	508703490-supragingivalplaque1.snv.bam	508703490-supragingivalplaque2.snv.bam	508703490-supragingivalplaque3.snv.bam	517810313-supragingivalplaque2.snv.bam	533247696-supragingivalplaque1.snv.bam	550534656-supragingivalplaque3.snv.bam	604812005-supragingivalplaque1.snv.bam	604812005-supragingivalplaque3.snv.bam	638754422-supragingivalplaque2.snv.bam	675950834-supragingivalplaque1.snv.bam	675950834-supragingivalplaque2.snv.bam	675950834-supragingivalplaque3.snv.bam	682102541-supragingivalplaque3.snv.bam	686765762-supragingivalplaque3.snv.bam	706846339-supragingivalplaque2.snv.bam	739574095-subgingivalplaque2.snv.bam	763435843-supragingivalplaque2.snv.bam	763456073-supragingivalplaque3.snv.bam	763496533-supragingivalplaque1.snv.bam	763536994-supragingivalplaque3.snv.bam	763557224-supragingivalplaque3.snv.bam	763577454-subgingivalplaque2.snv.bam	763577454-supragingivalplaque1.snv.bam	763577454-supragingivalplaque2.snv.bam	763719065-supragingivalplaque3.snv.bam	763759525-supragingivalplaque1.snv.bam	763759525-supragingivalplaque2.snv.bam	763820215-supragingivalplaque2.snv.bam	763840445-supragingivalplaque1.snv.bam	763840445-supragingivalplaque2.snv.bam	763901136-supragingivalplaque1.snv.bam	763901136-supragingivalplaque3.snv.bam	763961826-supragingivalplaque1.snv.bam	763982056-supragingivalplaque1.snv.bam	763982056-supragingivalplaque3.snv.bam	764042746-supragingivalplaque1.snv.bam	764062976-supragingivalplaque2.snv.bam	764062976-supragingivalplaque3.snv.bam	764083206-supragingivalplaque1.snv.bam	764285508-supragingivalplaque1.snv.bam	764285508-supragingivalplaque2.snv.bam	764305738-supragingivalplaque2.snv.bam	764325968-supragingivalplaque1.snv.bam	764366428-subgingivalplaque3.snv.bam	764366428-supragingivalplaque2.snv.bam	764366428-supragingivalplaque3.snv.bam	764447348-buccalmucosa1.snv.bam	764447348-supragingivalplaque1.snv.bam	764487809-supragingivalplaque1.snv.bam	764487809-supragingivalplaque2.snv.bam	764588959-supragingivalplaque1.snv.bam	764588959-supragingivalplaque2.snv.bam	764649650-supragingivalplaque1.snv.bam	764649650-supragingivalplaque2.snv.bam	764811490-supragingivalplaque1.snv.bam	764811490-supragingivalplaque2.snv.bam	764872181-supragingivalplaque1.snv.bam	764892411-supragingivalplaque2.snv.bam	765013792-supragingivalplaque2.snv.bam	765013792-supragingivalplaque3.snv.bam	765034022-supragingivalplaque1.snv.bam	765074482-supragingivalplaque1.snv.bam	765074482-supragingivalplaque3.snv.bam	765094712-supragingivalplaque1.snv.bam	765094712-supragingivalplaque2.snv.bam	765094712-supragingivalplaque3.snv.bam	765135172-supragingivalplaque1.snv.bam	765155402-supragingivalplaque3.snv.bam	765195863-supragingivalplaque3.snv.bam	765337473-supragingivalplaque2.snv.bam	765560005-supragingivalplaque1.snv.bam	765620695-supragingivalplaque1.snv.bam	765620695-supragingivalplaque2.snv.bam	765640925-supragingivalplaque1.snv.bam	765701615-supragingivalplaque1.snv.bam	765701615-supragingivalplaque2.snv.bam	823052294-buccalmucosa1.snv.bam	823052294-supragingivalplaque3.snv.bam	863126187-supragingivalplaque3.snv.bam
103092734-supragingivalplaque3.snv.bam	0.0	0.0930249948884	0.0927695494164	0.157980734998	0.147774499025	0.118569309071	0.118334606812	0.0894914873867	0.0971338043145	0.170811514916	0.157706830177	0.160052189811	0.227572037669	0.223268692976	0.116271462066	0.127084056842	0.114328157385	0.144773083008	0.182503032549	0.115532775729	0.12458181032	0.0926203404356	0.186281826473	0.191415932963	0.112048485353	0.141684164048	0.121037882705	0.125580883652	0.125543695745	0.130039226313	0.122460531986	0.111748318118	0.117066943588	0.11497068229	0.161566410464	0.145538397689	0.13743361806	0.117995970872	0.122274982756	0.134302541958	0.122365619252	0.111294861695	0.113288082039	0.165717050561	0.157783506547	0.216038509944	0.164279354545	0.127638951203	0.171641762636	0.148088878843	0.191707121262	0.159287523731	0.154441310804	0.153824925517	0.174758223982	0.105385933552	0.112676262752	0.124459742469	0.127257987733	0.14053876212	0.141821130842	0.135181509769	0.12580011124	0.0932608472901	0.200408670156	0.121109885001	0.114058053872	0.211575673012	0.141601523217	0.165912466137	0.113755188566	0.173485570315	0.127267593632	0.136022736703	0.129649314857	0.107464880287	0.118942338464	0.122842859488	0.139052466559	0.108760871237	0.105266114835	0.115141963146	0.111321341342	0.132999960423	0.162411396745	0.152211100186	0.120075527042	0.0846581231626	0.0800764995717	0.0969097942289	0.111288757879	0.16325471712	0.193673905186	0.172213099726	0.140565200511	0.143937859187	0.142984916262	0.162072175587	0.179609123197	0.136626813946	0.119575824178	0.122348123019	0.12484359015	0.123350583426	0.118438357754	0.124461856864	0.157788935156	0.125840199357	0.121550366273	0.0981202773056	0.0974810824857	0.115317002986	0.10161831792	0.103689743833	0.143535465605	0.146006919259	0.14038615807	0.152250543955	0.151633553787	0.0857277533276	0.153207314383	0.0980966216266	0.142418271829	0.137158489531	0.103582865435	0.169396420534	0.141155405268	0.126205121818	0.103499830618	0.108454322192
147406386-subgingivalplaque2.snv.bam	0.0930249948884	0.0	0.0614798177443	0.164494685821	0.156263578483	0.107733095788	0.101225007931	0.0985973662066	0.110586601723	0.171382034394	0.154321778479	0.159569601875	0.22040204203	0.216287680255	0.103326533775	0.111105430194	0.0994363091709	0.14104594138	0.17624583998	0.114157830782	0.117126585862	0.105865503238	0.189150913669	0.19469463554	0.121449040092	0.153165632157	0.115778068596	0.126449475258	0.131135555909	0.140885730461	0.134475099891	0.106680160011	0.112064422129	0.109093187156	0.171849489619	0.161104446311	0.148729008801	0.137340286891	0.120920174758	0.136280256253	0.112001083415	0.102113396291	0.09862038246	0.17515745324	0.158204962781	0.207107928834	0.173740279015	0.113829837574	0.172781234113	0.145559122605	0.184855317955	0.162048668818	0.157640913251	0.1568632869	0.168997912661	0.100043384547	0.120220389115	0.125886281564	0.13306195072	0.135667206555	0.144847556993	0.130300989842	0.127453890363	0.0971390275864	0.205353546401	0.135875351977	0.120219805496	0.206636988175	0.139449596829	0.162925603057	0.0999359586226	0.165180769597	0.130186549873	0.146039377712	0.141548900561	0.11281465266	0.126306417907	0.117676432266	0.147715894761	0.0950457127311	0.0852447474771	0.110138433625	0.118325353029	0.153299253049	0.154337972868	0.145224302579	0.116194112969	0.0840273775454	0.0726576140414	0.0960278425076	0.11952319783	0.160362578584	0.190840636386	0.17344140917	0.13536095644	0.135343492999	0.134328161865	0.163637725534	0.179164682189	0.154547562597	0.130523340413	0.119613576324	0.124799344325	0.108072018918	0.0964249735746	0.127514397385	0.162035525287	0.121737979576	0.112072278854	0.0960566445338	0.0920278375934	0.114946907499	0.100969034973	0.0996092764557	0.129128999773	0.137823799078	0.130776316068	0.148846497747	0.1385376582	0.0945187725857	0.15622582143	0.0911089277029	0.133062645699	0.132659535568	0.111651116817	0.18343296327	0.144065490378	0.120316461902	0.102211873141	0.090590782328
147406386-supragingivalplaque3.snv.bam	0.0927695494164	0.0614798177443	0.0	0.154868662748	0.152797469847	0.104966714356	0.101760858328	0.090352768115	0.0965289619702	0.182436044442	0.162692723265	0.171713891275	0.229810504291	0.224390952376	0.0959315454453	0.108139779742	0.0938750184008	0.149781665035	0.160169124897	0.106464542543	0.112793754946	0.0978584281426	0.189065532209	0.193907643858	0.127453143277	0.161452154771	0.121972552632	0.12300723329	0.125477771634	0.133217405279	0.129945187336	0.110430208346	0.116121239775	0.111428725673	0.1736612828	0.159868959763	0.149781575635	0.138131862013	0.117026090776	0.132043893873	0.113859390949	0.109196073927	0.0981377286599	0.17364752956	0.151307018095	0.211479135048	0.170391375578	0.112040750497	0.17462914251	0.147398788025	0.193008466057	0.160667612141	0.157187914348	0.156300938198	0.167764047305	0.0902223227136	0.12349669608	0.133499232642	0.138704785775	0.136881855249	0.154720473554	0.141659772243	0.134545735838	0.100900635145	0.213145584131	0.133369495933	0.119225318986	0.205733623309	0.135368125651	0.17420422173	0.09657875018	0.154490636588	0.130173723553	0.148677350841	0.143990591819	0.10984915993	0.129097761268	0.120391122325	0.147000509753	0.0960927659533	0.08623004447	0.107057029641	0.111050188932	0.147334472546	0.142695110952	0.129655577801	0.134515086723	0.0806853431802	0.0933519420603	0.0920882646954	0.108325440851	0.151492213846	0.192519311825	0.169772853292	0.142097488811	0.138725274795	0.140411228756	0.165951405947	0.183754704345	0.161472924989	0.136405963386	0.115177593839	0.125653822301	0.106181578968	0.0910994350559	0.14129428834	0.166562836046	0.123084670705	0.126600944521	0.0894395148392	0.0885961829736	0.113387836798	0.103120474678	0.0999035206243	0.132245034772	0.13438013603	0.127058151066	0.158343027627	0.142035454475	0.0843326233026	0.152706218802	0.0856819304457	0.134440063556	0.135809071864	0.105845347882	0.180036800066	0.150074938565	0.113297734149	0.096154157176	0.100965681854
158256496-supragingivalplaque2.snv.bam	0.157980734998	0.164494685821	0.154868662748	0.0	0.17030756298	0.200702733528	0.202483472555	0.176449164767	0.173296391601	0.207169823708	0.188786681871	0.19025798021	0.226357848317	0.223041657941	0.196246868085	0.204617776824	0.190151458232	0.177124047249	0.158880605006	0.184459908354	0.151416871603	0.163498767741	0.194009905154	0.199856858513	0.174340107813	0.19852959385	0.183065907634	0.161544308685	0.176071721826	0.159604072048	0.162722891949	0.170179515782	0.186770517414	0.180146152653	0.181007250389	0.177328829896	0.17044828393	0.140884708598	0.121940889466	0.123806674216	0.181697392054	0.164621213799	0.181736636753	0.175965739742	0.1053214235	0.229804733908	0.143116743197	0.173000300419	0.19992138862	0.185898828455	0.198894425829	0.153838469286	0.155166831881	0.154508625597	0.180908644292	0.17771024586	0.14431820092	0.162663576787	0.150499188664	0.171735937905	0.169179460943	0.169375740665	0.151480391721	0.146382149839	0.223270382886	0.152487697958	0.143066639485	0.197121335692	0.171930741651	0.221214590525	0.197695449256	0.148364064139	0.126567484761	0.141391724076	0.138059610771	0.144047568017	0.166207086091	0.198274251036	0.179678624123	0.197724937045	0.192246258097	0.143091585251	0.155702967465	0.151999897621	0.134232565137	0.12818308477	0.168045097816	0.173079709405	0.16864355794	0.163542204805	0.138278902548	0.148666303187	0.167154392888	0.139897284599	0.168444789278	0.148019148099	0.155246858126	0.159350318136	0.183509007191	0.205129670909	0.197099202726	0.168390591811	0.148603633371	0.202224692137	0.194189897037	0.168226479291	0.152843089536	0.171713263017	0.192108330271	0.166789232365	0.172291672822	0.148999129707	0.180004500609	0.162878243934	0.147493147665	0.139511098792	0.139935202741	0.164795450189	0.168047505485	0.140305729064	0.168167027762	0.147740314599	0.133396818988	0.137266099741	0.1688054773	0.167395111873	0.151711302457	0.14344778226	0.143963716027	0.156563945794
158458797-supragingivalplaque1.snv.bam	0.147774499025	0.156263578483	0.152797469847	0.17030756298	0.0	0.196209329001	0.195927028531	0.162733580023	0.16234976753	0.174965591644	0.130144745787	0.148248086098	0.159192304228	0.156815789059	0.185103837161	0.193731030108	0.160409036111	0.182671502132	0.194962848995	0.15905235453	0.13711552665	0.149406098118	0.131792183663	0.135342565706	0.158140791672	0.179964526607	0.157156982245	0.119940413165	0.16546530006	0.122639001046	0.119981496363	0.159880695929	0.17093379407	0.16807433938	0.127095147619	0.131379652581	0.125781781579	0.130079763481	0.151612184127	0.134938779022	0.161171984949	0.146961003451	0.163769414249	0.127068879046	0.187096303698	0.152056273816	0.132701040558	0.108721212285	0.197161873433	0.172053615223	0.145312617878	0.118007350928	0.111216683594	0.111232480206	0.162125478138	0.161680601864	0.122637975195	0.117581744841	0.132762186869	0.104536049709	0.142637273941	0.154594823335	0.14344360694	0.126340283224	0.16871140056	0.110154300753	0.120934766208	0.155322255526	0.176996867607	0.205098500464	0.195380485552	0.159331474898	0.148142106238	0.154716470724	0.150398723878	0.117071230738	0.160426482793	0.185972466211	0.1534472195	0.193666560675	0.186771704588	0.151972168494	0.15025486973	0.155108873412	0.167296416933	0.181574390349	0.146510132915	0.158528775415	0.157129574452	0.134258306391	0.15486317294	0.142655131571	0.184686197505	0.149116731862	0.108810709567	0.107273316909	0.103924033898	0.125558702845	0.135108062122	0.197350494186	0.185899011909	0.150491302556	0.139456338801	0.192388537406	0.188962184161	0.133152050762	0.129161709532	0.141389708498	0.184361996753	0.152075285249	0.16417852012	0.131850043743	0.158748680326	0.131515784071	0.171956403306	0.127621415754	0.165953623415	0.104413356528	0.163608688836	0.131876070909	0.154825643107	0.142178819405	0.121549344151	0.11096092929	0.154504697743	0.168026843167	0.104695011177	0.135330561844	0.145133763595	0.168102093055
158479027-supragingivalplaque1.snv.bam	0.118569309071	0.107733095788	0.104966714356	0.200702733528	0.196209329001	0.0	0.0116508415439	0.0741915481721	0.0863434375321	0.19632950841	0.192823759783	0.197002097823	0.256464269344	0.2516792185	0.0419339329928	0.0325474315329	0.0572214964701	0.166963983144	0.21887424229	0.0789502486071	0.152705052047	0.100942536563	0.215287960939	0.219943478579	0.126994129494	0.170175064924	0.121622733107	0.143315920618	0.130723125602	0.161731323828	0.156070544367	0.101319865379	0.0862491799943	0.0817413317912	0.200559386795	0.186912600433	0.173333691226	0.148377062993	0.167705906009	0.187325761622	0.11222231647	0.123356863367	0.0666712184797	0.198360969296	0.182489673909	0.24698689861	0.200691404235	0.131083063451	0.190989882176	0.175155823949	0.216444624799	0.208480397858	0.197849131168	0.197043932145	0.193723998248	0.0693911270427	0.172348240702	0.167982199292	0.173477988177	0.164706459605	0.185225823336	0.167595086135	0.164692349199	0.124611494065	0.240285229721	0.166874180516	0.153716317553	0.239449280481	0.130317387548	0.183891836797	0.0215339841005	0.220374741741	0.162426803766	0.170506338968	0.169483700205	0.153170974991	0.121101512677	0.0741486382524	0.149340672058	0.0412858198168	0.033776025609	0.149151661876	0.147028002236	0.182119301684	0.20932706673	0.183355530418	0.15966780925	0.0725249861409	0.100482018561	0.0967725053979	0.155495008826	0.206121683965	0.19741837356	0.214542289593	0.163990304599	0.175310034979	0.174371993628	0.19953751742	0.208892126592	0.12588039303	0.102431697127	0.131342063718	0.15713962388	0.0395301862529	0.048396032295	0.176932422621	0.204889631418	0.137926211531	0.104548113994	0.0791276408065	0.056094217709	0.141864135062	0.116818915684	0.11903309965	0.199829772315	0.193425299686	0.191699476466	0.196621025842	0.178211311474	0.125352472834	0.167884784621	0.116020265932	0.190867611915	0.179550181454	0.118232913135	0.200751659255	0.180981914811	0.15782812913	0.139552243845	0.127992924477
158479027-supragingivalplaque2.snv.bam	0.118334606812	0.101225007931	0.101760858328	0.202483472555	0.195927028531	0.0116508415439	0.0	0.0759965342436	0.0850131986628	0.195821308757	0.190903821424	0.195580814617	0.25519202661	0.250218596741	0.0430717769215	0.0316061942777	0.055888238591	0.163416671457	0.221433313046	0.0791661124291	0.150634531333	0.100733499373	0.213663165601	0.218621013219	0.128318112191	0.171424851452	0.119752360587	0.143522384012	0.130258539494	0.163017665111	0.155899504134	0.101247036013	0.0868014807517	0.0832776000034	0.199371224453	0.187049750753	0.173076461436	0.148928673031	0.166927280271	0.186623900537	0.111619142704	0.12490694901	0.0665671980418	0.194873278491	0.183560092304	0.245414088971	0.199471210145	0.128644698525	0.189193314699	0.174480079396	0.211913750606	0.207792709898	0.197488199193	0.196951212876	0.196832970848	0.0666220438397	0.172540269045	0.165182651957	0.172811504922	0.163367659308	0.185612789701	0.166059378823	0.163747527994	0.121504892201	0.24170783993	0.164531068444	0.154116619638	0.239483659011	0.130110362905	0.183649758494	0.020050588767	0.220759669347	0.164634305869	0.173093236024	0.172317013918	0.150757086581	0.122915141163	0.0756351487329	0.150941799146	0.0416109891175	0.0336424812762	0.149080389551	0.147933783255	0.182222653518	0.208300443822	0.184194292902	0.154884298829	0.0703825542542	0.0987877896105	0.0958155353935	0.153540038427	0.20708362571	0.198374494304	0.216100989906	0.162369306621	0.176091758279	0.173162643597	0.197994275954	0.207118029703	0.121438115074	0.096630130674	0.129272933228	0.15553584297	0.0391718061205	0.0457397207894	0.174008673629	0.199540230248	0.135492638741	0.102827745076	0.0790864769388	0.054103517066	0.140281609551	0.113753647534	0.117371841286	0.197801576723	0.190541165351	0.191164477199	0.195048451427	0.180732464697	0.12357769668	0.164396821125	0.114983532791	0.192126789453	0.179878194169	0.118478952938	0.200133069231	0.179811439587	0.157093568149	0.138353264883	0.12436884762
158499257-supragingivalplaque1.snv.bam	0.0894914873867	0.0985973662066	0.090352768115	0.176449164767	0.162733580023	0.0741915481721	0.0759965342436	0.0	0.0401981144966	0.17632566183	0.161965168599	0.167898587266	0.228975945435	0.224657351677	0.0681857179792	0.0792851251668	0.0762986289265	0.16257554975	0.196670572742	0.0892113819747	0.133110170876	0.0876338922121	0.188743006919	0.193419976904	0.116690632468	0.157381518265	0.108442385906	0.124596866994	0.121179182174	0.131038751266	0.126093289146	0.098376565872	0.0958618224954	0.0948913049487	0.177276480927	0.162718016466	0.150228122546	0.124786689321	0.1376305195	0.154995430095	0.113154838784	0.10572226593	0.0786777402914	0.166764472978	0.163879063991	0.220414327289	0.181160436805	0.116133342868	0.177383647285	0.154761822534	0.194762598824	0.168729675931	0.160996394554	0.160928718703	0.173802244787	0.0763769685578	0.139662878006	0.140571062919	0.14376496287	0.140453702475	0.156954924931	0.147871213555	0.144450858249	0.0916524187732	0.213332816934	0.133737202666	0.122309502806	0.213254456932	0.131459411967	0.173622733731	0.0723740408679	0.191935778917	0.137966023928	0.14678743112	0.142595496209	0.12075306785	0.118214161344	0.0961432517359	0.134168649061	0.072863349353	0.0670805587865	0.123176474428	0.114943151002	0.152734431324	0.181615572053	0.163276376834	0.129253892985	0.0617964224539	0.0858222616173	0.0822956039727	0.132767871503	0.180569318083	0.185589607221	0.191875489604	0.139799199517	0.144403277591	0.145908391954	0.176541558332	0.188594615457	0.131768543975	0.106102572429	0.116413466663	0.134327071333	0.0793204333406	0.0813943396023	0.147237219017	0.172384909049	0.118326275671	0.109133187836	0.0748561080229	0.0663482402219	0.115430453561	0.102898531748	0.100641607069	0.172842824057	0.16421653408	0.166051359043	0.161773035115	0.165361935147	0.0934470473501	0.159040005424	0.101463305062	0.151472404943	0.147733738178	0.0956528062902	0.179731506164	0.147181685296	0.135634858553	0.119741711526	0.125113995768
158499257-supragingivalplaque2.snv.bam	0.0971338043145	0.110586601723	0.0965289619702	0.173296391601	0.16234976753	0.0863434375321	0.0850131986628	0.0401981144966	0.0	0.189605088352	0.172489176802	0.177958488701	0.237239649914	0.231989697073	0.0821692024738	0.0861624741612	0.0871738442044	0.171289547137	0.198100262276	0.104480477064	0.136446512433	0.0935965596953	0.1935290383	0.19637563818	0.127975068117	0.167916746414	0.121537249575	0.135674398502	0.124824182511	0.136713000468	0.13600005461	0.114387165957	0.11081415226	0.110106906567	0.182146488173	0.16760538033	0.154766045539	0.124112100118	0.144245652431	0.158955889342	0.129742294308	0.118297482209	0.0943630490836	0.173175236658	0.160182273707	0.226227430074	0.182134616579	0.127124754355	0.18240744701	0.159968014696	0.200457641962	0.169052708417	0.164929618076	0.164729633159	0.175821018102	0.0882753286149	0.144073672494	0.149591429823	0.147895034432	0.147857343895	0.160235983014	0.151982973728	0.14882441908	0.092131533899	0.219411952648	0.132368618904	0.12712612131	0.216831811201	0.124183391133	0.17738319175	0.0792893150632	0.194315652777	0.144826457365	0.153296354563	0.148492905788	0.12625000494	0.125411586269	0.107273214655	0.141754605036	0.0796000043777	0.075969028803	0.133630214172	0.126074373362	0.15049537805	0.183771291482	0.164205221108	0.139540306631	0.0737385940597	0.0923412553986	0.0944320000955	0.137214612182	0.179406467285	0.193101504476	0.189408717653	0.145500120094	0.149168507906	0.154218541767	0.181817872768	0.192665068516	0.140421787734	0.120015139354	0.128429762011	0.147845086701	0.0883466898596	0.090186947351	0.157094740083	0.171021893274	0.126450502876	0.119524861966	0.0891699932233	0.0784019946173	0.121893123029	0.114858155118	0.109901359959	0.178194297585	0.167634795707	0.169892561304	0.169816804155	0.165702279974	0.0924665065952	0.157030908552	0.111291756591	0.155934827735	0.152469846469	0.0968309727404	0.173664164686	0.152713704215	0.139788226467	0.12665026721	0.136850989119
158802708-supragingivalplaque1.snv.bam	0.170811514916	0.171382034394	0.182436044442	0.207169823708	0.174965591644	0.19632950841	0.195821308757	0.17632566183	0.189605088352	0.0	0.062907301683	0.0638904895261	0.145976979057	0.141133115946	0.190432118421	0.197920151688	0.177597574221	0.198847607393	0.221215323303	0.175258581872	0.191513753832	0.149069750428	0.170198137983	0.174526773012	0.18296963168	0.198587217094	0.157897649161	0.143732968161	0.16075324528	0.145729942478	0.143163227543	0.166849320374	0.174181948913	0.170256428453	0.153706054236	0.152139011894	0.147777747901	0.167125074936	0.193747363867	0.188648578397	0.184220826885	0.173958833029	0.181560135119	0.165850264254	0.220788390456	0.134707683027	0.197781852159	0.141028936469	0.151885963914	0.14371010361	0.0994507476449	0.160965397332	0.153807785124	0.153446905068	0.212911865623	0.176871063326	0.156325244345	0.161881367709	0.176392530851	0.14441631032	0.173340613358	0.168257086244	0.171630561227	0.168450753964	0.208842279701	0.148608508806	0.162600853382	0.190070213518	0.191306899053	0.169129192851	0.190234935173	0.197378184323	0.176952439239	0.177669661339	0.178985022734	0.157459656808	0.176072572674	0.181865794452	0.191629656052	0.18806319384	0.182269449521	0.187609618785	0.194327924246	0.192147930578	0.196665377903	0.19881800353	0.173975435894	0.169398893616	0.167535290219	0.155018470806	0.180269874229	0.199925501373	0.216110291692	0.212096010372	0.124192499371	0.152255238752	0.129061622347	0.171805912311	0.177248858798	0.188332377429	0.183165265848	0.144334849883	0.158755217491	0.202912837545	0.201697650889	0.164522772748	0.182750320034	0.138696419871	0.172184220029	0.15563856744	0.166910842419	0.177047847745	0.15321720482	0.14878920132	0.175898650062	0.14528451634	0.17645280639	0.149006251617	0.193327140737	0.161557476364	0.18414219471	0.171774906169	0.183348305538	0.167656681018	0.179690079753	0.206085898471	0.130948063251	0.167330544551	0.168129032604	0.173896745429
158802708-supragingivalplaque2.snv.bam	0.157706830177	0.154321778479	0.162692723265	0.188786681871	0.130144745787	0.192823759783	0.190903821424	0.161965168599	0.172489176802	0.062907301683	0.0	0.0605256579047	0.126543386342	0.122652756595	0.18585889932	0.19412758438	0.160549501881	0.188665707837	0.202520871981	0.160579501345	0.161569840691	0.143676780949	0.137153445719	0.141418942928	0.165095676244	0.184299503166	0.143087793647	0.113600313672	0.155196278404	0.118555810725	0.110019902953	0.163950212533	0.172074810717	0.167115217741	0.112353983092	0.112701800893	0.106162199923	0.142214977211	0.166244355126	0.158885797423	0.167455027023	0.155675610618	0.171221382547	0.127383847518	0.2048350039	0.108819445213	0.171271319352	0.100720236961	0.156148838485	0.136677782865	0.0782828384041	0.125705524815	0.119505001272	0.119172310469	0.18910801012	0.167528689315	0.135611820788	0.131771264766	0.148295040758	0.103756042034	0.155371873694	0.160285781883	0.155775430547	0.143431445112	0.183810857975	0.106663491191	0.136483465428	0.165897371649	0.185498677601	0.177426359293	0.189703173223	0.176197248834	0.150531223783	0.152048118605	0.151650397072	0.121062960932	0.166901383042	0.181106350685	0.177642701166	0.184726344669	0.180103604587	0.164464603246	0.174049119263	0.171974135014	0.179588880485	0.185880966294	0.14656712797	0.158996718514	0.155356650656	0.137844002245	0.164014071184	0.168100282515	0.203805120806	0.172115141713	0.0848240369583	0.113167131309	0.0904178761821	0.13426334551	0.134622999672	0.193575072185	0.183833486224	0.129805224345	0.141583604034	0.197498129824	0.195070659085	0.135777407093	0.146449226348	0.112484323308	0.165863107825	0.147776616463	0.160466526396	0.139723643656	0.14351504789	0.128331340995	0.16160562224	0.119062546956	0.163463036997	0.104338158441	0.172853509186	0.141322521391	0.155748535024	0.156769416517	0.152526444527	0.132121996071	0.168513207704	0.189164241919	0.0960078372968	0.135627197056	0.145679965269	0.164582755629
158802708-supragingivalplaque3.snv.bam	0.160052189811	0.159569601875	0.171713891275	0.19025798021	0.148248086098	0.197002097823	0.195580814617	0.167898587266	0.177958488701	0.0638904895261	0.0605256579047	0.0	0.157392354241	0.153328371494	0.189667849418	0.197326897944	0.167185791048	0.195471444717	0.215767746181	0.165110323869	0.166388876197	0.145845607919	0.16384194535	0.167868058602	0.159776833773	0.173347319866	0.119553744121	0.130550524352	0.152604017593	0.114424197253	0.116466265531	0.16624710375	0.17417883523	0.171855110491	0.14095405038	0.137225344889	0.132791664537	0.152494390417	0.172748769182	0.166523246859	0.169177401492	0.154671379126	0.174655234997	0.15842037046	0.209293300934	0.14064234661	0.181910194825	0.118911796359	0.160484060993	0.15121911768	0.110190164564	0.143587695279	0.138227760482	0.138052140611	0.197806946262	0.172968450437	0.136172633251	0.137021609475	0.146660032205	0.124084474351	0.159075522951	0.165065475173	0.161013165334	0.149486267995	0.191244156103	0.129296531575	0.144350730874	0.177404605405	0.18531998532	0.147887794176	0.193223837498	0.19006752038	0.158096647621	0.157534985022	0.156731524779	0.132633924672	0.173040271407	0.183895876546	0.188570768641	0.187754569335	0.185457146685	0.164567046963	0.175328266335	0.17846848524	0.176555119531	0.191792271673	0.145396864527	0.163863767745	0.157022958351	0.147212593516	0.165902140171	0.174983563665	0.210836010534	0.186730880322	0.107765715936	0.132879590417	0.112837578703	0.154686435061	0.160014443571	0.184996534304	0.178276160371	0.140322631443	0.149512259497	0.20101339821	0.199771599448	0.13795254496	0.161166489538	0.13313289251	0.171326397447	0.15095135878	0.164721267402	0.15071349702	0.120405414993	0.122292444034	0.162015626251	0.135391627444	0.165842979544	0.122188582926	0.173284041382	0.148293250355	0.173647609088	0.16061622761	0.162288787718	0.145007245357	0.174544860135	0.203179386153	0.116980759415	0.139290239821	0.146182754036	0.158860573645
158883629-supragingivalplaque1.snv.bam	0.227572037669	0.22040204203	0.229810504291	0.226357848317	0.159192304228	0.256464269344	0.25519202661	0.228975945435	0.237239649914	0.145976979057	0.126543386342	0.157392354241	0.0	0.0122669416953	0.247620369887	0.254679571096	0.217295680727	0.21978169234	0.23432282928	0.219963410368	0.21636154905	0.206949741754	0.118605644575	0.121408501372	0.235321966992	0.242119875569	0.214740412631	0.166363143255	0.213274541263	0.172880380914	0.166620817251	0.223166113755	0.230797752011	0.223631277921	0.119414716543	0.144438157581	0.157209840866	0.193284674058	0.222946618257	0.205757934065	0.227287363594	0.221246576367	0.231787564643	0.126934443093	0.248778059719	0.106929730079	0.210249779969	0.146304158657	0.200295856591	0.196059144127	0.092706881575	0.1552641974	0.146062955148	0.145673196352	0.212858662757	0.228868523383	0.194403062048	0.182153430627	0.212616756431	0.135010188976	0.201411734011	0.212264655296	0.211405761771	0.204528239056	0.173989051759	0.158376629022	0.19099101217	0.155366069479	0.24013888459	0.232332448415	0.253036288226	0.196568306709	0.216529512201	0.215031358265	0.215525863872	0.184646457799	0.227182756175	0.240258227676	0.217231321354	0.241281473957	0.238962616422	0.230969168572	0.2229772248	0.218174031725	0.227145259214	0.237188921024	0.207734221065	0.228503741022	0.225086811056	0.201777227706	0.223957340953	0.209859988947	0.217638598815	0.207474678968	0.133993941599	0.169446710378	0.148991056285	0.166157874833	0.15607888166	0.245598175502	0.249675695038	0.194879862667	0.18897781439	0.251441549806	0.249588121636	0.183328354413	0.181775116836	0.174471576846	0.231620362562	0.206414589403	0.222939955174	0.205470408261	0.220961224313	0.203983119577	0.216708103898	0.163421830025	0.214780723233	0.131221215897	0.219901504959	0.2042698038	0.194057689251	0.224667735857	0.199329353681	0.179793441154	0.220951596404	0.210700243912	0.132651084573	0.196705748123	0.210671303701	0.225300403061
158883629-supragingivalplaque3.snv.bam	0.223268692976	0.216287680255	0.224390952376	0.223041657941	0.156815789059	0.2516792185	0.250218596741	0.224657351677	0.231989697073	0.141133115946	0.122652756595	0.153328371494	0.0122669416953	0.0	0.243878194547	0.249881453316	0.21261249701	0.219589697208	0.231868625737	0.214879779732	0.215843606925	0.202361967827	0.115451937163	0.119258492997	0.233420477243	0.239695125441	0.209511805899	0.162975075729	0.20915290632	0.169628531415	0.162692146196	0.219865433731	0.227383056351	0.220711815313	0.118514909245	0.139500180539	0.151716326536	0.190177012033	0.219686081475	0.202805882194	0.223232483129	0.218257290997	0.228390483575	0.124444465416	0.244449486291	0.102669772173	0.206559953585	0.143019274978	0.195646625133	0.192150486163	0.0889982615132	0.15090025593	0.141561614521	0.141168458588	0.211418048692	0.225091540603	0.19048816816	0.179331280663	0.210293520763	0.134898436346	0.198603385349	0.210337627605	0.20993422304	0.201860437081	0.173321516609	0.155271482506	0.189130295288	0.153811949429	0.235754407144	0.229200171544	0.248127882817	0.194756245919	0.214628626874	0.211870804575	0.213008850629	0.181100551074	0.224245192008	0.235861196609	0.214775414121	0.235380448695	0.231304932383	0.227968233861	0.219134829723	0.218013829111	0.226009428962	0.234159258965	0.205555660169	0.224026092507	0.220807969056	0.198815589425	0.220060447994	0.20788401669	0.213441464325	0.205056038295	0.130326532287	0.167782227471	0.146217537663	0.164047667117	0.153901086272	0.242028422202	0.245408099597	0.190868728952	0.18505128077	0.246115994585	0.243941226266	0.178907812375	0.178003407659	0.168753350338	0.227260787213	0.202921787744	0.220351671499	0.202184736759	0.216607291186	0.200333546973	0.216037167841	0.160748856087	0.21444851704	0.12809991567	0.21790418259	0.200685839769	0.189386360349	0.222291418662	0.195903526584	0.176253415844	0.217342476096	0.203797168224	0.127779091581	0.193985662586	0.208282053977	0.221954237614
159207311-supragingivalplaque1.snv.bam	0.116271462066	0.103326533775	0.0959315454453	0.196246868085	0.185103837161	0.0419339329928	0.0430717769215	0.0681857179792	0.0821692024738	0.190432118421	0.18585889932	0.189667849418	0.247620369887	0.243878194547	0.0	0.0232821199806	0.0544192208732	0.166234301009	0.215695670426	0.0724041155274	0.149148198514	0.0955798404786	0.20523265682	0.209785894049	0.12746871907	0.172860749307	0.110151119883	0.144873362708	0.126889195684	0.153725000925	0.150928227241	0.0958388794245	0.0859803911655	0.0837867394022	0.199343770386	0.186111201773	0.171302163023	0.147553644385	0.158113326965	0.178922497528	0.115651911185	0.120370616603	0.0686230735587	0.19161652657	0.17416713308	0.236416527997	0.19554414292	0.128113382861	0.183017243137	0.164334849615	0.209676209897	0.195766285417	0.186067244203	0.185471622158	0.192989161639	0.0673174204798	0.163238888628	0.165061217692	0.168814564804	0.156080282862	0.178722291859	0.159302647903	0.159559071479	0.114008834647	0.229778560035	0.159029490922	0.145286635524	0.231962740782	0.129929470295	0.185725846708	0.0347863981598	0.209216477161	0.156961241016	0.165489433092	0.164090592319	0.142396323289	0.122284772794	0.075500839967	0.152797607758	0.0465276065942	0.0367404585029	0.148242877878	0.146634163686	0.177930500304	0.20309425582	0.176379578891	0.151128702489	0.0693573897617	0.102853838186	0.0895830655515	0.148848542529	0.196664255146	0.194884940646	0.209279526858	0.156217030021	0.165751510206	0.16590698757	0.190592332703	0.201892329723	0.135450647041	0.10833697142	0.128997629126	0.152105442414	0.038328059823	0.037675381147	0.169291134015	0.197846617306	0.134984786059	0.103089200473	0.0745458368369	0.0542101748786	0.1394646621	0.112356353894	0.110887787895	0.185948598349	0.182722426986	0.176878013038	0.18484676833	0.178519179366	0.112211133543	0.169013646347	0.108438081995	0.180178316142	0.169189238854	0.105831172112	0.199647511302	0.170274440862	0.153762260682	0.136577719334	0.116778516188
159207311-supragingivalplaque3.snv.bam	0.127084056842	0.111105430194	0.108139779742	0.204617776824	0.193731030108	0.0325474315329	0.0316061942777	0.0792851251668	0.0861624741612	0.197920151688	0.19412758438	0.197326897944	0.254679571096	0.249881453316	0.0232821199806	0.0	0.0507839134847	0.171620228729	0.228182793863	0.0724789110883	0.156204199499	0.103832648502	0.211746165997	0.216334673688	0.132610757157	0.177485435891	0.119535495729	0.15155414891	0.130295788959	0.161799727061	0.159513935715	0.102361070455	0.0881284535464	0.0863678101475	0.206625847183	0.193701717416	0.177570912531	0.150741509876	0.166001838758	0.188038675336	0.113168252973	0.124519697863	0.0663463689433	0.197794313131	0.181953811509	0.247071111262	0.200941953781	0.132352828124	0.187678661621	0.172018174881	0.218457197594	0.205160663059	0.195257912143	0.194614440076	0.200837291537	0.0693046334836	0.175304953417	0.17278689498	0.17686954224	0.163679844056	0.186963293668	0.168856944959	0.167597339958	0.125612002614	0.240757273532	0.16819152471	0.155581466267	0.239319786098	0.133272882298	0.194387700322	0.0253336345838	0.220957926693	0.168458521203	0.174630200339	0.174563297281	0.152884736144	0.128531356972	0.0722658559918	0.153749875186	0.0432816732873	0.0323886955529	0.154621263203	0.153275340738	0.189190222294	0.213785639857	0.187582783014	0.160488356232	0.0787438640725	0.108719206061	0.0972568077131	0.15812437523	0.207510530663	0.198568152965	0.217828666955	0.163528586673	0.175703780733	0.173328954004	0.200589393362	0.210620815822	0.139693710817	0.114993627697	0.133273066656	0.157861421307	0.031920002086	0.0373755598305	0.1784162738	0.203287492582	0.140946392001	0.102962962802	0.0818643086216	0.0565753151709	0.145627397449	0.12173918321	0.117840998375	0.199622576538	0.196338638621	0.191791233327	0.195028763763	0.188372956447	0.1273581155	0.17142381339	0.116129608721	0.189860990817	0.176393807187	0.118697399552	0.207088790881	0.179909876114	0.162620989737	0.146359990543	0.123763017297
159247771-supragingivalplaque2.snv.bam	0.114328157385	0.0994363091709	0.0938750184008	0.190151458232	0.160409036111	0.0572214964701	0.055888238591	0.0762986289265	0.0871738442044	0.177597574221	0.160549501881	0.167185791048	0.217295680727	0.21261249701	0.0544192208732	0.0507839134847	0.0	0.168169017131	0.203694782651	0.0658526384536	0.135950654039	0.0996248450238	0.173954519606	0.177773892571	0.126110908246	0.168540258187	0.100363977102	0.124678408736	0.124039643013	0.134121188555	0.130367657687	0.0943155663188	0.0898346604338	0.0894268019179	0.1704605686	0.160264197804	0.146314942793	0.135154135495	0.145135288308	0.160889988641	0.106527260994	0.108205549582	0.0633701217788	0.162187960752	0.177955005786	0.215315948283	0.17426995269	0.0968029936815	0.186550289475	0.162794979725	0.192581512992	0.172136392236	0.16119810733	0.160998771485	0.183620413659	0.0562841166851	0.151083963215	0.141647585387	0.152489227808	0.132948524197	0.160077806059	0.155617617684	0.153162609411	0.106202484702	0.21507624936	0.139285931678	0.128838153043	0.211832649871	0.133851858953	0.183979536681	0.0528819690645	0.189440882586	0.150371548781	0.15482001089	0.153282481603	0.125795450517	0.128534793324	0.0925071212478	0.142166395606	0.0680314533702	0.0554214379807	0.135954346969	0.137566446652	0.174250370094	0.192692552058	0.174126947469	0.140586398756	0.074462111311	0.103313843598	0.0850026075766	0.142090796518	0.183459419705	0.186781882023	0.192164497295	0.13752960453	0.147129162298	0.144981557669	0.169211257455	0.180467721661	0.149572204708	0.121677468884	0.123245718614	0.145784338473	0.054066651474	0.0542453412077	0.150039962359	0.174421182568	0.119752110458	0.108723594679	0.0696074899729	0.0598537546043	0.122113759527	0.106577713852	0.0950384410831	0.179754025552	0.162714122585	0.172649713415	0.160291031003	0.171336293486	0.114638044441	0.146773158738	0.101424332119	0.164093582587	0.148246124799	0.113124063133	0.194635542457	0.1513787116	0.137688801519	0.1274522997	0.119013936581
