	158256496-stool2.snv.bam	158499257-stool2.snv.bam	159146620-stool1.snv.bam	159247771-stool1.snv.bam	159247771-stool2.snv.bam	159571453-stool1.snv.bam	159571453-stool2.snv.bam	160400887-stool1.snv.bam	160603188-stool1.snv.bam	161230322-stool1.snv.bam	706846339-stool1.snv.bam	706846339-stool2.snv.bam	763961826-stool1.snv.bam	763961826-stool2.snv.bam	764447348-stool1.snv.bam	764447348-stool2.snv.bam	764487809-stool1.snv.bam	765074482-stool3.snv.bam	861967750-stool1.snv.bam	BGI-15A.snv.bam	BGI-34A.snv.bam	BYQ_AAAF.snv.bam	BYQ_AAAH.snv.bam	BYQ_AAAQ.snv.bam	BYQ_AAAS.snv.bam	BYQ_AAAZ.snv.bam	BYQ_AABB.snv.bam	CCIS02856720ST-4-0.snv.bam	CCIS07648107ST-4-0.snv.bam	CCIS09568613ST-4-0.snv.bam	CCIS22416007ST-4-0.snv.bam	CCIS22906510ST-20-0.snv.bam	CCIS38765456ST-20-0.snv.bam	CCIS41548810ST-4-0.snv.bam	CCIS62794166ST-4-0.snv.bam	CCIS82507866ST-3-0.snv.bam	CCIS83574003ST-4-0.snv.bam	CCIS87252800ST-4-0.snv.bam	CCMD13071240ST-21-0.snv.bam	CCMD50071957ST-21-0.snv.bam	CCMD63399960ST-21-0.snv.bam	CCMD74930188ST-21-0.snv.bam	CCMD93344354ST-21-0.snv.bam	CCMD96553385ST-21-0.snv.bam	DLM001.snv.bam	DLM014.snv.bam	DLM019.snv.bam	M2.1-V1.metaG.snv.bam	M2.1-V2.metaG.snv.bam	M2.1-V2.metaT.snv.bam	M2.1-V3.metaG.snv.bam	M2.1-V3.metaT.snv.bam	M2.3-V1.metaG.snv.bam	M2.3-V2.metaG.snv.bam	M2.3-V3.metaG.snv.bam	M2.4-V2.metaG.snv.bam	M2.4-V3.metaG.snv.bam	MH0204.snv.bam	MH0206.snv.bam	MH0227.snv.bam	MH0290.snv.bam	MH0293.snv.bam	MH0348.snv.bam	MH0361.snv.bam	MH0368.snv.bam	MH0378.snv.bam	MH0388.snv.bam	MH0396.snv.bam	MH0398.snv.bam	MH0399.snv.bam	MH0423.snv.bam	MH0425.snv.bam	MH0426.snv.bam	MH0440.snv.bam	MH0443.snv.bam	MH0448.snv.bam	MMRS12272136ST-27-0-0.snv.bam	MMRS14602194ST-27-0-0.snv.bam	MMRS57276462ST-27-0-0.snv.bam	MMRS67096717ST-27-0-0.snv.bam	MMRS67247116ST-27-0-0.snv.bam	MMRS68630931ST-27-0-0.snv.bam	MMRS81135225ST-27-0-0.snv.bam	MMRS84954772ST-27-0-0.snv.bam	MMRS93621581ST-27-0-0.snv.bam	N021A.snv.bam	N024A.snv.bam	N039A.snv.bam	N043A.snv.bam	N066A.snv.bam	N086A.snv.bam	N087A.snv.bam	N088A.snv.bam	N104A.snv.bam	NG-5636_290.snv.bam	NG-5636_441.snv.bam	NG-5636_543.snv.bam	NLF008.snv.bam	NLF012.snv.bam	NLM021.snv.bam	NLM022.snv.bam	NLM031.snv.bam	NOF005.snv.bam	NOM010.snv.bam	NOM015.snv.bam	NOM016.snv.bam	O2.CD1-0.snv.bam	O2.UC11-1.snv.bam	O2.UC3-1.snv.bam	O2.UC35-1.snv.bam	O2.UC49-0.snv.bam	T2D-123A.snv.bam	T2D-12A.snv.bam	T2D-157A.snv.bam	T2D-198A.snv.bam	T2D-207A.snv.bam	T2D-20A.snv.bam	T2D-26A.snv.bam	T2D-41A.snv.bam	T2D-53A.snv.bam	T2D-54A.snv.bam	T2D-59A.snv.bam	T2D-6A.snv.bam	T2D-8A.snv.bam	V1.CD1-3-PN.snv.bam	V1.CD20-0.snv.bam	V1.CD22-0.snv.bam	V1.CD25-4.snv.bam	V1.CD37-4.snv.bam	V1.CD38-0.snv.bam	V1.CD4-0-PN.snv.bam	V1.CD43-0.snv.bam	V1.CD54-0.snv.bam	V1.CD6-4.snv.bam	V1.FI03.snv.bam	V1.FI05.snv.bam	V1.FI08.snv.bam	V1.FI11.snv.bam	V1.FI13.snv.bam	V1.FI14.snv.bam	V1.FI18.snv.bam	V1.FI19.snv.bam	V1.FI20.snv.bam	V1.FI24.snv.bam	V1.FI34.snv.bam	V1.FI36.snv.bam	V1.UC11-5.snv.bam	V1.UC13-3.snv.bam	V1.UC25-1.snv.bam	V1.UC40-1.snv.bam	V1.UC5-3.snv.bam	V1.UC55-4.snv.bam	V1.UC57-0.snv.bam	V1.UC61-0.snv.bam	V1.UC62-0.snv.bam	V1.UC64-0.snv.bam	daisy-11-0-0.snv.bam	daisy-11-2-0.snv.bam	daisy-11-60-0.snv.bam	daisy-11-7-0.snv.bam	peacemaker-11-392-3.snv.bam	peacemaker-11-600-0.snv.bam	peacemaker-11-773-0.snv.bam	peacemaker-13-392-1.snv.bam
158256496-stool2.snv.bam	0.0	0.194142020389	0.0515209693985	0.218082199087	0.217924611776	0.259189061415	0.25972664197	0.200505921638	0.238753434552	0.242807281894	0.192865494287	0.192860088423	0.217084072798	0.216706002492	0.258369121569	0.258810357925	0.261272097739	0.164384277075	0.228356108599	0.234040289045	0.270161316411	0.129965905083	0.261494987773	0.145098157377	0.261406254377	0.145197968534	0.261882431779	0.261265410268	0.259716778663	0.210818043261	0.229859615874	0.238236093127	0.249470903581	0.209398827654	0.26942325444	0.26933379901	0.218689271327	0.208315582843	0.216140418882	0.248192443586	0.228478054028	0.228165733978	0.124241185962	0.219988616193	0.300772653135	0.219510139753	0.206411184732	0.226533845586	0.228229371359	0.233086066581	0.228158448004	0.227429497472	0.225553706056	0.22827762573	0.23038899196	0.226088088867	0.225553706056	0.231263050861	0.213127880723	0.261270687552	0.211973130848	0.225468705015	0.0494771716358	0.255720803174	0.219856043816	0.229640594548	0.224850827023	0.307353776843	0.211438510071	0.0522832299494	0.209465394829	0.065284199926	0.223165967983	0.231577455139	0.208990989582	0.265881711048	0.221606208389	0.222203931179	0.216140418882	0.254963416574	0.214242121607	0.220548000056	0.233319334761	0.258279612009	0.258153920707	0.270486957954	0.25181864285	0.250540005229	0.271750022729	0.265250780968	0.233718964785	0.220364510386	0.225875944287	0.222433553496	0.21919908195	0.260069987522	0.210898329708	0.220029310953	0.223149976925	0.292096691827	0.267738440102	0.222937379226	0.225053426504	0.221388172103	0.217953575711	0.238776878699	0.222755066077	0.221220062993	0.230958838574	0.252811220037	0.274643192555	0.303542918545	0.217293051288	0.214194128701	0.208038022654	0.303016753968	0.259647425119	0.262139626972	0.269871928777	0.199331275166	0.263465035029	0.195643933629	0.222891550646	0.222794548804	0.224243381471	0.222945052787	0.226484436899	0.219244942309	0.243464111147	0.260381358139	0.249439190233	0.243325906992	0.221622984684	0.0522543072059	0.0496785672226	0.21948237456	0.263883681586	0.230700298462	0.22995658635	0.198952527488	0.258605855757	0.258841367248	0.198550340269	0.213359573135	0.303086347577	0.256313687899	0.0578843863147	0.301078774519	0.207410988218	0.245520907163	0.198602973819	0.244018625105	0.22215385475	0.124696536241	0.125070085132	0.207398309901	0.229889325438	0.229790295928	0.229836616183	0.229832981062	0.267990874165	0.261421894563	0.261421894563	0.267783913928
158499257-stool2.snv.bam	0.194142020389	0.0	0.180698293095	0.209893627058	0.210476341512	0.216598260703	0.217698368574	0.204146083146	0.205374056617	0.193289456609	0.0845418486436	0.0844254521973	0.20418916024	0.203764229614	0.217235114756	0.217147138422	0.218195018173	0.0974241127759	0.207747599243	0.249106715796	0.281206348678	0.232662285665	0.220274533719	0.202212178997	0.219741606596	0.202080333347	0.220463532421	0.210044688679	0.220670741964	0.249183376984	0.248623044638	0.191072084938	0.205037123823	0.212130991307	0.23297329733	0.216401905073	0.222968921029	0.239451030123	0.202656581448	0.201598179942	0.212613756772	0.246889071967	0.214157797684	0.215248598484	0.244444219089	0.207601620595	0.0974955096335	0.245365686945	0.246953341507	0.253164264473	0.246881713616	0.246394725285	0.244313214325	0.247002075226	0.249072549209	0.241569443534	0.244313214325	0.225802016815	0.252076872632	0.21868014638	0.251775434489	0.242314499704	0.175571989635	0.263461058024	0.207110399039	0.24937261984	0.261873764282	0.249727898807	0.208838702241	0.179828719626	0.24107678971	0.175541399191	0.261220816242	0.247159326335	0.240737987615	0.220896868306	0.188312619663	0.25927557668	0.202656581448	0.216334848201	0.252582003015	0.238913403331	0.191281177603	0.216424881355	0.216297945584	0.233910629318	0.198957119327	0.198723486531	0.282801666668	0.23351995921	0.239842146093	0.23176602713	0.202862070306	0.259259947734	0.208712187888	0.218345850636	0.241007694297	0.224639442126	0.261420956082	0.227985283368	0.232358844104	0.261062972349	0.253301997536	0.230434313548	0.251361728864	0.238261820779	0.259072765161	0.257886710162	0.249535645442	0.213777997949	0.266101664825	0.246803693962	0.203751922443	0.249697370707	0.242810596849	0.24635128517	0.165563066478	0.168246406993	0.233514122531	0.0714689044251	0.167553768084	0.194430725141	0.260097182208	0.259872042005	0.232476060821	0.260712707705	0.244797931858	0.207021496547	0.193816036679	0.221681064323	0.205520643923	0.195289695884	0.255940622222	0.181305550542	0.181232569419	0.206557498274	0.220649855847	0.246568948098	0.249046231229	0.146953863859	0.216485403385	0.217119920216	0.146702031964	0.222985449722	0.246612140135	0.213957589128	0.187630327773	0.244269230238	0.211029375759	0.193659213302	0.148584655208	0.194609489884	0.241125209095	0.215670354728	0.215197100421	0.243890003821	0.2378601018	0.237760091799	0.237913332929	0.237803199558	0.221929824561	0.219598275617	0.219598275617	0.225680580762
159146620-stool1.snv.bam	0.0515209693985	0.180698293095	0.0	0.214218880368	0.214179122913	0.269828707933	0.270196747356	0.251300406735	0.249960591171	0.245867284884	0.167948117005	0.167956007318	0.214526241126	0.213963116392	0.269112673989	0.269705733098	0.271394774074	0.135255058964	0.221110330143	0.236283025847	0.291402965238	0.0994041006568	0.271914175737	0.115589240853	0.271918813022	0.11557438626	0.272169223709	0.2656810697	0.254027787467	0.252492460923	0.258671763356	0.242397620008	0.258417998588	0.212607610057	0.278325157638	0.276060370579	0.213782064534	0.243054540456	0.213195428979	0.251183744911	0.245686933497	0.256788949346	0.0967299025264	0.213146664704	0.30961880745	0.219400886665	0.189186935941	0.255345993068	0.256852586726	0.264752945437	0.256781663371	0.255106544782	0.254271076738	0.256900841097	0.258918667407	0.255248838401	0.254271076738	0.229457481318	0.255280755726	0.270540354308	0.254647564737	0.252179190001	0.00399045976379	0.273026020803	0.217845183058	0.258818731248	0.27534026803	0.317016905692	0.213687640286	0.00404390428648	0.244932140297	0.0207512828757	0.274029439584	0.231328472996	0.244370574544	0.276982973899	0.219154791108	0.272289639054	0.213195428979	0.249440440495	0.255916539269	0.249520908918	0.229192583089	0.268646927372	0.26852123607	0.279424321244	0.246130651389	0.246180274831	0.292813040137	0.272330512376	0.246033162179	0.215182600845	0.226935910507	0.27243127746	0.219330467774	0.270892505812	0.245890566041	0.215394764132	0.273997373848	0.30129078944	0.279479132128	0.273663393192	0.266002151486	0.217092637536	0.257751570741	0.247475371437	0.272840773952	0.271716510886	0.259595660706	0.247648731498	0.289459022139	0.312234226726	0.214734116105	0.253304684754	0.246835753796	0.311695159747	0.250165195959	0.251782742791	0.278913060531	0.175505201218	0.253383697472	0.190586445945	0.273075509024	0.272880256679	0.219393993684	0.273350186607	0.255644010417	0.217093580601	0.246496836599	0.273561878732	0.244305594071	0.247672017062	0.272010169995	0.00341699510984	0.00312810774176	0.216866923525	0.269451716272	0.260803047297	0.258267558932	0.184333046639	0.269112665503	0.269315829295	0.184406546646	0.213875073269	0.311814710596	0.267110467135	0.00899680406284	0.310147893621	0.212441053894	0.240962580235	0.183937725429	0.247263778051	0.251283449729	0.0981451047552	0.0977437491459	0.244185888724	0.235972216462	0.235873186951	0.236024925717	0.235915872085	0.279872200983	0.271789209926	0.271789209926	0.276815331661
159247771-stool1.snv.bam	0.218082199087	0.209893627058	0.214218880368	0.0	0.00259734994117	0.188417724654	0.190808904955	0.243149802636	0.225232001869	0.191427128802	0.22345272463	0.223990493226	0.0224377307714	0.0219558078236	0.187614905414	0.188033155986	0.189805224729	0.243418788167	0.211268249815	0.213460328703	0.255762882349	0.104301259367	0.191547504619	0.119644716531	0.191244640636	0.119838561024	0.191669675824	0.230393302477	0.212334271894	0.230577907212	0.223421625001	0.238001308712	0.200335053405	0.197109302047	0.210985090704	0.223480264643	0.230356793755	0.253387393216	0.0217389213518	0.169944944292	0.189202956841	0.221443843895	0.242039393597	0.178288820867	0.280394565983	0.0251719339658	0.252554263496	0.219780840929	0.221507481275	0.220540575452	0.221421092409	0.22180454084	0.21882291523	0.22138845562	0.223673653866	0.215322848784	0.21882291523	0.222447427662	0.232523876383	0.221509597802	0.231636964908	0.211536596947	0.216733839767	0.233709959386	0.0253019712273	0.222627414005	0.252089095725	0.283858199037	0.193804884003	0.216276132536	0.254117495318	0.232953525494	0.250651721498	0.201555802553	0.253741360354	0.192121484545	0.217313215812	0.250060634493	0.0217389213518	0.207149508635	0.233709896008	0.213279370422	0.183423438674	0.187847319547	0.187973010849	0.210994254489	0.190711565296	0.186794849152	0.256869812098	0.21108222353	0.191095528934	0.225257676282	0.230474497116	0.249773449732	0.0252081969665	0.189754549444	0.256217525482	0.231598030336	0.250810407932	0.245664120872	0.213473068421	0.250384276255	0.240047140271	0.223273500683	0.235435892535	0.237707626068	0.249518551603	0.248268317862	0.223714592483	0.201783593199	0.29273616112	0.282992493817	0.0223968708015	0.236874513115	0.224520572375	0.282665716325	0.247263046068	0.248198235638	0.210716351464	0.249675638202	0.250326345901	0.212497531068	0.24992932131	0.250264823036	0.225356379514	0.250385066105	0.2190918898	0.0253614789017	0.191072220377	0.205234804066	0.200540421659	0.192911691259	0.248513808302	0.214196764505	0.214856124827	0.0247762571804	0.233244145813	0.223806428982	0.222740797728	0.239476315325	0.187536214931	0.188279299721	0.239248327196	0.216897012321	0.282289898776	0.212431546969	0.220279039925	0.281277801408	0.0286940266234	0.184153909754	0.240349072178	0.192273253691	0.214723281447	0.242347953811	0.241681705475	0.257325258954	0.194743219416	0.194644189905	0.194795928672	0.194799563793	0.196540148922	0.191240984705	0.191240984705	0.199511341366
159247771-stool2.snv.bam	0.217924611776	0.210476341512	0.214179122913	0.00259734994117	0.0	0.188950842554	0.190289599633	0.243547751105	0.225177293964	0.191010487843	0.223667109866	0.223594959595	0.0224891125503	0.0223358661026	0.187857200649	0.188304752243	0.190418866963	0.243146978888	0.211025496787	0.213435493468	0.255555120649	0.103761196138	0.191329272661	0.119233833256	0.191248472721	0.119364221946	0.191393443573	0.230006537982	0.211993716251	0.230108161122	0.223146477662	0.238080258987	0.200245024582	0.196613851052	0.210660508688	0.22345861579	0.230145865966	0.252917541285	0.0213270468358	0.169729495433	0.188752205782	0.221110888283	0.241534971308	0.178074765265	0.280348765791	0.0256533413611	0.252368144357	0.219432433252	0.221174525663	0.220424423949	0.221103602308	0.222187459912	0.218475653632	0.221222780034	0.223357201315	0.214971521031	0.218475653632	0.223095030018	0.232725127581	0.221671288177	0.231956359284	0.212275456918	0.217506782426	0.234795749589	0.0261167039902	0.223037944288	0.252372595341	0.283449605782	0.194010691234	0.216670715976	0.254566221942	0.23334377675	0.250823292482	0.202092599176	0.25390714961	0.191842551788	0.216817145428	0.24959582002	0.0213270468358	0.206837657871	0.233394983094	0.213004772595	0.182451005237	0.187629087588	0.18775477889	0.211552615931	0.190295353621	0.186804216192	0.257279674094	0.211092514353	0.190915704193	0.225234812883	0.230062499028	0.249318046397	0.0248173057343	0.189594690361	0.256102548619	0.231710872079	0.250714471135	0.245662532812	0.213360511713	0.250243821747	0.240235176406	0.223767452864	0.235784388963	0.238245605871	0.249317265704	0.247797690937	0.223622009444	0.20157594513	0.293256571335	0.282468707648	0.0227042977831	0.236904148344	0.224456961903	0.28200392403	0.247035649312	0.247825561713	0.211145947222	0.24990822021	0.250394474078	0.211907692845	0.249719584634	0.249975600622	0.225087912393	0.250718437318	0.219969711343	0.0255246928055	0.191656120816	0.205754830647	0.200916430548	0.192813596579	0.248177508446	0.215088488693	0.214876273139	0.0249001803397	0.23320497968	0.223138226466	0.22271401146	0.239507877256	0.188229482495	0.188263639093	0.23937903065	0.216914119819	0.282187452653	0.212384055603	0.220754609926	0.280901619339	0.028560611619	0.18429113876	0.240561856529	0.191862668685	0.214889185215	0.242705963833	0.241910560788	0.257056180954	0.194290726603	0.194191697092	0.194343435858	0.194347070979	0.196659822882	0.191022752746	0.191022752746	0.199353159581
159571453-stool1.snv.bam	0.259189061415	0.216598260703	0.269828707933	0.188417724654	0.188950842554	0.0	0.00450239009518	0.227346444375	0.187693411374	0.109621292547	0.252888830032	0.252860703837	0.208817725483	0.208392896938	0.00200836441244	0.00221232971267	0.00277088914334	0.252833205825	0.1941142014	0.213590977034	0.225871779327	0.231264325742	0.00554216237266	0.240264502653	0.00523731694401	0.240394891343	0.00572930814652	0.181343122487	0.20844994464	0.213609059165	0.199275564848	0.183549515384	0.105910234872	0.160198292616	0.0638680622878	0.103524732253	0.246711966642	0.236651866031	0.207486913337	0.0282172244572	0.136177001893	0.197396506044	0.255017520339	0.128789503469	0.219329687867	0.205542342834	0.24939769149	0.195561520438	0.197460143424	0.20811789772	0.19738922007	0.195305119541	0.194683263557	0.197138894803	0.199720317058	0.190453261428	0.194683263557	0.226734297081	0.216581481588	0.0368292338482	0.21554410011	0.193433394091	0.266268455424	0.204683516672	0.211432388635	0.199865870921	0.229336674398	0.221615582096	0.163518034639	0.272283786597	0.238216298273	0.273110659011	0.228709556852	0.192101487821	0.238091748507	0.00528489458568	0.206753883211	0.226870289583	0.207486913337	0.203811821707	0.216974365332	0.188909957146	0.0287139114783	0.001730251698	0.00160456039584	0.0652752240411	0.174138898065	0.170207834198	0.22439467894	0.0641190776826	0.135900538912	0.229107428455	0.155631202698	0.226919313346	0.206923826096	0.00221979937677	0.238851893181	0.248069622591	0.228843731475	0.195992268209	0.0687256355939	0.228513073892	0.216624129961	0.227481577574	0.214946547305	0.117803087703	0.22664315893	0.226706789582	0.200577229393	0.201751617048	0.257170430546	0.221480995451	0.20789212113	0.208127839692	0.221024247463	0.22079661405	0.270163603244	0.271613266192	0.0644392997059	0.266087429294	0.273051493499	0.215296649528	0.227563075312	0.226790112574	0.229668149416	0.228150027668	0.195044210032	0.211626000021	0.110096994482	0.020356887665	0.193333085391	0.107967888938	0.223592697379	0.270600423889	0.26259476121	0.211356539922	0.20475800894	0.194447925015	0.199853030283	0.243646829441	0.00217903285153	0.00260556422433	0.242634880451	0.201505272889	0.221073714444	0.0278257997124	0.276750997712	0.219304545268	0.205585637787	0.168093761914	0.244234190929	0.110913978365	0.191065930844	0.256521208598	0.255491917707	0.24134079477	0.191147044056	0.191048014545	0.191199753312	0.191090699679	0.0042719638347	0.00487253425205	0.00487253425205	0.00489911237396
159571453-stool2.snv.bam	0.25972664197	0.217698368574	0.270196747356	0.190808904955	0.190289599633	0.00450239009518	0.0	0.229691713674	0.180871428534	0.106795394622	0.259594975548	0.259056284747	0.210886563004	0.211412099855	0.00369135230565	0.0034791785985	0.00508170050179	0.25563081835	0.186575908271	0.217060344321	0.24112196148	0.239631619609	0.00698988390626	0.248811535138	0.00666485707292	0.248784635806	0.00677949905601	0.17902079531	0.211796558251	0.22070820198	0.206252648879	0.180994016614	0.108459944544	0.166241993874	0.068113445635	0.10836811767	0.248717193607	0.245276490834	0.210379680327	0.024154978893	0.133965357495	0.2041999667	0.257538923065	0.131097722002	0.224773096633	0.213776602199	0.259140182672	0.202290129667	0.204267831738	0.215223414443	0.204192196692	0.202686202686	0.201329713172	0.204125041625	0.206653913423	0.195607799475	0.201329713172	0.229712410995	0.222646755385	0.0350413887051	0.221914745409	0.200993813401	0.269102184526	0.21783954872	0.214586391897	0.205498063673	0.230887099344	0.228627624829	0.164523034336	0.271972740227	0.246208078863	0.272558917621	0.229210713417	0.191088802823	0.246420384766	0.00440911007458	0.206104754426	0.227878712461	0.210379680327	0.20669490314	0.224281959683	0.195117533274	0.0200794239574	0.00279160444666	0.00279160444666	0.0700560264925	0.175782974697	0.171802270075	0.239540171299	0.06934771407	0.137903811502	0.233487751411	0.159215138397	0.228297752284	0.214611777112	0.00345618949334	0.248670137111	0.249560803528	0.229171946262	0.201062184158	0.072962999587	0.228878409017	0.221369100866	0.231070609113	0.21897667151	0.117934338435	0.227520401265	0.227410169005	0.20713010159	0.204209096558	0.249481992079	0.228541158855	0.211785600769	0.214510174437	0.228033571152	0.228360406331	0.277697851814	0.27916049668	0.0695697011748	0.270303485734	0.281564866229	0.219672613682	0.22913167935	0.228240405549	0.233276316298	0.228444447319	0.202232692172	0.214459874466	0.108314470437	0.0215922389426	0.195755157124	0.107549963027	0.224641477393	0.270687414845	0.265999666625	0.214848727661	0.197292898285	0.201279179167	0.20635157647	0.256119869623	0.00401303037968	0.00345666735984	0.255254900702	0.204014819429	0.228406432029	0.0272644240664	0.277248494757	0.22520835148	0.213369873544	0.171856791078	0.256926789482	0.10720780274	0.196256853409	0.258202198764	0.258485017689	0.248060123571	0.182505115867	0.182399530396	0.182561314586	0.182445041375	0.00607568027211	0.00627592500415	0.00627592500415	0.00654978354978
160400887-stool1.snv.bam	0.200505921638	0.204146083146	0.251300406735	0.243149802636	0.243547751105	0.227346444375	0.229691713674	0.0	0.23038444989	0.231739793445	0.223264286138	0.223641451734	0.233117537842	0.232310727205	0.226146145001	0.226181958039	0.228878070828	0.234175135939	0.255207631911	0.239972917437	0.206876003973	0.25599163645	0.230184827574	0.263684132737	0.230093698432	0.263783943894	0.230391089595	0.241561409471	0.269145249523	0.0907389337428	0.135929402173	0.227606743967	0.227463534741	0.212626148503	0.245264002864	0.242611291145	0.238097809076	0.113769545376	0.233082903297	0.231414499361	0.222895051392	0.13506260166	0.250361106334	0.242454789824	0.257382446195	0.230948585647	0.230396963115	0.13281617114	0.13512623904	0.130785164812	0.135055315686	0.140957345781	0.132144313435	0.134873119012	0.137590118244	0.128540495429	0.132144313435	0.231477185701	0.0921107788904	0.232426482814	0.0900933467983	0.13283899727	0.241948529524	0.22474033876	0.235614288199	0.135443164909	0.0828299415257	0.260023815884	0.217320745865	0.249943748169	0.113357774501	0.247257894123	0.0812022407654	0.24057959156	0.11280508382	0.23192171716	0.218916254312	0.0818724946417	0.233082903297	0.264741036212	0.09410423991	0.126973413695	0.24901462189	0.226969451809	0.226843760507	0.24546724454	0.258691682144	0.254656810879	0.208178698373	0.243236886047	0.208181908407	0.235001560295	0.213296841235	0.0819703460093	0.230212258736	0.228442331844	0.115016368523	0.238299150515	0.0814289021942	0.24390622936	0.242061674663	0.081222881842	0.100420579312	0.232159733271	0.0991802846001	0.220884733161	0.0815811483412	0.0790308947658	0.137616945477	0.2603152418	0.233654715375	0.261281903725	0.232835088018	0.104149456613	0.094698170996	0.260606066698	0.268781402686	0.271105315632	0.24481855743	0.231960229125	0.273415294804	0.208204576108	0.0818914689869	0.0823261214434	0.236413379316	0.0809660275113	0.132331977994	0.235501466648	0.231461696342	0.220511262584	0.256049225274	0.229096676664	0.0802558542288	0.250206134363	0.240598169797	0.235713694094	0.245446784577	0.135267213035	0.136879893135	0.230802140654	0.22613165423	0.226541316575	0.230253013275	0.219303639139	0.26032579998	0.228332668277	0.256499629289	0.258218611346	0.215960201933	0.248956850303	0.230146392514	0.232258473045	0.126172550849	0.249609589983	0.249363031724	0.110280592676	0.225503681952	0.225404652442	0.225450972697	0.225447337576	0.231009605355	0.230111734363	0.230111734363	0.238954483662
160603188-stool1.snv.bam	0.238753434552	0.205374056617	0.249960591171	0.225232001869	0.225177293964	0.187693411374	0.180871428534	0.23038444989	0.0	0.116614292561	0.235985349936	0.235730076083	0.227540741722	0.227354674048	0.186736479164	0.187645846485	0.186573824417	0.253470761524	0.174000064115	0.224818370637	0.261253530359	0.249564719817	0.190005252205	0.259159396971	0.189777721857	0.259290643481	0.190559126278	0.0486663484836	0.209655884781	0.239089139597	0.244369269701	0.203945969475	0.120333438507	0.225426018249	0.201430799573	0.115693262622	0.201503620334	0.262675750355	0.226920287838	0.195556434615	0.168813924243	0.242669097435	0.23268741463	0.203678104885	0.226074783751	0.229482360316	0.243962921082	0.24182215677	0.242733154864	0.236129995293	0.242661763368	0.239879393199	0.240784902703	0.242409785789	0.244859273681	0.231913767316	0.240784902703	0.215832723105	0.240985724374	0.168528467545	0.240011799044	0.236249568421	0.245902363096	0.240658554473	0.231074046929	0.244220947179	0.254729632644	0.229706361682	0.224397789899	0.248567800139	0.26416022841	0.25270300472	0.252972018762	0.164589232993	0.263010122554	0.192647157884	0.200032414253	0.252437614952	0.226920287838	0.204404751799	0.242476585937	0.235237680101	0.156781303394	0.186533760247	0.186407242028	0.203083410428	0.20111772724	0.197845131455	0.26011063199	0.194426971231	0.211458092812	0.221754162294	0.180655790583	0.252833221627	0.231279225009	0.187740989908	0.263713813898	0.202108605722	0.252908909191	0.207727192679	0.197115144017	0.2533908006	0.244066749153	0.220198406186	0.239405595425	0.231836652551	0.252163860045	0.247126079263	0.245284289707	0.20177907518	0.251865523786	0.228991401741	0.227805510313	0.234403690171	0.246553112028	0.228512338153	0.252186429279	0.256624010526	0.202118167471	0.240193190594	0.258098510408	0.208043450305	0.253337259238	0.253114355062	0.221201989776	0.253067417584	0.241801504932	0.230488418621	0.117781382052	0.182757717436	0.201644256841	0.117247977066	0.242549275837	0.250160173835	0.246647464724	0.230697177727	0.0661488495973	0.238174873263	0.244532519952	0.221649948644	0.187256892929	0.187207062841	0.221161513498	0.181259928267	0.228655023851	0.171105897575	0.256387170401	0.226397934611	0.229402084932	0.195233795369	0.221767338889	0.117710867563	0.23693585393	0.233541868861	0.23310584302	0.267018327352	0.251002534491	0.250902853471	0.251055590519	0.250945819428	0.194031288638	0.189696715713	0.189696715713	0.193536106105
161230322-stool1.snv.bam	0.242807281894	0.193289456609	0.245867284884	0.191427128802	0.191010487843	0.109621292547	0.106795394622	0.231739793445	0.116614292561	0.0	0.242366313031	0.24200878456	0.197894105213	0.197526380413	0.109011058663	0.109751959839	0.107707471539	0.235344785793	0.177756613992	0.229263408246	0.22146411865	0.204934078437	0.111925792872	0.222384433159	0.111510425982	0.222514821849	0.112141479902	0.117767189711	0.157853772681	0.222169978387	0.221756295028	0.194298232667	0.00123378056576	0.182240478681	0.131064547769	0.000595452813487	0.222357687698	0.245159749796	0.196143125	0.115492727752	0.110253666864	0.219863645622	0.230494797239	0.130943388959	0.201423812365	0.202501116336	0.251115058613	0.218176957967	0.219927283002	0.219699332821	0.219856359647	0.220768126223	0.217224308199	0.219793388011	0.222114034611	0.213681998958	0.217224308199	0.222449062186	0.225326984699	0.143579488135	0.224597560845	0.213254769984	0.24263120636	0.200594684871	0.201360358812	0.221998822964	0.238745334339	0.203886449964	0.179808709043	0.245557582729	0.247616626558	0.248679422613	0.237747988325	0.175500752212	0.247108689997	0.106179517648	0.195343048231	0.235431208805	0.196143125	0.15253651322	0.225562071225	0.20837252759	0.000277824409427	0.108142423453	0.108016732151	0.132904416267	0.12320765212	0.120152764855	0.220424160258	0.125124368737	0.151196266541	0.22425134722	0.164927698408	0.235824229815	0.202052305463	0.109332051209	0.248333888665	0.22391381876	0.237244143785	0.211204276878	0.131639674068	0.237582344603	0.22570714476	0.22352283314	0.221070355773	0.172759637842	0.235204078152	0.233381383042	0.222913106701	0.150305390866	0.227367854637	0.203705838903	0.197461749728	0.216824924491	0.229585166684	0.203133254243	0.262377434126	0.267578979765	0.132323859981	0.243030944716	0.26904751717	0.191394461638	0.236706958297	0.23602182643	0.22532183063	0.237288286603	0.219170407748	0.200622830534	0.00185488347166	0.127164238406	0.14868622979	0.00229798961604	0.230559613362	0.247329355852	0.244746935786	0.200416075644	0.135284121517	0.214204743869	0.222031488665	0.238987819888	0.109129267436	0.109328971585	0.238577952724	0.210042861218	0.203356104256	0.133104955939	0.253397151009	0.20132074622	0.197427220815	0.116832107157	0.239886160697	0.00205059190886	0.214133853556	0.232246747663	0.231883122304	0.249630239909	0.199439738711	0.1993407092	0.199492447967	0.199383394334	0.114643170632	0.111284706007	0.111284706007	0.11622225269
706846339-stool1.snv.bam	0.192865494287	0.0845418486436	0.167948117005	0.22345272463	0.223667109866	0.252888830032	0.259594975548	0.223264286138	0.235985349936	0.242366313031	0.0	0.00104071003458	0.217596008829	0.21678273557	0.252535559591	0.253403801116	0.255349514209	0.0465237748611	0.217132696624	0.228986514047	0.313770565056	0.201513729692	0.255963769714	0.190202142296	0.255599568248	0.190115212089	0.256009064618	0.242447196131	0.237259420939	0.274785271379	0.247994479926	0.227848980898	0.258317553548	0.202464892621	0.275153690034	0.271440857003	0.203389017593	0.265245891141	0.216078455319	0.234605854925	0.238112026589	0.246367965737	0.214421673605	0.216208427234	0.279707926885	0.22149366166	0.0393184052357	0.244856224089	0.246431603118	0.245351756276	0.246360679763	0.243650061796	0.243815813578	0.246173984031	0.248531739301	0.237770269661	0.243815813578	0.25190303027	0.278071741964	0.25443953952	0.276893419981	0.237597050038	0.169295587173	0.315852495605	0.220786606841	0.248738725651	0.297581675237	0.286737759278	0.199895841924	0.170521895457	0.267081250655	0.159535636495	0.296451298123	0.240396510076	0.266651014606	0.259369960653	0.206215597947	0.294582449509	0.216078455319	0.233181663692	0.278150577546	0.238372040298	0.224058273194	0.252231565719	0.252105874417	0.276264825553	0.216085844818	0.215857004692	0.315131574869	0.269308056158	0.281769712633	0.257314467859	0.229559150546	0.29475391297	0.222164541517	0.254282583261	0.268585107141	0.205074640025	0.296158598458	0.244761320311	0.273988885655	0.296180323067	0.285827904817	0.256510762572	0.283591898766	0.270672609381	0.294507317641	0.292992264646	0.249386403226	0.23065678675	0.305512448059	0.282156591783	0.216801799538	0.275631287878	0.269128564252	0.28158769975	0.116978568124	0.116623627871	0.27560254894	0.047654884395	0.117380407968	0.204977800047	0.295235604274	0.295049747366	0.258520308426	0.295808778783	0.245161373316	0.220317843617	0.243239765705	0.25752067486	0.223397619099	0.244413310143	0.296790427493	0.16882116366	0.17186369661	0.219836321564	0.246301233473	0.249706565998	0.248576281665	0.13459612496	0.252354213468	0.252728469018	0.135478366308	0.223251870585	0.28169814797	0.249788462631	0.17474578503	0.280438352282	0.232525143966	0.210994478137	0.136312590347	0.244152701075	0.240356953334	0.215904374838	0.215306307498	0.270644674518	0.264996215739	0.264897186228	0.264943506483	0.264939871362	0.25957277953	0.255373848273	0.255373848273	0.25637071602
706846339-stool2.snv.bam	0.192860088423	0.0844254521973	0.167956007318	0.223990493226	0.223594959595	0.252860703837	0.259056284747	0.223641451734	0.235730076083	0.24200878456	0.00104071003458	0.0	0.217350292233	0.217103835053	0.252549815223	0.253075707916	0.255359761669	0.04602865251	0.216820778072	0.229383224818	0.313573044305	0.201049734075	0.255657406666	0.18990925145	0.25521349852	0.189822321243	0.25584455244	0.242061126403	0.236984241406	0.274624151613	0.247918615705	0.22782520432	0.258031998336	0.202220876421	0.274767620306	0.271376716947	0.20288827947	0.264987219917	0.215917335553	0.234215962724	0.238099906398	0.24620631771	0.214154971005	0.215822357506	0.279503000343	0.221794875005	0.0388247764489	0.244693509078	0.24626995509	0.245502453886	0.246199031735	0.243604268815	0.243653633813	0.246136060099	0.248370619535	0.237527812472	0.243653633813	0.252249042218	0.278033941966	0.254092607029	0.277090243747	0.237658065301	0.169242282793	0.316078288367	0.220776108195	0.248663110984	0.297644131093	0.286715796512	0.200188786982	0.170261593531	0.267169270717	0.159362964438	0.296481972194	0.240436838313	0.266706493834	0.258955010058	0.205791428999	0.294421329743	0.215917335553	0.232854155549	0.27798945778	0.238294903187	0.223448905643	0.251845495991	0.251719804689	0.276506935763	0.215983913225	0.21591793085	0.315370063567	0.269045306198	0.281870977093	0.257494920485	0.229547655087	0.294814350754	0.22208842609	0.253980538698	0.268642013637	0.204685969425	0.296062320639	0.244785031064	0.27382329116	0.296288661629	0.285877068118	0.256679187792	0.283643648367	0.270633230939	0.294346197875	0.293052702429	0.249344118872	0.230377938156	0.305698640811	0.282184475038	0.217354091204	0.27581504543	0.268967444486	0.281611890379	0.116850249991	0.116657732769	0.275757818608	0.0476609473446	0.117111774706	0.20492905041	0.295587982472	0.295011947368	0.258470606483	0.295930797688	0.245235360893	0.220229573504	0.243309877291	0.257212781761	0.223294801865	0.244250078496	0.296862610871	0.168959518015	0.171818378157	0.220157154165	0.246188821658	0.249879692535	0.248602499827	0.134515585327	0.252623305989	0.252514397914	0.135364220512	0.223241170566	0.281897707139	0.249402392904	0.174799440185	0.280244042989	0.232485395515	0.210893041	0.136264741372	0.243583380476	0.240307251391	0.215804564709	0.215529833929	0.270382577184	0.264791700114	0.264692670603	0.264738990858	0.264735355737	0.259295877507	0.254987778545	0.254987778545	0.256062321621
763961826-stool1.snv.bam	0.217084072798	0.20418916024	0.214526241126	0.0224377307714	0.0224891125503	0.208817725483	0.210886563004	0.233117537842	0.227540741722	0.197894105213	0.217596008829	0.217350292233	0.0	0.00272429607601	0.20789872588	0.207907805818	0.210194150535	0.237002864568	0.218366308583	0.233395708929	0.269211921034	0.104016151483	0.211207826925	0.119309148428	0.210833239437	0.119235288752	0.211758080906	0.237045097861	0.205902683436	0.217553968075	0.210338560967	0.23170112379	0.211119533198	0.210383443528	0.223977612657	0.224213228793	0.223984374583	0.240363348238	0.00188714579102	0.189692991472	0.193540719937	0.208386957927	0.241819038784	0.178234697618	0.267128886834	0.00499766119758	0.245659620137	0.206624516557	0.208450595307	0.20640899313	0.208379671952	0.20803388127	0.205709868241	0.208498849678	0.210674852431	0.201635009231	0.205709868241	0.209814103204	0.219683522451	0.240478640035	0.218719941137	0.198252481822	0.216969197293	0.247468944869	0.0059059303501	0.209364392561	0.239138221214	0.27114562261	0.207852579203	0.215873823468	0.241413724631	0.232572002734	0.237509919724	0.214778495233	0.240463532492	0.212058019145	0.2043053574	0.237117719502	0.00188714579102	0.200685917088	0.22071263421	0.199981957969	0.182258209792	0.207507641853	0.207633333155	0.224802905798	0.184707554651	0.180775412295	0.270567005055	0.223804763182	0.211071806066	0.212814243085	0.224100133316	0.237323999149	0.00522339937765	0.209604024588	0.243288878053	0.224996012495	0.237917021575	0.23949773253	0.224767079489	0.237181464458	0.226583726724	0.210532324772	0.2228113066	0.224834617684	0.236690051465	0.236271801289	0.21097013364	0.195403698544	0.292903191809	0.270172542375	0.0030768733606	0.224303247582	0.211515289978	0.269903995611	0.247268703034	0.248785752595	0.224211274875	0.243646240691	0.250465699388	0.206408060527	0.237562463528	0.237345228921	0.211830619587	0.237219524129	0.206564111548	0.00551532262492	0.198085750083	0.224260702784	0.19350512662	0.198994392341	0.235524861297	0.214816677279	0.215276889538	0.0055809364223	0.240192492422	0.212168849979	0.209778208023	0.233176772706	0.207950966827	0.208245374727	0.233193797268	0.211312677425	0.269754507179	0.231906575198	0.220826650422	0.268027346356	0.00755826673023	0.177818032927	0.234113953573	0.198588867007	0.20100328757	0.242410407368	0.241879267539	0.243746789398	0.194493354941	0.194394325431	0.194546064197	0.194549699318	0.213699783366	0.210901307011	0.210901307011	0.220182859123
763961826-stool2.snv.bam	0.216706002492	0.203764229614	0.213963116392	0.0219558078236	0.0223358661026	0.208392896938	0.211412099855	0.232310727205	0.227354674048	0.197526380413	0.21678273557	0.217103835053	0.00272429607601	0.0	0.206959921977	0.208018477089	0.209621700328	0.236778599318	0.217842732883	0.2333936495	0.268703246034	0.103974760732	0.210706701209	0.119422584642	0.210471892172	0.119552973331	0.210918022957	0.236340958081	0.205412127733	0.217242486862	0.209845599563	0.231199159626	0.210579990729	0.210115565033	0.223818436197	0.223452678758	0.223561768578	0.23999020714	0.00190361226603	0.18944110155	0.193028059665	0.208074455463	0.241764060669	0.178156161836	0.266774561343	0.00521756674625	0.245657228631	0.206309951371	0.208138092843	0.205744431233	0.208067169488	0.207482882955	0.205396337809	0.208101186473	0.210363371217	0.20136233967	0.205396337809	0.209515396695	0.219240794343	0.24107835601	0.218864209852	0.197844292835	0.217037666138	0.246764893865	0.00630964812126	0.209232463154	0.238944987073	0.270307974075	0.20729941294	0.216541603	0.241107194732	0.232958816002	0.23758735193	0.214126856975	0.240646363459	0.211963446163	0.203933822347	0.236806238288	0.00190361226603	0.200190472126	0.220401152996	0.1994807254	0.182830372206	0.207086222816	0.207211914118	0.224163017305	0.183904911722	0.180020334575	0.269969620823	0.224187550138	0.210215506541	0.212147036887	0.223455685562	0.236902955331	0.00497395864197	0.209002023669	0.242612680759	0.22474394608	0.237844769254	0.238868101489	0.224156093293	0.237237377523	0.226600676387	0.210751154963	0.222428956608	0.224788581193	0.236382273844	0.23521066991	0.210545235489	0.194718856368	0.293125350492	0.269978103586	0.002857186728	0.22374369007	0.21135235303	0.269485945136	0.246580074945	0.247744850729	0.223537966134	0.24344917865	0.250171920437	0.205887655802	0.237007662979	0.237159974691	0.212134925448	0.237406223518	0.206527906141	0.00570326981195	0.197802777366	0.224668402704	0.193475753504	0.198872067802	0.235275620419	0.214380357699	0.21492504324	0.00514969646721	0.239606011176	0.211373381207	0.209658643745	0.232600250444	0.20714147209	0.207581299805	0.232735737613	0.210380905014	0.269144333825	0.231557701035	0.220697018821	0.26797152427	0.00798646709758	0.177296658953	0.233395634978	0.198827321306	0.200960139554	0.242027085999	0.241770960373	0.244184568547	0.194472698222	0.194373668711	0.194525407477	0.194529042598	0.213278869581	0.210479887974	0.210479887974	0.219694226871
