	159166850-stool1.snv.bam	159166850-stool2.snv.bam	368533040-stool1.snv.bam	BGI089A.snv.bam	CCIS74726977ST-3-0.snv.bam	CCIS98482370ST-3-0.snv.bam	DOM016.snv.bam	DOM022.snv.bam	M4.6-V2.metaG.snv.bam	M4.6-V2.metaT.snv.bam	M4.6-V3.metaG.snv.bam	MH0330.snv.bam	MH0385.snv.bam	MH0404.snv.bam	MMRS51737257ST-27-0-0.snv.bam	MMRS93508324ST-27-0-0.snv.bam	N044A.snv.bam	N052A.snv.bam	N062A.snv.bam	NLM002.snv.bam	NLM029.snv.bam	O2.UC18-1.snv.bam	SZEY-07A.snv.bam	SZEY-106A.snv.bam	SZEY-20A.snv.bam	SZEY-38A.snv.bam	SZEY-63A.snv.bam	SZEY-74A.snv.bam	SZEY-75A.snv.bam	SZEY-90A.snv.bam	SZEY-97A.snv.bam	SZEY-99A.snv.bam	T2D-49A.snv.bam	T2D-83A.snv.bam	V1.CD32-4.snv.bam	V1.FI06.snv.bam	V1.FI32.snv.bam
159166850-stool1.snv.bam	0.0	0.00102956352294	0.178666057247	0.179539275055	0.133125390884	0.142060346374	0.167257706729	0.19152971372	0.144231270304	0.149776245098	0.13687649857	0.153571726607	0.155221241393	0.17825937263	0.161134285477	0.161611748253	0.181269966479	0.183905293055	0.176165118761	0.195563468757	0.197730854133	0.174975653966	0.183317723442	0.179997553058	0.180324909429	0.182095129549	0.166947015913	0.199986314866	0.171428672206	0.193476428479	0.164050210768	0.174326074318	0.18825858202	0.174765200885	0.171169080965	0.156778427407	0.146673032618
159166850-stool2.snv.bam	0.00102956352294	0.0	0.178321238444	0.179430696187	0.132721508801	0.142172380524	0.167379704893	0.191485165652	0.143839494213	0.149357880068	0.136721617099	0.153207194471	0.1552943914	0.178290385599	0.162318522632	0.161263220079	0.181033543816	0.183713748107	0.176075973018	0.195565370329	0.197754665749	0.17453803091	0.183185088334	0.179732722012	0.180125758545	0.18199282427	0.166982055223	0.19983992548	0.17100901809	0.19332630747	0.163588678989	0.17406058693	0.188080912055	0.174659283201	0.170963126596	0.156411475475	0.146138092557
368533040-stool1.snv.bam	0.178666057247	0.178321238444	0.0	0.185684245524	0.165806214614	0.170926223294	0.178936589895	0.202146280198	0.18527210537	0.194332869538	0.177939507595	0.181266922346	0.172281711365	0.190749468659	0.180979107867	0.177481851276	0.194803390967	0.197380984676	0.195945271885	0.192443128599	0.179056038926	0.180617650429	0.194020058069	0.198406510266	0.186449741663	0.202442372181	0.165279319183	0.209361859437	0.186173090942	0.176077652322	0.186775225841	0.17559039669	0.192781051621	0.19324694015	0.18190160853	0.181593118158	0.15264476344
BGI089A.snv.bam	0.179539275055	0.179430696187	0.185684245524	0.0	0.140649156318	0.164309148518	0.14884146523	0.170474403086	0.18164288095	0.194201565889	0.173275300879	0.186570005869	0.173117820706	0.150906978537	0.166331910881	0.153667964325	0.145337634556	0.146144054233	0.160904372568	0.15856472649	0.156233358853	0.174576177823	0.124017763141	0.158246920705	0.146884389932	0.156924380995	0.144475093384	0.173071342801	0.154013801647	0.152785779591	0.148072707016	0.14160035838	0.131009780853	0.14662865197	0.181259931365	0.169850673498	0.156283833988
CCIS74726977ST-3-0.snv.bam	0.133125390884	0.132721508801	0.165806214614	0.140649156318	0.0	0.112263694256	0.129830897645	0.164776305426	0.138485138691	0.152137644358	0.131301443001	0.146133648374	0.116750388149	0.142156986328	0.120961951303	0.112656192824	0.136802994613	0.138100682587	0.134896590507	0.143274769599	0.149224937854	0.123759500375	0.151719148036	0.119358207542	0.138108473985	0.158033034504	0.104030336702	0.156911802849	0.136010640484	0.148792832555	0.125075070175	0.12525514477	0.133738503676	0.146071768767	0.153475346107	0.131628083966	0.0945377600499
CCIS98482370ST-3-0.snv.bam	0.142060346374	0.142172380524	0.170926223294	0.164309148518	0.112263694256	0.0	0.152252982936	0.169920364501	0.153634785724	0.166077831783	0.143180268114	0.149171433908	0.144752008446	0.152086684664	0.111718972391	0.0971363115693	0.158785518326	0.160135615034	0.162371203606	0.161490413193	0.156504199916	0.128780492516	0.163620617585	0.157163491508	0.133757882868	0.160643857235	0.122830766476	0.184062125573	0.152155193499	0.160269144018	0.143854040489	0.15218340958	0.159191948694	0.164341699777	0.15690541563	0.136660696099	0.107635011083
DOM016.snv.bam	0.167257706729	0.167379704893	0.178936589895	0.14884146523	0.129830897645	0.152252982936	0.0	0.147300909384	0.163866346707	0.176284737443	0.153490506624	0.145052763527	0.169393536721	0.161920975982	0.156975275732	0.133227962652	0.131369102081	0.131117502981	0.136271751983	0.103867818312	0.145673340573	0.147015246968	0.146151851005	0.156546019707	0.129070419313	0.140408325678	0.0998584649976	0.131395287258	0.123247138305	0.144816953022	0.104719118448	0.133220753994	0.146690997605	0.133275557103	0.196232521624	0.149797767884	0.148034122346
DOM022.snv.bam	0.19152971372	0.191485165652	0.202146280198	0.170474403086	0.164776305426	0.169920364501	0.147300909384	0.0	0.182743921331	0.195037845289	0.169176427498	0.1598605831	0.194270312321	0.163752404672	0.183160428204	0.153926297486	0.165887179473	0.167019253158	0.167149615598	0.145902539573	0.124902155781	0.181138520395	0.157418500003	0.178570342837	0.148951993761	0.13483957914	0.152855954084	0.184767606309	0.154216082803	0.151375335026	0.154679078744	0.154524823666	0.169241281681	0.16411679738	0.207082179083	0.190348243697	0.164664583229
M4.6-V2.metaG.snv.bam	0.144231270304	0.143839494213	0.18527210537	0.18164288095	0.138485138691	0.153634785724	0.163866346707	0.182743921331	0.0	8.27014048263e-05	0.000220452796755	0.13770062874	0.158195799843	0.15425518073	0.157655792976	0.15127960275	0.160683474196	0.161902067838	0.168541418828	0.171074831871	0.17340867089	0.14284791438	0.17122070885	0.172333394286	0.159432788431	0.170517499391	0.160349339668	0.183316134702	0.150444745274	0.173321710203	0.166999053336	0.157084657048	0.172840455365	0.168644143705	0.192291657352	0.149657875382	0.136340323525
M4.6-V2.metaT.snv.bam	0.149776245098	0.149357880068	0.194332869538	0.194201565889	0.152137644358	0.166077831783	0.176284737443	0.195037845289	8.27014048263e-05	0.0	0.000252082713144	0.145365674568	0.171192774879	0.164401769222	0.16593547647	0.163408103401	0.173578220993	0.174731653735	0.17964330351	0.182187507456	0.184384446965	0.15313603885	0.183738934137	0.183389306559	0.172079123806	0.179155727915	0.169148053137	0.192573309358	0.16519914271	0.185995610316	0.179806832594	0.165340773969	0.187109931656	0.179704182726	0.204382564822	0.15996172804	0.149894534668
M4.6-V3.metaG.snv.bam	0.13687649857	0.136721617099	0.177939507595	0.173275300879	0.131301443001	0.143180268114	0.153490506624	0.169176427498	0.000220452796755	0.000252082713144	0.0	0.127413819124	0.153937054362	0.150195843146	0.146766669378	0.142526429927	0.153470281869	0.154970280234	0.159031493726	0.154157758154	0.157027561274	0.132595947808	0.160207115712	0.168700607922	0.139026857813	0.165971506972	0.146816298046	0.165697047503	0.136250277655	0.161607322057	0.160535612615	0.142304711901	0.16344726088	0.153468127496	0.182437826556	0.146472663665	0.12943923065
MH0330.snv.bam	0.153571726607	0.153207194471	0.181266922346	0.186570005869	0.146133648374	0.149171433908	0.145052763527	0.1598605831	0.13770062874	0.145365674568	0.127413819124	0.0	0.177011783254	0.177382555658	0.165833196217	0.152689852237	0.160742784599	0.163557669613	0.15370230884	0.166161549511	0.16158098186	0.149228634375	0.168033314314	0.172363312282	0.147479788521	0.152300262098	0.148363082398	0.183971999582	0.153199616986	0.171904442924	0.151398715444	0.14697366126	0.169215318502	0.168482609401	0.197767696555	0.157357073369	0.136184298329
MH0385.snv.bam	0.155221241393	0.1552943914	0.172281711365	0.173117820706	0.116750388149	0.144752008446	0.169393536721	0.194270312321	0.158195799843	0.171192774879	0.153937054362	0.177011783254	0.0	0.174502629007	0.157724876191	0.146827339321	0.177749253869	0.180652497358	0.186980608159	0.175299417898	0.178544918402	0.154949485158	0.18970842858	0.167202282967	0.17236758195	0.181977608575	0.156599484399	0.195276563735	0.171150032443	0.188733328873	0.165234696913	0.164968247875	0.169259318495	0.168361859606	0.167401097975	0.140458620143	0.121768336615
MH0404.snv.bam	0.17825937263	0.178290385599	0.190749468659	0.150906978537	0.142156986328	0.152086684664	0.161920975982	0.163752404672	0.15425518073	0.164401769222	0.150195843146	0.177382555658	0.174502629007	0.0	0.166555944743	0.157081467034	0.185184780315	0.186291559663	0.141889966358	0.161734540561	0.153061237085	0.171968277845	0.152692589311	0.161388442678	0.167948891453	0.148779438578	0.149334935634	0.203572945786	0.15595338535	0.146328073134	0.162719156541	0.165433509751	0.1555873222	0.169336612871	0.190452209514	0.179901923366	0.158040161075
MMRS51737257ST-27-0-0.snv.bam	0.161134285477	0.162318522632	0.180979107867	0.166331910881	0.120961951303	0.111718972391	0.156975275732	0.183160428204	0.157655792976	0.16593547647	0.146766669378	0.165833196217	0.157724876191	0.166555944743	0.0	0.13286726666	0.164916666863	0.166053858529	0.164551155144	0.170226188179	0.178660825934	0.148156223935	0.159572865581	0.171566232435	0.144433055857	0.181382857707	0.13074655138	0.175678682822	0.14202358937	0.169239804263	0.147220437387	0.153443529843	0.151285984131	0.163111459279	0.179926391215	0.122122807035	0.0934465290483
MMRS93508324ST-27-0-0.snv.bam	0.161611748253	0.161263220079	0.177481851276	0.153667964325	0.112656192824	0.0971363115693	0.133227962652	0.153926297486	0.15127960275	0.163408103401	0.142526429927	0.152689852237	0.146827339321	0.157081467034	0.13286726666	0.0	0.147696160046	0.147226140797	0.148948664841	0.149070875139	0.147486224584	0.128344523635	0.158268458428	0.139694001545	0.138849260396	0.159749079517	0.131562227048	0.177852274438	0.141695189546	0.163673447778	0.140495045002	0.135552684658	0.139385346068	0.148957771412	0.149888850864	0.139605429986	0.119724186328
N044A.snv.bam	0.181269966479	0.181033543816	0.194803390967	0.145337634556	0.136802994613	0.158785518326	0.131369102081	0.165887179473	0.160683474196	0.173578220993	0.153470281869	0.160742784599	0.177749253869	0.185184780315	0.164916666863	0.147696160046	0.0	0.00118041783431	0.156712929738	0.144945228675	0.15513303942	0.159479793489	0.145233647922	0.146299761153	0.136362482374	0.151351450941	0.146874573415	0.156583352278	0.123575323979	0.148874469318	0.141035091244	0.1240260702	0.13856698724	0.147471340435	0.189289389583	0.163715436476	0.145360605789
N052A.snv.bam	0.183905293055	0.183713748107	0.197380984676	0.146144054233	0.138100682587	0.160135615034	0.131117502981	0.167019253158	0.161902067838	0.174731653735	0.154970280234	0.163557669613	0.180652497358	0.186291559663	0.166053858529	0.147226140797	0.00118041783431	0.0	0.156073899403	0.143341063033	0.155950679229	0.160595195058	0.146209700703	0.148517929711	0.137519940099	0.152280982147	0.147778007374	0.157620392832	0.124555972895	0.149484978347	0.143584351258	0.125000329323	0.137874459409	0.148197474512	0.191745997182	0.164879036729	0.146643774931
N062A.snv.bam	0.176165118761	0.176075973018	0.195945271885	0.160904372568	0.134896590507	0.162371203606	0.136271751983	0.167149615598	0.168541418828	0.17964330351	0.159031493726	0.15370230884	0.186980608159	0.141889966358	0.164551155144	0.148948664841	0.156712929738	0.156073899403	0.0	0.147832470732	0.146965259439	0.147914167135	0.129560030248	0.152230793812	0.150242355003	0.130545775648	0.138198789511	0.173794503857	0.146544967987	0.141987640382	0.135470304792	0.14192869619	0.114049543439	0.129804760623	0.185638484948	0.15845782377	0.153086677898
NLM002.snv.bam	0.195563468757	0.195565370329	0.192443128599	0.15856472649	0.143274769599	0.161490413193	0.103867818312	0.145902539573	0.171074831871	0.182187507456	0.154157758154	0.166161549511	0.175299417898	0.161734540561	0.170226188179	0.149070875139	0.144945228675	0.143341063033	0.147832470732	0.0	0.12760623444	0.164615458612	0.148904526419	0.145190182946	0.135125355894	0.147109124729	0.119550815392	0.185561912904	0.147741085389	0.149185762376	0.1224424982	0.119556079751	0.15798718338	0.154031187032	0.206889604457	0.173943733502	0.15076087763
NLM029.snv.bam	0.197730854133	0.197754665749	0.179056038926	0.156233358853	0.149224937854	0.156504199916	0.145673340573	0.124902155781	0.17340867089	0.184384446965	0.157027561274	0.16158098186	0.178544918402	0.153061237085	0.178660825934	0.147486224584	0.15513303942	0.155950679229	0.146965259439	0.12760623444	0.0	0.172997950473	0.148178022645	0.156867438333	0.137907354764	0.114370042313	0.133220795272	0.157123191559	0.15268034009	0.13267795124	0.165706058084	0.134590520036	0.142120921206	0.156025330594	0.184018549145	0.177771174716	0.161061548816
O2.UC18-1.snv.bam	0.174975653966	0.17453803091	0.180617650429	0.174576177823	0.123759500375	0.128780492516	0.147015246968	0.181138520395	0.14284791438	0.15313603885	0.132595947808	0.149228634375	0.154949485158	0.171968277845	0.148156223935	0.128344523635	0.159479793489	0.160595195058	0.147914167135	0.164615458612	0.172997950473	0.0	0.170874832038	0.156690897699	0.148452676844	0.175767561776	0.15225372005	0.19975106022	0.141716121057	0.175181094446	0.155469039709	0.140725621547	0.169262871292	0.163555375043	0.176189232032	0.136125344185	0.115689719621
SZEY-07A.snv.bam	0.183317723442	0.183185088334	0.194020058069	0.124017763141	0.151719148036	0.163620617585	0.146151851005	0.157418500003	0.17122070885	0.183738934137	0.160207115712	0.168033314314	0.18970842858	0.152692589311	0.159572865581	0.158268458428	0.145233647922	0.146209700703	0.129560030248	0.148904526419	0.148178022645	0.170874832038	0.0	0.160941011952	0.150134295925	0.128669849691	0.138030865973	0.164782923719	0.124629072485	0.146412358071	0.138673367913	0.158734475304	0.1299149917	0.15576809867	0.192808359072	0.166183066414	0.154397101313
SZEY-106A.snv.bam	0.179997553058	0.179732722012	0.198406510266	0.158246920705	0.119358207542	0.157163491508	0.156546019707	0.178570342837	0.172333394286	0.183389306559	0.168700607922	0.172363312282	0.167202282967	0.161388442678	0.171566232435	0.139694001545	0.146299761153	0.148517929711	0.152230793812	0.145190182946	0.156867438333	0.156690897699	0.160941011952	0.0	0.159003203813	0.149681823999	0.109082085041	0.199718826241	0.147115281535	0.158030006576	0.145888845469	0.13957224464	0.160263165345	0.163116308371	0.194022894465	0.166959674006	0.140630304619
SZEY-20A.snv.bam	0.180324909429	0.180125758545	0.186449741663	0.146884389932	0.138108473985	0.133757882868	0.129070419313	0.148951993761	0.159432788431	0.172079123806	0.139026857813	0.147479788521	0.17236758195	0.167948891453	0.144433055857	0.138849260396	0.136362482374	0.137519940099	0.150242355003	0.135125355894	0.137907354764	0.148452676844	0.150134295925	0.159003203813	0.0	0.143309554555	0.13339097635	0.179505688865	0.143218590341	0.152123117165	0.148389402934	0.11355908049	0.139766661025	0.149085497751	0.1738511501	0.161007562835	0.126990851548
SZEY-38A.snv.bam	0.182095129549	0.18199282427	0.202442372181	0.156924380995	0.158033034504	0.160643857235	0.140408325678	0.13483957914	0.170517499391	0.179155727915	0.165971506972	0.152300262098	0.181977608575	0.148779438578	0.181382857707	0.159749079517	0.151351450941	0.152280982147	0.130545775648	0.147109124729	0.114370042313	0.175767561776	0.128669849691	0.149681823999	0.143309554555	0.0	0.143858054525	0.175946790418	0.133342415598	0.136405138237	0.139702003395	0.137915929167	0.13064465671	0.14810233946	0.19941566814	0.185311271221	0.150965290975
SZEY-63A.snv.bam	0.166947015913	0.166982055223	0.165279319183	0.144475093384	0.104030336702	0.122830766476	0.0998584649976	0.152855954084	0.160349339668	0.169148053137	0.146816298046	0.148363082398	0.156599484399	0.149334935634	0.13074655138	0.131562227048	0.146874573415	0.147778007374	0.138198789511	0.119550815392	0.133220795272	0.15225372005	0.138030865973	0.109082085041	0.13339097635	0.143858054525	0.0	0.149553933277	0.131067150979	0.136294493871	0.107006447981	0.128590640769	0.137768190392	0.130266838142	0.181645056384	0.142699519823	0.125304718172
SZEY-74A.snv.bam	0.199986314866	0.19983992548	0.209361859437	0.173071342801	0.156911802849	0.184062125573	0.131395287258	0.184767606309	0.183316134702	0.192573309358	0.165697047503	0.183971999582	0.195276563735	0.203572945786	0.175678682822	0.177852274438	0.156583352278	0.157620392832	0.173794503857	0.185561912904	0.157123191559	0.19975106022	0.164782923719	0.199718826241	0.179505688865	0.175946790418	0.149553933277	0.0	0.142997882584	0.175435607039	0.165719645583	0.181310887293	0.178380042284	0.168778608276	0.217916006947	0.1829770263	0.167957199467
SZEY-75A.snv.bam	0.171428672206	0.17100901809	0.186173090942	0.154013801647	0.136010640484	0.152155193499	0.123247138305	0.154216082803	0.150444745274	0.16519914271	0.136250277655	0.153199616986	0.171150032443	0.15595338535	0.14202358937	0.141695189546	0.123575323979	0.124555972895	0.146544967987	0.147741085389	0.15268034009	0.141716121057	0.124629072485	0.147115281535	0.143218590341	0.133342415598	0.131067150979	0.142997882584	0.0	0.13982415858	0.125696894244	0.132224681175	0.145332268354	0.147930303415	0.179110807996	0.153587025703	0.128119478793
SZEY-90A.snv.bam	0.193476428479	0.19332630747	0.176077652322	0.152785779591	0.148792832555	0.160269144018	0.144816953022	0.151375335026	0.173321710203	0.185995610316	0.161607322057	0.171904442924	0.188733328873	0.146328073134	0.169239804263	0.163673447778	0.148874469318	0.149484978347	0.141987640382	0.149185762376	0.13267795124	0.175181094446	0.146412358071	0.158030006576	0.152123117165	0.136405138237	0.136294493871	0.175435607039	0.13982415858	0.0	0.149433507028	0.138814555147	0.13249464257	0.138875127847	0.188988277494	0.174686790023	0.158625977583
SZEY-97A.snv.bam	0.164050210768	0.163588678989	0.186775225841	0.148072707016	0.125075070175	0.143854040489	0.104719118448	0.154679078744	0.166999053336	0.179806832594	0.160535612615	0.151398715444	0.165234696913	0.162719156541	0.147220437387	0.140495045002	0.141035091244	0.143584351258	0.135470304792	0.1224424982	0.165706058084	0.155469039709	0.138673367913	0.145888845469	0.148389402934	0.139702003395	0.107006447981	0.165719645583	0.125696894244	0.149433507028	0.0	0.143409137873	0.124494706039	0.117059948031	0.181242691795	0.150104225744	0.126795353793
SZEY-99A.snv.bam	0.174326074318	0.17406058693	0.17559039669	0.14160035838	0.12525514477	0.15218340958	0.133220753994	0.154524823666	0.157084657048	0.165340773969	0.142304711901	0.14697366126	0.164968247875	0.165433509751	0.153443529843	0.135552684658	0.1240260702	0.125000329323	0.14192869619	0.119556079751	0.134590520036	0.140725621547	0.158734475304	0.13957224464	0.11355908049	0.137915929167	0.128590640769	0.181310887293	0.132224681175	0.138814555147	0.143409137873	0.0	0.141147507481	0.148450097024	0.182263222903	0.158324453317	0.133572360055
T2D-49A.snv.bam	0.18825858202	0.188080912055	0.192781051621	0.131009780853	0.133738503676	0.159191948694	0.146690997605	0.169241281681	0.172840455365	0.187109931656	0.16344726088	0.169215318502	0.169259318495	0.1555873222	0.151285984131	0.139385346068	0.13856698724	0.137874459409	0.114049543439	0.15798718338	0.142120921206	0.169262871292	0.1299149917	0.160263165345	0.139766661025	0.13064465671	0.137768190392	0.178380042284	0.145332268354	0.13249464257	0.124494706039	0.141147507481	0.0	0.104658305046	0.178853255557	0.172383630719	0.140728853138
T2D-83A.snv.bam	0.174765200885	0.174659283201	0.19324694015	0.14662865197	0.146071768767	0.164341699777	0.133275557103	0.16411679738	0.168644143705	0.179704182726	0.153468127496	0.168482609401	0.168361859606	0.169336612871	0.163111459279	0.148957771412	0.147471340435	0.148197474512	0.129804760623	0.154031187032	0.156025330594	0.163555375043	0.15576809867	0.163116308371	0.149085497751	0.14810233946	0.130266838142	0.168778608276	0.147930303415	0.138875127847	0.117059948031	0.148450097024	0.104658305046	0.0	0.195192711386	0.173178038911	0.154738210472
V1.CD32-4.snv.bam	0.171169080965	0.170963126596	0.18190160853	0.181259931365	0.153475346107	0.15690541563	0.196232521624	0.207082179083	0.192291657352	0.204382564822	0.182437826556	0.197767696555	0.167401097975	0.190452209514	0.179926391215	0.149888850864	0.189289389583	0.191745997182	0.185638484948	0.206889604457	0.184018549145	0.176189232032	0.192808359072	0.194022894465	0.1738511501	0.19941566814	0.181645056384	0.217916006947	0.179110807996	0.188988277494	0.181242691795	0.182263222903	0.178853255557	0.195192711386	0.0	0.190213461329	0.145918217144
V1.FI06.snv.bam	0.156778427407	0.156411475475	0.181593118158	0.169850673498	0.131628083966	0.136660696099	0.149797767884	0.190348243697	0.149657875382	0.15996172804	0.146472663665	0.157357073369	0.140458620143	0.179901923366	0.122122807035	0.139605429986	0.163715436476	0.164879036729	0.15845782377	0.173943733502	0.177771174716	0.136125344185	0.166183066414	0.166959674006	0.161007562835	0.185311271221	0.142699519823	0.1829770263	0.153587025703	0.174686790023	0.150104225744	0.158324453317	0.172383630719	0.173178038911	0.190213461329	0.0	0.132024302643
V1.FI32.snv.bam	0.146673032618	0.146138092557	0.15264476344	0.156283833988	0.0945377600499	0.107635011083	0.148034122346	0.164664583229	0.136340323525	0.149894534668	0.12943923065	0.136184298329	0.121768336615	0.158040161075	0.0934465290483	0.119724186328	0.145360605789	0.146643774931	0.153086677898	0.15076087763	0.161061548816	0.115689719621	0.154397101313	0.140630304619	0.126990851548	0.150965290975	0.125304718172	0.167957199467	0.128119478793	0.158625977583	0.126795353793	0.133572360055	0.140728853138	0.154738210472	0.145918217144	0.132024302643	0.0
