	159166850-stool1.snv.bam	159268001-stool1.snv.bam	159268001-stool2.snv.bam	160178356-stool2.snv.bam	160704339-stool1.snv.bam	763496533-stool1.snv.bam	763597684-stool2.snv.bam	764143897-stool1.snv.bam	CCIS02124300ST-4-0.snv.bam	CCIS09568613ST-4-0.snv.bam	CCIS10793554ST-4-0.snv.bam	CCIS12656533ST-4-0.snv.bam	CCIS20795251ST-4-0.snv.bam	CCIS22275061ST-4-0.snv.bam	CCIS23164343ST-4-0.snv.bam	CCIS27304052ST-3-0.snv.bam	CCIS28384594ST-4-0.snv.bam	CCIS51595129ST-4-0.snv.bam	CCIS52234160ST-4-0.snv.bam	CCIS59132091ST-4-0.snv.bam	CCIS62605362ST-3-0.snv.bam	CCIS64773582ST-4-0.snv.bam	CCIS74239020ST-4-0.snv.bam	CCIS76845094ST-20-0.snv.bam	CCIS80834637ST-4-0.snv.bam	CCIS81887263ST-4-0.snv.bam	CCIS88317640ST-4-0.snv.bam	CCMD64503764ST-21-0.snv.bam	CCMD64776337ST-21-0.snv.bam	HT25A.snv.bam	M2.2-V2.metaT.snv.bam	M2.2-V3.metaG.snv.bam	MH0159.snv.bam	MH0196.snv.bam	MH0224.snv.bam	MH0271.snv.bam	MH0275.snv.bam	MH0280.snv.bam	MH0308.snv.bam	MH0349.snv.bam	MH0350.snv.bam	MH0372.snv.bam	MH0379.snv.bam	MH0381.snv.bam	MH0392.snv.bam	MH0397.snv.bam	MH0402.snv.bam	MH0422.snv.bam	MH0437.snv.bam	MH0445.snv.bam	MH0451.snv.bam	MH0457.snv.bam	MMRS51307502ST-27-0-0.snv.bam	MMRS54246132ST-27-0-0.snv.bam	MMRS57276462ST-27-0-0.snv.bam	NG-5636_112.snv.bam	NG-5636_155.snv.bam	NG-5636_158.snv.bam	NG-5636_225.snv.bam	NG-5636_268.snv.bam	NG-5636_434.snv.bam	NG-5636_458.snv.bam	NG-5636_478.snv.bam	NG-5636_547.snv.bam	NG-5636_584.snv.bam	NG-5636_591.snv.bam	NG-5636_88.snv.bam	NLM021.snv.bam	O2.UC13-1.snv.bam	O2.UC30-1.snv.bam	SAMEA3136631.snv.bam	SAMEA3136654.snv.bam	SAMEA3136675.snv.bam	SAMEA3136684.snv.bam	SAMEA3136700.snv.bam	SAMEA3136732.snv.bam	SAMEA3178941.snv.bam	SZEY-37A.snv.bam	T2D-106A.snv.bam	T2D-15A.snv.bam	T2D-26A.snv.bam	T2D-33A.snv.bam	T2D-49A.snv.bam	T2D-56A.snv.bam	V1.CD22-0.snv.bam	V1.CD55-0.snv.bam	V1.CD6-0-PN.snv.bam	V1.FI07.snv.bam	V1.FI15.snv.bam	V1.FI16.snv.bam	V1.UC10-2.snv.bam	V1.UC21-4.snv.bam	V1.UC40-1.snv.bam	V1.UC47-0.snv.bam	V1.UC58-0.snv.bam
159166850-stool1.snv.bam	0.0	0.228015623105	0.227271696852	0.0919340607449	0.0882390053975	0.256118335372	0.281899927201	0.289660450148	0.131146703057	0.293239512668	0.303128355326	0.121312467417	0.0807661868323	0.0288642521288	0.0991349520629	0.248191427998	0.0971671668374	0.29310512845	0.0938005577584	0.276937806181	0.281342102665	0.0916595310074	0.284109518522	0.0946383659583	0.145842454167	0.284630163554	0.0830010124761	0.11857722909	0.0631806833925	0.200588222841	0.14366154096	0.166445361044	0.113981785357	0.274540945458	0.30750233148	0.104607306806	0.0614446355935	0.0866861933815	0.0452353978396	0.268673479482	0.0812745240674	0.0396273254295	0.278937319862	0.278600100997	0.292152276858	0.110137244837	0.0766339146869	0.176429588484	0.284881442872	0.122930359551	0.11733190884	0.290296327085	0.260955718281	0.1167656054	0.27373887226	0.0809823013665	0.287414011701	0.15236023311	0.0939363630287	0.101299832134	0.286170192257	0.125346860068	0.0228624427078	0.0228624427078	0.0970275407521	0.283762102799	0.291415133819	0.235569633047	0.29238527391	0.0847097944312	0.0826195173409	0.125785100097	0.283083090467	0.283583614578	0.122640533375	0.110163862915	0.273008901934	0.185722242944	0.179058691482	0.187196335098	0.193977988923	0.227474055434	0.302831526686	0.206776685273	0.29549731568	0.287851760789	0.282974845762	0.300937138828	0.107870786591	0.0947176759621	0.295188137311	0.0951622781013	0.0834011491967	0.15435485186	0.285969576646
159268001-stool1.snv.bam	0.228015623105	0.0	0.00163251199513	0.195006512863	0.221549857825	0.271666438602	0.29809558218	0.303646949868	0.250735385016	0.290955755205	0.300903902816	0.258835359877	0.248720026006	0.224282081902	0.24289436234	0.252997120343	0.231458686828	0.291090863866	0.258709370006	0.303656754788	0.294217941168	0.247858046389	0.287413667643	0.214557857697	0.255930963998	0.282031983116	0.250518893816	0.241363878921	0.226935529438	0.157218704424	0.148042332656	0.158385401427	0.233061598979	0.287376843339	0.312460429185	0.229976769274	0.206236242968	0.219383192795	0.225140750632	0.271136958558	0.21396902617	0.233519195348	0.29227911999	0.281239845364	0.284425930683	0.237893969635	0.235088160457	0.153088871346	0.282372340911	0.249223731241	0.249859394951	0.298465677156	0.272898137438	0.258000135022	0.290173616078	0.23709855783	0.287790211645	0.158986281587	0.214281870579	0.207502800421	0.302345324113	0.222373570842	0.21623317953	0.20823317953	0.23082831939	0.289304450033	0.286850601704	0.192990165966	0.287638561965	0.244482562874	0.22821092994	0.250883530097	0.286143666512	0.288248233327	0.239852227149	0.249564188536	0.292076635874	0.147202059803	0.129792816431	0.153039888994	0.16069103362	0.160414329961	0.305595465698	0.162699457204	0.292900022353	0.292285855592	0.282815107836	0.298712864051	0.236829563552	0.261367617417	0.294576855456	0.261636894388	0.250668099465	0.173230471362	0.285499211793
159268001-stool2.snv.bam	0.227271696852	0.00163251199513	0.0	0.194360269433	0.22360219271	0.271346471468	0.297743599254	0.302999342068	0.250401462685	0.290428659427	0.300351549527	0.258481324475	0.250976442273	0.223557977916	0.242323962985	0.252896729252	0.23070920651	0.290563404893	0.260933217761	0.303340525836	0.294190707998	0.247451179579	0.287175213042	0.213859616009	0.255159610501	0.281801299456	0.252764524752	0.244247885541	0.226130564775	0.156978606897	0.148101261426	0.157923437346	0.233384582598	0.286781917202	0.311729931885	0.229347117691	0.208069834872	0.221346305284	0.2247933783	0.270546727815	0.212986755627	0.232876704918	0.291724370648	0.281022417585	0.283768438734	0.240190380063	0.234710230444	0.152500949973	0.28183130293	0.248164436635	0.251686495449	0.297664744904	0.272033879118	0.258159001186	0.289650030313	0.236720306681	0.287277142268	0.158278077668	0.213582502879	0.209839447304	0.30207204593	0.222329163433	0.215530482199	0.207551758795	0.230455847627	0.289364907181	0.286630265561	0.192590653305	0.287125895912	0.243752574698	0.227849589008	0.253213983981	0.285628120581	0.288013276129	0.239466652412	0.24901940597	0.291549361783	0.146361199558	0.12933818491	0.152246947509	0.159821788796	0.159817540236	0.305069017246	0.16202618211	0.292294712373	0.293287160098	0.282420671839	0.298169299416	0.236979721161	0.260776591361	0.294432993887	0.261302979555	0.252826134415	0.17282342752	0.285100773674
160178356-stool2.snv.bam	0.0919340607449	0.195006512863	0.194360269433	0.0	0.123440198164	0.230998069937	0.26145708324	0.264083940024	0.149860800969	0.264656084656	0.269212840809	0.1480335097	0.139413922691	0.107589410252	0.136177462489	0.225250167673	0.132183908046	0.264649454324	0.118092744951	0.285496573518	0.257896931784	0.0944069602374	0.263369175627	0.103030628949	0.142857142857	0.249418282548	0.141465968586	0.124155672823	0.103370927318	0.173017534421	0.122153401797	0.14192513369	0.119742452185	0.245746280193	0.276332121814	0.14207007652	0.0982582511857	0.110989994898	0.0981867891514	0.248243411337	0.0896117364346	0.089821422679	0.250692517693	0.255562267935	0.26899675157	0.134447013568	0.111878074769	0.158206088861	0.261942318685	0.135986436467	0.133517843206	0.269904128497	0.234699367089	0.14030605062	0.253403693931	0.115283097477	0.267059539754	0.138319482918	0.118356895729	0.102818428184	0.265724957555	0.11744	0.0838743455497	0.0917277486911	0.105436450342	0.26298102981	0.26593524438	0.207625037436	0.26160137792	0.133373852814	0.104205432099	0.154666608669	0.262516104585	0.263172413793	0.144083769634	0.144842105263	0.244842105263	0.150436220741	0.137997689642	0.160618741479	0.190735662686	0.188974830694	0.282011058619	0.159267663135	0.272236564219	0.263333333333	0.26247021772	0.272477758462	0.115601042643	0.138906611007	0.269086331694	0.140167196527	0.14194812795	0.146105216622	0.265580636729
160704339-stool1.snv.bam	0.0882390053975	0.221549857825	0.22360219271	0.123440198164	0.0	0.249293755367	0.280172590991	0.282721844174	0.137015715727	0.28876962055	0.29848243827	0.124235331258	0.110667903819	0.0999529037828	0.123178040964	0.233848524202	0.103741170798	0.288762990218	0.120835590003	0.277880866892	0.276913493279	0.144270224137	0.287813200997	0.0746467975854	0.137825276112	0.277377222819	0.112795201072	0.121892377979	0.0902122703849	0.213441617413	0.143449946948	0.181992692004	0.103394431044	0.269944028723	0.29987035416	0.0977114981053	0.0859964782484	0.0823460706023	0.111321404765	0.266775503155	0.092234129926	0.0976270388804	0.274292692755	0.27416305732	0.282301986383	0.10593586268	0.0965048348456	0.181393781612	0.280297147964	0.128484092524	0.104838736021	0.283237053726	0.259390383263	0.113977391387	0.272119201682	0.118258635954	0.285628067078	0.138688395487	0.0897275289417	0.078680697663	0.28439121397	0.131019230011	0.0918527926953	0.0997061958367	0.0976343093677	0.287623787094	0.284951805875	0.199615857125	0.285405507338	0.117835659314	0.0992365139615	0.120575782548	0.281330898849	0.279207091261	0.115645695546	0.110876782731	0.268771519573	0.182806611353	0.183691534839	0.196613236711	0.168387454597	0.210690428538	0.295449521515	0.200557190362	0.290736682384	0.271745469603	0.281086704601	0.29634436591	0.113300740701	0.109925450343	0.271660976704	0.110860677916	0.113073273998	0.164814294514	0.283869525243
763496533-stool1.snv.bam	0.256118335372	0.271666438602	0.271346471468	0.230998069937	0.249293755367	0.0	0.104118833037	0.101244801558	0.212611732882	0.133093718703	0.12265703379	0.227468144772	0.231681056775	0.259703297632	0.225159067577	0.162042099199	0.247227108714	0.133150739562	0.233698144731	0.129298204549	0.105992377115	0.204721060028	0.0792192976736	0.229240390878	0.207699734637	0.0952074580895	0.230873764623	0.206234846707	0.251690630357	0.269293520626	0.25659708517	0.276036192039	0.251924317821	0.108451489696	0.11141111094	0.283699864794	0.2438715849	0.236660059262	0.221069823812	0.0999415859655	0.234285191316	0.232245265615	0.103983478067	0.088191846096	0.0960757671044	0.213385070793	0.239311950438	0.257639945238	0.121252198074	0.24731734496	0.240203416704	0.109045991734	0.124836593501	0.217423307406	0.106604989579	0.204751072848	0.110822311707	0.22446845314	0.260443035333	0.235773678921	0.0959730480601	0.189911377578	0.241304382749	0.24915778589	0.213575487057	0.0851303960693	0.116711654858	0.272894118678	0.13237742198	0.256195477264	0.208676809677	0.227959769721	0.112223269328	0.0958345307091	0.207264624338	0.239533935232	0.10367197142	0.238770891186	0.259458059803	0.283124328493	0.266603829969	0.255976305707	0.122985452204	0.280146209139	0.0859150647589	0.10216302789	0.0805660126311	0.122178856547	0.236138215975	0.22856179653	0.115307451593	0.22872601279	0.230825087644	0.220749396193	0.0905429895583
763597684-stool2.snv.bam	0.281899927201	0.29809558218	0.297743599254	0.26145708324	0.280172590991	0.104118833037	0.0	0.0880314401155	0.248573411892	0.0877326871455	0.0802310896822	0.263917069906	0.267536875909	0.279786156641	0.261265228867	0.158931520784	0.275564575095	0.0878656455362	0.269455575513	0.116521387192	0.0706071675503	0.22447864187	0.0732890084186	0.254267235585	0.250141941707	0.095244386202	0.266628587198	0.236907538692	0.272136952947	0.287119002323	0.261586688865	0.285719648708	0.259251631388	0.0739315183982	0.109218063841	0.304034168139	0.264148479752	0.23588408383	0.2412557198	0.103146164629	0.257874356348	0.262982427496	0.0752683224265	0.0570373866475	0.117466704613	0.254658480666	0.270562215872	0.275438396866	0.124179038148	0.278939257287	0.27690240956	0.0958875406794	0.0964863356353	0.25879445782	0.00811404499695	0.240217934193	0.082054033952	0.259658631574	0.283229516602	0.273093537017	0.0243364108811	0.22332049208	0.261351542343	0.269267109626	0.23948140659	0.068607406484	0.0705082505583	0.307540325848	0.135187771934	0.293299541272	0.236799117164	0.258660630764	0.0592156460569	0.0746546247527	0.237604840496	0.276000622143	0.0691650478882	0.275577074873	0.301961047035	0.319065117109	0.291256683975	0.289997786147	0.0620388764921	0.298808420076	0.109229569124	0.0570840027417	0.0940670556394	0.0799669574006	0.266889117524	0.253866228743	0.113403225386	0.254397573996	0.266970695012	0.243628047381	0.0989111168503
764143897-stool1.snv.bam	0.289660450148	0.303646949868	0.302999342068	0.264083940024	0.282721844174	0.101244801558	0.0880314401155	0.0	0.248484864541	0.125721111346	0.112111037469	0.263751731085	0.267467036488	0.285165567663	0.261208136725	0.173181569549	0.284047604297	0.125854778849	0.266747397938	0.14010728135	0.0952078330714	0.221829880992	0.0977743904831	0.259539613529	0.247332612784	0.100198174113	0.26655893205	0.236652628833	0.274815358948	0.28990947756	0.27074352841	0.291045721086	0.259174511768	0.0767293193024	0.090539430329	0.309442170184	0.269710463218	0.238292785231	0.246576977732	0.111358141881	0.260431876398	0.252423032623	0.0833355064701	0.0674938231981	0.112210484999	0.251867025534	0.275470906284	0.283207614502	0.12680876394	0.281524052486	0.282192320185	0.0935822523014	0.14759214914	0.253387318906	0.0799613176523	0.23751118381	0.10586322148	0.268021605692	0.291154328033	0.272962614747	0.0748274081803	0.22055863782	0.266679004435	0.274594571717	0.245004818976	0.08509676709	0.106176157843	0.315633266378	0.132539011056	0.298525855612	0.234039979258	0.255932839092	0.104857875204	0.106577982795	0.237655257733	0.275910879322	0.0773087977584	0.281004535219	0.30745204099	0.32503421133	0.29970091388	0.298061094136	0.118110171987	0.30704723356	0.10709625387	0.107203212537	0.10215424164	0.114601700341	0.272020847463	0.251217482487	0.12680345812	0.251731865204	0.266880795446	0.256986656009	0.0910824976344
CCIS02124300ST-4-0.snv.bam	0.131146703057	0.250735385016	0.250401462685	0.149860800969	0.137015715727	0.212611732882	0.248573411892	0.248484864541	0.0	0.257093081864	0.266913856494	0.0958072997447	0.113408216576	0.141569097196	0.0973721773781	0.211533535374	0.124157545891	0.257086451531	0.110479723931	0.246576165712	0.231440013714	0.113168284767	0.250103424302	0.116591005121	0.102781202076	0.246970041398	0.112910539189	0.0850332327201	0.127621789673	0.213688080902	0.186379575409	0.21162081536	0.139041900166	0.237411800294	0.262700842282	0.160567942867	0.131464618575	0.139764408433	0.121745095868	0.232282075926	0.131616290367	0.134784605952	0.237202414277	0.23171858035	0.248144836392	0.105298307471	0.120264077262	0.202092332428	0.254236775487	0.159723637857	0.158110465467	0.251674474655	0.237288224316	0.0980885344151	0.240520022583	0.113102013629	0.254116028979	0.161386903391	0.142219956018	0.109048842655	0.250583170232	0.104592561561	0.12881368055	0.131235146519	0.0975977063264	0.246939092473	0.250235698964	0.234927802855	0.253893469239	0.136498722068	0.0913169680192	0.0845470617907	0.249380477577	0.250322646843	0.0736435234821	0.105542591959	0.237253118275	0.201212138587	0.205268702085	0.219567173579	0.216093343741	0.23999274309	0.263847958209	0.225158183519	0.253915937566	0.238596097467	0.243602637116	0.264908690075	0.128782122219	0.105571270808	0.250246398036	0.106189179246	0.113065473422	0.186335524236	0.241913015586
CCIS09568613ST-4-0.snv.bam	0.293239512668	0.290955755205	0.290428659427	0.264656084656	0.28876962055	0.133093718703	0.0877326871455	0.125721111346	0.257093081864	0.0	0.0375777777778	0.272504456328	0.276065529298	0.288516282318	0.26978699025	0.167258541835	0.281976744186	0.000132606648898	0.272675736961	0.132447322953	0.113626834382	0.227519000569	0.0789855072464	0.257454233488	0.256130790191	0.0728291316527	0.275132275132	0.2454	0.280657191106	0.287808850669	0.26226445744	0.286378378378	0.262627928503	0.0739280371706	0.0855239745656	0.307488807489	0.27265362323	0.244333804368	0.249772325376	0.0735925960742	0.263896053728	0.27152165058	0.0753570953039	0.102228657617	0.12557451213	0.257915947399	0.279190440182	0.273770299205	0.127152466678	0.274274479921	0.282910508186	0.0963441215359	0.0901442307692	0.267368147418	0.079575596817	0.243299931231	0.0609080841639	0.237908496732	0.291799795033	0.276438356164	0.0799588194921	0.229110512129	0.269841269841	0.277777777778	0.245441207294	0.0767123287671	0.0192826041883	0.302755071147	0.108766069016	0.299340147723	0.242687431367	0.267143239448	0.0305757691817	0.0931768158474	0.246031746032	0.284574468085	0.0851063829787	0.270821469473	0.291786687427	0.310613584215	0.286268078127	0.290426824637	0.0611320816904	0.285686141397	0.080367087571	0.0599811676083	0.0808155731266	0.0369148093286	0.275513993777	0.262424337245	0.102748455993	0.262758675475	0.275555012257	0.244079535299	0.0748706169598
CCIS10793554ST-4-0.snv.bam	0.303128355326	0.300903902816	0.300351549527	0.269212840809	0.29848243827	0.12265703379	0.0802310896822	0.112111037469	0.266913856494	0.0375777777778	0.0	0.282422222222	0.285895161937	0.298287127659	0.279607253248	0.162503382035	0.295917874396	0.0377114452799	0.282488377937	0.119147110139	0.108776276276	0.237450788606	0.0763098464318	0.262029991887	0.269270833333	0.0698932219127	0.284938434477	0.255257092199	0.290642105263	0.300687826047	0.270662618084	0.293670260557	0.272761185944	0.0659112055294	0.0749582144918	0.317209593397	0.282466322553	0.254070453458	0.259671516755	0.0738472801158	0.273998413112	0.281389409243	0.0727478368725	0.104581998072	0.115003882535	0.267793594804	0.283769253622	0.286218574581	0.126794984356	0.297769370714	0.29580261585	0.0857410441118	0.101635021097	0.277299610136	0.0720523049645	0.253190080929	0.0583507189462	0.262360335196	0.304233305275	0.286589253188	0.0799898747897	0.239224910394	0.279661389622	0.287576956904	0.255621167781	0.0738192552225	0.0194771850014	0.326637983092	0.100805384577	0.312222745892	0.250077160494	0.276970478042	0.0332351823708	0.0849898132944	0.255914687775	0.29440760389	0.0665561450044	0.281148078114	0.30184070911	0.322731868132	0.299560164536	0.303298781318	0.0593125131442	0.301448518539	0.0803971396431	0.0567737430168	0.080844509376	0.0143083327607	0.285319145948	0.272264026769	0.0894032858694	0.272443569032	0.285424410405	0.25944741533	0.080436099953
CCIS12656533ST-4-0.snv.bam	0.121312467417	0.258835359877	0.258481324475	0.1480335097	0.124235331258	0.227468144772	0.263917069906	0.263751731085	0.0958072997447	0.272504456328	0.282422222222	0.0	0.0769054939314	0.114138256876	0.0611004100098	0.224616741283	0.136870155039	0.272497755083	0.074042579995	0.282917132365	0.254938271605	0.0924341943845	0.26589673913	0.11451963222	0.0928701180745	0.262337057728	0.0764991181658	0.0687345679012	0.0990219532789	0.247374262855	0.128520843393	0.170153153153	0.0900030173714	0.252548164467	0.278273753522	0.148538190205	0.130273407074	0.110912287613	0.0981292366637	0.244715124036	0.113440491068	0.112121736175	0.252547886192	0.252215786828	0.266211256019	0.100577309026	0.0671409912697	0.203779138094	0.259096911122	0.163461406116	0.156054389395	0.26714297289	0.23655484558	0.0428046519925	0.255777777778	0.124113253711	0.26955928797	0.168113912232	0.124590567478	0.0849771689498	0.265202076381	0.0857974910394	0.110890652557	0.113536155203	0.0790016069308	0.272252497729	0.265773747481	0.232107175295	0.258752362519	0.140482608138	0.102026085225	0.0689273790299	0.26696587726	0.265644106138	0.100308641975	0.0797966401415	0.252437943262	0.216466408379	0.196340988712	0.221442687359	0.213998023227	0.250059441125	0.279356954356	0.229862598875	0.269478198682	0.260310734463	0.256613394571	0.280346664829	0.116425575916	0.0793996458871	0.254981525225	0.0800770030912	0.0766942721614	0.192694369973	0.262570406118
CCIS20795251ST-4-0.snv.bam	0.0807661868323	0.248720026006	0.250976442273	0.139413922691	0.110667903819	0.231681056775	0.267536875909	0.267467036488	0.113408216576	0.276065529298	0.285895161937	0.0769054939314	0.0	0.10053621779	0.052720282533	0.217515576467	0.12125851454	0.275932570908	0.0240108480758	0.254888753026	0.258444491963	0.100000428756	0.261482581884	0.121911965506	0.105328044597	0.266140455805	0.000201324266285	0.0718034511785	0.117005079766	0.235244258651	0.131674513118	0.163729892761	0.103949065692	0.257397356625	0.282419060412	0.129251899675	0.0957831160102	0.103503628863	0.0800154505582	0.254336605888	0.116099205548	0.114295014989	0.256727866144	0.256335460563	0.269803351298	0.0589081336548	0.0995072838657	0.197519906395	0.262726168722	0.155318095943	0.142185102909	0.270708875673	0.243419159954	0.0511867153315	0.259462181337	0.0632790827825	0.27310616465	0.17490162037	0.102811004785	0.111349740613	0.269161447009	0.0988712121212	0.102563528991	0.0946895132427	0.0652800746551	0.266512784091	0.272125136288	0.253939564565	0.262384333099	0.104630746927	0.0589699775533	0.060680706186	0.268631053122	0.26924069073	0.0763168098306	0.0817808014354	0.256139062125	0.212223996723	0.195226614602	0.204651606503	0.221970172975	0.245576642363	0.282854221593	0.228597257115	0.272936290847	0.260388627899	0.263307110827	0.283817711893	0.0950682262288	0.0817838215502	0.269901774033	0.0827076328122	0.000766770137662	0.186485029819	0.266586650367
CCIS22275061ST-4-0.snv.bam	0.0288642521288	0.224282081902	0.223557977916	0.107589410252	0.0999529037828	0.259703297632	0.279786156641	0.285165567663	0.141569097196	0.288516282318	0.298287127659	0.114138256876	0.10053621779	0.0	0.102678358992	0.250541261728	0.120872049439	0.288509651985	0.115966028806	0.288077746598	0.276632549707	0.0870446419977	0.287614215187	0.0848677620941	0.151019906969	0.277086940403	0.102690037781	0.121567690544	0.0587786420578	0.202466653212	0.128632179161	0.155686572476	0.106660991554	0.269947192212	0.299923684768	0.102835981674	0.054694639638	0.0881045757126	0.0438526829664	0.266911376007	0.0897575494329	0.0505352478902	0.274346163707	0.27400127977	0.287264840668	0.129083381818	0.073211449177	0.170750747021	0.28031706925	0.123065389628	0.125814314495	0.28787554379	0.266336758182	0.111414644094	0.271842705766	0.107479837571	0.28543429032	0.15233376191	0.0921604514143	0.0974502837835	0.284115445674	0.125491079243	0.0242478590359	0.0163944558945	0.0839247379866	0.287339798063	0.287434318686	0.226461655995	0.285104881557	0.104316448026	0.104256511342	0.13683308624	0.280696604142	0.281643873572	0.104786349438	0.11594514399	0.268495751277	0.179786272105	0.178178039556	0.188668866443	0.176783715112	0.228729003988	0.300531255759	0.194934343655	0.290642042993	0.282896936967	0.281082621567	0.296150080552	0.118360839594	0.0900627588771	0.277034165432	0.0908612817181	0.103254003428	0.154005318452	0.283922855851
CCIS23164343ST-4-0.snv.bam	0.0991349520629	0.24289436234	0.242323962985	0.136177462489	0.123178040964	0.225159067577	0.261265228867	0.261208136725	0.0973721773781	0.26978699025	0.279607253248	0.0611004100098	0.052720282533	0.102678358992	0.0	0.222307154563	0.123748120081	0.269780359918	0.0656574651075	0.274867182303	0.252372755684	0.0889878442082	0.263206493677	0.118761739944	0.0783405546854	0.26033097594	0.0523814740828	0.0661219798048	0.108597392054	0.231739009354	0.140408618727	0.171213837081	0.114230943684	0.250051704391	0.275517114766	0.136755215525	0.0974617360605	0.105375414652	0.0765711135381	0.245109994464	0.117770107514	0.111110926537	0.250054791726	0.249719619283	0.263574336608	0.0789051859545	0.0908044152097	0.193994300003	0.25654829333	0.151428543402	0.1496075323	0.264510103142	0.237672412388	0.064063273758	0.253211839558	0.0942242982684	0.266901116494	0.160880977948	0.110403413051	0.0924461291338	0.262934121541	0.093320614256	0.094229158907	0.0916113578599	0.0567990883542	0.268237079443	0.265772998575	0.234591538762	0.256207352565	0.101881231783	0.0800868686387	0.0659775243715	0.26235558022	0.263013156726	0.0759416835069	0.0607337856366	0.249946006091	0.208919831913	0.186448120829	0.206532577908	0.218583863042	0.241994661943	0.276574336494	0.219336182453	0.266799842094	0.257621686255	0.254064087877	0.277568263225	0.0997061249526	0.0865549146964	0.263074316573	0.0872893218152	0.0526182145985	0.18311841309	0.259978631902
CCIS27304052ST-3-0.snv.bam	0.248191427998	0.252997120343	0.252896729252	0.225250167673	0.233848524202	0.162042099199	0.158931520784	0.173181569549	0.211533535374	0.167258541835	0.162503382035	0.224616741283	0.217515576467	0.250541261728	0.222307154563	0.0	0.25209909509	0.167116944905	0.216887994634	0.164041678504	0.152037263148	0.202608427433	0.148240165631	0.220189959741	0.22361572536	0.152409297052	0.216686787391	0.195498511905	0.236247670458	0.269175330501	0.195672736659	0.22156717442	0.215706384089	0.153794417567	0.173593396104	0.265224165506	0.228335699935	0.20368536159	0.206816316922	0.153280481247	0.230982399528	0.235172663291	0.162856192885	0.145533020901	0.15998391178	0.209415598003	0.233984360053	0.231821980665	0.155581660696	0.257722497368	0.275375107474	0.142278907061	0.146486241555	0.210596856576	0.150309389292	0.202510376138	0.147003571819	0.218135158255	0.248148173625	0.229807024851	0.162249404925	0.191758766544	0.227954393025	0.242038900067	0.203833522799	0.140143964563	0.150038309351	0.285815799188	0.16114510798	0.275801736578	0.201036915405	0.20835620855	0.146108843537	0.148000018607	0.202602280349	0.234911641711	0.147902333738	0.236687771088	0.226771871539	0.255602510521	0.24884635832	0.253051487797	0.156062952435	0.219102090438	0.177122675138	0.151026518392	0.160832568732	0.163795338372	0.23111371539	0.214235330523	0.175927266778	0.215062724361	0.21720561803	0.225615646259	0.15378352992
CCIS28384594ST-4-0.snv.bam	0.0971671668374	0.231458686828	0.23070920651	0.132183908046	0.103741170798	0.247227108714	0.275564575095	0.284047604297	0.124157545891	0.281976744186	0.295917874396	0.136870155039	0.12125851454	0.120872049439	0.123748120081	0.25209909509	0.0	0.28196945853	0.126642036125	0.258698892831	0.271845296624	0.15236626095	0.274139626352	0.0929446186363	0.0521739130435	0.27245508982	0.123563218391	0.127652173913	0.119285495716	0.202163428213	0.176360392507	0.203058823529	0.145676842952	0.266153470186	0.296808468044	0.121352785146	0.101508861874	0.104442233763	0.12754482869	0.257841741532	0.0964142150367	0.11298306537	0.271795776131	0.268592038822	0.280712094347	0.103941341506	0.114396601131	0.19296986839	0.275985054801	0.0581286208136	0.078283646682	0.284664876684	0.251293103448	0.142429323065	0.269565217391	0.114892984542	0.281609195402	0.155422885572	0.121193018077	0.0689552238806	0.28053328361	0.134897360704	0.112068965517	0.114942528736	0.123666893578	0.271641791045	0.285746606335	0.218256309407	0.281298064268	0.0290994924616	0.0792874986423	0.106690496148	0.276759683465	0.271576639426	0.137931034483	0.112716763006	0.265895953757	0.196992565415	0.19917337855	0.206975713565	0.200779727096	0.234490266069	0.292548254314	0.218477084151	0.284456979244	0.271487179487	0.270666786285	0.293296904824	0.115293353405	0.123840228387	0.277438096895	0.124741464012	0.123691644033	0.161039272031	0.273753246225
CCIS51595129ST-4-0.snv.bam	0.29310512845	0.291090863866	0.290563404893	0.264649454324	0.288762990218	0.133150739562	0.0878656455362	0.125854778849	0.257086451531	0.000132606648898	0.0377114452799	0.272497755083	0.275932570908	0.288509651985	0.269780359918	0.167116944905	0.28196945853	0.0	0.272543130313	0.132579929602	0.113761943043	0.227512370236	0.0790570175439	0.257447603155	0.256123961129	0.0729695386927	0.274999668483	0.245393316625	0.280650489861	0.287802113396	0.262256722052	0.286371604687	0.262621099442	0.0740631458317	0.0856569329563	0.307482177156	0.272646992897	0.244327174036	0.249765677456	0.07372734154	0.263889243223	0.27151498498	0.0754904073073	0.102362325119	0.125707824134	0.257909299479	0.279183720972	0.273763668872	0.127285073327	0.27426776071	0.282903770913	0.0964767281848	0.0902285762483	0.267361446173	0.0797085552076	0.243167324582	0.0610406908128	0.23790147638	0.291793147113	0.276431489683	0.0800921314955	0.229103756696	0.269834639509	0.277771147445	0.245434378232	0.0767844268205	0.0194177128494	0.302826776296	0.108898675665	0.29933339229	0.242680675934	0.267136609116	0.0307101533996	0.0933101278508	0.246025115699	0.284567802485	0.0852396949821	0.270814677425	0.291779858365	0.310606810524	0.286335527203	0.290561570103	0.0612650400811	0.285679198833	0.0805007550731	0.0601227645385	0.0809495980284	0.0370477677193	0.275507363445	0.262417706913	0.102883201459	0.262752045143	0.275422405608	0.244072816088	0.0750035753504
CCIS52234160ST-4-0.snv.bam	0.0938005577584	0.258709370006	0.260933217761	0.118092744951	0.120835590003	0.233698144731	0.269455575513	0.266747397938	0.110479723931	0.272675736961	0.282488377937	0.074042579995	0.0240108480758	0.115966028806	0.0656574651075	0.216887994634	0.126642036125	0.272543130313	0.0	0.25679337432	0.260662155836	0.0761646266548	0.263453661034	0.126814614879	0.108009241432	0.260585674713	0.0237471952132	0.0689615529589	0.127263595497	0.239923726118	0.137493123052	0.168747135218	0.103654658577	0.254030227743	0.279039283419	0.134298947126	0.110976055316	0.113690069693	0.100683977003	0.256305721367	0.12114927227	0.119243512386	0.253406803407	0.258283715353	0.271335097434	0.0691071254982	0.0992293441896	0.207623843881	0.264642393479	0.160197156766	0.152431217066	0.272604203291	0.246665913201	0.0563283484284	0.261402186204	0.076098355517	0.274995216643	0.180068592534	0.115814713502	0.116453735966	0.271070822217	0.101523809524	0.112752430815	0.110134629768	0.0785669855751	0.268486256291	0.27138143358	0.264313524152	0.25906585062	0.120337662338	0.0669559082892	0.0631258457666	0.270557029178	0.271149857402	0.0996634255797	0.0896616541353	0.252819548872	0.217170377499	0.200077011937	0.210050641493	0.232840504623	0.250228630086	0.284732506037	0.227956508536	0.274958011637	0.26062782655	0.265059627753	0.280434263899	0.107829913249	0.0841737173733	0.266510343852	0.0852756482845	0.0243111608597	0.19128141973	0.268497772087
CCIS59132091ST-4-0.snv.bam	0.276937806181	0.303656754788	0.303340525836	0.285496573518	0.277880866892	0.129298204549	0.116521387192	0.14010728135	0.246576165712	0.132447322953	0.119147110139	0.282917132365	0.254888753026	0.288077746598	0.274867182303	0.164041678504	0.258698892831	0.132579929602	0.25679337432	0.0	0.08627424324	0.248758697994	0.0752645736814	0.273128308831	0.264247736812	0.086021924908	0.254020707742	0.261268892763	0.291048773868	0.316835603204	0.298813915799	0.320834120381	0.278710952765	0.11590189906	0.113668310991	0.312167756403	0.283450607889	0.26540678732	0.265594176829	0.107761853438	0.271884307734	0.287156198219	0.127330428439	0.0981188432165	0.111511393604	0.242134949617	0.294854902913	0.307664325707	0.154751118788	0.303237195044	0.274533782727	0.0903791431503	0.148457507793	0.272544170639	0.124145897026	0.232992891002	0.0969681472833	0.285209274345	0.29928041061	0.292472260732	0.113462660794	0.245384276359	0.28541155682	0.282793755773	0.264428389337	0.0841872305587	0.110506526086	0.334547283319	0.144672432096	0.282886425361	0.234861193052	0.261822133164	0.0993895224958	0.0949988706178	0.246141385778	0.279015814124	0.105398144665	0.28676966021	0.326077676996	0.329440436598	0.299958907309	0.321921119194	0.0881846945321	0.329218241279	0.129822548589	0.0985989424846	0.114706555404	0.116113160237	0.285789278411	0.257126724727	0.0805845022987	0.257438939465	0.254502867106	0.270780546385	0.108604375831
CCIS62605362ST-3-0.snv.bam	0.281342102665	0.294217941168	0.294190707998	0.257896931784	0.276913493279	0.105992377115	0.0706071675503	0.0952078330714	0.231440013714	0.113626834382	0.108776276276	0.254938271605	0.258444491963	0.276632549707	0.252372755684	0.152037263148	0.271845296624	0.113761943043	0.260662155836	0.08627424324	0.0	0.214900101261	0.0718702173248	0.24503802075	0.237998772253	0.0512868801004	0.257789693178	0.224812312312	0.268711865481	0.289429013636	0.263728024345	0.285248097412	0.252872942863	0.0612309161709	0.0766077794806	0.301303819802	0.260955426419	0.231940304576	0.237418608124	0.0888526549648	0.247992591559	0.259427752489	0.0712513957797	0.0255830246951	0.100863484109	0.240295343346	0.267102146042	0.272364472298	0.102352604003	0.264744669188	0.2681151624	0.0872342549219	0.104806998557	0.247022337913	0.0783751493429	0.230892572549	0.0781026802724	0.24172979798	0.27992695775	0.264043209877	0.0570432034532	0.212957917045	0.257789693178	0.265832588621	0.232686405062	0.0746031746032	0.0880365169194	0.285267034991	0.092142438723	0.290193306997	0.227302165554	0.249693565863	0.079421152519	0.0921564375045	0.222937146262	0.267265648398	0.0620792374144	0.266727136789	0.293484170832	0.310310747164	0.278759158432	0.281365125306	0.0738050225999	0.295753518539	0.111483159325	0.0839682539683	0.0960692287863	0.105724681531	0.258176528695	0.244911407598	0.0717698764081	0.245250227574	0.258283486414	0.245101147343	0.0899697168579
CCIS64773582ST-4-0.snv.bam	0.0916595310074	0.247858046389	0.247451179579	0.0944069602374	0.144270224137	0.204721060028	0.22447864187	0.221829880992	0.113168284767	0.227519000569	0.237450788606	0.0924341943845	0.100000428756	0.0870446419977	0.0889878442082	0.202608427433	0.15236626095	0.227512370236	0.0761646266548	0.248758697994	0.214900101261	0.0	0.228321278356	0.113600034354	0.110575360676	0.210532360706	0.0995378502898	0.0818956696852	0.0927451569762	0.215714737581	0.140395654269	0.168618873825	0.122364609902	0.208734459682	0.23423811188	0.15773358126	0.102997076885	0.100475489167	0.0559021957703	0.213568364036	0.10789571662	0.0849067498577	0.211119312995	0.213246126022	0.226791967925	0.113406223045	0.096449583551	0.184156209254	0.225194104588	0.15733450488	0.149644063447	0.227920312306	0.215626014281	0.095883983982	0.216364596873	0.0838261833685	0.230311325657	0.166085296798	0.139310855862	0.121743790815	0.226151752858	0.0693958901618	0.0681242377243	0.0759776408657	0.0811331048184	0.230358217385	0.228300344152	0.250649787342	0.219617561729	0.154876409642	0.0828279889273	0.107502888278	0.225280513643	0.226230788043	0.102155651337	0.123745944239	0.207900479513	0.195594051062	0.188916163075	0.204431872564	0.204635332756	0.234087017436	0.239694916706	0.205907276315	0.232558944734	0.215741663543	0.222687630987	0.23563309236	0.120793343195	0.071203765103	0.226432560989	0.0721271280526	0.100020009654	0.151366380577	0.223696600548
CCIS74239020ST-4-0.snv.bam	0.284109518522	0.287413667643	0.287175213042	0.263369175627	0.287813200997	0.0792192976736	0.0732890084186	0.0977743904831	0.250103424302	0.0789855072464	0.0763098464318	0.26589673913	0.261482581884	0.287614215187	0.263206493677	0.148240165631	0.274139626352	0.0790570175439	0.263453661034	0.0752645736814	0.0718702173248	0.228321278356	0.0	0.256123818868	0.25189289012	0.0624881291548	0.260573476703	0.238261065944	0.279707761251	0.300541600498	0.276437162088	0.29652014652	0.277888595829	0.0879365084881	0.0784297627542	0.312269092914	0.266191512745	0.253471804797	0.248241239892	0.0637399335587	0.256328047122	0.270339118787	0.0948053794828	0.0572137295667	0.0816165686005	0.245734893538	0.278123617224	0.278006737722	0.0994542089718	0.281301673962	0.28463399557	0.054954510593	0.0992279020234	0.260676686054	0.0811201445348	0.233604051986	0.0565683087439	0.253181386515	0.293643816875	0.27530176416	0.0540482417902	0.221735159817	0.268637992832	0.271326164875	0.243795724128	0.0195211786372	0.0639683548774	0.312415592388	0.115851901671	0.295858981201	0.232795535261	0.260520101733	0.0529114906832	0.0381112146629	0.239068100358	0.278198198198	0.0863063063063	0.277869023606	0.293681572352	0.311142321246	0.289358065651	0.295005770761	0.0550552426582	0.295960648951	0.0601868585062	0.0523946360153	0.0441360905485	0.0782767995706	0.266275899127	0.255725088204	0.0843426168815	0.256046151125	0.26106859734	0.245163487738	0.0520963596297
CCIS76845094ST-20-0.snv.bam	0.0946383659583	0.214557857697	0.213859616009	0.103030628949	0.0746467975854	0.229240390878	0.254267235585	0.259539613529	0.116591005121	0.257454233488	0.262029991887	0.11451963222	0.121911965506	0.0848677620941	0.118761739944	0.220189959741	0.0929446186363	0.257447603155	0.126814614879	0.273128308831	0.24503802075	0.113600034354	0.256123818868	0.0	0.122222984597	0.244544773466	0.124009828043	0.101416238291	0.0801871077871	0.187530975429	0.1352147898	0.164202551638	0.088145956925	0.244052031607	0.274241901826	0.0930133376225	0.0708786024176	0.0725417958872	0.0961047794728	0.235755983904	0.0713700892669	0.0774141665857	0.248862852654	0.242906928052	0.256252316192	0.0959568368868	0.0708482453594	0.155986395331	0.249012394709	0.107889536671	0.110533003467	0.2574203291	0.23166613852	0.0987326185689	0.246220845009	0.11876936531	0.254309676168	0.130964156839	0.0849194304823	0.0684871390581	0.258900569441	0.102324678167	0.0768894091949	0.0847428123363	0.0820719067099	0.255603523735	0.253274923357	0.210868117986	0.253761622647	0.115661053503	0.0970901102653	0.121503661843	0.249866737557	0.25074530921	0.0952140165247	0.116767774506	0.242941316469	0.177943796454	0.165384012394	0.176256232341	0.154890236591	0.216694680171	0.269551164842	0.182129929671	0.259847981859	0.247349255843	0.250075691988	0.265332614783	0.108721329414	0.105937575369	0.240372571546	0.106976419258	0.124491987407	0.144111638318	0.253186149218
CCIS80834637ST-4-0.snv.bam	0.145842454167	0.255930963998	0.255159610501	0.142857142857	0.137825276112	0.207699734637	0.250141941707	0.247332612784	0.102781202076	0.256130790191	0.269270833333	0.0928701180745	0.105328044597	0.151019906969	0.0783405546854	0.22361572536	0.0521739130435	0.256123961129	0.108009241432	0.264247736812	0.237998772253	0.110575360676	0.25189289012	0.122222984597	0.0	0.239316239316	0.105121293801	0.0788451086957	0.130883407429	0.227689203056	0.183048314793	0.209476584022	0.151067916002	0.238433809979	0.264844698409	0.146174580137	0.124365515842	0.119436144556	0.114102852853	0.233375001654	0.121574120708	0.127620977285	0.238594413391	0.23550068857	0.249664999036	0.0866693121693	0.120868945869	0.205153227852	0.250733061287	0.0624726676635	0.105775496079	0.248149264382	0.229166666667	0.0980808913747	0.241847826087	0.102420871256	0.256002005892	0.154248366013	0.135281019656	0.0812849162011	0.252207360783	0.0986301369863	0.132075471698	0.140161725067	0.0858974358974	0.251396648045	0.258664412511	0.216635802469	0.250382011767	0.0652070902071	0.0822932521563	0.07581750043	0.251170960187	0.246519016914	0.0970350404313	0.0810810810811	0.238482384824	0.201209624697	0.197658730159	0.217936972816	0.21340816017	0.225337815273	0.260677031898	0.219013106723	0.255808852824	0.242830009497	0.242661424804	0.266956826957	0.108131785411	0.0947628181651	0.257360166348	0.0953163973538	0.105325989551	0.16453279425	0.24073615254
CCIS81887263ST-4-0.snv.bam	0.284630163554	0.282031983116	0.281801299456	0.249418282548	0.277377222819	0.0952074580895	0.095244386202	0.100198174113	0.246970041398	0.0728291316527	0.0698932219127	0.262337057728	0.266140455805	0.277086940403	0.26033097594	0.152409297052	0.27245508982	0.0729695386927	0.260585674713	0.086021924908	0.0512868801004	0.210532360706	0.0624881291548	0.244544773466	0.239316239316	0.0	0.265927977839	0.234594972067	0.266103985454	0.290323640701	0.260500600034	0.283172804533	0.258241285031	0.0491287782615	0.0563681622535	0.294268058811	0.263715309313	0.230981977398	0.239456018519	0.0688827290606	0.251036318438	0.259309583894	0.0622124452208	0.0537104072398	0.0812911029135	0.242248089359	0.270050657832	0.270099740811	0.0970714655702	0.262025942117	0.273923124071	0.0899161900478	0.103405315615	0.256971193113	0.0977653631285	0.235409303658	0.0636474908201	0.226274509804	0.286047979798	0.26408045977	0.0779569892473	0.213483146067	0.257617728532	0.265927977839	0.243076923077	0.0598290598291	0.0487325174825	0.300317460317	0.0670736124325	0.291116369506	0.227632126509	0.254792644076	0.0657437132156	0.0889846743295	0.235457063712	0.268698060942	0.0611111111111	0.266930221662	0.285959183673	0.304791919315	0.27694235589	0.28743317962	0.0704646094632	0.282362491408	0.0841834017853	0.0710654936461	0.0790616928553	0.0675468975469	0.269097755257	0.247081438999	0.0258540753146	0.247495942226	0.266438185255	0.238881086142	0.0675366086544
