	158337416-stool1.snv.bam	158984779-stool1.snv.bam	159753524-stool1.snv.bam	159753524-stool2.snv.bam	159753524-stool3.snv.bam	160502038-stool1.snv.bam	160502038-stool2.snv.bam	764143897-stool1.snv.bam	765094712-stool3.snv.bam	765620695-stool1.snv.bam	CCIS27927933ST-4-0.snv.bam	CCIS41288781ST-4-0.snv.bam	CCIS98512455ST-4-0.snv.bam	CCMD45988061ST-21-0.snv.bam	CCMD88272491ST-21-0.snv.bam	ED12A.snv.bam	ED15A.snv.bam	HT14A.snv.bam	HT25A.snv.bam	M3.3-V3.metaT.snv.bam	MH0309.snv.bam	NG-5636_312.snv.bam	O2.UC47-1.snv.bam	SAMEA3136692.snv.bam	SAMEA3136707.snv.bam	T2D-123A.snv.bam	T2D-19A.snv.bam	T2D-25A.snv.bam	T2D-31A.snv.bam	V1.CD3-0-PN.snv.bam	V1.CD54-0.snv.bam	V1.FI05.snv.bam	V1.FI34.snv.bam
158337416-stool1.snv.bam	0.0	0.144699506222	0.161043596712	0.169159557037	0.171571654117	0.176578298469	0.181803544567	0.0582564592281	0.0207781560484	0.0652194749782	0.0957611080084	0.126116290301	0.165666556439	0.168058284205	0.183551874679	0.109101431606	0.122227795389	0.182160576074	0.103503133765	0.0171549031571	0.13368741351	0.166110978177	0.137699650661	0.165774257011	0.093578557913	0.128961083683	0.158958008049	0.12224162296	0.175992839157	0.180379211509	0.178363781088	0.133936654074	0.16186601739
158984779-stool1.snv.bam	0.144699506222	0.0	0.132668512608	0.12880415856	0.134673379238	0.163154734757	0.193973194177	0.120825213483	0.131966194839	0.136182290611	0.122910689882	0.108737283621	0.153575654602	0.15920896392	0.160566518821	0.149560322958	0.142262583459	0.159742614265	0.119931315522	0.140375374625	0.145215165562	0.146199667168	0.13982895704	0.123903362409	0.163639627645	0.11909727187	0.175527831627	0.11943035652	0.152190739735	0.162591639685	0.156155658225	0.146272344695	0.175794715441
159753524-stool1.snv.bam	0.161043596712	0.132668512608	0.0	0.0742519802551	0.10372295087	0.180328371011	0.206062345404	0.128829422325	0.151522683254	0.152469133973	0.159933367493	0.131185043951	0.179702587537	0.146340815581	0.179522977957	0.174947884157	0.143549391154	0.180769108737	0.152277792298	0.166092073839	0.147054223774	0.122230411828	0.167524299136	0.160445559671	0.168146620819	0.118199841853	0.166654519059	0.13441383089	0.176410665343	0.163233945822	0.16161895582	0.167372720286	0.183867145334
159753524-stool2.snv.bam	0.169159557037	0.12880415856	0.0742519802551	0.0	0.0909532458467	0.17242252983	0.202126806616	0.140668429359	0.156618515881	0.161547442648	0.164708965006	0.137998739466	0.181579520076	0.152957747635	0.183081603232	0.18556607815	0.146537607626	0.143464568426	0.153809348899	0.175947984207	0.155722079257	0.135496396416	0.162184508054	0.168992398033	0.164755449943	0.127764674725	0.164559596421	0.136605849406	0.14271859582	0.162081307922	0.161784606785	0.175138985686	0.171506103912
159753524-stool3.snv.bam	0.171571654117	0.134673379238	0.10372295087	0.0909532458467	0.0	0.167278835061	0.208016384498	0.140544963798	0.16033756705	0.169549502385	0.173666199947	0.148244764819	0.18080849533	0.180212107581	0.156381635207	0.194967915475	0.133092613051	0.105765820588	0.153370126242	0.17336719515	0.165077964037	0.160003578174	0.18933861575	0.15115477666	0.181756584653	0.118612394523	0.182557824336	0.120280758567	0.101107280166	0.153103600237	0.167830015657	0.180594462156	0.153722816347
160502038-stool1.snv.bam	0.176578298469	0.163154734757	0.180328371011	0.17242252983	0.167278835061	0.0	0.0617645176696	0.149520610748	0.165085444612	0.15936587221	0.174726950239	0.153488589924	0.192766682776	0.195620336092	0.173103070466	0.187942899646	0.159318397812	0.17987945897	0.156497115734	0.171010596436	0.115100266334	0.158328274201	0.174691319782	0.169181561151	0.208104982864	0.159588798757	0.163824731354	0.157025008751	0.170727336356	0.198684675752	0.193255919624	0.171580212372	0.188035709843
160502038-stool2.snv.bam	0.181803544567	0.193973194177	0.206062345404	0.202126806616	0.208016384498	0.0617645176696	0.0	0.172817672923	0.166590187885	0.174883196249	0.188555197824	0.167649462641	0.200409211643	0.206596169877	0.186110664181	0.199017808348	0.1773693497	0.211945634058	0.182843647307	0.175226427397	0.127589347763	0.183087268235	0.199756316223	0.183303930103	0.216513836784	0.179272319472	0.175841944589	0.174364980638	0.202732311387	0.201076519163	0.197545859109	0.19838386135	0.205525581466
764143897-stool1.snv.bam	0.0582564592281	0.120825213483	0.128829422325	0.140668429359	0.140544963798	0.149520610748	0.172817672923	0.0	0.0597020095674	0.08528566283	0.11429675101	0.114247094658	0.160433609287	0.159155447765	0.16276179241	0.127795636236	0.120197096525	0.16825034996	0.10177374774	0.0580173862823	0.127489515699	0.148615213017	0.139435645039	0.149060261332	0.11805956071	0.105790361153	0.154957502276	0.114106430623	0.160777744437	0.168921358994	0.158903702177	0.126365388638	0.160112222642
765094712-stool3.snv.bam	0.0207781560484	0.131966194839	0.151522683254	0.156618515881	0.16033756705	0.165085444612	0.166590187885	0.0597020095674	0.0	0.0682814942993	0.0942580311926	0.11484510613	0.148526834127	0.155762985414	0.17012831278	0.108168300083	0.115550834847	0.16999647327	0.0908565526198	0.0218074648156	0.122331703083	0.154654147635	0.125508342364	0.150014919593	0.077520038041	0.122047537361	0.14382344326	0.107472290301	0.162270192103	0.167198157656	0.164098402753	0.121856065448	0.148943602418
765620695-stool1.snv.bam	0.0652194749782	0.136182290611	0.152469133973	0.161547442648	0.169549502385	0.15936587221	0.174883196249	0.08528566283	0.0682814942993	0.0	0.0483522180446	0.0922502685896	0.160720403093	0.159454770077	0.177655788009	0.0568542916606	0.124542580681	0.190067491843	0.0973551736813	0.0686159894776	0.122790123573	0.159714738446	0.125171593772	0.14803018935	0.100996853686	0.124119506336	0.152572895511	0.13047209755	0.1826621973	0.182832546002	0.160547545408	0.112221988856	0.185382172138
CCIS27927933ST-4-0.snv.bam	0.0957611080084	0.122910689882	0.159933367493	0.164708965006	0.173666199947	0.174726950239	0.188555197824	0.11429675101	0.0942580311926	0.0483522180446	0.0	0.0880489197685	0.169292200525	0.169899443513	0.201320667792	0.0537487738953	0.132037710876	0.187306590191	0.113111685251	0.0953491129069	0.134725711937	0.169393780315	0.117379112338	0.156959329868	0.105474711016	0.131427089139	0.173940884411	0.143884634868	0.178476320475	0.19052833086	0.173618314692	0.137820716511	0.194193585441
CCIS41288781ST-4-0.snv.bam	0.126116290301	0.108737283621	0.131185043951	0.137998739466	0.148244764819	0.153488589924	0.167649462641	0.114247094658	0.11484510613	0.0922502685896	0.0880489197685	0.0	0.14743780458	0.141857740398	0.177892817256	0.10280799038	0.11909039253	0.172233221945	0.0914189288372	0.120497419281	0.110822009884	0.127524959073	0.127973907901	0.122476860697	0.136307694831	0.118895768405	0.146005715141	0.118132423988	0.168650689427	0.132924027292	0.145425652721	0.123581106568	0.178217170724
CCIS98512455ST-4-0.snv.bam	0.165666556439	0.153575654602	0.179702587537	0.181579520076	0.18080849533	0.192766682776	0.200409211643	0.160433609287	0.148526834127	0.160720403093	0.169292200525	0.14743780458	0.0	0.181469963224	0.163342514668	0.166877578505	0.154965670027	0.177442606337	0.129473446545	0.1620120762	0.165230823466	0.170289984057	0.172779483397	0.12344396952	0.154809499557	0.160189879031	0.168576680076	0.149147626074	0.176405298592	0.183202051758	0.110266564555	0.160583828683	0.169710361563
CCMD45988061ST-21-0.snv.bam	0.168058284205	0.15920896392	0.146340815581	0.152957747635	0.180212107581	0.195620336092	0.206596169877	0.159155447765	0.155762985414	0.159454770077	0.169899443513	0.141857740398	0.181469963224	0.0	0.184122583516	0.174269308205	0.167611451142	0.200168723257	0.146669069474	0.166519597976	0.154439102196	0.151092994356	0.154674616779	0.185761468782	0.158478252066	0.166961577512	0.152037606154	0.153995849897	0.197067557199	0.186520977957	0.162046954318	0.162515299167	0.194318960714
CCMD88272491ST-21-0.snv.bam	0.183551874679	0.160566518821	0.179522977957	0.183081603232	0.156381635207	0.173103070466	0.186110664181	0.16276179241	0.17012831278	0.177655788009	0.201320667792	0.177892817256	0.163342514668	0.184122583516	0.0	0.202263426485	0.15780267559	0.15704639802	0.159967886371	0.180681441184	0.173447726061	0.190887372611	0.198814640466	0.138120895375	0.18178704859	0.155982488041	0.156573198891	0.149185321076	0.156888497429	0.183595413413	0.164056231411	0.18613811391	0.169389229311
ED12A.snv.bam	0.109101431606	0.149560322958	0.174947884157	0.18556607815	0.194967915475	0.187942899646	0.199017808348	0.127795636236	0.108168300083	0.0568542916606	0.0537487738953	0.10280799038	0.166877578505	0.174269308205	0.202263426485	0.0	0.138030899194	0.200592680112	0.121709825743	0.11340441154	0.148717229644	0.175826802754	0.145097206532	0.151588266612	0.127721894348	0.140012610347	0.164934304013	0.153763527836	0.19352979239	0.190166226792	0.183193467354	0.135117910679	0.208867546457
ED15A.snv.bam	0.122227795389	0.142262583459	0.143549391154	0.146537607626	0.133092613051	0.159318397812	0.1773693497	0.120197096525	0.115550834847	0.124542580681	0.132037710876	0.11909039253	0.154965670027	0.167611451142	0.15780267559	0.138030899194	0.0	0.166337341753	0.113850088952	0.123427228653	0.13950097774	0.157054732099	0.133410256275	0.122098002677	0.143571850625	0.104103238242	0.129274170213	0.103029497249	0.159313073328	0.149427700411	0.15928623505	0.139882740786	0.167802671555
HT14A.snv.bam	0.182160576074	0.159742614265	0.180769108737	0.143464568426	0.105765820588	0.17987945897	0.211945634058	0.16825034996	0.16999647327	0.190067491843	0.187306590191	0.172233221945	0.177442606337	0.200168723257	0.15704639802	0.200592680112	0.166337341753	0.0	0.143436147736	0.177375224223	0.183027743571	0.200982224128	0.198394488354	0.15907778066	0.196049377533	0.14589447161	0.196730896647	0.144580237532	0.0146100484572	0.15290945504	0.177991546951	0.201452048687	0.114760645488
HT25A.snv.bam	0.103503133765	0.119931315522	0.152277792298	0.153809348899	0.153370126242	0.156497115734	0.182843647307	0.10177374774	0.0908565526198	0.0973551736813	0.113111685251	0.0914189288372	0.129473446545	0.146669069474	0.159967886371	0.121709825743	0.113850088952	0.143436147736	0.0	0.105548688391	0.125227847548	0.151485666856	0.104809413064	0.129578519419	0.130937018966	0.120260981669	0.127166595703	0.0883814682867	0.136473945796	0.157345079849	0.149196445167	0.103113397845	0.149065641995
M3.3-V3.metaT.snv.bam	0.0171549031571	0.140375374625	0.166092073839	0.175947984207	0.17336719515	0.171010596436	0.175226427397	0.0580173862823	0.0218074648156	0.0686159894776	0.0953491129069	0.120497419281	0.1620120762	0.166519597976	0.180681441184	0.11340441154	0.123427228653	0.177375224223	0.105548688391	0.0	0.133804389709	0.172501263904	0.14152808822	0.160593034921	0.0866426815804	0.130777681539	0.159146329852	0.127098908625	0.172983996589	0.176784404297	0.181020394897	0.137506945258	0.166532048085
MH0309.snv.bam	0.13368741351	0.145215165562	0.147054223774	0.155722079257	0.165077964037	0.115100266334	0.127589347763	0.127489515699	0.122331703083	0.122790123573	0.134725711937	0.110822009884	0.165230823466	0.154439102196	0.173447726061	0.148717229644	0.13950097774	0.183027743571	0.125227847548	0.133804389709	0.0	0.141770191269	0.141941207462	0.16816043366	0.134753103462	0.122889566167	0.164178846053	0.14367797082	0.179448140387	0.157533956453	0.183219226955	0.142746852563	0.16905525343
NG-5636_312.snv.bam	0.166110978177	0.146199667168	0.122230411828	0.135496396416	0.160003578174	0.158328274201	0.183087268235	0.148615213017	0.154654147635	0.159714738446	0.169393780315	0.127524959073	0.170289984057	0.151092994356	0.190887372611	0.175826802754	0.157054732099	0.200982224128	0.151485666856	0.172501263904	0.141770191269	0.0	0.137686482401	0.169876044942	0.182691024466	0.143466702704	0.15893437959	0.143856199001	0.191507167132	0.17228574889	0.178951709744	0.143958848382	0.184356496808
O2.UC47-1.snv.bam	0.137699650661	0.13982895704	0.167524299136	0.162184508054	0.18933861575	0.174691319782	0.199756316223	0.139435645039	0.125508342364	0.125171593772	0.117379112338	0.127973907901	0.172779483397	0.154674616779	0.198814640466	0.145097206532	0.133410256275	0.198394488354	0.104809413064	0.14152808822	0.141941207462	0.137686482401	0.0	0.166339466651	0.142687264915	0.142103725015	0.142860093526	0.136902703687	0.189921918448	0.197545806562	0.176632987932	0.0744341758405	0.190695729102
SAMEA3136692.snv.bam	0.165774257011	0.123903362409	0.160445559671	0.168992398033	0.15115477666	0.169181561151	0.183303930103	0.149060261332	0.150014919593	0.14803018935	0.156959329868	0.122476860697	0.12344396952	0.185761468782	0.138120895375	0.151588266612	0.122098002677	0.15907778066	0.129578519419	0.160593034921	0.16816043366	0.169876044942	0.166339466651	0.0	0.172626073357	0.138001637149	0.130893141982	0.133185182743	0.150905893188	0.135361651843	0.134620187635	0.148816699065	0.168261340946
SAMEA3136707.snv.bam	0.093578557913	0.163639627645	0.168146620819	0.164755449943	0.181756584653	0.208104982864	0.216513836784	0.11805956071	0.077520038041	0.100996853686	0.105474711016	0.136307694831	0.154809499557	0.158478252066	0.18178704859	0.127721894348	0.143571850625	0.196049377533	0.130937018966	0.0866426815804	0.134753103462	0.182691024466	0.142687264915	0.172626073357	0.0	0.14993327894	0.16933609454	0.131052403127	0.203065105652	0.196022975685	0.183286235803	0.128541688635	0.178756099266
T2D-123A.snv.bam	0.128961083683	0.11909727187	0.118199841853	0.127764674725	0.118612394523	0.159588798757	0.179272319472	0.105790361153	0.122047537361	0.124119506336	0.131427089139	0.118895768405	0.160189879031	0.166961577512	0.155982488041	0.140012610347	0.104103238242	0.14589447161	0.120260981669	0.130777681539	0.122889566167	0.143466702704	0.142103725015	0.138001637149	0.14993327894	0.0	0.158959062299	0.0918132460402	0.143248332305	0.149666465622	0.145671919101	0.151582231227	0.171229943717
T2D-19A.snv.bam	0.158958008049	0.175527831627	0.166654519059	0.164559596421	0.182557824336	0.163824731354	0.175841944589	0.154957502276	0.14382344326	0.152572895511	0.173940884411	0.146005715141	0.168576680076	0.152037606154	0.156573198891	0.164934304013	0.129274170213	0.196730896647	0.127166595703	0.159146329852	0.164178846053	0.15893437959	0.142860093526	0.130893141982	0.16933609454	0.158959062299	0.0	0.124908935013	0.195664453904	0.177917729648	0.166048508907	0.139191930963	0.174577213838
T2D-25A.snv.bam	0.12224162296	0.11943035652	0.13441383089	0.136605849406	0.120280758567	0.157025008751	0.174364980638	0.114106430623	0.107472290301	0.13047209755	0.143884634868	0.118132423988	0.149147626074	0.153995849897	0.149185321076	0.153763527836	0.103029497249	0.144580237532	0.0883814682867	0.127098908625	0.14367797082	0.143856199001	0.136902703687	0.133185182743	0.131052403127	0.0918132460402	0.124908935013	0.0	0.141805262904	0.139143170806	0.148820652171	0.142442701709	0.156392894976
T2D-31A.snv.bam	0.175992839157	0.152190739735	0.176410665343	0.14271859582	0.101107280166	0.170727336356	0.202732311387	0.160777744437	0.162270192103	0.1826621973	0.178476320475	0.168650689427	0.176405298592	0.197067557199	0.156888497429	0.19352979239	0.159313073328	0.0146100484572	0.136473945796	0.172983996589	0.179448140387	0.191507167132	0.189921918448	0.150905893188	0.203065105652	0.143248332305	0.195664453904	0.141805262904	0.0	0.153478522295	0.170620863767	0.193045088875	0.115832790435
V1.CD3-0-PN.snv.bam	0.180379211509	0.162591639685	0.163233945822	0.162081307922	0.153103600237	0.198684675752	0.201076519163	0.168921358994	0.167198157656	0.182832546002	0.19052833086	0.132924027292	0.183202051758	0.186520977957	0.183595413413	0.190166226792	0.149427700411	0.15290945504	0.157345079849	0.176784404297	0.157533956453	0.17228574889	0.197545806562	0.135361651843	0.196022975685	0.149666465622	0.177917729648	0.139143170806	0.153478522295	0.0	0.16443494502	0.19933736701	0.171634183213
V1.CD54-0.snv.bam	0.178363781088	0.156155658225	0.16161895582	0.161784606785	0.167830015657	0.193255919624	0.197545859109	0.158903702177	0.164098402753	0.160547545408	0.173618314692	0.145425652721	0.110266564555	0.162046954318	0.164056231411	0.183193467354	0.15928623505	0.177991546951	0.149196445167	0.181020394897	0.183219226955	0.178951709744	0.176632987932	0.134620187635	0.183286235803	0.145671919101	0.166048508907	0.148820652171	0.170620863767	0.16443494502	0.0	0.165973615745	0.165736814551
V1.FI05.snv.bam	0.133936654074	0.146272344695	0.167372720286	0.175138985686	0.180594462156	0.171580212372	0.19838386135	0.126365388638	0.121856065448	0.112221988856	0.137820716511	0.123581106568	0.160583828683	0.162515299167	0.18613811391	0.135117910679	0.139882740786	0.201452048687	0.103113397845	0.137506945258	0.142746852563	0.143958848382	0.0744341758405	0.148816699065	0.128541688635	0.151582231227	0.139191930963	0.142442701709	0.193045088875	0.19933736701	0.165973615745	0.0	0.184296044184
V1.FI34.snv.bam	0.16186601739	0.175794715441	0.183867145334	0.171506103912	0.153722816347	0.188035709843	0.205525581466	0.160112222642	0.148943602418	0.185382172138	0.194193585441	0.178217170724	0.169710361563	0.194318960714	0.169389229311	0.208867546457	0.167802671555	0.114760645488	0.149065641995	0.166532048085	0.16905525343	0.184356496808	0.190695729102	0.168261340946	0.178756099266	0.171229943717	0.174577213838	0.156392894976	0.115832790435	0.171634183213	0.165736814551	0.184296044184	0.0
