	160400887-stool1.snv.bam	764467579-stool3.snv.bam	CCIS64785924ST-20-0.snv.bam	CCMD82866709ST-21-0.snv.bam	MH0253.snv.bam	MH0329.snv.bam	MH0346.snv.bam	MH0365.snv.bam	MH0368.snv.bam	MH0374.snv.bam	MH0385.snv.bam	MH0422.snv.bam	MH0448.snv.bam	MH0451.snv.bam	MH0458.snv.bam	MMRS32573774ST-27-0-0.snv.bam	MMRS38861560ST-27-0-0.snv.bam	MMRS47662059ST-27-0-0.snv.bam	MMRS51737257ST-27-0-0.snv.bam	MMRS57276462ST-27-0-0.snv.bam	MMRS88581325ST-27-0-0.snv.bam	MMRS95277876ST-27-0-0.snv.bam	NG-5636_462.snv.bam	O2.UC4-1.snv.bam	SAMEA3136644.snv.bam	SAMEA3178937.snv.bam	V1.UC10-2.snv.bam
160400887-stool1.snv.bam	0.0	0.139326057357	0.133723090058	0.132499523162	0.162297912921	0.139250087769	0.13257389149	0.221652547125	0.100308877117	0.172676848748	0.147046015298	0.154472896704	0.148874245656	0.155987836052	0.127095417624	0.163063872424	0.157894046101	0.165603811532	0.10852987457	0.174252541648	0.146066010495	0.148959976561	0.160044836685	0.155708009532	0.170137589692	0.167533094592	0.151727028824
764467579-stool3.snv.bam	0.139326057357	0.0	0.124806399281	0.132418456643	0.1535	0.130564488515	0.12807350286	0.207538244564	0.0932039801951	0.1511232611	0.152285730047	0.137142857143	0.121292448563	0.144122860591	0.127659886575	0.160296514105	0.1459043491	0.172463768116	0.0935279921118	0.159695512821	0.162470308789	0.153505953506	0.164845605701	0.143964371437	0.160212868366	0.141428571429	0.164254781436
CCIS64785924ST-20-0.snv.bam	0.133723090058	0.124806399281	0.0	0.135005753285	0.150142089112	0.133386592148	0.1434207656	0.184877503393	0.103297844209	0.159186718169	0.128343367835	0.127807498081	0.133414894185	0.128627018817	0.123174229502	0.163071513089	0.160537777522	0.158343211759	0.122239261672	0.15267208193	0.131995928537	0.123767665733	0.151134684518	0.161080236051	0.150986958332	0.105933568653	0.147734863531
CCMD82866709ST-21-0.snv.bam	0.132499523162	0.132418456643	0.135005753285	0.0	0.149609949485	0.133860846806	0.145548078591	0.19603895073	0.0898636007519	0.154109888111	0.121694841617	0.135534591195	0.127854594387	0.133264454639	0.128194190278	0.169807448874	0.132021327775	0.158094098884	0.101412434539	0.171706349206	0.150784313725	0.143942229709	0.136666666667	0.113731322281	0.14390670159	0.148781446541	0.157378308016
MH0253.snv.bam	0.162297912921	0.1535	0.150142089112	0.149609949485	0.0	0.175876832982	0.166244158067	0.176142674217	0.134429573476	0.166831636063	0.163085174319	0.15722987626	0.130780307903	0.159706522491	0.164680296178	0.171432544572	0.161545047266	0.187062937063	0.141672144969	0.183694111584	0.158999809124	0.171748967145	0.178850925749	0.164481199633	0.161672302529	0.171833141982	0.163003605213
MH0329.snv.bam	0.139250087769	0.130564488515	0.133386592148	0.133860846806	0.175876832982	0.0	0.150477784873	0.218579058819	0.122765861193	0.178688867429	0.126657789912	0.138085976435	0.133403670544	0.182676119458	0.12565590659	0.173899821991	0.118764608009	0.169366973243	0.130676828473	0.163798372728	0.154604279179	0.144255186404	0.154604279179	0.161807046559	0.173714218059	0.166848874018	0.152245346714
MH0346.snv.bam	0.13257389149	0.12807350286	0.1434207656	0.145548078591	0.166244158067	0.150477784873	0.0	0.221751556448	0.127789005203	0.173345837016	0.143959429602	0.152178224825	0.126036817656	0.152258296498	0.140077289177	0.161433653374	0.158686097989	0.151951001253	0.128133793153	0.177805052653	0.149418484566	0.161985270758	0.168249653397	0.168902153032	0.140001238798	0.173641440376	0.170278734833
MH0365.snv.bam	0.221652547125	0.207538244564	0.184877503393	0.19603895073	0.176142674217	0.218579058819	0.221751556448	0.0	0.191097795842	0.183524241299	0.211687078495	0.201879678191	0.186382242866	0.216321687168	0.202064789384	0.216344189417	0.209183545641	0.22188838565	0.192599186841	0.228190383154	0.213785622346	0.206263855605	0.218502603478	0.232838843084	0.218621349176	0.216655091903	0.209669171195
MH0368.snv.bam	0.100308877117	0.0932039801951	0.103297844209	0.0898636007519	0.134429573476	0.122765861193	0.127789005203	0.191097795842	0.0	0.14484332706	0.118665140049	0.13073902573	0.108965142485	0.136737426402	0.10400201571	0.144201152903	0.117869958934	0.146439834821	0.0797538169684	0.1385855063	0.136856313764	0.141764962704	0.141618218526	0.106298033084	0.144117308007	0.115703226208	0.117668474603
MH0374.snv.bam	0.172676848748	0.1511232611	0.159186718169	0.154109888111	0.166831636063	0.178688867429	0.173345837016	0.183524241299	0.14484332706	0.0	0.147488822938	0.163171333712	0.1308107934	0.162970563755	0.162980896023	0.195501531459	0.172100044807	0.177129336892	0.151002200251	0.176621614916	0.157988262673	0.149002206388	0.181251338395	0.176724225221	0.155762542725	0.181833305543	0.144638214396
MH0385.snv.bam	0.147046015298	0.152285730047	0.128343367835	0.121694841617	0.163085174319	0.126657789912	0.143959429602	0.211687078495	0.118665140049	0.147488822938	0.0	0.138429386361	0.127115200465	0.148485569811	0.128547234515	0.149824289994	0.142206822369	0.149736546908	0.12573845006	0.166041293251	0.142444308084	0.134860849028	0.128090241099	0.157402390946	0.156622419153	0.142785901149	0.136174269416
MH0422.snv.bam	0.154472896704	0.137142857143	0.127807498081	0.135534591195	0.15722987626	0.138085976435	0.152178224825	0.201879678191	0.13073902573	0.163171333712	0.138429386361	0.0	0.140852679122	0.159041672411	0.128168569274	0.151333722468	0.139457897428	0.127406523469	0.127802260422	0.157759303246	0.137050078247	0.149175379637	0.139397496088	0.163322079598	0.146714432337	0.156196078431	0.169077398712
MH0448.snv.bam	0.148874245656	0.121292448563	0.133414894185	0.127854594387	0.130780307903	0.133403670544	0.126036817656	0.186382242866	0.108965142485	0.1308107934	0.127115200465	0.140852679122	0.0	0.151430044259	0.137541234815	0.175309102084	0.12811121628	0.161295540545	0.130443499514	0.165368736383	0.160991849289	0.137465837043	0.160991849289	0.161176709507	0.139996590094	0.156654565914	0.13302820212
MH0451.snv.bam	0.155987836052	0.144122860591	0.128627018817	0.133264454639	0.159706522491	0.182676119458	0.152258296498	0.216321687168	0.136737426402	0.162970563755	0.148485569811	0.159041672411	0.151430044259	0.0	0.160423999611	0.174746117876	0.156012943111	0.172760803983	0.125649239681	0.195794144717	0.141901160977	0.159004161778	0.155877137407	0.160616873087	0.134924688269	0.153971351496	0.17068224059
MH0458.snv.bam	0.127095417624	0.127659886575	0.123174229502	0.128194190278	0.164680296178	0.12565590659	0.140077289177	0.202064789384	0.10400201571	0.162980896023	0.128547234515	0.128168569274	0.137541234815	0.160423999611	0.0	0.160387395223	0.150926339725	0.119967816091	0.120412526652	0.174059595793	0.146133952072	0.139180035237	0.16018547432	0.160441763174	0.167228955117	0.125362515202	0.139184846292
MMRS32573774ST-27-0-0.snv.bam	0.163063872424	0.160296514105	0.163071513089	0.169807448874	0.171432544572	0.173899821991	0.161433653374	0.216344189417	0.144201152903	0.195501531459	0.149824289994	0.151333722468	0.175309102084	0.174746117876	0.160387395223	0.0	0.16887719768	0.152582934376	0.166616538746	0.182675782617	0.145397734047	0.169883185266	0.182868460042	0.169246710906	0.189947970383	0.173908057366	0.193038885213
MMRS38861560ST-27-0-0.snv.bam	0.157894046101	0.1459043491	0.160537777522	0.132021327775	0.161545047266	0.118764608009	0.158686097989	0.209183545641	0.117869958934	0.172100044807	0.142206822369	0.139457897428	0.12811121628	0.156012943111	0.150926339725	0.16887719768	0.0	0.166727930884	0.128905579196	0.168386408304	0.14513759352	0.152790929898	0.163938926106	0.15047868872	0.157085125417	0.173769321528	0.156474524089
MMRS47662059ST-27-0-0.snv.bam	0.165603811532	0.172463768116	0.158343211759	0.158094098884	0.187062937063	0.169366973243	0.151951001253	0.22188838565	0.146439834821	0.177129336892	0.149736546908	0.127406523469	0.161295540545	0.172760803983	0.119967816091	0.152582934376	0.166727930884	0.0	0.154905784778	0.166345381526	0.140476190476	0.162751042061	0.166666666667	0.174410663419	0.18338797837	0.178571428571	0.168992031984
MMRS51737257ST-27-0-0.snv.bam	0.10852987457	0.0935279921118	0.122239261672	0.101412434539	0.141672144969	0.130676828473	0.128133793153	0.192599186841	0.0797538169684	0.151002200251	0.12573845006	0.127802260422	0.130443499514	0.125649239681	0.120412526652	0.166616538746	0.128905579196	0.154905784778	0.0	0.158989959573	0.13821300081	0.148032330953	0.147580682309	0.134120444922	0.117353740489	0.143232280154	0.134744694279
MMRS57276462ST-27-0-0.snv.bam	0.174252541648	0.159695512821	0.15267208193	0.171706349206	0.183694111584	0.163798372728	0.177805052653	0.228190383154	0.1385855063	0.176621614916	0.166041293251	0.157759303246	0.165368736383	0.195794144717	0.174059595793	0.182675782617	0.168386408304	0.166345381526	0.158989959573	0.0	0.156477093207	0.171838863751	0.203870458136	0.190169026566	0.170877602312	0.166349960412	0.132407838261
MMRS88581325ST-27-0-0.snv.bam	0.146066010495	0.162470308789	0.131995928537	0.150784313725	0.158999809124	0.154604279179	0.149418484566	0.213785622346	0.136856313764	0.157988262673	0.142444308084	0.137050078247	0.160991849289	0.141901160977	0.146133952072	0.145397734047	0.14513759352	0.140476190476	0.13821300081	0.156477093207	0.0	0.150307319799	0.140515222482	0.155158029593	0.152341024782	0.159624413146	0.154171592307
MMRS95277876ST-27-0-0.snv.bam	0.148959976561	0.153505953506	0.123767665733	0.143942229709	0.171748967145	0.144255186404	0.161985270758	0.206263855605	0.141764962704	0.149002206388	0.134860849028	0.149175379637	0.137465837043	0.159004161778	0.139180035237	0.169883185266	0.152790929898	0.162751042061	0.148032330953	0.171838863751	0.150307319799	0.0	0.174147886012	0.16060387824	0.131056999174	0.148244958925	0.156695602705
NG-5636_462.snv.bam	0.160044836685	0.164845605701	0.151134684518	0.136666666667	0.178850925749	0.154604279179	0.168249653397	0.218502603478	0.141618218526	0.181251338395	0.128090241099	0.139397496088	0.160991849289	0.155877137407	0.16018547432	0.182868460042	0.163938926106	0.166666666667	0.147580682309	0.203870458136	0.140515222482	0.174147886012	0.0	0.164525711091	0.175824390731	0.169014084507	0.168547992605
O2.UC4-1.snv.bam	0.155708009532	0.143964371437	0.161080236051	0.113731322281	0.164481199633	0.161807046559	0.168902153032	0.232838843084	0.106298033084	0.176724225221	0.157402390946	0.163322079598	0.161176709507	0.160616873087	0.160441763174	0.169246710906	0.15047868872	0.174410663419	0.134120444922	0.190169026566	0.155158029593	0.16060387824	0.164525711091	0.0	0.190327489821	0.169606757362	0.171032340744
SAMEA3136644.snv.bam	0.170137589692	0.160212868366	0.150986958332	0.14390670159	0.161672302529	0.173714218059	0.140001238798	0.218621349176	0.144117308007	0.155762542725	0.156622419153	0.146714432337	0.139996590094	0.134924688269	0.167228955117	0.189947970383	0.157085125417	0.18338797837	0.117353740489	0.170877602312	0.152341024782	0.131056999174	0.175824390731	0.190327489821	0.0	0.173762795576	0.17363481646
SAMEA3178937.snv.bam	0.167533094592	0.141428571429	0.105933568653	0.148781446541	0.171833141982	0.166848874018	0.173641440376	0.216655091903	0.115703226208	0.181833305543	0.142785901149	0.156196078431	0.156654565914	0.153971351496	0.125362515202	0.173908057366	0.173769321528	0.178571428571	0.143232280154	0.166349960412	0.159624413146	0.148244958925	0.169014084507	0.169606757362	0.173762795576	0.0	0.169145245816
V1.UC10-2.snv.bam	0.151727028824	0.164254781436	0.147734863531	0.157378308016	0.163003605213	0.152245346714	0.170278734833	0.209669171195	0.117668474603	0.144638214396	0.136174269416	0.169077398712	0.13302820212	0.17068224059	0.139184846292	0.193038885213	0.156474524089	0.168992031984	0.134744694279	0.132407838261	0.154171592307	0.156695602705	0.168547992605	0.171032340744	0.17363481646	0.169145245816	0.0
