	160400887-stool1.snv.bam	CCIS11015875ST-4-0.snv.bam	CCIS28384594ST-4-0.snv.bam	CCIS41222843ST-4-0.snv.bam	CCIS47745468ST-4-0.snv.bam	CCIS50471204ST-4-0.snv.bam	CCIS70398272ST-4-0.snv.bam	CCIS90443472ST-4-0.snv.bam	CCIS91228662ST-4-0.snv.bam	CCMD60079086ST-21-0.snv.bam	DLM013.snv.bam	M2.3-V2.metaT.snv.bam	MH0119.snv.bam	MH0187.snv.bam	MH0193.snv.bam	MH0203.snv.bam	MH0205.snv.bam	MH0212.snv.bam	MH0221.snv.bam	MH0253.snv.bam	MH0272.snv.bam	MH0293.snv.bam	MH0308.snv.bam	MH0323.snv.bam	MH0343.snv.bam	MH0348.snv.bam	MH0356.snv.bam	MH0358.snv.bam	MH0382.snv.bam	MH0386.snv.bam	MH0388.snv.bam	MH0396.snv.bam	MH0436.snv.bam	MH0441.snv.bam	MMRS24340226ST-27-0-0.snv.bam	MMRS25641480ST-27-0-0.snv.bam	MMRS40913371ST-27-0-0.snv.bam	MMRS64281551ST-27-0-0.snv.bam	MMRS67247116ST-27-0-0.snv.bam	MMRS77487595ST-27-0-0.snv.bam	MMRS84159866ST-27-0-0.snv.bam	MMRS87723283ST-27-0-0.snv.bam	MMRS88581325ST-27-0-0.snv.bam	MMRS92544445ST-27-0-0.snv.bam	MMRS93621581ST-27-0-0.snv.bam	N074A.snv.bam	NG-5636_317.snv.bam	O2.CD1-0.snv.bam	O2.UC11-1.snv.bam	O2.UC28-0.snv.bam	O2.UC28-1.snv.bam	O2.UC28-2.snv.bam	O2.UC31-1.snv.bam	O2.UC48-0.snv.bam	O2.UC48-1.snv.bam	O2.UC5-1.snv.bam	O2.UC6-0.snv.bam	O2.UC6-1.snv.bam	O2.UC6-2.snv.bam	T2D-47A.snv.bam	V1.CD34-0.snv.bam	V1.FI03.snv.bam	V1.FI06.snv.bam	V1.FI12.snv.bam	V1.FI14.snv.bam	V1.FI32.snv.bam	V1.UC22-1.snv.bam	V1.UC38-0.snv.bam	V1.UC43-0.snv.bam	V1.UC54-0.snv.bam	V1.UC55-0.snv.bam	V1.UC55-4.snv.bam	V1.UC57-0.snv.bam	V1.UC58-4.snv.bam	V1.UC61-0.snv.bam	V1.UC62-0.snv.bam
160400887-stool1.snv.bam	0.0	0.107278652776	0.0997312590841	0.10625382284	0.103718936998	0.12255531986	0.107317966439	0.112850580211	0.104863366891	0.0957327223464	0.113808665345	0.127396846531	0.121913051826	0.128268029998	0.108951202697	0.125498839765	0.127602064535	0.106646426976	0.115558833513	0.100271352309	0.126112446217	0.100696702041	0.107264746004	0.110816753063	0.103830573712	0.101638880775	0.111624013	0.112069363421	0.111829430212	0.098902583099	0.0946067788763	0.111504498684	0.122154724214	0.10354075649	0.10130035435	0.111248335247	0.110227165918	0.118579467438	0.113164094244	0.111085612888	0.103334732281	0.116681449598	0.118150450022	0.108175901937	0.112478046597	0.0966024570276	0.115310862561	0.114552016617	0.115774507673	0.116122689106	0.110281475031	0.109881261043	0.101888737463	0.117484068003	0.11614848626	0.105747761748	0.120397607511	0.122977073896	0.118557545028	0.10927061772	0.104317868812	0.112197762082	0.106273384581	0.117200466451	0.119352235507	0.123501840496	0.125389878774	0.103359662583	0.110166123434	0.118718619897	0.117582721987	0.114015261039	0.109112390584	0.112143404978	0.118427555008	0.119897680551
CCIS11015875ST-4-0.snv.bam	0.107278652776	0.0	0.0883201388053	0.104560252407	0.101960999791	0.10761197358	0.105469826201	0.106672948923	0.0923826039572	0.0917663401014	0.109859933456	0.111848990316	0.106929938169	0.111893449769	0.11846088703	0.111345624626	0.112345138573	0.105521716691	0.100987811821	0.0917926068436	0.112096681879	0.0974466723179	0.100138810021	0.106521743864	0.101392215471	0.0993294033572	0.099576536236	0.10164249236	0.102879677918	0.0956697449592	0.092591650401	0.100719483715	0.112578889651	0.0963430589914	0.101504909248	0.108016917976	0.108041398778	0.110343796895	0.109251462648	0.107869332964	0.0908407491683	0.104701633468	0.114876627688	0.101325847982	0.103484974222	0.0878804140464	0.114550587018	0.103336081065	0.106966814615	0.115980174594	0.111286008839	0.11288509174	0.0941790831788	0.107188104009	0.104972856945	0.10117508077	0.112353398862	0.113950557505	0.110452944827	0.0991260508202	0.0985980601253	0.100251174911	0.10997701543	0.0967116174346	0.113943942606	0.111098419097	0.115040762681	0.107130849135	0.0956964867009	0.115184742428	0.107441719503	0.101030634336	0.106752327237	0.110135446954	0.11170816684	0.111352156817
CCIS28384594ST-4-0.snv.bam	0.0997312590841	0.0883201388053	0.0	0.0954079000918	0.0975056027505	0.0986688492468	0.0831646252062	0.0920912707033	0.0888034096395	0.0877243339725	0.0901602966113	0.0951337584029	0.104132355432	0.110567352825	0.109995778592	0.101718435563	0.101938456539	0.089604661282	0.0928733191932	0.0860038286977	0.103140053513	0.096447530317	0.0880716621001	0.100988689088	0.0943114136466	0.0935372885224	0.0872439545837	0.0890022813748	0.0974651272238	0.0828134858343	0.0826882153948	0.085301204569	0.0963543295015	0.08406677959	0.0974793030526	0.0953651638825	0.0863783022406	0.108930830225	0.0958311688672	0.0973232001308	0.0797199908451	0.103089923549	0.101285690603	0.0898717788708	0.0974138881149	0.0839771429214	0.102401905858	0.0918454358397	0.10526416373	0.116690755587	0.109741932148	0.109095101493	0.0769140559655	0.100540854192	0.0998683420416	0.0957163999591	0.110530868604	0.111708628898	0.110100030034	0.0891432563744	0.0865771747206	0.0939444434452	0.100435962567	0.101612990773	0.104790767831	0.101391519407	0.109735585278	0.101160427648	0.0930039835584	0.100337923602	0.099653722277	0.0978669934801	0.101736190322	0.10578479061	0.0892372368754	0.0889587497818
CCIS41222843ST-4-0.snv.bam	0.10625382284	0.104560252407	0.0954079000918	0.0	0.103085583936	0.10512325198	0.0966742048944	0.104331739134	0.0986468686995	0.0925878727422	0.101010895312	0.109659537113	0.107090242586	0.101549136537	0.128593247926	0.111796445416	0.102689736715	0.0975235421956	0.101653968614	0.105217901951	0.112531917799	0.0869282558787	0.105466740591	0.113011748358	0.101668001735	0.0934675969251	0.0938678947997	0.0953999443623	0.0971037186914	0.0916528758831	0.0967909742988	0.101549439694	0.107260130505	0.100130305792	0.110736363359	0.106644228962	0.103861699459	0.101503824311	0.104996369079	0.099593408676	0.0958448657877	0.102972106315	0.111270756986	0.0944624784607	0.0980563685595	0.0876773809388	0.110718251349	0.102851630656	0.107137968487	0.125287624101	0.11834612304	0.118064008443	0.0997502255999	0.101759957977	0.100924211655	0.100842220112	0.124785749861	0.12427167657	0.121271299376	0.101720615844	0.101249796536	0.102276650105	0.0996844694143	0.0986465874582	0.11442144769	0.104788683114	0.108867767329	0.0996895725551	0.102405505576	0.107579679005	0.0990166090654	0.0970909134709	0.118840398728	0.125087064998	0.112440931705	0.112230683294
CCIS47745468ST-4-0.snv.bam	0.103718936998	0.101960999791	0.0975056027505	0.103085583936	0.0	0.111888542712	0.106582860552	0.0957528682529	0.0943332634486	0.098113232966	0.102921607351	0.104883557317	0.113466167063	0.108971648189	0.115062295367	0.119987013843	0.11723576211	0.0973257430354	0.105032025569	0.101560237935	0.108395033742	0.0959260712445	0.101380296444	0.105676587037	0.105368304794	0.0982279245784	0.108575362654	0.0973312428628	0.111411547663	0.0901387660885	0.0893872917996	0.104931735916	0.117940093769	0.0944010328285	0.103236807109	0.101050527605	0.097081120314	0.110579238655	0.090075650386	0.1043357005	0.0889534206285	0.104087998128	0.0958922490299	0.100603812151	0.105218778482	0.0890579395246	0.102785743568	0.111092779361	0.114773033424	0.109973708252	0.107179770876	0.105558873597	0.101798514722	0.104671371281	0.103442310531	0.0953368399117	0.11198956299	0.11287790854	0.108972944362	0.092536552335	0.0943054639668	0.104694323221	0.110643234312	0.101667759707	0.104780509327	0.0951518737324	0.110268401985	0.0947758848252	0.109088041396	0.109378990699	0.104779700076	0.101970378804	0.108391464069	0.111484792455	0.109742178486	0.110255260154
CCIS50471204ST-4-0.snv.bam	0.12255531986	0.10761197358	0.0986688492468	0.10512325198	0.111888542712	0.0	0.116957926556	0.0977646285339	0.0983340396753	0.0939511442895	0.101473687511	0.0743278091523	0.113252712544	0.108231658117	0.134368913239	0.121814161393	0.114964375139	0.107072832849	0.103079171971	0.107565655201	0.114606060885	0.0965391110412	0.115886260815	0.109730653724	0.112223497147	0.107602291963	0.100092845489	0.0971560870304	0.106505497712	0.0958224952047	0.103948304285	0.102714572849	0.115369491563	0.110509615411	0.107757461788	0.107511465703	0.114490152697	0.119259602525	0.113209422906	0.11500209234	0.0973919269389	0.101001384566	0.115557727829	0.0980002685401	0.114175558812	0.0913451341634	0.113107191084	0.106053883129	0.116614483004	0.119508783631	0.111213119437	0.114231537304	0.10618227742	0.109500916212	0.106994189841	0.107470674503	0.123286495967	0.12600639156	0.120363398126	0.105243941423	0.113015604421	0.113130983071	0.108497333951	0.117733799395	0.12236942937	0.110981952299	0.123386706257	0.113014453727	0.112218428713	0.112886134147	0.109100467088	0.106509097762	0.11063494814	0.113592994836	0.103900328086	0.103445307692
CCIS70398272ST-4-0.snv.bam	0.107317966439	0.105469826201	0.0831646252062	0.0966742048944	0.106582860552	0.116957926556	0.0	0.104283876399	0.0970530781574	0.0909689289759	0.103869646623	0.0947678039093	0.116191307421	0.118140203152	0.117910542876	0.12339320931	0.115022606862	0.109387477003	0.106896955366	0.0979356201973	0.106953628352	0.1017895782	0.095861181754	0.111608656952	0.107577628505	0.0945883877273	0.095668460033	0.103130057805	0.101751647689	0.0886354169498	0.0853506020038	0.0962256519669	0.107237173803	0.0943550005897	0.100738747516	0.0995016891865	0.107316185484	0.106182596115	0.101794026115	0.108666465599	0.0976460570921	0.112879119101	0.109146096803	0.094157475977	0.11005684151	0.0912083430265	0.112523903564	0.108880042236	0.102658977726	0.117564303815	0.112711044751	0.111782549529	0.089999352694	0.107453249044	0.10758198196	0.104259676436	0.110856680684	0.112159353151	0.11046586534	0.0907622800796	0.10444720477	0.116011636001	0.095318185166	0.103621424241	0.119863306032	0.10917814478	0.106535350858	0.0984476597145	0.107326534316	0.109277703524	0.105267509827	0.104291088497	0.116207331503	0.119169686624	0.109226650517	0.108780508795
CCIS90443472ST-4-0.snv.bam	0.112850580211	0.106672948923	0.0920912707033	0.104331739134	0.0957528682529	0.0977646285339	0.104283876399	0.0	0.103039714095	0.0983069441974	0.103017830465	0.0992887624467	0.125738863405	0.123859554763	0.129413642308	0.125907828939	0.0983504478128	0.101912655273	0.103502721843	0.101922194697	0.108244791908	0.0984297213103	0.110923197319	0.0998877967821	0.109817195542	0.0975965858041	0.108467908468	0.0994057643167	0.0984292746325	0.0944123140491	0.0924659389016	0.104103612134	0.113709892276	0.0960732241643	0.0889218009479	0.117228271374	0.1003000155	0.109184457586	0.108504958047	0.102222599253	0.0874439461883	0.116605158053	0.112154334828	0.103285998126	0.114898014426	0.0910960894106	0.114877125518	0.0999726500275	0.110606379396	0.12157670716	0.113966204635	0.116938044267	0.0990663463132	0.101146960975	0.0998738491015	0.107975795612	0.113390271556	0.116197972401	0.110074809817	0.114259754034	0.100511338086	0.107639187986	0.116010377446	0.113948286796	0.103972119916	0.099096562367	0.11306990517	0.108253692687	0.112439603146	0.112059759672	0.100850109301	0.101024262491	0.111843605354	0.118147510498	0.102259938382	0.103008200373
CCIS91228662ST-4-0.snv.bam	0.104863366891	0.0923826039572	0.0888034096395	0.0986468686995	0.0943332634486	0.0983340396753	0.0970530781574	0.103039714095	0.0	0.0924926300222	0.104258230473	0.108081105121	0.107799264491	0.112328208775	0.121341169247	0.116800590314	0.107805650549	0.0966311957808	0.0954961784438	0.0975376464891	0.107136960119	0.0985521173893	0.0980001034204	0.107398544757	0.0964723987063	0.0956448872257	0.0988435905028	0.0945244100964	0.0971779340166	0.0900497164627	0.096790001526	0.0961738852319	0.11314959543	0.0917856398457	0.104156981748	0.103778876396	0.098726604711	0.104994679749	0.105034766907	0.0995377938766	0.0914823075601	0.106198959994	0.106395977476	0.0994035310551	0.104311792743	0.087067954945	0.0988815449067	0.109864390146	0.100302309132	0.11190633006	0.107920335601	0.106674399762	0.094879006656	0.101154539387	0.100449365024	0.0945589977969	0.113242120171	0.11491893131	0.11199038695	0.0988191014637	0.102275483349	0.10441371265	0.105048124064	0.100852879949	0.110931216749	0.103019230521	0.105974963033	0.0949052452863	0.10480246348	0.106763240441	0.101138998009	0.0979233830466	0.108240832203	0.111592439628	0.106865852541	0.107412891073
CCMD60079086ST-21-0.snv.bam	0.0957327223464	0.0917663401014	0.0877243339725	0.0925878727422	0.098113232966	0.0939511442895	0.0909689289759	0.0983069441974	0.0924926300222	0.0	0.103734027084	0.104790702212	0.10855461116	0.104548163559	0.113509544274	0.103131808611	0.109630872636	0.0885953052169	0.0862391193036	0.0936778194933	0.100293276079	0.0925057956201	0.0909888619215	0.0873826343725	0.0888738616122	0.0925057309322	0.0978364672688	0.082565872694	0.0816386439131	0.0840606050635	0.0790335491616	0.0949076710608	0.105527901606	0.0966101890411	0.104309934916	0.0886421054175	0.0902546776312	0.100412572131	0.0978370746318	0.0897538508004	0.0870835686053	0.104294766129	0.0980419019386	0.0916663678175	0.0995199240714	0.0843675124879	0.107885391919	0.0978757260373	0.10080929326	0.110900938986	0.105194722926	0.105062742876	0.0905019041508	0.0995099565948	0.0975100291791	0.0993322848693	0.107762129885	0.109387641283	0.10542278098	0.0949112411912	0.0838496241612	0.098850138666	0.103100744021	0.0965647429213	0.108082805829	0.106500861854	0.100941616355	0.096201836922	0.0899640362437	0.105627946377	0.0964107916523	0.096853565335	0.103759444098	0.108218362197	0.0998427062084	0.100568913466
DLM013.snv.bam	0.113808665345	0.109859933456	0.0901602966113	0.101010895312	0.102921607351	0.101473687511	0.103869646623	0.103017830465	0.104258230473	0.103734027084	0.0	0.110225789972	0.117929744293	0.11622830005	0.122861640214	0.121315863205	0.112294450466	0.105992938874	0.102094364482	0.111835228256	0.121581604758	0.100565058261	0.111946506859	0.110901284762	0.115937214992	0.105787356224	0.10040666112	0.106249772586	0.106622215374	0.0888819458787	0.0948415759448	0.102502050676	0.113494600212	0.105584489214	0.108171084552	0.100407098131	0.105013481793	0.115611920173	0.097974537715	0.106754579339	0.0901733362541	0.102180940506	0.104400894653	0.102154396095	0.115669401296	0.0974631901387	0.125193356244	0.107281820981	0.117867868077	0.120731406314	0.116382853185	0.114772880909	0.114961878572	0.11079279326	0.110117648075	0.101332447363	0.123241103946	0.125210813237	0.122726799002	0.104324239276	0.10615402319	0.114197367407	0.099719333193	0.111215345837	0.116413379373	0.118691484457	0.116242002057	0.10308182641	0.103075055136	0.111189293992	0.111742299161	0.107088260212	0.112867996671	0.118059544527	0.112993338582	0.113635333887
M2.3-V2.metaT.snv.bam	0.127396846531	0.111848990316	0.0951337584029	0.109659537113	0.104883557317	0.0743278091523	0.0947678039093	0.0992887624467	0.108081105121	0.104790702212	0.110225789972	0.0	0.114013544909	0.110950903482	0.128776374809	0.121171382918	0.117379160656	0.126498920784	0.0976377790445	0.100272918659	0.110534147926	0.114651875736	0.107647763184	0.112019420216	0.10134504811	0.0976750061478	0.1105591891	0.099111629081	0.106178171152	0.105965707828	0.0932086606774	0.0926585421697	0.106833405258	0.1034251108	0.115093838165	0.114088514824	0.114724688111	0.118843318843	0.118257339398	0.118533419935	0.0919759929661	0.114670049305	0.11041360128	0.112496371142	0.109453686741	0.0901892463206	0.108556568659	0.112124168987	0.121250056312	0.130785535477	0.123930491578	0.124405681138	0.103381741248	0.107357572904	0.107641936398	0.112568330724	0.12425342254	0.127854515408	0.123240015511	0.102075210274	0.11373875637	0.114883791354	0.10172051578	0.110934966729	0.119291714882	0.117417284869	0.112664234555	0.0988939987236	0.115846927846	0.107185904509	0.107157719457	0.107847618587	0.108921018624	0.111844951624	0.101615599318	0.10172587192
MH0119.snv.bam	0.121913051826	0.106929938169	0.104132355432	0.107090242586	0.113466167063	0.113252712544	0.116191307421	0.125738863405	0.107799264491	0.10855461116	0.117929744293	0.114013544909	0.0	0.116103741536	0.124644292187	0.121948119079	0.124511008224	0.113527437197	0.111520817	0.106428524224	0.118872191771	0.110751723756	0.108769081997	0.111544395378	0.111120824382	0.107701982742	0.107511549649	0.0976359748217	0.106384903359	0.11340924554	0.0927046800297	0.105964935297	0.123526658905	0.105681233394	0.109026751944	0.113157095321	0.116789461116	0.123470496097	0.116239064971	0.104555493177	0.107664353709	0.114050378478	0.119468946577	0.120820095832	0.0977345202504	0.0973358332322	0.124054387278	0.114380129547	0.112811998504	0.131227768032	0.127097757139	0.127597929988	0.109002448544	0.120069847325	0.117105876313	0.0956832240536	0.127236108088	0.128376368981	0.125611474979	0.10728097984	0.118170673949	0.107778449938	0.113603196094	0.115686580964	0.125833430011	0.125634517197	0.124432020318	0.115387990816	0.10587929628	0.124469922766	0.119145387034	0.118434402993	0.112277026626	0.114730204245	0.121314908385	0.12075354565
MH0187.snv.bam	0.128268029998	0.111893449769	0.110567352825	0.101549136537	0.108971648189	0.108231658117	0.118140203152	0.123859554763	0.112328208775	0.104548163559	0.11622830005	0.110950903482	0.116103741536	0.0	0.128094283489	0.127521691492	0.129897452828	0.113947555592	0.10979922897	0.107470031023	0.129825092098	0.109928371945	0.113085029937	0.123279460265	0.122423802158	0.113009049774	0.100579350184	0.116796725174	0.114259306403	0.109771553066	0.10242876533	0.114793811541	0.127936088803	0.108869448773	0.121799674317	0.120964137688	0.110520107364	0.131031259193	0.12034977345	0.123506172724	0.10109074815	0.119951282114	0.11725570604	0.112520277968	0.110880929109	0.0909433168134	0.119969581124	0.105348010777	0.122053458826	0.125932870604	0.119469239661	0.122085275826	0.115833753231	0.124624520369	0.123796067379	0.107894739986	0.139860764022	0.140477023726	0.138209283884	0.10873790927	0.104234775236	0.107109385408	0.125173516687	0.105054150355	0.124578680317	0.120786740484	0.134060302706	0.110872912165	0.121488002463	0.126831907678	0.125704280166	0.123254729411	0.120351167604	0.125962766111	0.115418469546	0.114778870423
MH0193.snv.bam	0.108951202697	0.11846088703	0.109995778592	0.128593247926	0.115062295367	0.134368913239	0.117910542876	0.129413642308	0.121341169247	0.113509544274	0.122861640214	0.128776374809	0.124644292187	0.128094283489	0.0	0.114064684281	0.13321358384	0.11767250504	0.121244004716	0.107164987462	0.126722520711	0.117982997328	0.122306948231	0.123272797988	0.123631794783	0.126006104787	0.105969523682	0.117610875661	0.126757455428	0.111881308132	0.11049135327	0.112964656064	0.131276439954	0.114059031522	0.122065238069	0.127221745193	0.120289515666	0.138921561922	0.117549126134	0.129963706167	0.106905341286	0.130551813445	0.123987705649	0.11636568859	0.111583922096	0.104913814973	0.132448280953	0.116746389869	0.126516107956	0.132134993541	0.128475271063	0.129124345001	0.12307749332	0.11826851896	0.117668341091	0.125381970958	0.137426200132	0.140294094049	0.136958677968	0.123422552699	0.111330409818	0.120829458781	0.119380500971	0.116882495035	0.141545224551	0.115750571795	0.141563997566	0.123388708203	0.119937000933	0.128921907682	0.116105036832	0.116964443397	0.118422007144	0.123450540039	0.118686521877	0.120287948947
MH0203.snv.bam	0.125498839765	0.111345624626	0.101718435563	0.111796445416	0.119987013843	0.121814161393	0.12339320931	0.125907828939	0.116800590314	0.103131808611	0.121315863205	0.121171382918	0.121948119079	0.127521691492	0.114064684281	0.0	0.123343530066	0.126517197681	0.120778344257	0.105994653886	0.129801629789	0.1281880344	0.118676595435	0.1117012255	0.114883294952	0.115593451847	0.110797134176	0.114851279425	0.103599317329	0.115230301421	0.113825840585	0.114316106631	0.134297463854	0.121082409117	0.122539880032	0.123181931496	0.126292286811	0.13959023272	0.125697880553	0.0923051875006	0.117202555532	0.12824052131	0.123396740717	0.11557626029	0.119734176658	0.109987438671	0.135500876238	0.104576475723	0.124813418787	0.131330216322	0.126042035278	0.129975982392	0.108001671695	0.11833187543	0.117493041215	0.120961211131	0.141438200822	0.140996674234	0.137608546559	0.115469547213	0.113400679022	0.118139576677	0.114167917844	0.116981964824	0.116130610716	0.121331515741	0.133206964002	0.128763458783	0.116637128794	0.128285321847	0.117384273916	0.117498077574	0.12883100267	0.132799690589	0.114857995345	0.116494751845
MH0205.snv.bam	0.127602064535	0.112345138573	0.101938456539	0.102689736715	0.11723576211	0.114964375139	0.115022606862	0.0983504478128	0.107805650549	0.109630872636	0.112294450466	0.117379160656	0.124511008224	0.129897452828	0.13321358384	0.123343530066	0.0	0.111789250704	0.111293169167	0.103517360873	0.117781944498	0.111535018203	0.112108834377	0.121381864277	0.118267506494	0.106914727719	0.114111138603	0.100179766597	0.106733644569	0.0977981320203	0.10361112559	0.114159053001	0.117755953796	0.119249532485	0.114848103991	0.115431146273	0.12020994829	0.12290297755	0.121876624889	0.108864526157	0.0963549751659	0.125226540314	0.118466202631	0.114194689052	0.112782078269	0.0942379914794	0.127660766682	0.122674476529	0.117628407293	0.134491331651	0.129925279067	0.125753396844	0.10634621579	0.114333959693	0.113396995918	0.11387563664	0.128662299817	0.129601867932	0.126697362552	0.121139600015	0.105844259297	0.117534854625	0.119060749032	0.116233793015	0.118653999891	0.113283506379	0.111505536726	0.111301663836	0.114731754675	0.121605043489	0.111918531627	0.109494941809	0.114742083347	0.117895073943	0.11724857843	0.116688373177
MH0212.snv.bam	0.106646426976	0.105521716691	0.089604661282	0.0975235421956	0.0973257430354	0.107072832849	0.109387477003	0.101912655273	0.0966311957808	0.0885953052169	0.105992938874	0.126498920784	0.113527437197	0.113947555592	0.11767250504	0.126517197681	0.111789250704	0.0	0.101429146638	0.102875738601	0.106508827856	0.0946245500667	0.110471370097	0.104739331129	0.106175871092	0.108344538739	0.10694782688	0.0987025933911	0.0958404052885	0.0932441553098	0.0964337792892	0.105582820252	0.105543690183	0.0999255377375	0.113480474596	0.104513794668	0.103065093624	0.102629498726	0.109338134836	0.108472994296	0.0858059108776	0.114038746768	0.108099448252	0.105973770344	0.105723127879	0.0885081618631	0.110905032713	0.0950362858962	0.10409581998	0.11437730034	0.109428132338	0.107928294717	0.0863063143938	0.110596604658	0.10903117112	0.101719295956	0.11645024312	0.117365691329	0.114681379171	0.100082647811	0.0885926953427	0.0978414799909	0.116340908177	0.109290839212	0.123393109077	0.104299431272	0.110860184074	0.110652338371	0.10687226805	0.112968757127	0.110810617712	0.107410401232	0.111928328056	0.115281571069	0.103784112873	0.103391528578
MH0221.snv.bam	0.115558833513	0.100987811821	0.0928733191932	0.101653968614	0.105032025569	0.103079171971	0.106896955366	0.103502721843	0.0954961784438	0.0862391193036	0.102094364482	0.0976377790445	0.111520817	0.10979922897	0.121244004716	0.120778344257	0.111293169167	0.101429146638	0.0	0.102493098689	0.10226912611	0.105526984261	0.105633032791	0.104204572198	0.114297378352	0.097834149236	0.100166250827	0.101831803335	0.104532399773	0.0876366617021	0.094399600744	0.106454759037	0.109828780204	0.103588310045	0.113170301306	0.106699756349	0.107564083121	0.110947523693	0.108838793782	0.112097632349	0.093515037594	0.117307460215	0.114400864887	0.105479698649	0.10439991674	0.0928873937726	0.104271607095	0.102501463644	0.104989286942	0.124292624621	0.117499299205	0.117331217111	0.0991509296512	0.103006411454	0.101673204925	0.108103472241	0.112825293319	0.115629783074	0.110606516224	0.102441081433	0.0867151532156	0.107539650476	0.115546704783	0.108170227322	0.111390328358	0.104394757167	0.111614608673	0.110753848792	0.0973243439885	0.104406172658	0.104101121789	0.101009477934	0.115537269902	0.11937641235	0.104249384073	0.105854777099
MH0253.snv.bam	0.100271352309	0.0917926068436	0.0860038286977	0.105217901951	0.101560237935	0.107565655201	0.0979356201973	0.101922194697	0.0975376464891	0.0936778194933	0.111835228256	0.100272918659	0.106428524224	0.107470031023	0.107164987462	0.105994653886	0.103517360873	0.102875738601	0.102493098689	0.0	0.103453075042	0.10075626287	0.0946242466234	0.100129308467	0.0981451216558	0.090478347136	0.0962457220754	0.104413528516	0.0993581475517	0.0945948807443	0.0885806223023	0.100277893915	0.107946467009	0.0990933181615	0.1052049578	0.106038995872	0.106043479622	0.11703429951	0.10808855245	0.104367399981	0.0922836605402	0.109005158494	0.10843748905	0.100839817822	0.0974486926532	0.0927422577362	0.10917561666	0.0943111163111	0.120296318488	0.117628265009	0.10952565308	0.110370214011	0.089901597488	0.109732186924	0.10872813052	0.0952309124708	0.126042875637	0.127079710965	0.124185234298	0.10175575927	0.0893728236276	0.106488844976	0.112928235049	0.0981791455507	0.105366825738	0.107009439566	0.110865597363	0.104278931017	0.0891387426678	0.110580847247	0.109835476592	0.107208339477	0.10420384927	0.107044211381	0.109011159778	0.107391532862
MH0272.snv.bam	0.126112446217	0.112096681879	0.103140053513	0.112531917799	0.108395033742	0.114606060885	0.106953628352	0.108244791908	0.107136960119	0.100293276079	0.121581604758	0.110534147926	0.118872191771	0.129825092098	0.126722520711	0.129801629789	0.117781944498	0.106508827856	0.10226912611	0.103453075042	0.0	0.109627435134	0.121086528535	0.101730175699	0.110193323128	0.109534109257	0.114236209302	0.11429057439	0.113699052908	0.110884797428	0.102620346407	0.115523281814	0.118190401873	0.109792897157	0.117373934528	0.12017063341	0.110131972552	0.108874886334	0.115074153911	0.110201762011	0.0981283588506	0.117496092052	0.121146877022	0.112002059147	0.111668695093	0.103174893129	0.121663424841	0.112019040692	0.11942150482	0.123272123364	0.119920496512	0.116195766002	0.110514597555	0.105593129582	0.104932157483	0.112908898387	0.131303661518	0.132545840602	0.12866642165	0.111041709689	0.10444391795	0.118082560914	0.120490408547	0.115825048099	0.115717449299	0.11295990251	0.107226387318	0.117882719389	0.111627077458	0.124909501627	0.106155119046	0.106059390872	0.124961284368	0.129014351243	0.124075532308	0.123535414474
MH0293.snv.bam	0.100696702041	0.0974466723179	0.096447530317	0.0869282558787	0.0959260712445	0.0965391110412	0.1017895782	0.0984297213103	0.0985521173893	0.0925057956201	0.100565058261	0.114651875736	0.110751723756	0.109928371945	0.117982997328	0.1281880344	0.111535018203	0.0946245500667	0.105526984261	0.10075626287	0.109627435134	0.0	0.109191787167	0.117015593018	0.0999297603567	0.0993786641687	0.0855183861392	0.11019691757	0.105421019429	0.0911219243524	0.08647597989	0.109095333263	0.112225371699	0.0956653490595	0.104929685823	0.0938295415224	0.105915870958	0.109096599355	0.103292729679	0.099747564845	0.0969351480312	0.108467744274	0.100642188018	0.092509587332	0.101898526231	0.0892202370035	0.108259445866	0.107105385033	0.106336710053	0.12334460012	0.119633211091	0.119942754046	0.0988686044894	0.107377112817	0.106299575276	0.0892911846611	0.117476849227	0.117521638455	0.114359125206	0.106780731615	0.107207028094	0.101940807132	0.104405312906	0.0994340540603	0.111140069637	0.103200255255	0.108691709007	0.0952019153693	0.104498134542	0.115950117427	0.109132203477	0.106246501118	0.109817973662	0.114044416869	0.0997796306145	0.0995421617947
MH0308.snv.bam	0.107264746004	0.100138810021	0.0880716621001	0.105466740591	0.101380296444	0.115886260815	0.095861181754	0.110923197319	0.0980001034204	0.0909888619215	0.111946506859	0.107647763184	0.108769081997	0.113085029937	0.122306948231	0.118676595435	0.112108834377	0.110471370097	0.105633032791	0.0946242466234	0.121086528535	0.109191787167	0.0	0.111885806346	0.0931224976689	0.106962183261	0.10419409774	0.103448350444	0.0983568261817	0.101128312381	0.091831248241	0.092199810894	0.112401178946	0.102146013141	0.111101894485	0.10708038657	0.10617405928	0.121547292432	0.103860827142	0.109005782888	0.0974397126693	0.109535166497	0.101605527946	0.0935111576506	0.11474718263	0.0904391592282	0.109746282291	0.109105727055	0.111675756717	0.122697234449	0.118287597537	0.117600767331	0.0993575067619	0.115438747247	0.114779460896	0.101951912268	0.125584220292	0.126064126784	0.122813766391	0.101183272645	0.098656439531	0.109041301643	0.109665621059	0.110616157975	0.119003177947	0.112217313022	0.12165938009	0.107002569168	0.0985418478696	0.119318092333	0.113365536682	0.111249023073	0.11167491218	0.114545933456	0.118236289505	0.117785839968
MH0323.snv.bam	0.110816753063	0.106521743864	0.100988689088	0.113011748358	0.105676587037	0.109730653724	0.111608656952	0.0998877967821	0.107398544757	0.0873826343725	0.110901284762	0.112019420216	0.111544395378	0.123279460265	0.123272797988	0.1117012255	0.121381864277	0.104739331129	0.104204572198	0.100129308467	0.101730175699	0.117015593018	0.111885806346	0.0	0.112638364264	0.102617520279	0.108871938731	0.0991831034446	0.0989856746007	0.0969168567226	0.102088783816	0.104018292123	0.111264120165	0.109296400313	0.104276878074	0.109249007925	0.112473213412	0.112362753815	0.109158323972	0.111608585483	0.0987814691284	0.115609846619	0.120164294538	0.108445758939	0.114338710262	0.101619058556	0.126866944436	0.101903092111	0.116754622286	0.126498073617	0.120969568377	0.120693292405	0.105482390165	0.109917561886	0.107897338332	0.107793870485	0.114984044056	0.115909143552	0.111149079357	0.105383290411	0.0995434344609	0.115002153837	0.115700201803	0.112979730194	0.123633079109	0.1070318034	0.115062723927	0.114117045676	0.112198031132	0.119225872664	0.108072363652	0.107473962186	0.110629034294	0.115492436242	0.103932064558	0.10551976054
MH0343.snv.bam	0.103830573712	0.101392215471	0.0943114136466	0.101668001735	0.105368304794	0.112223497147	0.107577628505	0.109817195542	0.0964723987063	0.0888738616122	0.115937214992	0.10134504811	0.111120824382	0.122423802158	0.123631794783	0.114883294952	0.118267506494	0.106175871092	0.114297378352	0.0981451216558	0.110193323128	0.0999297603567	0.0931224976689	0.112638364264	0.0	0.0926405949183	0.096710238077	0.107147980715	0.0972649564871	0.10165403682	0.0956340694859	0.108239812963	0.114181795062	0.102106687134	0.110128311076	0.11342647148	0.102136093786	0.114521506699	0.114086987974	0.0995660259873	0.0874280446407	0.105814571478	0.108749972006	0.10700036709	0.113976809331	0.0972003006258	0.100778598407	0.104694240114	0.118132145417	0.121610298266	0.117223748408	0.115732666658	0.0983560412736	0.109455825716	0.107054627216	0.103704154383	0.124500962806	0.126009256844	0.123509116164	0.0998770941015	0.101008163145	0.101794471986	0.110311172698	0.110525665269	0.118848913367	0.112859555543	0.102307039106	0.100833888209	0.0942430657748	0.116303041168	0.11020489312	0.108897627257	0.111724859673	0.11485205711	0.115903815098	0.115312064007
MH0348.snv.bam	0.101638880775	0.0993294033572	0.0935372885224	0.0934675969251	0.0982279245784	0.107602291963	0.0945883877273	0.0975965858041	0.0956448872257	0.0925057309322	0.105787356224	0.0976750061478	0.107701982742	0.113009049774	0.126006104787	0.115593451847	0.106914727719	0.108344538739	0.097834149236	0.090478347136	0.109534109257	0.0993786641687	0.106962183261	0.102617520279	0.0926405949183	0.0	0.0951019277175	0.094135755594	0.0941614194644	0.0956949788644	0.0876643442468	0.101127569455	0.102242657238	0.100355412541	0.102022894778	0.105009202445	0.0997918659543	0.109242089526	0.107809717643	0.106462203716	0.0891233198421	0.107253470051	0.104302756892	0.0987547746371	0.108078285975	0.0924699299514	0.113845331739	0.101978040097	0.116852007645	0.127331471076	0.121657626176	0.122602534078	0.0954667051483	0.107525345268	0.107572921934	0.0998011756674	0.119348025365	0.11996198109	0.117527742287	0.0949686512828	0.0975852186786	0.103792861703	0.112723565442	0.10041359866	0.105665072491	0.0957152967946	0.108887034698	0.102917344494	0.0960957067349	0.114937671222	0.108461770619	0.104773178928	0.113660527822	0.115671024052	0.107957187024	0.109464352439
MH0356.snv.bam	0.111624013	0.099576536236	0.0872439545837	0.0938678947997	0.108575362654	0.100092845489	0.095668460033	0.108467908468	0.0988435905028	0.0978364672688	0.10040666112	0.1105591891	0.107511549649	0.100579350184	0.105969523682	0.110797134176	0.114111138603	0.10694782688	0.100166250827	0.0962457220754	0.114236209302	0.0855183861392	0.10419409774	0.108871938731	0.096710238077	0.0951019277175	0.0	0.103092412994	0.101097408313	0.08640520279	0.090390020254	0.0995954416219	0.0996231832259	0.0994464567291	0.108481989868	0.0999275446297	0.111530654411	0.10831488465	0.100693494749	0.102943175376	0.0844439142947	0.100993788415	0.103518743374	0.0997800056703	0.108393445089	0.0869657204134	0.114902562669	0.0976930825257	0.104626712315	0.121532883401	0.116110868804	0.116128981263	0.0913547440785	0.098401579127	0.0976890812763	0.0885242123988	0.108921017148	0.110930589855	0.109139329719	0.094959473358	0.0973480362101	0.10066288912	0.0997033325952	0.0940800406416	0.110939801086	0.108021462758	0.112642582339	0.104437425623	0.101426569701	0.11306232417	0.0994932845731	0.0979116526253	0.0982843375053	0.103852443319	0.113078316306	0.113607953488
MH0358.snv.bam	0.112069363421	0.10164249236	0.0890022813748	0.0953999443623	0.0973312428628	0.0971560870304	0.103130057805	0.0994057643167	0.0945244100964	0.082565872694	0.106249772586	0.099111629081	0.0976359748217	0.116796725174	0.117610875661	0.114851279425	0.100179766597	0.0987025933911	0.101831803335	0.104413528516	0.11429057439	0.11019691757	0.103448350444	0.0991831034446	0.107147980715	0.094135755594	0.103092412994	0.0	0.0852091590287	0.0943879329965	0.0914677684794	0.0969460412924	0.106440300134	0.0970241169415	0.0987364497158	0.103723806858	0.107561064833	0.110962657429	0.105580605186	0.0992060974659	0.0852268509415	0.106048466504	0.108345228864	0.105625731295	0.0975248860729	0.0911354188262	0.102630602789	0.104857613973	0.0961386710793	0.119129948931	0.113327521247	0.115763052337	0.0975591252992	0.0997568389161	0.0983534944173	0.100556813194	0.100352746985	0.101251256647	0.0984293344973	0.0954666935496	0.100000066301	0.0898080845382	0.102466490243	0.11436651044	0.104608362632	0.114833249024	0.103952537953	0.102864487912	0.111273833671	0.107121176133	0.0985665998685	0.0972164674463	0.10488336312	0.110169477693	0.109730871086	0.110172864769
MH0382.snv.bam	0.111829430212	0.102879677918	0.0974651272238	0.0971037186914	0.111411547663	0.106505497712	0.101751647689	0.0984292746325	0.0971779340166	0.0816386439131	0.106622215374	0.106178171152	0.106384903359	0.114259306403	0.126757455428	0.103599317329	0.106733644569	0.0958404052885	0.104532399773	0.0993581475517	0.113699052908	0.105421019429	0.0983568261817	0.0989856746007	0.0972649564871	0.0941614194644	0.101097408313	0.0852091590287	0.0	0.0836098222299	0.0958908525008	0.100752802617	0.108709897072	0.102372326155	0.112581293627	0.106876281589	0.0914548977134	0.116123854779	0.0990476948907	0.0962127608644	0.0950933135887	0.103986244495	0.109806587597	0.106532838786	0.106790234531	0.089861537228	0.106508198477	0.0960146855243	0.101715304112	0.11132609846	0.105537793581	0.107612216171	0.0904174178029	0.103395401865	0.10297584399	0.107982016599	0.122003732306	0.122574627071	0.11862487422	0.0969399079755	0.0997938666094	0.106656730047	0.107599259644	0.101978616166	0.111772519991	0.105231946602	0.119984624317	0.11307912907	0.104296343227	0.110731160295	0.10240349662	0.100808708797	0.105514107238	0.109407369836	0.1118480994	0.113552633881
MH0386.snv.bam	0.098902583099	0.0956697449592	0.0828134858343	0.0916528758831	0.0901387660885	0.0958224952047	0.0886354169498	0.0944123140491	0.0900497164627	0.0840606050635	0.0888819458787	0.105965707828	0.11340924554	0.109771553066	0.111881308132	0.115230301421	0.0977981320203	0.0932441553098	0.0876366617021	0.0945948807443	0.110884797428	0.0911219243524	0.101128312381	0.0969168567226	0.10165403682	0.0956949788644	0.08640520279	0.0943879329965	0.0836098222299	0.0	0.0834716057742	0.0888249866731	0.09536138743	0.0928955092792	0.0963643350754	0.0931303841054	0.0958518568948	0.103621525591	0.0866739984632	0.100353855901	0.081656626486	0.0983894519704	0.0995807915199	0.0862800769391	0.0983969181286	0.0802845888151	0.0981966861908	0.0931447011221	0.100974307281	0.104447152543	0.0988608952683	0.100513417025	0.0863112500927	0.0985856689383	0.096730517402	0.0949246617672	0.107288913847	0.108208294827	0.101963368316	0.0919797475998	0.0813815308554	0.0996212279088	0.0998100056798	0.094872126177	0.0917711199702	0.0993478693431	0.102130456575	0.097189185761	0.0889166517194	0.105089725761	0.096923802803	0.0952776320754	0.0956404656196	0.100292033492	0.103014835014	0.103546141238
MH0388.snv.bam	0.0946067788763	0.092591650401	0.0826882153948	0.0967909742988	0.0893872917996	0.103948304285	0.0853506020038	0.0924659389016	0.096790001526	0.0790335491616	0.0948415759448	0.0932086606774	0.0927046800297	0.10242876533	0.11049135327	0.113825840585	0.10361112559	0.0964337792892	0.094399600744	0.0885806223023	0.102620346407	0.08647597989	0.091831248241	0.102088783816	0.0956340694859	0.0876643442468	0.090390020254	0.0914677684794	0.0958908525008	0.0834716057742	0.0	0.0884144337189	0.102718317031	0.095125653765	0.0904260483803	0.0860367178129	0.0970685151698	0.110602624942	0.100199607699	0.0945810744811	0.0822411858974	0.106610899622	0.0981525346609	0.0990273959308	0.0910429390765	0.0827109609696	0.10222377449	0.0993193786329	0.0939972500593	0.102865523682	0.098293338228	0.0983624136678	0.0807950011882	0.0939988424021	0.093588280129	0.0844685395709	0.115483942031	0.11533281302	0.114106943003	0.0955112245968	0.0949642495932	0.0885137800522	0.0950700032841	0.0925233796095	0.103120626793	0.0909564301367	0.0925234858245	0.0972665559734	0.0886968293206	0.110272076693	0.0949901302797	0.0928197541768	0.103429190521	0.107601254097	0.108417181464	0.107936258367
MH0396.snv.bam	0.111504498684	0.100719483715	0.085301204569	0.101549439694	0.104931735916	0.102714572849	0.0962256519669	0.104103612134	0.0961738852319	0.0949076710608	0.102502050676	0.0926585421697	0.105964935297	0.114793811541	0.112964656064	0.114316106631	0.114159053001	0.105582820252	0.106454759037	0.100277893915	0.115523281814	0.109095333263	0.092199810894	0.104018292123	0.108239812963	0.101127569455	0.0995954416219	0.0969460412924	0.100752802617	0.0888249866731	0.0884144337189	0.0	0.110521623747	0.0933584749347	0.0976687994059	0.111342667949	0.0994461017637	0.11558735961	0.107392401206	0.11129090004	0.101509792968	0.110895721505	0.107024341246	0.100243928522	0.100651804533	0.0943200810293	0.110945781552	0.103298512246	0.113510321136	0.116662643693	0.111264739592	0.111680429022	0.100821021385	0.108200800139	0.107804839606	0.0942883093775	0.119741667579	0.120331761249	0.117760855293	0.107790964389	0.100754157408	0.110035866877	0.112529921632	0.107045110959	0.108580272412	0.108930863239	0.118454688422	0.112055252521	0.0976910166653	0.111530303998	0.106100192431	0.104160297476	0.114384739009	0.118061799939	0.0998094785458	0.100512648394
MH0436.snv.bam	0.122154724214	0.112578889651	0.0963543295015	0.107260130505	0.117940093769	0.115369491563	0.107237173803	0.113709892276	0.11314959543	0.105527901606	0.113494600212	0.106833405258	0.123526658905	0.127936088803	0.131276439954	0.134297463854	0.117755953796	0.105543690183	0.109828780204	0.107946467009	0.118190401873	0.112225371699	0.112401178946	0.111264120165	0.114181795062	0.102242657238	0.0996231832259	0.106440300134	0.108709897072	0.09536138743	0.102718317031	0.110521623747	0.0	0.111617798914	0.105382544734	0.114746306246	0.111067971723	0.121070876357	0.109152243176	0.120719376937	0.0960484692916	0.114974758498	0.11867561736	0.112085956559	0.108979779607	0.0970642911003	0.110829452871	0.120091452518	0.120247282811	0.125506866966	0.117816932735	0.120780833011	0.0982983487882	0.114728103957	0.113923193488	0.112896131039	0.12475775128	0.12663689513	0.12200022644	0.113032924146	0.114397880127	0.107265939314	0.118274903243	0.120427021438	0.133670347206	0.118885373523	0.110583815672	0.119774493374	0.106592621663	0.11698055854	0.11521030937	0.111767832281	0.116416813387	0.120278106551	0.125073807593	0.124515477207
