	763536994-stool2.snv.bam	BYQ_AAAB.snv.bam	BYQ_AAAD.snv.bam	BYQ_AAAX.snv.bam	BYQ_AABB.snv.bam	CCIS02124300ST-4-0.snv.bam	CCIS07648107ST-4-0.snv.bam	CCIS11354283ST-4-0.snv.bam	CCIS22275061ST-4-0.snv.bam	CCIS22416007ST-4-0.snv.bam	CCIS23164343ST-4-0.snv.bam	CCIS27927933ST-4-0.snv.bam	CCIS29688262ST-20-0.snv.bam	CCIS36699628ST-4-0.snv.bam	CCIS41288781ST-4-0.snv.bam	CCIS44743950ST-4-0.snv.bam	CCIS50369211ST-20-0.snv.bam	CCIS52370277ST-4-0.snv.bam	CCIS59132091ST-4-0.snv.bam	CCIS78100604ST-4-0.snv.bam	CCIS80834637ST-4-0.snv.bam	CCIS81735969ST-20-0.snv.bam	CCIS82146115ST-4-0.snv.bam	CCIS95097901ST-4-0.snv.bam	CCIS98832363ST-4-0.snv.bam	M1.3-V2.metaT.snv.bam	M4.1-V3.metaT.snv.bam	M4.2-V2.metaG.snv.bam	M4.2-V3.metaT.snv.bam	MH0131.snv.bam	MMRS77321055ST-27-0-0.snv.bam	MMRS78791111ST-27-0-0.snv.bam	NG-5636_144.snv.bam	NG-5636_243.snv.bam	NG-5636_248.snv.bam	NG-5636_269.snv.bam	NG-5636_317.snv.bam	NG-5636_332.snv.bam	NG-5636_354.snv.bam	NG-5636_356.snv.bam	NG-5636_372.snv.bam	NG-5636_421.snv.bam	NG-5636_441.snv.bam	NG-5636_457.snv.bam	NG-5636_472.snv.bam	NG-5636_478.snv.bam	NG-5636_614.snv.bam	O2.CD1-0-PT.snv.bam	O2.CD2-0-PT.snv.bam	O2.UC15-1.snv.bam	O2.UC22-1.snv.bam	O2.UC35-1.snv.bam	O2.UC36-0.snv.bam	O2.UC36-1.snv.bam	O2.UC38-1.snv.bam	O2.UC46-1.snv.bam	O2.UC48-0.snv.bam	O2.UC48-1.snv.bam	O2.UC50-0.snv.bam	O2.UC50-2.snv.bam	O2.UC6-0.snv.bam	O2.UC6-1.snv.bam	O2.UC6-2.snv.bam	O2.UC8-0.snv.bam	V1.CD2-0-PN.snv.bam	V1.CD36-0.snv.bam	V1.CD41-0.snv.bam	V1.CD45-0.snv.bam	V1.CD5-0-PN.snv.bam	V1.CD52-0.snv.bam	V1.FI19.snv.bam	V1.FI20.snv.bam	V1.FI26.snv.bam	V1.FI29.snv.bam	V1.UC4-5.snv.bam	V1.UC47-4.snv.bam	V1.UC5-3.snv.bam	V1.UC54-0.snv.bam	V1.UC55-0.snv.bam	V1.UC60-0.snv.bam	bugkiller-11-7-0.snv.bam	halbarad-11-392-0.snv.bam	peacemaker-11-0-0.snv.bam	peacemaker-11-2-0.snv.bam	peacemaker-11-7-0.snv.bam	scavenger-11-0-0.snv.bam	scavenger-11-60-0.snv.bam	scavenger-11-7-0.snv.bam
763536994-stool2.snv.bam	0.0	0.120269293777	0.130144105735	0.124939471313	0.12530501544	0.12331681026	0.121968653818	0.116618094306	0.159480912668	0.140546060796	0.145033282231	0.139442262911	0.137149501098	0.154025537812	0.133072172035	0.33741673136	0.140563725817	0.129265669006	0.185221105532	0.141917458883	0.123573535858	0.147669767489	0.149531189754	0.124730272358	0.134098571615	0.130060614405	0.126100249984	0.167722166111	0.157771212985	0.0890782870202	0.132380142372	0.147442223524	0.141247799231	0.132194955958	0.134504108965	0.133917881166	0.125949395676	0.135363767167	0.126305212578	0.130243884287	0.135606218666	0.115861311818	0.134037001685	0.168286824999	0.148700168747	0.131286724387	0.135532462988	0.153192090049	0.162410360316	0.14199989095	0.10573380785	0.123393189811	0.152930108627	0.131383241493	0.108112157794	0.128842927167	0.122088155634	0.121705627751	0.13144450133	0.129114600733	0.142608567057	0.14228654623	0.142609500572	0.141270165812	0.142750205661	0.144559561972	0.112620632884	0.120071791452	0.107023308105	0.124594026966	0.117864794933	0.111300808192	0.139224343543	0.123300845452	0.129786890702	0.146676614743	0.12488083986	0.130846087008	0.122063981725	0.130521525337	0.125145579254	0.132749370572	0.124741436438	0.126815062871	0.125304968267	0.108600580289	0.101981924416	0.104470853852
BYQ_AAAB.snv.bam	0.120269293777	0.0	0.109454173248	0.105997431793	0.113257841431	0.0942877954578	0.0975915020845	0.100018033071	0.127508908306	0.131526526027	0.109407920429	0.108256555801	0.103303613832	0.125407629991	0.0905181636277	0.30990313269	0.120937713425	0.0956903510417	0.139107378902	0.117412784143	0.0921520219688	0.120686916802	0.104694608028	0.104998131166	0.118363784427	0.103664661967	0.116152738271	0.150517053531	0.142586826492	0.131646026301	0.0939961731139	0.101470739358	0.102177292396	0.109618168332	0.100945262086	0.0839464872546	0.122139803849	0.0737481683232	0.0862202480204	0.0812342921051	0.116624122453	0.115118258861	0.108465108304	0.130747660763	0.130229017512	0.0955262105874	0.108515222474	0.0939613909149	0.130175877724	0.114954089152	0.0613760293106	0.110776600531	0.141914910061	0.120376751933	0.104851657271	0.0976337588606	0.0846117116745	0.0842320560935	0.0907696628779	0.0713136279791	0.0992843122093	0.0987056636795	0.100936466131	0.123841107239	0.121010274835	0.107099013496	0.10061569735	0.0896989067382	0.0867344821656	0.108232661504	0.0997506158079	0.0817092706893	0.105819599963	0.131281493962	0.0945604174007	0.116187756226	0.0966206628342	0.0985627177051	0.084173739863	0.0988331510932	0.0989602081622	0.103039694736	0.11659857053	0.118192460982	0.118192970489	0.0826890309028	0.0971376050953	0.094399203742
BYQ_AAAD.snv.bam	0.130144105735	0.109454173248	0.0	0.0190992310347	0.138848428068	0.111548281626	0.117225976724	0.130702980601	0.149003477773	0.142840723616	0.134379566066	0.134270687145	0.115835774207	0.139547205541	0.125838954192	0.330133483832	0.133772157234	0.125667401427	0.161397705097	0.115758022403	0.121303267233	0.14202566527	0.141222320744	0.128822470849	0.117400340221	0.112947159153	0.124679913918	0.134192116571	0.132457792077	0.127669307773	0.13818881269	0.137814804132	0.111317530999	0.113665614563	0.125906331252	0.131235553989	0.135101359679	0.128037745289	0.128802260177	0.110525796488	0.132238109637	0.129500029643	0.132074046082	0.15106958997	0.136392246436	0.132293156097	0.126315580792	0.145976837079	0.164288207404	0.13911426687	0.102304496974	0.117539163897	0.135274078367	0.124058159149	0.0988857090859	0.109239010976	0.127756480637	0.127408120239	0.13504210728	0.110901673533	0.135606105041	0.135180397662	0.135677951299	0.111841436829	0.14369536929	0.125641853504	0.122742571943	0.11940690251	0.106402842219	0.108941994148	0.0845677012465	0.109903188268	0.10803987482	0.141643891448	0.083886331522	0.120802436639	0.120094749795	0.108819180607	0.127373225089	0.139159528005	0.113470511274	0.107936912845	0.138513635969	0.13922779564	0.140933305733	0.112599143585	0.121546725878	0.118526132175
BYQ_AAAX.snv.bam	0.124939471313	0.105997431793	0.0190992310347	0.0	0.132818851617	0.106752240578	0.112673475768	0.124089791321	0.144514884056	0.140687199282	0.129164240094	0.132489724878	0.112826219219	0.138716157843	0.123229666074	0.327557807123	0.132025962438	0.121167947631	0.166427564659	0.113553045482	0.115815793195	0.13604626436	0.139054423626	0.12094486115	0.116580148596	0.111869348973	0.117980526201	0.136889457983	0.133246642645	0.126069867038	0.131574622009	0.131567800942	0.104426170315	0.10794388779	0.120506205811	0.125555823612	0.126950286035	0.121274207824	0.12309719016	0.108032856843	0.130603681795	0.122985621691	0.123598938928	0.148641169171	0.131047239619	0.129706381543	0.12248198693	0.141002258678	0.160352564517	0.135575051456	0.0973654553897	0.1139880633	0.134808457336	0.122479987246	0.0995004238183	0.105768412912	0.123750088201	0.123486425713	0.130884231995	0.104786106855	0.12905287702	0.128655514312	0.129540447122	0.111115801221	0.139617904572	0.12054341378	0.114661186922	0.113259301263	0.100930797058	0.105404998474	0.0787414405593	0.103963143367	0.108119204018	0.138033382198	0.0780891307056	0.117337647809	0.114865371028	0.104923985865	0.12322423353	0.133902499953	0.109551590458	0.105589735798	0.132494756177	0.132781617855	0.13520872799	0.109757418659	0.11712700576	0.114685905464
BYQ_AABB.snv.bam	0.12530501544	0.113257841431	0.138848428068	0.132818851617	0.0	0.13475903532	0.130775647792	0.130581215073	0.12502429024	0.147133011101	0.133807164002	0.152760024754	0.111996955195	0.140781449137	0.13034142423	0.32716189556	0.140677787945	0.12577117058	0.18580299111	0.138819004681	0.126265143501	0.139259130139	0.131263751902	0.138046712825	0.127691735336	0.116580082899	0.11181572848	0.170058835694	0.162546632262	0.123279365006	0.117477417881	0.134880223753	0.103736028257	0.130007558779	0.132858274539	0.112065163433	0.130313063764	0.114470301537	0.112835901605	0.128875421729	0.126338295406	0.114982422332	0.120964143151	0.16555016991	0.148533594012	0.133280769874	0.145810967565	0.131710459995	0.162802575888	0.143399328669	0.113121406671	0.12793548347	0.149145570928	0.125727515841	0.119280307498	0.134131913639	0.11380807943	0.113544416942	0.123973500173	0.124124222236	0.126349642537	0.126226115417	0.128249269735	0.165382119628	0.152043703255	0.129623776355	0.134538604802	0.128132579529	0.107512880666	0.117838404488	0.12913684296	0.118059225348	0.125633027945	0.137540839405	0.106419486972	0.129760880049	0.128985189572	0.136180432681	0.113895803157	0.12873732185	0.127642862983	0.123164159218	0.0200908498207	0.0187410251962	0.0195242712588	0.10638801659	0.102364942722	0.110477524728
CCIS02124300ST-4-0.snv.bam	0.12331681026	0.0942877954578	0.111548281626	0.106752240578	0.13475903532	0.0	0.118317323696	0.113974543109	0.146619870875	0.127664245947	0.10606610193	0.101169839502	0.113242143696	0.142354756659	0.103811713061	0.310459313406	0.132769364402	0.0925718316339	0.153402538329	0.132080114595	0.0913910373105	0.136433907865	0.102296803802	0.0729191486996	0.124806686337	0.0940339512222	0.130508532633	0.145548815258	0.139949795001	0.134616484599	0.104347524089	0.12880250223	0.11793377393	0.0870269139114	0.11536239948	0.091671308182	0.135146839554	0.0950522783922	0.0881597402944	0.121350281169	0.124612096763	0.144249758133	0.125604743562	0.143257483521	0.138545849796	0.122145660742	0.117340745583	0.109720795139	0.136598394635	0.103094186039	0.0896978248128	0.121821525152	0.140865175744	0.123386578316	0.11606490025	0.122870212088	0.0904633338186	0.0899873097734	0.103131095688	0.0980542070851	0.116114434217	0.115700060861	0.118403675985	0.130457055807	0.120907965371	0.115909424634	0.116430371136	0.110492206477	0.115696711604	0.116426114344	0.104062196949	0.0852489850703	0.118177621108	0.142612235136	0.110312166736	0.127081687458	0.110532877616	0.124931104905	0.0903906860897	0.101108922576	0.10812890968	0.124653537552	0.135872196502	0.13771620444	0.135805573649	0.110672813644	0.120997987592	0.118253108122
CCIS07648107ST-4-0.snv.bam	0.121968653818	0.0975915020845	0.117225976724	0.112673475768	0.130775647792	0.118317323696	0.0	0.0983825998796	0.145507069661	0.113237703091	0.113711356268	0.109046261769	0.093354587051	0.131449655603	0.0857238951242	0.308854568049	0.121677041452	0.10621242485	0.1680496805	0.12046121228	0.0994187170731	0.10530690109	0.127945175016	0.110210447675	0.120470455705	0.122074740766	0.134461687391	0.13195175269	0.131060610135	0.124283926564	0.121648236018	0.111858704794	0.107939358375	0.129856873705	0.113628576464	0.104303258514	0.126732673267	0.112815508421	0.097954171506	0.0857118709553	0.141534237575	0.121628263858	0.141231655817	0.147976251748	0.142059100238	0.105011581985	0.132004253057	0.129338136663	0.137698190311	0.127674698953	0.0933818367141	0.125942345065	0.14033468382	0.117757146174	0.119075944625	0.117838990813	0.0993920942831	0.0991284317955	0.104971450916	0.0862996336053	0.127230399562	0.126833036855	0.129091468595	0.122860295163	0.10531435466	0.107068623768	0.10676348628	0.120490886418	0.105704650967	0.0939728972193	0.0855486561268	0.0795702649601	0.0940288949695	0.114726947866	0.0919354275746	0.129383113631	0.108333113109	0.120413637241	0.0998098560347	0.11223722621	0.103122081829	0.112414063112	0.137051173771	0.136246293485	0.139599812554	0.116802780659	0.122549139765	0.118473229008
CCIS11354283ST-4-0.snv.bam	0.116618094306	0.100018033071	0.130702980601	0.124089791321	0.130581215073	0.113974543109	0.0983825998796	0.0	0.145083254718	0.129065572713	0.125021884538	0.12093037518	0.0966221892867	0.125778401335	0.102548305868	0.330506302192	0.118739882747	0.104114452799	0.165377356996	0.0962402522471	0.107247729355	0.130410292357	0.111873027654	0.104367011285	0.128928912163	0.104480413518	0.124396971069	0.156692493924	0.15312296046	0.141466010529	0.109155114137	0.118002099469	0.101734957472	0.118518275696	0.11499461546	0.0930619536816	0.132579365079	0.100908714421	0.0977946448942	0.116164942753	0.122511071136	0.131565744137	0.112594415463	0.131013414094	0.125242449767	0.121055125518	0.112804896998	0.113323699738	0.144067640585	0.136180763878	0.101071291067	0.131491758788	0.143906292931	0.12535402447	0.0999340667914	0.130381518739	0.0948158027297	0.0945495088799	0.0952425944077	0.112985496577	0.115399022129	0.115247873964	0.11721565871	0.140091218414	0.0934193138054	0.125963268894	0.107716712534	0.101488187599	0.093650884375	0.112341690965	0.0892797614238	0.0789875258821	0.102767428859	0.142657077199	0.095489633595	0.123148800344	0.108724334746	0.130584562229	0.0952927869767	0.111889256687	0.107308497171	0.122671826725	0.136131437818	0.135826874829	0.133104679199	0.110177842924	0.111858023417	0.109744615491
CCIS22275061ST-4-0.snv.bam	0.159480912668	0.127508908306	0.149003477773	0.144514884056	0.12502429024	0.146619870875	0.145507069661	0.145083254718	0.0	0.135060133685	0.145010831465	0.153392231232	0.118879174286	0.172306253645	0.129312206182	0.36415094982	0.114252600881	0.137453841354	0.170631798236	0.151584336649	0.136992292221	0.145509713349	0.146899630177	0.139056505963	0.122299611706	0.148059686376	0.15347716553	0.148402511841	0.148640192265	0.153263301459	0.142049747183	0.130332691134	0.128747109904	0.161048471649	0.114203976592	0.138436790779	0.143142765858	0.132731195946	0.11556026446	0.145350902609	0.117649591482	0.116189473776	0.148386503269	0.147263514704	0.163898834638	0.130429610003	0.148515041583	0.144088677362	0.158969484326	0.152669687227	0.124192467483	0.12616054262	0.12479414016	0.117084361922	0.126912299138	0.135033112989	0.140493925653	0.140593976722	0.140936010008	0.126361640545	0.132053046235	0.131657279232	0.133891555506	0.153474004672	0.128145739584	0.150722952322	0.144790848793	0.140335812077	0.13421461155	0.12865778597	0.133523815524	0.127555418682	0.119570598596	0.137261587152	0.124850940154	0.116150867661	0.108649409999	0.137827123043	0.140528671679	0.142370144752	0.103867895499	0.148166310443	0.129166274588	0.130724226378	0.12233529588	0.12906516767	0.135795516362	0.133974299321
CCIS22416007ST-4-0.snv.bam	0.140546060796	0.131526526027	0.142840723616	0.140687199282	0.147133011101	0.127664245947	0.113237703091	0.129065572713	0.135060133685	0.0	0.142191651398	0.0931967150627	0.112098087552	0.149803016939	0.126643207449	0.344199024843	0.127665863078	0.124725448361	0.187248144687	0.134681610903	0.12945635159	0.133982173619	0.148549424227	0.137958289673	0.0636761729018	0.128414126407	0.134668962038	0.14971816531	0.145831572969	0.131603611345	0.148483063323	0.14035316903	0.129299602447	0.153465361801	0.120527502058	0.131480383156	0.145008539102	0.13737262204	0.124243575492	0.12498701412	0.126030397429	0.11990578204	0.147529796603	0.150489461545	0.128157402443	0.119726490946	0.128453180505	0.145302697551	0.149878021956	0.142790774402	0.125207982611	0.127453363078	0.096892301945	0.0784491012762	0.1163835932	0.139636903336	0.129076450941	0.128702994865	0.122660727515	0.120653639224	0.149162314257	0.148632676418	0.150804943574	0.156909908531	0.123564478165	0.115153931018	0.118489733307	0.129330447463	0.135740347107	0.124646971876	0.135097542469	0.0979920458915	0.123132775792	0.0625060866059	0.127284143141	0.0942704668487	0.117380013121	0.139407745606	0.129451893113	0.126323545066	0.0982421006114	0.135061514263	0.146259384161	0.150482231271	0.148479065909	0.124513793366	0.126888939378	0.118449803588
CCIS23164343ST-4-0.snv.bam	0.145033282231	0.109407920429	0.134379566066	0.129164240094	0.133807164002	0.10606610193	0.113711356268	0.125021884538	0.145010831465	0.142191651398	0.0	0.109218288107	0.122032439997	0.137095483047	0.103781524069	0.324519006609	0.141752690152	0.0513609681146	0.151937460008	0.136575659918	0.10266263837	0.155301459894	0.0548863553627	0.114473433476	0.135726752191	0.118854244278	0.143162197607	0.147729307152	0.143220245476	0.135129801541	0.0545814435938	0.111584356405	0.124893741846	0.123046807902	0.134296185564	0.0506118356273	0.147430864604	0.0657704283727	0.0588821082052	0.125349238167	0.144077071058	0.117864718904	0.103209734908	0.132410239252	0.150708018371	0.141972060046	0.122225182969	0.0819124961884	0.137293141536	0.0993911829971	0.109617829148	0.131158865654	0.13508224538	0.1361290203	0.130201708732	0.126380763505	0.104028257463	0.103760569526	0.107743628932	0.081709057411	0.0740281032829	0.0737665389656	0.0767006352228	0.145257317059	0.13351953858	0.124836466765	0.108685275651	0.106372001069	0.121200947394	0.133956237997	0.124305831823	0.0966788615096	0.117376843459	0.140587921031	0.116852388121	0.135910893254	0.127850268653	0.125295867831	0.104360985172	0.0405215935372	0.118564618956	0.118003729632	0.128138267301	0.129447802099	0.127506839339	0.114499132874	0.125215502227	0.117416087343
CCIS27927933ST-4-0.snv.bam	0.139442262911	0.108256555801	0.134270687145	0.132489724878	0.152760024754	0.101169839502	0.109046261769	0.12093037518	0.153392231232	0.0931967150627	0.109218288107	0.0	0.109195137475	0.143691222753	0.120306464423	0.318718295703	0.114008087295	0.0924350359591	0.172487556862	0.116310246948	0.100310188259	0.134249843446	0.116987318004	0.10363513495	0.0761286975649	0.128347572253	0.133853902795	0.13220244354	0.12503180594	0.131239582599	0.10533700139	0.120299655125	0.126874300589	0.105942092986	0.118653350781	0.0898600400571	0.138953666483	0.0995114594438	0.0900735240094	0.110118864683	0.118122315457	0.153757641403	0.139491779392	0.143162860145	0.132795563364	0.107429185451	0.136411218838	0.117651952613	0.119876245723	0.121116043889	0.116452678862	0.132589152625	0.142121695029	0.117436116072	0.107388663525	0.137721814362	0.0997242809913	0.0994600963998	0.120122791239	0.102352556172	0.111643676515	0.111382632206	0.113570160429	0.148520506056	0.128096443792	0.130899775657	0.125865157736	0.12075772452	0.129740992667	0.106641886895	0.125097751344	0.0797947013053	0.112220415892	0.0993319758636	0.125502092292	0.134350986157	0.109695886082	0.137086439268	0.100277478797	0.100217702193	0.0880515535156	0.107503973097	0.158080454925	0.158853924324	0.162875328638	0.11585059227	0.125211946732	0.12066520888
CCIS29688262ST-20-0.snv.bam	0.137149501098	0.103303613832	0.115835774207	0.112826219219	0.111996955195	0.113242143696	0.093354587051	0.0966221892867	0.118879174286	0.112098087552	0.122032439997	0.109195137475	0.0	0.131070144511	0.106657971234	0.327826604317	0.114958430599	0.114905596844	0.149948848108	0.107086480269	0.115817904731	0.133522473395	0.119553165354	0.129678917292	0.10877785164	0.100140696294	0.128572257336	0.147490149625	0.144975997893	0.123793063307	0.121932600607	0.126416484127	0.102244179408	0.140281436078	0.121237824411	0.109453513756	0.138889228524	0.115158077907	0.104002462615	0.11179214589	0.109528922032	0.135288838927	0.135385697824	0.139542220389	0.132575219428	0.117919650202	0.128377013553	0.12695533541	0.132814840762	0.143312727245	0.112026721091	0.131647536338	0.136930053561	0.116346060462	0.108911728806	0.12501144835	0.113134052135	0.112655464833	0.105374254693	0.100821056439	0.127430830845	0.127030289236	0.129654961807	0.116081196231	0.124375312383	0.12665814892	0.120501726232	0.117340492926	0.121284389553	0.107063316682	0.101178135442	0.0963317309954	0.0800470715067	0.125569994295	0.0990663321087	0.130666550609	0.117712763282	0.129251895054	0.113239834843	0.118964293991	0.0919913404755	0.133284980009	0.116036839495	0.115809943168	0.119857275781	0.110066955228	0.114186633181	0.113678642186
CCIS36699628ST-4-0.snv.bam	0.154025537812	0.125407629991	0.139547205541	0.138716157843	0.140781449137	0.142354756659	0.131449655603	0.125778401335	0.172306253645	0.149803016939	0.137095483047	0.143691222753	0.131070144511	0.0	0.107340450938	0.333209944661	0.159814010024	0.115776407663	0.178128808853	0.132999944907	0.132886834529	0.128861478423	0.142561144612	0.143940567004	0.138673536918	0.137159197105	0.133105516314	0.158071937615	0.152013816805	0.160067223857	0.135175343524	0.139574286346	0.101528982299	0.140200879609	0.134003399923	0.125053342691	0.146448434826	0.132743474883	0.119671008741	0.119909084023	0.15657492285	0.144902513813	0.157815891823	0.137097728811	0.128162518053	0.123352403838	0.135558528109	0.143641306213	0.146049759686	0.151748147399	0.124920448836	0.143665918892	0.158633203102	0.140494582812	0.131451705583	0.153497606052	0.135934455018	0.135621287117	0.138790830651	0.12959840046	0.139036115653	0.138624238523	0.138501986527	0.161115777346	0.130075076521	0.146252189762	0.123996500466	0.136614101529	0.124709036892	0.141944342738	0.131971124144	0.111629927764	0.123122865499	0.152703844919	0.134647675203	0.134203760762	0.13756895356	0.154135593277	0.136028173969	0.131695275274	0.126972925238	0.121978762773	0.147716627576	0.149095993535	0.14996399784	0.137742464122	0.137735768166	0.135709258049
CCIS41288781ST-4-0.snv.bam	0.133072172035	0.0905181636277	0.125838954192	0.123229666074	0.13034142423	0.103811713061	0.0857238951242	0.102548305868	0.129312206182	0.126643207449	0.103781524069	0.120306464423	0.106657971234	0.107340450938	0.0	0.311606799136	0.117592936482	0.0879640516632	0.13788237798	0.101491200223	0.116810569082	0.119444442768	0.105966562726	0.113145872608	0.122215701071	0.0994581471604	0.12043931565	0.144242239418	0.145498102193	0.126353515265	0.110494707081	0.100317220538	0.0981674945507	0.132053003667	0.101095831491	0.0943805551543	0.112159700973	0.101623123496	0.0844657766858	0.107194626009	0.110295126077	0.114458885835	0.132209775459	0.13762430231	0.143176373497	0.11301681887	0.106002066905	0.118632572763	0.149854961208	0.124553807765	0.0834298034749	0.119477242141	0.149430715155	0.140378485734	0.101657722767	0.118368706737	0.116080962845	0.11573133942	0.106197211535	0.0993239917467	0.124918704509	0.124517951566	0.126692207844	0.130994010294	0.11861839419	0.122852286095	0.114024924701	0.113499181909	0.114853112565	0.109016214319	0.0980559848841	0.0909140203892	0.104813814323	0.140265480012	0.104060242961	0.135042819025	0.107368275552	0.118553663332	0.116277103813	0.0964338879523	0.0938070037688	0.11043383848	0.136080135826	0.135157618452	0.131116773975	0.109675891301	0.115306489683	0.108473054195
CCIS44743950ST-4-0.snv.bam	0.33741673136	0.30990313269	0.330133483832	0.327557807123	0.32716189556	0.310459313406	0.308854568049	0.330506302192	0.36415094982	0.344199024843	0.324519006609	0.318718295703	0.327826604317	0.333209944661	0.311606799136	0.0	0.336421051916	0.31965468059	0.32928325655	0.345150134248	0.31622190493	0.333703726647	0.325186428678	0.306007355074	0.320160047059	0.31555965971	0.324089258086	0.343095122597	0.330025245019	0.340923281043	0.318905202703	0.314777199413	0.326479026183	0.323352959051	0.333672690971	0.315147003185	0.315613335143	0.31529761246	0.319082459545	0.307436364931	0.314749595157	0.331003684984	0.3191600287	0.342964071919	0.315850771059	0.303029245425	0.35256536707	0.314182699577	0.319989227838	0.324718064597	0.295300151949	0.326221548358	0.35383561393	0.333092395698	0.329537341452	0.333457069186	0.307011526419	0.30651345362	0.318075364396	0.314708560318	0.31531424112	0.315001594914	0.314416400596	0.339131450413	0.334524312573	0.319843397901	0.317398180821	0.326924184301	0.309257606274	0.338308977287	0.324216998878	0.312963931601	0.326825623146	0.340691690475	0.328731046307	0.341587087154	0.306534018829	0.330964034793	0.307126778635	0.327643985483	0.311874928781	0.32553052481	0.325214267916	0.328647306424	0.325857669316	0.306728061236	0.31562884709	0.301408909851
CCIS50369211ST-20-0.snv.bam	0.140563725817	0.120937713425	0.133772157234	0.132025962438	0.140677787945	0.132769364402	0.121677041452	0.118739882747	0.114252600881	0.127665863078	0.141752690152	0.114008087295	0.114958430599	0.159814010024	0.117592936482	0.336421051916	0.0	0.123871073653	0.173196649542	0.113867876134	0.132948223593	0.13661798991	0.147991035639	0.140213776872	0.125909070433	0.116820470182	0.126618066607	0.146091522327	0.143361627645	0.130784265219	0.142004389032	0.120954491971	0.113996029781	0.151434115782	0.114024745419	0.119628943842	0.136472584159	0.128988379897	0.117833065313	0.123199776732	0.110122684648	0.12628846822	0.133155158703	0.156841299015	0.14674795057	0.129466955126	0.116637377007	0.147462639428	0.161487738982	0.155276710253	0.11545950708	0.125716980967	0.154996340565	0.135093353527	0.10422112016	0.134625800023	0.132616730158	0.132353067671	0.120864525453	0.124487065329	0.14438052295	0.144197805488	0.146170641613	0.160839591789	0.123492262899	0.137472008746	0.103624824009	0.104794473774	0.127459350323	0.0955052218659	0.103320791597	0.108588019992	0.117754159763	0.126991497915	0.119588547646	0.120215910575	0.11505531543	0.134443379003	0.132595135178	0.129397046639	0.0984312026364	0.12022121496	0.145005240991	0.148883721743	0.144770383325	0.101286198248	0.108535383668	0.10697594289
CCIS52370277ST-4-0.snv.bam	0.129265669006	0.0956903510417	0.125667401427	0.121167947631	0.12577117058	0.0925718316339	0.10621242485	0.104114452799	0.137453841354	0.124725448361	0.0513609681146	0.0924350359591	0.114905596844	0.115776407663	0.0879640516632	0.31965468059	0.123871073653	0.0	0.154059047788	0.127824908684	0.0791657416657	0.134645549116	0.0502318194856	0.0922498138201	0.133527447843	0.106391714591	0.120708396396	0.147028247824	0.142255636977	0.139449461853	0.0371251573911	0.113473160327	0.0972427791893	0.102814483084	0.118692174864	0.0250272323765	0.126506024096	0.0386509929686	0.0313267059401	0.105464922595	0.130576645577	0.112800677905	0.0908666199016	0.128874805337	0.137686857502	0.1224408959	0.109148143883	0.0637781469734	0.129520612192	0.102023115856	0.10024924467	0.123665684284	0.147697829719	0.125511068896	0.108533223926	0.0976938637011	0.0846310419271	0.0843756130921	0.0957167963068	0.0724119513818	0.046661545364	0.0462632114526	0.0487380423022	0.141687733675	0.113480610302	0.110110834247	0.0982227261365	0.0935505935429	0.11319950579	0.12206687815	0.100671191307	0.0661520669798	0.124795471557	0.136460342495	0.107267533348	0.126254382662	0.107118730318	0.0957541959851	0.0849029350946	0.0208529991081	0.111842130031	0.108303406604	0.125054742567	0.127608900642	0.127284684535	0.105984195212	0.108768299606	0.107755757862
CCIS59132091ST-4-0.snv.bam	0.185221105532	0.139107378902	0.161397705097	0.166427564659	0.18580299111	0.153402538329	0.1680496805	0.165377356996	0.170631798236	0.187248144687	0.151937460008	0.172487556862	0.149948848108	0.178128808853	0.13788237798	0.32928325655	0.173196649542	0.154059047788	0.0	0.161168048937	0.164101097293	0.182775356827	0.144145805063	0.173576653358	0.164626192307	0.156592641969	0.18054351786	0.17909367258	0.174900392332	0.183581956406	0.155973622329	0.170108103249	0.17572247093	0.180651012169	0.168248356572	0.147553790263	0.178651043211	0.149813597061	0.150680428567	0.159260950146	0.160323027812	0.186054616692	0.152922308391	0.178658766342	0.1741529996	0.169770503745	0.182050716915	0.151792474828	0.167664427649	0.153208355505	0.140067304881	0.17823236615	0.148807037467	0.166145047494	0.140417720591	0.173030727571	0.159023216971	0.158557432161	0.159569871604	0.154018521699	0.158108790578	0.157837235895	0.161007499634	0.157164260916	0.18927184946	0.176356617874	0.170684554432	0.164839569322	0.166929727194	0.17975928361	0.14871441161	0.155316005334	0.132327493457	0.185602371548	0.163925443666	0.167803870059	0.156672407038	0.173914459809	0.159111755226	0.159562143382	0.142791377417	0.184900680009	0.185578250125	0.187645223389	0.181108921978	0.146156754755	0.147160744353	0.147686620424
CCIS78100604ST-4-0.snv.bam	0.141917458883	0.117412784143	0.115758022403	0.113553045482	0.138819004681	0.132080114595	0.12046121228	0.0962402522471	0.151584336649	0.134681610903	0.136575659918	0.116310246948	0.107086480269	0.132999944907	0.101491200223	0.345150134248	0.113867876134	0.127824908684	0.161168048937	0.0	0.129448277166	0.145788621064	0.141518930653	0.137868073018	0.124060411274	0.118420919649	0.115350091013	0.13701861023	0.138494629151	0.131617360583	0.137945904912	0.121672771861	0.104582495173	0.122837503135	0.125983273038	0.120898205546	0.136767359292	0.129135054174	0.119759396811	0.126267689935	0.135731758423	0.131419356956	0.13254673284	0.131732106703	0.126594632695	0.13101406377	0.114265597103	0.144049670206	0.115056424795	0.138521775258	0.119993031347	0.128320419842	0.15288247451	0.132127952325	0.0599554613002	0.141896041113	0.120523924756	0.120338359842	0.123597638629	0.132179136956	0.134836974752	0.134740451706	0.13669366369	0.135562597319	0.139037471135	0.129722078988	0.130316557332	0.119372138672	0.109412221076	0.104284265513	0.108842620259	0.104581373285	0.0972798407847	0.132590723511	0.105348282898	0.137242838008	0.134174312156	0.142630757704	0.120990010719	0.133467224168	0.104524288333	0.107080111498	0.145716357437	0.144437996409	0.144469603669	0.105906110372	0.101576515361	0.0949868918045
CCIS80834637ST-4-0.snv.bam	0.123573535858	0.0921520219688	0.121303267233	0.115815793195	0.126265143501	0.0913910373105	0.0994187170731	0.107247729355	0.136992292221	0.12945635159	0.10266263837	0.100310188259	0.115817904731	0.132886834529	0.116810569082	0.31622190493	0.132948223593	0.0791657416657	0.164101097293	0.129448277166	0.0	0.121976484326	0.103188563881	0.0866102784898	0.123260219832	0.121633377666	0.127878360174	0.143922582843	0.13717458697	0.121124228824	0.0916767612663	0.121160423746	0.0991189209688	0.0865802115193	0.104307487961	0.0784337579609	0.123935736585	0.0820593571076	0.0786485543145	0.110765129553	0.128847733781	0.128604662009	0.12381355697	0.137476172734	0.140814851096	0.109822808065	0.127646116415	0.0989502839466	0.110780246179	0.103934848358	0.0973158916205	0.11664541289	0.106218185677	0.0774251936602	0.115014063576	0.127087680072	0.0129610933443	0.0130841650105	0.108514891981	0.0835042097385	0.0947556603409	0.094359716433	0.0966281379151	0.119440716426	0.0968047632699	0.114076176684	0.102519989235	0.108275493718	0.102686445247	0.124460208579	0.0901558356206	0.0524179977255	0.122434686186	0.135582609792	0.0996676912101	0.102511209781	0.0929893312066	0.127248013289	0.0139929125051	0.0870752269387	0.101150712883	0.119356899282	0.134423330372	0.133918176316	0.131770887323	0.100891775806	0.111543701213	0.111579254355
CCIS81735969ST-20-0.snv.bam	0.147669767489	0.120686916802	0.14202566527	0.13604626436	0.139259130139	0.136433907865	0.10530690109	0.130410292357	0.145509713349	0.133982173619	0.155301459894	0.134249843446	0.133522473395	0.128861478423	0.119444442768	0.333703726647	0.13661798991	0.134645549116	0.182775356827	0.145788621064	0.121976484326	0.0	0.160014862614	0.124267266423	0.123286367856	0.133083593497	0.103596560224	0.154544067854	0.140690549345	0.144308296927	0.149903875166	0.121947330807	0.123900804918	0.135459358572	0.0698717860714	0.13834574702	0.104408084185	0.139628584217	0.134406042929	0.123438364994	0.141632331862	0.13036358456	0.143821317643	0.151089099726	0.128359560442	0.10123898075	0.146520390185	0.153747034507	0.137319619286	0.142824899166	0.112281039285	0.121044710961	0.154297018108	0.134554322972	0.129766894879	0.12709334516	0.121485621193	0.121416619769	0.127610181227	0.120448046582	0.133703698448	0.133174060609	0.135407429014	0.151984106716	0.134485040281	0.113918139352	0.115889775178	0.128514026495	0.13024933982	0.121133136184	0.127706496902	0.0929138486785	0.129115206928	0.143235901263	0.126686818219	0.133593706728	0.121330076935	0.127595315705	0.121258096471	0.147144490093	0.117570175593	0.131457200367	0.147564940512	0.149160503561	0.150163706993	0.12457787298	0.127745870439	0.12679247728
CCIS82146115ST-4-0.snv.bam	0.149531189754	0.104694608028	0.141222320744	0.139054423626	0.131263751902	0.102296803802	0.127945175016	0.111873027654	0.146899630177	0.148549424227	0.0548863553627	0.116987318004	0.119553165354	0.142561144612	0.105966562726	0.325186428678	0.147991035639	0.0502318194856	0.144145805063	0.141518930653	0.103188563881	0.160014862614	0.0	0.120475937394	0.146811728122	0.116853135079	0.145383470112	0.155486392638	0.153215560146	0.153404637765	0.0347046004329	0.126104810532	0.127913527275	0.120944384428	0.139686384914	0.0324175460095	0.151799434644	0.0460568375292	0.0443836756086	0.127070544829	0.141201429124	0.146415332539	0.0938399170353	0.126552427727	0.147041112703	0.138116121227	0.139693073743	0.0520943067003	0.140962546918	0.107593312218	0.111085714495	0.139880177883	0.143357652287	0.139917505996	0.113275395454	0.134429425787	0.0925505621652	0.0922119473871	0.103420807747	0.0912492265252	0.0642344225917	0.0640037613832	0.0665863547884	0.149958698946	0.134918255404	0.132920697233	0.121117687546	0.110969652151	0.132738002173	0.145077817584	0.124236811268	0.0949223559358	0.125526454814	0.158621326848	0.116411033335	0.144104532138	0.127373983549	0.133560337251	0.0929072814157	0.0458526589475	0.125693847135	0.126150235157	0.128001450985	0.130430357176	0.128446986665	0.124691387285	0.12932295385	0.132153510407
CCIS95097901ST-4-0.snv.bam	0.124730272358	0.104998131166	0.128822470849	0.12094486115	0.138046712825	0.0729191486996	0.110210447675	0.104367011285	0.139056505963	0.137958289673	0.114473433476	0.10363513495	0.129678917292	0.143940567004	0.113145872608	0.306007355074	0.140213776872	0.0922498138201	0.173576653358	0.137868073018	0.0866102784898	0.124267266423	0.120475937394	0.0	0.130020006414	0.120975621609	0.132066865673	0.156085502902	0.150973474298	0.140588662253	0.10759370907	0.124813533633	0.115676897288	0.0817762959268	0.102250516996	0.0974102323398	0.130787712254	0.0955146784564	0.0949680717386	0.118710876561	0.135048931339	0.149481050099	0.117667428045	0.148239672806	0.136282276828	0.115095117399	0.139318838146	0.101253939587	0.12729034709	0.119307493519	0.111930822885	0.131479708439	0.152666610672	0.130480617871	0.126716140243	0.101926547476	0.0861338288233	0.0858701663357	0.124520208601	0.10068922933	0.110352042875	0.109822405036	0.112148072475	0.138677493374	0.127398564306	0.122142208382	0.116730286222	0.117445626942	0.12577274539	0.115816430076	0.10088484453	0.0919073085088	0.130830101785	0.141985439808	0.110538199909	0.136231346007	0.107435616873	0.102095285071	0.0861217556356	0.105334596924	0.110408365025	0.126299828069	0.14460065926	0.145855639915	0.143837986613	0.122305354214	0.130043506463	0.128812922499
CCIS98832363ST-4-0.snv.bam	0.134098571615	0.118363784427	0.117400340221	0.116580148596	0.127691735336	0.124806686337	0.120470455705	0.128928912163	0.122299611706	0.0636761729018	0.135726752191	0.0761286975649	0.10877785164	0.138673536918	0.122215701071	0.320160047059	0.125909070433	0.133527447843	0.164626192307	0.124060411274	0.123260219832	0.123286367856	0.146811728122	0.130020006414	0.0	0.134528708523	0.120437427658	0.12407717662	0.113780238295	0.127696100147	0.142932816809	0.126187509878	0.123920711486	0.12869774564	0.102824353861	0.134601144079	0.1197628608	0.132881042286	0.126674641809	0.122580729414	0.10949661678	0.110638777718	0.134802732667	0.139684918297	0.12062488812	0.110058928652	0.142327160026	0.140752142911	0.143622995318	0.140388231789	0.108296415281	0.115617517667	0.083377274119	0.0692212471453	0.102499255167	0.13681135336	0.123091231148	0.122907141899	0.127971209467	0.118061830814	0.138136543671	0.137603734348	0.139480245608	0.142384376505	0.126962888826	0.113444925786	0.123070322228	0.128744626659	0.113777383003	0.112301851271	0.137252479757	0.0989891164105	0.110435965668	0.0729207359361	0.12222953989	0.0900931691341	0.113122535859	0.136693023644	0.123456890278	0.140301005386	0.0912841408737	0.120240920557	0.127872146589	0.128433724354	0.128578104552	0.110348839398	0.111259470911	0.110585522989
M1.3-V2.metaT.snv.bam	0.130060614405	0.103664661967	0.112947159153	0.111869348973	0.116580082899	0.0940339512222	0.122074740766	0.104480413518	0.148059686376	0.128414126407	0.118854244278	0.128347572253	0.100140696294	0.137159197105	0.0994581471604	0.31555965971	0.116820470182	0.106391714591	0.156592641969	0.118420919649	0.121633377666	0.133083593497	0.116853135079	0.120975621609	0.134528708523	0.0	0.1231783977	0.16047020485	0.156285186483	0.112609577477	0.114242771102	0.111860664803	0.108755197623	0.121769734632	0.118901527076	0.0958366304615	0.131955646604	0.102999685891	0.0981594786601	0.122891990193	0.119966137199	0.143382821575	0.110801252014	0.14024752127	0.135580038967	0.121091516205	0.114835135758	0.127132049899	0.152812420026	0.134934650061	0.100946049081	0.128053455826	0.15749833289	0.133481362446	0.104472218177	0.114144177975	0.114605608949	0.113979274495	0.10444675956	0.104959307971	0.123134930475	0.122800068768	0.125142032967	0.143486140289	0.125180474733	0.118820392282	0.115987218155	0.0932973010794	0.120761399678	0.0869114654826	0.0978839441546	0.101713102962	0.112701691289	0.154240321994	0.103203649282	0.125304117791	0.121282136735	0.114789688485	0.114032009361	0.11090843915	0.107832536674	0.121146004973	0.121132241461	0.123362170434	0.121712693952	0.0884608950988	0.100079398052	0.0984563877871
M4.1-V3.metaT.snv.bam	0.126100249984	0.116152738271	0.124679913918	0.117980526201	0.11181572848	0.130508532633	0.134461687391	0.124396971069	0.15347716553	0.134668962038	0.143162197607	0.133853902795	0.128572257336	0.133105516314	0.12043931565	0.324089258086	0.126618066607	0.120708396396	0.18054351786	0.115350091013	0.127878360174	0.103596560224	0.145383470112	0.132066865673	0.120437427658	0.1231783977	0.0	0.157741600818	0.147799390824	0.121801028286	0.133172637572	0.109591753527	0.110046300068	0.122097709605	0.109686184399	0.122846847888	0.113538577146	0.122601715685	0.124386173739	0.12920691415	0.128371561534	0.100269294861	0.122670153936	0.154890874395	0.131060376294	0.114812101377	0.121575534186	0.143750802422	0.139352513144	0.141017131354	0.117748034457	0.103158002876	0.151325726069	0.129090420202	0.0943438713501	0.125971265607	0.119469499937	0.119240785011	0.111107356481	0.119042350454	0.128648516653	0.128421059072	0.130372228174	0.144726226416	0.141754992078	0.101780181508	0.110351256353	0.117976383221	0.117581235971	0.118432237845	0.124666815759	0.100227308639	0.125503012104	0.12930792194	0.120441894667	0.129403867111	0.124199416571	0.12586391124	0.119575048967	0.131644169088	0.104747676213	0.110409169573	0.11596662829	0.120291341952	0.118290498344	0.0973162250709	0.0954131168897	0.0983293676052
M4.2-V2.metaG.snv.bam	0.167722166111	0.150517053531	0.134192116571	0.136889457983	0.170058835694	0.145548815258	0.13195175269	0.156692493924	0.148402511841	0.14971816531	0.147729307152	0.13220244354	0.147490149625	0.158071937615	0.144242239418	0.343095122597	0.146091522327	0.147028247824	0.17909367258	0.13701861023	0.143922582843	0.154544067854	0.155486392638	0.156085502902	0.12407717662	0.16047020485	0.157741600818	0.0	0.0123986648283	0.12925083953	0.146193209665	0.141534350724	0.146917366662	0.145450657623	0.143621215741	0.148117909442	0.150464157395	0.144882875574	0.140397179039	0.129068859772	0.152520870631	0.108255268349	0.144539788364	0.103777983668	0.115813571743	0.147114608297	0.172708611811	0.158175023856	0.151072890638	0.122284346284	0.136912585431	0.15078436614	0.14513162219	0.139834439306	0.128085111559	0.16355020583	0.143154528416	0.143574233707	0.149476249237	0.140648924872	0.141391789587	0.141007474768	0.145238355583	0.127786819887	0.117112367549	0.144298404571	0.149708369184	0.155200214648	0.132781103202	0.133896558098	0.156411092812	0.138536320076	0.11885897445	0.162411257905	0.141746033178	0.131170088568	0.128268036022	0.162741601203	0.143568118012	0.15324694884	0.126949674471	0.14371611958	0.17480331858	0.177736217587	0.177471490378	0.146136571464	0.152194621202	0.14571112699
