	147406386-tonguedorsum3.snv.bam	158155345-tonguedorsum2.snv.bam	158479027-tonguedorsum2.snv.bam	158499257-tonguedorsum2.snv.bam	158883629-tonguedorsum1.snv.bam	158883629-tonguedorsum2.snv.bam	158883629-tonguedorsum3.snv.bam	159227541-tonguedorsum3.snv.bam	159247771-tonguedorsum2.snv.bam	159268001-tonguedorsum1.snv.bam	159268001-tonguedorsum2.snv.bam	159551223-tonguedorsum1.snv.bam	159551223-tonguedorsum2.snv.bam	159733294-tonguedorsum1.snv.bam	159915365-tonguedorsum1.snv.bam	160319967-tonguedorsum2.snv.bam	160400887-tonguedorsum1.snv.bam	160502038-tonguedorsum3.snv.bam	160582958-tonguedorsum2.snv.bam	160603188-tonguedorsum1.snv.bam	160603188-tonguedorsum3.snv.bam	160704339-tonguedorsum1.snv.bam	160765029-tonguedorsum1.snv.bam	234447334-tonguedorsum2.snv.bam	246515023-tonguedorsum1.snv.bam	246515023-tonguedorsum2.snv.bam	370027359-palatinetonsils2.snv.bam	370027359-tonguedorsum3.snv.bam	404239096-tonguedorsum1.snv.bam	508703490-tonguedorsum2.snv.bam	550534656-tonguedorsum2.snv.bam	638754422-tonguedorsum1.snv.bam	638754422-tonguedorsum2.snv.bam	638754422-tonguedorsum3.snv.bam	663835652-tonguedorsum2.snv.bam	663835652-tonguedorsum3.snv.bam	675950834-tonguedorsum2.snv.bam	737052003-tonguedorsum1.snv.bam	737052003-tonguedorsum2.snv.bam	763395383-anteriornares3.snv.bam	763395383-tonguedorsum3.snv.bam	763536994-tonguedorsum1.snv.bam	763536994-tonguedorsum2.snv.bam	763536994-tonguedorsum3.snv.bam	763577454-tonguedorsum1.snv.bam	763577454-tonguedorsum2.snv.bam	763759525-tonguedorsum2.snv.bam	763901136-tonguedorsum1.snv.bam	763901136-tonguedorsum2.snv.bam	763961826-palatinetonsils2.snv.bam	763961826-tonguedorsum1.snv.bam	763982056-tonguedorsum1.snv.bam	763982056-tonguedorsum3.snv.bam	764143897-tonguedorsum1.snv.bam	764143897-tonguedorsum2.snv.bam	764224817-tonguedorsum1.snv.bam	764285508-tonguedorsum2.snv.bam	764305738-tonguedorsum1.snv.bam	764325968-tonguedorsum2.snv.bam	764366428-throat2.snv.bam	764467579-tonguedorsum3.snv.bam	764811490-tonguedorsum1.snv.bam	764811490-tonguedorsum2.snv.bam	764892411-tonguedorsum2.snv.bam	765013792-tonguedorsum1.snv.bam	765013792-tonguedorsum2.snv.bam	765013792-tonguedorsum3.snv.bam	765034022-tonguedorsum1.snv.bam	765074482-tonguedorsum1.snv.bam	765074482-tonguedorsum3.snv.bam	765094712-tonguedorsum1.snv.bam	765094712-tonguedorsum2.snv.bam	765135172-tonguedorsum1.snv.bam	765195863-palatinetonsils3.snv.bam	765195863-tonguedorsum3.snv.bam	765620695-tonguedorsum1.snv.bam	823052294-tonguedorsum1.snv.bam	823052294-tonguedorsum3.snv.bam	857980665-tonguedorsum2.snv.bam	857980665-tonguedorsum3.snv.bam	863126187-tonguedorsum3.snv.bam
147406386-tonguedorsum3.snv.bam	0.0	0.144514767932	0.105485232068	0.0928270042194	0.07805907173	0.087552742616	0.0622362869198	0.0643459915612	0.111814345992	0.0548523206751	0.100210970464	0.0590717299578	0.100210970464	0.0770042194093	0.112869198312	0.0886075949367	0.0537974683544	0.0622362869198	0.0917721518987	0.0959915611814	0.0759493670886	0.117088607595	0.0748945147679	0.0559071729958	0.0632911392405	0.0791139240506	0.0411392405063	0.0643459915612	0.0685654008439	0.0833333333333	0.0327004219409	0.0337552742616	0.0348101265823	0.0474683544304	0.112869198312	0.042194092827	0.042194092827	0.0696202531646	0.0580168776371	0.0864978902954	0.118143459916	0.0675105485232	0.0748945147679	0.0938818565401	0.0738396624473	0.0696202531646	0.0864978902954	0.0748945147679	0.084388185654	0.0748945147679	0.0611814345992	0.0569620253165	0.0432489451477	0.103375527426	0.07805907173	0.0400843881857	0.0981012658228	0.0590717299578	0.0485232067511	0.126582278481	0.0654008438819	0.0506329113924	0.0411392405063	0.045358649789	0.0696202531646	0.0938818565401	0.0970464135021	0.0643459915612	0.0696202531646	0.0833333333333	0.0717299578059	0.126582278481	0.0675105485232	0.111814345992	0.105485232068	0.12447257384	0.101265822785	0.0949367088608	0.0717299578059	0.100210970464	0.0495780590717
158155345-tonguedorsum2.snv.bam	0.144514767932	0.0	0.158227848101	0.17194092827	0.159282700422	0.160337552743	0.14135021097	0.135021097046	0.179324894515	0.130801687764	0.157172995781	0.142405063291	0.186708860759	0.14135021097	0.178270042194	0.168776371308	0.131856540084	0.135021097046	0.180379746835	0.162447257384	0.138185654008	0.17194092827	0.105485232068	0.150843881857	0.14029535865	0.146624472574	0.12447257384	0.136075949367	0.144514767932	0.179324894515	0.121308016878	0.119198312236	0.122362869198	0.126582278481	0.181434599156	0.113924050633	0.123417721519	0.142405063291	0.137130801688	0.164556962025	0.159282700422	0.139240506329	0.157172995781	0.161392405063	0.119198312236	0.114978902954	0.155063291139	0.148734177215	0.157172995781	0.154008438819	0.142405063291	0.132911392405	0.106540084388	0.184599156118	0.159282700422	0.126582278481	0.168776371308	0.10864978903	0.122362869198	0.175105485232	0.139240506329	0.14029535865	0.116033755274	0.135021097046	0.14135021097	0.186708860759	0.189873417722	0.133966244726	0.149789029536	0.177215189873	0.148734177215	0.183544303797	0.151898734177	0.175105485232	0.17194092827	0.167721518987	0.166666666667	0.167721518987	0.12552742616	0.176160337553	0.135021097046
158479027-tonguedorsum2.snv.bam	0.105485232068	0.158227848101	0.0	0.119198312236	0.12447257384	0.133966244726	0.0981012658228	0.0970464135021	0.162447257384	0.0822784810127	0.12552742616	0.0949367088608	0.149789029536	0.0949367088608	0.154008438819	0.127637130802	0.0685654008439	0.0938818565401	0.133966244726	0.122362869198	0.0896624472574	0.146624472574	0.0949367088608	0.102320675105	0.102320675105	0.120253164557	0.100210970464	0.121308016878	0.122362869198	0.110759493671	0.0664556962025	0.045358649789	0.0495780590717	0.0854430379747	0.149789029536	0.0907172995781	0.0727848101266	0.0822784810127	0.084388185654	0.114978902954	0.14135021097	0.10864978903	0.111814345992	0.131856540084	0.102320675105	0.0949367088608	0.114978902954	0.117088607595	0.127637130802	0.10970464135	0.12447257384	0.0970464135021	0.084388185654	0.142405063291	0.118143459916	0.0748945147679	0.126582278481	0.0959915611814	0.0685654008439	0.135021097046	0.102320675105	0.105485232068	0.0833333333333	0.0907172995781	0.087552742616	0.152953586498	0.155063291139	0.0748945147679	0.122362869198	0.148734177215	0.106540084388	0.150843881857	0.106540084388	0.152953586498	0.138185654008	0.150843881857	0.131856540084	0.132911392405	0.10970464135	0.145569620253	0.0854430379747
158499257-tonguedorsum2.snv.bam	0.0928270042194	0.17194092827	0.119198312236	0.0	0.112869198312	0.121308016878	0.0917721518987	0.0991561181435	0.143459915612	0.0896624472574	0.130801687764	0.0833333333333	0.136075949367	0.101265822785	0.0970464135021	0.129746835443	0.084388185654	0.0981012658228	0.135021097046	0.121308016878	0.0991561181435	0.126582278481	0.111814345992	0.101265822785	0.0896624472574	0.10864978903	0.0822784810127	0.0991561181435	0.102320675105	0.110759493671	0.0822784810127	0.0643459915612	0.0664556962025	0.07805907173	0.144514767932	0.0907172995781	0.0654008438819	0.0949367088608	0.0886075949367	0.10864978903	0.14135021097	0.105485232068	0.110759493671	0.12552742616	0.10864978903	0.0949367088608	0.121308016878	0.114978902954	0.12447257384	0.113924050633	0.114978902954	0.0896624472574	0.0896624472574	0.131856540084	0.10970464135	0.0801687763713	0.142405063291	0.0981012658228	0.0822784810127	0.135021097046	0.110759493671	0.102320675105	0.081223628692	0.0896624472574	0.0991561181435	0.145569620253	0.148734177215	0.0938818565401	0.103375527426	0.126582278481	0.101265822785	0.144514767932	0.101265822785	0.135021097046	0.126582278481	0.150843881857	0.127637130802	0.12447257384	0.10864978903	0.136075949367	0.084388185654
158883629-tonguedorsum1.snv.bam	0.07805907173	0.159282700422	0.12447257384	0.112869198312	0.0	0.00105485232068	0.0	0.0917721518987	0.130801687764	0.0833333333333	0.14029535865	0.0801687763713	0.116033755274	0.0981012658228	0.127637130802	0.113924050633	0.0801687763713	0.087552742616	0.114978902954	0.118143459916	0.0981012658228	0.136075949367	0.0896624472574	0.0917721518987	0.0907172995781	0.117088607595	0.0601265822785	0.0717299578059	0.0864978902954	0.120253164557	0.0569620253165	0.0654008438819	0.0675105485232	0.0886075949367	0.151898734177	0.0791139240506	0.0685654008439	0.0949367088608	0.07805907173	0.113924050633	0.139240506329	0.0959915611814	0.0991561181435	0.114978902954	0.112869198312	0.101265822785	0.120253164557	0.100210970464	0.10970464135	0.135021097046	0.105485232068	0.0928270042194	0.0770042194093	0.150843881857	0.120253164557	0.0632911392405	0.138185654008	0.0864978902954	0.0791139240506	0.14135021097	0.081223628692	0.107594936709	0.084388185654	0.0664556962025	0.0981012658228	0.133966244726	0.135021097046	0.0917721518987	0.0970464135021	0.118143459916	0.104430379747	0.160337552743	0.103375527426	0.139240506329	0.126582278481	0.160337552743	0.118143459916	0.113924050633	0.0917721518987	0.118143459916	0.0822784810127
158883629-tonguedorsum2.snv.bam	0.087552742616	0.160337552743	0.133966244726	0.121308016878	0.00105485232068	0.0	0.0	0.0970464135021	0.137130801688	0.0917721518987	0.148734177215	0.0833333333333	0.12552742616	0.103375527426	0.129746835443	0.120253164557	0.0864978902954	0.0981012658228	0.120253164557	0.121308016878	0.0970464135021	0.132911392405	0.0928270042194	0.0959915611814	0.0928270042194	0.120253164557	0.0664556962025	0.0759493670886	0.0970464135021	0.121308016878	0.0685654008439	0.0717299578059	0.0748945147679	0.0917721518987	0.157172995781	0.0886075949367	0.0791139240506	0.104430379747	0.0822784810127	0.120253164557	0.14029535865	0.103375527426	0.105485232068	0.12447257384	0.122362869198	0.107594936709	0.12447257384	0.100210970464	0.111814345992	0.138185654008	0.116033755274	0.102320675105	0.0854430379747	0.154008438819	0.126582278481	0.0748945147679	0.146624472574	0.0917721518987	0.0917721518987	0.146624472574	0.0970464135021	0.114978902954	0.0886075949367	0.0801687763713	0.103375527426	0.136075949367	0.137130801688	0.100210970464	0.104430379747	0.126582278481	0.10864978903	0.162447257384	0.10864978903	0.136075949367	0.126582278481	0.160337552743	0.122362869198	0.119198312236	0.0959915611814	0.122362869198	0.0928270042194
158883629-tonguedorsum3.snv.bam	0.0622362869198	0.14135021097	0.0981012658228	0.0917721518987	0.0	0.0	0.0	0.0759493670886	0.106540084388	0.0675105485232	0.110759493671	0.0622362869198	0.0949367088608	0.07805907173	0.104430379747	0.0970464135021	0.0654008438819	0.0706751054852	0.100210970464	0.0981012658228	0.0770042194093	0.114978902954	0.0664556962025	0.0738396624473	0.0685654008439	0.0981012658228	0.0495780590717	0.0548523206751	0.0664556962025	0.102320675105	0.039029535865	0.0495780590717	0.0506329113924	0.0675105485232	0.126582278481	0.0675105485232	0.0516877637131	0.07805907173	0.0601265822785	0.0928270042194	0.114978902954	0.07805907173	0.0822784810127	0.0959915611814	0.0907172995781	0.07805907173	0.103375527426	0.0822784810127	0.0907172995781	0.117088607595	0.0864978902954	0.0717299578059	0.0590717299578	0.12447257384	0.0949367088608	0.0485232067511	0.117088607595	0.0717299578059	0.0611814345992	0.119198312236	0.0622362869198	0.0907172995781	0.0664556962025	0.0516877637131	0.07805907173	0.112869198312	0.111814345992	0.0770042194093	0.0759493670886	0.0917721518987	0.0801687763713	0.135021097046	0.084388185654	0.116033755274	0.10864978903	0.139240506329	0.105485232068	0.0949367088608	0.0685654008439	0.0917721518987	0.0664556962025
159227541-tonguedorsum3.snv.bam	0.0643459915612	0.135021097046	0.0970464135021	0.0991561181435	0.0917721518987	0.0970464135021	0.0759493670886	0.0	0.118143459916	0.0675105485232	0.106540084388	0.0611814345992	0.101265822785	0.0706751054852	0.118143459916	0.104430379747	0.0611814345992	0.0654008438819	0.105485232068	0.101265822785	0.0822784810127	0.12552742616	0.0727848101266	0.0706751054852	0.0738396624473	0.087552742616	0.0495780590717	0.0727848101266	0.0664556962025	0.102320675105	0.0411392405063	0.0274261603376	0.0379746835443	0.0537974683544	0.126582278481	0.0601265822785	0.045358649789	0.0770042194093	0.0738396624473	0.104430379747	0.128691983122	0.0759493670886	0.081223628692	0.101265822785	0.0822784810127	0.0738396624473	0.104430379747	0.084388185654	0.0938818565401	0.10864978903	0.0928270042194	0.0664556962025	0.0506329113924	0.116033755274	0.0959915611814	0.0516877637131	0.105485232068	0.0759493670886	0.0432489451477	0.14135021097	0.0685654008439	0.0770042194093	0.0569620253165	0.0654008438819	0.0896624472574	0.114978902954	0.118143459916	0.0759493670886	0.0738396624473	0.0991561181435	0.0854430379747	0.145569620253	0.0822784810127	0.116033755274	0.104430379747	0.127637130802	0.103375527426	0.103375527426	0.0748945147679	0.10970464135	0.0559071729958
159247771-tonguedorsum2.snv.bam	0.111814345992	0.179324894515	0.162447257384	0.143459915612	0.130801687764	0.137130801688	0.106540084388	0.118143459916	0.0	0.122362869198	0.169831223629	0.0632911392405	0.0727848101266	0.135021097046	0.159282700422	0.160337552743	0.114978902954	0.131856540084	0.148734177215	0.149789029536	0.132911392405	0.165611814346	0.117088607595	0.117088607595	0.118143459916	0.123417721519	0.0917721518987	0.110759493671	0.0548523206751	0.159282700422	0.100210970464	0.0527426160338	0.0864978902954	0.0970464135021	0.170886075949	0.0886075949367	0.081223628692	0.133966244726	0.100210970464	0.148734177215	0.17194092827	0.135021097046	0.139240506329	0.142405063291	0.133966244726	0.120253164557	0.142405063291	0.117088607595	0.123417721519	0.150843881857	0.136075949367	0.104430379747	0.110759493671	0.155063291139	0.137130801688	0.0970464135021	0.168776371308	0.0991561181435	0.112869198312	0.147679324895	0.128691983122	0.12552742616	0.0981012658228	0.117088607595	0.127637130802	0.159282700422	0.163502109705	0.131856540084	0.12447257384	0.150843881857	0.126582278481	0.179324894515	0.116033755274	0.166666666667	0.161392405063	0.178270042194	0.137130801688	0.139240506329	0.0537974683544	0.0654008438819	0.0970464135021
159268001-tonguedorsum1.snv.bam	0.0548523206751	0.130801687764	0.0822784810127	0.0896624472574	0.0833333333333	0.0917721518987	0.0675105485232	0.0675105485232	0.122362869198	0.0	0.103375527426	0.0537974683544	0.112869198312	0.0696202531646	0.104430379747	0.0717299578059	0.0411392405063	0.0537974683544	0.0886075949367	0.0822784810127	0.0590717299578	0.101265822785	0.0675105485232	0.0485232067511	0.0537974683544	0.0601265822785	0.0411392405063	0.0685654008439	0.0822784810127	0.0801687763713	0.0337552742616	0.0348101265823	0.0295358649789	0.0464135021097	0.122362869198	0.0527426160338	0.0327004219409	0.0506329113924	0.0337552742616	0.0822784810127	0.0938818565401	0.0675105485232	0.0632911392405	0.087552742616	0.0748945147679	0.0654008438819	0.0833333333333	0.081223628692	0.0854430379747	0.0896624472574	0.0791139240506	0.0601265822785	0.0516877637131	0.0917721518987	0.0696202531646	0.042194092827	0.0928270042194	0.0580168776371	0.0495780590717	0.102320675105	0.0632911392405	0.0580168776371	0.042194092827	0.0559071729958	0.0580168776371	0.101265822785	0.102320675105	0.0569620253165	0.0696202531646	0.0928270042194	0.0643459915612	0.101265822785	0.0727848101266	0.0981012658228	0.0886075949367	0.107594936709	0.0928270042194	0.0886075949367	0.081223628692	0.110759493671	0.0474683544304
159268001-tonguedorsum2.snv.bam	0.100210970464	0.157172995781	0.12552742616	0.130801687764	0.14029535865	0.148734177215	0.110759493671	0.106540084388	0.169831223629	0.103375527426	0.0	0.105485232068	0.162447257384	0.118143459916	0.154008438819	0.145569620253	0.102320675105	0.0959915611814	0.14135021097	0.136075949367	0.112869198312	0.146624472574	0.101265822785	0.104430379747	0.113924050633	0.133966244726	0.105485232068	0.131856540084	0.138185654008	0.14029535865	0.084388185654	0.0959915611814	0.0917721518987	0.0970464135021	0.149789029536	0.0949367088608	0.0981012658228	0.106540084388	0.102320675105	0.130801687764	0.137130801688	0.106540084388	0.128691983122	0.139240506329	0.110759493671	0.102320675105	0.144514767932	0.128691983122	0.135021097046	0.133966244726	0.127637130802	0.111814345992	0.0981012658228	0.148734177215	0.126582278481	0.0981012658228	0.139240506329	0.0991561181435	0.0822784810127	0.165611814346	0.114978902954	0.105485232068	0.0938818565401	0.116033755274	0.0907172995781	0.150843881857	0.149789029536	0.10864978903	0.122362869198	0.143459915612	0.118143459916	0.15611814346	0.128691983122	0.142405063291	0.14029535865	0.145569620253	0.151898734177	0.149789029536	0.135021097046	0.170886075949	0.110759493671
159551223-tonguedorsum1.snv.bam	0.0590717299578	0.142405063291	0.0949367088608	0.0833333333333	0.0801687763713	0.0833333333333	0.0622362869198	0.0611814345992	0.0632911392405	0.0537974683544	0.105485232068	0.0	0.00210970464135	0.0717299578059	0.104430379747	0.0938818565401	0.0559071729958	0.0727848101266	0.0959915611814	0.0959915611814	0.0748945147679	0.110759493671	0.0696202531646	0.0590717299578	0.0664556962025	0.0727848101266	0.0516877637131	0.0654008438819	0.0379746835443	0.0981012658228	0.0400843881857	0.0263713080169	0.0348101265823	0.0443037974684	0.123417721519	0.0516877637131	0.0263713080169	0.0643459915612	0.0580168776371	0.0833333333333	0.10864978903	0.0791139240506	0.07805907173	0.0886075949367	0.0770042194093	0.0632911392405	0.084388185654	0.081223628692	0.0886075949367	0.0970464135021	0.084388185654	0.0516877637131	0.0485232067511	0.0970464135021	0.081223628692	0.0559071729958	0.106540084388	0.0685654008439	0.0411392405063	0.107594936709	0.0664556962025	0.07805907173	0.0622362869198	0.0537974683544	0.0727848101266	0.0970464135021	0.0981012658228	0.0632911392405	0.0696202531646	0.084388185654	0.0770042194093	0.12552742616	0.0696202531646	0.111814345992	0.0959915611814	0.123417721519	0.0928270042194	0.0886075949367	0.0411392405063	0.0548523206751	0.0464135021097
159551223-tonguedorsum2.snv.bam	0.100210970464	0.186708860759	0.149789029536	0.136075949367	0.116033755274	0.12552742616	0.0949367088608	0.101265822785	0.0727848101266	0.112869198312	0.162447257384	0.00210970464135	0.0	0.123417721519	0.143459915612	0.150843881857	0.105485232068	0.119198312236	0.14135021097	0.146624472574	0.126582278481	0.164556962025	0.118143459916	0.112869198312	0.111814345992	0.110759493671	0.0907172995781	0.103375527426	0.0601265822785	0.146624472574	0.0896624472574	0.0411392405063	0.0675105485232	0.0886075949367	0.172995780591	0.0738396624473	0.0622362869198	0.120253164557	0.0991561181435	0.14135021097	0.157172995781	0.12447257384	0.122362869198	0.136075949367	0.119198312236	0.107594936709	0.137130801688	0.120253164557	0.133966244726	0.150843881857	0.12447257384	0.0949367088608	0.0991561181435	0.155063291139	0.126582278481	0.0907172995781	0.159282700422	0.106540084388	0.0938818565401	0.155063291139	0.10864978903	0.120253164557	0.102320675105	0.107594936709	0.117088607595	0.138185654008	0.145569620253	0.114978902954	0.113924050633	0.138185654008	0.133966244726	0.18776371308	0.110759493671	0.163502109705	0.152953586498	0.172995780591	0.14029535865	0.135021097046	0.0495780590717	0.0643459915612	0.0928270042194
159733294-tonguedorsum1.snv.bam	0.0770042194093	0.14135021097	0.0949367088608	0.101265822785	0.0981012658228	0.103375527426	0.07805907173	0.0706751054852	0.135021097046	0.0696202531646	0.118143459916	0.0717299578059	0.123417721519	0.0	0.0991561181435	0.081223628692	0.0516877637131	0.0622362869198	0.10864978903	0.0168776371308	0.0263713080169	0.0242616033755	0.0833333333333	0.0706751054852	0.0506329113924	0.087552742616	0.0485232067511	0.0643459915612	0.084388185654	0.0949367088608	0.0527426160338	0.0506329113924	0.0443037974684	0.0601265822785	0.131856540084	0.0601265822785	0.0337552742616	0.0696202531646	0.0664556962025	0.0158227848101	0.111814345992	0.0854430379747	0.0928270042194	0.107594936709	0.0886075949367	0.0791139240506	0.0527426160338	0.0917721518987	0.0981012658228	0.107594936709	0.0938818565401	0.0675105485232	0.0569620253165	0.110759493671	0.087552742616	0.0348101265823	0.118143459916	0.0601265822785	0.0495780590717	0.0474683544304	0.0759493670886	0.0833333333333	0.0559071729958	0.0559071729958	0.0759493670886	0.128691983122	0.130801687764	0.0643459915612	0.0738396624473	0.102320675105	0.0896624472574	0.132911392405	0.0886075949367	0.131856540084	0.113924050633	0.135021097046	0.10970464135	0.103375527426	0.0854430379747	0.122362869198	0.0506329113924
159915365-tonguedorsum1.snv.bam	0.112869198312	0.178270042194	0.154008438819	0.0970464135021	0.127637130802	0.129746835443	0.104430379747	0.118143459916	0.159282700422	0.104430379747	0.154008438819	0.104430379747	0.143459915612	0.0991561181435	0.0	0.136075949367	0.10970464135	0.113924050633	0.151898734177	0.10864978903	0.100210970464	0.121308016878	0.12447257384	0.110759493671	0.10970464135	0.122362869198	0.0938818565401	0.100210970464	0.119198312236	0.138185654008	0.10970464135	0.0938818565401	0.0938818565401	0.0938818565401	0.166666666667	0.106540084388	0.0886075949367	0.120253164557	0.102320675105	0.105485232068	0.142405063291	0.122362869198	0.128691983122	0.131856540084	0.14029535865	0.127637130802	0.113924050633	0.12447257384	0.135021097046	0.136075949367	0.128691983122	0.117088607595	0.103375527426	0.15611814346	0.129746835443	0.0938818565401	0.148734177215	0.10864978903	0.121308016878	0.113924050633	0.129746835443	0.122362869198	0.0991561181435	0.114978902954	0.119198312236	0.152953586498	0.157172995781	0.111814345992	0.116033755274	0.135021097046	0.131856540084	0.165611814346	0.119198312236	0.15611814346	0.151898734177	0.154008438819	0.144514767932	0.14135021097	0.110759493671	0.148734177215	0.10864978903
160319967-tonguedorsum2.snv.bam	0.0886075949367	0.168776371308	0.127637130802	0.129746835443	0.113924050633	0.120253164557	0.0970464135021	0.104430379747	0.160337552743	0.0717299578059	0.145569620253	0.0938818565401	0.150843881857	0.081223628692	0.136075949367	0.0	0.0727848101266	0.0981012658228	0.111814345992	0.0917721518987	0.0759493670886	0.117088607595	0.100210970464	0.0928270042194	0.081223628692	0.112869198312	0.0886075949367	0.101265822785	0.101265822785	0.111814345992	0.0654008438819	0.0675105485232	0.0654008438819	0.07805907173	0.170886075949	0.0854430379747	0.0664556962025	0.0833333333333	0.0685654008439	0.102320675105	0.0981012658228	0.101265822785	0.114978902954	0.135021097046	0.111814345992	0.101265822785	0.107594936709	0.110759493671	0.12447257384	0.14029535865	0.121308016878	0.102320675105	0.07805907173	0.142405063291	0.12447257384	0.07805907173	0.149789029536	0.0991561181435	0.0801687763713	0.128691983122	0.10864978903	0.106540084388	0.0833333333333	0.0833333333333	0.106540084388	0.139240506329	0.14029535865	0.0907172995781	0.101265822785	0.131856540084	0.116033755274	0.160337552743	0.105485232068	0.136075949367	0.126582278481	0.143459915612	0.135021097046	0.126582278481	0.110759493671	0.144514767932	0.084388185654
160400887-tonguedorsum1.snv.bam	0.0537974683544	0.131856540084	0.0685654008439	0.084388185654	0.0801687763713	0.0864978902954	0.0654008438819	0.0611814345992	0.114978902954	0.0411392405063	0.102320675105	0.0559071729958	0.105485232068	0.0516877637131	0.10970464135	0.0727848101266	0.0	0.0537974683544	0.0791139240506	0.0685654008439	0.0485232067511	0.0928270042194	0.0580168776371	0.0464135021097	0.0516877637131	0.0654008438819	0.0474683544304	0.0727848101266	0.0664556962025	0.0537974683544	0.0348101265823	0.0284810126582	0.0253164556962	0.039029535865	0.12552742616	0.0537974683544	0.0284810126582	0.045358649789	0.0474683544304	0.0696202531646	0.101265822785	0.0632911392405	0.0664556962025	0.0886075949367	0.0643459915612	0.0443037974684	0.0759493670886	0.07805907173	0.0833333333333	0.0770042194093	0.0822784810127	0.0569620253165	0.042194092827	0.0928270042194	0.0748945147679	0.0400843881857	0.0981012658228	0.0548523206751	0.0411392405063	0.0949367088608	0.0601265822785	0.0548523206751	0.0400843881857	0.045358649789	0.0506329113924	0.0928270042194	0.0959915611814	0.0516877637131	0.0611814345992	0.0801687763713	0.0685654008439	0.105485232068	0.0611814345992	0.101265822785	0.0959915611814	0.10970464135	0.0822784810127	0.0801687763713	0.0738396624473	0.0981012658228	0.042194092827
160502038-tonguedorsum3.snv.bam	0.0622362869198	0.135021097046	0.0938818565401	0.0981012658228	0.087552742616	0.0981012658228	0.0706751054852	0.0654008438819	0.131856540084	0.0537974683544	0.0959915611814	0.0727848101266	0.119198312236	0.0622362869198	0.113924050633	0.0981012658228	0.0537974683544	0.0	0.102320675105	0.0822784810127	0.0685654008439	0.111814345992	0.0611814345992	0.0443037974684	0.0622362869198	0.0801687763713	0.0559071729958	0.0748945147679	0.101265822785	0.087552742616	0.0474683544304	0.042194092827	0.0337552742616	0.045358649789	0.117088607595	0.0485232067511	0.0369198312236	0.0727848101266	0.0685654008439	0.0854430379747	0.112869198312	0.0210970464135	0.0305907172996	0.0411392405063	0.0738396624473	0.0675105485232	0.0959915611814	0.0981012658228	0.107594936709	0.100210970464	0.0886075949367	0.0675105485232	0.0506329113924	0.103375527426	0.0854430379747	0.0506329113924	0.0580168776371	0.0632911392405	0.045358649789	0.121308016878	0.0485232067511	0.0611814345992	0.045358649789	0.0601265822785	0.0622362869198	0.107594936709	0.113924050633	0.0738396624473	0.0685654008439	0.0938818565401	0.0727848101266	0.113924050633	0.0864978902954	0.122362869198	0.10864978903	0.12552742616	0.111814345992	0.102320675105	0.0886075949367	0.127637130802	0.0580168776371
160582958-tonguedorsum2.snv.bam	0.0917721518987	0.180379746835	0.133966244726	0.135021097046	0.114978902954	0.120253164557	0.100210970464	0.105485232068	0.148734177215	0.0886075949367	0.14135021097	0.0959915611814	0.14135021097	0.10864978903	0.151898734177	0.111814345992	0.0791139240506	0.102320675105	0.0	0.113924050633	0.0864978902954	0.149789029536	0.112869198312	0.0938818565401	0.0959915611814	0.111814345992	0.0854430379747	0.100210970464	0.106540084388	0.107594936709	0.0748945147679	0.0685654008439	0.0654008438819	0.0791139240506	0.160337552743	0.0907172995781	0.0696202531646	0.104430379747	0.084388185654	0.117088607595	0.123417721519	0.0970464135021	0.0970464135021	0.118143459916	0.10970464135	0.100210970464	0.102320675105	0.128691983122	0.137130801688	0.135021097046	0.132911392405	0.087552742616	0.0833333333333	0.136075949367	0.116033755274	0.0791139240506	0.144514767932	0.0991561181435	0.081223628692	0.152953586498	0.101265822785	0.0959915611814	0.0791139240506	0.0928270042194	0.0991561181435	0.105485232068	0.10970464135	0.0959915611814	0.0622362869198	0.105485232068	0.12447257384	0.159282700422	0.0959915611814	0.147679324895	0.14029535865	0.130801687764	0.119198312236	0.119198312236	0.102320675105	0.132911392405	0.0864978902954
160603188-tonguedorsum1.snv.bam	0.0959915611814	0.162447257384	0.122362869198	0.121308016878	0.118143459916	0.121308016878	0.0981012658228	0.101265822785	0.149789029536	0.0822784810127	0.136075949367	0.0959915611814	0.146624472574	0.0168776371308	0.10864978903	0.0917721518987	0.0685654008439	0.0822784810127	0.113924050633	0.0	0.00527426160338	0.0305907172996	0.103375527426	0.0738396624473	0.0696202531646	0.102320675105	0.0685654008439	0.084388185654	0.103375527426	0.0981012658228	0.0748945147679	0.0664556962025	0.0580168776371	0.0748945147679	0.150843881857	0.0770042194093	0.045358649789	0.0907172995781	0.07805907173	0.0253164556962	0.120253164557	0.0991561181435	0.112869198312	0.132911392405	0.104430379747	0.0949367088608	0.0675105485232	0.113924050633	0.119198312236	0.121308016878	0.10970464135	0.0896624472574	0.0801687763713	0.12552742616	0.102320675105	0.0580168776371	0.132911392405	0.07805907173	0.0696202531646	0.0548523206751	0.102320675105	0.103375527426	0.0717299578059	0.0886075949367	0.0896624472574	0.149789029536	0.150843881857	0.0770042194093	0.0886075949367	0.114978902954	0.100210970464	0.142405063291	0.10970464135	0.138185654008	0.12447257384	0.127637130802	0.120253164557	0.111814345992	0.0991561181435	0.135021097046	0.0727848101266
160603188-tonguedorsum3.snv.bam	0.0759493670886	0.138185654008	0.0896624472574	0.0991561181435	0.0981012658228	0.0970464135021	0.0770042194093	0.0822784810127	0.132911392405	0.0590717299578	0.112869198312	0.0748945147679	0.126582278481	0.0263713080169	0.100210970464	0.0759493670886	0.0485232067511	0.0685654008439	0.0864978902954	0.00527426160338	0.0	0.0580168776371	0.0822784810127	0.0643459915612	0.0464135021097	0.0791139240506	0.0632911392405	0.0801687763713	0.0886075949367	0.0770042194093	0.0569620253165	0.0495780590717	0.0474683544304	0.0537974683544	0.130801687764	0.0654008438819	0.0369198312236	0.0706751054852	0.0622362869198	0.0327004219409	0.101265822785	0.084388185654	0.0928270042194	0.105485232068	0.0886075949367	0.0675105485232	0.0580168776371	0.0970464135021	0.104430379747	0.0991561181435	0.100210970464	0.0706751054852	0.0580168776371	0.110759493671	0.0917721518987	0.0485232067511	0.10970464135	0.0727848101266	0.0516877637131	0.0654008438819	0.0917721518987	0.0791139240506	0.0527426160338	0.0675105485232	0.0696202531646	0.120253164557	0.123417721519	0.0559071729958	0.0717299578059	0.0959915611814	0.0896624472574	0.122362869198	0.0938818565401	0.113924050633	0.104430379747	0.10970464135	0.0970464135021	0.0917721518987	0.0907172995781	0.126582278481	0.0654008438819
160704339-tonguedorsum1.snv.bam	0.117088607595	0.17194092827	0.146624472574	0.126582278481	0.136075949367	0.132911392405	0.114978902954	0.12552742616	0.165611814346	0.101265822785	0.146624472574	0.110759493671	0.164556962025	0.0242616033755	0.121308016878	0.117088607595	0.0928270042194	0.111814345992	0.149789029536	0.0305907172996	0.0580168776371	0.0	0.112869198312	0.101265822785	0.087552742616	0.129746835443	0.0907172995781	0.10970464135	0.120253164557	0.128691983122	0.0991561181435	0.0886075949367	0.0854430379747	0.0896624472574	0.158227848101	0.10864978903	0.0738396624473	0.105485232068	0.0896624472574	0.0158227848101	0.129746835443	0.122362869198	0.131856540084	0.14029535865	0.119198312236	0.10864978903	0.0907172995781	0.120253164557	0.127637130802	0.14029535865	0.129746835443	0.121308016878	0.10864978903	0.139240506329	0.119198312236	0.084388185654	0.149789029536	0.0991561181435	0.102320675105	0.0537974683544	0.123417721519	0.12552742616	0.0907172995781	0.10864978903	0.107594936709	0.161392405063	0.161392405063	0.113924050633	0.111814345992	0.133966244726	0.119198312236	0.150843881857	0.123417721519	0.151898734177	0.145569620253	0.151898734177	0.138185654008	0.133966244726	0.110759493671	0.15611814346	0.10864978903
160765029-tonguedorsum1.snv.bam	0.0748945147679	0.105485232068	0.0949367088608	0.111814345992	0.0896624472574	0.0928270042194	0.0664556962025	0.0727848101266	0.117088607595	0.0675105485232	0.101265822785	0.0696202531646	0.118143459916	0.0833333333333	0.12447257384	0.100210970464	0.0580168776371	0.0611814345992	0.112869198312	0.103375527426	0.0822784810127	0.112869198312	0.0	0.0791139240506	0.0717299578059	0.087552742616	0.0537974683544	0.0759493670886	0.0917721518987	0.102320675105	0.0506329113924	0.045358649789	0.045358649789	0.0601265822785	0.122362869198	0.0590717299578	0.0464135021097	0.0706751054852	0.0738396624473	0.0970464135021	0.100210970464	0.0664556962025	0.0738396624473	0.0822784810127	0.0833333333333	0.0685654008439	0.106540084388	0.0896624472574	0.0981012658228	0.104430379747	0.0938818565401	0.0706751054852	0.0622362869198	0.0991561181435	0.0770042194093	0.0643459915612	0.0959915611814	0.0654008438819	0.0601265822785	0.12447257384	0.0706751054852	0.0748945147679	0.0622362869198	0.0717299578059	0.0675105485232	0.111814345992	0.118143459916	0.081223628692	0.081223628692	0.0981012658228	0.0833333333333	0.128691983122	0.0917721518987	0.123417721519	0.10970464135	0.111814345992	0.10970464135	0.112869198312	0.0833333333333	0.10970464135	0.0727848101266
234447334-tonguedorsum2.snv.bam	0.0559071729958	0.150843881857	0.102320675105	0.101265822785	0.0917721518987	0.0959915611814	0.0738396624473	0.0706751054852	0.117088607595	0.0485232067511	0.104430379747	0.0590717299578	0.112869198312	0.0706751054852	0.110759493671	0.0928270042194	0.0464135021097	0.0443037974684	0.0938818565401	0.0738396624473	0.0643459915612	0.101265822785	0.0791139240506	0.0	0.0537974683544	0.0485232067511	0.0495780590717	0.0664556962025	0.0822784810127	0.0854430379747	0.0369198312236	0.0242616033755	0.0263713080169	0.0305907172996	0.142405063291	0.0474683544304	0.0263713080169	0.0601265822785	0.0527426160338	0.0748945147679	0.107594936709	0.0474683544304	0.0506329113924	0.0727848101266	0.081223628692	0.0696202531646	0.0791139240506	0.07805907173	0.0854430379747	0.0938818565401	0.0759493670886	0.0495780590717	0.0443037974684	0.10970464135	0.087552742616	0.0495780590717	0.0907172995781	0.0485232067511	0.0516877637131	0.0981012658228	0.0664556962025	0.0717299578059	0.0495780590717	0.0485232067511	0.0727848101266	0.10970464135	0.117088607595	0.0664556962025	0.0738396624473	0.100210970464	0.0664556962025	0.105485232068	0.0675105485232	0.120253164557	0.104430379747	0.12552742616	0.0928270042194	0.0822784810127	0.0854430379747	0.118143459916	0.0464135021097
246515023-tonguedorsum1.snv.bam	0.0632911392405	0.14029535865	0.102320675105	0.0896624472574	0.0907172995781	0.0928270042194	0.0685654008439	0.0738396624473	0.118143459916	0.0537974683544	0.113924050633	0.0664556962025	0.111814345992	0.0506329113924	0.10970464135	0.081223628692	0.0516877637131	0.0622362869198	0.0959915611814	0.0696202531646	0.0464135021097	0.087552742616	0.0717299578059	0.0537974683544	0.0	0.0580168776371	0.0485232067511	0.0643459915612	0.0706751054852	0.0727848101266	0.0474683544304	0.0295358649789	0.0295358649789	0.035864978903	0.128691983122	0.0569620253165	0.0221518987342	0.0632911392405	0.0506329113924	0.0569620253165	0.100210970464	0.0685654008439	0.0748945147679	0.0938818565401	0.0706751054852	0.0611814345992	0.0833333333333	0.0833333333333	0.0907172995781	0.0991561181435	0.0896624472574	0.0569620253165	0.0443037974684	0.103375527426	0.0822784810127	0.0464135021097	0.101265822785	0.0559071729958	0.0516877637131	0.0917721518987	0.0759493670886	0.0727848101266	0.0443037974684	0.0559071729958	0.0727848101266	0.104430379747	0.104430379747	0.0643459915612	0.0727848101266	0.0949367088608	0.0770042194093	0.10970464135	0.0822784810127	0.112869198312	0.10970464135	0.110759493671	0.087552742616	0.0886075949367	0.0791139240506	0.106540084388	0.0495780590717
246515023-tonguedorsum2.snv.bam	0.0791139240506	0.146624472574	0.120253164557	0.10864978903	0.117088607595	0.120253164557	0.0981012658228	0.087552742616	0.123417721519	0.0601265822785	0.133966244726	0.0727848101266	0.110759493671	0.087552742616	0.122362869198	0.112869198312	0.0654008438819	0.0801687763713	0.111814345992	0.102320675105	0.0791139240506	0.129746835443	0.087552742616	0.0485232067511	0.0580168776371	0.0	0.0643459915612	0.0833333333333	0.087552742616	0.0949367088608	0.0569620253165	0.0221518987342	0.0210970464135	0.0189873417722	0.161392405063	0.0759493670886	0.0474683544304	0.0748945147679	0.0601265822785	0.104430379747	0.119198312236	0.081223628692	0.084388185654	0.100210970464	0.0907172995781	0.0770042194093	0.0970464135021	0.087552742616	0.0970464135021	0.10864978903	0.0938818565401	0.0580168776371	0.0495780590717	0.126582278481	0.10864978903	0.0675105485232	0.122362869198	0.084388185654	0.0738396624473	0.123417721519	0.0917721518987	0.0854430379747	0.0601265822785	0.0601265822785	0.0938818565401	0.121308016878	0.122362869198	0.0959915611814	0.0864978902954	0.122362869198	0.10864978903	0.14029535865	0.0748945147679	0.145569620253	0.133966244726	0.148734177215	0.0981012658228	0.102320675105	0.0854430379747	0.119198312236	0.0485232067511
370027359-palatinetonsils2.snv.bam	0.0411392405063	0.12447257384	0.100210970464	0.0822784810127	0.0601265822785	0.0664556962025	0.0495780590717	0.0495780590717	0.0917721518987	0.0411392405063	0.105485232068	0.0516877637131	0.0907172995781	0.0485232067511	0.0938818565401	0.0886075949367	0.0474683544304	0.0559071729958	0.0854430379747	0.0685654008439	0.0632911392405	0.0907172995781	0.0537974683544	0.0495780590717	0.0485232067511	0.0643459915612	0.0	0.0	0.0611814345992	0.081223628692	0.0369198312236	0.0274261603376	0.0263713080169	0.0495780590717	0.118143459916	0.0400843881857	0.0274261603376	0.0643459915612	0.0548523206751	0.0685654008439	0.101265822785	0.0685654008439	0.0675105485232	0.084388185654	0.0654008438819	0.0611814345992	0.0717299578059	0.0748945147679	0.07805907173	0.0928270042194	0.0685654008439	0.039029535865	0.0316455696203	0.0896624472574	0.0675105485232	0.0348101265823	0.0928270042194	0.0537974683544	0.0559071729958	0.0917721518987	0.0548523206751	0.0601265822785	0.0432489451477	0.0443037974684	0.0643459915612	0.0970464135021	0.106540084388	0.0727848101266	0.0696202531646	0.0959915611814	0.0643459915612	0.12447257384	0.0675105485232	0.10864978903	0.0864978902954	0.120253164557	0.0896624472574	0.0770042194093	0.0654008438819	0.087552742616	0.0348101265823
370027359-tonguedorsum3.snv.bam	0.0643459915612	0.136075949367	0.121308016878	0.0991561181435	0.0717299578059	0.0759493670886	0.0548523206751	0.0727848101266	0.110759493671	0.0685654008439	0.131856540084	0.0654008438819	0.103375527426	0.0643459915612	0.100210970464	0.101265822785	0.0727848101266	0.0748945147679	0.100210970464	0.084388185654	0.0801687763713	0.10970464135	0.0759493670886	0.0664556962025	0.0643459915612	0.0833333333333	0.0	0.0	0.07805907173	0.106540084388	0.0506329113924	0.039029535865	0.0400843881857	0.0632911392405	0.14029535865	0.0527426160338	0.035864978903	0.0833333333333	0.0654008438819	0.0822784810127	0.112869198312	0.0833333333333	0.0864978902954	0.101265822785	0.07805907173	0.0738396624473	0.0917721518987	0.0886075949367	0.0928270042194	0.10970464135	0.0917721518987	0.0601265822785	0.0548523206751	0.10864978903	0.0864978902954	0.0464135021097	0.121308016878	0.0696202531646	0.0696202531646	0.110759493671	0.0717299578059	0.084388185654	0.0632911392405	0.0580168776371	0.0801687763713	0.10970464135	0.111814345992	0.081223628692	0.07805907173	0.102320675105	0.0854430379747	0.145569620253	0.0791139240506	0.126582278481	0.105485232068	0.14029535865	0.0991561181435	0.0928270042194	0.0759493670886	0.0959915611814	0.0527426160338
404239096-tonguedorsum1.snv.bam	0.0685654008439	0.144514767932	0.122362869198	0.102320675105	0.0864978902954	0.0970464135021	0.0664556962025	0.0664556962025	0.0548523206751	0.0822784810127	0.138185654008	0.0379746835443	0.0601265822785	0.084388185654	0.119198312236	0.101265822785	0.0664556962025	0.101265822785	0.106540084388	0.103375527426	0.0886075949367	0.120253164557	0.0917721518987	0.0822784810127	0.0706751054852	0.087552742616	0.0611814345992	0.07805907173	0.0	0.106540084388	0.0537974683544	0.0126582278481	0.0327004219409	0.0474683544304	0.161392405063	0.0601265822785	0.0348101265823	0.0854430379747	0.0664556962025	0.0917721518987	0.130801687764	0.0854430379747	0.0833333333333	0.0970464135021	0.0991561181435	0.0907172995781	0.0981012658228	0.0738396624473	0.0854430379747	0.114978902954	0.0949367088608	0.0654008438819	0.0580168776371	0.133966244726	0.112869198312	0.0569620253165	0.121308016878	0.0759493670886	0.0706751054852	0.111814345992	0.0833333333333	0.0896624472574	0.0664556962025	0.0706751054852	0.0949367088608	0.112869198312	0.116033755274	0.081223628692	0.0759493670886	0.107594936709	0.102320675105	0.152953586498	0.0748945147679	0.14029535865	0.127637130802	0.142405063291	0.0938818565401	0.0917721518987	0.035864978903	0.0443037974684	0.0580168776371
