	103092734-supragingivalplaque3.snv.bam	147406386-subgingivalplaque2.snv.bam	147406386-supragingivalplaque3.snv.bam	158458797-supragingivalplaque1.snv.bam	158479027-supragingivalplaque1.snv.bam	158479027-supragingivalplaque2.snv.bam	158883629-supragingivalplaque1.snv.bam	158883629-supragingivalplaque3.snv.bam	159207311-supragingivalplaque1.snv.bam	159207311-supragingivalplaque3.snv.bam	159247771-supragingivalplaque2.snv.bam	159268001-supragingivalplaque1.snv.bam	159268001-supragingivalplaque3.snv.bam	159713063-supragingivalplaque2.snv.bam	160158126-supragingivalplaque1.snv.bam	160178356-supragingivalplaque2.snv.bam	160178356-supragingivalplaque3.snv.bam	160319967-supragingivalplaque1.snv.bam	160319967-supragingivalplaque2.snv.bam	160319967-supragingivalplaque3.snv.bam	160380657-supragingivalplaque2.snv.bam	160380657-supragingivalplaque3.snv.bam	160421117-supragingivalplaque1.snv.bam	160421117-supragingivalplaque2.snv.bam	160421117-supragingivalplaque3.snv.bam	160502038-supragingivalplaque1.snv.bam	160502038-supragingivalplaque2.snv.bam	160502038-supragingivalplaque3.snv.bam	160582958-supragingivalplaque2.snv.bam	160582958-supragingivalplaque3.snv.bam	160603188-supragingivalplaque1.snv.bam	160603188-supragingivalplaque2.snv.bam	160603188-supragingivalplaque3.snv.bam	160704339-supragingivalplaque1.snv.bam	338793263-supragingivalplaque2.snv.bam	404239096-supragingivalplaque2.snv.bam	517810313-supragingivalplaque2.snv.bam	533247696-supragingivalplaque1.snv.bam	550534656-supragingivalplaque3.snv.bam	604812005-supragingivalplaque2.snv.bam	604812005-supragingivalplaque3.snv.bam	638754422-supragingivalplaque2.snv.bam	675950834-supragingivalplaque1.snv.bam	682102541-supragingivalplaque3.snv.bam	763456073-supragingivalplaque3.snv.bam	763496533-supragingivalplaque1.snv.bam	763536994-supragingivalplaque3.snv.bam	763577454-subgingivalplaque2.snv.bam	763577454-supragingivalplaque1.snv.bam	763577454-supragingivalplaque2.snv.bam	763719065-supragingivalplaque3.snv.bam	763759525-supragingivalplaque1.snv.bam	763759525-supragingivalplaque2.snv.bam	763840445-supragingivalplaque1.snv.bam	763860675-supragingivalplaque1.snv.bam	764062976-supragingivalplaque2.snv.bam	764062976-supragingivalplaque3.snv.bam	764083206-supragingivalplaque1.snv.bam	764083206-supragingivalplaque2.snv.bam	764224817-supragingivalplaque2.snv.bam	764305738-supragingivalplaque2.snv.bam	764325968-supragingivalplaque1.snv.bam	764447348-supragingivalplaque1.snv.bam	764487809-supragingivalplaque1.snv.bam	764588959-supragingivalplaque1.snv.bam	764588959-supragingivalplaque2.snv.bam	764649650-supragingivalplaque1.snv.bam	764649650-supragingivalplaque2.snv.bam	764811490-supragingivalplaque1.snv.bam	764811490-supragingivalplaque2.snv.bam	764892411-supragingivalplaque2.snv.bam	765013792-supragingivalplaque2.snv.bam	765013792-supragingivalplaque3.snv.bam	765074482-supragingivalplaque1.snv.bam	765094712-supragingivalplaque3.snv.bam	765337473-supragingivalplaque2.snv.bam	765640925-supragingivalplaque1.snv.bam	823052294-supragingivalplaque3.snv.bam	863126187-supragingivalplaque3.snv.bam	937495960-supragingivalplaque1.snv.bam
103092734-supragingivalplaque3.snv.bam	0.0	0.109695133622	0.108797463431	0.13742009616	0.14445138068	0.148915729515	0.168956280399	0.170520974875	0.139115430318	0.14889892022	0.170897677347	0.157743781501	0.128704794796	0.132176053425	0.125976209316	0.114881978407	0.125780739347	0.120722233664	0.116157656263	0.115007847235	0.142974936437	0.151716004309	0.13501376925	0.127763693673	0.119287637921	0.132007499348	0.129696137143	0.114092959794	0.134287041748	0.14560232993	0.129443668206	0.171125873707	0.153684690644	0.138061214918	0.104577157398	0.148583438979	0.120367625169	0.132993139792	0.119374070316	0.109143214706	0.112410066137	0.152538820452	0.121779510765	0.122398796353	0.152822151528	0.153429446139	0.161618061804	0.131318765115	0.129403024884	0.122364688203	0.134177454412	0.122081907559	0.131991982397	0.101279155664	0.117235661533	0.115752499291	0.111824197576	0.115978347867	0.120200675354	0.0927239335306	0.151070405485	0.149731619941	0.171780931217	0.126346066387	0.121705155177	0.119080337533	0.135103185752	0.132334829213	0.131191279793	0.15709320863	0.131341823851	0.142041934156	0.143162315656	0.144749325071	0.152856707617	0.14054282095	0.131470389899	0.0862548559254	0.179609459505	0.138400568417
147406386-subgingivalplaque2.snv.bam	0.109695133622	0.0	0.0444361178867	0.169212013564	0.157045443416	0.163696581389	0.172040571733	0.172455384646	0.152844593696	0.159022866204	0.159461192853	0.161490705888	0.143493500966	0.145192903117	0.150146083643	0.152083623017	0.156743134839	0.156569162742	0.158089308775	0.157322194769	0.167006252778	0.160866432746	0.147532909556	0.146494424106	0.142628740566	0.127505957063	0.117362471059	0.127635667523	0.151296104893	0.16495407866	0.151727816491	0.184764835069	0.161265629976	0.162419474262	0.135974487592	0.180081690619	0.0541666822827	0.12344990769	0.144278237468	0.143241161982	0.156749011224	0.167486586707	0.102452963001	0.140720120477	0.157637463665	0.165708888622	0.162698652636	0.158204007583	0.152438783691	0.144825706616	0.155598233552	0.148775033987	0.160642680146	0.0744254534951	0.14087734023	0.144408981419	0.130493742862	0.154565756287	0.158523680504	0.0950455583273	0.16073545788	0.171117929801	0.193044684526	0.161677240193	0.145567798144	0.153777525695	0.109745904685	0.0837890633094	0.156500845204	0.164914570771	0.148553438302	0.180340932105	0.165414168452	0.144797577309	0.172638261881	0.142136825419	0.14019182832	0.0851594573799	0.17254957185	0.156137283578
147406386-supragingivalplaque3.snv.bam	0.108797463431	0.0444361178867	0.0	0.158087653168	0.154917123604	0.161696683288	0.180259067015	0.181850621412	0.152742068447	0.157409463202	0.158797782352	0.166983371629	0.142509782359	0.141809402505	0.142942167862	0.149087006974	0.155538866394	0.145068726066	0.152759965579	0.155111894591	0.165808833889	0.16166418635	0.148990792336	0.142242246343	0.136343079182	0.130054880616	0.124003386969	0.127583564803	0.150077511888	0.159941560075	0.146835468934	0.195394236229	0.164413084997	0.158928552579	0.130055935021	0.181845263037	0.0674295673785	0.126037723676	0.142539710638	0.142853710869	0.150015424728	0.161623576381	0.105462681366	0.137809627732	0.164925823071	0.162867402304	0.166384001873	0.15645898544	0.155075165744	0.148263551435	0.151566074367	0.142063005863	0.16111694174	0.0720977978247	0.147407686905	0.141104096512	0.134326958844	0.153334380433	0.160995794438	0.0922664096881	0.165371980101	0.174242267837	0.188216975944	0.165890219954	0.140546037386	0.151152151177	0.113449989768	0.09089177446	0.153261245546	0.166732443224	0.141486056339	0.190334805701	0.177601649279	0.138370684923	0.174090179828	0.136478611268	0.142365675642	0.0820995997073	0.169570674395	0.162127720432
158458797-supragingivalplaque1.snv.bam	0.13742009616	0.169212013564	0.158087653168	0.0	0.141674217188	0.151069043185	0.183088806345	0.184065717522	0.153021928712	0.156245308442	0.160789045187	0.150219744977	0.128649195111	0.124089440598	0.126658900934	0.139368828255	0.135992424272	0.121710479675	0.136490091376	0.14054922372	0.13732895456	0.149496910621	0.139196074412	0.141937859661	0.134183099194	0.173385531755	0.161716090987	0.140355669346	0.127621811256	0.144624732312	0.120022804928	0.176804906842	0.149828144664	0.147396970404	0.137261818091	0.144904501588	0.177630646666	0.14453558884	0.124027389253	0.135854478785	0.134018192481	0.145381830737	0.164788536989	0.118593729317	0.16566276749	0.1624549477	0.166331876281	0.141913622628	0.143002760005	0.13683153196	0.1396935243	0.117219709155	0.14289652415	0.15680854447	0.143408025149	0.118768002825	0.125213182791	0.1373720862	0.137589795871	0.126967508528	0.158852427819	0.144083066921	0.138245060349	0.142045077739	0.123122449676	0.137369006652	0.169178266922	0.175674228795	0.141049186582	0.153184064009	0.141593142271	0.166733210476	0.156555551968	0.142311941145	0.155526663715	0.154357841276	0.13723007025	0.149280743854	0.182866049036	0.163589600022
158479027-supragingivalplaque1.snv.bam	0.14445138068	0.157045443416	0.154917123604	0.141674217188	0.0	0.0304933092844	0.177269253953	0.178750163822	0.130457398593	0.143783724269	0.147938490788	0.146613334976	0.120580119223	0.129514072748	0.136541140536	0.107571669763	0.11427603019	0.107459654112	0.118918946697	0.115358011493	0.14574121493	0.140233237662	0.161268568739	0.154265656416	0.145047326607	0.167948307771	0.170771229438	0.14904914308	0.150409625642	0.17091259505	0.114383997309	0.175014437416	0.146434928392	0.149202299128	0.158898145545	0.170321747636	0.182824954807	0.138029635879	0.150622712933	0.134452360913	0.147648758324	0.158095170562	0.170927430415	0.123378569232	0.143802837945	0.141459563138	0.146889109154	0.130021344516	0.12690169539	0.13424448052	0.133105863834	0.131323506753	0.15450292291	0.148627240649	0.146641987189	0.123147051472	0.133550691515	0.134329949514	0.140087577325	0.131991050592	0.168944767509	0.159501033282	0.171427917849	0.112488376625	0.118832596543	0.119831838867	0.156755736025	0.171327925463	0.143497807391	0.144314126708	0.123639241234	0.145423172296	0.133678681525	0.137367159423	0.161236778794	0.147070633251	0.147852035003	0.151103444459	0.185693421982	0.156208572427
158479027-supragingivalplaque2.snv.bam	0.148915729515	0.163696581389	0.161696683288	0.151069043185	0.0304933092844	0.0	0.176798525798	0.177840149118	0.131943927989	0.141561768087	0.152392599077	0.154737051029	0.132578953131	0.142124250987	0.143937386999	0.108652860719	0.114556704513	0.118113896612	0.12229083283	0.116419839925	0.154443784999	0.141141682031	0.170617899997	0.16187850927	0.151735919922	0.170239435153	0.171538951735	0.157190197668	0.165982420281	0.176856226765	0.128030706927	0.173392729854	0.156345090551	0.149450898598	0.166875730348	0.172128105118	0.184527549281	0.139570591291	0.160329659268	0.137845372274	0.151836176756	0.157981513798	0.179252225862	0.136816008402	0.149759930108	0.14442002358	0.152436544956	0.134845558417	0.13079355391	0.143523101571	0.142995535866	0.147754218578	0.165374791628	0.15177889529	0.154560083575	0.139373465785	0.149344848978	0.140137255135	0.144203314711	0.141038501969	0.169858711586	0.160302606651	0.170905155117	0.119203820761	0.126818331261	0.117794193832	0.163538721428	0.172973647365	0.15420417393	0.152003728348	0.130174854762	0.142176433178	0.132013781125	0.143147472401	0.170286661182	0.150334929282	0.147515975002	0.159231363138	0.182718871807	0.164969949696
158883629-supragingivalplaque1.snv.bam	0.168956280399	0.172040571733	0.180259067015	0.183088806345	0.177269253953	0.176798525798	0.0	0.00510310479463	0.178637169677	0.180026457	0.207627074273	0.182158310337	0.171658199812	0.181741142909	0.167508871297	0.179493507763	0.182474680257	0.175426135022	0.18099784809	0.177022496637	0.173816542427	0.162949670452	0.207314200649	0.191077078417	0.184802413628	0.193946624832	0.186049405956	0.178130414198	0.18012577869	0.189905678487	0.167942340095	0.189952372275	0.181252923518	0.178525474272	0.181695951058	0.170670816785	0.178271941113	0.189409353387	0.149311289411	0.164143341643	0.179043135645	0.188593101426	0.184955465667	0.169967964693	0.178504414417	0.192173602928	0.207046736399	0.173980935248	0.175327547181	0.177175392137	0.17423200227	0.173991153009	0.178395535698	0.161350915839	0.139366790239	0.162687373055	0.162378476346	0.158051505552	0.156846986882	0.169561915439	0.141860379497	0.137968131534	0.184948291111	0.174582827057	0.173580078115	0.163419446719	0.152302245142	0.172537865573	0.170800418804	0.171443435198	0.167169739005	0.166667316726	0.178930607868	0.192414852046	0.183188806282	0.182280504931	0.167335579896	0.173191467512	0.203164358707	0.128358210986
158883629-supragingivalplaque3.snv.bam	0.170520974875	0.172455384646	0.181850621412	0.184065717522	0.178750163822	0.177840149118	0.00510310479463	0.0	0.180463791021	0.181507113639	0.206865454296	0.182722174904	0.172960122278	0.181709562836	0.168346049785	0.180645072133	0.183727598952	0.176467119111	0.182414353034	0.177917364764	0.172873463431	0.164114594669	0.206185972307	0.191039492699	0.185647938534	0.194845731605	0.18678080236	0.178988079061	0.181667366554	0.191617257849	0.169058201975	0.191348605075	0.18242550076	0.179813208106	0.181915374252	0.169837866596	0.180227202239	0.189290353035	0.149702238332	0.164174868376	0.179523492774	0.189233324313	0.185141941788	0.170530397287	0.180100601429	0.191917136183	0.208316099533	0.174024261642	0.176669234437	0.178091548025	0.175345872208	0.175363223177	0.178401062811	0.162512143278	0.139113624629	0.164302610703	0.163858928573	0.159502133936	0.157253528143	0.170494213862	0.142217897919	0.13766805647	0.185252406564	0.175542012161	0.17490646782	0.163890742272	0.1518513828	0.172335233124	0.171638689104	0.171636199214	0.1680064397	0.165490818268	0.178616722866	0.19423417642	0.182776196105	0.183254464684	0.168208939859	0.173965372524	0.203493031262	0.127280559369
159207311-supragingivalplaque1.snv.bam	0.139115430318	0.152844593696	0.152742068447	0.153021928712	0.130457398593	0.131943927989	0.178637169677	0.180463791021	0.0	0.0559297190081	0.137782989071	0.159156967313	0.140699935487	0.12211451259	0.13531201353	0.125947804035	0.12997481817	0.124779502765	0.120918074497	0.12451015733	0.158524104224	0.154695276127	0.148680225586	0.152268937395	0.143819482938	0.180631012065	0.171848478089	0.152737802681	0.139201288683	0.152195410414	0.129960255864	0.142995023879	0.121065142078	0.124367863026	0.144891184402	0.156608156541	0.174458763096	0.123552557157	0.144265104367	0.13138744925	0.13724475916	0.153103529728	0.157343237592	0.135305054926	0.163241784245	0.158408912924	0.147295217926	0.139218523586	0.133705262353	0.137005448008	0.138293001349	0.137049523459	0.150980627752	0.141915617437	0.141414527547	0.119313648636	0.133349736643	0.111825314987	0.122782125758	0.13256551558	0.163916369053	0.170058642564	0.176997184391	0.127359008591	0.123943327466	0.132915926962	0.122405990271	0.135059157007	0.15294632894	0.163625157188	0.13487271301	0.148513944456	0.129236253337	0.145594005882	0.167644624705	0.156206889531	0.143988874951	0.136101553818	0.167630442044	0.157674923809
159207311-supragingivalplaque3.snv.bam	0.14889892022	0.159022866204	0.157409463202	0.156245308442	0.143783724269	0.141561768087	0.180026457	0.181507113639	0.0559297190081	0.0	0.14058141702	0.163845012764	0.152470319092	0.136994651576	0.148894412048	0.133709364832	0.131046449033	0.133934287163	0.13381148967	0.134735377423	0.166954653749	0.161596576952	0.154095512616	0.156596713473	0.149343237096	0.183650111343	0.178716634728	0.162740590771	0.147426824357	0.161693625328	0.141011902646	0.155425872116	0.134349516139	0.131898212123	0.156318433869	0.16594183401	0.176509348782	0.128313712857	0.152469696196	0.140448924549	0.148652861625	0.151319501114	0.165539645543	0.144646721208	0.175427260273	0.163135391687	0.148343252573	0.14465031248	0.141601278018	0.144880798326	0.151760421671	0.150761760669	0.150238881851	0.151801864976	0.151136929673	0.135339293739	0.143111932712	0.127107870733	0.138336932321	0.142481120424	0.167239718692	0.177475638396	0.186748378125	0.13729165142	0.126552003856	0.136842344513	0.11940583599	0.132104304917	0.160002750822	0.168117863754	0.138581624292	0.160736258381	0.142060519187	0.154293498409	0.17244310878	0.16618240138	0.143421265199	0.146767765043	0.164127575594	0.159991405647
159247771-supragingivalplaque2.snv.bam	0.170897677347	0.159461192853	0.158797782352	0.160789045187	0.147938490788	0.152392599077	0.207627074273	0.206865454296	0.137782989071	0.14058141702	0.0	0.181920362134	0.164977321205	0.132195159244	0.154998312017	0.167778022914	0.175566924052	0.153436928809	0.169227458283	0.169403590368	0.162795710904	0.175402430724	0.131184021644	0.124590586889	0.12494414961	0.209642380482	0.195655390167	0.173688211614	0.173135792898	0.189488344339	0.149233549397	0.195667695997	0.161152475418	0.165637432481	0.143256460702	0.175726859891	0.180709774033	0.0924203548542	0.171020622616	0.166815714082	0.17015864296	0.12665248512	0.180436160597	0.153925978371	0.181274828817	0.114617210078	0.152224776627	0.157945784664	0.150563421108	0.159099975041	0.169784989675	0.154854099835	0.155429127122	0.16019391186	0.169799235454	0.146765013094	0.160888033904	0.15923067835	0.162916024152	0.152113205459	0.166230645125	0.187225910847	0.200265597305	0.166205687174	0.155125262124	0.178798263009	0.134709922834	0.1485759018	0.17458839519	0.175458030982	0.166344070527	0.179991655554	0.151546350054	0.159114117049	0.187278399535	0.119289071782	0.163378033289	0.159345516494	0.186788328624	0.184485267979
159268001-supragingivalplaque1.snv.bam	0.157743781501	0.161490705888	0.166983371629	0.150219744977	0.146613334976	0.154737051029	0.182158310337	0.182722174904	0.159156967313	0.163845012764	0.181920362134	0.0	0.0779108012675	0.115924169994	0.158291983914	0.166843821304	0.156222454533	0.133519890262	0.154086093036	0.152168425283	0.166993254909	0.15464530126	0.176493152701	0.174776064331	0.169342547289	0.185150420217	0.169227700284	0.163737975858	0.131521866787	0.161108564267	0.0801531878513	0.167734124918	0.148083668214	0.16739908964	0.16026597132	0.159060302903	0.180651417781	0.150961197386	0.135996983275	0.128344150871	0.146874870797	0.162197058412	0.168706097826	0.124192886409	0.168222295728	0.17663395683	0.157972276139	0.157226231651	0.157344638915	0.155130362887	0.128069679311	0.113708189476	0.170163275734	0.162420559358	0.148930397669	0.123152941827	0.132749009317	0.151974152162	0.143683574682	0.136235319929	0.156004641298	0.177157798126	0.168639746832	0.166064569664	0.123554032012	0.137203818982	0.173362875757	0.169920578619	0.109341580528	0.104433101375	0.146416213822	0.154932853782	0.151148039885	0.122183214089	0.148111444887	0.165759916113	0.149361505996	0.165305903616	0.182797184271	0.141369796913
159268001-supragingivalplaque3.snv.bam	0.128704794796	0.143493500966	0.142509782359	0.128649195111	0.120580119223	0.132578953131	0.171658199812	0.172960122278	0.140699935487	0.152470319092	0.164977321205	0.0779108012675	0.0	0.100974590867	0.116317037729	0.13602710154	0.129134266411	0.118690468559	0.133845321823	0.137734220773	0.146648918975	0.144704190557	0.158683773493	0.154519727717	0.147243813939	0.169303182271	0.158057022445	0.140676052757	0.116437671137	0.143411389586	0.0914335271197	0.162401457959	0.138550766857	0.152292815969	0.143862287528	0.152653189781	0.162896832952	0.136855535411	0.117121498753	0.107724468077	0.11855471849	0.15681742557	0.153960998306	0.105273387499	0.165479918076	0.1619836201	0.161306694308	0.133721229718	0.134930034491	0.125792559744	0.122760658839	0.0986334058465	0.147010080407	0.137545195636	0.131925636728	0.106388279316	0.111057498335	0.125017277432	0.122685636409	0.111191239806	0.143467545646	0.163297997768	0.172066836537	0.142057107289	0.0954902465415	0.127814076468	0.154002271747	0.159843935382	0.112182926305	0.120377085337	0.130264719613	0.154897506557	0.147165767033	0.123786184759	0.146825611556	0.150279938775	0.137189186542	0.137825657186	0.167867032776	0.135001559466
159713063-supragingivalplaque2.snv.bam	0.132176053425	0.145192903117	0.141809402505	0.124089440598	0.129514072748	0.142124250987	0.181741142909	0.181709562836	0.12211451259	0.136994651576	0.132195159244	0.115924169994	0.100974590867	0.0	0.118863354984	0.142244200714	0.148127973708	0.111213579907	0.127364053751	0.13659747482	0.137629224097	0.148996155964	0.138030303961	0.132198928638	0.131004691994	0.179287402472	0.170159766457	0.133985496973	0.12187059465	0.158041972361	0.102246075481	0.151275737672	0.126049608076	0.142208335775	0.114249202279	0.147261691667	0.164663357014	0.120327189278	0.132738838712	0.115722302483	0.128719939689	0.14247061746	0.150201717837	0.102960340123	0.164416479863	0.148694309701	0.156673750345	0.140028124606	0.138205924128	0.134837661593	0.120060212871	0.103359797299	0.144929427937	0.145581069564	0.13728769329	0.106489028597	0.11651859902	0.121219401842	0.126746676525	0.121450295754	0.132967547901	0.164959848665	0.18213433117	0.141199170883	0.0940565195503	0.132430987511	0.141358402327	0.15591259	0.1226651518	0.131999951048	0.138695019759	0.144472349976	0.132070460029	0.121429019851	0.162115477819	0.141235384191	0.143779883162	0.127378352338	0.183360262502	0.14757303547
160158126-supragingivalplaque1.snv.bam	0.125976209316	0.150146083643	0.142942167862	0.126658900934	0.136541140536	0.143937386999	0.167508871297	0.168346049785	0.13531201353	0.148894412048	0.154998312017	0.158291983914	0.116317037729	0.118863354984	0.0	0.113109641752	0.126920299889	0.117196314841	0.119701796261	0.129611517023	0.137647415522	0.149778253786	0.138225688283	0.127898399835	0.120960674567	0.166086215103	0.160221265518	0.123857021183	0.150631669945	0.158150561217	0.135364804189	0.171477359746	0.150515370817	0.144771285832	0.110606498059	0.12687458051	0.167388126492	0.135371918105	0.129285121641	0.111518643527	0.118775681553	0.145178264887	0.155348786263	0.11849037238	0.16140077635	0.152395906758	0.161496671117	0.133870351065	0.127996073289	0.125486385193	0.140327218417	0.119216787018	0.133776437759	0.136345998114	0.126019290967	0.119417806733	0.125980848444	0.114957069212	0.114470223383	0.120441495053	0.150933335878	0.152544988616	0.179532042541	0.137314183327	0.123191394106	0.13732824202	0.155452289974	0.16716156194	0.136192865432	0.154305528193	0.132783841025	0.146770053147	0.14621636094	0.148623924244	0.172272198873	0.141882800764	0.140280153095	0.113563537618	0.183319181721	0.148931623728
160178356-supragingivalplaque2.snv.bam	0.114881978407	0.152083623017	0.149087006974	0.139368828255	0.107571669763	0.108652860719	0.179493507763	0.180645072133	0.125947804035	0.133709364832	0.167778022914	0.166843821304	0.13602710154	0.142244200714	0.113109641752	0.0	0.0598663232843	0.108054992065	0.0975217075375	0.0958903709657	0.133163897261	0.135820608323	0.141170407183	0.133365166379	0.12258452264	0.138644684744	0.147815684572	0.12135590982	0.149715535296	0.155321191298	0.134124932501	0.170238217716	0.151117222913	0.134288046465	0.13517803003	0.155107562714	0.168206751246	0.129319063465	0.14173888523	0.114063141074	0.118689118553	0.140312357953	0.152694566872	0.127529080587	0.154736239087	0.145289256708	0.169350074494	0.116796900498	0.109473119127	0.117261113913	0.136660235129	0.121424340444	0.130372292347	0.141864848167	0.132445631782	0.123874139554	0.124517635988	0.125989673868	0.133133689198	0.127687838008	0.157611363765	0.151651689316	0.162585103206	0.106676689683	0.111074265923	0.102506649027	0.160108170107	0.165927321963	0.15082431756	0.157348976457	0.128620554522	0.144116629534	0.135995535683	0.150618074129	0.16984652549	0.146708959628	0.120188852795	0.128599605096	0.179478893129	0.144462970268
160178356-supragingivalplaque3.snv.bam	0.125780739347	0.156743134839	0.155538866394	0.135992424272	0.11427603019	0.114556704513	0.182474680257	0.183727598952	0.12997481817	0.131046449033	0.175566924052	0.156222454533	0.129134266411	0.148127973708	0.126920299889	0.0598663232843	0.0	0.116085404816	0.115803506447	0.115237820424	0.139437326292	0.138158067695	0.149337118532	0.146165440247	0.137487314536	0.14736146526	0.156622822685	0.130134585969	0.149287170326	0.146443835416	0.1354837008	0.17601534581	0.160081601377	0.1441306266	0.142472939429	0.164754576848	0.170987836695	0.141146458482	0.131309388265	0.120663468232	0.127497436631	0.14606021577	0.161682064685	0.128277320865	0.158946028038	0.155266802638	0.171407056036	0.123533730245	0.11680964178	0.118937940118	0.137265300364	0.12749975484	0.139595855187	0.148688610689	0.126528326692	0.127796589702	0.130109293753	0.131946080997	0.138400621671	0.134213936306	0.16203327052	0.151530076152	0.156413339557	0.11634581105	0.116845992483	0.115674878188	0.163825989949	0.172755510567	0.149154102078	0.153108678319	0.130868271862	0.156178717979	0.152289727468	0.146733502261	0.163076096473	0.155038871253	0.125914632432	0.138748885769	0.173242022531	0.155006989865
160319967-supragingivalplaque1.snv.bam	0.120722233664	0.156569162742	0.145068726066	0.121710479675	0.107459654112	0.118113896612	0.175426135022	0.176467119111	0.124779502765	0.133934287163	0.153436928809	0.133519890262	0.118690468559	0.111213579907	0.117196314841	0.108054992065	0.116085404816	0.0	0.0812642788538	0.0841116610299	0.135345127806	0.137450555968	0.142431789678	0.131560835301	0.122514729479	0.157455294794	0.145085693886	0.12249308651	0.121565839195	0.145191640646	0.103595042352	0.161156687921	0.13542767967	0.130614443714	0.127680562942	0.142148244445	0.167838384056	0.126818482174	0.127622196645	0.103265284511	0.11525553051	0.13685448658	0.153808065577	0.110090049785	0.161764310049	0.136101685652	0.168537069916	0.12768760527	0.1234261139	0.126978696888	0.101424161459	0.0983429425751	0.126155996466	0.13818569011	0.123353499254	0.0899081950095	0.118405153218	0.117482413158	0.121521336311	0.106349674925	0.143432897196	0.148416285637	0.154214518346	0.113729132554	0.097986532434	0.108156102082	0.160227242545	0.173785824385	0.1119075878	0.128763789432	0.0990950530457	0.145329465384	0.140713110627	0.11513493799	0.162028239115	0.141894751127	0.132936376301	0.122656234874	0.184157878797	0.146027518319
160319967-supragingivalplaque2.snv.bam	0.116157656263	0.158089308775	0.152759965579	0.136490091376	0.118918946697	0.12229083283	0.18099784809	0.182414353034	0.120918074497	0.13381148967	0.169227458283	0.154086093036	0.133845321823	0.127364053751	0.119701796261	0.0975217075375	0.115803506447	0.0812642788538	0.0	0.034918077656	0.139006532102	0.139743442426	0.149125626371	0.124597435302	0.114172030951	0.140904302652	0.132440716181	0.112443451547	0.149028977135	0.157106128738	0.123864295554	0.163830067283	0.152302559755	0.121324243817	0.124906856204	0.135935658624	0.164227858023	0.13500225963	0.141091077074	0.112138486678	0.114983146349	0.13207529325	0.150087576613	0.131996737254	0.169817567056	0.13366936851	0.166255857141	0.13215337781	0.125312877544	0.130933711625	0.135099861117	0.117754854003	0.135960370626	0.136763661061	0.133834699834	0.111507488526	0.131342107345	0.120641523341	0.120125614267	0.117215801885	0.153787122415	0.157112174057	0.154632149365	0.119297626749	0.114766782824	0.101212933478	0.171520597184	0.177070565873	0.136325646609	0.15164342444	0.12476762529	0.132122671026	0.131041145791	0.160617791267	0.171516499913	0.136834355245	0.137447222314	0.12880968551	0.182463462089	0.138452869487
160319967-supragingivalplaque3.snv.bam	0.115007847235	0.157322194769	0.155111894591	0.14054922372	0.115358011493	0.116419839925	0.177022496637	0.177917364764	0.12451015733	0.134735377423	0.169403590368	0.152168425283	0.137734220773	0.13659747482	0.129611517023	0.0958903709657	0.115237820424	0.0841116610299	0.034918077656	0.0	0.142624114721	0.138607133067	0.154028275715	0.127311836141	0.116105935916	0.136034157414	0.125573164019	0.115693356822	0.151810003849	0.160004235507	0.121646918526	0.163673398932	0.151124332338	0.121300868324	0.131326806061	0.140491091361	0.161567192792	0.143392883564	0.145523728398	0.113633006288	0.118991653116	0.135856689026	0.14962685933	0.137924263922	0.167329162011	0.133796274023	0.165366616021	0.132836677597	0.129343670049	0.135043013747	0.13592404005	0.122956824997	0.137006739339	0.134504684919	0.133928610009	0.114937958546	0.134345854732	0.122054058943	0.120991497329	0.119204692335	0.152619354712	0.157581465758	0.161046248928	0.112859238086	0.117929129359	0.0975833004826	0.172828775233	0.176097172211	0.138514295092	0.152712179055	0.124454146689	0.129346933495	0.129856405926	0.160141771683	0.169912201354	0.139357452776	0.138987415148	0.13047011032	0.182495058097	0.137390934613
160380657-supragingivalplaque2.snv.bam	0.142974936437	0.167006252778	0.165808833889	0.13732895456	0.14574121493	0.154443784999	0.173816542427	0.172873463431	0.158524104224	0.166954653749	0.162795710904	0.166993254909	0.146648918975	0.137629224097	0.137647415522	0.133163897261	0.139437326292	0.135345127806	0.139006532102	0.142624114721	0.0	0.0736699739365	0.148640919596	0.140198989925	0.140802000506	0.169549910775	0.166131210808	0.135920440453	0.153981382153	0.169615588236	0.138729945994	0.180970423706	0.16235221666	0.156998726709	0.138880879265	0.149951997498	0.180555624498	0.137277684579	0.140518572852	0.12987507638	0.138551753995	0.142226249956	0.164400290973	0.130166006483	0.155637250419	0.155867664141	0.171920051996	0.117819436803	0.112043536455	0.120683992767	0.142048534734	0.137499560339	0.15361043861	0.160844254791	0.136904188003	0.13584386922	0.136134743702	0.14548786493	0.146129721902	0.13982854923	0.148277989872	0.14734350061	0.167788487043	0.143676154269	0.139890854738	0.139325178105	0.164951944091	0.173007065294	0.140297653605	0.148216379822	0.152707799896	0.157440494394	0.14996255268	0.160944003792	0.156655606348	0.144103785152	0.139056405951	0.144969622555	0.183962485141	0.157928292898
160380657-supragingivalplaque3.snv.bam	0.151716004309	0.160866432746	0.16166418635	0.149496910621	0.140233237662	0.141141682031	0.162949670452	0.164114594669	0.154695276127	0.161596576952	0.175402430724	0.15464530126	0.144704190557	0.148996155964	0.149778253786	0.135820608323	0.138158067695	0.137450555968	0.139743442426	0.138607133067	0.0736699739365	0.0	0.173535004478	0.163669898584	0.158632967586	0.171660398409	0.165104705524	0.151063793693	0.16092812641	0.176184758944	0.139727154385	0.176563085738	0.162674740764	0.157310317249	0.160867469942	0.155959140989	0.176955023692	0.154700781464	0.144597532018	0.133755126647	0.144823537582	0.152169273656	0.165423867031	0.135483584089	0.153185586699	0.16806459578	0.172405100388	0.118172135333	0.110485058739	0.125841681588	0.143681631532	0.14153651947	0.161327906455	0.154779847799	0.142346372678	0.144148019282	0.134023446333	0.148026788122	0.1474886116	0.145766929106	0.164048473179	0.157209458745	0.170912864576	0.147637691897	0.139561645271	0.131516719177	0.168618223741	0.170312824052	0.140148126062	0.139495893288	0.154072623864	0.150992995704	0.144573677612	0.164667906862	0.154529887998	0.160477832169	0.136655706468	0.1538236632	0.188719830091	0.155728484055
160421117-supragingivalplaque1.snv.bam	0.13501376925	0.147532909556	0.148990792336	0.139196074412	0.161268568739	0.170617899997	0.207314200649	0.206185972307	0.148680225586	0.154095512616	0.131184021644	0.176493152701	0.158683773493	0.138030303961	0.138225688283	0.141170407183	0.149337118532	0.142431789678	0.149125626371	0.154028275715	0.148640919596	0.173535004478	0.0	0.058568281541	0.0661351946086	0.161646944492	0.168634788888	0.145443385028	0.15514423045	0.169752881611	0.148613540466	0.180501783206	0.158085699352	0.164643183777	0.138470151517	0.163210112033	0.159221935521	0.114858000613	0.145205808078	0.145655565944	0.148259169324	0.123667367101	0.147274932332	0.143325070058	0.172521838833	0.139214408889	0.17341899128	0.140823808901	0.142765133184	0.146670105802	0.150283488725	0.135678194648	0.09480237666	0.154590641363	0.152540183593	0.140535643672	0.137638600389	0.153476133647	0.159873417487	0.130612520341	0.163719923467	0.163418331678	0.182237270453	0.137054442811	0.135163902661	0.145132017232	0.157261811388	0.157831029631	0.165535869186	0.174965558751	0.158193861837	0.168056789644	0.159424596201	0.158583269019	0.169094165017	0.123717146059	0.153161793908	0.133742420961	0.180145733153	0.174838634604
160421117-supragingivalplaque2.snv.bam	0.127763693673	0.146494424106	0.142242246343	0.141937859661	0.154265656416	0.16187850927	0.191077078417	0.191039492699	0.152268937395	0.156596713473	0.124590586889	0.174776064331	0.154519727717	0.132198928638	0.127898399835	0.133365166379	0.146165440247	0.131560835301	0.124597435302	0.127311836141	0.140198989925	0.163669898584	0.058568281541	0.0	0.0309418951014	0.153208000398	0.147712046226	0.120047764309	0.161915466971	0.164594756191	0.148408836566	0.191178189314	0.168904811223	0.158750568308	0.120195294488	0.157372684575	0.158478886648	0.113674983698	0.143128268903	0.140501690958	0.143607661748	0.104778182193	0.137696629558	0.140734623873	0.173623220291	0.111869951472	0.178302820506	0.141924490338	0.140386487917	0.141308842644	0.149726868675	0.132704316526	0.113020742309	0.140101499573	0.138463180113	0.13504021177	0.140490014354	0.142956318909	0.14626765118	0.132278592298	0.157774750061	0.16291107627	0.186508207244	0.141120187179	0.140809607822	0.142861900015	0.15620212183	0.157371858513	0.158117607688	0.167833249602	0.150285438394	0.163906771404	0.157495060816	0.162646867405	0.176849584993	0.100131710536	0.147091189576	0.123693743689	0.191773020001	0.162871756368
160421117-supragingivalplaque3.snv.bam	0.119287637921	0.142628740566	0.136343079182	0.134183099194	0.145047326607	0.151735919922	0.184802413628	0.185647938534	0.143819482938	0.149343237096	0.12494414961	0.169342547289	0.147243813939	0.131004691994	0.120960674567	0.12258452264	0.137487314536	0.122514729479	0.114172030951	0.116105935916	0.140802000506	0.158632967586	0.0661351946086	0.0309418951014	0.0	0.143320871014	0.132638411324	0.108780939903	0.156190619219	0.160709355628	0.142154641902	0.184578702155	0.1646220346	0.152264376063	0.11477124743	0.15065873599	0.153236886823	0.109577334605	0.138009109399	0.133144629802	0.13551102347	0.101442336948	0.131010436835	0.138462589929	0.169094550242	0.10578606105	0.172538752637	0.133030802153	0.131667377254	0.135229007816	0.147563873474	0.126692071544	0.107112067058	0.132773356132	0.133977626613	0.126885363764	0.134889014927	0.135147981841	0.138636516309	0.124517127416	0.149719446416	0.157197807342	0.182011298308	0.13432821758	0.134130117607	0.135880134944	0.154652681831	0.155114296891	0.152691907635	0.164730524198	0.14447574085	0.16126873253	0.156520645654	0.158525256801	0.17321134431	0.0941965216428	0.141689851683	0.118228626166	0.188692438906	0.154229812573
160502038-supragingivalplaque1.snv.bam	0.132007499348	0.127505957063	0.130054880616	0.173385531755	0.167948307771	0.170239435153	0.193946624832	0.194845731605	0.180631012065	0.183650111343	0.209642380482	0.185150420217	0.169303182271	0.179287402472	0.166086215103	0.138644684744	0.14736146526	0.157455294794	0.140904302652	0.136034157414	0.169549910775	0.171660398409	0.161646944492	0.153208000398	0.143320871014	0.0	0.0534418048149	0.0762698805547	0.179807301594	0.174186769968	0.169104637546	0.202151529084	0.190035721048	0.174767795039	0.168182072524	0.188234807429	0.133227500985	0.175070422085	0.165796071104	0.151116187513	0.159719585173	0.173934808973	0.087228947441	0.162334994993	0.169102687742	0.174709768938	0.190451934908	0.172499801091	0.168963702036	0.161343376278	0.169881444605	0.165898113018	0.175169152064	0.130811573551	0.16472808493	0.162709357314	0.169503998275	0.174565612935	0.173122694246	0.128727660226	0.168933286494	0.183001885325	0.169428750776	0.158262853745	0.156982218641	0.156965581478	0.153148682303	0.138429151606	0.177231860855	0.18636619557	0.157566448855	0.188121101943	0.187470898206	0.178364254189	0.199609776341	0.168994280115	0.164074673904	0.124820117647	0.216761454672	0.157523101077
160502038-supragingivalplaque2.snv.bam	0.129696137143	0.117362471059	0.124003386969	0.161716090987	0.170771229438	0.171538951735	0.186049405956	0.18678080236	0.171848478089	0.178716634728	0.195655390167	0.169227700284	0.158057022445	0.170159766457	0.160221265518	0.147815684572	0.156622822685	0.145085693886	0.132440716181	0.125573164019	0.166131210808	0.165104705524	0.168634788888	0.147712046226	0.132638411324	0.0534418048149	0.0	0.06407274738	0.167748361609	0.173751853727	0.156131912176	0.193477029784	0.179120912374	0.17340759369	0.152979909915	0.177571067889	0.121966890932	0.167203220312	0.161391724088	0.147294252496	0.157949497076	0.163686982089	0.091517807505	0.163532326824	0.172016270657	0.162222631553	0.179729409876	0.169996928031	0.169042552113	0.162551667737	0.163927651718	0.15396624427	0.169289815022	0.129479812594	0.157289134299	0.148586914256	0.160871282624	0.166068801299	0.164038450643	0.12117978649	0.157689854429	0.176361728073	0.168980038483	0.165451638469	0.154923063503	0.156330835052	0.156359508623	0.13748950341	0.167787672711	0.176652860631	0.162762806393	0.18364754358	0.178381917083	0.170002614839	0.192409919846	0.151025290042	0.163251479781	0.129284503683	0.209464253397	0.150371578156
160502038-supragingivalplaque3.snv.bam	0.114092959794	0.127635667523	0.127583564803	0.140355669346	0.14904914308	0.157190197668	0.178130414198	0.178988079061	0.152737802681	0.162740590771	0.173688211614	0.163737975858	0.140676052757	0.133985496973	0.123857021183	0.12135590982	0.130134585969	0.12249308651	0.112443451547	0.115693356822	0.135920440453	0.151063793693	0.145443385028	0.120047764309	0.108780939903	0.0762698805547	0.06407274738	0.0	0.152747848346	0.155436489553	0.141415198935	0.180691638833	0.16275150566	0.15912610167	0.118999854961	0.158762794621	0.137381172091	0.142862226916	0.138159786057	0.131197971139	0.138663973603	0.13763862265	0.0987564583647	0.137237924806	0.164112717342	0.14119869238	0.172563959426	0.149660384701	0.146295194192	0.141609541873	0.148058487699	0.130776449884	0.147008353404	0.126279507407	0.134915295685	0.126000995674	0.141079966601	0.140144189562	0.144531959167	0.114785394956	0.142549609999	0.160530653691	0.164548066856	0.142061704185	0.133709408317	0.13981679318	0.146752463638	0.147242287354	0.147829332941	0.156609130808	0.144617375078	0.170322113514	0.166468888319	0.158812772672	0.179508166437	0.125833801031	0.144675002623	0.113774787221	0.195789781031	0.139237477216
160582958-supragingivalplaque2.snv.bam	0.134287041748	0.151296104893	0.150077511888	0.127621811256	0.150409625642	0.165982420281	0.18012577869	0.181667366554	0.139201288683	0.147426824357	0.173135792898	0.131521866787	0.116437671137	0.12187059465	0.150631669945	0.149715535296	0.149287170326	0.121565839195	0.149028977135	0.151810003849	0.153981382153	0.16092812641	0.15514423045	0.161915466971	0.156190619219	0.179807301594	0.167748361609	0.152747848346	0.0	0.0957598932032	0.104806523974	0.172161907536	0.140524921586	0.142403421571	0.154498495192	0.172177505427	0.168506414355	0.147146853092	0.124405213486	0.129277798094	0.134899382544	0.1622287291	0.149884012248	0.11661910478	0.16825032447	0.1805598535	0.166764194657	0.142043068192	0.145121417689	0.131372474412	0.115986726601	0.114706197596	0.150246353908	0.1537074023	0.140139476586	0.105895253461	0.115814056015	0.143116931144	0.149359119643	0.116445636736	0.142765247791	0.151021358631	0.155913631223	0.16110806215	0.102996407578	0.140717001774	0.150859765023	0.157275288145	0.122863769761	0.135255041463	0.130550495156	0.17765758557	0.164543822229	0.120584960787	0.1308854839	0.174239081988	0.153382537218	0.139737696585	0.173201702535	0.146722988906
160582958-supragingivalplaque3.snv.bam	0.14560232993	0.16495407866	0.159941560075	0.144624732312	0.17091259505	0.176856226765	0.189905678487	0.191617257849	0.152195410414	0.161693625328	0.189488344339	0.161108564267	0.143411389586	0.158041972361	0.158150561217	0.155321191298	0.146443835416	0.145191640646	0.157106128738	0.160004235507	0.169615588236	0.176184758944	0.169752881611	0.164594756191	0.160709355628	0.174186769968	0.173751853727	0.155436489553	0.0957598932032	0.0	0.137384462475	0.185693130105	0.16871389156	0.159989393142	0.158921854053	0.170828520276	0.174146620561	0.169503844488	0.132317325345	0.137279650952	0.132716900975	0.173442773387	0.155341718065	0.136704281735	0.158851894658	0.183451946575	0.175543131232	0.153149480879	0.16206551179	0.14124882502	0.155887182064	0.142285816532	0.159604440392	0.158037272671	0.143388891806	0.136044373942	0.134819301848	0.14976361177	0.148752685772	0.14064956714	0.155177854454	0.173104261187	0.179502558155	0.169705355833	0.1365683107	0.159192674344	0.177808469097	0.174953008696	0.14288333795	0.153763421671	0.154799098573	0.189958439149	0.187154725511	0.154230711527	0.156776276818	0.174414963318	0.15727146213	0.146161191286	0.172176875693	0.161470854955
