	BYQ_AAAA.snv.bam	BYQ_AAAD.snv.bam	BYQ_AAAF.snv.bam	CCIS02124300ST-4-0.snv.bam	CCIS15794887ST-4-0.snv.bam	CCIS16326685ST-4-0.snv.bam	CCIS41288781ST-4-0.snv.bam	CCIS41548810ST-4-0.snv.bam	CCIS65479369ST-4-0.snv.bam	CCIS81710917ST-20-0.snv.bam	CCIS88007743ST-4-0.snv.bam	HT8A.snv.bam	M3.3-V3.metaG.snv.bam	NG-5636_463.snv.bam	O2.UC36-0.snv.bam	O2.UC37-1.snv.bam	O2.UC46-1.snv.bam	T2D-122A.snv.bam	V1.CD1-0-PT.snv.bam	V1.CD36-0.snv.bam	V1.CD41-0.snv.bam	V1.FI05.snv.bam	V1.FI13.snv.bam	V1.FI15.snv.bam	V1.FI17.snv.bam	V1.FI25.snv.bam	V1.FI32.snv.bam	V1.FI33.snv.bam	V1.UC11-5.snv.bam	V1.UC54-0.snv.bam	peacemaker-11-0-0.snv.bam	peacemaker-11-2-0.snv.bam	peacemaker-11-7-0.snv.bam
BYQ_AAAA.snv.bam	0.0	0.182089552239	0.194029850746	0.176119402985	0.185074626866	0.173134328358	0.158208955224	0.182089552239	0.149253731343	0.134328358209	0.158208955224	0.158208955224	0.134328358209	0.113432835821	0.14328358209	0.161194029851	0.191044776119	0.140298507463	0.146268656716	0.173134328358	0.116417910448	0.158208955224	0.119402985075	0.164179104478	0.161194029851	0.128358208955	0.173134328358	0.176119402985	0.155223880597	0.188059701493	0.149253731343	0.149253731343	0.149253731343
BYQ_AAAD.snv.bam	0.182089552239	0.0	0.101492537313	0.161194029851	0.0537313432836	0.173134328358	0.155223880597	0.0477611940299	0.155223880597	0.119402985075	0.208955223881	0.211940298507	0.2	0.167164179104	0.2	0.0149253731343	0.0417910447761	0.194029850746	0.2	0.226865671642	0.146268656716	0.137313432836	0.158208955224	0.173134328358	0.179104477612	0.185074626866	0.191044776119	0.146268656716	0.214925373134	0.0388059701493	0.140298507463	0.140298507463	0.140298507463
BYQ_AAAF.snv.bam	0.194029850746	0.101492537313	0.0	0.185074626866	0.101492537313	0.197014925373	0.167164179104	0.10447761194	0.167164179104	0.149253731343	0.214925373134	0.188059701493	0.197014925373	0.179104477612	0.191044776119	0.0865671641791	0.0955223880597	0.173134328358	0.232835820896	0.220895522388	0.146268656716	0.14328358209	0.176119402985	0.155223880597	0.191044776119	0.185074626866	0.208955223881	0.167164179104	0.223880597015	0.101492537313	0.176119402985	0.176119402985	0.176119402985
CCIS02124300ST-4-0.snv.bam	0.176119402985	0.161194029851	0.185074626866	0.0	0.170149253731	0.161194029851	0.0955223880597	0.146268656716	0.149253731343	0.125373134328	0.137313432836	0.179104477612	0.185074626866	0.131343283582	0.182089552239	0.146268656716	0.155223880597	0.161194029851	0.173134328358	0.202985074627	0.149253731343	0.202985074627	0.14328358209	0.146268656716	0.173134328358	0.161194029851	0.170149253731	0.167164179104	0.202985074627	0.149253731343	0.122388059701	0.122388059701	0.122388059701
CCIS15794887ST-4-0.snv.bam	0.185074626866	0.0537313432836	0.101492537313	0.170149253731	0.0	0.167164179104	0.164179104478	0.0776119402985	0.167164179104	0.128358208955	0.158208955224	0.205970149254	0.2	0.146268656716	0.191044776119	0.0507462686567	0.0597014925373	0.194029850746	0.194029850746	0.217910447761	0.155223880597	0.125373134328	0.167164179104	0.176119402985	0.182089552239	0.188059701493	0.197014925373	0.158208955224	0.214925373134	0.0597014925373	0.15223880597	0.15223880597	0.15223880597
CCIS16326685ST-4-0.snv.bam	0.173134328358	0.173134328358	0.197014925373	0.161194029851	0.167164179104	0.0	0.149253731343	0.161194029851	0.128358208955	0.128358208955	0.170149253731	0.176119402985	0.15223880597	0.137313432836	0.155223880597	0.158208955224	0.173134328358	0.128358208955	0.170149253731	0.173134328358	0.14328358209	0.15223880597	0.140298507463	0.170149253731	0.164179104478	0.164179104478	0.170149253731	0.134328358209	0.14328358209	0.173134328358	0.158208955224	0.158208955224	0.158208955224
CCIS41288781ST-4-0.snv.bam	0.158208955224	0.155223880597	0.167164179104	0.0955223880597	0.164179104478	0.149253731343	0.0	0.134328358209	0.149253731343	0.125373134328	0.167164179104	0.173134328358	0.173134328358	0.119402985075	0.158208955224	0.134328358209	0.15223880597	0.140298507463	0.173134328358	0.182089552239	0.140298507463	0.191044776119	0.122388059701	0.140298507463	0.15223880597	0.14328358209	0.173134328358	0.149253731343	0.197014925373	0.146268656716	0.146268656716	0.146268656716	0.146268656716
CCIS41548810ST-4-0.snv.bam	0.182089552239	0.0477611940299	0.10447761194	0.146268656716	0.0776119402985	0.161194029851	0.134328358209	0.0	0.158208955224	0.110447761194	0.185074626866	0.2	0.2	0.15223880597	0.185074626866	0.0477611940299	0.0776119402985	0.182089552239	0.197014925373	0.205970149254	0.134328358209	0.149253731343	0.173134328358	0.161194029851	0.188059701493	0.176119402985	0.197014925373	0.158208955224	0.188059701493	0.0776119402985	0.140298507463	0.140298507463	0.140298507463
CCIS65479369ST-4-0.snv.bam	0.149253731343	0.155223880597	0.167164179104	0.149253731343	0.167164179104	0.128358208955	0.149253731343	0.158208955224	0.0	0.113432835821	0.191044776119	0.158208955224	0.122388059701	0.128358208955	0.128358208955	0.146268656716	0.155223880597	0.128358208955	0.131343283582	0.15223880597	0.0835820895522	0.140298507463	0.128358208955	0.128358208955	0.131343283582	0.134328358209	0.167164179104	0.131343283582	0.125373134328	0.158208955224	0.116417910448	0.116417910448	0.116417910448
CCIS81710917ST-20-0.snv.bam	0.134328358209	0.119402985075	0.149253731343	0.125373134328	0.128358208955	0.128358208955	0.125373134328	0.110447761194	0.113432835821	0.0	0.167164179104	0.176119402985	0.173134328358	0.122388059701	0.140298507463	0.107462686567	0.125373134328	0.149253731343	0.146268656716	0.167164179104	0.119402985075	0.131343283582	0.116417910448	0.155223880597	0.14328358209	0.125373134328	0.161194029851	0.119402985075	0.173134328358	0.125373134328	0.128358208955	0.128358208955	0.128358208955
CCIS88007743ST-4-0.snv.bam	0.158208955224	0.208955223881	0.214925373134	0.137313432836	0.158208955224	0.170149253731	0.167164179104	0.185074626866	0.191044776119	0.167164179104	0.0	0.194029850746	0.202985074627	0.128358208955	0.176119402985	0.194029850746	0.202985074627	0.161194029851	0.191044776119	0.202985074627	0.164179104478	0.179104477612	0.164179104478	0.176119402985	0.191044776119	0.161194029851	0.170149253731	0.191044776119	0.197014925373	0.2	0.182089552239	0.182089552239	0.182089552239
HT8A.snv.bam	0.158208955224	0.211940298507	0.188059701493	0.179104477612	0.205970149254	0.176119402985	0.173134328358	0.2	0.158208955224	0.176119402985	0.194029850746	0.0	0.125373134328	0.155223880597	0.155223880597	0.202985074627	0.191044776119	0.119402985075	0.161194029851	0.146268656716	0.116417910448	0.182089552239	0.122388059701	0.167164179104	0.164179104478	0.15223880597	0.194029850746	0.149253731343	0.15223880597	0.185074626866	0.191044776119	0.191044776119	0.191044776119
M3.3-V3.metaG.snv.bam	0.134328358209	0.2	0.197014925373	0.185074626866	0.2	0.15223880597	0.173134328358	0.2	0.122388059701	0.173134328358	0.202985074627	0.125373134328	0.0	0.146268656716	0.155223880597	0.179104477612	0.2	0.131343283582	0.107462686567	0.158208955224	0.0716417910448	0.185074626866	0.149253731343	0.140298507463	0.164179104478	0.137313432836	0.185074626866	0.185074626866	0.0925373134328	0.197014925373	0.170149253731	0.170149253731	0.170149253731
NG-5636_463.snv.bam	0.113432835821	0.167164179104	0.179104477612	0.131343283582	0.146268656716	0.137313432836	0.119402985075	0.15223880597	0.128358208955	0.122388059701	0.128358208955	0.155223880597	0.146268656716	0.0	0.155223880597	0.155223880597	0.164179104478	0.113432835821	0.140298507463	0.167164179104	0.10447761194	0.140298507463	0.119402985075	0.155223880597	0.164179104478	0.128358208955	0.155223880597	0.149253731343	0.170149253731	0.161194029851	0.164179104478	0.164179104478	0.164179104478
O2.UC36-0.snv.bam	0.14328358209	0.2	0.191044776119	0.182089552239	0.191044776119	0.155223880597	0.158208955224	0.185074626866	0.128358208955	0.140298507463	0.176119402985	0.155223880597	0.155223880597	0.155223880597	0.0	0.176119402985	0.194029850746	0.134328358209	0.155223880597	0.110447761194	0.116417910448	0.14328358209	0.113432835821	0.122388059701	0.0865671641791	0.134328358209	0.185074626866	0.14328358209	0.146268656716	0.191044776119	0.173134328358	0.173134328358	0.173134328358
O2.UC37-1.snv.bam	0.161194029851	0.0149253731343	0.0865671641791	0.146268656716	0.0507462686567	0.158208955224	0.134328358209	0.0477611940299	0.146268656716	0.107462686567	0.194029850746	0.202985074627	0.179104477612	0.155223880597	0.176119402985	0.0	0.0417910447761	0.185074626866	0.188059701493	0.214925373134	0.134328358209	0.113432835821	0.140298507463	0.15223880597	0.170149253731	0.167164179104	0.185074626866	0.137313432836	0.205970149254	0.0417910447761	0.131343283582	0.131343283582	0.131343283582
O2.UC46-1.snv.bam	0.191044776119	0.0417910447761	0.0955223880597	0.155223880597	0.0597014925373	0.173134328358	0.15223880597	0.0776119402985	0.155223880597	0.125373134328	0.202985074627	0.191044776119	0.2	0.164179104478	0.194029850746	0.0417910447761	0.0	0.185074626866	0.197014925373	0.223880597015	0.158208955224	0.137313432836	0.15223880597	0.173134328358	0.173134328358	0.188059701493	0.182089552239	0.137313432836	0.220895522388	0.0	0.149253731343	0.149253731343	0.149253731343
T2D-122A.snv.bam	0.140298507463	0.194029850746	0.173134328358	0.161194029851	0.194029850746	0.128358208955	0.140298507463	0.182089552239	0.128358208955	0.149253731343	0.161194029851	0.119402985075	0.131343283582	0.113432835821	0.134328358209	0.185074626866	0.185074626866	0.0	0.137313432836	0.15223880597	0.089552238806	0.146268656716	0.0985074626866	0.137313432836	0.146268656716	0.119402985075	0.167164179104	0.155223880597	0.15223880597	0.182089552239	0.161194029851	0.161194029851	0.161194029851
V1.CD1-0-PT.snv.bam	0.146268656716	0.2	0.232835820896	0.173134328358	0.194029850746	0.170149253731	0.173134328358	0.197014925373	0.131343283582	0.146268656716	0.191044776119	0.161194029851	0.107462686567	0.140298507463	0.155223880597	0.188059701493	0.197014925373	0.137313432836	0.0	0.164179104478	0.0835820895522	0.202985074627	0.119402985075	0.182089552239	0.140298507463	0.149253731343	0.194029850746	0.167164179104	0.119402985075	0.191044776119	0.176119402985	0.176119402985	0.176119402985
V1.CD36-0.snv.bam	0.173134328358	0.226865671642	0.220895522388	0.202985074627	0.217910447761	0.173134328358	0.182089552239	0.205970149254	0.15223880597	0.167164179104	0.202985074627	0.146268656716	0.158208955224	0.167164179104	0.110447761194	0.214925373134	0.223880597015	0.15223880597	0.164179104478	0.0	0.131343283582	0.173134328358	0.14328358209	0.140298507463	0.113432835821	0.155223880597	0.202985074627	0.155223880597	0.119402985075	0.220895522388	0.188059701493	0.188059701493	0.188059701493
V1.CD41-0.snv.bam	0.116417910448	0.146268656716	0.146268656716	0.149253731343	0.155223880597	0.14328358209	0.140298507463	0.134328358209	0.0835820895522	0.119402985075	0.164179104478	0.116417910448	0.0716417910448	0.10447761194	0.116417910448	0.134328358209	0.158208955224	0.089552238806	0.0835820895522	0.131343283582	0.0	0.116417910448	0.101492537313	0.119402985075	0.116417910448	0.089552238806	0.128358208955	0.14328358209	0.10447761194	0.158208955224	0.131343283582	0.131343283582	0.131343283582
V1.FI05.snv.bam	0.158208955224	0.137313432836	0.14328358209	0.202985074627	0.125373134328	0.15223880597	0.191044776119	0.149253731343	0.140298507463	0.131343283582	0.179104477612	0.182089552239	0.185074626866	0.140298507463	0.14328358209	0.113432835821	0.137313432836	0.146268656716	0.202985074627	0.173134328358	0.116417910448	0.0	0.15223880597	0.176119402985	0.167164179104	0.167164179104	0.191044776119	0.167164179104	0.164179104478	0.137313432836	0.188059701493	0.188059701493	0.188059701493
V1.FI13.snv.bam	0.119402985075	0.158208955224	0.176119402985	0.14328358209	0.167164179104	0.140298507463	0.122388059701	0.173134328358	0.128358208955	0.116417910448	0.164179104478	0.122388059701	0.149253731343	0.119402985075	0.113432835821	0.140298507463	0.15223880597	0.0985074626866	0.119402985075	0.14328358209	0.101492537313	0.15223880597	0.0	0.173134328358	0.101492537313	0.122388059701	0.137313432836	0.110447761194	0.161194029851	0.146268656716	0.155223880597	0.155223880597	0.155223880597
V1.FI15.snv.bam	0.164179104478	0.173134328358	0.155223880597	0.146268656716	0.176119402985	0.170149253731	0.140298507463	0.161194029851	0.128358208955	0.155223880597	0.176119402985	0.167164179104	0.140298507463	0.155223880597	0.122388059701	0.15223880597	0.173134328358	0.137313432836	0.182089552239	0.140298507463	0.119402985075	0.176119402985	0.173134328358	0.0	0.14328358209	0.14328358209	0.179104477612	0.194029850746	0.14328358209	0.173134328358	0.146268656716	0.146268656716	0.146268656716
V1.FI17.snv.bam	0.161194029851	0.179104477612	0.191044776119	0.173134328358	0.182089552239	0.164179104478	0.15223880597	0.188059701493	0.131343283582	0.14328358209	0.191044776119	0.164179104478	0.164179104478	0.164179104478	0.0865671641791	0.170149253731	0.173134328358	0.146268656716	0.140298507463	0.113432835821	0.116417910448	0.167164179104	0.101492537313	0.14328358209	0.0	0.131343283582	0.191044776119	0.101492537313	0.182089552239	0.167164179104	0.140298507463	0.140298507463	0.140298507463
V1.FI25.snv.bam	0.128358208955	0.185074626866	0.185074626866	0.161194029851	0.188059701493	0.164179104478	0.14328358209	0.176119402985	0.134328358209	0.125373134328	0.161194029851	0.15223880597	0.137313432836	0.128358208955	0.134328358209	0.167164179104	0.188059701493	0.119402985075	0.149253731343	0.155223880597	0.089552238806	0.167164179104	0.122388059701	0.14328358209	0.131343283582	0.0	0.167164179104	0.149253731343	0.170149253731	0.185074626866	0.122388059701	0.122388059701	0.122388059701
V1.FI32.snv.bam	0.173134328358	0.191044776119	0.208955223881	0.170149253731	0.197014925373	0.170149253731	0.173134328358	0.197014925373	0.167164179104	0.161194029851	0.170149253731	0.194029850746	0.185074626866	0.155223880597	0.185074626866	0.185074626866	0.182089552239	0.167164179104	0.194029850746	0.202985074627	0.128358208955	0.191044776119	0.137313432836	0.179104477612	0.191044776119	0.167164179104	0.0	0.179104477612	0.176119402985	0.185074626866	0.173134328358	0.173134328358	0.173134328358
V1.FI33.snv.bam	0.176119402985	0.146268656716	0.167164179104	0.167164179104	0.158208955224	0.134328358209	0.149253731343	0.158208955224	0.131343283582	0.119402985075	0.191044776119	0.149253731343	0.185074626866	0.149253731343	0.14328358209	0.137313432836	0.137313432836	0.155223880597	0.167164179104	0.155223880597	0.14328358209	0.167164179104	0.110447761194	0.194029850746	0.101492537313	0.149253731343	0.179104477612	0.0	0.191044776119	0.131343283582	0.15223880597	0.15223880597	0.15223880597
V1.UC11-5.snv.bam	0.155223880597	0.214925373134	0.223880597015	0.202985074627	0.214925373134	0.14328358209	0.197014925373	0.188059701493	0.125373134328	0.173134328358	0.197014925373	0.15223880597	0.0925373134328	0.170149253731	0.146268656716	0.205970149254	0.220895522388	0.15223880597	0.119402985075	0.119402985075	0.10447761194	0.164179104478	0.161194029851	0.14328358209	0.182089552239	0.170149253731	0.176119402985	0.191044776119	0.0	0.223880597015	0.185074626866	0.185074626866	0.185074626866
V1.UC54-0.snv.bam	0.188059701493	0.0388059701493	0.101492537313	0.149253731343	0.0597014925373	0.173134328358	0.146268656716	0.0776119402985	0.158208955224	0.125373134328	0.2	0.185074626866	0.197014925373	0.161194029851	0.191044776119	0.0417910447761	0.0	0.182089552239	0.191044776119	0.220895522388	0.158208955224	0.137313432836	0.146268656716	0.173134328358	0.167164179104	0.185074626866	0.185074626866	0.131343283582	0.223880597015	0.0	0.146268656716	0.146268656716	0.146268656716
peacemaker-11-0-0.snv.bam	0.149253731343	0.140298507463	0.176119402985	0.122388059701	0.15223880597	0.158208955224	0.146268656716	0.140298507463	0.116417910448	0.128358208955	0.182089552239	0.191044776119	0.170149253731	0.164179104478	0.173134328358	0.131343283582	0.149253731343	0.161194029851	0.176119402985	0.188059701493	0.131343283582	0.188059701493	0.155223880597	0.146268656716	0.140298507463	0.122388059701	0.173134328358	0.15223880597	0.185074626866	0.146268656716	0.0	0.0	0.0
peacemaker-11-2-0.snv.bam	0.149253731343	0.140298507463	0.176119402985	0.122388059701	0.15223880597	0.158208955224	0.146268656716	0.140298507463	0.116417910448	0.128358208955	0.182089552239	0.191044776119	0.170149253731	0.164179104478	0.173134328358	0.131343283582	0.149253731343	0.161194029851	0.176119402985	0.188059701493	0.131343283582	0.188059701493	0.155223880597	0.146268656716	0.140298507463	0.122388059701	0.173134328358	0.15223880597	0.185074626866	0.146268656716	0.0	0.0	0.0
peacemaker-11-7-0.snv.bam	0.149253731343	0.140298507463	0.176119402985	0.122388059701	0.15223880597	0.158208955224	0.146268656716	0.140298507463	0.116417910448	0.128358208955	0.182089552239	0.191044776119	0.170149253731	0.164179104478	0.173134328358	0.131343283582	0.149253731343	0.161194029851	0.176119402985	0.188059701493	0.131343283582	0.188059701493	0.155223880597	0.146268656716	0.140298507463	0.122388059701	0.173134328358	0.15223880597	0.185074626866	0.146268656716	0.0	0.0	0.0
