	764083206-stool1.snv.bam	CCIS09568613ST-4-0.snv.bam	CCIS11362406ST-4-0.snv.bam	CCIS71301801ST-4-0.snv.bam	CCIS74239020ST-4-0.snv.bam	CCIS81887263ST-4-0.snv.bam	CCMD46222674ST-21-0.snv.bam	MH0247.snv.bam	MH0290.snv.bam	MH0293.snv.bam	MH0316.snv.bam	MH0334.snv.bam	MH0345.snv.bam	MH0396.snv.bam	MH0447.snv.bam	MH0458.snv.bam	MMRS67096717ST-27-0-0.snv.bam	MMRS67247116ST-27-0-0.snv.bam	MMRS72802364ST-27-0-0.snv.bam	MMRS81671217ST-27-0-0.snv.bam	MMRS84085284ST-27-0-0.snv.bam	MMRS97327636ST-27-0-0.snv.bam	NG-5636_144.snv.bam	NG-5636_248.snv.bam	NG-5636_462.snv.bam	NG-5636_479.snv.bam	NG-5636_487.snv.bam	O2.UC13-1.snv.bam	SAMEA3136658.snv.bam	SAMEA3136676.snv.bam	SAMEA3136687.snv.bam	SAMEA3136696.snv.bam	SAMEA3136705.snv.bam	SAMEA3136714.snv.bam	SAMEA3136718.snv.bam	SAMEA3136721.snv.bam	SAMEA3136723.snv.bam	SAMEA3136724.snv.bam	SAMEA3136732.snv.bam	SAMEA3136752.snv.bam	SAMEA3136760.snv.bam	T2D-19A.snv.bam	T2D-47A.snv.bam	T2D-6A.snv.bam	V1.CD32-0.snv.bam	V1.FI27.snv.bam	V1.UC53-0.snv.bam
764083206-stool1.snv.bam	0.0	0.175287386304	0.182776208546	0.158520499633	0.172738145712	0.179981486722	0.167979526554	0.160055596139	0.114449860705	0.136619038918	0.125750815781	0.116271015874	0.131982369063	0.115001363004	0.142300358508	0.158455774767	0.146873269308	0.18130102144	0.102274335085	0.114380462565	0.169454226145	0.107954606333	0.147289782883	0.169455951367	0.153161266689	0.168729120483	0.134756822193	0.146972972059	0.131083277874	0.137470960012	0.115211709794	0.105635458583	0.141676793868	0.149487257276	0.132189251266	0.138188306063	0.116081159426	0.169925015909	0.135067843517	0.13951603328	0.145137091516	0.160849708776	0.158671031005	0.204387554386	0.193579305448	0.143474570095	0.177918414276
CCIS09568613ST-4-0.snv.bam	0.175287386304	0.0	0.145030766194	0.122215084403	0.128125244629	0.130830343465	0.153717276035	0.180113505987	0.162919536239	0.152500018277	0.159826114735	0.162560213931	0.154777045223	0.144679758854	0.17503291503	0.106283424494	0.166901659981	0.130105642555	0.173400822208	0.169540995005	0.106005222235	0.173441190442	0.14294884616	0.20206786335	0.116316003504	0.132524092856	0.151740430622	0.158030526019	0.154867077247	0.17359014752	0.18348397961	0.156068845046	0.153036728395	0.142718931417	0.149805123542	0.180710775854	0.149724866137	0.155509081709	0.181589814815	0.166370061728	0.163004734848	0.177969315048	0.178786014205	0.188959705933	0.132099847125	0.141203044146	0.137995001606
CCIS11362406ST-4-0.snv.bam	0.182776208546	0.145030766194	0.0	0.152768505982	0.151774946536	0.18699077064	0.189436712621	0.182677243198	0.191647065999	0.199195734382	0.185715963878	0.185393597962	0.193015277417	0.182484574418	0.180770147923	0.155715433984	0.199622437407	0.175477551692	0.202223990536	0.169117989977	0.134628160863	0.2069950827	0.182142427438	0.145121675717	0.160311009489	0.152119219653	0.218913840845	0.173918675604	0.185061555155	0.192274674622	0.186643935491	0.173950869421	0.175805690971	0.189004278273	0.177943608575	0.186824342148	0.18889594058	0.198651196567	0.211020585571	0.191626124083	0.201344272698	0.123540621085	0.146830807088	0.162207908757	0.0652042253725	0.168560006797	0.0996546595867
CCIS71301801ST-4-0.snv.bam	0.158520499633	0.122215084403	0.152768505982	0.0	0.0817676101704	0.0917744435092	0.148882966612	0.163791617331	0.159636958916	0.162908295997	0.161012585475	0.142711481312	0.167481574316	0.15281961073	0.170790608123	0.0592895467247	0.176272366124	0.0971694137319	0.170895804657	0.138092363447	0.0943813881448	0.15831029878	0.132551035267	0.179909484455	0.0773415977961	0.0931180808108	0.163599972006	0.101600730671	0.159129427188	0.166462141537	0.148925257136	0.14366648042	0.143244525795	0.13980442166	0.155161673645	0.169010160955	0.154195081935	0.148920673921	0.165526404989	0.176801572775	0.155194312142	0.171853337295	0.162403707789	0.166883574359	0.0580321260074	0.11794760483	0.120828080345
CCIS74239020ST-4-0.snv.bam	0.172738145712	0.128125244629	0.151774946536	0.0817676101704	0.0	0.101792685166	0.155670574793	0.161538318094	0.166049588668	0.174028394848	0.161944880113	0.153245568483	0.171893351953	0.160892100422	0.176883466368	0.075872828207	0.186931531562	0.114207652521	0.175530557579	0.157736708816	0.101744285449	0.171577255304	0.144024109064	0.189960546511	0.0957931053625	0.110690961155	0.171883561447	0.125410604624	0.17284094431	0.161940387819	0.167708472875	0.151331757841	0.15039912764	0.148290366429	0.159957022818	0.179787527376	0.167757799887	0.162372644118	0.174800550357	0.177970456425	0.165234543889	0.172583847463	0.163578345478	0.179018310011	0.116967958385	0.138377006555	0.133100153292
CCIS81887263ST-4-0.snv.bam	0.179981486722	0.130830343465	0.18699077064	0.0917744435092	0.101792685166	0.0	0.152735743911	0.189016834864	0.164538546649	0.179488095307	0.168888622083	0.153092942417	0.179582214985	0.156442017203	0.189233763054	0.0780223155011	0.189974323807	0.0290337781741	0.188287707102	0.165682331838	0.0994735245181	0.175971590464	0.152778854302	0.211552305404	0.0557670041118	0.0971100634449	0.178336230499	0.132475815533	0.179980951904	0.170151514015	0.177732181047	0.163896046175	0.155717383293	0.156086016439	0.171324926578	0.193724592204	0.173453864613	0.157019560787	0.190662558732	0.184226155223	0.166231804588	0.191086824122	0.181428591586	0.156656191706	0.124221374903	0.13694721193	0.155299321802
CCMD46222674ST-21-0.snv.bam	0.167979526554	0.153717276035	0.189436712621	0.148882966612	0.155670574793	0.152735743911	0.0	0.141877348702	0.141794378541	0.162826773524	0.165599294201	0.151658301867	0.181102340801	0.182791699548	0.169701287691	0.153381554302	0.160825187833	0.151624585533	0.164528536339	0.157059151783	0.132704025441	0.145454012803	0.137161868742	0.189931424882	0.121238525614	0.135027882866	0.16752059351	0.17420743159	0.143911114901	0.176223598932	0.133495704039	0.13557577359	0.177874098869	0.15393633478	0.131411706949	0.149631913722	0.145581721221	0.157350785066	0.157403510989	0.14963145808	0.163428749384	0.190415080229	0.177806044911	0.189983042414	0.123279793878	0.164185515426	0.180403850519
MH0247.snv.bam	0.160055596139	0.180113505987	0.182677243198	0.163791617331	0.161538318094	0.189016834864	0.141877348702	0.0	0.131856850628	0.15086682818	0.138117346768	0.162171148304	0.166542379948	0.17172183276	0.132605305016	0.161172044613	0.150235395331	0.196810080757	0.153904372487	0.16593124308	0.172320041156	0.132141932782	0.117300112061	0.169673849491	0.167448886228	0.182715556245	0.178898268699	0.17406001633	0.144918805892	0.152433288627	0.127898728131	0.133767730133	0.178036293676	0.137372719217	0.127576232391	0.132310896273	0.133582328002	0.133057452775	0.116775328764	0.136232565606	0.161705845799	0.175690095696	0.181459695815	0.21954841464	0.149221374903	0.172304972139	0.181613263947
MH0290.snv.bam	0.114449860705	0.162919536239	0.191647065999	0.159636958916	0.166049588668	0.164538546649	0.141794378541	0.131856850628	0.0	0.106565273645	0.103712967381	0.0785704730641	0.127416513117	0.102509079996	0.114810922854	0.152816373332	0.104822797309	0.169679602543	0.0925733503238	0.128858397556	0.174196080847	0.0743593029886	0.0984847269118	0.174758437738	0.149957964072	0.170377084171	0.118739622072	0.145264132319	0.0976418571733	0.10583869367	0.100344100716	0.0687093591103	0.132092907963	0.123104990458	0.0980193589421	0.0992680416026	0.102899508457	0.128718500322	0.0881649177627	0.114782704082	0.113236154752	0.174727395754	0.170955396966	0.210517611451	0.15288804157	0.128503421722	0.178601269045
MH0293.snv.bam	0.136619038918	0.152500018277	0.199195734382	0.162908295997	0.174028394848	0.179488095307	0.162826773524	0.15086682818	0.106565273645	0.0	0.0900153670072	0.120917290831	0.0871715251307	0.107726316404	0.0940054074239	0.159904888017	0.130169346329	0.183003104575	0.114492022313	0.139936321173	0.176144440922	0.122073883923	0.111583157449	0.186701450798	0.16659412644	0.171024550704	0.127994226061	0.133701713871	0.0997779381072	0.107265975794	0.0972822970093	0.0931104371865	0.13752975804	0.0849528587206	0.0781745378227	0.146439332958	0.0691204733014	0.11420323685	0.106768168636	0.0558520538458	0.111514628425	0.190796238529	0.180505206519	0.212379994175	0.174221374903	0.141409268591	0.184393797788
MH0316.snv.bam	0.125750815781	0.159826114735	0.185715963878	0.161012585475	0.161944880113	0.168888622083	0.165599294201	0.138117346768	0.103712967381	0.0900153670072	0.0	0.107651075236	0.0964794886796	0.104236664582	0.0789809481526	0.153764719078	0.121356855726	0.172109711426	0.0808117236968	0.122212923743	0.161057623511	0.084836670441	0.118703206254	0.189849308146	0.155858642392	0.16096996274	0.119416448042	0.131405321389	0.124589258771	0.0767798924374	0.0872704426953	0.0839718004321	0.133403257379	0.0946635200052	0.0694910114977	0.116115399769	0.0856493681588	0.0921798408145	0.0893825650311	0.0672918570665	0.125440024486	0.194098749664	0.174795015027	0.215370639642	0.149221374903	0.149922621711	0.161020068769
MH0334.snv.bam	0.116271015874	0.162560213931	0.185393597962	0.142711481312	0.153245568483	0.153092942417	0.151658301867	0.162171148304	0.0785704730641	0.120917290831	0.107651075236	0.0	0.131850900216	0.103951023182	0.120745390408	0.14259424162	0.109592736111	0.155581431892	0.112187212047	0.116299856095	0.155811076581	0.0950916442664	0.107562267446	0.171267323868	0.130766029642	0.157512813598	0.141733716985	0.113845324811	0.0970171346148	0.10970567131	0.0977031503862	0.0830209482917	0.119891334493	0.129752922166	0.107375276001	0.121726265369	0.104070763379	0.140938439602	0.0934864672365	0.119891334493	0.100038029676	0.172694953369	0.161109754407	0.202655082372	0.183985628057	0.122411251895	0.16051243347
MH0345.snv.bam	0.131982369063	0.154777045223	0.193015277417	0.167481574316	0.171893351953	0.179582214985	0.181102340801	0.166542379948	0.127416513117	0.0871715251307	0.0964794886796	0.131850900216	0.0	0.126148395161	0.11740792629	0.164623823608	0.118668474946	0.187560024629	0.123930826074	0.160538129687	0.165144880923	0.135341539987	0.127434895682	0.189023482618	0.166660751442	0.172783129056	0.13694312938	0.133871903923	0.136830097242	0.122626877753	0.107970177927	0.111678235282	0.14416821768	0.0916804951319	0.117591983475	0.138378680364	0.10088213339	0.151855416505	0.124065499602	0.0999204300698	0.12973763437	0.172632659171	0.169890677126	0.205778265041	0.153047564003	0.154068759614	0.175960232442
MH0396.snv.bam	0.115001363004	0.144679758854	0.182484574418	0.15281961073	0.160892100422	0.156442017203	0.182791699548	0.17172183276	0.102509079996	0.107726316404	0.104236664582	0.103951023182	0.126148395161	0.0	0.141345460098	0.143054720474	0.143225351793	0.157475182096	0.118455682383	0.142447461454	0.162830264639	0.123195782469	0.10335428292	0.19323799631	0.140801722775	0.158576998996	0.124495308377	0.143356062568	0.127972600536	0.0998024674241	0.119634032609	0.102569045657	0.120877970981	0.119596056839	0.1172230097	0.155532654497	0.117213323452	0.126353663176	0.138583070759	0.123095265881	0.10760989776	0.187806061915	0.186457559497	0.217990275869	0.149221374903	0.128907468917	0.156842324151
MH0447.snv.bam	0.142300358508	0.17503291503	0.180770147923	0.170790608123	0.176883466368	0.189233763054	0.169701287691	0.132605305016	0.114810922854	0.0940054074239	0.0789809481526	0.120745390408	0.11740792629	0.141345460098	0.0	0.177458285399	0.140351753896	0.188895768816	0.112650695147	0.149852490903	0.171107996654	0.116766901918	0.137267325801	0.178736180229	0.169153977366	0.183741997967	0.145939564146	0.150555111848	0.134508589738	0.107381605485	0.122976287676	0.0973360184021	0.156323397305	0.106753598633	0.104345290758	0.122141618488	0.105656629401	0.130785298528	0.103834362217	0.0741709006784	0.154970409202	0.194105961961	0.187997076552	0.221291728141	0.188843440808	0.159565606856	0.191550164657
MH0458.snv.bam	0.158455774767	0.106283424494	0.155715433984	0.0592895467247	0.075872828207	0.0780223155011	0.153381554302	0.161172044613	0.152816373332	0.159904888017	0.153764719078	0.14259424162	0.164623823608	0.143054720474	0.177458285399	0.0	0.168472852424	0.0827280820401	0.170935489943	0.146161433178	0.101952596177	0.160984415375	0.132458576006	0.181381116495	0.0657879532791	0.080201264001	0.138907178372	0.113475844026	0.161489784967	0.159655956616	0.157149345874	0.146139207933	0.14142278733	0.142516317206	0.156719463983	0.178975880247	0.155968507103	0.13604694749	0.163319717154	0.165450247284	0.14233087705	0.166947010897	0.152698884658	0.163910123473	0.148516246698	0.104674813048	0.129488434872
MMRS67096717ST-27-0-0.snv.bam	0.146873269308	0.166901659981	0.199622437407	0.176272366124	0.186931531562	0.189974323807	0.160825187833	0.150235395331	0.104822797309	0.130169346329	0.121356855726	0.109592736111	0.118668474946	0.143225351793	0.140351753896	0.168472852424	0.0	0.183523009084	0.132212235785	0.142636467576	0.179894161116	0.117171578663	0.11802111636	0.191202044931	0.168771830426	0.177084639157	0.152463699474	0.153210762731	0.119027235658	0.138118569818	0.0958012135066	0.104761073275	0.162886218786	0.144397921001	0.115585506946	0.141602149141	0.11987091712	0.124305905087	0.135277389912	0.113357249919	0.138082087192	0.195937123519	0.187991440828	0.214546497346	0.120294892064	0.143185025923	0.171748692545
MMRS67247116ST-27-0-0.snv.bam	0.18130102144	0.130105642555	0.175477551692	0.0971694137319	0.114207652521	0.0290337781741	0.151624585533	0.196810080757	0.169679602543	0.183003104575	0.172109711426	0.155581431892	0.187560024629	0.157475182096	0.188895768816	0.0827280820401	0.183523009084	0.0	0.18804983495	0.162828616954	0.101143005614	0.173338339387	0.154739017504	0.206075764841	0.0628924310216	0.104109383409	0.179633033064	0.140080839637	0.178547562502	0.175914846932	0.174391982985	0.161141692574	0.148152133922	0.172741333366	0.16992044078	0.199434511403	0.168325881028	0.155822354497	0.194228292862	0.181126747609	0.160429834462	0.192514024023	0.182748986326	0.150116111821	0.107877131518	0.137303245001	0.151605840118
MMRS72802364ST-27-0-0.snv.bam	0.102274335085	0.173400822208	0.202223990536	0.170895804657	0.175530557579	0.188287707102	0.164528536339	0.153904372487	0.0925733503238	0.114492022313	0.0808117236968	0.112187212047	0.123930826074	0.118455682383	0.112650695147	0.170935489943	0.132212235785	0.18804983495	0.0	0.122650473524	0.182447760141	0.0744007161144	0.129461173631	0.192963741467	0.165855359374	0.179665657816	0.105698962175	0.151684602463	0.114053316298	0.119973924676	0.112264645582	0.089248973919	0.14690350387	0.11701687728	0.091335119842	0.106441102762	0.097155439912	0.123894154017	0.100552696643	0.106851621722	0.133575560233	0.193716788699	0.173915097768	0.218967896777	0.172286851093	0.136404850842	0.185008225011
MMRS81671217ST-27-0-0.snv.bam	0.114380462565	0.169540995005	0.169117989977	0.138092363447	0.157736708816	0.165682331838	0.157059151783	0.16593124308	0.128858397556	0.139936321173	0.122212923743	0.116299856095	0.160538129687	0.142447461454	0.149852490903	0.146161433178	0.142636467576	0.162828616954	0.122650473524	0.0	0.143457332176	0.124873443017	0.12675535648	0.181766823977	0.145350316527	0.139827904302	0.151796343618	0.127931793696	0.120251382852	0.14887920238	0.108748292851	0.0994851293093	0.132344872233	0.137104920423	0.103237206609	0.148600422091	0.108052461333	0.148588138065	0.140716844176	0.133766730798	0.157158288631	0.180633904024	0.15649933367	0.197471247853	0.0826470318421	0.142898491185	0.15519152532
MMRS84085284ST-27-0-0.snv.bam	0.169454226145	0.106005222235	0.134628160863	0.0943813881448	0.101744285449	0.0994735245181	0.132704025441	0.172320041156	0.174196080847	0.176144440922	0.161057623511	0.155811076581	0.165144880923	0.162830264639	0.171107996654	0.101952596177	0.179894161116	0.101143005614	0.182447760141	0.143457332176	0.0	0.167837634868	0.148376557337	0.197157474478	0.0870869068831	0.107172472152	0.178881397994	0.133395973295	0.176268240523	0.18118252023	0.160083474117	0.151822640755	0.14737978792	0.144412804842	0.149333699392	0.164641601058	0.169931740369	0.155398487674	0.18276059079	0.181071946102	0.173663689871	0.177633312689	0.165557737174	0.172382758125	0.0762250616923	0.145411631495	0.12975834517
MMRS97327636ST-27-0-0.snv.bam	0.107954606333	0.173441190442	0.2069950827	0.15831029878	0.171577255304	0.175971590464	0.145454012803	0.132141932782	0.0743593029886	0.122073883923	0.084836670441	0.0950916442664	0.135341539987	0.123195782469	0.116766901918	0.160984415375	0.117171578663	0.173338339387	0.0744007161144	0.124873443017	0.167837634868	0.0	0.117583067955	0.184297769586	0.158347789361	0.17177621842	0.117218604384	0.143749129598	0.104309293626	0.116010976149	0.0979155127779	0.086657848975	0.151602087492	0.121574720969	0.091978042326	0.0868003837977	0.0931548148371	0.121082323607	0.0941738314215	0.113786558171	0.109469778211	0.195702753704	0.176096072598	0.214119752647	0.143234210132	0.139500069337	0.172344012157
NG-5636_144.snv.bam	0.147289782883	0.14294884616	0.182142427438	0.132551035267	0.144024109064	0.152778854302	0.137161868742	0.117300112061	0.0984847269118	0.111583157449	0.118703206254	0.107562267446	0.127434895682	0.10335428292	0.137267325801	0.132458576006	0.11802111636	0.154739017504	0.129461173631	0.12675535648	0.148376557337	0.117583067955	0.0	0.183071260995	0.141276439994	0.142582911108	0.140633149149	0.129057863036	0.114824691587	0.128256847731	0.0665793212568	0.0916036304146	0.114800054046	0.100281299693	0.0889006092034	0.120415708338	0.111148768603	0.123331444031	0.0862407947866	0.106096350342	0.119962232122	0.178707098447	0.174188753184	0.206979640438	0.0813377259508	0.115935742092	0.164124174006
NG-5636_248.snv.bam	0.169455951367	0.20206786335	0.145121675717	0.179909484455	0.189960546511	0.211552305404	0.189931424882	0.169673849491	0.174758437738	0.186701450798	0.189849308146	0.171267323868	0.189023482618	0.19323799631	0.178736180229	0.181381116495	0.191202044931	0.206075764841	0.192963741467	0.181766823977	0.197157474478	0.184297769586	0.183071260995	0.0	0.179332750583	0.184116754145	0.192003694449	0.186792526266	0.174728481844	0.189246263798	0.153777352534	0.152842454134	0.206628734263	0.191756394052	0.170305353507	0.173219181023	0.171040110092	0.208528735416	0.188463796157	0.183404690548	0.176280673763	0.0765637688049	0.15118916965	0.187884829351	0.0989796559585	0.165916395782	0.140041108228
NG-5636_462.snv.bam	0.153161266689	0.116316003504	0.160311009489	0.0773415977961	0.0957931053625	0.0557670041118	0.121238525614	0.167448886228	0.149957964072	0.16659412644	0.155858642392	0.130766029642	0.166660751442	0.140801722775	0.169153977366	0.0657879532791	0.168771830426	0.0628924310216	0.165855359374	0.145350316527	0.0870869068831	0.158347789361	0.141276439994	0.179332750583	0.0	0.086710550324	0.158180424939	0.116444594319	0.160499303533	0.157169223427	0.148419561975	0.14457373902	0.135857461024	0.145091554097	0.153757159797	0.180996991672	0.155146503046	0.14355114243	0.169120267261	0.167037861915	0.143735763098	0.163546716478	0.143632307859	0.141056142134	0.127406538362	0.107755945044	0.13542724525
NG-5636_479.snv.bam	0.168729120483	0.132524092856	0.152119219653	0.0931180808108	0.110690961155	0.0971100634449	0.135027882866	0.182715556245	0.170377084171	0.171024550704	0.16096996274	0.157512813598	0.172783129056	0.158576998996	0.183741997967	0.080201264001	0.177084639157	0.104109383409	0.179665657816	0.139827904302	0.107172472152	0.17177621842	0.142582911108	0.184116754145	0.086710550324	0.0	0.169625929481	0.132715109076	0.16303760165	0.16319857857	0.153652289723	0.148966948907	0.147793692989	0.142323576995	0.154116533179	0.175946040283	0.167570729041	0.149919250077	0.176739132215	0.17305874517	0.164400429094	0.178370224478	0.168749354797	0.182872928397	0.0687207267751	0.133503750616	0.146441411399
NG-5636_487.snv.bam	0.134756822193	0.151740430622	0.218913840845	0.163599972006	0.171883561447	0.178336230499	0.16752059351	0.178898268699	0.118739622072	0.127994226061	0.119416448042	0.141733716985	0.13694312938	0.124495308377	0.145939564146	0.138907178372	0.152463699474	0.179633033064	0.105698962175	0.151796343618	0.178881397994	0.117218604384	0.140633149149	0.192003694449	0.158180424939	0.169625929481	0.0	0.158939019723	0.122037108269	0.13644382203	0.134355565415	0.119632761446	0.176218291512	0.134252612402	0.109917247241	0.140620478606	0.122865934953	0.134239958978	0.130935486083	0.133231866173	0.136547418631	0.199336271758	0.19384854856	0.20755932422	0.174221374903	0.173552464979	0.197448809273
O2.UC13-1.snv.bam	0.146972972059	0.158030526019	0.173918675604	0.101600730671	0.125410604624	0.132475815533	0.17420743159	0.17406001633	0.145264132319	0.133701713871	0.131405321389	0.113845324811	0.133871903923	0.143356062568	0.150555111848	0.113475844026	0.153210762731	0.140080839637	0.151684602463	0.127931793696	0.133395973295	0.143749129598	0.129057863036	0.186792526266	0.116444594319	0.132715109076	0.158939019723	0.0	0.144391457508	0.154827368768	0.133641535498	0.121596219372	0.136569465319	0.140312418439	0.140495907311	0.144825082559	0.120685227903	0.150587450467	0.136887606471	0.138909061207	0.119473464752	0.178627337697	0.151500466913	0.182086085994	0.100989364977	0.122617590241	0.137900074624
SAMEA3136658.snv.bam	0.131083277874	0.154867077247	0.185061555155	0.159129427188	0.17284094431	0.179980951904	0.143911114901	0.144918805892	0.0976418571733	0.0997779381072	0.124589258771	0.0970171346148	0.136830097242	0.127972600536	0.134508589738	0.161489784967	0.119027235658	0.178547562502	0.114053316298	0.120251382852	0.176268240523	0.104309293626	0.114824691587	0.174728481844	0.160499303533	0.16303760165	0.122037108269	0.144391457508	0.0	0.131783486341	0.109027112939	0.0923416209415	0.141435285782	0.122184790256	0.0971943733773	0.124810812124	0.0804475615025	0.138346788775	0.115734092818	0.112792344937	0.129618265303	0.188947580719	0.176077881324	0.212384407424	0.192230590885	0.139924122528	0.174152134039
SAMEA3136676.snv.bam	0.137470960012	0.17359014752	0.192274674622	0.166462141537	0.161940387819	0.170151514015	0.176223598932	0.152433288627	0.10583869367	0.107265975794	0.0767798924374	0.10970567131	0.122626877753	0.0998024674241	0.107381605485	0.159655956616	0.138118569818	0.175914846932	0.119973924676	0.14887920238	0.18118252023	0.116010976149	0.128256847731	0.189246263798	0.157169223427	0.16319857857	0.13644382203	0.154827368768	0.131783486341	0.0	0.110201245666	0.0940223083591	0.134024270032	0.119396875046	0.106762135787	0.131053721399	0.105478306503	0.132051932458	0.10592705955	0.0891102097331	0.128790588978	0.198714433631	0.197638911943	0.227128307751	0.181419963351	0.14723377781	0.175859178201
SAMEA3136687.snv.bam	0.115211709794	0.18348397961	0.186643935491	0.148925257136	0.167708472875	0.177732181047	0.133495704039	0.127898728131	0.100344100716	0.0972822970093	0.0872704426953	0.0977031503862	0.107970177927	0.119634032609	0.122976287676	0.157149345874	0.0958012135066	0.174391982985	0.112264645582	0.108748292851	0.160083474117	0.0979155127779	0.0665793212568	0.153777352534	0.148419561975	0.153652289723	0.134355565415	0.133641535498	0.109027112939	0.110201245666	0.0	0.0804067090484	0.140792867062	0.115065759315	0.0581727043141	0.110678675713	0.0985359624225	0.129146035412	0.0960039488566	0.0858445904783	0.107038162554	0.169673345598	0.179575654878	0.199961585723	0.135068432584	0.125814189671	0.166302738833
SAMEA3136696.snv.bam	0.105635458583	0.156068845046	0.173950869421	0.14366648042	0.151331757841	0.163896046175	0.13557577359	0.133767730133	0.0687093591103	0.0931104371865	0.0839718004321	0.0830209482917	0.111678235282	0.102569045657	0.0973360184021	0.146139207933	0.104761073275	0.161141692574	0.089248973919	0.0994851293093	0.151822640755	0.086657848975	0.0916036304146	0.152842454134	0.14457373902	0.148966948907	0.119632761446	0.121596219372	0.0923416209415	0.0940223083591	0.0804067090484	0.0	0.117892520146	0.11076419803	0.0828277308124	0.106019206529	0.0797203275965	0.115386658742	0.0862382460063	0.0839503082602	0.114714002212	0.168124415226	0.150476950088	0.197898428901	0.119595673358	0.121792390189	0.157734722279
SAMEA3136705.snv.bam	0.141676793868	0.153036728395	0.175805690971	0.143244525795	0.15039912764	0.155717383293	0.177874098869	0.178036293676	0.132092907963	0.13752975804	0.133403257379	0.119891334493	0.14416821768	0.120877970981	0.156323397305	0.14142278733	0.162886218786	0.148152133922	0.14690350387	0.132344872233	0.14737978792	0.151602087492	0.114800054046	0.206628734263	0.135857461024	0.147793692989	0.176218291512	0.136569465319	0.141435285782	0.134024270032	0.140792867062	0.117892520146	0.0	0.141371507948	0.145107528267	0.163830741247	0.135406601119	0.167970146116	0.140493421053	0.129385964912	0.150448430493	0.186760095888	0.18381184949	0.21043557615	0.199221374903	0.130323584658	0.172094898111
SAMEA3136714.snv.bam	0.149487257276	0.142718931417	0.189004278273	0.13980442166	0.148290366429	0.156086016439	0.15393633478	0.137372719217	0.123104990458	0.0849528587206	0.0946635200052	0.129752922166	0.0916804951319	0.119596056839	0.106753598633	0.142516317206	0.144397921001	0.172741333366	0.11701687728	0.137104920423	0.144412804842	0.121574720969	0.100281299693	0.191756394052	0.145091554097	0.142323576995	0.134252612402	0.140312418439	0.122184790256	0.119396875046	0.115065759315	0.11076419803	0.141371507948	0.0	0.0932934482189	0.132651661662	0.102292354551	0.10260119911	0.110711303489	0.0951160013398	0.14027627164	0.185735118521	0.169106581149	0.220679030765	0.124221374903	0.144570335397	0.159699574926
SAMEA3136718.snv.bam	0.132189251266	0.149805123542	0.177943608575	0.155161673645	0.159957022818	0.171324926578	0.131411706949	0.127576232391	0.0980193589421	0.0781745378227	0.0694910114977	0.107375276001	0.117591983475	0.1172230097	0.104345290758	0.156719463983	0.115585506946	0.16992044078	0.091335119842	0.103237206609	0.149333699392	0.091978042326	0.0889006092034	0.170305353507	0.153757159797	0.154116533179	0.109917247241	0.140495907311	0.0971943733773	0.106762135787	0.0581727043141	0.0828277308124	0.145107528267	0.0932934482189	0.0	0.112813818385	0.0870549739882	0.0983812842183	0.103344189803	0.0827788799931	0.126740500144	0.186239705445	0.174625656006	0.20544490563	0.145949480131	0.139373392623	0.165588770073
SAMEA3136721.snv.bam	0.138188306063	0.180710775854	0.186824342148	0.169010160955	0.179787527376	0.193724592204	0.149631913722	0.132310896273	0.0992680416026	0.146439332958	0.116115399769	0.121726265369	0.138378680364	0.155532654497	0.122141618488	0.178975880247	0.141602149141	0.199434511403	0.106441102762	0.148600422091	0.164641601058	0.0868003837977	0.120415708338	0.173219181023	0.180996991672	0.175946040283	0.140620478606	0.144825082559	0.124810812124	0.131053721399	0.110678675713	0.106019206529	0.163830741247	0.132651661662	0.112813818385	0.0	0.111205246145	0.149322766681	0.0965691004489	0.132280257228	0.147348121191	0.18909960424	0.178505213324	0.216512323486	0.117838205227	0.139687820662	0.185528158279
SAMEA3136723.snv.bam	0.116081159426	0.149724866137	0.18889594058	0.154195081935	0.167757799887	0.173453864613	0.145581721221	0.133582328002	0.102899508457	0.0691204733014	0.0856493681588	0.104070763379	0.10088213339	0.117213323452	0.105656629401	0.155968507103	0.11987091712	0.168325881028	0.097155439912	0.108052461333	0.169931740369	0.0931548148371	0.111148768603	0.171040110092	0.155146503046	0.167570729041	0.122865934953	0.120685227903	0.0804475615025	0.105478306503	0.0985359624225	0.0797203275965	0.135406601119	0.102292354551	0.0870549739882	0.111205246145	0.0	0.11832494259	0.10199496801	0.0709770709179	0.108760360636	0.175464283024	0.160094206013	0.202872419876	0.166409750253	0.128168187114	0.167639538779
SAMEA3136724.snv.bam	0.169925015909	0.155509081709	0.198651196567	0.148920673921	0.162372644118	0.157019560787	0.157350785066	0.133057452775	0.128718500322	0.11420323685	0.0921798408145	0.140938439602	0.151855416505	0.126353663176	0.130785298528	0.13604694749	0.124305905087	0.155822354497	0.123894154017	0.148588138065	0.155398487674	0.121082323607	0.123331444031	0.208528735416	0.14355114243	0.149919250077	0.134239958978	0.150587450467	0.138346788775	0.132051932458	0.129146035412	0.115386658742	0.167970146116	0.10260119911	0.0983812842183	0.149322766681	0.11832494259	0.0	0.141446967308	0.119405024703	0.138127485757	0.206784995143	0.191775382697	0.223322474616	0.125351318406	0.143485430332	0.173093285932
SAMEA3136732.snv.bam	0.135067843517	0.181589814815	0.211020585571	0.165526404989	0.174800550357	0.190662558732	0.157403510989	0.116775328764	0.0881649177627	0.106768168636	0.0893825650311	0.0934864672365	0.124065499602	0.138583070759	0.103834362217	0.163319717154	0.135277389912	0.194228292862	0.100552696643	0.140716844176	0.18276059079	0.0941738314215	0.0862407947866	0.188463796157	0.169120267261	0.176739132215	0.130935486083	0.136887606471	0.115734092818	0.10592705955	0.0960039488566	0.0862382460063	0.140493421053	0.110711303489	0.103344189803	0.0965691004489	0.10199496801	0.141446967308	0.0	0.0812828947368	0.105571748879	0.195834470465	0.179479570906	0.217001571675	0.149221374903	0.13029054501	0.191836997444
SAMEA3136752.snv.bam	0.13951603328	0.166370061728	0.191626124083	0.176801572775	0.177970456425	0.184226155223	0.14963145808	0.136232565606	0.114782704082	0.0558520538458	0.0672918570665	0.119891334493	0.0999204300698	0.123095265881	0.0741709006784	0.165450247284	0.113357249919	0.181126747609	0.106851621722	0.133766730798	0.181071946102	0.113786558171	0.106096350342	0.183404690548	0.167037861915	0.17305874517	0.133231866173	0.138909061207	0.112792344937	0.0891102097331	0.0858445904783	0.0839503082602	0.129385964912	0.0951160013398	0.0827788799931	0.132280257228	0.0709770709179	0.119405024703	0.0812828947368	0.0	0.12130044843	0.195685045178	0.183575413453	0.212672712615	0.150351318406	0.148945931474	0.18086095904
SAMEA3136760.snv.bam	0.145137091516	0.163004734848	0.201344272698	0.155194312142	0.165234543889	0.166231804588	0.163428749384	0.161705845799	0.113236154752	0.111514628425	0.125440024486	0.100038029676	0.12973763437	0.10760989776	0.154970409202	0.14233087705	0.138082087192	0.160429834462	0.133575560233	0.157158288631	0.173663689871	0.109469778211	0.119962232122	0.176280673763	0.143735763098	0.164400429094	0.136547418631	0.119473464752	0.129618265303	0.128790588978	0.107038162554	0.114714002212	0.150448430493	0.14027627164	0.126740500144	0.147348121191	0.108760360636	0.138127485757	0.105571748879	0.12130044843	0.0	0.176441783867	0.185847103743	0.205868884528	0.157075131477	0.110528377798	0.170671606401
T2D-19A.snv.bam	0.160849708776	0.177969315048	0.123540621085	0.171853337295	0.172583847463	0.191086824122	0.190415080229	0.175690095696	0.174727395754	0.190796238529	0.194098749664	0.172694953369	0.172632659171	0.187806061915	0.194105961961	0.166947010897	0.195937123519	0.192514024023	0.193716788699	0.180633904024	0.177633312689	0.195702753704	0.178707098447	0.0765637688049	0.163546716478	0.178370224478	0.199336271758	0.178627337697	0.188947580719	0.198714433631	0.169673345598	0.168124415226	0.186760095888	0.185735118521	0.186239705445	0.18909960424	0.175464283024	0.206784995143	0.195834470465	0.195685045178	0.176441783867	0.0	0.143636812395	0.157055496935	0.0616591338828	0.160402715407	0.149068620853
T2D-47A.snv.bam	0.158671031005	0.178786014205	0.146830807088	0.162403707789	0.163578345478	0.181428591586	0.177806044911	0.181459695815	0.170955396966	0.180505206519	0.174795015027	0.161109754407	0.169890677126	0.186457559497	0.187997076552	0.152698884658	0.187991440828	0.182748986326	0.173915097768	0.15649933367	0.165557737174	0.176096072598	0.174188753184	0.15118916965	0.143632307859	0.168749354797	0.19384854856	0.151500466913	0.176077881324	0.197638911943	0.179575654878	0.150476950088	0.18381184949	0.169106581149	0.174625656006	0.178505213324	0.160094206013	0.191775382697	0.179479570906	0.183575413453	0.185847103743	0.143636812395	0.0	0.187505370193	0.0850568211527	0.15096901743	0.143636035125
T2D-6A.snv.bam	0.204387554386	0.188959705933	0.162207908757	0.166883574359	0.179018310011	0.156656191706	0.189983042414	0.21954841464	0.210517611451	0.212379994175	0.215370639642	0.202655082372	0.205778265041	0.217990275869	0.221291728141	0.163910123473	0.214546497346	0.150116111821	0.218967896777	0.197471247853	0.172382758125	0.214119752647	0.206979640438	0.187884829351	0.141056142134	0.182872928397	0.20755932422	0.182086085994	0.212384407424	0.227128307751	0.199961585723	0.197898428901	0.21043557615	0.220679030765	0.20544490563	0.216512323486	0.202872419876	0.223322474616	0.217001571675	0.212672712615	0.205868884528	0.157055496935	0.187505370193	0.0	0.138651496283	0.181241889464	0.196009298619
V1.CD32-0.snv.bam	0.193579305448	0.132099847125	0.0652042253725	0.0580321260074	0.116967958385	0.124221374903	0.123279793878	0.149221374903	0.15288804157	0.174221374903	0.149221374903	0.183985628057	0.153047564003	0.149221374903	0.188843440808	0.148516246698	0.120294892064	0.107877131518	0.172286851093	0.0826470318421	0.0762250616923	0.143234210132	0.0813377259508	0.0989796559585	0.127406538362	0.0687207267751	0.174221374903	0.100989364977	0.192230590885	0.181419963351	0.135068432584	0.119595673358	0.199221374903	0.124221374903	0.145949480131	0.117838205227	0.166409750253	0.125351318406	0.149221374903	0.150351318406	0.157075131477	0.0616591338828	0.0850568211527	0.138651496283	0.0	0.113918881344	0.104876375481
V1.FI27.snv.bam	0.143474570095	0.141203044146	0.168560006797	0.11794760483	0.138377006555	0.13694721193	0.164185515426	0.172304972139	0.128503421722	0.141409268591	0.149922621711	0.122411251895	0.154068759614	0.128907468917	0.159565606856	0.104674813048	0.143185025923	0.137303245001	0.136404850842	0.142898491185	0.145411631495	0.139500069337	0.115935742092	0.165916395782	0.107755945044	0.133503750616	0.173552464979	0.122617590241	0.139924122528	0.14723377781	0.125814189671	0.121792390189	0.130323584658	0.144570335397	0.139373392623	0.139687820662	0.128168187114	0.143485430332	0.13029054501	0.148945931474	0.110528377798	0.160402715407	0.15096901743	0.181241889464	0.113918881344	0.0	0.152102838891
V1.UC53-0.snv.bam	0.177918414276	0.137995001606	0.0996546595867	0.120828080345	0.133100153292	0.155299321802	0.180403850519	0.181613263947	0.178601269045	0.184393797788	0.161020068769	0.16051243347	0.175960232442	0.156842324151	0.191550164657	0.129488434872	0.171748692545	0.151605840118	0.185008225011	0.15519152532	0.12975834517	0.172344012157	0.164124174006	0.140041108228	0.13542724525	0.146441411399	0.197448809273	0.137900074624	0.174152134039	0.175859178201	0.166302738833	0.157734722279	0.172094898111	0.159699574926	0.165588770073	0.185528158279	0.167639538779	0.173093285932	0.191836997444	0.18086095904	0.170671606401	0.149068620853	0.143636035125	0.196009298619	0.104876375481	0.152102838891	0.0
