	103092734-palatinetonsils3.snv.bam	158155345-tonguedorsum2.snv.bam	158216035-tonguedorsum2.snv.bam	158256496-tonguedorsum2.snv.bam	158337416-tonguedorsum1.snv.bam	158337416-tonguedorsum2.snv.bam	158458797-tonguedorsum1.snv.bam	158479027-tonguedorsum1.snv.bam	158479027-tonguedorsum2.snv.bam	158499257-tonguedorsum1.snv.bam	158499257-tonguedorsum2.snv.bam	158742018-tonguedorsum1.snv.bam	158802708-tonguedorsum1.snv.bam	158802708-tonguedorsum2.snv.bam	158802708-tonguedorsum3.snv.bam	158883629-tonguedorsum2.snv.bam	158883629-tonguedorsum3.snv.bam	158944319-tonguedorsum1.snv.bam	158944319-tonguedorsum2.snv.bam	158944319-tonguedorsum3.snv.bam	159005010-tonguedorsum2.snv.bam	159207311-tonguedorsum1.snv.bam	159207311-tonguedorsum2.snv.bam	159207311-tonguedorsum3.snv.bam	159227541-tonguedorsum2.snv.bam	159247771-tonguedorsum2.snv.bam	159268001-tonguedorsum1.snv.bam	159268001-tonguedorsum2.snv.bam	159268001-tonguedorsum3.snv.bam	159369152-tonguedorsum1.snv.bam	159369152-tonguedorsum2.snv.bam	159470302-tonguedorsum1.snv.bam	159490532-tonguedorsum1.snv.bam	159510762-supragingivalplaque3.snv.bam	159510762-tonguedorsum2.snv.bam	159571453-tonguedorsum1.snv.bam	159571453-tonguedorsum2.snv.bam	159591683-tonguedorsum2.snv.bam	159632143-tonguedorsum1.snv.bam	159713063-tonguedorsum2.snv.bam	159753524-tonguedorsum1.snv.bam	159753524-tonguedorsum3.snv.bam	159814214-tonguedorsum2.snv.bam	159915365-tonguedorsum1.snv.bam	160158126-tonguedorsum1.snv.bam	160158126-tonguedorsum2.snv.bam	160178356-tonguedorsum1.snv.bam	160178356-tonguedorsum2.snv.bam	160178356-tonguedorsum3.snv.bam	160319967-tonguedorsum1.snv.bam	160319967-tonguedorsum3.snv.bam	160380657-tonguedorsum1.snv.bam	160380657-tonguedorsum2.snv.bam	160380657-tonguedorsum3.snv.bam	160400887-tonguedorsum1.snv.bam	160421117-tonguedorsum2.snv.bam	160421117-tonguedorsum3.snv.bam	160502038-tonguedorsum1.snv.bam	160502038-tonguedorsum2.snv.bam	160502038-tonguedorsum3.snv.bam	160582958-tonguedorsum3.snv.bam	160603188-tonguedorsum1.snv.bam	160603188-tonguedorsum2.snv.bam	160603188-tonguedorsum3.snv.bam	160643649-tonguedorsum1.snv.bam	160704339-tonguedorsum1.snv.bam	160765029-tonguedorsum1.snv.bam	160947100-tonguedorsum1.snv.bam	234447334-tonguedorsum2.snv.bam	295137534-tonguedorsum2.snv.bam	338793263-tonguedorsum1.snv.bam	338793263-tonguedorsum2.snv.bam	370425937-tonguedorsum1.snv.bam	375450439-tonguedorsum3.snv.bam	508703490-tonguedorsum2.snv.bam	550534656-tonguedorsum1.snv.bam	550534656-tonguedorsum2.snv.bam	604812005-tonguedorsum1.snv.bam	604812005-tonguedorsum2.snv.bam	604812005-tonguedorsum3.snv.bam	663835652-tonguedorsum2.snv.bam	675950834-tonguedorsum1.snv.bam	675950834-tonguedorsum2.snv.bam	675950834-tonguedorsum3.snv.bam	686765762-tonguedorsum1.snv.bam	686765762-tonguedorsum2.snv.bam	686765762-tonguedorsum3.snv.bam	706846339-tonguedorsum1.snv.bam	763395383-anteriornares3.snv.bam	763435843-tonguedorsum1.snv.bam	763435843-tonguedorsum2.snv.bam	763496533-palatinetonsils1.snv.bam	763496533-palatinetonsils2.snv.bam	763496533-tonguedorsum2.snv.bam	763536994-tonguedorsum1.snv.bam	763557224-tonguedorsum3.snv.bam	763577454-tonguedorsum1.snv.bam	763759525-tonguedorsum2.snv.bam	763820215-tonguedorsum1.snv.bam	763820215-tonguedorsum2.snv.bam	763840445-tonguedorsum1.snv.bam	763840445-tonguedorsum2.snv.bam	763860675-tonguedorsum1.snv.bam	763901136-tonguedorsum2.snv.bam	763901136-tonguedorsum3.snv.bam	763961826-tonguedorsum1.snv.bam	763961826-tonguedorsum2.snv.bam	764042746-tonguedorsum1.snv.bam	764083206-tonguedorsum1.snv.bam	764083206-tonguedorsum2.snv.bam	764143897-tonguedorsum2.snv.bam	764224817-tonguedorsum1.snv.bam	764224817-tonguedorsum2.snv.bam	764285508-tonguedorsum1.snv.bam	764285508-tonguedorsum2.snv.bam	764305738-tonguedorsum2.snv.bam	764325968-tonguedorsum1.snv.bam	764447348-tonguedorsum1.snv.bam	764487809-tonguedorsum1.snv.bam	764487809-tonguedorsum2.snv.bam	764508039-tonguedorsum1.snv.bam	764508039-tonguedorsum3.snv.bam	764649650-tonguedorsum1.snv.bam	764811490-tonguedorsum1.snv.bam	764872181-tonguedorsum1.snv.bam	764892411-tonguedorsum2.snv.bam	765013792-tonguedorsum2.snv.bam	765013792-tonguedorsum3.snv.bam	765074482-tonguedorsum1.snv.bam	765094712-tonguedorsum2.snv.bam	765135172-tonguedorsum1.snv.bam	765135172-tonguedorsum2.snv.bam	765155402-tonguedorsum3.snv.bam	765216093-tonguedorsum3.snv.bam	765337473-tonguedorsum1.snv.bam	765337473-tonguedorsum2.snv.bam	765337473-tonguedorsum3.snv.bam	765377934-palatinetonsils3.snv.bam	765377934-tonguedorsum3.snv.bam	765620695-tonguedorsum1.snv.bam	765701615-tonguedorsum1.snv.bam	765701615-tonguedorsum2.snv.bam	809635352-tonguedorsum1.snv.bam	809635352-tonguedorsum2.snv.bam	823052294-tonguedorsum1.snv.bam	823052294-tonguedorsum2.snv.bam	861967750-tonguedorsum1.snv.bam	937415040-tonguedorsum1.snv.bam	953045535-tonguedorsum2.snv.bam
103092734-palatinetonsils3.snv.bam	0.0	0.15583318012	0.128342313512	0.125026916595	0.163091769264	0.137419691166	0.149849913844	0.138077892999	0.125340656957	0.153046868243	0.14361059118	0.147592971576	0.149708533401	0.144564489858	0.147745065197	0.130800693091	0.130741360896	0.145648898703	0.151770109277	0.141415355831	0.129106477774	0.135244445568	0.13237229242	0.135406087729	0.129872843709	0.195432548374	0.162061354478	0.151945538224	0.149385118018	0.17873445604	0.158991787941	0.129514901038	0.137804986707	0.138741593019	0.148068363461	0.156537647452	0.273785723315	0.138543427175	0.127769371808	0.137249245605	0.137170732752	0.130090991608	0.141999834552	0.142844158865	0.135756162311	0.138458098726	0.115226855377	0.146644643554	0.164064816214	0.132430943603	0.137291733621	0.19413631667	0.143143016715	0.171194081232	0.170128733197	0.132024954525	0.13556073096	0.134418149779	0.136254728309	0.135929897528	0.166260743586	0.133695546459	0.137698907653	0.133696692418	0.113017819775	0.179028062546	0.169709595313	0.163983789222	0.10963224507	0.129349898532	0.141882556458	0.13146732129	0.147598955074	0.207369801654	0.155918986611	0.117946271574	0.112427944606	0.141897900903	0.139088286557	0.134861353723	0.12751959179	0.139046647193	0.159408660131	0.16544557885	0.154006067598	0.120225321292	0.128208454178	0.127334330782	0.031885937489	0.122542466013	0.129319878096	0.129717235523	0.132896146822	0.126422677617	0.126807889376	0.129028954992	0.143477396829	0.105806581247	0.137972969921	0.133151301251	0.145574998453	0.124249678686	0.117373383066	0.125119440792	0.107465418701	0.16493274002	0.162662687797	0.131153597593	0.171074017579	0.150052434603	0.204617506309	0.159626924923	0.160271790398	0.111232366012	0.0722361515013	0.122813724566	0.108042703028	0.145732488809	0.120488763385	0.121968598521	0.110730243341	0.144574980679	0.125487849467	0.142674702996	0.146468800423	0.128185988087	0.141628499535	0.135682899499	0.129916144581	0.178079897842	0.136161959914	0.161257265574	0.128789837465	0.132525697241	0.122632130062	0.136199075001	0.117091286945	0.179856372737	0.1774939581	0.156076343119	0.124418874565	0.118854040179	0.144016706693	0.169181927388	0.134771804995	0.128425386167	0.133804486876	0.125428804974	0.178437150156
158155345-tonguedorsum2.snv.bam	0.15583318012	0.0	0.113735172838	0.0966659545953	0.152645851586	0.137026921204	0.156793886538	0.132479953685	0.124177500217	0.131840084495	0.12259748182	0.14755972742	0.158722000045	0.161381940179	0.156450829841	0.14512343121	0.14474005783	0.108321471224	0.114096856347	0.115774633536	0.118716611961	0.116601361602	0.103909611247	0.108550202652	0.14313695946	0.185676888172	0.166306104754	0.131892852515	0.134325896675	0.180761538934	0.168637794677	0.118192844545	0.154687784482	0.139868646229	0.144029160592	0.152082505307	0.271710116171	0.115010797766	0.148663017733	0.154485614793	0.113595454319	0.11473468686	0.148392548899	0.151267404459	0.14942892295	0.154124820126	0.120157835084	0.140203922887	0.148864877441	0.139232142475	0.144756996684	0.180471954628	0.141024440463	0.161963408768	0.144742150333	0.136033189266	0.135397216382	0.123147316351	0.122515913232	0.141610054375	0.201554942782	0.110061281549	0.131345930526	0.129748395053	0.111287937141	0.165773294883	0.166968542921	0.142190716577	0.106384440332	0.137306812835	0.136444084593	0.114923793921	0.127195384524	0.220007158908	0.161807948114	0.123535514677	0.139615944009	0.115498397607	0.109998916984	0.111021537919	0.131921412005	0.13541974816	0.133166214113	0.149193657932	0.150313013023	0.112745802715	0.123064970501	0.132153868114	0.150382309026	0.097274194579	0.109870786094	0.145443573832	0.151609204065	0.141771301137	0.143043326196	0.148809785197	0.171257196395	0.141604332999	0.112479843483	0.125693797893	0.14527690807	0.118561206686	0.121177230471	0.0946056293187	0.130532067508	0.164306759392	0.166794078411	0.124866313165	0.184073254505	0.145358270156	0.217405323932	0.149209999342	0.142099261868	0.165235771342	0.18146518447	0.126481238617	0.138159847942	0.128469711081	0.139118948934	0.142731379889	0.117037461976	0.136846446744	0.149427994638	0.13606115183	0.102808753602	0.125760667863	0.130176264995	0.124287994968	0.107236226277	0.205241915441	0.140253516822	0.149974854642	0.125187183551	0.125045777094	0.104576404042	0.115523762986	0.106063576154	0.185459369047	0.173310497668	0.155799845074	0.12719097603	0.119394982423	0.14959336965	0.18325124756	0.117918858013	0.125630239697	0.11187374683	0.129977876699	0.192042264136
158216035-tonguedorsum2.snv.bam	0.128342313512	0.113735172838	0.0	0.100003428763	0.154962904836	0.130426167632	0.142179970027	0.117411942116	0.103850814428	0.135460981102	0.121115021082	0.152133213879	0.145487217853	0.144873809343	0.139020246125	0.124970459273	0.117544269332	0.0942212007522	0.105173583284	0.0919557349545	0.100567514576	0.107484170598	0.116345385217	0.109711588591	0.121559846771	0.163138158416	0.137539398412	0.131304603484	0.135740923733	0.184408723806	0.159569228159	0.107624828301	0.123976605629	0.116087534225	0.123941167646	0.150906578904	0.28009158536	0.0559805446058	0.116182210516	0.134679041743	0.129278454419	0.121402917428	0.13573472701	0.129749232808	0.124050479744	0.124075936022	0.0971619068415	0.137346846932	0.151397406587	0.122496090769	0.12388664947	0.184382150375	0.129281267327	0.16611911899	0.16629227352	0.111827416134	0.111485093528	0.114065514069	0.112765489412	0.122547575855	0.180784800255	0.0599531390683	0.131190975949	0.127530742354	0.0803924125438	0.155212543321	0.153543759732	0.14100755181	0.100061534223	0.110852075874	0.148278250532	0.106972801952	0.134929160109	0.20513683621	0.128069155768	0.102860407059	0.10295021674	0.089799769461	0.0890418048597	0.0859484072165	0.132410829277	0.119233517032	0.125694693525	0.13850865329	0.14535015856	0.105589662429	0.115692130326	0.113249038663	0.117766701497	0.0950428098681	0.107890149171	0.125259606055	0.138431390358	0.123440412447	0.104719681017	0.124808018497	0.133075428453	0.140830544339	0.104194659598	0.116494050064	0.14331143783	0.0951242329037	0.0939815627102	0.056899785922	0.0977814628579	0.161589009825	0.154530965447	0.122256463042	0.151965208051	0.132339466632	0.211424745983	0.156028957826	0.15222823119	0.128441147978	0.134469957252	0.100439344364	0.126142874592	0.137689563114	0.128976661069	0.133791272507	0.086497999773	0.123103849405	0.12128321633	0.119296667975	0.0982419800241	0.108381417169	0.129952580569	0.117787224233	0.0890226182036	0.173366964756	0.126247302695	0.139487391435	0.0867309371291	0.107584737933	0.0903304825129	0.104733996022	0.0917250738211	0.16103587804	0.149518302124	0.145916817124	0.100699076963	0.103367738565	0.129182519105	0.164232080489	0.108581970885	0.0944895029568	0.103374722536	0.118195849428	0.164559900135
158256496-tonguedorsum2.snv.bam	0.125026916595	0.0966659545953	0.100003428763	0.0	0.148309906448	0.124109195741	0.143189511128	0.116569762345	0.0970837368025	0.13841968301	0.132547143204	0.14816670883	0.133800301159	0.135429231473	0.13206537764	0.124285474533	0.121445968676	0.0970672889065	0.116257842493	0.0974825757842	0.102188602992	0.0743419016097	0.0777154985374	0.0741686361305	0.116080675979	0.168352022241	0.159911184731	0.102162191132	0.106430452524	0.186447242778	0.166728107108	0.118893373089	0.143806498291	0.127504683744	0.134291524842	0.156225064552	0.280285988283	0.0918071917842	0.145203847111	0.143401215802	0.112155886845	0.0978724041785	0.119164283007	0.138286375274	0.141873476536	0.147352089171	0.104311338519	0.13765208573	0.157231206899	0.151932371133	0.146700534729	0.190878567573	0.140195326578	0.162836014464	0.124353262339	0.11483436688	0.114234948564	0.101354484965	0.114504149767	0.097493225775	0.160387306111	0.0943399066676	0.125436334285	0.12530833846	0.107354943051	0.155711076009	0.157309572373	0.13975392965	0.101652272727	0.116450620787	0.136109795967	0.0941068098308	0.145163102439	0.19788430656	0.12939876243	0.126877956237	0.118742024981	0.0748703543038	0.0742585928652	0.0803515197882	0.124214488684	0.116387847206	0.12570327181	0.142937420649	0.138846716899	0.109201030358	0.123795587169	0.12994456942	0.115938968123	0.0880286046047	0.0994529934678	0.115934175708	0.132074413407	0.115551656101	0.132303528949	0.118987593738	0.132364679402	0.128849600589	0.0974373613292	0.117712485603	0.145329894476	0.0972373197494	0.109845251464	0.0942209292818	0.1225491459	0.166835446754	0.160586990916	0.1320169199	0.161962758915	0.139617080621	0.215528233575	0.162139354484	0.161024982234	0.1372417838	0.14724888195	0.102910401479	0.12370430033	0.11991377427	0.120952398459	0.126647985664	0.107588667641	0.124629504231	0.136343970964	0.133838486096	0.0840417157191	0.0980616838939	0.122060705217	0.120249331828	0.093007963136	0.171759419835	0.115057028878	0.122307298859	0.101850419857	0.100723026589	0.0980883163247	0.0898467654646	0.0856695424315	0.158369907417	0.146551251312	0.143706620648	0.0974338415453	0.0932503440391	0.131708468778	0.175201065994	0.0823762194037	0.0994184814595	0.09850348768	0.108334745344	0.161870238785
158337416-tonguedorsum1.snv.bam	0.163091769264	0.152645851586	0.154962904836	0.148309906448	0.0	0.106237363309	0.186447146115	0.121856779421	0.12765913417	0.169404733679	0.164387406055	0.153729246366	0.165081192282	0.164034386027	0.162758137836	0.144819141298	0.150295826369	0.131351574924	0.139488200065	0.132330631683	0.156742333235	0.154085419373	0.135386108962	0.146049412546	0.155886902824	0.174785878297	0.18451209455	0.170972142551	0.176233398082	0.191631811946	0.184072720714	0.150028807744	0.154453153982	0.160358247269	0.173126536381	0.155410992707	0.22291727213	0.17636779092	0.175560727876	0.164142808769	0.160576152639	0.148873700303	0.162036903121	0.132620239211	0.16048778568	0.161986072794	0.126502780721	0.133271298265	0.141189367772	0.146642317329	0.158959685285	0.160594834169	0.13863325842	0.144572375235	0.166008675107	0.136228278029	0.139711585673	0.145682314058	0.132516895269	0.158921259554	0.206628730233	0.162440234197	0.164260399188	0.164405951558	0.162620638142	0.15717621541	0.151405422666	0.176572419091	0.136489987148	0.140184047621	0.1460928862	0.138708146972	0.151373535784	0.236154956682	0.19413541413	0.12738044629	0.14157488785	0.160987324434	0.154616860263	0.145847625057	0.15202299027	0.142583316143	0.156777940841	0.169488340313	0.154440544842	0.154228960795	0.182043329717	0.129523244174	0.154936242759	0.126430352384	0.134897085128	0.152223042909	0.128377787679	0.150331952091	0.164505442346	0.14670683145	0.162734017642	0.180848437171	0.137171595531	0.14074216251	0.143140224322	0.12237194558	0.126722861777	0.166849867152	0.152831229635	0.17686659964	0.170092093105	0.147829073059	0.193631989032	0.166735785714	0.153234235229	0.140511325473	0.15264768645	0.153369940065	0.177721878824	0.152680662994	0.158929289087	0.167734370086	0.166396504322	0.167084465919	0.140131904893	0.164748213589	0.172066573216	0.150241737003	0.163944524486	0.148092115228	0.128898528787	0.132779588368	0.128562165327	0.209089039872	0.179565409674	0.197772708027	0.155688866891	0.147516598377	0.134512924571	0.154262026577	0.13906494205	0.153747086467	0.152524969673	0.179087634738	0.137236283281	0.12962513696	0.127391584736	0.156271413492	0.172042751738	0.150595308774	0.140930591005	0.132932288934	0.154470992748
158337416-tonguedorsum2.snv.bam	0.137419691166	0.137026921204	0.130426167632	0.124109195741	0.106237363309	0.0	0.162380898071	0.126018364743	0.110923836517	0.15628727425	0.146223402993	0.149190653432	0.153281010232	0.153094714864	0.148011294272	0.12776905053	0.128897954534	0.128474937091	0.150618534187	0.129738962709	0.138838652845	0.139161817872	0.13135729369	0.136211771497	0.139869065805	0.183402809715	0.151508946047	0.147779656752	0.153047927999	0.175277824895	0.159568058065	0.129198855724	0.123356022503	0.117578753902	0.124153579037	0.148676558993	0.275283709643	0.143052262872	0.149657284562	0.143411466495	0.151649729852	0.142190720237	0.156297631433	0.116736197699	0.136543420247	0.138026087929	0.112566880364	0.138667819932	0.15705621767	0.127720112286	0.127962397733	0.208933829822	0.147080445748	0.166891411829	0.1728016992	0.133576685635	0.135070370647	0.134029309719	0.124081965365	0.149588838766	0.186740461915	0.131287316295	0.120968505188	0.119424527978	0.127799126609	0.173521233092	0.155113725971	0.159359912128	0.121716606337	0.130780770081	0.149232381008	0.144398542199	0.132070121715	0.215416237492	0.145506443296	0.110655547601	0.121726982931	0.149163121858	0.142866705239	0.139499550099	0.132550624558	0.140226614584	0.160028727898	0.171304683029	0.159458085873	0.129112192354	0.142994294364	0.137290062097	0.134586459037	0.119035166524	0.123930783913	0.130096269028	0.139307075058	0.132467250793	0.111846416581	0.137101484879	0.160799330256	0.165177655026	0.136142059207	0.140969163557	0.130832837521	0.11389901547	0.12485513891	0.137190435732	0.128473442127	0.169733002505	0.161724792292	0.14695510444	0.171399290257	0.151046533711	0.191474381946	0.156651433622	0.150466566986	0.144644771557	0.141316141909	0.132401848151	0.132649259163	0.144195407252	0.13555233581	0.138050567947	0.121291586604	0.150468427022	0.157788882069	0.13464747853	0.134912788443	0.142537054919	0.135438310923	0.130533394178	0.12686466793	0.183265975246	0.167656715089	0.183442084531	0.145419123548	0.131881797114	0.121952529564	0.141162560797	0.126198849417	0.181555125584	0.17531543884	0.160173814375	0.12904980581	0.119189603939	0.129886466747	0.160359058404	0.154046601146	0.140593976139	0.132063345454	0.132588472205	0.186361251653
158458797-tonguedorsum1.snv.bam	0.149849913844	0.156793886538	0.142179970027	0.143189511128	0.186447146115	0.162380898071	0.0	0.14843314143	0.145583049788	0.152579032979	0.139469029072	0.166745785282	0.17277347395	0.168993764934	0.163499886635	0.118682123045	0.105003264549	0.154309996528	0.167159610837	0.155967218668	0.1534094622	0.155578817586	0.157735981872	0.159363065644	0.11733356629	0.165905353145	0.150043848063	0.150366801969	0.141579453444	0.206697668391	0.184840254263	0.147064410896	0.14124720857	0.155281440554	0.162230214696	0.155194538302	0.28430830276	0.157098956803	0.165255162165	0.137814312529	0.126367098719	0.127002944232	0.153121089966	0.153600342591	0.132773468358	0.129242594708	0.125294762557	0.159749129781	0.17179427163	0.151288304094	0.159336349783	0.18249371384	0.138961728019	0.174240758363	0.173153219101	0.150681161757	0.146602413688	0.125855890381	0.120773231129	0.137365593219	0.189061011896	0.150842468662	0.142319153326	0.137774234448	0.132039027131	0.133170745223	0.165909461409	0.172773007409	0.140941463863	0.137951932236	0.138769163296	0.127085721323	0.162298208518	0.204701158147	0.109830188708	0.147886508665	0.146278818357	0.144046770016	0.138372831534	0.132717689887	0.141668593569	0.142163247569	0.158536897279	0.164598704102	0.167641123897	0.13235566551	0.148404830049	0.143880073329	0.142951260275	0.146407041299	0.151672175439	0.14650024155	0.153354231519	0.144876053448	0.141211412141	0.159407180083	0.170989902788	0.141178852507	0.136968420971	0.13583595316	0.17001197278	0.144982181239	0.125927672679	0.139483642366	0.153239183941	0.168723177601	0.162821110462	0.165114410295	0.163123026588	0.148167893561	0.217821910068	0.189607762178	0.180261630772	0.147787124757	0.160019777431	0.137480072136	0.148936990838	0.155202831874	0.147063762119	0.147867936544	0.123152855869	0.146980166267	0.151735150421	0.158919208795	0.131529579438	0.137805500419	0.160703500661	0.151663345419	0.136049124825	0.18052475642	0.139769843013	0.150763648713	0.145840276788	0.149571207745	0.129644538271	0.136390993521	0.124222389274	0.173333026887	0.162746942451	0.158963195736	0.138374989989	0.131166487676	0.158521337103	0.17704717769	0.145641032163	0.141843084542	0.128933084138	0.123865801986	0.191206771448
158479027-tonguedorsum1.snv.bam	0.138077892999	0.132479953685	0.117411942116	0.116569762345	0.121856779421	0.126018364743	0.14843314143	0.0	0.0511315624258	0.138991589478	0.128683420034	0.130675511334	0.142785050717	0.1430681283	0.137084284282	0.120972201258	0.126070182646	0.100079048101	0.114730586068	0.100598270186	0.11817152842	0.124649768132	0.129495499331	0.124547773401	0.120264162863	0.171071746549	0.158330675745	0.146973130563	0.150344377081	0.168871818228	0.15101637554	0.114200004299	0.133269155752	0.122027194819	0.13182756618	0.132747146232	0.237486366495	0.148545683174	0.132655173964	0.129792419788	0.122184246784	0.116039719255	0.125119061104	0.127204397713	0.126464860237	0.129168971197	0.0972719970372	0.127437789374	0.133950167541	0.128340115983	0.147498514309	0.154584965021	0.118042805616	0.135598425537	0.159150107059	0.104871371956	0.108757454947	0.107036650203	0.103843083036	0.118553821731	0.176643082416	0.132426923812	0.130974654165	0.130636638	0.114916562372	0.147871357809	0.125666775863	0.151569310866	0.101560727881	0.102673718027	0.122628632815	0.10077667486	0.157624454186	0.215655046594	0.161665417262	0.105874595827	0.125777746424	0.123972663761	0.120807636186	0.10700207395	0.113501917622	0.119199404969	0.128905587166	0.139600749254	0.142454412291	0.113155363989	0.141569315155	0.107815496665	0.126845437236	0.0958847858581	0.0997224903787	0.121837490956	0.107087711722	0.119923039923	0.130499363252	0.114889345812	0.128394342699	0.152694274568	0.106363258677	0.0997704942153	0.124608930804	0.0962909686926	0.0950189382754	0.126479337318	0.1317314863	0.148402294433	0.14303885593	0.127588711109	0.155619445317	0.129435478875	0.161217639306	0.133341839873	0.13686952423	0.131584044596	0.159380476446	0.119703171008	0.132174786219	0.137593421381	0.140845218791	0.143102576818	0.105068280691	0.126980100076	0.15054453056	0.112388297373	0.134028410233	0.119162512698	0.122481025575	0.111010155013	0.0964468766617	0.191050746059	0.13858527908	0.159815334303	0.129218522092	0.114273367907	0.0966017083842	0.124253835261	0.10718590601	0.14242561059	0.133717538409	0.146769059565	0.0953068410676	0.0921577097369	0.0559482259269	0.0905115690509	0.123484186162	0.11027718591	0.108053195265	0.098880291375	0.13969201681
158479027-tonguedorsum2.snv.bam	0.125340656957	0.124177500217	0.103850814428	0.0970837368025	0.12765913417	0.110923836517	0.145583049788	0.0511315624258	0.0	0.137172239245	0.127048487349	0.138496428325	0.137166497382	0.136625408721	0.13097029384	0.119080583901	0.121567657039	0.0882856224095	0.110071028608	0.0935565469953	0.108635447285	0.112219802465	0.115624089407	0.112394337193	0.115355068764	0.173101791347	0.15225866101	0.135913161906	0.138643089885	0.172269517905	0.151245062788	0.112138216968	0.131158054947	0.115443491203	0.124636394536	0.135154191877	0.258770086782	0.128418136913	0.126362270509	0.127584125253	0.115713854541	0.105164048499	0.122577089646	0.115573542355	0.122927122893	0.127146429398	0.0922966206276	0.131573184128	0.14314179237	0.130842334026	0.139297562924	0.173548281518	0.123412372463	0.145030959803	0.150577405586	0.0994656449448	0.101748082846	0.10485514249	0.110148525159	0.112623176371	0.168193104674	0.113887420988	0.123699767373	0.124110930146	0.101278813758	0.153704878239	0.138814176997	0.143557737753	0.095723183073	0.102521373849	0.130325932226	0.09600449059	0.153052121588	0.212804140487	0.152248853696	0.0990199902364	0.110439732621	0.114393241012	0.107230054105	0.0995392282384	0.116460216835	0.117894133888	0.135511004954	0.143769883184	0.145415802123	0.103960376586	0.125692274113	0.114089366989	0.114312475822	0.0889215903778	0.0966685159237	0.108739888894	0.111717642257	0.113597195588	0.121123854595	0.110425857973	0.126683815619	0.1454255743	0.104514678138	0.100085299184	0.130923080098	0.0930011026201	0.095349941866	0.107349789653	0.116246434096	0.150970038533	0.144635693794	0.131114492798	0.15630576032	0.129930008276	0.174172794838	0.140085411613	0.140171127907	0.12692806321	0.14255922872	0.113838651808	0.121743507918	0.129858596793	0.129319430791	0.133248100819	0.096543513977	0.12393217526	0.13758840443	0.108493985207	0.111059453856	0.115657551086	0.121942143897	0.111158911175	0.0967815647487	0.180227519355	0.130143808438	0.150774332644	0.115180263006	0.107180562871	0.0879861087743	0.111586671805	0.0945346819732	0.147130453424	0.135666914403	0.144663470976	0.0917955284609	0.0884892816026	0.0787459997533	0.114915488273	0.113517220131	0.100691785934	0.107797810462	0.101359746996	0.141810471997
158499257-tonguedorsum1.snv.bam	0.153046868243	0.131840084495	0.135460981102	0.13841968301	0.169404733679	0.15628727425	0.152579032979	0.138991589478	0.137172239245	0.0	0.0467096598275	0.159230229587	0.131969108448	0.129451630358	0.127351686949	0.142228552227	0.143498679748	0.125051441382	0.122400280911	0.126683272106	0.133815289691	0.122340760813	0.138266613715	0.124982749785	0.132486022327	0.160666784726	0.161247979905	0.167303550575	0.16903034317	0.194560295278	0.174681068612	0.137568554632	0.152856957119	0.152978418611	0.159440611088	0.172935420336	0.275420125384	0.15180387055	0.131242775307	0.143941719638	0.145181918718	0.141364726922	0.131889764828	0.143353649395	0.154390081489	0.154768481192	0.109478256371	0.131180031467	0.126982836935	0.151145319707	0.156845054681	0.183231424428	0.138159226608	0.135390397255	0.163456784977	0.110495409558	0.123651656685	0.138520153049	0.12586491033	0.144690869763	0.179568734161	0.151145056755	0.129649459393	0.124371755064	0.114187318898	0.152771511382	0.167681035917	0.172863012927	0.123821371869	0.123720565126	0.153683830538	0.135703816854	0.152329814966	0.218783416769	0.16860082763	0.117521305513	0.147121395171	0.120750685765	0.125673292528	0.12798568883	0.154390714462	0.146972132536	0.176780872012	0.184458581719	0.113036431111	0.116026785937	0.135850749631	0.12845229874	0.142954487758	0.12491305489	0.127786936099	0.147706983409	0.155590948275	0.137939198784	0.143199103639	0.140438355398	0.146931287178	0.166073272256	0.115810328617	0.133246105435	0.157383968148	0.122983280936	0.119887040212	0.141795954596	0.153010511456	0.186609690733	0.179576421043	0.139923753093	0.175065079048	0.160946253401	0.208836463543	0.165819026774	0.160464211572	0.163672006086	0.177073441984	0.112260431875	0.153214612116	0.16252628648	0.152509843281	0.15392132538	0.11529292113	0.0965437906498	0.135476622899	0.128380695497	0.141812105667	0.127704727662	0.13472349058	0.12404761966	0.136133766558	0.200291010657	0.144037523463	0.156294475986	0.157030288119	0.125276671409	0.12231868433	0.147662962416	0.13681109918	0.173815182995	0.166580239237	0.165018328857	0.116256668602	0.12703537537	0.148393853522	0.164735966749	0.129258778112	0.137370128505	0.105460233347	0.122692696372	0.183645521914
158499257-tonguedorsum2.snv.bam	0.14361059118	0.12259748182	0.121115021082	0.132547143204	0.164387406055	0.146223402993	0.139469029072	0.128683420034	0.127048487349	0.0467096598275	0.0	0.152268855326	0.137217023641	0.137866944142	0.133316038527	0.127658724773	0.134501097662	0.11444901329	0.114975908046	0.118387006194	0.1225003479	0.121169863713	0.139428421388	0.123400313204	0.120396040899	0.158534610113	0.151764323668	0.167489412687	0.168329701125	0.183423945719	0.163178390737	0.126235338571	0.141404665665	0.144906702676	0.153530929355	0.155736571521	0.272634574696	0.138919678128	0.125838508515	0.135272849161	0.132259666137	0.129886149685	0.127297216883	0.138762133187	0.137447482815	0.141229254743	0.100918010231	0.126023316949	0.126031139492	0.14368292866	0.152643043023	0.17751024693	0.128473916812	0.136280525167	0.165023521724	0.107971449634	0.112636634298	0.128660589841	0.118695436542	0.137593498714	0.182887766764	0.135669902174	0.127265657016	0.124767131587	0.105575790172	0.148031497078	0.159134882802	0.165059398461	0.113229897207	0.117492417079	0.143815657006	0.12674776291	0.148340930597	0.216136537936	0.157536863576	0.11001222003	0.139106010698	0.113200376342	0.117734461171	0.113080609406	0.141178142552	0.137836967923	0.166078176513	0.175253025103	0.125361190853	0.105509089639	0.123513125473	0.11484244588	0.130075538539	0.11839380841	0.118955403085	0.14064538807	0.147591678294	0.130742883579	0.130411964635	0.13497982445	0.149841354689	0.155454851719	0.110737148172	0.120872582385	0.151063547723	0.114592517557	0.108541595893	0.125887468884	0.138185718349	0.173942335047	0.167192147426	0.126164933439	0.170040055489	0.152643896774	0.206124642782	0.158412565281	0.154439235859	0.153396894765	0.16339152955	0.102857149882	0.145727346597	0.155689936218	0.144366439925	0.146145785791	0.100438163487	0.101272307278	0.125287629925	0.121741844922	0.133270802429	0.122928277857	0.127138591793	0.115496763054	0.128545476603	0.19454158827	0.138908851548	0.152716115834	0.147766817216	0.115242590447	0.111762162438	0.142940081623	0.125797141222	0.172025453739	0.157615274851	0.153477904739	0.110719233739	0.116374523316	0.142105819022	0.162741156384	0.123730444712	0.125086296308	0.102160412541	0.119808641344	0.178398636916
158742018-tonguedorsum1.snv.bam	0.147592971576	0.14755972742	0.152133213879	0.14816670883	0.153729246366	0.149190653432	0.166745785282	0.130675511334	0.138496428325	0.159230229587	0.152268855326	0.0	0.192383150719	0.189392190806	0.185733341047	0.105644395801	0.123342542581	0.154956491197	0.155875337165	0.150633834742	0.163614184191	0.159258868398	0.149661823864	0.155748841117	0.162673537751	0.19144776883	0.173180619929	0.179303459578	0.178462023736	0.150524546146	0.164449787031	0.140774965658	0.143170451549	0.142587533649	0.150503799888	0.153477940368	0.230354122563	0.160733921987	0.16862146341	0.159939741343	0.145922214548	0.14332971994	0.158057742156	0.12950428433	0.145808372932	0.146617718577	0.122070159945	0.111678336343	0.130691923528	0.122497097731	0.118676743589	0.180254329855	0.160738523293	0.169781511035	0.184694816222	0.16093436528	0.160018234639	0.154965097703	0.138533011684	0.166588137368	0.201134369124	0.169929481788	0.138306254165	0.136480770959	0.133179816432	0.194829892567	0.146605875159	0.192087767336	0.125815315055	0.14305505777	0.124622892283	0.1349279432	0.13143618593	0.219327626376	0.163455919284	0.135442916229	0.147118354403	0.164879900069	0.164014218913	0.158234681944	0.140047802251	0.135878309721	0.159672613624	0.163536435966	0.156752569518	0.13765353723	0.148211763279	0.13776539316	0.143445717857	0.123811706341	0.121484153343	0.164942459397	0.161791874663	0.16646970217	0.13328310742	0.139134841235	0.185396751783	0.15172553773	0.151654155611	0.151797102311	0.0423848110175	0.111457952945	0.141249181339	0.165355791271	0.168236354912	0.158853492291	0.15602635738	0.141395351273	0.185508694483	0.159674255339	0.174039493115	0.0855884179325	0.0738356759979	0.162828831054	0.1595588951	0.15124025074	0.156612390206	0.167146445824	0.151379559649	0.149603006702	0.136655046339	0.157034748285	0.177853097445	0.155148076961	0.16038533369	0.157774318034	0.132922884955	0.119675790769	0.125382854254	0.196943243174	0.170355527382	0.18509097328	0.176426438801	0.16007880895	0.14407479782	0.161169145644	0.144288011064	0.172805673803	0.169324437199	0.182597521962	0.143841221684	0.137716043336	0.123090489088	0.131396836341	0.16341271515	0.153392098101	0.145627853291	0.150741448029	0.190830876148
158802708-tonguedorsum1.snv.bam	0.149708533401	0.158722000045	0.145487217853	0.133800301159	0.165081192282	0.153281010232	0.17277347395	0.142785050717	0.137166497382	0.131969108448	0.137217023641	0.192383150719	0.0	0.026907025832	0.026388930715	0.157731456381	0.15517624127	0.136698715715	0.124551994669	0.135731875138	0.151086438802	0.121618506387	0.1393632512	0.129660413861	0.143904130556	0.157626930018	0.169184856001	0.157288546564	0.159901753863	0.201211000836	0.189359073442	0.149303388756	0.165632197261	0.147927360905	0.157823643692	0.172635087916	0.254493356404	0.163284314057	0.136843778977	0.172134510662	0.148950042889	0.135244773202	0.107973736376	0.155473298351	0.173625099542	0.173659349046	0.118790781412	0.136009027225	0.145982818822	0.170335569318	0.169400761474	0.183361660226	0.149201543908	0.133451624464	0.176418169818	0.107492535393	0.135301346606	0.137718752429	0.127114627784	0.135382979304	0.145150818006	0.15529712197	0.154040965509	0.1477049227	0.122724418428	0.151652807487	0.14587624603	0.188261740622	0.139594498942	0.129692184407	0.151426233771	0.140766932766	0.164047903689	0.202970829624	0.183766129624	0.130034954646	0.13998715435	0.128488911004	0.131460994165	0.129817974213	0.145328616994	0.156650035523	0.168740282633	0.17839017605	0.101662349142	0.128210873738	0.162431911554	0.137287936541	0.135300035834	0.140715837277	0.149919170073	0.133618821941	0.140916109483	0.119971881906	0.160984278087	0.117651678441	0.109229826182	0.167660044846	0.102650250698	0.117061759314	0.179391541488	0.141245764796	0.12323449693	0.148605009454	0.144150349874	0.171587094568	0.163047897181	0.14815150981	0.169521632303	0.157720293941	0.194538761239	0.183752162814	0.192670858918	0.150134293554	0.170508726208	0.120128599975	0.158867875109	0.155197083631	0.151858876079	0.15272605594	0.137850202196	0.107580994788	0.145907225518	0.127473373917	0.160313211065	0.125622140335	0.137199209905	0.131254433808	0.125657262747	0.181521197981	0.14380770121	0.155670088615	0.140305236928	0.119444975568	0.123540757962	0.136399603364	0.134282273625	0.157921458417	0.148389524021	0.151449788979	0.110437198706	0.125078966608	0.147135892298	0.160587745814	0.128454789734	0.129328272652	0.102934146798	0.132613958257	0.166011411231
158802708-tonguedorsum2.snv.bam	0.144564489858	0.161381940179	0.144873809343	0.135429231473	0.164034386027	0.153094714864	0.168993764934	0.1430681283	0.136625408721	0.129451630358	0.137866944142	0.189392190806	0.026907025832	0.0	0.0287969438486	0.156190644406	0.151895305782	0.137795262991	0.12480207103	0.135847711161	0.148988607121	0.119974908404	0.139859711292	0.130544013016	0.142001830067	0.161643290874	0.168605949525	0.159301761823	0.160165649163	0.194546099835	0.181594381318	0.152399581794	0.163441307475	0.142746759399	0.15214426947	0.170680272755	0.25575784867	0.163617403806	0.13536458424	0.171678688018	0.150441667947	0.136254602806	0.115145778305	0.154314047699	0.172868359669	0.173451817607	0.119031311311	0.131074038522	0.141613926824	0.167378079649	0.166033402721	0.180759692119	0.145605485386	0.138480508887	0.178480431004	0.107669108046	0.136373769584	0.138357285707	0.127388628695	0.139747696998	0.14859929588	0.155218779143	0.148508617096	0.141534382399	0.121484996786	0.154122874806	0.152299095135	0.189445463479	0.138411652168	0.130198417101	0.146506929167	0.140732095318	0.161175204582	0.209133078048	0.18509524289	0.129948318807	0.141215356429	0.128918915385	0.130796873369	0.13112224399	0.147259343964	0.156343283386	0.170487308545	0.177627036766	0.0967060161222	0.125973221939	0.160509854337	0.136129889003	0.131593346997	0.139542709974	0.148211940176	0.131286465944	0.139962455422	0.122571355485	0.157259725931	0.12516149439	0.115116705908	0.166001823212	0.11079746138	0.120869437472	0.177669194053	0.142389953557	0.122278560692	0.14699829542	0.142988452427	0.166749901342	0.159180744311	0.143968820381	0.168868047267	0.160201785943	0.191131874567	0.18265725843	0.19104430032	0.151607536917	0.166965933082	0.121072934371	0.156826154183	0.150951503386	0.14970737633	0.15146730486	0.136379459836	0.113846022242	0.148218891658	0.12880458068	0.160629151137	0.122533834356	0.140076092932	0.135407982271	0.12560108989	0.188369882162	0.142634621228	0.154060414446	0.137661432181	0.127641605246	0.123116662501	0.132232462345	0.133606367666	0.158524598439	0.152376633361	0.154050210799	0.112408379531	0.127211302729	0.146504391727	0.15668762557	0.126709793894	0.131728875874	0.106104827281	0.134474784843	0.165967886754
158802708-tonguedorsum3.snv.bam	0.147745065197	0.156450829841	0.139020246125	0.13206537764	0.162758137836	0.148011294272	0.163499886635	0.137084284282	0.13097029384	0.127351686949	0.133316038527	0.185733341047	0.026388930715	0.0287969438486	0.0	0.148954058827	0.144854892056	0.133053811377	0.128533605491	0.134214492742	0.144354989465	0.117922713767	0.141285051784	0.12856179905	0.14041237859	0.164777476354	0.166542352615	0.157080611197	0.159972462634	0.204412059316	0.189943346421	0.14761222576	0.159881917476	0.138723764942	0.148286458334	0.166698364589	0.258630965557	0.156422285503	0.131563603491	0.171617612768	0.14213032174	0.132576720274	0.0969930158359	0.153123231101	0.168747174045	0.168762079753	0.112572592341	0.136719263244	0.14441310101	0.164748109939	0.162555832913	0.183036455014	0.149050537749	0.133787251003	0.178435437614	0.104784265802	0.132565524236	0.134541055138	0.122177657514	0.128878570323	0.142780063251	0.151626095502	0.14602360075	0.138873268038	0.115857900363	0.156039112889	0.145691751508	0.190782218825	0.137362686053	0.125500541489	0.153204363512	0.142966823434	0.158963916132	0.199827103857	0.175883026085	0.126577431216	0.13802971147	0.117139103911	0.117529671155	0.118719423591	0.142019368096	0.153398544395	0.171120693979	0.18218068817	0.0978415165618	0.117933840117	0.153338840928	0.13701196402	0.131718074809	0.139342988598	0.147008937121	0.129379976159	0.135229873347	0.114268813978	0.155152931464	0.115010517734	0.105747009104	0.165509852439	0.0943864051441	0.111425824684	0.176321260847	0.137004001686	0.11798827688	0.143374652752	0.142524411955	0.170785970821	0.16234225076	0.143339496522	0.165462687267	0.157520681695	0.197421480302	0.182893818027	0.190604888149	0.15199293977	0.172051504524	0.112537123248	0.159781721812	0.153539876869	0.147384232917	0.149469979347	0.133904040239	0.0973527922449	0.141609609394	0.122205035787	0.155797125893	0.121016229694	0.131645861319	0.122450325953	0.125340454565	0.180575362645	0.141806398232	0.157591187102	0.144942985162	0.113088771337	0.121685394735	0.136756786289	0.135414071168	0.158963878764	0.149782233087	0.147064651493	0.0980977145078	0.120361616345	0.142527556925	0.158305797724	0.120171368835	0.117432012678	0.095241624036	0.132065764051	0.168325986639
