	763860675-stool1.snv.bam	764002286-stool2.snv.bam	BYQ_AAAE.snv.bam	BYQ_AAAG.snv.bam	BYQ_AAAP.snv.bam	BYQ_AAAR.snv.bam	BYQ_AAAY.snv.bam	BYQ_AABA.snv.bam	CCIS41222843ST-4-0.snv.bam	CCIS41806458ST-4-0.snv.bam	CCMD46947453ST-21-0.snv.bam	M1.1-V2.metaT.snv.bam	M2.3-V2.metaT.snv.bam	MH0205.snv.bam	MH0222.snv.bam	MH0270.snv.bam	MH0316.snv.bam	MH0367.snv.bam	MH0369.snv.bam	MH0391.snv.bam	MH0409.snv.bam	MH0417.snv.bam	MMRS32573774ST-27-0-0.snv.bam	MMRS43563715ST-27-0-0.snv.bam	MMRS51737257ST-27-0-0.snv.bam	MMRS85382779ST-27-0-0.snv.bam	MMRS86178473ST-27-0-0.snv.bam	MMRS94549160ST-27-0-0.snv.bam	NG-5425_475.snv.bam	NG-5636_299.snv.bam	NG-5636_305.snv.bam	NG-5636_432.snv.bam	NG-5636_60.snv.bam	O2.UC4-1.snv.bam	SZEY-97A.snv.bam
763860675-stool1.snv.bam	0.0	0.160655737705	0.186885245902	0.16393442623	0.186885245902	0.16393442623	0.190163934426	0.16393442623	0.150819672131	0.150819672131	0.114754098361	0.147540983607	0.127868852459	0.15737704918	0.12131147541	0.124590163934	0.134426229508	0.150819672131	0.170491803279	0.180327868852	0.16393442623	0.160655737705	0.118032786885	0.183606557377	0.15737704918	0.15737704918	0.140983606557	0.193442622951	0.111475409836	0.140983606557	0.0950819672131	0.127868852459	0.170491803279	0.183606557377	0.108196721311
764002286-stool2.snv.bam	0.160655737705	0.0	0.186885245902	0.186885245902	0.183606557377	0.186885245902	0.186885245902	0.186885245902	0.150819672131	0.154098360656	0.170491803279	0.216393442623	0.147540983607	0.170491803279	0.183606557377	0.167213114754	0.209836065574	0.2	0.2	0.219672131148	0.209836065574	0.229508196721	0.131147540984	0.216393442623	0.177049180328	0.216393442623	0.2	0.213114754098	0.147540983607	0.183606557377	0.137704918033	0.216393442623	0.245901639344	0.173770491803	0.186885245902
BYQ_AAAE.snv.bam	0.186885245902	0.186885245902	0.0	0.0885245901639	0.0	0.0885245901639	0.0	0.0885245901639	0.203278688525	0.186885245902	0.118032786885	0.170491803279	0.0360655737705	0.196721311475	0.196721311475	0.0852459016393	0.16393442623	0.193442622951	0.232786885246	0.190163934426	0.255737704918	0.0950819672131	0.203278688525	0.229508196721	0.193442622951	0.209836065574	0.206557377049	0.219672131148	0.173770491803	0.252459016393	0.183606557377	0.108196721311	0.193442622951	0.0459016393443	0.196721311475
BYQ_AAAG.snv.bam	0.16393442623	0.186885245902	0.0885245901639	0.0	0.0885245901639	0.0	0.0918032786885	0.0	0.203278688525	0.147540983607	0.0885245901639	0.183606557377	0.016393442623	0.186885245902	0.232786885246	0.0426229508197	0.134426229508	0.206557377049	0.24262295082	0.177049180328	0.265573770492	0.114754098361	0.2	0.213114754098	0.2	0.193442622951	0.183606557377	0.232786885246	0.144262295082	0.232786885246	0.170491803279	0.137704918033	0.16393442623	0.111475409836	0.193442622951
BYQ_AAAP.snv.bam	0.186885245902	0.183606557377	0.0	0.0885245901639	0.0	0.0885245901639	0.0	0.0885245901639	0.2	0.186885245902	0.118032786885	0.173770491803	0.0393442622951	0.196721311475	0.2	0.0852459016393	0.16393442623	0.193442622951	0.23606557377	0.190163934426	0.259016393443	0.0950819672131	0.203278688525	0.229508196721	0.190163934426	0.209836065574	0.206557377049	0.219672131148	0.173770491803	0.252459016393	0.183606557377	0.111475409836	0.193442622951	0.0459016393443	0.2
BYQ_AAAR.snv.bam	0.16393442623	0.186885245902	0.0885245901639	0.0	0.0885245901639	0.0	0.0918032786885	0.0	0.2	0.144262295082	0.0885245901639	0.183606557377	0.00983606557377	0.186885245902	0.232786885246	0.0426229508197	0.134426229508	0.203278688525	0.24262295082	0.177049180328	0.265573770492	0.114754098361	0.2	0.213114754098	0.2	0.193442622951	0.183606557377	0.232786885246	0.144262295082	0.232786885246	0.170491803279	0.137704918033	0.16393442623	0.111475409836	0.193442622951
BYQ_AAAY.snv.bam	0.190163934426	0.186885245902	0.0	0.0918032786885	0.0	0.0918032786885	0.0	0.0918032786885	0.203278688525	0.190163934426	0.12131147541	0.173770491803	0.0459016393443	0.2	0.2	0.0885245901639	0.167213114754	0.193442622951	0.23606557377	0.190163934426	0.259016393443	0.0950819672131	0.206557377049	0.232786885246	0.193442622951	0.213114754098	0.209836065574	0.219672131148	0.177049180328	0.255737704918	0.186885245902	0.111475409836	0.196721311475	0.0459016393443	0.2
BYQ_AABA.snv.bam	0.16393442623	0.186885245902	0.0885245901639	0.0	0.0885245901639	0.0	0.0918032786885	0.0	0.203278688525	0.147540983607	0.0885245901639	0.183606557377	0.016393442623	0.186885245902	0.232786885246	0.0426229508197	0.134426229508	0.206557377049	0.24262295082	0.177049180328	0.265573770492	0.114754098361	0.2	0.213114754098	0.2	0.193442622951	0.183606557377	0.232786885246	0.144262295082	0.232786885246	0.170491803279	0.137704918033	0.16393442623	0.111475409836	0.193442622951
CCIS41222843ST-4-0.snv.bam	0.150819672131	0.150819672131	0.203278688525	0.203278688525	0.2	0.2	0.203278688525	0.203278688525	0.0	0.177049180328	0.167213114754	0.213114754098	0.150819672131	0.196721311475	0.186885245902	0.16393442623	0.206557377049	0.160655737705	0.209836065574	0.203278688525	0.219672131148	0.2	0.160655737705	0.239344262295	0.140983606557	0.173770491803	0.24262295082	0.2	0.170491803279	0.154098360656	0.160655737705	0.203278688525	0.222950819672	0.196721311475	0.160655737705
CCIS41806458ST-4-0.snv.bam	0.150819672131	0.154098360656	0.186885245902	0.147540983607	0.186885245902	0.144262295082	0.190163934426	0.147540983607	0.177049180328	0.0	0.140983606557	0.154098360656	0.108196721311	0.101639344262	0.12131147541	0.15737704918	0.134426229508	0.213114754098	0.131147540984	0.229508196721	0.154098360656	0.2	0.124590163934	0.167213114754	0.154098360656	0.12131147541	0.150819672131	0.177049180328	0.0950819672131	0.193442622951	0.0688524590164	0.137704918033	0.177049180328	0.177049180328	0.16393442623
CCMD46947453ST-21-0.snv.bam	0.114754098361	0.170491803279	0.118032786885	0.0885245901639	0.118032786885	0.0885245901639	0.12131147541	0.0885245901639	0.167213114754	0.140983606557	0.0	0.144262295082	0.0459016393443	0.144262295082	0.190163934426	0.0426229508197	0.124590163934	0.147540983607	0.180327868852	0.2	0.203278688525	0.104918032787	0.15737704918	0.222950819672	0.183606557377	0.183606557377	0.140983606557	0.222950819672	0.147540983607	0.190163934426	0.124590163934	0.0885245901639	0.154098360656	0.0950819672131	0.144262295082
M1.1-V2.metaT.snv.bam	0.147540983607	0.216393442623	0.170491803279	0.183606557377	0.173770491803	0.183606557377	0.173770491803	0.183606557377	0.213114754098	0.154098360656	0.144262295082	0.0	0.150819672131	0.137704918033	0.111475409836	0.160655737705	0.118032786885	0.147540983607	0.144262295082	0.140983606557	0.114754098361	0.124590163934	0.131147540984	0.180327868852	0.170491803279	0.127868852459	0.104918032787	0.170491803279	0.140983606557	0.180327868852	0.127868852459	0.0754098360656	0.134426229508	0.147540983607	0.147540983607
M2.3-V2.metaT.snv.bam	0.127868852459	0.147540983607	0.0360655737705	0.016393442623	0.0393442622951	0.00983606557377	0.0459016393443	0.016393442623	0.150819672131	0.108196721311	0.0459016393443	0.150819672131	0.0	0.137704918033	0.170491803279	0.0295081967213	0.114754098361	0.150819672131	0.183606557377	0.154098360656	0.206557377049	0.0754098360656	0.137704918033	0.196721311475	0.150819672131	0.160655737705	0.144262295082	0.173770491803	0.124590163934	0.190163934426	0.131147540984	0.0754098360656	0.144262295082	0.0524590163934	0.144262295082
MH0205.snv.bam	0.15737704918	0.170491803279	0.196721311475	0.186885245902	0.196721311475	0.186885245902	0.2	0.186885245902	0.196721311475	0.101639344262	0.144262295082	0.137704918033	0.137704918033	0.0	0.127868852459	0.160655737705	0.144262295082	0.193442622951	0.160655737705	0.206557377049	0.16393442623	0.196721311475	0.108196721311	0.180327868852	0.183606557377	0.167213114754	0.134426229508	0.203278688525	0.131147540984	0.213114754098	0.104918032787	0.147540983607	0.186885245902	0.186885245902	0.183606557377
MH0222.snv.bam	0.12131147541	0.183606557377	0.196721311475	0.232786885246	0.2	0.232786885246	0.2	0.232786885246	0.186885245902	0.12131147541	0.190163934426	0.111475409836	0.170491803279	0.127868852459	0.0	0.206557377049	0.150819672131	0.186885245902	0.140983606557	0.196721311475	0.134426229508	0.183606557377	0.111475409836	0.160655737705	0.183606557377	0.137704918033	0.170491803279	0.190163934426	0.137704918033	0.186885245902	0.104918032787	0.12131147541	0.193442622951	0.180327868852	0.160655737705
MH0270.snv.bam	0.124590163934	0.167213114754	0.0852459016393	0.0426229508197	0.0852459016393	0.0426229508197	0.0885245901639	0.0426229508197	0.16393442623	0.15737704918	0.0426229508197	0.160655737705	0.0295081967213	0.160655737705	0.206557377049	0.0	0.104918032787	0.170491803279	0.209836065574	0.154098360656	0.232786885246	0.0786885245902	0.167213114754	0.183606557377	0.2	0.2	0.15737704918	0.239344262295	0.114754098361	0.196721311475	0.140983606557	0.101639344262	0.134426229508	0.0918032786885	0.160655737705
MH0316.snv.bam	0.134426229508	0.209836065574	0.16393442623	0.134426229508	0.16393442623	0.134426229508	0.167213114754	0.134426229508	0.206557377049	0.134426229508	0.124590163934	0.118032786885	0.114754098361	0.144262295082	0.150819672131	0.104918032787	0.0	0.177049180328	0.160655737705	0.180327868852	0.183606557377	0.111475409836	0.140983606557	0.16393442623	0.222950819672	0.170491803279	0.114754098361	0.272131147541	0.0655737704918	0.206557377049	0.0885245901639	0.0950819672131	0.0426229508197	0.180327868852	0.16393442623
MH0367.snv.bam	0.150819672131	0.2	0.193442622951	0.206557377049	0.193442622951	0.203278688525	0.193442622951	0.206557377049	0.160655737705	0.213114754098	0.147540983607	0.147540983607	0.150819672131	0.193442622951	0.186885245902	0.170491803279	0.177049180328	0.0	0.209836065574	0.2	0.206557377049	0.170491803279	0.186885245902	0.193442622951	0.206557377049	0.226229508197	0.170491803279	0.209836065574	0.186885245902	0.131147540984	0.16393442623	0.16393442623	0.137704918033	0.183606557377	0.170491803279
MH0369.snv.bam	0.170491803279	0.2	0.232786885246	0.24262295082	0.23606557377	0.24262295082	0.23606557377	0.24262295082	0.209836065574	0.131147540984	0.180327868852	0.144262295082	0.183606557377	0.160655737705	0.140983606557	0.209836065574	0.160655737705	0.209836065574	0.0	0.209836065574	0.0295081967213	0.2	0.144262295082	0.213114754098	0.186885245902	0.160655737705	0.170491803279	0.209836065574	0.101639344262	0.209836065574	0.0688524590164	0.137704918033	0.183606557377	0.222950819672	0.154098360656
MH0391.snv.bam	0.180327868852	0.219672131148	0.190163934426	0.177049180328	0.190163934426	0.177049180328	0.190163934426	0.177049180328	0.203278688525	0.229508196721	0.2	0.140983606557	0.154098360656	0.206557377049	0.196721311475	0.154098360656	0.180327868852	0.2	0.209836065574	0.0	0.2	0.160655737705	0.213114754098	0.2	0.206557377049	0.226229508197	0.222950819672	0.186885245902	0.177049180328	0.222950819672	0.209836065574	0.186885245902	0.203278688525	0.190163934426	0.196721311475
MH0409.snv.bam	0.16393442623	0.209836065574	0.255737704918	0.265573770492	0.259016393443	0.265573770492	0.259016393443	0.265573770492	0.219672131148	0.154098360656	0.203278688525	0.114754098361	0.206557377049	0.16393442623	0.134426229508	0.232786885246	0.183606557377	0.206557377049	0.0295081967213	0.2	0.0	0.222950819672	0.131147540984	0.203278688525	0.190163934426	0.16393442623	0.140983606557	0.180327868852	0.124590163934	0.2	0.0918032786885	0.160655737705	0.206557377049	0.245901639344	0.177049180328
MH0417.snv.bam	0.160655737705	0.229508196721	0.0950819672131	0.114754098361	0.0950819672131	0.114754098361	0.0950819672131	0.114754098361	0.2	0.2	0.104918032787	0.124590163934	0.0754098360656	0.196721311475	0.183606557377	0.0786885245902	0.111475409836	0.170491803279	0.2	0.160655737705	0.222950819672	0.0	0.183606557377	0.222950819672	0.229508196721	0.222950819672	0.180327868852	0.265573770492	0.12131147541	0.209836065574	0.150819672131	0.0491803278689	0.140983606557	0.101639344262	0.190163934426
MMRS32573774ST-27-0-0.snv.bam	0.118032786885	0.131147540984	0.203278688525	0.2	0.203278688525	0.2	0.206557377049	0.2	0.160655737705	0.124590163934	0.15737704918	0.131147540984	0.137704918033	0.108196721311	0.111475409836	0.167213114754	0.140983606557	0.186885245902	0.144262295082	0.213114754098	0.131147540984	0.183606557377	0.0	0.186885245902	0.183606557377	0.160655737705	0.127868852459	0.216393442623	0.101639344262	0.167213114754	0.0852459016393	0.154098360656	0.183606557377	0.193442622951	0.183606557377
MMRS43563715ST-27-0-0.snv.bam	0.183606557377	0.216393442623	0.229508196721	0.213114754098	0.229508196721	0.213114754098	0.232786885246	0.213114754098	0.239344262295	0.167213114754	0.222950819672	0.180327868852	0.196721311475	0.180327868852	0.160655737705	0.183606557377	0.16393442623	0.193442622951	0.213114754098	0.2	0.203278688525	0.222950819672	0.186885245902	0.0	0.23606557377	0.203278688525	0.186885245902	0.252459016393	0.131147540984	0.173770491803	0.154098360656	0.206557377049	0.12131147541	0.245901639344	0.222950819672
MMRS51737257ST-27-0-0.snv.bam	0.15737704918	0.177049180328	0.193442622951	0.2	0.190163934426	0.2	0.193442622951	0.2	0.140983606557	0.154098360656	0.183606557377	0.170491803279	0.150819672131	0.183606557377	0.183606557377	0.2	0.222950819672	0.206557377049	0.186885245902	0.206557377049	0.190163934426	0.229508196721	0.183606557377	0.23606557377	0.0	0.072131147541	0.239344262295	0.150819672131	0.173770491803	0.2	0.150819672131	0.209836065574	0.245901639344	0.193442622951	0.160655737705
MMRS85382779ST-27-0-0.snv.bam	0.15737704918	0.216393442623	0.209836065574	0.193442622951	0.209836065574	0.193442622951	0.213114754098	0.193442622951	0.173770491803	0.12131147541	0.183606557377	0.127868852459	0.160655737705	0.167213114754	0.137704918033	0.2	0.170491803279	0.226229508197	0.160655737705	0.226229508197	0.16393442623	0.222950819672	0.160655737705	0.203278688525	0.072131147541	0.0	0.186885245902	0.190163934426	0.144262295082	0.213114754098	0.118032786885	0.170491803279	0.193442622951	0.213114754098	0.173770491803
MMRS86178473ST-27-0-0.snv.bam	0.140983606557	0.2	0.206557377049	0.183606557377	0.206557377049	0.183606557377	0.209836065574	0.183606557377	0.24262295082	0.150819672131	0.140983606557	0.104918032787	0.144262295082	0.134426229508	0.170491803279	0.15737704918	0.114754098361	0.170491803279	0.170491803279	0.222950819672	0.140983606557	0.180327868852	0.127868852459	0.186885245902	0.239344262295	0.186885245902	0.0	0.23606557377	0.127868852459	0.219672131148	0.108196721311	0.124590163934	0.144262295082	0.209836065574	0.216393442623
MMRS94549160ST-27-0-0.snv.bam	0.193442622951	0.213114754098	0.219672131148	0.232786885246	0.219672131148	0.232786885246	0.219672131148	0.232786885246	0.2	0.177049180328	0.222950819672	0.170491803279	0.173770491803	0.203278688525	0.190163934426	0.239344262295	0.272131147541	0.209836065574	0.209836065574	0.186885245902	0.180327868852	0.265573770492	0.216393442623	0.252459016393	0.150819672131	0.190163934426	0.23606557377	0.0	0.23606557377	0.213114754098	0.203278688525	0.245901639344	0.291803278689	0.219672131148	0.16393442623
NG-5425_475.snv.bam	0.111475409836	0.147540983607	0.173770491803	0.144262295082	0.173770491803	0.144262295082	0.177049180328	0.144262295082	0.170491803279	0.0950819672131	0.147540983607	0.140983606557	0.124590163934	0.131147540984	0.137704918033	0.114754098361	0.0655737704918	0.186885245902	0.101639344262	0.177049180328	0.124590163934	0.12131147541	0.101639344262	0.131147540984	0.173770491803	0.144262295082	0.127868852459	0.23606557377	0.0	0.160655737705	0.0295081967213	0.108196721311	0.101639344262	0.196721311475	0.150819672131
NG-5636_299.snv.bam	0.140983606557	0.183606557377	0.252459016393	0.232786885246	0.252459016393	0.232786885246	0.255737704918	0.232786885246	0.154098360656	0.193442622951	0.190163934426	0.180327868852	0.190163934426	0.213114754098	0.186885245902	0.196721311475	0.206557377049	0.131147540984	0.209836065574	0.222950819672	0.2	0.209836065574	0.167213114754	0.173770491803	0.2	0.213114754098	0.219672131148	0.213114754098	0.160655737705	0.0	0.170491803279	0.2	0.173770491803	0.232786885246	0.15737704918
NG-5636_305.snv.bam	0.0950819672131	0.137704918033	0.183606557377	0.170491803279	0.183606557377	0.170491803279	0.186885245902	0.170491803279	0.160655737705	0.0688524590164	0.124590163934	0.127868852459	0.131147540984	0.104918032787	0.104918032787	0.140983606557	0.0885245901639	0.16393442623	0.0688524590164	0.209836065574	0.0918032786885	0.150819672131	0.0852459016393	0.154098360656	0.150819672131	0.118032786885	0.108196721311	0.203278688525	0.0295081967213	0.170491803279	0.0	0.0918032786885	0.124590163934	0.183606557377	0.124590163934
NG-5636_432.snv.bam	0.127868852459	0.216393442623	0.108196721311	0.137704918033	0.111475409836	0.137704918033	0.111475409836	0.137704918033	0.203278688525	0.137704918033	0.0885245901639	0.0754098360656	0.0754098360656	0.147540983607	0.12131147541	0.101639344262	0.0950819672131	0.16393442623	0.137704918033	0.186885245902	0.160655737705	0.0491803278689	0.154098360656	0.206557377049	0.209836065574	0.170491803279	0.124590163934	0.245901639344	0.108196721311	0.2	0.0918032786885	0.0	0.124590163934	0.0950819672131	0.154098360656
NG-5636_60.snv.bam	0.170491803279	0.245901639344	0.193442622951	0.16393442623	0.193442622951	0.16393442623	0.196721311475	0.16393442623	0.222950819672	0.177049180328	0.154098360656	0.134426229508	0.144262295082	0.186885245902	0.193442622951	0.134426229508	0.0426229508197	0.137704918033	0.183606557377	0.203278688525	0.206557377049	0.140983606557	0.183606557377	0.12131147541	0.245901639344	0.193442622951	0.144262295082	0.291803278689	0.101639344262	0.173770491803	0.124590163934	0.124590163934	0.0	0.209836065574	0.183606557377
O2.UC4-1.snv.bam	0.183606557377	0.173770491803	0.0459016393443	0.111475409836	0.0459016393443	0.111475409836	0.0459016393443	0.111475409836	0.196721311475	0.177049180328	0.0950819672131	0.147540983607	0.0524590163934	0.186885245902	0.180327868852	0.0918032786885	0.180327868852	0.183606557377	0.222950819672	0.190163934426	0.245901639344	0.101639344262	0.193442622951	0.245901639344	0.193442622951	0.213114754098	0.209836065574	0.219672131148	0.196721311475	0.232786885246	0.183606557377	0.0950819672131	0.209836065574	0.0	0.180327868852
SZEY-97A.snv.bam	0.108196721311	0.186885245902	0.196721311475	0.193442622951	0.2	0.193442622951	0.2	0.193442622951	0.160655737705	0.16393442623	0.144262295082	0.147540983607	0.144262295082	0.183606557377	0.160655737705	0.160655737705	0.16393442623	0.170491803279	0.154098360656	0.196721311475	0.177049180328	0.190163934426	0.183606557377	0.222950819672	0.160655737705	0.173770491803	0.216393442623	0.16393442623	0.150819672131	0.15737704918	0.124590163934	0.154098360656	0.183606557377	0.180327868852	0.0
