	103092734-palatinetonsils3.snv.bam	158337416-tonguedorsum1.snv.bam	158337416-tonguedorsum2.snv.bam	158479027-tonguedorsum1.snv.bam	158479027-tonguedorsum2.snv.bam	158883629-tonguedorsum1.snv.bam	158883629-tonguedorsum3.snv.bam	158944319-tonguedorsum1.snv.bam	159005010-tonguedorsum2.snv.bam	159227541-tonguedorsum3.snv.bam	159268001-tonguedorsum1.snv.bam	159268001-tonguedorsum2.snv.bam	159268001-tonguedorsum3.snv.bam	159470302-tonguedorsum1.snv.bam	159490532-tonguedorsum1.snv.bam	159571453-tonguedorsum2.snv.bam	159591683-supragingivalplaque1.snv.bam	159591683-tonguedorsum2.snv.bam	159733294-tonguedorsum1.snv.bam	159814214-tonguedorsum1.snv.bam	159814214-tonguedorsum2.snv.bam	159915365-tonguedorsum1.snv.bam	160158126-tonguedorsum1.snv.bam	160158126-tonguedorsum2.snv.bam	160178356-tonguedorsum1.snv.bam	160178356-tonguedorsum3.snv.bam	160218816-tonguedorsum1.snv.bam	160259276-tonguedorsum1.snv.bam	160319967-tonguedorsum1.snv.bam	160380657-tonguedorsum1.snv.bam	160380657-tonguedorsum2.snv.bam	160380657-tonguedorsum3.snv.bam	160603188-tonguedorsum1.snv.bam	160603188-tonguedorsum3.snv.bam	160906640-tonguedorsum1.snv.bam	160947100-tonguedorsum1.snv.bam	234447334-tonguedorsum2.snv.bam	246515023-supragingivalplaque2.snv.bam	295137534-tonguedorsum2.snv.bam	404239096-tonguedorsum1.snv.bam	550534656-tonguedorsum2.snv.bam	550534656-tonguedorsum3.snv.bam	604812005-tonguedorsum3.snv.bam	638754422-supragingivalplaque2.snv.bam	638754422-tonguedorsum1.snv.bam	638754422-tonguedorsum2.snv.bam	638754422-tonguedorsum3.snv.bam	675950834-tonguedorsum1.snv.bam	675950834-tonguedorsum2.snv.bam	682102541-tonguedorsum3.snv.bam	763395383-anteriornares3.snv.bam	763395383-supragingivalplaque3.snv.bam	763395383-tonguedorsum3.snv.bam	763435843-tonguedorsum1.snv.bam	763435843-tonguedorsum2.snv.bam	763496533-palatinetonsils2.snv.bam	763496533-throat2.snv.bam	763496533-tonguedorsum2.snv.bam	763759525-tonguedorsum2.snv.bam	763860675-tonguedorsum2.snv.bam	763901136-tonguedorsum2.snv.bam	763961826-supragingivalplaque2.snv.bam	763961826-throat2.snv.bam	764083206-tonguedorsum1.snv.bam	764083206-tonguedorsum2.snv.bam	764143897-tonguedorsum2.snv.bam	764224817-tonguedorsum1.snv.bam	764224817-tonguedorsum2.snv.bam	764305738-tonguedorsum1.snv.bam	764366428-throat2.snv.bam	764366428-tonguedorsum2.snv.bam	764487809-tonguedorsum2.snv.bam	764508039-tonguedorsum3.snv.bam	764649650-tonguedorsum2.snv.bam	764811490-tonguedorsum1.snv.bam	764872181-tonguedorsum1.snv.bam	765013792-tonguedorsum1.snv.bam	765013792-tonguedorsum2.snv.bam	765074482-tonguedorsum1.snv.bam	765094712-tonguedorsum1.snv.bam	765155402-tonguedorsum3.snv.bam	765195863-tonguedorsum3.snv.bam	765216093-tonguedorsum3.snv.bam	765337473-tonguedorsum1.snv.bam	765377934-palatinetonsils3.snv.bam	765377934-tonguedorsum3.snv.bam	765701615-tonguedorsum1.snv.bam	765701615-tonguedorsum2.snv.bam	809635352-tonguedorsum1.snv.bam	861967750-tonguedorsum1.snv.bam	861967750-tonguedorsum2.snv.bam	863126187-tonguedorsum3.snv.bam	953045535-tonguedorsum2.snv.bam
103092734-palatinetonsils3.snv.bam	0.0	0.17506362572	0.186695705178	0.175392823942	0.197030961598	0.18476419918	0.216626897043	0.191928640487	0.153104888223	0.19217025988	0.203278629075	0.196839503921	0.169123900159	0.176346192168	0.174007894007	0.190165787504	0.17622713161	0.155058336914	0.16623141868	0.184828431285	0.189875094254	0.117316941723	0.188058620702	0.187595141543	0.154684860149	0.183152927153	0.157809509266	0.174455476495	0.165143732242	0.188023041454	0.174990197872	0.180443831725	0.198946162806	0.177788915008	0.168038398334	0.197428415697	0.166076778272	0.20884537975	0.219814743108	0.161509085791	0.138729192566	0.134690701936	0.153093872018	0.194693663376	0.136813299867	0.182970018978	0.171260456417	0.170929194573	0.1710830444	0.177695295494	0.00579621810398	0.172460692198	0.174704895901	0.175477610003	0.183152052239	0.13431713787	0.125132368776	0.124424065923	0.199140004801	0.220378059417	0.174456061927	0.137905615542	0.139290294813	0.164928337947	0.162703339046	0.150841038821	0.184616375791	0.178486757573	0.0799649579567	0.182634196298	0.186306903113	0.151242856209	0.167121621384	0.17395924888	0.169151124366	0.16872602742	0.1644926877	0.195940990833	0.201746828523	0.164417637712	0.174639106402	0.138678644906	0.159835597925	0.161834123028	0.178935412398	0.170519195377	0.183059595874	0.165599395716	0.200289314334	0.180351454462	0.176297903459	0.141657731426	0.179554405427
158337416-tonguedorsum1.snv.bam	0.17506362572	0.0	0.0899186598075	0.183556731045	0.217694835628	0.201703887917	0.171421092023	0.192913502814	0.16346670945	0.218029777746	0.238105225993	0.232477543395	0.198951337969	0.211449896968	0.16748846714	0.191347565123	0.203818099071	0.213319043583	0.153847988795	0.179072723236	0.171349873955	0.162159340481	0.222677970551	0.208656110061	0.192972797492	0.202799392164	0.129119877529	0.172053670586	0.134459076241	0.163986267378	0.163024893847	0.176492156071	0.235076292178	0.17502677425	0.1894242347	0.217193466437	0.169607638716	0.223880575101	0.229970119202	0.159994123519	0.225608930247	0.218313388466	0.167320265247	0.201641568936	0.163387008403	0.19346797808	0.17934536634	0.151782724883	0.151337812892	0.166973943594	0.174421505795	0.185755218016	0.154496477935	0.206084967289	0.170409294735	0.143231140817	0.137713429089	0.142912087669	0.200615212895	0.183608110178	0.238564107775	0.184951417334	0.248590316618	0.147098770588	0.175330297644	0.168752349606	0.188232318722	0.178989379289	0.153650715079	0.158249643608	0.160301853855	0.15883602836	0.160743850331	0.176786871424	0.187587376614	0.164269655796	0.150526148592	0.218829726699	0.22455022076	0.172142160551	0.153678142121	0.214534145326	0.075754294163	0.123896955724	0.119964579867	0.115899042168	0.223732405896	0.20873554027	0.186938420567	0.164393930998	0.154080376995	0.174437372464	0.190233612989
158337416-tonguedorsum2.snv.bam	0.186695705178	0.0899186598075	0.0	0.20070019871	0.211167801833	0.216982353235	0.142077088308	0.200786622903	0.183415086703	0.253709756849	0.256607588917	0.249910731801	0.218350118651	0.230512269604	0.183555143	0.22362203454	0.208075739691	0.229749406826	0.168398245049	0.198038773317	0.195782145524	0.179496008768	0.23307143279	0.218895215099	0.208148775295	0.21942561081	0.141154214964	0.192372156851	0.153154209334	0.188906540592	0.181706407081	0.194685139344	0.2148750962	0.167183152035	0.196445298462	0.215548916472	0.178640959296	0.259003323953	0.234982482676	0.190631827978	0.23403899651	0.226597354708	0.173037313327	0.217721662817	0.16346820176	0.190200717547	0.180986566681	0.171599938627	0.167389308065	0.177063734369	0.186350342695	0.214208939289	0.197485194949	0.206193395364	0.17179429464	0.160047046348	0.156402373957	0.157788325024	0.217508449202	0.196207005734	0.245851399163	0.218272521428	0.26492756848	0.165857369178	0.186472939924	0.180798627566	0.199170178419	0.194898493785	0.159007591267	0.145165218037	0.1440829587	0.167371297065	0.167608699194	0.180758135791	0.208119437728	0.180117344545	0.127323786672	0.213614500965	0.242281428282	0.186455959695	0.170089295774	0.224027207842	0.166530486968	0.14109105779	0.0926252826933	0.0862589524411	0.230584306859	0.223157520204	0.217086429499	0.147412744639	0.153195628285	0.159141086319	0.193378680647
158479027-tonguedorsum1.snv.bam	0.175392823942	0.183556731045	0.20070019871	0.0	0.11520897855	0.184734317847	0.193982898383	0.166014665732	0.156179073772	0.184600023083	0.186626674602	0.180472309917	0.134432918948	0.144315731786	0.117646862582	0.189699741649	0.203081890219	0.175901137842	0.176679311135	0.137908192105	0.144381934924	0.162084450419	0.156844871895	0.140837562785	0.143386418408	0.154005999228	0.162443457948	0.184328634092	0.131627537717	0.114561576166	0.135925400353	0.162263096477	0.195136627409	0.188480362553	0.151607079954	0.155300802104	0.154930012605	0.185892378471	0.188582776507	0.158178355112	0.159006475187	0.154866837429	0.144807627555	0.196492707554	0.149553233951	0.211072012744	0.18816120878	0.129864135408	0.141948477775	0.142693768627	0.176478603613	0.13513194129	0.13769985609	0.147156924362	0.145801845302	0.156358574679	0.151975417574	0.162314209791	0.181078139618	0.183214322906	0.173280768868	0.153356534583	0.209209564483	0.127313665744	0.14548768405	0.169389145383	0.125471323045	0.133308814326	0.159570225868	0.188605431022	0.195169849846	0.186995036123	0.134300090528	0.138865521175	0.151364122925	0.181865406558	0.166319758547	0.205548490562	0.174489378886	0.190539740595	0.1564354326	0.176512169913	0.192176792863	0.165168693612	0.184174213051	0.176249508808	0.154458336373	0.172984120981	0.18768531668	0.196203671125	0.175336030546	0.192023412149	0.137211060456
158479027-tonguedorsum2.snv.bam	0.197030961598	0.217694835628	0.211167801833	0.11520897855	0.0	0.2271797579	0.216003548165	0.194146074547	0.200022706965	0.203176094615	0.207349596128	0.204028988566	0.182023720584	0.210216057939	0.175745262543	0.214937194561	0.233082027651	0.201789485769	0.198999891319	0.207611362453	0.216102786926	0.192080937899	0.212202600856	0.199870995148	0.182766853596	0.202860440924	0.190904461146	0.197294576882	0.184546585783	0.180756310963	0.175025592143	0.20454574054	0.192989252829	0.219201121804	0.175149054	0.210700062685	0.174371419985	0.22661711653	0.220100089621	0.199511811027	0.162278891996	0.152718423094	0.190272752257	0.238256625262	0.192524674998	0.240419749615	0.223745166508	0.161389182496	0.164769060887	0.192534228866	0.193046852283	0.128679596518	0.134730757034	0.194795091392	0.197035136166	0.180487387127	0.176391958904	0.18919732734	0.190457744191	0.192244734753	0.119946924566	0.192285468199	0.202353906904	0.177420440686	0.199599469901	0.213679597064	0.172405058149	0.148119882386	0.162203888569	0.197672895217	0.200718344034	0.198662253303	0.180636166905	0.193949560081	0.172037364318	0.209029753915	0.183655252603	0.218073758836	0.14424801401	0.207880984635	0.194171337491	0.157728758722	0.219853886819	0.190046609127	0.196535963224	0.188330989796	0.199292439175	0.22069828396	0.200023996831	0.195231396837	0.189266381609	0.192723803634	0.195325544852
158883629-tonguedorsum1.snv.bam	0.18476419918	0.201703887917	0.216982353235	0.184734317847	0.2271797579	0.0	0.145602538388	0.169252257278	0.128989736858	0.188840968977	0.187290727165	0.180468324992	0.162534458735	0.177966285093	0.185270123227	0.162300717103	0.24559556404	0.155074665255	0.205435336306	0.178934523761	0.183496868587	0.193417398553	0.194886030031	0.188871749907	0.159035155498	0.150867776835	0.181437913121	0.169584833137	0.171788729373	0.179654451475	0.182796207665	0.159575217277	0.178659923889	0.194660787416	0.158790160005	0.204489576464	0.199821882506	0.193711375708	0.208771782027	0.182727129638	0.158807929332	0.162615791986	0.167667518237	0.196737234494	0.186622480487	0.207614195818	0.198560617832	0.193799578966	0.19753777788	0.175826198139	0.186195131434	0.203248063364	0.190605834463	0.179674359908	0.179881918615	0.198945748036	0.202262818319	0.20810299067	0.177220883755	0.213191766705	0.230173084634	0.165884516287	0.158100362323	0.182719183823	0.186917512259	0.189014125887	0.16926644168	0.182984050496	0.206086247518	0.225906078659	0.232382205281	0.208224418047	0.176218036286	0.175116251478	0.142389939158	0.198204159414	0.190696690763	0.209996601725	0.204318059668	0.208693180779	0.15631787122	0.200657250501	0.207410125922	0.188339817088	0.217587453881	0.207502207979	0.155506941861	0.17567291078	0.192990002643	0.233874594409	0.220538092846	0.212948446733	0.18705796628
158883629-tonguedorsum3.snv.bam	0.216626897043	0.171421092023	0.142077088308	0.193982898383	0.216003548165	0.145602538388	0.0	0.2081639391	0.179300337867	0.191183304148	0.205185082269	0.200771387704	0.184110365777	0.19437011763	0.18369058955	0.211771089678	0.236877508316	0.197012465343	0.198545158717	0.189143934141	0.191091004129	0.184617785127	0.224949465566	0.217790481919	0.178625828118	0.192816795066	0.163053489569	0.174265077252	0.183349288026	0.179790587184	0.169390645956	0.165821040865	0.212140077709	0.191846814714	0.202726469114	0.211643355299	0.18756976954	0.226691672163	0.222330403779	0.180929195098	0.2016483847	0.199474282338	0.167755334338	0.219940904559	0.179168570931	0.210521890246	0.201441285424	0.186266546594	0.194887483935	0.184701592413	0.216745884064	0.215738058942	0.197787730493	0.204823462446	0.173055999213	0.185320319859	0.183415405034	0.192533640653	0.209413600445	0.186539979889	0.222315252346	0.201167230879	0.236044178445	0.176247172058	0.1932562338	0.216136316845	0.194305049924	0.191115942428	0.198367043655	0.202985389316	0.203403608105	0.223468299562	0.178942476875	0.185258604173	0.179372005825	0.174640473807	0.185370493686	0.212746617389	0.222638804331	0.182926820943	0.163714192334	0.194335982796	0.205516761637	0.179106579903	0.187875982857	0.178357098825	0.193039408052	0.196336411318	0.205643418567	0.213615704686	0.200009348179	0.194091988227	0.189974213481
158944319-tonguedorsum1.snv.bam	0.191928640487	0.192913502814	0.200786622903	0.166014665732	0.194146074547	0.169252257278	0.2081639391	0.0	0.176534741015	0.172468480542	0.196988839233	0.191361634393	0.164730392182	0.149082624331	0.171148339951	0.194148973304	0.250414132523	0.22363518628	0.192867024321	0.171057041413	0.177356067125	0.188615132359	0.17111936346	0.158429866216	0.178198507136	0.175648817817	0.171282466064	0.182946900594	0.151096094732	0.160519534648	0.151313329655	0.178371830898	0.191206205259	0.198854355814	0.0216192864929	0.158559007609	0.151652994993	0.20066915446	0.194447851919	0.177404871473	0.192680095683	0.187654352786	0.185300046957	0.215336147071	0.18653789773	0.215236476738	0.20909058792	0.149554965259	0.149655816588	0.184364120308	0.192950370398	0.194618690252	0.182421547932	0.13549694955	0.171459428483	0.179507916381	0.179827553006	0.188230278429	0.18364604303	0.210418496639	0.210986040635	0.196810007495	0.219249808634	0.166126058428	0.186608201241	0.185879326017	0.140156648604	0.164053448338	0.183052047661	0.214228483422	0.224152335592	0.194487648848	0.192902033469	0.151957447363	0.176150767023	0.190961548636	0.169526522844	0.218011797597	0.192552800464	0.193670318189	0.165594591575	0.202875557616	0.184171120115	0.16947992395	0.174234885335	0.167507186375	0.16556984006	0.20568086339	0.187188289122	0.224457192915	0.210809267926	0.20252844967	0.154053965652
159005010-tonguedorsum2.snv.bam	0.153104888223	0.16346670945	0.183415086703	0.156179073772	0.200022706965	0.128989736858	0.179300337867	0.176534741015	0.0	0.183619949344	0.186223127651	0.17800595412	0.14816412332	0.178567371587	0.164734756686	0.146243966405	0.218485743898	0.168129654755	0.188228595872	0.175865978146	0.178748291484	0.162992111102	0.192967773061	0.188299571188	0.174005633519	0.154983134073	0.1635727396	0.139327323533	0.144950691327	0.163363911513	0.164778456396	0.158662779269	0.186112720575	0.195928073638	0.162577434181	0.208515076248	0.185757065098	0.201237260251	0.205431272347	0.174147734671	0.159040143527	0.159415324726	0.164397536484	0.207592553852	0.177706967822	0.20429526582	0.203170270346	0.174804425979	0.177131395747	0.156790163666	0.155111563529	0.156347899538	0.151860483949	0.187317696461	0.18456620169	0.146148083237	0.142451861808	0.152136379643	0.164079581215	0.193387027287	0.214055831252	0.159915421284	0.180440515088	0.168956805592	0.174656957372	0.164653769043	0.159392267069	0.154958866445	0.143269577124	0.200114828496	0.207542988661	0.167061859637	0.167832999261	0.168511237925	0.150936132576	0.175200380037	0.151629733273	0.206622915692	0.186659094876	0.18478455599	0.147795103573	0.185655239026	0.171033338952	0.173640666235	0.188707441441	0.176953159384	0.175671443022	0.173097957619	0.1652282032	0.207503361582	0.195521675464	0.194534376103	0.187798903783
159227541-tonguedorsum3.snv.bam	0.19217025988	0.218029777746	0.253709756849	0.184600023083	0.203176094615	0.188840968977	0.191183304148	0.172468480542	0.183619949344	0.0	0.147937801707	0.147639838191	0.143140917688	0.162938451775	0.196333014958	0.188088804765	0.223629316692	0.211113358527	0.213857472288	0.18880336789	0.196108017459	0.209145855314	0.198237720322	0.192144608852	0.159454465315	0.158066490205	0.177258923532	0.199974690277	0.201533237118	0.186296593159	0.179181397295	0.171122904371	0.19902986758	0.206403063915	0.15218874291	0.2011790247	0.179213755273	0.203879653332	0.217461595417	0.166769063096	0.173912523308	0.173414700304	0.183002260003	0.220523659698	0.182444442727	0.220400425446	0.209246898733	0.200349563176	0.208218175854	0.168580143985	0.195091988948	0.194708184481	0.176534350645	0.196977259949	0.203506710652	0.188125259914	0.181305995343	0.198863897506	0.177872921423	0.203678675333	0.198561862935	0.182833968232	0.198726831875	0.190318238354	0.212842681686	0.167524971809	0.197169256583	0.196937103978	0.200015267378	0.230700820061	0.236332534866	0.22317189176	0.186835015059	0.176239922818	0.171445414614	0.207452622541	0.209463885584	0.220119155743	0.201249480993	0.210381592439	0.181208211883	0.158545700039	0.188720237967	0.175319969219	0.22003408456	0.208129897714	0.177732313734	0.195237867329	0.190175765637	0.236253497867	0.21732121382	0.22392018572	0.190335119875
159268001-tonguedorsum1.snv.bam	0.203278629075	0.238105225993	0.256607588917	0.186626674602	0.207349596128	0.187290727165	0.205185082269	0.196988839233	0.186223127651	0.147937801707	0.0	0.0291968262337	0.0819380849576	0.192005359392	0.192443051875	0.183361824901	0.211645139334	0.191491515361	0.213419952152	0.191874364978	0.201392245728	0.200586274153	0.211034197079	0.20762308807	0.164530559734	0.175396356324	0.181152977121	0.188671471797	0.198435701408	0.176436082779	0.175542735684	0.158236753467	0.192899118865	0.215317683798	0.17617533437	0.21663895193	0.164301198357	0.202910896006	0.226117135255	0.176246511516	0.16184936048	0.161117071006	0.167452086405	0.207060219167	0.177485928058	0.218694245172	0.212727781719	0.184993255935	0.185830242573	0.166140069116	0.204490334854	0.18471683088	0.188552087553	0.192763900261	0.196116419558	0.196598187938	0.198442468024	0.21221985331	0.130807546193	0.213267308355	0.200701755014	0.172146998585	0.180218660228	0.188695590802	0.198013899908	0.192950467227	0.188758716325	0.17699478119	0.194984566863	0.235034514253	0.242611505533	0.210030982822	0.180543306863	0.187152823783	0.15438634761	0.177707282576	0.210767371738	0.214242719094	0.174614505131	0.185522497091	0.154970012355	0.169320500851	0.22131231145	0.190229417614	0.233096218364	0.220021004272	0.166584582487	0.18098574873	0.220881241426	0.240153423175	0.218743646777	0.211421075539	0.19638022618
159268001-tonguedorsum2.snv.bam	0.196839503921	0.232477543395	0.249910731801	0.180472309917	0.204028988566	0.180468324992	0.200771387704	0.191361634393	0.17800595412	0.147639838191	0.0291968262337	0.0	0.0727506744786	0.189559428469	0.19090665358	0.173695912853	0.210996563752	0.192063088241	0.209791937348	0.189565643674	0.197474365882	0.195342909975	0.206706909342	0.203527282318	0.158115870906	0.168072627603	0.171483722716	0.180483943683	0.192892350171	0.172232236738	0.173043308006	0.154454301451	0.190922620986	0.211391240572	0.170164169721	0.212223956668	0.160286149695	0.201280487489	0.229499616005	0.173276481819	0.155742708062	0.154703333618	0.160813397589	0.204778598836	0.17412519094	0.216515845552	0.211015236942	0.180784800691	0.180806454206	0.162309022765	0.198358262361	0.175164332382	0.182303116511	0.186623756219	0.192890080527	0.195762906136	0.196568862394	0.210085663773	0.126051967144	0.211463175666	0.198564192814	0.168481045651	0.180290504787	0.182287780652	0.190543314755	0.186844578817	0.184342433875	0.172908065392	0.190151985017	0.23361894077	0.240927547565	0.203096629895	0.17771560457	0.184959935749	0.147457617048	0.170013905147	0.205108894673	0.208677489784	0.174350407361	0.177969856101	0.147108249758	0.165796841795	0.215838369292	0.184896735986	0.229234906315	0.215764706664	0.162949279875	0.173808155212	0.215065934938	0.239493295809	0.218556539453	0.208513642796	0.19085256072
159268001-tonguedorsum3.snv.bam	0.169123900159	0.198951337969	0.218350118651	0.134432918948	0.182023720584	0.162534458735	0.184110365777	0.164730392182	0.14816412332	0.143140917688	0.0819380849576	0.0727506744786	0.0	0.151767990754	0.146346039384	0.152805075255	0.190805754781	0.167429834046	0.178064819904	0.146498138223	0.154173810331	0.164442021352	0.173544016009	0.165291312849	0.13679320793	0.140814248001	0.145211548203	0.158490524796	0.149440757396	0.131314018162	0.138633394882	0.130406174946	0.177513174631	0.182206095782	0.14414033212	0.174982802836	0.138739277466	0.172692350319	0.199937603527	0.141369923571	0.143192711382	0.13952465854	0.132107000302	0.170335876217	0.145895961376	0.191392415072	0.180264082937	0.145711737114	0.149840458766	0.126196918624	0.171586083406	0.150196304294	0.15267754307	0.149458985927	0.154946519285	0.164031960391	0.16372778769	0.178004922984	0.133871582787	0.187771665684	0.183676230302	0.139144831312	0.178173040577	0.149113692387	0.158076955415	0.155660331985	0.144508180557	0.140540271515	0.163392448832	0.200752799843	0.209572405265	0.168995185052	0.148300038572	0.145419641421	0.130319765947	0.145833177681	0.175663918528	0.189145379156	0.157891155696	0.155401552596	0.12498248543	0.160431847781	0.188055159979	0.157909332004	0.198511305427	0.184770169095	0.129463451958	0.148222719435	0.185982109752	0.20841638826	0.18627134927	0.180572893597	0.151863448167
159470302-tonguedorsum1.snv.bam	0.176346192168	0.211449896968	0.230512269604	0.144315731786	0.210216057939	0.177966285093	0.19437011763	0.149082624331	0.178567371587	0.162938451775	0.192005359392	0.189559428469	0.151767990754	0.0	0.155940081673	0.195911582169	0.211721726405	0.191199735326	0.205292016815	0.122511500513	0.13314894953	0.18773373045	0.132402314572	0.120479883223	0.148459210417	0.160332856817	0.182410415509	0.188427417642	0.157419245459	0.127067782715	0.142436920275	0.165623462804	0.195915149675	0.201846088404	0.14124735053	0.0978468417612	0.16508539015	0.181027899606	0.179231136081	0.154556712096	0.180779299636	0.180003902283	0.169311274354	0.203127063856	0.171467716621	0.216444756849	0.205332301547	0.15445619638	0.171346978869	0.163648486822	0.178701321947	0.200659718384	0.186271874471	0.113564934139	0.149128531335	0.169854921405	0.167889996917	0.178180654934	0.186490367493	0.211983262262	0.21431642424	0.175495433216	0.195110812752	0.155115375386	0.153900272781	0.180119258098	0.132543974757	0.164603662362	0.177822447703	0.21776480515	0.226443379578	0.206094694063	0.180993641601	0.117128779803	0.169920445002	0.193764179974	0.192416642285	0.218337949593	0.199626458607	0.204013635176	0.171167003904	0.185964054872	0.197628296097	0.186837695455	0.212121261693	0.203082030635	0.14182495937	0.182614648151	0.193640756979	0.227364795468	0.205985324224	0.224199918419	0.102639380964
159490532-tonguedorsum1.snv.bam	0.174007894007	0.16748846714	0.183555143	0.117646862582	0.175745262543	0.185270123227	0.18369058955	0.171148339951	0.164734756686	0.196333014958	0.192443051875	0.19090665358	0.146346039384	0.155940081673	0.0	0.196845926752	0.1897202881	0.173892147905	0.139362520942	0.13325140704	0.129376841269	0.16167515447	0.171017588043	0.152052534785	0.157546279448	0.167042854186	0.135581248217	0.184770999003	0.131124491209	0.112543590856	0.126496692024	0.152028342074	0.211698340097	0.161634874231	0.163564201546	0.165568948659	0.142074874638	0.176714293708	0.170995114385	0.140161078437	0.181670942984	0.175099162589	0.1270165794	0.165342448784	0.132902487735	0.182961984195	0.164705932355	0.127272855874	0.133929741807	0.130874584691	0.178006131001	0.171367967377	0.165850135369	0.141606233419	0.11254010248	0.158923010828	0.157419512002	0.163785605189	0.193499909924	0.16649703357	0.193927541761	0.156775547489	0.226710663672	0.108259060315	0.13282660687	0.152092397409	0.135293898267	0.151994767542	0.161630356412	0.151959938669	0.159848160952	0.171357431955	0.118672709644	0.119476539423	0.166940195366	0.144075483165	0.171255037365	0.18199930896	0.194454102169	0.163651885701	0.145381125229	0.192864016356	0.181970537013	0.152316513838	0.172269912741	0.165638143244	0.163072173423	0.161245096774	0.181328796859	0.15962606899	0.140133085628	0.1641385944	0.135862672782
159571453-tonguedorsum2.snv.bam	0.190165787504	0.191347565123	0.22362203454	0.189699741649	0.214937194561	0.162300717103	0.211771089678	0.194148973304	0.146243966405	0.188088804765	0.183361824901	0.173695912853	0.152805075255	0.195911582169	0.196845926752	0.0	0.243977330827	0.179716368276	0.220434935807	0.194363788441	0.202816631875	0.184944388741	0.204631872047	0.199039447853	0.179009095745	0.170554601141	0.185022392466	0.136996053543	0.170927288375	0.19309854089	0.185183183431	0.163866114183	0.185331018653	0.223991312838	0.177486177273	0.226221054156	0.184330123014	0.193376031874	0.235221320313	0.17779447551	0.166489353223	0.163948577559	0.184984735101	0.234679647222	0.198577741045	0.233566247196	0.233579116976	0.183788868937	0.184591784226	0.167128040333	0.190277011928	0.162827951467	0.147014210504	0.206868066015	0.216334959498	0.179186771286	0.171376042952	0.183863096927	0.131162162529	0.199470269573	0.220295501547	0.175831790606	0.162588868376	0.195911385884	0.201501606371	0.187607411412	0.181675914264	0.164802793447	0.177461620731	0.218117526249	0.222543999461	0.172821494906	0.191396984576	0.194638800487	0.152206639422	0.211693173215	0.190152221937	0.23288351631	0.164041472387	0.215353603104	0.14819233475	0.194358342954	0.173647939855	0.198514504519	0.220187366953	0.206987201404	0.176907773982	0.191674414921	0.145187109431	0.221781593948	0.209250644756	0.225255229831	0.211814016648
159591683-supragingivalplaque1.snv.bam	0.17622713161	0.203818099071	0.208075739691	0.203081890219	0.233082027651	0.24559556404	0.236877508316	0.250414132523	0.218485743898	0.223629316692	0.211645139334	0.210996563752	0.190805754781	0.211721726405	0.1897202881	0.243977330827	0.0	0.191086649536	0.188432511533	0.200309461464	0.208882453427	0.192354681815	0.227526776265	0.219795460062	0.184715904832	0.214455979482	0.155883403892	0.213577874379	0.196004231033	0.198169952606	0.192374413279	0.204088431569	0.236317283777	0.195027459179	0.228107255869	0.220999494386	0.185997839096	0.216312460621	0.224781855694	0.194123005736	0.207452704984	0.195303441496	0.162007918277	0.16661293292	0.167866984182	0.200472920658	0.18744487963	0.195615662524	0.198782031689	0.18649361074	0.174107850677	0.196543959458	0.207755151752	0.196477835387	0.185962611629	0.161943316315	0.15965454397	0.168473203763	0.229717155093	0.220608310211	0.23837440455	0.163197614679	0.241170844078	0.160011602423	0.18087811584	0.186884620748	0.204304899531	0.203113280157	0.165784178373	0.179037151695	0.184827230972	0.183523570579	0.177614490263	0.191873263406	0.228203366118	0.170413297933	0.189422503041	0.196025247406	0.232947136484	0.164988843637	0.19301238297	0.207313282479	0.208920264591	0.169170752553	0.20440174205	0.197040208746	0.196589879003	0.174849954072	0.235812405639	0.184458233142	0.183109138493	0.199133914788	0.199391597034
159591683-tonguedorsum2.snv.bam	0.155058336914	0.213319043583	0.229749406826	0.175901137842	0.201789485769	0.155074665255	0.197012465343	0.22363518628	0.168129654755	0.211113358527	0.191491515361	0.192063088241	0.167429834046	0.191199735326	0.173892147905	0.179716368276	0.191086649536	0.0	0.20218809212	0.189112183005	0.193181368384	0.176165994408	0.19878608608	0.195263269007	0.166898553129	0.182770956607	0.18544665474	0.169387747619	0.191819427887	0.18200181364	0.190725411466	0.155239506221	0.209427132338	0.216801185761	0.208357689002	0.218044435733	0.192901774216	0.207380341129	0.231915515413	0.181099140573	0.156940879323	0.154100164821	0.146946280246	0.207540747987	0.157232956196	0.205356197127	0.189738797618	0.178400243057	0.181074619528	0.14772991738	0.153195022319	0.169179146864	0.167378623898	0.198315315524	0.176843719445	0.191787628692	0.18545356129	0.197453763829	0.177929932744	0.209748423852	0.184843581332	0.113119747057	0.101038620154	0.172594886685	0.172721880547	0.179253095188	0.183371853037	0.175571247917	0.171601179363	0.208411336939	0.211492052235	0.192793482509	0.166610748299	0.183559123065	0.15825944044	0.187570414838	0.197253341343	0.200617807768	0.171912202747	0.19277586728	0.153907681556	0.173099543079	0.210091179834	0.196575414049	0.234552981701	0.222117685649	0.173513131556	0.155935510928	0.197270709956	0.209003088865	0.198026598875	0.197374738098	0.192420579865
159733294-tonguedorsum1.snv.bam	0.16623141868	0.153847988795	0.168398245049	0.176679311135	0.198999891319	0.205435336306	0.198545158717	0.192867024321	0.188228595872	0.213857472288	0.213419952152	0.209791937348	0.178064819904	0.205292016815	0.139362520942	0.220434935807	0.188432511533	0.20218809212	0.0	0.143193108868	0.137522552725	0.166561331309	0.213107749317	0.204225323316	0.181444954831	0.200349323318	0.122334905356	0.19767386335	0.159004889576	0.13648781695	0.139236892294	0.155387280929	0.23886896917	0.0622016315621	0.189390563191	0.213359231978	0.131569651413	0.205686008239	0.227650584213	0.162956197112	0.193649244263	0.185973949993	0.142299596624	0.15842710956	0.117395295367	0.0862796231413	0.0833865740936	0.126651097392	0.127344295305	0.158703708329	0.166452330056	0.191130335928	0.187842095246	0.188182947813	0.141025879055	0.171212638297	0.167238819562	0.175844335059	0.20982496411	0.17288967845	0.204557110145	0.167498662703	0.240800548544	0.123246018262	0.166488426762	0.14885552786	0.183649980516	0.177441665079	0.16326306671	0.136264251793	0.137466369327	0.144264664923	0.126371683703	0.164804202988	0.191771946818	0.119990022221	0.165694544075	0.172810946562	0.190736682954	0.142735566701	0.146974620826	0.181478075857	0.167886833536	0.129768062971	0.145332273354	0.140111096398	0.212447680716	0.188584867439	0.207529770799	0.133591795368	0.133867585851	0.124882343842	0.177556078609
159814214-tonguedorsum1.snv.bam	0.184828431285	0.179072723236	0.198038773317	0.137908192105	0.207611362453	0.178934523761	0.189143934141	0.171057041413	0.175865978146	0.18880336789	0.191874364978	0.189565643674	0.146498138223	0.122511500513	0.13325140704	0.194363788441	0.200309461464	0.189112183005	0.143193108868	0.0	0.0346221363892	0.18628396969	0.168434031389	0.151461995244	0.171312558634	0.182778275452	0.155897527696	0.18945710041	0.143334051541	0.121313441104	0.125534883468	0.144877302276	0.212172020361	0.143074319627	0.158670172405	0.142208653103	0.149099157448	0.182318494694	0.187518205739	0.154921827231	0.200742898424	0.197881652156	0.146274490177	0.182882462587	0.14544744157	0.164733175122	0.144219242054	0.132181484133	0.139953252257	0.149004809762	0.185932300139	0.202532225414	0.19006292568	0.138175659024	0.118666098226	0.180027123816	0.177139061701	0.186257941118	0.189924335678	0.191652904942	0.216940487309	0.17741944963	0.223325537966	0.134536544229	0.148191896841	0.174338608059	0.145598919892	0.172311801198	0.185697401447	0.175309371083	0.178557591559	0.187328164834	0.139742301983	0.126819913813	0.170012700752	0.164653124494	0.171477939231	0.185416627242	0.204656793284	0.181742929843	0.151304832422	0.197737092319	0.19112305376	0.156903254622	0.172277393712	0.171006464809	0.161247305774	0.182370072964	0.198977233079	0.1765768523	0.162379871617	0.189744755596	0.123035208525
159814214-tonguedorsum2.snv.bam	0.189875094254	0.171349873955	0.195782145524	0.144381934924	0.216102786926	0.183496868587	0.191091004129	0.177356067125	0.178748291484	0.196108017459	0.201392245728	0.197474365882	0.154173810331	0.13314894953	0.129376841269	0.202816631875	0.208882453427	0.193181368384	0.137522552725	0.0346221363892	0.0	0.187226021916	0.172541905021	0.156461022922	0.17820518707	0.188258072292	0.159228652336	0.196873217891	0.146429750453	0.12092136296	0.128949195459	0.148860481559	0.223255712251	0.142641837649	0.171987476388	0.15270951212	0.153511780213	0.184329895389	0.191543762476	0.155070869525	0.205867560867	0.20350256558	0.144378976998	0.180338161988	0.148522470818	0.167982670976	0.146134168382	0.133236033261	0.139359969805	0.149273209403	0.190587476225	0.207898552383	0.194217136766	0.147923752738	0.121233181684	0.180983944648	0.178094714866	0.186351711268	0.199913703633	0.193810872341	0.223187505279	0.177031869775	0.232460493174	0.127708630148	0.152436780978	0.17731000633	0.152390008854	0.177093762123	0.190197743344	0.179424262716	0.181973707818	0.193741624246	0.140765431106	0.129215182713	0.175631505678	0.166303287297	0.178589402087	0.187679395142	0.215865569873	0.185037468495	0.150011746037	0.203519623319	0.192402647844	0.161463983815	0.175556232972	0.173512800608	0.168024959746	0.181323882375	0.205361834294	0.179538295475	0.164405824228	0.191461822964	0.130946327512
159915365-tonguedorsum1.snv.bam	0.117316941723	0.162159340481	0.179496008768	0.162084450419	0.192080937899	0.193417398553	0.184617785127	0.188615132359	0.162992111102	0.209145855314	0.200586274153	0.195342909975	0.164442021352	0.18773373045	0.16167515447	0.184944388741	0.192354681815	0.176165994408	0.166561331309	0.18628396969	0.187226021916	0.0	0.201509321476	0.196107551665	0.121083530895	0.131186396558	0.151383684871	0.17558741768	0.141737218063	0.159670939545	0.147174620887	0.151418379186	0.220132812694	0.17698699531	0.185630456499	0.204565377886	0.154083403614	0.211051004583	0.224360476452	0.148798382376	0.1592544379	0.155281812134	0.145475656194	0.195405535322	0.125408872562	0.181520770193	0.169867797829	0.167643236679	0.162071232255	0.157653844861	0.120356492965	0.169842545914	0.163262716739	0.189763902557	0.178224233137	0.100991206592	0.100593668357	0.0988668912836	0.192454929427	0.197670345508	0.17760672567	0.147621068335	0.202196365161	0.155548815961	0.158140887659	0.152552720013	0.175697433802	0.164164157422	0.102291499171	0.184315727709	0.190470713627	0.15300988635	0.153645793549	0.165986155593	0.164697419497	0.148130594718	0.157033685195	0.202985154507	0.19812927057	0.15222361365	0.14479834157	0.154047958042	0.161312289563	0.160436116938	0.168910337052	0.156751901058	0.171427245793	0.164602123442	0.194576267292	0.191824837653	0.167764415994	0.151069840476	0.178178901097
160158126-tonguedorsum1.snv.bam	0.188058620702	0.222677970551	0.23307143279	0.156844871895	0.212202600856	0.194886030031	0.224949465566	0.17111936346	0.192967773061	0.198237720322	0.211034197079	0.206706909342	0.173544016009	0.132402314572	0.171017588043	0.204631872047	0.227526776265	0.19878608608	0.213107749317	0.168434031389	0.172541905021	0.201509321476	0.0	0.0345712087156	0.188093069118	0.196974904678	0.186653441608	0.210187601088	0.164642122704	0.151181181139	0.171766708186	0.18479833606	0.202616481752	0.219858587486	0.165149182014	0.118313952245	0.185549395557	0.185227631153	0.162480048239	0.184246977944	0.188241277432	0.188844632147	0.183379254086	0.214371460594	0.181054495335	0.226453623514	0.216431009236	0.163057718773	0.170346471806	0.181030338638	0.189927161697	0.202818612728	0.195432673399	0.130675122887	0.173306466604	0.202954858657	0.196705449786	0.205242488369	0.213849354039	0.225903866121	0.208503682206	0.188928772527	0.204556179457	0.159591602894	0.144025148563	0.192807113192	0.15223594894	0.169747203821	0.192761284331	0.217934114702	0.228678164427	0.21515653744	0.180486539576	0.159702671084	0.18671068691	0.196376399788	0.199616724103	0.215246537738	0.214865019037	0.197754922314	0.184067460378	0.201583665237	0.219682890007	0.199503063185	0.20962210677	0.201419901007	0.164230080498	0.197910634188	0.214962847554	0.224304910082	0.203345520295	0.217811738639	0.134777964654
160158126-tonguedorsum2.snv.bam	0.187595141543	0.208656110061	0.218895215099	0.140837562785	0.199870995148	0.188871749907	0.217790481919	0.158429866216	0.188299571188	0.192144608852	0.20762308807	0.203527282318	0.165291312849	0.120479883223	0.152052534785	0.199039447853	0.219795460062	0.195263269007	0.204225323316	0.151461995244	0.156461022922	0.196107551665	0.0345712087156	0.0	0.181562693477	0.189244944765	0.175072897398	0.200335109143	0.151269618718	0.134998702244	0.156592538601	0.176044347899	0.195499819841	0.209943504977	0.149595041528	0.0892861665166	0.172084509433	0.18610267857	0.158212469123	0.171256271334	0.185691982259	0.185301182161	0.173023566771	0.202400396824	0.17475893745	0.222356832207	0.210764608239	0.152474076693	0.160595361913	0.168303204458	0.187841017602	0.196519915684	0.1842219756	0.110210836607	0.153255140146	0.185940580016	0.180262868812	0.191496919886	0.20763735317	0.218386849499	0.208188215732	0.185484838519	0.205671739556	0.147273698355	0.137634887641	0.184038593099	0.136949858227	0.162396004053	0.183419031529	0.20736363215	0.217632345872	0.206429773854	0.16908511638	0.144562357016	0.179254830005	0.192443860863	0.190241522701	0.214250359035	0.206043736011	0.196308642625	0.17648573306	0.200352998094	0.207509453611	0.188985567061	0.19860099756	0.190953872491	0.150222969654	0.187304683176	0.200582332638	0.211874816828	0.19153215487	0.216227343247	0.108146582187
160178356-tonguedorsum1.snv.bam	0.154684860149	0.192972797492	0.208148775295	0.143386418408	0.182766853596	0.159035155498	0.178625828118	0.178198507136	0.174005633519	0.159454465315	0.164530559734	0.158115870906	0.13679320793	0.148459210417	0.157546279448	0.179009095745	0.184715904832	0.166898553129	0.181444954831	0.171312558634	0.17820518707	0.121083530895	0.188093069118	0.181562693477	0.0	0.0619562954485	0.144345999018	0.186644822032	0.149580963064	0.150498958545	0.143280833666	0.145353797612	0.190215071328	0.176799639539	0.157631185741	0.183296601921	0.161505641472	0.20656955363	0.210739142035	0.152812161863	0.135678737607	0.135580226643	0.131467254167	0.187805493494	0.131046734665	0.190264192469	0.179798603175	0.167098344324	0.173789734414	0.143830279952	0.156019023665	0.159113006526	0.15252611179	0.166830312527	0.160465863917	0.140214875294	0.143648633269	0.153431077408	0.180097505933	0.200393470375	0.187166311354	0.148723081931	0.181642640943	0.14335088448	0.14470120865	0.149902049322	0.171031390292	0.159743441763	0.142135408667	0.19557920045	0.204275049594	0.177419756531	0.14819781342	0.149462298969	0.155595824421	0.166486791959	0.15625894074	0.20852155994	0.200057426417	0.172517418085	0.146239284826	0.153872172709	0.187418348719	0.156207875303	0.184374493	0.170859166046	0.129461941155	0.13895417706	0.199609954113	0.204803984264	0.184496863781	0.166022794002	0.164766015765
160178356-tonguedorsum3.snv.bam	0.183152927153	0.202799392164	0.21942561081	0.154005999228	0.202860440924	0.150867776835	0.192816795066	0.175648817817	0.154983134073	0.158066490205	0.175396356324	0.168072627603	0.140814248001	0.160332856817	0.167042854186	0.170554601141	0.214455979482	0.182770956607	0.200349323318	0.182778275452	0.188258072292	0.131186396558	0.196974904678	0.189244944765	0.0619562954485	0.0	0.164536307965	0.178258570138	0.162388016448	0.153551057551	0.157573713495	0.147572687269	0.193388318918	0.196180842346	0.159174370775	0.19165591362	0.177620527431	0.203573264605	0.221646483086	0.165286840266	0.151883672484	0.150021755829	0.153586181288	0.188064480203	0.155043470638	0.200238795495	0.191922043578	0.179148430998	0.181037448385	0.13981041335	0.186763542315	0.163273546091	0.155813327609	0.176520181932	0.183573750418	0.15257325196	0.155597451225	0.158934912237	0.177300410532	0.20151727956	0.200480097884	0.165700127428	0.197246391566	0.16226675484	0.167432149088	0.144079428294	0.168713379576	0.160168176429	0.158330501491	0.211552563567	0.220155868416	0.18179092976	0.165181934568	0.159990768699	0.160200115486	0.177920652865	0.157549621433	0.211151317366	0.191816265832	0.180903293673	0.147414603883	0.177015823131	0.193370389958	0.175254516145	0.198462144441	0.186490995978	0.12569740248	0.146320141788	0.18866127555	0.220944757098	0.198685026384	0.191885682789	0.175145859546
