	BYQ_AAAB.snv.bam	BYQ_AAAC.snv.bam	BYQ_AAAD.snv.bam	BYQ_AAAE.snv.bam	BYQ_AAAG.snv.bam	BYQ_AAAH.snv.bam	BYQ_AAAI.snv.bam	BYQ_AAAJ.snv.bam	BYQ_AAAK.snv.bam	BYQ_AAAL.snv.bam	BYQ_AAAM.snv.bam	BYQ_AAAN.snv.bam	BYQ_AAAO.snv.bam	BYQ_AAAP.snv.bam	BYQ_AAAQ.snv.bam	BYQ_AAAR.snv.bam	BYQ_AAAS.snv.bam	BYQ_AAAT.snv.bam	BYQ_AAAU.snv.bam	BYQ_AAAV.snv.bam	BYQ_AAAW.snv.bam	BYQ_AAAX.snv.bam	BYQ_AAAY.snv.bam	BYQ_AAAZ.snv.bam	BYQ_AABA.snv.bam	BYQ_AABB.snv.bam	BYQ_AABC.snv.bam
BYQ_AAAB.snv.bam	0.0	0.00577766110877	0.00721198648971	0.00620638358996	0.00467801155035	0.00777455255752	0.00465372853045	0.00666803919878	0.00565614755363	0.00451890221377	0.00485874507256	0.00561984343781	0.00406435507471	0.00939896639265	0.00564673087916	0.00678895219548	0.00665627439216	0.00457803218117	0.00595726819373	0.00468326356032	0.00373617862693	0.00680268699684	0.00593967777495	0.00417813451962	0.00495294669328	0.00578446190749	0.00513748635016
BYQ_AAAC.snv.bam	0.00577766110877	0.0	0.00705725195856	0.0043127762426	0.00631852890375	0.00298940121388	0.00368679004031	0.00492899397556	0.00559550467692	0.00533447376959	0.00535650397204	0.00430698477322	0.00394206343272	0.00665920840125	0.00513120284747	0.00439630042051	0.00488102044188	0.00426315898134	0.00520392599282	0.00555116904057	0.00442652454349	0.00494251673958	0.00587535240036	0.00424581639957	0.00359368586367	0.0050922950787	0.00491532085259
BYQ_AAAD.snv.bam	0.00721198648971	0.00705725195856	0.0	0.0050214654836	0.00662894364107	0.00684401403386	0.0065303487491	0.00745856402915	0.00467959107284	0.00648587878013	0.007324256239	0.00613964878947	0.0073941892637	0.00861826266185	0.00925553491343	0.00751315264473	0.00872794300811	0.00773713872575	0.00640852985719	0.005515139304	0.00647298938311	0.00658745198844	0.00615750186408	0.00561825387449	0.00701723126767	0.00540990889115	0.00656676792594
BYQ_AAAE.snv.bam	0.00620638358996	0.0043127762426	0.0050214654836	0.0	0.0041691872645	0.00684568093475	0.00337320737957	0.00440376004295	0.00424902996105	0.00410179375786	0.00357189315032	0.00200242841182	0.00520201161908	0.00288628614219	0.00410194394925	0.00651147527912	0.0040360782211	0.00436096880455	0.0036244768652	0.00360072455782	0.00467713538249	0.00194870667167	0.00353800190514	0.00448141965876	0.00313100776803	0.00430338389773	0.00477318832005
BYQ_AAAG.snv.bam	0.00467801155035	0.00631852890375	0.00662894364107	0.0041691872645	0.0	0.00759983397045	0.00390262652498	0.00650786519998	0.00422731652374	0.0033128710267	0.00426907920296	0.00411254681709	0.00363646169081	0.00569473761384	0.00509906179015	0.00726626120032	0.0053696966265	0.00369542856759	0.00542910180446	0.00284532244126	0.00352627924036	0.0041585708243	0.00367670049215	0.00432525268795	0.00433761815089	0.00455090144738	0.00417175496716
BYQ_AAAH.snv.bam	0.00777455255752	0.00298940121388	0.00684401403386	0.00684568093475	0.00759983397045	0.0	0.00531625905723	0.00627941209761	0.00605209540491	0.00646714936876	0.00729193245155	0.00671003449171	0.00535771830784	0.00785151744594	0.00544223678339	0.00297567595888	0.00496230501702	0.00503552282069	0.00694940708591	0.00672495987798	0.005963806937	0.00609018238621	0.00650693595404	0.00602840377502	0.00498117974143	0.00561704112694	0.00602134938871
BYQ_AAAI.snv.bam	0.00465372853045	0.00368679004031	0.0065303487491	0.00337320737957	0.00390262652498	0.00531625905723	0.0	0.0065739297719	0.0043133138621	0.00284162728895	0.00315710340324	0.00449540268599	0.00318389828165	0.00635853986215	0.00484448131991	0.00487689461556	0.00517653436617	0.00257053147824	0.00500222625805	0.00328203091891	0.00403626168316	0.00325664248882	0.00530810017676	0.00420821370732	0.00296405033841	0.00455589637978	0.00442970883851
BYQ_AAAJ.snv.bam	0.00666803919878	0.00492899397556	0.00745856402915	0.00440376004295	0.00650786519998	0.00627941209761	0.0065739297719	0.0	0.0047167355147	0.00651714340329	0.0068865962991	0.00384543141113	0.00648973988583	0.00671667176609	0.00540887969767	0.00603874692333	0.00578138502928	0.00560812768484	0.00330780519358	0.00518531016888	0.00515726751501	0.00613566174509	0.00418972587847	0.00582651317847	0.00505215957523	0.00442592319963	0.0049456934871
BYQ_AAAK.snv.bam	0.00565614755363	0.00559550467692	0.00467959107284	0.00424902996105	0.00422731652374	0.00605209540491	0.0043133138621	0.0047167355147	0.0	0.00394036442664	0.00515107020497	0.00341528947409	0.00509994411553	0.00673285375264	0.00638129121197	0.00589765105156	0.0053523436626	0.00424992172564	0.00348955515197	0.0027538488209	0.00411367984107	0.00443086695121	0.00388058481606	0.00391534243092	0.00393221306764	0.00192021601586	0.0035581001989
BYQ_AAAL.snv.bam	0.00451890221377	0.00533447376959	0.00648587878013	0.00410179375786	0.0033128710267	0.00646714936876	0.00284162728895	0.00651714340329	0.00394036442664	0.0	0.00233147994435	0.00389780560066	0.00220096913188	0.00683339175019	0.00483065810588	0.00537707281992	0.00394772176187	0.00260416065648	0.00419637621903	0.00263939040977	0.00281019589015	0.00293712443605	0.00411641761859	0.00431721299413	0.00243546211417	0.00358425671293	0.00350087144563
BYQ_AAAM.snv.bam	0.00485874507256	0.00535650397204	0.007324256239	0.00357189315032	0.00426907920296	0.00729193245155	0.00315710340324	0.0068865962991	0.00515107020497	0.00233147994435	0.0	0.00422817691367	0.00371513301822	0.0071206445916	0.00566749293434	0.00629436399579	0.00414439175701	0.00356630828826	0.00463779341595	0.00362694567401	0.00361828098134	0.00346916246008	0.00508242863754	0.00384823925437	0.00259516685491	0.00509921696021	0.00444223129773
BYQ_AAAN.snv.bam	0.00561984343781	0.00430698477322	0.00613964878947	0.00200242841182	0.00411254681709	0.00671003449171	0.00449540268599	0.00384543141113	0.00341528947409	0.00389780560066	0.00422817691367	0.0	0.00434561019273	0.00484864167142	0.00494031289301	0.00614534344888	0.00421681762666	0.00390946395403	0.00293466643	0.00312479320924	0.00340760879005	0.00367625482677	0.00330387304328	0.00401546929965	0.0028984512662	0.00294716904186	0.00336088501836
BYQ_AAAO.snv.bam	0.00406435507471	0.00394206343272	0.0073941892637	0.00520201161908	0.00363646169081	0.00535771830784	0.00318389828165	0.00648973988583	0.00509994411553	0.00220096913188	0.00371513301822	0.00434561019273	0.0	0.00736646229319	0.00530953368987	0.0052268692472	0.00468924788626	0.00245438437494	0.00519122429883	0.00325872005455	0.00279160488646	0.00467030774132	0.00407918734821	0.00444107716776	0.0032421377489	0.00451390765042	0.00382640809242
BYQ_AAAP.snv.bam	0.00939896639265	0.00665920840125	0.00861826266185	0.00288628614219	0.00569473761384	0.00785151744594	0.00635853986215	0.00671667176609	0.00673285375264	0.00683339175019	0.0071206445916	0.00484864167142	0.00736646229319	0.0	0.0052689746097	0.00741017219591	0.00583171647953	0.00601343285469	0.00646684531767	0.00594239352802	0.00643564498907	0.00445471248019	0.00496102077423	0.0063949033621	0.00577066052605	0.00635259053999	0.00681430474006
BYQ_AAAQ.snv.bam	0.00564673087916	0.00513120284747	0.00925553491343	0.00410194394925	0.00509906179015	0.00544223678339	0.00484448131991	0.00540887969767	0.00638129121197	0.00483065810588	0.00566749293434	0.00494031289301	0.00530953368987	0.0052689746097	0.0	0.00603764934805	0.00342950872097	0.00391093591005	0.00620223167067	0.00495471978677	0.00452525757646	0.00425438405059	0.00447830553318	0.00604606819834	0.00412455280524	0.00534976659129	0.00505257130378
BYQ_AAAR.snv.bam	0.00678895219548	0.00439630042051	0.00751315264473	0.00651147527912	0.00726626120032	0.00297567595888	0.00487689461556	0.00603874692333	0.00589765105156	0.00537707281992	0.00629436399579	0.00614534344888	0.0052268692472	0.00741017219591	0.00603764934805	0.0	0.0057047987364	0.00426285680745	0.00592455593442	0.00570340702407	0.00474143044958	0.00502288821782	0.00619576891298	0.0049786045306	0.00473193160811	0.00472159665427	0.00511459433486
BYQ_AAAS.snv.bam	0.00665627439216	0.00488102044188	0.00872794300811	0.0040360782211	0.0053696966265	0.00496230501702	0.00517653436617	0.00578138502928	0.0053523436626	0.00394772176187	0.00414439175701	0.00421681762666	0.00468924788626	0.00583171647953	0.00342950872097	0.0057047987364	0.0	0.00410348564927	0.00508374877789	0.00435293080768	0.00421343581213	0.00391719358375	0.00441746376301	0.005457680766	0.00316988735644	0.00510836237717	0.00430656481436
BYQ_AAAT.snv.bam	0.00457803218117	0.00426315898134	0.00773713872575	0.00436096880455	0.00369542856759	0.00503552282069	0.00257053147824	0.00560812768484	0.00424992172564	0.00260416065648	0.00356630828826	0.00390946395403	0.00245438437494	0.00601343285469	0.00391093591005	0.00426285680745	0.00410348564927	0.0	0.0042365674878	0.00266068763756	0.00247415424624	0.00337818276037	0.00374047450468	0.00415760569235	0.00221790187834	0.00323067460626	0.00319364914016
BYQ_AAAU.snv.bam	0.00595726819373	0.00520392599282	0.00640852985719	0.0036244768652	0.00542910180446	0.00694940708591	0.00500222625805	0.00330780519358	0.00348955515197	0.00419637621903	0.00463779341595	0.00293466643	0.00519122429883	0.00646684531767	0.00620223167067	0.00592455593442	0.00508374877789	0.0042365674878	0.0	0.00388435255999	0.0037060971886	0.00362762864322	0.00351429507186	0.00538852906998	0.00336681882019	0.00314860286199	0.00359679589333
BYQ_AAAV.snv.bam	0.00468326356032	0.00555116904057	0.005515139304	0.00360072455782	0.00284532244126	0.00672495987798	0.00328203091891	0.00518531016888	0.0027538488209	0.00263939040977	0.00362694567401	0.00312479320924	0.00325872005455	0.00594239352802	0.00495471978677	0.00570340702407	0.00435293080768	0.00266068763756	0.00388435255999	0.0	0.0024609513928	0.00333207130352	0.00266262455145	0.00363204880846	0.00299182953179	0.00239284616622	0.00252547848928
BYQ_AAAW.snv.bam	0.00373617862693	0.00442652454349	0.00647298938311	0.00467713538249	0.00352627924036	0.005963806937	0.00403626168316	0.00515726751501	0.00411367984107	0.00281019589015	0.00361828098134	0.00340760879005	0.00279160488646	0.00643564498907	0.00452525757646	0.00474143044958	0.00421343581213	0.00247415424624	0.0037060971886	0.0024609513928	0.0	0.00404613725781	0.00293890318785	0.00299461361247	0.0024984376108	0.00305667351865	0.00213056166402
BYQ_AAAX.snv.bam	0.00680268699684	0.00494251673958	0.00658745198844	0.00194870667167	0.0041585708243	0.00609018238621	0.00325664248882	0.00613566174509	0.00443086695121	0.00293712443605	0.00346916246008	0.00367625482677	0.00467030774132	0.00445471248019	0.00425438405059	0.00502288821782	0.00391719358375	0.00337818276037	0.00362762864322	0.00333207130352	0.00404613725781	0.0	0.00391314757089	0.00509473110509	0.00243887676694	0.00359678834031	0.00378411595665
BYQ_AAAY.snv.bam	0.00593967777495	0.00587535240036	0.00615750186408	0.00353800190514	0.00367670049215	0.00650693595404	0.00530810017676	0.00418972587847	0.00388058481606	0.00411641761859	0.00508242863754	0.00330387304328	0.00407918734821	0.00496102077423	0.00447830553318	0.00619576891298	0.00441746376301	0.00374047450468	0.00351429507186	0.00266262455145	0.00293890318785	0.00391314757089	0.0	0.00478060124428	0.00365585188385	0.00338240143225	0.003399969904
BYQ_AAAZ.snv.bam	0.00417813451962	0.00424581639957	0.00561825387449	0.00448141965876	0.00432525268795	0.00602840377502	0.00420821370732	0.00582651317847	0.00391534243092	0.00431721299413	0.00384823925437	0.00401546929965	0.00444107716776	0.0063949033621	0.00604606819834	0.0049786045306	0.005457680766	0.00415760569235	0.00538852906998	0.00363204880846	0.00299461361247	0.00509473110509	0.00478060124428	0.0	0.00352324849373	0.00412876040768	0.00396022267749
BYQ_AABA.snv.bam	0.00495294669328	0.00359368586367	0.00701723126767	0.00313100776803	0.00433761815089	0.00498117974143	0.00296405033841	0.00505215957523	0.00393221306764	0.00243546211417	0.00259516685491	0.0028984512662	0.0032421377489	0.00577066052605	0.00412455280524	0.00473193160811	0.00316988735644	0.00221790187834	0.00336681882019	0.00299182953179	0.0024984376108	0.00243887676694	0.00365585188385	0.00352324849373	0.0	0.00326790288178	0.0030140555955
BYQ_AABB.snv.bam	0.00578446190749	0.0050922950787	0.00540990889115	0.00430338389773	0.00455090144738	0.00561704112694	0.00455589637978	0.00442592319963	0.00192021601586	0.00358425671293	0.00509921696021	0.00294716904186	0.00451390765042	0.00635259053999	0.00534976659129	0.00472159665427	0.00510836237717	0.00323067460626	0.00314860286199	0.00239284616622	0.00305667351865	0.00359678834031	0.00338240143225	0.00412876040768	0.00326790288178	0.0	0.00262633100295
BYQ_AABC.snv.bam	0.00513748635016	0.00491532085259	0.00656676792594	0.00477318832005	0.00417175496716	0.00602134938871	0.00442970883851	0.0049456934871	0.0035581001989	0.00350087144563	0.00444223129773	0.00336088501836	0.00382640809242	0.00681430474006	0.00505257130378	0.00511459433486	0.00430656481436	0.00319364914016	0.00359679589333	0.00252547848928	0.00213056166402	0.00378411595665	0.003399969904	0.00396022267749	0.0030140555955	0.00262633100295	0.0
