	159166850-stool2.snv.bam	765337473-stool2.snv.bam	BGI001A.snv.bam	CCIS29210128ST-4-0.snv.bam	CCIS70398272ST-4-0.snv.bam	CCMD23101338ST-21-0.snv.bam	CCMD40701343ST-21-0.snv.bam	CCMD88272491ST-21-0.snv.bam	MH0187.snv.bam	MH0192.snv.bam	MH0220.snv.bam	MH0264.snv.bam	MH0287.snv.bam	MH0322.snv.bam	MH0365.snv.bam	MH0384.snv.bam	MH0386.snv.bam	MH0401.snv.bam	MH0407.snv.bam	MH0413.snv.bam	MH0415.snv.bam	MH0417.snv.bam	MH0429.snv.bam	MMRS51410669ST-27-0-0.snv.bam	N006A.snv.bam	N011A.snv.bam	N037A.snv.bam	N040A.snv.bam	N079A.snv.bam	N089A.snv.bam	NOM016.snv.bam	O2.UC24-1.snv.bam	O2.UC27-1.snv.bam	O2.UC27-2.snv.bam	O2.UC31-1.snv.bam	O2.UC32-1.snv.bam	O2.UC48-0.snv.bam	O2.UC48-1.snv.bam	SAMEA3136740.snv.bam	SZEY-07A.snv.bam	SZEY-43A.snv.bam	T2D-102A.snv.bam	T2D-107A.snv.bam	T2D-157A.snv.bam	T2D-195A.snv.bam	T2D-34A.snv.bam	T2D-41A.snv.bam	V1.CD22-0.snv.bam	V1.CD34-0.snv.bam	V1.CD40-0.snv.bam	V1.CD6-0-PT.snv.bam	V1.FI06.snv.bam	V1.FI15.snv.bam	V1.UC12-4.snv.bam	V1.UC38-0.snv.bam	V1.UC55-4.snv.bam	V1.UC63-0.snv.bam
159166850-stool2.snv.bam	0.0	0.194244604317	0.0503597122302	0.189448441247	0.129496402878	0.163069544365	0.117505995204	0.122302158273	0.187050359712	0.16067146283	0.199040767386	0.194244604317	0.163069544365	0.196642685851	0.189448441247	0.172661870504	0.165467625899	0.163069544365	0.129496402878	0.191846522782	0.194244604317	0.119904076739	0.163069544365	0.184652278177	0.0215827338129	0.165467625899	0.187050359712	0.0383693045564	0.0791366906475	0.0575539568345	0.0959232613909	0.163069544365	0.129496402878	0.129496402878	0.170263788969	0.0815347721823	0.165467625899	0.172661870504	0.0959232613909	0.0551558752998	0.0431654676259	0.0671462829736	0.0503597122302	0.0503597122302	0.179856115108	0.0119904076739	0.0551558752998	0.0815347721823	0.20623501199	0.0815347721823	0.151079136691	0.0959232613909	0.16067146283	0.0767386091127	0.191846522782	0.167865707434	0.0887290167866
765337473-stool2.snv.bam	0.194244604317	0.0	0.215827338129	0.237410071942	0.184652278177	0.187050359712	0.20623501199	0.208633093525	0.21103117506	0.184652278177	0.21103117506	0.203836930456	0.153477218225	0.220623501199	0.00719424460432	0.0503597122302	0.187050359712	0.189448441247	0.172661870504	0.00719424460432	0.20623501199	0.163069544365	0.189448441247	0.194244604317	0.199040767386	0.235011990408	0.213429256595	0.218225419664	0.213429256595	0.215827338129	0.215827338129	0.215827338129	0.191846522782	0.189448441247	0.201438848921	0.220623501199	0.175059952038	0.179856115108	0.184652278177	0.230215827338	0.218225419664	0.235011990408	0.21103117506	0.21103117506	0.218225419664	0.194244604317	0.218225419664	0.227817745803	0.21103117506	0.225419664269	0.182254196643	0.184652278177	0.215827338129	0.215827338129	0.215827338129	0.177458033573	0.230215827338
BGI001A.snv.bam	0.0503597122302	0.215827338129	0.0	0.20623501199	0.136690647482	0.163069544365	0.124700239808	0.122302158273	0.184652278177	0.167865707434	0.196642685851	0.189448441247	0.165467625899	0.201438848921	0.20623501199	0.191846522782	0.177458033573	0.175059952038	0.127098321343	0.213429256595	0.21103117506	0.146282973621	0.179856115108	0.191846522782	0.0455635491607	0.153477218225	0.182254196643	0.0119904076739	0.0695443645084	0.00959232613909	0.0719424460432	0.179856115108	0.143884892086	0.143884892086	0.182254196643	0.0671462829736	0.177458033573	0.184652278177	0.112709832134	0.052757793765	0.0119904076739	0.0455635491607	0.00479616306954	0.00479616306954	0.182254196643	0.0647482014388	0.0167865707434	0.0743405275779	0.220623501199	0.0719424460432	0.167865707434	0.0815347721823	0.172661870504	0.052757793765	0.203836930456	0.179856115108	0.0671462829736
CCIS29210128ST-4-0.snv.bam	0.189448441247	0.237410071942	0.20623501199	0.0	0.165467625899	0.167865707434	0.175059952038	0.170263788969	0.134292565947	0.127098321343	0.167865707434	0.15587529976	0.20623501199	0.201438848921	0.220623501199	0.213429256595	0.136690647482	0.15587529976	0.151079136691	0.230215827338	0.131894484412	0.146282973621	0.184652278177	0.141486810552	0.199040767386	0.175059952038	0.163069544365	0.203836930456	0.232613908873	0.20623501199	0.196642685851	0.163069544365	0.167865707434	0.165467625899	0.15587529976	0.196642685851	0.129496402878	0.134292565947	0.177458033573	0.201438848921	0.203836930456	0.215827338129	0.201438848921	0.201438848921	0.218225419664	0.194244604317	0.203836930456	0.218225419664	0.143884892086	0.215827338129	0.15587529976	0.196642685851	0.129496402878	0.225419664269	0.175059952038	0.131894484412	0.220623501199
CCIS70398272ST-4-0.snv.bam	0.129496402878	0.184652278177	0.136690647482	0.165467625899	0.0	0.146282973621	0.119904076739	0.143884892086	0.165467625899	0.151079136691	0.177458033573	0.165467625899	0.175059952038	0.15587529976	0.179856115108	0.165467625899	0.158273381295	0.153477218225	0.122302158273	0.187050359712	0.179856115108	0.119904076739	0.146282973621	0.170263788969	0.136690647482	0.158273381295	0.167865707434	0.141486810552	0.15587529976	0.141486810552	0.136690647482	0.146282973621	0.153477218225	0.153477218225	0.143884892086	0.146282973621	0.141486810552	0.146282973621	0.148681055156	0.158273381295	0.139088729017	0.15587529976	0.134292565947	0.134292565947	0.15587529976	0.141486810552	0.141486810552	0.153477218225	0.189448441247	0.151079136691	0.124700239808	0.151079136691	0.141486810552	0.151079136691	0.175059952038	0.141486810552	0.151079136691
CCMD23101338ST-21-0.snv.bam	0.163069544365	0.187050359712	0.163069544365	0.167865707434	0.146282973621	0.0	0.148681055156	0.136690647482	0.146282973621	0.134292565947	0.146282973621	0.146282973621	0.170263788969	0.143884892086	0.172661870504	0.167865707434	0.15587529976	0.134292565947	0.112709832134	0.184652278177	0.136690647482	0.127098321343	0.139088729017	0.127098321343	0.16067146283	0.122302158273	0.115107913669	0.170263788969	0.163069544365	0.163069544365	0.16067146283	0.10551558753	0.129496402878	0.127098321343	0.117505995204	0.165467625899	0.148681055156	0.153477218225	0.165467625899	0.177458033573	0.170263788969	0.177458033573	0.158273381295	0.158273381295	0.179856115108	0.165467625899	0.16067146283	0.184652278177	0.165467625899	0.184652278177	0.139088729017	0.153477218225	0.0911270983213	0.170263788969	0.172661870504	0.153477218225	0.177458033573
CCMD40701343ST-21-0.snv.bam	0.117505995204	0.20623501199	0.124700239808	0.175059952038	0.119904076739	0.148681055156	0.0	0.163069544365	0.167865707434	0.136690647482	0.177458033573	0.170263788969	0.167865707434	0.16067146283	0.199040767386	0.187050359712	0.148681055156	0.143884892086	0.112709832134	0.203836930456	0.170263788969	0.117505995204	0.139088729017	0.167865707434	0.117505995204	0.158273381295	0.165467625899	0.131894484412	0.146282973621	0.127098321343	0.146282973621	0.153477218225	0.119904076739	0.119904076739	0.136690647482	0.146282973621	0.131894484412	0.136690647482	0.146282973621	0.143884892086	0.131894484412	0.148681055156	0.129496402878	0.129496402878	0.143884892086	0.122302158273	0.127098321343	0.158273381295	0.170263788969	0.15587529976	0.115107913669	0.143884892086	0.158273381295	0.131894484412	0.179856115108	0.131894484412	0.151079136691
CCMD88272491ST-21-0.snv.bam	0.122302158273	0.208633093525	0.122302158273	0.170263788969	0.143884892086	0.136690647482	0.163069544365	0.0	0.175059952038	0.16067146283	0.179856115108	0.170263788969	0.182254196643	0.184652278177	0.201438848921	0.179856115108	0.16067146283	0.146282973621	0.131894484412	0.20623501199	0.170263788969	0.131894484412	0.163069544365	0.112709832134	0.129496402878	0.15587529976	0.167865707434	0.124700239808	0.148681055156	0.129496402878	0.117505995204	0.153477218225	0.119904076739	0.115107913669	0.165467625899	0.1103117506	0.184652278177	0.191846522782	0.167865707434	0.136690647482	0.124700239808	0.139088729017	0.117505995204	0.117505995204	0.187050359712	0.139088729017	0.129496402878	0.146282973621	0.196642685851	0.143884892086	0.175059952038	0.148681055156	0.148681055156	0.139088729017	0.196642685851	0.184652278177	0.148681055156
MH0187.snv.bam	0.187050359712	0.21103117506	0.184652278177	0.134292565947	0.165467625899	0.146282973621	0.167865707434	0.175059952038	0.0	0.0959232613909	0.1103117506	0.0959232613909	0.170263788969	0.172661870504	0.196642685851	0.187050359712	0.1103117506	0.129496402878	0.134292565947	0.208633093525	0.158273381295	0.141486810552	0.167865707434	0.124700239808	0.187050359712	0.179856115108	0.158273381295	0.189448441247	0.21103117506	0.184652278177	0.182254196643	0.139088729017	0.158273381295	0.15587529976	0.15587529976	0.177458033573	0.131894484412	0.136690647482	0.189448441247	0.201438848921	0.189448441247	0.189448441247	0.189448441247	0.189448441247	0.191846522782	0.189448441247	0.182254196643	0.194244604317	0.146282973621	0.194244604317	0.16067146283	0.170263788969	0.129496402878	0.201438848921	0.148681055156	0.134292565947	0.194244604317
MH0192.snv.bam	0.16067146283	0.184652278177	0.167865707434	0.127098321343	0.151079136691	0.134292565947	0.136690647482	0.16067146283	0.0959232613909	0.0	0.1103117506	0.083932853717	0.148681055156	0.151079136691	0.167865707434	0.167865707434	0.10551558753	0.10071942446	0.10071942446	0.177458033573	0.131894484412	0.0863309352518	0.131894484412	0.119904076739	0.163069544365	0.141486810552	0.119904076739	0.170263788969	0.203836930456	0.170263788969	0.167865707434	0.107913669065	0.148681055156	0.146282973621	0.117505995204	0.151079136691	0.10071942446	0.103117505995	0.15587529976	0.167865707434	0.170263788969	0.182254196643	0.163069544365	0.163069544365	0.172661870504	0.163069544365	0.172661870504	0.172661870504	0.119904076739	0.170263788969	0.129496402878	0.151079136691	0.127098321343	0.179856115108	0.148681055156	0.103117505995	0.170263788969
MH0220.snv.bam	0.199040767386	0.21103117506	0.196642685851	0.167865707434	0.177458033573	0.146282973621	0.177458033573	0.179856115108	0.1103117506	0.1103117506	0.0	0.10071942446	0.16067146283	0.167865707434	0.199040767386	0.187050359712	0.129496402878	0.148681055156	0.139088729017	0.208633093525	0.153477218225	0.146282973621	0.170263788969	0.141486810552	0.203836930456	0.194244604317	0.172661870504	0.199040767386	0.223021582734	0.196642685851	0.182254196643	0.158273381295	0.172661870504	0.170263788969	0.143884892086	0.182254196643	0.127098321343	0.131894484412	0.191846522782	0.201438848921	0.199040767386	0.20623501199	0.191846522782	0.191846522782	0.208633093525	0.203836930456	0.189448441247	0.199040767386	0.158273381295	0.199040767386	0.158273381295	0.179856115108	0.143884892086	0.227817745803	0.170263788969	0.129496402878	0.196642685851
MH0264.snv.bam	0.194244604317	0.203836930456	0.189448441247	0.15587529976	0.165467625899	0.146282973621	0.170263788969	0.170263788969	0.0959232613909	0.083932853717	0.10071942446	0.0	0.158273381295	0.165467625899	0.187050359712	0.179856115108	0.112709832134	0.117505995204	0.119904076739	0.196642685851	0.141486810552	0.131894484412	0.167865707434	0.127098321343	0.196642685851	0.167865707434	0.15587529976	0.191846522782	0.230215827338	0.189448441247	0.175059952038	0.139088729017	0.165467625899	0.163069544365	0.136690647482	0.177458033573	0.115107913669	0.119904076739	0.189448441247	0.194244604317	0.191846522782	0.199040767386	0.184652278177	0.184652278177	0.201438848921	0.196642685851	0.191846522782	0.191846522782	0.158273381295	0.191846522782	0.16067146283	0.177458033573	0.146282973621	0.21103117506	0.15587529976	0.117505995204	0.189448441247
MH0287.snv.bam	0.163069544365	0.153477218225	0.165467625899	0.20623501199	0.175059952038	0.170263788969	0.167865707434	0.182254196643	0.170263788969	0.148681055156	0.16067146283	0.158273381295	0.0	0.194244604317	0.153477218225	0.143884892086	0.163069544365	0.165467625899	0.136690647482	0.15587529976	0.177458033573	0.143884892086	0.153477218225	0.177458033573	0.165467625899	0.191846522782	0.184652278177	0.167865707434	0.196642685851	0.165467625899	0.16067146283	0.177458033573	0.16067146283	0.158273381295	0.175059952038	0.165467625899	0.139088729017	0.141486810552	0.163069544365	0.170263788969	0.167865707434	0.175059952038	0.165467625899	0.165467625899	0.199040767386	0.15587529976	0.163069544365	0.163069544365	0.182254196643	0.163069544365	0.167865707434	0.143884892086	0.170263788969	0.189448441247	0.21103117506	0.141486810552	0.16067146283
MH0322.snv.bam	0.196642685851	0.220623501199	0.201438848921	0.201438848921	0.15587529976	0.143884892086	0.16067146283	0.184652278177	0.172661870504	0.151079136691	0.167865707434	0.165467625899	0.194244604317	0.0	0.208633093525	0.208633093525	0.172661870504	0.165467625899	0.112709832134	0.218225419664	0.187050359712	0.15587529976	0.146282973621	0.170263788969	0.199040767386	0.170263788969	0.167865707434	0.203836930456	0.203836930456	0.201438848921	0.196642685851	0.151079136691	0.172661870504	0.170263788969	0.170263788969	0.196642685851	0.16067146283	0.165467625899	0.196642685851	0.215827338129	0.203836930456	0.218225419664	0.20623501199	0.20623501199	0.203836930456	0.199040767386	0.203836930456	0.199040767386	0.177458033573	0.199040767386	0.15587529976	0.187050359712	0.158273381295	0.208633093525	0.187050359712	0.163069544365	0.196642685851
MH0365.snv.bam	0.189448441247	0.00719424460432	0.20623501199	0.220623501199	0.179856115108	0.172661870504	0.199040767386	0.201438848921	0.196642685851	0.167865707434	0.199040767386	0.187050359712	0.153477218225	0.208633093525	0.0	0.0407673860911	0.165467625899	0.170263788969	0.15587529976	0.0	0.191846522782	0.158273381295	0.187050359712	0.175059952038	0.194244604317	0.215827338129	0.201438848921	0.208633093525	0.208633093525	0.20623501199	0.20623501199	0.201438848921	0.187050359712	0.187050359712	0.187050359712	0.21103117506	0.158273381295	0.163069544365	0.182254196643	0.220623501199	0.208633093525	0.225419664269	0.201438848921	0.201438848921	0.201438848921	0.189448441247	0.208633093525	0.215827338129	0.196642685851	0.213429256595	0.172661870504	0.179856115108	0.199040767386	0.208633093525	0.196642685851	0.16067146283	0.218225419664
MH0384.snv.bam	0.172661870504	0.0503597122302	0.191846522782	0.213429256595	0.165467625899	0.167865707434	0.187050359712	0.179856115108	0.187050359712	0.167865707434	0.187050359712	0.179856115108	0.143884892086	0.208633093525	0.0407673860911	0.0	0.153477218225	0.15587529976	0.148681055156	0.0431654676259	0.182254196643	0.151079136691	0.182254196643	0.170263788969	0.177458033573	0.21103117506	0.194244604317	0.194244604317	0.196642685851	0.191846522782	0.191846522782	0.191846522782	0.170263788969	0.167865707434	0.175059952038	0.196642685851	0.15587529976	0.16067146283	0.167865707434	0.20623501199	0.194244604317	0.21103117506	0.187050359712	0.187050359712	0.199040767386	0.182254196643	0.194244604317	0.203836930456	0.187050359712	0.201438848921	0.167865707434	0.170263788969	0.187050359712	0.194244604317	0.191846522782	0.158273381295	0.20623501199
MH0386.snv.bam	0.165467625899	0.187050359712	0.177458033573	0.136690647482	0.158273381295	0.15587529976	0.148681055156	0.16067146283	0.1103117506	0.10551558753	0.129496402878	0.112709832134	0.163069544365	0.172661870504	0.165467625899	0.153477218225	0.0	0.10071942446	0.122302158273	0.175059952038	0.139088729017	0.127098321343	0.151079136691	0.141486810552	0.175059952038	0.170263788969	0.148681055156	0.175059952038	0.223021582734	0.177458033573	0.177458033573	0.139088729017	0.158273381295	0.15587529976	0.148681055156	0.163069544365	0.107913669065	0.112709832134	0.167865707434	0.187050359712	0.175059952038	0.196642685851	0.172661870504	0.172661870504	0.184652278177	0.170263788969	0.179856115108	0.179856115108	0.143884892086	0.177458033573	0.143884892086	0.151079136691	0.119904076739	0.196642685851	0.165467625899	0.1103117506	0.187050359712
MH0401.snv.bam	0.163069544365	0.189448441247	0.175059952038	0.15587529976	0.153477218225	0.134292565947	0.143884892086	0.146282973621	0.129496402878	0.10071942446	0.148681055156	0.117505995204	0.165467625899	0.165467625899	0.170263788969	0.15587529976	0.10071942446	0.0	0.1103117506	0.177458033573	0.141486810552	0.119904076739	0.143884892086	0.0935251798561	0.170263788969	0.151079136691	0.131894484412	0.175059952038	0.20623501199	0.172661870504	0.187050359712	0.127098321343	0.158273381295	0.15587529976	0.134292565947	0.15587529976	0.117505995204	0.122302158273	0.170263788969	0.187050359712	0.177458033573	0.194244604317	0.170263788969	0.170263788969	0.170263788969	0.167865707434	0.177458033573	0.179856115108	0.143884892086	0.179856115108	0.136690647482	0.143884892086	0.134292565947	0.175059952038	0.16067146283	0.119904076739	0.175059952038
MH0407.snv.bam	0.129496402878	0.172661870504	0.127098321343	0.151079136691	0.122302158273	0.112709832134	0.112709832134	0.131894484412	0.134292565947	0.10071942446	0.139088729017	0.119904076739	0.136690647482	0.112709832134	0.15587529976	0.148681055156	0.122302158273	0.1103117506	0.0	0.165467625899	0.139088729017	0.10071942446	0.115107913669	0.115107913669	0.127098321343	0.129496402878	0.141486810552	0.134292565947	0.146282973621	0.127098321343	0.139088729017	0.119904076739	0.131894484412	0.131894484412	0.122302158273	0.143884892086	0.127098321343	0.134292565947	0.146282973621	0.151079136691	0.134292565947	0.151079136691	0.131894484412	0.131894484412	0.139088729017	0.131894484412	0.134292565947	0.139088729017	0.141486810552	0.134292565947	0.103117505995	0.131894484412	0.122302158273	0.139088729017	0.148681055156	0.131894484412	0.136690647482
MH0413.snv.bam	0.191846522782	0.00719424460432	0.213429256595	0.230215827338	0.187050359712	0.184652278177	0.203836930456	0.20623501199	0.208633093525	0.177458033573	0.208633093525	0.196642685851	0.15587529976	0.218225419664	0.0	0.0431654676259	0.175059952038	0.177458033573	0.165467625899	0.0	0.203836930456	0.16067146283	0.196642685851	0.182254196643	0.196642685851	0.227817745803	0.21103117506	0.215827338129	0.215827338129	0.213429256595	0.213429256595	0.208633093525	0.189448441247	0.187050359712	0.194244604317	0.218225419664	0.167865707434	0.172661870504	0.182254196643	0.227817745803	0.215827338129	0.232613908873	0.208633093525	0.208633093525	0.213429256595	0.191846522782	0.215827338129	0.225419664269	0.203836930456	0.223021582734	0.179856115108	0.182254196643	0.208633093525	0.213429256595	0.208633093525	0.170263788969	0.227817745803
MH0415.snv.bam	0.194244604317	0.20623501199	0.21103117506	0.131894484412	0.179856115108	0.136690647482	0.170263788969	0.170263788969	0.158273381295	0.131894484412	0.153477218225	0.141486810552	0.177458033573	0.187050359712	0.191846522782	0.182254196643	0.139088729017	0.141486810552	0.139088729017	0.203836930456	0.0	0.134292565947	0.165467625899	0.127098321343	0.199040767386	0.15587529976	0.153477218225	0.213429256595	0.223021582734	0.21103117506	0.20623501199	0.143884892086	0.167865707434	0.165467625899	0.143884892086	0.196642685851	0.117505995204	0.119904076739	0.184652278177	0.21103117506	0.213429256595	0.220623501199	0.21103117506	0.21103117506	0.213429256595	0.199040767386	0.213429256595	0.213429256595	0.143884892086	0.21103117506	0.167865707434	0.199040767386	0.129496402878	0.220623501199	0.175059952038	0.117505995204	0.21103117506
MH0417.snv.bam	0.119904076739	0.163069544365	0.146282973621	0.146282973621	0.119904076739	0.127098321343	0.117505995204	0.131894484412	0.141486810552	0.0863309352518	0.146282973621	0.131894484412	0.143884892086	0.15587529976	0.158273381295	0.151079136691	0.127098321343	0.119904076739	0.10071942446	0.16067146283	0.134292565947	0.0	0.119904076739	0.129496402878	0.124700239808	0.139088729017	0.134292565947	0.148681055156	0.177458033573	0.146282973621	0.136690647482	0.122302158273	0.117505995204	0.115107913669	0.112709832134	0.146282973621	0.127098321343	0.131894484412	0.136690647482	0.151079136691	0.148681055156	0.16067146283	0.141486810552	0.141486810552	0.15587529976	0.124700239808	0.153477218225	0.148681055156	0.139088729017	0.146282973621	0.119904076739	0.146282973621	0.127098321343	0.172661870504	0.158273381295	0.129496402878	0.151079136691
MH0429.snv.bam	0.163069544365	0.189448441247	0.179856115108	0.184652278177	0.146282973621	0.139088729017	0.139088729017	0.163069544365	0.167865707434	0.131894484412	0.170263788969	0.167865707434	0.153477218225	0.146282973621	0.187050359712	0.182254196643	0.151079136691	0.143884892086	0.115107913669	0.196642685851	0.165467625899	0.119904076739	0.0	0.158273381295	0.163069544365	0.158273381295	0.151079136691	0.187050359712	0.182254196643	0.179856115108	0.175059952038	0.16067146283	0.141486810552	0.139088729017	0.151079136691	0.177458033573	0.167865707434	0.172661870504	0.165467625899	0.184652278177	0.187050359712	0.194244604317	0.175059952038	0.175059952038	0.182254196643	0.167865707434	0.177458033573	0.182254196643	0.175059952038	0.182254196643	0.131894484412	0.170263788969	0.151079136691	0.187050359712	0.184652278177	0.170263788969	0.175059952038
MMRS51410669ST-27-0-0.snv.bam	0.184652278177	0.194244604317	0.191846522782	0.141486810552	0.170263788969	0.127098321343	0.167865707434	0.112709832134	0.124700239808	0.119904076739	0.141486810552	0.127098321343	0.177458033573	0.170263788969	0.175059952038	0.170263788969	0.141486810552	0.0935251798561	0.115107913669	0.182254196643	0.127098321343	0.129496402878	0.158273381295	0.0	0.189448441247	0.151079136691	0.143884892086	0.194244604317	0.213429256595	0.191846522782	0.182254196643	0.134292565947	0.136690647482	0.134292565947	0.134292565947	0.187050359712	0.134292565947	0.141486810552	0.177458033573	0.196642685851	0.194244604317	0.201438848921	0.191846522782	0.191846522782	0.189448441247	0.189448441247	0.194244604317	0.208633093525	0.158273381295	0.208633093525	0.15587529976	0.170263788969	0.131894484412	0.194244604317	0.139088729017	0.139088729017	0.20623501199
N006A.snv.bam	0.0215827338129	0.199040767386	0.0455635491607	0.199040767386	0.136690647482	0.16067146283	0.117505995204	0.129496402878	0.187050359712	0.163069544365	0.203836930456	0.196642685851	0.165467625899	0.199040767386	0.194244604317	0.177458033573	0.175059952038	0.170263788969	0.127098321343	0.196642685851	0.199040767386	0.124700239808	0.163069544365	0.189448441247	0.0	0.16067146283	0.184652278177	0.0575539568345	0.0671462829736	0.0455635491607	0.0935251798561	0.172661870504	0.131894484412	0.131894484412	0.175059952038	0.0887290167866	0.172661870504	0.177458033573	0.0935251798561	0.0599520383693	0.0575539568345	0.0623501199041	0.0455635491607	0.0455635491607	0.172661870504	0.0335731414868	0.0479616306954	0.0959232613909	0.208633093525	0.0935251798561	0.151079136691	0.103117505995	0.170263788969	0.0719424460432	0.201438848921	0.172661870504	0.083932853717
N011A.snv.bam	0.165467625899	0.235011990408	0.153477218225	0.175059952038	0.158273381295	0.122302158273	0.158273381295	0.15587529976	0.179856115108	0.141486810552	0.194244604317	0.167865707434	0.191846522782	0.170263788969	0.215827338129	0.21103117506	0.170263788969	0.151079136691	0.129496402878	0.227817745803	0.15587529976	0.139088729017	0.158273381295	0.151079136691	0.16067146283	0.0	0.0767386091127	0.16067146283	0.187050359712	0.153477218225	0.167865707434	0.122302158273	0.165467625899	0.163069544365	0.151079136691	0.15587529976	0.175059952038	0.179856115108	0.187050359712	0.167865707434	0.16067146283	0.184652278177	0.153477218225	0.153477218225	0.208633093525	0.167865707434	0.15587529976	0.170263788969	0.170263788969	0.170263788969	0.163069544365	0.167865707434	0.146282973621	0.151079136691	0.165467625899	0.175059952038	0.163069544365
N037A.snv.bam	0.187050359712	0.213429256595	0.182254196643	0.163069544365	0.167865707434	0.115107913669	0.165467625899	0.167865707434	0.158273381295	0.119904076739	0.172661870504	0.15587529976	0.184652278177	0.167865707434	0.201438848921	0.194244604317	0.148681055156	0.131894484412	0.141486810552	0.21103117506	0.153477218225	0.134292565947	0.151079136691	0.143884892086	0.184652278177	0.0767386091127	0.0	0.189448441247	0.201438848921	0.187050359712	0.196642685851	0.124700239808	0.163069544365	0.16067146283	0.148681055156	0.182254196643	0.151079136691	0.15587529976	0.179856115108	0.182254196643	0.189448441247	0.199040767386	0.177458033573	0.177458033573	0.199040767386	0.189448441247	0.179856115108	0.199040767386	0.141486810552	0.199040767386	0.148681055156	0.16067146283	0.141486810552	0.177458033573	0.148681055156	0.153477218225	0.191846522782
N040A.snv.bam	0.0383693045564	0.218225419664	0.0119904076739	0.203836930456	0.141486810552	0.170263788969	0.131894484412	0.124700239808	0.189448441247	0.170263788969	0.199040767386	0.191846522782	0.167865707434	0.203836930456	0.208633093525	0.194244604317	0.175059952038	0.175059952038	0.134292565947	0.215827338129	0.213429256595	0.148681055156	0.187050359712	0.194244604317	0.0575539568345	0.16067146283	0.189448441247	0.0	0.0815347721823	0.0215827338129	0.0743405275779	0.177458033573	0.146282973621	0.146282973621	0.184652278177	0.0647482014388	0.179856115108	0.187050359712	0.115107913669	0.0551558752998	0.00479616306954	0.0575539568345	0.0167865707434	0.0167865707434	0.194244604317	0.052757793765	0.0287769784173	0.0671462829736	0.223021582734	0.0671462829736	0.175059952038	0.0791366906475	0.175059952038	0.0647482014388	0.201438848921	0.182254196643	0.0791366906475
N079A.snv.bam	0.0791366906475	0.213429256595	0.0695443645084	0.232613908873	0.15587529976	0.163069544365	0.146282973621	0.148681055156	0.21103117506	0.203836930456	0.223021582734	0.230215827338	0.196642685851	0.203836930456	0.208633093525	0.196642685851	0.223021582734	0.20623501199	0.146282973621	0.215827338129	0.223021582734	0.177458033573	0.182254196643	0.213429256595	0.0671462829736	0.187050359712	0.201438848921	0.0815347721823	0.0	0.0743405275779	0.122302158273	0.203836930456	0.16067146283	0.16067146283	0.208633093525	0.127098321343	0.208633093525	0.215827338129	0.139088729017	0.107913669065	0.0815347721823	0.0887290167866	0.0743405275779	0.0743405275779	0.201438848921	0.0959232613909	0.0767386091127	0.119904076739	0.247002398082	0.117505995204	0.177458033573	0.141486810552	0.194244604317	0.0863309352518	0.213429256595	0.21103117506	0.112709832134
N089A.snv.bam	0.0575539568345	0.215827338129	0.00959232613909	0.20623501199	0.141486810552	0.163069544365	0.127098321343	0.129496402878	0.184652278177	0.170263788969	0.196642685851	0.189448441247	0.165467625899	0.201438848921	0.20623501199	0.191846522782	0.177458033573	0.172661870504	0.127098321343	0.213429256595	0.21103117506	0.146282973621	0.179856115108	0.191846522782	0.0455635491607	0.153477218225	0.187050359712	0.0215827338129	0.0743405275779	0.0	0.0719424460432	0.179856115108	0.148681055156	0.148681055156	0.182254196643	0.0671462829736	0.182254196643	0.189448441247	0.1103117506	0.0623501199041	0.0215827338129	0.0551558752998	0.0143884892086	0.0143884892086	0.184652278177	0.0695443645084	0.0215827338129	0.0743405275779	0.220623501199	0.0743405275779	0.167865707434	0.0815347721823	0.172661870504	0.0623501199041	0.208633093525	0.184652278177	0.0671462829736
NOM016.snv.bam	0.0959232613909	0.215827338129	0.0719424460432	0.196642685851	0.136690647482	0.16067146283	0.146282973621	0.117505995204	0.182254196643	0.167865707434	0.182254196643	0.175059952038	0.16067146283	0.196642685851	0.20623501199	0.191846522782	0.177458033573	0.187050359712	0.139088729017	0.213429256595	0.20623501199	0.136690647482	0.175059952038	0.182254196643	0.0935251798561	0.167865707434	0.196642685851	0.0743405275779	0.122302158273	0.0719424460432	0.0	0.167865707434	0.139088729017	0.139088729017	0.175059952038	0.10551558753	0.175059952038	0.179856115108	0.148681055156	0.0863309352518	0.0743405275779	0.0863309352518	0.0719424460432	0.0719424460432	0.215827338129	0.107913669065	0.0647482014388	0.103117505995	0.213429256595	0.103117505995	0.163069544365	0.119904076739	0.172661870504	0.119904076739	0.199040767386	0.175059952038	0.10551558753
O2.UC24-1.snv.bam	0.163069544365	0.215827338129	0.179856115108	0.163069544365	0.146282973621	0.10551558753	0.153477218225	0.153477218225	0.139088729017	0.107913669065	0.158273381295	0.139088729017	0.177458033573	0.151079136691	0.201438848921	0.191846522782	0.139088729017	0.127098321343	0.119904076739	0.208633093525	0.143884892086	0.122302158273	0.16067146283	0.134292565947	0.172661870504	0.122302158273	0.124700239808	0.177458033573	0.203836930456	0.179856115108	0.167865707434	0.0	0.148681055156	0.146282973621	0.103117505995	0.163069544365	0.122302158273	0.127098321343	0.182254196643	0.189448441247	0.177458033573	0.199040767386	0.179856115108	0.179856115108	0.187050359712	0.167865707434	0.187050359712	0.182254196643	0.136690647482	0.179856115108	0.15587529976	0.179856115108	0.10071942446	0.177458033573	0.165467625899	0.124700239808	0.184652278177
O2.UC27-1.snv.bam	0.129496402878	0.191846522782	0.143884892086	0.167865707434	0.153477218225	0.129496402878	0.119904076739	0.119904076739	0.158273381295	0.148681055156	0.172661870504	0.165467625899	0.16067146283	0.172661870504	0.187050359712	0.170263788969	0.158273381295	0.158273381295	0.131894484412	0.189448441247	0.167865707434	0.117505995204	0.141486810552	0.136690647482	0.131894484412	0.165467625899	0.163069544365	0.146282973621	0.16067146283	0.148681055156	0.139088729017	0.148681055156	0.0	0.0	0.165467625899	0.163069544365	0.167865707434	0.172661870504	0.158273381295	0.148681055156	0.146282973621	0.158273381295	0.143884892086	0.143884892086	0.194244604317	0.131894484412	0.141486810552	0.175059952038	0.179856115108	0.175059952038	0.16067146283	0.153477218225	0.129496402878	0.158273381295	0.179856115108	0.167865707434	0.172661870504
O2.UC27-2.snv.bam	0.129496402878	0.189448441247	0.143884892086	0.165467625899	0.153477218225	0.127098321343	0.119904076739	0.115107913669	0.15587529976	0.146282973621	0.170263788969	0.163069544365	0.158273381295	0.170263788969	0.187050359712	0.167865707434	0.15587529976	0.15587529976	0.131894484412	0.187050359712	0.165467625899	0.115107913669	0.139088729017	0.134292565947	0.131894484412	0.163069544365	0.16067146283	0.146282973621	0.16067146283	0.148681055156	0.139088729017	0.146282973621	0.0	0.0	0.163069544365	0.158273381295	0.165467625899	0.170263788969	0.158273381295	0.148681055156	0.146282973621	0.158273381295	0.143884892086	0.143884892086	0.194244604317	0.131894484412	0.141486810552	0.175059952038	0.177458033573	0.175059952038	0.16067146283	0.151079136691	0.127098321343	0.158273381295	0.177458033573	0.165467625899	0.172661870504
O2.UC31-1.snv.bam	0.170263788969	0.201438848921	0.182254196643	0.15587529976	0.143884892086	0.117505995204	0.136690647482	0.165467625899	0.15587529976	0.117505995204	0.143884892086	0.136690647482	0.175059952038	0.170263788969	0.187050359712	0.175059952038	0.148681055156	0.134292565947	0.122302158273	0.194244604317	0.143884892086	0.112709832134	0.151079136691	0.134292565947	0.175059952038	0.151079136691	0.148681055156	0.184652278177	0.208633093525	0.182254196643	0.175059952038	0.103117505995	0.165467625899	0.163069544365	0.0	0.179856115108	0.115107913669	0.117505995204	0.170263788969	0.182254196643	0.184652278177	0.191846522782	0.177458033573	0.177458033573	0.179856115108	0.175059952038	0.189448441247	0.194244604317	0.165467625899	0.189448441247	0.148681055156	0.182254196643	0.127098321343	0.177458033573	0.139088729017	0.117505995204	0.191846522782
O2.UC32-1.snv.bam	0.0815347721823	0.220623501199	0.0671462829736	0.196642685851	0.146282973621	0.165467625899	0.146282973621	0.1103117506	0.177458033573	0.151079136691	0.182254196643	0.177458033573	0.165467625899	0.196642685851	0.21103117506	0.196642685851	0.163069544365	0.15587529976	0.143884892086	0.218225419664	0.196642685851	0.146282973621	0.177458033573	0.187050359712	0.0887290167866	0.15587529976	0.182254196643	0.0647482014388	0.127098321343	0.0671462829736	0.10551558753	0.163069544365	0.163069544365	0.158273381295	0.179856115108	0.0	0.177458033573	0.182254196643	0.141486810552	0.0959232613909	0.0647482014388	0.0983213429257	0.0671462829736	0.0671462829736	0.177458033573	0.0935251798561	0.0743405275779	0.083932853717	0.215827338129	0.0863309352518	0.170263788969	0.0695443645084	0.165467625899	0.107913669065	0.203836930456	0.175059952038	0.0815347721823
O2.UC48-0.snv.bam	0.165467625899	0.175059952038	0.177458033573	0.129496402878	0.141486810552	0.148681055156	0.131894484412	0.184652278177	0.131894484412	0.10071942446	0.127098321343	0.115107913669	0.139088729017	0.16067146283	0.158273381295	0.15587529976	0.107913669065	0.117505995204	0.127098321343	0.167865707434	0.117505995204	0.127098321343	0.167865707434	0.134292565947	0.172661870504	0.175059952038	0.151079136691	0.179856115108	0.208633093525	0.182254196643	0.175059952038	0.122302158273	0.167865707434	0.165467625899	0.115107913669	0.177458033573	0.0	0.0	0.15587529976	0.187050359712	0.179856115108	0.187050359712	0.177458033573	0.177458033573	0.179856115108	0.170263788969	0.179856115108	0.191846522782	0.134292565947	0.189448441247	0.131894484412	0.172661870504	0.139088729017	0.194244604317	0.153477218225	0.0	0.194244604317
O2.UC48-1.snv.bam	0.172661870504	0.179856115108	0.184652278177	0.134292565947	0.146282973621	0.153477218225	0.136690647482	0.191846522782	0.136690647482	0.103117505995	0.131894484412	0.119904076739	0.141486810552	0.165467625899	0.163069544365	0.16067146283	0.112709832134	0.122302158273	0.134292565947	0.172661870504	0.119904076739	0.131894484412	0.172661870504	0.141486810552	0.177458033573	0.179856115108	0.15587529976	0.187050359712	0.215827338129	0.189448441247	0.179856115108	0.127098321343	0.172661870504	0.170263788969	0.117505995204	0.182254196643	0.0	0.0	0.16067146283	0.194244604317	0.187050359712	0.194244604317	0.184652278177	0.184652278177	0.184652278177	0.177458033573	0.187050359712	0.196642685851	0.134292565947	0.194244604317	0.136690647482	0.177458033573	0.141486810552	0.201438848921	0.16067146283	0.0	0.199040767386
SAMEA3136740.snv.bam	0.0959232613909	0.184652278177	0.112709832134	0.177458033573	0.148681055156	0.165467625899	0.146282973621	0.167865707434	0.189448441247	0.15587529976	0.191846522782	0.189448441247	0.163069544365	0.196642685851	0.182254196643	0.167865707434	0.167865707434	0.170263788969	0.146282973621	0.182254196643	0.184652278177	0.136690647482	0.165467625899	0.177458033573	0.0935251798561	0.187050359712	0.179856115108	0.115107913669	0.139088729017	0.1103117506	0.148681055156	0.182254196643	0.158273381295	0.158273381295	0.170263788969	0.141486810552	0.15587529976	0.16067146283	0.0	0.117505995204	0.115107913669	0.131894484412	0.107913669065	0.107913669065	0.182254196643	0.107913669065	0.112709832134	0.16067146283	0.179856115108	0.158273381295	0.158273381295	0.129496402878	0.175059952038	0.127098321343	0.191846522782	0.158273381295	0.153477218225
SZEY-07A.snv.bam	0.0551558752998	0.230215827338	0.052757793765	0.201438848921	0.158273381295	0.177458033573	0.143884892086	0.136690647482	0.201438848921	0.167865707434	0.201438848921	0.194244604317	0.170263788969	0.215827338129	0.220623501199	0.20623501199	0.187050359712	0.187050359712	0.151079136691	0.227817745803	0.21103117506	0.151079136691	0.184652278177	0.196642685851	0.0599520383693	0.167865707434	0.182254196643	0.0551558752998	0.107913669065	0.0623501199041	0.0863309352518	0.189448441247	0.148681055156	0.148681055156	0.182254196643	0.0959232613909	0.187050359712	0.194244604317	0.117505995204	0.0	0.0551558752998	0.0503597122302	0.0479616306954	0.0479616306954	0.203836930456	0.0695443645084	0.0599520383693	0.0983213429257	0.225419664269	0.0959232613909	0.182254196643	0.10551558753	0.182254196643	0.0767386091127	0.213429256595	0.189448441247	0.0911270983213
SZEY-43A.snv.bam	0.0431654676259	0.218225419664	0.0119904076739	0.203836930456	0.139088729017	0.170263788969	0.131894484412	0.124700239808	0.189448441247	0.170263788969	0.199040767386	0.191846522782	0.167865707434	0.203836930456	0.208633093525	0.194244604317	0.175059952038	0.177458033573	0.134292565947	0.215827338129	0.213429256595	0.148681055156	0.187050359712	0.194244604317	0.0575539568345	0.16067146283	0.189448441247	0.00479616306954	0.0815347721823	0.0215827338129	0.0743405275779	0.177458033573	0.146282973621	0.146282973621	0.184652278177	0.0647482014388	0.179856115108	0.187050359712	0.115107913669	0.0551558752998	0.0	0.0575539568345	0.0167865707434	0.0167865707434	0.194244604317	0.0575539568345	0.0287769784173	0.0671462829736	0.223021582734	0.0671462829736	0.175059952038	0.0791366906475	0.175059952038	0.0647482014388	0.201438848921	0.182254196643	0.0791366906475
T2D-102A.snv.bam	0.0671462829736	0.235011990408	0.0455635491607	0.215827338129	0.15587529976	0.177458033573	0.148681055156	0.139088729017	0.189448441247	0.182254196643	0.20623501199	0.199040767386	0.175059952038	0.218225419664	0.225419664269	0.21103117506	0.196642685851	0.194244604317	0.151079136691	0.232613908873	0.220623501199	0.16067146283	0.194244604317	0.201438848921	0.0623501199041	0.184652278177	0.199040767386	0.0575539568345	0.0887290167866	0.0551558752998	0.0863309352518	0.199040767386	0.158273381295	0.158273381295	0.191846522782	0.0983213429257	0.187050359712	0.194244604317	0.131894484412	0.0503597122302	0.0575539568345	0.0	0.0455635491607	0.0455635491607	0.170263788969	0.0815347721823	0.052757793765	0.10551558753	0.235011990408	0.103117505995	0.179856115108	0.107913669065	0.177458033573	0.0791366906475	0.208633093525	0.189448441247	0.0935251798561
T2D-107A.snv.bam	0.0503597122302	0.21103117506	0.00479616306954	0.201438848921	0.134292565947	0.158273381295	0.129496402878	0.117505995204	0.189448441247	0.163069544365	0.191846522782	0.184652278177	0.165467625899	0.20623501199	0.201438848921	0.187050359712	0.172661870504	0.170263788969	0.131894484412	0.208633093525	0.21103117506	0.141486810552	0.175059952038	0.191846522782	0.0455635491607	0.153477218225	0.177458033573	0.0167865707434	0.0743405275779	0.0143884892086	0.0719424460432	0.179856115108	0.143884892086	0.143884892086	0.177458033573	0.0671462829736	0.177458033573	0.184652278177	0.107913669065	0.0479616306954	0.0167865707434	0.0455635491607	0.0	0.0	0.179856115108	0.0647482014388	0.0215827338129	0.0791366906475	0.220623501199	0.0767386091127	0.163069544365	0.0815347721823	0.172661870504	0.0575539568345	0.203836930456	0.179856115108	0.0671462829736
T2D-157A.snv.bam	0.0503597122302	0.21103117506	0.00479616306954	0.201438848921	0.134292565947	0.158273381295	0.129496402878	0.117505995204	0.189448441247	0.163069544365	0.191846522782	0.184652278177	0.165467625899	0.20623501199	0.201438848921	0.187050359712	0.172661870504	0.170263788969	0.131894484412	0.208633093525	0.21103117506	0.141486810552	0.175059952038	0.191846522782	0.0455635491607	0.153477218225	0.177458033573	0.0167865707434	0.0743405275779	0.0143884892086	0.0719424460432	0.179856115108	0.143884892086	0.143884892086	0.177458033573	0.0671462829736	0.177458033573	0.184652278177	0.107913669065	0.0479616306954	0.0167865707434	0.0455635491607	0.0	0.0	0.179856115108	0.0647482014388	0.0215827338129	0.0791366906475	0.220623501199	0.0767386091127	0.163069544365	0.0815347721823	0.172661870504	0.0575539568345	0.203836930456	0.179856115108	0.0671462829736
T2D-195A.snv.bam	0.179856115108	0.218225419664	0.182254196643	0.218225419664	0.15587529976	0.179856115108	0.143884892086	0.187050359712	0.191846522782	0.172661870504	0.208633093525	0.201438848921	0.199040767386	0.203836930456	0.201438848921	0.199040767386	0.184652278177	0.170263788969	0.139088729017	0.213429256595	0.213429256595	0.15587529976	0.182254196643	0.189448441247	0.172661870504	0.208633093525	0.199040767386	0.194244604317	0.201438848921	0.184652278177	0.215827338129	0.187050359712	0.194244604317	0.194244604317	0.179856115108	0.177458033573	0.179856115108	0.184652278177	0.182254196643	0.203836930456	0.194244604317	0.170263788969	0.179856115108	0.179856115108	0.0	0.182254196643	0.182254196643	0.196642685851	0.203836930456	0.194244604317	0.127098321343	0.172661870504	0.175059952038	0.184652278177	0.20623501199	0.177458033573	0.184652278177
