	158256496-stool2.snv.bam	158802708-stool1.snv.bam	158924089-stool2.snv.bam	159571453-stool1.snv.bam	159571453-stool2.snv.bam	160421117-stool1.snv.bam	160421117-stool2.snv.bam	160421117-stool3.snv.bam	160582958-stool1.snv.bam	160582958-stool2.snv.bam	160582958-stool3.snv.bam	638754422-stool2.snv.bam	763536994-stool2.snv.bam	764669880-stool2.snv.bam	765701615-stool1.snv.bam	CCIS14449628ST-4-0.snv.bam	CCIS33816588ST-4-0.snv.bam	CCMD11006829ST-21-0.snv.bam	CCMD60079086ST-21-0.snv.bam	MH0196.snv.bam	MH0381.snv.bam	MH0399.snv.bam	MMRS43939546ST-27-0-0.snv.bam	MMRS55294627ST-27-0-0.snv.bam	MMRS61683006ST-27-0-0.snv.bam	MMRS81135225ST-27-0-0.snv.bam	MMRS84954772ST-27-0-0.snv.bam	MMRS97052561ST-27-0-0.snv.bam	N043A.snv.bam	O2.CD3-0-PT.snv.bam	O2.UC41-1.snv.bam	O2.UC7-0.snv.bam	O2.UC7-1.snv.bam	T2D-105A.snv.bam	T2D-132A.snv.bam	T2D-29A.snv.bam	T2D-8A.snv.bam	V1.FI18.snv.bam	V1.FI20.snv.bam	V1.UC26-4.snv.bam	V1.UC48-0.snv.bam	V1.UC49-1.snv.bam
158256496-stool2.snv.bam	0.0	0.309225873101	0.213215969015	0.340195521954	0.344018457541	0.277693320542	0.277187794891	0.277279622255	0.252796612305	0.253275949161	0.243174949065	0.227998470173	0.250972361487	0.224035146939	0.239949716131	0.262046548481	0.245374429193	0.25852153024	0.273439551792	0.251232551787	0.261523749117	0.237575977845	0.257077602053	0.299593798735	0.286069870781	0.253698552388	0.27415749186	0.318647242084	0.273172340243	0.235068054797	0.270819471894	0.297690906481	0.287673522219	0.273191359761	0.273798038366	0.273003910593	0.275326509493	0.243913128523	0.233039434161	0.246216490812	0.273171468939	0.278618185023
158802708-stool1.snv.bam	0.309225873101	0.0	0.277972574625	0.254589457213	0.254669187379	0.305648931213	0.303658889716	0.304690300874	0.306236092429	0.308648943709	0.31291217243	0.317525992911	0.306372554395	0.313018278705	0.334590156704	0.321582803887	0.295610827908	0.321858849779	0.299831569759	0.310014859972	0.302437324167	0.301759131746	0.312530800249	0.343539113084	0.308508941892	0.334975727579	0.300564656242	0.346955160734	0.300432818411	0.306253573509	0.340391643717	0.380407981569	0.37838211197	0.300638923644	0.301356605114	0.299949325722	0.301325322452	0.304105931959	0.303924050727	0.328550172315	0.363143370382	0.365445073695
158924089-stool2.snv.bam	0.213215969015	0.277972574625	0.0	0.286511298269	0.285575409182	0.189097000119	0.188393697875	0.187781645144	0.148094113051	0.146218556632	0.141424258109	0.120657590487	0.148200437418	0.181527223342	0.117164249322	0.187455110249	0.180103823907	0.192836035123	0.184189846843	0.152301235723	0.183986259702	0.127901259421	0.150116861716	0.29499326489	0.196795374565	0.146196386356	0.184580138553	0.322839639992	0.183724779223	0.125827274172	0.231507184791	0.272140253179	0.260217860213	0.184166928789	0.184134037235	0.183397228948	0.185397823217	0.117044581179	0.126027022742	0.207223206087	0.262604383941	0.260601795799
159571453-stool1.snv.bam	0.340195521954	0.254589457213	0.286511298269	0.0	0.00269742790927	0.308084630971	0.307153291492	0.308167583792	0.288903732086	0.29155624216	0.29154937761	0.307999735304	0.289242590568	0.254681887093	0.303475249071	0.280566141006	0.274917984153	0.288153306213	0.303468884119	0.255804966155	0.310243873682	0.272473015962	0.295373669546	0.309708111048	0.241530547635	0.308769236584	0.30411041459	0.323558545981	0.303624748803	0.272976044811	0.288301650999	0.331858355518	0.331579456763	0.303704321722	0.303585821087	0.302952046679	0.305409106974	0.277803129322	0.271036525833	0.30905390207	0.326077190609	0.32695808733
159571453-stool2.snv.bam	0.344018457541	0.254669187379	0.285575409182	0.00269742790927	0.0	0.306959601891	0.306437857511	0.307447958521	0.288169686083	0.291064147279	0.291131306275	0.307226864949	0.288967046601	0.254641573572	0.302613734046	0.279531271375	0.274522507101	0.287390007555	0.302854763116	0.255573199795	0.30952299546	0.271294915608	0.294865800171	0.309321653912	0.241294194049	0.308241058382	0.303407554481	0.32332625557	0.303479643942	0.272923905061	0.288299865227	0.330813524972	0.331652663535	0.302870260084	0.303689246484	0.301840750073	0.30426869571	0.277029004357	0.270196339866	0.308191755539	0.326002076821	0.32631195292
160421117-stool1.snv.bam	0.277693320542	0.305648931213	0.189097000119	0.308084630971	0.306959601891	0.0	0.00257656179657	0.0027390255954	0.177605678216	0.17531828209	0.167859677727	0.200030510889	0.177090167702	0.176047116609	0.112883182666	0.226934746255	0.18358163578	0.229193901319	0.00658246930897	0.206256427128	0.00673831742208	0.183136141508	0.179119934983	0.242683146732	0.150671963221	0.192147100361	0.00696308436491	0.273569785856	0.00713269630051	0.190623871071	0.234295933377	0.289018722209	0.283651289859	0.0067021723363	0.00753442671337	0.00680933394202	0.00658364841453	0.198955670458	0.187469929538	0.237089717027	0.277493747651	0.278053971466
160421117-stool2.snv.bam	0.277187794891	0.303658889716	0.188393697875	0.307153291492	0.306437857511	0.00257656179657	0.0	0.0010101010101	0.17701349165	0.173333333333	0.166170212766	0.19932724791	0.175981819651	0.175276142489	0.112908681046	0.225073746313	0.181585081585	0.227201475334	0.00485354472367	0.2049112733	0.00636638493781	0.182719241543	0.177134986226	0.241454081633	0.149377943659	0.190614503063	0.00523415977961	0.272524662039	0.00656629871506	0.190011661649	0.234204463599	0.28957368468	0.283671976765	0.00581523806668	0.0072083788898	0.00569903581267	0.00536053727413	0.197671297621	0.187218821756	0.237143819144	0.276820343483	0.278184295186
160421117-stool3.snv.bam	0.277279622255	0.304690300874	0.187781645144	0.308167583792	0.307447958521	0.0027390255954	0.0010101010101	0.0	0.177105700041	0.173425160698	0.165910165485	0.19873037004	0.176074412244	0.175130582081	0.112311803177	0.22517207473	0.18167690895	0.227293683725	0.00492700661532	0.20431439543	0.00627018484162	0.182112332112	0.17722681359	0.240858843537	0.149286116295	0.190706711454	0.00514233241506	0.271966781983	0.00647447135051	0.189412307108	0.234112255208	0.289481092087	0.283333812513	0.00572341070213	0.00752977466575	0.00560720844812	0.00568326664251	0.197764668303	0.186621943886	0.237045053712	0.276722877596	0.277843164581
160582958-stool1.snv.bam	0.252796612305	0.306236092429	0.148094113051	0.288903732086	0.288169686083	0.177605678216	0.17701349165	0.177105700041	0.0	0.00362483328206	0.00381873855118	0.119599719661	0.00325125802867	0.212833611582	0.140654442643	0.158139838262	0.110112757529	0.156778825643	0.173588420377	0.207892584894	0.177108926413	0.151536276968	0.00744226066795	0.265852077993	0.194231177814	0.128008984373	0.173279051816	0.291113757506	0.173707807016	0.157247684127	0.234590187726	0.272705896483	0.262872851819	0.173431090914	0.174192400008	0.172435030692	0.174348270087	0.157557892919	0.15611460962	0.214649647551	0.263966034369	0.260063340841
160582958-stool2.snv.bam	0.253275949161	0.308648943709	0.146218556632	0.29155624216	0.291064147279	0.17531828209	0.173333333333	0.173425160698	0.00362483328206	0.0	0.000765957446809	0.117206035789	0.00187070853983	0.210990995321	0.138272370387	0.155221238938	0.108086458996	0.153858921162	0.169922415247	0.205104110765	0.174966673538	0.149301874596	0.00446280991736	0.263962585034	0.190479872034	0.125109662122	0.169614325069	0.289237154567	0.171221946098	0.156522116454	0.233319263046	0.272684795791	0.262425599953	0.170599127114	0.17170453664	0.169700413223	0.17104111656	0.155710513307	0.154767031122	0.214684559885	0.263720928279	0.260406517408
160582958-stool3.snv.bam	0.243174949065	0.31291217243	0.141424258109	0.29154937761	0.291131306275	0.167859677727	0.166170212766	0.165910165485	0.00381873855118	0.000765957446809	0.0	0.111846215578	0.00200414551093	0.200062436962	0.133638257689	0.158823529412	0.102880523732	0.158547008547	0.161955709944	0.198532743852	0.167130810658	0.140925740926	0.00468085106383	0.258744788238	0.183472889499	0.120390720391	0.161985815603	0.285119310093	0.162932103358	0.147837574746	0.223974112795	0.26379549781	0.252815641207	0.162999952177	0.164138288795	0.162074468085	0.163422688423	0.150554086554	0.146696261836	0.205563754427	0.253612541391	0.250193149181
638754422-stool2.snv.bam	0.227998470173	0.317525992911	0.120657590487	0.307999735304	0.307226864949	0.200030510889	0.19932724791	0.19873037004	0.119599719661	0.117206035789	0.111846215578	0.0	0.119024475786	0.20678533654	0.13016040402	0.182317967526	0.14198670966	0.18756788656	0.194890299577	0.164070253769	0.20110045769	0.124548187897	0.121007688681	0.268497702315	0.207520618567	0.142058401021	0.194919534411	0.297671741475	0.19575460783	0.123812175122	0.225837537483	0.268924421623	0.257513588964	0.195545011986	0.196427057652	0.194646298096	0.196451326771	0.155865572716	0.122308506872	0.22774804918	0.262883763197	0.256547909831
763536994-stool2.snv.bam	0.250972361487	0.306372554395	0.148200437418	0.289242590568	0.288967046601	0.177090167702	0.175981819651	0.176074412244	0.00325125802867	0.00187070853983	0.00200414551093	0.119024475786	0.0	0.208691085039	0.139768893654	0.155867756224	0.105429316598	0.15157369417	0.172542477247	0.203530174074	0.177080828524	0.14694897907	0.00570404187316	0.262229317229	0.193271246174	0.126873437499	0.172231819651	0.287826874763	0.173362641444	0.153445074629	0.227465324008	0.266253116279	0.255911808327	0.172734632301	0.173528740752	0.171828429128	0.17368150268	0.156646253165	0.151956176406	0.212780891842	0.257312786205	0.253600312702
764669880-stool2.snv.bam	0.224035146939	0.313018278705	0.181527223342	0.254681887093	0.254641573572	0.176047116609	0.175276142489	0.175130582081	0.212833611582	0.210990995321	0.200062436962	0.20678533654	0.208691085039	0.0	0.179754295113	0.245120291733	0.197877122295	0.246165907094	0.17094378946	0.163301435972	0.178868689847	0.193469011876	0.21500846257	0.262402440157	0.206345270571	0.237568023496	0.171346011484	0.287697378399	0.17161460562	0.195916135179	0.198559655076	0.252458112654	0.246179830727	0.171035086966	0.171783449009	0.170126943071	0.172130756085	0.179914426569	0.193840167111	0.22382745667	0.243264466726	0.240332225374
765701615-stool1.snv.bam	0.239949716131	0.334590156704	0.117164249322	0.303475249071	0.302613734046	0.112883182666	0.112908681046	0.112311803177	0.140654442643	0.138272370387	0.133638257689	0.13016040402	0.139768893654	0.179754295113	0.0	0.16036248351	0.154152853541	0.167098765654	0.108809057726	0.152257022099	0.110343467224	0.136824649474	0.14207402328	0.237589870411	0.17869502691	0.137711140831	0.109189672782	0.268703731656	0.109273794354	0.135551358271	0.229561472762	0.284265548338	0.27450986348	0.108533122068	0.109756384895	0.108383723681	0.109377792529	0.160607688927	0.133133017179	0.223827486058	0.272339765546	0.273139397953
CCIS14449628ST-4-0.snv.bam	0.262046548481	0.321582803887	0.187455110249	0.280566141006	0.279531271375	0.226934746255	0.225073746313	0.22517207473	0.158139838262	0.155221238938	0.158823529412	0.182317967526	0.155867756224	0.245120291733	0.16036248351	0.0	0.181756296801	0.000245821042283	0.221240744085	0.157323870819	0.215134736065	0.235602910603	0.159292035398	0.263157894737	0.216885526691	0.213650793651	0.221828908555	0.291693632025	0.222812880335	0.233963689179	0.267946094488	0.336483595855	0.327622529545	0.222320984576	0.223108397641	0.221515486726	0.222444444444	0.178638461964	0.230808462127	0.257993197279	0.324535982795	0.325070677888
CCIS33816588ST-4-0.snv.bam	0.245374429193	0.295610827908	0.180103823907	0.274917984153	0.274522507101	0.18358163578	0.181585081585	0.18167690895	0.110112757529	0.108086458996	0.102880523732	0.14198670966	0.105429316598	0.197877122295	0.154152853541	0.181756296801	0.0	0.178742419406	0.178174163499	0.147240156538	0.183611362183	0.0982223658694	0.111888111888	0.237163134485	0.223525008716	0.100200629246	0.177866073321	0.263920435024	0.17988691749	0.0989062249009	0.242457759405	0.289338641945	0.279078888693	0.178850875366	0.180507249079	0.177952161475	0.179327104431	0.113238496161	0.0969030768945	0.245781995782	0.276085600643	0.27793688178
CCMD11006829ST-21-0.snv.bam	0.25852153024	0.321858849779	0.192836035123	0.288153306213	0.287390007555	0.229193901319	0.227201475334	0.227293683725	0.156778825643	0.153858921162	0.158547008547	0.18756788656	0.15157369417	0.246165907094	0.167098765654	0.000245821042283	0.178742419406	0.0	0.22360704171	0.159980061432	0.218374741201	0.237381441812	0.157676348548	0.255391842836	0.219983937893	0.212797619048	0.224158598432	0.281712940931	0.225081327156	0.235544662309	0.276480820582	0.33253331423	0.324114988793	0.224742087833	0.225565920148	0.224072153066	0.225124158249	0.181746156157	0.232745233732	0.264889004844	0.321201495434	0.323364744846
CCMD60079086ST-21-0.snv.bam	0.273439551792	0.299831569759	0.184189846843	0.303468884119	0.302854763116	0.00658246930897	0.00485354472367	0.00492700661532	0.173588420377	0.169922415247	0.161955709944	0.194890299577	0.172542477247	0.17094378946	0.108809057726	0.221240744085	0.178174163499	0.22360704171	0.0	0.200811649979	0.00181180119956	0.17855071699	0.17372406814	0.236757167153	0.145030386455	0.187189431789	0.000886602574916	0.268122532986	0.00188141649771	0.185895027444	0.229838866738	0.285189897832	0.279097590488	0.00146768086198	0.0031087555694	0.00135147860798	0.00124390306859	0.194203053181	0.183119198435	0.232286373944	0.272026812036	0.273390763738
MH0196.snv.bam	0.251232551787	0.310014859972	0.152301235723	0.255804966155	0.255573199795	0.206256427128	0.2049112733	0.20431439543	0.207892584894	0.205104110765	0.198532743852	0.164070253769	0.203530174074	0.163301435972	0.152257022099	0.157323870819	0.147240156538	0.159980061432	0.200811649979	0.0	0.198668815552	0.180360116074	0.208905763658	0.2303697047	0.188311255527	0.222517109447	0.201192265035	0.261373636725	0.20211118083	0.173945370931	0.218741296062	0.295155394636	0.279294976953	0.201237923579	0.201556662313	0.200589647955	0.20205852239	0.158203692397	0.176250595405	0.234574314574	0.2847730339	0.283167396879
MH0381.snv.bam	0.261523749117	0.302437324167	0.183986259702	0.310243873682	0.30952299546	0.00673831742208	0.00636638493781	0.00627018484162	0.177108926413	0.174966673538	0.167130810658	0.20110045769	0.177080828524	0.178868689847	0.110343467224	0.215134736065	0.183611362183	0.218374741201	0.00181180119956	0.198668815552	0.0	0.183612496168	0.174620353192	0.240796631642	0.148716149868	0.19742926156	0.00203738060881	0.273409484567	0.0025505038492	0.191469370357	0.224375772413	0.286664179133	0.28007950593	0.00227248375556	0.00254891768703	0.00252439359582	0.00207917686179	0.204686221038	0.188637267676	0.224642958288	0.270882293126	0.273214492678
MH0399.snv.bam	0.237575977845	0.301759131746	0.127901259421	0.272473015962	0.271294915608	0.183136141508	0.182719241543	0.182112332112	0.151536276968	0.149301874596	0.140925740926	0.124548187897	0.14694897907	0.193469011876	0.136824649474	0.235602910603	0.0982223658694	0.237381441812	0.17855071699	0.180360116074	0.183612496168	0.0	0.153167420814	0.274657009657	0.215910259886	0.0570686697269	0.178237448826	0.303404514442	0.179587079587	0.00511950750224	0.214337715661	0.256749671264	0.246337211015	0.179125243228	0.180541043122	0.178885207929	0.179476505128	0.103608341153	0.00303447280462	0.207398925479	0.246892532157	0.244014967124
MMRS43939546ST-27-0-0.snv.bam	0.257077602053	0.312530800249	0.150116861716	0.295373669546	0.294865800171	0.179119934983	0.177134986226	0.17722681359	0.00744226066795	0.00446280991736	0.00468085106383	0.121007688681	0.00570404187316	0.21500846257	0.14207402328	0.159292035398	0.111888111888	0.157676348548	0.17372406814	0.208905763658	0.174620353192	0.153167420814	0.0	0.268069727891	0.194281524927	0.128927089508	0.173415977961	0.293086526952	0.175023598991	0.16033954384	0.237800590847	0.276518129124	0.266425599953	0.174400780006	0.175506189532	0.173502066116	0.174858543946	0.159576059526	0.158568684015	0.218773448773	0.267756015998	0.264441605127
MMRS55294627ST-27-0-0.snv.bam	0.299593798735	0.343539113084	0.29499326489	0.309708111048	0.309321653912	0.242683146732	0.241454081633	0.240858843537	0.265852077993	0.263962585034	0.258744788238	0.268497702315	0.262229317229	0.262402440157	0.237589870411	0.263157894737	0.237163134485	0.255391842836	0.236757167153	0.2303697047	0.240796631642	0.274657009657	0.268069727891	0.0	0.24539513386	0.269271834294	0.236766581633	0.000751843663036	0.237089696018	0.275051605096	0.261291356485	0.312533953981	0.311103020614	0.237298690445	0.238017215459	0.237194409014	0.238614067722	0.277290049991	0.273376219906	0.291167367254	0.301398532593	0.306382404841
MMRS61683006ST-27-0-0.snv.bam	0.286069870781	0.308508941892	0.196795374565	0.241530547635	0.241294194049	0.150671963221	0.149377943659	0.149286116295	0.194231177814	0.190479872034	0.183472889499	0.207520618567	0.193271246174	0.206345270571	0.17869502691	0.216885526691	0.223525008716	0.219983937893	0.145030386455	0.188311255527	0.148716149868	0.215910259886	0.194281524927	0.24539513386	0.0	0.232728454787	0.145245712255	0.263666066637	0.146164628049	0.222647133185	0.188511761761	0.255717169023	0.248379784151	0.145541809065	0.147082190318	0.144643095175	0.146367988307	0.223509374788	0.219499344929	0.201067355583	0.245302054806	0.247553282169
MMRS81135225ST-27-0-0.snv.bam	0.253698552388	0.334975727579	0.146196386356	0.308769236584	0.308241058382	0.192147100361	0.190614503063	0.190706711454	0.128008984373	0.125109662122	0.120390720391	0.142058401021	0.126873437499	0.237568023496	0.137711140831	0.213650793651	0.100200629246	0.212797619048	0.187189431789	0.222517109447	0.19742926156	0.0570686697269	0.128927089508	0.269271834294	0.232728454787	0.0	0.186880063229	0.294117902916	0.187939308271	0.0570335356365	0.26785888696	0.298429575105	0.288383374459	0.187276183362	0.188939429995	0.186966508595	0.18838474026	0.0797792134842	0.055544508604	0.237926136364	0.291080862443	0.28853501266
MMRS84954772ST-27-0-0.snv.bam	0.27415749186	0.300564656242	0.184580138553	0.30411041459	0.303407554481	0.00696308436491	0.00523415977961	0.00514233241506	0.173279051816	0.169614325069	0.161985815603	0.194919534411	0.172231819651	0.171346011484	0.109189672782	0.221828908555	0.177866073321	0.224158598432	0.000886602574916	0.201192265035	0.00203738060881	0.178237448826	0.173415977961	0.236766581633	0.145245712255	0.186880063229	0.0	0.267922151578	0.0024340673101	0.185585658883	0.230055086006	0.285407018013	0.279324150678	0.00168300666172	0.00348937062534	0.00156680440771	0.00162609744011	0.194590065128	0.182811108257	0.232699374699	0.272434378571	0.273798330273
MMRS97052561ST-27-0-0.snv.bam	0.318647242084	0.346955160734	0.322839639992	0.323558545981	0.32332625557	0.273569785856	0.272524662039	0.271966781983	0.291113757506	0.289237154567	0.285119310093	0.297671741475	0.287826874763	0.287697378399	0.268703731656	0.291693632025	0.263920435024	0.281712940931	0.268122532986	0.261373636725	0.273409484567	0.303404514442	0.293086526952	0.000751843663036	0.263666066637	0.294117902916	0.267922151578	0.0	0.268434191839	0.303735083121	0.286861537485	0.330524874163	0.330132953839	0.268630069461	0.269303498763	0.268532332889	0.269994189259	0.301941501465	0.302044833076	0.311820211117	0.321244586649	0.325896200747
N043A.snv.bam	0.273172340243	0.300432818411	0.183724779223	0.303624748803	0.303479643942	0.00713269630051	0.00656629871506	0.00647447135051	0.173707807016	0.171221946098	0.162932103358	0.19575460783	0.173362641444	0.17161460562	0.109273794354	0.222812880335	0.17988691749	0.225081327156	0.00188141649771	0.20211118083	0.0025505038492	0.179587079587	0.175023598991	0.237089696018	0.146164628049	0.187939308271	0.0024340673101	0.268434191839	0.0	0.185162983357	0.229318063692	0.285870628477	0.278869605223	0.0022014629653	0.00211966594985	0.00234797915583	0.00247560185319	0.194955962207	0.184213222591	0.232571428571	0.273044221944	0.274408173646
O2.CD3-0-PT.snv.bam	0.235068054797	0.306253573509	0.125827274172	0.272976044811	0.272923905061	0.190623871071	0.190011661649	0.189412307108	0.157247684127	0.156522116454	0.147837574746	0.123812175122	0.153445074629	0.195916135179	0.135551358271	0.233963689179	0.0989062249009	0.235544662309	0.185895027444	0.173945370931	0.191469370357	0.00511950750224	0.16033954384	0.275051605096	0.222647133185	0.0570335356365	0.185585658883	0.303735083121	0.185162983357	0.0	0.214084660097	0.262252733378	0.249682425369	0.185730301586	0.185483165054	0.18567210425	0.187084942563	0.102512697545	0.00402079654948	0.208726539858	0.252918167115	0.250617055462
O2.UC41-1.snv.bam	0.270819471894	0.340391643717	0.231507184791	0.288301650999	0.288299865227	0.234295933377	0.234204463599	0.234112255208	0.234590187726	0.233319263046	0.223974112795	0.225837537483	0.227465324008	0.198559655076	0.229561472762	0.267946094488	0.242457759405	0.276480820582	0.229838866738	0.218741296062	0.224375772413	0.214337715661	0.237800590847	0.261291356485	0.188511761761	0.26785888696	0.230055086006	0.286861537485	0.229318063692	0.214084660097	0.0	0.132421093893	0.133002947139	0.229305757114	0.228541271297	0.228694309432	0.2271654919	0.253585260751	0.213106617513	0.105310287711	0.12641941045	0.130785059712
O2.UC7-0.snv.bam	0.297690906481	0.380407981569	0.272140253179	0.331858355518	0.330813524972	0.289018722209	0.28957368468	0.289481092087	0.272705896483	0.272684795791	0.26379549781	0.268924421623	0.266253116279	0.252458112654	0.284265548338	0.336483595855	0.289338641945	0.33253331423	0.285189897832	0.295155394636	0.286664179133	0.256749671264	0.276518129124	0.312533953981	0.255717169023	0.298429575105	0.285407018013	0.330524874163	0.285870628477	0.262252733378	0.132421093893	0.0	0.00255603380286	0.284744996043	0.285869911171	0.283919749495	0.28626629281	0.276363625975	0.259000498334	0.0923721211858	0.00387912196944	0.00271244153599
O2.UC7-1.snv.bam	0.287673522219	0.37838211197	0.260217860213	0.331579456763	0.331652663535	0.283651289859	0.283671976765	0.283333812513	0.262872851819	0.262425599953	0.252815641207	0.257513588964	0.255911808327	0.246179830727	0.27450986348	0.327622529545	0.279078888693	0.324114988793	0.279097590488	0.279294976953	0.28007950593	0.246337211015	0.266425599953	0.311103020614	0.248379784151	0.288383374459	0.279324150678	0.330132953839	0.278869605223	0.249682425369	0.133002947139	0.00255603380286	0.0	0.278633564581	0.278552293499	0.278110382562	0.28039717879	0.265264452275	0.24839063946	0.0762411082258	0.00438024091382	0.00356537559663
T2D-105A.snv.bam	0.273191359761	0.300638923644	0.184166928789	0.303704321722	0.302870260084	0.0067021723363	0.00581523806668	0.00572341070213	0.173431090914	0.170599127114	0.162999952177	0.195545011986	0.172734632301	0.171035086966	0.108533122068	0.222320984576	0.178850875366	0.224742087833	0.00146768086198	0.201237923579	0.00227248375556	0.179125243228	0.174400780006	0.237298690445	0.145541809065	0.187276183362	0.00168300666172	0.268630069461	0.0022014629653	0.185730301586	0.229305757114	0.284744996043	0.278633564581	0.0	0.00325676628054	0.00106886459566	0.00174121512477	0.194043740573	0.183059327164	0.233050979854	0.27248284071	0.274112608467
T2D-132A.snv.bam	0.273798038366	0.301356605114	0.184134037235	0.303585821087	0.303689246484	0.00753442671337	0.0072083788898	0.00752977466575	0.174192400008	0.17170453664	0.164138288795	0.196427057652	0.173528740752	0.171783449009	0.109756384895	0.223108397641	0.180507249079	0.225565920148	0.0031087555694	0.201556662313	0.00254891768703	0.180541043122	0.175506189532	0.238017215459	0.147082190318	0.188939429995	0.00348937062534	0.269303498763	0.00211966594985	0.185483165054	0.228541271297	0.285869911171	0.278552293499	0.00325676628054	0.0	0.00340328247107	0.00309850743159	0.195586719536	0.18520921158	0.232878873754	0.273150966026	0.274076321237
T2D-29A.snv.bam	0.273003910593	0.299949325722	0.183397228948	0.302952046679	0.301840750073	0.00680933394202	0.00569903581267	0.00560720844812	0.172435030692	0.169700413223	0.162074468085	0.194646298096	0.171828429128	0.170126943071	0.108383723681	0.221515486726	0.177952161475	0.224072153066	0.00135147860798	0.200589647955	0.00252439359582	0.178885207929	0.173502066116	0.237194409014	0.144643095175	0.186966508595	0.00156680440771	0.268532332889	0.00234797915583	0.18567210425	0.228694309432	0.283919749495	0.278110382562	0.00106886459566	0.00340328247107	0.0	0.00167796466003	0.192996927873	0.182874509651	0.232329004329	0.271794758688	0.27315871039
T2D-8A.snv.bam	0.275326509493	0.301325322452	0.185397823217	0.305409106974	0.30426869571	0.00658364841453	0.00536053727413	0.00568326664251	0.174348270087	0.17104111656	0.163422688423	0.196451326771	0.17368150268	0.172130756085	0.109377792529	0.222444444444	0.179327104431	0.225124158249	0.00124390306859	0.20205852239	0.00207917686179	0.179476505128	0.174858543946	0.238614067722	0.146367988307	0.18838474026	0.00162609744011	0.269994189259	0.00247560185319	0.187084942563	0.2271654919	0.28626629281	0.28039717879	0.00174121512477	0.00309850743159	0.00167796466003	0.0	0.194946684385	0.183960707977	0.234034636582	0.273745643747	0.275115604047
V1.FI18.snv.bam	0.243913128523	0.304105931959	0.117044581179	0.277803129322	0.277029004357	0.198955670458	0.197671297621	0.197764668303	0.157557892919	0.155710513307	0.150554086554	0.155865572716	0.156646253165	0.179914426569	0.160607688927	0.178638461964	0.113238496161	0.181746156157	0.194203053181	0.158203692397	0.204686221038	0.103608341153	0.159576059526	0.277290049991	0.223509374788	0.0797792134842	0.194590065128	0.301941501465	0.194955962207	0.102512697545	0.253585260751	0.276363625975	0.265264452275	0.194043740573	0.195586719536	0.192996927873	0.194946684385	0.0	0.101296794166	0.223067262368	0.267609075353	0.265624367463
V1.FI20.snv.bam	0.233039434161	0.303924050727	0.126027022742	0.271036525833	0.270196339866	0.187469929538	0.187218821756	0.186621943886	0.15611460962	0.154767031122	0.146696261836	0.122308506872	0.151956176406	0.193840167111	0.133133017179	0.230808462127	0.0969030768945	0.232745233732	0.183119198435	0.176250595405	0.188637267676	0.00303447280462	0.158568684015	0.273376219906	0.219499344929	0.055544508604	0.182811108257	0.302044833076	0.184213222591	0.00402079654948	0.213106617513	0.259000498334	0.24839063946	0.183059327164	0.18520921158	0.182874509651	0.183960707977	0.101296794166	0.0	0.206252170732	0.250200272807	0.247970627945
V1.UC26-4.snv.bam	0.246216490812	0.328550172315	0.207223206087	0.30905390207	0.308191755539	0.237089717027	0.237143819144	0.237045053712	0.214649647551	0.214684559885	0.205563754427	0.22774804918	0.212780891842	0.22382745667	0.223827486058	0.257993197279	0.245781995782	0.264889004844	0.232286373944	0.234574314574	0.224642958288	0.207398925479	0.218773448773	0.291167367254	0.201067355583	0.237926136364	0.232699374699	0.311820211117	0.232571428571	0.208726539858	0.105310287711	0.0923721211858	0.0762411082258	0.233050979854	0.232878873754	0.232329004329	0.234034636582	0.223067262368	0.206252170732	0.0	0.071700122397	0.0718019041679
V1.UC48-0.snv.bam	0.273171468939	0.363143370382	0.262604383941	0.326077190609	0.326002076821	0.277493747651	0.276820343483	0.276722877596	0.263966034369	0.263720928279	0.253612541391	0.262883763197	0.257312786205	0.243264466726	0.272339765546	0.324535982795	0.276085600643	0.321201495434	0.272026812036	0.2847730339	0.270882293126	0.246892532157	0.267756015998	0.301398532593	0.245302054806	0.291080862443	0.272434378571	0.321244586649	0.273044221944	0.252918167115	0.12641941045	0.00387912196944	0.00438024091382	0.27248284071	0.273150966026	0.271794758688	0.273745643747	0.267609075353	0.250200272807	0.071700122397	0.0	0.00403517022023
V1.UC49-1.snv.bam	0.278618185023	0.365445073695	0.260601795799	0.32695808733	0.32631195292	0.278053971466	0.278184295186	0.277843164581	0.260063340841	0.260406517408	0.250193149181	0.256547909831	0.253600312702	0.240332225374	0.273139397953	0.325070677888	0.27793688178	0.323364744846	0.273390763738	0.283167396879	0.273214492678	0.244014967124	0.264441605127	0.306382404841	0.247553282169	0.28853501266	0.273798330273	0.325896200747	0.274408173646	0.250617055462	0.130785059712	0.00271244153599	0.00356537559663	0.274112608467	0.274076321237	0.27315871039	0.275115604047	0.265624367463	0.247970627945	0.0718019041679	0.00403517022023	0.0
