	TARA_052_DCM_0.22-1.6_G.snv.bam	TARA_052_SRF_0.22-1.6_G.snv.bam	TARA_056_SRF_0.22-3_G.snv.bam	TARA_100_SRF_0.22-3_G.snv.bam	TARA_109_DCM_0.22-3_G.snv.bam	TARA_110_DCM_0.22-3_G.snv.bam	TARA_110_SRF_0.22-3_G.snv.bam	TARA_111_SRF_0.22-3_G.snv.bam	TARA_122_DCM_0.22-3_G.snv.bam	TARA_122_MES_0.22-3_G.snv.bam	TARA_122_SRF_0.22-3_G.snv.bam	TARA_123_SRF_0.22-3_G.snv.bam	TARA_124_MIX_0.22-3_G.snv.bam	TARA_124_SRF_0.22-3_G.snv.bam	TARA_125_SRF_0.22-3_G.snv.bam	TARA_128_DCM_0.22-3_G.snv.bam	TARA_128_SRF_0.22-3_G.snv.bam	TARA_137_SRF_0.22-3_G.snv.bam	TARA_138_SRF_0.22-3_G.snv.bam
TARA_052_DCM_0.22-1.6_G.snv.bam	0.0	0.0	0.00251889168766	0.00755667506297	0.00755667506297	0.0289672544081	0.0264483627204	0.00377833753149	0.00503778337531	0.00503778337531	0.00251889168766	0.00503778337531	0.00503778337531	0.00125944584383	0.00377833753149	0.00629722921914	0.00503778337531	0.0100755667506	0.00503778337531
TARA_052_SRF_0.22-1.6_G.snv.bam	0.0	0.0	0.0	0.00125944584383	0.00125944584383	0.0226700251889	0.0151133501259	0.0	0.00125944584383	0.00125944584383	0.0	0.00125944584383	0.0	0.0	0.0	0.0	0.0	0.00125944584383	0.0
TARA_056_SRF_0.22-3_G.snv.bam	0.00251889168766	0.0	0.0	0.00251889168766	0.00629722921914	0.0176322418136	0.0125944584383	0.00125944584383	0.00125944584383	0.00251889168766	0.0	0.00125944584383	0.00125944584383	0.00125944584383	0.00125944584383	0.0	0.0	0.00377833753149	0.0
TARA_100_SRF_0.22-3_G.snv.bam	0.00755667506297	0.00125944584383	0.00251889168766	0.0	0.0	0.0226700251889	0.0113350125945	0.0	0.00125944584383	0.0	0.0	0.0	0.0	0.0	0.0	0.0	0.0	0.00125944584383	0.0
TARA_109_DCM_0.22-3_G.snv.bam	0.00755667506297	0.00125944584383	0.00629722921914	0.0	0.0	0.00755667506297	0.00125944584383	0.0	0.00125944584383	0.00125944584383	0.0	0.0	0.0	0.0	0.0	0.0	0.0	0.00629722921914	0.00125944584383
TARA_110_DCM_0.22-3_G.snv.bam	0.0289672544081	0.0226700251889	0.0176322418136	0.0226700251889	0.00755667506297	0.0	0.00251889168766	0.0151133501259	0.0176322418136	0.0151133501259	0.0163727959698	0.0188916876574	0.0163727959698	0.0201511335013	0.0163727959698	0.0201511335013	0.0163727959698	0.0289672544081	0.0239294710327
TARA_110_SRF_0.22-3_G.snv.bam	0.0264483627204	0.0151133501259	0.0125944584383	0.0113350125945	0.00125944584383	0.00251889168766	0.0	0.00629722921914	0.0088161209068	0.0088161209068	0.00629722921914	0.0113350125945	0.0088161209068	0.0088161209068	0.00755667506297	0.0113350125945	0.0088161209068	0.0226700251889	0.0163727959698
TARA_111_SRF_0.22-3_G.snv.bam	0.00377833753149	0.0	0.00125944584383	0.0	0.0	0.0151133501259	0.00629722921914	0.0	0.0	0.0	0.0	0.0	0.0	0.0	0.0	0.0	0.0	0.00125944584383	0.0
TARA_122_DCM_0.22-3_G.snv.bam	0.00503778337531	0.00125944584383	0.00125944584383	0.00125944584383	0.00125944584383	0.0176322418136	0.0088161209068	0.0	0.0	0.0	0.0	0.0	0.0	0.0	0.0	0.0	0.0	0.00755667506297	0.0
TARA_122_MES_0.22-3_G.snv.bam	0.00503778337531	0.00125944584383	0.00251889168766	0.0	0.00125944584383	0.0151133501259	0.0088161209068	0.0	0.0	0.0	0.0	0.0	0.0	0.0	0.0	0.0	0.0	0.00629722921914	0.0
TARA_122_SRF_0.22-3_G.snv.bam	0.00251889168766	0.0	0.0	0.0	0.0	0.0163727959698	0.00629722921914	0.0	0.0	0.0	0.0	0.0	0.0	0.0	0.0	0.0	0.0	0.00251889168766	0.0
TARA_123_SRF_0.22-3_G.snv.bam	0.00503778337531	0.00125944584383	0.00125944584383	0.0	0.0	0.0188916876574	0.0113350125945	0.0	0.0	0.0	0.0	0.0	0.0	0.0	0.0	0.0	0.0	0.00629722921914	0.0
TARA_124_MIX_0.22-3_G.snv.bam	0.00503778337531	0.0	0.00125944584383	0.0	0.0	0.0163727959698	0.0088161209068	0.0	0.0	0.0	0.0	0.0	0.0	0.0	0.0	0.0	0.0	0.00629722921914	0.0
TARA_124_SRF_0.22-3_G.snv.bam	0.00125944584383	0.0	0.00125944584383	0.0	0.0	0.0201511335013	0.0088161209068	0.0	0.0	0.0	0.0	0.0	0.0	0.0	0.0	0.0	0.0	0.00629722921914	0.0
TARA_125_SRF_0.22-3_G.snv.bam	0.00377833753149	0.0	0.00125944584383	0.0	0.0	0.0163727959698	0.00755667506297	0.0	0.0	0.0	0.0	0.0	0.0	0.0	0.0	0.0	0.0	0.00377833753149	0.0
TARA_128_DCM_0.22-3_G.snv.bam	0.00629722921914	0.0	0.0	0.0	0.0	0.0201511335013	0.0113350125945	0.0	0.0	0.0	0.0	0.0	0.0	0.0	0.0	0.0	0.0	0.00629722921914	0.0
TARA_128_SRF_0.22-3_G.snv.bam	0.00503778337531	0.0	0.0	0.0	0.0	0.0163727959698	0.0088161209068	0.0	0.0	0.0	0.0	0.0	0.0	0.0	0.0	0.0	0.0	0.00755667506297	0.0
TARA_137_SRF_0.22-3_G.snv.bam	0.0100755667506	0.00125944584383	0.00377833753149	0.00125944584383	0.00629722921914	0.0289672544081	0.0226700251889	0.00125944584383	0.00755667506297	0.00629722921914	0.00251889168766	0.00629722921914	0.00629722921914	0.00629722921914	0.00377833753149	0.00629722921914	0.00755667506297	0.0	0.00125944584383
TARA_138_SRF_0.22-3_G.snv.bam	0.00503778337531	0.0	0.0	0.0	0.00125944584383	0.0239294710327	0.0163727959698	0.0	0.0	0.0	0.0	0.0	0.0	0.0	0.0	0.0	0.0	0.00125944584383	0.0
