	TARA_068_MES_0.22-3_G.snv.bam	TARA_070_MES_0.22-3_G.snv.bam	TARA_076_MES_0.22-3_G.snv.bam	TARA_078_MES_0.22-3_G.snv.bam	TARA_085_MES_0.22-3_G.snv.bam	TARA_102_MES_0.22-3_G.snv.bam	TARA_112_MES_0.22-3_G.snv.bam	TARA_132_MES_0.22-3_G.snv.bam	TARA_133_MES_0.22-3_G.snv.bam	TARA_145_MES_0.22-3_G.snv.bam
TARA_068_MES_0.22-3_G.snv.bam	0.0	0.0149700598802	0.00059880239521	0.0	0.00838323353293	0.011377245509	0.00658682634731	0.0	0.0131736526946	0.0
TARA_070_MES_0.22-3_G.snv.bam	0.0149700598802	0.0	0.00059880239521	0.014371257485	0.00958083832335	0.0161676646707	0.00059880239521	0.0131736526946	0.0	0.00658682634731
TARA_076_MES_0.22-3_G.snv.bam	0.00059880239521	0.00059880239521	0.0	0.00179640718563	0.00538922155689	0.00778443113772	0.00119760479042	0.00239520958084	0.00179640718563	0.00119760479042
TARA_078_MES_0.22-3_G.snv.bam	0.0	0.014371257485	0.00179640718563	0.0	0.0107784431138	0.0179640718563	0.00958083832335	0.0	0.0131736526946	0.0
TARA_085_MES_0.22-3_G.snv.bam	0.00838323353293	0.00958083832335	0.00538922155689	0.0107784431138	0.0	0.0149700598802	0.00658682634731	0.00778443113772	0.00538922155689	0.00419161676647
TARA_102_MES_0.22-3_G.snv.bam	0.011377245509	0.0161676646707	0.00778443113772	0.0179640718563	0.0149700598802	0.0	0.0149700598802	0.00778443113772	0.00838323353293	0.011377245509
TARA_112_MES_0.22-3_G.snv.bam	0.00658682634731	0.00059880239521	0.00119760479042	0.00958083832335	0.00658682634731	0.0149700598802	0.0	0.0107784431138	0.00119760479042	0.00359281437126
TARA_132_MES_0.22-3_G.snv.bam	0.0	0.0131736526946	0.00239520958084	0.0	0.00778443113772	0.00778443113772	0.0107784431138	0.0	0.00658682634731	0.00059880239521
TARA_133_MES_0.22-3_G.snv.bam	0.0131736526946	0.0	0.00179640718563	0.0131736526946	0.00538922155689	0.00838323353293	0.00119760479042	0.00658682634731	0.0	0.00538922155689
TARA_145_MES_0.22-3_G.snv.bam	0.0	0.00658682634731	0.00119760479042	0.0	0.00419161676647	0.011377245509	0.00359281437126	0.00059880239521	0.00538922155689	0.0
