	TARA_004_DCM_0.22-1.6_G.snv.bam	TARA_004_SRF_0.22-1.6_G.snv.bam	TARA_018_DCM_0.22-1.6_G.snv.bam	TARA_018_SRF_0.22-1.6_G.snv.bam	TARA_030_DCM_0.22-1.6_G.snv.bam	TARA_030_SRF_0.22-1.6_G.snv.bam	TARA_068_DCM_0.22-3_G.snv.bam	TARA_068_SRF_0.22-3_G.snv.bam	TARA_078_DCM_0.22-3_G.snv.bam	TARA_078_SRF_0.22-3_G.snv.bam	TARA_098_DCM_0.22-3_G.snv.bam	TARA_100_DCM_0.22-3_G.snv.bam	TARA_111_DCM_0.22-3_G.snv.bam	TARA_150_DCM_0.22-3_G.snv.bam	TARA_150_SRF_0.22-3_G.snv.bam	TARA_151_SRF_0.22-3_G.snv.bam
TARA_004_DCM_0.22-1.6_G.snv.bam	0.0	0.0382260618337	0.0949207644624	0.0906349612757	0.100170419418	0.105331326608	0.0865812920401	0.0833017445915	0.0739698063873	0.0773645824713	0.104065961969	0.0725195389352	0.0836059116175	0.0669028849404	0.0712762201874	0.0663937846337
TARA_004_SRF_0.22-1.6_G.snv.bam	0.0382260618337	0.0	0.0839312329394	0.080459128753	0.0903903613188	0.0969642217338	0.0898359730748	0.0888974294668	0.0776604508969	0.0786197594899	0.107114009675	0.0705666623393	0.0824091961033	0.0552794684391	0.0568966919067	0.054223161506
TARA_018_DCM_0.22-1.6_G.snv.bam	0.0949207644624	0.0839312329394	0.0	0.0269750596046	0.0747645668994	0.0769098351107	0.122476949875	0.119339983282	0.114937706874	0.118236799395	0.133803152693	0.107313116651	0.118512109653	0.0797632995012	0.0896812006758	0.0832129391681
TARA_018_SRF_0.22-1.6_G.snv.bam	0.0906349612757	0.080459128753	0.0269750596046	0.0	0.0690614335753	0.0738743713801	0.117140948106	0.118432239215	0.111160405914	0.115642169519	0.133774506101	0.104374798352	0.115701093689	0.0778055224649	0.0882116650366	0.0827600785922
TARA_030_DCM_0.22-1.6_G.snv.bam	0.100170419418	0.0903903613188	0.0747645668994	0.0690614335753	0.0	0.0441621750224	0.114569772371	0.115498088414	0.115380146928	0.115470548382	0.133429709174	0.110575447816	0.118240167769	0.0902428334459	0.0934876360589	0.0914687595313
TARA_030_SRF_0.22-1.6_G.snv.bam	0.105331326608	0.0969642217338	0.0769098351107	0.0738743713801	0.0441621750224	0.0	0.119619644313	0.123356052074	0.120906230913	0.123547299824	0.138945719621	0.105053558756	0.119943378965	0.092578196396	0.101276967011	0.0972117555753
TARA_068_DCM_0.22-3_G.snv.bam	0.0865812920401	0.0898359730748	0.122476949875	0.117140948106	0.114569772371	0.119619644313	0.0	0.0615558655285	0.0910098040377	0.0937014036819	0.110980221509	0.0860157869159	0.0945373718741	0.096836434539	0.0952894500751	0.102767981118
TARA_068_SRF_0.22-3_G.snv.bam	0.0833017445915	0.0888974294668	0.119339983282	0.118432239215	0.115498088414	0.123356052074	0.0615558655285	0.0	0.0829595163521	0.0857972958499	0.111116839633	0.0851794391177	0.0890110837748	0.096621486419	0.0939596446443	0.100071455572
TARA_078_DCM_0.22-3_G.snv.bam	0.0739698063873	0.0776604508969	0.114937706874	0.111160405914	0.115380146928	0.120906230913	0.0910098040377	0.0829595163521	0.0	0.047535667217	0.102628359713	0.0802319636448	0.0896140203147	0.0849695446614	0.0918065978101	0.096143381098
TARA_078_SRF_0.22-3_G.snv.bam	0.0773645824713	0.0786197594899	0.118236799395	0.115642169519	0.115470548382	0.123547299824	0.0937014036819	0.0857972958499	0.047535667217	0.0	0.106955571526	0.0817779140036	0.0895683591222	0.086738637284	0.089970868632	0.0965767357169
TARA_098_DCM_0.22-3_G.snv.bam	0.104065961969	0.107114009675	0.133803152693	0.133774506101	0.133429709174	0.138945719621	0.110980221509	0.111116839633	0.102628359713	0.106955571526	0.0	0.0849944651966	0.0951080536355	0.117720325052	0.12295458143	0.124978108462
TARA_100_DCM_0.22-3_G.snv.bam	0.0725195389352	0.0705666623393	0.107313116651	0.104374798352	0.110575447816	0.105053558756	0.0860157869159	0.0851794391177	0.0802319636448	0.0817779140036	0.0849944651966	0.0	0.0579075171097	0.0811112598226	0.0884246951022	0.0900449961733
TARA_111_DCM_0.22-3_G.snv.bam	0.0836059116175	0.0824091961033	0.118512109653	0.115701093689	0.118240167769	0.119943378965	0.0945373718741	0.0890110837748	0.0896140203147	0.0895683591222	0.0951080536355	0.0579075171097	0.0	0.0975426912906	0.0957642019726	0.0993368075692
TARA_150_DCM_0.22-3_G.snv.bam	0.0669028849404	0.0552794684391	0.0797632995012	0.0778055224649	0.0902428334459	0.092578196396	0.096836434539	0.096621486419	0.0849695446614	0.086738637284	0.117720325052	0.0811112598226	0.0975426912906	0.0	0.045720117761	0.0466263371075
TARA_150_SRF_0.22-3_G.snv.bam	0.0712762201874	0.0568966919067	0.0896812006758	0.0882116650366	0.0934876360589	0.101276967011	0.0952894500751	0.0939596446443	0.0918065978101	0.089970868632	0.12295458143	0.0884246951022	0.0957642019726	0.045720117761	0.0	0.0403238209619
TARA_151_SRF_0.22-3_G.snv.bam	0.0663937846337	0.054223161506	0.0832129391681	0.0827600785922	0.0914687595313	0.0972117555753	0.102767981118	0.100071455572	0.096143381098	0.0965767357169	0.124978108462	0.0900449961733	0.0993368075692	0.0466263371075	0.0403238209619	0.0
