	TARA_004_SRF_0.22-1.6_G.snv.bam	TARA_009_SRF_0.22-1.6_G.snv.bam	TARA_018_DCM_0.22-1.6_G.snv.bam	TARA_018_SRF_0.22-1.6_G.snv.bam	TARA_025_DCM_0.22-1.6_G.snv.bam	TARA_025_SRF_0.22-1.6_G.snv.bam	TARA_030_DCM_0.22-1.6_G.snv.bam	TARA_030_SRF_0.22-1.6_G.snv.bam	TARA_078_SRF_0.22-3_G.snv.bam	TARA_096_SRF_0.22-3_G.snv.bam	TARA_098_SRF_0.22-3_G.snv.bam	TARA_099_SRF_0.22-3_G.snv.bam	TARA_112_SRF_0.22-3_G.snv.bam	TARA_132_SRF_0.22-3_G.snv.bam
TARA_004_SRF_0.22-1.6_G.snv.bam	0.0	0.10350982578	0.0802419908183	0.0820320036342	0.10041566941	0.0987471800474	0.0960255753141	0.0891679896284	0.0846453116079	0.123427940762	0.120020286964	0.0852052974118	0.140240639928	0.0819840726329
TARA_009_SRF_0.22-1.6_G.snv.bam	0.10350982578	0.0	0.0522183884858	0.050252242788	0.0368576797078	0.040111378591	0.0327510635512	0.0507130755654	0.102540150634	0.141207498829	0.133918597763	0.111412382908	0.159001417556	0.0974919795153
TARA_018_DCM_0.22-1.6_G.snv.bam	0.0802419908183	0.0522183884858	0.0	0.0166471648555	0.0483610862516	0.0485572538404	0.0404606977036	0.0408086456658	0.0955414913656	0.128173097413	0.127869390053	0.0830341135846	0.153521520621	0.0923888944696
TARA_018_SRF_0.22-1.6_G.snv.bam	0.0820320036342	0.050252242788	0.0166471648555	0.0	0.0481114907691	0.0488792856274	0.0400409239227	0.04218131721	0.0954433203401	0.12777313508	0.12868064291	0.0856405707174	0.153350096121	0.0918377858336
TARA_025_DCM_0.22-1.6_G.snv.bam	0.10041566941	0.0368576797078	0.0483610862516	0.0481114907691	0.0	0.0244187304716	0.0238966300191	0.0406673331278	0.102821660195	0.142051080976	0.134068347344	0.10971238731	0.159088364567	0.0987010902036
TARA_025_SRF_0.22-1.6_G.snv.bam	0.0987471800474	0.040111378591	0.0485572538404	0.0488792856274	0.0244187304716	0.0	0.0241865576782	0.0390659173609	0.0999397791352	0.141303662012	0.131545186156	0.106840223966	0.160664249029	0.093277301752
TARA_030_DCM_0.22-1.6_G.snv.bam	0.0960255753141	0.0327510635512	0.0404606977036	0.0400409239227	0.0238966300191	0.0241865576782	0.0	0.034070006417	0.0992172068339	0.136607290952	0.129016186916	0.10379149954	0.156431887413	0.0940416521974
TARA_030_SRF_0.22-1.6_G.snv.bam	0.0891679896284	0.0507130755654	0.0408086456658	0.04218131721	0.0406673331278	0.0390659173609	0.034070006417	0.0	0.10125427143	0.1399616792	0.13435927035	0.0961879405147	0.161121663594	0.0985627725093
TARA_078_SRF_0.22-3_G.snv.bam	0.0846453116079	0.102540150634	0.0955414913656	0.0954433203401	0.102821660195	0.0999397791352	0.0992172068339	0.10125427143	0.0	0.128002567448	0.11799838493	0.106084610874	0.134377783261	0.0647198821425
TARA_096_SRF_0.22-3_G.snv.bam	0.123427940762	0.141207498829	0.128173097413	0.12777313508	0.142051080976	0.141303662012	0.136607290952	0.1399616792	0.128002567448	0.0	0.0567833324267	0.0933960290201	0.0886865689552	0.128188027467
TARA_098_SRF_0.22-3_G.snv.bam	0.120020286964	0.133918597763	0.127869390053	0.12868064291	0.134068347344	0.131545186156	0.129016186916	0.13435927035	0.11799838493	0.0567833324267	0.0	0.0952914022717	0.0783520147874	0.117813938432
TARA_099_SRF_0.22-3_G.snv.bam	0.0852052974118	0.111412382908	0.0830341135846	0.0856405707174	0.10971238731	0.106840223966	0.10379149954	0.0961879405147	0.106084610874	0.0933960290201	0.0952914022717	0.0	0.126510719393	0.105083690267
TARA_112_SRF_0.22-3_G.snv.bam	0.140240639928	0.159001417556	0.153521520621	0.153350096121	0.159088364567	0.160664249029	0.156431887413	0.161121663594	0.134377783261	0.0886865689552	0.0783520147874	0.126510719393	0.0	0.137505397425
TARA_132_SRF_0.22-3_G.snv.bam	0.0819840726329	0.0974919795153	0.0923888944696	0.0918377858336	0.0987010902036	0.093277301752	0.0940416521974	0.0985627725093	0.0647198821425	0.128188027467	0.117813938432	0.105083690267	0.137505397425	0.0
