	TARA_068_MES_0.22-3_G.snv.bam	TARA_076_MES_0.22-3_G.snv.bam	TARA_078_MES_0.22-3_G.snv.bam	TARA_085_MES_0.22-3_G.snv.bam	TARA_102_MES_0.22-3_G.snv.bam	TARA_132_MES_0.22-3_G.snv.bam	TARA_133_MES_0.22-3_G.snv.bam	TARA_145_MES_0.22-3_G.snv.bam	TARA_149_MES_0.22-3_G.snv.bam	TARA_152_MES_0.22-3_G.snv.bam
TARA_068_MES_0.22-3_G.snv.bam	0.0	0.0933269882939	0.0568417904533	0.13104519134	0.133996885827	0.0723914776791	0.211267362891	0.0987431939605	0.0688091633798	0.0613537504134
TARA_076_MES_0.22-3_G.snv.bam	0.0933269882939	0.0	0.0703477028374	0.0858999463225	0.160310374483	0.142224234428	0.221204543498	0.0491391813721	0.138941356321	0.122447681765
TARA_078_MES_0.22-3_G.snv.bam	0.0568417904533	0.0703477028374	0.0	0.118843083012	0.149385937881	0.102945919067	0.220293953959	0.0715304762513	0.101197363263	0.0894171551298
TARA_085_MES_0.22-3_G.snv.bam	0.13104519134	0.0858999463225	0.118843083012	0.0	0.163384234765	0.162468976526	0.219078429526	0.0916948640511	0.15990378753	0.147286240948
TARA_102_MES_0.22-3_G.snv.bam	0.133996885827	0.160310374483	0.149385937881	0.163384234765	0.0	0.146584031708	0.166207549467	0.16276898525	0.133990610022	0.139763543511
TARA_132_MES_0.22-3_G.snv.bam	0.0723914776791	0.142224234428	0.102945919067	0.162468976526	0.146584031708	0.0	0.224265662068	0.145278387833	0.0570942625072	0.0574619204879
TARA_133_MES_0.22-3_G.snv.bam	0.211267362891	0.221204543498	0.220293953959	0.219078429526	0.166207549467	0.224265662068	0.0	0.223070052964	0.221344408595	0.216546469109
TARA_145_MES_0.22-3_G.snv.bam	0.0987431939605	0.0491391813721	0.0715304762513	0.0916948640511	0.16276898525	0.145278387833	0.223070052964	0.0	0.13997929523	0.124092936874
TARA_149_MES_0.22-3_G.snv.bam	0.0688091633798	0.138941356321	0.101197363263	0.15990378753	0.133990610022	0.0570942625072	0.221344408595	0.13997929523	0.0	0.0578737974991
TARA_152_MES_0.22-3_G.snv.bam	0.0613537504134	0.122447681765	0.0894171551298	0.147286240948	0.139763543511	0.0574619204879	0.216546469109	0.124092936874	0.0578737974991	0.0
