	TARA_031_SRF_0.22-1.6_G.snv.bam	TARA_032_DCM_0.22-1.6_G.snv.bam	TARA_032_SRF_0.22-1.6_G.snv.bam	TARA_033_SRF_0.22-1.6_G.snv.bam	TARA_034_SRF_0.22-1.6_G.snv.bam	TARA_036_DCM_0.22-1.6_G.snv.bam	TARA_036_SRF_0.22-1.6_G.snv.bam	TARA_038_DCM_0.22-1.6_G.snv.bam	TARA_038_SRF_0.22-1.6_G.snv.bam	TARA_039_DCM_0.22-1.6_G.snv.bam	TARA_041_DCM_0.22-1.6_G.snv.bam	TARA_041_SRF_0.22-1.6_G.snv.bam	TARA_042_DCM_0.22-1.6_G.snv.bam	TARA_042_SRF_0.22-1.6_G.snv.bam	TARA_045_SRF_0.22-1.6_G.snv.bam	TARA_048_SRF_0.22-1.6_G.snv.bam	TARA_052_DCM_0.22-1.6_G.snv.bam	TARA_052_SRF_0.22-1.6_G.snv.bam	TARA_056_SRF_0.22-3_G.snv.bam	TARA_057_SRF_0.22-3_G.snv.bam	TARA_058_DCM_0.22-3_G.snv.bam	TARA_062_SRF_0.22-3_G.snv.bam	TARA_064_SRF_0.22-3_G.snv.bam	TARA_065_DCM_0.22-3_G.snv.bam	TARA_065_SRF_0.22-3_G.snv.bam	TARA_072_SRF_0.22-3_G.snv.bam	TARA_098_SRF_0.22-3_G.snv.bam	TARA_099_SRF_0.22-3_G.snv.bam	TARA_100_SRF_0.22-3_G.snv.bam	TARA_109_DCM_0.22-3_G.snv.bam	TARA_109_SRF_0.22-3_G.snv.bam	TARA_110_DCM_0.22-3_G.snv.bam	TARA_110_MES_0.22-3_G.snv.bam	TARA_110_SRF_0.22-3_G.snv.bam	TARA_111_SRF_0.22-3_G.snv.bam	TARA_112_SRF_0.22-3_G.snv.bam	TARA_122_SRF_0.22-3_G.snv.bam	TARA_123_SRF_0.22-3_G.snv.bam	TARA_124_MIX_0.22-3_G.snv.bam	TARA_124_SRF_0.22-3_G.snv.bam	TARA_125_SRF_0.22-3_G.snv.bam	TARA_128_DCM_0.22-3_G.snv.bam	TARA_128_SRF_0.22-3_G.snv.bam	TARA_132_SRF_0.22-3_G.snv.bam	TARA_137_SRF_0.22-3_G.snv.bam	TARA_138_SRF_0.22-3_G.snv.bam	TARA_140_SRF_0.22-3_G.snv.bam	TARA_141_SRF_0.22-3_G.snv.bam	TARA_142_DCM_0.22-3_G.snv.bam	TARA_142_SRF_0.22-3_G.snv.bam	TARA_146_SRF_0.22-3_G.snv.bam	TARA_148_SRF_0.22-3_G.snv.bam
TARA_031_SRF_0.22-1.6_G.snv.bam	0.0	0.0445677864161	0.026655840626	0.0345963753175	0.036176264375	0.0599996656971	0.0570295958564	0.0530356409429	0.0591629141367	0.0507998131171	0.0499887035223	0.0487612267484	0.0572389833393	0.047975403053	0.0494455861004	0.0561055162888	0.0610139875093	0.0561217037827	0.0516336589125	0.0515557615673	0.0546495662717	0.0569531897914	0.0554653645912	0.0591248953651	0.0611485855885	0.0565331905544	0.0934250474143	0.0942543190903	0.12642572749	0.0649087738757	0.0622302913981	0.0787527180268	0.0764995401294	0.0761693231896	0.130843763694	0.0994321995724	0.134279196386	0.122557981748	0.129538766992	0.12562736899	0.126912466294	0.130773405415	0.136644893808	0.0671246787662	0.0648426444625	0.0729319961333	0.0599185001648	0.048865245098	0.0566399774858	0.0586902777602	0.0706255479109	0.0655530687683
TARA_032_DCM_0.22-1.6_G.snv.bam	0.0445677864161	0.0	0.0470381539681	0.0534499644361	0.0535420560295	0.0656228094296	0.0619964254073	0.0614102336754	0.0647156705035	0.0587257917631	0.0589638700729	0.058372931514	0.062727797361	0.0555293177193	0.057626615926	0.0574042600603	0.0606532052743	0.0630237102973	0.060168190111	0.0611731096977	0.0645983097933	0.0657792756551	0.0619204491592	0.062805283973	0.0691129786657	0.0599113350897	0.0928405772511	0.0907046618768	0.124168462582	0.0658609093253	0.0634651808255	0.0811595666999	0.0756663334263	0.0779355345865	0.130448024276	0.0992734445155	0.13227290723	0.118575739612	0.128614385438	0.123712704867	0.124267879838	0.128655744822	0.135836512159	0.0701342365386	0.0662719189726	0.0729906206539	0.0656953067843	0.0559747058436	0.0638938825052	0.0601840140456	0.0743020096039	0.0670991957896
TARA_032_SRF_0.22-1.6_G.snv.bam	0.026655840626	0.0470381539681	0.0	0.0252814463821	0.0275053848295	0.0572025765318	0.0527564308019	0.0500628461368	0.0561546934056	0.0468156735276	0.0467869794137	0.0463456048939	0.056180453412	0.0448816944191	0.0496937883384	0.0561399162196	0.0627190771943	0.0540963774363	0.0497916127358	0.0514276173163	0.0535514675078	0.0552614693247	0.0584356235576	0.0589498051952	0.0606217682137	0.0556213728886	0.0966636441007	0.0958372749167	0.125337337947	0.0605361427039	0.0580972007616	0.0770077619852	0.0742739737219	0.0746609038859	0.131094622	0.101160546044	0.13458149251	0.121042907697	0.129788409041	0.126059455917	0.127129646901	0.13087275513	0.136676371215	0.0713178311921	0.0616767889532	0.071749577982	0.0579588971758	0.0483228958449	0.0575031583789	0.0577878434913	0.070016245782	0.0660976977657
TARA_033_SRF_0.22-1.6_G.snv.bam	0.0345963753175	0.0534499644361	0.0252814463821	0.0	0.0171664657632	0.0529314701118	0.0502056855638	0.0471298296268	0.0548325557963	0.0428466803553	0.0439098351222	0.0455251071113	0.0580100984234	0.046559449808	0.0515157940536	0.0612059909037	0.068369666867	0.0558197955493	0.047430319878	0.0498720394387	0.050916415286	0.0537979119401	0.061687344454	0.0585192138504	0.0622546729058	0.058120446569	0.0996882426743	0.0973757107682	0.127117823057	0.05965379523	0.0574869014677	0.0778112965195	0.0749731909896	0.0754200919446	0.133220993	0.104652889426	0.136988236953	0.122740683362	0.130537178014	0.127712202474	0.128980316309	0.132610587256	0.137995150118	0.0744072558257	0.0609688396226	0.0755139094444	0.0567417909467	0.0496729044988	0.0609947238645	0.0609768944959	0.0733581288606	0.0705357795492
TARA_034_SRF_0.22-1.6_G.snv.bam	0.036176264375	0.0535420560295	0.0275053848295	0.0171664657632	0.0	0.0540209672641	0.0508891695731	0.0472850754299	0.0535827019111	0.0433403038731	0.0433625894026	0.046462063146	0.0578574614815	0.0479557125985	0.051955497847	0.0605877760704	0.0689786057562	0.0554239385636	0.0471100415328	0.0496258455954	0.0499155938634	0.0532445137132	0.0617790519633	0.0585647512839	0.0612662191252	0.058322640486	0.0996509285774	0.0979356319775	0.126767169016	0.0600423108437	0.0578445263995	0.077646477604	0.0750628353558	0.0749485173417	0.133704637648	0.105413338556	0.136530810784	0.122072892999	0.129949878347	0.127779742737	0.128811120005	0.131991444089	0.137675510799	0.0744327621218	0.0605488467327	0.0750101816306	0.0565355743921	0.049930264362	0.0603810029752	0.0606233750624	0.0719162255012	0.0701149125849
TARA_036_DCM_0.22-1.6_G.snv.bam	0.0599996656971	0.0656228094296	0.0572025765318	0.0529314701118	0.0540209672641	0.0	0.0329787564869	0.0327753336455	0.0394167852139	0.038300189236	0.0397756755409	0.0435613228732	0.0526543104429	0.0467519557003	0.0495542345	0.0589664939479	0.0656431982686	0.0520488276121	0.0514782185989	0.0536903068121	0.0556017587999	0.0582034746957	0.0605907280379	0.0576286362985	0.0645595312963	0.0564969729367	0.101587579569	0.0965930261084	0.122099491369	0.0555490560406	0.0526881994608	0.0715448885548	0.0693742007667	0.0697285477662	0.128358712651	0.102610123127	0.130824761488	0.119151912288	0.12589598465	0.124079970601	0.124051032691	0.128620714641	0.133525029484	0.0742765665494	0.0547830345823	0.069632813832	0.0534497807944	0.0528010854193	0.0622170441714	0.0623086037659	0.0719574661147	0.0677186686207
TARA_036_SRF_0.22-1.6_G.snv.bam	0.0570295958564	0.0619964254073	0.0527564308019	0.0502056855638	0.0508891695731	0.0329787564869	0.0	0.0313409022266	0.039006324845	0.0366411062182	0.0361340341257	0.041026478786	0.0510347694454	0.0447258067214	0.0481112181836	0.0554623834301	0.0601734159335	0.0481758587303	0.0488366315772	0.0508063610052	0.0538847293406	0.0554589807158	0.0596472537802	0.0556744363425	0.0626061581544	0.0529777752369	0.0998699579648	0.0929190433356	0.119666835665	0.0510211407804	0.0489832911003	0.0702100433848	0.0653122188439	0.068022969666	0.127451767086	0.102047352343	0.129614236619	0.116587800965	0.124334608953	0.121744043394	0.121506927924	0.126558181469	0.132483238572	0.0714899283353	0.0535836902827	0.0676940150086	0.0510022940542	0.0494402335659	0.0600841576707	0.0581282140005	0.0696657945413	0.0680151507959
TARA_038_DCM_0.22-1.6_G.snv.bam	0.0530356409429	0.0614102336754	0.0500628461368	0.0471298296268	0.0472850754299	0.0327753336455	0.0313409022266	0.0	0.0349047539647	0.0289821547472	0.0286705886513	0.033389054764	0.0462806266352	0.0392764268857	0.0411902144285	0.051916858833	0.0604163501339	0.0466851885207	0.0427018996697	0.0460429691046	0.0468219484924	0.0496682650458	0.0529876830161	0.052561993187	0.0589214134261	0.0522859228825	0.0968728636198	0.0925163734234	0.117897465498	0.049278058835	0.046429805383	0.0641005895326	0.0625352915923	0.0612685874024	0.123664671648	0.0992314852467	0.127445209025	0.114848473362	0.123188632451	0.120493266752	0.120872516666	0.124789723726	0.129610009296	0.0664243142076	0.0476278825027	0.06397464887	0.0427744314915	0.0460117352098	0.0567325382866	0.056521229605	0.0673294761236	0.063024742499
TARA_038_SRF_0.22-1.6_G.snv.bam	0.0591629141367	0.0647156705035	0.0561546934056	0.0548325557963	0.0535827019111	0.0394167852139	0.039006324845	0.0349047539647	0.0	0.0369797003258	0.0396112219809	0.0409188085435	0.0495810983397	0.0457353246513	0.0463589411535	0.0560278569666	0.0632423893307	0.0521336676114	0.0495324213617	0.0521476556636	0.0517942880007	0.055422273361	0.0582750158526	0.0566977420542	0.0625824563885	0.0554048513399	0.0996940339051	0.095004116772	0.121783074354	0.0546124454278	0.0519435568777	0.070046380074	0.0674009976444	0.0682270558973	0.129079135344	0.101966938633	0.130940867323	0.119180827289	0.126739819745	0.123708173096	0.123545451899	0.128183915231	0.133891083761	0.0714415651563	0.0545411795799	0.0682251783631	0.0507362006786	0.0520778501457	0.0619113637448	0.0599719647397	0.0691478268952	0.0664095526382
TARA_039_DCM_0.22-1.6_G.snv.bam	0.0507998131171	0.0587257917631	0.0468156735276	0.0428466803553	0.0433403038731	0.038300189236	0.0366411062182	0.0289821547472	0.0369797003258	0.0	0.0198034710184	0.0230999663784	0.0424878319691	0.0312779202726	0.0354357410346	0.047366709593	0.0561012020143	0.0413474740525	0.0367119867228	0.0384583788177	0.0398188041429	0.0444117335463	0.0498723230005	0.047616906458	0.0566071572825	0.0470241802971	0.0939925832162	0.0909206089942	0.118721161102	0.0442235648673	0.0412294855535	0.0637972367396	0.0617963141629	0.0610283773539	0.126797280232	0.0974382835766	0.128789734886	0.117185687805	0.124122183975	0.120822646255	0.121101495249	0.125308543642	0.131324308731	0.0659559853221	0.0457611749481	0.0610389872064	0.0382058776013	0.0436099114181	0.0563009781534	0.0553287410202	0.0667400002266	0.064430976832
TARA_041_DCM_0.22-1.6_G.snv.bam	0.0499887035223	0.0589638700729	0.0467869794137	0.0439098351222	0.0433625894026	0.0397756755409	0.0361340341257	0.0286705886513	0.0396112219809	0.0198034710184	0.0	0.0274772928679	0.0452454603048	0.0333702387593	0.038179609604	0.0480273550324	0.0566541100628	0.0440774321884	0.0390131270429	0.0402519929627	0.0424902390005	0.0457887873636	0.0516372686429	0.0486406669108	0.0561929500814	0.0480451217723	0.0945762406826	0.0917956160078	0.119254902097	0.0459181280806	0.0429233562089	0.0653489357492	0.0630340830723	0.0631010843825	0.127180581359	0.0978469768549	0.129718522286	0.116834709233	0.124755090179	0.121709953845	0.121776495994	0.126163168077	0.131851471708	0.0673966717545	0.0469102107176	0.0623686832109	0.0411132455714	0.0433916662356	0.0567737328708	0.0552208365108	0.0659814282675	0.0642144776496
TARA_041_SRF_0.22-1.6_G.snv.bam	0.0487612267484	0.058372931514	0.0463456048939	0.0455251071113	0.046462063146	0.0435613228732	0.041026478786	0.033389054764	0.0409188085435	0.0230999663784	0.0274772928679	0.0	0.0373268710931	0.0251667476377	0.0277640381647	0.0392702044326	0.0516146193129	0.0407198990679	0.0346098951508	0.0364581142019	0.0386079203631	0.0430333037696	0.0438677960622	0.0466101793351	0.0514454364787	0.0472540985124	0.0946476337387	0.0921697600543	0.120188414258	0.0489100421054	0.0459531257919	0.0655858194949	0.0645632243742	0.0633143570383	0.126539387523	0.0974940227756	0.129706334703	0.119273981203	0.12557531739	0.122117523111	0.122007396363	0.126920554537	0.132698075179	0.0625691798301	0.048250905394	0.0620195118949	0.0406557350202	0.0409900851522	0.0534373159465	0.0534261275181	0.0640457278984	0.0611317899295
TARA_042_DCM_0.22-1.6_G.snv.bam	0.0572389833393	0.062727797361	0.056180453412	0.0580100984234	0.0578574614815	0.0526543104429	0.0510347694454	0.0462806266352	0.0495810983397	0.0424878319691	0.0452454603048	0.0373268710931	0.0	0.0377245232497	0.0384618775343	0.0468106823122	0.055717307238	0.0489103221461	0.0469929663743	0.0495240145694	0.0519363002141	0.054847082397	0.0501816187348	0.0544647602789	0.0582538873323	0.0530276920232	0.0978471534237	0.0930112322496	0.122626005986	0.0594194080229	0.0573454286755	0.0723891811568	0.0700750722028	0.0712736792959	0.128890296951	0.100698165147	0.131164536025	0.12114749063	0.127292778154	0.124129024575	0.123375207387	0.128740187993	0.134553545522	0.0669088620968	0.0599740657318	0.0679383847554	0.0521050046766	0.0500045648035	0.0560938988309	0.0576366675074	0.0659476008562	0.0629043317254
TARA_042_SRF_0.22-1.6_G.snv.bam	0.047975403053	0.0555293177193	0.0448816944191	0.046559449808	0.0479557125985	0.0467519557003	0.0447258067214	0.0392764268857	0.0457353246513	0.0312779202726	0.0333702387593	0.0251667476377	0.0377245232497	0.0	0.0284676227082	0.0378275021013	0.0472045582061	0.0408027962004	0.0365411371788	0.0381566048326	0.0413830307427	0.046198579654	0.0438586387417	0.0452135389647	0.0520841943855	0.0444267504783	0.0920580866387	0.0882398796033	0.117762347158	0.0511955272805	0.0477175668478	0.0667138699378	0.064659828648	0.064045857159	0.124420150319	0.094446484542	0.127096742138	0.116106377373	0.121907734815	0.118665478573	0.118386071091	0.124004161525	0.130295603126	0.0604884619041	0.0516941734054	0.0603008580634	0.0446658086687	0.0385509431785	0.0510280059147	0.0496031402083	0.0608525706244	0.0581968414069
TARA_045_SRF_0.22-1.6_G.snv.bam	0.0494455861004	0.057626615926	0.0496937883384	0.0515157940536	0.051955497847	0.0495542345	0.0481112181836	0.0411902144285	0.0463589411535	0.0354357410346	0.038179609604	0.0277640381647	0.0384618775343	0.0284676227082	0.0	0.0343541774598	0.0450495683232	0.0361185645857	0.0366205608318	0.0393015685836	0.0427098816453	0.0475875615785	0.0407511940011	0.0470567206113	0.0509871245597	0.0472656056337	0.0931899786311	0.0890858229757	0.118462093772	0.0523632132517	0.0486119578788	0.0641133911862	0.0647484980231	0.0632480878653	0.123023147855	0.0947078593185	0.127744513846	0.117281340156	0.12381732225	0.119890109359	0.120046850957	0.125079261223	0.129776378539	0.0598178400375	0.0513889210346	0.0597683719334	0.0456164789532	0.0398996088699	0.0502246703147	0.0506397901764	0.0598953469072	0.0575669152111
TARA_048_SRF_0.22-1.6_G.snv.bam	0.0561055162888	0.0574042600603	0.0561399162196	0.0612059909037	0.0605877760704	0.0589664939479	0.0554623834301	0.051916858833	0.0560278569666	0.047366709593	0.0480273550324	0.0392702044326	0.0468106823122	0.0378275021013	0.0343541774598	0.0	0.0383341040004	0.0464078768049	0.0485384196313	0.0502985593455	0.0542106984486	0.0578766065896	0.0406211951366	0.051574866307	0.058055603142	0.0537586720654	0.0925202973201	0.089397605978	0.117819128835	0.060629141072	0.0576338385855	0.0721714351481	0.0706712832972	0.0703625990484	0.123405558228	0.0956355550189	0.12645234615	0.116149827909	0.121998991535	0.11823783368	0.119097416797	0.123253729507	0.129811464594	0.0575617360925	0.0598989634556	0.0618787977445	0.0568640533869	0.0458482289185	0.0536178423297	0.0539989717261	0.0619287525088	0.0593315794118
TARA_052_DCM_0.22-1.6_G.snv.bam	0.0610139875093	0.0606532052743	0.0627190771943	0.068369666867	0.0689786057562	0.0656431982686	0.0601734159335	0.0604163501339	0.0632423893307	0.0561012020143	0.0566541100628	0.0516146193129	0.055717307238	0.0472045582061	0.0450495683232	0.0383341040004	0.0	0.0496332049552	0.0562047749224	0.0565594097602	0.0618413895904	0.0660702364081	0.0470880825419	0.0563641870409	0.0612282138773	0.0539570467592	0.0858034267069	0.0807767207397	0.117679529259	0.0663585462335	0.0640299029326	0.0769826877075	0.0730690093832	0.0752145911839	0.124038564536	0.088695105713	0.126022424049	0.115338055769	0.120713927705	0.117361153369	0.11721049095	0.123356229169	0.130159054039	0.058895135692	0.0669108412582	0.0659006907961	0.0645505611868	0.0512920326504	0.0572039648993	0.0582677047443	0.062088144954	0.0598962465897
TARA_052_SRF_0.22-1.6_G.snv.bam	0.0561217037827	0.0630237102973	0.0540963774363	0.0558197955493	0.0554239385636	0.0520488276121	0.0481758587303	0.0466851885207	0.0521336676114	0.0413474740525	0.0440774321884	0.0407198990679	0.0489103221461	0.0408027962004	0.0361185645857	0.0464078768049	0.0496332049552	0.0	0.0431560981023	0.0488935957636	0.0529786019066	0.0550226113329	0.0533675372055	0.0534708488743	0.0592459033559	0.0446031602301	0.0924129626839	0.0864154256017	0.111181667489	0.0500999244189	0.0480382715211	0.0605727981975	0.0592473454304	0.0593836916205	0.117070551145	0.0959352099286	0.121757930541	0.109603447622	0.115003938364	0.112052621347	0.112072984665	0.117485768339	0.123469760516	0.0646289000429	0.0521153182745	0.0566209765431	0.0527958001734	0.045142397324	0.0548374555993	0.0554925149424	0.0624215520442	0.0611498645035
TARA_056_SRF_0.22-3_G.snv.bam	0.0516336589125	0.060168190111	0.0497916127358	0.047430319878	0.0471100415328	0.0514782185989	0.0488366315772	0.0427018996697	0.0495324213617	0.0367119867228	0.0390131270429	0.0346098951508	0.0469929663743	0.0365411371788	0.0366205608318	0.0485384196313	0.0562047749224	0.0431560981023	0.0	0.0284298489854	0.0298562986954	0.0341603837354	0.0476075914184	0.0434222270629	0.0487026860487	0.049882853769	0.0922350132276	0.0884097708661	0.116876969759	0.0543272063452	0.0511789757665	0.0666669823234	0.0646050099179	0.0646341130236	0.1230135645	0.0954379250297	0.126011576633	0.114280011853	0.122051240772	0.118630676329	0.118152858493	0.12307942476	0.128787969949	0.0628395034048	0.0539966158114	0.0611715926189	0.0465027621973	0.0437775582358	0.054894537762	0.0547609639517	0.065511639591	0.0631330846284
TARA_057_SRF_0.22-3_G.snv.bam	0.0515557615673	0.0611731096977	0.0514276173163	0.0498720394387	0.0496258455954	0.0536903068121	0.0508063610052	0.0460429691046	0.0521476556636	0.0384583788177	0.0402519929627	0.0364581142019	0.0495240145694	0.0381566048326	0.0393015685836	0.0502985593455	0.0565594097602	0.0488935957636	0.0284298489854	0.0	0.0270051448141	0.0308014615835	0.0479257463669	0.0432247262513	0.0490488338842	0.0523403402075	0.0931241413897	0.0901959411548	0.120209357748	0.0585992581282	0.0554363755505	0.0704434686278	0.0683961312014	0.0693597271842	0.126815703908	0.0966164579827	0.129435810941	0.119405073173	0.125248254438	0.121977883429	0.121545806051	0.127117649004	0.133172503007	0.0652688989611	0.0576187948916	0.0644596113389	0.0472666825489	0.0457331031109	0.0571262487155	0.0557155449347	0.0662276672824	0.0646831220887
TARA_058_DCM_0.22-3_G.snv.bam	0.0546495662717	0.0645983097933	0.0535514675078	0.050916415286	0.0499155938634	0.0556017587999	0.0538847293406	0.0468219484924	0.0517942880007	0.0398188041429	0.0424902390005	0.0386079203631	0.0519363002141	0.0413830307427	0.0427098816453	0.0542106984486	0.0618413895904	0.0529786019066	0.0298562986954	0.0270051448141	0.0	0.0247854704015	0.0493373210324	0.044180699396	0.048608981475	0.0555171017087	0.0970495432679	0.0940594124126	0.124076206262	0.0605995579226	0.056821231128	0.0734638173027	0.0717749870814	0.0716331307882	0.129894525053	0.0999065750954	0.133449871353	0.122275104175	0.129513795829	0.126101331079	0.125609020151	0.131037449737	0.136386101595	0.0681913263558	0.0595081389311	0.0680930454916	0.0467964718072	0.0500509177673	0.0599883743087	0.0589918725408	0.0687331633821	0.0663525473414
TARA_062_SRF_0.22-3_G.snv.bam	0.0569531897914	0.0657792756551	0.0552614693247	0.0537979119401	0.0532445137132	0.0582034746957	0.0554589807158	0.0496682650458	0.055422273361	0.0444117335463	0.0457887873636	0.0430333037696	0.054847082397	0.046198579654	0.0475875615785	0.0578766065896	0.0660702364081	0.0550226113329	0.0341603837354	0.0308014615835	0.0247854704015	0.0	0.0531331848981	0.0450329119539	0.0490933759748	0.0587126069015	0.0974796735926	0.0947978467843	0.125709894532	0.0646585713124	0.0609858297087	0.0777405273163	0.0759893232242	0.0759081880475	0.131866398577	0.10183440677	0.135415486933	0.122822352417	0.131258008843	0.128091833052	0.127223754578	0.132831403899	0.138235386925	0.0699409146958	0.0628915367884	0.071275752015	0.0515355805421	0.0528093735838	0.0598806778926	0.0605171646458	0.0701118445315	0.0684198289706
TARA_064_SRF_0.22-3_G.snv.bam	0.0554653645912	0.0619204491592	0.0584356235576	0.061687344454	0.0617790519633	0.0605907280379	0.0596472537802	0.0529876830161	0.0582750158526	0.0498723230005	0.0516372686429	0.0438677960622	0.0501816187348	0.0438586387417	0.0407511940011	0.0406211951366	0.0470880825419	0.0533675372055	0.0476075914184	0.0479257463669	0.0493373210324	0.0531331848981	0.0	0.0501563510144	0.0559406531169	0.0563611535757	0.0875542369944	0.086181403702	0.119443753601	0.0650174114498	0.0622239297908	0.074238458128	0.0718037656883	0.0721622027112	0.123544706302	0.0913360497135	0.127426650795	0.117628108734	0.124073494904	0.120574654308	0.12102567196	0.126459161112	0.131868615575	0.0585584747981	0.0635224689654	0.0659907917041	0.056450982833	0.0498991821293	0.0542704832658	0.0552547264571	0.0607652885322	0.0585198920935
TARA_065_DCM_0.22-3_G.snv.bam	0.0591248953651	0.062805283973	0.0589498051952	0.0585192138504	0.0585647512839	0.0576286362985	0.0556744363425	0.052561993187	0.0566977420542	0.047616906458	0.0486406669108	0.0466101793351	0.0544647602789	0.0452135389647	0.0470567206113	0.051574866307	0.0563641870409	0.0534708488743	0.0434222270629	0.0432247262513	0.044180699396	0.0450329119539	0.0501563510144	0.0	0.0549426987664	0.0563710193903	0.0938026994718	0.090879860513	0.124545704259	0.0628739816316	0.0596068427973	0.0778934936342	0.0736901233369	0.0759934689606	0.129994417143	0.0989235655591	0.134888016678	0.122248659602	0.129750528604	0.126841971288	0.12585925831	0.131627568163	0.138067060264	0.0674574565079	0.0629094140958	0.0694601093875	0.0543255378459	0.0500975510431	0.0595510094348	0.0582313606913	0.0675290377992	0.0649359648066
TARA_065_SRF_0.22-3_G.snv.bam	0.0611485855885	0.0691129786657	0.0606217682137	0.0622546729058	0.0612662191252	0.0645595312963	0.0626061581544	0.0589214134261	0.0625824563885	0.0566071572825	0.0561929500814	0.0514454364787	0.0582538873323	0.0520841943855	0.0509871245597	0.058055603142	0.0612282138773	0.0592459033559	0.0487026860487	0.0490488338842	0.048608981475	0.0490933759748	0.0559406531169	0.0549426987664	0.0	0.0614300660401	0.0966457152644	0.0966812950015	0.125065019714	0.0733798132089	0.0695884990449	0.0826872804399	0.0788881975078	0.0805226567526	0.129446790754	0.102526857752	0.133939348506	0.122294225649	0.129323954115	0.127962742037	0.124517805153	0.130978021192	0.137681275305	0.0716736612613	0.0724471786628	0.0737367093548	0.0631004141956	0.0561979665874	0.0630969332078	0.0621921673509	0.0693302313363	0.0670469342983
TARA_072_SRF_0.22-3_G.snv.bam	0.0565331905544	0.0599113350897	0.0556213728886	0.058120446569	0.058322640486	0.0564969729367	0.0529777752369	0.0522859228825	0.0554048513399	0.0470241802971	0.0480451217723	0.0472540985124	0.0530276920232	0.0444267504783	0.0472656056337	0.0537586720654	0.0539570467592	0.0446031602301	0.049882853769	0.0523403402075	0.0555171017087	0.0587126069015	0.0563611535757	0.0563710193903	0.0614300660401	0.0	0.0908287847888	0.0879161662435	0.11625910433	0.0557604349416	0.0548653733582	0.0720200284193	0.0668582264214	0.0699213554954	0.123605819277	0.0939104618336	0.125340431429	0.113340141925	0.120966921559	0.117421914075	0.117049636559	0.122102149688	0.127859560839	0.0640783419028	0.0583719668964	0.0656732839479	0.0584932771353	0.0463607649821	0.0544460906707	0.0528441846366	0.0642237880886	0.0608850272596
TARA_098_SRF_0.22-3_G.snv.bam	0.0934250474143	0.0928405772511	0.0966636441007	0.0996882426743	0.0996509285774	0.101587579569	0.0998699579648	0.0968728636198	0.0996940339051	0.0939925832162	0.0945762406826	0.0946476337387	0.0978471534237	0.0920580866387	0.0931899786311	0.0925202973201	0.0858034267069	0.0924129626839	0.0922350132276	0.0931241413897	0.0970495432679	0.0974796735926	0.0875542369944	0.0938026994718	0.0966457152644	0.0908287847888	0.0	0.039537971223	0.108977963631	0.0952177640152	0.0943270356212	0.0980717281683	0.0942254778528	0.0982152703327	0.110357628207	0.0515449759377	0.112650566742	0.105090606745	0.111254663583	0.107378260113	0.105489623937	0.114090105823	0.120172283922	0.0687029756944	0.0977114114981	0.0885806466117	0.0982224011044	0.0895509948864	0.0886417950574	0.0887862673735	0.0895838489033	0.0843615959026
TARA_099_SRF_0.22-3_G.snv.bam	0.0942543190903	0.0907046618768	0.0958372749167	0.0973757107682	0.0979356319775	0.0965930261084	0.0929190433356	0.0925163734234	0.095004116772	0.0909206089942	0.0917956160078	0.0921697600543	0.0930112322496	0.0882398796033	0.0890858229757	0.089397605978	0.0807767207397	0.0864154256017	0.0884097708661	0.0901959411548	0.0940594124126	0.0947978467843	0.086181403702	0.090879860513	0.0966812950015	0.0879161662435	0.039537971223	0.0	0.101843591144	0.0893615630656	0.0888019603059	0.0886148095339	0.0867194527563	0.0893843588508	0.102937803702	0.0478700166785	0.103186028172	0.0949915841941	0.10200575735	0.0964239949929	0.0953503880887	0.102787357063	0.109287165138	0.0678128366895	0.0927287726531	0.081799743524	0.093339906377	0.0865949282185	0.0821357886947	0.0836101419686	0.0859325587792	0.0812516275045
TARA_100_SRF_0.22-3_G.snv.bam	0.12642572749	0.124168462582	0.125337337947	0.127117823057	0.126767169016	0.122099491369	0.119666835665	0.117897465498	0.121783074354	0.118721161102	0.119254902097	0.120188414258	0.122626005986	0.117762347158	0.118462093772	0.117819128835	0.117679529259	0.111181667489	0.116876969759	0.120209357748	0.124076206262	0.125709894532	0.119443753601	0.124545704259	0.125065019714	0.11625910433	0.108977963631	0.101843591144	0.0	0.112253294798	0.113844406939	0.0893513656165	0.0927673499577	0.0908012028899	0.0381451339158	0.110927797157	0.0403889895156	0.0378010060213	0.0379736541701	0.035907149348	0.0381816296329	0.0362218482331	0.0417538762472	0.103498793623	0.116020286615	0.0889513703323	0.12072253702	0.116299996754	0.118427482651	0.119078623675	0.116772647953	0.117189691723
TARA_109_DCM_0.22-3_G.snv.bam	0.0649087738757	0.0658609093253	0.0605361427039	0.05965379523	0.0600423108437	0.0555490560406	0.0510211407804	0.049278058835	0.0546124454278	0.0442235648673	0.0459181280806	0.0489100421054	0.0594194080229	0.0511955272805	0.0523632132517	0.060629141072	0.0663585462335	0.0500999244189	0.0543272063452	0.0585992581282	0.0605995579226	0.0646585713124	0.0650174114498	0.0628739816316	0.0733798132089	0.0557604349416	0.0952177640152	0.0893615630656	0.112253294798	0.0	0.0170232146003	0.0405244114012	0.0424249086306	0.0365419255945	0.119768148454	0.0978118037351	0.121158221616	0.107537681715	0.116664941694	0.114028083156	0.113829105686	0.117117990356	0.12274754841	0.0704284710518	0.0234943285715	0.051048999719	0.0423981874672	0.0531752397474	0.0625835510049	0.0616046601838	0.0716348496748	0.0711639030924
TARA_109_SRF_0.22-3_G.snv.bam	0.0622302913981	0.0634651808255	0.0580972007616	0.0574869014677	0.0578445263995	0.0526881994608	0.0489832911003	0.046429805383	0.0519435568777	0.0412294855535	0.0429233562089	0.0459531257919	0.0573454286755	0.0477175668478	0.0486119578788	0.0576338385855	0.0640299029326	0.0480382715211	0.0511789757665	0.0554363755505	0.056821231128	0.0609858297087	0.0622239297908	0.0596068427973	0.0695884990449	0.0548653733582	0.0943270356212	0.0888019603059	0.113844406939	0.0170232146003	0.0	0.0426660731322	0.0448372626548	0.0392334314218	0.121390233945	0.0970001949237	0.123115276987	0.109567919617	0.118163062611	0.115322167953	0.115556472594	0.119033283148	0.124905790718	0.0689108526292	0.0214324867107	0.0500836265457	0.0413419599011	0.0508451133571	0.0607584697048	0.0598217209496	0.0702939765865	0.0694913317605
TARA_110_DCM_0.22-3_G.snv.bam	0.0787527180268	0.0811595666999	0.0770077619852	0.0778112965195	0.077646477604	0.0715448885548	0.0702100433848	0.0641005895326	0.070046380074	0.0637972367396	0.0653489357492	0.0655858194949	0.0723891811568	0.0667138699378	0.0641133911862	0.0721714351481	0.0769826877075	0.0605727981975	0.0666669823234	0.0704434686278	0.0734638173027	0.0777405273163	0.074238458128	0.0778934936342	0.0826872804399	0.0720200284193	0.0980717281683	0.0886148095339	0.0893513656165	0.0405244114012	0.0426660731322	0.0	0.0360067275763	0.0225216029199	0.0932070899881	0.0960838087206	0.0935204719432	0.0848450952528	0.0915525544323	0.0895608441246	0.0901121894358	0.0918236286608	0.0958620089769	0.0733911323252	0.0418868095573	0.0434412630792	0.0597271731073	0.0683962239162	0.0744667104153	0.0749572321903	0.0779529427243	0.0772308771336
TARA_110_MES_0.22-3_G.snv.bam	0.0764995401294	0.0756663334263	0.0742739737219	0.0749731909896	0.0750628353558	0.0693742007667	0.0653122188439	0.0625352915923	0.0674009976444	0.0617963141629	0.0630340830723	0.0645632243742	0.0700750722028	0.064659828648	0.0647484980231	0.0706712832972	0.0730690093832	0.0592473454304	0.0646050099179	0.0683961312014	0.0717749870814	0.0759893232242	0.0718037656883	0.0736901233369	0.0788881975078	0.0668582264214	0.0942254778528	0.0867194527563	0.0927673499577	0.0424249086306	0.0448372626548	0.0360067275763	0.0	0.034837994854	0.0984377073628	0.0938259301214	0.0986766050823	0.0867407599721	0.0956922226143	0.093035074777	0.092791298793	0.0959372803772	0.101232473195	0.0712123549006	0.0456275764725	0.0455596476442	0.0600254131893	0.0646750659179	0.07181194144	0.0697032977966	0.0769309661624	0.0723511540931
TARA_110_SRF_0.22-3_G.snv.bam	0.0761693231896	0.0779355345865	0.0746609038859	0.0754200919446	0.0749485173417	0.0697285477662	0.068022969666	0.0612685874024	0.0682270558973	0.0610283773539	0.0631010843825	0.0633143570383	0.0712736792959	0.064045857159	0.0632480878653	0.0703625990484	0.0752145911839	0.0593836916205	0.0646341130236	0.0693597271842	0.0716331307882	0.0759081880475	0.0721622027112	0.0759934689606	0.0805226567526	0.0699213554954	0.0982152703327	0.0893843588508	0.0908012028899	0.0365419255945	0.0392334314218	0.0225216029199	0.034837994854	0.0	0.0950119696298	0.096552299768	0.096466028002	0.0870829593942	0.095083112166	0.0919719133731	0.0914537183022	0.0946783965471	0.0984585433541	0.0726902804926	0.0392360780266	0.0431655830703	0.0568159060159	0.066345183114	0.0736815456006	0.0733571261355	0.0775414679283	0.0756970460815
TARA_111_SRF_0.22-3_G.snv.bam	0.130843763694	0.130448024276	0.131094622	0.133220993	0.133704637648	0.128358712651	0.127451767086	0.123664671648	0.129079135344	0.126797280232	0.127180581359	0.126539387523	0.128890296951	0.124420150319	0.123023147855	0.123405558228	0.124038564536	0.117070551145	0.1230135645	0.126815703908	0.129894525053	0.131866398577	0.123544706302	0.129994417143	0.129446790754	0.123605819277	0.110357628207	0.102937803702	0.0381451339158	0.119768148454	0.121390233945	0.0932070899881	0.0984377073628	0.0950119696298	0.0	0.110797935074	0.0397514053616	0.0416491643298	0.041084352492	0.0425526979967	0.0404850269426	0.0470097695814	0.0453148661161	0.105796903606	0.122420711777	0.0961773610834	0.128820811861	0.121685638506	0.122480047409	0.124570522806	0.120811830084	0.119336751953
TARA_112_SRF_0.22-3_G.snv.bam	0.0994321995724	0.0992734445155	0.101160546044	0.104652889426	0.105413338556	0.102610123127	0.102047352343	0.0992314852467	0.101966938633	0.0974382835766	0.0978469768549	0.0974940227756	0.100698165147	0.094446484542	0.0947078593185	0.0956355550189	0.088695105713	0.0959352099286	0.0954379250297	0.0966164579827	0.0999065750954	0.10183440677	0.0913360497135	0.0989235655591	0.102526857752	0.0939104618336	0.0515449759377	0.0478700166785	0.110927797157	0.0978118037351	0.0970001949237	0.0960838087206	0.0938259301214	0.096552299768	0.110797935074	0.0	0.111837924808	0.106464475949	0.114365907922	0.107953282744	0.107535684588	0.114055600556	0.117212853835	0.0692395437272	0.0980743739677	0.0896500896036	0.100055997151	0.0919051090887	0.0881357814014	0.0880559037167	0.0880461373143	0.082340940207
TARA_122_SRF_0.22-3_G.snv.bam	0.134279196386	0.13227290723	0.13458149251	0.136988236953	0.136530810784	0.130824761488	0.129614236619	0.127445209025	0.130940867323	0.128789734886	0.129718522286	0.129706334703	0.131164536025	0.127096742138	0.127744513846	0.12645234615	0.126022424049	0.121757930541	0.126011576633	0.129435810941	0.133449871353	0.135415486933	0.127426650795	0.134888016678	0.133939348506	0.125340431429	0.112650566742	0.103186028172	0.0403889895156	0.121158221616	0.123115276987	0.0935204719432	0.0986766050823	0.096466028002	0.0397514053616	0.111837924808	0.0	0.0362972269278	0.0337539464288	0.0322997464813	0.0350491331114	0.0324518026317	0.0315189278876	0.111303714054	0.123787742894	0.0965950519796	0.130960628964	0.12601411125	0.126513518374	0.127641815887	0.124558087951	0.124046462632
TARA_123_SRF_0.22-3_G.snv.bam	0.122557981748	0.118575739612	0.121042907697	0.122740683362	0.122072892999	0.119151912288	0.116587800965	0.114848473362	0.119180827289	0.117185687805	0.116834709233	0.119273981203	0.12114749063	0.116106377373	0.117281340156	0.116149827909	0.115338055769	0.109603447622	0.114280011853	0.119405073173	0.122275104175	0.122822352417	0.117628108734	0.122248659602	0.122294225649	0.113340141925	0.105090606745	0.0949915841941	0.0378010060213	0.107537681715	0.109567919617	0.0848450952528	0.0867407599721	0.0870829593942	0.0416491643298	0.106464475949	0.0362972269278	0.0	0.0377275599116	0.0303541832346	0.035205398611	0.0343110517414	0.0370025906074	0.100587959647	0.112184144254	0.083890014597	0.119851058709	0.113215779842	0.115182499991	0.114785151911	0.114276691035	0.113463753514
TARA_124_MIX_0.22-3_G.snv.bam	0.129538766992	0.128614385438	0.129788409041	0.130537178014	0.129949878347	0.12589598465	0.124334608953	0.123188632451	0.126739819745	0.124122183975	0.124755090179	0.12557531739	0.127292778154	0.121907734815	0.12381732225	0.121998991535	0.120713927705	0.115003938364	0.122051240772	0.125248254438	0.129513795829	0.131258008843	0.124073494904	0.129750528604	0.129323954115	0.120966921559	0.111254663583	0.10200575735	0.0379736541701	0.116664941694	0.118163062611	0.0915525544323	0.0956922226143	0.095083112166	0.041084352492	0.114365907922	0.0337539464288	0.0377275599116	0.0	0.0311251876804	0.0337667364093	0.0341481719583	0.0362204869585	0.110210634882	0.120788736285	0.0928240307628	0.126862597751	0.119286841715	0.122417693366	0.121619321152	0.121047028378	0.12159827792
TARA_124_SRF_0.22-3_G.snv.bam	0.12562736899	0.123712704867	0.126059455917	0.127712202474	0.127779742737	0.124079970601	0.121744043394	0.120493266752	0.123708173096	0.120822646255	0.121709953845	0.122117523111	0.124129024575	0.118665478573	0.119890109359	0.11823783368	0.117361153369	0.112052621347	0.118630676329	0.121977883429	0.126101331079	0.128091833052	0.120574654308	0.126841971288	0.127962742037	0.117421914075	0.107378260113	0.0964239949929	0.035907149348	0.114028083156	0.115322167953	0.0895608441246	0.093035074777	0.0919719133731	0.0425526979967	0.107953282744	0.0322997464813	0.0303541832346	0.0311251876804	0.0	0.028506746659	0.0314635399043	0.0337043764177	0.105559340077	0.117255825149	0.0894021150317	0.123966545562	0.117195934968	0.119301035852	0.119016754943	0.117631646603	0.118436569416
TARA_125_SRF_0.22-3_G.snv.bam	0.126912466294	0.124267879838	0.127129646901	0.128980316309	0.128811120005	0.124051032691	0.121506927924	0.120872516666	0.123545451899	0.121101495249	0.121776495994	0.122007396363	0.123375207387	0.118386071091	0.120046850957	0.119097416797	0.11721049095	0.112072984665	0.118152858493	0.121545806051	0.125609020151	0.127223754578	0.12102567196	0.12585925831	0.124517805153	0.117049636559	0.105489623937	0.0953503880887	0.0381816296329	0.113829105686	0.115556472594	0.0901121894358	0.092791298793	0.0914537183022	0.0404850269426	0.107535684588	0.0350491331114	0.035205398611	0.0337667364093	0.028506746659	0.0	0.0355773712566	0.0396637565082	0.104916259822	0.118660126889	0.0891559048917	0.123387107321	0.117958621069	0.118756717655	0.119297318771	0.117790805304	0.118443623594
TARA_128_DCM_0.22-3_G.snv.bam	0.130773405415	0.128655744822	0.13087275513	0.132610587256	0.131991444089	0.128620714641	0.126558181469	0.124789723726	0.128183915231	0.125308543642	0.126163168077	0.126920554537	0.128740187993	0.124004161525	0.125079261223	0.123253729507	0.123356229169	0.117485768339	0.12307942476	0.127117649004	0.131037449737	0.132831403899	0.126459161112	0.131627568163	0.130978021192	0.122102149688	0.114090105823	0.102787357063	0.0362218482331	0.117117990356	0.119033283148	0.0918236286608	0.0959372803772	0.0946783965471	0.0470097695814	0.114055600556	0.0324518026317	0.0343110517414	0.0341481719583	0.0314635399043	0.0355773712566	0.0	0.0284077219612	0.11019007983	0.1212998107	0.093362739023	0.128777742504	0.122936072079	0.123642120023	0.124289299311	0.123281676352	0.123023017338
TARA_128_SRF_0.22-3_G.snv.bam	0.136644893808	0.135836512159	0.136676371215	0.137995150118	0.137675510799	0.133525029484	0.132483238572	0.129610009296	0.133891083761	0.131324308731	0.131851471708	0.132698075179	0.134553545522	0.130295603126	0.129776378539	0.129811464594	0.130159054039	0.123469760516	0.128787969949	0.133172503007	0.136386101595	0.138235386925	0.131868615575	0.138067060264	0.137681275305	0.127859560839	0.120172283922	0.109287165138	0.0417538762472	0.12274754841	0.124905790718	0.0958620089769	0.101232473195	0.0984585433541	0.0453148661161	0.117212853835	0.0315189278876	0.0370025906074	0.0362204869585	0.0337043764177	0.0396637565082	0.0284077219612	0.0	0.115040798945	0.125603366401	0.0993482112942	0.133738658711	0.128225397471	0.129899699472	0.130844943705	0.128523623313	0.127337527824
TARA_132_SRF_0.22-3_G.snv.bam	0.0671246787662	0.0701342365386	0.0713178311921	0.0744072558257	0.0744327621218	0.0742765665494	0.0714899283353	0.0664243142076	0.0714415651563	0.0659559853221	0.0673966717545	0.0625691798301	0.0669088620968	0.0604884619041	0.0598178400375	0.0575617360925	0.058895135692	0.0646289000429	0.0628395034048	0.0652688989611	0.0681913263558	0.0699409146958	0.0585584747981	0.0674574565079	0.0716736612613	0.0640783419028	0.0687029756944	0.0678128366895	0.103498793623	0.0704284710518	0.0689108526292	0.0733911323252	0.0712123549006	0.0726902804926	0.105796903606	0.0692395437272	0.111303714054	0.100587959647	0.110210634882	0.105559340077	0.104916259822	0.11019007983	0.115040798945	0.0	0.0709932150667	0.0648710637543	0.0705080490837	0.0580416045871	0.0608618831623	0.0616353902048	0.0640654775303	0.0568411729684
TARA_137_SRF_0.22-3_G.snv.bam	0.0648426444625	0.0662719189726	0.0616767889532	0.0609688396226	0.0605488467327	0.0547830345823	0.0535836902827	0.0476278825027	0.0545411795799	0.0457611749481	0.0469102107176	0.048250905394	0.0599740657318	0.0516941734054	0.0513889210346	0.0598989634556	0.0669108412582	0.0521153182745	0.0539966158114	0.0576187948916	0.0595081389311	0.0628915367884	0.0635224689654	0.0629094140958	0.0724471786628	0.0583719668964	0.0977114114981	0.0927287726531	0.116020286615	0.0234943285715	0.0214324867107	0.0418868095573	0.0456275764725	0.0392360780266	0.122420711777	0.0980743739677	0.123787742894	0.112184144254	0.120788736285	0.117255825149	0.118660126889	0.1212998107	0.125603366401	0.0709932150667	0.0	0.0526159683187	0.0450542099594	0.0539921521727	0.063937950075	0.063009000067	0.0716030339191	0.0705436706954
TARA_138_SRF_0.22-3_G.snv.bam	0.0729319961333	0.0729906206539	0.071749577982	0.0755139094444	0.0750101816306	0.069632813832	0.0676940150086	0.06397464887	0.0682251783631	0.0610389872064	0.0623686832109	0.0620195118949	0.0679383847554	0.0603008580634	0.0597683719334	0.0618787977445	0.0659006907961	0.0566209765431	0.0611715926189	0.0644596113389	0.0680930454916	0.071275752015	0.0659907917041	0.0694601093875	0.0737367093548	0.0656732839479	0.0885806466117	0.081799743524	0.0889513703323	0.051048999719	0.0500836265457	0.0434412630792	0.0455596476442	0.0431655830703	0.0961773610834	0.0896500896036	0.0965950519796	0.083890014597	0.0928240307628	0.0894021150317	0.0891559048917	0.093362739023	0.0993482112942	0.0648710637543	0.0526159683187	0.0	0.0631756000581	0.0618690386888	0.0669620899252	0.0665395037457	0.071081876279	0.0701187048993
