	TARA_031_SRF_0.22-1.6_G.snv.bam	TARA_032_SRF_0.22-1.6_G.snv.bam	TARA_033_SRF_0.22-1.6_G.snv.bam	TARA_041_SRF_0.22-1.6_G.snv.bam	TARA_042_SRF_0.22-1.6_G.snv.bam	TARA_056_SRF_0.22-3_G.snv.bam	TARA_140_SRF_0.22-3_G.snv.bam	TARA_141_SRF_0.22-3_G.snv.bam	TARA_142_SRF_0.22-3_G.snv.bam	TARA_146_SRF_0.22-3_G.snv.bam	TARA_148_SRF_0.22-3_G.snv.bam
TARA_031_SRF_0.22-1.6_G.snv.bam	0.0	0.0519934602804	0.0932543662228	0.119951214804	0.114160172029	0.12392009802	0.193732041105	0.0984813488462	0.0929991322879	0.090749085159	0.0928995811474
TARA_032_SRF_0.22-1.6_G.snv.bam	0.0519934602804	0.0	0.0782817728488	0.107710054768	0.106029672378	0.114762366237	0.187021743274	0.0896936634968	0.08489042378	0.0843703695083	0.0885339458002
TARA_033_SRF_0.22-1.6_G.snv.bam	0.0932543662228	0.0782817728488	0.0	0.111560134042	0.113893789718	0.126315381518	0.156865321809	0.112490741593	0.10663638345	0.108562439362	0.113365298584
TARA_041_SRF_0.22-1.6_G.snv.bam	0.119951214804	0.107710054768	0.111560134042	0.0	0.0615604031101	0.078944742868	0.180817059013	0.114992087377	0.104213891347	0.109453191063	0.113240292912
TARA_042_SRF_0.22-1.6_G.snv.bam	0.114160172029	0.106029672378	0.113893789718	0.0615604031101	0.0	0.0607788973649	0.192310526461	0.106690197716	0.0949176746672	0.104330473104	0.105884042799
TARA_056_SRF_0.22-3_G.snv.bam	0.12392009802	0.114762366237	0.126315381518	0.078944742868	0.0607788973649	0.0	0.214164796063	0.119880386573	0.105428183941	0.112091039819	0.113635852522
TARA_140_SRF_0.22-3_G.snv.bam	0.193732041105	0.187021743274	0.156865321809	0.180817059013	0.192310526461	0.214164796063	0.0	0.200516724813	0.198988833781	0.201499022201	0.203671358631
TARA_141_SRF_0.22-3_G.snv.bam	0.0984813488462	0.0896936634968	0.112490741593	0.114992087377	0.106690197716	0.119880386573	0.200516724813	0.0	0.0567678014412	0.0599344970723	0.0630056235817
TARA_142_SRF_0.22-3_G.snv.bam	0.0929991322879	0.08489042378	0.10663638345	0.104213891347	0.0949176746672	0.105428183941	0.198988833781	0.0567678014412	0.0	0.0555720437636	0.057072312398
TARA_146_SRF_0.22-3_G.snv.bam	0.090749085159	0.0843703695083	0.108562439362	0.109453191063	0.104330473104	0.112091039819	0.201499022201	0.0599344970723	0.0555720437636	0.0	0.0441193993022
TARA_148_SRF_0.22-3_G.snv.bam	0.0928995811474	0.0885339458002	0.113365298584	0.113240292912	0.105884042799	0.113635852522	0.203671358631	0.0630056235817	0.057072312398	0.0441193993022	0.0
