	TARA_031_SRF_0.22-1.6_G.snv.bam	TARA_032_SRF_0.22-1.6_G.snv.bam	TARA_041_SRF_0.22-1.6_G.snv.bam	TARA_042_SRF_0.22-1.6_G.snv.bam	TARA_045_SRF_0.22-1.6_G.snv.bam	TARA_048_SRF_0.22-1.6_G.snv.bam	TARA_052_DCM_0.22-1.6_G.snv.bam	TARA_052_SRF_0.22-1.6_G.snv.bam	TARA_072_SRF_0.22-3_G.snv.bam	TARA_132_SRF_0.22-3_G.snv.bam	TARA_138_SRF_0.22-3_G.snv.bam
TARA_031_SRF_0.22-1.6_G.snv.bam	0.0	0.0	0.0453172205438	0.0468277945619	0.02416918429	0.0211480362538	0.0271903323263	0.0317220543807	0.036253776435	0.104229607251	0.0936555891239
TARA_032_SRF_0.22-1.6_G.snv.bam	0.0	0.0	0.0453172205438	0.0513595166163	0.0271903323263	0.02416918429	0.0317220543807	0.0317220543807	0.0347432024169	0.105740181269	0.0921450151057
TARA_041_SRF_0.22-1.6_G.snv.bam	0.0453172205438	0.0453172205438	0.0	0.0	0.00302114803625	0.00604229607251	0.0135951661631	0.0317220543807	0.0347432024169	0.0755287009063	0.095166163142
TARA_042_SRF_0.22-1.6_G.snv.bam	0.0468277945619	0.0513595166163	0.0	0.0	0.00151057401813	0.0	0.0105740181269	0.0271903323263	0.0256797583082	0.0876132930514	0.107250755287
TARA_045_SRF_0.22-1.6_G.snv.bam	0.02416918429	0.0271903323263	0.00302114803625	0.00151057401813	0.0	0.0	0.0	0.0	0.0	0.0543806646526	0.0679758308157
TARA_048_SRF_0.22-1.6_G.snv.bam	0.0211480362538	0.02416918429	0.00604229607251	0.0	0.0	0.0	0.0	0.0	0.00302114803625	0.0543806646526	0.0634441087613
TARA_052_DCM_0.22-1.6_G.snv.bam	0.0271903323263	0.0317220543807	0.0135951661631	0.0105740181269	0.0	0.0	0.0	0.00151057401813	0.00906344410876	0.0543806646526	0.0604229607251
TARA_052_SRF_0.22-1.6_G.snv.bam	0.0317220543807	0.0317220543807	0.0317220543807	0.0271903323263	0.0	0.0	0.00151057401813	0.0	0.00151057401813	0.0725075528701	0.0740181268882
TARA_072_SRF_0.22-3_G.snv.bam	0.036253776435	0.0347432024169	0.0347432024169	0.0256797583082	0.0	0.00302114803625	0.00906344410876	0.00151057401813	0.0	0.0725075528701	0.0891238670695
TARA_132_SRF_0.22-3_G.snv.bam	0.104229607251	0.105740181269	0.0755287009063	0.0876132930514	0.0543806646526	0.0543806646526	0.0543806646526	0.0725075528701	0.0725075528701	0.0	0.123867069486
TARA_138_SRF_0.22-3_G.snv.bam	0.0936555891239	0.0921450151057	0.095166163142	0.107250755287	0.0679758308157	0.0634441087613	0.0604229607251	0.0740181268882	0.0891238670695	0.123867069486	0.0
