	TARA_004_SRF_0.22-1.6_G.snv.bam	TARA_007_SRF_0.22-1.6_G.snv.bam	TARA_009_SRF_0.22-1.6_G.snv.bam	TARA_018_DCM_0.22-1.6_G.snv.bam	TARA_018_SRF_0.22-1.6_G.snv.bam	TARA_023_DCM_0.22-1.6_G.snv.bam	TARA_023_SRF_0.22-1.6_G.snv.bam	TARA_025_DCM_0.22-1.6_G.snv.bam	TARA_025_SRF_0.22-1.6_G.snv.bam	TARA_094_SRF_0.22-3_G.snv.bam
TARA_004_SRF_0.22-1.6_G.snv.bam	0.0	0.0988369755105	0.110528674588	0.11876411937	0.116774193721	0.129372323556	0.131042070404	0.137653302706	0.126849479574	0.324676642473
TARA_007_SRF_0.22-1.6_G.snv.bam	0.0988369755105	0.0	0.0377560415846	0.0735294726104	0.0753276008579	0.0837096722527	0.0818478120731	0.0938994919438	0.0753758542778	0.338149020025
TARA_009_SRF_0.22-1.6_G.snv.bam	0.110528674588	0.0377560415846	0.0	0.0674880644872	0.0713329015166	0.0845163535065	0.0820848604946	0.0959823985272	0.0792659284596	0.339125206219
TARA_018_DCM_0.22-1.6_G.snv.bam	0.11876411937	0.0735294726104	0.0674880644872	0.0	0.0384185818341	0.0826296723942	0.0931711576961	0.0682210106416	0.0850970959466	0.309560373602
TARA_018_SRF_0.22-1.6_G.snv.bam	0.116774193721	0.0753276008579	0.0713329015166	0.0384185818341	0.0	0.0799886528332	0.0954632085969	0.0671348072671	0.0895685644767	0.311959967684
TARA_023_DCM_0.22-1.6_G.snv.bam	0.129372323556	0.0837096722527	0.0845163535065	0.0826296723942	0.0799886528332	0.0	0.0452420444525	0.0617810946529	0.0497494141281	0.327924187164
TARA_023_SRF_0.22-1.6_G.snv.bam	0.131042070404	0.0818478120731	0.0820848604946	0.0931711576961	0.0954632085969	0.0452420444525	0.0	0.0760744334561	0.0361273054779	0.336867109534
TARA_025_DCM_0.22-1.6_G.snv.bam	0.137653302706	0.0938994919438	0.0959823985272	0.0682210106416	0.0671348072671	0.0617810946529	0.0760744334561	0.0	0.0697057723001	0.303042962204
TARA_025_SRF_0.22-1.6_G.snv.bam	0.126849479574	0.0753758542778	0.0792659284596	0.0850970959466	0.0895685644767	0.0497494141281	0.0361273054779	0.0697057723001	0.0	0.326537077714
TARA_094_SRF_0.22-3_G.snv.bam	0.324676642473	0.338149020025	0.339125206219	0.309560373602	0.311959967684	0.327924187164	0.336867109534	0.303042962204	0.326537077714	0.0
