	TARA_052_SRF_0.22-1.6_G.snv.bam	TARA_100_SRF_0.22-3_G.snv.bam	TARA_109_DCM_0.22-3_G.snv.bam	TARA_109_SRF_0.22-3_G.snv.bam	TARA_110_DCM_0.22-3_G.snv.bam	TARA_122_SRF_0.22-3_G.snv.bam	TARA_125_SRF_0.22-3_G.snv.bam	TARA_128_DCM_0.22-3_G.snv.bam	TARA_128_SRF_0.22-3_G.snv.bam	TARA_137_SRF_0.22-3_G.snv.bam
TARA_052_SRF_0.22-1.6_G.snv.bam	0.0	0.0517543859649	0.000877192982456	0.00175438596491	0.0166666666667	0.00175438596491	0.00438596491228	0.00438596491228	0.00263157894737	0.00350877192982
TARA_100_SRF_0.22-3_G.snv.bam	0.0517543859649	0.0	0.0578947368421	0.0605263157895	0.0526315789474	0.0491228070175	0.0526315789474	0.0517543859649	0.0535087719298	0.0631578947368
TARA_109_DCM_0.22-3_G.snv.bam	0.000877192982456	0.0578947368421	0.0	0.00175438596491	0.0140350877193	0.00789473684211	0.0114035087719	0.00789473684211	0.00789473684211	0.0
TARA_109_SRF_0.22-3_G.snv.bam	0.00175438596491	0.0605263157895	0.00175438596491	0.0	0.0140350877193	0.0131578947368	0.0184210526316	0.0122807017544	0.0114035087719	0.0
TARA_110_DCM_0.22-3_G.snv.bam	0.0166666666667	0.0526315789474	0.0140350877193	0.0140350877193	0.0	0.0254385964912	0.0263157894737	0.0271929824561	0.0236842105263	0.0175438596491
TARA_122_SRF_0.22-3_G.snv.bam	0.00175438596491	0.0491228070175	0.00789473684211	0.0131578947368	0.0254385964912	0.0	0.0	0.0	0.0	0.0114035087719
TARA_125_SRF_0.22-3_G.snv.bam	0.00438596491228	0.0526315789474	0.0114035087719	0.0184210526316	0.0263157894737	0.0	0.0	0.000877192982456	0.0	0.0149122807018
TARA_128_DCM_0.22-3_G.snv.bam	0.00438596491228	0.0517543859649	0.00789473684211	0.0122807017544	0.0271929824561	0.0	0.000877192982456	0.0	0.0	0.0122807017544
TARA_128_SRF_0.22-3_G.snv.bam	0.00263157894737	0.0535087719298	0.00789473684211	0.0114035087719	0.0236842105263	0.0	0.0	0.0	0.0	0.00701754385965
TARA_137_SRF_0.22-3_G.snv.bam	0.00350877192982	0.0631578947368	0.0	0.0	0.0175438596491	0.0114035087719	0.0149122807018	0.0122807017544	0.00701754385965	0.0
