	TARA_033_SRF_0.22-1.6_G.snv.bam	TARA_034_SRF_0.22-1.6_G.snv.bam	TARA_036_DCM_0.22-1.6_G.snv.bam	TARA_036_SRF_0.22-1.6_G.snv.bam	TARA_038_DCM_0.22-1.6_G.snv.bam	TARA_038_SRF_0.22-1.6_G.snv.bam	TARA_039_DCM_0.22-1.6_G.snv.bam	TARA_041_DCM_0.22-1.6_G.snv.bam	TARA_109_DCM_0.22-3_G.snv.bam	TARA_109_SRF_0.22-3_G.snv.bam	TARA_140_SRF_0.22-3_G.snv.bam	TARA_141_SRF_0.22-3_G.snv.bam
TARA_033_SRF_0.22-1.6_G.snv.bam	0.0	0.0	0.00162337662338	0.00811688311688	0.0	0.00487012987013	0.0	0.00811688311688	0.0	0.00162337662338	0.0	0.00162337662338
TARA_034_SRF_0.22-1.6_G.snv.bam	0.0	0.0	0.00324675324675	0.00649350649351	0.00324675324675	0.00811688311688	0.0	0.00811688311688	0.00162337662338	0.00324675324675	0.0	0.00162337662338
TARA_036_DCM_0.22-1.6_G.snv.bam	0.00162337662338	0.00324675324675	0.0	0.0	0.00162337662338	0.00324675324675	0.00162337662338	0.00324675324675	0.0146103896104	0.00487012987013	0.0	0.00324675324675
TARA_036_SRF_0.22-1.6_G.snv.bam	0.00811688311688	0.00649350649351	0.0	0.0	0.00324675324675	0.00162337662338	0.0	0.0	0.0146103896104	0.00811688311688	0.00324675324675	0.012987012987
TARA_038_DCM_0.22-1.6_G.snv.bam	0.0	0.00324675324675	0.00162337662338	0.00324675324675	0.0	0.00162337662338	0.0	0.00324675324675	0.0113636363636	0.00324675324675	0.0	0.00162337662338
TARA_038_SRF_0.22-1.6_G.snv.bam	0.00487012987013	0.00811688311688	0.00324675324675	0.00162337662338	0.00162337662338	0.0	0.0	0.00324675324675	0.00974025974026	0.00487012987013	0.00162337662338	0.00649350649351
TARA_039_DCM_0.22-1.6_G.snv.bam	0.0	0.0	0.00162337662338	0.0	0.0	0.0	0.0	0.00162337662338	0.00811688311688	0.00162337662338	0.0	0.0
TARA_041_DCM_0.22-1.6_G.snv.bam	0.00811688311688	0.00811688311688	0.00324675324675	0.0	0.00324675324675	0.00324675324675	0.00162337662338	0.0	0.0178571428571	0.00974025974026	0.00324675324675	0.00811688311688
TARA_109_DCM_0.22-3_G.snv.bam	0.0	0.00162337662338	0.0146103896104	0.0146103896104	0.0113636363636	0.00974025974026	0.00811688311688	0.0178571428571	0.0	0.0	0.00162337662338	0.0178571428571
TARA_109_SRF_0.22-3_G.snv.bam	0.00162337662338	0.00324675324675	0.00487012987013	0.00811688311688	0.00324675324675	0.00487012987013	0.00162337662338	0.00974025974026	0.0	0.0	0.00162337662338	0.00324675324675
TARA_140_SRF_0.22-3_G.snv.bam	0.0	0.0	0.0	0.00324675324675	0.0	0.00162337662338	0.0	0.00324675324675	0.00162337662338	0.00162337662338	0.0	0.0
TARA_141_SRF_0.22-3_G.snv.bam	0.00162337662338	0.00162337662338	0.00324675324675	0.012987012987	0.00162337662338	0.00649350649351	0.0	0.00811688311688	0.0178571428571	0.00324675324675	0.0	0.0
