	TARA_004_DCM_0.22-1.6_G.snv.bam	TARA_007_DCM_0.22-1.6_G.snv.bam	TARA_009_DCM_0.22-1.6_G.snv.bam	TARA_067_SRF_0.22-3_G.snv.bam	TARA_093_DCM_0.22-3_G.snv.bam	TARA_093_SRF_0.22-3_G.snv.bam	TARA_102_DCM_0.22-3_G.snv.bam	TARA_133_DCM_0.22-3_G.snv.bam	TARA_133_SRF_0.22-3_G.snv.bam	TARA_145_SRF_0.22-3_G.snv.bam
TARA_004_DCM_0.22-1.6_G.snv.bam	0.0	0.0	0.0	0.0332936979786	0.0808561236623	0.0879904875149	0.0570749108205	0.0915576694411	0.0737217598098	0.0297265160523
TARA_007_DCM_0.22-1.6_G.snv.bam	0.0	0.0	0.0	0.0237812128419	0.0725326991677	0.0820451843044	0.0475624256837	0.0749108204518	0.0665873959572	0.0178359096314
TARA_009_DCM_0.22-1.6_G.snv.bam	0.0	0.0	0.0	0.0285374554102	0.0784780023781	0.089179548157	0.0570749108205	0.089179548157	0.0725326991677	0.0273483947681
TARA_067_SRF_0.22-3_G.snv.bam	0.0332936979786	0.0237812128419	0.0285374554102	0.0	0.0285374554102	0.0392390011891	0.00832342449465	0.0463733650416	0.038049940547	0.0107015457788
TARA_093_DCM_0.22-3_G.snv.bam	0.0808561236623	0.0725326991677	0.0784780023781	0.0285374554102	0.0	0.0	0.0285374554102	0.0749108204518	0.064209274673	0.0653983353151
TARA_093_SRF_0.22-3_G.snv.bam	0.0879904875149	0.0820451843044	0.089179548157	0.0392390011891	0.0	0.0	0.0368608799049	0.0832342449465	0.0677764565993	0.0760998810939
TARA_102_DCM_0.22-3_G.snv.bam	0.0570749108205	0.0475624256837	0.0570749108205	0.00832342449465	0.0285374554102	0.0368608799049	0.0	0.05112960761	0.05112960761	0.0428061831153
TARA_133_DCM_0.22-3_G.snv.bam	0.0915576694411	0.0749108204518	0.089179548157	0.0463733650416	0.0749108204518	0.0832342449465	0.05112960761	0.0	0.0	0.0677764565993
TARA_133_SRF_0.22-3_G.snv.bam	0.0737217598098	0.0665873959572	0.0725326991677	0.038049940547	0.064209274673	0.0677764565993	0.05112960761	0.0	0.0	0.0701545778835
TARA_145_SRF_0.22-3_G.snv.bam	0.0297265160523	0.0178359096314	0.0273483947681	0.0107015457788	0.0653983353151	0.0760998810939	0.0428061831153	0.0677764565993	0.0701545778835	0.0
