	TARA_004_DCM_0.22-1.6_G.snv.bam	TARA_007_DCM_0.22-1.6_G.snv.bam	TARA_009_DCM_0.22-1.6_G.snv.bam	TARA_018_DCM_0.22-1.6_G.snv.bam	TARA_018_SRF_0.22-1.6_G.snv.bam	TARA_066_DCM_0.22-3_G.snv.bam	TARA_066_SRF_0.22-3_G.snv.bam	TARA_145_SRF_0.22-3_G.snv.bam	TARA_152_MIX_0.22-3_G.snv.bam	TARA_152_SRF_0.22-3_G.snv.bam
TARA_004_DCM_0.22-1.6_G.snv.bam	0.0	0.0585378575548	0.0968599990704	0.126057840074	0.121665809771	0.147017299976	0.165565700697	0.137340442567	0.0831825936778	0.0819692784441
TARA_007_DCM_0.22-1.6_G.snv.bam	0.0585378575548	0.0	0.0726584858824	0.109638487588	0.106457566902	0.153708808876	0.169079364118	0.139483257113	0.0993011230891	0.0973240602279
TARA_009_DCM_0.22-1.6_G.snv.bam	0.0968599990704	0.0726584858824	0.0	0.069857165083	0.0691905283378	0.152967895478	0.162474926207	0.160313424475	0.0979484550081	0.0976148198076
TARA_018_DCM_0.22-1.6_G.snv.bam	0.126057840074	0.109638487588	0.069857165083	0.0	0.0206092564409	0.179098784338	0.184982738398	0.184453532702	0.124341367233	0.123803794853
TARA_018_SRF_0.22-1.6_G.snv.bam	0.121665809771	0.106457566902	0.0691905283378	0.0206092564409	0.0	0.17440793256	0.182047594369	0.176255631569	0.120874672199	0.120187546387
TARA_066_DCM_0.22-3_G.snv.bam	0.147017299976	0.153708808876	0.152967895478	0.179098784338	0.17440793256	0.0	0.0875591442565	0.197604045893	0.131399885966	0.131984655241
TARA_066_SRF_0.22-3_G.snv.bam	0.165565700697	0.169079364118	0.162474926207	0.184982738398	0.182047594369	0.0875591442565	0.0	0.213694816147	0.150989334712	0.151656945232
TARA_145_SRF_0.22-3_G.snv.bam	0.137340442567	0.139483257113	0.160313424475	0.184453532702	0.176255631569	0.197604045893	0.213694816147	0.0	0.145023564792	0.142502783811
TARA_152_MIX_0.22-3_G.snv.bam	0.0831825936778	0.0993011230891	0.0979484550081	0.124341367233	0.120874672199	0.131399885966	0.150989334712	0.145023564792	0.0	0.0192239498465
TARA_152_SRF_0.22-3_G.snv.bam	0.0819692784441	0.0973240602279	0.0976148198076	0.123803794853	0.120187546387	0.131984655241	0.151656945232	0.142502783811	0.0192239498465	0.0
