	TARA_031_SRF_0.22-1.6_G.snv.bam	TARA_032_SRF_0.22-1.6_G.snv.bam	TARA_041_SRF_0.22-1.6_G.snv.bam	TARA_042_SRF_0.22-1.6_G.snv.bam	TARA_045_SRF_0.22-1.6_G.snv.bam	TARA_048_SRF_0.22-1.6_G.snv.bam	TARA_052_DCM_0.22-1.6_G.snv.bam	TARA_052_SRF_0.22-1.6_G.snv.bam	TARA_056_SRF_0.22-3_G.snv.bam	TARA_057_SRF_0.22-3_G.snv.bam	TARA_058_DCM_0.22-3_G.snv.bam	TARA_062_SRF_0.22-3_G.snv.bam	TARA_064_DCM_0.22-3_G.snv.bam	TARA_064_SRF_0.22-3_G.snv.bam	TARA_065_DCM_0.22-3_G.snv.bam	TARA_072_SRF_0.22-3_G.snv.bam	TARA_138_SRF_0.22-3_G.snv.bam
TARA_031_SRF_0.22-1.6_G.snv.bam	0.0	0.0358118672451	0.0832783311639	0.080436666857	0.105332229375	0.10800595469	0.111126084606	0.110053550109	0.0963369917877	0.0962512129244	0.0994750091179	0.0840980887658	0.103574557549	0.103410563138	0.0995864174567	0.0972489292193	0.113639768801
TARA_032_SRF_0.22-1.6_G.snv.bam	0.0358118672451	0.0	0.0774037507085	0.0717512456206	0.0976612920462	0.0988720318624	0.101480446637	0.101498298515	0.0895729798536	0.0905360274138	0.092315096356	0.0873905024391	0.101851582122	0.0984895522405	0.0918566541743	0.0891524364398	0.103662867306
TARA_041_SRF_0.22-1.6_G.snv.bam	0.0832783311639	0.0774037507085	0.0	0.0449275060572	0.0680336292333	0.0709983187926	0.0789646618423	0.0773796830336	0.0641951525748	0.0614092616564	0.0663693498453	0.0633298645436	0.0799651811282	0.0704911369092	0.0713615756288	0.066525586781	0.0799751755996
TARA_042_SRF_0.22-1.6_G.snv.bam	0.080436666857	0.0717512456206	0.0449275060572	0.0	0.0677013755699	0.068410800373	0.07510850766	0.0752635482126	0.0612077748715	0.0571626391886	0.0644034076387	0.0575930600962	0.0783588793868	0.0689842001357	0.0636176971027	0.0661018315166	0.0769174257719
TARA_045_SRF_0.22-1.6_G.snv.bam	0.105332229375	0.0976612920462	0.0680336292333	0.0677013755699	0.0	0.0338008565505	0.0418923097422	0.0367130125529	0.0461118205209	0.0434409269192	0.0500351936864	0.0870406991588	0.0625896721522	0.0517279461453	0.0659171088623	0.0577627400849	0.0404011605005
TARA_048_SRF_0.22-1.6_G.snv.bam	0.10800595469	0.0988720318624	0.0709983187926	0.068410800373	0.0338008565505	0.0	0.0376249245507	0.0350232673933	0.0456716071863	0.0451214180161	0.0536066501469	0.0893824552893	0.0653597746296	0.0517203132461	0.064481898306	0.0571699535183	0.0426251817256
TARA_052_DCM_0.22-1.6_G.snv.bam	0.111126084606	0.101480446637	0.0789646618423	0.07510850766	0.0418923097422	0.0376249245507	0.0	0.0370363796522	0.0515158826887	0.0524302047372	0.0563029565636	0.0969027740993	0.0686862639532	0.0613722945354	0.0708766977964	0.0614687843915	0.0432530686285
TARA_052_SRF_0.22-1.6_G.snv.bam	0.110053550109	0.101498298515	0.0773796830336	0.0752635482126	0.0367130125529	0.0350232673933	0.0370363796522	0.0	0.0504855094405	0.0509503380564	0.0575422273561	0.0970948649041	0.0688051802331	0.0615883945061	0.0706610599592	0.0598144405034	0.0367558993986
TARA_056_SRF_0.22-3_G.snv.bam	0.0963369917877	0.0895729798536	0.0641951525748	0.0612077748715	0.0461118205209	0.0456716071863	0.0515158826887	0.0504855094405	0.0	0.0413961351402	0.0517496601412	0.0743134365745	0.0634292186747	0.0508533262882	0.0617363377449	0.057990379615	0.0553137934477
TARA_057_SRF_0.22-3_G.snv.bam	0.0962512129244	0.0905360274138	0.0614092616564	0.0571626391886	0.0434409269192	0.0451214180161	0.0524302047372	0.0509503380564	0.0413961351402	0.0	0.0478169311483	0.0681086619188	0.0627306881969	0.0481289890107	0.0565412800748	0.0567356667298	0.0561474709032
TARA_058_DCM_0.22-3_G.snv.bam	0.0994750091179	0.092315096356	0.0663693498453	0.0644034076387	0.0500351936864	0.0536066501469	0.0563029565636	0.0575422273561	0.0517496601412	0.0478169311483	0.0	0.0744921006128	0.0675062446848	0.0566118171892	0.0626681081696	0.063403507683	0.0591431729618
TARA_062_SRF_0.22-3_G.snv.bam	0.0840980887658	0.0873905024391	0.0633298645436	0.0575930600962	0.0870406991588	0.0893824552893	0.0969027740993	0.0970948649041	0.0743134365745	0.0681086619188	0.0744921006128	0.0	0.0870471766737	0.0773762947855	0.0691621606485	0.0844334525307	0.0992795563072
TARA_064_DCM_0.22-3_G.snv.bam	0.103574557549	0.101851582122	0.0799651811282	0.0783588793868	0.0625896721522	0.0653597746296	0.0686862639532	0.0688051802331	0.0634292186747	0.0627306881969	0.0675062446848	0.0870471766737	0.0	0.0615250413416	0.0694427133731	0.0719197804649	0.0693724073941
TARA_064_SRF_0.22-3_G.snv.bam	0.103410563138	0.0984895522405	0.0704911369092	0.0689842001357	0.0517279461453	0.0517203132461	0.0613722945354	0.0615883945061	0.0508533262882	0.0481289890107	0.0566118171892	0.0773762947855	0.0615250413416	0.0	0.0607586185978	0.0618661431053	0.0632226914848
TARA_065_DCM_0.22-3_G.snv.bam	0.0995864174567	0.0918566541743	0.0713615756288	0.0636176971027	0.0659171088623	0.064481898306	0.0708766977964	0.0706610599592	0.0617363377449	0.0565412800748	0.0626681081696	0.0691621606485	0.0694427133731	0.0607586185978	0.0	0.0686247435033	0.0723976681607
TARA_072_SRF_0.22-3_G.snv.bam	0.0972489292193	0.0891524364398	0.066525586781	0.0661018315166	0.0577627400849	0.0571699535183	0.0614687843915	0.0598144405034	0.057990379615	0.0567356667298	0.063403507683	0.0844334525307	0.0719197804649	0.0618661431053	0.0686247435033	0.0	0.0591600440312
TARA_138_SRF_0.22-3_G.snv.bam	0.113639768801	0.103662867306	0.0799751755996	0.0769174257719	0.0404011605005	0.0426251817256	0.0432530686285	0.0367558993986	0.0553137934477	0.0561474709032	0.0591431729618	0.0992795563072	0.0693724073941	0.0632226914848	0.0723976681607	0.0591600440312	0.0
