	TARA_031_SRF_0.22-1.6_G.snv.bam	TARA_032_DCM_0.22-1.6_G.snv.bam	TARA_032_SRF_0.22-1.6_G.snv.bam	TARA_033_SRF_0.22-1.6_G.snv.bam	TARA_034_SRF_0.22-1.6_G.snv.bam	TARA_036_DCM_0.22-1.6_G.snv.bam	TARA_038_DCM_0.22-1.6_G.snv.bam	TARA_038_SRF_0.22-1.6_G.snv.bam	TARA_039_DCM_0.22-1.6_G.snv.bam	TARA_041_DCM_0.22-1.6_G.snv.bam	TARA_042_DCM_0.22-1.6_G.snv.bam	TARA_042_SRF_0.22-1.6_G.snv.bam	TARA_056_SRF_0.22-3_G.snv.bam	TARA_057_SRF_0.22-3_G.snv.bam	TARA_058_DCM_0.22-3_G.snv.bam	TARA_062_SRF_0.22-3_G.snv.bam	TARA_064_DCM_0.22-3_G.snv.bam	TARA_064_SRF_0.22-3_G.snv.bam	TARA_065_DCM_0.22-3_G.snv.bam	TARA_065_SRF_0.22-3_G.snv.bam	TARA_123_SRF_0.22-3_G.snv.bam	TARA_124_MIX_0.22-3_G.snv.bam	TARA_124_SRF_0.22-3_G.snv.bam	TARA_125_SRF_0.22-3_G.snv.bam	TARA_140_SRF_0.22-3_G.snv.bam	TARA_141_SRF_0.22-3_G.snv.bam	TARA_142_DCM_0.22-3_G.snv.bam	TARA_142_SRF_0.22-3_G.snv.bam
TARA_031_SRF_0.22-1.6_G.snv.bam	0.0	0.0580890191474	0.0507180797468	0.0872962054353	0.0895023497575	0.121009417521	0.113400202206	0.119154781538	0.107098547892	0.104398746173	0.0947957940043	0.103679257299	0.0884153449498	0.0916311653413	0.0856809064382	0.0879440317955	0.0884872898167	0.0921209972042	0.0883334517961	0.0941664326846	0.164506922697	0.164633100263	0.164094936123	0.162911766587	0.11731109671	0.123747929191	0.0906483131725	0.0895189423304
TARA_032_DCM_0.22-1.6_G.snv.bam	0.0580890191474	0.0	0.0601699932877	0.0887669331923	0.0912273402233	0.12227424003	0.113440677116	0.118327616174	0.10891416931	0.106185155482	0.100041933987	0.102974360489	0.0895612110752	0.0957574284507	0.0901886744766	0.0929791762511	0.0940029830424	0.0957803910886	0.0934607344092	0.0960409508259	0.153679046634	0.154446244213	0.153784230467	0.15425009708	0.119306466192	0.122763234944	0.0837783801023	0.08469403685
TARA_032_SRF_0.22-1.6_G.snv.bam	0.0507180797468	0.0601699932877	0.0	0.0734511116723	0.0780521644009	0.11155031407	0.103071806626	0.108491006746	0.0981689331868	0.0949521545175	0.0883625666737	0.105947031417	0.0871303582033	0.0859954270977	0.0833328537582	0.0858817546403	0.0867306796744	0.0895679696213	0.0830041893683	0.0887387031589	0.15393777524	0.155008954259	0.153909225289	0.153624501205	0.106243692453	0.113551295008	0.0848204157524	0.0878465750854
TARA_033_SRF_0.22-1.6_G.snv.bam	0.0872962054353	0.0887669331923	0.0734511116723	0.0	0.035021465474	0.0870358124111	0.0808314449946	0.0843709808238	0.0765561410476	0.0759353377745	0.078579796958	0.11293158619	0.0932879328967	0.0848804459527	0.0881593094757	0.0897680566754	0.0911413199378	0.0877294382783	0.0809071850615	0.0856591395431	0.147589285848	0.149128086268	0.147890507187	0.147732345494	0.0834323236241	0.0951619378889	0.092929653062	0.104685327271
TARA_034_SRF_0.22-1.6_G.snv.bam	0.0895023497575	0.0912273402233	0.0780521644009	0.035021465474	0.0	0.0754292209233	0.0691972349325	0.0728393550038	0.0663324269072	0.0665306059902	0.0727731852807	0.109476677513	0.0919635571031	0.078636397535	0.0851588120167	0.0878455880947	0.0864725881505	0.0832580562525	0.0750189007641	0.0831283423283	0.147964672059	0.149590925607	0.148038050134	0.148404761358	0.0754114267124	0.0866536941645	0.0899748475154	0.103595196956
TARA_036_DCM_0.22-1.6_G.snv.bam	0.121009417521	0.12227424003	0.11155031407	0.0870358124111	0.0754292209233	0.0	0.040659774422	0.0398178796365	0.0527237400541	0.0563364346312	0.0770999727869	0.112280900532	0.100677683575	0.0863339653715	0.0915931032462	0.0934542077726	0.0958093809967	0.0911596472435	0.0784087167196	0.0846936227281	0.155432857991	0.156857091574	0.155218124768	0.155883728598	0.0675857405322	0.0707888163293	0.0993578104486	0.115097491058
TARA_038_DCM_0.22-1.6_G.snv.bam	0.113400202206	0.113440677116	0.103071806626	0.0808314449946	0.0691972349325	0.040659774422	0.0	0.0398393096669	0.0408543093741	0.0409372326839	0.0607668017277	0.103636613938	0.0928259129997	0.0744553656586	0.0765001039275	0.0805107110054	0.0882882830649	0.0806638074889	0.0692165137276	0.075906053917	0.156896805088	0.158355747582	0.156614484158	0.157162490966	0.0625013581674	0.0713141296508	0.09160839494	0.103731298353
TARA_038_SRF_0.22-1.6_G.snv.bam	0.119154781538	0.118327616174	0.108491006746	0.0843709808238	0.0728393550038	0.0398178796365	0.0398393096669	0.0	0.0540044509994	0.0568742084639	0.0724223915954	0.109898924128	0.0985047512831	0.0855172349708	0.0878261852867	0.089784562209	0.0950104861492	0.0898515996924	0.0763716311607	0.085747561693	0.158451727797	0.159724125568	0.158358191607	0.158683719343	0.069212074613	0.0754192752491	0.0947404318565	0.107906502827
TARA_039_DCM_0.22-1.6_G.snv.bam	0.107098547892	0.10891416931	0.0981689331868	0.0765561410476	0.0663324269072	0.0527237400541	0.0408543093741	0.0540044509994	0.0	0.0258809519642	0.0520298425187	0.0969789649838	0.0866911786684	0.0660945661175	0.0724751795745	0.0739758802358	0.0835567273469	0.0764343686526	0.0611252175493	0.067094937359	0.153518054401	0.155433522021	0.153321588778	0.154027375404	0.0638432246288	0.066945052158	0.0867976665573	0.0995082408914
TARA_041_DCM_0.22-1.6_G.snv.bam	0.104398746173	0.106185155482	0.0949521545175	0.0759353377745	0.0665306059902	0.0563364346312	0.0409372326839	0.0568742084639	0.0258809519642	0.0	0.0486582746477	0.0939490302894	0.0852485384806	0.066554558078	0.068935302715	0.0712085155268	0.0819240031436	0.0750298433822	0.0589261872441	0.0647927753573	0.152311990282	0.153834679108	0.152164371372	0.152298708166	0.0644427999949	0.069137703636	0.0856982326234	0.0978140411311
TARA_042_DCM_0.22-1.6_G.snv.bam	0.0947957940043	0.100041933987	0.0883625666737	0.078579796958	0.0727731852807	0.0770999727869	0.0607668017277	0.0724223915954	0.0520298425187	0.0486582746477	0.0	0.085998439878	0.0713728816834	0.0550888831144	0.0565468922459	0.0601474270195	0.0718119830756	0.0667093891432	0.0585306149701	0.059554007114	0.154832457996	0.156721265337	0.154601821602	0.154756820938	0.0658887008716	0.0782338628509	0.0814082500323	0.0918658862152
TARA_042_SRF_0.22-1.6_G.snv.bam	0.103679257299	0.102974360489	0.105947031417	0.11293158619	0.109476677513	0.112280900532	0.103636613938	0.109898924128	0.0969789649838	0.0939490302894	0.085998439878	0.0	0.0679884226006	0.0753952618061	0.0783732595688	0.0713318424926	0.0883989810645	0.0893541858472	0.0823831399135	0.0906038015404	0.171714738502	0.173609932672	0.171254469705	0.173490886105	0.110559541632	0.114135427761	0.0891812838917	0.0929641752809
TARA_056_SRF_0.22-3_G.snv.bam	0.0884153449498	0.0895612110752	0.0871303582033	0.0932879328967	0.0919635571031	0.100677683575	0.0928259129997	0.0985047512831	0.0866911786684	0.0852485384806	0.0713728816834	0.0679884226006	0.0	0.0559908870963	0.057577080552	0.0575745255425	0.0681060048457	0.0652095905076	0.0674706213087	0.0703036170846	0.164648115802	0.166910878727	0.164515433268	0.165786290316	0.0900524704134	0.0996323547285	0.0757070338137	0.0857269969082
TARA_057_SRF_0.22-3_G.snv.bam	0.0916311653413	0.0957574284507	0.0859954270977	0.0848804459527	0.078636397535	0.0863339653715	0.0744553656586	0.0855172349708	0.0660945661175	0.066554558078	0.0550888831144	0.0753952618061	0.0559908870963	0.0	0.0493593940576	0.0515637478046	0.0651908889198	0.0591487094542	0.0550516848065	0.0599241217966	0.161862277104	0.163430680835	0.16178634138	0.1616400142	0.0738718971523	0.0837797241037	0.0737119846728	0.0845148441481
TARA_058_DCM_0.22-3_G.snv.bam	0.0856809064382	0.0901886744766	0.0833328537582	0.0881593094757	0.0851588120167	0.0915931032462	0.0765001039275	0.0878261852867	0.0724751795745	0.068935302715	0.0565468922459	0.0783732595688	0.057577080552	0.0493593940576	0.0	0.0477983924626	0.0657294085939	0.0569828117352	0.0544341734156	0.0574500678886	0.162623303233	0.164311715101	0.162671977219	0.162442476187	0.0824066656798	0.0939373745082	0.0774452351636	0.083066230039
TARA_062_SRF_0.22-3_G.snv.bam	0.0879440317955	0.0929791762511	0.0858817546403	0.0897680566754	0.0878455880947	0.0934542077726	0.0805107110054	0.089784562209	0.0739758802358	0.0712085155268	0.0601474270195	0.0713318424926	0.0575745255425	0.0515637478046	0.0477983924626	0.0	0.0716877043233	0.0623058844417	0.057120443066	0.0628033949469	0.163300675913	0.164647803311	0.16267591409	0.162738948208	0.0874580016505	0.0967349979094	0.0753575580721	0.0841218388137
TARA_064_DCM_0.22-3_G.snv.bam	0.0884872898167	0.0940029830424	0.0867306796744	0.0911413199378	0.0864725881505	0.0958093809967	0.0882882830649	0.0950104861492	0.0835567273469	0.0819240031436	0.0718119830756	0.0883989810645	0.0681060048457	0.0651908889198	0.0657294085939	0.0716877043233	0.0	0.0498412168312	0.0651026341438	0.0688313251405	0.160537545481	0.162226394841	0.160657639866	0.160572453483	0.0833006660747	0.0927665579574	0.0758123211957	0.0875316859028
TARA_064_SRF_0.22-3_G.snv.bam	0.0921209972042	0.0957803910886	0.0895679696213	0.0877294382783	0.0832580562525	0.0911596472435	0.0806638074889	0.0898515996924	0.0764343686526	0.0750298433822	0.0667093891432	0.0893541858472	0.0652095905076	0.0591487094542	0.0569828117352	0.0623058844417	0.0498412168312	0.0	0.0621789658939	0.0622592663223	0.162222317257	0.163236086955	0.1616240581	0.161733606107	0.0794841319994	0.0866770903953	0.0748527784433	0.0871034292922
TARA_065_DCM_0.22-3_G.snv.bam	0.0883334517961	0.0934607344092	0.0830041893683	0.0809071850615	0.0750189007641	0.0784087167196	0.0692165137276	0.0763716311607	0.0611252175493	0.0589261872441	0.0585306149701	0.0823831399135	0.0674706213087	0.0550516848065	0.0544341734156	0.057120443066	0.0651026341438	0.0621789658939	0.0	0.0583954534972	0.158018224542	0.159648080768	0.158506797722	0.158305204938	0.0746454955881	0.0792708877743	0.0760465836481	0.084994227655
TARA_065_SRF_0.22-3_G.snv.bam	0.0941664326846	0.0960409508259	0.0887387031589	0.0856591395431	0.0831283423283	0.0846936227281	0.075906053917	0.085747561693	0.067094937359	0.0647927753573	0.059554007114	0.0906038015404	0.0703036170846	0.0599241217966	0.0574500678886	0.0628033949469	0.0688313251405	0.0622592663223	0.0583954534972	0.0	0.159716585003	0.160892625653	0.158822494685	0.159503805658	0.080792214499	0.0909378247341	0.0812956429702	0.0895591032609
TARA_123_SRF_0.22-3_G.snv.bam	0.164506922697	0.153679046634	0.15393777524	0.147589285848	0.147964672059	0.155432857991	0.156896805088	0.158451727797	0.153518054401	0.152311990282	0.154832457996	0.171714738502	0.164648115802	0.161862277104	0.162623303233	0.163300675913	0.160537545481	0.162222317257	0.158018224542	0.159716585003	0.0	0.0212292305281	0.0209131002837	0.024098807235	0.162304336793	0.157935408495	0.15451657344	0.156039927458
TARA_124_MIX_0.22-3_G.snv.bam	0.164633100263	0.154446244213	0.155008954259	0.149128086268	0.149590925607	0.156857091574	0.158355747582	0.159724125568	0.155433522021	0.153834679108	0.156721265337	0.173609932672	0.166910878727	0.163430680835	0.164311715101	0.164647803311	0.162226394841	0.163236086955	0.159648080768	0.160892625653	0.0212292305281	0.0	0.0228390069814	0.0242530103255	0.164148129861	0.159673747161	0.155242116829	0.156986629363
TARA_124_SRF_0.22-3_G.snv.bam	0.164094936123	0.153784230467	0.153909225289	0.147890507187	0.148038050134	0.155218124768	0.156614484158	0.158358191607	0.153321588778	0.152164371372	0.154601821602	0.171254469705	0.164515433268	0.16178634138	0.162671977219	0.16267591409	0.160657639866	0.1616240581	0.158506797722	0.158822494685	0.0209131002837	0.0228390069814	0.0	0.0230920273645	0.16198179774	0.15740691582	0.154812848603	0.154986951287
TARA_125_SRF_0.22-3_G.snv.bam	0.162911766587	0.15425009708	0.153624501205	0.147732345494	0.148404761358	0.155883728598	0.157162490966	0.158683719343	0.154027375404	0.152298708166	0.154756820938	0.173490886105	0.165786290316	0.1616400142	0.162442476187	0.162738948208	0.160572453483	0.161733606107	0.158305204938	0.159503805658	0.024098807235	0.0242530103255	0.0230920273645	0.0	0.162929513372	0.15792085282	0.153677974611	0.155443403862
TARA_140_SRF_0.22-3_G.snv.bam	0.11731109671	0.119306466192	0.106243692453	0.0834323236241	0.0754114267124	0.0675857405322	0.0625013581674	0.069212074613	0.0638432246288	0.0644427999949	0.0658887008716	0.110559541632	0.0900524704134	0.0738718971523	0.0824066656798	0.0874580016505	0.0833006660747	0.0794841319994	0.0746454955881	0.080792214499	0.162304336793	0.164148129861	0.16198179774	0.162929513372	0.0	0.0660310782806	0.0937461708234	0.109667410884
TARA_141_SRF_0.22-3_G.snv.bam	0.123747929191	0.122763234944	0.113551295008	0.0951619378889	0.0866536941645	0.0707888163293	0.0713141296508	0.0754192752491	0.066945052158	0.069137703636	0.0782338628509	0.114135427761	0.0996323547285	0.0837797241037	0.0939373745082	0.0967349979094	0.0927665579574	0.0866770903953	0.0792708877743	0.0909378247341	0.157935408495	0.159673747161	0.15740691582	0.15792085282	0.0660310782806	0.0	0.0948463915018	0.106129828826
TARA_142_DCM_0.22-3_G.snv.bam	0.0906483131725	0.0837783801023	0.0848204157524	0.092929653062	0.0899748475154	0.0993578104486	0.09160839494	0.0947404318565	0.0867976665573	0.0856982326234	0.0814082500323	0.0891812838917	0.0757070338137	0.0737119846728	0.0774452351636	0.0753575580721	0.0758123211957	0.0748527784433	0.0760465836481	0.0812956429702	0.15451657344	0.155242116829	0.154812848603	0.153677974611	0.0937461708234	0.0948463915018	0.0	0.0505320481328
TARA_142_SRF_0.22-3_G.snv.bam	0.0895189423304	0.08469403685	0.0878465750854	0.104685327271	0.103595196956	0.115097491058	0.103731298353	0.107906502827	0.0995082408914	0.0978140411311	0.0918658862152	0.0929641752809	0.0857269969082	0.0845148441481	0.083066230039	0.0841218388137	0.0875316859028	0.0871034292922	0.084994227655	0.0895591032609	0.156039927458	0.156986629363	0.154986951287	0.155443403862	0.109667410884	0.106129828826	0.0505320481328	0.0
