	TARA_004_DCM_0.22-1.6_G.snv.bam	TARA_066_SRF_0.22-3_G.snv.bam	TARA_068_DCM_0.22-3_G.snv.bam	TARA_132_DCM_0.22-3_G.snv.bam	TARA_149_SRF_0.22-3_G.snv.bam	TARA_150_DCM_0.22-3_G.snv.bam	TARA_150_SRF_0.22-3_G.snv.bam	TARA_151_DCM_0.22-3_G.snv.bam	TARA_151_SRF_0.22-3_G.snv.bam	TARA_152_MIX_0.22-3_G.snv.bam	TARA_152_SRF_0.22-3_G.snv.bam
TARA_004_DCM_0.22-1.6_G.snv.bam	0.0	0.0638686131387	0.0638686131387	0.0675182481752	0.029197080292	0.0	0.0	0.00547445255474	0.00182481751825	0.0237226277372	0.0310218978102
TARA_066_SRF_0.22-3_G.snv.bam	0.0638686131387	0.0	0.0	0.014598540146	0.100364963504	0.036496350365	0.0419708029197	0.0383211678832	0.0529197080292	0.0565693430657	0.0638686131387
TARA_068_DCM_0.22-3_G.snv.bam	0.0638686131387	0.0	0.0	0.0273722627737	0.116788321168	0.0328467153285	0.043795620438	0.0456204379562	0.0565693430657	0.0711678832117	0.0821167883212
TARA_132_DCM_0.22-3_G.snv.bam	0.0675182481752	0.014598540146	0.0273722627737	0.0	0.127737226277	0.0419708029197	0.0401459854015	0.021897810219	0.0401459854015	0.0346715328467	0.043795620438
TARA_149_SRF_0.22-3_G.snv.bam	0.029197080292	0.100364963504	0.116788321168	0.127737226277	0.0	0.0127737226277	0.0182481751825	0.043795620438	0.0474452554745	0.0875912408759	0.0894160583942
TARA_150_DCM_0.22-3_G.snv.bam	0.0	0.036496350365	0.0328467153285	0.0419708029197	0.0127737226277	0.0	0.0	0.0036496350365	0.00182481751825	0.0200729927007	0.0310218978102
TARA_150_SRF_0.22-3_G.snv.bam	0.0	0.0419708029197	0.043795620438	0.0401459854015	0.0182481751825	0.0	0.0	0.0036496350365	0.0	0.0109489051095	0.0182481751825
TARA_151_DCM_0.22-3_G.snv.bam	0.00547445255474	0.0383211678832	0.0456204379562	0.021897810219	0.043795620438	0.0036496350365	0.0036496350365	0.0	0.00182481751825	0.0	0.0109489051095
TARA_151_SRF_0.22-3_G.snv.bam	0.00182481751825	0.0529197080292	0.0565693430657	0.0401459854015	0.0474452554745	0.00182481751825	0.0	0.00182481751825	0.0	0.00912408759124	0.014598540146
TARA_152_MIX_0.22-3_G.snv.bam	0.0237226277372	0.0565693430657	0.0711678832117	0.0346715328467	0.0875912408759	0.0200729927007	0.0109489051095	0.0	0.00912408759124	0.0	0.0
TARA_152_SRF_0.22-3_G.snv.bam	0.0310218978102	0.0638686131387	0.0821167883212	0.043795620438	0.0894160583942	0.0310218978102	0.0182481751825	0.0109489051095	0.014598540146	0.0	0.0
