	TARA_004_SRF_0.22-1.6_G.snv.bam	TARA_007_SRF_0.22-1.6_G.snv.bam	TARA_009_SRF_0.22-1.6_G.snv.bam	TARA_018_DCM_0.22-1.6_G.snv.bam	TARA_032_DCM_0.22-1.6_G.snv.bam	TARA_032_SRF_0.22-1.6_G.snv.bam	TARA_033_SRF_0.22-1.6_G.snv.bam	TARA_034_SRF_0.22-1.6_G.snv.bam	TARA_038_DCM_0.22-1.6_G.snv.bam	TARA_039_DCM_0.22-1.6_G.snv.bam	TARA_041_DCM_0.22-1.6_G.snv.bam	TARA_041_SRF_0.22-1.6_G.snv.bam	TARA_042_DCM_0.22-1.6_G.snv.bam	TARA_056_SRF_0.22-3_G.snv.bam	TARA_057_SRF_0.22-3_G.snv.bam	TARA_062_SRF_0.22-3_G.snv.bam	TARA_064_DCM_0.22-3_G.snv.bam	TARA_064_SRF_0.22-3_G.snv.bam	TARA_065_DCM_0.22-3_G.snv.bam	TARA_065_SRF_0.22-3_G.snv.bam	TARA_110_DCM_0.22-3_G.snv.bam	TARA_110_SRF_0.22-3_G.snv.bam	TARA_123_SRF_0.22-3_G.snv.bam	TARA_124_MIX_0.22-3_G.snv.bam	TARA_124_SRF_0.22-3_G.snv.bam	TARA_125_SRF_0.22-3_G.snv.bam	TARA_128_DCM_0.22-3_G.snv.bam	TARA_128_SRF_0.22-3_G.snv.bam	TARA_140_SRF_0.22-3_G.snv.bam	TARA_141_SRF_0.22-3_G.snv.bam	TARA_142_DCM_0.22-3_G.snv.bam	TARA_142_SRF_0.22-3_G.snv.bam	TARA_146_SRF_0.22-3_G.snv.bam	TARA_148_SRF_0.22-3_G.snv.bam	TARA_149_SRF_0.22-3_G.snv.bam
TARA_004_SRF_0.22-1.6_G.snv.bam	0.0	0.0628903172957	0.0759064475837	0.0490486847418	0.119187608019	0.11842573126	0.119237505347	0.119821974459	0.113434792919	0.116017178723	0.112489428083	0.120112777535	0.117567973519	0.118223626039	0.118715977536	0.120623852614	0.123681209253	0.121328380157	0.119023859445	0.120530229657	0.207143187423	0.204052783077	0.133801404253	0.136689990706	0.134003728097	0.133799760204	0.16953602904	0.193696515861	0.116529030987	0.118677097208	0.116133632838	0.116428875929	0.117494432203	0.115487543817	0.114776293549
TARA_007_SRF_0.22-1.6_G.snv.bam	0.0628903172957	0.0	0.0271312191219	0.074369029679	0.129689443528	0.129626453314	0.124567433074	0.129856531316	0.122519075047	0.127071065999	0.121805098085	0.128781126333	0.128002312216	0.123814013746	0.126796252067	0.12815082411	0.134302541464	0.128693699513	0.127159690804	0.130567863283	0.211154967819	0.207156913416	0.144890211436	0.147585775654	0.144908421461	0.144035588122	0.1786628649	0.199019030713	0.124835244127	0.128435992245	0.127276957336	0.12685355492	0.125479013623	0.125690462354	0.122616261174
TARA_009_SRF_0.22-1.6_G.snv.bam	0.0759064475837	0.0271312191219	0.0	0.0890344368534	0.148795673382	0.147871908739	0.143219599112	0.149718394455	0.142639302413	0.146479705647	0.141233544728	0.148490438316	0.146745153107	0.144548629922	0.147015149754	0.148181627053	0.154345154763	0.148894608777	0.146936148011	0.150275753539	0.222522600397	0.217288317108	0.161425347722	0.164401408615	0.16186605099	0.160877401461	0.193156675968	0.210261806163	0.144437299734	0.147025050645	0.147009698976	0.146516906912	0.144763837016	0.14544747314	0.142420934995
TARA_018_DCM_0.22-1.6_G.snv.bam	0.0490486847418	0.074369029679	0.0890344368534	0.0	0.122349349441	0.121764447577	0.123313383252	0.124532988496	0.11908012622	0.120365332674	0.117066740577	0.124170574604	0.121419785394	0.122078927768	0.123217153921	0.125644728174	0.124598975699	0.12409219196	0.121979917121	0.125721888951	0.19956826112	0.197840851924	0.139023917407	0.140648323503	0.137789155918	0.138445957948	0.173034080085	0.194024073733	0.121430687746	0.123106149206	0.122858184421	0.121928983807	0.122920642706	0.121298648948	0.121213396405
TARA_032_DCM_0.22-1.6_G.snv.bam	0.119187608019	0.129689443528	0.148795673382	0.122349349441	0.0	0.0298961105442	0.0541285699443	0.0526517053416	0.0636923757555	0.0460570078653	0.0479747016932	0.0623981112778	0.0553018798315	0.0538479246462	0.0499040821629	0.0520915936508	0.0598601242253	0.0557618195131	0.0527519533415	0.0566624553239	0.190000720924	0.191406403203	0.0953970214363	0.0973771281066	0.0952605022283	0.0941965612006	0.155519129646	0.178792775316	0.0523922358908	0.0558849800312	0.0528519786255	0.0538007899569	0.0549286406232	0.0547613162232	0.0604100281797
TARA_032_SRF_0.22-1.6_G.snv.bam	0.11842573126	0.129626453314	0.147871908739	0.121764447577	0.0298961105442	0.0	0.0389252097923	0.040200697176	0.0635010809627	0.0441379663016	0.0471320452558	0.0617519703776	0.0543786318082	0.053224477758	0.0487012944238	0.0501965343476	0.0590129361661	0.0552779961248	0.047253494821	0.0519691156049	0.192515121746	0.191904237915	0.0941055378625	0.0954301662596	0.0935574191819	0.0932006831962	0.153788673973	0.17879714488	0.050682021516	0.0535823263008	0.0523894360214	0.0546897702774	0.0544697349665	0.0520992885185	0.0573483539613
TARA_033_SRF_0.22-1.6_G.snv.bam	0.119237505347	0.124567433074	0.143219599112	0.123313383252	0.0541285699443	0.0389252097923	0.0	0.0230339086059	0.0681709577095	0.0502205705483	0.0537937867255	0.0648241303074	0.0627435775592	0.0609246677887	0.055899430379	0.0566474643782	0.0648336861619	0.0634214843126	0.0533565995732	0.0556050043327	0.187392959802	0.187877714117	0.0943582299033	0.0961213829493	0.0938291945627	0.0938954522454	0.151389691817	0.17493229394	0.0579165948112	0.0645149853563	0.0628260731713	0.0643924749949	0.0631437363541	0.0614068983181	0.0610113321881
TARA_034_SRF_0.22-1.6_G.snv.bam	0.119821974459	0.129856531316	0.149718394455	0.124532988496	0.0526517053416	0.040200697176	0.0230339086059	0.0	0.0659304493257	0.0459192312279	0.0510937270856	0.0625549375089	0.0578836852665	0.0577141979905	0.0518191692218	0.0525874816467	0.0607593351087	0.0597540858744	0.0491660332023	0.0533274680937	0.190474940689	0.191867812231	0.0951655144306	0.0965520542707	0.0942579040841	0.0943483402858	0.153485127734	0.176295642703	0.0544741271805	0.0645499360196	0.0608799660625	0.0626607001411	0.0610686079126	0.060303981135	0.0610030312347
TARA_038_DCM_0.22-1.6_G.snv.bam	0.113434792919	0.122519075047	0.142639302413	0.11908012622	0.0636923757555	0.0635010809627	0.0681709577095	0.0659304493257	0.0	0.0539469166996	0.0426815658303	0.0629358778704	0.0468292111038	0.0596465198124	0.0561061627215	0.0582032397044	0.0644552588099	0.0599594968493	0.0532449276186	0.0580074016353	0.182855276304	0.184517367873	0.0846452979969	0.0856501405368	0.083845190046	0.0838460379039	0.14296905252	0.169654728721	0.0570938860711	0.0661963820221	0.0654831960139	0.0662526669501	0.0628284584505	0.0591043059039	0.0610137465979
TARA_039_DCM_0.22-1.6_G.snv.bam	0.116017178723	0.127071065999	0.146479705647	0.120365332674	0.0460570078653	0.0441379663016	0.0502205705483	0.0459192312279	0.0539469166996	0.0	0.033117410057	0.0505812499379	0.0390965310342	0.0451049959073	0.0386367501004	0.0381359005025	0.0512830303509	0.0458819314617	0.0374605445268	0.0386052962703	0.184055076355	0.186380666222	0.086417530337	0.0880983063297	0.0854408465259	0.0852115836807	0.149546023712	0.175023940957	0.0407392430264	0.0475475920456	0.0463893948262	0.0487011228306	0.0489176874935	0.0501122894253	0.0547691342111
TARA_041_DCM_0.22-1.6_G.snv.bam	0.112489428083	0.121805098085	0.141233544728	0.117066740577	0.0479747016932	0.0471320452558	0.0537937867255	0.0510937270856	0.0426815658303	0.033117410057	0.0	0.0493495784754	0.0337291855291	0.046864097974	0.0392322424821	0.0399866574572	0.0514871203257	0.0414514998823	0.0383906064483	0.0423455999935	0.177675754159	0.17924506089	0.0847438681649	0.0859818792974	0.0839321939346	0.0834526211604	0.140917241583	0.167092052722	0.0404223642073	0.0509879262932	0.0500849749541	0.0518249102604	0.0474501054639	0.0488115335877	0.0512433498217
TARA_041_SRF_0.22-1.6_G.snv.bam	0.120112777535	0.128781126333	0.148490438316	0.124170574604	0.0623981112778	0.0617519703776	0.0648241303074	0.0625549375089	0.0629358778704	0.0505812499379	0.0493495784754	0.0	0.0574545552167	0.0497132861276	0.0462486405559	0.0475066359391	0.0629556884274	0.0557252305958	0.0537093474283	0.0562528489743	0.191145064817	0.191064997089	0.10183588034	0.10335197041	0.100866364297	0.100166005905	0.155565997611	0.179823471273	0.0541688302403	0.0651143140168	0.064099794524	0.066057365339	0.0639736270771	0.0651327795029	0.0674001636522
TARA_042_DCM_0.22-1.6_G.snv.bam	0.117567973519	0.128002312216	0.146745153107	0.121419785394	0.0553018798315	0.0543786318082	0.0627435775592	0.0578836852665	0.0468292111038	0.0390965310342	0.0337291855291	0.0574545552167	0.0	0.0517407721695	0.0440467299192	0.0452844235428	0.0550943606061	0.0460151125438	0.0438037765888	0.0464676260172	0.180015375464	0.182013742755	0.0843346276276	0.0854578198718	0.0838446040101	0.0831430352078	0.145376887988	0.170678177547	0.0479328765802	0.0587414281669	0.0573121656405	0.0585470883886	0.0527106891233	0.0520850750615	0.053534726546
TARA_056_SRF_0.22-3_G.snv.bam	0.118223626039	0.123814013746	0.144548629922	0.122078927768	0.0538479246462	0.053224477758	0.0609246677887	0.0577141979905	0.0596465198124	0.0451049959073	0.046864097974	0.0497132861276	0.0517407721695	0.0	0.0283991243597	0.0317605304545	0.0504451793172	0.0386692283568	0.0368357182215	0.0389559348941	0.18543914095	0.187582610266	0.0914350735254	0.0925558762619	0.0903544211629	0.0899936091354	0.152603544649	0.177592728668	0.0443073570358	0.0580494496149	0.0533460663191	0.0548371256265	0.0499941722473	0.0523943871233	0.0533868181499
TARA_057_SRF_0.22-3_G.snv.bam	0.118715977536	0.126796252067	0.147015149754	0.123217153921	0.0499040821629	0.0487012944238	0.055899430379	0.0518191692218	0.0561061627215	0.0386367501004	0.0392322424821	0.0462486405559	0.0440467299192	0.0283991243597	0.0	0.0217467330018	0.0443147611048	0.0310667878162	0.0301469913267	0.0337011112428	0.184910048744	0.186846801396	0.0915126694157	0.093188878605	0.0907068637861	0.0901279513771	0.152081759081	0.176680697908	0.0378721383251	0.0555655587553	0.0508067383327	0.0525998716817	0.0481036897831	0.0498880171963	0.0524000452027
TARA_062_SRF_0.22-3_G.snv.bam	0.120623852614	0.12815082411	0.148181627053	0.125644728174	0.0520915936508	0.0501965343476	0.0566474643782	0.0525874816467	0.0582032397044	0.0381359005025	0.0399866574572	0.0475066359391	0.0452844235428	0.0317605304545	0.0217467330018	0.0	0.0455555960897	0.035854538092	0.0315166347965	0.0333492410499	0.184567251337	0.186680999935	0.0924914210479	0.0940261182505	0.0916335440194	0.0914337169898	0.152583687576	0.176726559575	0.0372660583465	0.0553188692432	0.0508383793155	0.052073378247	0.0482741598212	0.048485386828	0.0539634853297
TARA_064_DCM_0.22-3_G.snv.bam	0.123681209253	0.134302541464	0.154345154763	0.124598975699	0.0598601242253	0.0590129361661	0.0648336861619	0.0607593351087	0.0644552588099	0.0512830303509	0.0514871203257	0.0629556884274	0.0550943606061	0.0504451793172	0.0443147611048	0.0455555960897	0.0	0.0393872534728	0.0439479533254	0.0473584744062	0.193801974447	0.19474255991	0.0965368800217	0.09872598769	0.0961908883208	0.0956897664451	0.158090959071	0.182355553442	0.0511588654288	0.0664943908968	0.0646941328776	0.0647596969833	0.057422086902	0.0590478852959	0.0600221660896
TARA_064_SRF_0.22-3_G.snv.bam	0.121328380157	0.128693699513	0.148894608777	0.12409219196	0.0557618195131	0.0552779961248	0.0634214843126	0.0597540858744	0.0599594968493	0.0458819314617	0.0414514998823	0.0557252305958	0.0460151125438	0.0386692283568	0.0310667878162	0.035854538092	0.0393872534728	0.0	0.0366164518601	0.0380518295121	0.182833383765	0.184386702658	0.0926412879775	0.0949373557501	0.0919459448859	0.0913237961342	0.150350010816	0.174998126953	0.0427753261477	0.057820056587	0.056908197783	0.0584865142157	0.0507224174296	0.052783592095	0.0527449788965
TARA_065_DCM_0.22-3_G.snv.bam	0.119023859445	0.127159690804	0.146936148011	0.121979917121	0.0527519533415	0.047253494821	0.0533565995732	0.0491660332023	0.0532449276186	0.0374605445268	0.0383906064483	0.0537093474283	0.0438037765888	0.0368357182215	0.0301469913267	0.0315166347965	0.0439479533254	0.0366164518601	0.0	0.0338618863078	0.184013950297	0.185926093053	0.089482989914	0.0910927035393	0.0889876721292	0.0881711668954	0.151613633815	0.176254666591	0.0406501077423	0.0543032936943	0.0508256418226	0.0529224683355	0.0464782740427	0.0486089791117	0.0508396901101
TARA_065_SRF_0.22-3_G.snv.bam	0.120530229657	0.130567863283	0.150275753539	0.125721888951	0.0566624553239	0.0519691156049	0.0556050043327	0.0533274680937	0.0580074016353	0.0386052962703	0.0423455999935	0.0562528489743	0.0464676260172	0.0389559348941	0.0337011112428	0.0333492410499	0.0473584744062	0.0380518295121	0.0338618863078	0.0	0.183936492596	0.185387065203	0.0912612124158	0.0923781677651	0.0901939415944	0.0896561703677	0.15229170181	0.17729876981	0.0413011186367	0.0556124650434	0.052304350203	0.0542052172031	0.0494432016405	0.0514995291307	0.0549419753745
TARA_110_DCM_0.22-3_G.snv.bam	0.207143187423	0.211154967819	0.222522600397	0.19956826112	0.190000720924	0.192515121746	0.187392959802	0.190474940689	0.182855276304	0.184055076355	0.177675754159	0.191145064817	0.180015375464	0.18543914095	0.184910048744	0.184567251337	0.193801974447	0.182833383765	0.184013950297	0.183936492596	0.0	0.0385456716082	0.196674735059	0.196660783006	0.194127946831	0.196474834823	0.0969797881898	0.0870743760218	0.184281573195	0.192849978624	0.190122842872	0.189931038579	0.186883978392	0.186669524649	0.183913804106
TARA_110_SRF_0.22-3_G.snv.bam	0.204052783077	0.207156913416	0.217288317108	0.197840851924	0.191406403203	0.191904237915	0.187877714117	0.191867812231	0.184517367873	0.186380666222	0.17924506089	0.191064997089	0.182013742755	0.187582610266	0.186846801396	0.186680999935	0.19474255991	0.184386702658	0.185926093053	0.185387065203	0.0385456716082	0.0	0.19795984947	0.198239262284	0.195357710918	0.197530353425	0.101284511551	0.0975276666526	0.185037459093	0.192931758535	0.189657052243	0.190515037633	0.188262402638	0.187450668303	0.185234068208
TARA_123_SRF_0.22-3_G.snv.bam	0.133801404253	0.144890211436	0.161425347722	0.139023917407	0.0953970214363	0.0941055378625	0.0943582299033	0.0951655144306	0.0846452979969	0.086417530337	0.0847438681649	0.10183588034	0.0843346276276	0.0914350735254	0.0915126694157	0.0924914210479	0.0965368800217	0.0926412879775	0.089482989914	0.0912612124158	0.196674735059	0.19795984947	0.0	0.0101665798985	0.0109389955113	0.0131898325814	0.151410872021	0.178465812491	0.0906026788393	0.0879655111802	0.0886687850926	0.08845799873	0.0921773936841	0.0920943563884	0.0945965097714
TARA_124_MIX_0.22-3_G.snv.bam	0.136689990706	0.147585775654	0.164401408615	0.140648323503	0.0973771281066	0.0954301662596	0.0961213829493	0.0965520542707	0.0856501405368	0.0880983063297	0.0859818792974	0.10335197041	0.0854578198718	0.0925558762619	0.093188878605	0.0940261182505	0.09872598769	0.0949373557501	0.0910927035393	0.0923781677651	0.196660783006	0.198239262284	0.0101665798985	0.0	0.0115916057391	0.0144177112914	0.152482728055	0.179245184468	0.092520291592	0.0899702100134	0.0903256448628	0.0901848733715	0.0938556845934	0.0939145888016	0.0965807745241
TARA_124_SRF_0.22-3_G.snv.bam	0.134003728097	0.144908421461	0.16186605099	0.137789155918	0.0952605022283	0.0935574191819	0.0938291945627	0.0942579040841	0.083845190046	0.0854408465259	0.0839321939346	0.100866364297	0.0838446040101	0.0903544211629	0.0907068637861	0.0916335440194	0.0961908883208	0.0919459448859	0.0889876721292	0.0901939415944	0.194127946831	0.195357710918	0.0109389955113	0.0115916057391	0.0	0.0142926028104	0.149184189345	0.175911657437	0.090389514015	0.0877688364138	0.0882493781057	0.088168166533	0.091674515786	0.0919634083565	0.0950005516685
TARA_125_SRF_0.22-3_G.snv.bam	0.133799760204	0.144035588122	0.160877401461	0.138445957948	0.0941965612006	0.0932006831962	0.0938954522454	0.0943483402858	0.0838460379039	0.0852115836807	0.0834526211604	0.100166005905	0.0831430352078	0.0899936091354	0.0901279513771	0.0914337169898	0.0956897664451	0.0913237961342	0.0881711668954	0.0896561703677	0.196474834823	0.197530353425	0.0131898325814	0.0144177112914	0.0142926028104	0.0	0.151313775457	0.178492921631	0.0897093098208	0.0870246236677	0.087297105836	0.0870741666917	0.0900608263361	0.0905496053922	0.0930967459134
TARA_128_DCM_0.22-3_G.snv.bam	0.16953602904	0.1786628649	0.193156675968	0.173034080085	0.155519129646	0.153788673973	0.151389691817	0.153485127734	0.14296905252	0.149546023712	0.140917241583	0.155565997611	0.145376887988	0.152603544649	0.152081759081	0.152583687576	0.158090959071	0.150350010816	0.151613633815	0.15229170181	0.0969797881898	0.101284511551	0.151410872021	0.152482728055	0.149184189345	0.151313775457	0.0	0.0385620262607	0.152401787289	0.155120760302	0.154820893547	0.15562072994	0.155914534291	0.151753011655	0.153091027864
TARA_128_SRF_0.22-3_G.snv.bam	0.193696515861	0.199019030713	0.210261806163	0.194024073733	0.178792775316	0.17879714488	0.17493229394	0.176295642703	0.169654728721	0.175023940957	0.167092052722	0.179823471273	0.170678177547	0.177592728668	0.176680697908	0.176726559575	0.182355553442	0.174998126953	0.176254666591	0.17729876981	0.0870743760218	0.0975276666526	0.178465812491	0.179245184468	0.175911657437	0.178492921631	0.0385620262607	0.0	0.175752535545	0.179759283449	0.179735858754	0.179824324327	0.178574374647	0.176357133919	0.175443509785
TARA_140_SRF_0.22-3_G.snv.bam	0.116529030987	0.124835244127	0.144437299734	0.121430687746	0.0523922358908	0.050682021516	0.0579165948112	0.0544741271805	0.0570938860711	0.0407392430264	0.0404223642073	0.0541688302403	0.0479328765802	0.0443073570358	0.0378721383251	0.0372660583465	0.0511588654288	0.0427753261477	0.0406501077423	0.0413011186367	0.184281573195	0.185037459093	0.0906026788393	0.092520291592	0.090389514015	0.0897093098208	0.152401787289	0.175752535545	0.0	0.0469798469016	0.047243587744	0.0486715519259	0.0422717148973	0.0427825667219	0.0476161800014
TARA_141_SRF_0.22-3_G.snv.bam	0.118677097208	0.128435992245	0.147025050645	0.123106149206	0.0558849800312	0.0535823263008	0.0645149853563	0.0645499360196	0.0661963820221	0.0475475920456	0.0509879262932	0.0651143140168	0.0587414281669	0.0580494496149	0.0555655587553	0.0553188692432	0.0664943908968	0.057820056587	0.0543032936943	0.0556124650434	0.192849978624	0.192931758535	0.0879655111802	0.0899702100134	0.0877688364138	0.0870246236677	0.155120760302	0.179759283449	0.0469798469016	0.0	0.0322949488845	0.0345531447901	0.040331284479	0.039976648881	0.0480940434194
TARA_142_DCM_0.22-3_G.snv.bam	0.116133632838	0.127276957336	0.147009698976	0.122858184421	0.0528519786255	0.0523894360214	0.0628260731713	0.0608799660625	0.0654831960139	0.0463893948262	0.0500849749541	0.064099794524	0.0573121656405	0.0533460663191	0.0508067383327	0.0508383793155	0.0646941328776	0.056908197783	0.0508256418226	0.052304350203	0.190122842872	0.189657052243	0.0886687850926	0.0903256448628	0.0882493781057	0.087297105836	0.154820893547	0.179735858754	0.047243587744	0.0322949488845	0.0	0.0166379450256	0.0340323501628	0.039001832164	0.0486300755265
TARA_142_SRF_0.22-3_G.snv.bam	0.116428875929	0.12685355492	0.146516906912	0.121928983807	0.0538007899569	0.0546897702774	0.0643924749949	0.0626607001411	0.0662526669501	0.0487011228306	0.0518249102604	0.066057365339	0.0585470883886	0.0548371256265	0.0525998716817	0.052073378247	0.0647596969833	0.0584865142157	0.0529224683355	0.0542052172031	0.189931038579	0.190515037633	0.08845799873	0.0901848733715	0.088168166533	0.0870741666917	0.15562072994	0.179824324327	0.0486715519259	0.0345531447901	0.0166379450256	0.0	0.0357449581688	0.042274617807	0.0504379525106
TARA_146_SRF_0.22-3_G.snv.bam	0.117494432203	0.125479013623	0.144763837016	0.122920642706	0.0549286406232	0.0544697349665	0.0631437363541	0.0610686079126	0.0628284584505	0.0489176874935	0.0474501054639	0.0639736270771	0.0527106891233	0.0499941722473	0.0481036897831	0.0482741598212	0.057422086902	0.0507224174296	0.0464782740427	0.0494432016405	0.186883978392	0.188262402638	0.0921773936841	0.0938556845934	0.091674515786	0.0900608263361	0.155914534291	0.178574374647	0.0422717148973	0.040331284479	0.0340323501628	0.0357449581688	0.0	0.0276841260195	0.0334854704835
TARA_148_SRF_0.22-3_G.snv.bam	0.115487543817	0.125690462354	0.14544747314	0.121298648948	0.0547613162232	0.0520992885185	0.0614068983181	0.060303981135	0.0591043059039	0.0501122894253	0.0488115335877	0.0651327795029	0.0520850750615	0.0523943871233	0.0498880171963	0.048485386828	0.0590478852959	0.052783592095	0.0486089791117	0.0514995291307	0.186669524649	0.187450668303	0.0920943563884	0.0939145888016	0.0919634083565	0.0905496053922	0.151753011655	0.176357133919	0.0427825667219	0.039976648881	0.039001832164	0.042274617807	0.0276841260195	0.0	0.0325709294811
TARA_149_SRF_0.22-3_G.snv.bam	0.114776293549	0.122616261174	0.142420934995	0.121213396405	0.0604100281797	0.0573483539613	0.0610113321881	0.0610030312347	0.0610137465979	0.0547691342111	0.0512433498217	0.0674001636522	0.053534726546	0.0533868181499	0.0524000452027	0.0539634853297	0.0600221660896	0.0527449788965	0.0508396901101	0.0549419753745	0.183913804106	0.185234068208	0.0945965097714	0.0965807745241	0.0950005516685	0.0930967459134	0.153091027864	0.175443509785	0.0476161800014	0.0480940434194	0.0486300755265	0.0504379525106	0.0334854704835	0.0325709294811	0.0
