	TARA_033_SRF_0.22-1.6_G.snv.bam	TARA_034_SRF_0.22-1.6_G.snv.bam	TARA_036_DCM_0.22-1.6_G.snv.bam	TARA_038_DCM_0.22-1.6_G.snv.bam	TARA_038_SRF_0.22-1.6_G.snv.bam	TARA_039_DCM_0.22-1.6_G.snv.bam	TARA_057_SRF_0.22-3_G.snv.bam	TARA_058_DCM_0.22-3_G.snv.bam	TARA_062_SRF_0.22-3_G.snv.bam	TARA_064_DCM_0.22-3_G.snv.bam	TARA_064_SRF_0.22-3_G.snv.bam	TARA_065_DCM_0.22-3_G.snv.bam	TARA_065_SRF_0.22-3_G.snv.bam	TARA_066_SRF_0.22-3_G.snv.bam	TARA_140_SRF_0.22-3_G.snv.bam	TARA_141_SRF_0.22-3_G.snv.bam	TARA_142_DCM_0.22-3_G.snv.bam	TARA_142_SRF_0.22-3_G.snv.bam	TARA_146_SRF_0.22-3_G.snv.bam	TARA_148_SRF_0.22-3_G.snv.bam
TARA_033_SRF_0.22-1.6_G.snv.bam	0.0	0.0381910746491	0.0647014987106	0.0706880247135	0.0723397271591	0.0710843872869	0.0718663602933	0.0787373873221	0.0774690435488	0.0916412627902	0.0890448771037	0.0729469335901	0.0756412706651	0.0747583010055	0.0735724326275	0.0659419834701	0.0812418669416	0.0866932981641	0.0844625527507	0.0861049913572
TARA_034_SRF_0.22-1.6_G.snv.bam	0.0381910746491	0.0	0.0615393738247	0.0684034544049	0.0709080020839	0.0662865505841	0.0706980299185	0.076447235383	0.0789665471238	0.0923057491714	0.0874585962181	0.0709662235009	0.0747166298323	0.0732003121304	0.0741500068556	0.0642794440121	0.0767796184249	0.0810728097716	0.084848671692	0.0864269112588
TARA_036_DCM_0.22-1.6_G.snv.bam	0.0647014987106	0.0615393738247	0.0	0.0475693685169	0.0572677523077	0.0535234533895	0.0633219622188	0.0683174125048	0.0686670144643	0.0795389643668	0.0734312648736	0.0559958897125	0.0598288600541	0.0600565921263	0.0581837869597	0.0592933817439	0.0714372685689	0.0757651781915	0.0738034743933	0.0752345023782
TARA_038_DCM_0.22-1.6_G.snv.bam	0.0706880247135	0.0684034544049	0.0475693685169	0.0	0.0569330427697	0.0528875808813	0.0639898705631	0.0658712806246	0.067044822831	0.082177883028	0.0752527298128	0.055187934494	0.059977055961	0.0627453135825	0.0673284156678	0.0671005719257	0.0721780682207	0.0754584453268	0.0743651535748	0.0774487109404
TARA_038_SRF_0.22-1.6_G.snv.bam	0.0723397271591	0.0709080020839	0.0572677523077	0.0569330427697	0.0	0.0645420023688	0.0685178453004	0.076801345012	0.0739049106749	0.0909564314937	0.083049892419	0.0660628115017	0.0696234844997	0.0737600724282	0.0700997375831	0.0679582660956	0.0758731566895	0.0810046286901	0.0773983972182	0.0800671609446
TARA_039_DCM_0.22-1.6_G.snv.bam	0.0710843872869	0.0662865505841	0.0535234533895	0.0528875808813	0.0645420023688	0.0	0.0604655131976	0.0691920143829	0.0712037775798	0.0850142354373	0.0809846165993	0.0589633720593	0.0637894220776	0.0654472016643	0.0665390869759	0.057625083289	0.0665589295555	0.0688906671296	0.0783125395734	0.0795158038568
TARA_057_SRF_0.22-3_G.snv.bam	0.0718663602933	0.0706980299185	0.0633219622188	0.0639898705631	0.0685178453004	0.0604655131976	0.0	0.0512096773818	0.0547167606577	0.0810414743749	0.0731218599749	0.0477619047104	0.0517877524197	0.0616694015738	0.0720966026113	0.0715283178456	0.0789162963562	0.0839196722441	0.0847397449457	0.081908804166
TARA_058_DCM_0.22-3_G.snv.bam	0.0787373873221	0.076447235383	0.0683174125048	0.0658712806246	0.076801345012	0.0691920143829	0.0512096773818	0.0	0.0582792925133	0.0809488262845	0.0738026335393	0.0521814339971	0.0576548914497	0.0634334816723	0.0759438877602	0.0754718731376	0.0849786765904	0.0901946446513	0.08907804622	0.0864754087921
TARA_062_SRF_0.22-3_G.snv.bam	0.0774690435488	0.0789665471238	0.0686670144643	0.067044822831	0.0739049106749	0.0712037775798	0.0547167606577	0.0582792925133	0.0	0.0796344290766	0.0714187406662	0.0505769458564	0.0536546495027	0.0621822543633	0.0769769555372	0.0769645431584	0.0898663493531	0.0955830171901	0.0898792750207	0.0865098903903
TARA_064_DCM_0.22-3_G.snv.bam	0.0916412627902	0.0923057491714	0.0795389643668	0.082177883028	0.0909564314937	0.0850142354373	0.0810414743749	0.0809488262845	0.0796344290766	0.0	0.0665946342248	0.07280916777	0.0725850926466	0.0785859974889	0.0865079472759	0.0877134043069	0.0970514202143	0.0988505011379	0.0966429473238	0.0988646939955
TARA_064_SRF_0.22-3_G.snv.bam	0.0890448771037	0.0874585962181	0.0734312648736	0.0752527298128	0.083049892419	0.0809846165993	0.0731218599749	0.0738026335393	0.0714187406662	0.0665946342248	0.0	0.0604104541373	0.0584800623066	0.0722600868426	0.0806958521124	0.086339049393	0.0917029477893	0.0992266691912	0.0958164257527	0.0916019119898
TARA_065_DCM_0.22-3_G.snv.bam	0.0729469335901	0.0709662235009	0.0559958897125	0.055187934494	0.0660628115017	0.0589633720593	0.0477619047104	0.0521814339971	0.0505769458564	0.07280916777	0.0604104541373	0.0	0.0345935845276	0.0513372300173	0.0654582412231	0.0690911077791	0.0739812218725	0.0791219573465	0.0782809528162	0.077847407911
TARA_065_SRF_0.22-3_G.snv.bam	0.0756412706651	0.0747166298323	0.0598288600541	0.059977055961	0.0696234844997	0.0637894220776	0.0517877524197	0.0576548914497	0.0536546495027	0.0725850926466	0.0584800623066	0.0345935845276	0.0	0.0507190963278	0.0672097245378	0.0724715600426	0.077156576482	0.0837444754208	0.0814732731524	0.0816435286194
TARA_066_SRF_0.22-3_G.snv.bam	0.0747583010055	0.0732003121304	0.0600565921263	0.0627453135825	0.0737600724282	0.0654472016643	0.0616694015738	0.0634334816723	0.0621822543633	0.0785859974889	0.0722600868426	0.0513372300173	0.0507190963278	0.0	0.0711540925559	0.0742139712708	0.0799489365037	0.0853759828601	0.0821065216991	0.0790921532477
TARA_140_SRF_0.22-3_G.snv.bam	0.0735724326275	0.0741500068556	0.0581837869597	0.0673284156678	0.0700997375831	0.0665390869759	0.0720966026113	0.0759438877602	0.0769769555372	0.0865079472759	0.0806958521124	0.0654582412231	0.0672097245378	0.0711540925559	0.0	0.0670150189445	0.0885132585441	0.0972196024413	0.0864446322144	0.0906912878478
TARA_141_SRF_0.22-3_G.snv.bam	0.0659419834701	0.0642794440121	0.0592933817439	0.0671005719257	0.0679582660956	0.057625083289	0.0715283178456	0.0754718731376	0.0769645431584	0.0877134043069	0.086339049393	0.0690911077791	0.0724715600426	0.0742139712708	0.0670150189445	0.0	0.0602784501773	0.0692151476238	0.0720281333265	0.0760393600181
TARA_142_DCM_0.22-3_G.snv.bam	0.0812418669416	0.0767796184249	0.0714372685689	0.0721780682207	0.0758731566895	0.0665589295555	0.0789162963562	0.0849786765904	0.0898663493531	0.0970514202143	0.0917029477893	0.0739812218725	0.077156576482	0.0799489365037	0.0885132585441	0.0602784501773	0.0	0.0267015558407	0.0487179076163	0.0597087824231
TARA_142_SRF_0.22-3_G.snv.bam	0.0866932981641	0.0810728097716	0.0757651781915	0.0754584453268	0.0810046286901	0.0688906671296	0.0839196722441	0.0901946446513	0.0955830171901	0.0988505011379	0.0992266691912	0.0791219573465	0.0837444754208	0.0853759828601	0.0972196024413	0.0692151476238	0.0267015558407	0.0	0.0551406633376	0.0668428846592
TARA_146_SRF_0.22-3_G.snv.bam	0.0844625527507	0.084848671692	0.0738034743933	0.0743651535748	0.0773983972182	0.0783125395734	0.0847397449457	0.08907804622	0.0898792750207	0.0966429473238	0.0958164257527	0.0782809528162	0.0814732731524	0.0821065216991	0.0864446322144	0.0720281333265	0.0487179076163	0.0551406633376	0.0	0.0510440270692
TARA_148_SRF_0.22-3_G.snv.bam	0.0861049913572	0.0864269112588	0.0752345023782	0.0774487109404	0.0800671609446	0.0795158038568	0.081908804166	0.0864754087921	0.0865098903903	0.0988646939955	0.0916019119898	0.077847407911	0.0816435286194	0.0790921532477	0.0906912878478	0.0760393600181	0.0597087824231	0.0668428846592	0.0510440270692	0.0
