	TARA_032_DCM_0.22-1.6_G.snv.bam	TARA_041_DCM_0.22-1.6_G.snv.bam	TARA_052_DCM_0.22-1.6_G.snv.bam	TARA_062_SRF_0.22-3_G.snv.bam	TARA_064_DCM_0.22-3_G.snv.bam	TARA_064_SRF_0.22-3_G.snv.bam	TARA_065_DCM_0.22-3_G.snv.bam	TARA_065_SRF_0.22-3_G.snv.bam	TARA_076_DCM_0.22-3_G.snv.bam	TARA_078_DCM_0.22-3_G.snv.bam	TARA_098_DCM_0.22-3_G.snv.bam	TARA_111_DCM_0.22-3_G.snv.bam	TARA_112_DCM_0.22-3_G.snv.bam	TARA_142_DCM_0.22-3_G.snv.bam	TARA_142_SRF_0.22-3_G.snv.bam	TARA_146_SRF_0.22-3_G.snv.bam	TARA_148_SRF_0.22-3_G.snv.bam	TARA_149_SRF_0.22-3_G.snv.bam
TARA_032_DCM_0.22-1.6_G.snv.bam	0.0	0.0303541315346	0.0134907251265	0.0337268128162	0.0202360876897	0.0236087689713	0.0185497470489	0.0202360876897	0.026981450253	0.0303541315346	0.0725126475548	0.0556492411467	0.0337268128162	0.0219224283305	0.0219224283305	0.0236087689713	0.026981450253	0.0202360876897
TARA_041_DCM_0.22-1.6_G.snv.bam	0.0303541315346	0.0	0.0185497470489	0.0134907251265	0.0303541315346	0.0337268128162	0.0252951096121	0.0185497470489	0.0337268128162	0.035413153457	0.0775716694772	0.0607082630691	0.0387858347386	0.0404721753794	0.0455311973019	0.0370994940978	0.035413153457	0.035413153457
TARA_052_DCM_0.22-1.6_G.snv.bam	0.0134907251265	0.0185497470489	0.0	0.0168634064081	0.00505902192243	0.00337268128162	0.00337268128162	0.00337268128162	0.00337268128162	0.00674536256324	0.0623946037099	0.0421585160202	0.00843170320405	0.00168634064081	0.00337268128162	0.00337268128162	0.00505902192243	0.00168634064081
TARA_062_SRF_0.22-3_G.snv.bam	0.0337268128162	0.0134907251265	0.0168634064081	0.0	0.0320404721754	0.0320404721754	0.0219224283305	0.0202360876897	0.0303541315346	0.0337268128162	0.0674536256324	0.0556492411467	0.035413153457	0.0303541315346	0.0320404721754	0.0252951096121	0.0286677908938	0.026981450253
TARA_064_DCM_0.22-3_G.snv.bam	0.0202360876897	0.0303541315346	0.00505902192243	0.0320404721754	0.0	0.0	0.0	0.0	0.0	0.00168634064081	0.070826306914	0.0505902192243	0.0134907251265	0.00843170320405	0.0101180438449	0.0	0.00168634064081	0.0
TARA_064_SRF_0.22-3_G.snv.bam	0.0236087689713	0.0337268128162	0.00337268128162	0.0320404721754	0.0	0.0	0.0	0.0	0.0	0.00168634064081	0.0691399662732	0.0489038785835	0.0134907251265	0.00843170320405	0.0118043844857	0.0	0.00168634064081	0.0
TARA_065_DCM_0.22-3_G.snv.bam	0.0185497470489	0.0252951096121	0.00337268128162	0.0219224283305	0.0	0.0	0.0	0.0	0.0	0.00168634064081	0.070826306914	0.0489038785835	0.00843170320405	0.00674536256324	0.00843170320405	0.0	0.00168634064081	0.0
TARA_065_SRF_0.22-3_G.snv.bam	0.0202360876897	0.0185497470489	0.00337268128162	0.0202360876897	0.0	0.0	0.0	0.0	0.0	0.00168634064081	0.070826306914	0.0489038785835	0.00843170320405	0.00337268128162	0.00843170320405	0.0	0.0	0.0
TARA_076_DCM_0.22-3_G.snv.bam	0.026981450253	0.0337268128162	0.00337268128162	0.0303541315346	0.0	0.0	0.0	0.0	0.0	0.0	0.0657672849916	0.043844856661	0.00843170320405	0.0118043844857	0.0151770657673	0.0	0.0	0.0
TARA_078_DCM_0.22-3_G.snv.bam	0.0303541315346	0.035413153457	0.00674536256324	0.0337268128162	0.00168634064081	0.00168634064081	0.00168634064081	0.00168634064081	0.0	0.0	0.0691399662732	0.043844856661	0.0134907251265	0.0118043844857	0.0134907251265	0.0	0.0	0.0
TARA_098_DCM_0.22-3_G.snv.bam	0.0725126475548	0.0775716694772	0.0623946037099	0.0674536256324	0.070826306914	0.0691399662732	0.070826306914	0.070826306914	0.0657672849916	0.0691399662732	0.0	0.00505902192243	0.0573355817875	0.0775716694772	0.0809443507589	0.0657672849916	0.0691399662732	0.0623946037099
TARA_111_DCM_0.22-3_G.snv.bam	0.0556492411467	0.0607082630691	0.0421585160202	0.0556492411467	0.0505902192243	0.0489038785835	0.0489038785835	0.0489038785835	0.043844856661	0.043844856661	0.00505902192243	0.0	0.043844856661	0.0623946037099	0.0657672849916	0.0472175379427	0.0489038785835	0.0472175379427
TARA_112_DCM_0.22-3_G.snv.bam	0.0337268128162	0.0387858347386	0.00843170320405	0.035413153457	0.0134907251265	0.0134907251265	0.00843170320405	0.00843170320405	0.00843170320405	0.0134907251265	0.0573355817875	0.043844856661	0.0	0.0236087689713	0.026981450253	0.00843170320405	0.0118043844857	0.0101180438449
TARA_142_DCM_0.22-3_G.snv.bam	0.0219224283305	0.0404721753794	0.00168634064081	0.0303541315346	0.00843170320405	0.00843170320405	0.00674536256324	0.00337268128162	0.0118043844857	0.0118043844857	0.0775716694772	0.0623946037099	0.0236087689713	0.0	0.0	0.00505902192243	0.00505902192243	0.00843170320405
TARA_142_SRF_0.22-3_G.snv.bam	0.0219224283305	0.0455311973019	0.00337268128162	0.0320404721754	0.0101180438449	0.0118043844857	0.00843170320405	0.00843170320405	0.0151770657673	0.0134907251265	0.0809443507589	0.0657672849916	0.026981450253	0.0	0.0	0.00843170320405	0.0118043844857	0.00843170320405
TARA_146_SRF_0.22-3_G.snv.bam	0.0236087689713	0.0370994940978	0.00337268128162	0.0252951096121	0.0	0.0	0.0	0.0	0.0	0.0	0.0657672849916	0.0472175379427	0.00843170320405	0.00505902192243	0.00843170320405	0.0	0.0	0.0
TARA_148_SRF_0.22-3_G.snv.bam	0.026981450253	0.035413153457	0.00505902192243	0.0286677908938	0.00168634064081	0.00168634064081	0.00168634064081	0.0	0.0	0.0	0.0691399662732	0.0489038785835	0.0118043844857	0.00505902192243	0.0118043844857	0.0	0.0	0.0
TARA_149_SRF_0.22-3_G.snv.bam	0.0202360876897	0.035413153457	0.00168634064081	0.026981450253	0.0	0.0	0.0	0.0	0.0	0.0	0.0623946037099	0.0472175379427	0.0101180438449	0.00843170320405	0.00843170320405	0.0	0.0	0.0
