	TARA_004_DCM_0.22-1.6_G.snv.bam	TARA_004_SRF_0.22-1.6_G.snv.bam	TARA_009_DCM_0.22-1.6_G.snv.bam	TARA_023_DCM_0.22-1.6_G.snv.bam	TARA_025_DCM_0.22-1.6_G.snv.bam	TARA_066_DCM_0.22-3_G.snv.bam	TARA_066_SRF_0.22-3_G.snv.bam	TARA_078_DCM_0.22-3_G.snv.bam	TARA_149_SRF_0.22-3_G.snv.bam	TARA_150_DCM_0.22-3_G.snv.bam	TARA_150_SRF_0.22-3_G.snv.bam	TARA_151_DCM_0.22-3_G.snv.bam	TARA_151_SRF_0.22-3_G.snv.bam
TARA_004_DCM_0.22-1.6_G.snv.bam	0.0	0.0	0.0234521575985	0.0572232645403	0.0384615384615	0.00093808630394	0.00093808630394	0.00187617260788	0.0121951219512	0.0	0.0	0.0	0.0
TARA_004_SRF_0.22-1.6_G.snv.bam	0.0	0.0	0.0262664165103	0.0581613508443	0.0422138836773	0.0046904315197	0.00281425891182	0.00187617260788	0.0140712945591	0.0	0.0	0.00093808630394	0.0
TARA_009_DCM_0.22-1.6_G.snv.bam	0.0234521575985	0.0262664165103	0.0	0.0046904315197	0.00281425891182	0.031894934334	0.0243902439024	0.0281425891182	0.0459662288931	0.0234521575985	0.0243902439024	0.0281425891182	0.0290806754221
TARA_023_DCM_0.22-1.6_G.snv.bam	0.0572232645403	0.0581613508443	0.0046904315197	0.0	0.00281425891182	0.0534709193246	0.0534709193246	0.0562851782364	0.0731707317073	0.0572232645403	0.0534709193246	0.0647279549719	0.0684803001876
TARA_025_DCM_0.22-1.6_G.snv.bam	0.0384615384615	0.0422138836773	0.00281425891182	0.00281425891182	0.0	0.0375234521576	0.0337711069418	0.0403377110694	0.0534709193246	0.0384615384615	0.0356472795497	0.0431519699812	0.0459662288931
TARA_066_DCM_0.22-3_G.snv.bam	0.00093808630394	0.0046904315197	0.031894934334	0.0534709193246	0.0375234521576	0.0	0.0	0.0046904315197	0.0112570356473	0.0	0.00187617260788	0.00187617260788	0.0046904315197
TARA_066_SRF_0.22-3_G.snv.bam	0.00093808630394	0.00281425891182	0.0243902439024	0.0534709193246	0.0337711069418	0.0	0.0	0.00187617260788	0.0103189493433	0.0	0.0	0.00093808630394	0.00187617260788
TARA_078_DCM_0.22-3_G.snv.bam	0.00187617260788	0.00187617260788	0.0281425891182	0.0562851782364	0.0403377110694	0.0046904315197	0.00187617260788	0.0	0.0196998123827	0.00281425891182	0.00281425891182	0.0046904315197	0.00656660412758
TARA_149_SRF_0.22-3_G.snv.bam	0.0121951219512	0.0140712945591	0.0459662288931	0.0731707317073	0.0534709193246	0.0112570356473	0.0103189493433	0.0196998123827	0.0	0.00844277673546	0.00844277673546	0.0178236397749	0.0168855534709
TARA_150_DCM_0.22-3_G.snv.bam	0.0	0.0	0.0234521575985	0.0572232645403	0.0384615384615	0.0	0.0	0.00281425891182	0.00844277673546	0.0	0.0	0.0	0.0
TARA_150_SRF_0.22-3_G.snv.bam	0.0	0.0	0.0243902439024	0.0534709193246	0.0356472795497	0.00187617260788	0.0	0.00281425891182	0.00844277673546	0.0	0.0	0.0	0.0
TARA_151_DCM_0.22-3_G.snv.bam	0.0	0.00093808630394	0.0281425891182	0.0647279549719	0.0431519699812	0.00187617260788	0.00093808630394	0.0046904315197	0.0178236397749	0.0	0.0	0.0	0.0
TARA_151_SRF_0.22-3_G.snv.bam	0.0	0.0	0.0290806754221	0.0684803001876	0.0459662288931	0.0046904315197	0.00187617260788	0.00656660412758	0.0168855534709	0.0	0.0	0.0	0.0
