	TARA_032_DCM_0.22-1.6_G.snv.bam	TARA_034_DCM_0.22-1.6_G.snv.bam	TARA_038_DCM_0.22-1.6_G.snv.bam	TARA_041_DCM_0.22-1.6_G.snv.bam	TARA_042_DCM_0.22-1.6_G.snv.bam	TARA_064_DCM_0.22-3_G.snv.bam	TARA_064_SRF_0.22-3_G.snv.bam	TARA_065_DCM_0.22-3_G.snv.bam	TARA_065_SRF_0.22-3_G.snv.bam	TARA_122_MES_0.22-3_G.snv.bam	TARA_123_MIX_0.22-3_G.snv.bam	TARA_124_MIX_0.22-3_G.snv.bam	TARA_124_SRF_0.22-3_G.snv.bam	TARA_125_MIX_0.22-3_G.snv.bam	TARA_128_DCM_0.22-3_G.snv.bam	TARA_128_SRF_0.22-3_G.snv.bam	TARA_145_SRF_0.22-3_G.snv.bam	TARA_146_SRF_0.22-3_G.snv.bam	TARA_148_SRF_0.22-3_G.snv.bam	TARA_148b_MES_0.22-3_G.snv.bam	TARA_149_SRF_0.22-3_G.snv.bam
TARA_032_DCM_0.22-1.6_G.snv.bam	0.0	0.0326375283607	0.0674880897105	0.0463477303076	0.0479289740249	0.0531992213659	0.054958691988	0.049753819117	0.0525618544592	0.130580932611	0.121861443986	0.0908965362025	0.0997854901235	0.12182883864	0.0934323958915	0.0985830516031	0.0580483604971	0.0552254445889	0.0594137039153	0.0701582758665	0.0680657483593
TARA_034_DCM_0.22-1.6_G.snv.bam	0.0326375283607	0.0	0.0653210812214	0.0397098621997	0.0419922412379	0.0514044501923	0.0519140744918	0.046163100682	0.0480988581526	0.12996346334	0.118768469201	0.0872730783292	0.0965423532624	0.118915524953	0.0911956375619	0.0967183290777	0.0561113816292	0.0538570180982	0.0591896516103	0.0714373377023	0.0679021734024
TARA_038_DCM_0.22-1.6_G.snv.bam	0.0674880897105	0.0653210812214	0.0	0.0465161362735	0.0619631806482	0.0754038996	0.0727542599893	0.0676070138191	0.0715736868826	0.131860629631	0.123754524905	0.106291314572	0.115264013513	0.123999432697	0.10228729584	0.106747973851	0.0806675859333	0.0803519546609	0.0828085033137	0.0967412147901	0.0921160894716
TARA_041_DCM_0.22-1.6_G.snv.bam	0.0463477303076	0.0397098621997	0.0465161362735	0.0	0.0319762367589	0.0509227814916	0.0486487059238	0.0404133587685	0.0469262972765	0.124737211066	0.114100488287	0.0865005334025	0.0986170159368	0.11386293686	0.0876450095431	0.0947730806234	0.0552465811357	0.0562689620204	0.0594256328079	0.0755767143117	0.0686609004782
TARA_042_DCM_0.22-1.6_G.snv.bam	0.0479289740249	0.0419922412379	0.0619631806482	0.0319762367589	0.0	0.0501065146982	0.0459272117018	0.0406619154544	0.0449006856874	0.126883409431	0.117089358311	0.0882390080424	0.100160634435	0.11745004892	0.0878962502755	0.0922469426974	0.0552948388826	0.0549958568258	0.0585156109548	0.0761132257404	0.0674331720929
TARA_064_DCM_0.22-3_G.snv.bam	0.0531992213659	0.0514044501923	0.0754038996	0.0509227814916	0.0501065146982	0.0	0.0483465156445	0.0396743684657	0.0449513666286	0.129892967101	0.121809571448	0.0964076319668	0.105299337965	0.123190730366	0.0926891477905	0.0989329454667	0.0517910638551	0.0479301082495	0.0525118945299	0.0618151973559	0.0592075681222
TARA_064_SRF_0.22-3_G.snv.bam	0.054958691988	0.0519140744918	0.0727542599893	0.0486487059238	0.0459272117018	0.0483465156445	0.0	0.0389597870406	0.0449986271559	0.132227203703	0.122875046896	0.0963309688319	0.104752723157	0.123911286419	0.0945364036397	0.099249547284	0.0515501092986	0.0483872064897	0.0515090801092	0.0685220913634	0.0591133382392
TARA_065_DCM_0.22-3_G.snv.bam	0.049753819117	0.046163100682	0.0676070138191	0.0404133587685	0.0406619154544	0.0396743684657	0.0389597870406	0.0	0.0383110222146	0.126118622092	0.115174437027	0.0881838887706	0.0986438698246	0.116637193142	0.0881060095619	0.0942618105008	0.0469227178059	0.0418929221553	0.0464767329086	0.0647776418757	0.0552234210771
TARA_065_SRF_0.22-3_G.snv.bam	0.0525618544592	0.0480988581526	0.0715736868826	0.0469262972765	0.0449006856874	0.0449513666286	0.0449986271559	0.0383110222146	0.0	0.130756834293	0.121510421105	0.0948662141889	0.103037465828	0.123398233524	0.0938037102964	0.096641745844	0.0502832954953	0.0452435276004	0.0486388098062	0.0653644381086	0.0578398308495
TARA_122_MES_0.22-3_G.snv.bam	0.130580932611	0.12996346334	0.131860629631	0.124737211066	0.126883409431	0.129892967101	0.132227203703	0.126118622092	0.130756834293	0.0	0.0463784729176	0.118832060983	0.13030548041	0.0382039789166	0.0814983596658	0.0842323790091	0.140053414777	0.13873950044	0.140000073639	0.146594575208	0.149077291778
TARA_123_MIX_0.22-3_G.snv.bam	0.121861443986	0.118768469201	0.123754524905	0.114100488287	0.117089358311	0.121809571448	0.122875046896	0.115174437027	0.121510421105	0.0463784729176	0.0	0.0915333353132	0.108108705194	0.038890053837	0.0765881021495	0.0811754866824	0.129819541836	0.128265182444	0.129484384011	0.137988052727	0.139813366075
TARA_124_MIX_0.22-3_G.snv.bam	0.0908965362025	0.0872730783292	0.106291314572	0.0865005334025	0.0882390080424	0.0964076319668	0.0963309688319	0.0881838887706	0.0948662141889	0.118832060983	0.0915333353132	0.0	0.0472523547645	0.107956108648	0.0922119137718	0.0976868288157	0.100551434329	0.0997215148828	0.103319412637	0.11330365373	0.109225592726
TARA_124_SRF_0.22-3_G.snv.bam	0.0997854901235	0.0965423532624	0.115264013513	0.0986170159368	0.100160634435	0.105299337965	0.104752723157	0.0986438698246	0.103037465828	0.13030548041	0.108108705194	0.0472523547645	0.0	0.121880061536	0.105547438142	0.109070519649	0.109269023446	0.110063176757	0.112909357874	0.119944019608	0.120287257851
TARA_125_MIX_0.22-3_G.snv.bam	0.12182883864	0.118915524953	0.123999432697	0.11386293686	0.11745004892	0.123190730366	0.123911286419	0.116637193142	0.123398233524	0.0382039789166	0.038890053837	0.107956108648	0.121880061536	0.0	0.0710401370005	0.0766693099029	0.131335785224	0.131358974467	0.132059984396	0.139175292377	0.142027486298
TARA_128_DCM_0.22-3_G.snv.bam	0.0934323958915	0.0911956375619	0.10228729584	0.0876450095431	0.0878962502755	0.0926891477905	0.0945364036397	0.0881060095619	0.0938037102964	0.0814983596658	0.0765881021495	0.0922119137718	0.105547438142	0.0710401370005	0.0	0.0507682122608	0.104150179917	0.103278447207	0.104656624218	0.114979789915	0.113055868176
TARA_128_SRF_0.22-3_G.snv.bam	0.0985830516031	0.0967183290777	0.106747973851	0.0947730806234	0.0922469426974	0.0989329454667	0.099249547284	0.0942618105008	0.096641745844	0.0842323790091	0.0811754866824	0.0976868288157	0.109070519649	0.0766693099029	0.0507682122608	0.0	0.108476308719	0.108067197794	0.109051534491	0.116408531625	0.116510468131
TARA_145_SRF_0.22-3_G.snv.bam	0.0580483604971	0.0561113816292	0.0806675859333	0.0552465811357	0.0552948388826	0.0517910638551	0.0515501092986	0.0469227178059	0.0502832954953	0.140053414777	0.129819541836	0.100551434329	0.109269023446	0.131335785224	0.104150179917	0.108476308719	0.0	0.0386298346656	0.0385226894596	0.0527680685802	0.0458203101997
TARA_146_SRF_0.22-3_G.snv.bam	0.0552254445889	0.0538570180982	0.0803519546609	0.0562689620204	0.0549958568258	0.0479301082495	0.0483872064897	0.0418929221553	0.0452435276004	0.13873950044	0.128265182444	0.0997215148828	0.110063176757	0.131358974467	0.103278447207	0.108067197794	0.0386298346656	0.0	0.0256380656112	0.0476788842071	0.0355474422432
TARA_148_SRF_0.22-3_G.snv.bam	0.0594137039153	0.0591896516103	0.0828085033137	0.0594256328079	0.0585156109548	0.0525118945299	0.0515090801092	0.0464767329086	0.0486388098062	0.140000073639	0.129484384011	0.103319412637	0.112909357874	0.132059984396	0.104656624218	0.109051534491	0.0385226894596	0.0256380656112	0.0	0.0462712512273	0.0344809751712
TARA_148b_MES_0.22-3_G.snv.bam	0.0701582758665	0.0714373377023	0.0967412147901	0.0755767143117	0.0761132257404	0.0618151973559	0.0685220913634	0.0647776418757	0.0653644381086	0.146594575208	0.137988052727	0.11330365373	0.119944019608	0.139175292377	0.114979789915	0.116408531625	0.0527680685802	0.0476788842071	0.0462712512273	0.0	0.0443228159737
TARA_149_SRF_0.22-3_G.snv.bam	0.0680657483593	0.0679021734024	0.0921160894716	0.0686609004782	0.0674331720929	0.0592075681222	0.0591133382392	0.0552234210771	0.0578398308495	0.149077291778	0.139813366075	0.109225592726	0.120287257851	0.142027486298	0.113055868176	0.116510468131	0.0458203101997	0.0355474422432	0.0344809751712	0.0443228159737	0.0
