	TARA_032_DCM_0.22-1.6_G.snv.bam	TARA_032_SRF_0.22-1.6_G.snv.bam	TARA_033_SRF_0.22-1.6_G.snv.bam	TARA_034_DCM_0.22-1.6_G.snv.bam	TARA_034_SRF_0.22-1.6_G.snv.bam	TARA_038_DCM_0.22-1.6_G.snv.bam	TARA_039_DCM_0.22-1.6_G.snv.bam	TARA_041_DCM_0.22-1.6_G.snv.bam	TARA_042_DCM_0.22-1.6_G.snv.bam	TARA_057_SRF_0.22-3_G.snv.bam	TARA_064_DCM_0.22-3_G.snv.bam	TARA_064_SRF_0.22-3_G.snv.bam	TARA_065_DCM_0.22-3_G.snv.bam	TARA_065_SRF_0.22-3_G.snv.bam	TARA_124_MIX_0.22-3_G.snv.bam	TARA_124_SRF_0.22-3_G.snv.bam	TARA_125_SRF_0.22-3_G.snv.bam	TARA_141_SRF_0.22-3_G.snv.bam	TARA_142_DCM_0.22-3_G.snv.bam	TARA_142_SRF_0.22-3_G.snv.bam	TARA_145_SRF_0.22-3_G.snv.bam	TARA_146_SRF_0.22-3_G.snv.bam	TARA_148_SRF_0.22-3_G.snv.bam	TARA_149_SRF_0.22-3_G.snv.bam
TARA_032_DCM_0.22-1.6_G.snv.bam	0.0	0.041478027027	0.043077403569	0.0328261005202	0.0465754968122	0.0448361733695	0.0466176898712	0.0431819256055	0.0437627180739	0.0526218008476	0.0542121855866	0.0499151457561	0.0436946354197	0.0450036936116	0.0789356301641	0.0690060883633	0.0672351068913	0.0559823034796	0.0506550324346	0.0515042892134	0.0540208955126	0.0533690256767	0.053990727073	0.0572438263905
TARA_032_SRF_0.22-1.6_G.snv.bam	0.041478027027	0.0	0.0443264863457	0.0426222591169	0.0462852054222	0.0515640012228	0.0481236562669	0.0476561327208	0.0490418616937	0.0551539593417	0.0608405577519	0.059096119022	0.0520791107695	0.0539572700913	0.0776880397032	0.0692889196897	0.0676363253584	0.0534761320411	0.053819360145	0.0558721920413	0.0587430127903	0.0615703269744	0.0607145011474	0.0662347262824
TARA_033_SRF_0.22-1.6_G.snv.bam	0.043077403569	0.0443264863457	0.0	0.0418427652603	0.0256620657805	0.0423349654536	0.0402190684201	0.0372814875665	0.0360949963284	0.0499647042703	0.0600258084789	0.055027977898	0.0439674569033	0.0466332718645	0.0794774284852	0.0685749839069	0.0671090308757	0.0438115619163	0.0474578848531	0.0487386118232	0.0544205034141	0.0541025926575	0.0552208998555	0.0613927638223
TARA_034_DCM_0.22-1.6_G.snv.bam	0.0328261005202	0.0426222591169	0.0418427652603	0.0	0.0421081482128	0.0426921618322	0.0449646599609	0.0411628101431	0.0413442349956	0.0502370643952	0.0523315767913	0.049827449495	0.0427761301191	0.0455555412939	0.076408033509	0.0678694143834	0.0666562876668	0.0516624214888	0.0494395654155	0.0510189094852	0.0511279452986	0.0548659027175	0.0560100443823	0.0564732183368
TARA_034_SRF_0.22-1.6_G.snv.bam	0.0465754968122	0.0462852054222	0.0256620657805	0.0421081482128	0.0	0.0418801578216	0.0420526970602	0.0377328368282	0.0367246971593	0.0510093953963	0.0599773500935	0.0560784035376	0.0457924004505	0.0485511313413	0.0791638278205	0.0692929330807	0.0674930750579	0.0453427970888	0.0499416281027	0.0505823709827	0.054349247806	0.0556065224103	0.0569625757772	0.0614584991816
TARA_038_DCM_0.22-1.6_G.snv.bam	0.0448361733695	0.0515640012228	0.0423349654536	0.0426921618322	0.0418801578216	0.0	0.0341615056131	0.029054004519	0.0327558584699	0.0507659771959	0.0544547546658	0.0502422254367	0.0416084417671	0.043481464297	0.0751619229243	0.0671492336374	0.0641404151587	0.0494325878797	0.0480154810724	0.0492126115765	0.054170414426	0.0524388356035	0.0532125049775	0.0574796941764
TARA_039_DCM_0.22-1.6_G.snv.bam	0.0466176898712	0.0481236562669	0.0402190684201	0.0449646599609	0.0420526970602	0.0341615056131	0.0	0.028923540125	0.033289987141	0.0505769148896	0.0581231266175	0.0544776237635	0.044167979208	0.0464105385115	0.0751546687255	0.064126124536	0.0620052976873	0.0455726141363	0.0468072971535	0.0467801652024	0.0550113415237	0.0541712547531	0.0553977224444	0.0610268268784
TARA_041_DCM_0.22-1.6_G.snv.bam	0.0431819256055	0.0476561327208	0.0372814875665	0.0411628101431	0.0377328368282	0.029054004519	0.028923540125	0.0	0.0271752371689	0.0470121275629	0.0556259405887	0.0500210440903	0.0386394126824	0.0417512328566	0.072856790229	0.0640923880201	0.0614455442037	0.0447926444396	0.0439212957596	0.0440467807709	0.0517596781185	0.0507268523169	0.0523993836981	0.0572796838183
TARA_042_DCM_0.22-1.6_G.snv.bam	0.0437627180739	0.0490418616937	0.0360949963284	0.0413442349956	0.0367246971593	0.0327558584699	0.033289987141	0.0271752371689	0.0	0.0439632617538	0.0528885209165	0.0481516902858	0.0346245379668	0.0384296351226	0.0768052967593	0.0677401026964	0.0651318004683	0.0445211180971	0.043571697338	0.0442067483907	0.0534344273056	0.0494560833782	0.0510747970613	0.0566659054785
TARA_057_SRF_0.22-3_G.snv.bam	0.0526218008476	0.0551539593417	0.0499647042703	0.0502370643952	0.0510093953963	0.0507659771959	0.0505769148896	0.0470121275629	0.0439632617538	0.0	0.0549388509632	0.0511150558654	0.0404640594843	0.0425646777201	0.0866072793535	0.0777928921084	0.076168296243	0.0588173160924	0.0553649570912	0.0555743883044	0.0588924954332	0.0579617999367	0.0585754389801	0.0627151127102
TARA_064_DCM_0.22-3_G.snv.bam	0.0542121855866	0.0608405577519	0.0600258084789	0.0523315767913	0.0599773500935	0.0544547546658	0.0581231266175	0.0556259405887	0.0528885209165	0.0549388509632	0.0	0.0387544122026	0.0414025312293	0.0420475392578	0.0887786930328	0.0825941635043	0.0807749751549	0.0664537976764	0.0621463118919	0.063948447398	0.0614361108118	0.0607815411009	0.0612551965643	0.0617754437234
TARA_064_SRF_0.22-3_G.snv.bam	0.0499151457561	0.059096119022	0.055027977898	0.049827449495	0.0560784035376	0.0502422254367	0.0544776237635	0.0500210440903	0.0481516902858	0.0511150558654	0.0387544122026	0.0	0.0376032768428	0.0373425660527	0.0876045624403	0.0792185357152	0.0789698471247	0.0630936555625	0.0582343505043	0.0598720871744	0.0590829172985	0.0569635871968	0.057634607976	0.0587186203206
TARA_065_DCM_0.22-3_G.snv.bam	0.0436946354197	0.0520791107695	0.0439674569033	0.0427761301191	0.0457924004505	0.0416084417671	0.044167979208	0.0386394126824	0.0346245379668	0.0404640594843	0.0414025312293	0.0376032768428	0.0	0.0267880402975	0.084084095593	0.0767027339354	0.0751827914108	0.0509563770042	0.0477215766696	0.0486386410404	0.0511071697659	0.0474560231146	0.0498777649428	0.0531413066021
TARA_065_SRF_0.22-3_G.snv.bam	0.0450036936116	0.0539572700913	0.0466332718645	0.0455555412939	0.0485511313413	0.043481464297	0.0464105385115	0.0417512328566	0.0384296351226	0.0425646777201	0.0420475392578	0.0373425660527	0.0267880402975	0.0	0.0855199004368	0.0779559213934	0.0770602281469	0.0548317455334	0.0507048580167	0.0522159514176	0.0539748178979	0.0500783346331	0.0498667632287	0.05406438827
TARA_124_MIX_0.22-3_G.snv.bam	0.0789356301641	0.0776880397032	0.0794774284852	0.076408033509	0.0791638278205	0.0751619229243	0.0751546687255	0.072856790229	0.0768052967593	0.0866072793535	0.0887786930328	0.0876045624403	0.084084095593	0.0855199004368	0.0	0.0508358531823	0.0524732058839	0.0814833181743	0.084646868295	0.0858491160584	0.0853204485448	0.0873291412886	0.0887258890738	0.088936636067
TARA_124_SRF_0.22-3_G.snv.bam	0.0690060883633	0.0692889196897	0.0685749839069	0.0678694143834	0.0692929330807	0.0671492336374	0.064126124536	0.0640923880201	0.0677401026964	0.0777928921084	0.0825941635043	0.0792185357152	0.0767027339354	0.0779559213934	0.0508358531823	0.0	0.0312074148605	0.0724928516342	0.0745307370385	0.0747595771561	0.0791986145548	0.0799795406003	0.0811493295485	0.0852774518538
TARA_125_SRF_0.22-3_G.snv.bam	0.0672351068913	0.0676363253584	0.0671090308757	0.0666562876668	0.0674930750579	0.0641404151587	0.0620052976873	0.0614455442037	0.0651318004683	0.076168296243	0.0807749751549	0.0789698471247	0.0751827914108	0.0770602281469	0.0524732058839	0.0312074148605	0.0	0.0728380402169	0.0733142940517	0.0748101258315	0.0808053944676	0.0805400423606	0.081457165906	0.0860632840156
TARA_141_SRF_0.22-3_G.snv.bam	0.0559823034796	0.0534761320411	0.0438115619163	0.0516624214888	0.0453427970888	0.0494325878797	0.0455726141363	0.0447926444396	0.0445211180971	0.0588173160924	0.0664537976764	0.0630936555625	0.0509563770042	0.0548317455334	0.0814833181743	0.0724928516342	0.0728380402169	0.0	0.0417360958754	0.0423253212667	0.0570821073356	0.0552357449296	0.057557797829	0.0648519976794
TARA_142_DCM_0.22-3_G.snv.bam	0.0506550324346	0.053819360145	0.0474578848531	0.0494395654155	0.0499416281027	0.0480154810724	0.0468072971535	0.0439212957596	0.043571697338	0.0553649570912	0.0621463118919	0.0582343505043	0.0477215766696	0.0507048580167	0.084646868295	0.0745307370385	0.0733142940517	0.0417360958754	0.0	0.0193122394298	0.0556667755119	0.0369566203808	0.0378700611712	0.0564827852012
TARA_142_SRF_0.22-3_G.snv.bam	0.0515042892134	0.0558721920413	0.0487386118232	0.0510189094852	0.0505823709827	0.0492126115765	0.0467801652024	0.0440467807709	0.0442067483907	0.0555743883044	0.063948447398	0.0598720871744	0.0486386410404	0.0522159514176	0.0858491160584	0.0747595771561	0.0748101258315	0.0423253212667	0.0193122394298	0.0	0.0572823200949	0.0385588960734	0.0398549518166	0.0575682596455
TARA_145_SRF_0.22-3_G.snv.bam	0.0540208955126	0.0587430127903	0.0544205034141	0.0511279452986	0.054349247806	0.054170414426	0.0550113415237	0.0517596781185	0.0534344273056	0.0588924954332	0.0614361108118	0.0590829172985	0.0511071697659	0.0539748178979	0.0853204485448	0.0791986145548	0.0808053944676	0.0570821073356	0.0556667755119	0.0572823200949	0.0	0.0483870526161	0.049260940993	0.0376011942105
TARA_146_SRF_0.22-3_G.snv.bam	0.0533690256767	0.0615703269744	0.0541025926575	0.0548659027175	0.0556065224103	0.0524388356035	0.0541712547531	0.0507268523169	0.0494560833782	0.0579617999367	0.0607815411009	0.0569635871968	0.0474560231146	0.0500783346331	0.0873291412886	0.0799795406003	0.0805400423606	0.0552357449296	0.0369566203808	0.0385588960734	0.0483870526161	0.0	0.0292314256134	0.0424638401918
TARA_148_SRF_0.22-3_G.snv.bam	0.053990727073	0.0607145011474	0.0552208998555	0.0560100443823	0.0569625757772	0.0532125049775	0.0553977224444	0.0523993836981	0.0510747970613	0.0585754389801	0.0612551965643	0.057634607976	0.0498777649428	0.0498667632287	0.0887258890738	0.0811493295485	0.081457165906	0.057557797829	0.0378700611712	0.0398549518166	0.049260940993	0.0292314256134	0.0	0.0461130170369
TARA_149_SRF_0.22-3_G.snv.bam	0.0572438263905	0.0662347262824	0.0613927638223	0.0564732183368	0.0614584991816	0.0574796941764	0.0610268268784	0.0572796838183	0.0566659054785	0.0627151127102	0.0617754437234	0.0587186203206	0.0531413066021	0.05406438827	0.088936636067	0.0852774518538	0.0860632840156	0.0648519976794	0.0564827852012	0.0575682596455	0.0376011942105	0.0424638401918	0.0461130170369	0.0
