	TARA_030_DCM_0.22-1.6_G.snv.bam	TARA_068_DCM_0.22-3_G.snv.bam	TARA_072_DCM_0.22-3_G.snv.bam	TARA_076_DCM_0.22-3_G.snv.bam	TARA_078_DCM_0.22-3_G.snv.bam	TARA_098_DCM_0.22-3_G.snv.bam	TARA_111_DCM_0.22-3_G.snv.bam	TARA_112_DCM_0.22-3_G.snv.bam	TARA_146_SRF_0.22-3_G.snv.bam	TARA_148_SRF_0.22-3_G.snv.bam	TARA_149_SRF_0.22-3_G.snv.bam	TARA_150_DCM_0.22-3_G.snv.bam	TARA_150_SRF_0.22-3_G.snv.bam
TARA_030_DCM_0.22-1.6_G.snv.bam	0.0	0.0505561172902	0.0525783619818	0.0546006066734	0.0525783619818	0.0556117290192	0.0495449949444	0.056622851365	0.0525783619818	0.0525783619818	0.0535894843276	0.0455005055612	0.051567239636
TARA_068_DCM_0.22-3_G.snv.bam	0.0505561172902	0.0	0.0	0.0010111223458	0.00202224469161	0.00303336703741	0.0010111223458	0.0141557128413	0.00404448938322	0.00404448938322	0.00505561172902	0.0010111223458	0.0010111223458
TARA_072_DCM_0.22-3_G.snv.bam	0.0525783619818	0.0	0.0	0.0	0.0	0.0010111223458	0.0	0.00808897876643	0.0010111223458	0.0010111223458	0.0010111223458	0.0010111223458	0.00303336703741
TARA_076_DCM_0.22-3_G.snv.bam	0.0546006066734	0.0010111223458	0.0	0.0	0.0010111223458	0.0010111223458	0.0010111223458	0.0111223458038	0.00303336703741	0.0010111223458	0.00202224469161	0.0	0.00404448938322
TARA_078_DCM_0.22-3_G.snv.bam	0.0525783619818	0.00202224469161	0.0	0.0010111223458	0.0	0.00303336703741	0.00202224469161	0.0121334681496	0.00303336703741	0.00505561172902	0.0010111223458	0.0010111223458	0.00606673407482
TARA_098_DCM_0.22-3_G.snv.bam	0.0556117290192	0.00303336703741	0.0010111223458	0.0010111223458	0.00303336703741	0.0	0.0	0.00404448938322	0.00404448938322	0.00303336703741	0.00505561172902	0.0010111223458	0.00606673407482
TARA_111_DCM_0.22-3_G.snv.bam	0.0495449949444	0.0010111223458	0.0	0.0010111223458	0.00202224469161	0.0	0.0	0.00808897876643	0.00303336703741	0.00505561172902	0.00505561172902	0.0	0.0010111223458
TARA_112_DCM_0.22-3_G.snv.bam	0.056622851365	0.0141557128413	0.00808897876643	0.0111223458038	0.0121334681496	0.00404448938322	0.00808897876643	0.0	0.0161779575329	0.0141557128413	0.0161779575329	0.0121334681496	0.0151668351871
TARA_146_SRF_0.22-3_G.snv.bam	0.0525783619818	0.00404448938322	0.0010111223458	0.00303336703741	0.00303336703741	0.00404448938322	0.00303336703741	0.0161779575329	0.0	0.0	0.0	0.0010111223458	0.00404448938322
TARA_148_SRF_0.22-3_G.snv.bam	0.0525783619818	0.00404448938322	0.0010111223458	0.0010111223458	0.00505561172902	0.00303336703741	0.00505561172902	0.0141557128413	0.0	0.0	0.0010111223458	0.00404448938322	0.00808897876643
TARA_149_SRF_0.22-3_G.snv.bam	0.0535894843276	0.00505561172902	0.0010111223458	0.00202224469161	0.0010111223458	0.00505561172902	0.00505561172902	0.0161779575329	0.0	0.0010111223458	0.0	0.00303336703741	0.00404448938322
TARA_150_DCM_0.22-3_G.snv.bam	0.0455005055612	0.0010111223458	0.0010111223458	0.0	0.0010111223458	0.0010111223458	0.0	0.0121334681496	0.0010111223458	0.00404448938322	0.00303336703741	0.0	0.0
TARA_150_SRF_0.22-3_G.snv.bam	0.051567239636	0.0010111223458	0.00303336703741	0.00404448938322	0.00606673407482	0.00606673407482	0.0010111223458	0.0151668351871	0.00404448938322	0.00808897876643	0.00404448938322	0.0	0.0
