	TARA_007_SRF_0.22-1.6_G.snv.bam	TARA_009_SRF_0.22-1.6_G.snv.bam	TARA_025_SRF_0.22-1.6_G.snv.bam	TARA_031_SRF_0.22-1.6_G.snv.bam	TARA_032_DCM_0.22-1.6_G.snv.bam	TARA_032_SRF_0.22-1.6_G.snv.bam	TARA_033_SRF_0.22-1.6_G.snv.bam	TARA_034_SRF_0.22-1.6_G.snv.bam	TARA_036_DCM_0.22-1.6_G.snv.bam	TARA_036_SRF_0.22-1.6_G.snv.bam	TARA_038_DCM_0.22-1.6_G.snv.bam	TARA_038_SRF_0.22-1.6_G.snv.bam	TARA_039_DCM_0.22-1.6_G.snv.bam	TARA_041_SRF_0.22-1.6_G.snv.bam	TARA_042_SRF_0.22-1.6_G.snv.bam	TARA_045_SRF_0.22-1.6_G.snv.bam	TARA_048_SRF_0.22-1.6_G.snv.bam	TARA_056_SRF_0.22-3_G.snv.bam	TARA_057_SRF_0.22-3_G.snv.bam	TARA_058_DCM_0.22-3_G.snv.bam	TARA_062_SRF_0.22-3_G.snv.bam	TARA_064_DCM_0.22-3_G.snv.bam	TARA_064_SRF_0.22-3_G.snv.bam	TARA_065_DCM_0.22-3_G.snv.bam	TARA_065_SRF_0.22-3_G.snv.bam	TARA_078_DCM_0.22-3_G.snv.bam	TARA_078_SRF_0.22-3_G.snv.bam	TARA_140_SRF_0.22-3_G.snv.bam	TARA_141_SRF_0.22-3_G.snv.bam	TARA_142_DCM_0.22-3_G.snv.bam	TARA_149_SRF_0.22-3_G.snv.bam
TARA_007_SRF_0.22-1.6_G.snv.bam	0.0	0.00396510705789	0.0111022997621	0.103092783505	0.108643933386	0.107057890563	0.114988104679	0.109436954798	0.0983346550357	0.0999206978588	0.0935765265662	0.0967486122125	0.109436954798	0.121332275971	0.118160190325	0.113402061856	0.126090404441	0.111816019033	0.112609040444	0.109436954798	0.112609040444	0.101506740682	0.104678826328	0.110229976209	0.111022997621	0.0911974623315	0.0872323552736	0.0991276764473	0.124504361618	0.0999206978588	0.0816812053925
TARA_009_SRF_0.22-1.6_G.snv.bam	0.00396510705789	0.0	0.00634417129262	0.12053925456	0.122918318795	0.123711340206	0.127676447264	0.121332275971	0.116574147502	0.118160190325	0.110229976209	0.111816019033	0.126090404441	0.137192704203	0.134020618557	0.128469468676	0.137985725615	0.126883425852	0.13084853291	0.126883425852	0.128469468676	0.117367168914	0.12053925456	0.126883425852	0.122918318795	0.110229976209	0.109436954798	0.113402061856	0.137192704203	0.114195083267	0.0943695479778
TARA_025_SRF_0.22-1.6_G.snv.bam	0.0111022997621	0.00634417129262	0.0	0.0404440919905	0.0404440919905	0.0404440919905	0.0420301348136	0.0364789849326	0.0428231562252	0.0428231562252	0.0348929421094	0.0404440919905	0.0412371134021	0.0531324345757	0.0475812846947	0.0467882632831	0.065820777161	0.04520222046	0.0459952418715	0.0412371134021	0.0467882632831	0.0396510705789	0.0396510705789	0.04520222046	0.0428231562252	0.0396510705789	0.0333068992863	0.035685963521	0.0515463917526	0.04520222046	0.0285487708168
TARA_031_SRF_0.22-1.6_G.snv.bam	0.103092783505	0.12053925456	0.0404440919905	0.0	0.0	0.00237906423473	0.00237906423473	0.00475812846947	0.0229976209358	0.0198255352895	0.00158604282316	0.01506740682	0.0	0.000793021411578	0.0	0.0	0.0222045995242	0.000793021411578	0.00237906423473	0.0	0.0	0.00158604282316	0.0	0.0	0.00158604282316	0.00793021411578	0.00317208564631	0.00158604282316	0.0103092783505	0.00793021411578	0.0182394924663
TARA_032_DCM_0.22-1.6_G.snv.bam	0.108643933386	0.122918318795	0.0404440919905	0.0	0.0	0.00396510705789	0.0071371927042	0.00951625693894	0.0261697065821	0.0245836637589	0.00475812846947	0.0229976209358	0.000793021411578	0.00396510705789	0.00396510705789	0.000793021411578	0.0229976209358	0.00475812846947	0.00475812846947	0.00317208564631	0.00237906423473	0.00237906423473	0.00317208564631	0.00317208564631	0.00475812846947	0.0182394924663	0.00951625693894	0.00396510705789	0.0174464710547	0.0071371927042	0.020618556701
TARA_032_SRF_0.22-1.6_G.snv.bam	0.107057890563	0.123711340206	0.0404440919905	0.00237906423473	0.00396510705789	0.0	0.00396510705789	0.00317208564631	0.0317208564631	0.0293417922284	0.00396510705789	0.0237906423473	0.000793021411578	0.00317208564631	0.000793021411578	0.000793021411578	0.0261697065821	0.00237906423473	0.00237906423473	0.00317208564631	0.00158604282316	0.000793021411578	0.000793021411578	0.000793021411578	0.00158604282316	0.0111022997621	0.0071371927042	0.00396510705789	0.0126883425852	0.0071371927042	0.0229976209358
TARA_033_SRF_0.22-1.6_G.snv.bam	0.114988104679	0.127676447264	0.0420301348136	0.00237906423473	0.0071371927042	0.00396510705789	0.0	0.0	0.03013481364	0.0277557494052	0.00634417129262	0.0245836637589	0.000793021411578	0.00475812846947	0.00396510705789	0.00555114988105	0.035685963521	0.0	0.000793021411578	0.000793021411578	0.0	0.000793021411578	0.000793021411578	0.00158604282316	0.00158604282316	0.0158604282316	0.00951625693894	0.000793021411578	0.00396510705789	0.00951625693894	0.0261697065821
TARA_034_SRF_0.22-1.6_G.snv.bam	0.109436954798	0.121332275971	0.0364789849326	0.00475812846947	0.00951625693894	0.00317208564631	0.0	0.0	0.0269627279937	0.0229976209358	0.00951625693894	0.0214115781126	0.0	0.00634417129262	0.00317208564631	0.0071371927042	0.0428231562252	0.00158604282316	0.00158604282316	0.00237906423473	0.000793021411578	0.000793021411578	0.00158604282316	0.0	0.00237906423473	0.0118953211737	0.0118953211737	0.0	0.00475812846947	0.0118953211737	0.0245836637589
TARA_036_DCM_0.22-1.6_G.snv.bam	0.0983346550357	0.116574147502	0.0428231562252	0.0229976209358	0.0261697065821	0.0317208564631	0.03013481364	0.0269627279937	0.0	0.0	0.0	0.0	0.0229976209358	0.0428231562252	0.0412371134021	0.0412371134021	0.0705789056305	0.0340999206979	0.0364789849326	0.0404440919905	0.0348929421094	0.0245836637589	0.0285487708168	0.0317208564631	0.0333068992863	0.00317208564631	0.00634417129262	0.00317208564631	0.0467882632831	0.035685963521	0.0103092783505
TARA_036_SRF_0.22-1.6_G.snv.bam	0.0999206978588	0.118160190325	0.0428231562252	0.0198255352895	0.0245836637589	0.0293417922284	0.0277557494052	0.0229976209358	0.0	0.0	0.0	0.0	0.0222045995242	0.0404440919905	0.0372720063442	0.0388580491673	0.0666137985726	0.0293417922284	0.0364789849326	0.035685963521	0.0317208564631	0.0222045995242	0.0237906423473	0.0293417922284	0.0285487708168	0.00237906423473	0.00555114988105	0.00396510705789	0.0444091990484	0.0340999206979	0.0158604282316
TARA_038_DCM_0.22-1.6_G.snv.bam	0.0935765265662	0.110229976209	0.0348929421094	0.00158604282316	0.00475812846947	0.00396510705789	0.00634417129262	0.00951625693894	0.0	0.0	0.0	0.000793021411578	0.000793021411578	0.00872323552736	0.0071371927042	0.00555114988105	0.0372720063442	0.00793021411578	0.00793021411578	0.0071371927042	0.00634417129262	0.0	0.00317208564631	0.000793021411578	0.0071371927042	0.00237906423473	0.000793021411578	0.000793021411578	0.01506740682	0.0118953211737	0.00951625693894
TARA_038_SRF_0.22-1.6_G.snv.bam	0.0967486122125	0.111816019033	0.0404440919905	0.01506740682	0.0229976209358	0.0237906423473	0.0245836637589	0.0214115781126	0.0	0.0	0.000793021411578	0.0	0.0166534496431	0.0372720063442	0.0309278350515	0.0325138778747	0.0642347343378	0.03013481364	0.0340999206979	0.0317208564631	0.0269627279937	0.0134813639968	0.0190325138779	0.0261697065821	0.0285487708168	0.00396510705789	0.00158604282316	0.00158604282316	0.0412371134021	0.0348929421094	0.0071371927042
TARA_039_DCM_0.22-1.6_G.snv.bam	0.109436954798	0.126090404441	0.0412371134021	0.0	0.000793021411578	0.000793021411578	0.000793021411578	0.0	0.0229976209358	0.0222045995242	0.000793021411578	0.0166534496431	0.0	0.0	0.0	0.0	0.035685963521	0.0	0.0	0.0	0.0	0.0	0.0	0.0	0.0	0.00951625693894	0.00396510705789	0.000793021411578	0.00475812846947	0.00555114988105	0.0190325138779
TARA_041_SRF_0.22-1.6_G.snv.bam	0.121332275971	0.137192704203	0.0531324345757	0.000793021411578	0.00396510705789	0.00317208564631	0.00475812846947	0.00634417129262	0.0428231562252	0.0404440919905	0.00872323552736	0.0372720063442	0.0	0.0	0.0	0.0	0.0269627279937	0.00158604282316	0.000793021411578	0.00158604282316	0.000793021411578	0.00237906423473	0.000793021411578	0.000793021411578	0.0	0.0190325138779	0.0158604282316	0.00396510705789	0.01506740682	0.0103092783505	0.0333068992863
TARA_042_SRF_0.22-1.6_G.snv.bam	0.118160190325	0.134020618557	0.0475812846947	0.0	0.00396510705789	0.000793021411578	0.00396510705789	0.00317208564631	0.0412371134021	0.0372720063442	0.0071371927042	0.0309278350515	0.0	0.0	0.0	0.0	0.0261697065821	0.00158604282316	0.000793021411578	0.0	0.0	0.00158604282316	0.0	0.0	0.000793021411578	0.0190325138779	0.0142743854084	0.0	0.0071371927042	0.00634417129262	0.0269627279937
TARA_045_SRF_0.22-1.6_G.snv.bam	0.113402061856	0.128469468676	0.0467882632831	0.0	0.000793021411578	0.000793021411578	0.00555114988105	0.0071371927042	0.0412371134021	0.0388580491673	0.00555114988105	0.0325138778747	0.0	0.0	0.0	0.0	0.0126883425852	0.00237906423473	0.00158604282316	0.0	0.0	0.0	0.00237906423473	0.0	0.0	0.0182394924663	0.0103092783505	0.00634417129262	0.0158604282316	0.00634417129262	0.0245836637589
TARA_048_SRF_0.22-1.6_G.snv.bam	0.126090404441	0.137985725615	0.065820777161	0.0222045995242	0.0229976209358	0.0261697065821	0.035685963521	0.0428231562252	0.0705789056305	0.0666137985726	0.0372720063442	0.0642347343378	0.035685963521	0.0269627279937	0.0261697065821	0.0126883425852	0.0	0.0317208564631	0.0380650277557	0.0309278350515	0.0348929421094	0.0229976209358	0.0198255352895	0.0325138778747	0.0325138778747	0.0459952418715	0.0348929421094	0.0348929421094	0.0428231562252	0.0142743854084	0.0459952418715
TARA_056_SRF_0.22-3_G.snv.bam	0.111816019033	0.126883425852	0.04520222046	0.000793021411578	0.00475812846947	0.00237906423473	0.0	0.00158604282316	0.0340999206979	0.0293417922284	0.00793021411578	0.03013481364	0.0	0.00158604282316	0.00158604282316	0.00237906423473	0.0317208564631	0.0	0.0	0.0	0.0	0.0	0.0	0.0	0.0	0.0134813639968	0.00951625693894	0.00158604282316	0.0071371927042	0.0103092783505	0.0277557494052
TARA_057_SRF_0.22-3_G.snv.bam	0.112609040444	0.13084853291	0.0459952418715	0.00237906423473	0.00475812846947	0.00237906423473	0.000793021411578	0.00158604282316	0.0364789849326	0.0364789849326	0.00793021411578	0.0340999206979	0.0	0.000793021411578	0.000793021411578	0.00158604282316	0.0380650277557	0.0	0.0	0.0	0.0	0.000793021411578	0.000793021411578	0.000793021411578	0.000793021411578	0.0142743854084	0.00951625693894	0.00158604282316	0.00237906423473	0.00793021411578	0.0277557494052
TARA_058_DCM_0.22-3_G.snv.bam	0.109436954798	0.126883425852	0.0412371134021	0.0	0.00317208564631	0.00317208564631	0.000793021411578	0.00237906423473	0.0404440919905	0.035685963521	0.0071371927042	0.0317208564631	0.0	0.00158604282316	0.0	0.0	0.0309278350515	0.0	0.0	0.0	0.0	0.0	0.0	0.0	0.000793021411578	0.01506740682	0.00793021411578	0.000793021411578	0.00317208564631	0.00475812846947	0.03013481364
TARA_062_SRF_0.22-3_G.snv.bam	0.112609040444	0.128469468676	0.0467882632831	0.0	0.00237906423473	0.00158604282316	0.0	0.000793021411578	0.0348929421094	0.0317208564631	0.00634417129262	0.0269627279937	0.0	0.000793021411578	0.0	0.0	0.0348929421094	0.0	0.0	0.0	0.0	0.000793021411578	0.0	0.0	0.0	0.0142743854084	0.00555114988105	0.0	0.00396510705789	0.00793021411578	0.0277557494052
TARA_064_DCM_0.22-3_G.snv.bam	0.101506740682	0.117367168914	0.0396510705789	0.00158604282316	0.00237906423473	0.000793021411578	0.000793021411578	0.000793021411578	0.0245836637589	0.0222045995242	0.0	0.0134813639968	0.0	0.00237906423473	0.00158604282316	0.0	0.0229976209358	0.0	0.000793021411578	0.0	0.000793021411578	0.0	0.0	0.0	0.000793021411578	0.00793021411578	0.00237906423473	0.000793021411578	0.00158604282316	0.00317208564631	0.0103092783505
TARA_064_SRF_0.22-3_G.snv.bam	0.104678826328	0.12053925456	0.0396510705789	0.0	0.00317208564631	0.000793021411578	0.000793021411578	0.00158604282316	0.0285487708168	0.0237906423473	0.00317208564631	0.0190325138779	0.0	0.000793021411578	0.0	0.00237906423473	0.0198255352895	0.0	0.000793021411578	0.0	0.0	0.0	0.0	0.0	0.000793021411578	0.00793021411578	0.00396510705789	0.0	0.00158604282316	0.00317208564631	0.01506740682
TARA_065_DCM_0.22-3_G.snv.bam	0.110229976209	0.126883425852	0.04520222046	0.0	0.00317208564631	0.000793021411578	0.00158604282316	0.0	0.0317208564631	0.0293417922284	0.000793021411578	0.0261697065821	0.0	0.000793021411578	0.0	0.0	0.0325138778747	0.0	0.000793021411578	0.0	0.0	0.0	0.0	0.0	0.0	0.0103092783505	0.00872323552736	0.0	0.00158604282316	0.0071371927042	0.0253766851705
TARA_065_SRF_0.22-3_G.snv.bam	0.111022997621	0.122918318795	0.0428231562252	0.00158604282316	0.00475812846947	0.00158604282316	0.00158604282316	0.00237906423473	0.0333068992863	0.0285487708168	0.0071371927042	0.0285487708168	0.0	0.0	0.000793021411578	0.0	0.0325138778747	0.0	0.000793021411578	0.000793021411578	0.0	0.000793021411578	0.000793021411578	0.0	0.0	0.0158604282316	0.00793021411578	0.00237906423473	0.00158604282316	0.0071371927042	0.0269627279937
TARA_078_DCM_0.22-3_G.snv.bam	0.0911974623315	0.110229976209	0.0396510705789	0.00793021411578	0.0182394924663	0.0111022997621	0.0158604282316	0.0118953211737	0.00317208564631	0.00237906423473	0.00237906423473	0.00396510705789	0.00951625693894	0.0190325138779	0.0190325138779	0.0182394924663	0.0459952418715	0.0134813639968	0.0142743854084	0.01506740682	0.0142743854084	0.00793021411578	0.00793021411578	0.0103092783505	0.0158604282316	0.0	0.00158604282316	0.00634417129262	0.0253766851705	0.0166534496431	0.00555114988105
TARA_078_SRF_0.22-3_G.snv.bam	0.0872323552736	0.109436954798	0.0333068992863	0.00317208564631	0.00951625693894	0.0071371927042	0.00951625693894	0.0118953211737	0.00634417129262	0.00555114988105	0.000793021411578	0.00158604282316	0.00396510705789	0.0158604282316	0.0142743854084	0.0103092783505	0.0348929421094	0.00951625693894	0.00951625693894	0.00793021411578	0.00555114988105	0.00237906423473	0.00396510705789	0.00872323552736	0.00793021411578	0.00158604282316	0.0	0.00237906423473	0.020618556701	0.0142743854084	0.00317208564631
TARA_140_SRF_0.22-3_G.snv.bam	0.0991276764473	0.113402061856	0.035685963521	0.00158604282316	0.00396510705789	0.00396510705789	0.000793021411578	0.0	0.00317208564631	0.00396510705789	0.000793021411578	0.00158604282316	0.000793021411578	0.00396510705789	0.0	0.00634417129262	0.0348929421094	0.00158604282316	0.00158604282316	0.000793021411578	0.0	0.000793021411578	0.0	0.0	0.00237906423473	0.00634417129262	0.00237906423473	0.0	0.00317208564631	0.00872323552736	0.0111022997621
TARA_141_SRF_0.22-3_G.snv.bam	0.124504361618	0.137192704203	0.0515463917526	0.0103092783505	0.0174464710547	0.0126883425852	0.00396510705789	0.00475812846947	0.0467882632831	0.0444091990484	0.01506740682	0.0412371134021	0.00475812846947	0.01506740682	0.0071371927042	0.0158604282316	0.0428231562252	0.0071371927042	0.00237906423473	0.00317208564631	0.00396510705789	0.00158604282316	0.00158604282316	0.00158604282316	0.00158604282316	0.0253766851705	0.020618556701	0.00317208564631	0.0	0.0071371927042	0.0396510705789
TARA_142_DCM_0.22-3_G.snv.bam	0.0999206978588	0.114195083267	0.04520222046	0.00793021411578	0.0071371927042	0.0071371927042	0.00951625693894	0.0118953211737	0.035685963521	0.0340999206979	0.0118953211737	0.0348929421094	0.00555114988105	0.0103092783505	0.00634417129262	0.00634417129262	0.0142743854084	0.0103092783505	0.00793021411578	0.00475812846947	0.00793021411578	0.00317208564631	0.00317208564631	0.0071371927042	0.0071371927042	0.0166534496431	0.0142743854084	0.00872323552736	0.0071371927042	0.0	0.0182394924663
TARA_149_SRF_0.22-3_G.snv.bam	0.0816812053925	0.0943695479778	0.0285487708168	0.0182394924663	0.020618556701	0.0229976209358	0.0261697065821	0.0245836637589	0.0103092783505	0.0158604282316	0.00951625693894	0.0071371927042	0.0190325138779	0.0333068992863	0.0269627279937	0.0245836637589	0.0459952418715	0.0277557494052	0.0277557494052	0.03013481364	0.0277557494052	0.0103092783505	0.01506740682	0.0253766851705	0.0269627279937	0.00555114988105	0.00317208564631	0.0111022997621	0.0396510705789	0.0182394924663	0.0
