	TARA_007_DCM_0.22-1.6_G.snv.bam	TARA_009_DCM_0.22-1.6_G.snv.bam	TARA_025_DCM_0.22-1.6_G.snv.bam	TARA_066_SRF_0.22-3_G.snv.bam	TARA_067_SRF_0.22-3_G.snv.bam	TARA_093_DCM_0.22-3_G.snv.bam	TARA_093_SRF_0.22-3_G.snv.bam	TARA_102_DCM_0.22-3_G.snv.bam	TARA_133_DCM_0.22-3_G.snv.bam	TARA_133_SRF_0.22-3_G.snv.bam	TARA_145_SRF_0.22-3_G.snv.bam	TARA_152_MIX_0.22-3_G.snv.bam	TARA_152_SRF_0.22-3_G.snv.bam
TARA_007_DCM_0.22-1.6_G.snv.bam	0.0	0.000992063492063	0.00992063492063	0.00297619047619	0.0406746031746	0.030753968254	0.030753968254	0.0595238095238	0.00297619047619	0.00396825396825	0.014880952381	0.00892857142857	0.00793650793651
TARA_009_DCM_0.22-1.6_G.snv.bam	0.000992063492063	0.0	0.0	0.00496031746032	0.0744047619048	0.0744047619048	0.0734126984127	0.109126984127	0.015873015873	0.0228174603175	0.00496031746032	0.0	0.000992063492063
TARA_025_DCM_0.22-1.6_G.snv.bam	0.00992063492063	0.0	0.0	0.0109126984127	0.0972222222222	0.0902777777778	0.0922619047619	0.123015873016	0.0456349206349	0.0525793650794	0.014880952381	0.00496031746032	0.00595238095238
TARA_066_SRF_0.22-3_G.snv.bam	0.00297619047619	0.00496031746032	0.0109126984127	0.0	0.0555555555556	0.046626984127	0.0545634920635	0.0892857142857	0.0128968253968	0.00992063492063	0.00992063492063	0.00396825396825	0.00595238095238
TARA_067_SRF_0.22-3_G.snv.bam	0.0406746031746	0.0744047619048	0.0972222222222	0.0555555555556	0.0	0.00892857142857	0.00396825396825	0.031746031746	0.00892857142857	0.0109126984127	0.0833333333333	0.0892857142857	0.0892857142857
TARA_093_DCM_0.22-3_G.snv.bam	0.030753968254	0.0744047619048	0.0902777777778	0.046626984127	0.00892857142857	0.0	0.0	0.0297619047619	0.0	0.00297619047619	0.0813492063492	0.0793650793651	0.0853174603175
TARA_093_SRF_0.22-3_G.snv.bam	0.030753968254	0.0734126984127	0.0922619047619	0.0545634920635	0.00396825396825	0.0	0.0	0.0238095238095	0.00198412698413	0.00396825396825	0.0843253968254	0.0843253968254	0.0863095238095
TARA_102_DCM_0.22-3_G.snv.bam	0.0595238095238	0.109126984127	0.123015873016	0.0892857142857	0.031746031746	0.0297619047619	0.0238095238095	0.0	0.0357142857143	0.0327380952381	0.113095238095	0.114087301587	0.115079365079
TARA_133_DCM_0.22-3_G.snv.bam	0.00297619047619	0.015873015873	0.0456349206349	0.0128968253968	0.00892857142857	0.0	0.00198412698413	0.0357142857143	0.0	0.0	0.030753968254	0.031746031746	0.0337301587302
TARA_133_SRF_0.22-3_G.snv.bam	0.00396825396825	0.0228174603175	0.0525793650794	0.00992063492063	0.0109126984127	0.00297619047619	0.00396825396825	0.0327380952381	0.0	0.0	0.0367063492063	0.0446428571429	0.0426587301587
TARA_145_SRF_0.22-3_G.snv.bam	0.014880952381	0.00496031746032	0.014880952381	0.00992063492063	0.0833333333333	0.0813492063492	0.0843253968254	0.113095238095	0.030753968254	0.0367063492063	0.0	0.00297619047619	0.00297619047619
TARA_152_MIX_0.22-3_G.snv.bam	0.00892857142857	0.0	0.00496031746032	0.00396825396825	0.0892857142857	0.0793650793651	0.0843253968254	0.114087301587	0.031746031746	0.0446428571429	0.00297619047619	0.0	0.0
TARA_152_SRF_0.22-3_G.snv.bam	0.00793650793651	0.000992063492063	0.00595238095238	0.00595238095238	0.0892857142857	0.0853174603175	0.0863095238095	0.115079365079	0.0337301587302	0.0426587301587	0.00297619047619	0.0	0.0
