	TARA_007_SRF_0.22-1.6_G.snv.bam	TARA_009_SRF_0.22-1.6_G.snv.bam	TARA_031_SRF_0.22-1.6_G.snv.bam	TARA_032_SRF_0.22-1.6_G.snv.bam	TARA_033_SRF_0.22-1.6_G.snv.bam	TARA_034_SRF_0.22-1.6_G.snv.bam	TARA_036_DCM_0.22-1.6_G.snv.bam	TARA_036_SRF_0.22-1.6_G.snv.bam	TARA_038_DCM_0.22-1.6_G.snv.bam	TARA_038_SRF_0.22-1.6_G.snv.bam	TARA_039_DCM_0.22-1.6_G.snv.bam	TARA_041_DCM_0.22-1.6_G.snv.bam	TARA_041_SRF_0.22-1.6_G.snv.bam	TARA_042_SRF_0.22-1.6_G.snv.bam	TARA_045_SRF_0.22-1.6_G.snv.bam	TARA_052_DCM_0.22-1.6_G.snv.bam	TARA_052_SRF_0.22-1.6_G.snv.bam	TARA_056_SRF_0.22-3_G.snv.bam	TARA_057_SRF_0.22-3_G.snv.bam	TARA_058_DCM_0.22-3_G.snv.bam	TARA_062_SRF_0.22-3_G.snv.bam	TARA_064_DCM_0.22-3_G.snv.bam	TARA_064_SRF_0.22-3_G.snv.bam	TARA_065_DCM_0.22-3_G.snv.bam	TARA_065_SRF_0.22-3_G.snv.bam	TARA_102_DCM_0.22-3_G.snv.bam	TARA_102_SRF_0.22-3_G.snv.bam	TARA_109_DCM_0.22-3_G.snv.bam	TARA_109_SRF_0.22-3_G.snv.bam	TARA_110_DCM_0.22-3_G.snv.bam	TARA_110_SRF_0.22-3_G.snv.bam	TARA_123_SRF_0.22-3_G.snv.bam	TARA_124_SRF_0.22-3_G.snv.bam	TARA_125_SRF_0.22-3_G.snv.bam	TARA_128_DCM_0.22-3_G.snv.bam	TARA_128_SRF_0.22-3_G.snv.bam	TARA_137_SRF_0.22-3_G.snv.bam	TARA_140_SRF_0.22-3_G.snv.bam	TARA_141_SRF_0.22-3_G.snv.bam
TARA_007_SRF_0.22-1.6_G.snv.bam	0.0	0.013593943189	0.104570682356	0.100097460996	0.101792920761	0.104435607739	0.109547324228	0.10581096784	0.102702847362	0.109392780442	0.0975776679993	0.100012996285	0.10169325701	0.0955094805167	0.104930159824	0.105100255547	0.109829328051	0.109334977647	0.10680884305	0.110148539116	0.109273998319	0.105469538254	0.10632035903	0.104652068595	0.108139353112	0.116612962923	0.11985647031	0.12365968495	0.117451211782	0.128735450516	0.131367864933	0.104920619571	0.106231440542	0.108607789006	0.119475838418	0.126611309857	0.12460577092	0.113682520365	0.1044844046
TARA_009_SRF_0.22-1.6_G.snv.bam	0.013593943189	0.0	0.104937061763	0.0990119942461	0.10104666416	0.102734369597	0.111611304411	0.107838166031	0.104611021892	0.112422423814	0.0993522845213	0.100566839352	0.101899770169	0.0961197172882	0.103964582607	0.104018633759	0.110076555863	0.110181887338	0.107294451216	0.111592029027	0.111612968302	0.107200975608	0.107616411563	0.10553143525	0.108814138912	0.119219493688	0.12108871369	0.125174163241	0.119237463566	0.131511412098	0.132817974509	0.105584816035	0.106902690299	0.110204615732	0.119886752254	0.128489923041	0.127719580446	0.115859660095	0.103317490106
TARA_031_SRF_0.22-1.6_G.snv.bam	0.104570682356	0.104937061763	0.0	0.0284818232955	0.0315369178001	0.0324222359923	0.0599515020261	0.057077837353	0.0505236847723	0.0590063776297	0.049394746202	0.0532580567496	0.0523841680408	0.0531247484625	0.060252770726	0.0634280127746	0.0684414170433	0.0549232459599	0.0529096948964	0.0559256974702	0.0551409419525	0.0604053474839	0.0530237806397	0.0507225316115	0.0534706538246	0.0941135689262	0.0943155461843	0.0873002034146	0.0736591266733	0.0977617540292	0.0986071166416	0.067280606902	0.0675742425603	0.0715338214563	0.0828322370464	0.0908480553406	0.0795757038451	0.0680429131148	0.0693266928742
TARA_032_SRF_0.22-1.6_G.snv.bam	0.100097460996	0.0990119942461	0.0284818232955	0.0	0.025595381057	0.0295108878716	0.0597900195259	0.0546431494099	0.05264121215	0.0590827219855	0.0460686818349	0.04837441458	0.0486467741195	0.0478532177677	0.0586015850363	0.06284110577	0.0669297892555	0.0552183500388	0.0535029398882	0.0565854209782	0.0570154811397	0.0614310223182	0.0544727973537	0.0502977095334	0.0539707285632	0.0925737806552	0.0953385430303	0.0877133503766	0.0719482207097	0.100144542199	0.1011992541	0.065324224087	0.0661695102857	0.0705932486157	0.0793884311538	0.0894265435627	0.080851701736	0.071767484985	0.066086343908
TARA_033_SRF_0.22-1.6_G.snv.bam	0.101792920761	0.10104666416	0.0315369178001	0.025595381057	0.0	0.0196514201019	0.0547847272716	0.0501105718221	0.0528948545253	0.0549918170207	0.0464733765112	0.0525962672648	0.0545762902455	0.053811687026	0.064952032898	0.0663021416273	0.0681361552241	0.0558090108791	0.0523318234714	0.0550121829108	0.0561051772995	0.0641763292868	0.0551759525204	0.0513629752227	0.0544194611836	0.0906573250028	0.0937669722927	0.0877696555196	0.0715067243889	0.0987358535024	0.099808448494	0.0629951909497	0.0651343153619	0.0674701030392	0.0794910773166	0.0891453504843	0.0806849503121	0.0643203159894	0.0618986106303
TARA_034_SRF_0.22-1.6_G.snv.bam	0.104435607739	0.102734369597	0.0324222359923	0.0295108878716	0.0196514201019	0.0	0.0551030987454	0.0504527421842	0.0528290802513	0.0544956273171	0.0477011483101	0.0545561735684	0.0552752226636	0.0553500453791	0.0662944933286	0.0665496323499	0.0683397340337	0.0567539469548	0.0536998460023	0.05702839226	0.057926039962	0.0661676656577	0.0561191703179	0.0526495092485	0.056698170485	0.0902672606334	0.0928610741289	0.087130793178	0.0715153930496	0.098119993323	0.098468705701	0.0648486456129	0.0654359261579	0.0690518446656	0.080024915866	0.090323745981	0.0821815379576	0.0637816151756	0.0628426365452
TARA_036_DCM_0.22-1.6_G.snv.bam	0.109547324228	0.111611304411	0.0599515020261	0.0597900195259	0.0547847272716	0.0551030987454	0.0	0.0209774651569	0.0402351004154	0.0231363892641	0.042302779448	0.0537621898746	0.0598529676844	0.062566723429	0.0741975693747	0.0712971379897	0.0741909013238	0.0590715403506	0.0525556948246	0.0555532306055	0.0580040194664	0.0676471023626	0.0551238957408	0.053252349466	0.0560784020736	0.0841605363902	0.0876617434469	0.0841523314147	0.0696968443321	0.0935811042684	0.0942511112702	0.0638550092873	0.0667718066755	0.0677619684848	0.0878999274288	0.0931304174867	0.0774105233808	0.0495513753487	0.0607891129255
TARA_036_SRF_0.22-1.6_G.snv.bam	0.10581096784	0.107838166031	0.057077837353	0.0546431494099	0.0501105718221	0.0504527421842	0.0209774651569	0.0	0.038621080767	0.028138792267	0.0367730172812	0.048163292936	0.0559046039167	0.0566450610412	0.0694790584804	0.0665828196928	0.0691511967406	0.0575289210411	0.0509691626341	0.0563033209529	0.0578044834048	0.0659771894545	0.0552165238469	0.0504078274905	0.0556375506602	0.0831002511876	0.0856088069087	0.0819924310535	0.066262934771	0.0932435855034	0.0939174368489	0.0602335770994	0.0646890157641	0.067141907596	0.0817116702705	0.0878346644982	0.075732149341	0.05429485742	0.0589700892306
TARA_038_DCM_0.22-1.6_G.snv.bam	0.102702847362	0.104611021892	0.0505236847723	0.05264121215	0.0528948545253	0.0528290802513	0.0402351004154	0.038621080767	0.0	0.0404424662342	0.0362649951501	0.0413767231829	0.0455027317019	0.0489455310103	0.0603096622195	0.0610550731281	0.0636299829833	0.0509448007099	0.0480135607138	0.0505766608413	0.0514053416416	0.0591621818403	0.046230650062	0.0473152290407	0.0482385210333	0.0863971849328	0.0896127597116	0.080246638406	0.0648364363326	0.0919386276587	0.0921066035099	0.0636468066241	0.0647539790229	0.0689232056158	0.0813146491505	0.0878660399122	0.0736200302103	0.0584843692429	0.0637246497745
TARA_038_SRF_0.22-1.6_G.snv.bam	0.109392780442	0.112422423814	0.0590063776297	0.0590827219855	0.0549918170207	0.0544956273171	0.0231363892641	0.028138792267	0.0404424662342	0.0	0.0418576623332	0.0521099660764	0.0570285855389	0.0610064552462	0.0704948989367	0.0702991411331	0.0726766046331	0.0567354708474	0.0508973192407	0.0527445093213	0.0559147360286	0.0678570924581	0.0529131284706	0.052921423675	0.0545940654677	0.0835023449459	0.0874751859468	0.0829402921906	0.0680019162184	0.0939383601461	0.0942144369801	0.0645982110903	0.0664615657869	0.0682397858674	0.0870222791768	0.0919650958929	0.0766293505214	0.0496529697757	0.0611832305595
TARA_039_DCM_0.22-1.6_G.snv.bam	0.0975776679993	0.0993522845213	0.049394746202	0.0460686818349	0.0464733765112	0.0477011483101	0.042302779448	0.0367730172812	0.0362649951501	0.0418576623332	0.0	0.0337650190386	0.0369713675953	0.0394083812304	0.0546377362853	0.0586731811295	0.0617004931506	0.0449999794403	0.0396263530072	0.0447932940674	0.0444144985603	0.0558858412712	0.0443142346948	0.0377610999453	0.0423831862936	0.0872277079699	0.0874546698876	0.0804080365643	0.0635075529413	0.0943208984881	0.0940020759818	0.05873661427	0.0605586209568	0.0645359380248	0.0770440637828	0.0866104632296	0.073896738582	0.057290543843	0.0562570149912
TARA_041_DCM_0.22-1.6_G.snv.bam	0.100012996285	0.100566839352	0.0532580567496	0.04837441458	0.0525962672648	0.0545561735684	0.0537621898746	0.048163292936	0.0413767231829	0.0521099660764	0.0337650190386	0.0	0.0361855251828	0.0395335996014	0.0509776702871	0.058948559144	0.0619504283981	0.0489460042263	0.0463306695086	0.0500640086337	0.0497755041734	0.058829968831	0.049688737265	0.0439199933739	0.046037925093	0.0916124612613	0.0935658003674	0.0858547990045	0.0688694061528	0.10146451725	0.100096618908	0.06108754003	0.0639296408279	0.0687360651569	0.0761632729858	0.0859289259634	0.0786284137607	0.0668419716843	0.062902013324
TARA_041_SRF_0.22-1.6_G.snv.bam	0.10169325701	0.101899770169	0.0523841680408	0.0486467741195	0.0545762902455	0.0552752226636	0.0598529676844	0.0559046039167	0.0455027317019	0.0570285855389	0.0369713675953	0.0361855251828	0.0	0.0327927428155	0.0446654595007	0.0562177455574	0.0619364018108	0.0464512360167	0.0441076602052	0.0470069018517	0.0446155935455	0.0552048622846	0.0462740824025	0.0436730897254	0.0444126697379	0.0935917423417	0.0953064593541	0.0878992163599	0.0704695461271	0.101341722004	0.10193976097	0.0692833541162	0.0689925396432	0.0765405017081	0.0802832315767	0.0902014535988	0.0792525975773	0.0703712230532	0.0669222199795
TARA_042_SRF_0.22-1.6_G.snv.bam	0.0955094805167	0.0961197172882	0.0531247484625	0.0478532177677	0.053811687026	0.0553500453791	0.062566723429	0.0566450610412	0.0489455310103	0.0610064552462	0.0394083812304	0.0395335996014	0.0327927428155	0.0	0.0430072074725	0.0580571129818	0.0636086539876	0.0499038131126	0.0476043482462	0.0503021101395	0.0506101643418	0.0563493117456	0.0490804696491	0.0460945840466	0.0481536558142	0.0913769723997	0.0934211196248	0.0879904256674	0.0717804847346	0.101149023185	0.100910723096	0.0684587242969	0.0717064715991	0.0765828737683	0.0803161873681	0.0905668326099	0.0814627972267	0.0700555454276	0.0676938451389
TARA_045_SRF_0.22-1.6_G.snv.bam	0.104930159824	0.103964582607	0.060252770726	0.0586015850363	0.064952032898	0.0662944933286	0.0741975693747	0.0694790584804	0.0603096622195	0.0704948989367	0.0546377362853	0.0509776702871	0.0446654595007	0.0430072074725	0.0	0.0578585642934	0.064561297893	0.0540926490774	0.054711602901	0.057754035659	0.054348080581	0.0589667733469	0.0565596063682	0.0542571442626	0.0535095328752	0.0986255532403	0.100596645406	0.0914575150193	0.0779376728119	0.106413077326	0.106139245781	0.0769341595883	0.0771435512466	0.0847084553172	0.0877105601977	0.0974456263705	0.0852181893345	0.079077132249	0.0780962649159
TARA_052_DCM_0.22-1.6_G.snv.bam	0.105100255547	0.104018633759	0.0634280127746	0.06284110577	0.0663021416273	0.0665496323499	0.0712971379897	0.0665828196928	0.0610550731281	0.0702991411331	0.0586731811295	0.058948559144	0.0562177455574	0.0580571129818	0.0578585642934	0.0	0.0457799310687	0.062928381993	0.0659544065977	0.0670257159371	0.0670139471929	0.0595646897289	0.0616291870418	0.0638050313653	0.0629331576794	0.0909791819473	0.0938450340647	0.0857793073206	0.0759470323032	0.0958955455609	0.0967769154338	0.0659545796953	0.0655811999981	0.0740570354218	0.0741820613696	0.08178385687	0.0813889104642	0.0807865974584	0.0725913331707
TARA_052_SRF_0.22-1.6_G.snv.bam	0.109829328051	0.110076555863	0.0684414170433	0.0669297892555	0.0681361552241	0.0683397340337	0.0741909013238	0.0691511967406	0.0636299829833	0.0726766046331	0.0617004931506	0.0619504283981	0.0619364018108	0.0636086539876	0.064561297893	0.0457799310687	0.0	0.0659208178069	0.070057152713	0.0714124269041	0.0731006861234	0.0681683303832	0.0654405602962	0.0700676324319	0.0694364141096	0.0922606055048	0.0949729854585	0.0810757744621	0.074967507256	0.0901314088961	0.0896153434581	0.0690547698465	0.0681105800843	0.0796647497452	0.0684743955656	0.072759942445	0.0805061393518	0.0796337973915	0.0740185423261
TARA_056_SRF_0.22-3_G.snv.bam	0.109334977647	0.110181887338	0.0549232459599	0.0552183500388	0.0558090108791	0.0567539469548	0.0590715403506	0.0575289210411	0.0509448007099	0.0567354708474	0.0449999794403	0.0489460042263	0.0464512360167	0.0499038131126	0.0540926490774	0.062928381993	0.0659208178069	0.0	0.0326447298745	0.0396691772719	0.0340364874087	0.056157657187	0.0430764774155	0.0395273304446	0.040803353227	0.0923302235093	0.0944338020097	0.0845868981857	0.0689586936124	0.0978053480988	0.0972141155543	0.0649582876492	0.0652536075954	0.0713077090061	0.0825397572103	0.0899030642233	0.0750060557789	0.0639471945062	0.0679291123026
TARA_057_SRF_0.22-3_G.snv.bam	0.10680884305	0.107294451216	0.0529096948964	0.0535029398882	0.0523318234714	0.0536998460023	0.0525556948246	0.0509691626341	0.0480135607138	0.0508973192407	0.0396263530072	0.0463306695086	0.0441076602052	0.0476043482462	0.054711602901	0.0659544065977	0.070057152713	0.0326447298745	0.0	0.0327471291195	0.0307371939673	0.0567366330362	0.0423673262331	0.0318765437211	0.0360334379007	0.0932555281228	0.0956307947789	0.0879294254517	0.0702758941814	0.101186230531	0.0996805277443	0.0641301089554	0.0634823156635	0.0688952274791	0.0846710440238	0.0919768279567	0.0780821868193	0.059975268006	0.0606339893046
TARA_058_DCM_0.22-3_G.snv.bam	0.110148539116	0.111592029027	0.0559256974702	0.0565854209782	0.0550121829108	0.05702839226	0.0555532306055	0.0563033209529	0.0505766608413	0.0527445093213	0.0447932940674	0.0500640086337	0.0470069018517	0.0503021101395	0.057754035659	0.0670257159371	0.0714124269041	0.0396691772719	0.0327471291195	0.0	0.0351934575425	0.0579617113856	0.0429899585677	0.0382016572214	0.0404484822047	0.0932436287329	0.0968512122519	0.0904311812611	0.0724287216525	0.102880177995	0.0995640848223	0.0677652602044	0.0680941012068	0.0712565202221	0.0843408218094	0.0919995997672	0.0785536966163	0.0598539354235	0.0644455524807
TARA_062_SRF_0.22-3_G.snv.bam	0.109273998319	0.111612968302	0.0551409419525	0.0570154811397	0.0561051772995	0.057926039962	0.0580040194664	0.0578044834048	0.0514053416416	0.0559147360286	0.0444144985603	0.0497755041734	0.0446155935455	0.0506101643418	0.054348080581	0.0670139471929	0.0731006861234	0.0340364874087	0.0307371939673	0.0351934575425	0.0	0.0577038815704	0.0426922373718	0.0366878543831	0.037969706472	0.0940121142193	0.0965541979017	0.0904021167645	0.0738505121896	0.102358182874	0.101090490464	0.0688880264832	0.0665778729086	0.071071935922	0.0870853456107	0.0946167014116	0.0796553367559	0.0628773572465	0.0668185044616
TARA_064_DCM_0.22-3_G.snv.bam	0.105469538254	0.107200975608	0.0604053474839	0.0614310223182	0.0641763292868	0.0661676656577	0.0676471023626	0.0659771894545	0.0591621818403	0.0678570924581	0.0558858412712	0.058829968831	0.0552048622846	0.0563493117456	0.0589667733469	0.0595646897289	0.0681683303832	0.056157657187	0.0567366330362	0.0579617113856	0.0577038815704	0.0	0.047258135221	0.0540341751913	0.0555052625068	0.0950698679844	0.0964697764625	0.086690361965	0.0750071532721	0.0985648874609	0.0986883318587	0.0720771298208	0.0688459074325	0.0765083535353	0.0838324017573	0.0906226145558	0.0802969240579	0.0740976442349	0.0733239795152
TARA_064_SRF_0.22-3_G.snv.bam	0.10632035903	0.107616411563	0.0530237806397	0.0544727973537	0.0551759525204	0.0561191703179	0.0551238957408	0.0552165238469	0.046230650062	0.0529131284706	0.0443142346948	0.049688737265	0.0462740824025	0.0490804696491	0.0565596063682	0.0616291870418	0.0654405602962	0.0430764774155	0.0423673262331	0.0429899585677	0.0426922373718	0.047258135221	0.0	0.0404915282764	0.0398053398797	0.0881454885075	0.0911357678697	0.0854600851154	0.0688696947467	0.095423412904	0.094745298681	0.0678602551608	0.0672070531283	0.0731621943981	0.0813705192603	0.0880403152051	0.0746693707467	0.0588676483291	0.0636399846637
TARA_065_DCM_0.22-3_G.snv.bam	0.104652068595	0.10553143525	0.0507225316115	0.0502977095334	0.0513629752227	0.0526495092485	0.053252349466	0.0504078274905	0.0473152290407	0.052921423675	0.0377610999453	0.0439199933739	0.0436730897254	0.0460945840466	0.0542571442626	0.0638050313653	0.0700676324319	0.0395273304446	0.0318765437211	0.0382016572214	0.0366878543831	0.0540341751913	0.0404915282764	0.0	0.0370317229802	0.0921721580956	0.0957614067365	0.0883007235176	0.0712841564696	0.101102240264	0.0998031891353	0.0641361670421	0.0637985430021	0.0695820942071	0.0813157550112	0.0902054124624	0.0780786244971	0.0621621962609	0.0618268176698
TARA_065_SRF_0.22-3_G.snv.bam	0.108139353112	0.108814138912	0.0534706538246	0.0539707285632	0.0544194611836	0.056698170485	0.0560784020736	0.0556375506602	0.0482385210333	0.0545940654677	0.0423831862936	0.046037925093	0.0444126697379	0.0481536558142	0.0535095328752	0.0629331576794	0.0694364141096	0.040803353227	0.0360334379007	0.0404484822047	0.037969706472	0.0555052625068	0.0398053398797	0.0370317229802	0.0	0.0903595448614	0.0947470038731	0.0895766541393	0.0720746278368	0.101896909619	0.100655870466	0.0687576609382	0.0668083561693	0.0722359403293	0.0817135211831	0.0907295168469	0.079730251005	0.0635374895644	0.0621318100624
TARA_102_DCM_0.22-3_G.snv.bam	0.116612962923	0.119219493688	0.0941135689262	0.0925737806552	0.0906573250028	0.0902672606334	0.0841605363902	0.0831002511876	0.0863971849328	0.0835023449459	0.0872277079699	0.0916124612613	0.0935917423417	0.0913769723997	0.0986255532403	0.0909791819473	0.0922606055048	0.0923302235093	0.0932555281228	0.0932436287329	0.0940121142193	0.0950698679844	0.0881454885075	0.0921721580956	0.0903595448614	0.0	0.0445515337707	0.0719411989806	0.0683981329415	0.0756726101393	0.0759905749895	0.097660150516	0.0958215499032	0.10074901401	0.102294687537	0.104690248996	0.0724711051895	0.0796087616294	0.0876383082877
TARA_102_SRF_0.22-3_G.snv.bam	0.11985647031	0.12108871369	0.0943155461843	0.0953385430303	0.0937669722927	0.0928610741289	0.0876617434469	0.0856088069087	0.0896127597116	0.0874751859468	0.0874546698876	0.0935658003674	0.0953064593541	0.0934211196248	0.100596645406	0.0938450340647	0.0949729854585	0.0944338020097	0.0956307947789	0.0968512122519	0.0965541979017	0.0964697764625	0.0911357678697	0.0957614067365	0.0947470038731	0.0445515337707	0.0	0.0575526435521	0.0602885476078	0.070527353821	0.0704810284457	0.0990786242435	0.0973409359096	0.103750435442	0.102334497999	0.106582850082	0.0651917285736	0.086005727466	0.0925407982604
TARA_109_DCM_0.22-3_G.snv.bam	0.12365968495	0.125174163241	0.0873002034146	0.0877133503766	0.0877696555196	0.087130793178	0.0841523314147	0.0819924310535	0.080246638406	0.0829402921906	0.0804080365643	0.0858547990045	0.0878992163599	0.0879904256674	0.0914575150193	0.0857793073206	0.0810757744621	0.0845868981857	0.0879294254517	0.0904311812611	0.0904021167645	0.086690361965	0.0854600851154	0.0883007235176	0.0895766541393	0.0719411989806	0.0575526435521	0.0	0.0434599602717	0.0556985848478	0.0521047529306	0.0867434312517	0.0847117522387	0.0950736851535	0.0896731419572	0.0948126411058	0.0497301505362	0.080488379555	0.0926821332986
TARA_109_SRF_0.22-3_G.snv.bam	0.117451211782	0.119237463566	0.0736591266733	0.0719482207097	0.0715067243889	0.0715153930496	0.0696968443321	0.066262934771	0.0648364363326	0.0680019162184	0.0635075529413	0.0688694061528	0.0704695461271	0.0717804847346	0.0779376728119	0.0759470323032	0.074967507256	0.0689586936124	0.0702758941814	0.0724287216525	0.0738505121896	0.0750071532721	0.0688696947467	0.0712841564696	0.0720746278368	0.0683981329415	0.0602885476078	0.0434599602717	0.0	0.0650179777629	0.064436205169	0.0771946056891	0.0762600786918	0.0862418181926	0.0818708776683	0.0897045271076	0.0384258186842	0.0674009758797	0.0784679066178
TARA_110_DCM_0.22-3_G.snv.bam	0.128735450516	0.131511412098	0.0977617540292	0.100144542199	0.0987358535024	0.098119993323	0.0935811042684	0.0932435855034	0.0919386276587	0.0939383601461	0.0943208984881	0.10146451725	0.101341722004	0.101149023185	0.106413077326	0.0958955455609	0.0901314088961	0.0978053480988	0.101186230531	0.102880177995	0.102358182874	0.0985648874609	0.095423412904	0.101102240264	0.101896909619	0.0756726101393	0.070527353821	0.0556985848478	0.0650179777629	0.0	0.0437064473872	0.0988436730404	0.0959462642939	0.10669919926	0.0951500416618	0.0919386243072	0.0641305146956	0.0910190258543	0.104431645822
TARA_110_SRF_0.22-3_G.snv.bam	0.131367864933	0.132817974509	0.0986071166416	0.1011992541	0.099808448494	0.098468705701	0.0942511112702	0.0939174368489	0.0921066035099	0.0942144369801	0.0940020759818	0.100096618908	0.10193976097	0.100910723096	0.106139245781	0.0967769154338	0.0896153434581	0.0972141155543	0.0996805277443	0.0995640848223	0.101090490464	0.0986883318587	0.094745298681	0.0998031891353	0.100655870466	0.0759905749895	0.0704810284457	0.0521047529306	0.064436205169	0.0437064473872	0.0	0.0971984990663	0.0950066430948	0.105108908183	0.0924297642028	0.089019423848	0.0604058086118	0.0906534909319	0.102705420228
TARA_123_SRF_0.22-3_G.snv.bam	0.104920619571	0.105584816035	0.067280606902	0.065324224087	0.0629951909497	0.0648486456129	0.0638550092873	0.0602335770994	0.0636468066241	0.0645982110903	0.05873661427	0.06108754003	0.0692833541162	0.0684587242969	0.0769341595883	0.0659545796953	0.0690547698465	0.0649582876492	0.0641301089554	0.0677652602044	0.0688880264832	0.0720771298208	0.0678602551608	0.0641361670421	0.0687576609382	0.097660150516	0.0990786242435	0.0867434312517	0.0771946056891	0.0988436730404	0.0971984990663	0.0	0.0304817548464	0.0318882418941	0.0724320456237	0.0816452779552	0.0857022246976	0.0740418080356	0.0623312294361
TARA_124_SRF_0.22-3_G.snv.bam	0.106231440542	0.106902690299	0.0675742425603	0.0661695102857	0.0651343153619	0.0654359261579	0.0667718066755	0.0646890157641	0.0647539790229	0.0664615657869	0.0605586209568	0.0639296408279	0.0689925396432	0.0717064715991	0.0771435512466	0.0655811999981	0.0681105800843	0.0652536075954	0.0634823156635	0.0680941012068	0.0665778729086	0.0688459074325	0.0672070531283	0.0637985430021	0.0668083561693	0.0958215499032	0.0973409359096	0.0847117522387	0.0762600786918	0.0959462642939	0.0950066430948	0.0304817548464	0.0	0.0286472421338	0.0663742408972	0.0765297901945	0.0832483606251	0.0760828080834	0.0640262088707
TARA_125_SRF_0.22-3_G.snv.bam	0.108607789006	0.110204615732	0.0715338214563	0.0705932486157	0.0674701030392	0.0690518446656	0.0677619684848	0.067141907596	0.0689232056158	0.0682397858674	0.0645359380248	0.0687360651569	0.0765405017081	0.0765828737683	0.0847084553172	0.0740570354218	0.0796647497452	0.0713077090061	0.0688952274791	0.0712565202221	0.071071935922	0.0765083535353	0.0731621943981	0.0695820942071	0.0722359403293	0.10074901401	0.103750435442	0.0950736851535	0.0862418181926	0.10669919926	0.105108908183	0.0318882418941	0.0286472421338	0.0	0.0855911769766	0.0941419755833	0.09222611972	0.0782659596239	0.0661559932932
TARA_128_DCM_0.22-3_G.snv.bam	0.119475838418	0.119886752254	0.0828322370464	0.0793884311538	0.0794910773166	0.080024915866	0.0878999274288	0.0817116702705	0.0813146491505	0.0870222791768	0.0770440637828	0.0761632729858	0.0802832315767	0.0803161873681	0.0877105601977	0.0741820613696	0.0684743955656	0.0825397572103	0.0846710440238	0.0843408218094	0.0870853456107	0.0838324017573	0.0813705192603	0.0813157550112	0.0817135211831	0.102294687537	0.102334497999	0.0896731419572	0.0818708776683	0.0951500416618	0.0924297642028	0.0724320456237	0.0663742408972	0.0855911769766	0.0	0.0344343419975	0.083288695136	0.0922511232778	0.0842732052403
TARA_128_SRF_0.22-3_G.snv.bam	0.126611309857	0.128489923041	0.0908480553406	0.0894265435627	0.0891453504843	0.090323745981	0.0931304174867	0.0878346644982	0.0878660399122	0.0919650958929	0.0866104632296	0.0859289259634	0.0902014535988	0.0905668326099	0.0974456263705	0.08178385687	0.072759942445	0.0899030642233	0.0919768279567	0.0919995997672	0.0946167014116	0.0906226145558	0.0880403152051	0.0902054124624	0.0907295168469	0.104690248996	0.106582850082	0.0948126411058	0.0897045271076	0.0919386243072	0.089019423848	0.0816452779552	0.0765297901945	0.0941419755833	0.0344343419975	0.0	0.0875178305437	0.0955401245409	0.0902784504712
TARA_137_SRF_0.22-3_G.snv.bam	0.12460577092	0.127719580446	0.0795757038451	0.080851701736	0.0806849503121	0.0821815379576	0.0774105233808	0.075732149341	0.0736200302103	0.0766293505214	0.073896738582	0.0786284137607	0.0792525975773	0.0814627972267	0.0852181893345	0.0813889104642	0.0805061393518	0.0750060557789	0.0780821868193	0.0785536966163	0.0796553367559	0.0802969240579	0.0746693707467	0.0780786244971	0.079730251005	0.0724711051895	0.0651917285736	0.0497301505362	0.0384258186842	0.0641305146956	0.0604058086118	0.0857022246976	0.0832483606251	0.09222611972	0.083288695136	0.0875178305437	0.0	0.07805603119	0.0899731856063
TARA_140_SRF_0.22-3_G.snv.bam	0.113682520365	0.115859660095	0.0680429131148	0.071767484985	0.0643203159894	0.0637816151756	0.0495513753487	0.05429485742	0.0584843692429	0.0496529697757	0.057290543843	0.0668419716843	0.0703712230532	0.0700555454276	0.079077132249	0.0807865974584	0.0796337973915	0.0639471945062	0.059975268006	0.0598539354235	0.0628773572465	0.0740976442349	0.0588676483291	0.0621621962609	0.0635374895644	0.0796087616294	0.086005727466	0.080488379555	0.0674009758797	0.0910190258543	0.0906534909319	0.0740418080356	0.0760828080834	0.0782659596239	0.0922511232778	0.0955401245409	0.07805603119	0.0	0.0667471991091
TARA_141_SRF_0.22-3_G.snv.bam	0.1044844046	0.103317490106	0.0693266928742	0.066086343908	0.0618986106303	0.0628426365452	0.0607891129255	0.0589700892306	0.0637246497745	0.0611832305595	0.0562570149912	0.062902013324	0.0669222199795	0.0676938451389	0.0780962649159	0.0725913331707	0.0740185423261	0.0679291123026	0.0606339893046	0.0644455524807	0.0668185044616	0.0733239795152	0.0636399846637	0.0618268176698	0.0621318100624	0.0876383082877	0.0925407982604	0.0926821332986	0.0784679066178	0.104431645822	0.102705420228	0.0623312294361	0.0640262088707	0.0661559932932	0.0842732052403	0.0902784504712	0.0899731856063	0.0667471991091	0.0
