	TARA_009_DCM_0.22-1.6_G.snv.bam	TARA_018_DCM_0.22-1.6_G.snv.bam	TARA_018_SRF_0.22-1.6_G.snv.bam	TARA_023_DCM_0.22-1.6_G.snv.bam	TARA_023_SRF_0.22-1.6_G.snv.bam	TARA_025_DCM_0.22-1.6_G.snv.bam	TARA_025_SRF_0.22-1.6_G.snv.bam	TARA_030_DCM_0.22-1.6_G.snv.bam	TARA_030_SRF_0.22-1.6_G.snv.bam	TARA_066_DCM_0.22-3_G.snv.bam	TARA_066_SRF_0.22-3_G.snv.bam	TARA_067_SRF_0.22-3_G.snv.bam	TARA_093_DCM_0.22-3_G.snv.bam	TARA_093_SRF_0.22-3_G.snv.bam	TARA_133_DCM_0.22-3_G.snv.bam	TARA_133_SRF_0.22-3_G.snv.bam	TARA_145_SRF_0.22-3_G.snv.bam	TARA_152_MIX_0.22-3_G.snv.bam	TARA_152_SRF_0.22-3_G.snv.bam
TARA_009_DCM_0.22-1.6_G.snv.bam	0.0	0.000996015936255	0.00199203187251	0.00199203187251	0.00697211155378	0.00398406374502	0.00398406374502	0.00996015936255	0.00996015936255	0.00796812749004	0.00896414342629	0.00796812749004	0.00398406374502	0.00498007968127	0.00896414342629	0.0109561752988	0.0199203187251	0.000996015936255	0.0
TARA_018_DCM_0.22-1.6_G.snv.bam	0.000996015936255	0.0	0.000996015936255	0.00498007968127	0.0109561752988	0.00498007968127	0.00498007968127	0.0129482071713	0.0179282868526	0.0149402390438	0.0129482071713	0.0149402390438	0.00896414342629	0.00996015936255	0.0139442231076	0.0179282868526	0.0199203187251	0.00597609561753	0.00398406374502
TARA_018_SRF_0.22-1.6_G.snv.bam	0.00199203187251	0.000996015936255	0.0	0.00398406374502	0.00597609561753	0.00398406374502	0.00597609561753	0.0139442231076	0.0139442231076	0.0139442231076	0.0139442231076	0.0149402390438	0.00796812749004	0.00896414342629	0.00996015936255	0.0129482071713	0.0219123505976	0.00498007968127	0.00398406374502
TARA_023_DCM_0.22-1.6_G.snv.bam	0.00199203187251	0.00498007968127	0.00398406374502	0.0	0.0	0.0	0.0	0.000996015936255	0.00398406374502	0.0169322709163	0.0169322709163	0.0149402390438	0.0129482071713	0.0169322709163	0.0179282868526	0.0239043824701	0.0318725099602	0.0159362549801	0.0149402390438
TARA_023_SRF_0.22-1.6_G.snv.bam	0.00697211155378	0.0109561752988	0.00597609561753	0.0	0.0	0.0	0.0	0.0	0.00298804780876	0.0268924302789	0.0239043824701	0.0268924302789	0.0219123505976	0.0209163346614	0.0268924302789	0.0298804780876	0.042828685259	0.0239043824701	0.0219123505976
TARA_025_DCM_0.22-1.6_G.snv.bam	0.00398406374502	0.00498007968127	0.00398406374502	0.0	0.0	0.0	0.0	0.0	0.00298804780876	0.0189243027888	0.0199203187251	0.0169322709163	0.0129482071713	0.0119521912351	0.0159362549801	0.0189243027888	0.0258964143426	0.00796812749004	0.00896414342629
TARA_025_SRF_0.22-1.6_G.snv.bam	0.00398406374502	0.00498007968127	0.00597609561753	0.0	0.0	0.0	0.0	0.000996015936255	0.00298804780876	0.0239043824701	0.0229083665339	0.0249003984064	0.0189243027888	0.0209163346614	0.0239043824701	0.0258964143426	0.0338645418327	0.0139442231076	0.0159362549801
TARA_030_DCM_0.22-1.6_G.snv.bam	0.00996015936255	0.0129482071713	0.0139442231076	0.000996015936255	0.0	0.0	0.000996015936255	0.0	0.00298804780876	0.0288844621514	0.0298804780876	0.0298804780876	0.0278884462151	0.0288844621514	0.0338645418327	0.0368525896414	0.046812749004	0.0288844621514	0.0268924302789
TARA_030_SRF_0.22-1.6_G.snv.bam	0.00996015936255	0.0179282868526	0.0139442231076	0.00398406374502	0.00298804780876	0.00298804780876	0.00298804780876	0.00298804780876	0.0	0.0288844621514	0.0249003984064	0.0318725099602	0.0219123505976	0.0219123505976	0.0318725099602	0.0358565737052	0.0398406374502	0.0199203187251	0.0209163346614
TARA_066_DCM_0.22-3_G.snv.bam	0.00796812749004	0.0149402390438	0.0139442231076	0.0169322709163	0.0268924302789	0.0189243027888	0.0239043824701	0.0288844621514	0.0288844621514	0.0	0.000996015936255	0.00597609561753	0.00398406374502	0.00199203187251	0.00697211155378	0.00896414342629	0.0219123505976	0.00697211155378	0.00896414342629
TARA_066_SRF_0.22-3_G.snv.bam	0.00896414342629	0.0129482071713	0.0139442231076	0.0169322709163	0.0239043824701	0.0199203187251	0.0229083665339	0.0298804780876	0.0249003984064	0.000996015936255	0.0	0.00697211155378	0.000996015936255	0.000996015936255	0.00498007968127	0.00498007968127	0.0209163346614	0.00398406374502	0.00498007968127
TARA_067_SRF_0.22-3_G.snv.bam	0.00796812749004	0.0149402390438	0.0149402390438	0.0149402390438	0.0268924302789	0.0169322709163	0.0249003984064	0.0298804780876	0.0318725099602	0.00597609561753	0.00697211155378	0.0	0.0	0.000996015936255	0.00597609561753	0.00697211155378	0.0199203187251	0.00796812749004	0.00597609561753
TARA_093_DCM_0.22-3_G.snv.bam	0.00398406374502	0.00896414342629	0.00796812749004	0.0129482071713	0.0219123505976	0.0129482071713	0.0189243027888	0.0278884462151	0.0219123505976	0.00398406374502	0.000996015936255	0.0	0.0	0.0	0.00398406374502	0.00398406374502	0.0119521912351	0.00199203187251	0.00398406374502
TARA_093_SRF_0.22-3_G.snv.bam	0.00498007968127	0.00996015936255	0.00896414342629	0.0169322709163	0.0209163346614	0.0119521912351	0.0209163346614	0.0288844621514	0.0219123505976	0.00199203187251	0.000996015936255	0.000996015936255	0.0	0.0	0.00298804780876	0.00398406374502	0.0139442231076	0.000996015936255	0.00298804780876
TARA_133_DCM_0.22-3_G.snv.bam	0.00896414342629	0.0139442231076	0.00996015936255	0.0179282868526	0.0268924302789	0.0159362549801	0.0239043824701	0.0338645418327	0.0318725099602	0.00697211155378	0.00498007968127	0.00597609561753	0.00398406374502	0.00298804780876	0.0	0.0	0.00199203187251	0.000996015936255	0.00199203187251
TARA_133_SRF_0.22-3_G.snv.bam	0.0109561752988	0.0179282868526	0.0129482071713	0.0239043824701	0.0298804780876	0.0189243027888	0.0258964143426	0.0368525896414	0.0358565737052	0.00896414342629	0.00498007968127	0.00697211155378	0.00398406374502	0.00398406374502	0.0	0.0	0.00398406374502	0.00199203187251	0.00199203187251
TARA_145_SRF_0.22-3_G.snv.bam	0.0199203187251	0.0199203187251	0.0219123505976	0.0318725099602	0.042828685259	0.0258964143426	0.0338645418327	0.046812749004	0.0398406374502	0.0219123505976	0.0209163346614	0.0199203187251	0.0119521912351	0.0139442231076	0.00199203187251	0.00398406374502	0.0	0.0	0.00199203187251
TARA_152_MIX_0.22-3_G.snv.bam	0.000996015936255	0.00597609561753	0.00498007968127	0.0159362549801	0.0239043824701	0.00796812749004	0.0139442231076	0.0288844621514	0.0199203187251	0.00697211155378	0.00398406374502	0.00796812749004	0.00199203187251	0.000996015936255	0.000996015936255	0.00199203187251	0.0	0.0	0.0
TARA_152_SRF_0.22-3_G.snv.bam	0.0	0.00398406374502	0.00398406374502	0.0149402390438	0.0219123505976	0.00896414342629	0.0159362549801	0.0268924302789	0.0209163346614	0.00896414342629	0.00498007968127	0.00597609561753	0.00398406374502	0.00298804780876	0.00199203187251	0.00199203187251	0.00199203187251	0.0	0.0
