	TARA_031_SRF_0.22-1.6_G.snv.bam	TARA_032_DCM_0.22-1.6_G.snv.bam	TARA_032_SRF_0.22-1.6_G.snv.bam	TARA_041_SRF_0.22-1.6_G.snv.bam	TARA_042_SRF_0.22-1.6_G.snv.bam	TARA_045_SRF_0.22-1.6_G.snv.bam	TARA_048_SRF_0.22-1.6_G.snv.bam	TARA_064_SRF_0.22-3_G.snv.bam	TARA_141_SRF_0.22-3_G.snv.bam	TARA_142_DCM_0.22-3_G.snv.bam	TARA_142_SRF_0.22-3_G.snv.bam
TARA_031_SRF_0.22-1.6_G.snv.bam	0.0	0.0193340133045	0.0116141942108	0.108976119057	0.123059528815	0.166042192619	0.166875453376	0.226330816858	0.0530819272752	0.0717448635746	0.0840181733074
TARA_032_DCM_0.22-1.6_G.snv.bam	0.0193340133045	0.0	0.0203475241314	0.115266802176	0.124162624652	0.168515307651	0.167768269275	0.229208567773	0.0567839937654	0.0763860419988	0.0872437570756
TARA_032_SRF_0.22-1.6_G.snv.bam	0.0116141942108	0.0203475241314	0.0	0.110751580097	0.124452313288	0.169074768611	0.169716798609	0.228442672452	0.0549288531302	0.0733047630232	0.0861414949612
TARA_041_SRF_0.22-1.6_G.snv.bam	0.108976119057	0.115266802176	0.110751580097	0.0	0.0665478891618	0.124093203479	0.13485819024	0.1896470535	0.108096116159	0.116084047516	0.125476955699
TARA_042_SRF_0.22-1.6_G.snv.bam	0.123059528815	0.124162624652	0.124452313288	0.0665478891618	0.0	0.131573956561	0.136219305509	0.190262328612	0.121471576614	0.130281314177	0.138250341032
TARA_045_SRF_0.22-1.6_G.snv.bam	0.166042192619	0.168515307651	0.169074768611	0.124093203479	0.131573956561	0.0	0.0570480673035	0.106216184796	0.158889850595	0.155744776349	0.161134551124
TARA_048_SRF_0.22-1.6_G.snv.bam	0.166875453376	0.167768269275	0.169716798609	0.13485819024	0.136219305509	0.0570480673035	0.0	0.103991239302	0.158353964788	0.158734380448	0.16481938296
TARA_064_SRF_0.22-3_G.snv.bam	0.226330816858	0.229208567773	0.228442672452	0.1896470535	0.190262328612	0.106216184796	0.103991239302	0.0	0.212531441273	0.203467449916	0.204561475468
TARA_141_SRF_0.22-3_G.snv.bam	0.0530819272752	0.0567839937654	0.0549288531302	0.108096116159	0.121471576614	0.158889850595	0.158353964788	0.212531441273	0.0	0.0360520562717	0.0476092909423
TARA_142_DCM_0.22-3_G.snv.bam	0.0717448635746	0.0763860419988	0.0733047630232	0.116084047516	0.130281314177	0.155744776349	0.158734380448	0.203467449916	0.0360520562717	0.0	0.0347604717682
TARA_142_SRF_0.22-3_G.snv.bam	0.0840181733074	0.0872437570756	0.0861414949612	0.125476955699	0.138250341032	0.161134551124	0.16481938296	0.204561475468	0.0476092909423	0.0347604717682	0.0
