	TARA_007_DCM_0.22-1.6_G.snv.bam	TARA_009_DCM_0.22-1.6_G.snv.bam	TARA_093_DCM_0.22-3_G.snv.bam	TARA_093_SRF_0.22-3_G.snv.bam	TARA_094_SRF_0.22-3_G.snv.bam	TARA_102_DCM_0.22-3_G.snv.bam	TARA_102_SRF_0.22-3_G.snv.bam	TARA_110_SRF_0.22-3_G.snv.bam	TARA_133_SRF_0.22-3_G.snv.bam	TARA_150_DCM_0.22-3_G.snv.bam	TARA_150_SRF_0.22-3_G.snv.bam	TARA_151_DCM_0.22-3_G.snv.bam	TARA_151_SRF_0.22-3_G.snv.bam	TARA_152_MIX_0.22-3_G.snv.bam	TARA_152_SRF_0.22-3_G.snv.bam
TARA_007_DCM_0.22-1.6_G.snv.bam	0.0	0.101220623106	0.114951957029	0.116840429425	0.129325921494	0.108921410111	0.11079763489	0.137957973649	0.152545298051	0.103336603773	0.1102234182	0.0472680502443	0.0492233470065	0.09069193402	0.0985090575264
TARA_009_DCM_0.22-1.6_G.snv.bam	0.101220623106	0.0	0.142568659161	0.143077306715	0.136171782281	0.133695174825	0.132920095457	0.157288018065	0.164235431103	0.063392570165	0.0766902383459	0.0906625242299	0.0886574232759	0.0715670805512	0.0767613050004
TARA_093_DCM_0.22-3_G.snv.bam	0.114951957029	0.142568659161	0.0	0.0150244244861	0.116132999072	0.0743320454022	0.0722727553995	0.113787527618	0.130621058526	0.135481541141	0.148607667773	0.120734899117	0.121547937909	0.13035883951	0.1357828344
TARA_093_SRF_0.22-3_G.snv.bam	0.116840429425	0.143077306715	0.0150244244861	0.0	0.117985664017	0.0745564372224	0.0722690383701	0.113336297348	0.133057195825	0.137763295069	0.149651119714	0.121449764991	0.122028648429	0.130282635761	0.135720098545
TARA_094_SRF_0.22-3_G.snv.bam	0.129325921494	0.136171782281	0.116132999072	0.117985664017	0.0	0.111674316555	0.111579478292	0.137790829171	0.117132472314	0.127931316564	0.145213220322	0.12847589147	0.125591863752	0.128853326065	0.132490971542
TARA_102_DCM_0.22-3_G.snv.bam	0.108921410111	0.133695174825	0.0743320454022	0.0745564372224	0.111674316555	0.0	0.0431810886853	0.0829136419579	0.122555606823	0.132203438714	0.140332369475	0.11231415082	0.111673491272	0.124518711117	0.130994762219
TARA_102_SRF_0.22-3_G.snv.bam	0.11079763489	0.132920095457	0.0722727553995	0.0722690383701	0.111579478292	0.0431810886853	0.0	0.0654841187199	0.125295950635	0.12962446978	0.140603477065	0.1133767792	0.112848043535	0.123192899985	0.128358354652
TARA_110_SRF_0.22-3_G.snv.bam	0.137957973649	0.157288018065	0.113787527618	0.113336297348	0.137790829171	0.0829136419579	0.0654841187199	0.0	0.152076685105	0.153478887948	0.162518638048	0.138709370249	0.139944169112	0.144813663369	0.149736833562
TARA_133_SRF_0.22-3_G.snv.bam	0.152545298051	0.164235431103	0.130621058526	0.133057195825	0.117132472314	0.122555606823	0.125295950635	0.152076685105	0.0	0.157165477261	0.174515944631	0.156620523922	0.154975489839	0.159008416998	0.163574309451
TARA_150_DCM_0.22-3_G.snv.bam	0.103336603773	0.063392570165	0.135481541141	0.137763295069	0.127931316564	0.132203438714	0.12962446978	0.153478887948	0.157165477261	0.0	0.0496803235714	0.0838561381004	0.0830467150135	0.0661056055018	0.0688435862715
TARA_150_SRF_0.22-3_G.snv.bam	0.1102234182	0.0766902383459	0.148607667773	0.149651119714	0.145213220322	0.140332369475	0.140603477065	0.162518638048	0.174515944631	0.0496803235714	0.0	0.0868471431066	0.0861033432585	0.074025581097	0.0773788969761
TARA_151_DCM_0.22-3_G.snv.bam	0.0472680502443	0.0906625242299	0.120734899117	0.121449764991	0.12847589147	0.11231415082	0.1133767792	0.138709370249	0.156620523922	0.0838561381004	0.0868471431066	0.0	0.0322698893236	0.0745784030857	0.0817443169818
TARA_151_SRF_0.22-3_G.snv.bam	0.0492233470065	0.0886574232759	0.121547937909	0.122028648429	0.125591863752	0.111673491272	0.112848043535	0.139944169112	0.154975489839	0.0830467150135	0.0861033432585	0.0322698893236	0.0	0.0757857388456	0.0797919576363
TARA_152_MIX_0.22-3_G.snv.bam	0.09069193402	0.0715670805512	0.13035883951	0.130282635761	0.128853326065	0.124518711117	0.123192899985	0.144813663369	0.159008416998	0.0661056055018	0.074025581097	0.0745784030857	0.0757857388456	0.0	0.0328325389776
TARA_152_SRF_0.22-3_G.snv.bam	0.0985090575264	0.0767613050004	0.1357828344	0.135720098545	0.132490971542	0.130994762219	0.128358354652	0.149736833562	0.163574309451	0.0688435862715	0.0773788969761	0.0817443169818	0.0797919576363	0.0328325389776	0.0
