	TARA_009_SRF_0.22-1.6_G.snv.bam	TARA_033_SRF_0.22-1.6_G.snv.bam	TARA_036_DCM_0.22-1.6_G.snv.bam	TARA_036_SRF_0.22-1.6_G.snv.bam	TARA_038_SRF_0.22-1.6_G.snv.bam	TARA_039_DCM_0.22-1.6_G.snv.bam	TARA_065_DCM_0.22-3_G.snv.bam	TARA_102_DCM_0.22-3_G.snv.bam	TARA_102_SRF_0.22-3_G.snv.bam	TARA_109_SRF_0.22-3_G.snv.bam	TARA_110_SRF_0.22-3_G.snv.bam	TARA_137_SRF_0.22-3_G.snv.bam	TARA_140_SRF_0.22-3_G.snv.bam	TARA_141_SRF_0.22-3_G.snv.bam
TARA_009_SRF_0.22-1.6_G.snv.bam	0.0	0.147953493854	0.148803068935	0.147662691673	0.155202725199	0.140668198645	0.144216874354	0.157778243121	0.158652775716	0.155839791136	0.166398919253	0.163233076595	0.150532341709	0.147176172003
TARA_033_SRF_0.22-1.6_G.snv.bam	0.147953493854	0.0	0.0562751642838	0.0538438933812	0.0617824423021	0.0415826882828	0.0413190415502	0.0792342631932	0.0827011736379	0.0788205071906	0.091788829982	0.0952817857972	0.0575905223338	0.044923196602
TARA_036_DCM_0.22-1.6_G.snv.bam	0.148803068935	0.0562751642838	0.0	0.0315834251919	0.0397409718098	0.0445677656201	0.0560501646425	0.0692930410253	0.0764459713073	0.0688644102572	0.0843357789356	0.0931090711325	0.061043351853	0.0663893556531
TARA_036_SRF_0.22-1.6_G.snv.bam	0.147662691673	0.0538438933812	0.0315834251919	0.0	0.0393249557958	0.0436675907731	0.0545569021653	0.0707828289888	0.0752188694428	0.0681106129824	0.0844564614244	0.0920974288356	0.0636678341599	0.066162820641
TARA_038_SRF_0.22-1.6_G.snv.bam	0.155202725199	0.0617824423021	0.0397409718098	0.0393249557958	0.0	0.0508411358837	0.0601004509175	0.0731446441305	0.0804666835573	0.0741639060806	0.0883275207921	0.0976221446808	0.0652561574971	0.0721889391493
TARA_039_DCM_0.22-1.6_G.snv.bam	0.140668198645	0.0415826882828	0.0445677656201	0.0436675907731	0.0508411358837	0.0	0.0382098805898	0.0703439260056	0.0755131889334	0.069801072825	0.08255044586	0.0862209292497	0.057171805765	0.0446918694498
TARA_065_DCM_0.22-3_G.snv.bam	0.144216874354	0.0413190415502	0.0560501646425	0.0545569021653	0.0601004509175	0.0382098805898	0.0	0.0755934393917	0.0799958978521	0.0782694275645	0.0907081112889	0.0926483233433	0.0583556725739	0.0445419339077
TARA_102_DCM_0.22-3_G.snv.bam	0.157778243121	0.0792342631932	0.0692930410253	0.0707828289888	0.0731446441305	0.0703439260056	0.0755934393917	0.0	0.0498005269957	0.0518310583662	0.0644670636165	0.0713009363803	0.0603435799796	0.0834743863026
TARA_102_SRF_0.22-3_G.snv.bam	0.158652775716	0.0827011736379	0.0764459713073	0.0752188694428	0.0804666835573	0.0755131889334	0.0799958978521	0.0498005269957	0.0	0.0507342120495	0.062072494926	0.065985896711	0.0738634215862	0.0851206288167
TARA_109_SRF_0.22-3_G.snv.bam	0.155839791136	0.0788205071906	0.0688644102572	0.0681106129824	0.0741639060806	0.069801072825	0.0782694275645	0.0518310583662	0.0507342120495	0.0	0.0572997426854	0.062273360466	0.0634876455863	0.0846444207548
TARA_110_SRF_0.22-3_G.snv.bam	0.166398919253	0.091788829982	0.0843357789356	0.0844564614244	0.0883275207921	0.08255044586	0.0907081112889	0.0644670636165	0.062072494926	0.0572997426854	0.0	0.059635444439	0.0795249870188	0.0931138938315
TARA_137_SRF_0.22-3_G.snv.bam	0.163233076595	0.0952817857972	0.0931090711325	0.0920974288356	0.0976221446808	0.0862209292497	0.0926483233433	0.0713009363803	0.065985896711	0.062273360466	0.059635444439	0.0	0.0893436415523	0.0967444059997
TARA_140_SRF_0.22-3_G.snv.bam	0.150532341709	0.0575905223338	0.061043351853	0.0636678341599	0.0652561574971	0.057171805765	0.0583556725739	0.0603435799796	0.0738634215862	0.0634876455863	0.0795249870188	0.0893436415523	0.0	0.0599455429942
TARA_141_SRF_0.22-3_G.snv.bam	0.147176172003	0.044923196602	0.0663893556531	0.066162820641	0.0721889391493	0.0446918694498	0.0445419339077	0.0834743863026	0.0851206288167	0.0846444207548	0.0931138938315	0.0967444059997	0.0599455429942	0.0
