	TARA_009_SRF_0.22-1.6_G.snv.bam	TARA_033_SRF_0.22-1.6_G.snv.bam	TARA_036_DCM_0.22-1.6_G.snv.bam	TARA_036_SRF_0.22-1.6_G.snv.bam	TARA_038_SRF_0.22-1.6_G.snv.bam	TARA_039_DCM_0.22-1.6_G.snv.bam	TARA_065_DCM_0.22-3_G.snv.bam	TARA_102_DCM_0.22-3_G.snv.bam	TARA_102_SRF_0.22-3_G.snv.bam	TARA_109_SRF_0.22-3_G.snv.bam	TARA_110_SRF_0.22-3_G.snv.bam	TARA_137_SRF_0.22-3_G.snv.bam	TARA_140_SRF_0.22-3_G.snv.bam	TARA_141_SRF_0.22-3_G.snv.bam
TARA_009_SRF_0.22-1.6_G.snv.bam	0.0	0.0986775178026	0.0996948118006	0.100712105799	0.100712105799	0.0956256358087	0.0976602238047	0.0925737538149	0.0935910478128	0.0915564598169	0.088504577823	0.103763987792	0.0935910478128	0.0986775178026
TARA_033_SRF_0.22-1.6_G.snv.bam	0.0986775178026	0.0	0.0172939979654	0.0152594099695	0.0152594099695	0.00203458799593	0.00101729399797	0.0111902339776	0.0152594099695	0.0172939979654	0.0152594099695	0.0254323499491	0.0030518819939	0.00203458799593
TARA_036_DCM_0.22-1.6_G.snv.bam	0.0996948118006	0.0172939979654	0.0	0.0	0.0	0.00610376398779	0.0101729399797	0.00101729399797	0.00508646998983	0.00508646998983	0.00610376398779	0.0223804679552	0.00712105798576	0.0193285859613
TARA_036_SRF_0.22-1.6_G.snv.bam	0.100712105799	0.0152594099695	0.0	0.0	0.00203458799593	0.00508646998983	0.0101729399797	0.00406917599186	0.00712105798576	0.00915564598169	0.00813835198372	0.0233977619532	0.00712105798576	0.0183112919634
TARA_038_SRF_0.22-1.6_G.snv.bam	0.100712105799	0.0152594099695	0.0	0.00203458799593	0.0	0.00610376398779	0.0132248219736	0.00508646998983	0.00915564598169	0.0101729399797	0.0111902339776	0.0193285859613	0.00915564598169	0.0152594099695
TARA_039_DCM_0.22-1.6_G.snv.bam	0.0956256358087	0.00203458799593	0.00610376398779	0.00508646998983	0.00610376398779	0.0	0.0	0.00712105798576	0.00712105798576	0.0101729399797	0.00712105798576	0.0193285859613	0.00203458799593	0.00406917599186
TARA_065_DCM_0.22-3_G.snv.bam	0.0976602238047	0.00101729399797	0.0101729399797	0.0101729399797	0.0132248219736	0.0	0.0	0.00712105798576	0.0111902339776	0.0132248219736	0.0111902339776	0.0223804679552	0.0	0.0
TARA_102_DCM_0.22-3_G.snv.bam	0.0925737538149	0.0111902339776	0.00101729399797	0.00406917599186	0.00508646998983	0.00712105798576	0.00712105798576	0.0	0.00101729399797	0.0	0.00101729399797	0.00203458799593	0.00101729399797	0.00915564598169
TARA_102_SRF_0.22-3_G.snv.bam	0.0935910478128	0.0152594099695	0.00508646998983	0.00712105798576	0.00915564598169	0.00712105798576	0.0111902339776	0.00101729399797	0.0	0.00101729399797	0.00203458799593	0.0030518819939	0.00406917599186	0.0101729399797
TARA_109_SRF_0.22-3_G.snv.bam	0.0915564598169	0.0172939979654	0.00508646998983	0.00915564598169	0.0101729399797	0.0101729399797	0.0132248219736	0.0	0.00101729399797	0.0	0.00101729399797	0.00101729399797	0.0030518819939	0.0122075279756
TARA_110_SRF_0.22-3_G.snv.bam	0.088504577823	0.0152594099695	0.00610376398779	0.00813835198372	0.0111902339776	0.00712105798576	0.0111902339776	0.00101729399797	0.00203458799593	0.00101729399797	0.0	0.0	0.00508646998983	0.0111902339776
TARA_137_SRF_0.22-3_G.snv.bam	0.103763987792	0.0254323499491	0.0223804679552	0.0233977619532	0.0193285859613	0.0193285859613	0.0223804679552	0.00203458799593	0.0030518819939	0.00101729399797	0.0	0.0	0.00915564598169	0.0254323499491
TARA_140_SRF_0.22-3_G.snv.bam	0.0935910478128	0.0030518819939	0.00712105798576	0.00712105798576	0.00915564598169	0.00203458799593	0.0	0.00101729399797	0.00406917599186	0.0030518819939	0.00508646998983	0.00915564598169	0.0	0.00203458799593
TARA_141_SRF_0.22-3_G.snv.bam	0.0986775178026	0.00203458799593	0.0193285859613	0.0183112919634	0.0152594099695	0.00406917599186	0.0	0.00915564598169	0.0101729399797	0.0122075279756	0.0111902339776	0.0254323499491	0.00203458799593	0.0
