	TARA_056_MES_0.22-3_G.snv.bam	TARA_064_MES_0.22-3_G.snv.bam	TARA_065_MES_0.22-3_G.snv.bam	TARA_068_MES_0.22-3_G.snv.bam	TARA_070_MES_0.22-3_G.snv.bam	TARA_076_MES_0.22-3_G.snv.bam	TARA_078_MES_0.22-3_G.snv.bam	TARA_098_MES_0.22-3_G.snv.bam	TARA_102_MES_0.22-3_G.snv.bam	TARA_109_MES_0.22-3_G.snv.bam	TARA_110_MES_0.22-3_G.snv.bam	TARA_111_MES_0.22-3_G.snv.bam	TARA_112_MES_0.22-3_G.snv.bam	TARA_122_MES_0.22-3_G.snv.bam	TARA_132_MES_0.22-3_G.snv.bam	TARA_133_MES_0.22-3_G.snv.bam	TARA_142_MES_0.22-3_G.snv.bam	TARA_146_MES_0.22-3_G.snv.bam	TARA_149_MES_0.22-3_G.snv.bam	TARA_152_MES_0.22-3_G.snv.bam
TARA_056_MES_0.22-3_G.snv.bam	0.0	0.01685891748	0.0133096716948	0.00887311446318	0.00621118012422	0.0177462289264	0.0239574090506	0.00532386867791	0.00177462289264	0.00709849157054	0.00266193433895	0.000887311446318	0.0257320319432	0.0	0.0141969831411	0.0	0.000887311446318	0.00177462289264	0.00266193433895	0.00621118012422
TARA_064_MES_0.22-3_G.snv.bam	0.01685891748	0.0	0.000887311446318	0.0	0.0124223602484	0.0	0.0	0.0	0.0408163265306	0.0399290150843	0.036379769299	0.036379769299	0.00177462289264	0.0310559006211	0.000887311446318	0.0354924578527	0.00532386867791	0.00443655723159	0.00177462289264	0.0
TARA_065_MES_0.22-3_G.snv.bam	0.0133096716948	0.000887311446318	0.0	0.0	0.0133096716948	0.00177462289264	0.0	0.0	0.0425909494232	0.0301685891748	0.0328305235138	0.036379769299	0.000887311446318	0.0301685891748	0.0	0.0319432120674	0.000887311446318	0.0	0.0	0.0
TARA_068_MES_0.22-3_G.snv.bam	0.00887311446318	0.0	0.0	0.0	0.00709849157054	0.0	0.0	0.0	0.0319432120674	0.0301685891748	0.0266193433895	0.0239574090506	0.000887311446318	0.0212954747116	0.0	0.0221827861579	0.00177462289264	0.00177462289264	0.000887311446318	0.0
TARA_070_MES_0.22-3_G.snv.bam	0.00621118012422	0.0124223602484	0.0133096716948	0.00709849157054	0.0	0.00177462289264	0.00887311446318	0.0150842945874	0.0221827861579	0.0381543921917	0.0221827861579	0.0221827861579	0.00709849157054	0.00266193433895	0.00532386867791	0.00266193433895	0.0106477373558	0.0133096716948	0.0115350488021	0.0124223602484
TARA_076_MES_0.22-3_G.snv.bam	0.0177462289264	0.0	0.00177462289264	0.0	0.00177462289264	0.0	0.0	0.00266193433895	0.0417036379769	0.0381543921917	0.0346051464064	0.039041703638	0.0	0.0266193433895	0.0	0.0212954747116	0.00887311446318	0.0115350488021	0.00532386867791	0.000887311446318
TARA_078_MES_0.22-3_G.snv.bam	0.0239574090506	0.0	0.0	0.0	0.00887311446318	0.0	0.0	0.0	0.0514640638864	0.0514640638864	0.0470275066548	0.0496894409938	0.000887311446318	0.0408163265306	0.0	0.0443655723159	0.0150842945874	0.0106477373558	0.00532386867791	0.000887311446318
TARA_098_MES_0.22-3_G.snv.bam	0.00532386867791	0.0	0.0	0.0	0.0150842945874	0.00266193433895	0.0	0.0	0.0248447204969	0.0283939662822	0.0204081632653	0.0141969831411	0.00266193433895	0.0159716060337	0.0	0.0239574090506	0.000887311446318	0.00177462289264	0.0	0.0
TARA_102_MES_0.22-3_G.snv.bam	0.00177462289264	0.0408163265306	0.0425909494232	0.0319432120674	0.0221827861579	0.0417036379769	0.0514640638864	0.0248447204969	0.0	0.0	0.0	0.0	0.0550133096717	0.00266193433895	0.0434782608696	0.00621118012422	0.0	0.00354924578527	0.0106477373558	0.0292812777285
TARA_109_MES_0.22-3_G.snv.bam	0.00709849157054	0.0399290150843	0.0301685891748	0.0301685891748	0.0381543921917	0.0381543921917	0.0514640638864	0.0283939662822	0.0	0.0	0.0	0.0	0.0514640638864	0.00798580301686	0.0452528837622	0.0212954747116	0.00177462289264	0.00621118012422	0.0106477373558	0.0230700976043
TARA_110_MES_0.22-3_G.snv.bam	0.00266193433895	0.036379769299	0.0328305235138	0.0266193433895	0.0221827861579	0.0346051464064	0.0470275066548	0.0204081632653	0.0	0.0	0.0	0.0	0.0479148181012	0.00266193433895	0.0337178349601	0.00532386867791	0.00177462289264	0.00177462289264	0.00709849157054	0.0212954747116
TARA_111_MES_0.22-3_G.snv.bam	0.000887311446318	0.036379769299	0.036379769299	0.0239574090506	0.0221827861579	0.039041703638	0.0496894409938	0.0141969831411	0.0	0.0	0.0	0.0	0.0452528837622	0.00177462289264	0.0337178349601	0.00532386867791	0.0	0.00177462289264	0.00443655723159	0.0248447204969
TARA_112_MES_0.22-3_G.snv.bam	0.0257320319432	0.00177462289264	0.000887311446318	0.000887311446318	0.00709849157054	0.0	0.000887311446318	0.00266193433895	0.0550133096717	0.0514640638864	0.0479148181012	0.0452528837622	0.0	0.0399290150843	0.0	0.039041703638	0.0150842945874	0.0124223602484	0.00976042590949	0.000887311446318
TARA_122_MES_0.22-3_G.snv.bam	0.0	0.0310559006211	0.0301685891748	0.0212954747116	0.00266193433895	0.0266193433895	0.0408163265306	0.0159716060337	0.00266193433895	0.00798580301686	0.00266193433895	0.00177462289264	0.0399290150843	0.0	0.0275066548358	0.0	0.0	0.00266193433895	0.00621118012422	0.019520851819
TARA_132_MES_0.22-3_G.snv.bam	0.0141969831411	0.000887311446318	0.0	0.0	0.00532386867791	0.0	0.0	0.0	0.0434782608696	0.0452528837622	0.0337178349601	0.0337178349601	0.0	0.0275066548358	0.0	0.0257320319432	0.00443655723159	0.00354924578527	0.000887311446318	0.0
TARA_133_MES_0.22-3_G.snv.bam	0.0	0.0354924578527	0.0319432120674	0.0221827861579	0.00266193433895	0.0212954747116	0.0443655723159	0.0239574090506	0.00621118012422	0.0212954747116	0.00532386867791	0.00532386867791	0.039041703638	0.0	0.0257320319432	0.0	0.00532386867791	0.0124223602484	0.0133096716948	0.0239574090506
TARA_142_MES_0.22-3_G.snv.bam	0.000887311446318	0.00532386867791	0.000887311446318	0.00177462289264	0.0106477373558	0.00887311446318	0.0150842945874	0.000887311446318	0.0	0.00177462289264	0.00177462289264	0.0	0.0150842945874	0.0	0.00443655723159	0.00532386867791	0.0	0.0	0.0	0.0
TARA_146_MES_0.22-3_G.snv.bam	0.00177462289264	0.00443655723159	0.0	0.00177462289264	0.0133096716948	0.0115350488021	0.0106477373558	0.00177462289264	0.00354924578527	0.00621118012422	0.00177462289264	0.00177462289264	0.0124223602484	0.00266193433895	0.00354924578527	0.0124223602484	0.0	0.0	0.0	0.0
TARA_149_MES_0.22-3_G.snv.bam	0.00266193433895	0.00177462289264	0.0	0.000887311446318	0.0115350488021	0.00532386867791	0.00532386867791	0.0	0.0106477373558	0.0106477373558	0.00709849157054	0.00443655723159	0.00976042590949	0.00621118012422	0.000887311446318	0.0133096716948	0.0	0.0	0.0	0.0
TARA_152_MES_0.22-3_G.snv.bam	0.00621118012422	0.0	0.0	0.0	0.0124223602484	0.000887311446318	0.000887311446318	0.0	0.0292812777285	0.0230700976043	0.0212954747116	0.0248447204969	0.000887311446318	0.019520851819	0.0	0.0239574090506	0.0	0.0	0.0	0.0
