	TARA_004_DCM_0.22-1.6_G.snv.bam	TARA_004_SRF_0.22-1.6_G.snv.bam	TARA_007_SRF_0.22-1.6_G.snv.bam	TARA_009_SRF_0.22-1.6_G.snv.bam	TARA_018_DCM_0.22-1.6_G.snv.bam	TARA_018_SRF_0.22-1.6_G.snv.bam	TARA_023_DCM_0.22-1.6_G.snv.bam	TARA_025_DCM_0.22-1.6_G.snv.bam	TARA_025_SRF_0.22-1.6_G.snv.bam	TARA_030_DCM_0.22-1.6_G.snv.bam	TARA_030_SRF_0.22-1.6_G.snv.bam	TARA_066_SRF_0.22-3_G.snv.bam	TARA_068_DCM_0.22-3_G.snv.bam	TARA_068_SRF_0.22-3_G.snv.bam	TARA_078_SRF_0.22-3_G.snv.bam	TARA_150_DCM_0.22-3_G.snv.bam	TARA_150_SRF_0.22-3_G.snv.bam	TARA_151_DCM_0.22-3_G.snv.bam	TARA_151_SRF_0.22-3_G.snv.bam	TARA_152_MIX_0.22-3_G.snv.bam	TARA_152_SRF_0.22-3_G.snv.bam
TARA_004_DCM_0.22-1.6_G.snv.bam	0.0	0.0425015751775	0.0916476713507	0.0953093773964	0.0927594564344	0.0898614096301	0.126627308758	0.111320605394	0.115235634909	0.121855967424	0.120149847527	0.130315967364	0.118684988782	0.1195238513	0.0935709594688	0.062257782607	0.0695862387933	0.0779137276217	0.0739263846612	0.0725874150838	0.0718842387683
TARA_004_SRF_0.22-1.6_G.snv.bam	0.0425015751775	0.0	0.0850324127173	0.0879993887073	0.0854455802746	0.0836536100182	0.124831852467	0.112090585513	0.111732994922	0.118403622384	0.11645974387	0.133961195296	0.121224625364	0.12110193554	0.0966726793848	0.0647905352703	0.0673407762833	0.0768943639004	0.0762576947403	0.0725554292316	0.0729086946648
TARA_007_SRF_0.22-1.6_G.snv.bam	0.0916476713507	0.0850324127173	0.0	0.0530496797155	0.0813245483859	0.0785925519537	0.0957807578172	0.0853636564577	0.0821002002428	0.0914905045789	0.0941800664032	0.146088976985	0.140362630403	0.137838770567	0.117943036313	0.0937223550169	0.0971713138179	0.103458427098	0.102492581159	0.103581323479	0.101495227594
TARA_009_SRF_0.22-1.6_G.snv.bam	0.0953093773964	0.0879993887073	0.0530496797155	0.0	0.0783873424594	0.0758728491024	0.0766305891434	0.0681008779728	0.0639942108317	0.0710604870273	0.0752521003918	0.155989546423	0.147382299794	0.147619574051	0.131674001626	0.100406892944	0.105670187965	0.107401630179	0.108751634985	0.105293458073	0.102276363078
TARA_018_DCM_0.22-1.6_G.snv.bam	0.0927594564344	0.0854455802746	0.0813245483859	0.0783873424594	0.0	0.0415841474698	0.109485083642	0.0939992517382	0.0947040730661	0.0882703820647	0.0875870438542	0.153084767277	0.14364621706	0.141067496253	0.116294955913	0.102912639483	0.111245430246	0.110051831237	0.110107075309	0.0940693373152	0.0975273165231
TARA_018_SRF_0.22-1.6_G.snv.bam	0.0898614096301	0.0836536100182	0.0785925519537	0.0758728491024	0.0415841474698	0.0	0.10688807929	0.0914691484324	0.0922218815098	0.0864124619989	0.0904389398746	0.1520514934	0.142811114167	0.140833874347	0.116330441861	0.0999097628547	0.107443860813	0.109394557152	0.107614568409	0.0938263754539	0.0955548654193
TARA_023_DCM_0.22-1.6_G.snv.bam	0.126627308758	0.124831852467	0.0957807578172	0.0766305891434	0.109485083642	0.10688807929	0.0	0.0468082988369	0.0508253748772	0.0632918130317	0.0658291012496	0.176027423374	0.175915298172	0.175864647035	0.158317673515	0.130584591369	0.137586978439	0.136359288727	0.136967894503	0.125300944785	0.124047373355
TARA_025_DCM_0.22-1.6_G.snv.bam	0.111320605394	0.112090585513	0.0853636564577	0.0681008779728	0.0939992517382	0.0914691484324	0.0468082988369	0.0	0.03931053536	0.0478881063298	0.0486845020967	0.169275227569	0.163183354587	0.164940045515	0.144176017256	0.116952253341	0.127826669518	0.124223409279	0.128030466397	0.114275808334	0.117070442829
TARA_025_SRF_0.22-1.6_G.snv.bam	0.115235634909	0.111732994922	0.0821002002428	0.0639942108317	0.0947040730661	0.0922218815098	0.0508253748772	0.03931053536	0.0	0.0496974566501	0.0517537629926	0.172123985647	0.16536630247	0.165601662028	0.144392251263	0.117216516368	0.127452426376	0.125040582317	0.128330152169	0.120245943816	0.11862694263
TARA_030_DCM_0.22-1.6_G.snv.bam	0.121855967424	0.118403622384	0.0914905045789	0.0710604870273	0.0882703820647	0.0864124619989	0.0632918130317	0.0478881063298	0.0496974566501	0.0	0.0354820568399	0.182192424749	0.171309290854	0.169686217259	0.148802048548	0.127696135724	0.135639820713	0.131604746841	0.135519457731	0.124734299619	0.126527153794
TARA_030_SRF_0.22-1.6_G.snv.bam	0.120149847527	0.11645974387	0.0941800664032	0.0752521003918	0.0875870438542	0.0904389398746	0.0658291012496	0.0486845020967	0.0517537629926	0.0354820568399	0.0	0.182998450179	0.169798494751	0.170251845684	0.148280371815	0.128708314878	0.138456111956	0.133811352416	0.136586278801	0.122577603324	0.126506504953
TARA_066_SRF_0.22-3_G.snv.bam	0.130315967364	0.133961195296	0.146088976985	0.155989546423	0.153084767277	0.1520514934	0.176027423374	0.169275227569	0.172123985647	0.182192424749	0.182998450179	0.0	0.0615223544083	0.0644146976804	0.106456042506	0.109583519193	0.115895737036	0.11771782981	0.113204901862	0.1192318089	0.116273553868
TARA_068_DCM_0.22-3_G.snv.bam	0.118684988782	0.121224625364	0.140362630403	0.147382299794	0.14364621706	0.142811114167	0.175915298172	0.163183354587	0.16536630247	0.171309290854	0.169798494751	0.0615223544083	0.0	0.0498232726053	0.102084650124	0.100833381323	0.103889928215	0.108916538709	0.103377089151	0.115239275417	0.113143916921
TARA_068_SRF_0.22-3_G.snv.bam	0.1195238513	0.12110193554	0.137838770567	0.147619574051	0.141067496253	0.140833874347	0.175864647035	0.164940045515	0.165601662028	0.169686217259	0.170251845684	0.0644146976804	0.0498232726053	0.0	0.102115697062	0.101394959021	0.103572053996	0.10826251861	0.10414739325	0.112918428788	0.112924680158
TARA_078_SRF_0.22-3_G.snv.bam	0.0935709594688	0.0966726793848	0.117943036313	0.131674001626	0.116294955913	0.116330441861	0.158317673515	0.144176017256	0.144392251263	0.148802048548	0.148280371815	0.106456042506	0.102084650124	0.102115697062	0.0	0.0873191798785	0.09419540985	0.0974886833657	0.0951218247959	0.0968581610849	0.0984229108176
TARA_150_DCM_0.22-3_G.snv.bam	0.062257782607	0.0647905352703	0.0937223550169	0.100406892944	0.102912639483	0.0999097628547	0.130584591369	0.116952253341	0.117216516368	0.127696135724	0.128708314878	0.109583519193	0.100833381323	0.101394959021	0.0873191798785	0.0	0.0496557779472	0.064369556861	0.0525748189749	0.0694464197083	0.0669356193779
TARA_150_SRF_0.22-3_G.snv.bam	0.0695862387933	0.0673407762833	0.0971713138179	0.105670187965	0.111245430246	0.107443860813	0.137586978439	0.127826669518	0.127452426376	0.135639820713	0.138456111956	0.115895737036	0.103889928215	0.103572053996	0.09419540985	0.0496557779472	0.0	0.0657784272825	0.0503576118471	0.0792166357773	0.0775543388289
TARA_151_DCM_0.22-3_G.snv.bam	0.0779137276217	0.0768943639004	0.103458427098	0.107401630179	0.110051831237	0.109394557152	0.136359288727	0.124223409279	0.125040582317	0.131604746841	0.133811352416	0.11771782981	0.108916538709	0.10826251861	0.0974886833657	0.064369556861	0.0657784272825	0.0	0.0655012798296	0.0774509634606	0.0766969875093
TARA_151_SRF_0.22-3_G.snv.bam	0.0739263846612	0.0762576947403	0.102492581159	0.108751634985	0.110107075309	0.107614568409	0.136967894503	0.128030466397	0.128330152169	0.135519457731	0.136586278801	0.113204901862	0.103377089151	0.10414739325	0.0951218247959	0.0525748189749	0.0503576118471	0.0655012798296	0.0	0.0770639197438	0.0764318539026
TARA_152_MIX_0.22-3_G.snv.bam	0.0725874150838	0.0725554292316	0.103581323479	0.105293458073	0.0940693373152	0.0938263754539	0.125300944785	0.114275808334	0.120245943816	0.124734299619	0.122577603324	0.1192318089	0.115239275417	0.112918428788	0.0968581610849	0.0694464197083	0.0792166357773	0.0774509634606	0.0770639197438	0.0	0.0626807857794
TARA_152_SRF_0.22-3_G.snv.bam	0.0718842387683	0.0729086946648	0.101495227594	0.102276363078	0.0975273165231	0.0955548654193	0.124047373355	0.117070442829	0.11862694263	0.126527153794	0.126506504953	0.116273553868	0.113143916921	0.112924680158	0.0984229108176	0.0669356193779	0.0775543388289	0.0766969875093	0.0764318539026	0.0626807857794	0.0
