	TARA_004_SRF_0.22-1.6_G.snv.bam	TARA_007_SRF_0.22-1.6_G.snv.bam	TARA_009_SRF_0.22-1.6_G.snv.bam	TARA_018_DCM_0.22-1.6_G.snv.bam	TARA_018_SRF_0.22-1.6_G.snv.bam	TARA_025_SRF_0.22-1.6_G.snv.bam	TARA_030_DCM_0.22-1.6_G.snv.bam	TARA_030_SRF_0.22-1.6_G.snv.bam	TARA_096_SRF_0.22-3_G.snv.bam	TARA_099_SRF_0.22-3_G.snv.bam
TARA_004_SRF_0.22-1.6_G.snv.bam	0.0	0.0	0.0	0.010582010582	0.010582010582	0.00705467372134	0.0123456790123	0.0194003527337	0.0793650793651	0.031746031746
TARA_007_SRF_0.22-1.6_G.snv.bam	0.0	0.0	0.0	0.00352733686067	0.0	0.00176366843034	0.00529100529101	0.010582010582	0.109347442681	0.0582010582011
TARA_009_SRF_0.22-1.6_G.snv.bam	0.0	0.0	0.0	0.00529100529101	0.00176366843034	0.00352733686067	0.00352733686067	0.00881834215168	0.109347442681	0.0564373897707
TARA_018_DCM_0.22-1.6_G.snv.bam	0.010582010582	0.00352733686067	0.00529100529101	0.0	0.0	0.00352733686067	0.0	0.00176366843034	0.0987654320988	0.0511463844797
TARA_018_SRF_0.22-1.6_G.snv.bam	0.010582010582	0.0	0.00176366843034	0.0	0.0	0.0	0.0	0.00176366843034	0.0987654320988	0.0493827160494
TARA_025_SRF_0.22-1.6_G.snv.bam	0.00705467372134	0.00176366843034	0.00352733686067	0.00352733686067	0.0	0.0	0.00176366843034	0.00176366843034	0.10405643739	0.042328042328
TARA_030_DCM_0.22-1.6_G.snv.bam	0.0123456790123	0.00529100529101	0.00352733686067	0.0	0.0	0.00176366843034	0.0	0.00176366843034	0.0952380952381	0.047619047619
TARA_030_SRF_0.22-1.6_G.snv.bam	0.0194003527337	0.010582010582	0.00881834215168	0.00176366843034	0.00176366843034	0.00176366843034	0.00176366843034	0.0	0.100529100529	0.0546737213404
TARA_096_SRF_0.22-3_G.snv.bam	0.0793650793651	0.109347442681	0.109347442681	0.0987654320988	0.0987654320988	0.10405643739	0.0952380952381	0.100529100529	0.0	0.0493827160494
TARA_099_SRF_0.22-3_G.snv.bam	0.031746031746	0.0582010582011	0.0564373897707	0.0511463844797	0.0493827160494	0.042328042328	0.047619047619	0.0546737213404	0.0493827160494	0.0
