	TARA_065_MES_0.22-3_G.snv.bam	TARA_068_MES_0.22-3_G.snv.bam	TARA_070_MES_0.22-3_G.snv.bam	TARA_076_MES_0.22-3_G.snv.bam	TARA_078_MES_0.22-3_G.snv.bam	TARA_085_MES_0.22-3_G.snv.bam	TARA_098_MES_0.22-3_G.snv.bam	TARA_112_MES_0.22-3_G.snv.bam	TARA_132_MES_0.22-3_G.snv.bam	TARA_133_MES_0.22-3_G.snv.bam	TARA_145_MES_0.22-3_G.snv.bam	TARA_152_MES_0.22-3_G.snv.bam
TARA_065_MES_0.22-3_G.snv.bam	0.0	0.0	0.00211752249868	0.00158814187401	0.00105876124934	0.0142932768661	0.0	0.00105876124934	0.0	0.000529380624669	0.00105876124934	0.0
TARA_068_MES_0.22-3_G.snv.bam	0.0	0.0	0.00105876124934	0.0	0.0	0.00952885124404	0.0	0.0	0.0	0.00105876124934	0.0	0.00105876124934
TARA_070_MES_0.22-3_G.snv.bam	0.00211752249868	0.00105876124934	0.0	0.0	0.0	0.00476442562202	0.0	0.000529380624669	0.00158814187401	0.0	0.0	0.00211752249868
TARA_076_MES_0.22-3_G.snv.bam	0.00158814187401	0.0	0.0	0.0	0.0	0.00158814187401	0.0	0.0	0.0	0.00105876124934	0.0	0.00264690312335
TARA_078_MES_0.22-3_G.snv.bam	0.00105876124934	0.0	0.0	0.0	0.0	0.00476442562202	0.0	0.0	0.0	0.000529380624669	0.0	0.00158814187401
TARA_085_MES_0.22-3_G.snv.bam	0.0142932768661	0.00952885124404	0.00476442562202	0.00158814187401	0.00476442562202	0.0	0.0121757543674	0.00370566437268	0.0105876124934	0.0164107993647	0.00423504499735	0.0137638962414
TARA_098_MES_0.22-3_G.snv.bam	0.0	0.0	0.0	0.0	0.0	0.0121757543674	0.0	0.000529380624669	0.0	0.000529380624669	0.000529380624669	0.00105876124934
TARA_112_MES_0.22-3_G.snv.bam	0.00105876124934	0.0	0.000529380624669	0.0	0.0	0.00370566437268	0.000529380624669	0.0	0.000529380624669	0.00105876124934	0.000529380624669	0.00158814187401
TARA_132_MES_0.22-3_G.snv.bam	0.0	0.0	0.00158814187401	0.0	0.0	0.0105876124934	0.0	0.000529380624669	0.0	0.000529380624669	0.000529380624669	0.000529380624669
TARA_133_MES_0.22-3_G.snv.bam	0.000529380624669	0.00105876124934	0.0	0.00105876124934	0.000529380624669	0.0164107993647	0.000529380624669	0.00105876124934	0.000529380624669	0.0	0.00158814187401	0.00211752249868
TARA_145_MES_0.22-3_G.snv.bam	0.00105876124934	0.0	0.0	0.0	0.0	0.00423504499735	0.000529380624669	0.000529380624669	0.000529380624669	0.00158814187401	0.0	0.00211752249868
TARA_152_MES_0.22-3_G.snv.bam	0.0	0.00105876124934	0.00211752249868	0.00264690312335	0.00158814187401	0.0137638962414	0.00105876124934	0.00158814187401	0.000529380624669	0.00211752249868	0.00211752249868	0.0
