	TARA_033_SRF_0.22-1.6_G.snv.bam	TARA_034_DCM_0.22-1.6_G.snv.bam	TARA_038_DCM_0.22-1.6_G.snv.bam	TARA_041_DCM_0.22-1.6_G.snv.bam	TARA_042_DCM_0.22-1.6_G.snv.bam	TARA_057_SRF_0.22-3_G.snv.bam	TARA_058_DCM_0.22-3_G.snv.bam	TARA_064_DCM_0.22-3_G.snv.bam	TARA_064_SRF_0.22-3_G.snv.bam	TARA_065_DCM_0.22-3_G.snv.bam	TARA_065_SRF_0.22-3_G.snv.bam	TARA_123_SRF_0.22-3_G.snv.bam	TARA_124_MIX_0.22-3_G.snv.bam	TARA_124_SRF_0.22-3_G.snv.bam	TARA_125_SRF_0.22-3_G.snv.bam	TARA_128_DCM_0.22-3_G.snv.bam	TARA_128_SRF_0.22-3_G.snv.bam	TARA_142_DCM_0.22-3_G.snv.bam	TARA_142_SRF_0.22-3_G.snv.bam	TARA_146_SRF_0.22-3_G.snv.bam	TARA_148_SRF_0.22-3_G.snv.bam	TARA_149_SRF_0.22-3_G.snv.bam
TARA_033_SRF_0.22-1.6_G.snv.bam	0.0	0.120482305472	0.1446058202	0.120409555537	0.125268898987	0.136915708701	0.160568667952	0.149733206563	0.137150292737	0.145719891588	0.149802009415	0.155825286341	0.15504020997	0.154655445787	0.154069014216	0.162185180654	0.162380661835	0.142311729763	0.142941613914	0.149595079775	0.15285025411	0.174746700936
TARA_034_DCM_0.22-1.6_G.snv.bam	0.120482305472	0.0	0.152339384163	0.0981683524874	0.0939894325048	0.0894570183909	0.094724964908	0.102160906091	0.107022147972	0.082951415126	0.0865353151138	0.165057262859	0.165779437021	0.164957118774	0.164813058087	0.173002614996	0.177353735075	0.161010021098	0.162921759109	0.133935361478	0.130820559811	0.173000726635
TARA_038_DCM_0.22-1.6_G.snv.bam	0.1446058202	0.152339384163	0.0	0.0904243575765	0.11611408154	0.148540778325	0.162458437904	0.167627379231	0.15766104714	0.158528835406	0.16553245993	0.110508978552	0.110485205744	0.109539936364	0.10919574982	0.12025756109	0.123057226533	0.171647518301	0.174041287305	0.177738709115	0.178213079244	0.184529466002
TARA_041_DCM_0.22-1.6_G.snv.bam	0.120409555537	0.0981683524874	0.0904243575765	0.0	0.0463355053269	0.082441915366	0.0967963859646	0.108587932589	0.106419908744	0.0933365167335	0.0997328398698	0.11818326812	0.118579076011	0.118086300402	0.116641706138	0.126105320474	0.130070799802	0.155200720095	0.157894507419	0.137531016176	0.142272103557	0.165550866843
TARA_042_DCM_0.22-1.6_G.snv.bam	0.125268898987	0.0939894325048	0.11611408154	0.0463355053269	0.0	0.0728905226704	0.0850958181753	0.0970760096461	0.0955376691668	0.0762551685546	0.0817980703012	0.142553216998	0.142438285621	0.14263889257	0.141325540604	0.148505830836	0.153018119404	0.159269128978	0.161229328237	0.132614462281	0.139125872516	0.164334118046
TARA_057_SRF_0.22-3_G.snv.bam	0.136915708701	0.0894570183909	0.148540778325	0.082441915366	0.0728905226704	0.0	0.0600916072923	0.0863164059516	0.0920568379781	0.0704977350025	0.0682776869348	0.16199504899	0.162399875253	0.162113008821	0.161225162638	0.162762488083	0.166381366393	0.164918985534	0.167625005581	0.138193362704	0.14485228469	0.168429849355
TARA_058_DCM_0.22-3_G.snv.bam	0.160568667952	0.094724964908	0.162458437904	0.0967963859646	0.0850958181753	0.0600916072923	0.0	0.0920979085055	0.100479270792	0.0673788208065	0.0668630088598	0.180177546068	0.180826713262	0.180555099554	0.179815481663	0.179005124078	0.182032850623	0.183445491886	0.184573599632	0.146487158033	0.148862429649	0.176804490496
TARA_064_DCM_0.22-3_G.snv.bam	0.149733206563	0.102160906091	0.167627379231	0.108587932589	0.0970760096461	0.0863164059516	0.0920979085055	0.0	0.0511777879441	0.0577670915933	0.0596697846762	0.185741565344	0.186197422034	0.186037808975	0.185498553074	0.188391466655	0.19135468182	0.160853736388	0.163573190106	0.107013395206	0.103412170111	0.124177959638
TARA_064_SRF_0.22-3_G.snv.bam	0.137150292737	0.107022147972	0.15766104714	0.106419908744	0.0955376691668	0.0920568379781	0.100479270792	0.0511777879441	0.0	0.0645978854083	0.0634892009711	0.179180912916	0.179828884678	0.179410522433	0.179117795385	0.182051025415	0.184680431437	0.15001656198	0.152350629569	0.0943923514808	0.0954351391128	0.117970891282
TARA_065_DCM_0.22-3_G.snv.bam	0.145719891588	0.082951415126	0.158528835406	0.0933365167335	0.0762551685546	0.0704977350025	0.0673788208065	0.0577670915933	0.0645978854083	0.0	0.0422307542018	0.17878680624	0.178479330339	0.178650037578	0.178477705368	0.179755114191	0.183499292107	0.159330923619	0.160464025695	0.112775596454	0.116927139097	0.133916788125
TARA_065_SRF_0.22-3_G.snv.bam	0.149802009415	0.0865353151138	0.16553245993	0.0997328398698	0.0817980703012	0.0682776869348	0.0668630088598	0.0596697846762	0.0634892009711	0.0422307542018	0.0	0.185258957382	0.186127359476	0.185862982752	0.185215198674	0.187831227918	0.191362560843	0.164618508562	0.166365522491	0.11785908365	0.118494046055	0.145431980926
TARA_123_SRF_0.22-3_G.snv.bam	0.155825286341	0.165057262859	0.110508978552	0.11818326812	0.142553216998	0.16199504899	0.180177546068	0.185741565344	0.179180912916	0.17878680624	0.185258957382	0.0	0.0101488069533	0.00782549373432	0.00861873882418	0.049120716711	0.0535867958388	0.188184203727	0.19148100583	0.201717070005	0.200944386175	0.187757808142
TARA_124_MIX_0.22-3_G.snv.bam	0.15504020997	0.165779437021	0.110485205744	0.118579076011	0.142438285621	0.162399875253	0.180826713262	0.186197422034	0.179828884678	0.178479330339	0.186127359476	0.0101488069533	0.0	0.00637940230695	0.0070220537165	0.0496031722281	0.0538565893072	0.187476960075	0.190818083691	0.201468144394	0.200435235258	0.186170045278
TARA_124_SRF_0.22-3_G.snv.bam	0.154655445787	0.164957118774	0.109539936364	0.118086300402	0.14263889257	0.162113008821	0.180555099554	0.186037808975	0.179410522433	0.178650037578	0.185862982752	0.00782549373432	0.00637940230695	0.0	0.00510153802435	0.0489760622848	0.0532107116189	0.187367101946	0.190687381034	0.201308236745	0.200321076533	0.186763071583
TARA_125_SRF_0.22-3_G.snv.bam	0.154069014216	0.164813058087	0.10919574982	0.116641706138	0.141325540604	0.161225162638	0.179815481663	0.185498553074	0.179117795385	0.178477705368	0.185215198674	0.00861873882418	0.0070220537165	0.00510153802435	0.0	0.0496137558111	0.0537476189203	0.187473553777	0.190704017941	0.201206641113	0.200779504656	0.187463346764
TARA_128_DCM_0.22-3_G.snv.bam	0.162185180654	0.173002614996	0.12025756109	0.126105320474	0.148505830836	0.162762488083	0.179005124078	0.188391466655	0.182051025415	0.179755114191	0.187831227918	0.049120716711	0.0496031722281	0.0489760622848	0.0496137558111	0.0	0.0105202891243	0.192947164709	0.196261456064	0.206072231059	0.204962778951	0.191768170169
TARA_128_SRF_0.22-3_G.snv.bam	0.162380661835	0.177353735075	0.123057226533	0.130070799802	0.153018119404	0.166381366393	0.182032850623	0.19135468182	0.184680431437	0.183499292107	0.191362560843	0.0535867958388	0.0538565893072	0.0532107116189	0.0537476189203	0.0105202891243	0.0	0.196074678012	0.199310152832	0.208977030177	0.208094407612	0.197224694157
TARA_142_DCM_0.22-3_G.snv.bam	0.142311729763	0.161010021098	0.171647518301	0.155200720095	0.159269128978	0.164918985534	0.183445491886	0.160853736388	0.15001656198	0.159330923619	0.164618508562	0.188184203727	0.187476960075	0.187367101946	0.187473553777	0.192947164709	0.196074678012	0.0	0.0190339262796	0.0924914148986	0.112115301921	0.161760054939
TARA_142_SRF_0.22-3_G.snv.bam	0.142941613914	0.162921759109	0.174041287305	0.157894507419	0.161229328237	0.167625005581	0.184573599632	0.163573190106	0.152350629569	0.160464025695	0.166365522491	0.19148100583	0.190818083691	0.190687381034	0.190704017941	0.196261456064	0.199310152832	0.0190339262796	0.0	0.0926239555263	0.114241713425	0.163516044593
TARA_146_SRF_0.22-3_G.snv.bam	0.149595079775	0.133935361478	0.177738709115	0.137531016176	0.132614462281	0.138193362704	0.146487158033	0.107013395206	0.0943923514808	0.112775596454	0.11785908365	0.201717070005	0.201468144394	0.201308236745	0.201206641113	0.206072231059	0.208977030177	0.0924914148986	0.0926239555263	0.0	0.0551429589763	0.108861063832
TARA_148_SRF_0.22-3_G.snv.bam	0.15285025411	0.130820559811	0.178213079244	0.142272103557	0.139125872516	0.14485228469	0.148862429649	0.103412170111	0.0954351391128	0.116927139097	0.118494046055	0.200944386175	0.200435235258	0.200321076533	0.200779504656	0.204962778951	0.208094407612	0.112115301921	0.114241713425	0.0551429589763	0.0	0.107373496846
TARA_149_SRF_0.22-3_G.snv.bam	0.174746700936	0.173000726635	0.184529466002	0.165550866843	0.164334118046	0.168429849355	0.176804490496	0.124177959638	0.117970891282	0.133916788125	0.145431980926	0.187757808142	0.186170045278	0.186763071583	0.187463346764	0.191768170169	0.197224694157	0.161760054939	0.163516044593	0.108861063832	0.107373496846	0.0
