	TARA_058_DCM_0.22-3_G.snv.bam	TARA_064_DCM_0.22-3_G.snv.bam	TARA_065_DCM_0.22-3_G.snv.bam	TARA_072_DCM_0.22-3_G.snv.bam	TARA_076_DCM_0.22-3_G.snv.bam	TARA_078_DCM_0.22-3_G.snv.bam	TARA_123_SRF_0.22-3_G.snv.bam	TARA_124_MIX_0.22-3_G.snv.bam	TARA_124_SRF_0.22-3_G.snv.bam	TARA_128_DCM_0.22-3_G.snv.bam	TARA_128_SRF_0.22-3_G.snv.bam
TARA_058_DCM_0.22-3_G.snv.bam	0.0	0.0112994350282	0.0177562550444	0.0129136400323	0.0225988700565	0.0242130750605	0.00807102502018	0.0121065375303	0.00968523002421	0.0508474576271	0.046811945117
TARA_064_DCM_0.22-3_G.snv.bam	0.0112994350282	0.0	0.0	0.00645682001614	0.000807102502018	0.000807102502018	0.00322841000807	0.00645682001614	0.00322841000807	0.0395480225989	0.0363196125908
TARA_065_DCM_0.22-3_G.snv.bam	0.0177562550444	0.0	0.0	0.00484261501211	0.0	0.00242130750605	0.00645682001614	0.0088781275222	0.00645682001614	0.0395480225989	0.0387409200969
TARA_072_DCM_0.22-3_G.snv.bam	0.0129136400323	0.00645682001614	0.00484261501211	0.0	0.00968523002421	0.00968523002421	0.00403551251009	0.00161420500404	0.00242130750605	0.0217917675545	0.0201775625504
TARA_076_DCM_0.22-3_G.snv.bam	0.0225988700565	0.000807102502018	0.0	0.00968523002421	0.0	0.0	0.0088781275222	0.0112994350282	0.00807102502018	0.045197740113	0.0419693301049
TARA_078_DCM_0.22-3_G.snv.bam	0.0242130750605	0.000807102502018	0.00242130750605	0.00968523002421	0.0	0.0	0.0112994350282	0.0121065375303	0.0121065375303	0.0419693301049	0.0395480225989
TARA_123_SRF_0.22-3_G.snv.bam	0.00807102502018	0.00322841000807	0.00645682001614	0.00403551251009	0.0088781275222	0.0112994350282	0.0	0.00242130750605	0.0	0.0298627925747	0.0290556900726
TARA_124_MIX_0.22-3_G.snv.bam	0.0121065375303	0.00645682001614	0.0088781275222	0.00161420500404	0.0112994350282	0.0121065375303	0.00242130750605	0.0	0.00161420500404	0.0177562550444	0.0137207425343
TARA_124_SRF_0.22-3_G.snv.bam	0.00968523002421	0.00322841000807	0.00645682001614	0.00242130750605	0.00807102502018	0.0121065375303	0.0	0.00161420500404	0.0	0.0314769975787	0.0298627925747
TARA_128_DCM_0.22-3_G.snv.bam	0.0508474576271	0.0395480225989	0.0395480225989	0.0217917675545	0.045197740113	0.0419693301049	0.0298627925747	0.0177562550444	0.0314769975787	0.0	0.0
TARA_128_SRF_0.22-3_G.snv.bam	0.046811945117	0.0363196125908	0.0387409200969	0.0201775625504	0.0419693301049	0.0395480225989	0.0290556900726	0.0137207425343	0.0298627925747	0.0	0.0
