	TARA_007_SRF_0.22-1.6_G.snv.bam	TARA_009_SRF_0.22-1.6_G.snv.bam	TARA_023_SRF_0.22-1.6_G.snv.bam	TARA_025_SRF_0.22-1.6_G.snv.bam	TARA_030_DCM_0.22-1.6_G.snv.bam	TARA_030_SRF_0.22-1.6_G.snv.bam	TARA_100_SRF_0.22-3_G.snv.bam	TARA_102_DCM_0.22-3_G.snv.bam	TARA_102_SRF_0.22-3_G.snv.bam	TARA_109_DCM_0.22-3_G.snv.bam	TARA_109_SRF_0.22-3_G.snv.bam	TARA_137_SRF_0.22-3_G.snv.bam
TARA_007_SRF_0.22-1.6_G.snv.bam	0.0	0.0255627746264	0.0332478669181	0.0301540667963	0.0422130907492	0.0448167648842	0.0925391342427	0.0988393288287	0.0946051455388	0.0956962729969	0.0981481105078	0.101406756344
TARA_009_SRF_0.22-1.6_G.snv.bam	0.0255627746264	0.0	0.0276130457125	0.025508428159	0.0357025132876	0.0363077321489	0.0981585546675	0.102955952571	0.0982706994335	0.0999672037733	0.102354800134	0.107171007297
TARA_023_SRF_0.22-1.6_G.snv.bam	0.0332478669181	0.0276130457125	0.0	0.0194459782671	0.0364084655028	0.0354016361697	0.0984574239731	0.103333671299	0.0994316803947	0.100729224659	0.103887759242	0.108585349395
TARA_025_SRF_0.22-1.6_G.snv.bam	0.0301540667963	0.025508428159	0.0194459782671	0.0	0.0369996438704	0.0354373002596	0.0971698001486	0.103596383956	0.0990558855386	0.100483668115	0.103886292696	0.107948162948
TARA_030_DCM_0.22-1.6_G.snv.bam	0.0422130907492	0.0357025132876	0.0364084655028	0.0369996438704	0.0	0.0362891090517	0.0949993782556	0.101187442179	0.0977371341042	0.0981449998597	0.101073130269	0.105410769005
TARA_030_SRF_0.22-1.6_G.snv.bam	0.0448167648842	0.0363077321489	0.0354016361697	0.0354373002596	0.0362891090517	0.0	0.0955901086064	0.104023814023	0.0982783750927	0.100448122641	0.102256144217	0.106098348764
TARA_100_SRF_0.22-3_G.snv.bam	0.0925391342427	0.0981585546675	0.0984574239731	0.0971698001486	0.0949993782556	0.0955901086064	0.0	0.0823880225724	0.0837901549204	0.0771818107789	0.0800163887067	0.079528266113
TARA_102_DCM_0.22-3_G.snv.bam	0.0988393288287	0.102955952571	0.103333671299	0.103596383956	0.101187442179	0.104023814023	0.0823880225724	0.0	0.0426364840929	0.0541726951629	0.0513048967446	0.0583815078253
TARA_102_SRF_0.22-3_G.snv.bam	0.0946051455388	0.0982706994335	0.0994316803947	0.0990558855386	0.0977371341042	0.0982783750927	0.0837901549204	0.0426364840929	0.0	0.0417641545699	0.0414042571112	0.0498378054797
TARA_109_DCM_0.22-3_G.snv.bam	0.0956962729969	0.0999672037733	0.100729224659	0.100483668115	0.0981449998597	0.100448122641	0.0771818107789	0.0541726951629	0.0417641545699	0.0	0.0397728691779	0.0443988112148
TARA_109_SRF_0.22-3_G.snv.bam	0.0981481105078	0.102354800134	0.103887759242	0.103886292696	0.101073130269	0.102256144217	0.0800163887067	0.0513048967446	0.0414042571112	0.0397728691779	0.0	0.0433128117296
TARA_137_SRF_0.22-3_G.snv.bam	0.101406756344	0.107171007297	0.108585349395	0.107948162948	0.105410769005	0.106098348764	0.079528266113	0.0583815078253	0.0498378054797	0.0443988112148	0.0433128117296	0.0
