	TARA_100_SRF_0.22-3_G.snv.bam	TARA_110_SRF_0.22-3_G.snv.bam	TARA_111_SRF_0.22-3_G.snv.bam	TARA_122_SRF_0.22-3_G.snv.bam	TARA_123_SRF_0.22-3_G.snv.bam	TARA_124_MIX_0.22-3_G.snv.bam	TARA_124_SRF_0.22-3_G.snv.bam	TARA_125_SRF_0.22-3_G.snv.bam	TARA_128_DCM_0.22-3_G.snv.bam	TARA_128_SRF_0.22-3_G.snv.bam
TARA_100_SRF_0.22-3_G.snv.bam	0.0	0.0598127490112	0.0293918061029	0.0412942992449	0.0454173074179	0.0385166586448	0.0362697242245	0.0413155280959	0.0393207602236	0.0403588586292
TARA_110_SRF_0.22-3_G.snv.bam	0.0598127490112	0.0	0.0606482488148	0.0564557337854	0.0540152831121	0.0536202074391	0.0514560808478	0.0526698116795	0.0498471367388	0.0513284000642
TARA_111_SRF_0.22-3_G.snv.bam	0.0293918061029	0.0606482488148	0.0	0.0460456297034	0.0502722096736	0.0432281856546	0.041760735628	0.0465239219656	0.0443042067842	0.0448578568276
TARA_122_SRF_0.22-3_G.snv.bam	0.0412942992449	0.0564557337854	0.0460456297034	0.0	0.0403336322752	0.0322270096422	0.0305150767152	0.0327550374608	0.0360639915285	0.0372138941354
TARA_123_SRF_0.22-3_G.snv.bam	0.0454173074179	0.0540152831121	0.0502722096736	0.0403336322752	0.0	0.035479591129	0.0341510304944	0.036054850172	0.0377897221017	0.0402616348496
TARA_124_MIX_0.22-3_G.snv.bam	0.0385166586448	0.0536202074391	0.0432281856546	0.0322270096422	0.035479591129	0.0	0.0250594317348	0.0293316872825	0.033320878174	0.0351004202056
TARA_124_SRF_0.22-3_G.snv.bam	0.0362697242245	0.0514560808478	0.041760735628	0.0305150767152	0.0341510304944	0.0250594317348	0.0	0.0268151438029	0.028289007304	0.0311687247594
TARA_125_SRF_0.22-3_G.snv.bam	0.0413155280959	0.0526698116795	0.0465239219656	0.0327550374608	0.036054850172	0.0293316872825	0.0268151438029	0.0	0.0347951152503	0.0363982361712
TARA_128_DCM_0.22-3_G.snv.bam	0.0393207602236	0.0498471367388	0.0443042067842	0.0360639915285	0.0377897221017	0.033320878174	0.028289007304	0.0347951152503	0.0	0.0309333890458
TARA_128_SRF_0.22-3_G.snv.bam	0.0403588586292	0.0513284000642	0.0448578568276	0.0372138941354	0.0402616348496	0.0351004202056	0.0311687247594	0.0363982361712	0.0309333890458	0.0
