	TARA_065_MES_0.22-3_G.snv.bam	TARA_068_MES_0.22-3_G.snv.bam	TARA_098_MES_0.22-3_G.snv.bam	TARA_100_MES_0.22-3_G.snv.bam	TARA_102_MES_0.22-3_G.snv.bam	TARA_109_MES_0.22-3_G.snv.bam	TARA_110_MES_0.22-3_G.snv.bam	TARA_111_MES_0.22-3_G.snv.bam	TARA_132_MES_0.22-3_G.snv.bam	TARA_133_MES_0.22-3_G.snv.bam	TARA_142_MES_0.22-3_G.snv.bam	TARA_145_MES_0.22-3_G.snv.bam	TARA_146_MES_0.22-3_G.snv.bam	TARA_149_MES_0.22-3_G.snv.bam	TARA_152_MES_0.22-3_G.snv.bam
TARA_065_MES_0.22-3_G.snv.bam	0.0	0.0956909068305	0.085098420547	0.132873672526	0.120111612809	0.118238728759	0.124308421658	0.132716516669	0.088320015213	0.150673176501	0.105616668546	0.139694083292	0.118267656899	0.0968073217415	0.0781010526368
TARA_068_MES_0.22-3_G.snv.bam	0.0956909068305	0.0	0.0809975766061	0.147163239732	0.122275531966	0.125578540079	0.132059771353	0.135555538409	0.060579949349	0.132899430704	0.120621704878	0.0739588674203	0.128208483439	0.115811799681	0.0916142237041
TARA_098_MES_0.22-3_G.snv.bam	0.085098420547	0.0809975766061	0.0	0.140595825693	0.132276729902	0.131687688443	0.138387247099	0.146211872271	0.0805587468857	0.151462730428	0.13361031428	0.118345555409	0.138763605783	0.119688390448	0.0935401881662
TARA_100_MES_0.22-3_G.snv.bam	0.132873672526	0.147163239732	0.140595825693	0.0	0.107535731819	0.0785288362139	0.0873799793986	0.079401932126	0.143142086426	0.183023091358	0.130248686831	0.170703946916	0.154172497714	0.142478048686	0.141951281729
TARA_102_MES_0.22-3_G.snv.bam	0.120111612809	0.122275531966	0.132276729902	0.107535731819	0.0	0.0680873817494	0.0567305628468	0.0534946649453	0.121585425373	0.137503265321	0.0695855862842	0.138115939113	0.109901225147	0.105833395934	0.125704266267
TARA_109_MES_0.22-3_G.snv.bam	0.118238728759	0.125578540079	0.131687688443	0.0785288362139	0.0680873817494	0.0	0.0581907590219	0.0555329545421	0.122344668935	0.155175530364	0.0879975115632	0.143751236484	0.113398634585	0.10963290057	0.122954939673
TARA_110_MES_0.22-3_G.snv.bam	0.124308421658	0.132059771353	0.138387247099	0.0873799793986	0.0567305628468	0.0581907590219	0.0	0.0491876472951	0.132003420311	0.149113442129	0.0860503088586	0.145748438906	0.119205875062	0.1164041471	0.130221727493
TARA_111_MES_0.22-3_G.snv.bam	0.132716516669	0.135555538409	0.146211872271	0.079401932126	0.0534946649453	0.0555329545421	0.0491876472951	0.0	0.136056966059	0.15402904694	0.0895320293261	0.150797967034	0.126544590771	0.12171598817	0.139997664753
TARA_132_MES_0.22-3_G.snv.bam	0.088320015213	0.060579949349	0.0805587468857	0.143142086426	0.121585425373	0.122344668935	0.132003420311	0.136056966059	0.0	0.133643609821	0.119125308511	0.0952194446871	0.123127242872	0.109477191985	0.0880311571094
TARA_133_MES_0.22-3_G.snv.bam	0.150673176501	0.132899430704	0.151462730428	0.183023091358	0.137503265321	0.155175530364	0.149113442129	0.15402904694	0.133643609821	0.0	0.136016752243	0.147794443869	0.148700103964	0.14134204173	0.145813058765
TARA_142_MES_0.22-3_G.snv.bam	0.105616668546	0.120621704878	0.13361031428	0.130248686831	0.0695855862842	0.0879975115632	0.0860503088586	0.0895320293261	0.119125308511	0.136016752243	0.0	0.142818091795	0.0908282108107	0.0820195682864	0.107573261933
TARA_145_MES_0.22-3_G.snv.bam	0.139694083292	0.0739588674203	0.118345555409	0.170703946916	0.138115939113	0.143751236484	0.145748438906	0.150797967034	0.0952194446871	0.147794443869	0.142818091795	0.0	0.144641023894	0.132790432339	0.111951927533
TARA_146_MES_0.22-3_G.snv.bam	0.118267656899	0.128208483439	0.138763605783	0.154172497714	0.109901225147	0.113398634585	0.119205875062	0.126544590771	0.123127242872	0.148700103964	0.0908282108107	0.144641023894	0.0	0.0780423411779	0.105172664557
TARA_149_MES_0.22-3_G.snv.bam	0.0968073217415	0.115811799681	0.119688390448	0.142478048686	0.105833395934	0.10963290057	0.1164041471	0.12171598817	0.109477191985	0.14134204173	0.0820195682864	0.132790432339	0.0780423411779	0.0	0.0821710483146
TARA_152_MES_0.22-3_G.snv.bam	0.0781010526368	0.0916142237041	0.0935401881662	0.141951281729	0.125704266267	0.122954939673	0.130221727493	0.139997664753	0.0880311571094	0.145813058765	0.107573261933	0.111951927533	0.105172664557	0.0821710483146	0.0
