	TARA_031_SRF_0.22-1.6_G.snv.bam	TARA_032_DCM_0.22-1.6_G.snv.bam	TARA_032_SRF_0.22-1.6_G.snv.bam	TARA_033_SRF_0.22-1.6_G.snv.bam	TARA_034_SRF_0.22-1.6_G.snv.bam	TARA_036_DCM_0.22-1.6_G.snv.bam	TARA_036_SRF_0.22-1.6_G.snv.bam	TARA_038_DCM_0.22-1.6_G.snv.bam	TARA_038_SRF_0.22-1.6_G.snv.bam	TARA_039_DCM_0.22-1.6_G.snv.bam	TARA_041_DCM_0.22-1.6_G.snv.bam	TARA_041_SRF_0.22-1.6_G.snv.bam	TARA_042_DCM_0.22-1.6_G.snv.bam	TARA_042_SRF_0.22-1.6_G.snv.bam	TARA_045_SRF_0.22-1.6_G.snv.bam	TARA_048_SRF_0.22-1.6_G.snv.bam	TARA_056_SRF_0.22-3_G.snv.bam	TARA_057_SRF_0.22-3_G.snv.bam	TARA_058_DCM_0.22-3_G.snv.bam	TARA_062_SRF_0.22-3_G.snv.bam	TARA_064_DCM_0.22-3_G.snv.bam	TARA_064_SRF_0.22-3_G.snv.bam	TARA_065_DCM_0.22-3_G.snv.bam	TARA_065_SRF_0.22-3_G.snv.bam	TARA_109_DCM_0.22-3_G.snv.bam	TARA_109_SRF_0.22-3_G.snv.bam	TARA_123_SRF_0.22-3_G.snv.bam	TARA_137_SRF_0.22-3_G.snv.bam	TARA_140_SRF_0.22-3_G.snv.bam	TARA_141_SRF_0.22-3_G.snv.bam
TARA_031_SRF_0.22-1.6_G.snv.bam	0.0	0.0479754186094	0.04355426552	0.0430204763633	0.0447803428914	0.0611058050597	0.0555831996594	0.0591844795996	0.0589363269808	0.0515046282885	0.0555972213411	0.0521191624554	0.0583695093923	0.0531650387989	0.0591102405973	0.0678635392021	0.0515559694988	0.048547718649	0.0513716757027	0.0532605967964	0.0635899674989	0.0548537931848	0.0547595359957	0.059083045711	0.077301741731	0.0691146334991	0.079453115605	0.0758793728145	0.0604285210322	0.0553046214939
TARA_032_DCM_0.22-1.6_G.snv.bam	0.0479754186094	0.0	0.0518675160121	0.0542792404447	0.0560439372718	0.0646185636456	0.0578584694927	0.0617945079859	0.0632332921495	0.0548255970076	0.0576493632	0.0592817507998	0.0639740219453	0.0541133438199	0.0610522033475	0.0679997399534	0.0595366204318	0.0584122545711	0.0586319830253	0.0639635815015	0.0667513346453	0.0609418594619	0.0605406849706	0.0586755920879	0.0750614774591	0.0695062871356	0.0859552744627	0.0771439129303	0.0651059028702	0.0607069612272
TARA_032_SRF_0.22-1.6_G.snv.bam	0.04355426552	0.0518675160121	0.0	0.0454754661049	0.048042512782	0.0637818080704	0.0590429115384	0.0619566631258	0.0641706554811	0.054398522367	0.0575935419897	0.0591103365147	0.0627935146224	0.0556417586233	0.0665878038596	0.0721667965719	0.0532596996266	0.0546950523653	0.0573732365401	0.0593289003783	0.067628519325	0.0609155245533	0.0570527305367	0.0627381573696	0.0774500278807	0.0717718173664	0.0790618057269	0.0778586509784	0.0637086453334	0.0590249021488
TARA_033_SRF_0.22-1.6_G.snv.bam	0.0430204763633	0.0542792404447	0.0454754661049	0.0	0.0240314456376	0.0482446181945	0.043051562584	0.0482325213401	0.0493929226734	0.0392728915932	0.0480095485494	0.0565942718193	0.0598184244679	0.0536384926378	0.0689368135737	0.0747522282776	0.0482305754569	0.0410174851019	0.0501548077785	0.0453603627811	0.0581603932845	0.0516858197705	0.0454224355945	0.0529715862895	0.071472732764	0.0628862028545	0.0774715103189	0.0712514395636	0.0508683083461	0.0440569661052
TARA_034_SRF_0.22-1.6_G.snv.bam	0.0447803428914	0.0560439372718	0.048042512782	0.0240314456376	0.0	0.0448778373462	0.041426927643	0.0448645338735	0.0474679857195	0.0389668762416	0.0451288532265	0.05500210204	0.0583941345978	0.0522117819807	0.066642565616	0.0730145275132	0.0483425197498	0.0413139842113	0.0491574826483	0.0446880685558	0.0583516966915	0.0498331771607	0.0454831463709	0.0509173747195	0.0696858790979	0.0603457879891	0.0766426561104	0.0684942495776	0.0480230686984	0.0442224212761
TARA_036_DCM_0.22-1.6_G.snv.bam	0.0611058050597	0.0646185636456	0.0637818080704	0.0482446181945	0.0448778373462	0.0	0.0241271291037	0.0335221575241	0.0336768954598	0.0375008890311	0.0421874514789	0.052723181182	0.0594998344045	0.0550344883857	0.0666535313438	0.0724035837023	0.0556366046525	0.049624076859	0.0530019533748	0.0510723911094	0.0561081471709	0.047580288276	0.0451414157949	0.0492366350183	0.0575647310405	0.0481338601408	0.0822596711433	0.0542919707559	0.0407673288866	0.0463406307977
TARA_036_SRF_0.22-1.6_G.snv.bam	0.0555831996594	0.0578584694927	0.0590429115384	0.043051562584	0.041426927643	0.0241271291037	0.0	0.0334971944271	0.0320921190614	0.0315804081367	0.0399400249629	0.0499865116181	0.0565803000925	0.0505140810544	0.0645667490562	0.0678835264196	0.0519212121774	0.0455773866863	0.0499481479314	0.0483868416469	0.053228944888	0.046124218348	0.0435442751475	0.0474565520401	0.0562762064567	0.0462608302595	0.0802352369528	0.0546855429807	0.0397774506657	0.0426210904684
TARA_038_DCM_0.22-1.6_G.snv.bam	0.0591844795996	0.0617945079859	0.0619566631258	0.0482325213401	0.0448645338735	0.0335221575241	0.0334971944271	0.0	0.0390087420003	0.0367499812591	0.0393600406557	0.0520130198059	0.0579927581965	0.0549542294689	0.0660499161582	0.0723307079048	0.0543963431798	0.0492141025222	0.0515722904087	0.0505401379691	0.0558792543156	0.0455839944175	0.0438521157532	0.0467099367914	0.0633158777211	0.0556402833309	0.0827142742964	0.0617395297692	0.0447197619488	0.0456641404107
TARA_038_SRF_0.22-1.6_G.snv.bam	0.0589363269808	0.0632332921495	0.0641706554811	0.0493929226734	0.0474679857195	0.0336768954598	0.0320921190614	0.0390087420003	0.0	0.0375566522426	0.046143662151	0.052852150734	0.0579973837146	0.0553023225487	0.06681565461	0.0725247402387	0.0543020970193	0.050077345141	0.0535398671599	0.0501512502848	0.0561230722203	0.0486149376857	0.0495620817582	0.0503564143436	0.0591938418273	0.0502258611649	0.0818585495684	0.0578078221315	0.0447971759436	0.0494736788765
TARA_039_DCM_0.22-1.6_G.snv.bam	0.0515046282885	0.0548255970076	0.054398522367	0.0392728915932	0.0389668762416	0.0375008890311	0.0315804081367	0.0367499812591	0.0375566522426	0.0	0.0383036401451	0.0448469104728	0.0513835839844	0.0442198196561	0.0611216582798	0.0672743614783	0.0454720272971	0.0384346380583	0.0436865450778	0.0429739432009	0.0523342251466	0.043905565294	0.0406658700837	0.0452560967879	0.0617643351694	0.0491366615542	0.077688130649	0.0605958495354	0.0379988309672	0.0363291227213
TARA_041_DCM_0.22-1.6_G.snv.bam	0.0555972213411	0.0576493632	0.0575935419897	0.0480095485494	0.0451288532265	0.0421874514789	0.0399400249629	0.0393600406557	0.046143662151	0.0383036401451	0.0	0.0497624374708	0.0543942746575	0.0483903549705	0.0631048412484	0.066407766378	0.0497217495163	0.0453115683065	0.0499327415207	0.0485677367077	0.0572550636459	0.0469806646426	0.0440676176106	0.0463568877707	0.063236730835	0.0545863325943	0.0790813539873	0.060182863489	0.0458272400924	0.04585638172
TARA_041_SRF_0.22-1.6_G.snv.bam	0.0521191624554	0.0592817507998	0.0591103365147	0.0565942718193	0.05500210204	0.052723181182	0.0499865116181	0.0520130198059	0.052852150734	0.0448469104728	0.0497624374708	0.0	0.0522140709308	0.0386654867343	0.0440664871481	0.0509926913996	0.0519307864193	0.048146592636	0.0472064934961	0.0522644288995	0.0599921697971	0.0534368606349	0.055261261188	0.0549244226524	0.0685902128388	0.0570165886428	0.0815210283502	0.0639705733698	0.0516699214595	0.0529671111353
TARA_042_DCM_0.22-1.6_G.snv.bam	0.0583695093923	0.0639740219453	0.0627935146224	0.0598184244679	0.0583941345978	0.0594998344045	0.0565803000925	0.0579927581965	0.0579973837146	0.0513835839844	0.0543942746575	0.0522140709308	0.0	0.0503097053948	0.0573152656512	0.0657849015587	0.0561394373317	0.0566140208744	0.0560388110226	0.05691127142	0.0639646588649	0.054713065507	0.0582105340215	0.0623331337244	0.0722903982683	0.0631044214123	0.0825876104735	0.0699171499364	0.0565271777666	0.0574667641386
TARA_042_SRF_0.22-1.6_G.snv.bam	0.0531650387989	0.0541133438199	0.0556417586233	0.0536384926378	0.0522117819807	0.0550344883857	0.0505140810544	0.0549542294689	0.0553023225487	0.0442198196561	0.0483903549705	0.0386654867343	0.0503097053948	0.0	0.0463364954054	0.0536051378397	0.0488640722336	0.0460332445379	0.0467516489033	0.05119444099	0.0619028135397	0.0532899569201	0.0530566012226	0.0558855512744	0.0692411731482	0.0588520243271	0.0810628716773	0.0669481925529	0.0516311132642	0.05005782405
TARA_045_SRF_0.22-1.6_G.snv.bam	0.0591102405973	0.0610522033475	0.0665878038596	0.0689368135737	0.066642565616	0.0666535313438	0.0645667490562	0.0660499161582	0.06681565461	0.0611216582798	0.0631048412484	0.0440664871481	0.0573152656512	0.0463364954054	0.0	0.049614976669	0.0607337180631	0.0602356329912	0.0596556623528	0.0651863572743	0.071650373885	0.0641400101543	0.0678500278221	0.0706903393618	0.0773056490887	0.0682131527463	0.0827933936843	0.0744466175006	0.0658615950393	0.0654155131996
TARA_048_SRF_0.22-1.6_G.snv.bam	0.0678635392021	0.0679997399534	0.0721667965719	0.0747522282776	0.0730145275132	0.0724035837023	0.0678835264196	0.0723307079048	0.0725247402387	0.0672743614783	0.066407766378	0.0509926913996	0.0657849015587	0.0536051378397	0.049614976669	0.0	0.0684347707353	0.0701545503531	0.0690948179832	0.0736701453076	0.0711428706627	0.069079565623	0.0750618852927	0.0736191381586	0.0765266022592	0.0725610253414	0.0857301809718	0.0768786499793	0.0735533016555	0.07205052182
TARA_056_SRF_0.22-3_G.snv.bam	0.0515559694988	0.0595366204318	0.0532596996266	0.0482305754569	0.0483425197498	0.0556366046525	0.0519212121774	0.0543963431798	0.0543020970193	0.0454720272971	0.0497217495163	0.0519307864193	0.0561394373317	0.0488640722336	0.0607337180631	0.0684347707353	0.0	0.0369171593047	0.044393051508	0.043051305064	0.0585023182	0.0523599315488	0.0501947164203	0.0509543980189	0.074718736076	0.0647335597765	0.0819975734906	0.0722753939528	0.0504747308158	0.0476791526368
TARA_057_SRF_0.22-3_G.snv.bam	0.048547718649	0.0584122545711	0.0546950523653	0.0410174851019	0.0413139842113	0.049624076859	0.0455773866863	0.0492141025222	0.050077345141	0.0384346380583	0.0453115683065	0.048146592636	0.0566140208744	0.0460332445379	0.0602356329912	0.0701545503531	0.0369171593047	0.0	0.0379619902651	0.0343887115327	0.0560263354716	0.0459488928957	0.0421539054812	0.0464938620633	0.0717255138597	0.0601994982811	0.0794653364448	0.0690606583427	0.0416611388418	0.0390950272936
TARA_058_DCM_0.22-3_G.snv.bam	0.0513716757027	0.0586319830253	0.0573732365401	0.0501548077785	0.0491574826483	0.0530019533748	0.0499481479314	0.0515722904087	0.0535398671599	0.0436865450778	0.0499327415207	0.0472064934961	0.0560388110226	0.0467516489033	0.0596556623528	0.0690948179832	0.044393051508	0.0379619902651	0.0	0.0424696341318	0.0590673025224	0.0470078997037	0.0465726337683	0.0494105456605	0.0746474955683	0.062669855249	0.0826855404006	0.0701309726683	0.0472648692789	0.0459546407266
TARA_062_SRF_0.22-3_G.snv.bam	0.0532605967964	0.0639635815015	0.0593289003783	0.0453603627811	0.0446880685558	0.0510723911094	0.0483868416469	0.0505401379691	0.0501512502848	0.0429739432009	0.0485677367077	0.0522644288995	0.05691127142	0.05119444099	0.0651863572743	0.0736701453076	0.043051305064	0.0343887115327	0.0424696341318	0.0	0.0574463542745	0.0487682393732	0.0443152847374	0.0500685082968	0.0746668296897	0.0641863935459	0.0804920653725	0.0712823911788	0.0431954651365	0.0442393053818
TARA_064_DCM_0.22-3_G.snv.bam	0.0635899674989	0.0667513346453	0.067628519325	0.0581603932845	0.0583516966915	0.0561081471709	0.053228944888	0.0558792543156	0.0561230722203	0.0523342251466	0.0572550636459	0.0599921697971	0.0639646588649	0.0619028135397	0.071650373885	0.0711428706627	0.0585023182	0.0560263354716	0.0590673025224	0.0574463542745	0.0	0.0567523676489	0.0578951738138	0.0568465894109	0.0714691757136	0.0661854905453	0.084175912247	0.0723081310898	0.0560155011025	0.0554583242997
TARA_064_SRF_0.22-3_G.snv.bam	0.0548537931848	0.0609418594619	0.0609155245533	0.0516858197705	0.0498331771607	0.047580288276	0.046124218348	0.0455839944175	0.0486149376857	0.043905565294	0.0469806646426	0.0534368606349	0.054713065507	0.0532899569201	0.0641400101543	0.069079565623	0.0523599315488	0.0459488928957	0.0470078997037	0.0487682393732	0.0567523676489	0.0	0.0488370864204	0.0490296612442	0.0696582067479	0.0611821898042	0.0785806099344	0.0656967594659	0.047583981236	0.0465959381504
TARA_065_DCM_0.22-3_G.snv.bam	0.0547595359957	0.0605406849706	0.0570527305367	0.0454224355945	0.0454831463709	0.0451414157949	0.0435442751475	0.0438521157532	0.0495620817582	0.0406658700837	0.0440676176106	0.055261261188	0.0582105340215	0.0530566012226	0.0678500278221	0.0750618852927	0.0501947164203	0.0421539054812	0.0465726337683	0.0443152847374	0.0578951738138	0.0488370864204	0.0	0.0463532923547	0.0688460151219	0.0614725643154	0.0807545385755	0.0673361729315	0.0448546737147	0.0411799920981
TARA_065_SRF_0.22-3_G.snv.bam	0.059083045711	0.0586755920879	0.0627381573696	0.0529715862895	0.0509173747195	0.0492366350183	0.0474565520401	0.0467099367914	0.0503564143436	0.0452560967879	0.0463568877707	0.0549244226524	0.0623331337244	0.0558855512744	0.0706903393618	0.0736191381586	0.0509543980189	0.0464938620633	0.0494105456605	0.0500685082968	0.0568465894109	0.0490296612442	0.0463532923547	0.0	0.0716185681905	0.0647311368407	0.0835095805023	0.0713875520817	0.0493744937849	0.0464586208284
TARA_109_DCM_0.22-3_G.snv.bam	0.077301741731	0.0750614774591	0.0774500278807	0.071472732764	0.0696858790979	0.0575647310405	0.0562762064567	0.0633158777211	0.0591938418273	0.0617643351694	0.063236730835	0.0685902128388	0.0722903982683	0.0692411731482	0.0773056490887	0.0765266022592	0.074718736076	0.0717255138597	0.0746474955683	0.0746668296897	0.0714691757136	0.0696582067479	0.0688460151219	0.0716185681905	0.0	0.0408187207989	0.0914074082996	0.0469416324574	0.0618346959679	0.0671587014146
TARA_109_SRF_0.22-3_G.snv.bam	0.0691146334991	0.0695062871356	0.0717718173664	0.0628862028545	0.0603457879891	0.0481338601408	0.0462608302595	0.0556402833309	0.0502258611649	0.0491366615542	0.0545863325943	0.0570165886428	0.0631044214123	0.0588520243271	0.0682131527463	0.0725610253414	0.0647335597765	0.0601994982811	0.062669855249	0.0641863935459	0.0661854905453	0.0611821898042	0.0614725643154	0.0647311368407	0.0408187207989	0.0	0.0867765086786	0.0398616505068	0.0485269436192	0.0577987863734
TARA_123_SRF_0.22-3_G.snv.bam	0.079453115605	0.0859552744627	0.0790618057269	0.0774715103189	0.0766426561104	0.0822596711433	0.0802352369528	0.0827142742964	0.0818585495684	0.077688130649	0.0790813539873	0.0815210283502	0.0825876104735	0.0810628716773	0.0827933936843	0.0857301809718	0.0819975734906	0.0794653364448	0.0826855404006	0.0804920653725	0.084175912247	0.0785806099344	0.0807545385755	0.0835095805023	0.0914074082996	0.0867765086786	0.0	0.0884750980178	0.0841051598226	0.0778469930003
TARA_137_SRF_0.22-3_G.snv.bam	0.0758793728145	0.0771439129303	0.0778586509784	0.0712514395636	0.0684942495776	0.0542919707559	0.0546855429807	0.0617395297692	0.0578078221315	0.0605958495354	0.060182863489	0.0639705733698	0.0699171499364	0.0669481925529	0.0744466175006	0.0768786499793	0.0722753939528	0.0690606583427	0.0701309726683	0.0712823911788	0.0723081310898	0.0656967594659	0.0673361729315	0.0713875520817	0.0469416324574	0.0398616505068	0.0884750980178	0.0	0.0571432762266	0.067083061767
TARA_140_SRF_0.22-3_G.snv.bam	0.0604285210322	0.0651059028702	0.0637086453334	0.0508683083461	0.0480230686984	0.0407673288866	0.0397774506657	0.0447197619488	0.0447971759436	0.0379988309672	0.0458272400924	0.0516699214595	0.0565271777666	0.0516311132642	0.0658615950393	0.0735533016555	0.0504747308158	0.0416611388418	0.0472648692789	0.0431954651365	0.0560155011025	0.047583981236	0.0448546737147	0.0493744937849	0.0618346959679	0.0485269436192	0.0841051598226	0.0571432762266	0.0	0.0414711507007
TARA_141_SRF_0.22-3_G.snv.bam	0.0553046214939	0.0607069612272	0.0590249021488	0.0440569661052	0.0442224212761	0.0463406307977	0.0426210904684	0.0456641404107	0.0494736788765	0.0363291227213	0.04585638172	0.0529671111353	0.0574667641386	0.05005782405	0.0654155131996	0.07205052182	0.0476791526368	0.0390950272936	0.0459546407266	0.0442393053818	0.0554583242997	0.0465959381504	0.0411799920981	0.0464586208284	0.0671587014146	0.0577987863734	0.0778469930003	0.067083061767	0.0414711507007	0.0
