	TARA_056_MES_0.22-3_G.snv.bam	TARA_064_MES_0.22-3_G.snv.bam	TARA_065_MES_0.22-3_G.snv.bam	TARA_076_MES_0.22-3_G.snv.bam	TARA_098_MES_0.22-3_G.snv.bam	TARA_112_MES_0.22-3_G.snv.bam	TARA_132_MES_0.22-3_G.snv.bam	TARA_133_MES_0.22-3_G.snv.bam	TARA_145_MES_0.22-3_G.snv.bam	TARA_152_MES_0.22-3_G.snv.bam
TARA_056_MES_0.22-3_G.snv.bam	0.0	0.153519318636	0.183436209328	0.0904588905655	0.129014997032	0.104134182876	0.13528653197	0.0881620267656	0.103414494108	0.152151274493
TARA_064_MES_0.22-3_G.snv.bam	0.153519318636	0.0	0.114830589104	0.168135017056	0.142951351444	0.16655145538	0.109929401475	0.186968176407	0.183320244323	0.111322809853
TARA_065_MES_0.22-3_G.snv.bam	0.183436209328	0.114830589104	0.0	0.184932937436	0.160497786722	0.201175128258	0.120552581466	0.210765213725	0.195633515384	0.100274781303
TARA_076_MES_0.22-3_G.snv.bam	0.0904588905655	0.168135017056	0.184932937436	0.0	0.14686694159	0.10792901401	0.145671633792	0.117503700193	0.0799207382109	0.160137318049
TARA_098_MES_0.22-3_G.snv.bam	0.129014997032	0.142951351444	0.160497786722	0.14686694159	0.0	0.102036896174	0.105859307107	0.14699400039	0.169186036875	0.149982583255
TARA_112_MES_0.22-3_G.snv.bam	0.104134182876	0.16655145538	0.201175128258	0.10792901401	0.102036896174	0.0	0.133159452955	0.126503639021	0.123014051051	0.174280752912
TARA_132_MES_0.22-3_G.snv.bam	0.13528653197	0.109929401475	0.120552581466	0.145671633792	0.105859307107	0.133159452955	0.0	0.163536995018	0.166830181351	0.10748834943
TARA_133_MES_0.22-3_G.snv.bam	0.0881620267656	0.186968176407	0.210765213725	0.117503700193	0.14699400039	0.126503639021	0.163536995018	0.0	0.126682831995	0.181772361659
TARA_145_MES_0.22-3_G.snv.bam	0.103414494108	0.183320244323	0.195633515384	0.0799207382109	0.169186036875	0.123014051051	0.166830181351	0.126682831995	0.0	0.161079754542
TARA_152_MES_0.22-3_G.snv.bam	0.152151274493	0.111322809853	0.100274781303	0.160137318049	0.149982583255	0.174280752912	0.10748834943	0.181772361659	0.161079754542	0.0
