	TARA_004_DCM_0.22-1.6_G.snv.bam	TARA_064_DCM_0.22-3_G.snv.bam	TARA_064_SRF_0.22-3_G.snv.bam	TARA_066_SRF_0.22-3_G.snv.bam	TARA_068_DCM_0.22-3_G.snv.bam	TARA_068_SRF_0.22-3_G.snv.bam	TARA_072_DCM_0.22-3_G.snv.bam	TARA_078_DCM_0.22-3_G.snv.bam	TARA_098_DCM_0.22-3_G.snv.bam	TARA_100_DCM_0.22-3_G.snv.bam	TARA_111_DCM_0.22-3_G.snv.bam	TARA_112_DCM_0.22-3_G.snv.bam	TARA_122_DCM_0.22-3_G.snv.bam	TARA_123_MIX_0.22-3_G.snv.bam	TARA_132_DCM_0.22-3_G.snv.bam	TARA_146_SRF_0.22-3_G.snv.bam	TARA_148_SRF_0.22-3_G.snv.bam	TARA_148b_MES_0.22-3_G.snv.bam	TARA_149_SRF_0.22-3_G.snv.bam	TARA_150_DCM_0.22-3_G.snv.bam	TARA_150_SRF_0.22-3_G.snv.bam	TARA_152_MIX_0.22-3_G.snv.bam
TARA_004_DCM_0.22-1.6_G.snv.bam	0.0	0.0931845533241	0.0916289748256	0.0674137736725	0.0717084764059	0.0767580845172	0.0630073460144	0.0623832724801	0.0877361916592	0.0573303641251	0.0729045105958	0.0901122266432	0.0933100397816	0.0884768599936	0.0586936905514	0.0954555713095	0.0927216861706	0.0798208045075	0.0890953407993	0.0525796453285	0.0596945115205	0.0553041350104
TARA_064_DCM_0.22-3_G.snv.bam	0.0931845533241	0.0	0.0517418082832	0.0866366264102	0.106317316028	0.113048878822	0.071970620265	0.0704928577436	0.0852876920968	0.103720300475	0.107728374162	0.0736090114388	0.081332727243	0.0844405974742	0.117929750961	0.0596150317727	0.0619058021411	0.0587057367626	0.0593804278891	0.0708681484662	0.0855586097998	0.121404505418
TARA_064_SRF_0.22-3_G.snv.bam	0.0916289748256	0.0517418082832	0.0	0.0821798485144	0.107650230871	0.112438735657	0.063282834634	0.0654776520871	0.0777834054209	0.0976349324871	0.098520049741	0.0664435450176	0.0759318451188	0.0743949213328	0.114879813828	0.0555230374771	0.0548176787364	0.0534529408917	0.0532527572886	0.0701250102488	0.081397583502	0.121394126275
TARA_066_SRF_0.22-3_G.snv.bam	0.0674137736725	0.0866366264102	0.0821798485144	0.0	0.0740153484022	0.0791156481537	0.0679418158463	0.0693098831147	0.0873558544752	0.0687948747834	0.0759682698498	0.087705951196	0.0896431195492	0.0866715124267	0.0804699084584	0.0943043591558	0.0924393669047	0.0832486055172	0.0879550638086	0.0710206375406	0.0726225343558	0.0843135644477
TARA_068_DCM_0.22-3_G.snv.bam	0.0717084764059	0.106317316028	0.107650230871	0.0740153484022	0.0	0.0590859013781	0.0855493063145	0.0866566530396	0.10726212247	0.0787797635703	0.0899240084132	0.109161347752	0.112318097756	0.107662592	0.0769766450761	0.114857386619	0.114335704064	0.101099493152	0.10901108145	0.0814862721164	0.0847404404091	0.076315046008
TARA_068_SRF_0.22-3_G.snv.bam	0.0767580845172	0.113048878822	0.112438735657	0.0791156481537	0.0590859013781	0.0	0.0889121123024	0.0930665943426	0.111064450974	0.0850062742004	0.0915628925284	0.111711139314	0.112638612126	0.110515661316	0.0784523048893	0.120080725701	0.116541477441	0.109017172623	0.115147730294	0.0892291257701	0.087704770475	0.0796792847746
TARA_072_DCM_0.22-3_G.snv.bam	0.0630073460144	0.071970620265	0.063282834634	0.0679418158463	0.0855493063145	0.0889121123024	0.0	0.0507789567511	0.0659213951961	0.0645737493624	0.0681314774763	0.0605014583993	0.0683512624806	0.062125248943	0.085261892608	0.0741773195203	0.0708445054475	0.0645385613202	0.0693883505185	0.058301241968	0.0725218781261	0.0946230938321
TARA_078_DCM_0.22-3_G.snv.bam	0.0623832724801	0.0704928577436	0.0654776520871	0.0693098831147	0.0866566530396	0.0930665943426	0.0507789567511	0.0	0.0746501027113	0.070929532306	0.0770643127911	0.0691821826024	0.074559923472	0.0741234026396	0.0859493906387	0.0737537252011	0.0705735661141	0.0646829922511	0.0681100697887	0.0553341017788	0.0725060176723	0.0914003927464
TARA_098_DCM_0.22-3_G.snv.bam	0.0877361916592	0.0852876920968	0.0777834054209	0.0873558544752	0.10726212247	0.111064450974	0.0659213951961	0.0746501027113	0.0	0.0754968744861	0.066023233233	0.0519351206487	0.0578070719821	0.0505933586705	0.105299156637	0.0918358952642	0.0884936506876	0.0837742345548	0.0856243353684	0.083274790272	0.0940735838714	0.112388548994
TARA_100_DCM_0.22-3_G.snv.bam	0.0573303641251	0.103720300475	0.0976349324871	0.0687948747834	0.0787797635703	0.0850062742004	0.0645737493624	0.070929532306	0.0754968744861	0.0	0.0383980151084	0.0862764116627	0.0852963045561	0.0773066411475	0.0643991091824	0.111276826843	0.107246355402	0.09721535534	0.103257592901	0.0761576915738	0.0836744018619	0.0732053834394
TARA_111_DCM_0.22-3_G.snv.bam	0.0729045105958	0.107728374162	0.098520049741	0.0759682698498	0.0899240084132	0.0915628925284	0.0681314774763	0.0770643127911	0.066023233233	0.0383980151084	0.0	0.0851384448927	0.0851162304752	0.0696358017702	0.072965494884	0.113400905388	0.109779787018	0.100308539054	0.105645409626	0.0861250900324	0.0887551737222	0.0905208192813
TARA_112_DCM_0.22-3_G.snv.bam	0.0901122266432	0.0736090114388	0.0664435450176	0.087705951196	0.109161347752	0.111711139314	0.0605014583993	0.0691821826024	0.0519351206487	0.0862764116627	0.0851384448927	0.0	0.0479285605394	0.0523247470413	0.112717518062	0.0824435271676	0.0777946008736	0.0735739850931	0.0774535877834	0.07820274509	0.0912457074076	0.115037575209
TARA_122_DCM_0.22-3_G.snv.bam	0.0933100397816	0.081332727243	0.0759318451188	0.0896431195492	0.112318097756	0.112638612126	0.0683512624806	0.074559923472	0.0578070719821	0.0852963045561	0.0851162304752	0.0479285605394	0.0	0.0501542823223	0.114714264951	0.0938838323728	0.0897103199534	0.0861378336768	0.0873973195332	0.0851240197842	0.0994525223706	0.116221165744
TARA_123_MIX_0.22-3_G.snv.bam	0.0884768599936	0.0844405974742	0.0743949213328	0.0866715124267	0.107662592	0.110515661316	0.062125248943	0.0741234026396	0.0505933586705	0.0773066411475	0.0696358017702	0.0523247470413	0.0501542823223	0.0	0.106942758224	0.0892261541528	0.0859631117608	0.0793227964847	0.0835657414769	0.0824595737476	0.0939756358886	0.11340733844
TARA_132_DCM_0.22-3_G.snv.bam	0.0586936905514	0.117929750961	0.114879813828	0.0804699084584	0.0769766450761	0.0784523048893	0.085261892608	0.0859493906387	0.105299156637	0.0643991091824	0.072965494884	0.112717518062	0.114714264951	0.106942758224	0.0	0.123662955101	0.121434404076	0.109766873214	0.116897385965	0.0799424453064	0.0783989463272	0.0583771513628
TARA_146_SRF_0.22-3_G.snv.bam	0.0954555713095	0.0596150317727	0.0555230374771	0.0943043591558	0.114857386619	0.120080725701	0.0741773195203	0.0737537252011	0.0918358952642	0.111276826843	0.113400905388	0.0824435271676	0.0938838323728	0.0892261541528	0.123662955101	0.0	0.0348560234431	0.0472956086561	0.0367892085809	0.0707364706035	0.0823518955095	0.129967214227
TARA_148_SRF_0.22-3_G.snv.bam	0.0927216861706	0.0619058021411	0.0548176787364	0.0924393669047	0.114335704064	0.116541477441	0.0708445054475	0.0705735661141	0.0884936506876	0.107246355402	0.109779787018	0.0777946008736	0.0897103199534	0.0859631117608	0.121434404076	0.0348560234431	0.0	0.0465308453943	0.039415921214	0.0695384898354	0.0802136746097	0.125470671742
TARA_148b_MES_0.22-3_G.snv.bam	0.0798208045075	0.0587057367626	0.0534529408917	0.0832486055172	0.101099493152	0.109017172623	0.0645385613202	0.0646829922511	0.0837742345548	0.09721535534	0.100308539054	0.0735739850931	0.0861378336768	0.0793227964847	0.109766873214	0.0472956086561	0.0465308453943	0.0	0.0440610823243	0.0576624600284	0.0702348788448	0.111567805036
TARA_149_SRF_0.22-3_G.snv.bam	0.0890953407993	0.0593804278891	0.0532527572886	0.0879550638086	0.10901108145	0.115147730294	0.0693883505185	0.0681100697887	0.0856243353684	0.103257592901	0.105645409626	0.0774535877834	0.0873973195332	0.0835657414769	0.116897385965	0.0367892085809	0.039415921214	0.0440610823243	0.0	0.0643910348105	0.0766762417182	0.12279819478
TARA_150_DCM_0.22-3_G.snv.bam	0.0525796453285	0.0708681484662	0.0701250102488	0.0710206375406	0.0814862721164	0.0892291257701	0.058301241968	0.0553341017788	0.083274790272	0.0761576915738	0.0861250900324	0.07820274509	0.0851240197842	0.0824595737476	0.0799424453064	0.0707364706035	0.0695384898354	0.0576624600284	0.0643910348105	0.0	0.0517364492911	0.0747317193485
TARA_150_SRF_0.22-3_G.snv.bam	0.0596945115205	0.0855586097998	0.081397583502	0.0726225343558	0.0847404404091	0.087704770475	0.0725218781261	0.0725060176723	0.0940735838714	0.0836744018619	0.0887551737222	0.0912457074076	0.0994525223706	0.0939756358886	0.0783989463272	0.0823518955095	0.0802136746097	0.0702348788448	0.0766762417182	0.0517364492911	0.0	0.0756281473472
TARA_152_MIX_0.22-3_G.snv.bam	0.0553041350104	0.121404505418	0.121394126275	0.0843135644477	0.076315046008	0.0796792847746	0.0946230938321	0.0914003927464	0.112388548994	0.0732053834394	0.0905208192813	0.115037575209	0.116221165744	0.11340733844	0.0583771513628	0.129967214227	0.125470671742	0.111567805036	0.12279819478	0.0747317193485	0.0756281473472	0.0
