	TARA_030_SRF_0.22-1.6_G.snv.bam	TARA_031_SRF_0.22-1.6_G.snv.bam	TARA_032_DCM_0.22-1.6_G.snv.bam	TARA_032_SRF_0.22-1.6_G.snv.bam	TARA_033_SRF_0.22-1.6_G.snv.bam	TARA_034_SRF_0.22-1.6_G.snv.bam	TARA_038_DCM_0.22-1.6_G.snv.bam	TARA_039_DCM_0.22-1.6_G.snv.bam	TARA_041_DCM_0.22-1.6_G.snv.bam	TARA_041_SRF_0.22-1.6_G.snv.bam	TARA_042_DCM_0.22-1.6_G.snv.bam	TARA_042_SRF_0.22-1.6_G.snv.bam	TARA_045_SRF_0.22-1.6_G.snv.bam	TARA_048_SRF_0.22-1.6_G.snv.bam	TARA_052_DCM_0.22-1.6_G.snv.bam	TARA_052_SRF_0.22-1.6_G.snv.bam	TARA_056_SRF_0.22-3_G.snv.bam	TARA_057_SRF_0.22-3_G.snv.bam	TARA_058_DCM_0.22-3_G.snv.bam	TARA_062_SRF_0.22-3_G.snv.bam	TARA_064_DCM_0.22-3_G.snv.bam	TARA_064_SRF_0.22-3_G.snv.bam	TARA_065_DCM_0.22-3_G.snv.bam	TARA_065_SRF_0.22-3_G.snv.bam	TARA_072_DCM_0.22-3_G.snv.bam	TARA_072_SRF_0.22-3_G.snv.bam	TARA_076_SRF_0.22-3_G.snv.bam	TARA_078_DCM_0.22-3_G.snv.bam	TARA_078_SRF_0.22-3_G.snv.bam	TARA_109_DCM_0.22-3_G.snv.bam	TARA_109_SRF_0.22-3_G.snv.bam	TARA_112_DCM_0.22-3_G.snv.bam	TARA_112_SRF_0.22-3_G.snv.bam	TARA_122_SRF_0.22-3_G.snv.bam	TARA_123_SRF_0.22-3_G.snv.bam	TARA_124_MIX_0.22-3_G.snv.bam	TARA_124_SRF_0.22-3_G.snv.bam	TARA_125_SRF_0.22-3_G.snv.bam	TARA_128_DCM_0.22-3_G.snv.bam	TARA_128_SRF_0.22-3_G.snv.bam	TARA_132_SRF_0.22-3_G.snv.bam	TARA_137_SRF_0.22-3_G.snv.bam	TARA_138_SRF_0.22-3_G.snv.bam	TARA_140_SRF_0.22-3_G.snv.bam	TARA_141_SRF_0.22-3_G.snv.bam	TARA_142_DCM_0.22-3_G.snv.bam	TARA_142_SRF_0.22-3_G.snv.bam	TARA_146_SRF_0.22-3_G.snv.bam	TARA_148_SRF_0.22-3_G.snv.bam	TARA_149_SRF_0.22-3_G.snv.bam
TARA_030_SRF_0.22-1.6_G.snv.bam	0.0	0.0706068749258	0.067180361473	0.0654721792444	0.0645100421764	0.0660651592266	0.0712739425338	0.0657253572882	0.0660496504968	0.0667197564266	0.0699041369476	0.0650892391436	0.0690548257724	0.0670509288454	0.0670289297682	0.0660852805826	0.0718330782549	0.0722305212165	0.0741993207143	0.0730857710739	0.0733559463295	0.0722336217194	0.0698095734615	0.0723384321921	0.0687602169756	0.0683918919102	0.0769113464303	0.0738075550897	0.073805479639	0.072409828576	0.065947705652	0.0713853590785	0.0805515906821	0.100465580775	0.0870864727947	0.0892962136168	0.0893105142454	0.0882721040573	0.0733657363546	0.0862747976728	0.0671021773522	0.07278031104	0.0690913248196	0.0686946303891	0.0634906333138	0.0682247403723	0.0674918755643	0.0769074937171	0.0777904675836	0.080018440479
TARA_031_SRF_0.22-1.6_G.snv.bam	0.0706068749258	0.0	0.0328264979506	0.0296452130396	0.0388322466187	0.0405306927411	0.0460736997822	0.0414260925921	0.0371452650403	0.0377777881606	0.0371300025849	0.0373678449862	0.039419054796	0.0406486073382	0.0381675540011	0.0373682230905	0.0380769349734	0.040212343057	0.04231887496	0.0411011818406	0.0454828882907	0.0358316440603	0.0387917097032	0.0400288849286	0.0480842561773	0.0387595892829	0.0575681223228	0.0555503167287	0.0508644371727	0.0513712343123	0.0427238270776	0.0608203667757	0.058055859533	0.0816331147912	0.0731912716295	0.0752653035676	0.0711255958536	0.0730256642201	0.0540510254914	0.0637795509762	0.0471173033636	0.0475774884807	0.0429130617248	0.0500370153075	0.0375876058696	0.0370575787618	0.0383554419168	0.0468490540161	0.0465891455225	0.0561644408717
TARA_032_DCM_0.22-1.6_G.snv.bam	0.067180361473	0.0328264979506	0.0	0.0341190472382	0.0433787794651	0.0455045765162	0.0478288645816	0.0426870339666	0.0408003941661	0.0412231303028	0.0413640764055	0.039540220976	0.0418328974284	0.0411767320084	0.0406513292247	0.0378586436338	0.0406359423611	0.0442218223864	0.0463953049403	0.0448030143793	0.048297019294	0.0412003795994	0.0423028480877	0.0443435185634	0.0483069366788	0.040080034995	0.0567817384793	0.0548793338989	0.0524299522793	0.052855311253	0.0462940262989	0.059702858495	0.0585701243739	0.0824044259011	0.0722909232208	0.0746632955366	0.0714447464526	0.0718743445305	0.0548539896687	0.0656127651515	0.048023838676	0.0491510302268	0.0432211804689	0.0513641645139	0.0392453370701	0.0390302267078	0.0393744903763	0.0492921834832	0.0492880154953	0.0577090267504
TARA_032_SRF_0.22-1.6_G.snv.bam	0.0654721792444	0.0296452130396	0.0341190472382	0.0	0.0346064943036	0.0361422318656	0.0441735121895	0.039543317383	0.0356148888665	0.0376095552708	0.0366106267687	0.0364390056422	0.0391617025974	0.0399568382306	0.0396602144834	0.0376375461464	0.0389694622785	0.03997518486	0.0434948931464	0.0410802381788	0.046049264493	0.0388936106848	0.0403518481323	0.0410058724178	0.0487540022667	0.0395170446399	0.0581031264329	0.0547424673659	0.0508950456504	0.04967331303	0.0415407652882	0.0592246052975	0.059278052998	0.0831795756501	0.0734746418352	0.0751816405271	0.0722746240642	0.0733114933489	0.0551822777937	0.0662420419372	0.0475594189843	0.0490746434776	0.0423050101898	0.0469404507704	0.0355189887023	0.0387050947382	0.0389256650044	0.0484336752764	0.0484591986743	0.0557336379743
TARA_033_SRF_0.22-1.6_G.snv.bam	0.0645100421764	0.0388322466187	0.0433787794651	0.0346064943036	0.0	0.0306884187855	0.0481862942476	0.042368419169	0.0402566005153	0.0410480719375	0.0432615883926	0.040738936183	0.0459770385195	0.0465229735427	0.0484045747379	0.0438218787259	0.0458640717667	0.0447471368818	0.0487102714729	0.0459223866623	0.0543268561523	0.0487428924067	0.0479311267616	0.0492483137757	0.0549136948366	0.0482066528838	0.0650805924719	0.0612599134654	0.0596190668325	0.0541706309548	0.0459943018886	0.065660896338	0.0693605822943	0.0886722287654	0.0774137341668	0.0800310376147	0.0780942200957	0.0781566376283	0.061249998002	0.0709834926722	0.053841142608	0.054199952289	0.0504877921595	0.0486108491457	0.0395119438892	0.0464947466704	0.0478507449805	0.0566454071621	0.0573336502069	0.0631602857653
TARA_034_SRF_0.22-1.6_G.snv.bam	0.0660651592266	0.0405306927411	0.0455045765162	0.0361422318656	0.0306884187855	0.0	0.0460410130946	0.0411310322205	0.0389975713939	0.042804571858	0.042674097187	0.0428820036412	0.0480354788483	0.0498555944912	0.0492918735604	0.0452864488334	0.0444398200145	0.0438052256722	0.045825301027	0.0458711462839	0.0534542790597	0.0489407129296	0.0466683998456	0.0469470073996	0.0560023599188	0.0492465858517	0.0638383667981	0.059707692094	0.0586109649163	0.0541990445228	0.0461631849335	0.0665568120574	0.0694309963857	0.0898613203199	0.0786128221383	0.0803060026902	0.0786822888843	0.0785961392534	0.0612838792039	0.0719962681776	0.0557132236678	0.0532303420496	0.0511843934495	0.0467772949652	0.0401971372044	0.0472673120099	0.0465519316389	0.0568570753879	0.0577142883636	0.0615872280497
TARA_038_DCM_0.22-1.6_G.snv.bam	0.0712739425338	0.0460736997822	0.0478288645816	0.0441735121895	0.0481862942476	0.0460410130946	0.0	0.0403533569981	0.0345646420671	0.0479683037522	0.0410460377241	0.0476273085252	0.0516076277139	0.0522955203983	0.0480181217419	0.0445933111424	0.0453719894851	0.0420407773595	0.0437376203244	0.0422073315196	0.052899842814	0.0470252162278	0.0445631905364	0.0465866487668	0.0553253848868	0.0505676065533	0.0655237068612	0.0588924813847	0.055300124664	0.0525382862407	0.0458257609121	0.0650080507771	0.0671047911596	0.0817952772913	0.0728423015123	0.0738376678918	0.072617859473	0.0723522370638	0.0566518164865	0.0648516920352	0.0564725285708	0.0504789463531	0.0493830800235	0.0465367576974	0.0452397646456	0.045998464496	0.0469513073792	0.0523450949988	0.0526026280591	0.0581411795027
TARA_039_DCM_0.22-1.6_G.snv.bam	0.0657253572882	0.0414260925921	0.0426870339666	0.039543317383	0.042368419169	0.0411310322205	0.0403533569981	0.0	0.0328094343745	0.0412794956179	0.037815880964	0.0410215197052	0.0478379076818	0.0460691227178	0.0439995269652	0.0424961595364	0.0403575548821	0.0383052843543	0.0420636571129	0.0388523795019	0.0489772697775	0.0429090477503	0.0417879069806	0.0424708686184	0.051189868313	0.0456438487436	0.0608488954871	0.054081163913	0.0532262120069	0.0502357581488	0.0429136609088	0.0619450456735	0.063217768674	0.0826222089246	0.0713377824619	0.0746069817258	0.0722781496956	0.0712528249889	0.0559605705316	0.0653604651733	0.0513116884369	0.0478895504234	0.0462870155508	0.0409596605692	0.0373717137621	0.0415219785999	0.0434961588326	0.0501391705588	0.0505151145357	0.0562269761852
TARA_041_DCM_0.22-1.6_G.snv.bam	0.0660496504968	0.0371452650403	0.0408003941661	0.0356148888665	0.0402566005153	0.0389975713939	0.0345646420671	0.0328094343745	0.0	0.0388155986188	0.0337822056144	0.038679285387	0.0429900523076	0.0439492766564	0.0412556257478	0.0389363162006	0.0374224447121	0.0360838948775	0.0392147200833	0.0373332869465	0.0469055811272	0.0384768918389	0.0377378011231	0.0396212209172	0.0494879844665	0.0433313285794	0.0602973784545	0.0532057684666	0.0496943831561	0.0486403276667	0.0407238801226	0.0603866459084	0.0615489601994	0.0794968052936	0.0716117570763	0.0726715861858	0.0692596028458	0.0702343734046	0.0541679266743	0.0625738957786	0.0492071141028	0.0476280563772	0.0449745285643	0.0413621727669	0.0366658554483	0.0375043687533	0.0385123306211	0.0456059547077	0.0453191982741	0.0529464684077
TARA_041_SRF_0.22-1.6_G.snv.bam	0.0667197564266	0.0377777881606	0.0412231303028	0.0376095552708	0.0410480719375	0.042804571858	0.0479683037522	0.0412794956179	0.0388155986188	0.0	0.0393105601623	0.0338859276767	0.0364195362778	0.0392588303126	0.0432337812493	0.0402110703175	0.0396789990059	0.0404420904596	0.0441717882884	0.0426007870678	0.0494542100147	0.042092462189	0.0423287274622	0.0442138135976	0.0537049891554	0.0423222018414	0.0610019573218	0.0596003414037	0.0557196785749	0.0524715654955	0.0422639698853	0.063806905284	0.0632429674772	0.0878921127526	0.0781763120828	0.0791789300002	0.0769468655682	0.0774000407206	0.0604630402358	0.0696729245238	0.0509064211392	0.0487712239191	0.0457288114457	0.0487932905565	0.0360009465545	0.0413411998401	0.0430591297252	0.0512600761782	0.0525373700238	0.05995192128
TARA_042_DCM_0.22-1.6_G.snv.bam	0.0699041369476	0.0371300025849	0.0413640764055	0.0366106267687	0.0432615883926	0.042674097187	0.0410460377241	0.037815880964	0.0337822056144	0.0393105601623	0.0	0.037240691441	0.0417428775547	0.0429392739163	0.0397609280778	0.0382598317902	0.0383844794286	0.0368656385863	0.0387765877797	0.0379662523034	0.0478195680327	0.0394990764498	0.0386934960204	0.0420469177529	0.0497882816084	0.0434289657384	0.0599888357394	0.0556915180167	0.0517481365082	0.0503321634673	0.0413106497499	0.0622189492339	0.0621758675962	0.0820711745611	0.0730891404997	0.0753687025581	0.0714812153463	0.0721624986042	0.0556300635779	0.063481394085	0.0512348541589	0.0460094821573	0.04510691994	0.0438243426644	0.0376718683484	0.038993605645	0.0412999894731	0.0479460349897	0.0483436762826	0.0546915079165
TARA_042_SRF_0.22-1.6_G.snv.bam	0.0650892391436	0.0373678449862	0.039540220976	0.0364390056422	0.040738936183	0.0428820036412	0.0476273085252	0.0410215197052	0.038679285387	0.0338859276767	0.037240691441	0.0	0.0338310560472	0.0369205270783	0.040123040037	0.0366309138463	0.0393697918124	0.0396299550427	0.0439278928822	0.0417273954324	0.0471503238692	0.0411911809541	0.0417905598055	0.0438610828549	0.0497867174385	0.0396505724478	0.0582101184265	0.058902127752	0.0548440462477	0.0512048727398	0.0421162404736	0.0631385206821	0.0608071804955	0.0856792991382	0.0757317476528	0.076617764345	0.0751626621781	0.0761911259991	0.0587439101836	0.0677714559868	0.0483759032814	0.0478401052261	0.0430842534604	0.047315797849	0.0357621059077	0.0412893431085	0.040281128788	0.0504938966233	0.0515185812419	0.0589743789578
TARA_045_SRF_0.22-1.6_G.snv.bam	0.0690548257724	0.039419054796	0.0418328974284	0.0391617025974	0.0459770385195	0.0480354788483	0.0516076277139	0.0478379076818	0.0429900523076	0.0364195362778	0.0417428775547	0.0338310560472	0.0	0.0335575341462	0.0399797923173	0.0361839780304	0.0411426732589	0.0426363609771	0.0469734052703	0.0463391928971	0.0478415242449	0.0413009940134	0.0439524606217	0.0458670325794	0.0502799623224	0.0401072486145	0.0598732415938	0.0598620262244	0.055552566794	0.052535452942	0.0450416020042	0.0636261993762	0.0603570316109	0.087656674421	0.0778945226994	0.0792524558819	0.0771518500783	0.078212769969	0.0605533532375	0.070202649013	0.0480519743548	0.049589998505	0.0430638726537	0.0513388464218	0.0387316644076	0.0419154761257	0.0421031417499	0.0515301278387	0.052009491618	0.0609895458149
TARA_048_SRF_0.22-1.6_G.snv.bam	0.0670509288454	0.0406486073382	0.0411767320084	0.0399568382306	0.0465229735427	0.0498555944912	0.0522955203983	0.0460691227178	0.0439492766564	0.0392588303126	0.0429392739163	0.0369205270783	0.0335575341462	0.0	0.03834176499	0.0372051364318	0.0418779072025	0.044712996496	0.048175977452	0.04738656869	0.0476543075939	0.0406977768046	0.0436195168382	0.0445287737085	0.0481533003901	0.0387940456549	0.057190725705	0.0573182989839	0.0529372591099	0.0524387567506	0.0452958192603	0.0611093187242	0.0567681780983	0.0851707869912	0.0747461778322	0.0767690505098	0.0744966848699	0.0765463979666	0.0581834188152	0.0676093997988	0.0460026554927	0.0500430007137	0.0434932861366	0.0528118726518	0.0395881023393	0.0414083836452	0.0417915926944	0.050470263877	0.0511840099867	0.0601411695366
TARA_052_DCM_0.22-1.6_G.snv.bam	0.0670289297682	0.0381675540011	0.0406513292247	0.0396602144834	0.0484045747379	0.0492918735604	0.0480181217419	0.0439995269652	0.0412556257478	0.0432337812493	0.0397609280778	0.040123040037	0.0399797923173	0.03834176499	0.0	0.0349918493059	0.0397883942454	0.0444933873988	0.0448013830946	0.0445579296346	0.040763999758	0.0340038288628	0.0378859911677	0.041430952954	0.0421107320905	0.0356167992385	0.0505277592756	0.0496547475625	0.0445218126965	0.0478741549507	0.043523791153	0.0514468562751	0.0491503682298	0.0759604112164	0.0669115540113	0.0697772766466	0.064913425663	0.0675280243103	0.0503855437068	0.0600050038584	0.0426409905988	0.0452044745796	0.0387553364993	0.0504617402646	0.0411704056696	0.0357252543673	0.0365817465491	0.0432347187147	0.0431252357979	0.0521179346546
TARA_052_SRF_0.22-1.6_G.snv.bam	0.0660852805826	0.0373682230905	0.0378586436338	0.0376375461464	0.0438218787259	0.0452864488334	0.0445933111424	0.0424961595364	0.0389363162006	0.0402110703175	0.0382598317902	0.0366309138463	0.0361839780304	0.0372051364318	0.0349918493059	0.0	0.037928803729	0.0427796696933	0.0452394882924	0.0446040959659	0.0457973037214	0.0392929739053	0.0404115007708	0.0430526602314	0.0483372930489	0.0377523332271	0.056456623423	0.0552752805967	0.0522596127816	0.0487357217267	0.0403173808533	0.0594597952371	0.0580625471594	0.0821283730741	0.0706435900883	0.0733088732136	0.0702811517541	0.0716342135208	0.0511565440537	0.0633312903542	0.0464789828461	0.0446713653013	0.0384989801043	0.0499419089734	0.0369973074276	0.0381944306372	0.0383643105415	0.0478194550057	0.0484054999863	0.0567906589659
TARA_056_SRF_0.22-3_G.snv.bam	0.0718330782549	0.0380769349734	0.0406359423611	0.0389694622785	0.0458640717667	0.0444398200145	0.0453719894851	0.0403575548821	0.0374224447121	0.0396789990059	0.0383844794286	0.0393697918124	0.0411426732589	0.0418779072025	0.0397883942454	0.037928803729	0.0	0.0350218891528	0.0359920281476	0.0354246041004	0.0460106777105	0.0382274697911	0.038182139575	0.0399597426185	0.0503016869383	0.0412542054384	0.0578326719671	0.0563638373586	0.0511409831353	0.0513193967933	0.0440107207732	0.0618279378289	0.0589555712349	0.0840843784071	0.0740552418319	0.0768006621711	0.0732207605049	0.0735463956058	0.0570655493509	0.0666498201645	0.0482971783556	0.0480823534455	0.0436040380499	0.0438445913808	0.0365569829466	0.0400974316295	0.0408545910481	0.0471415581055	0.0468598761347	0.0557836564179
TARA_057_SRF_0.22-3_G.snv.bam	0.0722305212165	0.040212343057	0.0442218223864	0.03997518486	0.0447471368818	0.0438052256722	0.0420407773595	0.0383052843543	0.0360838948775	0.0404420904596	0.0368656385863	0.0396299550427	0.0426363609771	0.044712996496	0.0444933873988	0.0427796696933	0.0350218891528	0.0	0.03399311865	0.0330450809476	0.0478095674269	0.0401059460941	0.0391724139594	0.0413823043233	0.0530318345496	0.0443895461174	0.061600559816	0.058104975003	0.0538442129277	0.0524875163061	0.0435228313687	0.0641107083608	0.0626929413981	0.0846301782731	0.0744026172555	0.0779399019129	0.0747096054847	0.074837916283	0.0588793372644	0.0664538175482	0.0523018828371	0.0492067679544	0.0477254253361	0.0407426560203	0.036257879574	0.0416598413279	0.0430604512937	0.0493181106958	0.0489277086499	0.0563906753733
TARA_058_DCM_0.22-3_G.snv.bam	0.0741993207143	0.04231887496	0.0463953049403	0.0434948931464	0.0487102714729	0.045825301027	0.0437376203244	0.0420636571129	0.0392147200833	0.0441717882884	0.0387765877797	0.0439278928822	0.0469734052703	0.048175977452	0.0448013830946	0.0452394882924	0.0359920281476	0.03399311865	0.0	0.0350885948863	0.0490098548079	0.0407887669115	0.0398425755578	0.0420384148942	0.0533977959989	0.0462514406378	0.0624865108033	0.0578364484315	0.0536006086603	0.0530275905148	0.0466216832607	0.0649725557934	0.0623114448425	0.08568546118	0.0751896164008	0.0786167889962	0.0744943989118	0.0758890359144	0.0581468042432	0.0659886794089	0.0540937921159	0.0502218497914	0.0482172384838	0.0420348622928	0.0409414903854	0.043036837241	0.044823978932	0.0499106475005	0.0493945382355	0.0562900339622
TARA_062_SRF_0.22-3_G.snv.bam	0.0730857710739	0.0411011818406	0.0448030143793	0.0410802381788	0.0459223866623	0.0458711462839	0.0422073315196	0.0388523795019	0.0373332869465	0.0426007870678	0.0379662523034	0.0417273954324	0.0463391928971	0.04738656869	0.0445579296346	0.0446040959659	0.0354246041004	0.0330450809476	0.0350885948863	0.0	0.0471094985357	0.0373925176091	0.0374985657047	0.0390672364857	0.0530921739984	0.0459562648087	0.0616604554293	0.0567456968954	0.0520598343782	0.0525338127907	0.0446061855034	0.0633612915163	0.0618450429437	0.0840431291633	0.075277711631	0.0771543274505	0.0732840491727	0.0741607803422	0.058729173511	0.0652710394126	0.0538906888768	0.0499667687841	0.0481351338162	0.0408692921069	0.0388265048857	0.0414636881391	0.0437609317296	0.0489354261529	0.050003319546	0.0554800688307
TARA_064_DCM_0.22-3_G.snv.bam	0.0733559463295	0.0454828882907	0.048297019294	0.046049264493	0.0543268561523	0.0534542790597	0.052899842814	0.0489772697775	0.0469055811272	0.0494542100147	0.0478195680327	0.0471503238692	0.0478415242449	0.0476543075939	0.040763999758	0.0457973037214	0.0460106777105	0.0478095674269	0.0490098548079	0.0471094985357	0.0	0.0386266208275	0.0428037924192	0.0443532695311	0.048636687725	0.045380641986	0.0570835422397	0.0540108838409	0.0502448496613	0.0544576092707	0.051246757175	0.0573695454619	0.055939950757	0.0825899527566	0.0727393558401	0.0740458393616	0.0726949335925	0.0721481626905	0.0574314730353	0.0657485478399	0.0508111332692	0.0510752054697	0.0463823928067	0.0548465769772	0.0483418758847	0.0449345885906	0.0439634246969	0.0484843848227	0.0479263832516	0.0549507836853
TARA_064_SRF_0.22-3_G.snv.bam	0.0722336217194	0.0358316440603	0.0412003795994	0.0388936106848	0.0487428924067	0.0489407129296	0.0470252162278	0.0429090477503	0.0384768918389	0.042092462189	0.0394990764498	0.0411911809541	0.0413009940134	0.0406977768046	0.0340038288628	0.0392929739053	0.0382274697911	0.0401059460941	0.0407887669115	0.0373925176091	0.0386266208275	0.0	0.0340140845788	0.036036956341	0.0454799630904	0.0376847059305	0.0540413445415	0.0515154938659	0.0431483586384	0.0520131552377	0.045336931725	0.0550157904355	0.049559145449	0.0786173296279	0.0706608772341	0.0720479128221	0.0675254949334	0.0699602575693	0.0527441347657	0.0615752004633	0.0456306346758	0.0480492479085	0.0411189523559	0.0502823574812	0.041112003733	0.0355111604783	0.0353899421221	0.0406685403969	0.0386859997397	0.050696347387
TARA_065_DCM_0.22-3_G.snv.bam	0.0698095734615	0.0387917097032	0.0423028480877	0.0403518481323	0.0479311267616	0.0466683998456	0.0445631905364	0.0417879069806	0.0377378011231	0.0423287274622	0.0386934960204	0.0417905598055	0.0439524606217	0.0436195168382	0.0378859911677	0.0404115007708	0.038182139575	0.0391724139594	0.0398425755578	0.0374985657047	0.0428037924192	0.0340140845788	0.0	0.0386227451263	0.0484349611788	0.0418074901475	0.0563202892438	0.0515951097424	0.0485898336401	0.0498574089641	0.0437011541206	0.058632677429	0.0570148217718	0.0814422920103	0.0712140952472	0.0742083964828	0.069921162285	0.0719727345507	0.0539824805173	0.0637565898501	0.0477696459305	0.0480353134219	0.0455266555562	0.0460348754455	0.039802989366	0.0378934000867	0.0391024576651	0.0456438319074	0.0458295991393	0.052681082262
TARA_065_SRF_0.22-3_G.snv.bam	0.0723384321921	0.0400288849286	0.0443435185634	0.0410058724178	0.0492483137757	0.0469470073996	0.0465866487668	0.0424708686184	0.0396212209172	0.0442138135976	0.0420469177529	0.0438610828549	0.0458670325794	0.0445287737085	0.041430952954	0.0430526602314	0.0399597426185	0.0413823043233	0.0420384148942	0.0390672364857	0.0443532695311	0.036036956341	0.0386227451263	0.0	0.0480877820217	0.042838387238	0.0565983835907	0.0549068466799	0.0488689514535	0.0518828894766	0.0461849758249	0.0584490027629	0.0575725297359	0.0804947360551	0.072167526965	0.0743188047031	0.0711876275378	0.0710567366369	0.0558055475835	0.0638664317674	0.0502239362046	0.048965523178	0.0447165644698	0.0486177574199	0.0425130708849	0.0388802078335	0.0395253565491	0.0445393097255	0.0433035674858	0.0517256033125
TARA_072_DCM_0.22-3_G.snv.bam	0.0687602169756	0.0480842561773	0.0483069366788	0.0487540022667	0.0549136948366	0.0560023599188	0.0553253848868	0.051189868313	0.0494879844665	0.0537049891554	0.0497882816084	0.0497867174385	0.0502799623224	0.0481533003901	0.0421107320905	0.0483372930489	0.0503016869383	0.0530318345496	0.0533977959989	0.0530921739984	0.048636687725	0.0454799630904	0.0484349611788	0.0480877820217	0.0	0.0452658246366	0.0566186543753	0.051411712871	0.0486797180766	0.0537580958299	0.0532830393857	0.0518377782311	0.054487125064	0.0811161118264	0.0729453274128	0.0741474827714	0.070265968467	0.0709093270013	0.055754447252	0.0650776484028	0.0480677897846	0.052426969201	0.0478423598912	0.0576910355649	0.0498762660844	0.0451188938922	0.0445033669518	0.0488795558055	0.0492083336035	0.0547451670461
TARA_072_SRF_0.22-3_G.snv.bam	0.0683918919102	0.0387595892829	0.040080034995	0.0395170446399	0.0482066528838	0.0492465858517	0.0505676065533	0.0456438487436	0.0433313285794	0.0423222018414	0.0434289657384	0.0396505724478	0.0401072486145	0.0387940456549	0.0356167992385	0.0377523332271	0.0412542054384	0.0443895461174	0.0462514406378	0.0459562648087	0.045380641986	0.0376847059305	0.0418074901475	0.042838387238	0.0452658246366	0.0	0.0532959603556	0.0540068256721	0.049856628981	0.0507680462852	0.0457558091006	0.0556343897939	0.0529801489101	0.0811246853963	0.0724259689164	0.0738750764206	0.0708724997847	0.0731673398721	0.0545345439022	0.0655628948839	0.0425308889711	0.0479575051301	0.0420272317293	0.0520730526086	0.0412531823018	0.0389138743592	0.0392142629956	0.0463466883837	0.0459959890687	0.0548857215096
TARA_076_SRF_0.22-3_G.snv.bam	0.0769113464303	0.0575681223228	0.0567817384793	0.0581031264329	0.0650805924719	0.0638383667981	0.0655237068612	0.0608488954871	0.0602973784545	0.0610019573218	0.0599888357394	0.0582101184265	0.0598732415938	0.057190725705	0.0505277592756	0.056456623423	0.0578326719671	0.061600559816	0.0624865108033	0.0616604554293	0.0570835422397	0.0540413445415	0.0563202892438	0.0565983835907	0.0566186543753	0.0532959603556	0.0	0.059160585897	0.0569460604865	0.0621239449573	0.0623091466827	0.0577063303576	0.0560813317995	0.086277604382	0.078400613925	0.0792573458949	0.0781627887809	0.0793329037708	0.0669867301696	0.0743055857709	0.0561118703708	0.0613059103958	0.0575930202044	0.0654243284926	0.05842448533	0.054216327405	0.052918176511	0.0573529450202	0.0576417646606	0.0627717355984
TARA_078_DCM_0.22-3_G.snv.bam	0.0738075550897	0.0555503167287	0.0548793338989	0.0547424673659	0.0612599134654	0.059707692094	0.0588924813847	0.054081163913	0.0532057684666	0.0596003414037	0.0556915180167	0.058902127752	0.0598620262244	0.0573182989839	0.0496547475625	0.0552752805967	0.0563638373586	0.058104975003	0.0578364484315	0.0567456968954	0.0540108838409	0.0515154938659	0.0515951097424	0.0549068466799	0.051411712871	0.0540068256721	0.059160585897	0.0	0.044585217755	0.0593735906267	0.0578886741828	0.054026347541	0.0577369511937	0.0804172141268	0.0714324479715	0.0731533991964	0.0711749288064	0.0707061539089	0.0602974094025	0.0676162478364	0.0541227166293	0.0592218309853	0.0547310509424	0.0611690450872	0.0564266452993	0.0503463123352	0.0487646911841	0.0509525087521	0.0515507577248	0.0539428654501
TARA_078_SRF_0.22-3_G.snv.bam	0.073805479639	0.0508644371727	0.0524299522793	0.0508950456504	0.0596190668325	0.0586109649163	0.055300124664	0.0532262120069	0.0496943831561	0.0557196785749	0.0517481365082	0.0548440462477	0.055552566794	0.0529372591099	0.0445218126965	0.0522596127816	0.0511409831353	0.0538442129277	0.0536006086603	0.0520598343782	0.0502448496613	0.0431483586384	0.0485898336401	0.0488689514535	0.0486797180766	0.049856628981	0.0569460604865	0.044585217755	0.0	0.0571720700626	0.0558995572984	0.0495477846161	0.0498517679573	0.0778056253298	0.0710773668701	0.0708584060394	0.0682732221092	0.0704607299771	0.0586374695413	0.0655386563769	0.0503208790099	0.057446315589	0.0507231546614	0.0594242374451	0.0534612193779	0.04641999332	0.0463840604063	0.0455315019233	0.0437625291063	0.0475008219931
TARA_109_DCM_0.22-3_G.snv.bam	0.072409828576	0.0513712343123	0.052855311253	0.04967331303	0.0541706309548	0.0541990445228	0.0525382862407	0.0502357581488	0.0486403276667	0.0524715654955	0.0503321634673	0.0512048727398	0.052535452942	0.0524387567506	0.0478741549507	0.0487357217267	0.0513193967933	0.0524875163061	0.0530275905148	0.0525338127907	0.0544576092707	0.0520131552377	0.0498574089641	0.0518828894766	0.0537580958299	0.0507680462852	0.0621239449573	0.0593735906267	0.0571720700626	0.0	0.0394339969932	0.0573448696144	0.0617740033181	0.0768206878853	0.0659629992456	0.0675912227456	0.066530168303	0.0672097475803	0.0523320580033	0.0611971211447	0.0571140636903	0.0452701558892	0.0478244850724	0.0534479264607	0.0484225431448	0.049402896047	0.0507964289012	0.0525144108865	0.0562163645658	0.0587340816885
TARA_109_SRF_0.22-3_G.snv.bam	0.065947705652	0.0427238270776	0.0462940262989	0.0415407652882	0.0459943018886	0.0461631849335	0.0458257609121	0.0429136609088	0.0407238801226	0.0422639698853	0.0413106497499	0.0421162404736	0.0450416020042	0.0452958192603	0.043523791153	0.0403173808533	0.0440107207732	0.0435228313687	0.0466216832607	0.0446061855034	0.051246757175	0.045336931725	0.0437011541206	0.0461849758249	0.0532830393857	0.0457558091006	0.0623091466827	0.0578886741828	0.0558995572984	0.0394339969932	0.0	0.0620785347872	0.0619927687261	0.0832531315764	0.0725929739828	0.075450232971	0.071791396809	0.0724220088275	0.0554596373292	0.0642389855267	0.0513102381378	0.0408694547041	0.0427042896945	0.047070204178	0.0397574158444	0.0438857681122	0.0466104216609	0.0524205250611	0.0535463429282	0.0586809488666
TARA_112_DCM_0.22-3_G.snv.bam	0.0713853590785	0.0608203667757	0.059702858495	0.0592246052975	0.065660896338	0.0665568120574	0.0650080507771	0.0619450456735	0.0603866459084	0.063806905284	0.0622189492339	0.0631385206821	0.0636261993762	0.0611093187242	0.0514468562751	0.0594597952371	0.0618279378289	0.0641107083608	0.0649725557934	0.0633612915163	0.0573695454619	0.0550157904355	0.058632677429	0.0584490027629	0.0518377782311	0.0556343897939	0.0577063303576	0.054026347541	0.0495477846161	0.0573448696144	0.0620785347872	0.0	0.0501281624655	0.0774219192436	0.0682196716145	0.0673745054671	0.0672557681155	0.0690238902606	0.0590160442301	0.0665925530576	0.0546772943857	0.0626099605642	0.0564960110557	0.0670089086494	0.0622528213159	0.0542314869963	0.052441008751	0.0548165721396	0.0543085914646	0.0560754044081
TARA_112_SRF_0.22-3_G.snv.bam	0.0805515906821	0.058055859533	0.0585701243739	0.059278052998	0.0693605822943	0.0694309963857	0.0671047911596	0.063217768674	0.0615489601994	0.0632429674772	0.0621758675962	0.0608071804955	0.0603570316109	0.0567681780983	0.0491503682298	0.0580625471594	0.0589555712349	0.0626929413981	0.0623114448425	0.0618450429437	0.055939950757	0.049559145449	0.0570148217718	0.0575725297359	0.054487125064	0.0529801489101	0.0560813317995	0.0577369511937	0.0498517679573	0.0617740033181	0.0619927687261	0.0501281624655	0.0	0.0809923083783	0.0735705427932	0.0747305101661	0.071544889355	0.0739366662724	0.063688131846	0.0695036936148	0.0534933578085	0.0649098606493	0.0563098940351	0.0676711954083	0.0619152698032	0.0550678216558	0.0544657071701	0.0554904723027	0.0535175778625	0.058779990434
TARA_122_SRF_0.22-3_G.snv.bam	0.100465580775	0.0816331147912	0.0824044259011	0.0831795756501	0.0886722287654	0.0898613203199	0.0817952772913	0.0826222089246	0.0794968052936	0.0878921127526	0.0820711745611	0.0856792991382	0.087656674421	0.0851707869912	0.0759604112164	0.0821283730741	0.0840843784071	0.0846301782731	0.08568546118	0.0840431291633	0.0825899527566	0.0786173296279	0.0814422920103	0.0804947360551	0.0811161118264	0.0811246853963	0.086277604382	0.0804172141268	0.0778056253298	0.0768206878853	0.0832531315764	0.0774219192436	0.0809923083783	0.0	0.0413311960804	0.0449925444433	0.0396410760475	0.0412005063983	0.0632008615598	0.0580739131874	0.0827418208956	0.0824977614592	0.077727224117	0.0861335973355	0.0844393300929	0.0800509853993	0.0800039452032	0.0796625514311	0.079287024927	0.0807996835349
TARA_123_SRF_0.22-3_G.snv.bam	0.0870864727947	0.0731912716295	0.0722909232208	0.0734746418352	0.0774137341668	0.0786128221383	0.0728423015123	0.0713377824619	0.0716117570763	0.0781763120828	0.0730891404997	0.0757317476528	0.0778945226994	0.0747461778322	0.0669115540113	0.0706435900883	0.0740552418319	0.0744026172555	0.0751896164008	0.075277711631	0.0727393558401	0.0706608772341	0.0712140952472	0.072167526965	0.0729453274128	0.0724259689164	0.078400613925	0.0714324479715	0.0710773668701	0.0659629992456	0.0725929739828	0.0682196716145	0.0735705427932	0.0413311960804	0.0	0.0386944114545	0.0329265581015	0.0348898450726	0.0516904831644	0.0507580918601	0.0732397789997	0.0736017586235	0.0657801951096	0.0766082520644	0.0744830558539	0.0707098066544	0.0710724691637	0.0716587503037	0.0728717105447	0.0720509642896
TARA_124_MIX_0.22-3_G.snv.bam	0.0892962136168	0.0752653035676	0.0746632955366	0.0751816405271	0.0800310376147	0.0803060026902	0.0738376678918	0.0746069817258	0.0726715861858	0.0791789300002	0.0753687025581	0.076617764345	0.0792524558819	0.0767690505098	0.0697772766466	0.0733088732136	0.0768006621711	0.0779399019129	0.0786167889962	0.0771543274505	0.0740458393616	0.0720479128221	0.0742083964828	0.0743188047031	0.0741474827714	0.0738750764206	0.0792573458949	0.0731533991964	0.0708584060394	0.0675912227456	0.075450232971	0.0673745054671	0.0747305101661	0.0449925444433	0.0386944114545	0.0	0.0364117313881	0.0414638809834	0.0556590237991	0.0498070583858	0.0755980364059	0.0758272244759	0.0686943268583	0.0795525153669	0.0763160962314	0.0730327698921	0.0723069186507	0.0733505808725	0.0733093909364	0.073150111472
TARA_124_SRF_0.22-3_G.snv.bam	0.0893105142454	0.0711255958536	0.0714447464526	0.0722746240642	0.0780942200957	0.0786822888843	0.072617859473	0.0722781496956	0.0692596028458	0.0769468655682	0.0714812153463	0.0751626621781	0.0771518500783	0.0744966848699	0.064913425663	0.0702811517541	0.0732207605049	0.0747096054847	0.0744943989118	0.0732840491727	0.0726949335925	0.0675254949334	0.069921162285	0.0711876275378	0.070265968467	0.0708724997847	0.0781627887809	0.0711749288064	0.0682732221092	0.066530168303	0.071791396809	0.0672557681155	0.071544889355	0.0396410760475	0.0329265581015	0.0364117313881	0.0	0.0338088101796	0.0509691029475	0.0477048983575	0.072478369224	0.0729938969978	0.0660260407214	0.0767235540242	0.0738210010923	0.0691772010339	0.0693381915808	0.0698273899085	0.0704272141055	0.0706142455928
TARA_125_SRF_0.22-3_G.snv.bam	0.0882721040573	0.0730256642201	0.0718743445305	0.0733114933489	0.0781566376283	0.0785961392534	0.0723522370638	0.0712528249889	0.0702343734046	0.0774000407206	0.0721624986042	0.0761911259991	0.078212769969	0.0765463979666	0.0675280243103	0.0716342135208	0.0735463956058	0.074837916283	0.0758890359144	0.0741607803422	0.0721481626905	0.0699602575693	0.0719727345507	0.0710567366369	0.0709093270013	0.0731673398721	0.0793329037708	0.0707061539089	0.0704607299771	0.0672097475803	0.0724220088275	0.0690238902606	0.0739366662724	0.0412005063983	0.0348898450726	0.0414638809834	0.0338088101796	0.0	0.0538052015806	0.0508260129435	0.0730566445089	0.071520993307	0.0664466079528	0.0772421597879	0.0740933820294	0.0709143766739	0.0705200386396	0.0709511401091	0.0722214246164	0.0712921563341
TARA_128_DCM_0.22-3_G.snv.bam	0.0733657363546	0.0540510254914	0.0548539896687	0.0551822777937	0.061249998002	0.0612838792039	0.0566518164865	0.0559605705316	0.0541679266743	0.0604630402358	0.0556300635779	0.0587439101836	0.0605533532375	0.0581834188152	0.0503855437068	0.0511565440537	0.0570655493509	0.0588793372644	0.0581468042432	0.058729173511	0.0574314730353	0.0527441347657	0.0539824805173	0.0558055475835	0.055754447252	0.0545345439022	0.0669867301696	0.0602974094025	0.0586374695413	0.0523320580033	0.0554596373292	0.0590160442301	0.063688131846	0.0632008615598	0.0516904831644	0.0556590237991	0.0509691029475	0.0538052015806	0.0	0.0432448236682	0.0593417562875	0.0572357551155	0.0485510036208	0.0630282995366	0.0576644772651	0.053552247227	0.0544547089503	0.0583872779084	0.0589231046884	0.0607621500353
TARA_128_SRF_0.22-3_G.snv.bam	0.0862747976728	0.0637795509762	0.0656127651515	0.0662420419372	0.0709834926722	0.0719962681776	0.0648516920352	0.0653604651733	0.0625738957786	0.0696729245238	0.063481394085	0.0677714559868	0.070202649013	0.0676093997988	0.0600050038584	0.0633312903542	0.0666498201645	0.0664538175482	0.0659886794089	0.0652710394126	0.0657485478399	0.0615752004633	0.0637565898501	0.0638664317674	0.0650776484028	0.0655628948839	0.0743055857709	0.0676162478364	0.0655386563769	0.0611971211447	0.0642389855267	0.0665925530576	0.0695036936148	0.0580739131874	0.0507580918601	0.0498070583858	0.0477048983575	0.0508260129435	0.0432448236682	0.0	0.0689893137916	0.0647907736099	0.0601978740571	0.0708069334927	0.0676085888473	0.0632102990055	0.0623511429538	0.0644717783095	0.0651689893398	0.0655953944373
TARA_132_SRF_0.22-3_G.snv.bam	0.0671021773522	0.0471173033636	0.048023838676	0.0475594189843	0.053841142608	0.0557132236678	0.0564725285708	0.0513116884369	0.0492071141028	0.0509064211392	0.0512348541589	0.0483759032814	0.0480519743548	0.0460026554927	0.0426409905988	0.0464789828461	0.0482971783556	0.0523018828371	0.0540937921159	0.0538906888768	0.0508111332692	0.0456306346758	0.0477696459305	0.0502239362046	0.0480677897846	0.0425308889711	0.0561118703708	0.0541227166293	0.0503208790099	0.0571140636903	0.0513102381378	0.0546772943857	0.0534933578085	0.0827418208956	0.0732397789997	0.0755980364059	0.072478369224	0.0730566445089	0.0593417562875	0.0689893137916	0.0	0.0552742852297	0.0486272507599	0.0581105299744	0.0480554775981	0.0452681218105	0.043938969892	0.0516283105964	0.0510712776379	0.0570406096038
TARA_137_SRF_0.22-3_G.snv.bam	0.07278031104	0.0475774884807	0.0491510302268	0.0490746434776	0.054199952289	0.0532303420496	0.0504789463531	0.0478895504234	0.0476280563772	0.0487712239191	0.0460094821573	0.0478401052261	0.049589998505	0.0500430007137	0.0452044745796	0.0446713653013	0.0480823534455	0.0492067679544	0.0502218497914	0.0499667687841	0.0510752054697	0.0480492479085	0.0480353134219	0.048965523178	0.052426969201	0.0479575051301	0.0613059103958	0.0592218309853	0.057446315589	0.0452701558892	0.0408694547041	0.0626099605642	0.0649098606493	0.0824977614592	0.0736017586235	0.0758272244759	0.0729938969978	0.071520993307	0.0572357551155	0.0647907736099	0.0552742852297	0.0	0.0450784179263	0.0515495087288	0.0463851664412	0.0479006961433	0.049062285143	0.0516355044135	0.0533021021706	0.0568509155986
TARA_138_SRF_0.22-3_G.snv.bam	0.0690913248196	0.0429130617248	0.0432211804689	0.0423050101898	0.0504877921595	0.0511843934495	0.0493830800235	0.0462870155508	0.0449745285643	0.0457288114457	0.04510691994	0.0430842534604	0.0430638726537	0.0434932861366	0.0387553364993	0.0384989801043	0.0436040380499	0.0477254253361	0.0482172384838	0.0481351338162	0.0463823928067	0.0411189523559	0.0455266555562	0.0447165644698	0.0478423598912	0.0420272317293	0.0575930202044	0.0547310509424	0.0507231546614	0.0478244850724	0.0427042896945	0.0564960110557	0.0563098940351	0.077727224117	0.0657801951096	0.0686943268583	0.0660260407214	0.0664466079528	0.0485510036208	0.0601978740571	0.0486272507599	0.0450784179263	0.0	0.0535319051573	0.0435660024355	0.0423840196196	0.042324193908	0.0489842894304	0.0493888715382	0.0542879377493
TARA_140_SRF_0.22-3_G.snv.bam	0.0686946303891	0.0500370153075	0.0513641645139	0.0469404507704	0.0486108491457	0.0467772949652	0.0465367576974	0.0409596605692	0.0413621727669	0.0487932905565	0.0438243426644	0.047315797849	0.0513388464218	0.0528118726518	0.0504617402646	0.0499419089734	0.0438445913808	0.0407426560203	0.0420348622928	0.0408692921069	0.0548465769772	0.0502823574812	0.0460348754455	0.0486177574199	0.0576910355649	0.0520730526086	0.0654243284926	0.0611690450872	0.0594242374451	0.0534479264607	0.047070204178	0.0670089086494	0.0676711954083	0.0861335973355	0.0766082520644	0.0795525153669	0.0767235540242	0.0772421597879	0.0630282995366	0.0708069334927	0.0581105299744	0.0515495087288	0.0535319051573	0.0	0.0420317818806	0.0500703719106	0.0509109325758	0.0554349866686	0.0566781544788	0.0599457962565
TARA_141_SRF_0.22-3_G.snv.bam	0.0634906333138	0.0375876058696	0.0392453370701	0.0355189887023	0.0395119438892	0.0401971372044	0.0452397646456	0.0373717137621	0.0366658554483	0.0360009465545	0.0376718683484	0.0357621059077	0.0387316644076	0.0395881023393	0.0411704056696	0.0369973074276	0.0365569829466	0.036257879574	0.0409414903854	0.0388265048857	0.0483418758847	0.041112003733	0.039802989366	0.0425130708849	0.0498762660844	0.0412531823018	0.05842448533	0.0564266452993	0.0534612193779	0.0484225431448	0.0397574158444	0.0622528213159	0.0619152698032	0.0844393300929	0.0744830558539	0.0763160962314	0.0738210010923	0.0740933820294	0.0576644772651	0.0676085888473	0.0480554775981	0.0463851664412	0.0435660024355	0.0420317818806	0.0	0.0370814042168	0.0382700411995	0.0498257169828	0.0497476484644	0.0580963005962
TARA_142_DCM_0.22-3_G.snv.bam	0.0682247403723	0.0370575787618	0.0390302267078	0.0387050947382	0.0464947466704	0.0472673120099	0.045998464496	0.0415219785999	0.0375043687533	0.0413411998401	0.038993605645	0.0412893431085	0.0419154761257	0.0414083836452	0.0357252543673	0.0381944306372	0.0400974316295	0.0416598413279	0.043036837241	0.0414636881391	0.0449345885906	0.0355111604783	0.0378934000867	0.0388802078335	0.0451188938922	0.0389138743592	0.054216327405	0.0503463123352	0.04641999332	0.049402896047	0.0438857681122	0.0542314869963	0.0550678216558	0.0800509853993	0.0707098066544	0.0730327698921	0.0691772010339	0.0709143766739	0.053552247227	0.0632102990055	0.0452681218105	0.0479006961433	0.0423840196196	0.0500703719106	0.0370814042168	0.0	0.0281060277798	0.0394563276522	0.0388690277729	0.0510990916665
TARA_142_SRF_0.22-3_G.snv.bam	0.0674918755643	0.0383554419168	0.0393744903763	0.0389256650044	0.0478507449805	0.0465519316389	0.0469513073792	0.0434961588326	0.0385123306211	0.0430591297252	0.0412999894731	0.040281128788	0.0421031417499	0.0417915926944	0.0365817465491	0.0383643105415	0.0408545910481	0.0430604512937	0.044823978932	0.0437609317296	0.0439634246969	0.0353899421221	0.0391024576651	0.0395253565491	0.0445033669518	0.0392142629956	0.052918176511	0.0487646911841	0.0463840604063	0.0507964289012	0.0466104216609	0.052441008751	0.0544657071701	0.0800039452032	0.0710724691637	0.0723069186507	0.0693381915808	0.0705200386396	0.0544547089503	0.0623511429538	0.043938969892	0.049062285143	0.042324193908	0.0509109325758	0.0382700411995	0.0281060277798	0.0	0.0388448102861	0.0384116592267	0.0500941551486
