	TARA_004_DCM_0.22-1.6_G.snv.bam	TARA_023_DCM_0.22-1.6_G.snv.bam	TARA_025_DCM_0.22-1.6_G.snv.bam	TARA_066_SRF_0.22-3_G.snv.bam	TARA_093_DCM_0.22-3_G.snv.bam	TARA_133_DCM_0.22-3_G.snv.bam	TARA_133_SRF_0.22-3_G.snv.bam	TARA_145_SRF_0.22-3_G.snv.bam	TARA_152_MIX_0.22-3_G.snv.bam	TARA_152_SRF_0.22-3_G.snv.bam
TARA_004_DCM_0.22-1.6_G.snv.bam	0.0	0.0861589698906	0.0833836588898	0.0892658611533	0.0971199142056	0.1075417028	0.0950293781715	0.0892010591091	0.0858026284707	0.0858959450206
TARA_023_DCM_0.22-1.6_G.snv.bam	0.0861589698906	0.0	0.0452184770013	0.0854080514419	0.0995046087712	0.104428355781	0.0867527222153	0.0844939466772	0.0893489046001	0.0895766787703
TARA_025_DCM_0.22-1.6_G.snv.bam	0.0833836588898	0.0452184770013	0.0	0.093493957247	0.100458032755	0.109318041815	0.0951035822577	0.0916124146378	0.0907187153509	0.0910542231735
TARA_066_SRF_0.22-3_G.snv.bam	0.0892658611533	0.0854080514419	0.093493957247	0.0	0.094707081574	0.0846804878772	0.0650572669816	0.0649689651155	0.0667723648408	0.0669902280839
TARA_093_DCM_0.22-3_G.snv.bam	0.0971199142056	0.0995046087712	0.100458032755	0.094707081574	0.0	0.104724542555	0.0977379294395	0.0956417274518	0.0990073837565	0.0984507838871
TARA_133_DCM_0.22-3_G.snv.bam	0.1075417028	0.104428355781	0.109318041815	0.0846804878772	0.104724542555	0.0	0.0633452649059	0.0912724295139	0.0958529023856	0.0955608785773
TARA_133_SRF_0.22-3_G.snv.bam	0.0950293781715	0.0867527222153	0.0951035822577	0.0650572669816	0.0977379294395	0.0633452649059	0.0	0.0758405720614	0.0804544223578	0.0843107139888
TARA_145_SRF_0.22-3_G.snv.bam	0.0892010591091	0.0844939466772	0.0916124146378	0.0649689651155	0.0956417274518	0.0912724295139	0.0758405720614	0.0	0.0600012384915	0.062954729583
TARA_152_MIX_0.22-3_G.snv.bam	0.0858026284707	0.0893489046001	0.0907187153509	0.0667723648408	0.0990073837565	0.0958529023856	0.0804544223578	0.0600012384915	0.0	0.038239934595
TARA_152_SRF_0.22-3_G.snv.bam	0.0858959450206	0.0895766787703	0.0910542231735	0.0669902280839	0.0984507838871	0.0955608785773	0.0843107139888	0.062954729583	0.038239934595	0.0
