	TARA_004_DCM_0.22-1.6_G.snv.bam	TARA_009_DCM_0.22-1.6_G.snv.bam	TARA_018_DCM_0.22-1.6_G.snv.bam	TARA_018_SRF_0.22-1.6_G.snv.bam	TARA_023_DCM_0.22-1.6_G.snv.bam	TARA_025_DCM_0.22-1.6_G.snv.bam	TARA_030_DCM_0.22-1.6_G.snv.bam	TARA_066_DCM_0.22-3_G.snv.bam	TARA_066_SRF_0.22-3_G.snv.bam	TARA_132_DCM_0.22-3_G.snv.bam	TARA_133_SRF_0.22-3_G.snv.bam	TARA_151_DCM_0.22-3_G.snv.bam	TARA_152_MIX_0.22-3_G.snv.bam	TARA_152_SRF_0.22-3_G.snv.bam
TARA_004_DCM_0.22-1.6_G.snv.bam	0.0	0.0107317073171	0.0263414634146	0.0214634146341	0.0341463414634	0.0282926829268	0.0614634146341	0.0107317073171	0.0126829268293	0.0156097560976	0.0253658536585	0.0107317073171	0.00487804878049	0.00585365853659
TARA_009_DCM_0.22-1.6_G.snv.bam	0.0107317073171	0.0	0.0	0.0	0.0019512195122	0.00292682926829	0.0439024390244	0.00975609756098	0.00585365853659	0.0409756097561	0.0439024390244	0.019512195122	0.00487804878049	0.00682926829268
TARA_018_DCM_0.22-1.6_G.snv.bam	0.0263414634146	0.0	0.0	0.0	0.0019512195122	0.0019512195122	0.0458536585366	0.0136585365854	0.00780487804878	0.0634146341463	0.0556097560976	0.0282926829268	0.0117073170732	0.0126829268293
TARA_018_SRF_0.22-1.6_G.snv.bam	0.0214634146341	0.0	0.0	0.0	0.00390243902439	0.00390243902439	0.0448780487805	0.0165853658537	0.00975609756098	0.0585365853659	0.0526829268293	0.0282926829268	0.0156097560976	0.0146341463415
TARA_023_DCM_0.22-1.6_G.snv.bam	0.0341463414634	0.0019512195122	0.0019512195122	0.00390243902439	0.0	0.000975609756098	0.0312195121951	0.0156097560976	0.0117073170732	0.0624390243902	0.0526829268293	0.030243902439	0.0175609756098	0.0165853658537
TARA_025_DCM_0.22-1.6_G.snv.bam	0.0282926829268	0.00292682926829	0.0019512195122	0.00390243902439	0.000975609756098	0.0	0.0321951219512	0.0156097560976	0.00780487804878	0.0653658536585	0.0614634146341	0.0282926829268	0.0136585365854	0.0146341463415
TARA_030_DCM_0.22-1.6_G.snv.bam	0.0614634146341	0.0439024390244	0.0458536585366	0.0448780487805	0.0312195121951	0.0321951219512	0.0	0.0419512195122	0.0409756097561	0.0858536585366	0.0780487804878	0.0614634146341	0.0478048780488	0.0468292682927
TARA_066_DCM_0.22-3_G.snv.bam	0.0107317073171	0.00975609756098	0.0136585365854	0.0165853658537	0.0156097560976	0.0156097560976	0.0419512195122	0.0	0.000975609756098	0.0468292682927	0.030243902439	0.0117073170732	0.0019512195122	0.00292682926829
TARA_066_SRF_0.22-3_G.snv.bam	0.0126829268293	0.00585365853659	0.00780487804878	0.00975609756098	0.0117073170732	0.00780487804878	0.0409756097561	0.000975609756098	0.0	0.0517073170732	0.0321951219512	0.0107317073171	0.0019512195122	0.0019512195122
TARA_132_DCM_0.22-3_G.snv.bam	0.0156097560976	0.0409756097561	0.0634146341463	0.0585365853659	0.0624390243902	0.0653658536585	0.0858536585366	0.0468292682927	0.0517073170732	0.0	0.020487804878	0.0585365853659	0.0556097560976	0.0565853658537
TARA_133_SRF_0.22-3_G.snv.bam	0.0253658536585	0.0439024390244	0.0556097560976	0.0526829268293	0.0526829268293	0.0614634146341	0.0780487804878	0.030243902439	0.0321951219512	0.020487804878	0.0	0.0517073170732	0.0458536585366	0.0429268292683
TARA_151_DCM_0.22-3_G.snv.bam	0.0107317073171	0.019512195122	0.0282926829268	0.0282926829268	0.030243902439	0.0282926829268	0.0614634146341	0.0117073170732	0.0107317073171	0.0585365853659	0.0517073170732	0.0	0.0	0.0
TARA_152_MIX_0.22-3_G.snv.bam	0.00487804878049	0.00487804878049	0.0117073170732	0.0156097560976	0.0175609756098	0.0136585365854	0.0478048780488	0.0019512195122	0.0019512195122	0.0556097560976	0.0458536585366	0.0	0.0	0.0
TARA_152_SRF_0.22-3_G.snv.bam	0.00585365853659	0.00682926829268	0.0126829268293	0.0146341463415	0.0165853658537	0.0146341463415	0.0468292682927	0.00292682926829	0.0019512195122	0.0565853658537	0.0429268292683	0.0	0.0	0.0
