	TARA_065_MES_0.22-3_G.snv.bam	TARA_068_MES_0.22-3_G.snv.bam	TARA_098_MES_0.22-3_G.snv.bam	TARA_102_MES_0.22-3_G.snv.bam	TARA_109_MES_0.22-3_G.snv.bam	TARA_111_MES_0.22-3_G.snv.bam	TARA_122_MES_0.22-3_G.snv.bam	TARA_132_MES_0.22-3_G.snv.bam	TARA_133_MES_0.22-3_G.snv.bam	TARA_149_MES_0.22-3_G.snv.bam	TARA_152_MES_0.22-3_G.snv.bam
TARA_065_MES_0.22-3_G.snv.bam	0.0	0.047597767052	0.0603527625843	0.0939253324852	0.0857864158509	0.092813586443	0.137211485762	0.0528375477007	0.187027384799	0.0557906225042	0.049677548062
TARA_068_MES_0.22-3_G.snv.bam	0.047597767052	0.0	0.0563343882129	0.0971569407982	0.0840957777264	0.0960987965546	0.14120506245	0.0476839173458	0.189740127393	0.0543066868289	0.0432452048643
TARA_098_MES_0.22-3_G.snv.bam	0.0603527625843	0.0563343882129	0.0	0.0963904689635	0.0882637197921	0.0975836800492	0.139520775755	0.0605506440015	0.18651275569	0.0618449474137	0.0592516566784
TARA_102_MES_0.22-3_G.snv.bam	0.0939253324852	0.0971569407982	0.0963904689635	0.0	0.0735071936627	0.0696542146669	0.108742511876	0.0938381042929	0.1537427741	0.103286985418	0.104907288631
TARA_109_MES_0.22-3_G.snv.bam	0.0857864158509	0.0840957777264	0.0882637197921	0.0735071936627	0.0	0.0676216456263	0.136326401354	0.0859570871239	0.181278854379	0.0890488924897	0.0899625755364
TARA_111_MES_0.22-3_G.snv.bam	0.092813586443	0.0960987965546	0.0975836800492	0.0696542146669	0.0676216456263	0.0	0.132449676758	0.0979383922983	0.175481750629	0.103402531952	0.102250744109
TARA_122_MES_0.22-3_G.snv.bam	0.137211485762	0.14120506245	0.139520775755	0.108742511876	0.136326401354	0.132449676758	0.0	0.135498186926	0.0962975347293	0.143345157262	0.144561262716
TARA_132_MES_0.22-3_G.snv.bam	0.0528375477007	0.0476839173458	0.0605506440015	0.0938381042929	0.0859570871239	0.0979383922983	0.135498186926	0.0	0.183596016492	0.0559411892824	0.0467039686131
TARA_133_MES_0.22-3_G.snv.bam	0.187027384799	0.189740127393	0.18651275569	0.1537427741	0.181278854379	0.175481750629	0.0962975347293	0.183596016492	0.0	0.192963161723	0.195871351687
TARA_149_MES_0.22-3_G.snv.bam	0.0557906225042	0.0543066868289	0.0618449474137	0.103286985418	0.0890488924897	0.103402531952	0.143345157262	0.0559411892824	0.192963161723	0.0	0.0472646119408
TARA_152_MES_0.22-3_G.snv.bam	0.049677548062	0.0432452048643	0.0592516566784	0.104907288631	0.0899625755364	0.102250744109	0.144561262716	0.0467039686131	0.195871351687	0.0472646119408	0.0
