	TARA_034_DCM_0.22-1.6_G.snv.bam	TARA_041_DCM_0.22-1.6_G.snv.bam	TARA_064_SRF_0.22-3_G.snv.bam	TARA_065_DCM_0.22-3_G.snv.bam	TARA_065_SRF_0.22-3_G.snv.bam	TARA_072_DCM_0.22-3_G.snv.bam	TARA_078_DCM_0.22-3_G.snv.bam	TARA_098_DCM_0.22-3_G.snv.bam	TARA_100_DCM_0.22-3_G.snv.bam	TARA_111_DCM_0.22-3_G.snv.bam	TARA_112_DCM_0.22-3_G.snv.bam	TARA_122_DCM_0.22-3_G.snv.bam	TARA_123_MIX_0.22-3_G.snv.bam	TARA_125_MIX_0.22-3_G.snv.bam	TARA_132_DCM_0.22-3_G.snv.bam	TARA_138_DCM_0.22-3_G.snv.bam	TARA_142_DCM_0.22-3_G.snv.bam	TARA_142_SRF_0.22-3_G.snv.bam	TARA_146_SRF_0.22-3_G.snv.bam	TARA_148_SRF_0.22-3_G.snv.bam	TARA_148b_MES_0.22-3_G.snv.bam	TARA_149_SRF_0.22-3_G.snv.bam
TARA_034_DCM_0.22-1.6_G.snv.bam	0.0	0.0601163268083	0.0737986217462	0.0800068683572	0.0765806581127	0.0996522968462	0.0974635716052	0.111217314355	0.099823866146	0.105272843192	0.0896172944508	0.10539523326	0.108273217583	0.103209215413	0.11500060035	0.0890101408003	0.073518552412	0.073560965648	0.0811553034414	0.078549327625	0.0787145104909	0.0836990812825
TARA_041_DCM_0.22-1.6_G.snv.bam	0.0601163268083	0.0	0.0717783473611	0.0765777371548	0.0765168199887	0.0984591508543	0.100207374296	0.111047896051	0.101484241766	0.103023295731	0.0908784157553	0.10714148771	0.109293239124	0.102385111277	0.114368904459	0.0910949208274	0.073888615316	0.0734400473109	0.0801389598392	0.0760320711263	0.0791707154089	0.0840284781135
TARA_064_SRF_0.22-3_G.snv.bam	0.0737986217462	0.0717783473611	0.0	0.0628439117602	0.0629266155397	0.0726470068027	0.0754008638731	0.0844750495248	0.0742353970243	0.0742235166977	0.0703397909735	0.0826581830454	0.084091406229	0.0778782375145	0.0868178298151	0.0774284018036	0.0728240945211	0.0725866961741	0.0706388629112	0.0708520779401	0.0705128833639	0.070364510662
TARA_065_DCM_0.22-3_G.snv.bam	0.0800068683572	0.0765777371548	0.0628439117602	0.0	0.0699039982163	0.0881103360931	0.0889956385303	0.0941831909944	0.0867628176409	0.087577161726	0.0838599625649	0.0948291722774	0.0932932225764	0.0900893741777	0.102303217776	0.0887321922754	0.0831059187429	0.0811159761261	0.0798973033923	0.0784922454056	0.0812447524818	0.0837482532838
TARA_065_SRF_0.22-3_G.snv.bam	0.0765806581127	0.0765168199887	0.0629266155397	0.0699039982163	0.0	0.0873964773104	0.0835982894873	0.0957621644152	0.0881785880629	0.0878114899306	0.079907478385	0.0918911902948	0.0947816250503	0.0900905107661	0.100204192195	0.0882199767736	0.0785711314979	0.0765482237206	0.0761749905015	0.0745696971279	0.0714879098154	0.0762595688774
TARA_072_DCM_0.22-3_G.snv.bam	0.0996522968462	0.0984591508543	0.0726470068027	0.0881103360931	0.0873964773104	0.0	0.0607764645032	0.0724521979157	0.0606502502303	0.0686017159195	0.0678722987374	0.0624069675642	0.0733302081402	0.069190013576	0.077119637551	0.0813027828123	0.0966445654759	0.0953638506422	0.098863504789	0.0985671333158	0.0922126668944	0.0996548259325
TARA_078_DCM_0.22-3_G.snv.bam	0.0974635716052	0.100207374296	0.0754008638731	0.0889956385303	0.0835982894873	0.0607764645032	0.0	0.072230039525	0.0595533930727	0.0661194774291	0.0648704675863	0.063837948732	0.0769138962761	0.0680521218428	0.0746160440792	0.0803679111133	0.0968137460066	0.0961079752284	0.100377025773	0.0989972993757	0.0945099760241	0.100611518395
TARA_098_DCM_0.22-3_G.snv.bam	0.111217314355	0.111047896051	0.0844750495248	0.0941831909944	0.0957621644152	0.0724521979157	0.072230039525	0.0	0.0588080518986	0.0537118489677	0.0570228881772	0.0536189951274	0.0533035258918	0.0512884477759	0.0825708782053	0.0954238926842	0.107251361485	0.107055293829	0.10793682071	0.108971884438	0.104576446653	0.108109586028
TARA_100_DCM_0.22-3_G.snv.bam	0.099823866146	0.101484241766	0.0742353970243	0.0867628176409	0.0881785880629	0.0606502502303	0.0595533930727	0.0588080518986	0.0	0.0391713060287	0.0624393896062	0.0510353206139	0.0649463194943	0.0563712347776	0.0673674731955	0.0815651733522	0.09892127765	0.0966152289819	0.102478883721	0.100844918578	0.0967704760017	0.100135661948
TARA_111_DCM_0.22-3_G.snv.bam	0.105272843192	0.103023295731	0.0742235166977	0.087577161726	0.0878114899306	0.0686017159195	0.0661194774291	0.0537118489677	0.0391713060287	0.0	0.0614605071318	0.0606279787137	0.0550240657652	0.055001654211	0.0688819796934	0.0872163063063	0.100587259927	0.0986236847761	0.0991891646931	0.0983824130078	0.0971817213646	0.0982259536237
TARA_112_DCM_0.22-3_G.snv.bam	0.0896172944508	0.0908784157553	0.0703397909735	0.0838599625649	0.079907478385	0.0678722987374	0.0648704675863	0.0570228881772	0.0624393896062	0.0614605071318	0.0	0.0545031935316	0.0630984624685	0.0579517106013	0.0806876996119	0.0809403944158	0.0870548656653	0.0863047061684	0.0919158368537	0.0912705900179	0.0870614992457	0.0936237921713
TARA_122_DCM_0.22-3_G.snv.bam	0.10539523326	0.10714148771	0.0826581830454	0.0948291722774	0.0918911902948	0.0624069675642	0.063837948732	0.0536189951274	0.0510353206139	0.0606279787137	0.0545031935316	0.0	0.0582352693464	0.0491463327706	0.0792856674441	0.0902759286773	0.105105765779	0.103914641115	0.108771708179	0.108102654239	0.102349877196	0.107858128617
TARA_123_MIX_0.22-3_G.snv.bam	0.108273217583	0.109293239124	0.084091406229	0.0932932225764	0.0947816250503	0.0733302081402	0.0769138962761	0.0533035258918	0.0649463194943	0.0550240657652	0.0630984624685	0.0582352693464	0.0	0.0511697170493	0.0845751030873	0.0989092596276	0.109922898202	0.107741227728	0.110911132387	0.108831132287	0.106966832147	0.111542996986
TARA_125_MIX_0.22-3_G.snv.bam	0.103209215413	0.102385111277	0.0778782375145	0.0900893741777	0.0900905107661	0.069190013576	0.0680521218428	0.0512884477759	0.0563712347776	0.055001654211	0.0579517106013	0.0491463327706	0.0511697170493	0.0	0.0796191122638	0.0927842308135	0.101047736633	0.10027435135	0.104013923799	0.103650148195	0.100401536452	0.104485938901
TARA_132_DCM_0.22-3_G.snv.bam	0.11500060035	0.114368904459	0.0868178298151	0.102303217776	0.100204192195	0.077119637551	0.0746160440792	0.0825708782053	0.0673674731955	0.0688819796934	0.0806876996119	0.0792856674441	0.0845751030873	0.0796191122638	0.0	0.095041593137	0.111058584618	0.112529113829	0.112596662983	0.112111447059	0.108449190397	0.109558799097
TARA_138_DCM_0.22-3_G.snv.bam	0.0890101408003	0.0910949208274	0.0774284018036	0.0887321922754	0.0882199767736	0.0813027828123	0.0803679111133	0.0954238926842	0.0815651733522	0.0872163063063	0.0809403944158	0.0902759286773	0.0989092596276	0.0927842308135	0.095041593137	0.0	0.0882470621949	0.0876206641823	0.087265113263	0.09082009977	0.0894468799904	0.0919463052712
TARA_142_DCM_0.22-3_G.snv.bam	0.073518552412	0.073888615316	0.0728240945211	0.0831059187429	0.0785711314979	0.0966445654759	0.0968137460066	0.107251361485	0.09892127765	0.100587259927	0.0870548656653	0.105105765779	0.109922898202	0.101047736633	0.111058584618	0.0882470621949	0.0	0.0365654308385	0.0501494761562	0.052983106995	0.0645874651595	0.0563986602486
TARA_142_SRF_0.22-3_G.snv.bam	0.073560965648	0.0734400473109	0.0725866961741	0.0811159761261	0.0765482237206	0.0953638506422	0.0961079752284	0.107055293829	0.0966152289819	0.0986236847761	0.0863047061684	0.103914641115	0.107741227728	0.10027435135	0.112529113829	0.0876206641823	0.0365654308385	0.0	0.0488176194607	0.0490477997145	0.0664890874788	0.0553674486834
TARA_146_SRF_0.22-3_G.snv.bam	0.0811553034414	0.0801389598392	0.0706388629112	0.0798973033923	0.0761749905015	0.098863504789	0.100377025773	0.10793682071	0.102478883721	0.0991891646931	0.0919158368537	0.108771708179	0.110911132387	0.104013923799	0.112596662983	0.087265113263	0.0501494761562	0.0488176194607	0.0	0.0419938356656	0.0599534191546	0.050892459136
TARA_148_SRF_0.22-3_G.snv.bam	0.078549327625	0.0760320711263	0.0708520779401	0.0784922454056	0.0745696971279	0.0985671333158	0.0989972993757	0.108971884438	0.100844918578	0.0983824130078	0.0912705900179	0.108102654239	0.108831132287	0.103650148195	0.112111447059	0.09082009977	0.052983106995	0.0490477997145	0.0419938356656	0.0	0.0573054360109	0.0508826583026
TARA_148b_MES_0.22-3_G.snv.bam	0.0787145104909	0.0791707154089	0.0705128833639	0.0812447524818	0.0714879098154	0.0922126668944	0.0945099760241	0.104576446653	0.0967704760017	0.0971817213646	0.0870614992457	0.102349877196	0.106966832147	0.100401536452	0.108449190397	0.0894468799904	0.0645874651595	0.0664890874788	0.0599534191546	0.0573054360109	0.0	0.0642972412314
TARA_149_SRF_0.22-3_G.snv.bam	0.0836990812825	0.0840284781135	0.070364510662	0.0837482532838	0.0762595688774	0.0996548259325	0.100611518395	0.108109586028	0.100135661948	0.0982259536237	0.0936237921713	0.107858128617	0.111542996986	0.104485938901	0.109558799097	0.0919463052712	0.0563986602486	0.0553674486834	0.050892459136	0.0508826583026	0.0642972412314	0.0
