	TARA_031_SRF_0.22-1.6_G.snv.bam	TARA_032_SRF_0.22-1.6_G.snv.bam	TARA_041_SRF_0.22-1.6_G.snv.bam	TARA_045_SRF_0.22-1.6_G.snv.bam	TARA_048_SRF_0.22-1.6_G.snv.bam	TARA_056_SRF_0.22-3_G.snv.bam	TARA_064_SRF_0.22-3_G.snv.bam	TARA_072_SRF_0.22-3_G.snv.bam	TARA_078_SRF_0.22-3_G.snv.bam	TARA_112_SRF_0.22-3_G.snv.bam
TARA_031_SRF_0.22-1.6_G.snv.bam	0.0	0.0349441254745	0.0437544039791	0.0428375938608	0.0435472951065	0.0438398140081	0.0412904983197	0.0437600243641	0.0476619685924	0.060047897961
TARA_032_SRF_0.22-1.6_G.snv.bam	0.0349441254745	0.0	0.0409024009482	0.0412168555649	0.0400734753052	0.0439447277185	0.0428487921731	0.0418539861157	0.04847830605	0.0605277190042
TARA_041_SRF_0.22-1.6_G.snv.bam	0.0437544039791	0.0409024009482	0.0	0.0386721837429	0.041410895654	0.0395345746937	0.0401407499155	0.0444556964191	0.0484878985065	0.05916469868
TARA_045_SRF_0.22-1.6_G.snv.bam	0.0428375938608	0.0412168555649	0.0386721837429	0.0	0.0341724278377	0.039672214045	0.0394449394178	0.0414228926867	0.0491816434095	0.059573027676
TARA_048_SRF_0.22-1.6_G.snv.bam	0.0435472951065	0.0400734753052	0.041410895654	0.0341724278377	0.0	0.0411725941282	0.0407105409845	0.0380689111564	0.0472291579964	0.0566095524939
TARA_056_SRF_0.22-3_G.snv.bam	0.0438398140081	0.0439447277185	0.0395345746937	0.039672214045	0.0411725941282	0.0	0.0399499471039	0.0421307720131	0.0485039381868	0.0575631875778
TARA_064_SRF_0.22-3_G.snv.bam	0.0412904983197	0.0428487921731	0.0401407499155	0.0394449394178	0.0407105409845	0.0399499471039	0.0	0.0430391229635	0.0479763216075	0.0570266658931
TARA_072_SRF_0.22-3_G.snv.bam	0.0437600243641	0.0418539861157	0.0444556964191	0.0414228926867	0.0380689111564	0.0421307720131	0.0430391229635	0.0	0.046270021038	0.0565506262009
TARA_078_SRF_0.22-3_G.snv.bam	0.0476619685924	0.04847830605	0.0484878985065	0.0491816434095	0.0472291579964	0.0485039381868	0.0479763216075	0.046270021038	0.0	0.0613912879087
TARA_112_SRF_0.22-3_G.snv.bam	0.060047897961	0.0605277190042	0.05916469868	0.059573027676	0.0566095524939	0.0575631875778	0.0570266658931	0.0565506262009	0.0613912879087	0.0
