	TARA_052_DCM_0.22-1.6_G.snv.bam	TARA_052_SRF_0.22-1.6_G.snv.bam	TARA_056_SRF_0.22-3_G.snv.bam	TARA_062_SRF_0.22-3_G.snv.bam	TARA_064_SRF_0.22-3_G.snv.bam	TARA_076_SRF_0.22-3_G.snv.bam	TARA_078_DCM_0.22-3_G.snv.bam	TARA_078_SRF_0.22-3_G.snv.bam	TARA_098_SRF_0.22-3_G.snv.bam	TARA_099_SRF_0.22-3_G.snv.bam	TARA_112_SRF_0.22-3_G.snv.bam	TARA_132_SRF_0.22-3_G.snv.bam	TARA_150_DCM_0.22-3_G.snv.bam	TARA_150_SRF_0.22-3_G.snv.bam
TARA_052_DCM_0.22-1.6_G.snv.bam	0.0	0.0	0.0	0.0	0.0	0.00556586270872	0.000927643784787	0.000927643784787	0.0287569573284	0.0148423005566	0.0120593692022	0.012987012987	0.000927643784787	0.00278293135436
TARA_052_SRF_0.22-1.6_G.snv.bam	0.0	0.0	0.0	0.0	0.0	0.00834879406308	0.00278293135436	0.00649350649351	0.030612244898	0.0176252319109	0.012987012987	0.0139146567718	0.00185528756957	0.00278293135436
TARA_056_SRF_0.22-3_G.snv.bam	0.0	0.0	0.0	0.0	0.0	0.00927643784787	0.00185528756957	0.00556586270872	0.025974025974	0.0166975881262	0.00927643784787	0.0148423005566	0.00185528756957	0.00278293135436
TARA_062_SRF_0.22-3_G.snv.bam	0.0	0.0	0.0	0.0	0.0	0.0102040816327	0.00185528756957	0.00556586270872	0.025974025974	0.0176252319109	0.0120593692022	0.0157699443414	0.000927643784787	0.00278293135436
TARA_064_SRF_0.22-3_G.snv.bam	0.0	0.0	0.0	0.0	0.0	0.00278293135436	0.00185528756957	0.0	0.0231910946197	0.012987012987	0.00742115027829	0.00834879406308	0.000927643784787	0.00185528756957
TARA_076_SRF_0.22-3_G.snv.bam	0.00556586270872	0.00834879406308	0.00927643784787	0.0102040816327	0.00278293135436	0.0	0.00371057513915	0.000927643784787	0.0213358070501	0.00278293135436	0.00556586270872	0.0	0.00556586270872	0.00463821892393
TARA_078_DCM_0.22-3_G.snv.bam	0.000927643784787	0.00278293135436	0.00185528756957	0.00185528756957	0.00185528756957	0.00371057513915	0.0	0.00185528756957	0.0231910946197	0.012987012987	0.012987012987	0.00649350649351	0.00278293135436	0.00278293135436
TARA_078_SRF_0.22-3_G.snv.bam	0.000927643784787	0.00649350649351	0.00556586270872	0.00556586270872	0.0	0.000927643784787	0.00185528756957	0.0	0.0213358070501	0.00649350649351	0.00556586270872	0.000927643784787	0.000927643784787	0.00371057513915
TARA_098_SRF_0.22-3_G.snv.bam	0.0287569573284	0.030612244898	0.025974025974	0.025974025974	0.0231910946197	0.0213358070501	0.0231910946197	0.0213358070501	0.0	0.00927643784787	0.0120593692022	0.025974025974	0.0213358070501	0.0213358070501
TARA_099_SRF_0.22-3_G.snv.bam	0.0148423005566	0.0176252319109	0.0166975881262	0.0176252319109	0.012987012987	0.00278293135436	0.012987012987	0.00649350649351	0.00927643784787	0.0	0.00371057513915	0.00834879406308	0.0157699443414	0.0111317254174
TARA_112_SRF_0.22-3_G.snv.bam	0.0120593692022	0.012987012987	0.00927643784787	0.0120593692022	0.00742115027829	0.00556586270872	0.012987012987	0.00556586270872	0.0120593692022	0.00371057513915	0.0	0.0111317254174	0.0111317254174	0.00927643784787
TARA_132_SRF_0.22-3_G.snv.bam	0.012987012987	0.0139146567718	0.0148423005566	0.0157699443414	0.00834879406308	0.0	0.00649350649351	0.000927643784787	0.025974025974	0.00834879406308	0.0111317254174	0.0	0.00834879406308	0.00742115027829
TARA_150_DCM_0.22-3_G.snv.bam	0.000927643784787	0.00185528756957	0.00185528756957	0.000927643784787	0.000927643784787	0.00556586270872	0.00278293135436	0.000927643784787	0.0213358070501	0.0157699443414	0.0111317254174	0.00834879406308	0.0	0.000927643784787
TARA_150_SRF_0.22-3_G.snv.bam	0.00278293135436	0.00278293135436	0.00278293135436	0.00278293135436	0.00185528756957	0.00463821892393	0.00278293135436	0.00371057513915	0.0213358070501	0.0111317254174	0.00927643784787	0.00742115027829	0.000927643784787	0.0
