	TARA_031_SRF_0.22-1.6_G.snv.bam	TARA_032_SRF_0.22-1.6_G.snv.bam	TARA_041_SRF_0.22-1.6_G.snv.bam	TARA_045_SRF_0.22-1.6_G.snv.bam	TARA_048_SRF_0.22-1.6_G.snv.bam	TARA_056_SRF_0.22-3_G.snv.bam	TARA_064_SRF_0.22-3_G.snv.bam	TARA_072_MES_0.22-3_G.snv.bam	TARA_072_SRF_0.22-3_G.snv.bam	TARA_112_SRF_0.22-3_G.snv.bam	TARA_138_SRF_0.22-3_G.snv.bam
TARA_031_SRF_0.22-1.6_G.snv.bam	0.0	0.0	0.0	0.000477783086479	0.000955566172957	0.000955566172957	0.0	0.0	0.000955566172957	0.00525561395127	0.00430004777831
TARA_032_SRF_0.22-1.6_G.snv.bam	0.0	0.0	0.000477783086479	0.00143334925944	0.00191113234591	0.000955566172957	0.000477783086479	0.000477783086479	0.00191113234591	0.0066889632107	0.00477783086479
TARA_041_SRF_0.22-1.6_G.snv.bam	0.0	0.000477783086479	0.0	0.000477783086479	0.000955566172957	0.000477783086479	0.0	0.0	0.0	0.00716674629718	0.00430004777831
TARA_045_SRF_0.22-1.6_G.snv.bam	0.000477783086479	0.00143334925944	0.000477783086479	0.0	0.0	0.0	0.000955566172957	0.0	0.0	0.0090778786431	0.00286669851887
TARA_048_SRF_0.22-1.6_G.snv.bam	0.000955566172957	0.00191113234591	0.000955566172957	0.0	0.0	0.000477783086479	0.000955566172957	0.000477783086479	0.0	0.00621118012422	0.00286669851887
TARA_056_SRF_0.22-3_G.snv.bam	0.000955566172957	0.000955566172957	0.000477783086479	0.0	0.000477783086479	0.0	0.000477783086479	0.000955566172957	0.000955566172957	0.00812231247014	0.00238891543239
TARA_064_SRF_0.22-3_G.snv.bam	0.0	0.000477783086479	0.0	0.000955566172957	0.000955566172957	0.000477783086479	0.0	0.000477783086479	0.00191113234591	0.00525561395127	0.00430004777831
TARA_072_MES_0.22-3_G.snv.bam	0.0	0.000477783086479	0.0	0.0	0.000477783086479	0.000955566172957	0.000477783086479	0.0	0.000955566172957	0.00525561395127	0.00143334925944
TARA_072_SRF_0.22-3_G.snv.bam	0.000955566172957	0.00191113234591	0.0	0.0	0.0	0.000955566172957	0.00191113234591	0.000955566172957	0.0	0.00716674629718	0.00286669851887
TARA_112_SRF_0.22-3_G.snv.bam	0.00525561395127	0.0066889632107	0.00716674629718	0.0090778786431	0.00621118012422	0.00812231247014	0.00525561395127	0.00525561395127	0.00716674629718	0.0	0.011944577162
TARA_138_SRF_0.22-3_G.snv.bam	0.00430004777831	0.00477783086479	0.00430004777831	0.00286669851887	0.00286669851887	0.00238891543239	0.00430004777831	0.00143334925944	0.00286669851887	0.011944577162	0.0
