	TARA_031_SRF_0.22-1.6_G.snv.bam	TARA_032_SRF_0.22-1.6_G.snv.bam	TARA_041_SRF_0.22-1.6_G.snv.bam	TARA_045_SRF_0.22-1.6_G.snv.bam	TARA_048_SRF_0.22-1.6_G.snv.bam	TARA_056_SRF_0.22-3_G.snv.bam	TARA_064_SRF_0.22-3_G.snv.bam	TARA_072_MES_0.22-3_G.snv.bam	TARA_072_SRF_0.22-3_G.snv.bam	TARA_112_SRF_0.22-3_G.snv.bam	TARA_138_SRF_0.22-3_G.snv.bam
TARA_031_SRF_0.22-1.6_G.snv.bam	0.0	0.031326918935	0.0417887036074	0.0425374494811	0.0431118415032	0.0419867305387	0.0419641717636	0.046415091995	0.0430129278825	0.0587222569809	0.0473915717656
TARA_032_SRF_0.22-1.6_G.snv.bam	0.031326918935	0.0	0.040733683158	0.0418981624156	0.0423677108613	0.0421480870361	0.0423450268453	0.0444127689764	0.0409488605611	0.0556168075665	0.0452205597655
TARA_041_SRF_0.22-1.6_G.snv.bam	0.0417887036074	0.040733683158	0.0	0.0361719196799	0.0385387026941	0.0367632378697	0.0402855308913	0.0448403313477	0.0415921063011	0.0562252469342	0.0445876660551
TARA_045_SRF_0.22-1.6_G.snv.bam	0.0425374494811	0.0418981624156	0.0361719196799	0.0	0.0353202272217	0.0364089637701	0.0399435534439	0.0464189515543	0.0393971958797	0.0567395607946	0.045374652191
TARA_048_SRF_0.22-1.6_G.snv.bam	0.0431118415032	0.0423677108613	0.0385387026941	0.0353202272217	0.0	0.0386229289126	0.0415303126514	0.0424135677455	0.0382296423072	0.0556615293533	0.0401473325289
TARA_056_SRF_0.22-3_G.snv.bam	0.0419867305387	0.0421480870361	0.0367632378697	0.0364089637701	0.0386229289126	0.0	0.0411683816165	0.0442550923695	0.0395993165336	0.056477414036	0.0413738437379
TARA_064_SRF_0.22-3_G.snv.bam	0.0419641717636	0.0423450268453	0.0402855308913	0.0399435534439	0.0415303126514	0.0411683816165	0.0	0.0469980457484	0.0442004637715	0.0552873262356	0.0481163250811
TARA_072_MES_0.22-3_G.snv.bam	0.046415091995	0.0444127689764	0.0448403313477	0.0464189515543	0.0424135677455	0.0442550923695	0.0469980457484	0.0	0.036478080729	0.0563913609453	0.0410290261909
TARA_072_SRF_0.22-3_G.snv.bam	0.0430129278825	0.0409488605611	0.0415921063011	0.0393971958797	0.0382296423072	0.0395993165336	0.0442004637715	0.036478080729	0.0	0.0520354783373	0.0363193177008
TARA_112_SRF_0.22-3_G.snv.bam	0.0587222569809	0.0556168075665	0.0562252469342	0.0567395607946	0.0556615293533	0.056477414036	0.0552873262356	0.0563913609453	0.0520354783373	0.0	0.0544948972721
TARA_138_SRF_0.22-3_G.snv.bam	0.0473915717656	0.0452205597655	0.0445876660551	0.045374652191	0.0401473325289	0.0413738437379	0.0481163250811	0.0410290261909	0.0363193177008	0.0544948972721	0.0
