	TARA_004_SRF_0.22-1.6_G.freeze11.snv.mod.fix.bam	TARA_009_DCM_0.22-1.6_G.freeze11.snv.mod.fix.bam	TARA_018_DCM_0.22-1.6_G.freeze11.snv.mod.fix.bam	TARA_023_DCM_0.22-1.6_G.freeze11.snv.mod.fix.bam	TARA_025_DCM_0.22-1.6_G.freeze11.snv.mod.fix.bam	TARA_025_SRF_0.22-1.6_G.freeze11.snv.mod.fix.bam	TARA_094_SRF_0.22-3_G.freeze11.snv.mod.fix.bam	TARA_133_SRF_0.22-3_G.freeze11.snv.mod.fix.bam
TARA_004_SRF_0.22-1.6_G.freeze11.snv.mod.fix.bam	0.0	0.045869290341	0.0464224993708	0.0510139260953	0.0482176193508	0.0497409913082	0.0646846731027	0.0567286009693
TARA_009_DCM_0.22-1.6_G.freeze11.snv.mod.fix.bam	0.045869290341	0.0	0.0437568402353	0.0432517526142	0.0433763368998	0.0469819966238	0.067738097699	0.0499695275893
TARA_018_DCM_0.22-1.6_G.freeze11.snv.mod.fix.bam	0.0464224993708	0.0437568402353	0.0	0.049153349342	0.0452035852273	0.0474512569483	0.0673684391595	0.0576981702073
TARA_023_DCM_0.22-1.6_G.freeze11.snv.mod.fix.bam	0.0510139260953	0.0432517526142	0.049153349342	0.0	0.0439061288756	0.0454677228179	0.0693267246299	0.0500987832247
TARA_025_DCM_0.22-1.6_G.freeze11.snv.mod.fix.bam	0.0482176193508	0.0433763368998	0.0452035852273	0.0439061288756	0.0	0.043464072189	0.0681733607553	0.0553977593548
TARA_025_SRF_0.22-1.6_G.freeze11.snv.mod.fix.bam	0.0497409913082	0.0469819966238	0.0474512569483	0.0454677228179	0.043464072189	0.0	0.0681890329955	0.0568092457098
TARA_094_SRF_0.22-3_G.freeze11.snv.mod.fix.bam	0.0646846731027	0.067738097699	0.0673684391595	0.0693267246299	0.0681733607553	0.0681890329955	0.0	0.0662562392988
TARA_133_SRF_0.22-3_G.freeze11.snv.mod.fix.bam	0.0567286009693	0.0499695275893	0.0576981702073	0.0500987832247	0.0553977593548	0.0568092457098	0.0662562392988	0.0
