	TARA_007_DCM_0.22-1.6_G.freeze11.snv.mod.fix.bam	TARA_007_SRF_0.22-1.6_G.freeze11.snv.mod.fix.bam	TARA_009_SRF_0.22-1.6_G.freeze11.snv.mod.fix.bam	TARA_023_DCM_0.22-1.6_G.freeze11.snv.mod.fix.bam	TARA_023_SRF_0.22-1.6_G.freeze11.snv.mod.fix.bam	TARA_025_SRF_0.22-1.6_G.freeze11.snv.mod.fix.bam	TARA_030_DCM_0.22-1.6_G.freeze11.snv.mod.fix.bam	TARA_030_SRF_0.22-1.6_G.freeze11.snv.mod.fix.bam	TARA_066_SRF_0.22-3_G.freeze11.snv.mod.fix.bam	TARA_140_SRF_0.22-3_G.freeze11.snv.mod.fix.bam	TARA_141_SRF_0.22-3_G.freeze11.snv.mod.fix.bam
TARA_007_DCM_0.22-1.6_G.freeze11.snv.mod.fix.bam	0.0	0.00738791152976	0.0881931938865	0.0702313339798	0.0637207369442	0.0685690538856	0.10070646904	0.101445260193	0.0205476289421	0.0518539040495	0.0292745994367
TARA_007_SRF_0.22-1.6_G.freeze11.snv.mod.fix.bam	0.00738791152976	0.0	0.0293669483308	0.0180080343538	0.0163457542596	0.0210555478598	0.0489449138847	0.0503763217435	0.0344923119546	0.0579027566145	0.0200858844715
TARA_009_SRF_0.22-1.6_G.freeze11.snv.mod.fix.bam	0.0881931938865	0.0293669483308	0.0	0.000784965600037	0.00300133905896	0.00983515722399	0.00350925797664	0.00669529482384	0.0692154961444	0.124440134829	0.0789583044743
TARA_023_DCM_0.22-1.6_G.freeze11.snv.mod.fix.bam	0.0702313339798	0.0180080343538	0.000784965600037	0.0	0.000184697788244	0.00115436117652	0.00604885256499	0.00692616705915	0.0543011497437	0.110911021841	0.0609964445676
TARA_023_SRF_0.22-1.6_G.freeze11.snv.mod.fix.bam	0.0637207369442	0.0163457542596	0.00300133905896	0.000184697788244	0.0	0.000323221129427	0.0107586461652	0.0103430761417	0.0507918917671	0.104400424805	0.052962090779
TARA_025_SRF_0.22-1.6_G.freeze11.snv.mod.fix.bam	0.0685690538856	0.0210555478598	0.00983515722399	0.00115436117652	0.000323221129427	0.0	0.0236874913423	0.0176848132244	0.0542549752967	0.110172230688	0.0554555109203
TARA_030_DCM_0.22-1.6_G.freeze11.snv.mod.fix.bam	0.10070646904	0.0489449138847	0.00350925797664	0.00604885256499	0.0107586461652	0.0236874913423	0.0	0.00512536362377	0.0758184420742	0.136907235536	0.0912868818396
TARA_030_SRF_0.22-1.6_G.freeze11.snv.mod.fix.bam	0.101445260193	0.0503763217435	0.00669529482384	0.00692616705915	0.0103430761417	0.0176848132244	0.00512536362377	0.0	0.0744793831094	0.137923073371	0.0887472872512
TARA_066_SRF_0.22-3_G.freeze11.snv.mod.fix.bam	0.0205476289421	0.0344923119546	0.0692154961444	0.0543011497437	0.0507918917671	0.0542549752967	0.0758184420742	0.0744793831094	0.0	0.0301057394838	0.019716488895
TARA_140_SRF_0.22-3_G.freeze11.snv.mod.fix.bam	0.0518539040495	0.0579027566145	0.124440134829	0.110911021841	0.104400424805	0.110172230688	0.136907235536	0.137923073371	0.0301057394838	0.0	0.0432192824491
TARA_141_SRF_0.22-3_G.freeze11.snv.mod.fix.bam	0.0292745994367	0.0200858844715	0.0789583044743	0.0609964445676	0.052962090779	0.0554555109203	0.0912868818396	0.0887472872512	0.019716488895	0.0432192824491	0.0
