	TARA_031_SRF_0.22-1.6_G.freeze11.snv.mod.fix.bam	TARA_032_DCM_0.22-1.6_G.freeze11.snv.mod.fix.bam	TARA_032_SRF_0.22-1.6_G.freeze11.snv.mod.fix.bam	TARA_033_SRF_0.22-1.6_G.freeze11.snv.mod.fix.bam	TARA_041_SRF_0.22-1.6_G.freeze11.snv.mod.fix.bam	TARA_042_SRF_0.22-1.6_G.freeze11.snv.mod.fix.bam	TARA_045_SRF_0.22-1.6_G.freeze11.snv.mod.fix.bam	TARA_048_SRF_0.22-1.6_G.freeze11.snv.mod.fix.bam	TARA_052_DCM_0.22-1.6_G.freeze11.snv.mod.fix.bam	TARA_052_SRF_0.22-1.6_G.freeze11.snv.mod.fix.bam	TARA_056_SRF_0.22-3_G.freeze11.snv.mod.fix.bam	TARA_057_SRF_0.22-3_G.freeze11.snv.mod.fix.bam	TARA_058_DCM_0.22-3_G.freeze11.snv.mod.fix.bam	TARA_062_SRF_0.22-3_G.freeze11.snv.mod.fix.bam	TARA_064_DCM_0.22-3_G.freeze11.snv.mod.fix.bam	TARA_064_SRF_0.22-3_G.freeze11.snv.mod.fix.bam	TARA_065_DCM_0.22-3_G.freeze11.snv.mod.fix.bam	TARA_065_SRF_0.22-3_G.freeze11.snv.mod.fix.bam	TARA_072_MES_0.22-3_G.freeze11.snv.mod.fix.bam	TARA_072_SRF_0.22-3_G.freeze11.snv.mod.fix.bam	TARA_076_SRF_0.22-3_G.freeze11.snv.mod.fix.bam	TARA_078_SRF_0.22-3_G.freeze11.snv.mod.fix.bam	TARA_099_SRF_0.22-3_G.freeze11.snv.mod.fix.bam	TARA_100_SRF_0.22-3_G.freeze11.snv.mod.fix.bam	TARA_109_SRF_0.22-3_G.freeze11.snv.mod.fix.bam	TARA_111_SRF_0.22-3_G.freeze11.snv.mod.fix.bam	TARA_112_SRF_0.22-3_G.freeze11.snv.mod.fix.bam	TARA_122_SRF_0.22-3_G.freeze11.snv.mod.fix.bam	TARA_124_MIX_0.22-3_G.freeze11.snv.mod.fix.bam	TARA_124_SRF_0.22-3_G.freeze11.snv.mod.fix.bam	TARA_125_SRF_0.22-3_G.freeze11.snv.mod.fix.bam	TARA_132_SRF_0.22-3_G.freeze11.snv.mod.fix.bam	TARA_137_SRF_0.22-3_G.freeze11.snv.mod.fix.bam	TARA_138_SRF_0.22-3_G.freeze11.snv.mod.fix.bam	TARA_141_SRF_0.22-3_G.freeze11.snv.mod.fix.bam	TARA_142_DCM_0.22-3_G.freeze11.snv.mod.fix.bam	TARA_142_SRF_0.22-3_G.freeze11.snv.mod.fix.bam	TARA_146_SRF_0.22-3_G.freeze11.snv.mod.fix.bam	TARA_148_SRF_0.22-3_G.freeze11.snv.mod.fix.bam
TARA_031_SRF_0.22-1.6_G.freeze11.snv.mod.fix.bam	0.0	0.000288478608202	7.76673175928e-05	0.000488194567726	0.00545890289366	0.00590271613705	0.0063021480561	0.00595819279247	0.00774454109711	0.0091980294692	0.00566971418427	0.00549218888692	0.00646857802237	0.00720086987396	0.00914255281378	0.00573628617078	0.00670157997515	0.00666829398189	0.0093422687733	0.00795535238772	0.0158774187822	0.0159328954376	0.0498291319013	0.059881501864	0.0145348837209	0.0776895082549	0.056208947275	0.0523033907332	0.0453577134742	0.0508277116989	0.0515821942127	0.0177414344044	0.0158885141133	0.0115169536659	0.0135695899166	0.0121715781999	0.0125266287946	0.0182740102965	0.0173974791408
TARA_032_DCM_0.22-1.6_G.freeze11.snv.mod.fix.bam	0.000288478608202	0.0	0.000255192614948	0.00307340671046	0.00728963252263	0.00761139712409	0.00788878040121	0.00770015977277	0.00903159950293	0.0106515178413	0.00730072785372	0.00730072785372	0.00841026096219	0.00912036215161	0.0113727143618	0.00756701579975	0.00831040298242	0.00855450026629	0.0108068524765	0.00941993609089	0.0183738682762	0.0184071542695	0.0516709568614	0.0609688443103	0.0161548020593	0.0803301970531	0.0584834901473	0.0543671223149	0.0470552991301	0.0529580152672	0.0534905911592	0.0196165453577	0.0180521036748	0.0135141132611	0.0148788389846	0.0135141132611	0.0139357358424	0.0195832593645	0.0193613527428
TARA_032_SRF_0.22-1.6_G.freeze11.snv.mod.fix.bam	7.76673175928e-05	0.000255192614948	0.0	0.000432717912303	0.00556985620451	0.00619119474525	0.0064463873602	0.00604695544115	0.0076779691106	0.00910926682052	0.00589162080596	0.00555876087342	0.00690129593467	0.00771125510385	0.00965293804367	0.00614681342091	0.00692348659684	0.00720086987396	0.00940884075981	0.00815506834724	0.0166097106338	0.0166651872892	0.0509941416652	0.0607580330197	0.014801171667	0.0794536658974	0.0577179123025	0.053856737085	0.0466225812178	0.0520814841115	0.0526806319901	0.0183849636073	0.0166097106338	0.0117277649565	0.0138358778626	0.0124600568081	0.012970442038	0.0189397301615	0.017952245695
TARA_033_SRF_0.22-1.6_G.freeze11.snv.mod.fix.bam	0.000488194567726	0.00307340671046	0.000432717912303	0.0	0.0136916385585	0.0149232203089	0.0151118409373	0.0152116989171	0.0168538079176	0.0186956328777	0.0138691638558	0.0132700159773	0.0139912124978	0.0149454109711	0.0182407243032	0.0146569323629	0.014812266998	0.0151229362684	0.0193613527428	0.0180299130126	0.0279269483401	0.0272612284751	0.0591714006746	0.0661059826025	0.0234999112374	0.0874977809338	0.0673375643529	0.0629881945677	0.0555210367477	0.0616012781821	0.0619674241079	0.0292583880703	0.0258632167584	0.021491656311	0.0235553878928	0.022934049352	0.023189241967	0.0280711876442	0.028304189597
TARA_041_SRF_0.22-1.6_G.freeze11.snv.mod.fix.bam	0.00545890289366	0.00728963252263	0.00556985620451	0.0136916385585	0.0	0.0	2.21906621694e-05	0.00016642996627	0.000277383277117	0.00087653115569	6.65719865081e-05	6.65719865081e-05	0.000221906621694	0.000488194567726	0.0016642996627	0.000199715959524	0.000299573939286	0.000421622581218	0.00224125687911	0.00139801171667	0.0100967512871	0.0106404225102	0.0458348127108	0.058050772235	0.00624667140067	0.0743941949228	0.051626575537	0.0466003905557	0.0398100479318	0.0445255636428	0.0459235753595	0.0112284750577	0.00700115391443	0.00300683472395	0.00695677259009	0.00634652938044	0.00679034262382	0.0125155334635	0.0120384342269
TARA_042_SRF_0.22-1.6_G.freeze11.snv.mod.fix.bam	0.00590271613705	0.00761139712409	0.00619119474525	0.0149232203089	0.0	0.0	8.87626486774e-05	0.000210811290609	0.00052148056098	0.00126486774365	0.00018862062844	0.00016642996627	0.000643529202911	0.000998579797621	0.00247425883188	0.000410527250133	0.000499289898811	0.000732291851589	0.00248535416297	0.00132034439908	0.00943103142198	0.0103630392331	0.0456240014202	0.0578177702823	0.00700115391443	0.0745162435647	0.0514712409018	0.0468777738328	0.040220575182	0.0447696609267	0.046123291319	0.0110953310847	0.00828821232026	0.00356160127818	0.00712320255636	0.00589162080596	0.0063021480561	0.0127596307474	0.0124600568081
TARA_045_SRF_0.22-1.6_G.freeze11.snv.mod.fix.bam	0.0063021480561	0.00788878040121	0.0064463873602	0.0151118409373	2.21906621694e-05	8.87626486774e-05	0.0	4.43813243387e-05	4.43813243387e-05	0.00018862062844	5.54766554234e-05	5.54766554234e-05	0.000588052547488	0.0012315817504	0.00068791052725	3.3285993254e-05	0.000288478608202	0.000177525297355	0.00206373158175	0.00133143973016	0.00940884075981	0.0107735664832	0.0447807562578	0.0576624356471	0.00365036392686	0.0739503816794	0.0503284218001	0.0433272678857	0.0370362151607	0.0415187289189	0.0426171666963	0.0109399964495	0.00359488727144	0.000588052547488	0.00735620450914	0.00635762471152	0.00672377063732	0.0126153914433	0.0119718622404
TARA_048_SRF_0.22-1.6_G.freeze11.snv.mod.fix.bam	0.00595819279247	0.00770015977277	0.00604695544115	0.0152116989171	0.00016642996627	0.000210811290609	4.43813243387e-05	0.0	9.98579797621e-05	0.00018862062844	0.000110953310847	0.000233001952778	0.00087653115569	0.00139801171667	0.00138691638558	0.000133143973016	0.000510385229895	0.000776673175928	0.0018862062844	0.000998579797621	0.00857669092846	0.00979717734777	0.044414610332	0.0572075270726	0.00450470442038	0.0739060003551	0.0500732291852	0.0442148943724	0.0377241256879	0.0419181608379	0.0433494585478	0.0101189419492	0.00522590094088	0.00114281910172	0.00618009941417	0.00558095153559	0.00603586011007	0.0118054322741	0.0113727143618
TARA_052_DCM_0.22-1.6_G.freeze11.snv.mod.fix.bam	0.00774454109711	0.00903159950293	0.0076779691106	0.0168538079176	0.000277383277117	0.00052148056098	4.43813243387e-05	9.98579797621e-05	0.0	0.0	5.54766554234e-05	0.00018862062844	0.00147567903426	0.00264068879815	0.000954198473282	4.43813243387e-05	0.000466003905557	0.000654624533996	0.00224125687911	0.00124267708148	0.0097749866856	0.0102077045979	0.0436490324871	0.0565529025386	0.00270726078466	0.0727409905912	0.0493076513403	0.0422399254394	0.0356714894372	0.040231670513	0.0413522989526	0.0109732824427	0.00281821409551	0.000122048641931	0.00744496715782	0.00633543404935	0.00706772590094	0.0126264867744	0.0117166696254
TARA_052_SRF_0.22-1.6_G.freeze11.snv.mod.fix.bam	0.0091980294692	0.0106515178413	0.00910926682052	0.0186956328777	0.00087653115569	0.00126486774365	0.00018862062844	0.00018862062844	0.0	0.0	2.21906621694e-05	0.00018862062844	0.00194168293982	0.00351721995384	0.00100967512871	8.87626486774e-05	0.000643529202911	0.000920912480028	0.00297354873069	0.00191949227765	0.0116500976389	0.0118830995917	0.0464894372448	0.0576846263092	0.0021746848926	0.0747825315107	0.052148056098	0.043504793183	0.0370916918161	0.041407775608	0.0425062133854	0.0129815373691	0.00229673353453	7.76673175928e-05	0.00903159950293	0.00813287768507	0.00855450026629	0.0143462630925	0.0136361619031
TARA_056_SRF_0.22-3_G.freeze11.snv.mod.fix.bam	0.00566971418427	0.00730072785372	0.00589162080596	0.0138691638558	6.65719865081e-05	0.00018862062844	5.54766554234e-05	0.000110953310847	5.54766554234e-05	2.21906621694e-05	0.0	0.0	0.000110953310847	0.000310669270371	0.00087653115569	2.21906621694e-05	0.000177525297355	0.000177525297355	0.00238549618321	0.0015200603586	0.0105294691994	0.0102077045979	0.0453909994674	0.0569523344577	0.00319545535239	0.0737506657199	0.050572519084	0.0434826025209	0.037213740458	0.0414965382567	0.0428279779869	0.011139712409	0.00323983667673	0.000443813243387	0.00746715781999	0.00669048464406	0.0072452511983	0.0127929167406	0.0120273388958
TARA_057_SRF_0.22-3_G.freeze11.snv.mod.fix.bam	0.00549218888692	0.00730072785372	0.00555876087342	0.0132700159773	6.65719865081e-05	0.00016642996627	5.54766554234e-05	0.000233001952778	0.00018862062844	0.00018862062844	0.0	0.0	2.21906621694e-05	0.000110953310847	0.00112062843955	3.3285993254e-05	0.000110953310847	0.000122048641931	0.00310669270371	0.0018085389668	0.0112950470442	0.0109843777738	0.0465781998935	0.0580618675661	0.00482646902184	0.0751819634298	0.0518041008344	0.0460123380082	0.0390999467424	0.0441372270549	0.0452578554944	0.0118054322741	0.00513713829221	0.00165320433162	0.00792206639446	0.0072452511983	0.00794425705663	0.0134253506125	0.012704154092
TARA_058_DCM_0.22-3_G.freeze11.snv.mod.fix.bam	0.00646857802237	0.00841026096219	0.00690129593467	0.0139912124978	0.000221906621694	0.000643529202911	0.000588052547488	0.00087653115569	0.00147567903426	0.00194168293982	0.000110953310847	2.21906621694e-05	0.0	5.54766554234e-05	0.00213030356826	0.000377241256879	0.000343955263625	0.000388336587964	0.00475989703533	0.00351721995384	0.0131701579975	0.013103586011	0.0481315462453	0.0589827800462	0.00818835434049	0.0763358778626	0.0535460678147	0.0485753594887	0.0417628262027	0.0467890111841	0.0479207349547	0.0140023078289	0.00823273566483	0.00454908574472	0.0105627551926	0.00967512870584	0.0104185158885	0.0151895082549	0.0147456950115
TARA_062_SRF_0.22-3_G.freeze11.snv.mod.fix.bam	0.00720086987396	0.00912036215161	0.00771125510385	0.0149454109711	0.000488194567726	0.000998579797621	0.0012315817504	0.00139801171667	0.00264068879815	0.00351721995384	0.000310669270371	0.000110953310847	5.54766554234e-05	0.0	0.00320655068347	0.000976389135452	0.000499289898811	0.000466003905557	0.00544780756258	0.00432717912303	0.0139246405113	0.0138247825315	0.0486308361442	0.0590604473637	0.00954198473282	0.0763580685248	0.0539344044026	0.0494075093201	0.0427614060004	0.0476211610154	0.0487085034617	0.0141687377951	0.0100745606249	0.00621338540742	0.0105294691994	0.00995251198296	0.010618231848	0.015722084147	0.0150341736197
TARA_064_DCM_0.22-3_G.freeze11.snv.mod.fix.bam	0.00914255281378	0.0113727143618	0.00965293804367	0.0182407243032	0.0016642996627	0.00247425883188	0.00068791052725	0.00138691638558	0.000954198473282	0.00100967512871	0.00087653115569	0.00112062843955	0.00213030356826	0.00320655068347	0.0	0.000477099236641	0.00143129770992	0.00125377241257	0.00439375110953	0.00372803124445	0.011139712409	0.0105405645304	0.0436823184804	0.0557207527073	0.00531466358956	0.0713429788745	0.0489193147524	0.0428390733179	0.0369363571809	0.04152982425	0.0424729273922	0.0119163855849	0.00502618498136	0.00252973548731	0.0105849458548	0.00947541274632	0.00973060536126	0.0148344576602	0.0142131191195
TARA_064_SRF_0.22-3_G.freeze11.snv.mod.fix.bam	0.00573628617078	0.00756701579975	0.00614681342091	0.0146569323629	0.000199715959524	0.000410527250133	3.3285993254e-05	0.000133143973016	4.43813243387e-05	8.87626486774e-05	2.21906621694e-05	3.3285993254e-05	0.000377241256879	0.000976389135452	0.000477099236641	0.0	0.00018862062844	7.76673175928e-05	0.0018085389668	0.00110953310847	0.00773344576602	0.00740058583348	0.0419514468312	0.0561090892952	0.00292916740636	0.070621782354	0.0460678146636	0.0402649565063	0.0342401917273	0.0380347949583	0.0396436179656	0.00828821232026	0.00249644949405	0.000576957216403	0.00691239126576	0.00614681342091	0.00655734067105	0.0116944789633	0.010618231848
TARA_065_DCM_0.22-3_G.freeze11.snv.mod.fix.bam	0.00670157997515	0.00831040298242	0.00692348659684	0.014812266998	0.000299573939286	0.000499289898811	0.000288478608202	0.000510385229895	0.000466003905557	0.000643529202911	0.000177525297355	0.000110953310847	0.000343955263625	0.000499289898811	0.00143129770992	0.00018862062844	0.0	0.00035505059471	0.00310669270371	0.0019527782709	0.0103963252263	0.00967512870584	0.0442148943724	0.056730427836	0.00538123557607	0.0727853719155	0.0494518906444	0.0440817503994	0.0377796023433	0.0422066394461	0.0433272678857	0.0106404225102	0.00625776673176	0.00223016154802	0.00803301970531	0.00713429788745	0.00750044381324	0.0129038700515	0.012182673531
TARA_065_SRF_0.22-3_G.freeze11.snv.mod.fix.bam	0.00666829398189	0.00855450026629	0.00720086987396	0.0151229362684	0.000421622581218	0.000732291851589	0.000177525297355	0.000776673175928	0.000654624533996	0.000920912480028	0.000177525297355	0.000122048641931	0.000388336587964	0.000466003905557	0.00125377241257	7.76673175928e-05	0.00035505059471	0.0	0.00372803124445	0.0026074028049	0.0105183738683	0.0100190839695	0.0444478963252	0.0568968578022	0.00553657021126	0.0726411326114	0.0491856026984	0.0443369430144	0.0379571276407	0.0427503106693	0.0439153204332	0.0111175217468	0.00591381146813	0.00271835611575	0.00904269483401	0.00804411503639	0.00870983490147	0.0136805432274	0.0131146813421
TARA_072_MES_0.22-3_G.freeze11.snv.mod.fix.bam	0.0093422687733	0.0108068524765	0.00940884075981	0.0193613527428	0.00224125687911	0.00248535416297	0.00206373158175	0.0018862062844	0.00224125687911	0.00297354873069	0.00238549618321	0.00310669270371	0.00475989703533	0.00544780756258	0.00439375110953	0.0018085389668	0.00310669270371	0.00372803124445	0.0	0.000388336587964	0.00768906444168	0.00783330374578	0.0423730694124	0.0541674063554	0.0073894905024	0.0698229185159	0.0465227232381	0.043626841825	0.0371360731404	0.0414188709391	0.0425616900408	0.00918693413811	0.00822164033375	0.00423841647435	0.00543671223149	0.00469332504882	0.00498180365702	0.0104739925439	0.00965293804367
TARA_072_SRF_0.22-3_G.freeze11.snv.mod.fix.bam	0.00795535238772	0.00941993609089	0.00815506834724	0.0180299130126	0.00139801171667	0.00132034439908	0.00133143973016	0.000998579797621	0.00124267708148	0.00191949227765	0.0015200603586	0.0018085389668	0.00351721995384	0.00432717912303	0.00372803124445	0.00110953310847	0.0019527782709	0.0026074028049	0.000388336587964	0.0	0.00674596129949	0.00681253328599	0.042717024676	0.0553213207882	0.00626886206284	0.0718200781111	0.0470774897923	0.0434715071898	0.0368586898633	0.0414854429256	0.042583880703	0.00852121427303	0.00740058583348	0.00295135806852	0.00391665187289	0.003406266643	0.00397212852832	0.00941993609089	0.00823273566483
TARA_076_SRF_0.22-3_G.freeze11.snv.mod.fix.bam	0.0158774187822	0.0183738682762	0.0166097106338	0.0279269483401	0.0100967512871	0.00943103142198	0.00940884075981	0.00857669092846	0.0097749866856	0.0116500976389	0.0105294691994	0.0112950470442	0.0131701579975	0.0139246405113	0.011139712409	0.00773344576602	0.0103963252263	0.0105183738683	0.00768906444168	0.00674596129949	0.0	0.00429389312977	0.0375466003906	0.0542783596663	0.0144239304101	0.0677813775963	0.0391998047222	0.042983312622	0.0368475945322	0.0414188709391	0.042583880703	0.00421622581218	0.0154779868631	0.0102964672466	0.0115613349902	0.0105072785372	0.0104074205574	0.0158108467957	0.0144572164033
TARA_078_SRF_0.22-3_G.freeze11.snv.mod.fix.bam	0.0159328954376	0.0184071542695	0.0166651872892	0.0272612284751	0.0106404225102	0.0103630392331	0.0107735664832	0.00979717734777	0.0102077045979	0.0118830995917	0.0102077045979	0.0109843777738	0.013103586011	0.0138247825315	0.0105405645304	0.00740058583348	0.00967512870584	0.0100190839695	0.00783330374578	0.00681253328599	0.00429389312977	0.0	0.0373357890999	0.052935824605	0.0135030179301	0.0672266110421	0.0402760518374	0.0420845908042	0.0362262559915	0.0407753417362	0.0416296822297	0.00244097283863	0.0152893662347	0.0104628972129	0.0116168116457	0.0106515178413	0.0105072785372	0.0150119829576	0.0140023078289
TARA_099_SRF_0.22-3_G.freeze11.snv.mod.fix.bam	0.0498291319013	0.0516709568614	0.0509941416652	0.0591714006746	0.0458348127108	0.0456240014202	0.0447807562578	0.044414610332	0.0436490324871	0.0464894372448	0.0453909994674	0.0465781998935	0.0481315462453	0.0486308361442	0.0436823184804	0.0419514468312	0.0442148943724	0.0444478963252	0.0423730694124	0.042717024676	0.0375466003906	0.0373357890999	0.0	0.050971951003	0.0404424818037	0.0575625776673	0.01912835079	0.0433272678857	0.0392885673709	0.04337164921	0.043893129771	0.0404313864726	0.0427392153382	0.0382012249246	0.0477543049885	0.0465671045624	0.0466558672111	0.0485198828333	0.0489082194213
TARA_100_SRF_0.22-3_G.freeze11.snv.mod.fix.bam	0.059881501864	0.0609688443103	0.0607580330197	0.0661059826025	0.058050772235	0.0578177702823	0.0576624356471	0.0572075270726	0.0565529025386	0.0576846263092	0.0569523344577	0.0580618675661	0.0589827800462	0.0590604473637	0.0557207527073	0.0561090892952	0.056730427836	0.0568968578022	0.0541674063554	0.0553213207882	0.0542783596663	0.052935824605	0.050971951003	0.0	0.0493187466714	0.00135363039233	0.0578066749512	0.037868364992	0.0374356470797	0.0391554233978	0.0401983845198	0.0555099414167	0.0520038167939	0.0521813420912	0.058694301438	0.0581506302148	0.058039676904	0.0583170601811	0.0596041185869
TARA_109_SRF_0.22-3_G.freeze11.snv.mod.fix.bam	0.0145348837209	0.0161548020593	0.014801171667	0.0234999112374	0.00624667140067	0.00700115391443	0.00365036392686	0.00450470442038	0.00270726078466	0.0021746848926	0.00319545535239	0.00482646902184	0.00818835434049	0.00954198473282	0.00531466358956	0.00292916740636	0.00538123557607	0.00553657021126	0.0073894905024	0.00626886206284	0.0144239304101	0.0135030179301	0.0404424818037	0.0493187466714	0.0	0.0625887626487	0.0463673886029	0.0297687733002	0.0248091603053	0.0276384697319	0.0288700514823	0.014545979052	0.00103186579088	0.00145348837209	0.0124378661459	0.0117499556187	0.0123601988283	0.0169980472217	0.016509852654
TARA_111_SRF_0.22-3_G.freeze11.snv.mod.fix.bam	0.0776895082549	0.0803301970531	0.0794536658974	0.0874977809338	0.0743941949228	0.0745162435647	0.0739503816794	0.0739060003551	0.0727409905912	0.0747825315107	0.0737506657199	0.0751819634298	0.0763358778626	0.0763580685248	0.0713429788745	0.070621782354	0.0727853719155	0.0726411326114	0.0698229185159	0.0718200781111	0.0677813775963	0.0672266110421	0.0575625776673	0.00135363039233	0.0625887626487	0.0	0.071021214273	0.0419070655068	0.0416962542162	0.0447585655956	0.0466225812178	0.0708769749689	0.0651295934671	0.064075537014	0.0777782709036	0.0766687377951	0.0764135451802	0.0764246405113	0.0777449849103
TARA_112_SRF_0.22-3_G.freeze11.snv.mod.fix.bam	0.056208947275	0.0584834901473	0.0577179123025	0.0673375643529	0.051626575537	0.0514712409018	0.0503284218001	0.0500732291852	0.0493076513403	0.052148056098	0.050572519084	0.0518041008344	0.0535460678147	0.0539344044026	0.0489193147524	0.0460678146636	0.0494518906444	0.0491856026984	0.0465227232381	0.0470774897923	0.0391998047222	0.0402760518374	0.01912835079	0.0578066749512	0.0463673886029	0.071021214273	0.0	0.0513048109356	0.0468112018463	0.0516598615303	0.0518706728209	0.0417517308716	0.0485198828333	0.0432939818924	0.0537124977809	0.0511827622936	0.051227143618	0.0532575892065	0.0538345464229
TARA_122_SRF_0.22-3_G.freeze11.snv.mod.fix.bam	0.0523033907332	0.0543671223149	0.053856737085	0.0629881945677	0.0466003905557	0.0468777738328	0.0433272678857	0.0442148943724	0.0422399254394	0.043504793183	0.0434826025209	0.0460123380082	0.0485753594887	0.0494075093201	0.0428390733179	0.0402649565063	0.0440817503994	0.0443369430144	0.043626841825	0.0434715071898	0.042983312622	0.0420845908042	0.0433272678857	0.037868364992	0.0297687733002	0.0419070655068	0.0513048109356	0.0	0.000599147878573	0.000366145925794	0.000654624533996	0.0447363749334	0.0306009231315	0.0261849813598	0.0505281377596	0.0493187466714	0.0494296999822	0.052014912125	0.0523810580508
TARA_124_MIX_0.22-3_G.freeze11.snv.mod.fix.bam	0.0453577134742	0.0470552991301	0.0466225812178	0.0555210367477	0.0398100479318	0.040220575182	0.0370362151607	0.0377241256879	0.0356714894372	0.0370916918161	0.037213740458	0.0390999467424	0.0417628262027	0.0427614060004	0.0369363571809	0.0342401917273	0.0377796023433	0.0379571276407	0.0371360731404	0.0368586898633	0.0368475945322	0.0362262559915	0.0392885673709	0.0374356470797	0.0248091603053	0.0416962542162	0.0468112018463	0.000599147878573	0.0	0.000277383277117	0.000610243209657	0.038389845553	0.0258521214273	0.0212475590272	0.0431497425883	0.0422954020948	0.0425062133854	0.0451912835079	0.0456794780756
TARA_124_SRF_0.22-3_G.freeze11.snv.mod.fix.bam	0.0508277116989	0.0529580152672	0.0520814841115	0.0616012781821	0.0445255636428	0.0447696609267	0.0415187289189	0.0419181608379	0.040231670513	0.041407775608	0.0414965382567	0.0441372270549	0.0467890111841	0.0476211610154	0.04152982425	0.0380347949583	0.0422066394461	0.0427503106693	0.0414188709391	0.0414854429256	0.0414188709391	0.0407753417362	0.04337164921	0.0391554233978	0.0276384697319	0.0447585655956	0.0516598615303	0.000366145925794	0.000277383277117	0.0	0.000244097283863	0.0428057873247	0.0287480028404	0.0238327711699	0.0486197408131	0.0473326824072	0.0472217290964	0.0505059470975	0.0506612817326
TARA_125_SRF_0.22-3_G.freeze11.snv.mod.fix.bam	0.0515821942127	0.0534905911592	0.0526806319901	0.0619674241079	0.0459235753595	0.046123291319	0.0426171666963	0.0433494585478	0.0413522989526	0.0425062133854	0.0428279779869	0.0452578554944	0.0479207349547	0.0487085034617	0.0424729273922	0.0396436179656	0.0433272678857	0.0439153204332	0.0425616900408	0.042583880703	0.042583880703	0.0416296822297	0.043893129771	0.0401983845198	0.0288700514823	0.0466225812178	0.0518706728209	0.000654624533996	0.000610243209657	0.000244097283863	0.0	0.0442037990414	0.0301016332327	0.0249423042784	0.0495850346174	0.0482535948873	0.0485531688266	0.0513935735842	0.0515378128883
TARA_132_SRF_0.22-3_G.freeze11.snv.mod.fix.bam	0.0177414344044	0.0196165453577	0.0183849636073	0.0292583880703	0.0112284750577	0.0110953310847	0.0109399964495	0.0101189419492	0.0109732824427	0.0129815373691	0.011139712409	0.0118054322741	0.0140023078289	0.0141687377951	0.0119163855849	0.00828821232026	0.0106404225102	0.0111175217468	0.00918693413811	0.00852121427303	0.00421622581218	0.00244097283863	0.0404313864726	0.0555099414167	0.014545979052	0.0708769749689	0.0417517308716	0.0447363749334	0.038389845553	0.0428057873247	0.0442037990414	0.0	0.0160549440795	0.0111840937334	0.0136805432274	0.0125266287946	0.0127596307474	0.0173641931475	0.016121516066
TARA_137_SRF_0.22-3_G.freeze11.snv.mod.fix.bam	0.0158885141133	0.0180521036748	0.0166097106338	0.0258632167584	0.00700115391443	0.00828821232026	0.00359488727144	0.00522590094088	0.00281821409551	0.00229673353453	0.00323983667673	0.00513713829221	0.00823273566483	0.0100745606249	0.00502618498136	0.00249644949405	0.00625776673176	0.00591381146813	0.00822164033375	0.00740058583348	0.0154779868631	0.0152893662347	0.0427392153382	0.0520038167939	0.00103186579088	0.0651295934671	0.0485198828333	0.0306009231315	0.0258521214273	0.0287480028404	0.0301016332327	0.0160549440795	0.0	0.00127596307474	0.015067459613	0.0141021658086	0.0148677436535	0.019527782709	0.0187067282088
TARA_138_SRF_0.22-3_G.freeze11.snv.mod.fix.bam	0.0115169536659	0.0135141132611	0.0117277649565	0.021491656311	0.00300683472395	0.00356160127818	0.000588052547488	0.00114281910172	0.000122048641931	7.76673175928e-05	0.000443813243387	0.00165320433162	0.00454908574472	0.00621338540742	0.00252973548731	0.000576957216403	0.00223016154802	0.00271835611575	0.00423841647435	0.00295135806852	0.0102964672466	0.0104628972129	0.0382012249246	0.0521813420912	0.00145348837209	0.064075537014	0.0432939818924	0.0261849813598	0.0212475590272	0.0238327711699	0.0249423042784	0.0111840937334	0.00127596307474	0.0	0.00975279602343	0.00882078821232	0.00939774542872	0.014679123025	0.0141354518019
TARA_141_SRF_0.22-3_G.freeze11.snv.mod.fix.bam	0.0135695899166	0.0148788389846	0.0138358778626	0.0235553878928	0.00695677259009	0.00712320255636	0.00735620450914	0.00618009941417	0.00744496715782	0.00903159950293	0.00746715781999	0.00792206639446	0.0105627551926	0.0105294691994	0.0105849458548	0.00691239126576	0.00803301970531	0.00904269483401	0.00543671223149	0.00391665187289	0.0115613349902	0.0116168116457	0.0477543049885	0.058694301438	0.0124378661459	0.0777782709036	0.0537124977809	0.0505281377596	0.0431497425883	0.0486197408131	0.0495850346174	0.0136805432274	0.015067459613	0.00975279602343	0.0	3.3285993254e-05	5.54766554234e-05	0.000965293804367	0.000787768507012
TARA_142_DCM_0.22-3_G.freeze11.snv.mod.fix.bam	0.0121715781999	0.0135141132611	0.0124600568081	0.022934049352	0.00634652938044	0.00589162080596	0.00635762471152	0.00558095153559	0.00633543404935	0.00813287768507	0.00669048464406	0.0072452511983	0.00967512870584	0.00995251198296	0.00947541274632	0.00614681342091	0.00713429788745	0.00804411503639	0.00469332504882	0.003406266643	0.0105072785372	0.0106515178413	0.0465671045624	0.0581506302148	0.0117499556187	0.0766687377951	0.0511827622936	0.0493187466714	0.0422954020948	0.0473326824072	0.0482535948873	0.0125266287946	0.0141021658086	0.00882078821232	3.3285993254e-05	0.0	2.21906621694e-05	0.000832149831351	0.000543671223149
TARA_142_SRF_0.22-3_G.freeze11.snv.mod.fix.bam	0.0125266287946	0.0139357358424	0.012970442038	0.023189241967	0.00679034262382	0.0063021480561	0.00672377063732	0.00603586011007	0.00706772590094	0.00855450026629	0.0072452511983	0.00794425705663	0.0104185158885	0.010618231848	0.00973060536126	0.00655734067105	0.00750044381324	0.00870983490147	0.00498180365702	0.00397212852832	0.0104074205574	0.0105072785372	0.0466558672111	0.058039676904	0.0123601988283	0.0764135451802	0.051227143618	0.0494296999822	0.0425062133854	0.0472217290964	0.0485531688266	0.0127596307474	0.0148677436535	0.00939774542872	5.54766554234e-05	2.21906621694e-05	0.0	0.000798863838097	0.000510385229895
TARA_146_SRF_0.22-3_G.freeze11.snv.mod.fix.bam	0.0182740102965	0.0195832593645	0.0189397301615	0.0280711876442	0.0125155334635	0.0127596307474	0.0126153914433	0.0118054322741	0.0126264867744	0.0143462630925	0.0127929167406	0.0134253506125	0.0151895082549	0.015722084147	0.0148344576602	0.0116944789633	0.0129038700515	0.0136805432274	0.0104739925439	0.00941993609089	0.0158108467957	0.0150119829576	0.0485198828333	0.0583170601811	0.0169980472217	0.0764246405113	0.0532575892065	0.052014912125	0.0451912835079	0.0505059470975	0.0513935735842	0.0173641931475	0.019527782709	0.014679123025	0.000965293804367	0.000832149831351	0.000798863838097	0.0	0.000477099236641
TARA_148_SRF_0.22-3_G.freeze11.snv.mod.fix.bam	0.0173974791408	0.0193613527428	0.017952245695	0.028304189597	0.0120384342269	0.0124600568081	0.0119718622404	0.0113727143618	0.0117166696254	0.0136361619031	0.0120273388958	0.012704154092	0.0147456950115	0.0150341736197	0.0142131191195	0.010618231848	0.012182673531	0.0131146813421	0.00965293804367	0.00823273566483	0.0144572164033	0.0140023078289	0.0489082194213	0.0596041185869	0.016509852654	0.0777449849103	0.0538345464229	0.0523810580508	0.0456794780756	0.0506612817326	0.0515378128883	0.016121516066	0.0187067282088	0.0141354518019	0.000787768507012	0.000543671223149	0.000510385229895	0.000477099236641	0.0
