	TARA_009_SRF_0.22-1.6_G.freeze11.snv.mod.fix.bam	TARA_023_SRF_0.22-1.6_G.freeze11.snv.mod.fix.bam	TARA_025_SRF_0.22-1.6_G.freeze11.snv.mod.fix.bam	TARA_030_SRF_0.22-1.6_G.freeze11.snv.mod.fix.bam	TARA_034_SRF_0.22-1.6_G.freeze11.snv.mod.fix.bam	TARA_036_DCM_0.22-1.6_G.freeze11.snv.mod.fix.bam	TARA_058_DCM_0.22-3_G.freeze11.snv.mod.fix.bam	TARA_062_SRF_0.22-3_G.freeze11.snv.mod.fix.bam	TARA_140_SRF_0.22-3_G.freeze11.snv.mod.fix.bam	TARA_141_SRF_0.22-3_G.freeze11.snv.mod.fix.bam
TARA_009_SRF_0.22-1.6_G.freeze11.snv.mod.fix.bam	0.0	0.00270346913697	0.005539275924	0.00601191038851	0.0213063616599	0.0136496833349	0.0134795349277	0.0133661026562	0.0134795349277	0.0204745250024
TARA_023_SRF_0.22-1.6_G.freeze11.snv.mod.fix.bam	0.00270346913697	0.0	0.00130447112203	0.00355421117308	0.016258625579	0.0104735797334	0.010719349655	0.0106815388978	0.00964174307591	0.0150675867284
TARA_025_SRF_0.22-1.6_G.freeze11.snv.mod.fix.bam	0.005539275924	0.00130447112203	0.0	0.00385669723036	0.0139710747708	0.0111163626052	0.0121372530485	0.0113999432839	0.0105302958692	0.0124964552415
TARA_030_SRF_0.22-1.6_G.freeze11.snv.mod.fix.bam	0.00601191038851	0.00355421117308	0.00385669723036	0.0	0.020852632574	0.013914358635	0.014500425371	0.0143869930995	0.0134039134134	0.0195859722091
TARA_034_SRF_0.22-1.6_G.freeze11.snv.mod.fix.bam	0.0213063616599	0.016258625579	0.0139710747708	0.020852632574	0.0	0.00635220720295	0.0089800548256	0.00712732772474	0.00627658568863	0.00088855279327
TARA_036_DCM_0.22-1.6_G.freeze11.snv.mod.fix.bam	0.0136496833349	0.0104735797334	0.0111163626052	0.013914358635	0.00635220720295	0.0	0.00117213347197	0.00107760657907	0.000699499007468	0.00612534265999
TARA_058_DCM_0.22-3_G.freeze11.snv.mod.fix.bam	0.0134795349277	0.010719349655	0.0121372530485	0.014500425371	0.0089800548256	0.00117213347197	0.0	0.000472634464505	0.000586066735986	0.00737309764628
TARA_062_SRF_0.22-3_G.freeze11.snv.mod.fix.bam	0.0133661026562	0.0106815388978	0.0113999432839	0.0143869930995	0.00712732772474	0.00107760657907	0.000472634464505	0.0	0.000737309764628	0.0058228566027
TARA_140_SRF_0.22-3_G.freeze11.snv.mod.fix.bam	0.0134795349277	0.00964174307591	0.0105302958692	0.0134039134134	0.00627658568863	0.000699499007468	0.000586066735986	0.000737309764628	0.0	0.0052556952453
TARA_141_SRF_0.22-3_G.freeze11.snv.mod.fix.bam	0.0204745250024	0.0150675867284	0.0124964552415	0.0195859722091	0.00088855279327	0.00612534265999	0.00737309764628	0.0058228566027	0.0052556952453	0.0
