	TARA_009_SRF_0.22-1.6_G.freeze11.snv.mod.fix.bam	TARA_023_SRF_0.22-1.6_G.freeze11.snv.mod.fix.bam	TARA_025_SRF_0.22-1.6_G.freeze11.snv.mod.fix.bam	TARA_030_SRF_0.22-1.6_G.freeze11.snv.mod.fix.bam	TARA_034_SRF_0.22-1.6_G.freeze11.snv.mod.fix.bam	TARA_036_DCM_0.22-1.6_G.freeze11.snv.mod.fix.bam	TARA_058_DCM_0.22-3_G.freeze11.snv.mod.fix.bam	TARA_062_SRF_0.22-3_G.freeze11.snv.mod.fix.bam	TARA_140_SRF_0.22-3_G.freeze11.snv.mod.fix.bam	TARA_141_SRF_0.22-3_G.freeze11.snv.mod.fix.bam
TARA_009_SRF_0.22-1.6_G.freeze11.snv.mod.fix.bam	0.0	0.0574182839019	0.0597124913155	0.0598022370048	0.0901455151724	0.0856069197894	0.0899883635978	0.0897113427653	0.087775805806	0.0871625893035
TARA_023_SRF_0.22-1.6_G.freeze11.snv.mod.fix.bam	0.0574182839019	0.0	0.0417741026993	0.0543459046096	0.0839951480376	0.0802660811063	0.0856439356771	0.0844551909908	0.0810228008135	0.0796788042769
TARA_025_SRF_0.22-1.6_G.freeze11.snv.mod.fix.bam	0.0597124913155	0.0417741026993	0.0	0.0482470639878	0.0746036464115	0.0761958413921	0.0832902512875	0.0816214118092	0.0780495370559	0.0698833774627
TARA_030_SRF_0.22-1.6_G.freeze11.snv.mod.fix.bam	0.0598022370048	0.0543459046096	0.0482470639878	0.0	0.0809763595201	0.0799567712536	0.0862425143462	0.0851692009557	0.081924019564	0.0773671905101
TARA_034_SRF_0.22-1.6_G.freeze11.snv.mod.fix.bam	0.0901455151724	0.0839951480376	0.0746036464115	0.0809763595201	0.0	0.0630098038091	0.0726845568222	0.0697388639023	0.0661775891689	0.0437813450048
TARA_036_DCM_0.22-1.6_G.freeze11.snv.mod.fix.bam	0.0856069197894	0.0802660811063	0.0761958413921	0.0799567712536	0.0630098038091	0.0	0.0572374204287	0.0554395203634	0.0497797932943	0.0600734694525
TARA_058_DCM_0.22-3_G.freeze11.snv.mod.fix.bam	0.0899883635978	0.0856439356771	0.0832902512875	0.0862425143462	0.0726845568222	0.0572374204287	0.0	0.0482066332899	0.0544247541032	0.0685349940223
TARA_062_SRF_0.22-3_G.freeze11.snv.mod.fix.bam	0.0897113427653	0.0844551909908	0.0816214118092	0.0851692009557	0.0697388639023	0.0554395203634	0.0482066332899	0.0	0.0529484319737	0.0650921756196
TARA_140_SRF_0.22-3_G.freeze11.snv.mod.fix.bam	0.087775805806	0.0810228008135	0.0780495370559	0.081924019564	0.0661775891689	0.0497797932943	0.0544247541032	0.0529484319737	0.0	0.0597689156832
TARA_141_SRF_0.22-3_G.freeze11.snv.mod.fix.bam	0.0871625893035	0.0796788042769	0.0698833774627	0.0773671905101	0.0437813450048	0.0600734694525	0.0685349940223	0.0650921756196	0.0597689156832	0.0
