	TARA_007_DCM_0.22-1.6_G.freeze11.snv.mod.fix.bam	TARA_009_DCM_0.22-1.6_G.freeze11.snv.mod.fix.bam	TARA_066_SRF_0.22-3_G.freeze11.snv.mod.fix.bam	TARA_067_SRF_0.22-3_G.freeze11.snv.mod.fix.bam	TARA_093_DCM_0.22-3_G.freeze11.snv.mod.fix.bam	TARA_093_SRF_0.22-3_G.freeze11.snv.mod.fix.bam	TARA_133_DCM_0.22-3_G.freeze11.snv.mod.fix.bam	TARA_133_SRF_0.22-3_G.freeze11.snv.mod.fix.bam	TARA_145_SRF_0.22-3_G.freeze11.snv.mod.fix.bam
TARA_007_DCM_0.22-1.6_G.freeze11.snv.mod.fix.bam	0.0	0.05761727272	0.0934083939748	0.0833200650694	0.0793060728438	0.0781041779097	0.0758320335417	0.0757322346615	0.077890597635
TARA_009_DCM_0.22-1.6_G.freeze11.snv.mod.fix.bam	0.05761727272	0.0	0.0811174211843	0.0778021822644	0.0712793041492	0.0702155921954	0.0670662560207	0.066594878969	0.0730484803993
TARA_066_SRF_0.22-3_G.freeze11.snv.mod.fix.bam	0.0934083939748	0.0811174211843	0.0	0.0884072332718	0.0845199571749	0.0840272897164	0.0808970042909	0.0811186909175	0.0901269292734
TARA_067_SRF_0.22-3_G.freeze11.snv.mod.fix.bam	0.0833200650694	0.0778021822644	0.0884072332718	0.0	0.0503446539113	0.0509479039204	0.0534206364983	0.0577389868725	0.0797638449316
TARA_093_DCM_0.22-3_G.freeze11.snv.mod.fix.bam	0.0793060728438	0.0712793041492	0.0845199571749	0.0503446539113	0.0	0.0271334046734	0.0472483613635	0.0505733636246	0.0763302337198
TARA_093_SRF_0.22-3_G.freeze11.snv.mod.fix.bam	0.0781041779097	0.0702155921954	0.0840272897164	0.0509479039204	0.0271334046734	0.0	0.0456268704627	0.0487106904662	0.0762748487548
TARA_133_DCM_0.22-3_G.freeze11.snv.mod.fix.bam	0.0758320335417	0.0670662560207	0.0808970042909	0.0534206364983	0.0472483613635	0.0456268704627	0.0	0.0283231282376	0.0744413893634
TARA_133_SRF_0.22-3_G.freeze11.snv.mod.fix.bam	0.0757322346615	0.066594878969	0.0811186909175	0.0577389868725	0.0505733636246	0.0487106904662	0.0283231282376	0.0	0.0749778795161
TARA_145_SRF_0.22-3_G.freeze11.snv.mod.fix.bam	0.077890597635	0.0730484803993	0.0901269292734	0.0797638449316	0.0763302337198	0.0762748487548	0.0744413893634	0.0749778795161	0.0
