	TARA_004_DCM_0.22-1.6_G.freeze11.snv.mod.fix.bam	TARA_004_SRF_0.22-1.6_G.freeze11.snv.mod.fix.bam	TARA_009_DCM_0.22-1.6_G.freeze11.snv.mod.fix.bam	TARA_009_SRF_0.22-1.6_G.freeze11.snv.mod.fix.bam	TARA_018_SRF_0.22-1.6_G.freeze11.snv.mod.fix.bam	TARA_030_DCM_0.22-1.6_G.freeze11.snv.mod.fix.bam	TARA_030_SRF_0.22-1.6_G.freeze11.snv.mod.fix.bam	TARA_094_SRF_0.22-3_G.freeze11.snv.mod.fix.bam	TARA_102_SRF_0.22-3_G.freeze11.snv.mod.fix.bam	TARA_133_SRF_0.22-3_G.freeze11.snv.mod.fix.bam
TARA_004_DCM_0.22-1.6_G.freeze11.snv.mod.fix.bam	0.0	0.0396545052078	0.0501250087702	0.0672705556223	0.0567949905508	0.072304534429	0.0778420582927	0.102912643132	0.0794752579021	0.0929221274151
TARA_004_SRF_0.22-1.6_G.freeze11.snv.mod.fix.bam	0.0396545052078	0.0	0.0503557045256	0.0646193461828	0.0537080584503	0.0700062815641	0.076128450893	0.101474542229	0.0798025337176	0.0938040823338
TARA_009_DCM_0.22-1.6_G.freeze11.snv.mod.fix.bam	0.0501250087702	0.0503557045256	0.0	0.0620862887238	0.052180404872	0.0677049166518	0.0740175423891	0.102899433668	0.0774040108673	0.0865914118438
TARA_009_SRF_0.22-1.6_G.freeze11.snv.mod.fix.bam	0.0672705556223	0.0646193461828	0.0620862887238	0.0	0.0441196021676	0.0453677855696	0.0423295966955	0.110724033459	0.0864638736852	0.103318684557
TARA_018_SRF_0.22-1.6_G.freeze11.snv.mod.fix.bam	0.0567949905508	0.0537080584503	0.052180404872	0.0441196021676	0.0	0.0488953503984	0.0512407500582	0.105291324918	0.0823402149396	0.0968498067837
TARA_030_DCM_0.22-1.6_G.freeze11.snv.mod.fix.bam	0.072304534429	0.0700062815641	0.0677049166518	0.0453677855696	0.0488953503984	0.0	0.0372578656103	0.114371702885	0.0922826791603	0.10611745751
TARA_030_SRF_0.22-1.6_G.freeze11.snv.mod.fix.bam	0.0778420582927	0.076128450893	0.0740175423891	0.0423295966955	0.0512407500582	0.0372578656103	0.0	0.121554624638	0.0958019530745	0.113022146072
TARA_094_SRF_0.22-3_G.freeze11.snv.mod.fix.bam	0.102912643132	0.101474542229	0.102899433668	0.110724033459	0.105291324918	0.114371702885	0.121554624638	0.0	0.093760797855	0.100363341805
TARA_102_SRF_0.22-3_G.freeze11.snv.mod.fix.bam	0.0794752579021	0.0798025337176	0.0774040108673	0.0864638736852	0.0823402149396	0.0922826791603	0.0958019530745	0.093760797855	0.0	0.0887291613459
TARA_133_SRF_0.22-3_G.freeze11.snv.mod.fix.bam	0.0929221274151	0.0938040823338	0.0865914118438	0.103318684557	0.0968498067837	0.10611745751	0.113022146072	0.100363341805	0.0887291613459	0.0
