	TARA_004_DCM_0.22-1.6_G.freeze11.snv.mod.fix.bam	TARA_004_SRF_0.22-1.6_G.freeze11.snv.mod.fix.bam	TARA_009_DCM_0.22-1.6_G.freeze11.snv.mod.fix.bam	TARA_093_SRF_0.22-3_G.freeze11.snv.mod.fix.bam	TARA_094_SRF_0.22-3_G.freeze11.snv.mod.fix.bam	TARA_102_DCM_0.22-3_G.freeze11.snv.mod.fix.bam	TARA_102_SRF_0.22-3_G.freeze11.snv.mod.fix.bam	TARA_110_DCM_0.22-3_G.freeze11.snv.mod.fix.bam	TARA_110_SRF_0.22-3_G.freeze11.snv.mod.fix.bam	TARA_111_SRF_0.22-3_G.freeze11.snv.mod.fix.bam	TARA_133_SRF_0.22-3_G.freeze11.snv.mod.fix.bam	TARA_137_SRF_0.22-3_G.freeze11.snv.mod.fix.bam	TARA_150_SRF_0.22-3_G.freeze11.snv.mod.fix.bam	TARA_151_SRF_0.22-3_G.freeze11.snv.mod.fix.bam
TARA_004_DCM_0.22-1.6_G.freeze11.snv.mod.fix.bam	0.0	0.0357228596792	0.0443628833759	0.0718516803744	0.0940853156921	0.0709456361254	0.0688702043882	0.0858517007801	0.0843849311587	0.0852652708169	0.0847194969627	0.0775547144069	0.0520217498485	0.0505217654826
TARA_004_SRF_0.22-1.6_G.freeze11.snv.mod.fix.bam	0.0357228596792	0.0	0.0456019924328	0.0729862741283	0.0924308383736	0.0719047246364	0.0691337672732	0.0863586594882	0.0844402834319	0.0850269010708	0.0849399088613	0.0788724052116	0.05320944947	0.0501058130056
TARA_009_DCM_0.22-1.6_G.freeze11.snv.mod.fix.bam	0.0443628833759	0.0456019924328	0.0	0.0693104652986	0.0940927776117	0.0696127601075	0.0686541900421	0.0865804296616	0.0845407650638	0.0862022890051	0.0786254909708	0.0790241604056	0.0525657866553	0.0506509212773
TARA_093_SRF_0.22-3_G.freeze11.snv.mod.fix.bam	0.0718516803744	0.0729862741283	0.0693104652986	0.0	0.0830296366325	0.0598026790073	0.0592169599369	0.0835192407465	0.0799923134253	0.0801224937215	0.0690055739579	0.0838248100722	0.0769488936195	0.0762791868262
TARA_094_SRF_0.22-3_G.freeze11.snv.mod.fix.bam	0.0940853156921	0.0924308383736	0.0940927776117	0.0830296366325	0.0	0.0868931023429	0.0836486185278	0.0943120230764	0.0910513610251	0.0886168103362	0.0909399593597	0.100764731087	0.0959143277903	0.0944692818973
TARA_102_DCM_0.22-3_G.freeze11.snv.mod.fix.bam	0.0709456361254	0.0719047246364	0.0696127601075	0.0598026790073	0.0868931023429	0.0	0.0369426570506	0.0697489327605	0.0653377158422	0.0712110182939	0.0780810336193	0.072386939892	0.0743668590879	0.0746839856466
TARA_102_SRF_0.22-3_G.freeze11.snv.mod.fix.bam	0.0688702043882	0.0691337672732	0.0686541900421	0.0592169599369	0.0836486185278	0.0369426570506	0.0	0.0620098448816	0.0561896068589	0.0647617176642	0.0796252309517	0.0652662044563	0.073016553821	0.0733333956353
TARA_110_DCM_0.22-3_G.freeze11.snv.mod.fix.bam	0.0858517007801	0.0863586594882	0.0865804296616	0.0835192407465	0.0943120230764	0.0697489327605	0.0620098448816	0.0	0.0433299896151	0.061088475432	0.0980769946378	0.0644681983965	0.0868862073766	0.0867906472455
TARA_110_SRF_0.22-3_G.freeze11.snv.mod.fix.bam	0.0843849311587	0.0844402834319	0.0845407650638	0.0799923134253	0.0910513610251	0.0653377158422	0.0561896068589	0.0433299896151	0.0	0.0591886958623	0.0952091066727	0.0646650397333	0.0854591865695	0.0854003825183
TARA_111_SRF_0.22-3_G.freeze11.snv.mod.fix.bam	0.0852652708169	0.0850269010708	0.0862022890051	0.0801224937215	0.0886168103362	0.0712110182939	0.0647617176642	0.061088475432	0.0591886958623	0.0	0.0956227845171	0.0755390617103	0.0868125147854	0.0866566950663
TARA_133_SRF_0.22-3_G.freeze11.snv.mod.fix.bam	0.0847194969627	0.0849399088613	0.0786254909708	0.0690055739579	0.0909399593597	0.0780810336193	0.0796252309517	0.0980769946378	0.0952091066727	0.0956227845171	0.0	0.0978081305069	0.0867635978053	0.0856921570459
TARA_137_SRF_0.22-3_G.freeze11.snv.mod.fix.bam	0.0775547144069	0.0788724052116	0.0790241604056	0.0838248100722	0.100764731087	0.072386939892	0.0652662044563	0.0644681983965	0.0646650397333	0.0755390617103	0.0978081305069	0.0	0.0785275056377	0.0799266916344
TARA_150_SRF_0.22-3_G.freeze11.snv.mod.fix.bam	0.0520217498485	0.05320944947	0.0525657866553	0.0769488936195	0.0959143277903	0.0743668590879	0.073016553821	0.0868862073766	0.0854591865695	0.0868125147854	0.0867635978053	0.0785275056377	0.0	0.0497415776859
TARA_151_SRF_0.22-3_G.freeze11.snv.mod.fix.bam	0.0505217654826	0.0501058130056	0.0506509212773	0.0762791868262	0.0944692818973	0.0746839856466	0.0733333956353	0.0867906472455	0.0854003825183	0.0866566950663	0.0856921570459	0.0799266916344	0.0497415776859	0.0
