	TARA_004_DCM_0.22-1.6_G.freeze11.snv.mod.fix.bam	TARA_004_SRF_0.22-1.6_G.freeze11.snv.mod.fix.bam	TARA_009_DCM_0.22-1.6_G.freeze11.snv.mod.fix.bam	TARA_093_SRF_0.22-3_G.freeze11.snv.mod.fix.bam	TARA_094_SRF_0.22-3_G.freeze11.snv.mod.fix.bam	TARA_102_DCM_0.22-3_G.freeze11.snv.mod.fix.bam	TARA_102_SRF_0.22-3_G.freeze11.snv.mod.fix.bam	TARA_110_DCM_0.22-3_G.freeze11.snv.mod.fix.bam	TARA_110_SRF_0.22-3_G.freeze11.snv.mod.fix.bam	TARA_111_SRF_0.22-3_G.freeze11.snv.mod.fix.bam	TARA_133_SRF_0.22-3_G.freeze11.snv.mod.fix.bam	TARA_137_SRF_0.22-3_G.freeze11.snv.mod.fix.bam	TARA_150_SRF_0.22-3_G.freeze11.snv.mod.fix.bam	TARA_151_SRF_0.22-3_G.freeze11.snv.mod.fix.bam
TARA_004_DCM_0.22-1.6_G.freeze11.snv.mod.fix.bam	0.0	0.000387584022679	0.000819463362236	0.0116385945096	0.0264553780052	0.00872617742489	0.00842718403597	0.0142409443762	0.0132885950633	0.0158909449298	0.0164778578785	0.0114946347297	0.00139530248165	0.00111845675116
TARA_004_SRF_0.22-1.6_G.freeze11.snv.mod.fix.bam	0.000387584022679	0.0	0.000775168045358	0.0118047019479	0.0256248408137	0.00968960056698	0.00911376144757	0.0148167834956	0.0141523537424	0.0161677906603	0.0164224887324	0.0122587289459	0.00141745014008	0.00106308760506
TARA_009_DCM_0.22-1.6_G.freeze11.snv.mod.fix.bam	0.000819463362236	0.000775168045358	0.0	0.00929094271508	0.0242516859905	0.00696543857901	0.00718691516339	0.0130338969912	0.0123805410673	0.0149164479585	0.0128124204069	0.0109852385857	0.00110738292194	0.000719798899261
TARA_093_SRF_0.22-3_G.freeze11.snv.mod.fix.bam	0.0116385945096	0.0118047019479	0.00929094271508	0.0	0.0171533614609	0.00461778678449	0.00550369312204	0.0119486617277	0.0104426209539	0.0114614132421	0.0073640964309	0.0150604077384	0.0105422854169	0.00971174822542
TARA_094_SRF_0.22-3_G.freeze11.snv.mod.fix.bam	0.0264553780052	0.0256248408137	0.0242516859905	0.0171533614609	0.0	0.0190691339158	0.0192020198664	0.0185265162841	0.0175298716543	0.0168765157304	0.01801712014	0.0260677939825	0.0228342358504	0.0216714837824
TARA_102_DCM_0.22-3_G.freeze11.snv.mod.fix.bam	0.00872617742489	0.00968960056698	0.00696543857901	0.00461778678449	0.0190691339158	0.0	0.000398657851899	0.00518255207468	0.00361006832553	0.00624563967974	0.0107083928552	0.00750805621076	0.00715369367574	0.00719798899261
TARA_102_SRF_0.22-3_G.freeze11.snv.mod.fix.bam	0.00842718403597	0.00911376144757	0.00718691516339	0.00550369312204	0.0192020198664	0.000398657851899	0.0	0.00353255152099	0.00202651074715	0.00493892783185	0.0120594000199	0.00486141102732	0.00735302260169	0.00722013665105
TARA_110_DCM_0.22-3_G.freeze11.snv.mod.fix.bam	0.0142409443762	0.0148167834956	0.0130338969912	0.0119486617277	0.0185265162841	0.00518255207468	0.00353255152099	0.0	0.000343288705802	0.00180503416276	0.0168765157304	0.00300100771846	0.0118268496063	0.0113285272915
TARA_110_SRF_0.22-3_G.freeze11.snv.mod.fix.bam	0.0132885950633	0.0141523537424	0.0123805410673	0.0104426209539	0.0175298716543	0.00361006832553	0.00202651074715	0.000343288705802	0.0	0.00143959779852	0.0159020187591	0.00307852452299	0.01120671517	0.010597654563
TARA_111_SRF_0.22-3_G.freeze11.snv.mod.fix.bam	0.0158909449298	0.0161677906603	0.0149164479585	0.0114614132421	0.0168765157304	0.00624563967974	0.00493892783185	0.00180503416276	0.00143959779852	0.0	0.0168322204135	0.00750805621076	0.01347685016	0.0129010110406
TARA_133_SRF_0.22-3_G.freeze11.snv.mod.fix.bam	0.0164778578785	0.0164224887324	0.0128124204069	0.0073640964309	0.01801712014	0.0107083928552	0.0120594000199	0.0168765157304	0.0159020187591	0.0168322204135	0.0	0.0198664496196	0.0143073873515	0.0129674540159
TARA_137_SRF_0.22-3_G.freeze11.snv.mod.fix.bam	0.0114946347297	0.0122587289459	0.0109852385857	0.0150604077384	0.0260677939825	0.00750805621076	0.00486141102732	0.00300100771846	0.00307852452299	0.00750805621076	0.0198664496196	0.0	0.00960100993322	0.00963423142088
TARA_150_SRF_0.22-3_G.freeze11.snv.mod.fix.bam	0.00139530248165	0.00141745014008	0.00110738292194	0.0105422854169	0.0228342358504	0.00715369367574	0.00735302260169	0.0118268496063	0.01120671517	0.01347685016	0.0143073873515	0.00960100993322	0.0	0.000697651240823
TARA_151_SRF_0.22-3_G.freeze11.snv.mod.fix.bam	0.00111845675116	0.00106308760506	0.000719798899261	0.00971174822542	0.0216714837824	0.00719798899261	0.00722013665105	0.0113285272915	0.010597654563	0.0129010110406	0.0129674540159	0.00963423142088	0.000697651240823	0.0
