	TARA_031_SRF_0.22-1.6_G.freeze11.snv.mod.fix.bam	TARA_032_SRF_0.22-1.6_G.freeze11.snv.mod.fix.bam	TARA_033_SRF_0.22-1.6_G.freeze11.snv.mod.fix.bam	TARA_038_DCM_0.22-1.6_G.freeze11.snv.mod.fix.bam	TARA_038_SRF_0.22-1.6_G.freeze11.snv.mod.fix.bam	TARA_039_DCM_0.22-1.6_G.freeze11.snv.mod.fix.bam	TARA_041_SRF_0.22-1.6_G.freeze11.snv.mod.fix.bam	TARA_042_SRF_0.22-1.6_G.freeze11.snv.mod.fix.bam	TARA_045_SRF_0.22-1.6_G.freeze11.snv.mod.fix.bam	TARA_048_SRF_0.22-1.6_G.freeze11.snv.mod.fix.bam	TARA_056_SRF_0.22-3_G.freeze11.snv.mod.fix.bam	TARA_057_SRF_0.22-3_G.freeze11.snv.mod.fix.bam	TARA_058_DCM_0.22-3_G.freeze11.snv.mod.fix.bam	TARA_062_SRF_0.22-3_G.freeze11.snv.mod.fix.bam	TARA_064_DCM_0.22-3_G.freeze11.snv.mod.fix.bam	TARA_064_SRF_0.22-3_G.freeze11.snv.mod.fix.bam	TARA_072_MES_0.22-3_G.freeze11.snv.mod.fix.bam	TARA_072_SRF_0.22-3_G.freeze11.snv.mod.fix.bam	TARA_076_SRF_0.22-3_G.freeze11.snv.mod.fix.bam	TARA_078_SRF_0.22-3_G.freeze11.snv.mod.fix.bam	TARA_099_SRF_0.22-3_G.freeze11.snv.mod.fix.bam	TARA_112_SRF_0.22-3_G.freeze11.snv.mod.fix.bam	TARA_132_SRF_0.22-3_G.freeze11.snv.mod.fix.bam	TARA_138_SRF_0.22-3_G.freeze11.snv.mod.fix.bam	TARA_140_SRF_0.22-3_G.freeze11.snv.mod.fix.bam	TARA_142_DCM_0.22-3_G.freeze11.snv.mod.fix.bam	TARA_142_SRF_0.22-3_G.freeze11.snv.mod.fix.bam
TARA_031_SRF_0.22-1.6_G.freeze11.snv.mod.fix.bam	0.0	5.61375144554e-06	0.000140343786139	0.00190306174004	0.00195358550305	0.000157185040475	1.12275028911e-05	3.92962601188e-05	2.24550057822e-05	4.49100115643e-05	2.80687572277e-05	6.73650173465e-05	5.05237630099e-05	2.80687572277e-05	0.000106661277465	1.12275028911e-05	7.85925202376e-05	5.05237630099e-05	0.000757856445148	0.000426645109861	0.00769645323184	0.00321667957829	0.000202095052039	0.000499623878653	0.00026384631794	0.000544533890217	0.000656808919128
TARA_032_SRF_0.22-1.6_G.freeze11.snv.mod.fix.bam	5.61375144554e-06	0.0	0.000140343786139	0.00199849551461	0.00208831553774	0.000174026294812	1.12275028911e-05	2.24550057822e-05	3.36825086732e-05	6.1751265901e-05	3.92962601188e-05	8.42062716831e-05	6.73650173465e-05	5.61375144554e-05	0.000168412543366	2.80687572277e-05	0.000145957537584	5.61375144554e-05	0.000870131474059	0.000611898907564	0.00813432584459	0.00354227716214	0.000247005063604	0.000634353913346	0.000342438838178	0.000561375144554	0.000718560185029
TARA_033_SRF_0.22-1.6_G.freeze11.snv.mod.fix.bam	0.000140343786139	0.000140343786139	0.0	0.00176833170535	0.00181324171691	0.000381735098297	0.000224550057822	0.000258232566495	0.000241391312158	0.000325597583841	0.000241391312158	0.000331211335287	0.000297528826614	0.000258232566495	0.000449100115643	0.000269460069386	0.000578216398891	0.000404190104079	0.00157185040475	0.00110590903477	0.00821291836483	0.00417101732404	0.000769083948039	0.000937496491405	0.000510851381544	0.00112275028911	0.00122379781513
TARA_038_DCM_0.22-1.6_G.freeze11.snv.mod.fix.bam	0.00190306174004	0.00199849551461	0.00176833170535	0.0	0.000331211335287	0.000926268988514	0.00168973918511	0.00206024678051	0.00191990299438	0.0021444530522	0.00184131047414	0.00186937923137	0.00177394545679	0.00183008297125	0.00205463302907	0.00166167042788	0.00217252180942	0.00201533676895	0.00324474833552	0.00287985449156	0.00918971111635	0.00525447135303	0.00253741565338	0.00258793941639	0.00108906778043	0.00302581202915	0.00304826703493
TARA_038_SRF_0.22-1.6_G.freeze11.snv.mod.fix.bam	0.00195358550305	0.00208831553774	0.00181324171691	0.000331211335287	0.0	0.00105538527176	0.00174587669956	0.00203217802329	0.00200410926606	0.00221743182099	0.00184692422558	0.00187499298281	0.00189183423715	0.00187499298281	0.0020714742834	0.00175149045101	0.00226234183255	0.00213883930075	0.00321106582685	0.00295283326035	0.00939180616839	0.00543972515073	0.00257109816206	0.0026496906823	0.00120134280935	0.00291353700024	0.00312685955517
TARA_039_DCM_0.22-1.6_G.freeze11.snv.mod.fix.bam	0.000157185040475	0.000174026294812	0.000381735098297	0.000926268988514	0.00105538527176	0.0	8.98200231287e-05	0.00015157128903	0.000140343786139	0.000241391312158	0.00010104752602	0.000145957537584	0.000123502531802	0.000106661277465	0.000303142578059	0.000106661277465	0.000381735098297	0.000241391312158	0.0013192315897	0.00108345402899	0.00833642089663	0.00419908608126	0.000628740161901	0.000858903971168	0.00026384631794	0.00104977152032	0.00121257031224
TARA_041_SRF_0.22-1.6_G.freeze11.snv.mod.fix.bam	1.12275028911e-05	1.12275028911e-05	0.000224550057822	0.00168973918511	0.00174587669956	8.98200231287e-05	0.0	0.0	0.0	2.24550057822e-05	5.61375144554e-06	2.24550057822e-05	5.61375144554e-06	1.12275028911e-05	0.000112275028911	0.0	0.000106661277465	2.80687572277e-05	0.00098240650297	0.000690491427802	0.00790977578677	0.00363209718527	0.00031437008095	0.000443486364198	0.00015157128903	0.000544533890217	0.000763470196594
TARA_042_SRF_0.22-1.6_G.freeze11.snv.mod.fix.bam	3.92962601188e-05	2.24550057822e-05	0.000258232566495	0.00206024678051	0.00203217802329	0.00015157128903	0.0	0.0	0.0	3.92962601188e-05	1.12275028911e-05	1.68412543366e-05	2.24550057822e-05	1.68412543366e-05	0.000162798791921	5.61375144554e-06	0.000157185040475	7.2978768792e-05	0.00110590903477	0.000741015190811	0.00829151088506	0.00400821853212	0.000381735098297	0.000606285156118	0.000224550057822	0.000707332682138	0.000853290219722
TARA_045_SRF_0.22-1.6_G.freeze11.snv.mod.fix.bam	2.24550057822e-05	3.36825086732e-05	0.000241391312158	0.00191990299438	0.00200410926606	0.000140343786139	0.0	0.0	0.0	1.12275028911e-05	1.68412543366e-05	2.80687572277e-05	2.24550057822e-05	1.12275028911e-05	0.000123502531802	0.0	9.54337745742e-05	4.49100115643e-05	0.000926268988514	0.00067926392491	0.007988368307	0.00354789091358	0.000308756329505	0.000494010127208	0.000258232566495	0.000645581416237	0.000797152705267
TARA_048_SRF_0.22-1.6_G.freeze11.snv.mod.fix.bam	4.49100115643e-05	6.1751265901e-05	0.000325597583841	0.0021444530522	0.00221743182099	0.000241391312158	2.24550057822e-05	3.92962601188e-05	1.12275028911e-05	0.0	4.49100115643e-05	5.61375144554e-05	0.000106661277465	7.2978768792e-05	0.000241391312158	1.68412543366e-05	0.000123502531802	2.80687572277e-05	0.0010104752602	0.00078031145093	0.00828589713362	0.00380612348008	0.000286301323723	0.000538920138772	0.000392962601188	0.000757856445148	0.000965565248633
TARA_056_SRF_0.22-3_G.freeze11.snv.mod.fix.bam	2.80687572277e-05	3.92962601188e-05	0.000241391312158	0.00184131047414	0.00184692422558	0.00010104752602	5.61375144554e-06	1.12275028911e-05	1.68412543366e-05	4.49100115643e-05	0.0	1.68412543366e-05	1.68412543366e-05	2.80687572277e-05	0.000168412543366	2.24550057822e-05	8.42062716831e-05	6.73650173465e-05	0.0010722265261	0.000752242693702	0.00777504575207	0.00345807089045	0.000398576352633	0.000449100115643	0.000179640046257	0.00072978768792	0.00088135897695
TARA_057_SRF_0.22-3_G.freeze11.snv.mod.fix.bam	6.73650173465e-05	8.42062716831e-05	0.000331211335287	0.00186937923137	0.00187499298281	0.000145957537584	2.24550057822e-05	1.68412543366e-05	2.80687572277e-05	5.61375144554e-05	1.68412543366e-05	0.0	5.05237630099e-05	3.36825086732e-05	0.00015157128903	2.24550057822e-05	0.000207708803485	0.00010104752602	0.00107784027754	0.00083083521394	0.00780872826075	0.00361525593093	0.000437872612752	0.000533306387326	0.000218936306376	0.000735401439366	0.00098240650297
TARA_058_DCM_0.22-3_G.freeze11.snv.mod.fix.bam	5.05237630099e-05	6.73650173465e-05	0.000297528826614	0.00177394545679	0.00189183423715	0.000123502531802	5.61375144554e-06	2.24550057822e-05	2.24550057822e-05	0.000106661277465	1.68412543366e-05	5.05237630099e-05	0.0	1.12275028911e-05	0.000123502531802	1.68412543366e-05	0.000145957537584	9.54337745742e-05	0.0010722265261	0.000808380208158	0.00769083948039	0.00343000213323	0.00041541760697	0.000477168872871	0.000140343786139	0.000707332682138	0.000892586479841
TARA_062_SRF_0.22-3_G.freeze11.snv.mod.fix.bam	2.80687572277e-05	5.61375144554e-05	0.000258232566495	0.00183008297125	0.00187499298281	0.000106661277465	1.12275028911e-05	1.68412543366e-05	1.12275028911e-05	7.2978768792e-05	2.80687572277e-05	3.36825086732e-05	1.12275028911e-05	0.0	0.000145957537584	1.12275028911e-05	0.000185253797703	0.000129116283247	0.00111713653766	0.000741015190811	0.00783118326653	0.0034636846419	0.00046594136998	0.000628740161901	0.000185253797703	0.000741015190811	0.000842062716831
TARA_064_DCM_0.22-3_G.freeze11.snv.mod.fix.bam	0.000106661277465	0.000168412543366	0.000449100115643	0.00205463302907	0.0020714742834	0.000303142578059	0.000112275028911	0.000162798791921	0.000123502531802	0.000241391312158	0.000168412543366	0.00015157128903	0.000123502531802	0.000145957537584	0.0	7.85925202376e-05	0.000247005063604	0.000174026294812	0.000971179000079	0.000634353913346	0.00758417820293	0.00317738331818	0.000392962601188	0.000718560185029	0.000443486364198	0.000965565248633	0.00106661277465
TARA_064_SRF_0.22-3_G.freeze11.snv.mod.fix.bam	1.12275028911e-05	2.80687572277e-05	0.000269460069386	0.00166167042788	0.00175149045101	0.000106661277465	0.0	5.61375144554e-06	0.0	1.68412543366e-05	2.24550057822e-05	2.24550057822e-05	1.68412543366e-05	1.12275028911e-05	7.85925202376e-05	0.0	4.49100115643e-05	1.68412543366e-05	0.000673650173465	0.000381735098297	0.00739331065378	0.00279003446843	0.000129116283247	0.000353666341069	0.000241391312158	0.000606285156118	0.000757856445148
TARA_072_MES_0.22-3_G.freeze11.snv.mod.fix.bam	7.85925202376e-05	0.000145957537584	0.000578216398891	0.00217252180942	0.00226234183255	0.000381735098297	0.000106661277465	0.000157185040475	9.54337745742e-05	0.000123502531802	8.42062716831e-05	0.000207708803485	0.000145957537584	0.000185253797703	0.000247005063604	4.49100115643e-05	0.0	9.54337745742e-05	0.000959951497188	0.000707332682138	0.00728664937631	0.00291915075168	0.000336825086732	0.000426645109861	0.00051646513299	0.000926268988514	0.00102170276309
TARA_072_SRF_0.22-3_G.freeze11.snv.mod.fix.bam	5.05237630099e-05	5.61375144554e-05	0.000404190104079	0.00201533676895	0.00213883930075	0.000241391312158	2.80687572277e-05	7.2978768792e-05	4.49100115643e-05	2.80687572277e-05	6.73650173465e-05	0.00010104752602	9.54337745742e-05	0.000129116283247	0.000174026294812	1.68412543366e-05	9.54337745742e-05	0.0	0.000853290219722	0.000583830150336	0.0074943581798	0.00296967451469	0.000286301323723	0.000319983832396	0.00041541760697	0.000802766456712	0.00104415776887
TARA_076_SRF_0.22-3_G.freeze11.snv.mod.fix.bam	0.000757856445148	0.000870131474059	0.00157185040475	0.00324474833552	0.00321106582685	0.0013192315897	0.00098240650297	0.00110590903477	0.000926268988514	0.0010104752602	0.0010722265261	0.00107784027754	0.0010722265261	0.00111713653766	0.000971179000079	0.000673650173465	0.000959951497188	0.000853290219722	0.0	0.00119011530645	0.00746628942257	0.00285739948578	0.000724173936475	0.00159430541053	0.00158307790764	0.00205463302907	0.00219497681521
TARA_078_SRF_0.22-3_G.freeze11.snv.mod.fix.bam	0.000426645109861	0.000611898907564	0.00110590903477	0.00287985449156	0.00295283326035	0.00108345402899	0.000690491427802	0.000741015190811	0.00067926392491	0.00078031145093	0.000752242693702	0.00083083521394	0.000808380208158	0.000741015190811	0.000634353913346	0.000381735098297	0.000707332682138	0.000583830150336	0.00119011530645	0.0	0.00709578182716	0.00262723567651	0.000370507595406	0.00124063906946	0.00109468153188	0.00171780794234	0.00181324171691
TARA_099_SRF_0.22-3_G.freeze11.snv.mod.fix.bam	0.00769645323184	0.00813432584459	0.00821291836483	0.00918971111635	0.00939180616839	0.00833642089663	0.00790977578677	0.00829151088506	0.007988368307	0.00828589713362	0.00777504575207	0.00780872826075	0.00769083948039	0.00783118326653	0.00758417820293	0.00739331065378	0.00728664937631	0.0074943581798	0.00746628942257	0.00709578182716	0.0	0.0032784308442	0.00725858061908	0.00741015190811	0.00822975961916	0.00895393355564	0.00897077480997
TARA_112_SRF_0.22-3_G.freeze11.snv.mod.fix.bam	0.00321667957829	0.00354227716214	0.00417101732404	0.00525447135303	0.00543972515073	0.00419908608126	0.00363209718527	0.00400821853212	0.00354789091358	0.00380612348008	0.00345807089045	0.00361525593093	0.00343000213323	0.0034636846419	0.00317738331818	0.00279003446843	0.00291915075168	0.00296967451469	0.00285739948578	0.00262723567651	0.0032784308442	0.0	0.00276196571121	0.00298090201758	0.00390155725465	0.0049681700293	0.00514781007556
TARA_132_SRF_0.22-3_G.freeze11.snv.mod.fix.bam	0.000202095052039	0.000247005063604	0.000769083948039	0.00253741565338	0.00257109816206	0.000628740161901	0.00031437008095	0.000381735098297	0.000308756329505	0.000286301323723	0.000398576352633	0.000437872612752	0.00041541760697	0.00046594136998	0.000392962601188	0.000129116283247	0.000336825086732	0.000286301323723	0.000724173936475	0.000370507595406	0.00725858061908	0.00276196571121	0.0	0.000808380208158	0.000763470196594	0.00121257031224	0.00138659660705
TARA_138_SRF_0.22-3_G.freeze11.snv.mod.fix.bam	0.000499623878653	0.000634353913346	0.000937496491405	0.00258793941639	0.0026496906823	0.000858903971168	0.000443486364198	0.000606285156118	0.000494010127208	0.000538920138772	0.000449100115643	0.000533306387326	0.000477168872871	0.000628740161901	0.000718560185029	0.000353666341069	0.000426645109861	0.000319983832396	0.00159430541053	0.00124063906946	0.00741015190811	0.00298090201758	0.000808380208158	0.0	0.00103293026598	0.00175149045101	0.0020097230175
TARA_140_SRF_0.22-3_G.freeze11.snv.mod.fix.bam	0.00026384631794	0.000342438838178	0.000510851381544	0.00108906778043	0.00120134280935	0.00026384631794	0.00015157128903	0.000224550057822	0.000258232566495	0.000392962601188	0.000179640046257	0.000218936306376	0.000140343786139	0.000185253797703	0.000443486364198	0.000241391312158	0.00051646513299	0.00041541760697	0.00158307790764	0.00109468153188	0.00822975961916	0.00390155725465	0.000763470196594	0.00103293026598	0.0	0.00116204654923	0.00129116283247
TARA_142_DCM_0.22-3_G.freeze11.snv.mod.fix.bam	0.000544533890217	0.000561375144554	0.00112275028911	0.00302581202915	0.00291353700024	0.00104977152032	0.000544533890217	0.000707332682138	0.000645581416237	0.000757856445148	0.00072978768792	0.000735401439366	0.000707332682138	0.000741015190811	0.000965565248633	0.000606285156118	0.000926268988514	0.000802766456712	0.00205463302907	0.00171780794234	0.00895393355564	0.0049681700293	0.00121257031224	0.00175149045101	0.00116204654923	0.0	0.000117888780356
TARA_142_SRF_0.22-3_G.freeze11.snv.mod.fix.bam	0.000656808919128	0.000718560185029	0.00122379781513	0.00304826703493	0.00312685955517	0.00121257031224	0.000763470196594	0.000853290219722	0.000797152705267	0.000965565248633	0.00088135897695	0.00098240650297	0.000892586479841	0.000842062716831	0.00106661277465	0.000757856445148	0.00102170276309	0.00104415776887	0.00219497681521	0.00181324171691	0.00897077480997	0.00514781007556	0.00138659660705	0.0020097230175	0.00129116283247	0.000117888780356	0.0
