	TARA_031_SRF_0.22-1.6_G.freeze11.snv.mod.fix.bam	TARA_032_SRF_0.22-1.6_G.freeze11.snv.mod.fix.bam	TARA_038_DCM_0.22-1.6_G.freeze11.snv.mod.fix.bam	TARA_038_SRF_0.22-1.6_G.freeze11.snv.mod.fix.bam	TARA_039_DCM_0.22-1.6_G.freeze11.snv.mod.fix.bam	TARA_041_SRF_0.22-1.6_G.freeze11.snv.mod.fix.bam	TARA_042_SRF_0.22-1.6_G.freeze11.snv.mod.fix.bam	TARA_045_SRF_0.22-1.6_G.freeze11.snv.mod.fix.bam	TARA_048_SRF_0.22-1.6_G.freeze11.snv.mod.fix.bam	TARA_056_SRF_0.22-3_G.freeze11.snv.mod.fix.bam	TARA_057_SRF_0.22-3_G.freeze11.snv.mod.fix.bam	TARA_058_DCM_0.22-3_G.freeze11.snv.mod.fix.bam	TARA_062_SRF_0.22-3_G.freeze11.snv.mod.fix.bam	TARA_064_DCM_0.22-3_G.freeze11.snv.mod.fix.bam	TARA_064_SRF_0.22-3_G.freeze11.snv.mod.fix.bam	TARA_072_MES_0.22-3_G.freeze11.snv.mod.fix.bam	TARA_072_SRF_0.22-3_G.freeze11.snv.mod.fix.bam	TARA_076_SRF_0.22-3_G.freeze11.snv.mod.fix.bam	TARA_078_SRF_0.22-3_G.freeze11.snv.mod.fix.bam	TARA_098_SRF_0.22-3_G.freeze11.snv.mod.fix.bam	TARA_099_SRF_0.22-3_G.freeze11.snv.mod.fix.bam	TARA_112_SRF_0.22-3_G.freeze11.snv.mod.fix.bam	TARA_132_SRF_0.22-3_G.freeze11.snv.mod.fix.bam	TARA_138_SRF_0.22-3_G.freeze11.snv.mod.fix.bam	TARA_140_SRF_0.22-3_G.freeze11.snv.mod.fix.bam	TARA_142_DCM_0.22-3_G.freeze11.snv.mod.fix.bam	TARA_142_SRF_0.22-3_G.freeze11.snv.mod.fix.bam
TARA_031_SRF_0.22-1.6_G.freeze11.snv.mod.fix.bam	0.0	0.0	0.00160505675613	0.00171261210577	0.000165469768673	1.65469768673e-05	5.79144190356e-05	8.27348843366e-06	2.4820465301e-05	5.79144190356e-05	5.79144190356e-05	1.65469768673e-05	3.30939537347e-05	0.000148922791806	0.0	6.61879074693e-05	4.13674421683e-05	0.000529503259754	0.000289572095178	0.0050633749214	0.00826521494523	0.00290399444022	0.00015719628024	0.000504682794453	0.000438494886984	0.000256478141444	0.000397127444816
TARA_032_SRF_0.22-1.6_G.freeze11.snv.mod.fix.bam	0.0	0.0	0.00175397954794	0.00194426978191	0.000182016745541	0.0	2.4820465301e-05	0.0	1.65469768673e-05	8.27348843366e-06	3.30939537347e-05	3.30939537347e-05	2.4820465301e-05	0.000190290233974	0.0	7.4461395903e-05	2.4820465301e-05	0.000703246516861	0.000347486514214	0.00522884469008	0.00871198332065	0.00308601118576	0.000132375814939	0.000661879074693	0.000529503259754	0.000239931164576	0.000397127444816
TARA_038_DCM_0.22-1.6_G.freeze11.snv.mod.fix.bam	0.00160505675613	0.00175397954794	0.0	0.00043022139855	0.000686699539994	0.00148095442963	0.00183671443227	0.00172915908264	0.00189462885131	0.00171261210577	0.0017457060595	0.0015719628024	0.00166297117517	0.00186980838601	0.00151404838336	0.00195254327034	0.00201045768938	0.00266406327564	0.00233312373829	0.00701591819175	0.00945659727968	0.00507164840984	0.00216765396962	0.00261442234504	0.00125757024192	0.00236621769203	0.00268061025251
TARA_038_SRF_0.22-1.6_G.freeze11.snv.mod.fix.bam	0.00171261210577	0.00194426978191	0.00043022139855	0.0	0.00106728000794	0.00168779164047	0.00201873117781	0.00178707350167	0.00200218420095	0.0017953469901	0.00187808187444	0.00176225303637	0.0017457060595	0.00193599629348	0.00161333024456	0.00197736373565	0.00206009861998	0.00292054141708	0.00249032001853	0.00672634609657	0.00941522983751	0.00494754608333	0.00220074792335	0.00268888374094	0.00131548466095	0.00251514048383	0.00273025118311
TARA_039_DCM_0.22-1.6_G.freeze11.snv.mod.fix.bam	0.000165469768673	0.000182016745541	0.000686699539994	0.00106728000794	0.0	8.27348843366e-05	0.000190290233974	0.000173743257107	0.000223384187709	0.000190290233974	0.000206837210842	0.00015719628024	0.000148922791806	0.000322666048913	9.9281861204e-05	0.000380580467949	0.000264751629877	0.00110037396168	0.000719793493729	0.00578316841513	0.00874507727438	0.00385544561009	0.000512956282887	0.00106728000794	0.000413674421683	0.000603964655657	0.000876989773968
TARA_041_SRF_0.22-1.6_G.freeze11.snv.mod.fix.bam	1.65469768673e-05	0.0	0.00148095442963	0.00168779164047	8.27348843366e-05	0.0	8.27348843366e-06	0.0	2.4820465301e-05	1.65469768673e-05	2.4820465301e-05	8.27348843366e-06	8.27348843366e-06	0.000182016745541	0.0	0.000124102326505	5.79144190356e-05	0.000785981401198	0.000421947910117	0.00525366515538	0.00864579541318	0.00330939537347	0.000198563722408	0.000603964655657	0.000273025118311	0.000264751629877	0.000438494886984
TARA_042_SRF_0.22-1.6_G.freeze11.snv.mod.fix.bam	5.79144190356e-05	2.4820465301e-05	0.00183671443227	0.00201873117781	0.000190290233974	8.27348843366e-06	0.0	2.4820465301e-05	2.4820465301e-05	8.27348843366e-06	4.9640930602e-05	4.9640930602e-05	5.79144190356e-05	0.000239931164576	0.0	0.000148922791806	7.4461395903e-05	0.00100109210047	0.000537776748188	0.00550186980839	0.00901810239269	0.00378098421418	0.000264751629877	0.000686699539994	0.000421947910117	0.000322666048913	0.000388853956382
TARA_045_SRF_0.22-1.6_G.freeze11.snv.mod.fix.bam	8.27348843366e-06	0.0	0.00172915908264	0.00178707350167	0.000173743257107	0.0	2.4820465301e-05	0.0	0.0	1.65469768673e-05	0.0	0.0	1.65469768673e-05	0.000132375814939	0.0	7.4461395903e-05	4.13674421683e-05	0.000686699539994	0.000413674421683	0.0050137339908	0.00858788099414	0.00299500281299	0.000165469768673	0.000570870701923	0.000372306979515	0.000281298606745	0.000397127444816
TARA_048_SRF_0.22-1.6_G.freeze11.snv.mod.fix.bam	2.4820465301e-05	1.65469768673e-05	0.00189462885131	0.00200218420095	0.000223384187709	2.4820465301e-05	2.4820465301e-05	0.0	0.0	3.30939537347e-05	4.9640930602e-05	7.4461395903e-05	4.9640930602e-05	0.000148922791806	8.27348843366e-06	0.000140649303372	3.30939537347e-05	0.000794254889632	0.000537776748188	0.00523711817851	0.00871198332065	0.00320184002383	0.000148922791806	0.000628785120958	0.000512956282887	0.00033921302578	0.000455041863851
TARA_056_SRF_0.22-3_G.freeze11.snv.mod.fix.bam	5.79144190356e-05	8.27348843366e-06	0.00171261210577	0.0017953469901	0.000190290233974	1.65469768673e-05	8.27348843366e-06	1.65469768673e-05	3.30939537347e-05	0.0	2.4820465301e-05	0.0	3.30939537347e-05	0.000165469768673	2.4820465301e-05	0.000124102326505	3.30939537347e-05	0.000752887447463	0.000421947910117	0.00503028096767	0.00841413773704	0.00306119072046	0.000190290233974	0.000463315352285	0.000372306979515	0.000289572095178	0.000438494886984
TARA_057_SRF_0.22-3_G.freeze11.snv.mod.fix.bam	5.79144190356e-05	3.30939537347e-05	0.0017457060595	0.00187808187444	0.000206837210842	2.4820465301e-05	4.9640930602e-05	0.0	4.9640930602e-05	2.4820465301e-05	0.0	2.4820465301e-05	1.65469768673e-05	0.000182016745541	1.65469768673e-05	0.000165469768673	8.27348843366e-05	0.000761160935897	0.000471588840719	0.00527021213224	0.00853824006354	0.00321838700069	0.000281298606745	0.00067842605156	0.000273025118311	0.000347486514214	0.000512956282887
TARA_058_DCM_0.22-3_G.freeze11.snv.mod.fix.bam	1.65469768673e-05	3.30939537347e-05	0.0015719628024	0.00176225303637	0.00015719628024	8.27348843366e-06	4.9640930602e-05	0.0	7.4461395903e-05	0.0	2.4820465301e-05	0.0	8.27348843366e-06	0.000190290233974	1.65469768673e-05	0.000148922791806	8.27348843366e-05	0.000777707912764	0.000504682794453	0.0050633749214	0.00849687262137	0.00316047258166	0.000306119072046	0.000595691167224	0.000281298606745	0.000405400933249	0.000570870701923
TARA_062_SRF_0.22-3_G.freeze11.snv.mod.fix.bam	3.30939537347e-05	2.4820465301e-05	0.00166297117517	0.0017457060595	0.000148922791806	8.27348843366e-06	5.79144190356e-05	1.65469768673e-05	4.9640930602e-05	3.30939537347e-05	1.65469768673e-05	8.27348843366e-06	0.0	0.000148922791806	0.0	0.000182016745541	5.79144190356e-05	0.00074461395903	0.000372306979515	0.00516265678261	0.00837277029487	0.00307773769732	0.000198563722408	0.000645332097826	0.000215110699275	0.000364033491081	0.000438494886984
TARA_064_DCM_0.22-3_G.freeze11.snv.mod.fix.bam	0.000148922791806	0.000190290233974	0.00186980838601	0.00193599629348	0.000322666048913	0.000182016745541	0.000239931164576	0.000132375814939	0.000148922791806	0.000165469768673	0.000182016745541	0.000190290233974	0.000148922791806	0.0	4.9640930602e-05	0.000289572095178	0.000281298606745	0.000728066982162	0.000405400933249	0.00482344375683	0.00813283913029	0.00279643909058	0.000306119072046	0.00092663070457	0.000504682794453	0.000703246516861	0.000852169308667
TARA_064_SRF_0.22-3_G.freeze11.snv.mod.fix.bam	0.0	0.0	0.00151404838336	0.00161333024456	9.9281861204e-05	0.0	0.0	0.0	8.27348843366e-06	2.4820465301e-05	1.65469768673e-05	1.65469768673e-05	0.0	4.9640930602e-05	0.0	4.9640930602e-05	8.27348843366e-06	0.000488135817586	0.000223384187709	0.00442631631201	0.00792600191945	0.00247377304167	7.4461395903e-05	0.000504682794453	0.000314392560479	0.000306119072046	0.000421947910117
TARA_072_MES_0.22-3_G.freeze11.snv.mod.fix.bam	6.61879074693e-05	7.4461395903e-05	0.00195254327034	0.00197736373565	0.000380580467949	0.000124102326505	0.000148922791806	7.4461395903e-05	0.000140649303372	0.000124102326505	0.000165469768673	0.000148922791806	0.000182016745541	0.000289572095178	4.9640930602e-05	0.0	5.79144190356e-05	0.00067842605156	0.000546050236622	0.00464142701129	0.00804183075752	0.00278816560214	0.000198563722408	0.000521229771321	0.000785981401198	0.000562597213489	0.000819075354933
TARA_072_SRF_0.22-3_G.freeze11.snv.mod.fix.bam	4.13674421683e-05	2.4820465301e-05	0.00201045768938	0.00206009861998	0.000264751629877	5.79144190356e-05	7.4461395903e-05	4.13674421683e-05	3.30939537347e-05	3.30939537347e-05	8.27348843366e-05	8.27348843366e-05	5.79144190356e-05	0.000281298606745	8.27348843366e-06	5.79144190356e-05	0.0	0.000711520005295	0.000471588840719	0.00482344375683	0.00838931727173	0.00277989211371	0.000132375814939	0.000347486514214	0.000686699539994	0.00043022139855	0.000570870701923
TARA_076_SRF_0.22-3_G.freeze11.snv.mod.fix.bam	0.000529503259754	0.000703246516861	0.00266406327564	0.00292054141708	0.00110037396168	0.000785981401198	0.00100109210047	0.000686699539994	0.000794254889632	0.000752887447463	0.000761160935897	0.000777707912764	0.00074461395903	0.000728066982162	0.000488135817586	0.00067842605156	0.000711520005295	0.0	0.000893536750836	0.00475725584936	0.00820730052619	0.00279643909058	0.00067842605156	0.00158023629083	0.00129893768409	0.00139821954529	0.00165469768673
TARA_078_SRF_0.22-3_G.freeze11.snv.mod.fix.bam	0.000289572095178	0.000347486514214	0.00233312373829	0.00249032001853	0.000719793493729	0.000421947910117	0.000537776748188	0.000413674421683	0.000537776748188	0.000421947910117	0.000471588840719	0.000504682794453	0.000372306979515	0.000405400933249	0.000223384187709	0.000546050236622	0.000471588840719	0.000893536750836	0.0	0.00445941026574	0.00763642982427	0.00233312373829	0.000372306979515	0.00129066419565	0.00099281861204	0.00109210047324	0.00131548466095
TARA_098_SRF_0.22-3_G.freeze11.snv.mod.fix.bam	0.0050633749214	0.00522884469008	0.00701591819175	0.00672634609657	0.00578316841513	0.00525366515538	0.00550186980839	0.0050137339908	0.00523711817851	0.00503028096767	0.00527021213224	0.0050633749214	0.00516265678261	0.00482344375683	0.00442631631201	0.00464142701129	0.00482344375683	0.00475725584936	0.00445941026574	0.0	0.00542740841248	0.00125757024192	0.00418638514743	0.00551014329682	0.00588245027633	0.00616374888308	0.00636231260549
TARA_099_SRF_0.22-3_G.freeze11.snv.mod.fix.bam	0.00826521494523	0.00871198332065	0.00945659727968	0.00941522983751	0.00874507727438	0.00864579541318	0.00901810239269	0.00858788099414	0.00871198332065	0.00841413773704	0.00853824006354	0.00849687262137	0.00837277029487	0.00813283913029	0.00792600191945	0.00804183075752	0.00838931727173	0.00820730052619	0.00763642982427	0.00542740841248	0.0	0.00354105304961	0.00814111261872	0.00820730052619	0.00864579541318	0.00964688751365	0.00984545123606
TARA_112_SRF_0.22-3_G.freeze11.snv.mod.fix.bam	0.00290399444022	0.00308601118576	0.00507164840984	0.00494754608333	0.00385544561009	0.00330939537347	0.00378098421418	0.00299500281299	0.00320184002383	0.00306119072046	0.00321838700069	0.00316047258166	0.00307773769732	0.00279643909058	0.00247377304167	0.00278816560214	0.00277989211371	0.00279643909058	0.00233312373829	0.00125757024192	0.00354105304961	0.0	0.00247377304167	0.00321011351226	0.00378925770262	0.00431876096237	0.00445941026574
TARA_132_SRF_0.22-3_G.freeze11.snv.mod.fix.bam	0.00015719628024	0.000132375814939	0.00216765396962	0.00220074792335	0.000512956282887	0.000198563722408	0.000264751629877	0.000165469768673	0.000148922791806	0.000190290233974	0.000281298606745	0.000306119072046	0.000198563722408	0.000306119072046	7.4461395903e-05	0.000198563722408	0.000132375814939	0.00067842605156	0.000372306979515	0.00418638514743	0.00814111261872	0.00247377304167	0.0	0.000620511632525	0.000893536750836	0.000612238144091	0.000802528378065
TARA_138_SRF_0.22-3_G.freeze11.snv.mod.fix.bam	0.000504682794453	0.000661879074693	0.00261442234504	0.00268888374094	0.00106728000794	0.000603964655657	0.000686699539994	0.000570870701923	0.000628785120958	0.000463315352285	0.00067842605156	0.000595691167224	0.000645332097826	0.00092663070457	0.000504682794453	0.000521229771321	0.000347486514214	0.00158023629083	0.00129066419565	0.00551014329682	0.00820730052619	0.00321011351226	0.000620511632525	0.0	0.00132375814939	0.00165469768673	0.00165469768673
TARA_140_SRF_0.22-3_G.freeze11.snv.mod.fix.bam	0.000438494886984	0.000529503259754	0.00125757024192	0.00131548466095	0.000413674421683	0.000273025118311	0.000421947910117	0.000372306979515	0.000512956282887	0.000372306979515	0.000273025118311	0.000281298606745	0.000215110699275	0.000504682794453	0.000314392560479	0.000785981401198	0.000686699539994	0.00129893768409	0.00099281861204	0.00588245027633	0.00864579541318	0.00378925770262	0.000893536750836	0.00132375814939	0.0	0.00107555349638	0.00143131349902
TARA_142_DCM_0.22-3_G.freeze11.snv.mod.fix.bam	0.000256478141444	0.000239931164576	0.00236621769203	0.00251514048383	0.000603964655657	0.000264751629877	0.000322666048913	0.000281298606745	0.00033921302578	0.000289572095178	0.000347486514214	0.000405400933249	0.000364033491081	0.000703246516861	0.000306119072046	0.000562597213489	0.00043022139855	0.00139821954529	0.00109210047324	0.00616374888308	0.00964688751365	0.00431876096237	0.000612238144091	0.00165469768673	0.00107555349638	0.0	6.61879074693e-05
TARA_142_SRF_0.22-3_G.freeze11.snv.mod.fix.bam	0.000397127444816	0.000397127444816	0.00268061025251	0.00273025118311	0.000876989773968	0.000438494886984	0.000388853956382	0.000397127444816	0.000455041863851	0.000438494886984	0.000512956282887	0.000570870701923	0.000438494886984	0.000852169308667	0.000421947910117	0.000819075354933	0.000570870701923	0.00165469768673	0.00131548466095	0.00636231260549	0.00984545123606	0.00445941026574	0.000802528378065	0.00165469768673	0.00143131349902	6.61879074693e-05	0.0
