	TARA_031_SRF_0.22-1.6_G.freeze11.snv.mod.fix.bam	TARA_032_SRF_0.22-1.6_G.freeze11.snv.mod.fix.bam	TARA_033_SRF_0.22-1.6_G.freeze11.snv.mod.fix.bam	TARA_038_DCM_0.22-1.6_G.freeze11.snv.mod.fix.bam	TARA_038_SRF_0.22-1.6_G.freeze11.snv.mod.fix.bam	TARA_039_DCM_0.22-1.6_G.freeze11.snv.mod.fix.bam	TARA_041_SRF_0.22-1.6_G.freeze11.snv.mod.fix.bam	TARA_042_SRF_0.22-1.6_G.freeze11.snv.mod.fix.bam	TARA_045_SRF_0.22-1.6_G.freeze11.snv.mod.fix.bam	TARA_048_SRF_0.22-1.6_G.freeze11.snv.mod.fix.bam	TARA_056_SRF_0.22-3_G.freeze11.snv.mod.fix.bam	TARA_057_SRF_0.22-3_G.freeze11.snv.mod.fix.bam	TARA_058_DCM_0.22-3_G.freeze11.snv.mod.fix.bam	TARA_062_SRF_0.22-3_G.freeze11.snv.mod.fix.bam	TARA_064_DCM_0.22-3_G.freeze11.snv.mod.fix.bam	TARA_064_SRF_0.22-3_G.freeze11.snv.mod.fix.bam	TARA_072_MES_0.22-3_G.freeze11.snv.mod.fix.bam	TARA_072_SRF_0.22-3_G.freeze11.snv.mod.fix.bam	TARA_076_SRF_0.22-3_G.freeze11.snv.mod.fix.bam	TARA_078_SRF_0.22-3_G.freeze11.snv.mod.fix.bam	TARA_098_SRF_0.22-3_G.freeze11.snv.mod.fix.bam	TARA_099_SRF_0.22-3_G.freeze11.snv.mod.fix.bam	TARA_112_SRF_0.22-3_G.freeze11.snv.mod.fix.bam	TARA_132_SRF_0.22-3_G.freeze11.snv.mod.fix.bam	TARA_138_SRF_0.22-3_G.freeze11.snv.mod.fix.bam	TARA_140_SRF_0.22-3_G.freeze11.snv.mod.fix.bam	TARA_142_DCM_0.22-3_G.freeze11.snv.mod.fix.bam	TARA_142_SRF_0.22-3_G.freeze11.snv.mod.fix.bam
TARA_031_SRF_0.22-1.6_G.freeze11.snv.mod.fix.bam	0.0	0.0197359800095	0.0336134699262	0.0440978752904	0.0450521814473	0.0337490192622	0.0258061594436	0.0269247949644	0.0255120063605	0.0270995352369	0.0280235074954	0.0307984500213	0.030636100988	0.0314233243246	0.0350405169375	0.0255726322036	0.0344819737558	0.0297281174357	0.0391655842449	0.0375270118262	0.0505655147371	0.0575401729926	0.0469571001592	0.0301208751932	0.0385126730816	0.0390755651804	0.0322744995224	0.0329770251071
TARA_032_SRF_0.22-1.6_G.freeze11.snv.mod.fix.bam	0.0197359800095	0.0	0.0313130517301	0.0433887419568	0.0443698748796	0.0326091490746	0.0260477749246	0.0261000813777	0.0259767710437	0.0267626666493	0.0282279753101	0.0308982626903	0.0313977087754	0.0321923466708	0.0355008305263	0.0271208283495	0.03402696707	0.0291109503086	0.0387642574325	0.0373633653674	0.0493628859176	0.0558759015256	0.0474368262818	0.029838314925	0.0376442271947	0.0391958945918	0.0296545716056	0.0301922237065
TARA_033_SRF_0.22-1.6_G.freeze11.snv.mod.fix.bam	0.0336134699262	0.0313130517301	0.0	0.0452341108724	0.0458831933403	0.0357420371891	0.0348456966759	0.0340859380465	0.0356318852329	0.036068087255	0.0358747286397	0.0367816181408	0.0381895662147	0.038332292745	0.0410145764618	0.0372135800337	0.0398409601421	0.0368752372313	0.0437882690402	0.0422907226332	0.0526875354045	0.0580599075047	0.0531536892627	0.0379112033491	0.0428112280452	0.0417061129288	0.0354204936589	0.0357649366037
TARA_038_DCM_0.22-1.6_G.freeze11.snv.mod.fix.bam	0.0440978752904	0.0433887419568	0.0452341108724	0.0	0.0370701516614	0.0400926935828	0.0426359500281	0.0428877703567	0.0436581747834	0.0443374067471	0.0435661849567	0.0442064885356	0.0448511718441	0.0449056293772	0.0462820149107	0.0427389156158	0.0457240338559	0.0435296093045	0.0496839003467	0.0474537781635	0.0575655769432	0.0625999580017	0.0565535422914	0.0451055	0.0477718400835	0.045529320026	0.0446993903951	0.0448438360309
TARA_038_SRF_0.22-1.6_G.freeze11.snv.mod.fix.bam	0.0450521814473	0.0443698748796	0.0458831933403	0.0370701516614	0.0	0.0416921373143	0.0436297104388	0.043657852157	0.0444405254493	0.0450108171285	0.0444582982884	0.0450745161428	0.0456679025357	0.0458463457351	0.0471835481204	0.0438315431931	0.0462093198146	0.0440145890077	0.0503991539099	0.0480993816635	0.0580513604004	0.0629173296492	0.0574905369472	0.0459028525017	0.0479493367869	0.0464980461737	0.0451504591074	0.0453356959035
TARA_039_DCM_0.22-1.6_G.freeze11.snv.mod.fix.bam	0.0337490192622	0.0326091490746	0.0357420371891	0.0400926935828	0.0416921373143	0.0	0.0303997471471	0.0308675412923	0.0321694396519	0.0334598464489	0.0321600722871	0.0332050302983	0.0340128619863	0.0344328678545	0.0384735446266	0.0332805024031	0.0378969817937	0.0344645520057	0.0423896845625	0.0403232524654	0.0517361547964	0.0575075877821	0.0509925568566	0.0360750748945	0.0405714663549	0.0375177951048	0.0351284388542	0.0355422903079
TARA_041_SRF_0.22-1.6_G.freeze11.snv.mod.fix.bam	0.0258061594436	0.0260477749246	0.0348456966759	0.0426359500281	0.0436297104388	0.0303997471471	0.0	0.0230877187814	0.0221778925386	0.0252066598158	0.0244645957668	0.0274171738686	0.0269825312099	0.0281769781858	0.0346765087669	0.0250976671195	0.0340654199119	0.0292476766955	0.039635250691	0.0375378311685	0.0509289128764	0.0575597468947	0.0475576963286	0.0306255038161	0.0377254775627	0.0360199168489	0.0327402098866	0.0335015304293
TARA_042_SRF_0.22-1.6_G.freeze11.snv.mod.fix.bam	0.0269247949644	0.0261000813777	0.0340859380465	0.0428877703567	0.043657852157	0.0308675412923	0.0230877187814	0.0	0.0233667923705	0.0250237033376	0.0262421171692	0.0288514934477	0.029128311102	0.0302021756396	0.0351189132867	0.027268586561	0.0338018281311	0.0289567562739	0.0391282293771	0.0376664029058	0.0497375104883	0.0563734965955	0.047990736073	0.0303924593778	0.0372335775653	0.0373890124973	0.0310371922452	0.031615356928
TARA_045_SRF_0.22-1.6_G.freeze11.snv.mod.fix.bam	0.0255120063605	0.0259767710437	0.0356318852329	0.0436581747834	0.0444405254493	0.0321694396519	0.0221778925386	0.0233667923705	0.0	0.0222503037107	0.0251869016972	0.0283338813272	0.0278216190406	0.0294174291848	0.0344864407654	0.0242451540902	0.0337336513705	0.0284949455667	0.0394811887502	0.0376004618847	0.0509313615372	0.0576133789536	0.0472250406336	0.029836679912	0.0375102071225	0.0375304234604	0.0328922214693	0.0335657936365
TARA_048_SRF_0.22-1.6_G.freeze11.snv.mod.fix.bam	0.0270995352369	0.0267626666493	0.036068087255	0.0443374067471	0.0450108171285	0.0334598464489	0.0252066598158	0.0250237033376	0.0222503037107	0.0	0.0277644789778	0.0308812151638	0.031274134825	0.0324793672574	0.0354210439103	0.0265342791585	0.0334625195354	0.0282916084866	0.0386041097112	0.0376190301991	0.0494725738235	0.056375304267	0.0471015749307	0.0291689836704	0.0367630253119	0.0397073310819	0.0321916334546	0.0328156958749
TARA_056_SRF_0.22-3_G.freeze11.snv.mod.fix.bam	0.0280235074954	0.0282279753101	0.0358747286397	0.0435661849567	0.0444582982884	0.0321600722871	0.0244645957668	0.0262421171692	0.0251869016972	0.0277644789778	0.0	0.0267807920129	0.0264108544344	0.0281177030811	0.0352141469303	0.0266330213538	0.0347012402898	0.0301192186885	0.040551222201	0.0383444799166	0.0513589658237	0.0578859810413	0.0479387976961	0.0320277988326	0.0374373777103	0.0368216021851	0.0341376082832	0.0349137814252
TARA_057_SRF_0.22-3_G.freeze11.snv.mod.fix.bam	0.0307984500213	0.0308982626903	0.0367816181408	0.0442064885356	0.0450745161428	0.0332050302983	0.0274171738686	0.0288514934477	0.0283338813272	0.0308812151638	0.0267807920129	0.0	0.0286540274362	0.0297779165161	0.0366573870218	0.0296237778086	0.0367007451243	0.0328691849854	0.0422019973922	0.0399445926519	0.0527934845076	0.0590552706771	0.0497807591176	0.0345220001333	0.0400883884287	0.0375215137087	0.0358595463278	0.0365666705188
TARA_058_DCM_0.22-3_G.freeze11.snv.mod.fix.bam	0.030636100988	0.0313977087754	0.0381895662147	0.0448511718441	0.0456679025357	0.0340128619863	0.0269825312099	0.029128311102	0.0278216190406	0.031274134825	0.0264108544344	0.0286540274362	0.0	0.0286329613138	0.0365751020481	0.0285160625776	0.0367999558082	0.0329387219486	0.0428141060435	0.0403859667893	0.0537936722859	0.060364973539	0.0496120927465	0.0350072430972	0.0400879191577	0.0373696657776	0.0375865934456	0.0384314227076
TARA_062_SRF_0.22-3_G.freeze11.snv.mod.fix.bam	0.0314233243246	0.0321923466708	0.038332292745	0.0449056293772	0.0458463457351	0.0344328678545	0.0281769781858	0.0302021756396	0.0294174291848	0.0324793672574	0.0281177030811	0.0297779165161	0.0286329613138	0.0	0.0370915960228	0.0295988409568	0.0376709450039	0.0340912918287	0.042808691978	0.0404451786276	0.0538392676523	0.0602322195927	0.0498982809562	0.0356108206671	0.0414177860679	0.0375978294722	0.0379260369994	0.0387740114167
TARA_064_DCM_0.22-3_G.freeze11.snv.mod.fix.bam	0.0350405169375	0.0355008305263	0.0410145764618	0.0462820149107	0.0471835481204	0.0384735446266	0.0346765087669	0.0351189132867	0.0344864407654	0.0354210439103	0.0352141469303	0.0366573870218	0.0365751020481	0.0370915960228	0.0	0.0316444269092	0.0384835467317	0.0356041593523	0.0425335244878	0.0404622775012	0.0530427131793	0.0596961967917	0.0501391980202	0.0364002386408	0.0422825902847	0.0427050055258	0.0394689935423	0.0400021434056
TARA_064_SRF_0.22-3_G.freeze11.snv.mod.fix.bam	0.0255726322036	0.0271208283495	0.0372135800337	0.0427389156158	0.0438315431931	0.0332805024031	0.0250976671195	0.027268586561	0.0242451540902	0.0265342791585	0.0266330213538	0.0296237778086	0.0285160625776	0.0295988409568	0.0316444269092	0.0	0.0335247932573	0.0288603880026	0.0384611381269	0.0354481491911	0.0504231824513	0.0574001760018	0.0449679540182	0.029261489191	0.037290099078	0.0375333461359	0.0347990530373	0.0355527827107
TARA_072_MES_0.22-3_G.freeze11.snv.mod.fix.bam	0.0344819737558	0.03402696707	0.0398409601421	0.0457240338559	0.0462093198146	0.0378969817937	0.0340654199119	0.0338018281311	0.0337336513705	0.0334625195354	0.0347012402898	0.0367007451243	0.0367999558082	0.0376709450039	0.0384835467317	0.0335247932573	0.0	0.0307603838134	0.0408294247463	0.0399041194436	0.0504725923712	0.0570193202716	0.0486143132868	0.0348742586592	0.0378167417546	0.0432592570066	0.0368867817413	0.0373802412529
TARA_072_SRF_0.22-3_G.freeze11.snv.mod.fix.bam	0.0297281174357	0.0291109503086	0.0368752372313	0.0435296093045	0.0440145890077	0.0344645520057	0.0292476766955	0.0289567562739	0.0284949455667	0.0282916084866	0.0301192186885	0.0328691849854	0.0329387219486	0.0340912918287	0.0356041593523	0.0288603880026	0.0307603838134	0.0	0.0381480126953	0.0369313492021	0.0483652495358	0.0548950200421	0.0461363611041	0.0305111653697	0.0347037727433	0.0405380634057	0.0328531180951	0.0334385308376
TARA_076_SRF_0.22-3_G.freeze11.snv.mod.fix.bam	0.0391655842449	0.0387642574325	0.0437882690402	0.0496839003467	0.0503991539099	0.0423896845625	0.039635250691	0.0391282293771	0.0394811887502	0.0386041097112	0.040551222201	0.0422019973922	0.0428141060435	0.042808691978	0.0425335244878	0.0384611381269	0.0408294247463	0.0381480126953	0.0	0.0416453274438	0.0511899776081	0.0583522156344	0.0499340538572	0.0369769875764	0.044061958995	0.0475632024615	0.0406062294613	0.0410395146375
TARA_078_SRF_0.22-3_G.freeze11.snv.mod.fix.bam	0.0375270118262	0.0373633653674	0.0422907226332	0.0474537781635	0.0480993816635	0.0403232524654	0.0375378311685	0.0376664029058	0.0376004618847	0.0376190301991	0.0383444799166	0.0399445926519	0.0403859667893	0.0404451786276	0.0404622775012	0.0354481491911	0.0399041194436	0.0369313492021	0.0416453274438	0.0	0.0495091902436	0.0564029500482	0.047659833743	0.0341479998711	0.0423392748916	0.0448154013267	0.0395599874475	0.0399402180389
TARA_098_SRF_0.22-3_G.freeze11.snv.mod.fix.bam	0.0505655147371	0.0493628859176	0.0526875354045	0.0575655769432	0.0580513604004	0.0517361547964	0.0509289128764	0.0497375104883	0.0509313615372	0.0494725738235	0.0513589658237	0.0527934845076	0.0537936722859	0.0538392676523	0.0530427131793	0.0504231824513	0.0504725923712	0.0483652495358	0.0511899776081	0.0495091902436	0.0	0.0497216614051	0.0421370643228	0.0467810339296	0.0508581315877	0.0572348757315	0.0483280124676	0.0483234940051
TARA_099_SRF_0.22-3_G.freeze11.snv.mod.fix.bam	0.0575401729926	0.0558759015256	0.0580599075047	0.0625999580017	0.0629173296492	0.0575075877821	0.0575597468947	0.0563734965955	0.0576133789536	0.056375304267	0.0578859810413	0.0590552706771	0.060364973539	0.0602322195927	0.0596961967917	0.0574001760018	0.0570193202716	0.0548950200421	0.0583522156344	0.0564029500482	0.0497216614051	0.0	0.0498196070055	0.0545245165984	0.0557136588368	0.0628975444595	0.0538428267018	0.0537776855963
TARA_112_SRF_0.22-3_G.freeze11.snv.mod.fix.bam	0.0469571001592	0.0474368262818	0.0531536892627	0.0565535422914	0.0574905369472	0.0509925568566	0.0475576963286	0.047990736073	0.0472250406336	0.0471015749307	0.0479387976961	0.0497807591176	0.0496120927465	0.0498982809562	0.0501391980202	0.0449679540182	0.0486143132868	0.0461363611041	0.0499340538572	0.047659833743	0.0421370643228	0.0498196070055	0.0	0.0451468788278	0.0488622268559	0.0544786729549	0.0505716191175	0.0509085748048
TARA_132_SRF_0.22-3_G.freeze11.snv.mod.fix.bam	0.0301208751932	0.029838314925	0.0379112033491	0.0451055	0.0459028525017	0.0360750748945	0.0306255038161	0.0303924593778	0.029836679912	0.0291689836704	0.0320277988326	0.0345220001333	0.0350072430972	0.0356108206671	0.0364002386408	0.029261489191	0.0348742586592	0.0305111653697	0.0369769875764	0.0341479998711	0.0467810339296	0.0545245165984	0.0451468788278	0.0	0.0379598699197	0.0415417127667	0.0334911456848	0.0339407525935
TARA_138_SRF_0.22-3_G.freeze11.snv.mod.fix.bam	0.0385126730816	0.0376442271947	0.0428112280452	0.0477718400835	0.0479493367869	0.0405714663549	0.0377254775627	0.0372335775653	0.0375102071225	0.0367630253119	0.0374373777103	0.0400883884287	0.0400879191577	0.0414177860679	0.0422825902847	0.037290099078	0.0378167417546	0.0347037727433	0.044061958995	0.0423392748916	0.0508581315877	0.0557136588368	0.0488622268559	0.0379598699197	0.0	0.0459106115977	0.0399032730637	0.0401807825363
TARA_140_SRF_0.22-3_G.freeze11.snv.mod.fix.bam	0.0390755651804	0.0391958945918	0.0417061129288	0.045529320026	0.0464980461737	0.0375177951048	0.0360199168489	0.0373890124973	0.0375304234604	0.0397073310819	0.0368216021851	0.0375215137087	0.0373696657776	0.0375978294722	0.0427050055258	0.0375333461359	0.0432592570066	0.0405380634057	0.0475632024615	0.0448154013267	0.0572348757315	0.0628975444595	0.0544786729549	0.0415417127667	0.0459106115977	0.0	0.0429852005125	0.0435634533975
TARA_142_DCM_0.22-3_G.freeze11.snv.mod.fix.bam	0.0322744995224	0.0296545716056	0.0354204936589	0.0446993903951	0.0451504591074	0.0351284388542	0.0327402098866	0.0310371922452	0.0328922214693	0.0321916334546	0.0341376082832	0.0358595463278	0.0375865934456	0.0379260369994	0.0394689935423	0.0347990530373	0.0368867817413	0.0328531180951	0.0406062294613	0.0395599874475	0.0483280124676	0.0538428267018	0.0505716191175	0.0334911456848	0.0399032730637	0.0429852005125	0.0	0.0156018624772
TARA_142_SRF_0.22-3_G.freeze11.snv.mod.fix.bam	0.0329770251071	0.0301922237065	0.0357649366037	0.0448438360309	0.0453356959035	0.0355422903079	0.0335015304293	0.031615356928	0.0335657936365	0.0328156958749	0.0349137814252	0.0365666705188	0.0384314227076	0.0387740114167	0.0400021434056	0.0355527827107	0.0373802412529	0.0334385308376	0.0410395146375	0.0399402180389	0.0483234940051	0.0537776855963	0.0509085748048	0.0339407525935	0.0401807825363	0.0435634533975	0.0156018624772	0.0
