	TARA_031_SRF_0.22-1.6_G.freeze11.snv.mod.fix.bam	TARA_032_SRF_0.22-1.6_G.freeze11.snv.mod.fix.bam	TARA_033_SRF_0.22-1.6_G.freeze11.snv.mod.fix.bam	TARA_038_DCM_0.22-1.6_G.freeze11.snv.mod.fix.bam	TARA_038_SRF_0.22-1.6_G.freeze11.snv.mod.fix.bam	TARA_039_DCM_0.22-1.6_G.freeze11.snv.mod.fix.bam	TARA_041_SRF_0.22-1.6_G.freeze11.snv.mod.fix.bam	TARA_042_SRF_0.22-1.6_G.freeze11.snv.mod.fix.bam	TARA_045_SRF_0.22-1.6_G.freeze11.snv.mod.fix.bam	TARA_048_SRF_0.22-1.6_G.freeze11.snv.mod.fix.bam	TARA_056_MES_0.22-3_G.freeze11.snv.mod.fix.bam	TARA_056_SRF_0.22-3_G.freeze11.snv.mod.fix.bam	TARA_057_SRF_0.22-3_G.freeze11.snv.mod.fix.bam	TARA_058_DCM_0.22-3_G.freeze11.snv.mod.fix.bam	TARA_062_SRF_0.22-3_G.freeze11.snv.mod.fix.bam	TARA_064_DCM_0.22-3_G.freeze11.snv.mod.fix.bam	TARA_064_SRF_0.22-3_G.freeze11.snv.mod.fix.bam	TARA_072_MES_0.22-3_G.freeze11.snv.mod.fix.bam	TARA_072_SRF_0.22-3_G.freeze11.snv.mod.fix.bam	TARA_076_SRF_0.22-3_G.freeze11.snv.mod.fix.bam	TARA_078_DCM_0.22-3_G.freeze11.snv.mod.fix.bam	TARA_078_SRF_0.22-3_G.freeze11.snv.mod.fix.bam	TARA_098_SRF_0.22-3_G.freeze11.snv.mod.fix.bam	TARA_099_SRF_0.22-3_G.freeze11.snv.mod.fix.bam	TARA_112_SRF_0.22-3_G.freeze11.snv.mod.fix.bam	TARA_132_SRF_0.22-3_G.freeze11.snv.mod.fix.bam	TARA_138_SRF_0.22-3_G.freeze11.snv.mod.fix.bam	TARA_140_SRF_0.22-3_G.freeze11.snv.mod.fix.bam	TARA_141_SRF_0.22-3_G.freeze11.snv.mod.fix.bam	TARA_142_DCM_0.22-3_G.freeze11.snv.mod.fix.bam	TARA_142_SRF_0.22-3_G.freeze11.snv.mod.fix.bam	TARA_148_SRF_0.22-3_G.freeze11.snv.mod.fix.bam
TARA_031_SRF_0.22-1.6_G.freeze11.snv.mod.fix.bam	0.0	0.0	5.69064514844e-05	0.00136575483563	0.00128608580355	6.82877417813e-05	5.69064514844e-06	1.70719354453e-05	0.0	1.13812902969e-05	4.55251611875e-05	1.70719354453e-05	2.84532257422e-05	5.69064514844e-06	2.27625805938e-05	5.1215806336e-05	5.69064514844e-06	4.55251611875e-05	2.27625805938e-05	0.000500776773063	0.000899121933454	0.000187791289899	0.00830265127157	0.0107154848145	0.00825143546524	9.67409675235e-05	0.00245835870413	0.000125194193266	0.000904812578602	0.000244697741383	0.000335748063758	0.000882049998008
TARA_032_SRF_0.22-1.6_G.freeze11.snv.mod.fix.bam	0.0	0.0	3.41438708906e-05	0.00152509289978	0.00141127999681	6.25970966328e-05	1.70719354453e-05	1.13812902969e-05	5.69064514844e-06	1.70719354453e-05	5.69064514844e-05	2.84532257422e-05	4.55251611875e-05	2.27625805938e-05	3.98345160391e-05	6.82877417813e-05	5.69064514844e-06	5.1215806336e-05	1.70719354453e-05	0.000625970966328	0.00104138806216	0.000199172580195	0.00900829126998	0.0114325061032	0.00952613997849	6.82877417813e-05	0.00279410676788	0.000170719354453	0.00103569741702	0.000204863225344	0.000335748063758	0.00103000677187
TARA_033_SRF_0.22-1.6_G.freeze11.snv.mod.fix.bam	5.69064514844e-05	3.41438708906e-05	0.0	0.00165028709305	0.00154216483523	9.67409675235e-05	7.39783869297e-05	9.1050322375e-05	5.69064514844e-05	0.000113812902969	0.000187791289899	7.96690320782e-05	9.67409675235e-05	8.53596772266e-05	0.000125194193266	0.000187791289899	6.25970966328e-05	0.000307294838016	0.000165028709305	0.00116658225543	0.00136575483563	0.000631661611477	0.00973669384898	0.0118308512636	0.0107667006208	0.000409726450688	0.00362494095956	0.000273150967125	0.00142835193226	0.000517848708508	0.000751165159594	0.00146249580315
TARA_038_DCM_0.22-1.6_G.freeze11.snv.mod.fix.bam	0.00136575483563	0.00152509289978	0.00165028709305	0.0	0.00033005741861	0.00087635935286	0.00141127999681	0.00170719354453	0.0016559777382	0.00203156031799	0.00154216483523	0.00145111451285	0.00149094902889	0.00136006419048	0.00139989870652	0.00173564677027	0.00156492741582	0.0016559777382	0.00167874031879	0.0027258190261	0.00376151644312	0.0027485816067	0.00934403933374	0.0113357651357	0.0101350390094	0.00276565354214	0.00513865256904	0.000973100320383	0.00343714966966	0.00261200612313	0.00279979741303	0.00318107063798
TARA_038_SRF_0.22-1.6_G.freeze11.snv.mod.fix.bam	0.00128608580355	0.00141127999681	0.00154216483523	0.00033005741861	0.0	0.000870668707711	0.00125194193266	0.001456805158	0.00138851741622	0.00185515031839	0.00151940225463	0.00133161096474	0.0012690138681	0.00122917935206	0.00125194193266	0.00169581225424	0.0014454238677	0.00166735902849	0.00161614322216	0.00294206354174	0.00374444450767	0.00279979741303	0.00930989546285	0.0115520096513	0.0104935496537	0.00279979741303	0.00535489708468	0.000830834191672	0.00289653838056	0.00227625805938	0.00242421483324	0.00293068225145
TARA_039_DCM_0.22-1.6_G.freeze11.snv.mod.fix.bam	6.82877417813e-05	6.25970966328e-05	9.67409675235e-05	0.00087635935286	0.000870668707711	0.0	3.98345160391e-05	2.84532257422e-05	3.41438708906e-05	7.39783869297e-05	9.67409675235e-05	5.69064514844e-05	5.1215806336e-05	2.27625805938e-05	4.55251611875e-05	0.000153647419008	5.1215806336e-05	0.000187791289899	9.67409675235e-05	0.00110967580395	0.00129746709384	0.000529229998805	0.00947492417215	0.0119105202957	0.0105504561052	0.000409726450688	0.00344853095995	0.000125194193266	0.00147387709345	0.000557683224547	0.000785309030485	0.00153647419008
TARA_041_SRF_0.22-1.6_G.freeze11.snv.mod.fix.bam	5.69064514844e-06	1.70719354453e-05	7.39783869297e-05	0.00141127999681	0.00125194193266	3.98345160391e-05	0.0	0.0	0.0	5.69064514844e-06	2.84532257422e-05	0.0	5.69064514844e-06	0.0	1.13812902969e-05	7.39783869297e-05	5.69064514844e-06	7.39783869297e-05	4.55251611875e-05	0.000842215481969	0.00115520096513	0.000426798386133	0.00955459320423	0.0118422325539	0.0101691828803	0.00025607903168	0.00291930096115	5.1215806336e-05	0.00107553193306	0.000284532257422	0.000404035805539	0.0011039851588
TARA_042_SRF_0.22-1.6_G.freeze11.snv.mod.fix.bam	1.70719354453e-05	1.13812902969e-05	9.1050322375e-05	0.00170719354453	0.001456805158	2.84532257422e-05	0.0	0.0	0.0	0.0	2.27625805938e-05	1.13812902969e-05	2.84532257422e-05	1.13812902969e-05	2.84532257422e-05	0.000130884838414	2.27625805938e-05	0.000102431612672	2.84532257422e-05	0.000927575159196	0.0012803951584	0.000460942257024	0.00964564352661	0.0119731173923	0.0104195712668	0.000216244515641	0.00279979741303	0.000125194193266	0.00117796354573	0.000432489031281	0.000608899030883	0.00138282677107
TARA_045_SRF_0.22-1.6_G.freeze11.snv.mod.fix.bam	0.0	5.69064514844e-06	5.69064514844e-05	0.0016559777382	0.00138851741622	3.41438708906e-05	0.0	0.0	0.0	0.0	2.84532257422e-05	0.0	1.13812902969e-05	0.0	1.70719354453e-05	0.00010812225782	1.13812902969e-05	6.25970966328e-05	3.41438708906e-05	0.00080238096593	0.00122348870691	0.000398345160391	0.00982205352621	0.0121096928759	0.0103683554605	0.000170719354453	0.00268029386492	7.96690320782e-05	0.00109829451365	0.000301604192867	0.000381273224946	0.00122348870691
TARA_048_SRF_0.22-1.6_G.freeze11.snv.mod.fix.bam	1.13812902969e-05	1.70719354453e-05	0.000113812902969	0.00203156031799	0.00185515031839	7.39783869297e-05	5.69064514844e-06	0.0	0.0	0.0	8.53596772266e-05	1.13812902969e-05	2.27625805938e-05	2.84532257422e-05	6.82877417813e-05	0.00010812225782	0.0	4.55251611875e-05	1.13812902969e-05	0.000643042901774	0.0012690138681	0.000409726450688	0.00949768675275	0.011961736102	0.0101065857836	0.00010812225782	0.00225918612393	0.000284532257422	0.00152509289978	0.00087635935286	0.00128608580355	0.0016559777382
TARA_056_MES_0.22-3_G.freeze11.snv.mod.fix.bam	4.55251611875e-05	5.69064514844e-05	0.000187791289899	0.00154216483523	0.00151940225463	9.67409675235e-05	2.84532257422e-05	2.27625805938e-05	2.84532257422e-05	8.53596772266e-05	0.0	2.84532257422e-05	3.41438708906e-05	3.41438708906e-05	3.98345160391e-05	0.000221935160789	5.69064514844e-05	0.000204863225344	0.000119503548117	0.00102431612672	0.001456805158	0.000699949353258	0.00900829126998	0.0110512328783	0.00938387384978	0.000563373869696	0.00270874709066	0.000221935160789	0.00145111451285	0.000734093224149	0.00104707870731	0.0016445964479
TARA_056_SRF_0.22-3_G.freeze11.snv.mod.fix.bam	1.70719354453e-05	2.84532257422e-05	7.96690320782e-05	0.00145111451285	0.00133161096474	5.69064514844e-05	0.0	1.13812902969e-05	0.0	1.13812902969e-05	2.84532257422e-05	0.0	0.0	0.0	1.13812902969e-05	7.39783869297e-05	1.70719354453e-05	5.69064514844e-05	4.55251611875e-05	0.000768237095039	0.00122348870691	0.000472323547321	0.00912210417295	0.01130731191	0.00938387384978	0.000341438708906	0.00244697741383	6.25970966328e-05	0.00136575483563	0.00043817967643	0.000648733546922	0.0012690138681
TARA_057_SRF_0.22-3_G.freeze11.snv.mod.fix.bam	2.84532257422e-05	4.55251611875e-05	9.67409675235e-05	0.00149094902889	0.0012690138681	5.1215806336e-05	5.69064514844e-06	2.84532257422e-05	1.13812902969e-05	2.27625805938e-05	3.41438708906e-05	0.0	0.0	0.0	1.70719354453e-05	7.96690320782e-05	1.13812902969e-05	9.67409675235e-05	5.69064514844e-05	0.000813762256227	0.00117227290058	0.000472323547321	0.00936111126918	0.0115861535222	0.00982205352621	0.000335748063758	0.00283963192907	7.39783869297e-05	0.0012690138681	0.000432489031281	0.000551992579399	0.00127470451325
TARA_058_DCM_0.22-3_G.freeze11.snv.mod.fix.bam	5.69064514844e-06	2.27625805938e-05	8.53596772266e-05	0.00136006419048	0.00122917935206	2.27625805938e-05	0.0	1.13812902969e-05	0.0	2.84532257422e-05	3.41438708906e-05	0.0	0.0	0.0	0.0	5.69064514844e-05	5.69064514844e-06	8.53596772266e-05	3.41438708906e-05	0.000864978062563	0.00116658225543	0.00043817967643	0.00915624804384	0.0114438873935	0.00930989546285	0.000307294838016	0.00272012838095	5.69064514844e-05	0.00112674773939	0.000324366773461	0.000478014192469	0.00105276935246
TARA_062_SRF_0.22-3_G.freeze11.snv.mod.fix.bam	2.27625805938e-05	3.98345160391e-05	0.000125194193266	0.00139989870652	0.00125194193266	4.55251611875e-05	1.13812902969e-05	2.84532257422e-05	1.70719354453e-05	6.82877417813e-05	3.98345160391e-05	1.13812902969e-05	1.70719354453e-05	0.0	0.0	9.1050322375e-05	1.70719354453e-05	0.000147956773859	9.67409675235e-05	0.000927575159196	0.00122348870691	0.000495086127914	0.00921315449533	0.011460959329	0.00937818320463	0.000398345160391	0.00295344483204	3.41438708906e-05	0.00126332322295	0.000455251611875	0.000529229998805	0.00120072612632
TARA_064_DCM_0.22-3_G.freeze11.snv.mod.fix.bam	5.1215806336e-05	6.82877417813e-05	0.000187791289899	0.00173564677027	0.00169581225424	0.000153647419008	7.39783869297e-05	0.000130884838414	0.00010812225782	0.00010812225782	0.000221935160789	7.39783869297e-05	7.96690320782e-05	5.69064514844e-05	9.1050322375e-05	0.0	3.41438708906e-05	0.000176409999602	6.82877417813e-05	0.000677186772664	0.000819452901375	0.000221935160789	0.00825712611039	0.0108236070723	0.00833679514247	0.000147956773859	0.0027372003164	0.00029022290257	0.00142266128711	0.000808071611079	0.0010812225782	0.00121210741662
TARA_064_SRF_0.22-3_G.freeze11.snv.mod.fix.bam	5.69064514844e-06	5.69064514844e-06	6.25970966328e-05	0.00156492741582	0.0014454238677	5.1215806336e-05	5.69064514844e-06	2.27625805938e-05	1.13812902969e-05	0.0	5.69064514844e-05	1.70719354453e-05	1.13812902969e-05	5.69064514844e-06	1.70719354453e-05	3.41438708906e-05	0.0	5.1215806336e-05	2.27625805938e-05	0.000478014192469	0.000660114837219	6.82877417813e-05	0.00842784546484	0.0108634415884	0.00833110449732	2.27625805938e-05	0.00251526515561	0.000176409999602	0.0011039851588	0.000449560966727	0.000699949353258	0.00104138806216
TARA_072_MES_0.22-3_G.freeze11.snv.mod.fix.bam	4.55251611875e-05	5.1215806336e-05	0.000307294838016	0.0016559777382	0.00166735902849	0.000187791289899	7.39783869297e-05	0.000102431612672	6.25970966328e-05	4.55251611875e-05	0.000204863225344	5.69064514844e-05	9.67409675235e-05	8.53596772266e-05	0.000147956773859	0.000176409999602	5.1215806336e-05	0.0	1.13812902969e-05	0.000654424192071	0.00150233031919	0.000603208385735	0.00728402579	0.00987895997769	0.0072954070803	0.00029022290257	0.00187222225384	0.000483704837617	0.00174702806057	0.00116089161028	0.00142266128711	0.00187791289899
TARA_072_SRF_0.22-3_G.freeze11.snv.mod.fix.bam	2.27625805938e-05	1.70719354453e-05	0.000165028709305	0.00167874031879	0.00161614322216	9.67409675235e-05	4.55251611875e-05	2.84532257422e-05	3.41438708906e-05	1.13812902969e-05	0.000119503548117	4.55251611875e-05	5.69064514844e-05	3.41438708906e-05	9.67409675235e-05	6.82877417813e-05	2.27625805938e-05	1.13812902969e-05	0.0	0.000557683224547	0.00125194193266	0.000432489031281	0.00776773062762	0.0104252619119	0.0076596083698	0.000153647419008	0.00176979064116	0.0003642012895	0.00154216483523	0.000836524836821	0.00106415064276	0.00167874031879
TARA_076_SRF_0.22-3_G.freeze11.snv.mod.fix.bam	0.000500776773063	0.000625970966328	0.00116658225543	0.0027258190261	0.00294206354174	0.00110967580395	0.000842215481969	0.000927575159196	0.00080238096593	0.000643042901774	0.00102431612672	0.000768237095039	0.000813762256227	0.000864978062563	0.000927575159196	0.000677186772664	0.000478014192469	0.000654424192071	0.000557683224547	0.0	0.00244128676868	0.00141697064196	0.00659545772704	0.00944078030126	0.0063792132114	0.000882049998008	0.00289084773541	0.00145111451285	0.00334609934728	0.00303880450927	0.00357941579837	0.00353389063718
TARA_078_DCM_0.22-3_G.freeze11.snv.mod.fix.bam	0.000899121933454	0.00104138806216	0.00136575483563	0.00376151644312	0.00374444450767	0.00129746709384	0.00115520096513	0.0012803951584	0.00122348870691	0.0012690138681	0.001456805158	0.00122348870691	0.00117227290058	0.00116658225543	0.00122348870691	0.000819452901375	0.000660114837219	0.00150233031919	0.00125194193266	0.00244128676868	0.0	0.000369891934649	0.0110512328783	0.0127868796485	0.0130884838414	0.000688568062961	0.00659545772704	0.00161045257701	0.00242990547838	0.00231609257542	0.00275996289699	0.00213968257581
TARA_078_SRF_0.22-3_G.freeze11.snv.mod.fix.bam	0.000187791289899	0.000199172580195	0.000631661611477	0.0027485816067	0.00279979741303	0.000529229998805	0.000426798386133	0.000460942257024	0.000398345160391	0.000409726450688	0.000699949353258	0.000472323547321	0.000472323547321	0.00043817967643	0.000495086127914	0.000221935160789	6.82877417813e-05	0.000603208385735	0.000432489031281	0.00141697064196	0.000369891934649	0.0	0.00978790965532	0.0120698583598	0.0112560961036	7.39783869297e-05	0.00539473160072	0.000916193868899	0.00186653160869	0.00155923677067	0.00205432289859	0.00167874031879
TARA_098_SRF_0.22-3_G.freeze11.snv.mod.fix.bam	0.00830265127157	0.00900829126998	0.00973669384898	0.00934403933374	0.00930989546285	0.00947492417215	0.00955459320423	0.00964564352661	0.00982205352621	0.00949768675275	0.00900829126998	0.00912210417295	0.00936111126918	0.00915624804384	0.00921315449533	0.00825712611039	0.00842784546484	0.00728402579	0.00776773062762	0.00659545772704	0.0110512328783	0.00978790965532	0.0	0.00438748740945	0.00157630870612	0.00968547804265	0.00699380288743	0.00978790965532	0.011961736102	0.0125706351329	0.0128380954549	0.0119958799729
TARA_099_SRF_0.22-3_G.freeze11.snv.mod.fix.bam	0.0107154848145	0.0114325061032	0.0118308512636	0.0113357651357	0.0115520096513	0.0119105202957	0.0118422325539	0.0119731173923	0.0121096928759	0.011961736102	0.0110512328783	0.01130731191	0.0115861535222	0.0114438873935	0.011460959329	0.0108236070723	0.0108634415884	0.00987895997769	0.0104252619119	0.00944078030126	0.0127868796485	0.0120698583598	0.00438748740945	0.0	0.00344284031481	0.0122178151337	0.00907088836661	0.0118023980379	0.0136404764208	0.0144371667416	0.0148412025471	0.0138168864204
TARA_112_SRF_0.22-3_G.freeze11.snv.mod.fix.bam	0.00825143546524	0.00952613997849	0.0107667006208	0.0101350390094	0.0104935496537	0.0105504561052	0.0101691828803	0.0104195712668	0.0103683554605	0.0101065857836	0.00938387384978	0.00938387384978	0.00982205352621	0.00930989546285	0.00937818320463	0.00833679514247	0.00833110449732	0.0072954070803	0.0076596083698	0.0063792132114	0.0130884838414	0.0112560961036	0.00157630870612	0.00344284031481	0.0	0.0111422832006	0.00632230675992	0.0106358157824	0.0145339077091	0.0151086628691	0.0156151302873	0.0145737422252
TARA_132_SRF_0.22-3_G.freeze11.snv.mod.fix.bam	9.67409675235e-05	6.82877417813e-05	0.000409726450688	0.00276565354214	0.00279979741303	0.000409726450688	0.00025607903168	0.000216244515641	0.000170719354453	0.00010812225782	0.000563373869696	0.000341438708906	0.000335748063758	0.000307294838016	0.000398345160391	0.000147956773859	2.27625805938e-05	0.00029022290257	0.000153647419008	0.000882049998008	0.000688568062961	7.39783869297e-05	0.00968547804265	0.0122178151337	0.0111422832006	0.0	0.00425091192589	0.000842215481969	0.00187222225384	0.00165028709305	0.00221935160789	0.00189498483443
TARA_138_SRF_0.22-3_G.freeze11.snv.mod.fix.bam	0.00245835870413	0.00279410676788	0.00362494095956	0.00513865256904	0.00535489708468	0.00344853095995	0.00291930096115	0.00279979741303	0.00268029386492	0.00225918612393	0.00270874709066	0.00244697741383	0.00283963192907	0.00272012838095	0.00295344483204	0.0027372003164	0.00251526515561	0.00187222225384	0.00176979064116	0.00289084773541	0.00659545772704	0.00539473160072	0.00699380288743	0.00907088836661	0.00632230675992	0.00425091192589	0.0	0.00403466741024	0.007130378371	0.00731247901575	0.00777342127277	0.00771082417614
TARA_140_SRF_0.22-3_G.freeze11.snv.mod.fix.bam	0.000125194193266	0.000170719354453	0.000273150967125	0.000973100320383	0.000830834191672	0.000125194193266	5.1215806336e-05	0.000125194193266	7.96690320782e-05	0.000284532257422	0.000221935160789	6.25970966328e-05	7.39783869297e-05	5.69064514844e-05	3.41438708906e-05	0.00029022290257	0.000176409999602	0.000483704837617	0.0003642012895	0.00145111451285	0.00161045257701	0.000916193868899	0.00978790965532	0.0118023980379	0.0106358157824	0.000842215481969	0.00403466741024	0.0	0.00153078354493	0.000478014192469	0.000625970966328	0.00130884838414
TARA_141_SRF_0.22-3_G.freeze11.snv.mod.fix.bam	0.000904812578602	0.00103569741702	0.00142835193226	0.00343714966966	0.00289653838056	0.00147387709345	0.00107553193306	0.00117796354573	0.00109829451365	0.00152509289978	0.00145111451285	0.00136575483563	0.0012690138681	0.00112674773939	0.00126332322295	0.00142266128711	0.0011039851588	0.00174702806057	0.00154216483523	0.00334609934728	0.00242990547838	0.00186653160869	0.011961736102	0.0136404764208	0.0145339077091	0.00187222225384	0.007130378371	0.00153078354493	0.0	0.000153647419008	0.000142266128711	0.000381273224946
TARA_142_DCM_0.22-3_G.freeze11.snv.mod.fix.bam	0.000244697741383	0.000204863225344	0.000517848708508	0.00261200612313	0.00227625805938	0.000557683224547	0.000284532257422	0.000432489031281	0.000301604192867	0.00087635935286	0.000734093224149	0.00043817967643	0.000432489031281	0.000324366773461	0.000455251611875	0.000808071611079	0.000449560966727	0.00116089161028	0.000836524836821	0.00303880450927	0.00231609257542	0.00155923677067	0.0125706351329	0.0144371667416	0.0151086628691	0.00165028709305	0.00731247901575	0.000478014192469	0.000153647419008	0.0	1.70719354453e-05	0.00025607903168
TARA_142_SRF_0.22-3_G.freeze11.snv.mod.fix.bam	0.000335748063758	0.000335748063758	0.000751165159594	0.00279979741303	0.00242421483324	0.000785309030485	0.000404035805539	0.000608899030883	0.000381273224946	0.00128608580355	0.00104707870731	0.000648733546922	0.000551992579399	0.000478014192469	0.000529229998805	0.0010812225782	0.000699949353258	0.00142266128711	0.00106415064276	0.00357941579837	0.00275996289699	0.00205432289859	0.0128380954549	0.0148412025471	0.0156151302873	0.00221935160789	0.00777342127277	0.000625970966328	0.000142266128711	1.70719354453e-05	0.0	0.000233316451086
TARA_148_SRF_0.22-3_G.freeze11.snv.mod.fix.bam	0.000882049998008	0.00103000677187	0.00146249580315	0.00318107063798	0.00293068225145	0.00153647419008	0.0011039851588	0.00138282677107	0.00122348870691	0.0016559777382	0.0016445964479	0.0012690138681	0.00127470451325	0.00105276935246	0.00120072612632	0.00121210741662	0.00104138806216	0.00187791289899	0.00167874031879	0.00353389063718	0.00213968257581	0.00167874031879	0.0119958799729	0.0138168864204	0.0145737422252	0.00189498483443	0.00771082417614	0.00130884838414	0.000381273224946	0.00025607903168	0.000233316451086	0.0
