	TARA_031_SRF_0.22-1.6_G.freeze11.snv.mod.fix.bam	TARA_032_SRF_0.22-1.6_G.freeze11.snv.mod.fix.bam	TARA_038_DCM_0.22-1.6_G.freeze11.snv.mod.fix.bam	TARA_038_SRF_0.22-1.6_G.freeze11.snv.mod.fix.bam	TARA_039_DCM_0.22-1.6_G.freeze11.snv.mod.fix.bam	TARA_041_SRF_0.22-1.6_G.freeze11.snv.mod.fix.bam	TARA_042_SRF_0.22-1.6_G.freeze11.snv.mod.fix.bam	TARA_045_SRF_0.22-1.6_G.freeze11.snv.mod.fix.bam	TARA_048_SRF_0.22-1.6_G.freeze11.snv.mod.fix.bam	TARA_056_SRF_0.22-3_G.freeze11.snv.mod.fix.bam	TARA_057_SRF_0.22-3_G.freeze11.snv.mod.fix.bam	TARA_058_DCM_0.22-3_G.freeze11.snv.mod.fix.bam	TARA_062_SRF_0.22-3_G.freeze11.snv.mod.fix.bam	TARA_064_DCM_0.22-3_G.freeze11.snv.mod.fix.bam	TARA_064_SRF_0.22-3_G.freeze11.snv.mod.fix.bam	TARA_072_MES_0.22-3_G.freeze11.snv.mod.fix.bam	TARA_072_SRF_0.22-3_G.freeze11.snv.mod.fix.bam	TARA_076_SRF_0.22-3_G.freeze11.snv.mod.fix.bam	TARA_078_SRF_0.22-3_G.freeze11.snv.mod.fix.bam	TARA_098_SRF_0.22-3_G.freeze11.snv.mod.fix.bam	TARA_099_SRF_0.22-3_G.freeze11.snv.mod.fix.bam	TARA_112_SRF_0.22-3_G.freeze11.snv.mod.fix.bam	TARA_132_SRF_0.22-3_G.freeze11.snv.mod.fix.bam	TARA_138_SRF_0.22-3_G.freeze11.snv.mod.fix.bam	TARA_140_SRF_0.22-3_G.freeze11.snv.mod.fix.bam	TARA_142_DCM_0.22-3_G.freeze11.snv.mod.fix.bam	TARA_142_SRF_0.22-3_G.freeze11.snv.mod.fix.bam
TARA_031_SRF_0.22-1.6_G.freeze11.snv.mod.fix.bam	0.0	0.0212653772221	0.0437809567224	0.0444845545556	0.0350249022319	0.0270657121474	0.0285716633847	0.0266855253988	0.0281838589453	0.029155622569	0.0319039429708	0.0314199445144	0.0319925787394	0.0364817354231	0.0264970572242	0.0354266374732	0.030696340618	0.0399935888338	0.0376514845366	0.0497850877762	0.0567535911877	0.0462021676566	0.0313478948038	0.0380606141109	0.0395041551204	0.0357439679379	0.0366192159476
TARA_032_SRF_0.22-1.6_G.freeze11.snv.mod.fix.bam	0.0212653772221	0.0	0.0426360499216	0.0432217051595	0.0333574957346	0.0268836827908	0.0274611379592	0.0267465584481	0.0273948346322	0.0288726378649	0.0316205958298	0.0317379374733	0.0322679896625	0.0365059811572	0.0277076193582	0.0346445178147	0.0296619809302	0.039100927833	0.0371377644778	0.0481325124709	0.054755976371	0.0462697372357	0.0306509192688	0.0367998476063	0.0391022125139	0.0339073847072	0.0347775145504
TARA_038_DCM_0.22-1.6_G.freeze11.snv.mod.fix.bam	0.0437809567224	0.0426360499216	0.0	0.0358547548108	0.0389358364977	0.0417985663248	0.0421718971977	0.0428026044499	0.0432624963536	0.0427279574491	0.0433717250793	0.0438248875484	0.0440013116679	0.0464587342856	0.0423000268141	0.0450141492756	0.0425681084878	0.0491366253685	0.046736508782	0.0562648633003	0.0607714977731	0.0556758008552	0.0442422992186	0.0463692048632	0.0448759509661	0.0453795381001	0.045766000754
TARA_038_SRF_0.22-1.6_G.freeze11.snv.mod.fix.bam	0.0444845545556	0.0432217051595	0.0358547548108	0.0	0.040410380769	0.0425299207898	0.0426438376764	0.0433952870044	0.0438532682004	0.0434240813441	0.0440389468363	0.0445614180487	0.0448974985848	0.0467940349364	0.0432824388539	0.0453632940592	0.0430163220349	0.0497215178417	0.0472930199336	0.0563740483644	0.0611886182421	0.0563032246438	0.0447183697752	0.0465740713796	0.0455322277267	0.0455705500465	0.0458763680647
TARA_039_DCM_0.22-1.6_G.freeze11.snv.mod.fix.bam	0.0350249022319	0.0333574957346	0.0389358364977	0.040410380769	0.0	0.0311397916498	0.0318056369516	0.0329467506793	0.0340174611237	0.0328784070359	0.0337440619868	0.034409048922	0.0348331223784	0.0391074700585	0.0339640212584	0.0381340221559	0.0345151387005	0.0427162932032	0.0402867982543	0.0507565458291	0.0562170331574	0.0500487192216	0.0363342083067	0.0398175556971	0.0375475260568	0.0375740169333	0.038214452127
TARA_041_SRF_0.22-1.6_G.freeze11.snv.mod.fix.bam	0.0270657121474	0.0268836827908	0.0417985663248	0.0425299207898	0.0311397916498	0.0	0.0244381343192	0.0232860556554	0.0258767959681	0.0257283031925	0.0283827869068	0.0276985148799	0.0287790123629	0.0356782177651	0.0259449065639	0.0347818675456	0.0297992920529	0.0400887708011	0.0375013310093	0.0496132876789	0.0562322682684	0.0463915012367	0.0313065442015	0.0369735063893	0.0361425649765	0.0352211846873	0.0361403944108
TARA_042_SRF_0.22-1.6_G.freeze11.snv.mod.fix.bam	0.0285716633847	0.0274611379592	0.0421718971977	0.0426438376764	0.0318056369516	0.0244381343192	0.0	0.024543922583	0.0257545656307	0.0273277354087	0.0298429971113	0.0299939849846	0.0309399985068	0.0363794611478	0.0283488975404	0.0343568640824	0.0295488486773	0.0395347857339	0.0374960953309	0.048425052051	0.0550152975317	0.0468670448482	0.0312566937004	0.036520048414	0.0377374938832	0.0338697179142	0.0346508415414
TARA_045_SRF_0.22-1.6_G.freeze11.snv.mod.fix.bam	0.0266855253988	0.0267465584481	0.0428026044499	0.0433952870044	0.0329467506793	0.0232860556554	0.024543922583	0.0	0.022686081559	0.026104241488	0.0292597696188	0.0285343824484	0.0300135408046	0.0356702437501	0.0250102330557	0.0343134697285	0.0291312610143	0.0398304640673	0.0373995069203	0.0492910598069	0.0560427172101	0.0457814933336	0.030388729155	0.0368431913339	0.0376830444795	0.0352202146368	0.0360499841197
TARA_048_SRF_0.22-1.6_G.freeze11.snv.mod.fix.bam	0.0281838589453	0.0273948346322	0.0432624963536	0.0438532682004	0.0340174611237	0.0258767959681	0.0257545656307	0.022686081559	0.0	0.0280235352688	0.031355583614	0.0315463748144	0.0327113475216	0.0363663913994	0.027015172483	0.0337370838607	0.0284645173286	0.0389167317295	0.0374153572966	0.047880442342	0.0545611567384	0.0457986237932	0.0294895126793	0.0358597165251	0.0397338954562	0.0344520955212	0.0352593020518
TARA_056_SRF_0.22-3_G.freeze11.snv.mod.fix.bam	0.029155622569	0.0288726378649	0.0427279574491	0.0434240813441	0.0328784070359	0.0257283031925	0.0273277354087	0.026104241488	0.0280235352688	0.0	0.0273021931073	0.0269814878392	0.0283273282241	0.0362114551996	0.0271692150072	0.0349663972741	0.0303078238383	0.0406989697981	0.0380533381623	0.0497325171223	0.0558770934122	0.0464554065787	0.0323452106712	0.0362656181221	0.0371464967888	0.0360004552005	0.0369088067146
TARA_057_SRF_0.22-3_G.freeze11.snv.mod.fix.bam	0.0319039429708	0.0316205958298	0.0433717250793	0.0440389468363	0.0337440619868	0.0283827869068	0.0298429971113	0.0292597696188	0.031355583614	0.0273021931073	0.0	0.0292361725643	0.0301570257202	0.0375997523669	0.0303500664187	0.03700503725	0.0331875665797	0.0423274626308	0.039557661647	0.0512531211624	0.0573520533661	0.0485544017901	0.0346307760977	0.0392008471359	0.0376409506015	0.0374931507821	0.0383187451334
TARA_058_DCM_0.22-3_G.freeze11.snv.mod.fix.bam	0.0314199445144	0.0317379374733	0.0438248875484	0.0445614180487	0.034409048922	0.0276985148799	0.0299939849846	0.0285343824484	0.0315463748144	0.0269814878392	0.0292361725643	0.0	0.0289622424923	0.0375092417579	0.0291197782741	0.0368773251518	0.0328537259051	0.0427826050802	0.0399502608541	0.0520890992235	0.0584265100636	0.04825860801	0.0351921321308	0.0389409515215	0.0376374246458	0.0386525165162	0.0393769783809
TARA_062_SRF_0.22-3_G.freeze11.snv.mod.fix.bam	0.0319925787394	0.0322679896625	0.0440013116679	0.0448974985848	0.0348331223784	0.0287790123629	0.0309399985068	0.0300135408046	0.0327113475216	0.0283273282241	0.0301570257202	0.0289622424923	0.0	0.0378374608597	0.0299836273592	0.0378767818173	0.0339899578199	0.0430083741019	0.0402602267018	0.0522416182565	0.0584842120952	0.0487472642114	0.0356777795567	0.0403657196553	0.0379756900415	0.0385746092108	0.0392658329234
TARA_064_DCM_0.22-3_G.freeze11.snv.mod.fix.bam	0.0364817354231	0.0365059811572	0.0464587342856	0.0467940349364	0.0391074700585	0.0356782177651	0.0363794611478	0.0356702437501	0.0363663913994	0.0362114551996	0.0375997523669	0.0375092417579	0.0378374608597	0.0	0.0329902389344	0.0396418454004	0.03644949547	0.0433928744141	0.0409394638237	0.0522783865897	0.0586889004712	0.0498868403316	0.0375453128499	0.0423226810913	0.0433072389641	0.0409485483604	0.0414346356476
TARA_064_SRF_0.22-3_G.freeze11.snv.mod.fix.bam	0.0264970572242	0.0277076193582	0.0423000268141	0.0432824388539	0.0339640212584	0.0259449065639	0.0283488975404	0.0250102330557	0.027015172483	0.0271692150072	0.0303500664187	0.0291197782741	0.0299836273592	0.0329902389344	0.0	0.0342778679749	0.0294472196362	0.0390028108796	0.0355796581378	0.0489776898182	0.0557837578015	0.0438584260763	0.0300045173939	0.0367074557234	0.037729672013	0.0364467710903	0.0372207878432
TARA_072_MES_0.22-3_G.freeze11.snv.mod.fix.bam	0.0354266374732	0.0346445178147	0.0450141492756	0.0453632940592	0.0381340221559	0.0347818675456	0.0343568640824	0.0343134697285	0.0337370838607	0.0349663972741	0.03700503725	0.0368773251518	0.0378767818173	0.0396418454004	0.0342778679749	0.0	0.0310751081099	0.0412229333745	0.0397927948011	0.049156973297	0.0553271217226	0.0477354490758	0.0352957912674	0.0371271541029	0.0434397465235	0.0383544115323	0.0390759165056
TARA_072_SRF_0.22-3_G.freeze11.snv.mod.fix.bam	0.030696340618	0.0296619809302	0.0425681084878	0.0430163220349	0.0345151387005	0.0297992920529	0.0295488486773	0.0291312610143	0.0284645173286	0.0303078238383	0.0331875665797	0.0328537259051	0.0339899578199	0.03644949547	0.0294472196362	0.0310751081099	0.0	0.0386235717453	0.0367022630293	0.0469019962175	0.0531668516457	0.0451481413223	0.0310125483598	0.0335297609075	0.0405078941815	0.0349038108261	0.0356310469365
TARA_076_SRF_0.22-3_G.freeze11.snv.mod.fix.bam	0.0399935888338	0.039100927833	0.0491366253685	0.0497215178417	0.0427162932032	0.0400887708011	0.0395347857339	0.0398304640673	0.0389167317295	0.0406989697981	0.0423274626308	0.0427826050802	0.0430083741019	0.0433928744141	0.0390028108796	0.0412229333745	0.0386235717453	0.0	0.0418305591501	0.0499634705808	0.0566548989178	0.0491747604167	0.0374389376454	0.0435226473046	0.0477879379994	0.0421505233812	0.0427604482327
TARA_078_SRF_0.22-3_G.freeze11.snv.mod.fix.bam	0.0376514845366	0.0371377644778	0.046736508782	0.0472930199336	0.0402867982543	0.0375013310093	0.0374960953309	0.0373995069203	0.0374153572966	0.0380533381623	0.039557661647	0.0399502608541	0.0402602267018	0.0409394638237	0.0355796581378	0.0397927948011	0.0367022630293	0.0418305591501	0.0	0.0483625231255	0.0547034283143	0.0465361931119	0.0338580849584	0.0414191359308	0.0447206032381	0.0406788937897	0.041238496938
TARA_098_SRF_0.22-3_G.freeze11.snv.mod.fix.bam	0.0497850877762	0.0481325124709	0.0562648633003	0.0563740483644	0.0507565458291	0.0496132876789	0.048425052051	0.0492910598069	0.047880442342	0.0497325171223	0.0512531211624	0.0520890992235	0.0522416182565	0.0522783865897	0.0489776898182	0.049156973297	0.0469019962175	0.0499634705808	0.0483625231255	0.0	0.0479515328002	0.0410407861209	0.0453467061244	0.0493298927737	0.0560318280822	0.0496384839002	0.04995609834
TARA_099_SRF_0.22-3_G.freeze11.snv.mod.fix.bam	0.0567535911877	0.054755976371	0.0607714977731	0.0611886182421	0.0562170331574	0.0562322682684	0.0550152975317	0.0560427172101	0.0545611567384	0.0558770934122	0.0573520533661	0.0584265100636	0.0584842120952	0.0586889004712	0.0557837578015	0.0553271217226	0.0531668516457	0.0566548989178	0.0547034283143	0.0479515328002	0.0	0.047933363526	0.052577933909	0.0539724003205	0.0615694796534	0.0559363401942	0.0561432832755
TARA_112_SRF_0.22-3_G.freeze11.snv.mod.fix.bam	0.0462021676566	0.0462697372357	0.0556758008552	0.0563032246438	0.0500487192216	0.0463915012367	0.0468670448482	0.0457814933336	0.0457986237932	0.0464554065787	0.0485544017901	0.04825860801	0.0487472642114	0.0498868403316	0.0438584260763	0.0477354490758	0.0451481413223	0.0491747604167	0.0465361931119	0.0410407861209	0.047933363526	0.0	0.0437671013655	0.0478300476638	0.0535445031524	0.0508675937429	0.0514474737872
TARA_132_SRF_0.22-3_G.freeze11.snv.mod.fix.bam	0.0313478948038	0.0306509192688	0.0442422992186	0.0447183697752	0.0363342083067	0.0313065442015	0.0312566937004	0.030388729155	0.0294895126793	0.0323452106712	0.0346307760977	0.0351921321308	0.0356777795567	0.0375453128499	0.0300045173939	0.0352957912674	0.0310125483598	0.0374389376454	0.0338580849584	0.0453467061244	0.052577933909	0.0437671013655	0.0	0.0370739933702	0.0417401181087	0.0356269599945	0.0363836219513
TARA_138_SRF_0.22-3_G.freeze11.snv.mod.fix.bam	0.0380606141109	0.0367998476063	0.0463692048632	0.0465740713796	0.0398175556971	0.0369735063893	0.036520048414	0.0368431913339	0.0358597165251	0.0362656181221	0.0392008471359	0.0389409515215	0.0403657196553	0.0423226810913	0.0367074557234	0.0371271541029	0.0335297609075	0.0435226473046	0.0414191359308	0.0493298927737	0.0539724003205	0.0478300476638	0.0370739933702	0.0	0.0453791518695	0.0408604970123	0.0413316564142
TARA_140_SRF_0.22-3_G.freeze11.snv.mod.fix.bam	0.0395041551204	0.0391022125139	0.0448759509661	0.0455322277267	0.0375475260568	0.0361425649765	0.0377374938832	0.0376830444795	0.0397338954562	0.0371464967888	0.0376409506015	0.0376374246458	0.0379756900415	0.0433072389641	0.037729672013	0.0434397465235	0.0405078941815	0.0477879379994	0.0447206032381	0.0560318280822	0.0615694796534	0.0535445031524	0.0417401181087	0.0453791518695	0.0	0.0439009253607	0.0447024983549
TARA_142_DCM_0.22-3_G.freeze11.snv.mod.fix.bam	0.0357439679379	0.0339073847072	0.0453795381001	0.0455705500465	0.0375740169333	0.0352211846873	0.0338697179142	0.0352202146368	0.0344520955212	0.0360004552005	0.0374931507821	0.0386525165162	0.0385746092108	0.0409485483604	0.0364467710903	0.0383544115323	0.0349038108261	0.0421505233812	0.0406788937897	0.0496384839002	0.0559363401942	0.0508675937429	0.0356269599945	0.0408604970123	0.0439009253607	0.0	0.0249786965817
TARA_142_SRF_0.22-3_G.freeze11.snv.mod.fix.bam	0.0366192159476	0.0347775145504	0.045766000754	0.0458763680647	0.038214452127	0.0361403944108	0.0346508415414	0.0360499841197	0.0352593020518	0.0369088067146	0.0383187451334	0.0393769783809	0.0392658329234	0.0414346356476	0.0372207878432	0.0390759165056	0.0356310469365	0.0427604482327	0.041238496938	0.04995609834	0.0561432832755	0.0514474737872	0.0363836219513	0.0413316564142	0.0447024983549	0.0249786965817	0.0
