	TARA_004_DCM_0.22-1.6_G.freeze11.snv.mod.fix.bam	TARA_009_DCM_0.22-1.6_G.freeze11.snv.mod.fix.bam	TARA_023_DCM_0.22-1.6_G.freeze11.snv.mod.fix.bam	TARA_025_DCM_0.22-1.6_G.freeze11.snv.mod.fix.bam	TARA_052_DCM_0.22-1.6_G.freeze11.snv.mod.fix.bam	TARA_068_DCM_0.22-3_G.freeze11.snv.mod.fix.bam	TARA_068_SRF_0.22-3_G.freeze11.snv.mod.fix.bam	TARA_070_SRF_0.22-3_G.freeze11.snv.mod.fix.bam	TARA_078_DCM_0.22-3_G.freeze11.snv.mod.fix.bam	TARA_098_DCM_0.22-3_G.freeze11.snv.mod.fix.bam	TARA_100_DCM_0.22-3_G.freeze11.snv.mod.fix.bam	TARA_102_DCM_0.22-3_G.freeze11.snv.mod.fix.bam	TARA_110_DCM_0.22-3_G.freeze11.snv.mod.fix.bam	TARA_111_DCM_0.22-3_G.freeze11.snv.mod.fix.bam	TARA_112_DCM_0.22-3_G.freeze11.snv.mod.fix.bam	TARA_132_DCM_0.22-3_G.freeze11.snv.mod.fix.bam	TARA_133_DCM_0.22-3_G.freeze11.snv.mod.fix.bam	TARA_138_DCM_0.22-3_G.freeze11.snv.mod.fix.bam	TARA_150_SRF_0.22-3_G.freeze11.snv.mod.fix.bam
TARA_004_DCM_0.22-1.6_G.freeze11.snv.mod.fix.bam	0.0	0.00179592021144	0.00236067499492	0.000711591027176	0.00796304244697	0.000451803826778	0.000677705740168	0.000858427270879	0.000598640070481	0.00280118372603	0.000463098922448	0.00221383875121	0.00618971242686	0.00126505071498	0.00810987869067	0.000734181218515	0.0234373235141	0.00501502247724	0.000508279305126
TARA_009_DCM_0.22-1.6_G.freeze11.snv.mod.fix.bam	0.00179592021144	0.0	0.000451803826778	0.000542164592134	0.0166602661125	0.00132152619333	0.00114080466262	0.0032191022658	0.00283506901303	0.0101429959112	0.00370479137958	0.00694648383672	0.0138026069081	0.00563625273906	0.017428332618	0.00353536494454	0.0248605055685	0.0129780649242	0.00128764090632
TARA_023_DCM_0.22-1.6_G.freeze11.snv.mod.fix.bam	0.00236067499492	0.000451803826778	0.0	0.000824541983871	0.0171911356089	0.00138929676734	0.00135541148034	0.00372738157092	0.00406623444101	0.0101655861025	0.00410011972801	0.00766936995956	0.0141640499695	0.00534258025165	0.0177333002011	0.00326428264847	0.0208620417015	0.0135202295163	0.00160390358506
TARA_025_DCM_0.22-1.6_G.freeze11.snv.mod.fix.bam	0.000711591027176	0.000542164592134	0.000824541983871	0.0	0.0140059186301	0.000722886122845	0.000892312557887	0.00220254365554	0.00153613301105	0.00746605823751	0.00190887116814	0.00486818623354	0.0118146700703	0.0039193981973	0.0143560665959	0.00199923193349	0.0228725687307	0.0100413400502	0.000892312557887
TARA_052_DCM_0.22-1.6_G.freeze11.snv.mod.fix.bam	0.00796304244697	0.0166602661125	0.0171911356089	0.0140059186301	0.0	0.00948788036235	0.00942010978833	0.00508279305126	0.0076919601509	0.00219124855988	0.00371608647525	0.00274470824768	0.00137800167167	0.00271082296067	0.00138929676734	0.00337723360517	0.0266790159713	0.00145706734136	0.00840355117808
TARA_068_DCM_0.22-3_G.freeze11.snv.mod.fix.bam	0.000451803826778	0.00132152619333	0.00138929676734	0.000722886122845	0.00948788036235	0.0	4.51803826778e-05	0.000745476314184	0.000982673323243	0.00406623444101	0.000722886122845	0.00199923193349	0.0069916642194	0.00154742810672	0.00975896265841	0.000598640070481	0.0156662976935	0.00609935166151	0.000237197009059
TARA_068_SRF_0.22-3_G.freeze11.snv.mod.fix.bam	0.000677705740168	0.00114080466262	0.00135541148034	0.000892312557887	0.00942010978833	4.51803826778e-05	0.0	0.000722886122845	0.00106173899293	0.00405493934534	0.000790656696862	0.00175073982877	0.00648338491427	0.00161519868073	0.00963471660605	0.000463098922448	0.0142544107349	0.00581697426977	0.000304967583075
TARA_070_SRF_0.22-3_G.freeze11.snv.mod.fix.bam	0.000858427270879	0.0032191022658	0.00372738157092	0.00220254365554	0.00508279305126	0.000745476314184	0.000722886122845	0.0	0.00128764090632	0.00172814963743	0.000237197009059	0.00101655861025	0.00361443061423	0.000406623444101	0.00472134998983	0.000666410644498	0.0220367316511	0.0032529875528	0.000722886122845
TARA_078_DCM_0.22-3_G.freeze11.snv.mod.fix.bam	0.000598640070481	0.00283506901303	0.00406623444101	0.00153613301105	0.0076919601509	0.000982673323243	0.00106173899293	0.00128764090632	0.0	0.00404364424967	0.00110691937561	0.00206700250751	0.00672058192333	0.00246233085594	0.00833578060406	0.00184110059412	0.025696342648	0.00500372738157	0.00118598504529
TARA_098_DCM_0.22-3_G.freeze11.snv.mod.fix.bam	0.00280118372603	0.0101429959112	0.0101655861025	0.00746605823751	0.00219124855988	0.00406623444101	0.00405493934534	0.00172814963743	0.00404364424967	0.0	0.000530869496465	0.00152483791538	0.00126505071498	0.000101655861025	0.000711591027176	0.000937492940565	0.0241150292543	0.00119728014096	0.00354666004021
TARA_100_DCM_0.22-3_G.freeze11.snv.mod.fix.bam	0.000463098922448	0.00370479137958	0.00410011972801	0.00190887116814	0.00371608647525	0.000722886122845	0.000790656696862	0.000237197009059	0.00110691937561	0.000530869496465	0.0	0.000677705740168	0.00239456028193	5.64754783473e-05	0.0028463641087	0.000248492104728	0.0195631056995	0.00169426435042	0.000756771409854
TARA_102_DCM_0.22-3_G.freeze11.snv.mod.fix.bam	0.00221383875121	0.00694648383672	0.00766936995956	0.00486818623354	0.00274470824768	0.00199923193349	0.00175073982877	0.00101655861025	0.00206700250751	0.00152483791538	0.000677705740168	0.0	0.00118598504529	0.00116339485395	0.00274470824768	0.000429213635439	0.0181060383581	0.000722886122845	0.00199923193349
TARA_110_DCM_0.22-3_G.freeze11.snv.mod.fix.bam	0.00618971242686	0.0138026069081	0.0141640499695	0.0118146700703	0.00137800167167	0.0069916642194	0.00648338491427	0.00361443061423	0.00672058192333	0.00126505071498	0.00239456028193	0.00118598504529	0.0	0.00134411638467	0.00157001829805	0.00109562427994	0.024194094924	0.000576049879142	0.00590733503513
TARA_111_DCM_0.22-3_G.freeze11.snv.mod.fix.bam	0.00126505071498	0.00563625273906	0.00534258025165	0.0039193981973	0.00271082296067	0.00154742810672	0.00161519868073	0.000406623444101	0.00246233085594	0.000101655861025	5.64754783473e-05	0.00116339485395	0.00134411638467	0.0	0.00169426435042	0.000237197009059	0.0207490907448	0.00166037906341	0.00132152619333
TARA_112_DCM_0.22-3_G.freeze11.snv.mod.fix.bam	0.00810987869067	0.017428332618	0.0177333002011	0.0143560665959	0.00138929676734	0.00975896265841	0.00963471660605	0.00472134998983	0.00833578060406	0.000711591027176	0.0028463641087	0.00274470824768	0.00157001829805	0.00169426435042	0.0	0.00238326518626	0.026893622789	0.00143447715002	0.0084713217521
TARA_132_DCM_0.22-3_G.freeze11.snv.mod.fix.bam	0.000734181218515	0.00353536494454	0.00326428264847	0.00199923193349	0.00337723360517	0.000598640070481	0.000463098922448	0.000666410644498	0.00184110059412	0.000937492940565	0.000248492104728	0.000429213635439	0.00109562427994	0.000237197009059	0.00238326518626	0.0	0.0121761131317	0.000971378227574	0.000700295931507
TARA_133_DCM_0.22-3_G.freeze11.snv.mod.fix.bam	0.0234373235141	0.0248605055685	0.0208620417015	0.0228725687307	0.0266790159713	0.0156662976935	0.0142544107349	0.0220367316511	0.025696342648	0.0241150292543	0.0195631056995	0.0181060383581	0.024194094924	0.0207490907448	0.026893622789	0.0121761131317	0.0	0.0232678970791	0.0191225969684
TARA_138_DCM_0.22-3_G.freeze11.snv.mod.fix.bam	0.00501502247724	0.0129780649242	0.0135202295163	0.0100413400502	0.00145706734136	0.00609935166151	0.00581697426977	0.0032529875528	0.00500372738157	0.00119728014096	0.00169426435042	0.000722886122845	0.000576049879142	0.00166037906341	0.00143447715002	0.000971378227574	0.0232678970791	0.0	0.00534258025165
TARA_150_SRF_0.22-3_G.freeze11.snv.mod.fix.bam	0.000508279305126	0.00128764090632	0.00160390358506	0.000892312557887	0.00840355117808	0.000237197009059	0.000304967583075	0.000722886122845	0.00118598504529	0.00354666004021	0.000756771409854	0.00199923193349	0.00590733503513	0.00132152619333	0.0084713217521	0.000700295931507	0.0191225969684	0.00534258025165	0.0
