	TARA_031_SRF_0.22-1.6_G.freeze11.snv.mod.fix.bam	TARA_033_SRF_0.22-1.6_G.freeze11.snv.mod.fix.bam	TARA_034_SRF_0.22-1.6_G.freeze11.snv.mod.fix.bam	TARA_036_DCM_0.22-1.6_G.freeze11.snv.mod.fix.bam	TARA_036_SRF_0.22-1.6_G.freeze11.snv.mod.fix.bam	TARA_038_DCM_0.22-1.6_G.freeze11.snv.mod.fix.bam	TARA_038_SRF_0.22-1.6_G.freeze11.snv.mod.fix.bam	TARA_039_DCM_0.22-1.6_G.freeze11.snv.mod.fix.bam	TARA_057_SRF_0.22-3_G.freeze11.snv.mod.fix.bam	TARA_062_SRF_0.22-3_G.freeze11.snv.mod.fix.bam	TARA_064_DCM_0.22-3_G.freeze11.snv.mod.fix.bam	TARA_064_SRF_0.22-3_G.freeze11.snv.mod.fix.bam	TARA_065_DCM_0.22-3_G.freeze11.snv.mod.fix.bam	TARA_065_SRF_0.22-3_G.freeze11.snv.mod.fix.bam	TARA_123_SRF_0.22-3_G.freeze11.snv.mod.fix.bam	TARA_124_MIX_0.22-3_G.freeze11.snv.mod.fix.bam	TARA_124_SRF_0.22-3_G.freeze11.snv.mod.fix.bam	TARA_125_SRF_0.22-3_G.freeze11.snv.mod.fix.bam	TARA_140_SRF_0.22-3_G.freeze11.snv.mod.fix.bam	TARA_141_SRF_0.22-3_G.freeze11.snv.mod.fix.bam	TARA_146_SRF_0.22-3_G.freeze11.snv.mod.fix.bam	TARA_148_SRF_0.22-3_G.freeze11.snv.mod.fix.bam	TARA_149_SRF_0.22-3_G.freeze11.snv.mod.fix.bam
TARA_031_SRF_0.22-1.6_G.freeze11.snv.mod.fix.bam	0.0	0.00354291199442	0.0042672018849	0.00216414328723	0.00214669051878	0.00104716610672	0.0018848989921	0.00154457000742	0.00195471006588	0.000924996727606	0.000479951132248	0.000340328984685	0.00154457000742	0.00256555696147	0.0164928661809	0.014145468825	0.0159431039749	0.0155067847637	0.00225140712946	0.00485186962782	0.00230376543479	0.00215541690301	0.00548889567608
TARA_033_SRF_0.22-1.6_G.freeze11.snv.mod.fix.bam	0.00354291199442	0.0	6.98110737816e-05	0.00013089576334	0.000244338758236	0.000375234521576	0.000209433221345	8.7263842227e-05	3.49055368908e-05	0.00077664819582	0.000837732885379	0.000881364806492	0.000122169379118	0.000541035821807	0.00986954055587	0.00897072298093	0.0095728434923	0.011012696889	0.000157074916009	0.000104716610672	0.00782756664776	0.00792355687421	0.0214494524194
TARA_034_SRF_0.22-1.6_G.freeze11.snv.mod.fix.bam	0.0042672018849	6.98110737816e-05	0.0	0.000165801300231	0.000340328984685	0.00068065796937	0.000305423447794	0.000183254068677	0.000174527684454	0.00117806187006	0.00127405209651	0.00131768401763	0.000357781753131	0.000698110737816	0.00997425716654	0.00941576857629	0.0100789737772	0.011091234347	0.000209433221345	0.000148348531786	0.00871765783847	0.00906671320738	0.0223395436101
TARA_036_DCM_0.22-1.6_G.freeze11.snv.mod.fix.bam	0.00216414328723	0.00013089576334	0.000165801300231	0.0	6.98110737816e-05	3.49055368908e-05	2.61791526681e-05	3.49055368908e-05	0.000113442994895	0.000575941358698	0.000366508137353	0.000392687290021	0.000139622147563	0.000357781753131	0.00970373925564	0.00902308128627	0.00928487281295	0.0106636415201	3.49055368908e-05	0.000183254068677	0.00390069374755	0.00379597713687	0.0153322570793
TARA_036_SRF_0.22-1.6_G.freeze11.snv.mod.fix.bam	0.00214669051878	0.000244338758236	0.000340328984685	6.98110737816e-05	0.0	7.85374580043e-05	9.59902264497e-05	6.10846895589e-05	0.000287970679349	0.000811553732711	0.000462498363803	0.000497403900694	0.000287970679349	0.00068065796937	0.0103145861512	0.00935468388673	0.0101924167721	0.0111348662682	0.000340328984685	0.00045377197958	0.00331602600462	0.00294951786727	0.0127579737336
TARA_038_DCM_0.22-1.6_G.freeze11.snv.mod.fix.bam	0.00104716610672	0.000375234521576	0.00068065796937	3.49055368908e-05	7.85374580043e-05	0.0	1.74527684454e-05	5.23583053362e-05	0.000235612374013	0.000366508137353	4.36319211135e-05	6.98110737816e-05	0.000113442994895	0.000349055368908	0.010070247393	0.00907543959161	0.00954666433963	0.0104803874515	0.000104716610672	0.000846459269602	0.00109079802784	0.000567214974475	0.00445045595358
TARA_038_SRF_0.22-1.6_G.freeze11.snv.mod.fix.bam	0.0018848989921	0.000209433221345	0.000305423447794	2.61791526681e-05	9.59902264497e-05	1.74527684454e-05	0.0	8.7263842227e-05	0.00013089576334	0.000488677516471	0.000261791526681	0.000235612374013	6.10846895589e-05	0.000392687290021	0.00816789563244	0.0077664819582	0.00780138749509	0.00922378812339	6.98110737816e-05	0.000357781753131	0.00272263187748	0.00237357650857	0.0112744884157
TARA_039_DCM_0.22-1.6_G.freeze11.snv.mod.fix.bam	0.00154457000742	8.7263842227e-05	0.000183254068677	3.49055368908e-05	6.10846895589e-05	5.23583053362e-05	8.7263842227e-05	0.0	5.23583053362e-05	0.000383960905799	0.00013089576334	0.00013089576334	6.98110737816e-05	0.000506130284916	0.00933723111829	0.00867402591736	0.00893581744404	0.0101662376194	0.000165801300231	0.000305423447794	0.00278371656704	0.00222522797679	0.0112657620315
TARA_057_SRF_0.22-3_G.freeze11.snv.mod.fix.bam	0.00195471006588	3.49055368908e-05	0.000174527684454	0.000113442994895	0.000287970679349	0.000235612374013	0.00013089576334	5.23583053362e-05	0.0	0.00022688598979	0.00032287621624	0.000296697063572	1.74527684454e-05	0.000209433221345	0.00897072298093	0.00829006501156	0.00884855360182	0.00986081417165	4.36319211135e-05	0.000235612374013	0.00507875561761	0.00479078493826	0.0165452244862
TARA_062_SRF_0.22-3_G.freeze11.snv.mod.fix.bam	0.000924996727606	0.00077664819582	0.00117806187006	0.000575941358698	0.000811553732711	0.000366508137353	0.000488677516471	0.000383960905799	0.00022688598979	0.0	0.000261791526681	0.000331602600462	0.000235612374013	0.000593394127143	0.0107334525939	0.00958156987652	0.0103756708408	0.0108468955888	0.000392687290021	0.0012304201754	0.00318513024128	0.00283607487238	0.00961647541341
TARA_064_DCM_0.22-3_G.freeze11.snv.mod.fix.bam	0.000479951132248	0.000837732885379	0.00127405209651	0.000366508137353	0.000462498363803	4.36319211135e-05	0.000261791526681	0.00013089576334	0.00032287621624	0.000261791526681	0.0	0.0	3.49055368908e-05	0.000375234521576	0.0128016056547	0.0111610454208	0.0122867489856	0.0122780226013	0.000349055368908	0.00157074916009	0.000602120511366	0.000357781753131	0.00233867097168
TARA_064_SRF_0.22-3_G.freeze11.snv.mod.fix.bam	0.000340328984685	0.000881364806492	0.00131768401763	0.000392687290021	0.000497403900694	6.98110737816e-05	0.000235612374013	0.00013089576334	0.000296697063572	0.000331602600462	0.0	0.0	8.7263842227e-05	0.000401413674244	0.0131419346394	0.0115799118635	0.0125921724334	0.01285396396	0.000375234521576	0.00152711723897	0.000506130284916	0.000383960905799	0.00230376543479
TARA_065_DCM_0.22-3_G.freeze11.snv.mod.fix.bam	0.00154457000742	0.000122169379118	0.000357781753131	0.000139622147563	0.000287970679349	0.000113442994895	6.10846895589e-05	6.98110737816e-05	1.74527684454e-05	0.000235612374013	3.49055368908e-05	8.7263842227e-05	0.0	0.000235612374013	0.0105152929884	0.00945067411318	0.0101051529299	0.0109428858153	0.00013089576334	0.000488677516471	0.00274008464593	0.00191980452899	0.0109777913522
TARA_065_SRF_0.22-3_G.freeze11.snv.mod.fix.bam	0.00256555696147	0.000541035821807	0.000698110737816	0.000357781753131	0.00068065796937	0.000349055368908	0.000392687290021	0.000506130284916	0.000209433221345	0.000593394127143	0.000375234521576	0.000401413674244	0.000235612374013	0.0	0.0117631659322	0.0102796806143	0.0110476024259	0.0116322701689	0.000357781753131	0.00109079802784	0.0047297002487	0.00413630612156	0.0150530127842
TARA_123_SRF_0.22-3_G.freeze11.snv.mod.fix.bam	0.0164928661809	0.00986954055587	0.00997425716654	0.00970373925564	0.0103145861512	0.010070247393	0.00816789563244	0.00933723111829	0.00897072298093	0.0107334525939	0.0128016056547	0.0131419346394	0.0105152929884	0.0117631659322	0.0	0.000183254068677	4.36319211135e-05	0.000357781753131	0.00952048518696	0.010384397225	0.0238928400017	0.0253326933985	0.0369562371831
TARA_124_MIX_0.22-3_G.freeze11.snv.mod.fix.bam	0.014145468825	0.00897072298093	0.00941576857629	0.00902308128627	0.00935468388673	0.00907543959161	0.0077664819582	0.00867402591736	0.00829006501156	0.00958156987652	0.0111610454208	0.0115799118635	0.00945067411318	0.0102796806143	0.000183254068677	0.0	0.000122169379118	0.00045377197958	0.00876128975959	0.0098433614032	0.0205070029233	0.0216763384092	0.0320258300973
TARA_124_SRF_0.22-3_G.freeze11.snv.mod.fix.bam	0.0159431039749	0.0095728434923	0.0100789737772	0.00928487281295	0.0101924167721	0.00954666433963	0.00780138749509	0.00893581744404	0.00884855360182	0.0103756708408	0.0122867489856	0.0125921724334	0.0101051529299	0.0110476024259	4.36319211135e-05	0.000122169379118	0.0	0.00022688598979	0.0092674200445	0.0100004363192	0.0232121820324	0.024215716218	0.036284305598
TARA_125_SRF_0.22-3_G.freeze11.snv.mod.fix.bam	0.0155067847637	0.011012696889	0.011091234347	0.0106636415201	0.0111348662682	0.0104803874515	0.00922378812339	0.0101662376194	0.00986081417165	0.0108468955888	0.0122780226013	0.01285396396	0.0109428858153	0.0116322701689	0.000357781753131	0.00045377197958	0.00022688598979	0.0	0.0107683581308	0.0116322701689	0.0218421397094	0.0226973253632	0.0331602600462
TARA_140_SRF_0.22-3_G.freeze11.snv.mod.fix.bam	0.00225140712946	0.000157074916009	0.000209433221345	3.49055368908e-05	0.000340328984685	0.000104716610672	6.98110737816e-05	0.000165801300231	4.36319211135e-05	0.000392687290021	0.000349055368908	0.000375234521576	0.00013089576334	0.000357781753131	0.00952048518696	0.00876128975959	0.0092674200445	0.0107683581308	0.0	0.000244338758236	0.00351673284175	0.00320258300973	0.0139971202932
TARA_141_SRF_0.22-3_G.freeze11.snv.mod.fix.bam	0.00485186962782	0.000104716610672	0.000148348531786	0.000183254068677	0.00045377197958	0.000846459269602	0.000357781753131	0.000305423447794	0.000235612374013	0.0012304201754	0.00157074916009	0.00152711723897	0.000488677516471	0.00109079802784	0.010384397225	0.0098433614032	0.0100004363192	0.0116322701689	0.000244338758236	0.0	0.00869147868581	0.00904053405471	0.0218944980147
TARA_146_SRF_0.22-3_G.freeze11.snv.mod.fix.bam	0.00230376543479	0.00782756664776	0.00871765783847	0.00390069374755	0.00331602600462	0.00109079802784	0.00272263187748	0.00278371656704	0.00507875561761	0.00318513024128	0.000602120511366	0.000506130284916	0.00274008464593	0.0047297002487	0.0238928400017	0.0205070029233	0.0232121820324	0.0218421397094	0.00351673284175	0.00869147868581	0.0	6.98110737816e-05	0.000567214974475
TARA_148_SRF_0.22-3_G.freeze11.snv.mod.fix.bam	0.00215541690301	0.00792355687421	0.00906671320738	0.00379597713687	0.00294951786727	0.000567214974475	0.00237357650857	0.00222522797679	0.00479078493826	0.00283607487238	0.000357781753131	0.000383960905799	0.00191980452899	0.00413630612156	0.0253326933985	0.0216763384092	0.024215716218	0.0226973253632	0.00320258300973	0.00904053405471	6.98110737816e-05	0.0	0.000209433221345
TARA_149_SRF_0.22-3_G.freeze11.snv.mod.fix.bam	0.00548889567608	0.0214494524194	0.0223395436101	0.0153322570793	0.0127579737336	0.00445045595358	0.0112744884157	0.0112657620315	0.0165452244862	0.00961647541341	0.00233867097168	0.00230376543479	0.0109777913522	0.0150530127842	0.0369562371831	0.0320258300973	0.036284305598	0.0331602600462	0.0139971202932	0.0218944980147	0.000567214974475	0.000209433221345	0.0
