	TARA_068_DCM_0.22-3_G.freeze11.snv.mod.fix.bam	TARA_068_SRF_0.22-3_G.freeze11.snv.mod.fix.bam	TARA_150_SRF_0.22-3_G.freeze11.snv.mod.fix.bam	TARA_151_SRF_0.22-3_G.freeze11.snv.mod.fix.bam	TARA_152_MIX_0.22-3_G.freeze11.snv.mod.fix.bam	TARA_152_SRF_0.22-3_G.freeze11.snv.mod.fix.bam
TARA_068_DCM_0.22-3_G.freeze11.snv.mod.fix.bam	0.0	0.0518574156257	0.0760696692819	0.0800706468135	0.0753577482858	0.0726989499286
TARA_068_SRF_0.22-3_G.freeze11.snv.mod.fix.bam	0.0518574156257	0.0	0.0731997798056	0.0780552248633	0.0728496148296	0.0697993745932
TARA_150_SRF_0.22-3_G.freeze11.snv.mod.fix.bam	0.0760696692819	0.0731997798056	0.0	0.0708572936785	0.0596049034154	0.0562972281439
TARA_151_SRF_0.22-3_G.freeze11.snv.mod.fix.bam	0.0800706468135	0.0780552248633	0.0708572936785	0.0	0.0619879195376	0.0598430658421
TARA_152_MIX_0.22-3_G.freeze11.snv.mod.fix.bam	0.0753577482858	0.0728496148296	0.0596049034154	0.0619879195376	0.0	0.0410756740056
TARA_152_SRF_0.22-3_G.freeze11.snv.mod.fix.bam	0.0726989499286	0.0697993745932	0.0562972281439	0.0598430658421	0.0410756740056	0.0
