	TARA_068_DCM_0.22-3_G.freeze11.snv.mod.fix.bam	TARA_068_SRF_0.22-3_G.freeze11.snv.mod.fix.bam	TARA_150_SRF_0.22-3_G.freeze11.snv.mod.fix.bam	TARA_151_SRF_0.22-3_G.freeze11.snv.mod.fix.bam	TARA_152_MIX_0.22-3_G.freeze11.snv.mod.fix.bam	TARA_152_SRF_0.22-3_G.freeze11.snv.mod.fix.bam
TARA_068_DCM_0.22-3_G.freeze11.snv.mod.fix.bam	0.0	0.000246957358696	0.00164638239131	0.00321044566305	0.0019883233495	0.00149440863211
TARA_068_SRF_0.22-3_G.freeze11.snv.mod.fix.bam	0.000246957358696	0.0	0.00119046111371	0.00243791238713	0.00139309279264	0.000975164954851
TARA_150_SRF_0.22-3_G.freeze11.snv.mod.fix.bam	0.00164638239131	0.00119046111371	0.0	0.00228593862793	0.000842187915553	0.000417927837793
TARA_151_SRF_0.22-3_G.freeze11.snv.mod.fix.bam	0.00321044566305	0.00243791238713	0.00228593862793	0.0	0.00134243487291	0.00109547751422
TARA_152_MIX_0.22-3_G.freeze11.snv.mod.fix.bam	0.0019883233495	0.00139309279264	0.000842187915553	0.00134243487291	0.0	8.23191195654e-05
TARA_152_SRF_0.22-3_G.freeze11.snv.mod.fix.bam	0.00149440863211	0.000975164954851	0.000417927837793	0.00109547751422	8.23191195654e-05	0.0
