	TARA_004_DCM_0.22-1.6_G.freeze11.snv.mod.fix.bam	TARA_004_SRF_0.22-1.6_G.freeze11.snv.mod.fix.bam	TARA_007_SRF_0.22-1.6_G.freeze11.snv.mod.fix.bam	TARA_009_DCM_0.22-1.6_G.freeze11.snv.mod.fix.bam	TARA_009_SRF_0.22-1.6_G.freeze11.snv.mod.fix.bam	TARA_018_DCM_0.22-1.6_G.freeze11.snv.mod.fix.bam	TARA_018_SRF_0.22-1.6_G.freeze11.snv.mod.fix.bam	TARA_025_SRF_0.22-1.6_G.freeze11.snv.mod.fix.bam	TARA_030_DCM_0.22-1.6_G.freeze11.snv.mod.fix.bam	TARA_030_SRF_0.22-1.6_G.freeze11.snv.mod.fix.bam	TARA_093_SRF_0.22-3_G.freeze11.snv.mod.fix.bam	TARA_094_SRF_0.22-3_G.freeze11.snv.mod.fix.bam	TARA_102_DCM_0.22-3_G.freeze11.snv.mod.fix.bam	TARA_102_SRF_0.22-3_G.freeze11.snv.mod.fix.bam	TARA_110_SRF_0.22-3_G.freeze11.snv.mod.fix.bam	TARA_133_SRF_0.22-3_G.freeze11.snv.mod.fix.bam
TARA_004_DCM_0.22-1.6_G.freeze11.snv.mod.fix.bam	0.0	0.0372615190654	0.0499017196623	0.044253048025	0.0585808422235	0.0523231949611	0.05192055513	0.060488002257	0.0611649601637	0.0650795832215	0.0765210943466	0.0995200133545	0.0765934193183	0.073059411709	0.0885385597914	0.0913798587958
TARA_004_SRF_0.22-1.6_G.freeze11.snv.mod.fix.bam	0.0372615190654	0.0	0.0476454952326	0.0442254698771	0.0568307263782	0.0502504298283	0.0495626148609	0.0591159557216	0.0592595936603	0.0641660248033	0.0770670607007	0.0974090486989	0.0771879009203	0.0728215696172	0.0888593297578	0.0914832688192
TARA_007_SRF_0.22-1.6_G.freeze11.snv.mod.fix.bam	0.0499017196623	0.0476454952326	0.0	0.0466455326021	0.0297473021579	0.0351974929327	0.034667046552	0.0357780876954	0.0381911354497	0.0406139781681	0.0793098910077	0.103587572741	0.0799791536903	0.0753929016396	0.0936947330013	0.0963750575391
TARA_009_DCM_0.22-1.6_G.freeze11.snv.mod.fix.bam	0.044253048025	0.0442254698771	0.0466455326021	0.0	0.0541190609388	0.048713616214	0.0480974545147	0.0561608473382	0.0570588023837	0.062322518721	0.0723547072885	0.098749747998	0.0727861907109	0.0703679874942	0.0871533074873	0.0848389973478
TARA_009_SRF_0.22-1.6_G.freeze11.snv.mod.fix.bam	0.0585808422235	0.0568307263782	0.0297473021579	0.0541190609388	0.0	0.0339104997303	0.0334973431193	0.0299388628861	0.0293954133579	0.030058390801	0.0850287997775	0.107803171692	0.0855739190032	0.0807035883374	0.0988368493222	0.102765905931
TARA_018_DCM_0.22-1.6_G.freeze11.snv.mod.fix.bam	0.0523231949611	0.0502504298283	0.0351974929327	0.048713616214	0.0339104997303	0.0	0.0303489207907	0.0360594571869	0.0360034654172	0.0396213151713	0.0822615980155	0.105144276814	0.083417123858	0.0789945450835	0.0959669035101	0.0984707534711
TARA_018_SRF_0.22-1.6_G.freeze11.snv.mod.fix.bam	0.05192055513	0.0495626148609	0.034667046552	0.0480974545147	0.0334973431193	0.0303489207907	0.0	0.0359279246925	0.0357682581475	0.0396529820825	0.0823389457235	0.104854874223	0.083018324633	0.0787464723544	0.0956889229601	0.0983168351608
TARA_025_SRF_0.22-1.6_G.freeze11.snv.mod.fix.bam	0.060488002257	0.0591159557216	0.0357780876954	0.0561608473382	0.0299388628861	0.0360594571869	0.0359279246925	0.0	0.032501247721	0.0321169094076	0.0856645921292	0.109796308796	0.0872031729413	0.0829391247762	0.100456467351	0.102650904425
TARA_030_DCM_0.22-1.6_G.freeze11.snv.mod.fix.bam	0.0611649601637	0.0592595936603	0.0381911354497	0.0570588023837	0.0293954133579	0.0360034654172	0.0357682581475	0.032501247721	0.0	0.0262792131041	0.0874277191632	0.109416644528	0.088137109022	0.0834684736919	0.100663230711	0.10363207489
TARA_030_SRF_0.22-1.6_G.freeze11.snv.mod.fix.bam	0.0650795832215	0.0641660248033	0.0406139781681	0.062322518721	0.030058390801	0.0396213151713	0.0396529820825	0.0321169094076	0.0262792131041	0.0	0.0899614596119	0.113403987754	0.0910598257691	0.0867968689644	0.104571326669	0.107595193363
TARA_093_SRF_0.22-3_G.freeze11.snv.mod.fix.bam	0.0765210943466	0.0770670607007	0.0793098910077	0.0723547072885	0.0850287997775	0.0822615980155	0.0823389457235	0.0856645921292	0.0874277191632	0.0899614596119	0.0	0.0896140317224	0.0639687390272	0.0625406355227	0.0843474937655	0.0728598489678
TARA_094_SRF_0.22-3_G.freeze11.snv.mod.fix.bam	0.0995200133545	0.0974090486989	0.103587572741	0.098749747998	0.107803171692	0.105144276814	0.104854874223	0.109796308796	0.109416644528	0.113403987754	0.0896140317224	0.0	0.0935135529719	0.0900151074642	0.0965333863481	0.0975664120369
TARA_102_DCM_0.22-3_G.freeze11.snv.mod.fix.bam	0.0765934193183	0.0771879009203	0.0799791536903	0.0727861907109	0.0855739190032	0.083417123858	0.083018324633	0.0872031729413	0.088137109022	0.0910598257691	0.0639687390272	0.0935135529719	0.0	0.0414374917944	0.0713934004296	0.0820569447848
TARA_102_SRF_0.22-3_G.freeze11.snv.mod.fix.bam	0.073059411709	0.0728215696172	0.0753929016396	0.0703679874942	0.0807035883374	0.0789945450835	0.0787464723544	0.0829391247762	0.0834684736919	0.0867968689644	0.0625406355227	0.0900151074642	0.0414374917944	0.0	0.0632579468754	0.0836133565363
TARA_110_SRF_0.22-3_G.freeze11.snv.mod.fix.bam	0.0885385597914	0.0888593297578	0.0936947330013	0.0871533074873	0.0988368493222	0.0959669035101	0.0956889229601	0.100456467351	0.100663230711	0.104571326669	0.0843474937655	0.0965333863481	0.0713934004296	0.0632579468754	0.0	0.100109907032
TARA_133_SRF_0.22-3_G.freeze11.snv.mod.fix.bam	0.0913798587958	0.0914832688192	0.0963750575391	0.0848389973478	0.102765905931	0.0984707534711	0.0983168351608	0.102650904425	0.10363207489	0.107595193363	0.0728598489678	0.0975664120369	0.0820569447848	0.0836133565363	0.100109907032	0.0
