	TARA_007_DCM_0.22-1.6_G.freeze11.snv.mod.fix.bam	TARA_007_SRF_0.22-1.6_G.freeze11.snv.mod.fix.bam	TARA_009_SRF_0.22-1.6_G.freeze11.snv.mod.fix.bam	TARA_037_MES_0.22-1.6_G.freeze11.snv.mod.fix.bam	TARA_038_DCM_0.22-1.6_G.freeze11.snv.mod.fix.bam	TARA_038_MES_0.22-1.6_G.freeze11.snv.mod.fix.bam	TARA_038_SRF_0.22-1.6_G.freeze11.snv.mod.fix.bam	TARA_041_DCM_0.22-1.6_G.freeze11.snv.mod.fix.bam	TARA_064_MES_0.22-3_G.freeze11.snv.mod.fix.bam	TARA_065_MES_0.22-3_G.freeze11.snv.mod.fix.bam	TARA_068_DCM_0.22-3_G.freeze11.snv.mod.fix.bam	TARA_068_MES_0.22-3_G.freeze11.snv.mod.fix.bam	TARA_070_MES_0.22-3_G.freeze11.snv.mod.fix.bam	TARA_072_DCM_0.22-3_G.freeze11.snv.mod.fix.bam	TARA_072_MES_0.22-3_G.freeze11.snv.mod.fix.bam	TARA_076_DCM_0.22-3_G.freeze11.snv.mod.fix.bam	TARA_076_MES_0.22-3_G.freeze11.snv.mod.fix.bam	TARA_082_DCM_0.22-3_G.freeze11.snv.mod.fix.bam	TARA_094_SRF_0.22-3_G.freeze11.snv.mod.fix.bam	TARA_100_DCM_0.22-3_G.freeze11.snv.mod.fix.bam	TARA_100_MES_0.22-3_G.freeze11.snv.mod.fix.bam	TARA_100_SRF_0.22-3_G.freeze11.snv.mod.fix.bam	TARA_102_DCM_0.22-3_G.freeze11.snv.mod.fix.bam	TARA_102_MES_0.22-3_G.freeze11.snv.mod.fix.bam	TARA_109_DCM_0.22-3_G.freeze11.snv.mod.fix.bam	TARA_109_MES_0.22-3_G.freeze11.snv.mod.fix.bam	TARA_110_DCM_0.22-3_G.freeze11.snv.mod.fix.bam	TARA_110_MES_0.22-3_G.freeze11.snv.mod.fix.bam	TARA_110_SRF_0.22-3_G.freeze11.snv.mod.fix.bam	TARA_111_MES_0.22-3_G.freeze11.snv.mod.fix.bam	TARA_112_DCM_0.22-3_G.freeze11.snv.mod.fix.bam	TARA_112_MES_0.22-3_G.freeze11.snv.mod.fix.bam	TARA_122_DCM_0.22-3_G.freeze11.snv.mod.fix.bam	TARA_123_MIX_0.22-3_G.freeze11.snv.mod.fix.bam	TARA_125_MIX_0.22-3_G.freeze11.snv.mod.fix.bam	TARA_132_MES_0.22-3_G.freeze11.snv.mod.fix.bam	TARA_133_MES_0.22-3_G.freeze11.snv.mod.fix.bam	TARA_137_MES_0.22-3_G.freeze11.snv.mod.fix.bam	TARA_138_DCM_0.22-3_G.freeze11.snv.mod.fix.bam	TARA_138_MES_0.22-3_G.freeze11.snv.mod.fix.bam	TARA_142_MES_0.22-3_G.freeze11.snv.mod.fix.bam	TARA_148b_MES_0.22-3_G.freeze11.snv.mod.fix.bam
TARA_007_DCM_0.22-1.6_G.freeze11.snv.mod.fix.bam	0.0	0.0320024552886	0.0179682486538	0.0393125191819	0.0338090455065	0.0215953795932	0.0358248932786	0.036243408387	0.0372827209062	0.0407982478167	0.0339415752909	0.0306771574454	0.0327069557211	0.0715312072766	0.0417050305516	0.0339136742836	0.0266733629084	0.108395413074	0.0702338104406	0.0717823163416	0.0540512262493	0.0992717837114	0.0665648279903	0.0297703747105	0.112789821713	0.0211001367149	0.0885717474401	0.0421653971708	0.107167768756	0.0409865796155	0.0995856700427	0.0320861583103	0.0350994670908	0.0695781367707	0.0247900449206	0.0378825925616	0.024378505064	0.0294843893865	0.0397589352976	0.0381058006194	0.0193563237633	0.10278033537
TARA_007_SRF_0.22-1.6_G.freeze11.snv.mod.fix.bam	0.0320024552886	0.0	0.00251806590218	0.0127716860579	0.00850980720404	0.013957478865	0.0223626572919	0.00483384950197	0.0317652967272	0.0318001729862	0.0287659384504	0.0357830417678	0.0333696046427	0.0749839569208	0.0416841047962	0.0400379453698	0.0285845819034	0.108283809046	0.0609637007896	0.0697525180659	0.0476479450908	0.0962096481683	0.0648349655423	0.00885856979437	0.118432800424	0.00507100806339	0.0865000976535	0.0200050221813	0.102089785441	0.00409447281047	0.0163151139756	0.00366898245027	0.0400588711252	0.00693340029575	0.00887252029798	0.0196144080801	0.00511285957423	0.00784018303061	0.0280753885215	0.0304120978767	0.00676599425239	0.0210582852041
TARA_009_SRF_0.22-1.6_G.freeze11.snv.mod.fix.bam	0.0179682486538	0.00251806590218	0.0	0.00707290533188	0.00437348288273	0.0056081024525	0.0123461956977	0.0035992299322	0.0184913925393	0.0193284227561	0.0183379369995	0.0225928406015	0.0193423732597	0.0588362489886	0.027552244636	0.0248318964315	0.0163081387238	0.0943891074468	0.0473061577523	0.0530188889819	0.0380988253676	0.0832077788008	0.0514215563182	0.00609637007896	0.104140509472	0.00244133813231	0.0711266426718	0.0148642615998	0.0886624257136	0.00520353784772	0.0306632069418	0.00378756173098	0.0238135096677	0.0132599536843	0.00583131051031	0.0129600178566	0.00382243799001	0.00551044892721	0.0205142155632	0.0207234731174	0.0028598532407	0.0365921709774
TARA_037_MES_0.22-1.6_G.freeze11.snv.mod.fix.bam	0.0393125191819	0.0127716860579	0.00707290533188	0.0	0.00175078820345	0.00393404201892	0.00225300633353	0.00507100806339	0.0156454898022	0.0205351413186	0.0261781200301	0.0332091738512	0.0252573867917	0.0610683295667	0.0312630785971	0.0289054434865	0.0201445272174	0.102173488463	0.0655045897157	0.0525306213554	0.052258586535	0.0931963393879	0.0611032058257	0.0130088446193	0.108709299406	0.00625680087051	0.0815337183672	0.0257107781591	0.101141151196	0.0109441700845	0.0510518679724	0.00940961468709	0.0191121899501	0.0224812365726	0.0121857649061	0.0222580285148	0.00967467425574	0.0132669289361	0.0342136101113	0.0338578722692	0.00428977986105	0.0595895761837
TARA_038_DCM_0.22-1.6_G.freeze11.snv.mod.fix.bam	0.0338090455065	0.00850980720404	0.00437348288273	0.00175078820345	0.0	0.00288775424793	0.00378756173098	0.00276219971541	0.016050054407	0.0173544264948	0.0246435646327	0.0291495772997	0.022648642616	0.0642002176279	0.0307190089562	0.0298331519768	0.0208002008873	0.101894478391	0.0620169638124	0.0559833709997	0.0502078625038	0.0915222789543	0.0607893194944	0.0107000362713	0.111304093078	0.00473619597667	0.0789668257024	0.0206118690885	0.097123406155	0.0083633269161	0.0417050305516	0.00643815741748	0.0237716581569	0.0186029965682	0.00977930303284	0.0187425016043	0.00671019223794	0.0106233085014	0.0314165341369	0.0319048017633	0.00425490360202	0.0481501632209
TARA_038_MES_0.22-1.6_G.freeze11.snv.mod.fix.bam	0.0215953795932	0.013957478865	0.0056081024525	0.00393404201892	0.00288775424793	0.0	0.00343182388884	0.00664043971987	0.0058243352585	0.00875394101727	0.0131553249072	0.0167615300912	0.00802153957758	0.0415864512709	0.0146480287938	0.0109441700845	0.00631957813677	0.0812128567841	0.045911107391	0.034081080327	0.0321977623392	0.0744119862727	0.0402890544349	0.00756814821015	0.089548282693	0.00371780921291	0.0594221701403	0.0166499260623	0.0799363857035	0.0152758014564	0.0717613905862	0.00996763483162	0.00616612259703	0.040177450406	0.00818894562094	0.0135180380012	0.00780530677157	0.00842610418236	0.0178008426104	0.0151223459167	0.00154153064926	0.0776415278592
TARA_038_SRF_0.22-1.6_G.freeze11.snv.mod.fix.bam	0.0358248932786	0.0223626572919	0.0123461956977	0.00225300633353	0.00378756173098	0.00343182388884	0.0	0.0129879188639	0.0106651600123	0.0164127675009	0.02351357384	0.0288566167239	0.0181217041935	0.0510239669652	0.0235693758545	0.0216442063558	0.0163709159901	0.0904550654279	0.0619123350353	0.0432535364527	0.0466295583271	0.0849864680115	0.0532490722915	0.0158059205937	0.0984277782428	0.0107000362713	0.0711057169164	0.0274336653553	0.0902458078737	0.022613766357	0.0718939203705	0.0161407326804	0.0128832900868	0.0435116207695	0.0174660305237	0.0270430512542	0.0155966630395	0.0193214475043	0.0326860299657	0.0308654892442	0.00679389525962	0.0775648000893
TARA_041_DCM_0.22-1.6_G.freeze11.snv.mod.fix.bam	0.036243408387	0.00483384950197	0.0035992299322	0.00507100806339	0.00276219971541	0.00664043971987	0.0129879188639	0.0	0.0253271393097	0.0239530147038	0.0266663876566	0.0333068273765	0.0271686057867	0.0714963310175	0.0370106860858	0.0368502552942	0.0254108423314	0.108039675232	0.0674995117324	0.0613543148908	0.0538838202059	0.09463324126	0.0657905750398	0.00747049468486	0.118969894813	0.00235065985882	0.0849864680115	0.0174520800201	0.101720097096	0.00357830417678	0.0174451047683	0.0038154627382	0.0336416394632	0.00711475684272	0.00616612259703	0.0149828408806	0.00449903741525	0.00620797410787	0.0306213554309	0.0338857732764	0.00325744259368	0.0227951229039
TARA_064_MES_0.22-3_G.freeze11.snv.mod.fix.bam	0.0372827209062	0.0317652967272	0.0184913925393	0.0156454898022	0.016050054407	0.0058243352585	0.0106651600123	0.0253271393097	0.0	0.00890739655702	0.0180868279345	0.0220836472197	0.00989788231355	0.0370246365894	0.0137551965626	0.0144527217433	0.0108883680701	0.0795248458469	0.0602312993499	0.0352808236377	0.0370246365894	0.075953516922	0.0401216483915	0.0138040233252	0.0895203816858	0.00967467425574	0.0560600987696	0.0231648112497	0.0789668257024	0.0325535001814	0.101399235512	0.0209955079378	0.00770067799448	0.0667043330264	0.0181635557044	0.031988504785	0.0204305125415	0.0197050863536	0.0265199073687	0.0260665160012	0.00564995396334	0.104635752351
TARA_065_MES_0.22-3_G.freeze11.snv.mod.fix.bam	0.0407982478167	0.0318001729862	0.0193284227561	0.0205351413186	0.0173544264948	0.00875394101727	0.0164127675009	0.0239530147038	0.00890739655702	0.0	0.0109929968472	0.0115370664881	0.00392706676711	0.0198585418934	0.00543372115733	0.0151641974275	0.00664043971987	0.0449833989007	0.052907284953	0.0315002371586	0.0279010072264	0.0419212633576	0.0214907508161	0.00872604001004	0.0557043609274	0.00602661756089	0.0297564242069	0.0104628777099	0.0453879635055	0.0301261125527	0.0987904913367	0.0224812365726	0.0125763790073	0.064737312017	0.0107907145448	0.032853436009	0.02027008175	0.0139156273541	0.0193074970006	0.0250202282302	0.00670321698613	0.102410647024
TARA_068_DCM_0.22-3_G.freeze11.snv.mod.fix.bam	0.0339415752909	0.0287659384504	0.0183379369995	0.0261781200301	0.0246435646327	0.0131553249072	0.02351357384	0.0266663876566	0.0180868279345	0.0109929968472	0.0	0.00616612259703	0.00334114561536	0.0108116403002	0.00437348288273	0.0169359113864	0.00844005468597	0.0208420523981	0.0157710443347	0.0203119332608	0.0215047013197	0.0198306408861	0.0110418236098	0.00598476605005	0.0265826846349	0.00584526101392	0.00887949554979	0.00428977986105	0.0186378728272	0.0284869283781	0.0909293825507	0.0209676069306	0.0212326664993	0.0578945899947	0.0095281939678	0.0315490639212	0.0210792109595	0.0124996512374	0.0148712368517	0.0231369102425	0.0104140509472	0.0954074942105
TARA_068_MES_0.22-3_G.freeze11.snv.mod.fix.bam	0.0306771574454	0.0357830417678	0.0225928406015	0.0332091738512	0.0291495772997	0.0167615300912	0.0288566167239	0.0333068273765	0.0220836472197	0.0115370664881	0.00616612259703	0.0	0.00141597611674	0.0141109344047	0.00594988979102	0.0200608241958	0.00895622331966	0.0221045729751	0.0460296866717	0.0363619876678	0.0228439496666	0.0170335649117	0.0127437850506	0.00982812979549	0.0258293574398	0.00689154878491	0.0157012918166	0.00621494935967	0.0236809798834	0.0382174046483	0.102250216233	0.0296378449262	0.0266663876566	0.0702338104406	0.0110487988616	0.0361178538545	0.0268268184481	0.0153176529673	0.0168452331129	0.0258712089506	0.0129251415976	0.105305376524
TARA_070_MES_0.22-3_G.freeze11.snv.mod.fix.bam	0.0327069557211	0.0333696046427	0.0193423732597	0.0252573867917	0.022648642616	0.00802153957758	0.0181217041935	0.0271686057867	0.00989788231355	0.00392706676711	0.00334114561536	0.00141597611674	0.0	0.00501520604894	0.00108813928183	0.00896319857147	0.00241343712508	0.0131971764181	0.037436176446	0.0100373873497	0.00814011885829	0.0106372590051	0.00413632432131	0.00179263971429	0.0158407968528	0.00239251136966	0.00921430763651	0.00228090734076	0.0161267821768	0.0321559108284	0.104070756954	0.022397533551	0.0125066264892	0.0710150386429	0.00590803828018	0.02899612176	0.0226765436232	0.00823079713178	0.00613124633799	0.0140760581457	0.00646605842471	0.107928071203
TARA_072_DCM_0.22-3_G.freeze11.snv.mod.fix.bam	0.0715312072766	0.0749839569208	0.0588362489886	0.0610683295667	0.0642002176279	0.0415864512709	0.0510239669652	0.0714963310175	0.0370246365894	0.0198585418934	0.0108116403002	0.0141109344047	0.00501520604894	0.0	0.00237856086605	0.0333207778801	0.0209118049162	0.0066683407271	0.0654976144639	0.00320861583103	0.0352668731341	0.00829357439804	0.00851678245585	0.0188959571441	0.00763092547641	0.0274057643481	0.00848888144862	0.0118928043302	0.0126879830362	0.0772369632544	0.13517340476	0.0639212075556	0.0412097876733	0.108276833794	0.0294076616166	0.0718102173488	0.0623727016545	0.0397589352976	0.0367107502581	0.0538140676878	0.0394241232108	0.136359197567
TARA_072_MES_0.22-3_G.freeze11.snv.mod.fix.bam	0.0417050305516	0.0416841047962	0.027552244636	0.0312630785971	0.0307190089562	0.0146480287938	0.0235693758545	0.0370106860858	0.0137551965626	0.00543372115733	0.00437348288273	0.00594988979102	0.00108813928183	0.00237856086605	0.0	0.0109162690773	0.00477107223571	0.0123950224603	0.0440556904104	0.00348065065149	0.0125415027482	0.0132181021735	0.00559415194889	0.00379453698279	0.0171172679334	0.00728913813789	0.00838425267152	0.00471527022125	0.0151990736866	0.0418584860913	0.108960408471	0.0283753243492	0.0156385145504	0.077718255629	0.0113278089339	0.0387824000446	0.0290728495299	0.0160430791552	0.0139086521023	0.0234856728328	0.0115858932507	0.11189001423
TARA_076_DCM_0.22-3_G.freeze11.snv.mod.fix.bam	0.0339136742836	0.0400379453698	0.0248318964315	0.0289054434865	0.0298331519768	0.0109441700845	0.0216442063558	0.0368502552942	0.0144527217433	0.0151641974275	0.0169359113864	0.0200608241958	0.00896319857147	0.0333207778801	0.0109162690773	0.0	0.00208560029017	0.0705337462682	0.0558020144527	0.0304190731285	0.023332217293	0.0663416199325	0.0310817220502	0.0135529142602	0.0798178064228	0.0140900086493	0.0464203007729	0.0214837755643	0.0684272202227	0.0474805390475	0.108632571636	0.0301540135599	0.0101489913786	0.0799782372144	0.0186727490862	0.0276219971541	0.0254038670796	0.0205490918222	0.0193423732597	0.0209676069306	0.00631260288496	0.111248291063
TARA_076_MES_0.22-3_G.freeze11.snv.mod.fix.bam	0.0266733629084	0.0285845819034	0.0163081387238	0.0201445272174	0.0208002008873	0.00631957813677	0.0163709159901	0.0254108423314	0.0108883680701	0.00664043971987	0.00844005468597	0.00895622331966	0.00241343712508	0.0209118049162	0.00477107223571	0.00208560029017	0.0	0.0513866800592	0.0425002092576	0.0218604391619	0.0112301554086	0.0439161853743	0.015687341313	0.00519656259591	0.0594221701403	0.00468736921403	0.030725984208	0.00890739655702	0.0501032337267	0.0331742975921	0.0976814262995	0.0200468736921	0.00547557266817	0.0671786501493	0.0076239502246	0.00682877151865	0.0130716218856	0.0086772132474	0.00752629669931	0.00975140202561	0.00267152144192	0.101155101699
TARA_082_DCM_0.22-3_G.freeze11.snv.mod.fix.bam	0.108395413074	0.108283809046	0.0943891074468	0.102173488463	0.101894478391	0.0812128567841	0.0904550654279	0.108039675232	0.0795248458469	0.0449833989007	0.0208420523981	0.0221045729751	0.0131971764181	0.0066683407271	0.0123950224603	0.0705337462682	0.0513866800592	0.0	0.0865768254234	0.0631957813677	0.049949778187	0.00186239223236	0.00745654418124	0.0478781284004	0.000955609497503	0.0564646633743	0.00175776345526	0.00911665411121	0.00129042158422	0.110550765883	0.166848023214	0.0980929661561	0.0904550654279	0.141744091962	0.0504450210653	0.113682653944	0.0972210596803	0.0687411065539	0.0626377612232	0.092108200106	0.0807803911721	0.165236740046
TARA_094_SRF_0.22-3_G.freeze11.snv.mod.fix.bam	0.0702338104406	0.0609637007896	0.0473061577523	0.0655045897157	0.0620169638124	0.045911107391	0.0619123350353	0.0674995117324	0.0602312993499	0.052907284953	0.0157710443347	0.0460296866717	0.037436176446	0.0654976144639	0.0440556904104	0.0558020144527	0.0425002092576	0.0865768254234	0.0	0.0897017382328	0.0595826009319	0.0784855333278	0.0500195307051	0.0389358555844	0.0937962110432	0.0414050947239	0.0460017856645	0.0360411260847	0.0753606205184	0.0772020869953	0.130625540582	0.0623308501437	0.0637398510086	0.10652604559	0.0456181468151	0.0693130772021	0.0570436092743	0.0432744622081	0.0439650121369	0.0508286599146	0.0435464970285	0.131420719288
TARA_100_DCM_0.22-3_G.freeze11.snv.mod.fix.bam	0.0717823163416	0.0697525180659	0.0530188889819	0.0525306213554	0.0559833709997	0.034081080327	0.0432535364527	0.0613543148908	0.0352808236377	0.0315002371586	0.0203119332608	0.0363619876678	0.0100373873497	0.00320861583103	0.00348065065149	0.0304190731285	0.0218604391619	0.0631957813677	0.0897017382328	0.0	0.0357830417678	0.0744817387908	0.0250899807483	0.00618007310064	0.081470941101	0.0278800814709	0.0498242236545	0.0329929410452	0.0752211154823	0.0740632236824	0.140321140593	0.0534443793421	0.030007533272	0.110195028041	0.035776066516	0.0690689433889	0.0549649842359	0.0440905666695	0.0412865154432	0.0503403922882	0.0285218046371	0.141520883904
TARA_100_MES_0.22-3_G.freeze11.snv.mod.fix.bam	0.0540512262493	0.0476479450908	0.0380988253676	0.052258586535	0.0502078625038	0.0321977623392	0.0466295583271	0.0538838202059	0.0370246365894	0.0279010072264	0.0215047013197	0.0228439496666	0.00814011885829	0.0352668731341	0.0125415027482	0.023332217293	0.0112301554086	0.049949778187	0.0595826009319	0.0357830417678	0.0	0.0367526017689	0.00297843252141	0.00129739683603	0.0541907312854	0.0167754805948	0.028961245501	0.00556625094166	0.0393264696856	0.0514773583326	0.120016182584	0.0243506040568	0.0402611534276	0.0910340113278	0.0166778270696	0.0446067353031	0.0367177255099	0.0126042800145	0.00213442705282	0.011899779582	0.0243506040568	0.122848134818
TARA_100_SRF_0.22-3_G.freeze11.snv.mod.fix.bam	0.0992717837114	0.0962096481683	0.0832077788008	0.0931963393879	0.0915222789543	0.0744119862727	0.0849864680115	0.09463324126	0.075953516922	0.0419212633576	0.0198306408861	0.0170335649117	0.0106372590051	0.00829357439804	0.0132181021735	0.0663416199325	0.0439161853743	0.00186239223236	0.0784855333278	0.0744817387908	0.0367526017689	0.0	0.00536396863927	0.0395427024916	0.00138807510951	0.0465528305572	0.00276917496722	0.00546859741637	0.00206467453475	0.096328227449	0.154278619458	0.0861025083005	0.0860676320415	0.127786613097	0.0396682570241	0.103519712062	0.0872324990932	0.0562763315756	0.0503194665327	0.0812337825395	0.0709592366284	0.152988197874
TARA_102_DCM_0.22-3_G.freeze11.snv.mod.fix.bam	0.0665648279903	0.0648349655423	0.0514215563182	0.0611032058257	0.0607893194944	0.0402890544349	0.0532490722915	0.0657905750398	0.0401216483915	0.0214907508161	0.0110418236098	0.0127437850506	0.00413632432131	0.00851678245585	0.00559415194889	0.0310817220502	0.015687341313	0.00745654418124	0.0500195307051	0.0250899807483	0.00297843252141	0.00536396863927	0.0	0.0043386066237	0.00686364777768	0.0193214475043	0.00614519684161	0.00336207137078	0.00781925727519	0.0650442230965	0.131190535978	0.0449973494043	0.0473201082559	0.10162244357	0.0191540414609	0.0643327474122	0.0534234535867	0.0220696967161	0.00797968806674	0.0312561033453	0.0354412544293	0.13285762116
TARA_102_MES_0.22-3_G.freeze11.snv.mod.fix.bam	0.0297703747105	0.00885856979437	0.00609637007896	0.0130088446193	0.0107000362713	0.00756814821015	0.0158059205937	0.00747049468486	0.0138040233252	0.00872604001004	0.00598476605005	0.00982812979549	0.00179263971429	0.0188959571441	0.00379453698279	0.0135529142602	0.00519656259591	0.0478781284004	0.0389358555844	0.00618007310064	0.00129739683603	0.0395427024916	0.0043386066237	0.0	0.060301051868	0.000272034820457	0.0248388716833	0.00030691107949	0.0390056081025	0.00327139309729	0.0577829859658	0.000816104461371	0.0165243715298	0.021818587651	0.00125554532519	0.0135808152674	0.00527329036578	0.00111604028905	0.000864931224017	0.00680784576323	0.00232275885159	0.0676808682793
TARA_109_DCM_0.22-3_G.freeze11.snv.mod.fix.bam	0.112789821713	0.118432800424	0.104140509472	0.108709299406	0.111304093078	0.089548282693	0.0984277782428	0.118969894813	0.0895203816858	0.0557043609274	0.0265826846349	0.0258293574398	0.0158407968528	0.00763092547641	0.0171172679334	0.0798178064228	0.0594221701403	0.000955609497503	0.0937962110432	0.081470941101	0.0541907312854	0.00138807510951	0.00686364777768	0.060301051868	0.0	0.0710150386429	0.00229485784437	0.0126391562735	0.00202282302391	0.127647108061	0.170091515304	0.113054881281	0.0973535894646	0.151425741469	0.0614938199269	0.118851315532	0.10884182919	0.0790923802349	0.067945927848	0.0973884657236	0.0902179068664	0.167824558467
TARA_109_MES_0.22-3_G.freeze11.snv.mod.fix.bam	0.0211001367149	0.00507100806339	0.00244133813231	0.00625680087051	0.00473619597667	0.00371780921291	0.0107000362713	0.00235065985882	0.00967467425574	0.00602661756089	0.00584526101392	0.00689154878491	0.00239251136966	0.0274057643481	0.00728913813789	0.0140900086493	0.00468736921403	0.0564646633743	0.0414050947239	0.0278800814709	0.0167754805948	0.0465528305572	0.0193214475043	0.000272034820457	0.0710150386429	0.0	0.032134985073	0.000955609497503	0.0497265701292	0.000844005468597	0.0313119053598	0.00205769928294	0.0118230518122	0.0102815211629	0.000704500432466	0.00887252029798	0.00325744259368	0.000983510504729	0.00620797410787	0.0106512095087	0.000537094389107	0.0426745905527
TARA_110_DCM_0.22-3_G.freeze11.snv.mod.fix.bam	0.0885717474401	0.0865000976535	0.0711266426718	0.0815337183672	0.0789668257024	0.0594221701403	0.0711057169164	0.0849864680115	0.0560600987696	0.0297564242069	0.00887949554979	0.0157012918166	0.00921430763651	0.00848888144862	0.00838425267152	0.0464203007729	0.030725984208	0.00175776345526	0.0460017856645	0.0498242236545	0.028961245501	0.00276917496722	0.00614519684161	0.0248388716833	0.00229485784437	0.032134985073	0.0	0.00597779079825	0.00153455539745	0.0816453223961	0.152088390391	0.0694525822382	0.0701780084261	0.118635082726	0.0328255350018	0.091061912335	0.0736865600848	0.0449624731453	0.0382801819146	0.0676041405095	0.0569389804972	0.152946346363
TARA_110_MES_0.22-3_G.freeze11.snv.mod.fix.bam	0.0421653971708	0.0200050221813	0.0148642615998	0.0257107781591	0.0206118690885	0.0166499260623	0.0274336653553	0.0174520800201	0.0231648112497	0.0104628777099	0.00428977986105	0.00621494935967	0.00228090734076	0.0118928043302	0.00471527022125	0.0214837755643	0.00890739655702	0.00911665411121	0.0360411260847	0.0329929410452	0.00556625094166	0.00546859741637	0.00336207137078	0.00030691107949	0.0126391562735	0.000955609497503	0.00597779079825	0.0	0.00722636087163	0.00951424346419	0.0704570184984	0.00710778159092	0.0312561033453	0.0328883122681	0.0022251053263	0.027084902765	0.0148782121035	0.00372478446472	0.00505008230797	0.0193144722524	0.00925615914735	0.0788831226807
TARA_110_SRF_0.22-3_G.freeze11.snv.mod.fix.bam	0.107167768756	0.102089785441	0.0886624257136	0.101141151196	0.097123406155	0.0799363857035	0.0902458078737	0.101720097096	0.0789668257024	0.0453879635055	0.0186378728272	0.0236809798834	0.0161267821768	0.0126879830362	0.0151990736866	0.0684272202227	0.0501032337267	0.00129042158422	0.0753606205184	0.0752211154823	0.0393264696856	0.00206467453475	0.00781925727519	0.0390056081025	0.00202282302391	0.0497265701292	0.00153455539745	0.00722636087163	0.0	0.0985463575235	0.165027482492	0.0861164588042	0.0921640021205	0.132383304037	0.0446206858068	0.112364331352	0.0910340113278	0.0621006668341	0.0542674590553	0.0880765045618	0.0772718395134	0.164546190117
TARA_111_MES_0.22-3_G.freeze11.snv.mod.fix.bam	0.0409865796155	0.00409447281047	0.00520353784772	0.0109441700845	0.0083633269161	0.0152758014564	0.022613766357	0.00357830417678	0.0325535001814	0.0301261125527	0.0284869283781	0.0382174046483	0.0321559108284	0.0772369632544	0.0418584860913	0.0474805390475	0.0331742975921	0.110550765883	0.0772020869953	0.0740632236824	0.0514773583326	0.096328227449	0.0650442230965	0.00327139309729	0.127647108061	0.000844005468597	0.0816453223961	0.00951424346419	0.0985463575235	0.0	0.00555230043805	0.000857955972211	0.0453530872464	0.00161825841913	0.00542674590553	0.0179263971429	0.00242041237689	0.00553137468263	0.0296866716888	0.0388033258001	0.00456181468151	0.00818197036913
TARA_112_DCM_0.22-3_G.freeze11.snv.mod.fix.bam	0.0995856700427	0.0163151139756	0.0306632069418	0.0510518679724	0.0417050305516	0.0717613905862	0.0718939203705	0.0174451047683	0.101399235512	0.0987904913367	0.0909293825507	0.102250216233	0.104070756954	0.13517340476	0.108960408471	0.108632571636	0.0976814262995	0.166848023214	0.130625540582	0.140321140593	0.120016182584	0.154278619458	0.131190535978	0.0577829859658	0.170091515304	0.0313119053598	0.152088390391	0.0704570184984	0.165027482492	0.00555230043805	0.0	0.00716358360537	0.108353561564	0.00157640690829	0.0389567813398	0.0791063307385	0.0212745180101	0.0427164420636	0.0994740660138	0.105144945733	0.0533676515722	0.000251109065037
TARA_112_MES_0.22-3_G.freeze11.snv.mod.fix.bam	0.0320861583103	0.00366898245027	0.00378756173098	0.00940961468709	0.00643815741748	0.00996763483162	0.0161407326804	0.0038154627382	0.0209955079378	0.0224812365726	0.0209676069306	0.0296378449262	0.022397533551	0.0639212075556	0.0283753243492	0.0301540135599	0.0200468736921	0.0980929661561	0.0623308501437	0.0534443793421	0.0243506040568	0.0861025083005	0.0449973494043	0.000816104461371	0.113054881281	0.00205769928294	0.0694525822382	0.00710778159092	0.0861164588042	0.000857955972211	0.00716358360537	0.0	0.0305446276611	0.00181356546971	0.0046594682068	0.0137970480734	0.00184146647694	0.00382941324182	0.0129948941157	0.0204026115343	0.0032853436009	0.0100652883569
TARA_122_DCM_0.22-3_G.freeze11.snv.mod.fix.bam	0.0350994670908	0.0400588711252	0.0238135096677	0.0191121899501	0.0237716581569	0.00616612259703	0.0128832900868	0.0336416394632	0.00770067799448	0.0125763790073	0.0212326664993	0.0266663876566	0.0125066264892	0.0412097876733	0.0156385145504	0.0101489913786	0.00547557266817	0.0904550654279	0.0637398510086	0.030007533272	0.0402611534276	0.0860676320415	0.0473201082559	0.0165243715298	0.0973535894646	0.0118230518122	0.0701780084261	0.0312561033453	0.0921640021205	0.0453530872464	0.108353561564	0.0305446276611	0.0	0.0771951117435	0.0207304483692	0.0194818782958	0.0208002008873	0.0231927122569	0.0275382941324	0.0244203565749	0.00350157640691	0.111143662286
TARA_123_MIX_0.22-3_G.freeze11.snv.mod.fix.bam	0.0695781367707	0.00693340029575	0.0132599536843	0.0224812365726	0.0186029965682	0.040177450406	0.0435116207695	0.00711475684272	0.0667043330264	0.064737312017	0.0578945899947	0.0702338104406	0.0710150386429	0.108276833794	0.077718255629	0.0799782372144	0.0671786501493	0.141744091962	0.10652604559	0.110195028041	0.0910340113278	0.127786613097	0.10162244357	0.021818587651	0.151425741469	0.0102815211629	0.118635082726	0.0328883122681	0.132383304037	0.00161825841913	0.00157640690829	0.00181356546971	0.0771951117435	0.0	0.0174311542647	0.0408191735722	0.0074077174186	0.0186029965682	0.0675622889986	0.0748932786474	0.0208560029017	0.00198097151307
TARA_125_MIX_0.22-3_G.freeze11.snv.mod.fix.bam	0.0247900449206	0.00887252029798	0.00583131051031	0.0121857649061	0.00977930303284	0.00818894562094	0.0174660305237	0.00616612259703	0.0181635557044	0.0107907145448	0.0095281939678	0.0110487988616	0.00590803828018	0.0294076616166	0.0113278089339	0.0186727490862	0.0076239502246	0.0504450210653	0.0456181468151	0.035776066516	0.0166778270696	0.0396682570241	0.0191540414609	0.00125554532519	0.0614938199269	0.000704500432466	0.0328255350018	0.0022251053263	0.0446206858068	0.00542674590553	0.0389567813398	0.0046594682068	0.0207304483692	0.0174311542647	0.0	0.0125415027482	0.00607544432354	0.00230880834798	0.00774950475712	0.0143341424625	0.00249016489495	0.0469085683993
TARA_132_MES_0.22-3_G.freeze11.snv.mod.fix.bam	0.0378825925616	0.0196144080801	0.0129600178566	0.0222580285148	0.0187425016043	0.0135180380012	0.0270430512542	0.0149828408806	0.031988504785	0.032853436009	0.0315490639212	0.0361178538545	0.02899612176	0.0718102173488	0.0387824000446	0.0276219971541	0.00682877151865	0.113682653944	0.0693130772021	0.0690689433889	0.0446067353031	0.103519712062	0.0643327474122	0.0135808152674	0.118851315532	0.00887252029798	0.091061912335	0.027084902765	0.112364331352	0.0179263971429	0.0791063307385	0.0137970480734	0.0194818782958	0.0408191735722	0.0125415027482	0.0	0.00206467453475	0.0130855723892	0.0250551044893	0.0274615663625	0.00601266705728	0.0860676320415
TARA_133_MES_0.22-3_G.freeze11.snv.mod.fix.bam	0.024378505064	0.00511285957423	0.00382243799001	0.00967467425574	0.00671019223794	0.00780530677157	0.0155966630395	0.00449903741525	0.0204305125415	0.02027008175	0.0210792109595	0.0268268184481	0.0226765436232	0.0623727016545	0.0290728495299	0.0254038670796	0.0130716218856	0.0972210596803	0.0570436092743	0.0549649842359	0.0367177255099	0.0872324990932	0.0534234535867	0.00527329036578	0.10884182919	0.00325744259368	0.0736865600848	0.0148782121035	0.0910340113278	0.00242041237689	0.0212745180101	0.00184146647694	0.0208002008873	0.0074077174186	0.00607544432354	0.00206467453475	0.0	0.00583828576212	0.0207304483692	0.0223766077955	0.00307608604671	0.0270011997433
TARA_137_MES_0.22-3_G.freeze11.snv.mod.fix.bam	0.0294843893865	0.00784018303061	0.00551044892721	0.0132669289361	0.0106233085014	0.00842610418236	0.0193214475043	0.00620797410787	0.0197050863536	0.0139156273541	0.0124996512374	0.0153176529673	0.00823079713178	0.0397589352976	0.0160430791552	0.0205490918222	0.0086772132474	0.0687411065539	0.0432744622081	0.0440905666695	0.0126042800145	0.0562763315756	0.0220696967161	0.00111604028905	0.0790923802349	0.000983510504729	0.0449624731453	0.00372478446472	0.0621006668341	0.00553137468263	0.0427164420636	0.00382941324182	0.0231927122569	0.0186029965682	0.00230880834798	0.0130855723892	0.00583828576212	0.0	0.00288775424793	0.00154153064926	0.00192516949862	0.0520005022181
TARA_138_DCM_0.22-3_G.freeze11.snv.mod.fix.bam	0.0397589352976	0.0280753885215	0.0205142155632	0.0342136101113	0.0314165341369	0.0178008426104	0.0326860299657	0.0306213554309	0.0265199073687	0.0193074970006	0.0148712368517	0.0168452331129	0.00613124633799	0.0367107502581	0.0139086521023	0.0193423732597	0.00752629669931	0.0626377612232	0.0439650121369	0.0412865154432	0.00213442705282	0.0503194665327	0.00797968806674	0.000864931224017	0.067945927848	0.00620797410787	0.0382801819146	0.00505008230797	0.0542674590553	0.0296866716888	0.0994740660138	0.0129948941157	0.0275382941324	0.0675622889986	0.00774950475712	0.0250551044893	0.0207304483692	0.00288775424793	0.0	0.00240646187327	0.00921430763651	0.103408108033
TARA_138_MES_0.22-3_G.freeze11.snv.mod.fix.bam	0.0381058006194	0.0304120978767	0.0207234731174	0.0338578722692	0.0319048017633	0.0151223459167	0.0308654892442	0.0338857732764	0.0260665160012	0.0250202282302	0.0231369102425	0.0258712089506	0.0140760581457	0.0538140676878	0.0234856728328	0.0209676069306	0.00975140202561	0.092108200106	0.0508286599146	0.0503403922882	0.011899779582	0.0812337825395	0.0312561033453	0.00680784576323	0.0973884657236	0.0106512095087	0.0676041405095	0.0193144722524	0.0880765045618	0.0388033258001	0.105144945733	0.0204026115343	0.0244203565749	0.0748932786474	0.0143341424625	0.0274615663625	0.0223766077955	0.00154153064926	0.00240646187327	0.0	0.0060335928127	0.108039675232
TARA_142_MES_0.22-3_G.freeze11.snv.mod.fix.bam	0.0193563237633	0.00676599425239	0.0028598532407	0.00428977986105	0.00425490360202	0.00154153064926	0.00679389525962	0.00325744259368	0.00564995396334	0.00670321698613	0.0104140509472	0.0129251415976	0.00646605842471	0.0394241232108	0.0115858932507	0.00631260288496	0.00267152144192	0.0807803911721	0.0435464970285	0.0285218046371	0.0243506040568	0.0709592366284	0.0354412544293	0.00232275885159	0.0902179068664	0.000537094389107	0.0569389804972	0.00925615914735	0.0772718395134	0.00456181468151	0.0533676515722	0.0032853436009	0.00350157640691	0.0208560029017	0.00249016489495	0.00601266705728	0.00307608604671	0.00192516949862	0.00921430763651	0.0060335928127	0.0	0.0625191819425
TARA_148b_MES_0.22-3_G.freeze11.snv.mod.fix.bam	0.10278033537	0.0210582852041	0.0365921709774	0.0595895761837	0.0481501632209	0.0776415278592	0.0775648000893	0.0227951229039	0.104635752351	0.102410647024	0.0954074942105	0.105305376524	0.107928071203	0.136359197567	0.11189001423	0.111248291063	0.101155101699	0.165236740046	0.131420719288	0.141520883904	0.122848134818	0.152988197874	0.13285762116	0.0676808682793	0.167824558467	0.0426745905527	0.152946346363	0.0788831226807	0.164546190117	0.00818197036913	0.000251109065037	0.0100652883569	0.111143662286	0.00198097151307	0.0469085683993	0.0860676320415	0.0270011997433	0.0520005022181	0.103408108033	0.108039675232	0.0625191819425	0.0
