	TARA_004_DCM_0.22-1.6_G.freeze11.snv.mod.fix.bam	TARA_004_SRF_0.22-1.6_G.freeze11.snv.mod.fix.bam	TARA_007_DCM_0.22-1.6_G.freeze11.snv.mod.fix.bam	TARA_007_SRF_0.22-1.6_G.freeze11.snv.mod.fix.bam	TARA_009_DCM_0.22-1.6_G.freeze11.snv.mod.fix.bam	TARA_009_SRF_0.22-1.6_G.freeze11.snv.mod.fix.bam	TARA_018_DCM_0.22-1.6_G.freeze11.snv.mod.fix.bam	TARA_018_SRF_0.22-1.6_G.freeze11.snv.mod.fix.bam	TARA_023_DCM_0.22-1.6_G.freeze11.snv.mod.fix.bam	TARA_023_SRF_0.22-1.6_G.freeze11.snv.mod.fix.bam	TARA_025_DCM_0.22-1.6_G.freeze11.snv.mod.fix.bam	TARA_025_SRF_0.22-1.6_G.freeze11.snv.mod.fix.bam	TARA_030_DCM_0.22-1.6_G.freeze11.snv.mod.fix.bam	TARA_030_SRF_0.22-1.6_G.freeze11.snv.mod.fix.bam	TARA_066_DCM_0.22-3_G.freeze11.snv.mod.fix.bam	TARA_066_SRF_0.22-3_G.freeze11.snv.mod.fix.bam	TARA_068_DCM_0.22-3_G.freeze11.snv.mod.fix.bam	TARA_068_SRF_0.22-3_G.freeze11.snv.mod.fix.bam	TARA_070_SRF_0.22-3_G.freeze11.snv.mod.fix.bam	TARA_078_DCM_0.22-3_G.freeze11.snv.mod.fix.bam	TARA_078_MES_0.22-3_G.freeze11.snv.mod.fix.bam	TARA_078_SRF_0.22-3_G.freeze11.snv.mod.fix.bam	TARA_094_SRF_0.22-3_G.freeze11.snv.mod.fix.bam	TARA_096_SRF_0.22-3_G.freeze11.snv.mod.fix.bam	TARA_098_DCM_0.22-3_G.freeze11.snv.mod.fix.bam	TARA_099_SRF_0.22-3_G.freeze11.snv.mod.fix.bam	TARA_132_SRF_0.22-3_G.freeze11.snv.mod.fix.bam	TARA_133_DCM_0.22-3_G.freeze11.snv.mod.fix.bam	TARA_133_SRF_0.22-3_G.freeze11.snv.mod.fix.bam	TARA_149_SRF_0.22-3_G.freeze11.snv.mod.fix.bam	TARA_150_DCM_0.22-3_G.freeze11.snv.mod.fix.bam	TARA_150_SRF_0.22-3_G.freeze11.snv.mod.fix.bam	TARA_151_DCM_0.22-3_G.freeze11.snv.mod.fix.bam	TARA_151_SRF_0.22-3_G.freeze11.snv.mod.fix.bam	TARA_152_MIX_0.22-3_G.freeze11.snv.mod.fix.bam	TARA_152_SRF_0.22-3_G.freeze11.snv.mod.fix.bam
TARA_004_DCM_0.22-1.6_G.freeze11.snv.mod.fix.bam	0.0	0.0	0.000118359303337	0.000929120531197	0.00011244133817	0.000360995875178	0.000224882676341	0.000183456920173	0.0205530930245	0.0193044023743	0.0134396988939	0.0108062043947	0.0200086402291	0.0172922942176	0.000550370760518	0.000355077910011	0.0	5.91796516686e-06	0.00176947158489	0.000213046746007	0.000479355178515	5.91796516686e-06	0.0517703592797	0.0040893139303	0.00234943217124	0.000491191108849	0.000284062328009	0.00754540558774	0.000757499541358	0.000426093492014	0.0	1.77538955006e-05	1.77538955006e-05	1.18359303337e-05	0.0	0.0
TARA_004_SRF_0.22-1.6_G.freeze11.snv.mod.fix.bam	0.0	0.0	0.000142031164005	0.000864022914361	5.91796516686e-05	0.000272226397675	9.46874426697e-05	0.00011244133817	0.0214467057647	0.0197660036573	0.0135994839534	0.0109778253845	0.0205175852335	0.0174224894512	0.000793007332359	0.000520780934683	0.0	5.91796516686e-06	0.00206536984323	0.000355077910011	0.000727909715523	5.91796516686e-06	0.0524686791694	0.00474620806382	0.00287613107109	0.000585878551519	0.000307734188677	0.00885327588962	0.000846269018861	0.000680565994189	0.0	5.91796516686e-06	5.91796516686e-06	5.91796516686e-06	0.0	0.0
TARA_007_DCM_0.22-1.6_G.freeze11.snv.mod.fix.bam	0.000118359303337	0.000142031164005	0.0	1.18359303337e-05	0.0	5.91796516686e-06	0.00011244133817	0.000147949129171	0.000597714481853	0.000727909715523	0.000260390467342	0.000260390467342	0.000372831805512	0.0021067955994	0.000704237854856	0.000704237854856	9.46874426697e-05	0.000106523373003	0.0021423033904	0.000858104949194	0.000745663611024	0.000118359303337	0.0521195192245	0.00434970439764	0.0029826544441	0.000982382217698	0.000609550412186	0.00787089367192	0.000858104949194	0.000479355178515	0.000147949129171	0.000100605407837	0.000124277268504	8.87694775029e-05	0.000177538955006	0.000183456920173
TARA_007_SRF_0.22-1.6_G.freeze11.snv.mod.fix.bam	0.000929120531197	0.000864022914361	1.18359303337e-05	0.0	1.77538955006e-05	5.91796516686e-06	0.000142031164005	0.000124277268504	0.000579960586352	0.000408339596513	4.73437213349e-05	9.46874426697e-05	0.000183456920173	0.000970546287365	0.00261574060375	0.00243820164875	0.00113033134687	0.00116583913787	0.00446214573581	0.00246779147458	0.00257431484758	0.00126052658054	0.0537351237151	0.00751581576191	0.00536759440634	0.00237310403191	0.00151499908272	0.0114867703889	0.00274001787225	0.00188783088823	0.000905448670529	0.000988300182865	0.00113033134687	0.000970546287365	0.00105931576487	0.00107706966037
TARA_009_DCM_0.22-1.6_G.freeze11.snv.mod.fix.bam	0.00011244133817	5.91796516686e-05	0.0	1.77538955006e-05	0.0	1.77538955006e-05	3.55077910011e-05	2.95898258343e-05	0.00563390283885	0.00526107103334	0.0020712878084	0.00159193262988	0.00519005545133	0.00669913656888	0.000787089367192	0.000680565994189	0.00011244133817	0.000130195233671	0.00253288909141	0.000568124656018	0.000674648029022	9.46874426697e-05	0.0523207300402	0.005320250685	0.00302408020026	0.000982382217698	0.000544452795351	0.00743888221474	0.000804843262693	0.000574042621185	7.10155820023e-05	0.000106523373003	0.00011244133817	8.87694775029e-05	8.87694775029e-05	0.000100605407837
TARA_009_SRF_0.22-1.6_G.freeze11.snv.mod.fix.bam	0.000360995875178	0.000272226397675	5.91796516686e-06	5.91796516686e-06	1.77538955006e-05	0.0	7.10155820023e-05	4.73437213349e-05	0.000929120531197	0.000603632447019	1.18359303337e-05	2.95898258343e-05	8.2851512336e-05	0.00125460861537	0.00165111228155	0.00150316315238	0.000390585701013	0.000390585701013	0.00341466590128	0.00162744042089	0.00178130751522	0.000485273143682	0.0531374092332	0.00611325801736	0.00423726305947	0.00148540925688	0.000893612740195	0.010320931251	0.00159785059505	0.00120726489404	0.00030181622351	0.000325488084177	0.000378749770679	0.00031957011901	0.000402421631346	0.000384667735846
TARA_018_DCM_0.22-1.6_G.freeze11.snv.mod.fix.bam	0.000224882676341	9.46874426697e-05	0.00011244133817	0.000142031164005	3.55077910011e-05	7.10155820023e-05	0.0	0.0	0.00788272960225	0.00669913656888	0.0011066594862	0.0010533977997	0.00501843446149	0.00555105132651	0.00164519431639	0.00156826076922	0.000349159944845	0.000420175526847	0.0032312089811	0.000952792391864	0.00169845600289	0.000378749770679	0.052882936731	0.0063558945892	0.00381116956746	0.0010889055907	0.000591796516686	0.00991850961965	0.00150908111755	0.00140255774455	0.000136113198838	0.00031957011901	0.000408339596513	0.000266308432509	0.000177538955006	0.000254472502175
TARA_018_SRF_0.22-1.6_G.freeze11.snv.mod.fix.bam	0.000183456920173	0.00011244133817	0.000147949129171	0.000124277268504	2.95898258343e-05	4.73437213349e-05	0.0	0.0	0.0073382768069	0.00601265260953	0.000834433088527	0.000935038496363	0.00469886434248	0.00510128597383	0.00155642483888	0.00142622960521	0.000355077910011	0.000420175526847	0.00318386525977	0.000911366635696	0.00160968652539	0.000349159944845	0.0528000852187	0.00613692987803	0.00368097433379	0.00108298762553	0.000591796516686	0.00973505269948	0.00149132722205	0.00140255774455	0.000165703024672	0.000313652153843	0.000396503666179	0.000313652153843	0.000213046746007	0.000230800641507
TARA_023_DCM_0.22-1.6_G.freeze11.snv.mod.fix.bam	0.0205530930245	0.0214467057647	0.000597714481853	0.000579960586352	0.00563390283885	0.000929120531197	0.00788272960225	0.0073382768069	0.0	8.87694775029e-05	0.00131970623221	0.00140847570971	5.32616865017e-05	0.0021778111814	0.0217721938489	0.0216419986152	0.019434597608	0.0193576640608	0.0242991649751	0.0235416654338	0.0218254555354	0.0204761594773	0.0612391035466	0.0296253336253	0.0236659427023	0.0232635210709	0.020073737846	0.0313770513147	0.0216183267545	0.0171265911929	0.020854909248	0.0187481136486	0.0186238363801	0.0186120004498	0.0212928386704	0.0212395769838
TARA_023_SRF_0.22-1.6_G.freeze11.snv.mod.fix.bam	0.0193044023743	0.0197660036573	0.000727909715523	0.000408339596513	0.00526107103334	0.000603632447019	0.00669913656888	0.00601265260953	8.87694775029e-05	0.0	0.00073382768069	0.000810761227859	7.10155820023e-05	0.00153867094338	0.020819401457	0.0203637181392	0.0183575279476	0.0182450866094	0.0232043414192	0.0219615687342	0.0204820774425	0.0194878592945	0.0602152955728	0.0284299046616	0.0223639903656	0.0217130141972	0.0186711801014	0.0302822277588	0.02057084692	0.0160554394977	0.0196180545281	0.0177657314309	0.0178012392219	0.0177006338141	0.0198666090651	0.0198725270303
TARA_025_DCM_0.22-1.6_G.freeze11.snv.mod.fix.bam	0.0134396988939	0.0135994839534	0.000260390467342	4.73437213349e-05	0.0020712878084	1.18359303337e-05	0.0011066594862	0.000834433088527	0.00131970623221	0.00073382768069	0.0	5.91796516686e-06	0.000437929422347	0.000633222272854	0.0161619628707	0.0162625682785	0.0135817300579	0.0137829408736	0.0186593441711	0.0160258496718	0.0159193262988	0.0141084289578	0.0590968001562	0.0243938524178	0.0182332506791	0.0162684862437	0.0137829408736	0.02642371447	0.016564384502	0.0123507933032	0.0133331755209	0.0134219449984	0.0135639761624	0.0135817300579	0.0136645815703	0.0137415151174
TARA_025_SRF_0.22-1.6_G.freeze11.snv.mod.fix.bam	0.0108062043947	0.0109778253845	0.000260390467342	9.46874426697e-05	0.00159193262988	2.95898258343e-05	0.0010533977997	0.000935038496363	0.00140847570971	0.000810761227859	5.91796516686e-06	0.0	0.000420175526847	0.000503027039183	0.0137711049433	0.0137592690129	0.0111080206182	0.0110429230014	0.0160613574628	0.0139841516893	0.0138362025601	0.011847766264	0.0579309610184	0.0212928386704	0.0159134083337	0.0135107144759	0.011315149399	0.0242459032886	0.0138776283163	0.0105398959622	0.0108476301508	0.0109719074194	0.0110133331755	0.0108653840463	0.0113329032945	0.0114039188765
TARA_030_DCM_0.22-1.6_G.freeze11.snv.mod.fix.bam	0.0200086402291	0.0205175852335	0.000372831805512	0.000183456920173	0.00519005545133	8.2851512336e-05	0.00501843446149	0.00469886434248	5.32616865017e-05	7.10155820023e-05	0.000437929422347	0.000420175526847	0.0	0.0010001361132	0.021849127396	0.0218254555354	0.0196713162146	0.0194760233641	0.0242636571841	0.0230149665339	0.0216538345455	0.0205235031987	0.0617007048297	0.0297377749635	0.0235357474686	0.0226066269374	0.0196239724933	0.0320516993437	0.0221982873409	0.0173337199737	0.0203873899998	0.0189848322553	0.0189611603946	0.0187066878924	0.020677370293	0.0207957295963
TARA_030_SRF_0.22-1.6_G.freeze11.snv.mod.fix.bam	0.0172922942176	0.0174224894512	0.0021067955994	0.000970546287365	0.00669913656888	0.00125460861537	0.00555105132651	0.00510128597383	0.0021778111814	0.00153867094338	0.000633222272854	0.000503027039183	0.0010001361132	0.0	0.0197660036573	0.0194878592945	0.0174520792771	0.0174639152074	0.0218195375702	0.0199494605775	0.0196535623191	0.0178130751522	0.0594459601011	0.0273705888967	0.0208963350042	0.0195884647023	0.0167655953177	0.0300514271173	0.0199080348213	0.0163986814774	0.0174935050332	0.0168957905514	0.0169312983424	0.0167123336312	0.0178189931174	0.0179373524207
TARA_066_DCM_0.22-3_G.freeze11.snv.mod.fix.bam	0.000550370760518	0.000793007332359	0.000704237854856	0.00261574060375	0.000787089367192	0.00165111228155	0.00164519431639	0.00155642483888	0.0217721938489	0.020819401457	0.0161619628707	0.0137711049433	0.021849127396	0.0197660036573	0.0	0.000467519248182	0.00030181622351	0.000278144362842	0.00142031164005	0.00124869065021	0.00106523373003	0.000390585701013	0.0466098936542	0.00445030980548	0.00229025251957	0.00111849541654	0.00127828047604	0.00205945187807	0.000360995875178	0.000917284600863	0.00062138634252	0.000295898258343	0.000230800641507	0.000284062328009	0.000437929422347	0.000426093492014
TARA_066_SRF_0.22-3_G.freeze11.snv.mod.fix.bam	0.000355077910011	0.000520780934683	0.000704237854856	0.00243820164875	0.000680565994189	0.00150316315238	0.00156826076922	0.00142622960521	0.0216419986152	0.0203637181392	0.0162625682785	0.0137592690129	0.0218254555354	0.0194878592945	0.000467519248182	0.0	0.000136113198838	0.00011244133817	0.00104156186937	0.00100605407837	0.000721991750357	0.000201210815673	0.0470241512158	0.00372240008995	0.00174579972422	0.000852186984027	0.0011244133817	0.00134337809288	0.000165703024672	0.000645058203187	0.000396503666179	0.000147949129171	0.000147949129171	0.000130195233671	0.000260390467342	0.000218964711174
TARA_068_DCM_0.22-3_G.freeze11.snv.mod.fix.bam	0.0	0.0	9.46874426697e-05	0.00113033134687	0.00011244133817	0.000390585701013	0.000349159944845	0.000355077910011	0.019434597608	0.0183575279476	0.0135817300579	0.0111080206182	0.0196713162146	0.0174520792771	0.00030181622351	0.000136113198838	0.0	0.0	0.00120726489404	0.000260390467342	0.000254472502175	0.0	0.0510661214248	0.00290572089693	0.00163927635122	0.000378749770679	0.000289980293176	0.00598306278369	0.000402421631346	0.000177538955006	0.0	0.0	0.0	0.0	0.0	5.91796516686e-06
TARA_068_SRF_0.22-3_G.freeze11.snv.mod.fix.bam	5.91796516686e-06	5.91796516686e-06	0.000106523373003	0.00116583913787	0.000130195233671	0.000390585701013	0.000420175526847	0.000420175526847	0.0193576640608	0.0182450866094	0.0137829408736	0.0110429230014	0.0194760233641	0.0174639152074	0.000278144362842	0.00011244133817	0.0	0.0	0.0011421672772	0.000272226397675	0.000254472502175	0.0	0.0507287974103	0.00284654124526	0.00160968652539	0.000396503666179	0.000307734188677	0.00584694958485	0.000378749770679	0.000189374885339	0.0	0.0	0.0	0.0	5.91796516686e-06	5.91796516686e-06
TARA_070_SRF_0.22-3_G.freeze11.snv.mod.fix.bam	0.00176947158489	0.00206536984323	0.0021423033904	0.00446214573581	0.00253288909141	0.00341466590128	0.0032312089811	0.00318386525977	0.0242991649751	0.0232043414192	0.0186593441711	0.0160613574628	0.0242636571841	0.0218195375702	0.00142031164005	0.00104156186937	0.00120726489404	0.0011421672772	0.0	0.00269859211609	0.00200619019156	0.00137888588388	0.0370405439794	0.00368097433379	0.00202986205223	0.00100605407837	0.00240861182291	0.00626120714653	0.00155050687372	0.00217189321624	0.00175763565456	0.00125460861537	0.00131378826704	0.00131970623221	0.00162152245572	0.00153867094338
TARA_078_DCM_0.22-3_G.freeze11.snv.mod.fix.bam	0.000213046746007	0.000355077910011	0.000858104949194	0.00246779147458	0.000568124656018	0.00162744042089	0.000952792391864	0.000911366635696	0.0235416654338	0.0219615687342	0.0160258496718	0.0139841516893	0.0230149665339	0.0199494605775	0.00124869065021	0.00100605407837	0.000260390467342	0.000272226397675	0.00269859211609	0.0	0.00102972593903	0.000236718606674	0.0506992075845	0.00613101191286	0.00289388496659	0.00118359303337	0.000858104949194	0.00789456553259	0.00153867094338	0.0011244133817	0.000230800641507	0.000272226397675	0.000295898258343	0.000266308432509	0.000278144362842	0.000254472502175
TARA_078_MES_0.22-3_G.freeze11.snv.mod.fix.bam	0.000479355178515	0.000727909715523	0.000745663611024	0.00257431484758	0.000674648029022	0.00178130751522	0.00169845600289	0.00160968652539	0.0218254555354	0.0204820774425	0.0159193262988	0.0138362025601	0.0216538345455	0.0196535623191	0.00106523373003	0.000721991750357	0.000254472502175	0.000254472502175	0.00200619019156	0.00102972593903	0.0	0.000171620989839	0.0489060641389	0.005071696148	0.00228433455441	0.00131378826704	0.0011244133817	0.00687075755872	0.00107706966037	0.000846269018861	0.000420175526847	0.000213046746007	0.000218964711174	0.000183456920173	0.000538534830184	0.000550370760518
TARA_078_SRF_0.22-3_G.freeze11.snv.mod.fix.bam	5.91796516686e-06	5.91796516686e-06	0.000118359303337	0.00126052658054	9.46874426697e-05	0.000485273143682	0.000378749770679	0.000349159944845	0.0204761594773	0.0194878592945	0.0141084289578	0.011847766264	0.0205235031987	0.0178130751522	0.000390585701013	0.000201210815673	0.0	0.0	0.00137888588388	0.000236718606674	0.000171620989839	0.0	0.0505867662463	0.00351527130911	0.00142622960521	0.000437929422347	0.000289980293176	0.00587653941069	0.000497109074016	0.000218964711174	0.0	0.0	0.0	0.0	0.0	2.95898258343e-05
TARA_094_SRF_0.22-3_G.freeze11.snv.mod.fix.bam	0.0517703592797	0.0524686791694	0.0521195192245	0.0537351237151	0.0523207300402	0.0531374092332	0.052882936731	0.0528000852187	0.0612391035466	0.0602152955728	0.0590968001562	0.0579309610184	0.0617007048297	0.0594459601011	0.0466098936542	0.0470241512158	0.0510661214248	0.0507287974103	0.0370405439794	0.0506992075845	0.0489060641389	0.0505867662463	0.0	0.051675671837	0.0433550128124	0.0510542854945	0.0479414358167	0.0434319463596	0.0470123152855	0.0489238180344	0.0521491090503	0.0508175668878	0.0504033093261	0.0509181722956	0.0514389532303	0.0514507891607
TARA_096_SRF_0.22-3_G.freeze11.snv.mod.fix.bam	0.0040893139303	0.00474620806382	0.00434970439764	0.00751581576191	0.005320250685	0.00611325801736	0.0063558945892	0.00613692987803	0.0296253336253	0.0284299046616	0.0243938524178	0.0212928386704	0.0297377749635	0.0273705888967	0.00445030980548	0.00372240008995	0.00290572089693	0.00284654124526	0.00368097433379	0.00613101191286	0.005071696148	0.00351527130911	0.051675671837	0.0	0.00300632630476	0.000579960586352	0.00497109074016	0.0113802470159	0.00320161915527	0.00490599312332	0.00439113015381	0.00302408020026	0.00299449037443	0.00294714665309	0.00431419660664	0.00420175526847
TARA_098_DCM_0.22-3_G.freeze11.snv.mod.fix.bam	0.00234943217124	0.00287613107109	0.0029826544441	0.00536759440634	0.00302408020026	0.00423726305947	0.00381116956746	0.00368097433379	0.0236659427023	0.0223639903656	0.0182332506791	0.0159134083337	0.0235357474686	0.0208963350042	0.00229025251957	0.00174579972422	0.00163927635122	0.00160968652539	0.00202986205223	0.00289388496659	0.00228433455441	0.00142622960521	0.0433550128124	0.00300632630476	0.0	0.00159785059505	0.00276368973292	0.00572267231635	0.00164519431639	0.00239085792741	0.00250921723075	0.00153867094338	0.00152091704788	0.00151499908272	0.00226658065891	0.00235535013641
TARA_099_SRF_0.22-3_G.freeze11.snv.mod.fix.bam	0.000491191108849	0.000585878551519	0.000982382217698	0.00237310403191	0.000982382217698	0.00148540925688	0.0010889055907	0.00108298762553	0.0232635210709	0.0217130141972	0.0162684862437	0.0135107144759	0.0226066269374	0.0195884647023	0.00111849541654	0.000852186984027	0.000378749770679	0.000396503666179	0.00100605407837	0.00118359303337	0.00131378826704	0.000437929422347	0.0510542854945	0.000579960586352	0.00159785059505	0.0	0.00105931576487	0.00804251466176	0.0011599211727	0.00136113198838	0.000467519248182	0.000455683317848	0.000503027039183	0.000443847387514	0.000426093492014	0.00041425756168
TARA_132_SRF_0.22-3_G.freeze11.snv.mod.fix.bam	0.000284062328009	0.000307734188677	0.000609550412186	0.00151499908272	0.000544452795351	0.000893612740195	0.000591796516686	0.000591796516686	0.020073737846	0.0186711801014	0.0137829408736	0.011315149399	0.0196239724933	0.0167655953177	0.00127828047604	0.0011244133817	0.000289980293176	0.000307734188677	0.00240861182291	0.000858104949194	0.0011244133817	0.000289980293176	0.0479414358167	0.00497109074016	0.00276368973292	0.00105931576487	0.0	0.00827923326843	0.00118951099854	0.00143214757038	0.00030181622351	0.000272226397675	0.000236718606674	0.000248554537008	0.000360995875178	0.000396503666179
TARA_133_DCM_0.22-3_G.freeze11.snv.mod.fix.bam	0.00754540558774	0.00885327588962	0.00787089367192	0.0114867703889	0.00743888221474	0.010320931251	0.00991850961965	0.00973505269948	0.0313770513147	0.0302822277588	0.02642371447	0.0242459032886	0.0320516993437	0.0300514271173	0.00205945187807	0.00134337809288	0.00598306278369	0.00584694958485	0.00626120714653	0.00789456553259	0.00687075755872	0.00587653941069	0.0434319463596	0.0113802470159	0.00572267231635	0.00804251466176	0.00827923326843	0.0	0.000266308432509	0.00645649999704	0.0081786278606	0.00593571906236	0.00543860998834	0.00605999633086	0.00559839504785	0.005284742894
TARA_133_SRF_0.22-3_G.freeze11.snv.mod.fix.bam	0.000757499541358	0.000846269018861	0.000858104949194	0.00274001787225	0.000804843262693	0.00159785059505	0.00150908111755	0.00149132722205	0.0216183267545	0.02057084692	0.016564384502	0.0138776283163	0.0221982873409	0.0199080348213	0.000360995875178	0.000165703024672	0.000402421631346	0.000378749770679	0.00155050687372	0.00153867094338	0.00107706966037	0.000497109074016	0.0470123152855	0.00320161915527	0.00164519431639	0.0011599211727	0.00118951099854	0.000266308432509	0.0	0.00119542896371	0.000869940879528	0.000426093492014	0.000473437213349	0.000443847387514	0.000473437213349	0.000378749770679
TARA_149_SRF_0.22-3_G.freeze11.snv.mod.fix.bam	0.000426093492014	0.000680565994189	0.000479355178515	0.00188783088823	0.000574042621185	0.00120726489404	0.00140255774455	0.00140255774455	0.0171265911929	0.0160554394977	0.0123507933032	0.0105398959622	0.0173337199737	0.0163986814774	0.000917284600863	0.000645058203187	0.000177538955006	0.000189374885339	0.00217189321624	0.0011244133817	0.000846269018861	0.000218964711174	0.0489238180344	0.00490599312332	0.00239085792741	0.00136113198838	0.00143214757038	0.00645649999704	0.00119542896371	0.0	0.000473437213349	0.000147949129171	0.000142031164005	0.000124277268504	0.000520780934683	0.000514862969517
TARA_150_DCM_0.22-3_G.freeze11.snv.mod.fix.bam	0.0	0.0	0.000147949129171	0.000905448670529	7.10155820023e-05	0.00030181622351	0.000136113198838	0.000165703024672	0.020854909248	0.0196180545281	0.0133331755209	0.0108476301508	0.0203873899998	0.0174935050332	0.00062138634252	0.000396503666179	0.0	0.0	0.00175763565456	0.000230800641507	0.000420175526847	0.0	0.0521491090503	0.00439113015381	0.00250921723075	0.000467519248182	0.00030181622351	0.0081786278606	0.000869940879528	0.000473437213349	0.0	0.0	0.0	0.0	0.0	0.0
TARA_150_SRF_0.22-3_G.freeze11.snv.mod.fix.bam	1.77538955006e-05	5.91796516686e-06	0.000100605407837	0.000988300182865	0.000106523373003	0.000325488084177	0.00031957011901	0.000313652153843	0.0187481136486	0.0177657314309	0.0134219449984	0.0109719074194	0.0189848322553	0.0168957905514	0.000295898258343	0.000147949129171	0.0	0.0	0.00125460861537	0.000272226397675	0.000213046746007	0.0	0.0508175668878	0.00302408020026	0.00153867094338	0.000455683317848	0.000272226397675	0.00593571906236	0.000426093492014	0.000147949129171	0.0	0.0	0.0	0.0	5.91796516686e-06	1.77538955006e-05
TARA_151_DCM_0.22-3_G.freeze11.snv.mod.fix.bam	1.77538955006e-05	5.91796516686e-06	0.000124277268504	0.00113033134687	0.00011244133817	0.000378749770679	0.000408339596513	0.000396503666179	0.0186238363801	0.0178012392219	0.0135639761624	0.0110133331755	0.0189611603946	0.0169312983424	0.000230800641507	0.000147949129171	0.0	0.0	0.00131378826704	0.000295898258343	0.000218964711174	0.0	0.0504033093261	0.00299449037443	0.00152091704788	0.000503027039183	0.000236718606674	0.00543860998834	0.000473437213349	0.000142031164005	0.0	0.0	0.0	0.0	5.91796516686e-06	2.36718606674e-05
TARA_151_SRF_0.22-3_G.freeze11.snv.mod.fix.bam	1.18359303337e-05	5.91796516686e-06	8.87694775029e-05	0.000970546287365	8.87694775029e-05	0.00031957011901	0.000266308432509	0.000313652153843	0.0186120004498	0.0177006338141	0.0135817300579	0.0108653840463	0.0187066878924	0.0167123336312	0.000284062328009	0.000130195233671	0.0	0.0	0.00131970623221	0.000266308432509	0.000183456920173	0.0	0.0509181722956	0.00294714665309	0.00151499908272	0.000443847387514	0.000248554537008	0.00605999633086	0.000443847387514	0.000124277268504	0.0	0.0	0.0	0.0	1.18359303337e-05	2.95898258343e-05
TARA_152_MIX_0.22-3_G.freeze11.snv.mod.fix.bam	0.0	0.0	0.000177538955006	0.00105931576487	8.87694775029e-05	0.000402421631346	0.000177538955006	0.000213046746007	0.0212928386704	0.0198666090651	0.0136645815703	0.0113329032945	0.020677370293	0.0178189931174	0.000437929422347	0.000260390467342	0.0	5.91796516686e-06	0.00162152245572	0.000278144362842	0.000538534830184	0.0	0.0514389532303	0.00431419660664	0.00226658065891	0.000426093492014	0.000360995875178	0.00559839504785	0.000473437213349	0.000520780934683	0.0	5.91796516686e-06	5.91796516686e-06	1.18359303337e-05	0.0	0.0
TARA_152_SRF_0.22-3_G.freeze11.snv.mod.fix.bam	0.0	0.0	0.000183456920173	0.00107706966037	0.000100605407837	0.000384667735846	0.000254472502175	0.000230800641507	0.0212395769838	0.0198725270303	0.0137415151174	0.0114039188765	0.0207957295963	0.0179373524207	0.000426093492014	0.000218964711174	5.91796516686e-06	5.91796516686e-06	0.00153867094338	0.000254472502175	0.000550370760518	2.95898258343e-05	0.0514507891607	0.00420175526847	0.00235535013641	0.00041425756168	0.000396503666179	0.005284742894	0.000378749770679	0.000514862969517	0.0	1.77538955006e-05	2.36718606674e-05	2.95898258343e-05	0.0	0.0
