	TARA_056_MES_0.22-3_G.freeze11.snv.mod.fix.bam	TARA_064_MES_0.22-3_G.freeze11.snv.mod.fix.bam	TARA_065_MES_0.22-3_G.freeze11.snv.mod.fix.bam	TARA_102_MES_0.22-3_G.freeze11.snv.mod.fix.bam	TARA_109_MES_0.22-3_G.freeze11.snv.mod.fix.bam	TARA_110_MES_0.22-3_G.freeze11.snv.mod.fix.bam	TARA_111_MES_0.22-3_G.freeze11.snv.mod.fix.bam	TARA_112_DCM_0.22-3_G.freeze11.snv.mod.fix.bam	TARA_112_MES_0.22-3_G.freeze11.snv.mod.fix.bam	TARA_122_MES_0.22-3_G.freeze11.snv.mod.fix.bam	TARA_142_MES_0.22-3_G.freeze11.snv.mod.fix.bam
TARA_056_MES_0.22-3_G.freeze11.snv.mod.fix.bam	0.0	0.0713177421262	0.0524315286993	0.29973246942	0.131194791926	0.157826145407	0.187896881868	0.155336818712	0.138275670141	0.193987722049	0.0954100579662
TARA_064_MES_0.22-3_G.freeze11.snv.mod.fix.bam	0.0713177421262	0.0	0.0888840623849	0.299493442053	0.146454981178	0.168339620045	0.19443616012	0.166731561831	0.150187520704	0.198765876811	0.120868218681
TARA_065_MES_0.22-3_G.freeze11.snv.mod.fix.bam	0.0524315286993	0.0888840623849	0.0	0.298448125796	0.115319512423	0.147907096187	0.178704467663	0.137989409059	0.120764148801	0.188801959269	0.0893805512305
TARA_102_MES_0.22-3_G.freeze11.snv.mod.fix.bam	0.29973246942	0.299493442053	0.298448125796	0.0	0.228382567752	0.206318932843	0.165806251713	0.206789243294	0.228373650152	0.139491305641	0.279035195807
TARA_109_MES_0.22-3_G.freeze11.snv.mod.fix.bam	0.131194791926	0.146454981178	0.115319512423	0.228382567752	0.0	0.0876239066626	0.109771534769	0.0748565283052	0.0634222414712	0.109635538309	0.103672841583
TARA_110_MES_0.22-3_G.freeze11.snv.mod.fix.bam	0.157826145407	0.168339620045	0.147907096187	0.206318932843	0.0876239066626	0.0	0.106910028407	0.0904278868484	0.084535012469	0.101642796724	0.135682756426
TARA_111_MES_0.22-3_G.freeze11.snv.mod.fix.bam	0.187896881868	0.19443616012	0.178704467663	0.165806251713	0.109771534769	0.106910028407	0.0	0.0964341800597	0.102147464353	0.0866551414256	0.166174998571
TARA_112_DCM_0.22-3_G.freeze11.snv.mod.fix.bam	0.155336818712	0.166731561831	0.137989409059	0.206789243294	0.0748565283052	0.0904278868484	0.0964341800597	0.0	0.0675741236843	0.0983377949415	0.13071563564
TARA_112_MES_0.22-3_G.freeze11.snv.mod.fix.bam	0.138275670141	0.150187520704	0.120764148801	0.228373650152	0.0634222414712	0.084535012469	0.102147464353	0.0675741236843	0.0	0.112612899793	0.115678587252
TARA_122_MES_0.22-3_G.freeze11.snv.mod.fix.bam	0.193987722049	0.198765876811	0.188801959269	0.139491305641	0.109635538309	0.101642796724	0.0866551414256	0.0983377949415	0.112612899793	0.0	0.168582759518
TARA_142_MES_0.22-3_G.freeze11.snv.mod.fix.bam	0.0954100579662	0.120868218681	0.0893805512305	0.279035195807	0.103672841583	0.135682756426	0.166174998571	0.13071563564	0.115678587252	0.168582759518	0.0
