	TARA_025_SRF_0.22-1.6_G.freeze11.snv.mod.fix.bam	TARA_030_SRF_0.22-1.6_G.freeze11.snv.mod.fix.bam	TARA_036_DCM_0.22-1.6_G.freeze11.snv.mod.fix.bam	TARA_036_SRF_0.22-1.6_G.freeze11.snv.mod.fix.bam	TARA_140_SRF_0.22-3_G.freeze11.snv.mod.fix.bam	TARA_141_SRF_0.22-3_G.freeze11.snv.mod.fix.bam
TARA_025_SRF_0.22-1.6_G.freeze11.snv.mod.fix.bam	0.0	0.00424770847306	0.057862325468	0.0596914822267	0.0614596670935	0.0669877852976
TARA_030_SRF_0.22-1.6_G.freeze11.snv.mod.fix.bam	0.00424770847306	0.0	0.0697315204357	0.0714793813385	0.0730849744934	0.0781253175619
TARA_036_DCM_0.22-1.6_G.freeze11.snv.mod.fix.bam	0.057862325468	0.0697315204357	0.0	0.000447127207691	0.0040444688332	0.00684917586326
TARA_036_SRF_0.22-1.6_G.freeze11.snv.mod.fix.bam	0.0596914822267	0.0714793813385	0.000447127207691	0.0	0.00569070991606	0.00615816108774
TARA_140_SRF_0.22-3_G.freeze11.snv.mod.fix.bam	0.0614596670935	0.0730849744934	0.0040444688332	0.00569070991606	0.0	0.0151616771335
TARA_141_SRF_0.22-3_G.freeze11.snv.mod.fix.bam	0.0669877852976	0.0781253175619	0.00684917586326	0.00615816108774	0.0151616771335	0.0
