	TARA_025_SRF_0.22-1.6_G.freeze11.snv.mod.fix.bam	TARA_030_SRF_0.22-1.6_G.freeze11.snv.mod.fix.bam	TARA_036_DCM_0.22-1.6_G.freeze11.snv.mod.fix.bam	TARA_036_SRF_0.22-1.6_G.freeze11.snv.mod.fix.bam	TARA_140_SRF_0.22-3_G.freeze11.snv.mod.fix.bam	TARA_141_SRF_0.22-3_G.freeze11.snv.mod.fix.bam
TARA_025_SRF_0.22-1.6_G.freeze11.snv.mod.fix.bam	0.0	0.0438595743472	0.130468358402	0.126939118135	0.135995534173	0.12257702076
TARA_030_SRF_0.22-1.6_G.freeze11.snv.mod.fix.bam	0.0438595743472	0.0	0.138388665776	0.134412228427	0.143444990419	0.129380916635
TARA_036_DCM_0.22-1.6_G.freeze11.snv.mod.fix.bam	0.130468358402	0.138388665776	0.0	0.0420386656145	0.0647377710745	0.0708084339443
TARA_036_SRF_0.22-1.6_G.freeze11.snv.mod.fix.bam	0.126939118135	0.134412228427	0.0420386656145	0.0	0.0687351157029	0.0652161530887
TARA_140_SRF_0.22-3_G.freeze11.snv.mod.fix.bam	0.135995534173	0.143444990419	0.0647377710745	0.0687351157029	0.0	0.0812648339732
TARA_141_SRF_0.22-3_G.freeze11.snv.mod.fix.bam	0.12257702076	0.129380916635	0.0708084339443	0.0652161530887	0.0812648339732	0.0
