	TARA_031_SRF_0.22-1.6_G.freeze11.snv.mod.fix.bam	TARA_032_SRF_0.22-1.6_G.freeze11.snv.mod.fix.bam	TARA_041_SRF_0.22-1.6_G.freeze11.snv.mod.fix.bam	TARA_045_SRF_0.22-1.6_G.freeze11.snv.mod.fix.bam	TARA_048_SRF_0.22-1.6_G.freeze11.snv.mod.fix.bam	TARA_056_SRF_0.22-3_G.freeze11.snv.mod.fix.bam	TARA_058_DCM_0.22-3_G.freeze11.snv.mod.fix.bam	TARA_064_SRF_0.22-3_G.freeze11.snv.mod.fix.bam	TARA_072_SRF_0.22-3_G.freeze11.snv.mod.fix.bam	TARA_076_SRF_0.22-3_G.freeze11.snv.mod.fix.bam	TARA_078_DCM_0.22-3_G.freeze11.snv.mod.fix.bam	TARA_078_SRF_0.22-3_G.freeze11.snv.mod.fix.bam	TARA_099_SRF_0.22-3_G.freeze11.snv.mod.fix.bam	TARA_112_SRF_0.22-3_G.freeze11.snv.mod.fix.bam	TARA_132_SRF_0.22-3_G.freeze11.snv.mod.fix.bam	TARA_138_SRF_0.22-3_G.freeze11.snv.mod.fix.bam
TARA_031_SRF_0.22-1.6_G.freeze11.snv.mod.fix.bam	0.0	7.57753714888e-05	0.00013639566868	0.000159128280126	0.000515272526124	9.09304457865e-05	0.000250058725913	6.81978343399e-05	0.000416764543188	0.00159886033841	0.0037205707401	0.000788063863483	0.00478142594094	0.00116694072093	0.000788063863483	0.0013336465382
TARA_032_SRF_0.22-1.6_G.freeze11.snv.mod.fix.bam	7.57753714888e-05	0.0	0.000348566708848	0.000303101485955	0.000719866029143	0.000325834097402	0.00046980730323	0.000121240594382	0.000553160211868	0.00184891906433	0.0037054156658	0.000795641400632	0.00531943107851	0.00152308496692	0.000939614606461	0.00156855018982
TARA_041_SRF_0.22-1.6_G.freeze11.snv.mod.fix.bam	0.00013639566868	0.000348566708848	0.0	0.000121240594382	0.000424342080337	0.000143973205829	0.000242481188764	0.000257636263062	0.000454652228933	0.00189438428722	0.00506179481545	0.00151550742978	0.00521334555843	0.00175041108139	0.000969924755056	0.00143215452114
TARA_045_SRF_0.22-1.6_G.freeze11.snv.mod.fix.bam	0.000159128280126	0.000303101485955	0.000121240594382	0.0	0.00020459350302	0.000113663057233	0.00020459350302	0.00013639566868	0.000348566708848	0.00181860891573	0.00493297668392	0.00131091392676	0.0050542172783	0.00159128280126	0.000681978343399	0.00137153422395
TARA_048_SRF_0.22-1.6_G.freeze11.snv.mod.fix.bam	0.000515272526124	0.000719866029143	0.000424342080337	0.00020459350302	0.0	0.000515272526124	0.000772908789185	0.000500117451826	0.000560737749017	0.002341458979	0.00555433473013	0.00188680675007	0.00567557532451	0.00197015965871	0.0010381225894	0.00155339511552
TARA_056_SRF_0.22-3_G.freeze11.snv.mod.fix.bam	9.09304457865e-05	0.000325834097402	0.000143973205829	0.000113663057233	0.000515272526124	0.0	0.000113663057233	0.000143973205829	0.000386454394593	0.00183376399003	0.00437981647205	0.00129575885246	0.00475869332949	0.00127302624101	0.000894149383567	0.00105327766369
TARA_058_DCM_0.22-3_G.freeze11.snv.mod.fix.bam	0.000250058725913	0.00046980730323	0.000242481188764	0.00020459350302	0.000772908789185	0.000113663057233	0.0	0.000174283354424	0.000591047897612	0.00175041108139	0.00423584326622	0.00116694072093	0.00506179481545	0.0013488016125	0.00109116534944	0.00135637914965
TARA_064_SRF_0.22-3_G.freeze11.snv.mod.fix.bam	6.81978343399e-05	0.000121240594382	0.000257636263062	0.00013639566868	0.000500117451826	0.000143973205829	0.000174283354424	0.0	0.000280368874508	0.00122756101812	0.00195500458441	0.000166705817275	0.00427373095197	0.000772908789185	0.000568315286166	0.0010381225894
TARA_072_SRF_0.22-3_G.freeze11.snv.mod.fix.bam	0.000416764543188	0.000553160211868	0.000454652228933	0.000348566708848	0.000560737749017	0.000386454394593	0.000591047897612	0.000280368874508	0.0	0.00184134152718	0.00456925490077	0.00145488713258	0.00481931362669	0.00128060377816	0.000969924755056	0.00106843273799
TARA_076_SRF_0.22-3_G.freeze11.snv.mod.fix.bam	0.00159886033841	0.00184891906433	0.00189438428722	0.00181860891573	0.002341458979	0.00183376399003	0.00175041108139	0.00122756101812	0.00184134152718	0.0	0.00626662322212	0.00259909524206	0.00578923838174	0.00212171040169	0.00181103137858	0.00322803082542
TARA_078_DCM_0.22-3_G.freeze11.snv.mod.fix.bam	0.0037205707401	0.0037054156658	0.00506179481545	0.00493297668392	0.00555433473013	0.00437981647205	0.00423584326622	0.00195500458441	0.00456925490077	0.00626662322212	0.0	0.000659245731952	0.00917639748729	0.00520576802128	0.00526638831847	0.00603171957051
TARA_078_SRF_0.22-3_G.freeze11.snv.mod.fix.bam	0.000788063863483	0.000795641400632	0.00151550742978	0.00131091392676	0.00188680675007	0.00129575885246	0.00116694072093	0.000166705817275	0.00145488713258	0.00259909524206	0.000659245731952	0.0	0.005751350696	0.00152308496692	0.00150792989263	0.00252331987058
TARA_099_SRF_0.22-3_G.freeze11.snv.mod.fix.bam	0.00478142594094	0.00531943107851	0.00521334555843	0.0050542172783	0.00567557532451	0.00475869332949	0.00506179481545	0.00427373095197	0.00481931362669	0.00578923838174	0.00917639748729	0.005751350696	0.0	0.00228841621896	0.00519061294698	0.00531185354136
TARA_112_SRF_0.22-3_G.freeze11.snv.mod.fix.bam	0.00116694072093	0.00152308496692	0.00175041108139	0.00159128280126	0.00197015965871	0.00127302624101	0.0013488016125	0.000772908789185	0.00128060377816	0.00212171040169	0.00520576802128	0.00152308496692	0.00228841621896	0.0	0.00180345384143	0.00210655532739
TARA_132_SRF_0.22-3_G.freeze11.snv.mod.fix.bam	0.000788063863483	0.000939614606461	0.000969924755056	0.000681978343399	0.0010381225894	0.000894149383567	0.00109116534944	0.000568315286166	0.000969924755056	0.00181103137858	0.00526638831847	0.00150792989263	0.00519061294698	0.00180345384143	0.0	0.00206109010449
TARA_138_SRF_0.22-3_G.freeze11.snv.mod.fix.bam	0.0013336465382	0.00156855018982	0.00143215452114	0.00137153422395	0.00155339511552	0.00105327766369	0.00135637914965	0.0010381225894	0.00106843273799	0.00322803082542	0.00603171957051	0.00252331987058	0.00531185354136	0.00210655532739	0.00206109010449	0.0
