	TARA_009_SRF_0.22-1.6_G.freeze11.snv.mod.fix.bam	TARA_023_DCM_0.22-1.6_G.freeze11.snv.mod.fix.bam	TARA_025_SRF_0.22-1.6_G.freeze11.snv.mod.fix.bam	TARA_030_DCM_0.22-1.6_G.freeze11.snv.mod.fix.bam	TARA_141_SRF_0.22-3_G.freeze11.snv.mod.fix.bam	TARA_142_DCM_0.22-3_G.freeze11.snv.mod.fix.bam	TARA_142_SRF_0.22-3_G.freeze11.snv.mod.fix.bam
TARA_009_SRF_0.22-1.6_G.freeze11.snv.mod.fix.bam	0.0	0.0638339015696	0.0369973454827	0.0485592757102	0.0930293887046	0.108711308076	0.112238769298
TARA_023_DCM_0.22-1.6_G.freeze11.snv.mod.fix.bam	0.0638339015696	0.0	0.0547481785413	0.0664715174186	0.104479258708	0.117563237808	0.120464666564
TARA_025_SRF_0.22-1.6_G.freeze11.snv.mod.fix.bam	0.0369973454827	0.0547481785413	0.0	0.0466957900751	0.0913223405394	0.107486955324	0.11105305759
TARA_030_DCM_0.22-1.6_G.freeze11.snv.mod.fix.bam	0.0485592757102	0.0664715174186	0.0466957900751	0.0	0.0985384934453	0.11367731399	0.11749136608
TARA_141_SRF_0.22-3_G.freeze11.snv.mod.fix.bam	0.0930293887046	0.104479258708	0.0913223405394	0.0985384934453	0.0	0.0573148487915	0.0575911035436
TARA_142_DCM_0.22-3_G.freeze11.snv.mod.fix.bam	0.108711308076	0.117563237808	0.107486955324	0.11367731399	0.0573148487915	0.0	0.04680290619
TARA_142_SRF_0.22-3_G.freeze11.snv.mod.fix.bam	0.112238769298	0.120464666564	0.11105305759	0.11749136608	0.0575911035436	0.04680290619	0.0
