	TARA_037_MES_0.22-1.6_G.freeze11.snv.mod.fix.bam	TARA_056_MES_0.22-3_G.freeze11.snv.mod.fix.bam	TARA_064_MES_0.22-3_G.freeze11.snv.mod.fix.bam	TARA_065_MES_0.22-3_G.freeze11.snv.mod.fix.bam	TARA_068_MES_0.22-3_G.freeze11.snv.mod.fix.bam	TARA_070_MES_0.22-3_G.freeze11.snv.mod.fix.bam	TARA_072_MES_0.22-3_G.freeze11.snv.mod.fix.bam	TARA_076_MES_0.22-3_G.freeze11.snv.mod.fix.bam	TARA_078_MES_0.22-3_G.freeze11.snv.mod.fix.bam	TARA_085_MES_0.22-3_G.freeze11.snv.mod.fix.bam	TARA_098_MES_0.22-3_G.freeze11.snv.mod.fix.bam	TARA_100_MES_0.22-3_G.freeze11.snv.mod.fix.bam	TARA_102_MES_0.22-3_G.freeze11.snv.mod.fix.bam	TARA_109_MES_0.22-3_G.freeze11.snv.mod.fix.bam	TARA_110_MES_0.22-3_G.freeze11.snv.mod.fix.bam	TARA_111_MES_0.22-3_G.freeze11.snv.mod.fix.bam	TARA_112_MES_0.22-3_G.freeze11.snv.mod.fix.bam	TARA_122_MES_0.22-3_G.freeze11.snv.mod.fix.bam	TARA_132_MES_0.22-3_G.freeze11.snv.mod.fix.bam	TARA_133_MES_0.22-3_G.freeze11.snv.mod.fix.bam	TARA_137_MES_0.22-3_G.freeze11.snv.mod.fix.bam	TARA_138_MES_0.22-3_G.freeze11.snv.mod.fix.bam	TARA_142_MES_0.22-3_G.freeze11.snv.mod.fix.bam	TARA_145_MES_0.22-3_G.freeze11.snv.mod.fix.bam	TARA_146_MES_0.22-3_G.freeze11.snv.mod.fix.bam	TARA_148b_MES_0.22-3_G.freeze11.snv.mod.fix.bam	TARA_149_MES_0.22-3_G.freeze11.snv.mod.fix.bam	TARA_152_MES_0.22-3_G.freeze11.snv.mod.fix.bam
TARA_037_MES_0.22-1.6_G.freeze11.snv.mod.fix.bam	0.0	0.00212065226123	0.00571933488634	0.00543818780625	0.0103301469998	0.0070447425496	0.00533376174793	0.00955096794923	0.0116153907944	0.0230379950197	0.00472327094546	0.00347015824564	0.00187966904972	0.00210458671379	0.00137360430557	0.0011004899992	0.006948349265	0.00262671700538	0.00878785444614	0.00384769861033	0.00110852277291	0.00142983372158	0.00255442204193	0.0124106353924	0.00298015904892	0.0183147240742	0.00289983131175	0.00415294401157
TARA_056_MES_0.22-3_G.freeze11.snv.mod.fix.bam	0.00212065226123	0.0	0.000281147080087	0.000538195839023	0.0017752429914	0.000361474817254	0.000152622700619	0.000947867298578	0.00229737328299	0.0131094867058	0.000200819342919	0.00422523897502	7.22949634509e-05	0.00081934291911	0.000224917664069	0.00024901598522	0.00029721262752	6.42621897341e-05	0.00139770262672	0.000112458832035	0.000353442043538	0.000385573138405	0.000168688248052	0.0024901598522	0.000771146276809	0.0210619326854	0.000506064744156	0.000594425255041
TARA_064_MES_0.22-3_G.freeze11.snv.mod.fix.bam	0.00571933488634	0.000281147080087	0.0	5.62294160174e-05	0.000104426058318	0.000401638685838	0.000401638685838	0.00027311430637	6.42621897341e-05	0.0136798136396	4.01638685838e-05	0.00497228693068	0.000578359707607	0.00208048839264	0.00108442445176	0.0010522933569	7.22949634509e-05	0.000586392481324	0.000321310948671	0.000698851313359	0.00236163547273	0.00232950437786	0.00029721262752	0.000425737006989	0.000658687444775	0.0211904570648	0.000200819342919	0.000112458832035
TARA_065_MES_0.22-3_G.freeze11.snv.mod.fix.bam	0.00543818780625	0.000538195839023	5.62294160174e-05	0.0	8.83605108844e-05	0.000674752992208	0.000594425255041	0.000321310948671	0.000393605912121	0.0173668567756	3.21310948671e-05	0.00490802474094	0.000626556349908	0.00140573540043	0.000867539561411	0.000963932846012	0.000216884890353	0.000610490802474	0.000257048758936	0.00118885051008	0.00216884890353	0.00218491445096	8.83605108844e-05	0.00103622780946	0.000224917664069	0.0197284922484	5.62294160174e-05	1.60655474335e-05
TARA_068_MES_0.22-3_G.freeze11.snv.mod.fix.bam	0.0103301469998	0.0017752429914	0.000104426058318	8.83605108844e-05	0.0	0.000425737006989	0.000538195839023	9.63932846012e-05	0.000128524379468	0.0162824323239	9.63932846012e-05	0.00820146196482	0.00173507912282	0.00400032131095	0.00277130693228	0.00290786408547	0.000224917664069	0.00108442445176	0.000208852116636	0.00132540766327	0.00453048437626	0.00424130452245	0.000739015181942	0.00027311430637	0.0017270463491	0.0264679893967	0.000682785765925	0.00029721262752
TARA_070_MES_0.22-3_G.freeze11.snv.mod.fix.bam	0.0070447425496	0.000361474817254	0.000401638685838	0.000674752992208	0.000425737006989	0.0	6.42621897341e-05	3.21310948671e-05	0.000658687444775	0.00973572174472	0.000281147080087	0.00747851233031	0.000755080729376	0.00317294561812	0.00167081693309	0.00212868503494	0.000176721021769	0.000160655474335	0.000232950437786	8.83605108844e-05	0.00230540605671	0.00199212788176	0.000457868101856	0.000377540364688	0.0016306530645	0.0257691380834	0.00107639167805	0.000915736203711
TARA_072_MES_0.22-3_G.freeze11.snv.mod.fix.bam	0.00533376174793	0.000152622700619	0.000401638685838	0.000594425255041	0.000538195839023	6.42621897341e-05	0.0	0.000112458832035	0.000714916860792	0.0124106353924	0.000192786569202	0.00616113744076	0.000369507590971	0.00231343883043	0.00084344124026	0.00116475218893	0.000120491605751	9.63932846012e-05	0.000321310948671	8.03277371676e-05	0.00156639087477	0.00127721102097	0.000257048758936	0.000747047955659	0.00112458832035	0.023455699253	0.000690818539642	0.000650654671058
TARA_076_MES_0.22-3_G.freeze11.snv.mod.fix.bam	0.00955096794923	0.000947867298578	0.00027311430637	0.000321310948671	9.63932846012e-05	3.21310948671e-05	0.000112458832035	0.0	0.000152622700619	0.0113824403567	0.000168688248052	0.00859506787694	0.00136557153185	0.00419310788015	0.00247409430476	0.00293196240662	8.03277371676e-05	0.000441802554422	0.000120491605751	0.000337376496104	0.00379950196803	0.00322917503414	0.000674752992208	0.000120491605751	0.0023455699253	0.0277452004177	0.0011968832838	0.000666720218491
TARA_078_MES_0.22-3_G.freeze11.snv.mod.fix.bam	0.0116153907944	0.00229737328299	6.42621897341e-05	0.000393605912121	0.000128524379468	0.000658687444775	0.000714916860792	0.000152622700619	0.0	0.0140894850992	0.000152622700619	0.00881195276729	0.00227327496184	0.00576753152864	0.00352638766166	0.00390392802635	0.000104426058318	0.00195196401317	0.000425737006989	0.00127721102097	0.00626556349908	0.00559081050687	0.00179130853884	0.000144589926902	0.00303638846494	0.0267089726082	0.00163868583822	0.000971965619728
TARA_085_MES_0.22-3_G.freeze11.snv.mod.fix.bam	0.0230379950197	0.0131094867058	0.0136798136396	0.0173668567756	0.0162824323239	0.00973572174472	0.0124106353924	0.0113824403567	0.0140894850992	0.0	0.0157844003534	0.0213671780866	0.0174311189654	0.0207566872841	0.0183066913005	0.0189332476504	0.0124909631296	0.0159129247329	0.0173909550968	0.0123222748815	0.0198329183067	0.0189814442927	0.0174230861917	0.0111093260503	0.0187565266286	0.0350951883685	0.0179693148044	0.0174230861917
TARA_098_MES_0.22-3_G.freeze11.snv.mod.fix.bam	0.00472327094546	0.000200819342919	4.01638685838e-05	3.21310948671e-05	9.63932846012e-05	0.000281147080087	0.000192786569202	0.000168688248052	0.000152622700619	0.0157844003534	0.0	0.00395212466865	4.81966423006e-05	0.00101212948831	0.00024901598522	0.000369507590971	7.22949634509e-05	0.000104426058318	7.22949634509e-05	0.000265081532653	0.00111655554663	0.00112458832035	4.81966423006e-05	0.000586392481324	0.000208852116636	0.0220338983051	8.03277371676e-05	5.62294160174e-05
TARA_100_MES_0.22-3_G.freeze11.snv.mod.fix.bam	0.00347015824564	0.00422523897502	0.00497228693068	0.00490802474094	0.00820146196482	0.00747851233031	0.00616113744076	0.00859506787694	0.00881195276729	0.0213671780866	0.00395212466865	0.0	0.00195999678689	0.00145393204273	0.00141376817415	0.00106835890433	0.00625753072536	0.00400032131095	0.00710097196562	0.005076712989	0.0039280263475	0.004169009559	0.002779339706	0.010635392401	0.00281950357458	0.016507349988	0.00314884729697	0.00415294401157
TARA_102_MES_0.22-3_G.freeze11.snv.mod.fix.bam	0.00187966904972	7.22949634509e-05	0.000578359707607	0.000626556349908	0.00173507912282	0.000755080729376	0.000369507590971	0.00136557153185	0.00227327496184	0.0174311189654	4.81966423006e-05	0.00195999678689	0.0	0.000192786569202	1.60655474335e-05	8.03277371676e-06	0.000514097517873	0.0	0.000963932846012	0.000136557153185	0.000192786569202	0.000136557153185	6.42621897341e-05	0.00323720780786	0.000393605912121	0.0209816049482	0.000305245401237	0.000449835328139
TARA_109_MES_0.22-3_G.freeze11.snv.mod.fix.bam	0.00210458671379	0.00081934291911	0.00208048839264	0.00140573540043	0.00400032131095	0.00317294561812	0.00231343883043	0.00419310788015	0.00576753152864	0.0207566872841	0.00101212948831	0.00145393204273	0.000192786569202	0.0	0.00027311430637	0.000136557153185	0.00285163466945	0.00057032693389	0.00293196240662	0.00190376737087	0.000915736203711	0.00103622780946	0.00024901598522	0.0065145794843	0.000433769780705	0.0194312796209	0.000441802554422	0.000923768977428
TARA_110_MES_0.22-3_G.freeze11.snv.mod.fix.bam	0.00137360430557	0.000224917664069	0.00108442445176	0.000867539561411	0.00277130693228	0.00167081693309	0.00084344124026	0.00247409430476	0.00352638766166	0.0183066913005	0.00024901598522	0.00141376817415	1.60655474335e-05	0.00027311430637	0.0	2.40983211503e-05	0.00118885051008	8.03277371676e-05	0.00181540685999	0.000433769780705	0.000208852116636	0.000224917664069	0.000144589926902	0.00464294320829	0.000465900875572	0.019937344365	0.000409671459555	0.000578359707607
TARA_111_MES_0.22-3_G.freeze11.snv.mod.fix.bam	0.0011004899992	0.00024901598522	0.0010522933569	0.000963932846012	0.00290786408547	0.00212868503494	0.00116475218893	0.00293196240662	0.00390392802635	0.0189332476504	0.000369507590971	0.00106835890433	8.03277371676e-06	0.000136557153185	2.40983211503e-05	0.0	0.00132540766327	0.000200819342919	0.00224917664069	0.000811310145393	0.00024901598522	0.000313278174954	0.000168688248052	0.00526146678448	0.000425737006989	0.0194232468471	0.000353442043538	0.000682785765925
TARA_112_MES_0.22-3_G.freeze11.snv.mod.fix.bam	0.006948349265	0.00029721262752	7.22949634509e-05	0.000216884890353	0.000224917664069	0.000176721021769	0.000120491605751	8.03277371676e-05	0.000104426058318	0.0124909631296	7.22949634509e-05	0.00625753072536	0.000514097517873	0.00285163466945	0.00118885051008	0.00132540766327	0.0	0.00027311430637	0.000281147080087	0.000240983211503	0.00256245481565	0.00240179934131	0.000465900875572	0.000321310948671	0.001389669853	0.0242991404932	0.000779179050526	0.000578359707607
TARA_122_MES_0.22-3_G.freeze11.snv.mod.fix.bam	0.00262671700538	6.42621897341e-05	0.000586392481324	0.000610490802474	0.00108442445176	0.000160655474335	9.63932846012e-05	0.000441802554422	0.00195196401317	0.0159129247329	0.000104426058318	0.00400032131095	0.0	0.00057032693389	8.03277371676e-05	0.000200819342919	0.00027311430637	0.0	0.000514097517873	4.81966423006e-05	0.000289179853804	0.000305245401237	0.000104426058318	0.00198409510804	0.00057032693389	0.0223953731223	0.000353442043538	0.000457868101856
TARA_132_MES_0.22-3_G.freeze11.snv.mod.fix.bam	0.00878785444614	0.00139770262672	0.000321310948671	0.000257048758936	0.000208852116636	0.000232950437786	0.000321310948671	0.000120491605751	0.000425737006989	0.0173909550968	7.22949634509e-05	0.00710097196562	0.000963932846012	0.00293196240662	0.00181540685999	0.00224917664069	0.000281147080087	0.000514097517873	0.0	0.000586392481324	0.00342999437706	0.00300425737007	0.000257048758936	0.000658687444775	0.00106032613061	0.0253112699815	0.000457868101856	0.000385573138405
TARA_133_MES_0.22-3_G.freeze11.snv.mod.fix.bam	0.00384769861033	0.000112458832035	0.000698851313359	0.00118885051008	0.00132540766327	8.83605108844e-05	8.03277371676e-05	0.000337376496104	0.00127721102097	0.0123222748815	0.000265081532653	0.005076712989	0.000136557153185	0.00190376737087	0.000433769780705	0.000811310145393	0.000240983211503	4.81966423006e-05	0.000586392481324	0.0	0.000698851313359	0.000538195839023	0.000401638685838	0.0014378664953	0.00142983372158	0.0233352076472	0.00107639167805	0.00130130934212
TARA_137_MES_0.22-3_G.freeze11.snv.mod.fix.bam	0.00110852277291	0.000353442043538	0.00236163547273	0.00216884890353	0.00453048437626	0.00230540605671	0.00156639087477	0.00379950196803	0.00626556349908	0.0198329183067	0.00111655554663	0.0039280263475	0.000192786569202	0.000915736203711	0.000208852116636	0.00024901598522	0.00256245481565	0.000289179853804	0.00342999437706	0.000698851313359	0.0	7.22949634509e-05	0.000690818539642	0.00636998955739	0.0013414732107	0.0222588159692	0.00125311269982	0.0016788497068
TARA_138_MES_0.22-3_G.freeze11.snv.mod.fix.bam	0.00142983372158	0.000385573138405	0.00232950437786	0.00218491445096	0.00424130452245	0.00199212788176	0.00127721102097	0.00322917503414	0.00559081050687	0.0189814442927	0.00112458832035	0.004169009559	0.000136557153185	0.00103622780946	0.000224917664069	0.000313278174954	0.00240179934131	0.000305245401237	0.00300425737007	0.000538195839023	7.22949634509e-05	0.0	0.000730982408226	0.00580769539722	0.0014860631376	0.0224114386698	0.00122901437866	0.00174311189654
TARA_142_MES_0.22-3_G.freeze11.snv.mod.fix.bam	0.00255442204193	0.000168688248052	0.00029721262752	8.83605108844e-05	0.000739015181942	0.000457868101856	0.000257048758936	0.000674752992208	0.00179130853884	0.0174230861917	4.81966423006e-05	0.002779339706	6.42621897341e-05	0.00024901598522	0.000144589926902	0.000168688248052	0.000465900875572	0.000104426058318	0.000257048758936	0.000401638685838	0.000690818539642	0.000730982408226	0.0	0.00224114386698	8.83605108844e-05	0.0181942324685	8.03277371676e-06	8.83605108844e-05
TARA_145_MES_0.22-3_G.freeze11.snv.mod.fix.bam	0.0124106353924	0.0024901598522	0.000425737006989	0.00103622780946	0.00027311430637	0.000377540364688	0.000747047955659	0.000120491605751	0.000144589926902	0.0111093260503	0.000586392481324	0.010635392401	0.00323720780786	0.0065145794843	0.00464294320829	0.00526146678448	0.000321310948671	0.00198409510804	0.000658687444775	0.0014378664953	0.00636998955739	0.00580769539722	0.00224114386698	0.0	0.00420917342758	0.0296489677886	0.0025865531368	0.00155032532734
TARA_146_MES_0.22-3_G.freeze11.snv.mod.fix.bam	0.00298015904892	0.000771146276809	0.000658687444775	0.000224917664069	0.0017270463491	0.0016306530645	0.00112458832035	0.0023455699253	0.00303638846494	0.0187565266286	0.000208852116636	0.00281950357458	0.000393605912121	0.000433769780705	0.000465900875572	0.000425737006989	0.001389669853	0.00057032693389	0.00106032613061	0.00142983372158	0.0013414732107	0.0014860631376	8.83605108844e-05	0.00420917342758	0.0	0.0121696521809	7.22949634509e-05	0.000104426058318
TARA_148b_MES_0.22-3_G.freeze11.snv.mod.fix.bam	0.0183147240742	0.0210619326854	0.0211904570648	0.0197284922484	0.0264679893967	0.0257691380834	0.023455699253	0.0277452004177	0.0267089726082	0.0350951883685	0.0220338983051	0.016507349988	0.0209816049482	0.0194312796209	0.019937344365	0.0194232468471	0.0242991404932	0.0223953731223	0.0253112699815	0.0233352076472	0.0222588159692	0.0224114386698	0.0181942324685	0.0296489677886	0.0121696521809	0.0	0.0139368623986	0.015655875974
TARA_149_MES_0.22-3_G.freeze11.snv.mod.fix.bam	0.00289983131175	0.000506064744156	0.000200819342919	5.62294160174e-05	0.000682785765925	0.00107639167805	0.000690818539642	0.0011968832838	0.00163868583822	0.0179693148044	8.03277371676e-05	0.00314884729697	0.000305245401237	0.000441802554422	0.000409671459555	0.000353442043538	0.000779179050526	0.000353442043538	0.000457868101856	0.00107639167805	0.00125311269982	0.00122901437866	8.03277371676e-06	0.0025865531368	7.22949634509e-05	0.0139368623986	0.0	8.03277371676e-06
TARA_152_MES_0.22-3_G.freeze11.snv.mod.fix.bam	0.00415294401157	0.000594425255041	0.000112458832035	1.60655474335e-05	0.00029721262752	0.000915736203711	0.000650654671058	0.000666720218491	0.000971965619728	0.0174230861917	5.62294160174e-05	0.00415294401157	0.000449835328139	0.000923768977428	0.000578359707607	0.000682785765925	0.000578359707607	0.000457868101856	0.000385573138405	0.00130130934212	0.0016788497068	0.00174311189654	8.83605108844e-05	0.00155032532734	0.000104426058318	0.015655875974	8.03277371676e-06	0.0
