	TARA_037_MES_0.22-1.6_G.freeze11.snv.mod.fix.bam	TARA_056_MES_0.22-3_G.freeze11.snv.mod.fix.bam	TARA_064_MES_0.22-3_G.freeze11.snv.mod.fix.bam	TARA_065_MES_0.22-3_G.freeze11.snv.mod.fix.bam	TARA_068_MES_0.22-3_G.freeze11.snv.mod.fix.bam	TARA_070_MES_0.22-3_G.freeze11.snv.mod.fix.bam	TARA_072_MES_0.22-3_G.freeze11.snv.mod.fix.bam	TARA_076_MES_0.22-3_G.freeze11.snv.mod.fix.bam	TARA_078_MES_0.22-3_G.freeze11.snv.mod.fix.bam	TARA_085_MES_0.22-3_G.freeze11.snv.mod.fix.bam	TARA_098_MES_0.22-3_G.freeze11.snv.mod.fix.bam	TARA_100_MES_0.22-3_G.freeze11.snv.mod.fix.bam	TARA_102_MES_0.22-3_G.freeze11.snv.mod.fix.bam	TARA_109_MES_0.22-3_G.freeze11.snv.mod.fix.bam	TARA_110_MES_0.22-3_G.freeze11.snv.mod.fix.bam	TARA_111_MES_0.22-3_G.freeze11.snv.mod.fix.bam	TARA_112_MES_0.22-3_G.freeze11.snv.mod.fix.bam	TARA_122_MES_0.22-3_G.freeze11.snv.mod.fix.bam	TARA_132_MES_0.22-3_G.freeze11.snv.mod.fix.bam	TARA_133_MES_0.22-3_G.freeze11.snv.mod.fix.bam	TARA_137_MES_0.22-3_G.freeze11.snv.mod.fix.bam	TARA_138_MES_0.22-3_G.freeze11.snv.mod.fix.bam	TARA_142_MES_0.22-3_G.freeze11.snv.mod.fix.bam	TARA_145_MES_0.22-3_G.freeze11.snv.mod.fix.bam	TARA_146_MES_0.22-3_G.freeze11.snv.mod.fix.bam	TARA_148b_MES_0.22-3_G.freeze11.snv.mod.fix.bam	TARA_149_MES_0.22-3_G.freeze11.snv.mod.fix.bam	TARA_152_MES_0.22-3_G.freeze11.snv.mod.fix.bam
TARA_037_MES_0.22-1.6_G.freeze11.snv.mod.fix.bam	0.0	0.0600703882168	0.0753574452001	0.0692894514687	0.0787552362328	0.0720430418638	0.0699486357986	0.0772365558996	0.0872684192965	0.0943454849612	0.0705637171989	0.0681063201866	0.0589541569941	0.0551882605516	0.0565283157049	0.0554706986569	0.0796279369007	0.0590674460532	0.0761492530064	0.067930807555	0.0483251687119	0.0507291495898	0.0576700426809	0.0822314193362	0.0606440397264	0.0974976179975	0.0616219320758	0.0657710234403
TARA_056_MES_0.22-3_G.freeze11.snv.mod.fix.bam	0.0600703882168	0.0	0.0509428336829	0.051726588353	0.06086067451	0.0452421803779	0.0425293062382	0.0545230385493	0.0659303015205	0.0810207770843	0.0486139693537	0.0750499085093	0.0411230672163	0.053732116704	0.0457482058958	0.0466364984427	0.0502108407951	0.0327662221272	0.0589205817166	0.0400726447152	0.04413562674	0.0444039947982	0.0417831321049	0.0614858768273	0.051222443321	0.103923825778	0.048387972735	0.0497721325864
TARA_064_MES_0.22-3_G.freeze11.snv.mod.fix.bam	0.0753574452001	0.0509428336829	0.0	0.033928215127	0.0366488997127	0.0457151630781	0.0467467056374	0.0428159922716	0.0375868459534	0.0870160303755	0.0310022698124	0.0792007095744	0.0516695687688	0.0617818713362	0.0562575123521	0.0570895167986	0.0328420107991	0.0490310712602	0.0386958681502	0.0515858878629	0.0628754545325	0.0622048063441	0.0467758061956	0.0467133356119	0.0537941995526	0.107307818319	0.0476300826071	0.0422847840875
TARA_065_MES_0.22-3_G.freeze11.snv.mod.fix.bam	0.0692894514687	0.051726588353	0.033928215127	0.0	0.0371350330945	0.0483124867499	0.0508285034776	0.0458850342772	0.0482391776306	0.0873919806675	0.0318940827136	0.075401915286	0.0495313397898	0.0544856821661	0.0535711414238	0.0538875381769	0.0458156354561	0.0468125392059	0.0359834330187	0.0563882967276	0.0576875389247	0.057273315745	0.0383960449088	0.0512688441418	0.0438926298501	0.0995349058852	0.0371799595859	0.0322008788559
TARA_068_MES_0.22-3_G.freeze11.snv.mod.fix.bam	0.0787552362328	0.06086067451	0.0366488997127	0.0371350330945	0.0	0.0434266558197	0.0504193912573	0.0333054504764	0.0334158879735	0.083806462082	0.0366931782886	0.083850685886	0.0592673712878	0.0654901423034	0.0636494659684	0.0650815957111	0.0418769699958	0.054168257381	0.030493107071	0.0578113683853	0.0663540478207	0.0649849067808	0.052485061246	0.0352454670251	0.0599755564852	0.111266696146	0.053817520913	0.0481272353695
TARA_070_MES_0.22-3_G.freeze11.snv.mod.fix.bam	0.0720430418638	0.0452421803779	0.0457151630781	0.0483124867499	0.0434266558197	0.0	0.0338649639635	0.0302037574751	0.0490043405895	0.0709049460771	0.0453119746903	0.0832032194937	0.0542288107476	0.0640055522806	0.0597528350589	0.0617842648032	0.0411323140277	0.0418334827447	0.0418634525736	0.0415210109307	0.0575039418974	0.0558560880045	0.0497282789504	0.0362490772458	0.0594308643164	0.109795400572	0.0546612918406	0.0515238060547
TARA_072_MES_0.22-3_G.freeze11.snv.mod.fix.bam	0.0699486357986	0.0425293062382	0.0467467056374	0.0508285034776	0.0504193912573	0.0338649639635	0.0	0.0413098153132	0.0542862832015	0.0786644796125	0.0453510044233	0.0801226265861	0.0499925938837	0.0616018616658	0.0550851369873	0.0574053980785	0.0422754732443	0.0390166352323	0.0471105027019	0.0395946535767	0.0550748096845	0.0533040182126	0.047896177662	0.0479197550133	0.0575966863528	0.108813541163	0.0537339184417	0.0520560063679
TARA_076_MES_0.22-3_G.freeze11.snv.mod.fix.bam	0.0772365558996	0.0545230385493	0.0428159922716	0.0458850342772	0.0333054504764	0.0302037574751	0.0413098153132	0.0	0.0368557925728	0.0734521892069	0.0420346304869	0.0854443756126	0.0574686970574	0.0669666494507	0.0634427054505	0.0651605604008	0.0385381525088	0.0485011435167	0.0364971698479	0.0482590011082	0.0632028702808	0.0614950913193	0.0530346418579	0.0262029424439	0.0624253468379	0.113035408376	0.0569885816602	0.0526567176627
TARA_078_MES_0.22-3_G.freeze11.snv.mod.fix.bam	0.0872684192965	0.0659303015205	0.0375868459534	0.0482391776306	0.0334158879735	0.0490043405895	0.0542862832015	0.0368557925728	0.0	0.0864450645557	0.0414948537171	0.0891918976446	0.0646579466632	0.0748869848726	0.0699584896293	0.0712556484302	0.0363650206938	0.0617880099263	0.0410876774906	0.0588444684816	0.0752361508297	0.0738315858417	0.0622506223496	0.0370423086491	0.069666942661	0.118278991317	0.0636639682191	0.0581702395626
TARA_085_MES_0.22-3_G.freeze11.snv.mod.fix.bam	0.0943454849612	0.0810207770843	0.0870160303755	0.0873919806675	0.083806462082	0.0709049460771	0.0786644796125	0.0734521892069	0.0864450645557	0.0	0.0886374637088	0.104631626151	0.0906375810963	0.0933409434369	0.0928772848449	0.0938094525606	0.0855826998037	0.0831505905518	0.0860059629344	0.0811107718167	0.0875590201902	0.0866130030303	0.0872008478047	0.0735421196863	0.0916343605614	0.122369552143	0.0894476181127	0.0881473623509
TARA_098_MES_0.22-3_G.freeze11.snv.mod.fix.bam	0.0705637171989	0.0486139693537	0.0310022698124	0.0318940827136	0.0366931782886	0.0453119746903	0.0453510044233	0.0420346304869	0.0414948537171	0.0886374637088	0.0	0.0741021677844	0.0409397836125	0.0534283762333	0.047227254001	0.0474646193419	0.0355060579249	0.0412658146553	0.0349124533853	0.0483057124818	0.0553620130761	0.0547162971583	0.0396229830872	0.0488341567979	0.0496588197757	0.107157586708	0.0437420647475	0.0409901133816
TARA_100_MES_0.22-3_G.freeze11.snv.mod.fix.bam	0.0681063201866	0.0750499085093	0.0792007095744	0.075401915286	0.083850685886	0.0832032194937	0.0801226265861	0.0854443756126	0.0891918976446	0.104631626151	0.0741021677844	0.0	0.0652252653785	0.058262438278	0.0617056252563	0.0578991950383	0.0846406251683	0.0719731910837	0.0816322000872	0.0787024016981	0.0699611077028	0.0712781837583	0.0666618998515	0.0894588699622	0.0682466742075	0.104117802469	0.0690158097505	0.0730951075981
TARA_102_MES_0.22-3_G.freeze11.snv.mod.fix.bam	0.0589541569941	0.0411230672163	0.0516695687688	0.0495313397898	0.0592673712878	0.0542288107476	0.0499925938837	0.0574686970574	0.0646579466632	0.0906375810963	0.0409397836125	0.0652252653785	0.0	0.0398970114385	0.0285159719804	0.0293513817385	0.0535498534004	0.0316442473539	0.055449580074	0.0459849278277	0.0406155846856	0.0411777783957	0.034452554492	0.0654302495427	0.0470393989482	0.105189513011	0.0448986245303	0.0491663090545
TARA_109_MES_0.22-3_G.freeze11.snv.mod.fix.bam	0.0551882605516	0.053732116704	0.0617818713362	0.0544856821661	0.0654901423034	0.0640055522806	0.0616018616658	0.0669666494507	0.0748869848726	0.0933409434369	0.0534283762333	0.058262438278	0.0398970114385	0.0	0.0375001610905	0.0356533173914	0.0681834223836	0.0472598116769	0.0627228121046	0.0619370700727	0.0470951214303	0.049136427713	0.0387228668982	0.0728875337087	0.0455126627818	0.0991296096483	0.0455480921625	0.0512859306412
TARA_110_MES_0.22-3_G.freeze11.snv.mod.fix.bam	0.0565283157049	0.0457482058958	0.0562575123521	0.0535711414238	0.0636494659684	0.0597528350589	0.0550851369873	0.0634427054505	0.0699584896293	0.0928772848449	0.047227254001	0.0617056252563	0.0285159719804	0.0375001610905	0.0	0.0293320692914	0.0598604225468	0.0388239688652	0.0604227296923	0.0527115334308	0.0415238910585	0.0429815241673	0.0376512317065	0.0702986906804	0.0476903087354	0.103716724946	0.0465555922861	0.0516794662983
TARA_111_MES_0.22-3_G.freeze11.snv.mod.fix.bam	0.0554706986569	0.0466364984427	0.0570895167986	0.0538875381769	0.0650815957111	0.0617842648032	0.0574053980785	0.0651605604008	0.0712556484302	0.0938094525606	0.0474646193419	0.0578991950383	0.0293513817385	0.0356533173914	0.0293320692914	0.0	0.0612173924337	0.0410288048871	0.062119460469	0.0544320887275	0.0423473286756	0.0446589560841	0.0379468327624	0.0719369647311	0.0475978614513	0.103167633038	0.0466171531012	0.0517137414316
TARA_112_MES_0.22-3_G.freeze11.snv.mod.fix.bam	0.0796279369007	0.0502108407951	0.0328420107991	0.0458156354561	0.0418769699958	0.0411323140277	0.0422754732443	0.0385381525088	0.0363650206938	0.0855826998037	0.0355060579249	0.0846406251683	0.0535498534004	0.0681834223836	0.0598604225468	0.0612173924337	0.0	0.0486031441235	0.0432227626156	0.0461779289591	0.0654725606547	0.0641026221569	0.0535723164637	0.043307141217	0.0628815242103	0.11537185862	0.0573045078609	0.0527245211945
TARA_122_MES_0.22-3_G.freeze11.snv.mod.fix.bam	0.0590674460532	0.0327662221272	0.0490310712602	0.0468125392059	0.054168257381	0.0418334827447	0.0390166352323	0.0485011435167	0.0617880099263	0.0831505905518	0.0412658146553	0.0719731910837	0.0316442473539	0.0472598116769	0.0388239688652	0.0410288048871	0.0486031441235	0.0	0.049526951451	0.037888347976	0.0394028599166	0.0384983126498	0.0340299855119	0.0571937587976	0.0471869851052	0.104055483778	0.0440329428486	0.0460517000405
TARA_132_MES_0.22-3_G.freeze11.snv.mod.fix.bam	0.0761492530064	0.0589205817166	0.0386958681502	0.0359834330187	0.030493107071	0.0418634525736	0.0471105027019	0.0364971698479	0.0410876774906	0.0860059629344	0.0349124533853	0.0816322000872	0.055449580074	0.0627228121046	0.0604227296923	0.062119460469	0.0432227626156	0.049526951451	0.0	0.052397656826	0.0627566355903	0.0613381105609	0.0481123167229	0.0424805031103	0.0563571543412	0.108691976076	0.0504486766795	0.0457407895046
TARA_133_MES_0.22-3_G.freeze11.snv.mod.fix.bam	0.067930807555	0.0400726447152	0.0515858878629	0.0563882967276	0.0578113683853	0.0415210109307	0.0395946535767	0.0482590011082	0.0588444684816	0.0811107718167	0.0483057124818	0.0787024016981	0.0459849278277	0.0619370700727	0.0527115334308	0.0544320887275	0.0461779289591	0.037888347976	0.052397656826	0.0	0.0509103791875	0.0491157058537	0.0506596893407	0.0561320582034	0.0605398376688	0.109712423894	0.0573133114646	0.0574494181901
TARA_137_MES_0.22-3_G.freeze11.snv.mod.fix.bam	0.0483251687119	0.04413562674	0.0628754545325	0.0576875389247	0.0663540478207	0.0575039418974	0.0550748096845	0.0632028702808	0.0752361508297	0.0875590201902	0.0553620130761	0.0699611077028	0.0406155846856	0.0470951214303	0.0415238910585	0.0423473286756	0.0654725606547	0.0394028599166	0.0627566355903	0.0509103791875	0.0	0.0311400275471	0.0438212861918	0.0698947657975	0.0518973750807	0.101700468287	0.0513040872701	0.0552028097285
TARA_138_MES_0.22-3_G.freeze11.snv.mod.fix.bam	0.0507291495898	0.0444039947982	0.0622048063441	0.057273315745	0.0649849067808	0.0558560880045	0.0533040182126	0.0614950913193	0.0738315858417	0.0866130030303	0.0547162971583	0.0712781837583	0.0411777783957	0.049136427713	0.0429815241673	0.0446589560841	0.0641026221569	0.0384983126498	0.0613381105609	0.0491157058537	0.0311400275471	0.0	0.0444104669068	0.068221263152	0.0530133642273	0.102811216055	0.0519776899599	0.0554138378518
TARA_142_MES_0.22-3_G.freeze11.snv.mod.fix.bam	0.0576700426809	0.0417831321049	0.0467758061956	0.0383960449088	0.052485061246	0.0497282789504	0.047896177662	0.0530346418579	0.0622506223496	0.0872008478047	0.0396229830872	0.0666618998515	0.034452554492	0.0387228668982	0.0376512317065	0.0379468327624	0.0535723164637	0.0340299855119	0.0481123167229	0.0506596893407	0.0438212861918	0.0444104669068	0.0	0.0603886408598	0.0338631243368	0.0953469971781	0.0304336152916	0.0342507149979
TARA_145_MES_0.22-3_G.freeze11.snv.mod.fix.bam	0.0822314193362	0.0614858768273	0.0467133356119	0.0512688441418	0.0352454670251	0.0362490772458	0.0479197550133	0.0262029424439	0.0370423086491	0.0735421196863	0.0488341567979	0.0894588699622	0.0654302495427	0.0728875337087	0.0702986906804	0.0719369647311	0.043307141217	0.0571937587976	0.0424805031103	0.0561320582034	0.0698947657975	0.068221263152	0.0603886408598	0.0	0.0683914697755	0.115729107168	0.0629189951967	0.0576280043401
TARA_146_MES_0.22-3_G.freeze11.snv.mod.fix.bam	0.0606440397264	0.051222443321	0.0537941995526	0.0438926298501	0.0599755564852	0.0594308643164	0.0575966863528	0.0624253468379	0.069666942661	0.0916343605614	0.0496588197757	0.0682466742075	0.0470393989482	0.0455126627818	0.0476903087354	0.0475978614513	0.0628815242103	0.0471869851052	0.0563571543412	0.0605398376688	0.0518973750807	0.0530133642273	0.0338631243368	0.0683914697755	0.0	0.0848795239071	0.0302692623891	0.0352398528067
TARA_148b_MES_0.22-3_G.freeze11.snv.mod.fix.bam	0.0974976179975	0.103923825778	0.107307818319	0.0995349058852	0.111266696146	0.109795400572	0.108813541163	0.113035408376	0.118278991317	0.122369552143	0.107157586708	0.104117802469	0.105189513011	0.0991296096483	0.103716724946	0.103167633038	0.11537185862	0.104055483778	0.108691976076	0.109712423894	0.101700468287	0.102811216055	0.0953469971781	0.115729107168	0.0848795239071	0.0	0.0883084247282	0.0918439996203
TARA_149_MES_0.22-3_G.freeze11.snv.mod.fix.bam	0.0616219320758	0.048387972735	0.0476300826071	0.0371799595859	0.053817520913	0.0546612918406	0.0537339184417	0.0569885816602	0.0636639682191	0.0894476181127	0.0437420647475	0.0690158097505	0.0448986245303	0.0455480921625	0.0465555922861	0.0466171531012	0.0573045078609	0.0440329428486	0.0504486766795	0.0573133114646	0.0513040872701	0.0519776899599	0.0304336152916	0.0629189951967	0.0302692623891	0.0883084247282	0.0	0.0288387569479
TARA_152_MES_0.22-3_G.freeze11.snv.mod.fix.bam	0.0657710234403	0.0497721325864	0.0422847840875	0.0322008788559	0.0481272353695	0.0515238060547	0.0520560063679	0.0526567176627	0.0581702395626	0.0881473623509	0.0409901133816	0.0730951075981	0.0491663090545	0.0512859306412	0.0516794662983	0.0517137414316	0.0527245211945	0.0460517000405	0.0457407895046	0.0574494181901	0.0552028097285	0.0554138378518	0.0342507149979	0.0576280043401	0.0352398528067	0.0918439996203	0.0288387569479	0.0
