	TARA_031_SRF_0.22-1.6_G.freeze11.snv.mod.fix.bam	TARA_032_SRF_0.22-1.6_G.freeze11.snv.mod.fix.bam	TARA_041_SRF_0.22-1.6_G.freeze11.snv.mod.fix.bam	TARA_042_SRF_0.22-1.6_G.freeze11.snv.mod.fix.bam	TARA_045_SRF_0.22-1.6_G.freeze11.snv.mod.fix.bam	TARA_048_SRF_0.22-1.6_G.freeze11.snv.mod.fix.bam	TARA_056_SRF_0.22-3_G.freeze11.snv.mod.fix.bam	TARA_058_DCM_0.22-3_G.freeze11.snv.mod.fix.bam	TARA_064_SRF_0.22-3_G.freeze11.snv.mod.fix.bam	TARA_072_SRF_0.22-3_G.freeze11.snv.mod.fix.bam	TARA_078_SRF_0.22-3_G.freeze11.snv.mod.fix.bam	TARA_099_SRF_0.22-3_G.freeze11.snv.mod.fix.bam	TARA_112_SRF_0.22-3_G.freeze11.snv.mod.fix.bam	TARA_132_SRF_0.22-3_G.freeze11.snv.mod.fix.bam	TARA_138_SRF_0.22-3_G.freeze11.snv.mod.fix.bam
TARA_031_SRF_0.22-1.6_G.freeze11.snv.mod.fix.bam	0.0	0.0317822232796	0.0393421097799	0.041275054706	0.0392186435857	0.0406653502091	0.0407302057	0.0442322944965	0.0385917728796	0.0427653821848	0.0490259063747	0.0614411610084	0.052997350989	0.0442913619421	0.0468450226289
TARA_032_SRF_0.22-1.6_G.freeze11.snv.mod.fix.bam	0.0317822232796	0.0	0.0392185116892	0.039373997209	0.0394991580062	0.0392569659894	0.0404612756229	0.0448956737592	0.0403915893625	0.0412351408919	0.0481224294139	0.0589275353962	0.053135222051	0.0429738005549	0.0440382459478
TARA_041_SRF_0.22-1.6_G.freeze11.snv.mod.fix.bam	0.0393421097799	0.0392185116892	0.0	0.0361454729944	0.035354872223	0.0378220122328	0.0369744559727	0.0403156267759	0.0378350768168	0.0407386750218	0.0487905573441	0.0605662314833	0.0529746247112	0.0441144289917	0.0444772628548
TARA_042_SRF_0.22-1.6_G.freeze11.snv.mod.fix.bam	0.041275054706	0.039373997209	0.0361454729944	0.0	0.0366129466713	0.0372220225363	0.0386961400267	0.042904019037	0.041090383811	0.0404120665185	0.048307831999	0.0588451263473	0.0535449476077	0.0431991145632	0.0433211498232
TARA_045_SRF_0.22-1.6_G.freeze11.snv.mod.fix.bam	0.0392186435857	0.0394991580062	0.035354872223	0.0366129466713	0.0	0.0334444788548	0.036790905258	0.0409727621341	0.0364353851982	0.0394835727314	0.0483126981677	0.0598861907869	0.051666339839	0.0426484416562	0.0433734802587
TARA_048_SRF_0.22-1.6_G.freeze11.snv.mod.fix.bam	0.0406653502091	0.0392569659894	0.0378220122328	0.0372220225363	0.0334444788548	0.0	0.0370272797432	0.0437086265526	0.0384243650773	0.0365441006106	0.0472832358322	0.056956340789	0.0508542802788	0.040550458534	0.0371527014089
TARA_056_SRF_0.22-3_G.freeze11.snv.mod.fix.bam	0.0407302057	0.0404612756229	0.0369744559727	0.0386961400267	0.036790905258	0.0370272797432	0.0	0.0387448829123	0.0376719042324	0.0391320742974	0.0481072687865	0.0587313500237	0.0516422470983	0.0435237799007	0.0394740944602
TARA_058_DCM_0.22-3_G.freeze11.snv.mod.fix.bam	0.0442322944965	0.0448956737592	0.0403156267759	0.042904019037	0.0409727621341	0.0437086265526	0.0387448829123	0.0	0.0403571398295	0.0446081094808	0.0512241835088	0.0633201770126	0.0552149013518	0.048028321757	0.0482874529905
TARA_064_SRF_0.22-3_G.freeze11.snv.mod.fix.bam	0.0385917728796	0.0403915893625	0.0378350768168	0.041090383811	0.0364353851982	0.0384243650773	0.0376719042324	0.0403571398295	0.0	0.0401155777875	0.0455246272104	0.0594842361885	0.0486349398492	0.0422256711135	0.0444110864159
TARA_072_SRF_0.22-3_G.freeze11.snv.mod.fix.bam	0.0427653821848	0.0412351408919	0.0407386750218	0.0404120665185	0.0394835727314	0.0365441006106	0.0391320742974	0.0446081094808	0.0401155777875	0.0	0.0467256805126	0.0556704832646	0.0504295256132	0.0420400697383	0.0369629842274
TARA_078_SRF_0.22-3_G.freeze11.snv.mod.fix.bam	0.0490259063747	0.0481224294139	0.0487905573441	0.048307831999	0.0483126981677	0.0472832358322	0.0481072687865	0.0512241835088	0.0455246272104	0.0467256805126	0.0	0.0571145778629	0.0509983610752	0.0432630127969	0.0485950232291
TARA_099_SRF_0.22-3_G.freeze11.snv.mod.fix.bam	0.0614411610084	0.0589275353962	0.0605662314833	0.0588451263473	0.0598861907869	0.056956340789	0.0587313500237	0.0633201770126	0.0594842361885	0.0556704832646	0.0571145778629	0.0	0.048371305809	0.05515906819	0.0534882558538
TARA_112_SRF_0.22-3_G.freeze11.snv.mod.fix.bam	0.052997350989	0.053135222051	0.0529746247112	0.0535449476077	0.051666339839	0.0508542802788	0.0516422470983	0.0552149013518	0.0486349398492	0.0504295256132	0.0509983610752	0.048371305809	0.0	0.0489281121166	0.0514550847368
TARA_132_SRF_0.22-3_G.freeze11.snv.mod.fix.bam	0.0442913619421	0.0429738005549	0.0441144289917	0.0431991145632	0.0426484416562	0.040550458534	0.0435237799007	0.048028321757	0.0422256711135	0.0420400697383	0.0432630127969	0.05515906819	0.0489281121166	0.0	0.0443614420295
TARA_138_SRF_0.22-3_G.freeze11.snv.mod.fix.bam	0.0468450226289	0.0440382459478	0.0444772628548	0.0433211498232	0.0433734802587	0.0371527014089	0.0394740944602	0.0482874529905	0.0444110864159	0.0369629842274	0.0485950232291	0.0534882558538	0.0514550847368	0.0443614420295	0.0
