	TARA_038_MES_0.22-1.6_G.freeze11.snv.mod.fix.bam	TARA_039_MES_0.22-1.6_G.freeze11.snv.mod.fix.bam	TARA_056_MES_0.22-3_G.freeze11.snv.mod.fix.bam	TARA_064_MES_0.22-3_G.freeze11.snv.mod.fix.bam	TARA_065_MES_0.22-3_G.freeze11.snv.mod.fix.bam	TARA_068_MES_0.22-3_G.freeze11.snv.mod.fix.bam	TARA_070_MES_0.22-3_G.freeze11.snv.mod.fix.bam	TARA_076_MES_0.22-3_G.freeze11.snv.mod.fix.bam	TARA_078_MES_0.22-3_G.freeze11.snv.mod.fix.bam	TARA_098_MES_0.22-3_G.freeze11.snv.mod.fix.bam	TARA_100_MES_0.22-3_G.freeze11.snv.mod.fix.bam	TARA_102_MES_0.22-3_G.freeze11.snv.mod.fix.bam	TARA_111_MES_0.22-3_G.freeze11.snv.mod.fix.bam	TARA_112_MES_0.22-3_G.freeze11.snv.mod.fix.bam	TARA_122_MES_0.22-3_G.freeze11.snv.mod.fix.bam	TARA_132_MES_0.22-3_G.freeze11.snv.mod.fix.bam	TARA_133_MES_0.22-3_G.freeze11.snv.mod.fix.bam	TARA_137_DCM_0.22-3_G.freeze11.snv.mod.fix.bam	TARA_137_MES_0.22-3_G.freeze11.snv.mod.fix.bam	TARA_138_MES_0.22-3_G.freeze11.snv.mod.fix.bam	TARA_142_MES_0.22-3_G.freeze11.snv.mod.fix.bam	TARA_145_MES_0.22-3_G.freeze11.snv.mod.fix.bam	TARA_146_MES_0.22-3_G.freeze11.snv.mod.fix.bam	TARA_149_MES_0.22-3_G.freeze11.snv.mod.fix.bam	TARA_152_MES_0.22-3_G.freeze11.snv.mod.fix.bam
TARA_038_MES_0.22-1.6_G.freeze11.snv.mod.fix.bam	0.0	0.000238315900967	0.0691910499139	0.0692175294585	0.0695088044486	0.0680524294982	0.0703296703297	0.0704620680524	0.0691380908248	0.0694293658149	0.0521647027671	0.0587845889051	0.0562690321726	0.0695882430822	0.0694558453595	0.069244009003	0.0694028862704	0.0567456639746	0.0609294320138	0.0637892228254	0.069244009003	0.068952734013	0.069720640805	0.0701178339733	0.0697735998941
TARA_039_MES_0.22-1.6_G.freeze11.snv.mod.fix.bam	0.000238315900967	0.0	0.0659870250232	0.0658281477559	0.0664371772806	0.0648219250629	0.0668873295379	0.0670462068052	0.0660135045677	0.0661988613796	0.0496491460347	0.0560571958162	0.0533562822719	0.0663842181914	0.0663047795578	0.0660929432014	0.0662253409241	0.0537269958957	0.0579902025685	0.0604792797564	0.0659075863895	0.0658016682113	0.0665430954588	0.0664636568251	0.0663842181914
TARA_056_MES_0.22-3_G.freeze11.snv.mod.fix.bam	0.0691910499139	0.0659870250232	0.0	2.64795445518e-05	0.000132397722759	0.000397193168278	0.000105918178207	7.94386336555e-05	2.64795445518e-05	5.29590891037e-05	0.0299483648881	0.00211836356415	0.00548126572223	5.29590891037e-05	2.64795445518e-05	0.000529590891037	5.29590891037e-05	0.0254733218589	0.0178207334834	0.0183238448299	2.64795445518e-05	0.000132397722759	0.000158877267311	0.000132397722759	0.000132397722759
TARA_064_MES_0.22-3_G.freeze11.snv.mod.fix.bam	0.0692175294585	0.0658281477559	2.64795445518e-05	0.0	0.000132397722759	0.00029127499007	0.000158877267311	5.29590891037e-05	2.64795445518e-05	0.0	0.029895405799	0.00198596584139	0.0058254998014	0.0	0.000132397722759	0.000529590891037	7.94386336555e-05	0.0260029127499	0.0190123129882	0.0186415993645	0.000105918178207	0.00029127499007	0.000132397722759	7.94386336555e-05	0.000132397722759
TARA_065_MES_0.22-3_G.freeze11.snv.mod.fix.bam	0.0695088044486	0.0664371772806	0.000132397722759	0.000132397722759	0.0	0.00029127499007	0.000185356811863	0.000238315900967	5.29590891037e-05	2.64795445518e-05	0.0310340262147	0.00251555673242	0.00624917251423	7.94386336555e-05	0.000264795445518	0.000158877267311	0.000344234079174	0.0267972990865	0.0196478220575	0.020203892493	0.000264795445518	0.000423672712829	0.000158877267311	0.000132397722759	0.000105918178207
TARA_068_MES_0.22-3_G.freeze11.snv.mod.fix.bam	0.0680524294982	0.0648219250629	0.000397193168278	0.00029127499007	0.00029127499007	0.0	0.000423672712829	0.000423672712829	0.000211836356415	0.000211836356415	0.0309545875811	0.00272739308884	0.00640804978154	0.000423672712829	0.000476631801933	0.000450152257381	0.000847345425659	0.0268767377201	0.0198596584139	0.0204686879386	0.000476631801933	0.000556070435589	0.000370713623726	0.000344234079174	0.000264795445518
TARA_070_MES_0.22-3_G.freeze11.snv.mod.fix.bam	0.0703296703297	0.0668873295379	0.000105918178207	0.000158877267311	0.000185356811863	0.000423672712829	0.0	0.000158877267311	0.000132397722759	0.000105918178207	0.0311134648484	0.00270091354429	0.00672580431617	7.94386336555e-05	0.000132397722759	0.0007149477029	0.000132397722759	0.0266913809082	0.0197007811466	0.0196478220575	0.000185356811863	0.000238315900967	0.000397193168278	0.000211836356415	0.000238315900967
TARA_076_MES_0.22-3_G.freeze11.snv.mod.fix.bam	0.0704620680524	0.0670462068052	7.94386336555e-05	5.29590891037e-05	0.000238315900967	0.000423672712829	0.000158877267311	0.0	0.000105918178207	5.29590891037e-05	0.0310340262147	0.00251555673242	0.00693764067258	0.00029127499007	0.000238315900967	0.00029127499007	0.00029127499007	0.0270091354429	0.0195948629684	0.0203098106713	0.000238315900967	0.000264795445518	0.000344234079174	0.000185356811863	0.00029127499007
TARA_078_MES_0.22-3_G.freeze11.snv.mod.fix.bam	0.0691380908248	0.0660135045677	2.64795445518e-05	2.64795445518e-05	5.29590891037e-05	0.000211836356415	0.000132397722759	0.000105918178207	0.0	0.0	0.0294452535416	0.0021448431087	0.00537534754402	2.64795445518e-05	0.000132397722759	0.000264795445518	0.000105918178207	0.0257645968489	0.0186151198199	0.0187739970873	5.29590891037e-05	0.000211836356415	0.000185356811863	0.000132397722759	5.29590891037e-05
TARA_098_MES_0.22-3_G.freeze11.snv.mod.fix.bam	0.0694293658149	0.0661988613796	5.29590891037e-05	0.0	2.64795445518e-05	0.000211836356415	0.000105918178207	5.29590891037e-05	0.0	0.0	0.0303985171455	0.0021978021978	0.00585197934596	0.0	5.29590891037e-05	0.000158877267311	0.000132397722759	0.0260823513836	0.0190387925328	0.0190917516219	2.64795445518e-05	0.000185356811863	0.000105918178207	5.29590891037e-05	5.29590891037e-05
TARA_100_MES_0.22-3_G.freeze11.snv.mod.fix.bam	0.0521647027671	0.0496491460347	0.0299483648881	0.029895405799	0.0310340262147	0.0309545875811	0.0311134648484	0.0310340262147	0.0294452535416	0.0303985171455	0.0	0.0151462994836	0.0064874884152	0.0296570898981	0.0307427512247	0.0318019330068	0.0288627035615	0.0021978021978	0.00569310207864	0.0116245200583	0.0308751489474	0.0322256057196	0.0309810671256	0.0311134648484	0.0305573944128
TARA_102_MES_0.22-3_G.freeze11.snv.mod.fix.bam	0.0587845889051	0.0560571958162	0.00211836356415	0.00198596584139	0.00251555673242	0.00272739308884	0.00270091354429	0.00251555673242	0.0021448431087	0.0021978021978	0.0151462994836	0.0	0.00111214087118	0.0021448431087	0.00233019992056	0.00235667946511	0.00235667946511	0.0137164040778	0.00955911558321	0.0112802859791	0.00230372037601	0.00272739308884	0.00235667946511	0.00246259764332	0.00251555673242
TARA_111_MES_0.22-3_G.freeze11.snv.mod.fix.bam	0.0562690321726	0.0533562822719	0.00548126572223	0.0058254998014	0.00624917251423	0.00640804978154	0.00672580431617	0.00693764067258	0.00537534754402	0.00585197934596	0.0064874884152	0.00111214087118	0.0	0.00566662253409	0.00611677479147	0.00685820203892	0.0058254998014	0.00606381570237	0.00254203627698	0.0050046339203	0.00622269296968	0.00741427247451	0.00640804978154	0.0064345293261	0.00624917251423
TARA_112_MES_0.22-3_G.freeze11.snv.mod.fix.bam	0.0695882430822	0.0663842181914	5.29590891037e-05	0.0	7.94386336555e-05	0.000423672712829	7.94386336555e-05	0.00029127499007	2.64795445518e-05	0.0	0.0296570898981	0.0021448431087	0.00566662253409	0.0	0.000105918178207	0.000476631801933	0.000132397722759	0.0260293922945	0.0185621607308	0.0189328743546	7.94386336555e-05	0.000185356811863	0.00029127499007	0.000158877267311	0.000132397722759
TARA_122_MES_0.22-3_G.freeze11.snv.mod.fix.bam	0.0694558453595	0.0663047795578	2.64795445518e-05	0.000132397722759	0.000264795445518	0.000476631801933	0.000132397722759	0.000238315900967	0.000132397722759	5.29590891037e-05	0.0307427512247	0.00233019992056	0.00611677479147	0.000105918178207	0.0	0.000476631801933	7.94386336555e-05	0.0267708195419	0.0196213425129	0.0195154243347	0.000105918178207	0.00029127499007	0.000238315900967	0.000211836356415	0.000397193168278
TARA_132_MES_0.22-3_G.freeze11.snv.mod.fix.bam	0.069244009003	0.0660929432014	0.000529590891037	0.000529590891037	0.000158877267311	0.000450152257381	0.0007149477029	0.00029127499007	0.000264795445518	0.000158877267311	0.0318019330068	0.00235667946511	0.00685820203892	0.000476631801933	0.000476631801933	0.0	0.000900304514762	0.0266913809082	0.0199390970475	0.0203362902158	0.000476631801933	0.000423672712829	0.000370713623726	0.00029127499007	0.000317754534622
TARA_133_MES_0.22-3_G.freeze11.snv.mod.fix.bam	0.0694028862704	0.0662253409241	5.29590891037e-05	7.94386336555e-05	0.000344234079174	0.000847345425659	0.000132397722759	0.00029127499007	0.000105918178207	0.000132397722759	0.0288627035615	0.00235667946511	0.0058254998014	0.000132397722759	7.94386336555e-05	0.000900304514762	0.0	0.0252350059579	0.0179266516616	0.0180590493844	0.000211836356415	0.000317754534622	0.000476631801933	0.000344234079174	0.000503111346485
TARA_137_DCM_0.22-3_G.freeze11.snv.mod.fix.bam	0.0567456639746	0.0537269958957	0.0254733218589	0.0260029127499	0.0267972990865	0.0268767377201	0.0266913809082	0.0270091354429	0.0257645968489	0.0260823513836	0.0021978021978	0.0137164040778	0.00606381570237	0.0260293922945	0.0267708195419	0.0266913809082	0.0252350059579	0.0	0.00150933403945	0.00548126572223	0.0263736263736	0.0272474513438	0.0265060240964	0.0269826558983	0.0264001059182
TARA_137_MES_0.22-3_G.freeze11.snv.mod.fix.bam	0.0609294320138	0.0579902025685	0.0178207334834	0.0190123129882	0.0196478220575	0.0198596584139	0.0197007811466	0.0195948629684	0.0186151198199	0.0190387925328	0.00569310207864	0.00955911558321	0.00254203627698	0.0185621607308	0.0196213425129	0.0199390970475	0.0179266516616	0.00150933403945	0.0	0.000185356811863	0.0192241493446	0.0200450152257	0.0196213425129	0.0199390970475	0.0193565470674
TARA_138_MES_0.22-3_G.freeze11.snv.mod.fix.bam	0.0637892228254	0.0604792797564	0.0183238448299	0.0186415993645	0.020203892493	0.0204686879386	0.0196478220575	0.0203098106713	0.0187739970873	0.0190917516219	0.0116245200583	0.0112802859791	0.0050046339203	0.0189328743546	0.0195154243347	0.0203362902158	0.0180590493844	0.00548126572223	0.000185356811863	0.0	0.0197537402357	0.0207334833841	0.0197272606911	0.0200714947703	0.0200185356812
TARA_142_MES_0.22-3_G.freeze11.snv.mod.fix.bam	0.069244009003	0.0659075863895	2.64795445518e-05	0.000105918178207	0.000264795445518	0.000476631801933	0.000185356811863	0.000238315900967	5.29590891037e-05	2.64795445518e-05	0.0308751489474	0.00230372037601	0.00622269296968	7.94386336555e-05	0.000105918178207	0.000476631801933	0.000211836356415	0.0263736263736	0.0192241493446	0.0197537402357	0.0	0.000317754534622	7.94386336555e-05	7.94386336555e-05	0.000132397722759
TARA_145_MES_0.22-3_G.freeze11.snv.mod.fix.bam	0.068952734013	0.0658016682113	0.000132397722759	0.00029127499007	0.000423672712829	0.000556070435589	0.000238315900967	0.000264795445518	0.000211836356415	0.000185356811863	0.0322256057196	0.00272739308884	0.00741427247451	0.000185356811863	0.00029127499007	0.000423672712829	0.000317754534622	0.0272474513438	0.0200450152257	0.0207334833841	0.000317754534622	0.0	0.00029127499007	0.000370713623726	0.000344234079174
TARA_146_MES_0.22-3_G.freeze11.snv.mod.fix.bam	0.069720640805	0.0665430954588	0.000158877267311	0.000132397722759	0.000158877267311	0.000370713623726	0.000397193168278	0.000344234079174	0.000185356811863	0.000105918178207	0.0309810671256	0.00235667946511	0.00640804978154	0.00029127499007	0.000238315900967	0.000370713623726	0.000476631801933	0.0265060240964	0.0196213425129	0.0197272606911	7.94386336555e-05	0.00029127499007	0.0	0.000105918178207	0.000185356811863
TARA_149_MES_0.22-3_G.freeze11.snv.mod.fix.bam	0.0701178339733	0.0664636568251	0.000132397722759	7.94386336555e-05	0.000132397722759	0.000344234079174	0.000211836356415	0.000185356811863	0.000132397722759	5.29590891037e-05	0.0311134648484	0.00246259764332	0.0064345293261	0.000158877267311	0.000211836356415	0.00029127499007	0.000344234079174	0.0269826558983	0.0199390970475	0.0200714947703	7.94386336555e-05	0.000370713623726	0.000105918178207	0.0	7.94386336555e-05
TARA_152_MES_0.22-3_G.freeze11.snv.mod.fix.bam	0.0697735998941	0.0663842181914	0.000132397722759	0.000132397722759	0.000105918178207	0.000264795445518	0.000238315900967	0.00029127499007	5.29590891037e-05	5.29590891037e-05	0.0305573944128	0.00251555673242	0.00624917251423	0.000132397722759	0.000397193168278	0.000317754534622	0.000503111346485	0.0264001059182	0.0193565470674	0.0200185356812	0.000132397722759	0.000344234079174	0.000185356811863	7.94386336555e-05	0.0
