	TARA_056_MES_0.22-3_G.freeze11.snv.mod.fix.bam	TARA_070_MES_0.22-3_G.freeze11.snv.mod.fix.bam	TARA_076_MES_0.22-3_G.freeze11.snv.mod.fix.bam	TARA_122_MES_0.22-3_G.freeze11.snv.mod.fix.bam	TARA_133_MES_0.22-3_G.freeze11.snv.mod.fix.bam	TARA_149_MES_0.22-3_G.freeze11.snv.mod.fix.bam	TARA_152_MES_0.22-3_G.freeze11.snv.mod.fix.bam
TARA_056_MES_0.22-3_G.freeze11.snv.mod.fix.bam	0.0	0.000196645784757	0.000196645784757	0.000280922549653	0.000168553529792	0.000786583139029	0.000561845099306
TARA_070_MES_0.22-3_G.freeze11.snv.mod.fix.bam	0.000196645784757	0.0	0.00047756833441	0.00042138382448	0.000533752844341	0.00134842823833	0.00126415147344
TARA_076_MES_0.22-3_G.freeze11.snv.mod.fix.bam	0.000196645784757	0.00047756833441	0.0	0.00042138382448	0.00047756833441	0.000730398629098	0.000646121864202
TARA_122_MES_0.22-3_G.freeze11.snv.mod.fix.bam	0.000280922549653	0.00042138382448	0.00042138382448	0.0	0.000505660589376	0.000842767648959	0.00095513666882
TARA_133_MES_0.22-3_G.freeze11.snv.mod.fix.bam	0.000168553529792	0.000533752844341	0.00047756833441	0.000505660589376	0.0	0.00112369019861	0.0012922437284
TARA_149_MES_0.22-3_G.freeze11.snv.mod.fix.bam	0.000786583139029	0.00134842823833	0.000730398629098	0.000842767648959	0.00112369019861	0.0	0.000337107059584
TARA_152_MES_0.22-3_G.freeze11.snv.mod.fix.bam	0.000561845099306	0.00126415147344	0.000646121864202	0.00095513666882	0.0012922437284	0.000337107059584	0.0
