	TARA_056_MES_0.22-3_G.freeze11.snv.mod.fix.bam	TARA_068_MES_0.22-3_G.freeze11.snv.mod.fix.bam	TARA_070_MES_0.22-3_G.freeze11.snv.mod.fix.bam	TARA_076_MES_0.22-3_G.freeze11.snv.mod.fix.bam	TARA_102_MES_0.22-3_G.freeze11.snv.mod.fix.bam	TARA_111_MES_0.22-3_G.freeze11.snv.mod.fix.bam	TARA_112_MES_0.22-3_G.freeze11.snv.mod.fix.bam	TARA_122_MES_0.22-3_G.freeze11.snv.mod.fix.bam	TARA_133_MES_0.22-3_G.freeze11.snv.mod.fix.bam
TARA_056_MES_0.22-3_G.freeze11.snv.mod.fix.bam	0.0	0.152248695762	0.0542322426786	0.0932003442117	0.154916575009	0.167870573221	0.118583015464	0.0590894727439	0.0621157159488
TARA_068_MES_0.22-3_G.freeze11.snv.mod.fix.bam	0.152248695762	0.0	0.142705933913	0.0888352045788	0.0916350565073	0.0980506945192	0.076157728915	0.12999748759	0.163142869447
TARA_070_MES_0.22-3_G.freeze11.snv.mod.fix.bam	0.0542322426786	0.142705933913	0.0	0.0794358242846	0.150732989093	0.163311782033	0.106722349249	0.0561199118704	0.0764462881643
TARA_076_MES_0.22-3_G.freeze11.snv.mod.fix.bam	0.0932003442117	0.0888352045788	0.0794358242846	0.0	0.116862514008	0.129291963018	0.0658331387518	0.0771061210986	0.109712426631
TARA_102_MES_0.22-3_G.freeze11.snv.mod.fix.bam	0.154916575009	0.0916350565073	0.150732989093	0.116862514008	0.0	0.0505828203995	0.104711126132	0.124367399047	0.161049519831
TARA_111_MES_0.22-3_G.freeze11.snv.mod.fix.bam	0.167870573221	0.0980506945192	0.163311782033	0.129291963018	0.0505828203995	0.0	0.116707998285	0.138034019708	0.175159809551
TARA_112_MES_0.22-3_G.freeze11.snv.mod.fix.bam	0.118583015464	0.076157728915	0.106722349249	0.0658331387518	0.104711126132	0.116707998285	0.0	0.0969614912787	0.132724061353
TARA_122_MES_0.22-3_G.freeze11.snv.mod.fix.bam	0.0590894727439	0.12999748759	0.0561199118704	0.0771061210986	0.124367399047	0.138034019708	0.0969614912787	0.0	0.0788856246393
TARA_133_MES_0.22-3_G.freeze11.snv.mod.fix.bam	0.0621157159488	0.163142869447	0.0764462881643	0.109712426631	0.161049519831	0.175159809551	0.132724061353	0.0788856246393	0.0
