	158337416-tonguedorsum1.snv.filtered.bam	158883629-tonguedorsum1.snv.filtered.bam	158883629-tonguedorsum3.snv.filtered.bam	158944319-tonguedorsum1.snv.filtered.bam	159268001-tonguedorsum1.snv.filtered.bam	159551223-tonguedorsum1.snv.filtered.bam	160502038-tonguedorsum3.snv.filtered.bam	246515023-tonguedorsum1.snv.filtered.bam	550534656-tonguedorsum2.snv.filtered.bam	550534656-tonguedorsum3.snv.filtered.bam	604812005-tonguedorsum3.snv.filtered.bam	638754422-tonguedorsum2.snv.filtered.bam	663835652-tonguedorsum2.snv.filtered.bam	675950834-tonguedorsum1.snv.filtered.bam	675950834-tonguedorsum2.snv.filtered.bam	737052003-tonguedorsum1.snv.filtered.bam	737052003-tonguedorsum2.snv.filtered.bam	763536994-tonguedorsum1.snv.filtered.bam	763536994-tonguedorsum2.snv.filtered.bam	763536994-tonguedorsum3.snv.filtered.bam	763577454-tonguedorsum1.snv.filtered.bam	763901136-tonguedorsum2.snv.filtered.bam	763982056-tonguedorsum3.snv.filtered.bam	764083206-tonguedorsum1.snv.filtered.bam	764143897-tonguedorsum1.snv.filtered.bam	764224817-tonguedorsum1.snv.filtered.bam	764285508-tonguedorsum2.snv.filtered.bam	764325968-tonguedorsum1.snv.filtered.bam	764325968-tonguedorsum2.snv.filtered.bam	764366428-tonguedorsum2.snv.filtered.bam	764487809-tonguedorsum2.snv.filtered.bam	764811490-tonguedorsum1.snv.filtered.bam	764811490-tonguedorsum2.snv.filtered.bam	765013792-tonguedorsum1.snv.filtered.bam	765013792-tonguedorsum2.snv.filtered.bam	765013792-tonguedorsum3.snv.filtered.bam	765074482-tonguedorsum3.snv.filtered.bam	765094712-tonguedorsum1.snv.filtered.bam	765094712-tonguedorsum2.snv.filtered.bam	765337473-tonguedorsum1.snv.filtered.bam	765701615-tonguedorsum2.snv.filtered.bam	823052294-tonguedorsum1.snv.filtered.bam	857980665-tonguedorsum2.snv.filtered.bam	857980665-tonguedorsum3.snv.filtered.bam	861967750-tonguedorsum1.snv.filtered.bam	861967750-tonguedorsum2.snv.filtered.bam
158337416-tonguedorsum1.snv.filtered.bam	0.0	0.166733946983	0.169205150234	0.145214812754	0.149018008677	0.204837110009	0.123770313077	0.261642867014	0.136833223416	0.139011451948	0.266501961475	0.174075025607	0.182918576508	0.143867821616	0.130645738639	0.150966183575	0.156310211946	0.236369767535	0.242324946983	0.199736698672	0.246410236172	0.184115673478	0.0714586131939	0.248121296336	0.193065047806	0.139566979531	0.215682464673	0.1363467194	0.137193152455	0.173524549299	0.139838556505	0.233060708259	0.229465138491	0.173830397162	0.176119083523	0.201607819706	0.24359399414	0.195641454421	0.208668700737	0.221185737042	0.261323515612	0.177679879767	0.182677502545	0.165557397362	0.166749413144	0.160763762601
158883629-tonguedorsum1.snv.filtered.bam	0.166733946983	0.0	0.0165305436158	0.14737175313	0.123062871971	0.186004985298	0.170295441026	0.268276245462	0.139182865607	0.139949159611	0.277676445478	0.173910352012	0.210297315519	0.164698912528	0.157026827072	0.198153090506	0.207932088233	0.220801859595	0.229561695365	0.19520286537	0.237555691413	0.180489718708	0.158744255427	0.266190507451	0.203590954492	0.151898696363	0.230652967812	0.10585750265	0.105743694394	0.163032127893	0.113627529733	0.189260625066	0.185672906325	0.168230671756	0.134563683382	0.175370154518	0.227981700189	0.21624485026	0.229025919551	0.183263037273	0.264134261045	0.161571734292	0.176174528033	0.162540124745	0.16927663056	0.164017313661
158883629-tonguedorsum3.snv.filtered.bam	0.169205150234	0.0165305436158	0.0	0.149228939359	0.123959363697	0.190775663703	0.173695280371	0.26996869231	0.140402795048	0.141096037697	0.284564958476	0.174725018372	0.211242630375	0.175288490004	0.167737109014	0.197713009606	0.20765798396	0.222248145654	0.230873841651	0.199479868245	0.238440644717	0.183588735623	0.159713325115	0.272415136517	0.204877599464	0.154656943017	0.23376224173	0.102334474379	0.1028525325	0.167184856758	0.111750748805	0.188442100352	0.184908839042	0.173795860566	0.141861061599	0.178139910361	0.230074471611	0.21764520924	0.230233362889	0.189270533786	0.26302607025	0.163970363387	0.177390011709	0.16390627212	0.168088380154	0.16282223423
158944319-tonguedorsum1.snv.filtered.bam	0.145214812754	0.14737175313	0.149228939359	0.0	0.132073659919	0.157578566507	0.145632943079	0.221794047102	0.122772682095	0.123325661113	0.246645999305	0.149100194457	0.185777856237	0.140546132519	0.130267689544	0.153087958395	0.154713508214	0.183022644627	0.192062570722	0.156457105864	0.195285492473	0.144544238554	0.110491353345	0.22954700196	0.185529007161	0.126284573466	0.198611283315	0.125266522351	0.123458400259	0.163711016741	0.127951044307	0.189038298301	0.185160623691	0.133613999715	0.121446845717	0.109304457097	0.209636026364	0.191990944583	0.203408295747	0.197566787316	0.245002772845	0.144844374241	0.154296780017	0.138940963133	0.136140865717	0.129596439874
159268001-tonguedorsum1.snv.filtered.bam	0.149018008677	0.123062871971	0.123959363697	0.132073659919	0.0	0.169374703574	0.159921745242	0.227662999828	0.119204011331	0.120379978696	0.264484363539	0.150151697016	0.187259009241	0.163040652051	0.167220357523	0.163644291889	0.17059768618	0.190988026087	0.198191404789	0.18260106502	0.228351079295	0.15502646521	0.160006173515	0.238996062692	0.185152443301	0.143496014581	0.187822937549	0.0373390668307	0.0369480160782	0.179596774637	0.0340036584352	0.167040076384	0.163627411082	0.123527976467	0.106383604067	0.152078745536	0.203627378095	0.156300086066	0.170492742715	0.179176286313	0.273343049392	0.142647273953	0.1544209971	0.133858129468	0.125974280169	0.122236775623
159551223-tonguedorsum1.snv.filtered.bam	0.204837110009	0.186004985298	0.190775663703	0.157578566507	0.169374703574	0.0	0.193114767689	0.242997112882	0.139579245885	0.141351787207	0.278126279712	0.169746313486	0.240516617455	0.185706471663	0.182197442139	0.152841169884	0.159968712885	0.148903363941	0.160327889718	0.147412095593	0.264076710671	0.181787785312	0.199273167059	0.259232959474	0.208386336936	0.137373419926	0.206970818568	0.169547637113	0.167331353864	0.205153732517	0.172601326552	0.171477832406	0.169415939844	0.134702419896	0.157397813358	0.145017135063	0.214004376789	0.212195315248	0.221224943876	0.109238502078	0.27772426153	0.155504969051	0.18318662172	0.169787079908	0.128806210879	0.124109158263
160502038-tonguedorsum3.snv.filtered.bam	0.123770313077	0.170295441026	0.173695280371	0.145632943079	0.159921745242	0.193114767689	0.0	0.244322331145	0.126382957095	0.129438301932	0.252650553284	0.18365971695	0.205332038687	0.15182473709	0.153745357627	0.181176493272	0.187249275971	0.237811097656	0.246466692476	0.195683405736	0.194082108515	0.176599856036	0.123122396771	0.264748342476	0.202681021249	0.14504174624	0.223543131456	0.151694592898	0.149556098971	0.144788652235	0.157024616147	0.215422240599	0.213084208774	0.152692245391	0.166839649039	0.194096811437	0.18840101982	0.196877829446	0.209852883037	0.22223363568	0.263602341221	0.160204985568	0.171933485114	0.155320189609	0.165275293253	0.15998554185
246515023-tonguedorsum1.snv.filtered.bam	0.261642867014	0.268276245462	0.26996869231	0.221794047102	0.227662999828	0.242997112882	0.244322331145	0.0	0.223043623192	0.219826437509	0.247314342941	0.244844744499	0.170471689898	0.209323748219	0.217462451294	0.241149622522	0.247129449124	0.269546724937	0.274597349679	0.245184445107	0.260025772755	0.193011495068	0.251889165548	0.228803180471	0.236697030562	0.235447949342	0.164138099197	0.240304180226	0.235278162606	0.223090873853	0.244329148515	0.215996543537	0.215800406086	0.190751396886	0.25238434982	0.231812489354	0.213795527644	0.175710755825	0.184076623476	0.238665873888	0.291412369268	0.211163310432	0.236083240581	0.218932689076	0.23791601827	0.236010668832
550534656-tonguedorsum2.snv.filtered.bam	0.136833223416	0.139182865607	0.140402795048	0.122772682095	0.119204011331	0.139579245885	0.126382957095	0.223043623192	0.0	0.0142681107527	0.249220624809	0.125530074681	0.204891908031	0.143427668807	0.130993424051	0.143202384082	0.149008431289	0.169578775777	0.179437093296	0.13986715782	0.233830081895	0.163654259981	0.11848314343	0.238516645028	0.197741739431	0.11788858342	0.18787217504	0.108721677224	0.107175857274	0.17479023902	0.109837638983	0.130140396348	0.125966983569	0.120471900504	0.132662467239	0.124586713614	0.19361385993	0.171620846656	0.183248218186	0.160741981518	0.25213402603	0.0792042323933	0.147493008107	0.1232752253	0.100859354662	0.0946394274824
550534656-tonguedorsum3.snv.filtered.bam	0.139011451948	0.139949159611	0.141096037697	0.123325661113	0.120379978696	0.141351787207	0.129438301932	0.219826437509	0.0142681107527	0.0	0.249758402612	0.126272538831	0.203921488715	0.144042761394	0.132527725479	0.143161203047	0.149704782862	0.168492208756	0.178395245508	0.137802302579	0.233045230997	0.16558715994	0.119176772632	0.239565312884	0.194836791993	0.116521458321	0.186158398738	0.109107533633	0.107088290926	0.174374213384	0.111240259888	0.129176709947	0.124997790388	0.121994721374	0.135375396648	0.125297265702	0.190175003483	0.170850287585	0.182098016981	0.158604500023	0.253531262784	0.0793951200095	0.146741478762	0.120989191133	0.102643271283	0.0964335379123
604812005-tonguedorsum3.snv.filtered.bam	0.266501961475	0.277676445478	0.284564958476	0.246645999305	0.264484363539	0.278126279712	0.252650553284	0.247314342941	0.249220624809	0.249758402612	0.0	0.27789480051	0.245374727025	0.251279307883	0.260493411697	0.296778370224	0.303006180564	0.284377805871	0.291751446635	0.255320787915	0.308321522883	0.277361727646	0.274747029081	0.183653213627	0.302391584389	0.220995054789	0.26330885628	0.278374460706	0.276918634852	0.289640583881	0.284450629184	0.296848404149	0.298849752998	0.26154005103	0.272008651585	0.276857111517	0.26895809688	0.254413893358	0.263413373607	0.275255276015	0.114200923969	0.26873792775	0.274953224124	0.255207600475	0.279551395703	0.27503688504
638754422-tonguedorsum2.snv.filtered.bam	0.174075025607	0.173910352012	0.174725018372	0.149100194457	0.150151697016	0.169746313486	0.18365971695	0.244844744499	0.125530074681	0.126272538831	0.27789480051	0.0	0.215056758927	0.190005099079	0.185140397164	0.142262921325	0.142365854932	0.178075629349	0.183379986182	0.171456091534	0.239131072298	0.177926818492	0.169023276748	0.256975873094	0.19683300022	0.138188288557	0.179160619336	0.147457310992	0.145843093822	0.17623299461	0.145764649218	0.154158877512	0.15294159872	0.133476553101	0.175812322918	0.163573436266	0.188663513562	0.158243155716	0.163679893381	0.182189796046	0.269002276084	0.138367640689	0.161457652211	0.15001901288	0.116203141166	0.112135951456
663835652-tonguedorsum2.snv.filtered.bam	0.182918576508	0.210297315519	0.211242630375	0.185777856237	0.187259009241	0.240516617455	0.205332038687	0.170471689898	0.204891908031	0.203921488715	0.245374727025	0.215056758927	0.0	0.21039028892	0.216387167983	0.21508752875	0.219624595058	0.266782986901	0.272068743624	0.252121920231	0.216281156806	0.175191393676	0.234548056414	0.24031982785	0.13517057224	0.209637878008	0.14483305052	0.182320062049	0.180526805236	0.189110633716	0.188006011083	0.177178255518	0.174756761863	0.216082435285	0.192555060383	0.240793694806	0.178124646063	0.127149246431	0.133102421606	0.224939936558	0.263633810073	0.192736382442	0.199810673136	0.188493579805	0.223274535855	0.21797178577
675950834-tonguedorsum1.snv.filtered.bam	0.143867821616	0.164698912528	0.175288490004	0.140546132519	0.163040652051	0.185706471663	0.15182473709	0.209323748219	0.143427668807	0.144042761394	0.251279307883	0.190005099079	0.21039028892	0.0	0.0356693954692	0.210392008495	0.211666012058	0.227821741837	0.23779487211	0.182045185444	0.212559558809	0.156182268673	0.111896548793	0.244577007405	0.19434788031	0.143499250254	0.215368332829	0.170160620812	0.167583473296	0.163969914575	0.16887549793	0.209786828979	0.206888644491	0.171950441142	0.148437469478	0.160621775681	0.226947043515	0.213766463664	0.226361627449	0.186793774219	0.270836440064	0.15830025363	0.203824711874	0.184875822115	0.180937887184	0.176848515996
675950834-tonguedorsum2.snv.filtered.bam	0.130645738639	0.157026827072	0.167737109014	0.130267689544	0.167220357523	0.182197442139	0.153745357627	0.217462451294	0.130993424051	0.132527725479	0.260493411697	0.185140397164	0.216387167983	0.0356693954692	0.0	0.206032441436	0.20764946055	0.226177718246	0.236619620243	0.175389265637	0.221581827607	0.157119040125	0.0893427051228	0.24300487526	0.195716982189	0.140101479665	0.218633454805	0.164233323458	0.162340413832	0.160459811561	0.164190932004	0.209507090607	0.205787201794	0.177926503034	0.153797781494	0.1589007197	0.229250628766	0.222100723383	0.234555015569	0.186034686822	0.271141128706	0.152766170968	0.207042692761	0.185400273278	0.179862491409	0.174497743973
737052003-tonguedorsum1.snv.filtered.bam	0.150966183575	0.198153090506	0.197713009606	0.153087958395	0.163644291889	0.152841169884	0.181176493272	0.241149622522	0.143202384082	0.143161203047	0.296778370224	0.142262921325	0.21508752875	0.210392008495	0.206032441436	0.0	0.0	0.196441194806	0.200953877907	0.186377119343	0.254949211959	0.186373867681	0.180815087259	0.275041552594	0.199399399399	0.157140878839	0.193815928487	0.153213622291	0.148697659083	0.197240268091	0.156976744186	0.165215845578	0.16081871345	0.139156079281	0.174303768129	0.159688462438	0.234801084772	0.156495547407	0.162684521956	0.209906482049	0.293163688472	0.152117678911	0.167329491587	0.159527194271	0.102951182272	0.0994830988721
737052003-tonguedorsum2.snv.filtered.bam	0.156310211946	0.207932088233	0.20765798396	0.154713508214	0.17059768618	0.159968712885	0.187249275971	0.247129449124	0.149008431289	0.149704782862	0.303006180564	0.142365854932	0.219624595058	0.211666012058	0.20764946055	0.0	0.0	0.201267373816	0.206052166013	0.191300678821	0.2636230825	0.188036651019	0.183503934246	0.27505524257	0.204067624476	0.164736814736	0.191372946452	0.159095975232	0.157133464826	0.204748646601	0.165217391304	0.167635509794	0.163265306122	0.14088854598	0.180136149413	0.167987605085	0.241770251492	0.162519643793	0.168104331626	0.218013935888	0.304027261126	0.155838075592	0.167002919161	0.161318260348	0.105551323772	0.102108512578
763536994-tonguedorsum1.snv.filtered.bam	0.236369767535	0.220801859595	0.222248145654	0.183022644627	0.190988026087	0.148903363941	0.237811097656	0.269546724937	0.169578775777	0.168492208756	0.284377805871	0.178075629349	0.266782986901	0.227821741837	0.226177718246	0.196441194806	0.201267373816	0.0	0.00797614561733	0.0588147138837	0.296438413883	0.217644805991	0.21990926042	0.279743936124	0.218421745463	0.189633945248	0.257722943169	0.18991283098	0.185889320481	0.213883977564	0.190024347989	0.227389077222	0.223216091992	0.184737727566	0.168415058196	0.119230523174	0.216094646419	0.21758921272	0.228653662268	0.139690487139	0.29327468124	0.207136459306	0.176414951301	0.173250857127	0.172966443335	0.166774436383
763536994-tonguedorsum2.snv.filtered.bam	0.242324946983	0.229561695365	0.230873841651	0.192062570722	0.198191404789	0.160327889718	0.246466692476	0.274597349679	0.179437093296	0.178395245508	0.291751446635	0.183379986182	0.272068743624	0.23779487211	0.236619620243	0.200953877907	0.206052166013	0.00797614561733	0.0	0.0632368341238	0.301391933356	0.220356217239	0.229447483398	0.288812184912	0.22249202893	0.197734021339	0.264735318959	0.195981795367	0.192106942619	0.222976997481	0.196003292324	0.233992488988	0.229874192501	0.193039920922	0.177112995312	0.1302231584	0.222706089271	0.221023288959	0.23149525904	0.149512159091	0.298096381603	0.21522808119	0.179711950523	0.17792107992	0.183778928669	0.177752528352
763536994-tonguedorsum3.snv.filtered.bam	0.199736698672	0.19520286537	0.199479868245	0.156457105864	0.18260106502	0.147412095593	0.195683405736	0.245184445107	0.13986715782	0.137802302579	0.255320787915	0.171456091534	0.252121920231	0.182045185444	0.175389265637	0.186377119343	0.191300678821	0.0588147138837	0.0632368341238	0.0	0.272075489705	0.19741614932	0.178345710678	0.256804102897	0.214891649946	0.157644415608	0.241891215889	0.177209384294	0.175623582267	0.184587605977	0.180338138554	0.224738996212	0.221220432574	0.16496025545	0.156427274076	0.128400367347	0.208920156579	0.210622865724	0.221995653717	0.149649328173	0.275327692345	0.180118586028	0.159269852699	0.148204726716	0.168672911075	0.163339608133
763577454-tonguedorsum1.snv.filtered.bam	0.246410236172	0.237555691413	0.238440644717	0.195285492473	0.228351079295	0.264076710671	0.194082108515	0.260025772755	0.233830081895	0.233045230997	0.308321522883	0.239131072298	0.216281156806	0.212559558809	0.221581827607	0.254949211959	0.2636230825	0.296438413883	0.301391933356	0.272075489705	0.0	0.184271724813	0.226641461144	0.315668810514	0.163912549814	0.222880196235	0.235541179629	0.238959838518	0.231868218088	0.132487494619	0.232409942177	0.259895446469	0.258210978006	0.238028893204	0.231953939582	0.231074052856	0.189386722874	0.24203011793	0.250849027753	0.258254162605	0.310411687144	0.240705089696	0.215762379469	0.212901596202	0.255975314239	0.249927740944
763901136-tonguedorsum2.snv.filtered.bam	0.184115673478	0.180489718708	0.183588735623	0.144544238554	0.15502646521	0.181787785312	0.176599856036	0.193011495068	0.163654259981	0.16558715994	0.277361727646	0.177926818492	0.175191393676	0.156182268673	0.157119040125	0.186373867681	0.188036651019	0.217644805991	0.220356217239	0.19741614932	0.184271724813	0.0	0.178371230013	0.2396949943	0.136001416417	0.161978848836	0.18059171438	0.162315776926	0.1568555161	0.158092724347	0.159487837694	0.160578836372	0.157987220201	0.170209611672	0.166001656099	0.177256179351	0.177486190495	0.195252252773	0.206208897146	0.204046007397	0.286195446708	0.12977025936	0.154351648335	0.150445769615	0.17738596917	0.172916443543
763982056-tonguedorsum3.snv.filtered.bam	0.0714586131939	0.158744255427	0.159713325115	0.110491353345	0.160006173515	0.199273167059	0.123122396771	0.251889165548	0.11848314343	0.119176772632	0.274747029081	0.169023276748	0.234548056414	0.111896548793	0.0893427051228	0.180815087259	0.183503934246	0.21990926042	0.229447483398	0.178345710678	0.226641461144	0.178371230013	0.0	0.268675386709	0.209437328951	0.128622556496	0.239697372028	0.145594467001	0.143564080137	0.16640813043	0.147815382319	0.21697274461	0.21319846374	0.172673401038	0.174664439746	0.153925878994	0.237109118796	0.228834303312	0.241443918806	0.2235706132	0.267582584648	0.150508194201	0.184703166784	0.170332356583	0.143082860928	0.137020222726
764083206-tonguedorsum1.snv.filtered.bam	0.248121296336	0.266190507451	0.272415136517	0.22954700196	0.238996062692	0.259232959474	0.264748342476	0.228803180471	0.238516645028	0.239565312884	0.183653213627	0.256975873094	0.24031982785	0.244577007405	0.24300487526	0.275041552594	0.27505524257	0.279743936124	0.288812184912	0.256804102897	0.315668810514	0.2396949943	0.268675386709	0.0	0.286809828268	0.226079379739	0.255863208306	0.255460867891	0.253775501628	0.268660193724	0.254575674712	0.262389634624	0.263846520158	0.230728865008	0.246523317091	0.25636900117	0.271044550269	0.244451316816	0.255837471723	0.269118264062	0.176628105437	0.250186919137	0.243559715101	0.233299307568	0.252437105325	0.24881367143
764143897-tonguedorsum1.snv.filtered.bam	0.193065047806	0.203590954492	0.204877599464	0.185529007161	0.185152443301	0.208386336936	0.202681021249	0.236697030562	0.197741739431	0.194836791993	0.302391584389	0.19683300022	0.13517057224	0.19434788031	0.195716982189	0.199399399399	0.204067624476	0.218421745463	0.22249202893	0.214891649946	0.163912549814	0.136001416417	0.209437328951	0.286809828268	0.0	0.177176121251	0.223519925654	0.184087116117	0.179355895485	0.138773463796	0.18117600359	0.167381342086	0.164882223264	0.198917311441	0.190047034159	0.222155149651	0.132436714533	0.209232022418	0.219713101837	0.19717443407	0.30998626164	0.172898366501	0.176802244999	0.171834165806	0.210559354283	0.205107531519
764224817-tonguedorsum1.snv.filtered.bam	0.139566979531	0.151898696363	0.154656943017	0.126284573466	0.143496014581	0.137373419926	0.14504174624	0.235447949342	0.11788858342	0.116521458321	0.220995054789	0.138188288557	0.209637878008	0.143499250254	0.140101479665	0.157140878839	0.164736814736	0.189633945248	0.197734021339	0.157644415608	0.222880196235	0.161978848836	0.128622556496	0.226079379739	0.177176121251	0.0	0.21137260358	0.140222913885	0.138104863613	0.157155751752	0.143199996286	0.188764015183	0.186846912398	0.140855722238	0.147370902169	0.173849692502	0.194799579099	0.208374652169	0.221884494322	0.168362959554	0.210557599169	0.141787169464	0.157669839259	0.13750895657	0.145028965112	0.13926261393
764285508-tonguedorsum2.snv.filtered.bam	0.215682464673	0.230652967812	0.23376224173	0.198611283315	0.187822937549	0.206970818568	0.223543131456	0.164138099197	0.18787217504	0.186158398738	0.26330885628	0.179160619336	0.14483305052	0.215368332829	0.218633454805	0.193815928487	0.191372946452	0.257722943169	0.264735318959	0.241891215889	0.235541179629	0.18059171438	0.239697372028	0.255863208306	0.223519925654	0.21137260358	0.0	0.191082618442	0.186221356342	0.198909596846	0.190939628349	0.174362158035	0.172670459744	0.194594503072	0.238583016017	0.237936707674	0.220252410007	0.112437378778	0.114443717162	0.234297841379	0.290101006525	0.179361658938	0.192397825751	0.184592276107	0.185633494625	0.182665506202
764325968-tonguedorsum1.snv.filtered.bam	0.1363467194	0.10585750265	0.102334474379	0.125266522351	0.0373390668307	0.169547637113	0.151694592898	0.240304180226	0.108721677224	0.109107533633	0.278374460706	0.147457310992	0.182320062049	0.170160620812	0.164233323458	0.153213622291	0.159095975232	0.18991283098	0.195981795367	0.177209384294	0.238959838518	0.162315776926	0.145594467001	0.255460867891	0.184087116117	0.140222913885	0.191082618442	0.0	0.000594002011832	0.169514818619	0.00314879417564	0.163961191321	0.160152998776	0.135897753903	0.10195759532	0.149201915371	0.205173197459	0.147555885405	0.162	0.175083713166	0.278207717578	0.140966027894	0.153192626285	0.132150011113	0.122713453988	0.116786845705
764325968-tonguedorsum2.snv.filtered.bam	0.137193152455	0.105743694394	0.1028525325	0.123458400259	0.0369480160782	0.167331353864	0.149556098971	0.235278162606	0.107175857274	0.107088290926	0.276918634852	0.145843093822	0.180526805236	0.167583473296	0.162340413832	0.148697659083	0.157133464826	0.185889320481	0.192106942619	0.175623582267	0.231868218088	0.1568555161	0.143564080137	0.253775501628	0.179355895485	0.138104863613	0.186221356342	0.000594002011832	0.0	0.161753620353	0.00322997416021	0.162101137428	0.158219623132	0.13336113341	0.104028171395	0.147073826158	0.199546631599	0.145482143118	0.160054673172	0.173215804759	0.276396832681	0.138908414918	0.149524597559	0.12948934527	0.120573647128	0.114599866827
764366428-tonguedorsum2.snv.filtered.bam	0.173524549299	0.163032127893	0.167184856758	0.163711016741	0.179596774637	0.205153732517	0.144788652235	0.223090873853	0.17479023902	0.174374213384	0.289640583881	0.17623299461	0.189110633716	0.163969914575	0.160459811561	0.197240268091	0.204748646601	0.213883977564	0.222976997481	0.184587605977	0.132487494619	0.158092724347	0.16640813043	0.268660193724	0.138773463796	0.157155751752	0.198909596846	0.169514818619	0.161753620353	0.0	0.175992159273	0.233043964465	0.22919000782	0.185549492939	0.185345732133	0.197997057189	0.154887412155	0.195833539854	0.207913312037	0.204216288144	0.288366804735	0.194109208577	0.198595802757	0.180762814692	0.200337595395	0.193946292302
764487809-tonguedorsum2.snv.filtered.bam	0.139838556505	0.113627529733	0.111750748805	0.127951044307	0.0340036584352	0.172601326552	0.157024616147	0.244329148515	0.109837638983	0.111240259888	0.284450629184	0.145764649218	0.188006011083	0.16887549793	0.164190932004	0.156976744186	0.165217391304	0.190024347989	0.196003292324	0.180338138554	0.232409942177	0.159487837694	0.147815382319	0.254575674712	0.18117600359	0.143199996286	0.190939628349	0.00314879417564	0.00322997416021	0.175992159273	0.0	0.161361654183	0.157593123209	0.133633471356	0.103620831776	0.146391017538	0.206079846179	0.148057627991	0.16258733791	0.177951529583	0.286975587113	0.138667867323	0.155636412399	0.133095846718	0.117852488606	0.111982932217
764811490-tonguedorsum1.snv.filtered.bam	0.233060708259	0.189260625066	0.188442100352	0.189038298301	0.167040076384	0.171477832406	0.215422240599	0.215996543537	0.130140396348	0.129176709947	0.296848404149	0.154158877512	0.177178255518	0.209786828979	0.209507090607	0.165215845578	0.167635509794	0.227389077222	0.233992488988	0.224738996212	0.259895446469	0.160578836372	0.21697274461	0.262389634624	0.167381342086	0.188764015183	0.174362158035	0.163961191321	0.162101137428	0.233043964465	0.161361654183	0.0	0.00132587474664	0.154412478091	0.169416888137	0.171398626481	0.151220638313	0.200284069595	0.202411957574	0.199814755201	0.297241091612	0.0587101137891	0.170681009099	0.16891762621	0.131597307985	0.128699715908
764811490-tonguedorsum2.snv.filtered.bam	0.229465138491	0.185672906325	0.184908839042	0.185160623691	0.163627411082	0.169415939844	0.213084208774	0.215800406086	0.125966983569	0.124997790388	0.298849752998	0.15294159872	0.174756761863	0.206888644491	0.205787201794	0.16081871345	0.163265306122	0.223216091992	0.229874192501	0.221220432574	0.258210978006	0.157987220201	0.21319846374	0.263846520158	0.164882223264	0.186846912398	0.172670459744	0.160152998776	0.158219623132	0.22919000782	0.157593123209	0.00132587474664	0.0	0.15183102301	0.165290339489	0.166612122693	0.15107918037	0.196299171843	0.198520791775	0.198299753717	0.29917407461	0.0562959488475	0.168624916805	0.165784018955	0.126927432851	0.123986224249
765013792-tonguedorsum1.snv.filtered.bam	0.173830397162	0.168230671756	0.173795860566	0.133613999715	0.123527976467	0.134702419896	0.152692245391	0.190751396886	0.120471900504	0.121994721374	0.26154005103	0.133476553101	0.216082435285	0.171950441142	0.177926503034	0.139156079281	0.14088854598	0.184737727566	0.193039920922	0.16496025545	0.238028893204	0.170209611672	0.172673401038	0.230728865008	0.198917311441	0.140855722238	0.194594503072	0.135897753903	0.13336113341	0.185549492939	0.133633471356	0.154412478091	0.15183102301	0.0	0.14410206939	0.145747970902	0.196369994206	0.164263639571	0.174518800291	0.171804426476	0.277437331215	0.133313825184	0.141330393732	0.118945911061	0.0968445169452	0.0954205300537
765013792-tonguedorsum2.snv.filtered.bam	0.176119083523	0.134563683382	0.141861061599	0.121446845717	0.106383604067	0.157397813358	0.166839649039	0.25238434982	0.132662467239	0.135375396648	0.272008651585	0.175812322918	0.192555060383	0.148437469478	0.153797781494	0.174303768129	0.180136149413	0.168415058196	0.177112995312	0.156427274076	0.231953939582	0.166001656099	0.174664439746	0.246523317091	0.190047034159	0.147370902169	0.238583016017	0.10195759532	0.104028171395	0.185345732133	0.103620831776	0.169416888137	0.165290339489	0.14410206939	0.0	0.0998931019703	0.221407445491	0.185851498281	0.199270370166	0.161389647564	0.278738836181	0.150635838162	0.174391791951	0.154385801679	0.15192980876	0.14642619023
765013792-tonguedorsum3.snv.filtered.bam	0.201607819706	0.175370154518	0.178139910361	0.109304457097	0.152078745536	0.145017135063	0.194096811437	0.231812489354	0.124586713614	0.125297265702	0.276857111517	0.163573436266	0.240793694806	0.160621775681	0.1589007197	0.159688462438	0.167987605085	0.119230523174	0.1302231584	0.128400367347	0.231074052856	0.177256179351	0.153925878994	0.25636900117	0.222155149651	0.173849692502	0.237936707674	0.149201915371	0.147073826158	0.197997057189	0.146391017538	0.171398626481	0.166612122693	0.145747970902	0.0998931019703	0.0	0.229872216214	0.159658884764	0.172208578044	0.155481403991	0.283865762692	0.152664409977	0.190531408564	0.163494982794	0.129484410387	0.12544500413
765074482-tonguedorsum3.snv.filtered.bam	0.24359399414	0.227981700189	0.230074471611	0.209636026364	0.203627378095	0.214004376789	0.18840101982	0.213795527644	0.19361385993	0.190175003483	0.26895809688	0.188663513562	0.178124646063	0.226947043515	0.229250628766	0.234801084772	0.241770251492	0.216094646419	0.222706089271	0.208920156579	0.189386722874	0.177486190495	0.237109118796	0.271044550269	0.132436714533	0.194799579099	0.220252410007	0.205173197459	0.199546631599	0.154887412155	0.206079846179	0.151220638313	0.15107918037	0.196369994206	0.221407445491	0.229872216214	0.0	0.232586805594	0.243399001347	0.190655973229	0.268199035344	0.168684572526	0.205499230487	0.189830394951	0.227164269034	0.221585394204
765094712-tonguedorsum1.snv.filtered.bam	0.195641454421	0.21624485026	0.21764520924	0.191990944583	0.156300086066	0.212195315248	0.196877829446	0.175710755825	0.171620846656	0.170850287585	0.254413893358	0.158243155716	0.127149246431	0.213766463664	0.222100723383	0.156495547407	0.162519643793	0.21758921272	0.221023288959	0.210622865724	0.24203011793	0.195252252773	0.228834303312	0.244451316816	0.209232022418	0.208374652169	0.112437378778	0.147555885405	0.145482143118	0.195833539854	0.148057627991	0.200284069595	0.196299171843	0.164263639571	0.185851498281	0.159658884764	0.232586805594	0.0	0.000401503952261	0.21415851772	0.278208527796	0.191189149318	0.171040007502	0.154637946449	0.137266079218	0.137019538937
765094712-tonguedorsum2.snv.filtered.bam	0.208668700737	0.229025919551	0.230233362889	0.203408295747	0.170492742715	0.221224943876	0.209852883037	0.184076623476	0.183248218186	0.182098016981	0.263413373607	0.163679893381	0.133102421606	0.226361627449	0.234555015569	0.162684521956	0.168104331626	0.228653662268	0.23149525904	0.221995653717	0.250849027753	0.206208897146	0.241443918806	0.255837471723	0.219713101837	0.221884494322	0.114443717162	0.162	0.160054673172	0.207913312037	0.16258733791	0.202411957574	0.198520791775	0.174518800291	0.199270370166	0.172208578044	0.243399001347	0.000401503952261	0.0	0.227214307135	0.286590181055	0.199231109075	0.179253244109	0.165868953166	0.146650853958	0.146281851086
765337473-tonguedorsum1.snv.filtered.bam	0.221185737042	0.183263037273	0.189270533786	0.197566787316	0.179176286313	0.109238502078	0.22223363568	0.238665873888	0.160741981518	0.158604500023	0.275255276015	0.182189796046	0.224939936558	0.186793774219	0.186034686822	0.209906482049	0.218013935888	0.139690487139	0.149512159091	0.149649328173	0.258254162605	0.204046007397	0.2235706132	0.269118264062	0.19717443407	0.168362959554	0.234297841379	0.175083713166	0.173215804759	0.204216288144	0.177951529583	0.199814755201	0.198299753717	0.171804426476	0.161389647564	0.155481403991	0.190655973229	0.21415851772	0.227214307135	0.0	0.268056898222	0.193344832478	0.209646279961	0.186266200492	0.18095124704	0.175073133104
765701615-tonguedorsum2.snv.filtered.bam	0.261323515612	0.264134261045	0.26302607025	0.245002772845	0.273343049392	0.27772426153	0.263602341221	0.291412369268	0.25213402603	0.253531262784	0.114200923969	0.269002276084	0.263633810073	0.270836440064	0.271141128706	0.293163688472	0.304027261126	0.29327468124	0.298096381603	0.275327692345	0.310411687144	0.286195446708	0.267582584648	0.176628105437	0.30998626164	0.210557599169	0.290101006525	0.278207717578	0.276396832681	0.288366804735	0.286975587113	0.297241091612	0.29917407461	0.277437331215	0.278738836181	0.283865762692	0.268199035344	0.278208527796	0.286590181055	0.268056898222	0.0	0.280043922292	0.283736341845	0.266617867863	0.284795341123	0.279285357675
823052294-tonguedorsum1.snv.filtered.bam	0.177679879767	0.161571734292	0.163970363387	0.144844374241	0.142647273953	0.155504969051	0.160204985568	0.211163310432	0.0792042323933	0.0793951200095	0.26873792775	0.138367640689	0.192736382442	0.15830025363	0.152766170968	0.152117678911	0.155838075592	0.207136459306	0.21522808119	0.180118586028	0.240705089696	0.12977025936	0.150508194201	0.250186919137	0.172898366501	0.141787169464	0.179361658938	0.140966027894	0.138908414918	0.194109208577	0.138667867323	0.0587101137891	0.0562959488475	0.133313825184	0.150635838162	0.152664409977	0.168684572526	0.191189149318	0.199231109075	0.193344832478	0.280043922292	0.0	0.143992796008	0.13805322246	0.113177432391	0.109961090803
857980665-tonguedorsum2.snv.filtered.bam	0.182677502545	0.176174528033	0.177390011709	0.154296780017	0.1544209971	0.18318662172	0.171933485114	0.236083240581	0.147493008107	0.146741478762	0.274953224124	0.161457652211	0.199810673136	0.203824711874	0.207042692761	0.167329491587	0.167002919161	0.176414951301	0.179711950523	0.159269852699	0.215762379469	0.154351648335	0.184703166784	0.243559715101	0.176802244999	0.157669839259	0.192397825751	0.153192626285	0.149524597559	0.198595802757	0.155636412399	0.170681009099	0.168624916805	0.141330393732	0.174391791951	0.190531408564	0.205499230487	0.171040007502	0.179253244109	0.209646279961	0.283736341845	0.143992796008	0.0	0.0571840794359	0.138843351508	0.136578880961
857980665-tonguedorsum3.snv.filtered.bam	0.165557397362	0.162540124745	0.16390627212	0.138940963133	0.133858129468	0.169787079908	0.155320189609	0.218932689076	0.1232752253	0.120989191133	0.255207600475	0.15001901288	0.188493579805	0.184875822115	0.185400273278	0.159527194271	0.161318260348	0.173250857127	0.17792107992	0.148204726716	0.212901596202	0.150445769615	0.170332356583	0.233299307568	0.171834165806	0.13750895657	0.184592276107	0.132150011113	0.12948934527	0.180762814692	0.133095846718	0.16891762621	0.165784018955	0.118945911061	0.154385801679	0.163494982794	0.189830394951	0.154637946449	0.165868953166	0.186266200492	0.266617867863	0.13805322246	0.0571840794359	0.0	0.129549166523	0.124288200364
861967750-tonguedorsum1.snv.filtered.bam	0.166749413144	0.16927663056	0.168088380154	0.136140865717	0.125974280169	0.128806210879	0.165275293253	0.23791601827	0.100859354662	0.102643271283	0.279551395703	0.116203141166	0.223274535855	0.180937887184	0.179862491409	0.102951182272	0.105551323772	0.172966443335	0.183778928669	0.168672911075	0.255975314239	0.17738596917	0.143082860928	0.252437105325	0.210559354283	0.145028965112	0.185633494625	0.122713453988	0.120573647128	0.200337595395	0.117852488606	0.131597307985	0.126927432851	0.0968445169452	0.15192980876	0.129484410387	0.227164269034	0.137266079218	0.146650853958	0.18095124704	0.284795341123	0.113177432391	0.138843351508	0.129549166523	0.0	0.00220117533305
861967750-tonguedorsum2.snv.filtered.bam	0.160763762601	0.164017313661	0.16282223423	0.129596439874	0.122236775623	0.124109158263	0.15998554185	0.236010668832	0.0946394274824	0.0964335379123	0.27503688504	0.112135951456	0.21797178577	0.176848515996	0.174497743973	0.0994830988721	0.102108512578	0.166774436383	0.177752528352	0.163339608133	0.249927740944	0.172916443543	0.137020222726	0.24881367143	0.205107531519	0.13926261393	0.182665506202	0.116786845705	0.114599866827	0.193946292302	0.111982932217	0.128699715908	0.123986224249	0.0954205300537	0.14642619023	0.12544500413	0.221585394204	0.137019538937	0.146281851086	0.175073133104	0.279285357675	0.109961090803	0.136578880961	0.124288200364	0.00220117533305	0.0
