	158883629-tonguedorsum3.snv.filtered.bam	158944319-tonguedorsum2.snv.filtered.bam	159551223-tonguedorsum2.snv.filtered.bam	160178356-tonguedorsum1.snv.filtered.bam	160502038-tonguedorsum3.snv.filtered.bam	160603188-tonguedorsum2.snv.filtered.bam	338793263-tonguedorsum2.snv.filtered.bam	508703490-tonguedorsum2.snv.filtered.bam	550534656-tonguedorsum1.snv.filtered.bam	550534656-tonguedorsum2.snv.filtered.bam	550534656-tonguedorsum3.snv.filtered.bam	663835652-tonguedorsum2.snv.filtered.bam	663835652-tonguedorsum3.snv.filtered.bam	686765762-tonguedorsum2.snv.filtered.bam	686765762-tonguedorsum3.snv.filtered.bam	763901136-tonguedorsum3.snv.filtered.bam	763961826-tonguedorsum1.snv.filtered.bam	763982056-tonguedorsum3.snv.filtered.bam	764143897-tonguedorsum1.snv.filtered.bam	764143897-tonguedorsum2.snv.filtered.bam	764366428-tonguedorsum2.snv.filtered.bam	764447348-tonguedorsum1.snv.filtered.bam	764811490-tonguedorsum2.snv.filtered.bam	823052294-tonguedorsum1.snv.filtered.bam	861967750-tonguedorsum2.snv.filtered.bam
158883629-tonguedorsum3.snv.filtered.bam	0.0	0.111659784096	0.126376814219	0.123257711313	0.12433404759	0.105389439845	0.125651358146	0.122581440404	0.111437561076	0.11813843982	0.113933259439	0.142534135103	0.128487783735	0.131378954879	0.134548406936	0.104412902247	0.127537259686	0.108039525671	0.123826733589	0.121888791802	0.136463151227	0.144800731108	0.132289122233	0.118410511978	0.134977067906
158944319-tonguedorsum2.snv.filtered.bam	0.111659784096	0.0	0.125407765835	0.123302542393	0.118462946183	0.110442593621	0.120980188125	0.129331877447	0.126809338566	0.134936902812	0.130735468625	0.136084298464	0.120245614133	0.141339391473	0.146864175747	0.10419482522	0.130227544417	0.117583886038	0.124653265295	0.122978917158	0.126612871118	0.141137555022	0.129579777141	0.114542546793	0.13029965175
159551223-tonguedorsum2.snv.filtered.bam	0.126376814219	0.125407765835	0.0	0.133424912029	0.125885131489	0.12019232119	0.122680364497	0.132442729783	0.139409375819	0.147417969268	0.138117554483	0.148913250175	0.149795142956	0.149246357497	0.151073279322	0.12556223711	0.159887409249	0.145511821134	0.143315294907	0.134167554678	0.157362747286	0.141200428167	0.148954499754	0.126487932183	0.14177737223
160178356-tonguedorsum1.snv.filtered.bam	0.123257711313	0.123302542393	0.133424912029	0.0	0.118474557395	0.114333771418	0.135938036587	0.151144331012	0.111367727257	0.120159869527	0.113311075539	0.161363796886	0.149700131242	0.13114819185	0.140163317508	0.0946614508033	0.115480989459	0.110598127388	0.112145397779	0.112305568289	0.15642480976	0.122374364095	0.119850976588	0.112926037482	0.155106022653
160502038-tonguedorsum3.snv.filtered.bam	0.12433404759	0.118462946183	0.125885131489	0.118474557395	0.0	0.111994060695	0.116177844502	0.144920375764	0.118448621545	0.125705811194	0.118978365575	0.158396753579	0.137011106322	0.147647318753	0.154890247936	0.114666174068	0.117036841752	0.124745447902	0.10739243013	0.103459201074	0.150138866711	0.138628351308	0.12569842259	0.111610144408	0.135449788328
160603188-tonguedorsum2.snv.filtered.bam	0.105389439845	0.110442593621	0.12019232119	0.114333771418	0.111994060695	0.0	0.119667322003	0.134436277006	0.128289226761	0.135817567456	0.127933057624	0.138143093583	0.134473998149	0.137589775801	0.14397339935	0.0955076690437	0.132505082687	0.118543379817	0.120926531277	0.116919007546	0.146443218083	0.137421514739	0.129232410984	0.109375086221	0.134580538688
338793263-tonguedorsum2.snv.filtered.bam	0.125651358146	0.120980188125	0.122680364497	0.135938036587	0.116177844502	0.119667322003	0.0	0.137528929315	0.12920331564	0.138941065538	0.13179379255	0.161480648155	0.134718856153	0.15251078066	0.156827410199	0.12239403787	0.14891510433	0.137130886115	0.12336642067	0.120663637251	0.148707492871	0.141296482866	0.140288495139	0.115682005794	0.140812500142
508703490-tonguedorsum2.snv.filtered.bam	0.122581440404	0.129331877447	0.132442729783	0.151144331012	0.144920375764	0.134436277006	0.137528929315	0.0	0.143116219479	0.151747404351	0.145093813192	0.160326276288	0.13146470218	0.155733781642	0.162140338815	0.132624026327	0.146445649422	0.141400193798	0.145291286922	0.141957359654	0.149379901045	0.135123052737	0.12574712237	0.120490529057	0.15007878304
550534656-tonguedorsum1.snv.filtered.bam	0.111437561076	0.126809338566	0.139409375819	0.111367727257	0.118448621545	0.128289226761	0.12920331564	0.143116219479	0.0	0.0158563923755	0.0121660781757	0.144770723415	0.129720194743	0.138003423497	0.144316158597	0.106150647971	0.114130118262	0.0794517893435	0.119533054827	0.118956286396	0.136993101472	0.121672444565	0.111748033165	0.104814048358	0.1383707179
550534656-tonguedorsum2.snv.filtered.bam	0.11813843982	0.134936902812	0.147417969268	0.120159869527	0.125705811194	0.135817567456	0.138941065538	0.151747404351	0.0158563923755	0.0	0.0180472872017	0.146463705015	0.133419834025	0.148326516464	0.15310436486	0.11169031277	0.123700388964	0.0772393465438	0.127218324395	0.125609791602	0.144082158055	0.12756733493	0.124251070189	0.108602697187	0.144296418161
550534656-tonguedorsum3.snv.filtered.bam	0.113933259439	0.130735468625	0.138117554483	0.113311075539	0.118978365575	0.127933057624	0.13179379255	0.145093813192	0.0121660781757	0.0180472872017	0.0	0.142229032324	0.130796210315	0.138806318602	0.144477349346	0.106761976528	0.115411722995	0.0821350937178	0.120401215046	0.118249248046	0.139434523063	0.121452112757	0.116669647661	0.104184153119	0.137519988941
663835652-tonguedorsum2.snv.filtered.bam	0.142534135103	0.136084298464	0.148913250175	0.161363796886	0.158396753579	0.138143093583	0.161480648155	0.160326276288	0.144770723415	0.146463705015	0.142229032324	0.0	0.155155162964	0.14588077407	0.147059794876	0.14169122012	0.157656589799	0.135644468961	0.166816949703	0.165753726535	0.165191490544	0.149276824309	0.163085547766	0.131315539544	0.141754422866
663835652-tonguedorsum3.snv.filtered.bam	0.128487783735	0.120245614133	0.149795142956	0.149700131242	0.137011106322	0.134473998149	0.134718856153	0.13146470218	0.129720194743	0.133419834025	0.130796210315	0.155155162964	0.0	0.15281751387	0.164191039598	0.136021083896	0.152327514966	0.130266805267	0.142294582972	0.138801699372	0.123490731406	0.127746690323	0.120562815085	0.111638996785	0.142296577486
686765762-tonguedorsum2.snv.filtered.bam	0.131378954879	0.141339391473	0.149246357497	0.13114819185	0.147647318753	0.137589775801	0.15251078066	0.155733781642	0.138003423497	0.148326516464	0.138806318602	0.14588077407	0.15281751387	0.0	0.000213209529574	0.118109866366	0.151090823248	0.133622892182	0.15856604807	0.154954106551	0.160072644599	0.146065102579	0.150407941725	0.139422555392	0.133520980758
686765762-tonguedorsum3.snv.filtered.bam	0.134548406936	0.146864175747	0.151073279322	0.140163317508	0.154890247936	0.14397339935	0.156827410199	0.162140338815	0.144316158597	0.15310436486	0.144477349346	0.147059794876	0.164191039598	0.000213209529574	0.0	0.123935802703	0.159040845307	0.137959532343	0.163585708701	0.160888304113	0.168576470928	0.154094008881	0.157513383176	0.147942822783	0.1337563608
763901136-tonguedorsum3.snv.filtered.bam	0.104412902247	0.10419482522	0.12556223711	0.0946614508033	0.114666174068	0.0955076690437	0.12239403787	0.132624026327	0.106150647971	0.11169031277	0.106761976528	0.14169122012	0.136021083896	0.118109866366	0.123935802703	0.0	0.0941122909613	0.0924294338391	0.0983459461301	0.0938931986651	0.152226895515	0.119493285055	0.104911686345	0.105997845901	0.132391034914
763961826-tonguedorsum1.snv.filtered.bam	0.127537259686	0.130227544417	0.159887409249	0.115480989459	0.117036841752	0.132505082687	0.14891510433	0.146445649422	0.114130118262	0.123700388964	0.115411722995	0.157656589799	0.152327514966	0.151090823248	0.159040845307	0.0941122909613	0.0	0.11505923258	0.112924741601	0.111567267269	0.163143429556	0.119774283024	0.114309382693	0.128842103927	0.151180019847
763982056-tonguedorsum3.snv.filtered.bam	0.108039525671	0.117583886038	0.145511821134	0.110598127388	0.124745447902	0.118543379817	0.137130886115	0.141400193798	0.0794517893435	0.0772393465438	0.0821350937178	0.135644468961	0.130266805267	0.133622892182	0.137959532343	0.0924294338391	0.11505923258	0.0	0.101071561034	0.0984622363531	0.147189830223	0.108886107635	0.120753820101	0.108876098538	0.145293964542
764143897-tonguedorsum1.snv.filtered.bam	0.123826733589	0.124653265295	0.143315294907	0.112145397779	0.10739243013	0.120926531277	0.12336642067	0.145291286922	0.119533054827	0.127218324395	0.120401215046	0.166816949703	0.142294582972	0.15856604807	0.163585708701	0.0983459461301	0.112924741601	0.101071561034	0.0	0.0185334125095	0.152910057561	0.105280053976	0.11810215182	0.111151385912	0.148634012856
764143897-tonguedorsum2.snv.filtered.bam	0.121888791802	0.122978917158	0.134167554678	0.112305568289	0.103459201074	0.116919007546	0.120663637251	0.141957359654	0.118956286396	0.125609791602	0.118249248046	0.165753726535	0.138801699372	0.154954106551	0.160888304113	0.0938931986651	0.111567267269	0.0984622363531	0.0185334125095	0.0	0.152516016863	0.108470841812	0.115593575293	0.108235074642	0.149894643595
764366428-tonguedorsum2.snv.filtered.bam	0.136463151227	0.126612871118	0.157362747286	0.15642480976	0.150138866711	0.146443218083	0.148707492871	0.149379901045	0.136993101472	0.144082158055	0.139434523063	0.165191490544	0.123490731406	0.160072644599	0.168576470928	0.152226895515	0.163143429556	0.147189830223	0.152910057561	0.152516016863	0.0	0.147282049892	0.1316161876	0.124443340854	0.141029817387
764447348-tonguedorsum1.snv.filtered.bam	0.144800731108	0.141137555022	0.141200428167	0.122374364095	0.138628351308	0.137421514739	0.141296482866	0.135123052737	0.121672444565	0.12756733493	0.121452112757	0.149276824309	0.127746690323	0.146065102579	0.154094008881	0.119493285055	0.119774283024	0.108886107635	0.105280053976	0.108470841812	0.147282049892	0.0	0.115145630462	0.102991552223	0.153770081701
764811490-tonguedorsum2.snv.filtered.bam	0.132289122233	0.129579777141	0.148954499754	0.119850976588	0.12569842259	0.129232410984	0.140288495139	0.12574712237	0.111748033165	0.124251070189	0.116669647661	0.163085547766	0.120562815085	0.150407941725	0.157513383176	0.104911686345	0.114309382693	0.120753820101	0.11810215182	0.115593575293	0.1316161876	0.115145630462	0.0	0.110149909952	0.15754629879
823052294-tonguedorsum1.snv.filtered.bam	0.118410511978	0.114542546793	0.126487932183	0.112926037482	0.111610144408	0.109375086221	0.115682005794	0.120490529057	0.104814048358	0.108602697187	0.104184153119	0.131315539544	0.111638996785	0.139422555392	0.147942822783	0.105997845901	0.128842103927	0.108876098538	0.111151385912	0.108235074642	0.124443340854	0.102991552223	0.110149909952	0.0	0.130615517072
861967750-tonguedorsum2.snv.filtered.bam	0.134977067906	0.13029965175	0.14177737223	0.155106022653	0.135449788328	0.134580538688	0.140812500142	0.15007878304	0.1383707179	0.144296418161	0.137519988941	0.141754422866	0.142296577486	0.133520980758	0.1337563608	0.132391034914	0.151180019847	0.145293964542	0.148634012856	0.149894643595	0.141029817387	0.153770081701	0.15754629879	0.130615517072	0.0
