	147406386-supragingivalplaque3.snv.filtered.bam	158479027-supragingivalplaque1.snv.filtered.bam	158479027-supragingivalplaque2.snv.filtered.bam	158499257-supragingivalplaque1.snv.filtered.bam	158499257-supragingivalplaque2.snv.filtered.bam	159268001-supragingivalplaque1.snv.filtered.bam	159268001-supragingivalplaque2.snv.filtered.bam	159369152-supragingivalplaque1.snv.filtered.bam	159510762-supragingivalplaque2.snv.filtered.bam	159510762-tonguedorsum3.snv.filtered.bam	159551223-supragingivalplaque1.snv.filtered.bam	159551223-supragingivalplaque2.snv.filtered.bam	159591683-supragingivalplaque1.snv.filtered.bam	159591683-supragingivalplaque2.snv.filtered.bam	159611913-supragingivalplaque2.snv.filtered.bam	160158126-supragingivalplaque1.snv.filtered.bam	160158126-supragingivalplaque2.snv.filtered.bam	160319967-supragingivalplaque3.snv.filtered.bam	160421117-supragingivalplaque1.snv.filtered.bam	160421117-supragingivalplaque2.snv.filtered.bam	160421117-supragingivalplaque3.snv.filtered.bam	160582958-supragingivalplaque1.snv.filtered.bam	160582958-supragingivalplaque2.snv.filtered.bam	246515023-supragingivalplaque2.snv.filtered.bam	508703490-supragingivalplaque2.snv.filtered.bam	550534656-supragingivalplaque3.snv.filtered.bam	604812005-supragingivalplaque2.snv.filtered.bam	675950834-supragingivalplaque3.snv.filtered.bam	706846339-supragingivalplaque1.snv.filtered.bam	706846339-supragingivalplaque2.snv.filtered.bam	737052003-supragingivalplaque2.snv.filtered.bam	763496533-supragingivalplaque2.snv.filtered.bam	763840445-supragingivalplaque2.snv.filtered.bam	763901136-supragingivalplaque1.snv.filtered.bam	763901136-supragingivalplaque2.snv.filtered.bam	763901136-supragingivalplaque3.snv.filtered.bam	763961826-subgingivalplaque2.snv.filtered.bam	763961826-supragingivalplaque2.snv.filtered.bam	764285508-supragingivalplaque2.snv.filtered.bam	764325968-supragingivalplaque2.snv.filtered.bam	764366428-subgingivalplaque3.snv.filtered.bam	764508039-supragingivalplaque3.snv.filtered.bam	765013792-supragingivalplaque1.snv.filtered.bam	765013792-supragingivalplaque2.snv.filtered.bam	765013792-supragingivalplaque3.snv.filtered.bam	765094712-supragingivalplaque2.snv.filtered.bam	765094712-supragingivalplaque3.snv.filtered.bam	765701615-supragingivalplaque2.snv.filtered.bam	809635352-supragingivalplaque1.snv.filtered.bam	809635352-supragingivalplaque2.snv.filtered.bam	861967750-supragingivalplaque1.snv.filtered.bam	861967750-supragingivalplaque2.snv.filtered.bam
147406386-supragingivalplaque3.snv.filtered.bam	0.0	0.216185351685	0.215537606517	0.175636699813	0.178216450133	0.237173300772	0.22020189754	0.202072094721	0.224113752	0.221673046364	0.22787911934	0.233602456549	0.245833618692	0.231584241149	0.234057304861	0.210500702119	0.211882153515	0.220465303753	0.219588030601	0.22253131797	0.202675750995	0.198198153486	0.193429392007	0.218047722658	0.147814929941	0.198109686572	0.181419222639	0.205887672672	0.215136296789	0.215956941858	0.225004552098	0.21460480477	0.213789776482	0.223110306768	0.220384290166	0.218157049715	0.199629257897	0.20571358155	0.163304369312	0.192597873493	0.19066054903	0.234729556075	0.212979773156	0.202398391009	0.209647999405	0.199078704729	0.228214102375	0.19764764053	0.21216036416	0.21550283069	0.240034265982	0.226243409776
158479027-supragingivalplaque1.snv.filtered.bam	0.216185351685	0.0	0.000691373996934	0.236833991147	0.239099393238	0.251354123649	0.231235023266	0.212225884915	0.248251330281	0.243595376717	0.249120617674	0.251303282784	0.27596348712	0.263215060846	0.238838824825	0.229955980697	0.231049938507	0.216352924256	0.241437559079	0.243688667896	0.235803388144	0.227056920176	0.226999814947	0.227672471817	0.20139336782	0.254765826428	0.244255276731	0.227953905001	0.2282323569	0.230217556046	0.251993483894	0.23161206029	0.083665508383	0.251195083705	0.248824494775	0.248797912517	0.211083745576	0.213368490362	0.210112326794	0.242505545593	0.223113432661	0.246596739164	0.208754752737	0.214721715487	0.235636955771	0.222510705578	0.248216456123	0.247533684955	0.000629012884864	0.000897028931882	0.230839904068	0.226570595712
158479027-supragingivalplaque2.snv.filtered.bam	0.215537606517	0.000691373996934	0.0	0.236289104168	0.238555568836	0.25067599038	0.230574449628	0.211640030905	0.247700189717	0.24305012892	0.248652488293	0.250830077438	0.275327722927	0.262494726528	0.238181350714	0.229117928517	0.230213240157	0.215875722094	0.2407202351	0.243065150677	0.235162520108	0.226598517902	0.226622409766	0.227314013925	0.201042432527	0.25475475141	0.243569887775	0.227784360107	0.230053800314	0.232013262996	0.251215946921	0.231063730042	0.0832424384038	0.250621933281	0.248251526992	0.248225006987	0.212678397514	0.214973365747	0.209571450664	0.241999862532	0.222573074652	0.246162235093	0.208446769397	0.214498167567	0.235364992943	0.222058319462	0.2478034881	0.246836102048	0.000282983108198	0.000551326441522	0.230316067808	0.226039393107
158499257-supragingivalplaque1.snv.filtered.bam	0.175636699813	0.236833991147	0.236289104168	0.0	0.000572427316469	0.246615652207	0.228630859313	0.221140785258	0.25235076422	0.250345777197	0.255242240386	0.261339883843	0.269500560368	0.25623249504	0.246014644663	0.17523141781	0.176836939622	0.223191662387	0.227066698557	0.229653056118	0.21325392792	0.202117415753	0.198158294054	0.227387690916	0.186152979257	0.233680477999	0.222716859764	0.237480503565	0.173541583865	0.176110067163	0.195862969549	0.224214773533	0.216111444522	0.223434349397	0.22011336772	0.218238460909	0.211820953437	0.212647117619	0.111878033981	0.20509731461	0.171059293429	0.258198869418	0.238637862235	0.232097003587	0.23907556054	0.176536139658	0.183994277731	0.205584716738	0.231457388816	0.234530125345	0.206733514235	0.199250718868
158499257-supragingivalplaque2.snv.filtered.bam	0.178216450133	0.239099393238	0.238555568836	0.000572427316469	0.0	0.248120274214	0.230423131278	0.22491125572	0.252127569454	0.250139715048	0.256905059386	0.263044036115	0.268442570482	0.255334051278	0.250064792029	0.175286510792	0.177059154011	0.225194151874	0.229058215992	0.231577758907	0.215604226428	0.206772616242	0.203013663888	0.22911939299	0.188696254552	0.235649736483	0.222397414863	0.242058218819	0.176197709418	0.178705582404	0.195863988963	0.226259209289	0.218339115762	0.224996970065	0.222245001875	0.219876561496	0.214621162452	0.214851170791	0.113539617906	0.20776446574	0.17596587866	0.25724892974	0.238484135602	0.232096263076	0.239020165478	0.178486791931	0.185018666609	0.206053499128	0.233801480668	0.236780069225	0.209435789596	0.202133873632
159268001-supragingivalplaque1.snv.filtered.bam	0.237173300772	0.251354123649	0.25067599038	0.246615652207	0.248120274214	0.0	0.000186739493255	0.225417039164	0.217193144847	0.219683060194	0.258099676555	0.261378629373	0.239005523767	0.229695299431	0.303781544248	0.234471064028	0.23555461805	0.209040948278	0.203279569772	0.206566296896	0.20635989285	0.193377873154	0.198848852216	0.17844240364	0.227420420349	0.284002340585	0.24206126875	0.2525272388	0.254137602892	0.253581392108	0.256758407713	0.226969083329	0.238242786672	0.237380527332	0.234838550201	0.232632222805	0.247105130427	0.24839964782	0.20533809755	0.237764595499	0.230493192121	0.279106922834	0.232054027937	0.238076995847	0.26226862287	0.230431139982	0.236400749528	0.229093684789	0.248156412822	0.251305321881	0.272742929405	0.267417337567
159268001-supragingivalplaque2.snv.filtered.bam	0.22020189754	0.231235023266	0.230574449628	0.228630859313	0.230423131278	0.000186739493255	0.0	0.206131916542	0.197576694139	0.19979367896	0.247782584451	0.251526643662	0.235432759432	0.225540116113	0.286349546144	0.215964794707	0.217232783077	0.19647443567	0.200449876024	0.203968942137	0.199914687655	0.190074328464	0.194796289592	0.164230050727	0.214810289758	0.267266448564	0.228641047062	0.236732097419	0.241466086685	0.241027739039	0.241903562433	0.217193361135	0.218818446523	0.226467687745	0.223674973675	0.221365648195	0.230989188476	0.23284427852	0.179758137432	0.218759568125	0.210796915167	0.262874058271	0.216121446616	0.220423997319	0.245489568999	0.209230408299	0.217284983872	0.221118036319	0.227740464873	0.231210702708	0.25364099351	0.247384559885
159369152-supragingivalplaque1.snv.filtered.bam	0.202072094721	0.212225884915	0.211640030905	0.221140785258	0.22491125572	0.225417039164	0.206131916542	0.0	0.211839482746	0.209843892807	0.216349687494	0.226893478238	0.209275149893	0.195855974303	0.225820515745	0.221366023663	0.22223505114	0.19062711343	0.200179426	0.20130423584	0.183785189458	0.1928175748	0.196229835592	0.19089627284	0.208908935738	0.243751924606	0.214672276825	0.198826524882	0.21669335449	0.217812313913	0.203284494981	0.185128592071	0.174325221321	0.203411335256	0.200644823595	0.200183534329	0.190428757451	0.193700709417	0.195785940304	0.215266816199	0.191234007072	0.188449580992	0.200466714166	0.17242779515	0.188716926863	0.19152280791	0.230741977428	0.230642088589	0.211268664387	0.212175056171	0.244098918204	0.235599335915
159510762-supragingivalplaque2.snv.filtered.bam	0.224113752	0.248251330281	0.247700189717	0.25235076422	0.252127569454	0.217193144847	0.197576694139	0.211839482746	0.0	0.000458273048634	0.24397564065	0.247360525498	0.257108772615	0.243121702424	0.266448178734	0.233512948307	0.236951281255	0.221555934487	0.250092302864	0.249985448111	0.234639401301	0.239916399883	0.233618266513	0.201542483569	0.206294006607	0.247487408425	0.22158974659	0.217359697915	0.214910002772	0.21722592917	0.243857407104	0.242578073839	0.216587372006	0.217436171726	0.214531753387	0.219495860687	0.228755179315	0.230724157781	0.198509746044	0.228978808643	0.196460864912	0.209644750042	0.228582717408	0.223204639016	0.21147689342	0.214265780161	0.21796169791	0.233337883203	0.245155051946	0.248463600351	0.263214078935	0.257413275668
159510762-tonguedorsum3.snv.filtered.bam	0.221673046364	0.243595376717	0.24305012892	0.250345777197	0.250139715048	0.219683060194	0.19979367896	0.209843892807	0.000458273048634	0.0	0.243899563172	0.247646202082	0.255082962746	0.240869358598	0.266734774632	0.233503756876	0.237136385431	0.216386277207	0.248020827964	0.247952781818	0.232325693737	0.23773982649	0.231357576924	0.198870925419	0.203730290995	0.250402792069	0.224079280655	0.214327128506	0.212258956893	0.214629145785	0.245014148764	0.242823470619	0.212389351424	0.215023093872	0.212066923746	0.217079343526	0.22390465104	0.226057569579	0.200320639149	0.221617965085	0.193298237714	0.204758709186	0.223611678375	0.21772959608	0.205701396669	0.211774112162	0.215481982762	0.232809982079	0.240435134853	0.243809692763	0.263739196339	0.257898764149
159551223-supragingivalplaque1.snv.filtered.bam	0.22787911934	0.249120617674	0.248652488293	0.255242240386	0.256905059386	0.258099676555	0.247782584451	0.216349687494	0.24397564065	0.243899563172	0.0	0.0149344887715	0.19338187515	0.180420241644	0.25764940163	0.262469898075	0.266214225992	0.248490017915	0.236288209986	0.237020492653	0.225537764211	0.232661059849	0.237604676836	0.214668147541	0.246585651112	0.257990522242	0.239494835412	0.148006535297	0.273172779161	0.274767812264	0.238425622662	0.187708311529	0.214789323166	0.231577275607	0.229016470627	0.229083196505	0.238397652185	0.235357505287	0.225222435235	0.242676509743	0.208955644971	0.234923644462	0.23858453564	0.231493009036	0.237372433788	0.230630222657	0.244724476934	0.240507320055	0.248312647122	0.246969089958	0.238388140639	0.227319231731
159551223-supragingivalplaque2.snv.filtered.bam	0.233602456549	0.251303282784	0.250830077438	0.261339883843	0.263044036115	0.261378629373	0.251526643662	0.226893478238	0.247360525498	0.247646202082	0.0149344887715	0.0	0.19291478951	0.179365881678	0.26263225303	0.268259236152	0.271727974577	0.252804639927	0.238816729562	0.238904570703	0.228569616491	0.234420680368	0.241385888908	0.218273838303	0.253163749385	0.261300978553	0.247359325482	0.143646859437	0.280805170976	0.282349778085	0.241127874659	0.190696928483	0.221599452104	0.235178868757	0.232651961124	0.232793383547	0.24265497224	0.239324368569	0.230241474205	0.247689961246	0.214042270991	0.233273128105	0.241771955392	0.235869542284	0.239591174584	0.238751924718	0.250992268843	0.239168183241	0.250757779728	0.249096255012	0.239272044341	0.228204100893
159591683-supragingivalplaque1.snv.filtered.bam	0.245833618692	0.27596348712	0.275327722927	0.269500560368	0.268442570482	0.239005523767	0.235432759432	0.209275149893	0.257108772615	0.255082962746	0.19338187515	0.19291478951	0.0	0.000281579531149	0.277721643805	0.270776342177	0.27433889447	0.234717795932	0.141441105626	0.138916091057	0.139937269165	0.179312962339	0.183731169997	0.207196773802	0.245622291111	0.274196079445	0.245943815306	0.23480706497	0.272159565479	0.273715984855	0.246301412395	0.162132075472	0.251250703342	0.236719271198	0.234077113791	0.233936353768	0.236805408321	0.2407348558	0.245769876147	0.256391364501	0.24437879606	0.213497824509	0.265989003029	0.248842458898	0.234292338422	0.264955420088	0.281575470335	0.256916553772	0.277895334584	0.276092971243	0.292981755444	0.290772136957
159591683-supragingivalplaque2.snv.filtered.bam	0.231584241149	0.263215060846	0.262494726528	0.25623249504	0.255334051278	0.229695299431	0.225540116113	0.195855974303	0.243121702424	0.240869358598	0.180420241644	0.179365881678	0.000281579531149	0.0	0.269689157783	0.259952891389	0.263787671457	0.224709425267	0.133886351339	0.132430161071	0.131397595328	0.172798167144	0.174256516362	0.198614689477	0.235073091881	0.260626249167	0.235841672005	0.226567678642	0.258355193392	0.260105713745	0.234124353705	0.152983879577	0.237419442243	0.236198666792	0.233448584966	0.233302345235	0.224982057416	0.228167606114	0.232446546053	0.249002321549	0.228292813251	0.20289211722	0.257599253352	0.238791825322	0.222545616852	0.256665200273	0.27471216799	0.241305629237	0.265043645758	0.263303533703	0.285655908101	0.281664260402
159611913-supragingivalplaque2.snv.filtered.bam	0.234057304861	0.238838824825	0.238181350714	0.246014644663	0.250064792029	0.303781544248	0.286349546144	0.225820515745	0.266448178734	0.266734774632	0.25764940163	0.26263225303	0.277721643805	0.269689157783	0.0	0.259397266832	0.260626842671	0.229668444585	0.264087950177	0.268334792675	0.247105714896	0.243289756683	0.243234683684	0.234483964133	0.24080425201	0.22359758128	0.21206344735	0.259001550842	0.232087582971	0.231849830623	0.231739851994	0.242733671102	0.230702491908	0.24351761469	0.241014687818	0.238646247439	0.260835152828	0.256904143156	0.226481930377	0.245791584886	0.219869890494	0.231856832545	0.23356443369	0.22170719807	0.224132197989	0.229275554354	0.246126457434	0.251693244082	0.238286156009	0.236561106682	0.251316371761	0.252474002162
160158126-supragingivalplaque1.snv.filtered.bam	0.210500702119	0.229955980697	0.229117928517	0.17523141781	0.175286510792	0.234471064028	0.215964794707	0.221366023663	0.233512948307	0.233503756876	0.262469898075	0.268259236152	0.270776342177	0.259952891389	0.259397266832	0.0	0.000637701851552	0.248372789017	0.250062692312	0.254664360236	0.230128323331	0.244821010214	0.240777588633	0.239355434531	0.205368508828	0.233230200869	0.24538926942	0.25884514803	0.258246372838	0.262284051508	0.219679500462	0.237898473779	0.222874429185	0.248214072258	0.245731887994	0.24325662008	0.231367493994	0.238020758557	0.115944622944	0.227029968376	0.202191224109	0.231606336222	0.261317213748	0.242719200248	0.230643397397	0.223811854414	0.231666256798	0.231599659696	0.226588446685	0.229646186661	0.270210142024	0.26718689048
160158126-supragingivalplaque2.snv.filtered.bam	0.211882153515	0.231049938507	0.230213240157	0.176836939622	0.177059154011	0.23555461805	0.217232783077	0.22223505114	0.236951281255	0.237136385431	0.266214225992	0.271727974577	0.27433889447	0.263787671457	0.260626842671	0.000637701851552	0.0	0.249845742259	0.251139014271	0.255699254494	0.231389640136	0.246104456442	0.242031867972	0.242016546017	0.206775545944	0.23182376779	0.244009088988	0.260377026542	0.259468100983	0.26347271672	0.22098967183	0.241521852582	0.225036724166	0.2495519304	0.247094018609	0.244714432628	0.230508503309	0.237158761629	0.115623392551	0.226142022972	0.204048513007	0.233078393534	0.262723906113	0.244391285878	0.232371649552	0.225346955066	0.233139120805	0.230422934183	0.227705918442	0.230783970594	0.271129625078	0.268152072243
160319967-supragingivalplaque3.snv.filtered.bam	0.220465303753	0.216352924256	0.215875722094	0.223191662387	0.225194151874	0.209040948278	0.19647443567	0.19062711343	0.221555934487	0.216386277207	0.248490017915	0.252804639927	0.234717795932	0.224709425267	0.229668444585	0.248372789017	0.249845742259	0.0	0.195648441592	0.198994768981	0.180433556487	0.19801903425	0.195651133214	0.182271937622	0.222252669817	0.263819095477	0.227770015912	0.21037315511	0.223315627785	0.225816051666	0.253962316431	0.221926816704	0.195964928262	0.213408861574	0.210505784235	0.208230008277	0.224676944004	0.229997092776	0.221714810197	0.217611111111	0.185776102736	0.21802053191	0.0963478734258	0.13401428071	0.199698850732	0.216898082343	0.245739344896	0.232753938496	0.217668925278	0.216159447303	0.255203444077	0.251644555003
160421117-supragingivalplaque1.snv.filtered.bam	0.219588030601	0.241437559079	0.2407202351	0.227066698557	0.229058215992	0.203279569772	0.200449876024	0.200179426	0.250092302864	0.248020827964	0.236288209986	0.238816729562	0.141441105626	0.133886351339	0.264087950177	0.250062692312	0.251139014271	0.195648441592	0.0	0.000425397001767	0.0005824855667	0.0406571911954	0.0464663195896	0.202244294288	0.245460085549	0.274688030624	0.250915223004	0.227241955925	0.236815863151	0.238819492614	0.263628059482	0.155723123277	0.223996007035	0.220012757723	0.217262511097	0.2148488499	0.216408959939	0.224025422495	0.223745066707	0.224328661562	0.206995547062	0.255410202869	0.235747773126	0.242274968233	0.266815582692	0.241117691882	0.25030001133	0.259849728488	0.23820814801	0.241407822468	0.26785903738	0.257433804289
160421117-supragingivalplaque2.snv.filtered.bam	0.22253131797	0.243688667896	0.243065150677	0.229653056118	0.231577758907	0.206566296896	0.203968942137	0.20130423584	0.249985448111	0.247952781818	0.237020492653	0.238904570703	0.138916091057	0.132430161071	0.268334792675	0.254664360236	0.255699254494	0.198994768981	0.000425397001767	0.0	0.000462115752563	0.0399726542736	0.0456512649228	0.205327162569	0.245556455883	0.276754575004	0.255625252294	0.227549341947	0.239295281245	0.241232956819	0.265645828016	0.157360115592	0.225333202789	0.220496549125	0.217802361372	0.215433920993	0.219914515375	0.226768318033	0.226513271228	0.224784283288	0.20780606292	0.255118340203	0.238244188386	0.243452516457	0.266504097459	0.239966878757	0.248225167956	0.262081340118	0.240621933584	0.243745416042	0.269668423352	0.259525114003
160421117-supragingivalplaque3.snv.filtered.bam	0.202675750995	0.235803388144	0.235162520108	0.21325392792	0.215604226428	0.20635989285	0.199914687655	0.183785189458	0.234639401301	0.232325693737	0.225537764211	0.228569616491	0.139937269165	0.131397595328	0.247105714896	0.230128323331	0.231389640136	0.180433556487	0.0005824855667	0.000462115752563	0.0	0.0353369794642	0.0393731003571	0.191423434335	0.225230962104	0.255018695888	0.240529092866	0.210571121556	0.2210651864	0.223319714641	0.245928631501	0.143308247061	0.211164547473	0.196535035336	0.193417503733	0.190908014796	0.200427234855	0.208363495906	0.212969753685	0.207671021664	0.186830415961	0.236015404568	0.215284877306	0.221452536213	0.249210371157	0.222751561349	0.232688993721	0.246479946612	0.232495917539	0.235756656424	0.253491237182	0.242127348651
160582958-supragingivalplaque1.snv.filtered.bam	0.198198153486	0.227056920176	0.226598517902	0.202117415753	0.206772616242	0.193377873154	0.190074328464	0.1928175748	0.239916399883	0.23773982649	0.232661059849	0.234420680368	0.179312962339	0.172798167144	0.243289756683	0.244821010214	0.246104456442	0.19801903425	0.0406571911954	0.0399726542736	0.0353369794642	0.0	0.00591393510199	0.196968410199	0.213800911086	0.248942057825	0.227586670947	0.203172987981	0.206990364673	0.209332701246	0.250181850132	0.153565773422	0.206659052239	0.204296856993	0.201534201824	0.199114766317	0.221628855039	0.22709042876	0.204781020244	0.211630799121	0.195718096416	0.247982969425	0.208428747087	0.211546803188	0.24091365325	0.215216934065	0.229209120901	0.242674770201	0.221672636282	0.224761764977	0.234590178256	0.222994946981
160582958-supragingivalplaque2.snv.filtered.bam	0.193429392007	0.226999814947	0.226622409766	0.198158294054	0.203013663888	0.198848852216	0.194796289592	0.196229835592	0.233618266513	0.231357576924	0.237604676836	0.241385888908	0.183731169997	0.174256516362	0.243234683684	0.240777588633	0.242031867972	0.195651133214	0.0464663195896	0.0456512649228	0.0393731003571	0.00591393510199	0.0	0.202627263886	0.2046217893	0.242437584345	0.219515126075	0.199438986878	0.200909241719	0.203260097357	0.246948418428	0.148863066506	0.205434053374	0.196045480925	0.193176409996	0.1907335983	0.217008698962	0.226584865148	0.204953787008	0.209780654078	0.186805640753	0.248757314359	0.200481292354	0.207467908676	0.237676921356	0.213610782288	0.226557552879	0.239473388261	0.221534535358	0.224684120555	0.234960564419	0.22339036176
246515023-supragingivalplaque2.snv.filtered.bam	0.218047722658	0.227672471817	0.227314013925	0.227387690916	0.22911939299	0.17844240364	0.164230050727	0.19089627284	0.201542483569	0.198870925419	0.214668147541	0.218273838303	0.207196773802	0.198614689477	0.234483964133	0.239355434531	0.242016546017	0.182271937622	0.202244294288	0.205327162569	0.191423434335	0.196968410199	0.202627263886	0.0	0.219400114338	0.246655146816	0.223156548314	0.197689059494	0.211198626867	0.211142575424	0.228944446329	0.218293223959	0.199819447266	0.208115842751	0.205243193819	0.203031675065	0.221742613287	0.222012151818	0.192568209571	0.22320093922	0.189447076037	0.195916986092	0.211126961691	0.184749424657	0.191687418719	0.192066468261	0.222077706265	0.219697894942	0.229263996265	0.227663856987	0.249592887095	0.243835971191
508703490-supragingivalplaque2.snv.filtered.bam	0.147814929941	0.20139336782	0.201042432527	0.186152979257	0.188696254552	0.227420420349	0.214810289758	0.208908935738	0.206294006607	0.203730290995	0.246585651112	0.253163749385	0.245622291111	0.235073091881	0.24080425201	0.205368508828	0.206775545944	0.222252669817	0.245460085549	0.245556455883	0.225230962104	0.213800911086	0.2046217893	0.219400114338	0.0	0.198417997683	0.20209580113	0.207827854125	0.196345176312	0.201262953659	0.224045450902	0.233914656094	0.192982154654	0.206173633411	0.203259457096	0.203403247837	0.182511107459	0.188316868182	0.172293472598	0.185476564498	0.189906132666	0.218038912736	0.196143675618	0.194584683437	0.204945892157	0.191496508379	0.20843823778	0.202598205796	0.199979454494	0.200980910988	0.211278910925	0.206191400184
550534656-supragingivalplaque3.snv.filtered.bam	0.198109686572	0.254765826428	0.25475475141	0.233680477999	0.235649736483	0.284002340585	0.267266448564	0.243751924606	0.247487408425	0.250402792069	0.257990522242	0.261300978553	0.274196079445	0.260626249167	0.22359758128	0.233230200869	0.23182376779	0.263819095477	0.274688030624	0.276754575004	0.255018695888	0.248942057825	0.242437584345	0.246655146816	0.198417997683	0.0	0.135819708	0.274111675127	0.220480486881	0.221464172813	0.248730964467	0.200147058824	0.249837936832	0.262809370362	0.260442260442	0.260414437244	0.265036730946	0.267098561292	0.212737341772	0.26104149262	0.200514138817	0.287226199777	0.247300242765	0.24907245504	0.273167868114	0.253761321785	0.277953588025	0.24085670951	0.254243447397	0.252976491509	0.270729536244	0.262626262626
604812005-supragingivalplaque2.snv.filtered.bam	0.181419222639	0.244255276731	0.243569887775	0.222716859764	0.222397414863	0.24206126875	0.228641047062	0.214672276825	0.22158974659	0.224079280655	0.239494835412	0.247359325482	0.245943815306	0.235841672005	0.21206344735	0.24538926942	0.244009088988	0.227770015912	0.250915223004	0.255625252294	0.240529092866	0.227586670947	0.219515126075	0.223156548314	0.20209580113	0.135819708	0.0	0.260289889322	0.215624368146	0.215596952988	0.208278327833	0.199399628811	0.229073174043	0.229931762239	0.227287017867	0.225016738953	0.251371569282	0.255690361307	0.202902949246	0.271274579484	0.202264710598	0.272432315873	0.209715725662	0.223309239033	0.26046675724	0.229276788249	0.247179319394	0.239413775667	0.243495540604	0.241745322609	0.247302990459	0.246577622919
675950834-supragingivalplaque3.snv.filtered.bam	0.205887672672	0.227953905001	0.227784360107	0.237480503565	0.242058218819	0.2525272388	0.236732097419	0.198826524882	0.217359697915	0.214327128506	0.148006535297	0.143646859437	0.23480706497	0.226567678642	0.259001550842	0.25884514803	0.260377026542	0.21037315511	0.227241955925	0.227549341947	0.210571121556	0.203172987981	0.199438986878	0.197689059494	0.207827854125	0.274111675127	0.260289889322	0.0	0.253125853126	0.257232249896	0.229219143577	0.231773507408	0.20109484057	0.193753870031	0.190709046455	0.190856001295	0.220368239356	0.22497475439	0.212200126263	0.222334455668	0.190839694656	0.157433698213	0.215312502798	0.186992505907	0.140474950591	0.223388634206	0.248534054775	0.234894073354	0.22859811181	0.228338764299	0.222829350181	0.213930348259
706846339-supragingivalplaque1.snv.filtered.bam	0.215136296789	0.2282323569	0.230053800314	0.173541583865	0.176197709418	0.254137602892	0.241466086685	0.21669335449	0.214910002772	0.212258956893	0.273172779161	0.280805170976	0.272159565479	0.258355193392	0.232087582971	0.258246372838	0.259468100983	0.223315627785	0.236815863151	0.239295281245	0.2210651864	0.206990364673	0.200909241719	0.211198626867	0.196345176312	0.220480486881	0.215624368146	0.253125853126	0.0	0.000217593317407	0.235186369234	0.250959456807	0.213801730926	0.216401623215	0.211297003913	0.211270105951	0.231649474598	0.237063893104	0.217634991082	0.244009661836	0.18599513312	0.275289165035	0.204090615734	0.215388981292	0.253682777541	0.197446202797	0.200945916626	0.229908690199	0.222781864746	0.228171423338	0.238293072597	0.224391422175
706846339-supragingivalplaque2.snv.filtered.bam	0.215956941858	0.230217556046	0.232013262996	0.176110067163	0.178705582404	0.253581392108	0.241027739039	0.217812313913	0.21722592917	0.214629145785	0.274767812264	0.282349778085	0.273715984855	0.260105713745	0.231849830623	0.262284051508	0.26347271672	0.225816051666	0.238819492614	0.241232956819	0.223319714641	0.209332701246	0.203260097357	0.211142575424	0.201262953659	0.221464172813	0.215596952988	0.257232249896	0.000217593317407	0.0	0.237303160958	0.252877519574	0.217032485983	0.218610088782	0.213586119618	0.21355953736	0.229904433818	0.236569577218	0.222136167617	0.244650035678	0.193662750483	0.276723508528	0.206518015331	0.217504405432	0.255541134833	0.199887272726	0.203270028569	0.229586432983	0.22484483452	0.230209591271	0.242426646732	0.228909662225
737052003-supragingivalplaque2.snv.filtered.bam	0.225004552098	0.251993483894	0.251215946921	0.195862969549	0.195863988963	0.256758407713	0.241903562433	0.203284494981	0.243857407104	0.245014148764	0.238425622662	0.241127874659	0.246301412395	0.234124353705	0.231739851994	0.219679500462	0.22098967183	0.253962316431	0.263628059482	0.265645828016	0.245928631501	0.250181850132	0.246948418428	0.228944446329	0.224045450902	0.248730964467	0.208278327833	0.229219143577	0.235186369234	0.237303160958	0.0	0.241439859526	0.227732275229	0.184201158105	0.180929095355	0.180460185264	0.237258953168	0.234182133038	0.198570979899	0.237027707809	0.191326530612	0.217922772059	0.251024308347	0.233983555483	0.221758143616	0.231197336908	0.238301064188	0.238513503033	0.249964975693	0.249330116248	0.242787673846	0.234413965087
763496533-supragingivalplaque2.snv.filtered.bam	0.21460480477	0.23161206029	0.231063730042	0.224214773533	0.226259209289	0.226969083329	0.217193361135	0.185128592071	0.242578073839	0.242823470619	0.187708311529	0.190696928483	0.162132075472	0.152983879577	0.242733671102	0.237898473779	0.241521852582	0.221926816704	0.155723123277	0.157360115592	0.143308247061	0.153565773422	0.148863066506	0.218293223959	0.233914656094	0.200147058824	0.199399628811	0.231773507408	0.250959456807	0.252877519574	0.241439859526	0.0	0.212292900778	0.21712071799	0.214316087881	0.211879162479	0.216677308644	0.221382219835	0.215812472632	0.246801938022	0.201363164913	0.245905719444	0.226149731393	0.232979845237	0.260101690602	0.229994405946	0.244959552421	0.235966578236	0.230799633373	0.229193702959	0.267951008672	0.262521840419
763840445-supragingivalplaque2.snv.filtered.bam	0.213789776482	0.083665508383	0.0832424384038	0.216111444522	0.218339115762	0.238242786672	0.218818446523	0.174325221321	0.216587372006	0.212389351424	0.214789323166	0.221599452104	0.251250703342	0.237419442243	0.230702491908	0.222874429185	0.225036724166	0.195964928262	0.223996007035	0.225333202789	0.211164547473	0.206659052239	0.205434053374	0.199819447266	0.192982154654	0.249837936832	0.229073174043	0.20109484057	0.213801730926	0.217032485983	0.227732275229	0.212292900778	0.0	0.22744490494	0.22485738363	0.224073879263	0.20366039667	0.207984971576	0.193105888692	0.227410474011	0.189084501013	0.228385912119	0.196414471884	0.185249895756	0.21331673118	0.178145848895	0.210232181077	0.234777480026	0.0842241865787	0.0836328117793	0.227067908757	0.220603735864
763901136-supragingivalplaque1.snv.filtered.bam	0.223110306768	0.251195083705	0.250621933281	0.223434349397	0.224996970065	0.237380527332	0.226467687745	0.203411335256	0.217436171726	0.215023093872	0.231577275607	0.235178868757	0.236719271198	0.236198666792	0.24351761469	0.248214072258	0.2495519304	0.213408861574	0.220012757723	0.220496549125	0.196535035336	0.204296856993	0.196045480925	0.208115842751	0.206173633411	0.262809370362	0.229931762239	0.193753870031	0.216401623215	0.218610088782	0.184201158105	0.21712071799	0.22744490494	0.0	0.000175827394667	0.000316587417188	0.205882866228	0.215666868485	0.212666251926	0.184308771772	0.183897455895	0.211774273477	0.227183858386	0.213972925167	0.208513832567	0.221700194249	0.233896581619	0.252697890368	0.250511651458	0.248818673566	0.22862144504	0.221867658548
763901136-supragingivalplaque2.snv.filtered.bam	0.220384290166	0.248824494775	0.248251526992	0.22011336772	0.222245001875	0.234838550201	0.223674973675	0.200644823595	0.214531753387	0.212066923746	0.229016470627	0.232651961124	0.234077113791	0.233448584966	0.241014687818	0.245731887994	0.247094018609	0.210505784235	0.217262511097	0.217802361372	0.193417503733	0.201534201824	0.193176409996	0.205243193819	0.203259457096	0.260442260442	0.227287017867	0.190709046455	0.211297003913	0.213586119618	0.180929095355	0.214316087881	0.22485738363	0.000175827394667	0.0	0.000141755966076	0.202328159645	0.212800649044	0.214557926829	0.185474254743	0.180693069307	0.208967411648	0.2246465191	0.211311830066	0.205801598425	0.220795634908	0.233543808145	0.250064056189	0.248117787125	0.246425770926	0.225890639117	0.21897810219
763901136-supragingivalplaque3.snv.filtered.bam	0.218157049715	0.248797912517	0.248225006987	0.218238460909	0.219876561496	0.232632222805	0.221365648195	0.200183534329	0.219495860687	0.217079343526	0.229083196505	0.232793383547	0.233936353768	0.233302345235	0.238646247439	0.24325662008	0.244714432628	0.208230008277	0.2148488499	0.215433920993	0.190908014796	0.199114766317	0.1907335983	0.203031675065	0.203403247837	0.260414437244	0.225016738953	0.190856001295	0.211270105951	0.21355953736	0.180460185264	0.211879162479	0.224073879263	0.000316587417188	0.000141755966076	0.0	0.202969804362	0.21294274013	0.207213234044	0.180683313976	0.178189791976	0.209056337252	0.222445358747	0.209607440702	0.205527334584	0.216636312494	0.228766901357	0.247457550926	0.24809101634	0.246399188668	0.22603206154	0.219124341921
763961826-subgingivalplaque2.snv.filtered.bam	0.199629257897	0.211083745576	0.212678397514	0.211820953437	0.214621162452	0.247105130427	0.230989188476	0.190428757451	0.228755179315	0.22390465104	0.238397652185	0.24265497224	0.236805408321	0.224982057416	0.260835152828	0.231367493994	0.230508503309	0.224676944004	0.216408959939	0.219914515375	0.200427234855	0.221628855039	0.217008698962	0.221742613287	0.182511107459	0.265036730946	0.251371569282	0.220368239356	0.231649474598	0.229904433818	0.237258953168	0.216677308644	0.20366039667	0.205882866228	0.202328159645	0.202969804362	0.0	0.000249130056938	0.201318124571	0.117209501499	0.213856118436	0.220349911774	0.234336745481	0.22981726268	0.233820288893	0.20540983619	0.218536744153	0.225518834865	0.207315313413	0.213184757554	0.204063048957	0.197613636364
763961826-supragingivalplaque2.snv.filtered.bam	0.20571358155	0.213368490362	0.214973365747	0.212647117619	0.214851170791	0.24839964782	0.23284427852	0.193700709417	0.230724157781	0.226057569579	0.235357505287	0.239324368569	0.2407348558	0.228167606114	0.256904143156	0.238020758557	0.237158761629	0.229997092776	0.224025422495	0.226768318033	0.208363495906	0.22709042876	0.226584865148	0.222012151818	0.188316868182	0.267098561292	0.255690361307	0.22497475439	0.237063893104	0.236569577218	0.234182133038	0.221382219835	0.207984971576	0.215666868485	0.212800649044	0.21294274013	0.000249130056938	0.0	0.204339232471	0.119253627381	0.217320184063	0.22029190317	0.23838234435	0.233969051324	0.238061164933	0.206193574034	0.219862242892	0.231391583858	0.209740653209	0.215400616701	0.204326751573	0.198582747083
764285508-supragingivalplaque2.snv.filtered.bam	0.163304369312	0.210112326794	0.209571450664	0.111878033981	0.113539617906	0.20533809755	0.179758137432	0.195785940304	0.198509746044	0.200320639149	0.225222435235	0.230241474205	0.245769876147	0.232446546053	0.226481930377	0.115944622944	0.115623392551	0.221714810197	0.223745066707	0.226513271228	0.212969753685	0.204781020244	0.204953787008	0.192568209571	0.172293472598	0.212737341772	0.202902949246	0.212200126263	0.217634991082	0.222136167617	0.198570979899	0.215812472632	0.193105888692	0.212666251926	0.214557926829	0.207213234044	0.201318124571	0.204339232471	0.0	0.169078855304	0.196348852041	0.224503436999	0.224036317398	0.209858846097	0.208010405586	0.165399561042	0.183233584069	0.196791499471	0.204338637505	0.207960668325	0.220332376815	0.21687967581
764325968-supragingivalplaque2.snv.filtered.bam	0.192597873493	0.242505545593	0.241999862532	0.20509731461	0.20776446574	0.237764595499	0.218759568125	0.215266816199	0.228978808643	0.221617965085	0.242676509743	0.247689961246	0.256391364501	0.249002321549	0.245791584886	0.227029968376	0.226142022972	0.217611111111	0.224328661562	0.224784283288	0.207671021664	0.211630799121	0.209780654078	0.22320093922	0.185476564498	0.26104149262	0.271274579484	0.222334455668	0.244009661836	0.244650035678	0.237027707809	0.246801938022	0.227410474011	0.184308771772	0.185474254743	0.180683313976	0.117209501499	0.119253627381	0.169078855304	0.0	0.20164399093	0.2447268531	0.217678724396	0.21428929141	0.229417936782	0.21557198563	0.218148647184	0.245385575049	0.236852145145	0.240296277002	0.223478072983	0.214574674425
764366428-subgingivalplaque3.snv.filtered.bam	0.19066054903	0.223113432661	0.222573074652	0.171059293429	0.17596587866	0.230493192121	0.210796915167	0.191234007072	0.196460864912	0.193298237714	0.208955644971	0.214042270991	0.24437879606	0.228292813251	0.219869890494	0.202191224109	0.204048513007	0.185776102736	0.206995547062	0.20780606292	0.186830415961	0.195718096416	0.186805640753	0.189447076037	0.189906132666	0.200514138817	0.202264710598	0.190839694656	0.18599513312	0.193662750483	0.191326530612	0.201363164913	0.189084501013	0.183897455895	0.180693069307	0.178189791976	0.213856118436	0.217320184063	0.196348852041	0.20164399093	0.0	0.23033253166	0.207638297446	0.206684945172	0.225623770981	0.188749761555	0.190327537394	0.216571000941	0.219639071491	0.223142433122	0.226272820034	0.216284987277
764508039-supragingivalplaque3.snv.filtered.bam	0.234729556075	0.246596739164	0.246162235093	0.258198869418	0.25724892974	0.279106922834	0.262874058271	0.188449580992	0.209644750042	0.204758709186	0.234923644462	0.233273128105	0.213497824509	0.20289211722	0.231856832545	0.231606336222	0.233078393534	0.21802053191	0.255410202869	0.255118340203	0.236015404568	0.247982969425	0.248757314359	0.195916986092	0.218038912736	0.287226199777	0.272432315873	0.157433698213	0.275289165035	0.276723508528	0.217922772059	0.245905719444	0.228385912119	0.211774273477	0.208967411648	0.209056337252	0.220349911774	0.22029190317	0.224503436999	0.2447268531	0.23033253166	0.0	0.211048365159	0.15182203041	0.0590844678324	0.229522856441	0.254371368859	0.237053863028	0.248252440426	0.246652466278	0.244938204506	0.241084260502
765013792-supragingivalplaque1.snv.filtered.bam	0.212979773156	0.208754752737	0.208446769397	0.238637862235	0.238484135602	0.232054027937	0.216121446616	0.200466714166	0.228582717408	0.223611678375	0.23858453564	0.241771955392	0.265989003029	0.257599253352	0.23356443369	0.261317213748	0.262723906113	0.0963478734258	0.235747773126	0.238244188386	0.215284877306	0.208428747087	0.200481292354	0.211126961691	0.196143675618	0.247300242765	0.209715725662	0.215312502798	0.204090615734	0.206518015331	0.251024308347	0.226149731393	0.196414471884	0.227183858386	0.2246465191	0.222445358747	0.234336745481	0.23838234435	0.224036317398	0.217678724396	0.207638297446	0.211048365159	0.0	0.0687922102867	0.179348926886	0.214863098522	0.243618264999	0.22124480879	0.20777543834	0.206383856311	0.234822045833	0.23063691847
765013792-supragingivalplaque2.snv.filtered.bam	0.202398391009	0.214721715487	0.214498167567	0.232097003587	0.232096263076	0.238076995847	0.220423997319	0.17242779515	0.223204639016	0.21772959608	0.231493009036	0.235869542284	0.248842458898	0.238791825322	0.22170719807	0.242719200248	0.244391285878	0.13401428071	0.242274968233	0.243452516457	0.221452536213	0.211546803188	0.207467908676	0.184749424657	0.194584683437	0.24907245504	0.223309239033	0.186992505907	0.215388981292	0.217504405432	0.233983555483	0.232979845237	0.185249895756	0.213972925167	0.211311830066	0.209607440702	0.22981726268	0.233969051324	0.209858846097	0.21428929141	0.206684945172	0.15182203041	0.0687922102867	0.0	0.1105567166	0.194447011139	0.233856472485	0.220663048234	0.21466502963	0.213225492209	0.22738836868	0.222730864432
765013792-supragingivalplaque3.snv.filtered.bam	0.209647999405	0.235636955771	0.235364992943	0.23907556054	0.239020165478	0.26226862287	0.245489568999	0.188716926863	0.21147689342	0.205701396669	0.237372433788	0.239591174584	0.234292338422	0.222545616852	0.224132197989	0.230643397397	0.232371649552	0.199698850732	0.266815582692	0.266504097459	0.249210371157	0.24091365325	0.237676921356	0.191687418719	0.204945892157	0.273167868114	0.26046675724	0.140474950591	0.253682777541	0.255541134833	0.221758143616	0.260101690602	0.21331673118	0.208513832567	0.205801598425	0.205527334584	0.233820288893	0.238061164933	0.208010405586	0.229417936782	0.225623770981	0.0590844678324	0.179348926886	0.1105567166	0.0	0.211539201704	0.243472414114	0.226347580293	0.237144454182	0.235548447449	0.228583880797	0.224499101033
765094712-supragingivalplaque2.snv.filtered.bam	0.199078704729	0.222510705578	0.222058319462	0.176536139658	0.178486791931	0.230431139982	0.209230408299	0.19152280791	0.214265780161	0.211774112162	0.230630222657	0.238751924718	0.264955420088	0.256665200273	0.229275554354	0.223811854414	0.225346955066	0.216898082343	0.241117691882	0.239966878757	0.222751561349	0.215216934065	0.213610782288	0.192066468261	0.191496508379	0.253761321785	0.229276788249	0.223388634206	0.197446202797	0.199887272726	0.231197336908	0.229994405946	0.178145848895	0.221700194249	0.220795634908	0.216636312494	0.20540983619	0.206193574034	0.165399561042	0.21557198563	0.188749761555	0.229522856441	0.214863098522	0.194447011139	0.211539201704	0.0	0.0708652497946	0.217877834104	0.219917745836	0.221964089492	0.214630491702	0.207766302037
