	158337416-stool1.snv.filtered.bam	158337416-stool2.snv.filtered.bam	158479027-stool1.snv.filtered.bam	158499257-stool1.snv.filtered.bam	158499257-stool2.snv.filtered.bam	158802708-stool1.snv.filtered.bam	158802708-stool2.snv.filtered.bam	158802708-stool3.snv.filtered.bam	158883629-stool3.snv.filtered.bam	158944319-stool3.snv.filtered.bam	159207311-stool2.snv.filtered.bam	159207311-stool3.snv.filtered.bam	159369152-stool2.snv.filtered.bam	159490532-stool2.snv.filtered.bam	159551223-stool1.snv.filtered.bam	159571453-stool1.snv.filtered.bam	159571453-stool2.snv.filtered.bam	159753524-stool2.snv.filtered.bam	159753524-stool3.snv.filtered.bam	159814214-stool1.snv.filtered.bam	159814214-stool2.snv.filtered.bam	160158126-stool2.snv.filtered.bam	160178356-stool2.snv.filtered.bam	160380657-stool1.snv.filtered.bam	160380657-stool3.snv.filtered.bam	160582958-stool1.snv.filtered.bam	160582958-stool2.snv.filtered.bam	160582958-stool3.snv.filtered.bam	338793263-stool1.snv.filtered.bam	338793263-stool2.snv.filtered.bam	675950834-stool1.snv.filtered.bam	675950834-stool2.snv.filtered.bam	686765762-stool1.snv.filtered.bam	686765762-stool2.snv.filtered.bam	686765762-stool3.snv.filtered.bam	763536994-stool1.snv.filtered.bam	763536994-stool2.snv.filtered.bam	763577454-stool1.snv.filtered.bam	763577454-stool2.snv.filtered.bam	763678604-stool1.snv.filtered.bam	763678604-stool2.snv.filtered.bam	763759525-stool1.snv.filtered.bam	763759525-stool2.snv.filtered.bam	763820215-stool1.snv.filtered.bam	763820215-stool2.snv.filtered.bam	763820215-stool3.snv.filtered.bam	763982056-stool1.snv.filtered.bam	763982056-stool2.snv.filtered.bam	763982056-stool3.snv.filtered.bam	764042746-stool1.snv.filtered.bam	764042746-stool2.snv.filtered.bam	764062976-stool2.snv.filtered.bam	764143897-stool2.snv.filtered.bam	764305738-stool1.snv.filtered.bam	764305738-stool2.snv.filtered.bam	764325968-stool1.snv.filtered.bam	764325968-stool2.snv.filtered.bam	764487809-stool1.snv.filtered.bam	764508039-stool1.snv.filtered.bam	764588959-stool1.snv.filtered.bam	764588959-stool2.snv.filtered.bam	764669880-stool1.snv.filtered.bam	764669880-stool2.snv.filtered.bam	765013792-stool1.snv.filtered.bam	765034022-stool1.snv.filtered.bam	765034022-stool2.snv.filtered.bam	765074482-stool2.snv.filtered.bam	765074482-stool3.snv.filtered.bam	765094712-stool1.snv.filtered.bam	765094712-stool2.snv.filtered.bam	765094712-stool3.snv.filtered.bam	765640925-stool1.snv.filtered.bam	765640925-stool2.snv.filtered.bam	809635352-stool2.snv.filtered.bam	823052294-stool3.snv.filtered.bam
158337416-stool1.snv.filtered.bam	0.0	0.0	0.343653250774	0.383900928793	0.386996904025	0.294117647059	0.331269349845	0.331269349845	0.349845201238	0.362229102167	0.346749226006	0.340557275542	0.318885448916	0.399380804954	0.33746130031	0.297213622291	0.343653250774	0.28173374613	0.284829721362	0.352941176471	0.356037151703	0.343653250774	0.303405572755	0.365325077399	0.365325077399	0.352941176471	0.349845201238	0.352941176471	0.390092879257	0.390092879257	0.300309597523	0.294117647059	0.399380804954	0.386996904025	0.399380804954	0.356037151703	0.343653250774	0.393188854489	0.393188854489	0.356037151703	0.349845201238	0.343653250774	0.343653250774	0.377708978328	0.377708978328	0.377708978328	0.321981424149	0.334365325077	0.334365325077	0.352941176471	0.386996904025	0.340557275542	0.396284829721	0.393188854489	0.393188854489	0.362229102167	0.365325077399	0.303405572755	0.334365325077	0.399380804954	0.390092879257	0.346749226006	0.346749226006	0.352941176471	0.33746130031	0.352941176471	0.352941176471	0.356037151703	0.371517027864	0.371517027864	0.371517027864	0.343653250774	0.343653250774	0.331269349845	0.297213622291
158337416-stool2.snv.filtered.bam	0.0	0.0	0.365325077399	0.414860681115	0.417956656347	0.325077399381	0.359133126935	0.362229102167	0.377708978328	0.390092879257	0.377708978328	0.365325077399	0.321981424149	0.430340557276	0.359133126935	0.325077399381	0.371517027864	0.284829721362	0.287925696594	0.383900928793	0.386996904025	0.368421052632	0.334365325077	0.396284829721	0.396284829721	0.383900928793	0.38080495356	0.383900928793	0.417956656347	0.417956656347	0.331269349845	0.328173374613	0.430340557276	0.417956656347	0.430340557276	0.383900928793	0.374613003096	0.421052631579	0.421052631579	0.383900928793	0.377708978328	0.371517027864	0.371517027864	0.405572755418	0.405572755418	0.405572755418	0.349845201238	0.362229102167	0.362229102167	0.38080495356	0.417956656347	0.368421052632	0.424148606811	0.421052631579	0.421052631579	0.386996904025	0.390092879257	0.331269349845	0.362229102167	0.430340557276	0.421052631579	0.374613003096	0.374613003096	0.38080495356	0.368421052632	0.383900928793	0.386996904025	0.390092879257	0.399380804954	0.399380804954	0.399380804954	0.374613003096	0.374613003096	0.359133126935	0.328173374613
158479027-stool1.snv.filtered.bam	0.343653250774	0.365325077399	0.0	0.22600619195	0.22600619195	0.164086687307	0.191950464396	0.198142414861	0.207430340557	0.216718266254	0.185758513932	0.173374613003	0.287925696594	0.213622291022	0.284829721362	0.139318885449	0.195046439628	0.306501547988	0.312693498452	0.188854489164	0.188854489164	0.157894736842	0.232198142415	0.28173374613	0.284829721362	0.185758513932	0.185758513932	0.185758513932	0.151702786378	0.151702786378	0.142414860681	0.130030959752	0.213622291022	0.207430340557	0.213622291022	0.176470588235	0.167182662539	0.15479876161	0.15479876161	0.213622291022	0.210526315789	0.201238390093	0.198142414861	0.22600619195	0.22600619195	0.22600619195	0.173374613003	0.185758513932	0.185758513932	0.201238390093	0.22600619195	0.22600619195	0.157894736842	0.15479876161	0.15479876161	0.244582043344	0.244582043344	0.160990712074	0.222910216718	0.213622291022	0.210526315789	0.207430340557	0.207430340557	0.213622291022	0.1826625387	0.185758513932	0.222910216718	0.22600619195	0.185758513932	0.188854489164	0.185758513932	0.1826625387	0.1826625387	0.160990712074	0.148606811146
158499257-stool1.snv.filtered.bam	0.383900928793	0.414860681115	0.22600619195	0.0	0.0	0.139318885449	0.157894736842	0.188854489164	0.130030959752	0.0123839009288	0.173374613003	0.179566563467	0.312693498452	0.160990712074	0.374613003096	0.0866873065015	0.0216718266254	0.346749226006	0.359133126935	0.1826625387	0.1826625387	0.216718266254	0.1826625387	0.213622291022	0.219814241486	0.179566563467	0.179566563467	0.179566563467	0.179566563467	0.1826625387	0.139318885449	0.136222910217	0.160990712074	0.157894736842	0.160990712074	0.164086687307	0.15479876161	0.185758513932	0.185758513932	0.139318885449	0.130030959752	0.244582043344	0.238390092879	0.0123839009288	0.0123839009288	0.0123839009288	0.216718266254	0.235294117647	0.229102167183	0.0	0.0	0.157894736842	0.188854489164	0.185758513932	0.185758513932	0.216718266254	0.219814241486	0.133126934985	0.15479876161	0.160990712074	0.157894736842	0.219814241486	0.219814241486	0.0123839009288	0.170278637771	0.179566563467	0.1826625387	0.179566563467	0.179566563467	0.1826625387	0.179566563467	0.164086687307	0.164086687307	0.167182662539	0.136222910217
158499257-stool2.snv.filtered.bam	0.386996904025	0.417956656347	0.22600619195	0.0	0.0	0.133126934985	0.15479876161	0.188854489164	0.133126934985	0.0123839009288	0.176470588235	0.1826625387	0.315789473684	0.160990712074	0.377708978328	0.0866873065015	0.0185758513932	0.349845201238	0.362229102167	0.185758513932	0.185758513932	0.219814241486	0.1826625387	0.213622291022	0.219814241486	0.1826625387	0.1826625387	0.1826625387	0.1826625387	0.185758513932	0.133126934985	0.133126934985	0.160990712074	0.157894736842	0.160990712074	0.167182662539	0.157894736842	0.188854489164	0.188854489164	0.142414860681	0.133126934985	0.247678018576	0.241486068111	0.0123839009288	0.0123839009288	0.0123839009288	0.219814241486	0.238390092879	0.232198142415	0.0	0.0	0.160990712074	0.191950464396	0.188854489164	0.188854489164	0.216718266254	0.219814241486	0.133126934985	0.157894736842	0.160990712074	0.157894736842	0.222910216718	0.222910216718	0.0123839009288	0.173374613003	0.1826625387	0.1826625387	0.179566563467	0.1826625387	0.185758513932	0.1826625387	0.167182662539	0.167182662539	0.170278637771	0.136222910217
158802708-stool1.snv.filtered.bam	0.294117647059	0.325077399381	0.164086687307	0.139318885449	0.133126934985	0.0	0.0	0.0	0.0588235294118	0.136222910217	0.111455108359	0.105263157895	0.25386996904	0.0928792569659	0.260061919505	0.0526315789474	0.0897832817337	0.241486068111	0.25386996904	0.114551083591	0.111455108359	0.133126934985	0.12693498452	0.191950464396	0.195046439628	0.111455108359	0.108359133127	0.111455108359	0.139318885449	0.142414860681	0.0588235294118	0.0681114551084	0.0928792569659	0.0897832817337	0.0928792569659	0.0928792569659	0.0928792569659	0.145510835913	0.145510835913	0.061919504644	0.061919504644	0.164086687307	0.160990712074	0.142414860681	0.142414860681	0.142414860681	0.130030959752	0.148606811146	0.136222910217	0.123839009288	0.142414860681	0.0835913312693	0.148606811146	0.145510835913	0.145510835913	0.105263157895	0.108359133127	0.0433436532508	0.0804953560372	0.0928792569659	0.0897832817337	0.0928792569659	0.0928792569659	0.139318885449	0.0990712074303	0.111455108359	0.148606811146	0.145510835913	0.102167182663	0.105263157895	0.102167182663	0.117647058824	0.117647058824	0.0897832817337	0.0247678018576
158802708-stool2.snv.filtered.bam	0.331269349845	0.359133126935	0.191950464396	0.157894736842	0.15479876161	0.0	0.0	0.0	0.0897832817337	0.142414860681	0.167182662539	0.157894736842	0.260061919505	0.120743034056	0.287925696594	0.0650154798762	0.102167182663	0.275541795666	0.287925696594	0.170278637771	0.167182662539	0.188854489164	0.176470588235	0.219814241486	0.222910216718	0.167182662539	0.164086687307	0.167182662539	0.160990712074	0.164086687307	0.0990712074303	0.111455108359	0.120743034056	0.114551083591	0.120743034056	0.111455108359	0.15479876161	0.167182662539	0.167182662539	0.0959752321981	0.0928792569659	0.191950464396	0.188854489164	0.15479876161	0.151702786378	0.15479876161	0.160990712074	0.1826625387	0.170278637771	0.139318885449	0.160990712074	0.105263157895	0.167182662539	0.167182662539	0.167182662539	0.157894736842	0.157894736842	0.0495356037152	0.102167182663	0.120743034056	0.117647058824	0.173374613003	0.173374613003	0.142414860681	0.151702786378	0.167182662539	0.167182662539	0.167182662539	0.123839009288	0.130030959752	0.12693498452	0.157894736842	0.157894736842	0.139318885449	0.0650154798762
158802708-stool3.snv.filtered.bam	0.331269349845	0.362229102167	0.198142414861	0.188854489164	0.188854489164	0.0	0.0	0.0	0.0897832817337	0.185758513932	0.139318885449	0.130030959752	0.297213622291	0.133126934985	0.306501547988	0.0712074303406	0.108359133127	0.297213622291	0.30959752322	0.142414860681	0.142414860681	0.164086687307	0.167182662539	0.238390092879	0.241486068111	0.139318885449	0.133126934985	0.139318885449	0.173374613003	0.179566563467	0.0835913312693	0.0959752321981	0.130030959752	0.130030959752	0.133126934985	0.12693498452	0.120743034056	0.1826625387	0.1826625387	0.0928792569659	0.0928792569659	0.198142414861	0.195046439628	0.191950464396	0.191950464396	0.191950464396	0.160990712074	0.176470588235	0.167182662539	0.160990712074	0.188854489164	0.130030959752	0.185758513932	0.1826625387	0.1826625387	0.130030959752	0.136222910217	0.0712074303406	0.123839009288	0.133126934985	0.12693498452	0.117647058824	0.117647058824	0.1826625387	0.12693498452	0.139318885449	0.191950464396	0.188854489164	0.133126934985	0.136222910217	0.136222910217	0.15479876161	0.15479876161	0.114551083591	0.0433436532508
158883629-stool3.snv.filtered.bam	0.349845201238	0.377708978328	0.207430340557	0.130030959752	0.133126934985	0.0588235294118	0.0897832817337	0.0897832817337	0.0	0.120743034056	0.139318885449	0.136222910217	0.28173374613	0.139318885449	0.334365325077	0.061919504644	0.0897832817337	0.260061919505	0.272445820433	0.142414860681	0.142414860681	0.148606811146	0.176470588235	0.216718266254	0.219814241486	0.139318885449	0.136222910217	0.139318885449	0.136222910217	0.139318885449	0.0866873065015	0.0959752321981	0.139318885449	0.136222910217	0.139318885449	0.077399380805	0.114551083591	0.139318885449	0.139318885449	0.0	0.0	0.207430340557	0.201238390093	0.12693498452	0.12693498452	0.12693498452	0.173374613003	0.188854489164	0.173374613003	0.111455108359	0.133126934985	0.0866873065015	0.139318885449	0.142414860681	0.142414860681	0.102167182663	0.102167182663	0.0835913312693	0.0835913312693	0.139318885449	0.133126934985	0.130030959752	0.130030959752	0.117647058824	0.130030959752	0.139318885449	0.1826625387	0.179566563467	0.0835913312693	0.0835913312693	0.0866873065015	0.15479876161	0.15479876161	0.114551083591	0.0557275541796
158944319-stool3.snv.filtered.bam	0.362229102167	0.390092879257	0.216718266254	0.0123839009288	0.0123839009288	0.136222910217	0.142414860681	0.185758513932	0.120743034056	0.0	0.173374613003	0.179566563467	0.294117647059	0.151702786378	0.368421052632	0.0804953560372	0.00928792569659	0.331269349845	0.343653250774	0.1826625387	0.1826625387	0.207430340557	0.170278637771	0.191950464396	0.198142414861	0.179566563467	0.179566563467	0.179566563467	0.173374613003	0.176470588235	0.136222910217	0.133126934985	0.151702786378	0.148606811146	0.151702786378	0.145510835913	0.15479876161	0.179566563467	0.179566563467	0.130030959752	0.120743034056	0.238390092879	0.232198142415	0.0	0.0	0.0	0.210526315789	0.229102167183	0.222910216718	0.00928792569659	0.0123839009288	0.139318885449	0.1826625387	0.179566563467	0.179566563467	0.207430340557	0.207430340557	0.117647058824	0.136222910217	0.151702786378	0.148606811146	0.216718266254	0.216718266254	0.0	0.170278637771	0.179566563467	0.167182662539	0.164086687307	0.160990712074	0.164086687307	0.160990712074	0.157894736842	0.157894736842	0.167182662539	0.136222910217
159207311-stool2.snv.filtered.bam	0.346749226006	0.377708978328	0.185758513932	0.173374613003	0.176470588235	0.111455108359	0.167182662539	0.139318885449	0.139318885449	0.173374613003	0.0	0.0	0.365325077399	0.176470588235	0.315789473684	0.0247678018576	0.139318885449	0.312693498452	0.325077399381	0.0	0.0	0.167182662539	0.167182662539	0.25386996904	0.25386996904	0.0030959752322	0.0030959752322	0.0030959752322	0.176470588235	0.179566563467	0.0402476780186	0.0743034055728	0.176470588235	0.167182662539	0.176470588235	0.179566563467	0.0278637770898	0.1826625387	0.1826625387	0.136222910217	0.136222910217	0.139318885449	0.136222910217	0.176470588235	0.176470588235	0.176470588235	0.0928792569659	0.114551083591	0.108359133127	0.142414860681	0.176470588235	0.151702786378	0.185758513932	0.1826625387	0.1826625387	0.145510835913	0.145510835913	0.160990712074	0.148606811146	0.176470588235	0.170278637771	0.133126934985	0.133126934985	0.164086687307	0.0030959752322	0.0030959752322	0.195046439628	0.191950464396	0.188854489164	0.188854489164	0.188854489164	0.0650154798762	0.0650154798762	0.0278637770898	0.077399380805
159207311-stool3.snv.filtered.bam	0.340557275542	0.365325077399	0.173374613003	0.179566563467	0.1826625387	0.105263157895	0.157894736842	0.130030959752	0.136222910217	0.179566563467	0.0	0.0	0.352941176471	0.173374613003	0.303405572755	0.0216718266254	0.145510835913	0.303405572755	0.306501547988	0.0	0.0	0.164086687307	0.160990712074	0.244582043344	0.244582043344	0.0030959752322	0.0030959752322	0.0030959752322	0.179566563467	0.1826625387	0.0371517027864	0.0681114551084	0.173374613003	0.164086687307	0.173374613003	0.176470588235	0.0278637770898	0.185758513932	0.185758513932	0.133126934985	0.133126934985	0.136222910217	0.133126934985	0.1826625387	0.1826625387	0.1826625387	0.0897832817337	0.111455108359	0.105263157895	0.142414860681	0.1826625387	0.148606811146	0.188854489164	0.185758513932	0.185758513932	0.142414860681	0.142414860681	0.15479876161	0.145510835913	0.173374613003	0.167182662539	0.12693498452	0.12693498452	0.170278637771	0.0030959752322	0.0030959752322	0.191950464396	0.188854489164	0.185758513932	0.185758513932	0.185758513932	0.061919504644	0.061919504644	0.0278637770898	0.0743034055728
159369152-stool2.snv.filtered.bam	0.318885448916	0.321981424149	0.287925696594	0.312693498452	0.315789473684	0.25386996904	0.260061919505	0.297213622291	0.28173374613	0.294117647059	0.365325077399	0.352941176471	0.0	0.328173374613	0.263157894737	0.28173374613	0.287925696594	0.213622291022	0.213622291022	0.365325077399	0.368421052632	0.30959752322	0.352941176471	0.297213622291	0.297213622291	0.365325077399	0.362229102167	0.365325077399	0.318885448916	0.318885448916	0.306501547988	0.287925696594	0.328173374613	0.325077399381	0.328173374613	0.28173374613	0.331269349845	0.321981424149	0.321981424149	0.291021671827	0.287925696594	0.312693498452	0.30959752322	0.30959752322	0.30959752322	0.30959752322	0.318885448916	0.325077399381	0.328173374613	0.269349845201	0.315789473684	0.284829721362	0.325077399381	0.321981424149	0.321981424149	0.359133126935	0.359133126935	0.25386996904	0.278637770898	0.328173374613	0.325077399381	0.352941176471	0.349845201238	0.294117647059	0.356037151703	0.365325077399	0.371517027864	0.374613003096	0.297213622291	0.303405572755	0.297213622291	0.352941176471	0.352941176471	0.315789473684	0.28173374613
159490532-stool2.snv.filtered.bam	0.399380804954	0.430340557276	0.213622291022	0.160990712074	0.160990712074	0.0928792569659	0.120743034056	0.133126934985	0.139318885449	0.151702786378	0.176470588235	0.173374613003	0.328173374613	0.0	0.359133126935	0.123839009288	0.148606811146	0.325077399381	0.33746130031	0.176470588235	0.179566563467	0.188854489164	0.201238390093	0.210526315789	0.219814241486	0.176470588235	0.173374613003	0.176470588235	0.232198142415	0.235294117647	0.0990712074303	0.0959752321981	0.0	0.0	0.0	0.151702786378	0.139318885449	0.238390092879	0.238390092879	0.142414860681	0.139318885449	0.210526315789	0.204334365325	0.160990712074	0.160990712074	0.160990712074	0.185758513932	0.201238390093	0.188854489164	0.136222910217	0.160990712074	0.142414860681	0.241486068111	0.238390092879	0.238390092879	0.179566563467	0.1826625387	0.123839009288	0.136222910217	0.0	0.0	0.191950464396	0.191950464396	0.15479876161	0.164086687307	0.176470588235	0.207430340557	0.204334365325	0.164086687307	0.170278637771	0.167182662539	0.148606811146	0.148606811146	0.130030959752	0.061919504644
159551223-stool1.snv.filtered.bam	0.33746130031	0.359133126935	0.284829721362	0.374613003096	0.377708978328	0.260061919505	0.287925696594	0.306501547988	0.334365325077	0.368421052632	0.315789473684	0.303405572755	0.263157894737	0.359133126935	0.0	0.263157894737	0.33746130031	0.25386996904	0.256965944272	0.312693498452	0.315789473684	0.303405572755	0.328173374613	0.356037151703	0.352941176471	0.312693498452	0.312693498452	0.312693498452	0.343653250774	0.346749226006	0.266253869969	0.272445820433	0.359133126935	0.349845201238	0.359133126935	0.340557275542	0.294117647059	0.349845201238	0.349845201238	0.33746130031	0.334365325077	0.266253869969	0.266253869969	0.377708978328	0.377708978328	0.377708978328	0.263157894737	0.269349845201	0.272445820433	0.325077399381	0.377708978328	0.334365325077	0.352941176471	0.349845201238	0.349845201238	0.362229102167	0.362229102167	0.294117647059	0.328173374613	0.359133126935	0.356037151703	0.340557275542	0.33746130031	0.359133126935	0.306501547988	0.312693498452	0.331269349845	0.334365325077	0.359133126935	0.365325077399	0.359133126935	0.30959752322	0.30959752322	0.266253869969	0.28173374613
159571453-stool1.snv.filtered.bam	0.297213622291	0.325077399381	0.139318885449	0.0866873065015	0.0866873065015	0.0526315789474	0.0650154798762	0.0712074303406	0.061919504644	0.0804953560372	0.0247678018576	0.0216718266254	0.28173374613	0.123839009288	0.263157894737	0.0	0.0030959752322	0.250773993808	0.263157894737	0.0247678018576	0.0216718266254	0.111455108359	0.111455108359	0.185758513932	0.185758513932	0.0216718266254	0.0216718266254	0.0216718266254	0.108359133127	0.111455108359	0.0061919504644	0.0216718266254	0.123839009288	0.117647058824	0.123839009288	0.0928792569659	0.0123839009288	0.114551083591	0.114551083591	0.061919504644	0.061919504644	0.105263157895	0.102167182663	0.0835913312693	0.0835913312693	0.0835913312693	0.0681114551084	0.0835913312693	0.077399380805	0.0681114551084	0.0897832817337	0.0804953560372	0.117647058824	0.114551083591	0.114551083591	0.108359133127	0.108359133127	0.0588235294118	0.077399380805	0.123839009288	0.117647058824	0.102167182663	0.102167182663	0.0712074303406	0.0216718266254	0.0216718266254	0.142414860681	0.142414860681	0.105263157895	0.105263157895	0.105263157895	0.0433436532508	0.0433436532508	0.00928792569659	0.0402476780186
159571453-stool2.snv.filtered.bam	0.343653250774	0.371517027864	0.195046439628	0.0216718266254	0.0185758513932	0.0897832817337	0.102167182663	0.108359133127	0.0897832817337	0.00928792569659	0.139318885449	0.145510835913	0.287925696594	0.148606811146	0.33746130031	0.0030959752322	0.0	0.303405572755	0.315789473684	0.148606811146	0.148606811146	0.176470588235	0.164086687307	0.198142414861	0.201238390093	0.145510835913	0.145510835913	0.145510835913	0.145510835913	0.148606811146	0.077399380805	0.0835913312693	0.148606811146	0.145510835913	0.148606811146	0.123839009288	0.117647058824	0.151702786378	0.151702786378	0.0990712074303	0.0897832817337	0.207430340557	0.201238390093	0.0123839009288	0.0123839009288	0.0123839009288	0.179566563467	0.198142414861	0.191950464396	0.0185758513932	0.0247678018576	0.123839009288	0.15479876161	0.151702786378	0.151702786378	0.185758513932	0.185758513932	0.0681114551084	0.120743034056	0.148606811146	0.145510835913	0.185758513932	0.185758513932	0.00928792569659	0.136222910217	0.145510835913	0.157894736842	0.157894736842	0.139318885449	0.142414860681	0.139318885449	0.133126934985	0.133126934985	0.130030959752	0.0866873065015
159753524-stool2.snv.filtered.bam	0.28173374613	0.284829721362	0.306501547988	0.346749226006	0.349845201238	0.241486068111	0.275541795666	0.297213622291	0.260061919505	0.331269349845	0.312693498452	0.303405572755	0.213622291022	0.325077399381	0.25386996904	0.250773993808	0.303405572755	0.0	0.0	0.312693498452	0.315789473684	0.272445820433	0.340557275542	0.297213622291	0.297213622291	0.312693498452	0.30959752322	0.312693498452	0.331269349845	0.334365325077	0.256965944272	0.250773993808	0.325077399381	0.318885448916	0.325077399381	0.272445820433	0.269349845201	0.33746130031	0.33746130031	0.272445820433	0.272445820433	0.275541795666	0.275541795666	0.343653250774	0.343653250774	0.343653250774	0.266253869969	0.272445820433	0.272445820433	0.306501547988	0.349845201238	0.272445820433	0.340557275542	0.33746130031	0.33746130031	0.312693498452	0.312693498452	0.247678018576	0.266253869969	0.325077399381	0.321981424149	0.303405572755	0.300309597523	0.328173374613	0.297213622291	0.312693498452	0.340557275542	0.334365325077	0.291021671827	0.294117647059	0.291021671827	0.291021671827	0.291021671827	0.256965944272	0.247678018576
159753524-stool3.snv.filtered.bam	0.284829721362	0.287925696594	0.312693498452	0.359133126935	0.362229102167	0.25386996904	0.287925696594	0.30959752322	0.272445820433	0.343653250774	0.325077399381	0.306501547988	0.213622291022	0.33746130031	0.256965944272	0.263157894737	0.315789473684	0.0	0.0	0.325077399381	0.328173374613	0.284829721362	0.352941176471	0.306501547988	0.303405572755	0.325077399381	0.321981424149	0.325077399381	0.343653250774	0.346749226006	0.269349845201	0.260061919505	0.33746130031	0.328173374613	0.33746130031	0.284829721362	0.28173374613	0.349845201238	0.349845201238	0.284829721362	0.284829721362	0.287925696594	0.287925696594	0.356037151703	0.356037151703	0.356037151703	0.278637770898	0.284829721362	0.284829721362	0.315789473684	0.362229102167	0.284829721362	0.352941176471	0.349845201238	0.349845201238	0.325077399381	0.325077399381	0.260061919505	0.278637770898	0.33746130031	0.334365325077	0.315789473684	0.312693498452	0.340557275542	0.30959752322	0.325077399381	0.346749226006	0.346749226006	0.303405572755	0.306501547988	0.303405572755	0.303405572755	0.303405572755	0.269349845201	0.260061919505
159814214-stool1.snv.filtered.bam	0.352941176471	0.383900928793	0.188854489164	0.1826625387	0.185758513932	0.114551083591	0.170278637771	0.142414860681	0.142414860681	0.1826625387	0.0	0.0	0.365325077399	0.176470588235	0.312693498452	0.0247678018576	0.148606811146	0.312693498452	0.325077399381	0.0	0.0	0.170278637771	0.167182662539	0.247678018576	0.247678018576	0.0030959752322	0.0030959752322	0.0030959752322	0.1826625387	0.185758513932	0.0433436532508	0.0712074303406	0.176470588235	0.167182662539	0.176470588235	0.1826625387	0.0278637770898	0.188854489164	0.188854489164	0.139318885449	0.139318885449	0.139318885449	0.136222910217	0.185758513932	0.185758513932	0.185758513932	0.0928792569659	0.114551083591	0.108359133127	0.145510835913	0.185758513932	0.148606811146	0.191950464396	0.188854489164	0.188854489164	0.145510835913	0.145510835913	0.164086687307	0.145510835913	0.176470588235	0.170278637771	0.136222910217	0.136222910217	0.173374613003	0.0030959752322	0.0030959752322	0.201238390093	0.198142414861	0.191950464396	0.191950464396	0.191950464396	0.0681114551084	0.0681114551084	0.0278637770898	0.0804953560372
159814214-stool2.snv.filtered.bam	0.356037151703	0.386996904025	0.188854489164	0.1826625387	0.185758513932	0.111455108359	0.167182662539	0.142414860681	0.142414860681	0.1826625387	0.0	0.0	0.368421052632	0.179566563467	0.315789473684	0.0216718266254	0.148606811146	0.315789473684	0.328173374613	0.0	0.0	0.170278637771	0.167182662539	0.25386996904	0.25386996904	0.0030959752322	0.0030959752322	0.0030959752322	0.1826625387	0.185758513932	0.0402476780186	0.0743034055728	0.179566563467	0.170278637771	0.179566563467	0.1826625387	0.0278637770898	0.188854489164	0.188854489164	0.139318885449	0.139318885449	0.142414860681	0.139318885449	0.185758513932	0.185758513932	0.185758513932	0.0959752321981	0.117647058824	0.111455108359	0.145510835913	0.185758513932	0.151702786378	0.191950464396	0.188854489164	0.188854489164	0.145510835913	0.145510835913	0.164086687307	0.148606811146	0.179566563467	0.173374613003	0.136222910217	0.136222910217	0.173374613003	0.0030959752322	0.0030959752322	0.201238390093	0.198142414861	0.191950464396	0.191950464396	0.191950464396	0.0681114551084	0.0681114551084	0.0278637770898	0.077399380805
160158126-stool2.snv.filtered.bam	0.343653250774	0.368421052632	0.157894736842	0.216718266254	0.219814241486	0.133126934985	0.188854489164	0.164086687307	0.148606811146	0.207430340557	0.167182662539	0.164086687307	0.30959752322	0.188854489164	0.303405572755	0.111455108359	0.176470588235	0.272445820433	0.284829721362	0.170278637771	0.170278637771	0.0	0.22600619195	0.188854489164	0.191950464396	0.167182662539	0.167182662539	0.167182662539	0.1826625387	0.185758513932	0.0959752321981	0.0959752321981	0.188854489164	0.185758513932	0.188854489164	0.0866873065015	0.148606811146	0.188854489164	0.188854489164	0.157894736842	0.157894736842	0.235294117647	0.229102167183	0.213622291022	0.213622291022	0.213622291022	0.198142414861	0.216718266254	0.207430340557	0.185758513932	0.219814241486	0.195046439628	0.191950464396	0.188854489164	0.188854489164	0.191950464396	0.191950464396	0.120743034056	0.191950464396	0.188854489164	0.185758513932	0.167182662539	0.167182662539	0.204334365325	0.160990712074	0.167182662539	0.213622291022	0.210526315789	0.0897832817337	0.0897832817337	0.0897832817337	0.1826625387	0.1826625387	0.148606811146	0.111455108359
160178356-stool2.snv.filtered.bam	0.303405572755	0.334365325077	0.232198142415	0.1826625387	0.1826625387	0.12693498452	0.176470588235	0.167182662539	0.176470588235	0.170278637771	0.167182662539	0.160990712074	0.352941176471	0.201238390093	0.328173374613	0.111455108359	0.164086687307	0.340557275542	0.352941176471	0.167182662539	0.167182662539	0.22600619195	0.0	0.219814241486	0.22600619195	0.164086687307	0.160990712074	0.164086687307	0.229102167183	0.232198142415	0.117647058824	0.117647058824	0.201238390093	0.198142414861	0.201238390093	0.191950464396	0.157894736842	0.235294117647	0.235294117647	0.1826625387	0.1826625387	0.222910216718	0.216718266254	0.1826625387	0.1826625387	0.1826625387	0.185758513932	0.207430340557	0.201238390093	0.15479876161	0.1826625387	0.1826625387	0.238390092879	0.235294117647	0.235294117647	0.170278637771	0.176470588235	0.145510835913	0.1826625387	0.201238390093	0.195046439628	0.176470588235	0.176470588235	0.167182662539	0.157894736842	0.164086687307	0.179566563467	0.179566563467	0.207430340557	0.207430340557	0.207430340557	0.173374613003	0.173374613003	0.142414860681	0.120743034056
160380657-stool1.snv.filtered.bam	0.365325077399	0.396284829721	0.28173374613	0.213622291022	0.213622291022	0.191950464396	0.219814241486	0.238390092879	0.216718266254	0.191950464396	0.25386996904	0.244582043344	0.297213622291	0.210526315789	0.356037151703	0.185758513932	0.198142414861	0.297213622291	0.306501547988	0.247678018576	0.25386996904	0.188854489164	0.219814241486	0.0	0.0	0.250773993808	0.247678018576	0.250773993808	0.284829721362	0.287925696594	0.170278637771	0.176470588235	0.210526315789	0.210526315789	0.210526315789	0.198142414861	0.213622291022	0.291021671827	0.291021671827	0.229102167183	0.229102167183	0.269349845201	0.263157894737	0.207430340557	0.207430340557	0.207430340557	0.250773993808	0.260061919505	0.247678018576	0.164086687307	0.210526315789	0.222910216718	0.294117647059	0.291021671827	0.291021671827	0.238390092879	0.244582043344	0.188854489164	0.219814241486	0.210526315789	0.210526315789	0.241486068111	0.241486068111	0.188854489164	0.238390092879	0.250773993808	0.170278637771	0.170278637771	0.210526315789	0.210526315789	0.210526315789	0.235294117647	0.235294117647	0.207430340557	0.185758513932
160380657-stool3.snv.filtered.bam	0.365325077399	0.396284829721	0.284829721362	0.219814241486	0.219814241486	0.195046439628	0.222910216718	0.241486068111	0.219814241486	0.198142414861	0.25386996904	0.244582043344	0.297213622291	0.219814241486	0.352941176471	0.185758513932	0.201238390093	0.297213622291	0.303405572755	0.247678018576	0.25386996904	0.191950464396	0.22600619195	0.0	0.0	0.250773993808	0.247678018576	0.250773993808	0.284829721362	0.287925696594	0.173374613003	0.176470588235	0.219814241486	0.219814241486	0.219814241486	0.201238390093	0.210526315789	0.291021671827	0.291021671827	0.232198142415	0.232198142415	0.269349845201	0.263157894737	0.213622291022	0.213622291022	0.213622291022	0.250773993808	0.260061919505	0.247678018576	0.170278637771	0.216718266254	0.222910216718	0.294117647059	0.291021671827	0.291021671827	0.244582043344	0.247678018576	0.188854489164	0.219814241486	0.219814241486	0.219814241486	0.247678018576	0.247678018576	0.195046439628	0.238390092879	0.250773993808	0.173374613003	0.173374613003	0.213622291022	0.213622291022	0.213622291022	0.235294117647	0.235294117647	0.204334365325	0.188854489164
160582958-stool1.snv.filtered.bam	0.352941176471	0.383900928793	0.185758513932	0.179566563467	0.1826625387	0.111455108359	0.167182662539	0.139318885449	0.139318885449	0.179566563467	0.0030959752322	0.0030959752322	0.365325077399	0.176470588235	0.312693498452	0.0216718266254	0.145510835913	0.312693498452	0.325077399381	0.0030959752322	0.0030959752322	0.167182662539	0.164086687307	0.250773993808	0.250773993808	0.0	0.0	0.0	0.179566563467	0.1826625387	0.0402476780186	0.0712074303406	0.176470588235	0.167182662539	0.176470588235	0.179566563467	0.0247678018576	0.185758513932	0.185758513932	0.136222910217	0.136222910217	0.139318885449	0.136222910217	0.1826625387	0.1826625387	0.1826625387	0.0928792569659	0.114551083591	0.108359133127	0.142414860681	0.1826625387	0.148606811146	0.188854489164	0.185758513932	0.185758513932	0.142414860681	0.142414860681	0.160990712074	0.145510835913	0.176470588235	0.170278637771	0.133126934985	0.133126934985	0.170278637771	0.0	0.0	0.198142414861	0.195046439628	0.188854489164	0.188854489164	0.188854489164	0.0650154798762	0.0650154798762	0.0247678018576	0.077399380805
160582958-stool2.snv.filtered.bam	0.349845201238	0.38080495356	0.185758513932	0.179566563467	0.1826625387	0.108359133127	0.164086687307	0.133126934985	0.136222910217	0.179566563467	0.0030959752322	0.0030959752322	0.362229102167	0.173374613003	0.312693498452	0.0216718266254	0.145510835913	0.30959752322	0.321981424149	0.0030959752322	0.0030959752322	0.167182662539	0.160990712074	0.247678018576	0.247678018576	0.0	0.0	0.0	0.179566563467	0.1826625387	0.0340557275542	0.0650154798762	0.173374613003	0.164086687307	0.173374613003	0.176470588235	0.0247678018576	0.185758513932	0.185758513932	0.133126934985	0.133126934985	0.139318885449	0.136222910217	0.1826625387	0.1826625387	0.1826625387	0.0928792569659	0.114551083591	0.108359133127	0.142414860681	0.1826625387	0.145510835913	0.188854489164	0.185758513932	0.185758513932	0.139318885449	0.139318885449	0.157894736842	0.142414860681	0.173374613003	0.167182662539	0.130030959752	0.130030959752	0.170278637771	0.0	0.0	0.195046439628	0.191950464396	0.185758513932	0.185758513932	0.185758513932	0.0650154798762	0.0650154798762	0.0247678018576	0.0743034055728
160582958-stool3.snv.filtered.bam	0.352941176471	0.383900928793	0.185758513932	0.179566563467	0.1826625387	0.111455108359	0.167182662539	0.139318885449	0.139318885449	0.179566563467	0.0030959752322	0.0030959752322	0.365325077399	0.176470588235	0.312693498452	0.0216718266254	0.145510835913	0.312693498452	0.325077399381	0.0030959752322	0.0030959752322	0.167182662539	0.164086687307	0.250773993808	0.250773993808	0.0	0.0	0.0	0.179566563467	0.1826625387	0.0371517027864	0.0712074303406	0.176470588235	0.167182662539	0.176470588235	0.179566563467	0.0247678018576	0.185758513932	0.185758513932	0.136222910217	0.136222910217	0.139318885449	0.136222910217	0.1826625387	0.1826625387	0.1826625387	0.0928792569659	0.114551083591	0.108359133127	0.142414860681	0.1826625387	0.148606811146	0.188854489164	0.185758513932	0.185758513932	0.142414860681	0.142414860681	0.160990712074	0.145510835913	0.176470588235	0.170278637771	0.133126934985	0.133126934985	0.170278637771	0.0	0.0	0.198142414861	0.195046439628	0.188854489164	0.188854489164	0.188854489164	0.0650154798762	0.0650154798762	0.0247678018576	0.077399380805
338793263-stool1.snv.filtered.bam	0.390092879257	0.417956656347	0.151702786378	0.179566563467	0.1826625387	0.139318885449	0.160990712074	0.173374613003	0.136222910217	0.173374613003	0.176470588235	0.179566563467	0.318885448916	0.232198142415	0.343653250774	0.108359133127	0.145510835913	0.331269349845	0.343653250774	0.1826625387	0.1826625387	0.1826625387	0.229102167183	0.284829721362	0.284829721362	0.179566563467	0.179566563467	0.179566563467	0.0	0.0	0.148606811146	0.130030959752	0.232198142415	0.229102167183	0.232198142415	0.123839009288	0.167182662539	0.0030959752322	0.0030959752322	0.145510835913	0.139318885449	0.238390092879	0.232198142415	0.176470588235	0.176470588235	0.176470588235	0.191950464396	0.210526315789	0.204334365325	0.167182662539	0.1826625387	0.164086687307	0.0123839009288	0.0030959752322	0.0030959752322	0.210526315789	0.210526315789	0.117647058824	0.164086687307	0.232198142415	0.22600619195	0.213622291022	0.213622291022	0.167182662539	0.170278637771	0.179566563467	0.229102167183	0.229102167183	0.133126934985	0.133126934985	0.133126934985	0.207430340557	0.207430340557	0.170278637771	0.148606811146
338793263-stool2.snv.filtered.bam	0.390092879257	0.417956656347	0.151702786378	0.1826625387	0.185758513932	0.142414860681	0.164086687307	0.179566563467	0.139318885449	0.176470588235	0.179566563467	0.1826625387	0.318885448916	0.235294117647	0.346749226006	0.111455108359	0.148606811146	0.334365325077	0.346749226006	0.185758513932	0.185758513932	0.185758513932	0.232198142415	0.287925696594	0.287925696594	0.1826625387	0.1826625387	0.1826625387	0.0	0.0	0.151702786378	0.133126934985	0.235294117647	0.232198142415	0.235294117647	0.12693498452	0.170278637771	0.0030959752322	0.0030959752322	0.148606811146	0.142414860681	0.241486068111	0.235294117647	0.179566563467	0.179566563467	0.179566563467	0.195046439628	0.213622291022	0.207430340557	0.170278637771	0.185758513932	0.167182662539	0.0123839009288	0.0030959752322	0.0030959752322	0.213622291022	0.213622291022	0.120743034056	0.167182662539	0.235294117647	0.229102167183	0.216718266254	0.216718266254	0.170278637771	0.173374613003	0.1826625387	0.232198142415	0.232198142415	0.136222910217	0.136222910217	0.136222910217	0.210526315789	0.210526315789	0.173374613003	0.151702786378
675950834-stool1.snv.filtered.bam	0.300309597523	0.331269349845	0.142414860681	0.139318885449	0.133126934985	0.0588235294118	0.0990712074303	0.0835913312693	0.0866873065015	0.136222910217	0.0402476780186	0.0371517027864	0.306501547988	0.0990712074303	0.266253869969	0.0061919504644	0.077399380805	0.256965944272	0.269349845201	0.0433436532508	0.0402476780186	0.0959752321981	0.117647058824	0.170278637771	0.173374613003	0.0402476780186	0.0340557275542	0.0371517027864	0.148606811146	0.151702786378	0.0	0.0	0.102167182663	0.0928792569659	0.102167182663	0.0928792569659	0.0123839009288	0.15479876161	0.15479876161	0.0866873065015	0.0866873065015	0.102167182663	0.0959752321981	0.142414860681	0.142414860681	0.142414860681	0.0681114551084	0.0804953560372	0.0712074303406	0.111455108359	0.142414860681	0.102167182663	0.157894736842	0.15479876161	0.15479876161	0.111455108359	0.111455108359	0.0681114551084	0.0959752321981	0.0990712074303	0.0990712074303	0.0990712074303	0.102167182663	0.130030959752	0.030959752322	0.0402476780186	0.145510835913	0.139318885449	0.105263157895	0.105263157895	0.105263157895	0.0495356037152	0.0495356037152	0.00928792569659	0.0340557275542
675950834-stool2.snv.filtered.bam	0.294117647059	0.328173374613	0.130030959752	0.136222910217	0.133126934985	0.0681114551084	0.111455108359	0.0959752321981	0.0959752321981	0.133126934985	0.0743034055728	0.0681114551084	0.287925696594	0.0959752321981	0.272445820433	0.0216718266254	0.0835913312693	0.250773993808	0.260061919505	0.0712074303406	0.0743034055728	0.0959752321981	0.117647058824	0.176470588235	0.176470588235	0.0712074303406	0.0650154798762	0.0712074303406	0.130030959752	0.133126934985	0.0	0.0	0.0959752321981	0.0928792569659	0.0959752321981	0.0804953560372	0.046439628483	0.136222910217	0.136222910217	0.0959752321981	0.0959752321981	0.133126934985	0.123839009288	0.139318885449	0.139318885449	0.139318885449	0.0959752321981	0.108359133127	0.102167182663	0.117647058824	0.139318885449	0.111455108359	0.136222910217	0.136222910217	0.136222910217	0.130030959752	0.130030959752	0.0681114551084	0.108359133127	0.0959752321981	0.0928792569659	0.114551083591	0.114551083591	0.12693498452	0.0681114551084	0.0712074303406	0.142414860681	0.142414860681	0.0959752321981	0.0959752321981	0.0959752321981	0.0712074303406	0.0712074303406	0.0433436532508	0.0371517027864
686765762-stool1.snv.filtered.bam	0.399380804954	0.430340557276	0.213622291022	0.160990712074	0.160990712074	0.0928792569659	0.120743034056	0.130030959752	0.139318885449	0.151702786378	0.176470588235	0.173374613003	0.328173374613	0.0	0.359133126935	0.123839009288	0.148606811146	0.325077399381	0.33746130031	0.176470588235	0.179566563467	0.188854489164	0.201238390093	0.210526315789	0.219814241486	0.176470588235	0.173374613003	0.176470588235	0.232198142415	0.235294117647	0.102167182663	0.0959752321981	0.0	0.0	0.0	0.151702786378	0.139318885449	0.238390092879	0.238390092879	0.142414860681	0.139318885449	0.210526315789	0.204334365325	0.160990712074	0.160990712074	0.160990712074	0.185758513932	0.201238390093	0.188854489164	0.136222910217	0.160990712074	0.142414860681	0.241486068111	0.238390092879	0.238390092879	0.179566563467	0.1826625387	0.123839009288	0.136222910217	0.0	0.0	0.191950464396	0.191950464396	0.15479876161	0.164086687307	0.176470588235	0.207430340557	0.204334365325	0.164086687307	0.170278637771	0.167182662539	0.148606811146	0.148606811146	0.130030959752	0.061919504644
