	158337416-tonguedorsum1.snv.filtered.bam	158337416-tonguedorsum2.snv.filtered.bam	158458797-tonguedorsum1.snv.filtered.bam	158479027-tonguedorsum1.snv.filtered.bam	158479027-tonguedorsum2.snv.filtered.bam	158499257-tonguedorsum1.snv.filtered.bam	158499257-tonguedorsum2.snv.filtered.bam	158802708-tonguedorsum1.snv.filtered.bam	158802708-tonguedorsum2.snv.filtered.bam	158802708-tonguedorsum3.snv.filtered.bam	158883629-tonguedorsum2.snv.filtered.bam	158944319-tonguedorsum1.snv.filtered.bam	158944319-tonguedorsum2.snv.filtered.bam	158944319-tonguedorsum3.snv.filtered.bam	159207311-tonguedorsum3.snv.filtered.bam	159227541-tonguedorsum2.snv.filtered.bam	159268001-tonguedorsum1.snv.filtered.bam	159268001-tonguedorsum2.snv.filtered.bam	159268001-tonguedorsum3.snv.filtered.bam	159369152-tonguedorsum1.snv.filtered.bam	159490532-tonguedorsum1.snv.filtered.bam	159510762-supragingivalplaque3.snv.filtered.bam	159510762-tonguedorsum2.snv.filtered.bam	159571453-tonguedorsum2.snv.filtered.bam	159591683-tonguedorsum2.snv.filtered.bam	159753524-tonguedorsum1.snv.filtered.bam	159753524-tonguedorsum3.snv.filtered.bam	159814214-tonguedorsum2.snv.filtered.bam	160158126-tonguedorsum1.snv.filtered.bam	160158126-tonguedorsum2.snv.filtered.bam	160178356-tonguedorsum1.snv.filtered.bam	160178356-tonguedorsum3.snv.filtered.bam	160319967-tonguedorsum1.snv.filtered.bam	160319967-tonguedorsum3.snv.filtered.bam	160380657-tonguedorsum3.snv.filtered.bam	160421117-tonguedorsum2.snv.filtered.bam	160421117-tonguedorsum3.snv.filtered.bam	160502038-tonguedorsum1.snv.filtered.bam	160502038-tonguedorsum2.snv.filtered.bam	160582958-tonguedorsum3.snv.filtered.bam	370425937-tonguedorsum1.snv.filtered.bam	508703490-tonguedorsum2.snv.filtered.bam	550534656-tonguedorsum1.snv.filtered.bam	604812005-tonguedorsum1.snv.filtered.bam	604812005-tonguedorsum3.snv.filtered.bam	675950834-tonguedorsum2.snv.filtered.bam	675950834-tonguedorsum3.snv.filtered.bam	686765762-tonguedorsum1.snv.filtered.bam	686765762-tonguedorsum2.snv.filtered.bam	686765762-tonguedorsum3.snv.filtered.bam	763435843-tonguedorsum1.snv.filtered.bam	763435843-tonguedorsum2.snv.filtered.bam	763496533-palatinetonsils2.snv.filtered.bam	763577454-tonguedorsum1.snv.filtered.bam	763820215-tonguedorsum1.snv.filtered.bam	763820215-tonguedorsum2.snv.filtered.bam	763840445-tonguedorsum1.snv.filtered.bam	763840445-tonguedorsum2.snv.filtered.bam	763860675-tonguedorsum1.snv.filtered.bam	763901136-tonguedorsum2.snv.filtered.bam	763901136-tonguedorsum3.snv.filtered.bam	763961826-tonguedorsum1.snv.filtered.bam	763961826-tonguedorsum2.snv.filtered.bam	764042746-tonguedorsum1.snv.filtered.bam	764083206-tonguedorsum1.snv.filtered.bam	764083206-tonguedorsum2.snv.filtered.bam	764143897-tonguedorsum2.snv.filtered.bam	764224817-tonguedorsum1.snv.filtered.bam	764224817-tonguedorsum2.snv.filtered.bam	764285508-tonguedorsum1.snv.filtered.bam	764285508-tonguedorsum2.snv.filtered.bam	764325968-tonguedorsum1.snv.filtered.bam	764487809-tonguedorsum1.snv.filtered.bam	764487809-tonguedorsum2.snv.filtered.bam	764508039-tonguedorsum1.snv.filtered.bam	764508039-tonguedorsum3.snv.filtered.bam	764649650-tonguedorsum1.snv.filtered.bam	764811490-tonguedorsum1.snv.filtered.bam	765013792-tonguedorsum2.snv.filtered.bam	765013792-tonguedorsum3.snv.filtered.bam	765135172-tonguedorsum2.snv.filtered.bam	765337473-tonguedorsum1.snv.filtered.bam	765337473-tonguedorsum2.snv.filtered.bam	765701615-tonguedorsum1.snv.filtered.bam	765701615-tonguedorsum2.snv.filtered.bam	809635352-tonguedorsum1.snv.filtered.bam	809635352-tonguedorsum2.snv.filtered.bam	823052294-tonguedorsum1.snv.filtered.bam	861967750-tonguedorsum1.snv.filtered.bam
158337416-tonguedorsum1.snv.filtered.bam	0.0	0.113509494711	0.201434375552	0.116813555566	0.12395060224	0.191441453174	0.178886631446	0.163478867772	0.16414410159	0.164083213897	0.144230360144	0.133352718587	0.142676315001	0.13292752682	0.156780995496	0.16658767182	0.187618961619	0.183331786171	0.189980760382	0.183879522501	0.157079210517	0.170246408799	0.183419382192	0.236557711571	0.170608668756	0.169768875093	0.153776892409	0.171470470533	0.157700364472	0.16443244912	0.127673769716	0.14673746455	0.162489561352	0.165006154756	0.156509236422	0.134796720733	0.13973520642	0.146137115856	0.138200731134	0.221538091138	0.168267479482	0.208493368665	0.137749881749	0.163783353062	0.139924953875	0.177174764735	0.187854917367	0.164445315005	0.147127895174	0.175254963814	0.128825868124	0.136536323151	0.128442267155	0.161970490361	0.138462686841	0.143325587521	0.143179304142	0.117163758144	0.127033282604	0.16173655259	0.157916114478	0.180807460784	0.172389021757	0.154735583349	0.185048842006	0.165067603562	0.16349821955	0.14225988455	0.149048998126	0.149415107048	0.179224912714	0.155205926224	0.162210311088	0.162019635432	0.138984795117	0.168134032023	0.16590182577	0.153737606505	0.135671308654	0.138334784458	0.204270794081	0.13558481399	0.15837842906	0.137356034721	0.128572333293	0.130954006054	0.167666695792	0.175927151024	0.14146503123
158337416-tonguedorsum2.snv.filtered.bam	0.113509494711	0.0	0.184511700877	0.129284079481	0.112394737398	0.168494132657	0.155133295009	0.164501103129	0.168900991149	0.165408003181	0.133536226092	0.131423321705	0.15442788881	0.134403643514	0.145155784026	0.154387804895	0.152065609003	0.16684553987	0.171786546708	0.170258814321	0.126923989356	0.124988275256	0.135691191843	0.313460681936	0.140497070786	0.173237112253	0.159136701163	0.171130385832	0.137851877951	0.141684964139	0.119268061813	0.161848206297	0.137296936319	0.126545601052	0.181481483516	0.13540379297	0.140340093293	0.139469222243	0.134270570791	0.210448609932	0.136763707522	0.15679990447	0.102579742114	0.155341197567	0.138132517721	0.188389875725	0.205243729091	0.160939069944	0.124107173511	0.128149934175	0.125524125225	0.126293493922	0.150029037621	0.173841481273	0.138517082139	0.156815159246	0.128544480086	0.117855964721	0.133831629282	0.134336505395	0.126053045509	0.191971540555	0.181931308178	0.147496946837	0.171082980558	0.152422150314	0.216884625628	0.152089503909	0.142739698284	0.149030559472	0.138650871354	0.140657589207	0.126398681731	0.126994674681	0.1170974837	0.157769496212	0.15626942999	0.135552845684	0.137753935807	0.133539425686	0.200733242929	0.12230359603	0.154870834883	0.136297506101	0.123968437449	0.142177965563	0.177827772874	0.162401408293	0.141220128565
158458797-tonguedorsum1.snv.filtered.bam	0.201434375552	0.184511700877	0.0	0.163131759987	0.160793441739	0.174276111844	0.157896398006	0.188782505462	0.192749206945	0.187054291829	0.139970474284	0.173407602655	0.181719174685	0.176074977929	0.166817637606	0.139404439284	0.158979636567	0.173090579319	0.160419801196	0.217414647717	0.164703963167	0.167417795428	0.17364132448	0.316842532837	0.162712232546	0.131452188837	0.135232630829	0.169253957218	0.14652951579	0.138308402807	0.136334544949	0.169382089243	0.174809525985	0.170500267551	0.185447823045	0.175048431992	0.164808517972	0.135540302154	0.121881235736	0.226968616747	0.169746201304	0.113561135694	0.172933140846	0.165036114386	0.142962239273	0.187756367199	0.2004765368	0.183223319138	0.139955698575	0.150430694396	0.163048835159	0.166918688544	0.170225313099	0.191311672313	0.152455076146	0.156992326061	0.181784394649	0.163797895209	0.136184081301	0.150080436765	0.176609941508	0.186471387566	0.18174528665	0.190119949579	0.179499866891	0.165073145724	0.231888009981	0.196635216291	0.18860663474	0.17125125919	0.182591765898	0.174541526365	0.16636155237	0.165437149548	0.133071292734	0.161616814579	0.160207818697	0.177487132083	0.174297323826	0.169243882742	0.165661299553	0.149782509038	0.157285806511	0.157556514528	0.146089320069	0.17459352547	0.201784051233	0.160608614546	0.146560401541
158479027-tonguedorsum1.snv.filtered.bam	0.116813555566	0.129284079481	0.163131759987	0.0	0.0539949846642	0.153036797524	0.143156308545	0.150382003539	0.154597671572	0.151645383472	0.121479092086	0.104274983918	0.113902877836	0.105784990051	0.130924535157	0.136228470617	0.159479919399	0.15381890964	0.155668052713	0.168817766921	0.135463549291	0.124050271081	0.13923787428	0.263918035716	0.149193657602	0.139969230699	0.131571338932	0.135919044071	0.131716234243	0.137827248668	0.100285737574	0.121815310779	0.136772810937	0.15028926921	0.138365775791	0.108835279955	0.114051642688	0.114628665765	0.111026914439	0.199570359493	0.159037432549	0.174744251778	0.10848368964	0.133516167039	0.108233455948	0.151326146626	0.163036645562	0.144929462623	0.11411042917	0.1470654944	0.100623088797	0.104422894754	0.112161873024	0.135928563616	0.108625346367	0.106645888141	0.123501005968	0.101861375844	0.0978782913905	0.128577298894	0.142697796863	0.158945140422	0.152645602989	0.139549593932	0.159339908558	0.141066015442	0.16091253109	0.130273137785	0.133017451621	0.147974610069	0.171045776602	0.151007342145	0.1522633798	0.152874578104	0.107156936466	0.125967835747	0.158715329293	0.11716300588	0.11510030757	0.11006200882	0.171750613131	0.0978592534181	0.134264199332	0.100331956896	0.0982836239006	0.0596455521211	0.0977541079962	0.140454032064	0.109789691756
158479027-tonguedorsum2.snv.filtered.bam	0.12395060224	0.112394737398	0.160793441739	0.0539949846642	0.0	0.154993318813	0.144430928876	0.155131638914	0.161180559205	0.153106447608	0.11907321345	0.0970936728181	0.116705695682	0.104593313393	0.124458475471	0.134868632832	0.153955766903	0.14608739885	0.145053841083	0.176416553202	0.136940686948	0.125816696452	0.141483777816	0.287055090009	0.141995945054	0.143621375968	0.131233828909	0.140799245582	0.130309140458	0.139026636516	0.100762689254	0.13745296657	0.141068661885	0.143194345211	0.15069023451	0.106185031557	0.113499211978	0.112661772136	0.118920108393	0.192570942166	0.161912988663	0.171081707448	0.106243397396	0.13032821307	0.107120887109	0.159182698161	0.170792890071	0.155676491754	0.115459435021	0.143087780636	0.0961815116874	0.100189514667	0.120921010114	0.137946520858	0.112400923455	0.117915671935	0.137217270292	0.106588085951	0.100231347973	0.119645390682	0.132472076027	0.172622053257	0.163028694319	0.150002199982	0.164515443217	0.139261507285	0.180081607423	0.14691203104	0.140948651808	0.145179530426	0.16193093081	0.143908417562	0.144164972571	0.144526956071	0.105896295406	0.133299387892	0.155361478777	0.115634504758	0.117377274702	0.116294922845	0.17122741505	0.0961534024141	0.13136242552	0.105118661846	0.0942274327532	0.0816498590948	0.121571421082	0.139234590858	0.118809789886
158499257-tonguedorsum1.snv.filtered.bam	0.191441453174	0.168494132657	0.174276111844	0.153036797524	0.154993318813	0.0	0.0530557725593	0.142346145151	0.135994973176	0.131550003619	0.157699501163	0.154465490627	0.144037347429	0.153477794262	0.135473771322	0.152612885491	0.171443318316	0.1907733066	0.189534810024	0.214796631593	0.166778297942	0.166880683534	0.178077756019	0.311061146568	0.163061738714	0.167791922539	0.163318015072	0.144475650309	0.171211655673	0.172195074226	0.119349208312	0.135249624473	0.16632073234	0.162355957661	0.150335105238	0.125185523611	0.137941407557	0.149645400288	0.130525175789	0.204879927095	0.168759107609	0.191837559122	0.136532657433	0.137510179621	0.139216204807	0.21524006407	0.227987526397	0.134493897733	0.125264933924	0.148041186139	0.147701770089	0.143000663614	0.178730528077	0.160344222433	0.130990443925	0.157598024089	0.170501933564	0.141240170768	0.135070529179	0.148111717114	0.169743745584	0.221396857945	0.212427772041	0.158788977933	0.189655759616	0.18154140981	0.235638321843	0.186324132248	0.176584913396	0.19179475135	0.197103150869	0.181267922272	0.16858658673	0.170290667286	0.128706358128	0.103151301259	0.150040399817	0.148058627906	0.144318038855	0.13995228068	0.174889553816	0.138754383921	0.166210533558	0.130581939654	0.147732695145	0.164670878183	0.187634414949	0.14929629688	0.119398279523
158499257-tonguedorsum2.snv.filtered.bam	0.178886631446	0.155133295009	0.157896398006	0.143156308545	0.144430928876	0.0530557725593	0.0	0.152072213812	0.155454245481	0.147021000716	0.138036484239	0.139522871761	0.12936797055	0.138900315471	0.133804997202	0.141664119931	0.154746414675	0.19054499772	0.18776303479	0.194814327682	0.154431964808	0.160379879987	0.172175384902	0.30282138937	0.150527694896	0.15128120765	0.149563563888	0.14552578442	0.149079161445	0.152101165767	0.112395264723	0.125431014688	0.160318294363	0.159345752586	0.148546836296	0.122867590817	0.123746788846	0.142882392317	0.123064412003	0.208707267009	0.162197387978	0.175682352997	0.124670251969	0.134195380395	0.126606487049	0.201009916135	0.212904490384	0.150274809677	0.122609945865	0.136529765156	0.137649967277	0.133431361282	0.172858539202	0.169958751551	0.127454292334	0.147330228943	0.160710299023	0.131738121871	0.123522207066	0.136324368615	0.155496055116	0.203617934016	0.194871436011	0.143935568588	0.184620242932	0.1721968459	0.231027575047	0.170872255842	0.166094339486	0.182787600632	0.181840339388	0.174388369798	0.162983351084	0.162633811123	0.117009758444	0.112680730399	0.143351774869	0.139059067065	0.134143124546	0.132012092873	0.17291906074	0.129800630538	0.163752021286	0.12823859774	0.13653057425	0.159195298414	0.185694376205	0.147966701368	0.117634391117
158802708-tonguedorsum1.snv.filtered.bam	0.163478867772	0.164501103129	0.188782505462	0.150382003539	0.155131638914	0.142346145151	0.152072213812	0.0	0.0360070383979	0.0322989420874	0.165384819115	0.148344361393	0.124844188308	0.144134119716	0.138967032387	0.167078602579	0.180054899002	0.177957112296	0.180918543519	0.20409992079	0.177031074138	0.167130035344	0.180715975213	0.258868095976	0.168363885695	0.164021663497	0.143076533729	0.123165673858	0.18545459986	0.186449332961	0.120705331989	0.132367495848	0.180122183556	0.169565844642	0.125687069983	0.11627683233	0.149630685376	0.14036467298	0.129876472538	0.174799011192	0.158961493775	0.201648897825	0.136075967286	0.148983530671	0.143830539277	0.181629390521	0.199157152502	0.093528478965	0.131709451023	0.171542968166	0.148608277959	0.161986830267	0.153257732288	0.11829673088	0.102314446813	0.133889395373	0.188627028228	0.160872396556	0.12739486157	0.151110654516	0.160219573928	0.195309149869	0.183907202745	0.157090543193	0.176114380874	0.167700321305	0.192121282108	0.193757086015	0.199281569287	0.164798947229	0.182658996359	0.175368289985	0.146993050387	0.14756011311	0.143756936049	0.111453169766	0.147245924945	0.147856238561	0.143082321853	0.139869310065	0.162320572989	0.127589583097	0.135069959283	0.11871961542	0.140432208089	0.160758364209	0.16649848656	0.142852364112	0.106258057054
158802708-tonguedorsum2.snv.filtered.bam	0.16414410159	0.168900991149	0.192749206945	0.154597671572	0.161180559205	0.135994973176	0.155454245481	0.0360070383979	0.0	0.0334325615132	0.171911577555	0.154821133527	0.128469439924	0.150445475785	0.143409739979	0.169532611893	0.191927007747	0.188178260729	0.18863249252	0.204335354558	0.178995562505	0.167316427395	0.179754767024	0.267835357325	0.175951686924	0.175054485845	0.155099521946	0.134729263817	0.193085120222	0.194069736986	0.124997351767	0.130103323982	0.182252565868	0.172924966262	0.132459217406	0.11518482852	0.151195394004	0.149975377692	0.135083155562	0.186403700188	0.161090511936	0.209444308451	0.133646010714	0.152426564388	0.147852355076	0.191930070802	0.206798430662	0.0844649130412	0.132954225279	0.179756515383	0.152904805252	0.165020190582	0.157295182173	0.123445546992	0.114190348525	0.141082813309	0.189836523454	0.166663476682	0.131309992585	0.157932384709	0.16046757055	0.199988406424	0.189952404123	0.154219083302	0.183699767667	0.17843772513	0.191329514849	0.19775801653	0.202429933471	0.168436004798	0.183972681877	0.179455368274	0.153672464079	0.152965069407	0.147865242979	0.116441186674	0.157940763405	0.150865570629	0.149846879775	0.14584895585	0.173683516042	0.131999756199	0.138706060786	0.125971421775	0.14778241105	0.16190063711	0.162469778065	0.148278138821	0.112701258166
158802708-tonguedorsum3.snv.filtered.bam	0.164083213897	0.165408003181	0.187054291829	0.151645383472	0.153106447608	0.131550003619	0.147021000716	0.0322989420874	0.0334325615132	0.0	0.163495192175	0.147602478141	0.127126638599	0.146059087346	0.140925230182	0.165125240088	0.186146434141	0.182775978512	0.185735263175	0.212444544931	0.174110684634	0.160704450578	0.173818319077	0.270987656804	0.167028672715	0.163686936618	0.146932432707	0.116193549534	0.185944553762	0.188362458949	0.119502837269	0.136979776309	0.179095131593	0.167939647398	0.128707910798	0.112308770868	0.150034386976	0.144586853209	0.130355410533	0.17022857127	0.161634917098	0.203113833247	0.133248126108	0.140147668108	0.135642964952	0.195166440737	0.21285591837	0.0922515063291	0.124816059267	0.168657368041	0.14941900405	0.160216977456	0.153861983924	0.114400498024	0.0975344225335	0.130980230193	0.189808176586	0.16146321704	0.127508975903	0.150153812696	0.161048779048	0.204077581989	0.193558551494	0.158291004985	0.181021934513	0.174133253084	0.199859646482	0.196170903963	0.200576691561	0.167753565602	0.187965492409	0.178701091556	0.146748031547	0.146992348243	0.144126658248	0.102872227325	0.143459099913	0.143236725852	0.143235091298	0.135245014737	0.17488065063	0.12641152475	0.142254498661	0.109588085135	0.141214210929	0.164156591004	0.170510073821	0.140807623766	0.101047855592
158883629-tonguedorsum2.snv.filtered.bam	0.144230360144	0.133536226092	0.139970474284	0.121479092086	0.11907321345	0.157699501163	0.138036484239	0.165384819115	0.171911577555	0.163495192175	0.0	0.142813175354	0.146991570469	0.13457204176	0.146111229988	0.121849263977	0.165794596551	0.179162099877	0.181438202589	0.168368840732	0.124417277107	0.128302152876	0.13797291669	0.285214619988	0.141476171164	0.150508878688	0.139808466729	0.148273753722	0.121471999063	0.133281505081	0.101980719717	0.123505471655	0.144764371035	0.149961808039	0.152888469484	0.125245350095	0.122566934687	0.129806815434	0.122926246612	0.21079129531	0.140626024408	0.154486356006	0.13493696622	0.141836803002	0.119911058196	0.176101999734	0.185893004108	0.154853665644	0.111590446051	0.126432411127	0.118658650738	0.119237476694	0.151329825799	0.170402496874	0.130215745457	0.139575749962	0.101958894273	0.102610091279	0.116354417336	0.145897007617	0.145446523574	0.15781157495	0.150654621751	0.148027829279	0.181865011194	0.157513441595	0.206808270688	0.11719347687	0.120948700162	0.151123616347	0.158130153235	0.141334731759	0.139958491112	0.139338733916	0.113734715833	0.141148151967	0.162639815352	0.147186277411	0.120265460015	0.117991251761	0.171969243874	0.118519647462	0.147300209682	0.114108203955	0.104911480864	0.128302779139	0.163145003814	0.153024943346	0.137141163371
158944319-tonguedorsum1.snv.filtered.bam	0.133352718587	0.131423321705	0.173407602655	0.104274983918	0.0970936728181	0.154465490627	0.139522871761	0.148344361393	0.154821133527	0.147602478141	0.142813175354	0.0	0.0523401306189	0.0452706202175	0.115253703451	0.143828064518	0.164012767679	0.14957805693	0.14560591401	0.175892219339	0.15258547956	0.161644844806	0.175548061036	0.292490307367	0.121317178427	0.139464463042	0.127583208115	0.152209334691	0.147042582056	0.148161563953	0.123279965193	0.142797008297	0.157334811394	0.150932043003	0.167246363104	0.122789758711	0.123320455936	0.122714757159	0.125887387554	0.187992652605	0.165616256175	0.150185650449	0.116018673185	0.105920700616	0.0861988086421	0.141915148952	0.155637644243	0.144736784678	0.119550293993	0.147761633373	0.0931855041576	0.109667620183	0.13430846239	0.148874874903	0.105372526261	0.126131855269	0.156241342925	0.113490477277	0.111030561396	0.110057469877	0.131696007584	0.181314145938	0.171503039634	0.154456843945	0.164661105447	0.145923800919	0.218818842716	0.164160863012	0.159045626366	0.156801437159	0.177390077727	0.144267321646	0.14705248186	0.148525081466	0.114608497682	0.133965876244	0.166143673488	0.114583400791	0.12579879899	0.125106665291	0.166308461336	0.100619238412	0.125456735024	0.114056113813	0.109448233888	0.134551802356	0.171436568176	0.13466726309	0.110004466964
158944319-tonguedorsum2.snv.filtered.bam	0.142676315001	0.15442788881	0.181719174685	0.113902877836	0.116705695682	0.144037347429	0.12936797055	0.124844188308	0.128469439924	0.127126638599	0.146991570469	0.0523401306189	0.0	0.0566645931964	0.110801105862	0.14915942097	0.166625629611	0.149799710194	0.147471647059	0.174882580638	0.161222783307	0.163462270695	0.176437380003	0.275532521487	0.127185102562	0.145711809738	0.125614438256	0.144328560656	0.154368894993	0.15530968968	0.126941008495	0.1235454313	0.161460982549	0.156111102186	0.15029634657	0.105809999408	0.118989873383	0.122747263217	0.126958192715	0.178692958543	0.166813224096	0.162056123664	0.114236559673	0.104008824585	0.0923385491329	0.143697295304	0.153765901569	0.117380085491	0.125076602746	0.155083759896	0.0962890163734	0.11390870935	0.138730083685	0.130379846653	0.105754599779	0.121732428767	0.154576316019	0.118823789891	0.10566548305	0.109822074057	0.136010929045	0.179862800467	0.169821859345	0.146660857971	0.171578669399	0.152491105903	0.206966316674	0.161007862851	0.164156055171	0.159002309652	0.18229827035	0.150630019745	0.153901644132	0.154865288617	0.113483739141	0.122798180044	0.158232941198	0.114495275787	0.125919394031	0.130324367271	0.154410363072	0.101626411829	0.11284594993	0.112127349309	0.119079566137	0.133886832682	0.160889511059	0.127352593586	0.107939216132
158944319-tonguedorsum3.snv.filtered.bam	0.13292752682	0.134403643514	0.176074977929	0.105784990051	0.104593313393	0.153477794262	0.138900315471	0.144134119716	0.150445475785	0.146059087346	0.13457204176	0.0452706202175	0.0566645931964	0.0	0.110788646794	0.131187875945	0.157376541895	0.149826897732	0.14556263371	0.161103776205	0.143790042095	0.159474095456	0.173537059158	0.283040287485	0.104372120344	0.145040517817	0.130657260385	0.149296143907	0.135219304269	0.139520291066	0.118526135456	0.138728864233	0.149379307921	0.141836162017	0.163895075498	0.114655469485	0.116334416215	0.115175403493	0.125513316542	0.191075017601	0.156188453271	0.146804890143	0.119079065696	0.094800699815	0.0848908154791	0.130427701697	0.145134673234	0.135131766257	0.112879500572	0.139115133736	0.088966256053	0.0953407579958	0.135567684896	0.144008374791	0.105496383139	0.121105659148	0.145034394825	0.100413625206	0.108366583988	0.10599928933	0.119960425543	0.175729100061	0.164828180899	0.14350509856	0.157282114252	0.13891695213	0.215041156156	0.151092037722	0.147015721568	0.149164532551	0.171862680854	0.133972243174	0.132235622848	0.13354965751	0.106621463643	0.132263067221	0.167209488414	0.114071940953	0.114106037568	0.114096488096	0.160546613645	0.097104761371	0.119952386198	0.114281644369	0.104396173859	0.130581535422	0.1672585223	0.126354085472	0.10969183396
159207311-tonguedorsum3.snv.filtered.bam	0.156780995496	0.145155784026	0.166817637606	0.130924535157	0.124458475471	0.135473771322	0.133804997202	0.138967032387	0.143409739979	0.140925230182	0.146111229988	0.115253703451	0.110801105862	0.110788646794	0.0	0.150406734485	0.151513775838	0.0953135073628	0.103300776637	0.205818175785	0.172427057367	0.142939281375	0.150875889365	0.313052924469	0.0945080667532	0.143974874911	0.127658716518	0.128852843111	0.149722050851	0.153585475635	0.105161621161	0.125858077041	0.171394817437	0.156136239607	0.152087742862	0.104988117591	0.111961110046	0.112481685749	0.121720410453	0.168225428302	0.144036535151	0.173866439329	0.127061865273	0.087726836563	0.0949519436848	0.16566556631	0.1884163786	0.127451096774	0.122125639902	0.145713852342	0.0961517806846	0.111587297578	0.158222900318	0.138608832764	0.0924099416097	0.139289071688	0.159177702542	0.116962763767	0.107356396028	0.0917085959649	0.120100243889	0.211276695942	0.201366046303	0.125993451107	0.164786056351	0.156096620658	0.232666491709	0.177555845148	0.166214637162	0.154725857558	0.159796570631	0.14142651861	0.138550386261	0.139279295317	0.115793297411	0.111978775415	0.134410518649	0.129249465085	0.127575541806	0.138017796556	0.140488090815	0.0939519104309	0.076796132396	0.098363511918	0.113876301731	0.134506306454	0.185400009242	0.0934616545006	0.0898263646362
159227541-tonguedorsum2.snv.filtered.bam	0.16658767182	0.154387804895	0.139404439284	0.136228470617	0.134868632832	0.152612885491	0.141664119931	0.167078602579	0.169532611893	0.165125240088	0.121849263977	0.143828064518	0.14915942097	0.131187875945	0.150406734485	0.0	0.162431032332	0.164010143762	0.167475195291	0.16682348719	0.132247404705	0.151824289191	0.164160108437	0.297380157785	0.14061000279	0.169642570352	0.160036746016	0.134400315004	0.135749977081	0.14684970303	0.125706813069	0.1551719699	0.151943505631	0.150835651614	0.164205046264	0.129809898646	0.1150202401	0.13574910629	0.132926787429	0.201266816658	0.17202793784	0.158067958338	0.134082386704	0.122639616911	0.107105515054	0.1770605462	0.190244817024	0.164818657208	0.131933311359	0.14425209958	0.133693518403	0.116687486107	0.149800199366	0.15717633393	0.140974132017	0.133585411413	0.162292255555	0.113176792957	0.123838372154	0.138702121259	0.148007812956	0.192124333008	0.187578451493	0.157763295248	0.173638555968	0.152295708888	0.213158887615	0.176403210991	0.165742212395	0.150237995417	0.163875114002	0.149259765021	0.14706696963	0.145641538683	0.104102523025	0.142384979864	0.15177940185	0.147424743623	0.104752502295	0.112341198495	0.18942128258	0.120017548483	0.172576162549	0.131998863783	0.118010768592	0.156344247424	0.188505648027	0.155698236562	0.141132616369
159268001-tonguedorsum1.snv.filtered.bam	0.187618961619	0.152065609003	0.158979636567	0.159479919399	0.153955766903	0.171443318316	0.154746414675	0.180054899002	0.191927007747	0.186146434141	0.165794596551	0.164012767679	0.166625629611	0.157376541895	0.151513775838	0.162431032332	0.0	0.16169112584	0.165688288145	0.199071736131	0.157593906636	0.142674202863	0.151694018866	0.310036722769	0.141722620532	0.165093171045	0.165161990287	0.189168075945	0.120789191594	0.118007093819	0.154458325711	0.173329983384	0.149911251441	0.145938376883	0.202538893801	0.148912497762	0.142731112827	0.163248854923	0.156919877999	0.218866053813	0.152703740089	0.144761433792	0.158612487951	0.154990749139	0.146810169658	0.178095194891	0.185165523328	0.190217304128	0.14604210525	0.140569386754	0.149114184277	0.149496947158	0.177133182329	0.194792002399	0.16504428702	0.176064247816	0.165871338356	0.139965409924	0.146476172784	0.129504882637	0.140364970419	0.188092472034	0.18443292188	0.176194374387	0.134240498244	0.112296631194	0.229474056117	0.172037002774	0.156640886173	0.157870793873	0.165272782679	0.162754197361	0.155071781345	0.153037993206	0.135998897584	0.177358140958	0.182743933158	0.149662477114	0.157172897314	0.152272000503	0.185025652274	0.141336497168	0.159342787019	0.163440568364	0.140874474856	0.162330472376	0.184331710523	0.161696020031	0.156348128775
159268001-tonguedorsum2.snv.filtered.bam	0.183331786171	0.16684553987	0.173090579319	0.15381890964	0.14608739885	0.1907733066	0.19054499772	0.177957112296	0.188178260729	0.182775978512	0.179162099877	0.14957805693	0.149799710194	0.149826897732	0.0953135073628	0.164010143762	0.16169112584	0.0	0.0118645054967	0.201593676834	0.191444706963	0.157346071998	0.150503824281	0.317434393803	0.130664033287	0.162045120372	0.14731010312	0.174492905552	0.157790636332	0.162404084315	0.156814177614	0.186478633654	0.183883627135	0.17537725941	0.198386090373	0.133332915231	0.144567632622	0.126834525221	0.149172419713	0.173357090085	0.18667645787	0.179427875867	0.147861871591	0.128127344251	0.128740205985	0.157383329329	0.178579331163	0.170847829412	0.172208949643	0.186001627163	0.12933968408	0.140964995303	0.173059621553	0.1520415406	0.138403693723	0.161151840703	0.170685581039	0.144952547533	0.149883671091	0.110251861405	0.13162008775	0.196017578296	0.188544399381	0.181826015543	0.170716447932	0.156801639645	0.226178040865	0.193384665342	0.178712096941	0.154758239631	0.177787066185	0.151182101625	0.167577149968	0.166955274672	0.136743033973	0.166361274092	0.170628735459	0.155064693215	0.146033333341	0.166530038774	0.144108082771	0.116437595128	0.107497335189	0.149627168137	0.151469097304	0.14379605335	0.189095949135	0.131498034554	0.139013837832
159268001-tonguedorsum3.snv.filtered.bam	0.189980760382	0.171786546708	0.160419801196	0.155668052713	0.145053841083	0.189534810024	0.18776303479	0.180918543519	0.18863249252	0.185735263175	0.181438202589	0.14560591401	0.147471647059	0.14556263371	0.103300776637	0.167475195291	0.165688288145	0.0118645054967	0.0	0.19542285688	0.186391446867	0.164012760161	0.15860601534	0.316470789753	0.13844414364	0.153508853275	0.141773348866	0.176835075499	0.16161768654	0.161794330952	0.157056928417	0.190603352638	0.180343760632	0.173169580775	0.204867290524	0.137806363802	0.147153720234	0.129002818538	0.151625648746	0.169116750345	0.182487857711	0.169345356099	0.151664873032	0.135210128487	0.132998752394	0.160384919118	0.174214857956	0.167063345958	0.168463133944	0.180333168389	0.131754497334	0.141738981847	0.168924274779	0.160957006772	0.143099642953	0.169364582029	0.169377931272	0.150057373698	0.154378487811	0.116578826101	0.135922421672	0.201454965114	0.19563606318	0.178072213521	0.166533518695	0.156795620535	0.223810845635	0.18493871655	0.1729102058	0.15443976332	0.174362865789	0.148166910839	0.166702598521	0.167062207899	0.136975822055	0.168084639011	0.176477106474	0.155812940589	0.148326869852	0.172235581294	0.139880175322	0.123274003323	0.113288001774	0.155563847162	0.152846740776	0.146306599059	0.186094903447	0.12628142904	0.142121797862
159369152-tonguedorsum1.snv.filtered.bam	0.183879522501	0.170258814321	0.217414647717	0.168817766921	0.176416553202	0.214796631593	0.194814327682	0.20409992079	0.204335354558	0.212444544931	0.168368840732	0.175892219339	0.174882580638	0.161103776205	0.205818175785	0.16682348719	0.199071736131	0.201593676834	0.19542285688	0.0	0.142304817728	0.150295322006	0.151374796751	0.253714721756	0.17229844623	0.209733460593	0.190992286117	0.216187519494	0.165792763183	0.174691433034	0.171145177921	0.129124760434	0.166739289385	0.159742301325	0.173294953778	0.173497883269	0.161599167054	0.182358585496	0.170172300465	0.250794373342	0.20138870371	0.192966371493	0.171536757431	0.199307154139	0.176939811682	0.197835831032	0.201508068621	0.183031675478	0.157135781134	0.145257071095	0.149002277743	0.145887569565	0.201082186939	0.195427657637	0.184166175615	0.188998735897	0.152168895549	0.164588249036	0.173787773848	0.177295806572	0.173128550926	0.162037984649	0.162863074849	0.215867287378	0.209756964153	0.199942890272	0.185865245463	0.169822098822	0.166645122431	0.185752695078	0.190950141141	0.177731494704	0.187448567707	0.189218914259	0.140674127426	0.20564323851	0.201535095237	0.184782006674	0.136855778283	0.147132371563	0.184326186519	0.155710707193	0.159115738517	0.179933298355	0.166879276431	0.157205019222	0.17553688382	0.207555658828	0.184976955995
159490532-tonguedorsum1.snv.filtered.bam	0.157079210517	0.126923989356	0.164703963167	0.135463549291	0.136940686948	0.166778297942	0.154431964808	0.177031074138	0.178995562505	0.174110684634	0.124417277107	0.15258547956	0.161222783307	0.143790042095	0.172427057367	0.132247404705	0.157593906636	0.191444706963	0.186391446867	0.142304817728	0.0	0.10358469626	0.111435289019	0.27506703579	0.130755551669	0.178764198003	0.17655672455	0.153478536361	0.135875380896	0.134426742781	0.122641766416	0.144789269941	0.0880351346589	0.0934675718835	0.176798151829	0.145085434056	0.144541352375	0.15258461795	0.1296467147	0.219335703677	0.136440570136	0.141064430005	0.124180800623	0.160916804087	0.142254333096	0.175462115189	0.1840383905	0.168676486475	0.113749483595	0.100910297968	0.136764287368	0.124442588704	0.147244873377	0.179620377911	0.146235725382	0.152215037119	0.117905571135	0.116149421742	0.135260913963	0.139435079673	0.152242229316	0.165570897476	0.160388997491	0.160706685353	0.163248759225	0.152856930752	0.179634623503	0.128932289886	0.137595671673	0.136291606452	0.156988340973	0.142222395235	0.122264897186	0.123704228191	0.118621205584	0.143037120744	0.160517524046	0.144190511683	0.128608151793	0.111542268607	0.177995507386	0.132705636336	0.17559670627	0.14539220293	0.124415825938	0.145575442548	0.169927062214	0.157122539608	0.145313660005
159510762-supragingivalplaque3.snv.filtered.bam	0.170246408799	0.124988275256	0.167417795428	0.124050271081	0.125816696452	0.166880683534	0.160379879987	0.167130035344	0.167316427395	0.160704450578	0.128302152876	0.161644844806	0.163462270695	0.159474095456	0.142939281375	0.151824289191	0.142674202863	0.157346071998	0.164012760161	0.150295322006	0.10358469626	0.0	0.0214278507067	0.287055741062	0.125654650696	0.176678392402	0.168565494295	0.145607520326	0.128787216912	0.133391048409	0.120714098351	0.136844296888	0.122888915719	0.117930607566	0.165817788222	0.138393961528	0.147970155691	0.140110101437	0.130093459767	0.21220966113	0.144525279449	0.168162809366	0.129313712728	0.156126836015	0.141893515428	0.190564254247	0.207286626509	0.164914000609	0.116885091051	0.113531100345	0.13185690464	0.133578559897	0.157371679971	0.164400188174	0.135910936821	0.145068298419	0.118299668128	0.122046001919	0.131945071155	0.115557645668	0.137395102106	0.156753976886	0.151308722398	0.166081579625	0.164332834501	0.150800440465	0.192800755571	0.139681583356	0.141197138545	0.145024421588	0.164837863731	0.148892100426	0.132950728531	0.13405184887	0.114056629974	0.140348069669	0.155668383345	0.133542994323	0.133521459632	0.119647976889	0.176808244439	0.118948106006	0.14422622834	0.131781227188	0.127126088977	0.12405264693	0.160405126913	0.131198891583	0.135921101085
159510762-tonguedorsum2.snv.filtered.bam	0.183419382192	0.135691191843	0.17364132448	0.13923787428	0.141483777816	0.178077756019	0.172175384902	0.180715975213	0.179754767024	0.173818319077	0.13797291669	0.175548061036	0.176437380003	0.173537059158	0.150875889365	0.164160108437	0.151694018866	0.150503824281	0.15860601534	0.151374796751	0.111435289019	0.0214278507067	0.0	0.300745779013	0.13022399827	0.186921297674	0.180264985655	0.164885235065	0.136309482332	0.141594102365	0.137195983923	0.15063515929	0.134248964949	0.130911227038	0.180293055053	0.150718150449	0.158103480791	0.151289180438	0.144608633898	0.215076802677	0.162335046917	0.178264728065	0.144313156987	0.167941220823	0.156064244535	0.201016038528	0.220661734134	0.1776124293	0.133032561096	0.119811758211	0.144595824542	0.146410142767	0.177885090485	0.169263920678	0.14761681778	0.156008977565	0.126964624384	0.136526366028	0.148222869719	0.123806242718	0.146584111799	0.165713835948	0.159635094209	0.184663133935	0.177356769027	0.165747438201	0.196009349446	0.147775099758	0.151160571127	0.157535379572	0.173813576373	0.162994075238	0.14783719491	0.149274240894	0.122477212839	0.154529938524	0.162795866866	0.146165762347	0.146981512742	0.132842590895	0.182221167853	0.126559469786	0.145557195195	0.146141337728	0.146683169129	0.135516849037	0.171971869423	0.141131990914	0.146820996565
159571453-tonguedorsum2.snv.filtered.bam	0.236557711571	0.313460681936	0.316842532837	0.263918035716	0.287055090009	0.311061146568	0.30282138937	0.258868095976	0.267835357325	0.270987656804	0.285214619988	0.292490307367	0.275532521487	0.283040287485	0.313052924469	0.297380157785	0.310036722769	0.317434393803	0.316470789753	0.253714721756	0.27506703579	0.287055741062	0.300745779013	0.0	0.325678610127	0.284910244194	0.278000463725	0.290127647007	0.305382122451	0.304795610224	0.27246964941	0.237178336806	0.276312547311	0.281049407447	0.222030150261	0.266658828449	0.286467399481	0.297478232945	0.274552631032	0.284811765223	0.279807817112	0.331372282924	0.279551644541	0.310254905563	0.298630101208	0.260130859076	0.257649481794	0.255221864714	0.274171537237	0.309721357447	0.28651062857	0.285487064328	0.242261077418	0.258636524743	0.284830209021	0.276711436441	0.248423057568	0.274798807527	0.270486115111	0.32364506218	0.330677819223	0.225697730019	0.224916322826	0.264834337554	0.277011687488	0.269530389866	0.134901353988	0.245930639981	0.270596877728	0.262583456282	0.30456068686	0.297949463678	0.290731980163	0.29405160163	0.288899301533	0.288499370678	0.26016614917	0.288872558585	0.2663083706	0.277686080515	0.291112986933	0.29111633543	0.29114641677	0.280448661435	0.280988354194	0.251069557194	0.212320553938	0.327380017435	0.291800822073
159591683-tonguedorsum2.snv.filtered.bam	0.170608668756	0.140497070786	0.162712232546	0.149193657602	0.141995945054	0.163061738714	0.150527694896	0.168363885695	0.175951686924	0.167028672715	0.141476171164	0.121317178427	0.127185102562	0.104372120344	0.0945080667532	0.14061000279	0.141722620532	0.130664033287	0.13844414364	0.17229844623	0.130755551669	0.125654650696	0.13022399827	0.325678610127	0.0	0.154296062897	0.141262381491	0.158979477592	0.144023623792	0.142897258462	0.118119995569	0.143924732553	0.128612841447	0.113665330611	0.182353588094	0.143395067727	0.145123638668	0.125283056613	0.128851064559	0.206339706049	0.120275993253	0.124793596097	0.130266973691	0.0926354854923	0.0979306626257	0.143148310902	0.16484669317	0.156486444068	0.118758596289	0.109517696116	0.0890099186063	0.0941607492029	0.174836778481	0.169728117345	0.110301287285	0.151221868195	0.1508608854	0.118151975377	0.121791640406	0.0575378233122	0.109569786832	0.197224689783	0.188302139637	0.14160463595	0.158912023098	0.143359408015	0.240118973583	0.167475780199	0.156871476707	0.160158622616	0.159306593916	0.148741017811	0.10668710901	0.108597647414	0.116299254645	0.138130519634	0.141884218401	0.144801062626	0.140987010811	0.121908603736	0.140176038025	0.101820346771	0.0948967206019	0.126628176901	0.123482294585	0.159100531241	0.202756060364	0.102265342868	0.104673873103
159753524-tonguedorsum1.snv.filtered.bam	0.169768875093	0.173237112253	0.131452188837	0.139969230699	0.143621375968	0.167791922539	0.15128120765	0.164021663497	0.175054485845	0.163686936618	0.150508878688	0.139464463042	0.145711809738	0.145040517817	0.143974874911	0.169642570352	0.165093171045	0.162045120372	0.153508853275	0.209733460593	0.178764198003	0.176678392402	0.186921297674	0.284910244194	0.154296062897	0.0	0.0380118780791	0.163486724025	0.161465249703	0.158583173893	0.128732692935	0.154926386894	0.163545818822	0.158158517685	0.171517769004	0.151920019727	0.153393645927	0.127553452153	0.120603017785	0.216286859098	0.152393973972	0.15531360377	0.168410820624	0.145867962396	0.128937226219	0.139174178528	0.14795944873	0.16668858645	0.125478340186	0.140833300236	0.127821308712	0.146114985322	0.152888201227	0.181121221978	0.12856584953	0.126734775351	0.175164256512	0.148940906833	0.130059716206	0.140644276339	0.17262386789	0.160292048066	0.158561899218	0.155905364158	0.195025548612	0.166959894103	0.213333417469	0.174858365249	0.170668741905	0.168942200489	0.181609686984	0.153494006342	0.151359490308	0.152552809638	0.132766586784	0.153692258629	0.161701747078	0.16488193323	0.164348243399	0.158158492966	0.133309457807	0.137697115176	0.12807939144	0.136367078898	0.145293313574	0.157590463858	0.173287155009	0.135550675257	0.128978056837
