	158337416-stool1.snv.filtered.bam	158337416-stool2.snv.filtered.bam	158479027-stool1.snv.filtered.bam	158479027-stool2.snv.filtered.bam	158944319-stool1.snv.filtered.bam	159753524-stool2.snv.filtered.bam	159753524-stool3.snv.filtered.bam	160178356-stool1.snv.filtered.bam	160178356-stool2.snv.filtered.bam	160502038-stool3.snv.filtered.bam	706846339-stool1.snv.filtered.bam	737052003-stool1.snv.filtered.bam	737052003-stool2.snv.filtered.bam	763496533-stool1.snv.filtered.bam	763577454-stool1.snv.filtered.bam	763577454-stool2.snv.filtered.bam	763759525-stool1.snv.filtered.bam	763759525-stool2.snv.filtered.bam	763840445-stool2.snv.filtered.bam	763860675-stool1.snv.filtered.bam	763901136-stool1.snv.filtered.bam	764062976-stool1.snv.filtered.bam	764224817-stool1.snv.filtered.bam	764285508-stool1.snv.filtered.bam	764487809-stool1.snv.filtered.bam	765013792-stool1.snv.filtered.bam	765074482-stool2.snv.filtered.bam	765074482-stool3.snv.filtered.bam	765135172-stool1.snv.filtered.bam	765135172-stool3.snv.filtered.bam	765640925-stool1.snv.filtered.bam	765640925-stool2.snv.filtered.bam
158337416-stool1.snv.filtered.bam	0.0	0.00672312455447	0.123478934694	0.126053827019	0.106817409758	0.12679971947	0.120657531022	0.108655633154	0.114562215873	0.103273437221	0.131819754015	0.122276251515	0.121616109535	0.107227647472	0.140130580147	0.139960168571	0.140600956212	0.139110192498	0.137863148206	0.108785326452	0.126197312186	0.126136176627	0.0979605999126	0.135557494467	0.125812051094	0.113060148484	0.120571965896	0.123134481893	0.130346821364	0.128559615537	0.118453388177	0.118546233667
158337416-stool2.snv.filtered.bam	0.00672312455447	0.0	0.130778058405	0.132373424985	0.11373590772	0.134788515888	0.12918148591	0.113804399025	0.119219055963	0.105776091782	0.140749901834	0.123736889172	0.122739009143	0.116074297759	0.146784842699	0.146763470347	0.147251087209	0.144713964303	0.142792788657	0.113089623806	0.131046589412	0.133381915529	0.105923176798	0.138227361268	0.128682472879	0.122003011151	0.129168346293	0.130391907121	0.13368411318	0.132958462543	0.123418640607	0.123953423136
158479027-stool1.snv.filtered.bam	0.123478934694	0.130778058405	0.0	0.00478235130217	0.112615726142	0.115460546571	0.106688740376	0.132507308715	0.127363709361	0.107108539123	0.12808969674	0.144534255782	0.143459265974	0.101977870277	0.129888640886	0.130016668757	0.119259510429	0.118155774088	0.143815908564	0.12215698905	0.125509074514	0.118518682906	0.106348310013	0.129562708804	0.134166261146	0.11466297007	0.119854514699	0.123984990661	0.127859148607	0.123822365734	0.115888312073	0.113494081093
158479027-stool2.snv.filtered.bam	0.126053827019	0.132373424985	0.00478235130217	0.0	0.109331273708	0.111190976529	0.10328959724	0.132590343533	0.127172016142	0.105591532858	0.127812689662	0.140894882951	0.139977003348	0.100104880776	0.127618062652	0.129407949979	0.117926537256	0.115378521563	0.140657754514	0.120255084489	0.12499276942	0.11738884976	0.102993452713	0.130115234827	0.130745337603	0.112709040113	0.118045019254	0.124384889192	0.123986067144	0.123398384832	0.1145872626	0.112827776063
158944319-stool1.snv.filtered.bam	0.106817409758	0.11373590772	0.112615726142	0.109331273708	0.0	0.098196981666	0.0893679087779	0.110567215709	0.108302830018	0.0953110853082	0.121236142142	0.128928611326	0.128728187819	0.104575915074	0.119518000591	0.120411936279	0.116404114187	0.119171278204	0.130684179557	0.10267062177	0.106326453715	0.10458786893	0.0905465826131	0.0998279753218	0.111332754287	0.104966201475	0.110641272613	0.109621258914	0.121426039054	0.109308735618	0.101767731382	0.103491361754
159753524-stool2.snv.filtered.bam	0.12679971947	0.134788515888	0.115460546571	0.111190976529	0.098196981666	0.0	0.00191946152881	0.144412034476	0.137738209319	0.118130098799	0.142847869561	0.152678065939	0.151256051083	0.120978603816	0.142712182222	0.141514712675	0.127391540666	0.125096119188	0.120223415113	0.124692257618	0.128549119214	0.119244580221	0.122564968223	0.142305044896	0.142151820418	0.124804596372	0.135245722171	0.11900301937	0.147717342185	0.136702382611	0.123309089816	0.123020986001
159753524-stool3.snv.filtered.bam	0.120657531022	0.12918148591	0.106688740376	0.10328959724	0.0893679087779	0.00191946152881	0.0	0.13757089946	0.133593221684	0.1129583963	0.135651153097	0.147458428097	0.146747117807	0.109822277487	0.135752621484	0.135040771525	0.122810750678	0.120271794932	0.117254335746	0.119570680728	0.116542343201	0.114751372571	0.114856017485	0.136064724339	0.133583600198	0.12081938469	0.130862254445	0.115607314548	0.139363860325	0.129408543267	0.116022238008	0.115377962183
160178356-stool1.snv.filtered.bam	0.108655633154	0.113804399025	0.132507308715	0.132590343533	0.110567215709	0.144412034476	0.13757089946	0.0	0.0371792918982	0.119121470703	0.142620118364	0.129504806189	0.128474144056	0.11903358816	0.117302749945	0.115853599754	0.14187436842	0.135535931417	0.144507215842	0.118287089313	0.130920097136	0.125289743396	0.118715227673	0.123792467082	0.118644047226	0.126927143572	0.105815048146	0.122616212535	0.111797356794	0.105990073938	0.116371792976	0.119002899276
160178356-stool2.snv.filtered.bam	0.114562215873	0.119219055963	0.127363709361	0.127172016142	0.108302830018	0.137738209319	0.133593221684	0.0371792918982	0.0	0.114144624232	0.142425905473	0.130433727757	0.129156354589	0.124468487433	0.120394305671	0.118818131697	0.138898899464	0.134722956835	0.14094976618	0.112432010013	0.125020328531	0.120750050136	0.112470590664	0.116190552356	0.106598262416	0.121014838243	0.118309876869	0.126530409156	0.0960046750602	0.0921504337906	0.117134148015	0.116986726808
160502038-stool3.snv.filtered.bam	0.103273437221	0.105776091782	0.107108539123	0.105591532858	0.0953110853082	0.118130098799	0.1129583963	0.119121470703	0.114144624232	0.0	0.115644254206	0.129748263916	0.128259057414	0.0952372825149	0.117929980365	0.113890097151	0.117023245237	0.120434534014	0.120463189702	0.0983811922273	0.0829757566045	0.1074494492	0.0930505262099	0.103747368227	0.112980757935	0.0882749409429	0.0972274935175	0.109573352159	0.0948701124222	0.10143697203	0.102021089576	0.096737308628
706846339-stool1.snv.filtered.bam	0.131819754015	0.140749901834	0.12808969674	0.127812689662	0.121236142142	0.142847869561	0.135651153097	0.142620118364	0.142425905473	0.115644254206	0.0	0.152668317477	0.151698836108	0.112578522211	0.136007144785	0.139353492057	0.144216219337	0.13873386825	0.14523948183	0.120641661398	0.128548217157	0.125946996605	0.115347588501	0.129847314953	0.137649909177	0.118366559199	0.134604938551	0.140339664759	0.141135073485	0.138861365384	0.123815091019	0.124188986133
737052003-stool1.snv.filtered.bam	0.122276251515	0.123736889172	0.144534255782	0.140894882951	0.128928611326	0.152678065939	0.147458428097	0.129504806189	0.130433727757	0.129748263916	0.152668317477	0.0	0.00221308211523	0.143332332451	0.153778642254	0.153699738704	0.151083470458	0.151000179754	0.157370303223	0.128682491416	0.139021015635	0.125726438753	0.132830065924	0.136329070316	0.130338225193	0.136896790845	0.15055785188	0.145847937509	0.143875836244	0.144311379819	0.126175400337	0.127545155554
737052003-stool2.snv.filtered.bam	0.121616109535	0.122739009143	0.143459265974	0.139977003348	0.128728187819	0.151256051083	0.146747117807	0.128474144056	0.129156354589	0.128259057414	0.151698836108	0.00221308211523	0.0	0.142529937202	0.153067553507	0.15288117809	0.150525219489	0.150201137932	0.156554999123	0.128588287507	0.138258385569	0.124905862913	0.132782474421	0.135534824409	0.130232018993	0.135822835243	0.149729832472	0.144615976176	0.142467320433	0.143037990819	0.125088574546	0.126174629438
763496533-stool1.snv.filtered.bam	0.107227647472	0.116074297759	0.101977870277	0.100104880776	0.104575915074	0.120978603816	0.109822277487	0.11903358816	0.124468487433	0.0952372825149	0.112578522211	0.143332332451	0.142529937202	0.0	0.122992106289	0.124944181763	0.122099428708	0.119252206567	0.131263338127	0.101820892564	0.110273763772	0.107347609871	0.0940755456962	0.114990967958	0.11470676827	0.102571040763	0.0987082461385	0.102513742292	0.106642227177	0.106818277459	0.0870113735904	0.0883730027877
763577454-stool1.snv.filtered.bam	0.140130580147	0.146784842699	0.129888640886	0.127618062652	0.119518000591	0.142712182222	0.135752621484	0.117302749945	0.120394305671	0.117929980365	0.136007144785	0.153778642254	0.153067553507	0.122992106289	0.0	0.0193275514904	0.147636161609	0.143894736353	0.149605997817	0.116433321535	0.134191972197	0.123948544377	0.107371911254	0.126333799577	0.140339271262	0.117020127424	0.0684585737144	0.114741592118	0.140631901356	0.135954955587	0.125856359637	0.127267837606
763577454-stool2.snv.filtered.bam	0.139960168571	0.146763470347	0.130016668757	0.129407949979	0.120411936279	0.141514712675	0.135040771525	0.115853599754	0.118818131697	0.113890097151	0.139353492057	0.153699738704	0.15288117809	0.124944181763	0.0193275514904	0.0	0.146660441618	0.1442042544	0.147895508601	0.120918749965	0.136055625276	0.124083205661	0.106291665558	0.123898187576	0.13965968999	0.116239118603	0.0633349075746	0.108714685515	0.141838168774	0.136775385225	0.125805211602	0.126586739933
763759525-stool1.snv.filtered.bam	0.140600956212	0.147251087209	0.119259510429	0.117926537256	0.116404114187	0.127391540666	0.122810750678	0.14187436842	0.138898899464	0.117023245237	0.144216219337	0.151083470458	0.150525219489	0.122099428708	0.147636161609	0.146660441618	0.0	0.018414743099	0.141522078223	0.129024111734	0.139951751434	0.119226318738	0.115159660582	0.110931841336	0.110014336672	0.121097653787	0.134447617717	0.129829482562	0.125247483252	0.124011293502	0.107429030479	0.10727035548
763759525-stool2.snv.filtered.bam	0.139110192498	0.144713964303	0.118155774088	0.115378521563	0.119171278204	0.125096119188	0.120271794932	0.135535931417	0.134722956835	0.120434534014	0.13873386825	0.151000179754	0.150201137932	0.119252206567	0.143894736353	0.1442042544	0.018414743099	0.0	0.139108946249	0.124704243205	0.1357537865	0.118991181988	0.118016450649	0.117214080115	0.10411744244	0.119978635154	0.127904430174	0.127801089345	0.127618322442	0.125663926356	0.104198377138	0.104670083861
763840445-stool2.snv.filtered.bam	0.137863148206	0.142792788657	0.143815908564	0.140657754514	0.130684179557	0.120223415113	0.117254335746	0.144507215842	0.14094976618	0.120463189702	0.14523948183	0.157370303223	0.156554999123	0.131263338127	0.149605997817	0.147895508601	0.141522078223	0.139108946249	0.0	0.143686664009	0.139847373376	0.127841155957	0.131255245958	0.129787037204	0.145245928598	0.125782981039	0.141358893359	0.144451518519	0.14322490651	0.137313238952	0.128989121114	0.128375413223
763860675-stool1.snv.filtered.bam	0.108785326452	0.113089623806	0.12215698905	0.120255084489	0.10267062177	0.124692257618	0.119570680728	0.118287089313	0.112432010013	0.0983811922273	0.120641661398	0.128682491416	0.128588287507	0.101820892564	0.116433321535	0.120918749965	0.129024111734	0.124704243205	0.143686664009	0.0	0.102937966378	0.111116772436	0.0966797551702	0.116754520204	0.0940397580929	0.103304851956	0.109314594362	0.115651340484	0.119425328149	0.118649039943	0.107135921833	0.105946841283
763901136-stool1.snv.filtered.bam	0.126197312186	0.131046589412	0.125509074514	0.12499276942	0.106326453715	0.128549119214	0.116542343201	0.130920097136	0.125020328531	0.0829757566045	0.128548217157	0.139021015635	0.138258385569	0.110273763772	0.134191972197	0.136055625276	0.139951751434	0.1357537865	0.139847373376	0.102937966378	0.0	0.116526591346	0.101389274973	0.140811844123	0.12343871396	0.096881323072	0.122876005601	0.126415043366	0.133517295949	0.138996393432	0.113423838642	0.11515539096
764062976-stool1.snv.filtered.bam	0.126136176627	0.133381915529	0.118518682906	0.11738884976	0.10458786893	0.119244580221	0.114751372571	0.125289743396	0.120750050136	0.1074494492	0.125946996605	0.125726438753	0.124905862913	0.107347609871	0.123948544377	0.124083205661	0.119226318738	0.118991181988	0.127841155957	0.111116772436	0.116526591346	0.0	0.10073554076	0.0991520858243	0.125261423897	0.101197917948	0.120710724681	0.122387465014	0.11721162573	0.118530286387	0.0782244438659	0.0841748187719
764224817-stool1.snv.filtered.bam	0.0979605999126	0.105923176798	0.106348310013	0.102993452713	0.0905465826131	0.122564968223	0.114856017485	0.118715227673	0.112470590664	0.0930505262099	0.115347588501	0.132830065924	0.132782474421	0.0940755456962	0.107371911254	0.106291665558	0.115159660582	0.118016450649	0.131255245958	0.0966797551702	0.101389274973	0.10073554076	0.0	0.121661850611	0.109563584538	0.0808814523269	0.0954960649144	0.0931347757563	0.120873010661	0.114562616233	0.0989935925878	0.0953154851412
764285508-stool1.snv.filtered.bam	0.135557494467	0.138227361268	0.129562708804	0.130115234827	0.0998279753218	0.142305044896	0.136064724339	0.123792467082	0.116190552356	0.103747368227	0.129847314953	0.136329070316	0.135534824409	0.114990967958	0.126333799577	0.123898187576	0.110931841336	0.117214080115	0.129787037204	0.116754520204	0.140811844123	0.0991520858243	0.121661850611	0.0	0.128078428015	0.122495837824	0.125722850468	0.13835416943	0.112135949967	0.111632711137	0.1125847249	0.113226139776
764487809-stool1.snv.filtered.bam	0.125812051094	0.128682472879	0.134166261146	0.130745337603	0.111332754287	0.142151820418	0.133583600198	0.118644047226	0.106598262416	0.112980757935	0.137649909177	0.130338225193	0.130232018993	0.11470676827	0.140339271262	0.13965968999	0.110014336672	0.10411744244	0.145245928598	0.0940397580929	0.12343871396	0.125261423897	0.109563584538	0.128078428015	0.0	0.115177710839	0.115635619229	0.108767527142	0.0990002007712	0.0991495886978	0.107233125513	0.109866411179
765013792-stool1.snv.filtered.bam	0.113060148484	0.122003011151	0.11466297007	0.112709040113	0.104966201475	0.124804596372	0.12081938469	0.126927143572	0.121014838243	0.0882749409429	0.118366559199	0.136896790845	0.135822835243	0.102571040763	0.117020127424	0.116239118603	0.121097653787	0.119978635154	0.125782981039	0.103304851956	0.096881323072	0.101197917948	0.0808814523269	0.122495837824	0.115177710839	0.0	0.107124446565	0.103972375368	0.118532014933	0.110893264324	0.093703791688	0.0918169525919
765074482-stool2.snv.filtered.bam	0.120571965896	0.129168346293	0.119854514699	0.118045019254	0.110641272613	0.135245722171	0.130862254445	0.105815048146	0.118309876869	0.0972274935175	0.134604938551	0.15055785188	0.149729832472	0.0987082461385	0.0684585737144	0.0633349075746	0.134447617717	0.127904430174	0.141358893359	0.109314594362	0.122876005601	0.120710724681	0.0954960649144	0.125722850468	0.115635619229	0.107124446565	0.0	0.0591179659717	0.133013114244	0.125499557709	0.112470043949	0.111425669627
765074482-stool3.snv.filtered.bam	0.123134481893	0.130391907121	0.123984990661	0.124384889192	0.109621258914	0.11900301937	0.115607314548	0.122616212535	0.126530409156	0.109573352159	0.140339664759	0.145847937509	0.144615976176	0.102513742292	0.114741592118	0.108714685515	0.129829482562	0.127801089345	0.144451518519	0.115651340484	0.126415043366	0.122387465014	0.0931347757563	0.13835416943	0.108767527142	0.103972375368	0.0591179659717	0.0	0.136696096946	0.129993413435	0.112600635892	0.110939682344
765135172-stool1.snv.filtered.bam	0.130346821364	0.13368411318	0.127859148607	0.123986067144	0.121426039054	0.147717342185	0.139363860325	0.111797356794	0.0960046750602	0.0948701124222	0.141135073485	0.143875836244	0.142467320433	0.106642227177	0.140631901356	0.141838168774	0.125247483252	0.127618322442	0.14322490651	0.119425328149	0.133517295949	0.11721162573	0.120873010661	0.112135949967	0.0990002007712	0.118532014933	0.133013114244	0.136696096946	0.0	0.00380080480402	0.12165094826	0.115450181732
765135172-stool3.snv.filtered.bam	0.128559615537	0.132958462543	0.123822365734	0.123398384832	0.109308735618	0.136702382611	0.129408543267	0.105990073938	0.0921504337906	0.10143697203	0.138861365384	0.144311379819	0.143037990819	0.106818277459	0.135954955587	0.136775385225	0.124011293502	0.125663926356	0.137313238952	0.118649039943	0.138996393432	0.118530286387	0.114562616233	0.111632711137	0.0991495886978	0.110893264324	0.125499557709	0.129993413435	0.00380080480402	0.0	0.118904235034	0.112289034052
765640925-stool1.snv.filtered.bam	0.118453388177	0.123418640607	0.115888312073	0.1145872626	0.101767731382	0.123309089816	0.116022238008	0.116371792976	0.117134148015	0.102021089576	0.123815091019	0.126175400337	0.125088574546	0.0870113735904	0.125856359637	0.125805211602	0.107429030479	0.104198377138	0.128989121114	0.107135921833	0.113423838642	0.0782244438659	0.0989935925878	0.1125847249	0.107233125513	0.093703791688	0.112470043949	0.112600635892	0.12165094826	0.118904235034	0.0	0.0282569642179
765640925-stool2.snv.filtered.bam	0.118546233667	0.123953423136	0.113494081093	0.112827776063	0.103491361754	0.123020986001	0.115377962183	0.119002899276	0.116986726808	0.096737308628	0.124188986133	0.127545155554	0.126174629438	0.0883730027877	0.127267837606	0.126586739933	0.10727035548	0.104670083861	0.128375413223	0.105946841283	0.11515539096	0.0841748187719	0.0953154851412	0.113226139776	0.109866411179	0.0918169525919	0.111425669627	0.110939682344	0.115450181732	0.112289034052	0.0282569642179	0.0
