	159166850-stool1.snv.filtered.bam	159166850-stool2.snv.filtered.bam	159227541-stool1.snv.filtered.bam	159227541-stool2.snv.filtered.bam	159247771-stool1.snv.filtered.bam	159247771-stool2.snv.filtered.bam	159268001-stool1.snv.filtered.bam	159268001-stool2.snv.filtered.bam	159571453-stool1.snv.filtered.bam	160158126-stool2.snv.filtered.bam	160421117-stool1.snv.filtered.bam	160421117-stool2.snv.filtered.bam	160421117-stool3.snv.filtered.bam	160502038-stool1.snv.filtered.bam	160502038-stool2.snv.filtered.bam	160502038-stool3.snv.filtered.bam	160582958-stool1.snv.filtered.bam	160603188-stool1.snv.filtered.bam	160603188-stool2.snv.filtered.bam	160603188-stool3.snv.filtered.bam	604812005-stool1.snv.filtered.bam	604812005-stool2.snv.filtered.bam	638754422-stool3.snv.filtered.bam	675950834-stool1.snv.filtered.bam	675950834-stool2.snv.filtered.bam	706846339-stool2.snv.filtered.bam	763840445-stool1.snv.filtered.bam	763860675-stool2.snv.filtered.bam	764143897-stool2.snv.filtered.bam	764224817-stool1.snv.filtered.bam	764366428-stool2.snv.filtered.bam	764366428-stool3.snv.filtered.bam	764447348-stool1.snv.filtered.bam	764649650-stool2.snv.filtered.bam	765094712-stool1.snv.filtered.bam	765094712-stool2.snv.filtered.bam	823052294-stool3.snv.filtered.bam
159166850-stool1.snv.filtered.bam	0.0	0.00683097069545	0.207344211403	0.204408011956	0.138147876054	0.137221958039	0.204300901217	0.199918927321	0.162511201925	0.142808037959	0.154451390116	0.152998366634	0.154714948095	0.155385931895	0.139525814446	0.156073394938	0.282181454963	0.0543655907587	0.0506683261056	0.0525160105249	0.16821905598	0.181104999641	0.260125627307	0.155614889376	0.156933035045	0.15029393873	0.122159473639	0.0236962712807	0.228713203892	0.279386960028	0.154714948095	0.156433230475	0.205571026273	0.338083669265	0.29083158816	0.29171411269	0.215627186148
159166850-stool2.snv.filtered.bam	0.00683097069545	0.0	0.206497682212	0.203770852464	0.136743126251	0.13558588886	0.204009650834	0.199280036487	0.161225692577	0.141416266634	0.15439051005	0.15275304061	0.154450757576	0.152621723205	0.136532803766	0.15297979798	0.280137786261	0.05008944083	0.0494872361199	0.0494777875846	0.166154052041	0.178894840871	0.267124212421	0.153590128432	0.155252607459	0.149664401979	0.122594060102	0.023573086253	0.227146464646	0.276764343111	0.154450757576	0.156129125305	0.20527728871	0.336431143114	0.290278996953	0.291152696238	0.214202706678
159227541-stool1.snv.filtered.bam	0.207344211403	0.206497682212	0.0	0.00556396131658	0.120826621121	0.127782237614	0.0447094360306	0.0333476433274	0.134328209827	0.201653618757	0.129073866208	0.129058720804	0.130061094109	0.0744698524997	0.0640039892444	0.0722303290699	0.237793022563	0.197048776914	0.195272805212	0.198263248504	0.149187862828	0.141140362136	0.289732462527	0.0720628715016	0.0764036079838	0.071014297809	0.125085835005	0.203674529793	0.201217849033	0.239466189876	0.120537284585	0.108275767958	0.167692290236	0.270966252339	0.253959157845	0.252044111782	0.207878633119
159227541-stool2.snv.filtered.bam	0.204408011956	0.203770852464	0.00556396131658	0.0	0.118862109559	0.125782903696	0.0426071855813	0.0332755385732	0.134244341652	0.199981897365	0.127187599492	0.127368060272	0.128354332048	0.0718810737425	0.062459144608	0.0708926317336	0.236926794763	0.193876701537	0.192571700274	0.195510199239	0.14664664552	0.139503720057	0.287625474555	0.0708421514507	0.0740782512322	0.0687209287643	0.122770932566	0.201058614481	0.200498703363	0.237298604308	0.118830522524	0.107955542512	0.167814148189	0.26928520835	0.253208736305	0.254176703873	0.206447414092
159247771-stool1.snv.filtered.bam	0.138147876054	0.136743126251	0.120826621121	0.118862109559	0.0	0.00225291837953	0.127703753048	0.120931434824	0.0690807773024	0.169655427732	0.116904279908	0.115821853268	0.116715176854	0.164184298649	0.155550128311	0.163669838615	0.225293107737	0.152959654743	0.143797540584	0.147271208	0.127694665834	0.139448678713	0.269999240856	0.164145307366	0.166769599418	0.164286965308	0.0120738327858	0.134992172552	0.208970145462	0.235370609411	0.0972977011263	0.0941808469199	0.167670050639	0.29021663216	0.283425736279	0.284198467221	0.186273765545
159247771-stool2.snv.filtered.bam	0.137221958039	0.13558588886	0.127782237614	0.125782903696	0.00225291837953	0.0	0.134724285779	0.127914882824	0.067061580203	0.166454611418	0.115182880613	0.115070274209	0.115939424213	0.170829159878	0.155515764831	0.171449429645	0.223788675529	0.152738801854	0.142518118369	0.145900380215	0.126690062038	0.13829265684	0.276212152376	0.170699084877	0.174490704395	0.171869059083	0.0117047860474	0.134053847982	0.205944508914	0.241207733068	0.0968918051656	0.0938057400388	0.174024622624	0.295819995514	0.288287678332	0.289390211195	0.184361918677
159268001-stool1.snv.filtered.bam	0.204300901217	0.204009650834	0.0447094360306	0.0426071855813	0.127703753048	0.134724285779	0.0	0.0156065672014	0.140137155465	0.220352381814	0.130279908436	0.130724755861	0.131742996167	0.0681933765511	0.0699848195647	0.0693382057184	0.237793132335	0.202582688815	0.198051255789	0.202354288331	0.170249380021	0.15438437234	0.283295611521	0.0679269235013	0.070912084841	0.0688086561054	0.129186239983	0.203369192094	0.216612084302	0.235625705114	0.12262858117	0.111757853533	0.148548269339	0.253438058099	0.240714885443	0.251050358997	0.223116065953
159268001-stool2.snv.filtered.bam	0.199918927321	0.199280036487	0.0333476433274	0.0332755385732	0.120931434824	0.127914882824	0.0156065672014	0.0	0.137958154717	0.218445690631	0.126849975265	0.127148363878	0.128132543308	0.0586386370118	0.0589098157994	0.0584971218605	0.245211219778	0.196604727064	0.19258723362	0.195962927359	0.167492373725	0.151734385684	0.287085714767	0.0570118187338	0.0610782927399	0.0587461236652	0.12313023285	0.198430688512	0.213681046774	0.236110297001	0.118657865792	0.106222737536	0.146949164488	0.258325908384	0.249204755573	0.258563166784	0.220380309335
159571453-stool1.snv.filtered.bam	0.162511201925	0.161225692577	0.134328209827	0.134244341652	0.0690807773024	0.067061580203	0.140137155465	0.137958154717	0.0	0.180749765369	0.142787894203	0.143080674844	0.144216590568	0.174969595158	0.158916898022	0.174786390512	0.213397337452	0.176870974656	0.164723003764	0.168532282637	0.118428807863	0.125117370249	0.273190364901	0.173790579218	0.177412588969	0.172921225801	0.0612452067421	0.151748036753	0.199830408196	0.217559740286	0.123630509982	0.118243895386	0.193230701964	0.292513141282	0.285969840459	0.2840259791	0.181860907454
160158126-stool2.snv.filtered.bam	0.142808037959	0.141416266634	0.201653618757	0.199981897365	0.169655427732	0.166454611418	0.220352381814	0.218445690631	0.180749765369	0.0	0.109131112408	0.108452504746	0.109290554063	0.217435859488	0.202201641421	0.217844746492	0.212630094682	0.118400338691	0.110981488368	0.112201641421	0.142000679914	0.152612448797	0.202201641421	0.216702719767	0.218404986752	0.219726615747	0.165709314114	0.140560529912	0.212858363585	0.246272002691	0.148894514459	0.151009281739	0.169294698099	0.326921897554	0.257550145956	0.249484991295	0.190383459603
160421117-stool1.snv.filtered.bam	0.154451390116	0.15439051005	0.129073866208	0.127187599492	0.116904279908	0.115182880613	0.130279908436	0.126849975265	0.142787894203	0.109131112408	0.0	0.00221386423055	0.00200819128218	0.153756928119	0.136395786581	0.152690205702	0.196197885555	0.15369941566	0.144006616156	0.146011171196	0.164707480173	0.177057139898	0.236679449725	0.152868256379	0.156081848808	0.152806323468	0.111289550224	0.152765393569	0.205549827586	0.23747922066	0.0401034293774	0.043727433171	0.0790153984781	0.236293538187	0.228493347111	0.229936973355	0.193494744315
160421117-stool2.snv.filtered.bam	0.152998366634	0.15275304061	0.129058720804	0.127368060272	0.115821853268	0.115070274209	0.130724755861	0.127148363878	0.143080674844	0.108452504746	0.00221386423055	0.0	0.000226757369614	0.153564889991	0.134844322344	0.151168014376	0.197054516628	0.153698608564	0.142035188531	0.144001831502	0.164199544269	0.17679903217	0.235527544351	0.152242446888	0.154559657482	0.151390287184	0.111092443031	0.152112920904	0.205144370193	0.236963892328	0.0383219954649	0.0422504359013	0.0779278026252	0.235527544351	0.228437264996	0.230009527372	0.192536630037
160421117-stool3.snv.filtered.bam	0.154714948095	0.154450757576	0.130061094109	0.128354332048	0.116715176854	0.115939424213	0.131742996167	0.128132543308	0.144216590568	0.109290554063	0.00200819128218	0.000226757369614	0.0	0.154800655384	0.135922330097	0.152380952381	0.19873650685	0.155283130302	0.143614661982	0.145631067961	0.165549448312	0.178284367202	0.235294117647	0.153465617584	0.15580489685	0.152628935372	0.110856705171	0.153788372759	0.206922162805	0.229470124409	0.0384615384615	0.0424425287356	0.0784532228079	0.237623762376	0.230483542408	0.232071527407	0.194174757282
160502038-stool1.snv.filtered.bam	0.155385931895	0.152621723205	0.0744698524997	0.0718810737425	0.164184298649	0.170829159878	0.0681933765511	0.0586386370118	0.174969595158	0.217435859488	0.153756928119	0.153564889991	0.154800655384	0.0	0.00345511512668	0.00338992427523	0.295661546325	0.141687362137	0.143084355252	0.145071174506	0.174390880941	0.157153051779	0.2851706093	0.00632316899013	0.0104703796642	0.00763177664329	0.16876707461	0.152023427573	0.225482056684	0.241708529941	0.14527684586	0.137125599514	0.147196490144	0.295383027601	0.287854023657	0.299406946797	0.250144555073
160502038-stool2.snv.filtered.bam	0.139525814446	0.136532803766	0.0640039892444	0.062459144608	0.155550128311	0.155515764831	0.0699848195647	0.0589098157994	0.158916898022	0.202201641421	0.136395786581	0.134844322344	0.135922330097	0.00345511512668	0.0	0.0	0.284676322953	0.125650662909	0.125764802963	0.127450980392	0.157447986645	0.15733932521	0.29	0.00395432419074	0.00792886870488	0.00552357897835	0.153500274973	0.136656685276	0.20897089709	0.235900981011	0.126213592233	0.115731397459	0.147849823031	0.29	0.283316709503	0.294300244134	0.235294117647
160502038-stool3.snv.filtered.bam	0.156073394938	0.15297979798	0.0722303290699	0.0708926317336	0.163669838615	0.171449429645	0.0693382057184	0.0584971218605	0.174786390512	0.217844746492	0.152690205702	0.151168014376	0.152380952381	0.00338992427523	0.0	0.0	0.296509470589	0.143494526932	0.14225980668	0.144230769231	0.173496596423	0.15733932521	0.28431372549	0.00460540370529	0.00777926740856	0.00541735630569	0.170262645765	0.15294618178	0.224330685496	0.240883981369	0.142857142857	0.13396373978	0.145006557204	0.294117647059	0.287607467731	0.298373506627	0.25
160582958-stool1.snv.filtered.bam	0.282181454963	0.280137786261	0.237793022563	0.236926794763	0.225293107737	0.223788675529	0.237793132335	0.245211219778	0.213397337452	0.212630094682	0.196197885555	0.197054516628	0.19873650685	0.295661546325	0.284676322953	0.296509470589	0.0	0.287054236034	0.281975654708	0.288484468246	0.242078978453	0.250492756685	0.257839861559	0.294076188206	0.296242430444	0.299836473767	0.217735882349	0.277022184931	0.264574993033	0.285297724012	0.214595617258	0.207498742359	0.267265808754	0.251948435583	0.207315027646	0.201583651955	0.263020930416
160603188-stool1.snv.filtered.bam	0.0543655907587	0.05008944083	0.197048776914	0.193876701537	0.152959654743	0.152738801854	0.202582688815	0.196604727064	0.176870974656	0.118400338691	0.15369941566	0.153698608564	0.155283130302	0.141687362137	0.125650662909	0.143494526932	0.287054236034	0.0	0.0118613399049	0.0108414657072	0.184542659894	0.196023939285	0.25328909094	0.14392100532	0.144843011512	0.149031913643	0.144830267703	0.0509449650772	0.26949323767	0.276333410321	0.175901687003	0.177644232008	0.20811854454	0.361701740844	0.322686627329	0.323119740436	0.256900662909
160603188-stool2.snv.filtered.bam	0.0506683261056	0.0494872361199	0.195272805212	0.192571700274	0.143797540584	0.142518118369	0.198051255789	0.19258723362	0.164723003764	0.110981488368	0.144006616156	0.142035188531	0.143614661982	0.143084355252	0.125764802963	0.14225980668	0.281975654708	0.0118613399049	0.0	0.000961035301695	0.17286117742	0.185543950255	0.255881839915	0.14365054282	0.144854227734	0.147948457486	0.139899091357	0.0485431723906	0.262517879716	0.265734318214	0.161074979442	0.163282371988	0.193848283243	0.36189091021	0.316447792893	0.31731284169	0.249358471199
160603188-stool3.snv.filtered.bam	0.0525160105249	0.0494777875846	0.198263248504	0.195510199239	0.147271208	0.145900380215	0.202354288331	0.195962927359	0.168532282637	0.112201641421	0.146011171196	0.144001831502	0.145631067961	0.145071174506	0.127450980392	0.144230769231	0.288484468246	0.0108414657072	0.000961035301695	0.0	0.176865462373	0.189836174724	0.25	0.145648250296	0.146875082997	0.150069608534	0.143399264872	0.0501182237374	0.268376837684	0.270006832424	0.165048543689	0.167637023593	0.196869430875	0.37	0.323720749907	0.324603274437	0.254901960784
604812005-stool1.snv.filtered.bam	0.16821905598	0.166154052041	0.149187862828	0.14664664552	0.127694665834	0.126690062038	0.170249380021	0.167492373725	0.118428807863	0.142000679914	0.164707480173	0.164199544269	0.165549448312	0.174390880941	0.157447986645	0.173496596423	0.242078978453	0.184542659894	0.17286117742	0.176865462373	0.0	0.00363496649564	0.230435255507	0.173718512955	0.17735323269	0.176244820756	0.123084066888	0.165380207277	0.141116767659	0.171503135317	0.144925167851	0.145800617173	0.187357520132	0.291078819864	0.26447315047	0.254437758846	0.139795735983
604812005-stool2.snv.filtered.bam	0.181104999641	0.178894840871	0.141140362136	0.139503720057	0.139448678713	0.13829265684	0.15438437234	0.151734385684	0.125117370249	0.152612448797	0.177057139898	0.17679903217	0.178284367202	0.157153051779	0.15733932521	0.15733932521	0.250492756685	0.196023939285	0.185543950255	0.189836174724	0.00363496649564	0.0	0.221632898219	0.157540449763	0.161233044518	0.15979768368	0.135455650928	0.177695189719	0.142096072961	0.164303296532	0.14915815361	0.150408495402	0.180406064506	0.293632898219	0.26615297033	0.256647524245	0.140816566881
638754422-stool3.snv.filtered.bam	0.260125627307	0.267124212421	0.289732462527	0.287625474555	0.269999240856	0.276212152376	0.283295611521	0.287085714767	0.273190364901	0.202201641421	0.236679449725	0.235527544351	0.235294117647	0.2851706093	0.29	0.28431372549	0.257839861559	0.25328909094	0.255881839915	0.25	0.230435255507	0.221632898219	0.0	0.284786994506	0.279858640864	0.287524974325	0.257107420636	0.266154697448	0.324303642485	0.209758507755	0.257425742574	0.268876529477	0.196869430875	0.30612244898	0.268539734441	0.26015000001	0.3
675950834-stool1.snv.filtered.bam	0.155614889376	0.153590128432	0.0720628715016	0.0708421514507	0.164145307366	0.170699084877	0.0679269235013	0.0570118187338	0.173790579218	0.216702719767	0.152868256379	0.152242446888	0.153465617584	0.00632316899013	0.00395432419074	0.00460540370529	0.294076188206	0.14392100532	0.14365054282	0.145648250296	0.173718512955	0.157540449763	0.284786994506	0.0	0.00739631397712	0.00866716628843	0.170114261465	0.153437171972	0.225622120788	0.239683349774	0.144365088483	0.134647007944	0.147849559838	0.294900270571	0.286988989428	0.297339701855	0.25077294477
675950834-stool2.snv.filtered.bam	0.156933035045	0.155252607459	0.0764036079838	0.0740782512322	0.166769599418	0.174490704395	0.070912084841	0.0610782927399	0.177412588969	0.218404986752	0.156081848808	0.154559657482	0.15580489685	0.0104703796642	0.00792886870488	0.00777926740856	0.296242430444	0.144843011512	0.144854227734	0.146875082997	0.17735323269	0.161233044518	0.279858640864	0.00739631397712	0.0	0.0101706781858	0.173454478671	0.154950980192	0.229412873132	0.238888505545	0.147550928596	0.137609987611	0.149853470422	0.295942960042	0.289116644016	0.299882682912	0.253700722341
706846339-stool2.snv.filtered.bam	0.15029393873	0.149664401979	0.071014297809	0.0687209287643	0.164286965308	0.171869059083	0.0688086561054	0.0587461236652	0.172921225801	0.219726615747	0.152806323468	0.151390287184	0.152628935372	0.00763177664329	0.00552357897835	0.00541735630569	0.299836473767	0.149031913643	0.147948457486	0.150069608534	0.176244820756	0.15979768368	0.287524974325	0.00866716628843	0.0101706781858	0.0	0.170770247986	0.157888427418	0.229130444912	0.243279775597	0.142920197508	0.134163854024	0.145532397135	0.298480530706	0.292603968584	0.302850543964	0.251665514608
763840445-stool1.snv.filtered.bam	0.122159473639	0.122594060102	0.125085835005	0.122770932566	0.0120738327858	0.0117047860474	0.129186239983	0.12313023285	0.0612452067421	0.165709314114	0.111289550224	0.111092443031	0.110856705171	0.16876707461	0.153500274973	0.170262645765	0.217735882349	0.144830267703	0.139899091357	0.143399264872	0.123084066888	0.135455650928	0.257107420636	0.170114261465	0.173454478671	0.170770247986	0.0	0.120050448966	0.195324174642	0.233573340446	0.0919652722231	0.0882830919966	0.17312543318	0.290170383735	0.28322214487	0.284115713901	0.173702295175
763860675-stool2.snv.filtered.bam	0.0236962712807	0.023573086253	0.203674529793	0.201058614481	0.134992172552	0.134053847982	0.203369192094	0.198430688512	0.151748036753	0.140560529912	0.152765393569	0.152112920904	0.153788372759	0.152023427573	0.136656685276	0.15294618178	0.277022184931	0.0509449650772	0.0485431723906	0.0501182237374	0.165380207277	0.177695189719	0.266154697448	0.153437171972	0.154950980192	0.157888427418	0.120050448966	0.0	0.235474172289	0.275150846338	0.153788372759	0.155394808052	0.203160830201	0.334502036383	0.288337697093	0.289369905463	0.22257479942
764143897-stool2.snv.filtered.bam	0.228713203892	0.227146464646	0.201217849033	0.200498703363	0.208970145462	0.205944508914	0.216612084302	0.213681046774	0.199830408196	0.212858363585	0.205549827586	0.205144370193	0.206922162805	0.225482056684	0.20897089709	0.224330685496	0.264574993033	0.26949323767	0.262517879716	0.268376837684	0.141116767659	0.142096072961	0.324303642485	0.225622120788	0.229412873132	0.229130444912	0.195324174642	0.235474172289	0.0	0.254599775283	0.177510398099	0.177828935911	0.259274678765	0.304101622283	0.266314890727	0.265429283445	0.0210932857992
764224817-stool1.snv.filtered.bam	0.279386960028	0.276764343111	0.239466189876	0.237298604308	0.235370609411	0.241207733068	0.235625705114	0.236110297001	0.217559740286	0.246272002691	0.23747922066	0.236963892328	0.229470124409	0.241708529941	0.235900981011	0.240883981369	0.285297724012	0.276333410321	0.265734318214	0.270006832424	0.171503135317	0.164303296532	0.209758507755	0.239683349774	0.238888505545	0.243279775597	0.233573340446	0.275150846338	0.254599775283	0.0	0.230569025508	0.239223807878	0.246571650972	0.290241737064	0.31314022289	0.312885678318	0.250063510933
764366428-stool2.snv.filtered.bam	0.154714948095	0.154450757576	0.120537284585	0.118830522524	0.0972977011263	0.0968918051656	0.12262858117	0.118657865792	0.123630509982	0.148894514459	0.0401034293774	0.0383219954649	0.0384615384615	0.14527684586	0.126213592233	0.142857142857	0.214595617258	0.175901687003	0.161074979442	0.165048543689	0.144925167851	0.14915815361	0.257425742574	0.144365088483	0.147550928596	0.142920197508	0.0919652722231	0.153788372759	0.177510398099	0.230569025508	0.0	0.000767863490935	0.097870698536	0.217821782178	0.230483542408	0.232071527407	0.165048543689
764366428-stool3.snv.filtered.bam	0.156433230475	0.156129125305	0.108275767958	0.107955542512	0.0941808469199	0.0938057400388	0.111757853533	0.106222737536	0.118243895386	0.151009281739	0.043727433171	0.0422504359013	0.0424425287356	0.137125599514	0.115731397459	0.13396373978	0.207498742359	0.177644232008	0.163282371988	0.167637023593	0.145800617173	0.150408495402	0.268876529477	0.134647007944	0.137609987611	0.134163854024	0.0882830919966	0.155394808052	0.177828935911	0.239223807878	0.000767863490935	0.0	0.106194716223	0.205101965146	0.207856923907	0.216119309858	0.176724137931
764447348-stool1.snv.filtered.bam	0.205571026273	0.20527728871	0.167692290236	0.167814148189	0.167670050639	0.174024622624	0.148548269339	0.146949164488	0.193230701964	0.169294698099	0.0790153984781	0.0779278026252	0.0784532228079	0.147196490144	0.147849823031	0.145006557204	0.267265808754	0.20811854454	0.193848283243	0.196869430875	0.187357520132	0.180406064506	0.196869430875	0.147849559838	0.149853470422	0.145532397135	0.17312543318	0.203160830201	0.259274678765	0.246571650972	0.097870698536	0.106194716223	0.0	0.248950297504	0.241852363548	0.241532386875	0.255692960286
764649650-stool2.snv.filtered.bam	0.338083669265	0.336431143114	0.270966252339	0.26928520835	0.29021663216	0.295819995514	0.253438058099	0.258325908384	0.292513141282	0.326921897554	0.236293538187	0.235527544351	0.237623762376	0.295383027601	0.29	0.294117647059	0.251948435583	0.361701740844	0.36189091021	0.37	0.291078819864	0.293632898219	0.30612244898	0.294900270571	0.295942960042	0.298480530706	0.290170383735	0.334502036383	0.304101622283	0.290241737064	0.217821782178	0.205101965146	0.248950297504	0.0	0.102173291517	0.11348030304	0.3
765094712-stool1.snv.filtered.bam	0.29083158816	0.290278996953	0.253959157845	0.253208736305	0.283425736279	0.288287678332	0.240714885443	0.249204755573	0.285969840459	0.257550145956	0.228493347111	0.228437264996	0.230483542408	0.287854023657	0.283316709503	0.287607467731	0.207315027646	0.322686627329	0.316447792893	0.323720749907	0.26447315047	0.26615297033	0.268539734441	0.286988989428	0.289116644016	0.292603968584	0.28322214487	0.288337697093	0.266314890727	0.31314022289	0.230483542408	0.207856923907	0.241852363548	0.102173291517	0.0	0.00388167399671	0.263114689301
765094712-stool2.snv.filtered.bam	0.29171411269	0.291152696238	0.252044111782	0.254176703873	0.284198467221	0.289390211195	0.251050358997	0.258563166784	0.2840259791	0.249484991295	0.229936973355	0.230009527372	0.232071527407	0.299406946797	0.294300244134	0.298373506627	0.201583651955	0.323119740436	0.31731284169	0.324603274437	0.254437758846	0.256647524245	0.26015000001	0.297339701855	0.299882682912	0.302850543964	0.284115713901	0.289369905463	0.265429283445	0.312885678318	0.232071527407	0.216119309858	0.241532386875	0.11348030304	0.00388167399671	0.0	0.254256954091
823052294-stool3.snv.filtered.bam	0.215627186148	0.214202706678	0.207878633119	0.206447414092	0.186273765545	0.184361918677	0.223116065953	0.220380309335	0.181860907454	0.190383459603	0.193494744315	0.192536630037	0.194174757282	0.250144555073	0.235294117647	0.25	0.263020930416	0.256900662909	0.249358471199	0.254901960784	0.139795735983	0.140816566881	0.3	0.25077294477	0.253700722341	0.251665514608	0.173702295175	0.22257479942	0.0210932857992	0.250063510933	0.165048543689	0.176724137931	0.255692960286	0.3	0.263114689301	0.254256954091	0.0
