	158337416-stool2.snv.filtered.bam	158479027-stool1.snv.filtered.bam	158479027-stool2.snv.filtered.bam	158802708-stool1.snv.filtered.bam	158802708-stool2.snv.filtered.bam	159227541-stool3.snv.filtered.bam	159510762-stool2.snv.filtered.bam	159551223-stool1.snv.filtered.bam	159551223-stool2.snv.filtered.bam	159611913-stool1.snv.filtered.bam	159753524-stool1.snv.filtered.bam	159753524-stool2.snv.filtered.bam	159814214-stool1.snv.filtered.bam	159814214-stool2.snv.filtered.bam	160178356-stool2.snv.filtered.bam	160319967-stool1.snv.filtered.bam	160319967-stool2.snv.filtered.bam	160502038-stool1.snv.filtered.bam	160502038-stool3.snv.filtered.bam	160582958-stool1.snv.filtered.bam	160582958-stool3.snv.filtered.bam	160603188-stool2.snv.filtered.bam	338793263-stool1.snv.filtered.bam	338793263-stool2.snv.filtered.bam	508703490-stool1.snv.filtered.bam	508703490-stool2.snv.filtered.bam	508703490-stool3.snv.filtered.bam	604812005-stool1.snv.filtered.bam	638754422-stool1.snv.filtered.bam	638754422-stool2.snv.filtered.bam	675950834-stool1.snv.filtered.bam	706846339-stool1.snv.filtered.bam	706846339-stool2.snv.filtered.bam	737052003-stool1.snv.filtered.bam	737052003-stool2.snv.filtered.bam	763496533-stool1.snv.filtered.bam	763496533-stool2.snv.filtered.bam	763536994-stool1.snv.filtered.bam	763536994-stool2.snv.filtered.bam	763577454-stool1.snv.filtered.bam	763577454-stool2.snv.filtered.bam	763678604-stool1.snv.filtered.bam	763678604-stool2.snv.filtered.bam	763759525-stool2.snv.filtered.bam	763820215-stool1.snv.filtered.bam	763820215-stool2.snv.filtered.bam	763820215-stool3.snv.filtered.bam	763840445-stool1.snv.filtered.bam	763840445-stool2.snv.filtered.bam	763860675-stool1.snv.filtered.bam	763860675-stool2.snv.filtered.bam	763961826-stool1.snv.filtered.bam	763961826-stool2.snv.filtered.bam	763982056-stool1.snv.filtered.bam	764062976-stool1.snv.filtered.bam	764062976-stool2.snv.filtered.bam	764143897-stool1.snv.filtered.bam	764143897-stool2.snv.filtered.bam	764224817-stool1.snv.filtered.bam	764285508-stool1.snv.filtered.bam	764285508-stool2.snv.filtered.bam	764305738-stool2.snv.filtered.bam	764366428-stool2.snv.filtered.bam	764366428-stool3.snv.filtered.bam	764447348-stool2.snv.filtered.bam	764487809-stool1.snv.filtered.bam	764508039-stool2.snv.filtered.bam	764508039-stool3.snv.filtered.bam	764649650-stool1.snv.filtered.bam	764649650-stool2.snv.filtered.bam	765013792-stool2.snv.filtered.bam	765034022-stool2.snv.filtered.bam	765074482-stool1.snv.filtered.bam	765074482-stool2.snv.filtered.bam	765074482-stool3.snv.filtered.bam	765094712-stool3.snv.filtered.bam	765337473-stool2.snv.filtered.bam	765640925-stool2.snv.filtered.bam	809635352-stool2.snv.filtered.bam	823052294-stool1.snv.filtered.bam
158337416-stool2.snv.filtered.bam	0.0	0.18755714847	0.214579237494	0.245118889765	0.246809441606	0.227021760591	0.185375538862	0.190287809183	0.173032955977	0.175214926527	0.216692804815	0.219002283412	0.232094945721	0.225183451436	0.0939935809805	0.167235636723	0.157068575463	0.164876860452	0.163585762134	0.130625247693	0.124219139766	0.176832727087	0.150304559775	0.151925401492	0.230665957832	0.229768223531	0.229619825978	0.174803365461	0.213340651326	0.225278427109	0.220603628951	0.239390822278	0.237094391236	0.122753925244	0.128193572427	0.181369517053	0.17115807822	0.162250735976	0.233706612739	0.173335060963	0.17770425381	0.188390044629	0.172669163505	0.216291972651	0.228301439729	0.235941424739	0.223595971422	0.212185377441	0.218557213427	0.152531740078	0.186657924672	0.199056894274	0.198784073759	0.174667161274	0.207255876459	0.210943221692	0.222230690582	0.179812878314	0.211570098465	0.175731856817	0.224165987694	0.175452611883	0.205963772889	0.208696041846	0.22624855454	0.146495160085	0.18481753154	0.186015746474	0.119999570859	0.153099348226	0.131660537564	0.232722270066	0.156785997873	0.142487152941	0.185733985689	0.181614846567	0.185815873597	0.221583134185	0.127024921464	0.220893470416
158479027-stool1.snv.filtered.bam	0.18755714847	0.0	0.111294852963	0.206478297131	0.207298192076	0.179980979525	0.146265612965	0.147426865071	0.137400523396	0.200782190602	0.186954029569	0.190463979271	0.199540212357	0.189184197091	0.170328870943	0.157910769135	0.150780203303	0.168767545052	0.168919745944	0.159050165829	0.155640367387	0.17418941919	0.168936775867	0.16954261568	0.205239960864	0.204200501256	0.204802430869	0.140830260854	0.178411087327	0.187497083848	0.190341367603	0.196994042813	0.194657078735	0.145122936281	0.144425747139	0.158196379771	0.16587285949	0.18151725146	0.206081359008	0.1569137725	0.165394914131	0.159569489302	0.143828326452	0.184663476916	0.186658139062	0.190217250257	0.181084499475	0.17141643448	0.172271940263	0.152920397882	0.184174463347	0.177957931473	0.176831191508	0.164414792038	0.18956697056	0.190845091654	0.186259218442	0.190310142289	0.183277533554	0.149565208438	0.167664699993	0.188508583634	0.175430579874	0.177861945351	0.19221476227	0.154430728129	0.170277260656	0.157927410543	0.157636542869	0.150584454034	0.177959012212	0.197346111941	0.13631716352	0.149516138182	0.150676630084	0.152987552526	0.166819763268	0.186313489401	0.159207390055	0.190102381586
158479027-stool2.snv.filtered.bam	0.214579237494	0.111294852963	0.0	0.194296430828	0.195565110609	0.179650719776	0.169425049534	0.172951828496	0.183366876558	0.193644088179	0.190621037455	0.194717421738	0.17558015711	0.167448131334	0.188379105038	0.155667815987	0.158434813873	0.215315383146	0.21664250632	0.195828678581	0.194253979703	0.206510404221	0.208226788435	0.208869772141	0.194092319735	0.193009786125	0.192457947719	0.162403763853	0.138814155144	0.138918078786	0.173492392015	0.175417532722	0.174398313863	0.181295183259	0.183238044854	0.1917129001	0.200733642317	0.221451593949	0.180025981126	0.212006375202	0.219783999464	0.173265107064	0.171080480952	0.18262411715	0.129299284128	0.129737695526	0.126488865469	0.14131757263	0.13782297699	0.179906278542	0.179321026157	0.186808895155	0.184141819256	0.192218497442	0.205985228913	0.227715604239	0.132107498092	0.204711335182	0.191458594127	0.178828941306	0.106839622043	0.202854992727	0.198684378491	0.200335666664	0.168884676105	0.187591661536	0.207253600611	0.196428361251	0.1888527884	0.17115814741	0.21191414645	0.178568551307	0.171664693258	0.190734582675	0.161724168103	0.176216536007	0.193164013244	0.127790238181	0.196180454125	0.175034528451
158802708-stool1.snv.filtered.bam	0.245118889765	0.206478297131	0.194296430828	0.0	0.000931869815301	0.16626370188	0.214987976547	0.16183516561	0.19294960562	0.217806233543	0.173672156496	0.174484823296	0.175792131777	0.164050785467	0.22196026711	0.218418955694	0.216378926629	0.256798789165	0.254873848051	0.211683873291	0.210290097915	0.227276527743	0.226287959189	0.227116273467	0.163233118121	0.16215663049	0.164632401687	0.196300244903	0.200146261131	0.200597129595	0.191705896811	0.19100774645	0.192673928549	0.214388644547	0.208051245761	0.219586967857	0.233432991749	0.235181233574	0.18336578355	0.221436439464	0.226748649825	0.196838421034	0.204329094025	0.192093402238	0.213836412061	0.218197958887	0.206847119761	0.158379323503	0.165365645148	0.209153939023	0.221418530829	0.165862204569	0.168454453082	0.21859739776	0.236127011869	0.236847427766	0.216237130878	0.216443254857	0.20601149181	0.20161551654	0.19156483987	0.222796554491	0.256362742913	0.258770993364	0.214721206706	0.219421884346	0.241676207393	0.234634566074	0.207180190628	0.172336051505	0.229627983355	0.169056349594	0.196700522747	0.216871201665	0.186804910277	0.215506505976	0.223827286431	0.214286963822	0.225744471103	0.177502664411
158802708-stool2.snv.filtered.bam	0.246809441606	0.207298192076	0.195565110609	0.000931869815301	0.0	0.165768895966	0.216304025929	0.160767763282	0.191214729488	0.21883121934	0.173111347621	0.174051777636	0.175255317754	0.164388046004	0.220115452946	0.219919985009	0.217762969266	0.258598242357	0.256681824312	0.213076770467	0.211803761469	0.225504697554	0.227883547449	0.228659972721	0.163417588699	0.162347297712	0.16470762405	0.195831362519	0.201477228267	0.201932571749	0.192819135743	0.190524426053	0.192239077307	0.214186111503	0.208329790866	0.221060814443	0.234930004048	0.233475296631	0.184452312451	0.221386062095	0.22670528607	0.19744422726	0.205311358697	0.193332267503	0.215207320442	0.219420310275	0.208060767021	0.159510539795	0.166398810814	0.20857279714	0.222543237866	0.165652320318	0.1679737866	0.218441585597	0.236184699666	0.236805235649	0.217423147013	0.216620772571	0.207039805681	0.202804262746	0.192722041033	0.222464457189	0.2564083128	0.258822414102	0.214401353348	0.217432073289	0.241671504369	0.234752065524	0.205338206786	0.170278133788	0.227626607046	0.170234115541	0.198257143855	0.218486433582	0.188206532648	0.216996726427	0.223749132026	0.215614014852	0.224484911317	0.177226536288
159227541-stool3.snv.filtered.bam	0.227021760591	0.179980979525	0.179650719776	0.16626370188	0.165768895966	0.0	0.198331132166	0.150779861896	0.187953867116	0.22263383696	0.163173132806	0.165013900542	0.179276448671	0.166153714685	0.197073480713	0.209078844234	0.208977439527	0.231568099658	0.233043110065	0.194578718471	0.190194546852	0.223128679168	0.196134508915	0.197057268434	0.199077152759	0.199660582373	0.197373816417	0.177471207651	0.187647069497	0.191030984134	0.177430304618	0.170790956974	0.167742739377	0.192612461064	0.186908357815	0.197686517635	0.209924378391	0.202232085996	0.201866893676	0.195146495001	0.204415182881	0.176877032144	0.185224057944	0.174830463921	0.206270191282	0.210524940228	0.196678437639	0.193346728733	0.190057721376	0.200550269599	0.19807535134	0.174873392001	0.166993451981	0.15641578589	0.21892059567	0.207479054143	0.209857549456	0.208993689357	0.189231641516	0.197464186444	0.185435376448	0.198313470798	0.229287058949	0.231792325341	0.184205252415	0.198465945532	0.222611524243	0.21438237728	0.187557134666	0.172765590988	0.21522751639	0.174976567596	0.175044520818	0.198613802757	0.17234668197	0.188622274018	0.172185960028	0.20914774346	0.20847363407	0.181194655618
159510762-stool2.snv.filtered.bam	0.185375538862	0.146265612965	0.169425049534	0.214987976547	0.216304025929	0.198331132166	0.0	0.175105893733	0.166289347382	0.204553808839	0.191192893472	0.193733730713	0.19482260688	0.183278600986	0.167564499218	0.180450295472	0.175387614724	0.145844098678	0.142539804444	0.155641095257	0.1535096416	0.156507767274	0.174301153437	0.173477831669	0.202759933291	0.201959097947	0.202929059499	0.159182666898	0.174337449579	0.182034622664	0.207572858363	0.216008760273	0.211423114483	0.142654007578	0.145968492277	0.15018413604	0.150655454947	0.175874934463	0.206442915481	0.190646534242	0.194326695159	0.162401462648	0.149139659915	0.191677036991	0.190088062171	0.194545296303	0.186228086368	0.18409141899	0.185133377979	0.152897022226	0.168067478176	0.179529944787	0.17882392783	0.156421744372	0.192788723189	0.17893909191	0.191749674871	0.169221442638	0.183847685403	0.154065789101	0.177471205592	0.186210628303	0.186658839737	0.189236481586	0.219358788332	0.145446514869	0.181479844372	0.168516131522	0.147623051829	0.145821340477	0.184468246562	0.199273091371	0.149923283856	0.156534950653	0.158799362198	0.152922090432	0.172285455661	0.192374514256	0.158871562309	0.197427669541
159551223-stool1.snv.filtered.bam	0.190287809183	0.147426865071	0.172951828496	0.16183516561	0.160767763282	0.150779861896	0.175105893733	0.0	0.0758364590783	0.202480341824	0.121537497725	0.12437285739	0.183970582718	0.171003056534	0.155809136944	0.167934579719	0.166259352775	0.185309565031	0.184969548728	0.159988947774	0.159914009616	0.192505935011	0.177561563701	0.178793113844	0.151788382763	0.1498303782	0.151000983547	0.145675520929	0.182190109829	0.19100445749	0.19473513492	0.191561306922	0.188948096152	0.155123511725	0.149141276714	0.176200419294	0.189432279068	0.170410645092	0.192992993809	0.177287942766	0.184456656353	0.152653109695	0.153813584848	0.177253843275	0.201053705318	0.206067455417	0.195704246714	0.168609434429	0.168099120259	0.164556730502	0.174351988813	0.110783174569	0.10957367003	0.162332154172	0.196952856911	0.177433249611	0.198845424881	0.186288673703	0.166617931166	0.138851938358	0.193779934845	0.183352395505	0.17166072773	0.173954487422	0.19872684253	0.155852626854	0.151643043845	0.144994584613	0.149360147783	0.128752943913	0.183226022522	0.177377009262	0.142095546454	0.172902227897	0.146725561956	0.156416649665	0.162888118899	0.200616235121	0.171474260136	0.189635642574
159551223-stool2.snv.filtered.bam	0.173032955977	0.137400523396	0.183366876558	0.19294960562	0.191214729488	0.187953867116	0.166289347382	0.0758364590783	0.0	0.197656297127	0.169481872466	0.171981879979	0.207945226621	0.196509849067	0.14090206156	0.176592156303	0.166766474367	0.138995310835	0.137160546888	0.146276312991	0.145492683712	0.176663979003	0.163773453145	0.165430462609	0.192730801861	0.190203843372	0.191168133707	0.155156655776	0.196404314288	0.206891215343	0.216989739847	0.210452087917	0.207978878917	0.146181919753	0.1401440249	0.164257022168	0.170085959054	0.149684240499	0.213864873352	0.167255634013	0.173923341983	0.169402461276	0.152847815757	0.195690146335	0.215666956304	0.219393959606	0.211582101207	0.189195113972	0.189939523884	0.151618901031	0.190465679556	0.157308530888	0.158365484642	0.160808187236	0.188597601232	0.163483179268	0.211726019438	0.170835678719	0.188311725614	0.150933060466	0.204141087878	0.183047487136	0.17037211155	0.172217129617	0.216631374106	0.135310539588	0.146018727286	0.141043247793	0.13698664993	0.140994125495	0.152857265476	0.205189040515	0.147757447648	0.163103880163	0.162686231911	0.151027614024	0.167353712708	0.21277822577	0.150618034847	0.201135938843
159611913-stool1.snv.filtered.bam	0.175214926527	0.200782190602	0.193644088179	0.217806233543	0.21883121934	0.22263383696	0.204553808839	0.202480341824	0.197656297127	0.0	0.222757961324	0.220889550458	0.194180878885	0.194351385749	0.179878151165	0.186212261837	0.182300842631	0.195745328306	0.199186766358	0.187195663519	0.182498576838	0.188479595781	0.199857945782	0.199934702124	0.202573326579	0.201299975073	0.19937671142	0.177109538309	0.219321772621	0.227139637978	0.209394261304	0.193565369882	0.192370813453	0.182917537276	0.186173774306	0.189823457545	0.190070055113	0.192393082145	0.208845594857	0.204032531951	0.203119337821	0.192570745047	0.185993970944	0.204155421742	0.217193817721	0.223005074129	0.211714226356	0.191522835005	0.184887895762	0.189122159227	0.203426334628	0.199952475743	0.191970221777	0.206334508374	0.225841844775	0.233983253258	0.214714663241	0.192109716554	0.221625915973	0.188897976433	0.177227798119	0.154308424963	0.19569705638	0.195170971429	0.197592750468	0.190175838252	0.205913446942	0.201304154615	0.149831657683	0.166982029534	0.188779111123	0.217719461698	0.18033651359	0.183335221529	0.176649476605	0.193375616006	0.214886713113	0.213243812453	0.170640892685	0.195276021409
159753524-stool1.snv.filtered.bam	0.216692804815	0.186954029569	0.190621037455	0.173672156496	0.173111347621	0.163173132806	0.191192893472	0.121537497725	0.169481872466	0.222757961324	0.0	0.00386443023128	0.170282385538	0.157522503189	0.184657332365	0.195115219661	0.197242923659	0.217489533021	0.219128250281	0.179599499246	0.178690614244	0.22039970945	0.191718641097	0.191028035122	0.124355518154	0.124292245989	0.125919841249	0.163443548045	0.169980142087	0.174525812228	0.182983914226	0.181933164153	0.178959461094	0.187312225942	0.183721325859	0.216748985058	0.230832545474	0.201153971618	0.180653931152	0.192598663412	0.203107618044	0.170006859333	0.174820032249	0.153887748803	0.186877818066	0.19154608703	0.18008938434	0.159065869687	0.157175550763	0.176740371397	0.18453324954	0.122028544169	0.122899774498	0.167926849746	0.213384274319	0.203208259275	0.190123527554	0.201836881202	0.167344460598	0.176945118217	0.186949264083	0.194100859027	0.197622242185	0.200182602638	0.18583901791	0.200371147832	0.174319424293	0.175347722714	0.184960956558	0.166981489286	0.214642563133	0.176778489883	0.173311398743	0.196705041839	0.162212843922	0.183579201079	0.184236724685	0.187280349784	0.19077530312	0.163633386676
159753524-stool2.snv.filtered.bam	0.219002283412	0.190463979271	0.194717421738	0.174484823296	0.174051777636	0.165013900542	0.193733730713	0.12437285739	0.171981879979	0.220889550458	0.00386443023128	0.0	0.170335221173	0.158026399237	0.186747807385	0.195901121531	0.20003794577	0.220201390125	0.221912666879	0.182658786965	0.181623862437	0.224961014984	0.193273660391	0.192265180396	0.123585200971	0.123463759508	0.125224046601	0.160854474701	0.169719420734	0.173185909141	0.183445553364	0.182484573592	0.179453773614	0.188496460876	0.184606984361	0.218726645964	0.233776018588	0.201773419522	0.181554479934	0.193604917617	0.20322481512	0.171109345175	0.176983881029	0.155323347554	0.187379182675	0.191590368251	0.181564627822	0.161532404503	0.159757891304	0.180951696574	0.186587469636	0.122655459041	0.123309192443	0.169832537335	0.213562393206	0.203960598451	0.190098687259	0.200915802457	0.166589774562	0.17999911401	0.184806514169	0.194554249435	0.19924152546	0.201989966293	0.185526074776	0.198307591952	0.17547525785	0.176940273904	0.185989674375	0.166240977136	0.219346275899	0.177777684987	0.175086611758	0.200910925044	0.165622127328	0.185726301308	0.185072429285	0.187034246925	0.193724349207	0.163408589233
159814214-stool1.snv.filtered.bam	0.232094945721	0.199540212357	0.17558015711	0.175792131777	0.175255317754	0.179276448671	0.19482260688	0.183970582718	0.207945226621	0.194180878885	0.170282385538	0.170335221173	0.0	0.00149948327576	0.202197444357	0.184946188031	0.192359809472	0.246754515616	0.245059439602	0.222883459501	0.224024291461	0.239732235656	0.232979425338	0.23381590646	0.159979720435	0.158797715078	0.157887362302	0.175143033152	0.164305081219	0.161726752718	0.197511350242	0.0984713151631	0.0988317451285	0.213758163154	0.21646841922	0.206564997498	0.228592533017	0.23329021763	0.152526736052	0.227966124982	0.236521848478	0.176810447469	0.192987914778	0.180480519683	0.153375881133	0.159277309437	0.154119007468	0.14651013214	0.149836255416	0.183312014155	0.19781542288	0.180712396778	0.179347316948	0.201473977378	0.249703115905	0.232172661422	0.162818333064	0.226416294013	0.201974703566	0.197117037679	0.16410757302	0.22250814902	0.239757577401	0.240708817807	0.171746853953	0.216288065336	0.245484169464	0.230352565081	0.205090658918	0.177920334987	0.232968265904	0.162894190433	0.198204240846	0.222049065942	0.174852807209	0.208314687249	0.204429649534	0.154709551365	0.224397146528	0.197578674383
159814214-stool2.snv.filtered.bam	0.225183451436	0.189184197091	0.167448131334	0.164050785467	0.164388046004	0.166153714685	0.183278600986	0.171003056534	0.196509849067	0.194351385749	0.157522503189	0.158026399237	0.00149948327576	0.0	0.189160734061	0.174388163914	0.184382112806	0.238350533921	0.237064159224	0.211543487646	0.212692549354	0.228513013209	0.221233442699	0.221790845923	0.155307992547	0.154138271788	0.152171729141	0.166835353242	0.157663082031	0.154371233193	0.185726891732	0.0964973725126	0.0966050989244	0.204017662427	0.206868164048	0.198745965682	0.221071926701	0.221764081867	0.14686254303	0.221847166103	0.231288604853	0.164050467272	0.180570698588	0.166592868123	0.150945324426	0.156330031924	0.150905458536	0.134785224467	0.13797944349	0.171190139414	0.187957431941	0.16785636143	0.165259713771	0.190778448553	0.239654412085	0.223997127529	0.157715765418	0.219671866779	0.191130057428	0.188749171262	0.160017647171	0.213213241171	0.234822610801	0.235814567178	0.165485775629	0.205235485626	0.237254261223	0.222275253291	0.195226855639	0.166119588356	0.22455754729	0.152001446621	0.186087068038	0.213046243107	0.159820407283	0.196054864283	0.193053935287	0.150110118732	0.212932534684	0.188250329743
160178356-stool2.snv.filtered.bam	0.0939935809805	0.170328870943	0.188379105038	0.22196026711	0.220115452946	0.197073480713	0.167564499218	0.155809136944	0.14090206156	0.179878151165	0.184657332365	0.186747807385	0.202197444357	0.189160734061	0.0	0.148476256927	0.139021746482	0.167516320776	0.165880712927	0.13507322908	0.134254275293	0.171399570861	0.144249100086	0.14538250312	0.204183852983	0.204669561994	0.201952269998	0.147712030907	0.189048348057	0.199073746592	0.211314164422	0.198336129324	0.195631663981	0.140980347031	0.142274625754	0.167001242141	0.166809651273	0.155621566527	0.202894561551	0.159410140319	0.166770440565	0.163597630823	0.152863010982	0.183962224421	0.205368289322	0.211953049368	0.201720440807	0.188615104363	0.191252627933	0.150313610174	0.173329658687	0.164425634318	0.162011945773	0.151700605955	0.189125456186	0.18392577783	0.203446230914	0.157960767448	0.186578840924	0.156036117586	0.204303658679	0.160769095213	0.180270972699	0.183115185107	0.210499274525	0.140607653737	0.15048517755	0.144412062147	0.112326608734	0.131334985626	0.133338864037	0.200878295546	0.147918343499	0.151796251209	0.167156716519	0.151229866402	0.149978414931	0.202738430023	0.135692910743	0.200626355428
160319967-stool1.snv.filtered.bam	0.167235636723	0.157910769135	0.155667815987	0.218418955694	0.219919985009	0.209078844234	0.180450295472	0.167934579719	0.176592156303	0.186212261837	0.195115219661	0.195901121531	0.184946188031	0.174388163914	0.148476256927	0.0	0.0413643845671	0.195035334449	0.195597150009	0.174136449116	0.170412464282	0.190509977627	0.181986371671	0.184343801046	0.219943230818	0.219081771153	0.218605599833	0.149399749795	0.128006523122	0.137779018665	0.204997764429	0.197893000012	0.19481557654	0.148081301457	0.153908014771	0.158440052403	0.171264284852	0.204963908448	0.153526983176	0.199310710574	0.203687123302	0.169613766914	0.170422520813	0.192558993181	0.130233460489	0.135850442627	0.128198048695	0.161233233606	0.170102245339	0.182352852117	0.14125097293	0.171218005175	0.169392231688	0.173094968944	0.20490039095	0.21622717045	0.116071420989	0.174005370546	0.181576367884	0.15392917224	0.176681055172	0.187276925385	0.194280832154	0.196287776474	0.207028414888	0.163189452292	0.18850017853	0.166179374983	0.163687450283	0.158495087277	0.184585693802	0.152081110932	0.161851885842	0.181402046904	0.165924636504	0.161002214819	0.189308847796	0.119766473363	0.179380454376	0.202259392173
160319967-stool2.snv.filtered.bam	0.157068575463	0.150780203303	0.158434813873	0.216378926629	0.217762969266	0.208977439527	0.175387614724	0.166259352775	0.166766474367	0.182300842631	0.197242923659	0.20003794577	0.192359809472	0.184382112806	0.139021746482	0.0413643845671	0.0	0.183762214684	0.182887840742	0.161714095647	0.156165023659	0.184392461389	0.174302622496	0.176174755473	0.21618985344	0.215292988836	0.214744209047	0.143902854265	0.143793398691	0.152478666084	0.20965012253	0.202120150586	0.199594575301	0.148784446357	0.149059779284	0.150262355254	0.161057317005	0.196337283188	0.162689546305	0.18708671216	0.189998805793	0.169316797045	0.163282883059	0.193367965154	0.148503308492	0.153884547844	0.146630486997	0.165400229401	0.176085131199	0.176256134966	0.149867792917	0.171908001618	0.169288913486	0.162125897822	0.203356992405	0.20522738312	0.135372982509	0.164424959715	0.182152516871	0.151021191494	0.18569185265	0.185328849678	0.185706583925	0.188202227433	0.21569774387	0.150848992863	0.173773176917	0.153103116927	0.156236722516	0.154851835209	0.176519500641	0.161848722384	0.152380926015	0.16735607449	0.162345958263	0.154928715728	0.186407717606	0.138036473967	0.163612328233	0.205561319244
160502038-stool1.snv.filtered.bam	0.164876860452	0.168767545052	0.215315383146	0.256798789165	0.258598242357	0.231568099658	0.145844098678	0.185309565031	0.138995310835	0.195745328306	0.217489533021	0.220201390125	0.246754515616	0.238350533921	0.167516320776	0.195035334449	0.183762214684	0.0	0.000603023475353	0.145761150332	0.138256116547	0.185825681695	0.164776501702	0.16464415406	0.245546790268	0.243028413682	0.244234482048	0.187799765749	0.224429709731	0.233164123885	0.239727137889	0.250810432471	0.248420697335	0.151628262322	0.153188776308	0.180803601794	0.168373280527	0.167914240174	0.244961485693	0.183396045928	0.184816073445	0.208914583574	0.186321615865	0.221980372029	0.236193699144	0.240450947647	0.230990951547	0.209881854854	0.212737099981	0.182835419983	0.216886151065	0.22065948387	0.217766710963	0.166806465872	0.206113653975	0.184380219374	0.236422984194	0.175370849755	0.223553583967	0.191961048747	0.23047947462	0.197244580737	0.174141512861	0.175269784757	0.246316479213	0.166227458691	0.163562868038	0.170890794332	0.175071092454	0.191466806352	0.172972972973	0.24499206955	0.176193292646	0.165544275771	0.192250973486	0.176192009827	0.199890546002	0.237960234767	0.157523830784	0.243027287986
160502038-stool3.snv.filtered.bam	0.163585762134	0.168919745944	0.21664250632	0.254873848051	0.256681824312	0.233043110065	0.142539804444	0.184969548728	0.137160546888	0.199186766358	0.219128250281	0.221912666879	0.245059439602	0.237064159224	0.165880712927	0.195597150009	0.182887840742	0.000603023475353	0.0	0.147641080492	0.140220602356	0.185435813128	0.164783714249	0.16482867814	0.243800907983	0.241271560268	0.24283033577	0.186448385314	0.224325688746	0.233016724338	0.239319063832	0.249197761987	0.246725621321	0.14906845069	0.150920695461	0.18320134817	0.171816407128	0.172782854885	0.244829624441	0.181704111443	0.183394984337	0.207044289129	0.184943511632	0.220499706661	0.238261217594	0.242176311728	0.232966595517	0.209319073225	0.212874252895	0.182181441199	0.21591745767	0.22148633313	0.220132545358	0.169563789891	0.207405742922	0.182582754544	0.237918419193	0.177000691281	0.223357472784	0.191138600087	0.232096420371	0.202489575977	0.174340485595	0.175570995874	0.247866872536	0.16521829154	0.163608467018	0.171435671499	0.173253670492	0.18846659383	0.172306545724	0.244753986124	0.178225010149	0.167071335415	0.192756108194	0.173623951333	0.203663838231	0.239213041081	0.154475993879	0.242330146483
160582958-stool1.snv.filtered.bam	0.130625247693	0.159050165829	0.195828678581	0.211683873291	0.213076770467	0.194578718471	0.155641095257	0.159988947774	0.146276312991	0.187195663519	0.179599499246	0.182658786965	0.222883459501	0.211543487646	0.13507322908	0.174136449116	0.161714095647	0.145761150332	0.147641080492	0.0	0.0141621159833	0.165201392729	0.137344017218	0.137713147187	0.211198012099	0.208503846925	0.209049072969	0.164362422328	0.19748446011	0.208709340804	0.203881513933	0.222912251199	0.219505681581	0.129121208	0.12935453991	0.165868984524	0.162698501846	0.152579129433	0.215693627545	0.152062729878	0.162445484637	0.170692716792	0.153262594369	0.188518254795	0.212424537897	0.218726651034	0.205508707819	0.188970565873	0.191119055661	0.147080223692	0.181090919329	0.186190601744	0.182583136748	0.161227029472	0.159381587302	0.174516547733	0.212721066606	0.165024584975	0.186556197565	0.155751838676	0.208729464824	0.163348794192	0.163359961915	0.16453199192	0.205682145148	0.155661070216	0.160809232984	0.156547079125	0.128732003186	0.147680246998	0.137460847774	0.208870386043	0.123036644745	0.116362529378	0.142238813652	0.147722637139	0.159431566633	0.211993809008	0.1349100724	0.210174017832
160582958-stool3.snv.filtered.bam	0.124219139766	0.155640367387	0.194253979703	0.210290097915	0.211803761469	0.190194546852	0.1535096416	0.159914009616	0.145492683712	0.182498576838	0.178690614244	0.181623862437	0.224024291461	0.212692549354	0.134254275293	0.170412464282	0.156165023659	0.138256116547	0.140220602356	0.0141621159833	0.0	0.159943683798	0.133368536318	0.131815990942	0.211688520132	0.208819270847	0.208315243821	0.161594388221	0.188460376916	0.198682112036	0.19750707992	0.223689125492	0.220469223463	0.127334702689	0.130204250179	0.162757365423	0.157837250416	0.145398737713	0.206515594337	0.147818546987	0.158515324147	0.170837649596	0.157497222819	0.181326005054	0.207344031069	0.212514763032	0.198241191066	0.188038852495	0.190553859426	0.150046802809	0.176832328993	0.186687422367	0.181826564328	0.154693521944	0.158945594631	0.173801804022	0.20779321948	0.161834817659	0.180674013678	0.152298176704	0.202456814358	0.156908166822	0.16071359397	0.161955895185	0.195962786607	0.146070670872	0.158550843875	0.161367295809	0.128872878164	0.147414538278	0.133995810035	0.198419310807	0.118710308103	0.106821551284	0.138166518823	0.147518592565	0.159504597936	0.208232061514	0.132260752025	0.209118730899
160603188-stool2.snv.filtered.bam	0.176832727087	0.17418941919	0.206510404221	0.227276527743	0.225504697554	0.223128679168	0.156507767274	0.192505935011	0.176663979003	0.188479595781	0.22039970945	0.224961014984	0.239732235656	0.228513013209	0.171399570861	0.190509977627	0.184392461389	0.185825681695	0.185435813128	0.165201392729	0.159943683798	0.0	0.17373185127	0.175809935897	0.244550336938	0.243659782565	0.244403712376	0.165179950072	0.210103185523	0.215070563904	0.227864982506	0.234328336734	0.233044397294	0.158390158365	0.161949262564	0.172696491276	0.164328210685	0.137667189539	0.215988682721	0.173558410826	0.176952942904	0.192183963256	0.171931362539	0.221069276935	0.23333657127	0.235194481881	0.226691252268	0.202460580286	0.202040481637	0.166407147159	0.19869233402	0.200998741581	0.199311653107	0.185381191482	0.183809805269	0.157008684395	0.224840439997	0.173271712877	0.22030878309	0.171004869666	0.214662738864	0.170681382149	0.174865600966	0.176094340199	0.244789265038	0.162147108398	0.169018777101	0.166639765922	0.167917582211	0.175491413787	0.158980820808	0.217966442406	0.172520831714	0.176549963745	0.184652684148	0.160880435331	0.190183772451	0.226325201987	0.146768908368	0.223992026084
338793263-stool1.snv.filtered.bam	0.150304559775	0.168936775867	0.208226788435	0.226287959189	0.227883547449	0.196134508915	0.174301153437	0.177561563701	0.163773453145	0.199857945782	0.191718641097	0.193273660391	0.232979425338	0.221233442699	0.144249100086	0.181986371671	0.174302622496	0.164776501702	0.164783714249	0.137344017218	0.133368536318	0.17373185127	0.0	0.00111766577774	0.230218555439	0.229387096216	0.225915732688	0.168750620695	0.204327216181	0.214330583299	0.216235711645	0.229385092038	0.226468900844	0.127619360078	0.13019208207	0.183588788639	0.180332450533	0.129466560252	0.215122435662	0.156974628098	0.164414581237	0.1705569894	0.144076070416	0.192262073297	0.219566003024	0.227208728146	0.215998022523	0.202725384153	0.204783014629	0.133354779963	0.192443064162	0.200884075788	0.197865535474	0.105938975619	0.188304645304	0.19169862137	0.222275763368	0.159880897693	0.192217424486	0.181506945655	0.218845150173	0.154587558097	0.179765381614	0.182663936089	0.220462768016	0.156737373447	0.150983067014	0.157918185856	0.135998719385	0.158533832401	0.16379206602	0.2135765383	0.135551247216	0.118712957151	0.160633263246	0.136716542793	0.135945278783	0.222549847063	0.101987357185	0.222158862413
338793263-stool2.snv.filtered.bam	0.151925401492	0.16954261568	0.208869772141	0.227116273467	0.228659972721	0.197057268434	0.173477831669	0.178793113844	0.165430462609	0.199934702124	0.191028035122	0.192265180396	0.23381590646	0.221790845923	0.14538250312	0.184343801046	0.176174755473	0.16464415406	0.16482867814	0.137713147187	0.131815990942	0.175809935897	0.00111766577774	0.0	0.22909678813	0.228100388212	0.224467705567	0.168707490258	0.20669340432	0.216868938206	0.218732317263	0.22677685174	0.223778010775	0.128330706594	0.131247818158	0.185298272195	0.182517062512	0.131354266009	0.217280903624	0.157456695167	0.165014546689	0.171029191816	0.144175107067	0.191255536269	0.222051597786	0.229483006929	0.2182943918	0.202193637985	0.203874794666	0.133671084837	0.194992201056	0.20020737067	0.197217593465	0.104087356254	0.190345677479	0.193964376618	0.224564467807	0.160523809854	0.191612381607	0.180550452776	0.215930922491	0.15618840219	0.181785262811	0.184686790799	0.21938770004	0.156021406822	0.15127625306	0.160306330293	0.136391372541	0.158897152274	0.165765765766	0.215755837484	0.135433881292	0.11903457399	0.161115990942	0.136818168422	0.134418807842	0.224555112796	0.100082510392	0.224780335926
508703490-stool1.snv.filtered.bam	0.230665957832	0.205239960864	0.194092319735	0.163233118121	0.163417588699	0.199077152759	0.202759933291	0.151788382763	0.192730801861	0.202573326579	0.124355518154	0.123585200971	0.159979720435	0.155307992547	0.204183852983	0.219943230818	0.21618985344	0.245546790268	0.243800907983	0.211198012099	0.211688520132	0.244550336938	0.230218555439	0.22909678813	0.0	0.000801186411993	0.00110999207653	0.187740062876	0.201510706311	0.20197712941	0.205970153221	0.197135988042	0.196584133461	0.210597173206	0.204121513207	0.231335562872	0.246763936738	0.22363118941	0.186718795323	0.226287645704	0.23221814787	0.192376645698	0.194636994182	0.193216719827	0.212114558978	0.216521725843	0.207721556754	0.16950860842	0.165008306353	0.196085169691	0.214464028538	0.162754166528	0.166802563453	0.199478133081	0.242809815164	0.236036691136	0.21911410321	0.231906237512	0.209573370532	0.187177127926	0.186011490856	0.217481930655	0.210312096567	0.212901733873	0.196250963901	0.213024075011	0.208260988724	0.209545614234	0.201849842781	0.172077653627	0.237163056957	0.199673959648	0.199874997028	0.221609988967	0.174508536574	0.210762222959	0.211468989951	0.215082596937	0.202157957258	0.187192584801
508703490-stool2.snv.filtered.bam	0.229768223531	0.204200501256	0.193009786125	0.16215663049	0.162347297712	0.199660582373	0.201959097947	0.1498303782	0.190203843372	0.201299975073	0.124292245989	0.123463759508	0.158797715078	0.154138271788	0.204669561994	0.219081771153	0.215292988836	0.243028413682	0.241271560268	0.208503846925	0.208819270847	0.243659782565	0.229387096216	0.228100388212	0.000801186411993	0.0	0.000709532224493	0.186835899824	0.200732166733	0.201060422415	0.205068529922	0.196079657574	0.195562469645	0.209632013207	0.203137818228	0.230247315791	0.245909433929	0.222840244662	0.185803506278	0.227239315406	0.233163555743	0.191606897853	0.19374552415	0.193854625287	0.211217412164	0.215726998863	0.206706389803	0.168485482122	0.163810461855	0.19522455869	0.212855590219	0.161736850431	0.16593020809	0.198247897179	0.240456933461	0.233710793309	0.218431693597	0.23286790422	0.20760996159	0.186317674224	0.184828273483	0.21481734568	0.210222174443	0.212877016318	0.196645754657	0.212167769747	0.208267899571	0.209644244517	0.200913992028	0.170988971823	0.234315512685	0.198692451574	0.198772820492	0.220625740247	0.173365429667	0.208867079382	0.210200467189	0.21427768371	0.201244284212	0.186049380177
508703490-stool3.snv.filtered.bam	0.229619825978	0.204802430869	0.192457947719	0.164632401687	0.16470762405	0.197373816417	0.202929059499	0.151000983547	0.191168133707	0.19937671142	0.125919841249	0.125224046601	0.157887362302	0.152171729141	0.201952269998	0.218605599833	0.214744209047	0.244234482048	0.24283033577	0.209049072969	0.208315243821	0.244403712376	0.225915732688	0.224467705567	0.00110999207653	0.000709532224493	0.0	0.188841678658	0.199957192442	0.200349554376	0.204817817244	0.195705925456	0.195136207792	0.210323744094	0.203870964914	0.230120643539	0.246034130372	0.219046196974	0.185316298496	0.227186919539	0.233199033956	0.191547325077	0.194379120988	0.191537988675	0.210295749453	0.215163779064	0.205693625332	0.171038116936	0.16586135125	0.194689414153	0.213732464977	0.163345540286	0.167069767015	0.193987460865	0.242080705848	0.23529372211	0.218188160291	0.234252190191	0.208906970749	0.185780355258	0.184551388242	0.210763336753	0.211337896231	0.214030215846	0.198166961241	0.209973472639	0.209605193796	0.210870084063	0.198807591278	0.168905592882	0.234232841181	0.198171258556	0.196393590758	0.218318797573	0.17107417382	0.20827472645	0.206406477835	0.213638398179	0.200858040361	0.186700554358
604812005-stool1.snv.filtered.bam	0.174803365461	0.140830260854	0.162403763853	0.196300244903	0.195831362519	0.177471207651	0.159182666898	0.145675520929	0.155156655776	0.177109538309	0.163443548045	0.160854474701	0.175143033152	0.166835353242	0.147712030907	0.149399749795	0.143902854265	0.187799765749	0.186448385314	0.164362422328	0.161594388221	0.165179950072	0.168750620695	0.168707490258	0.187740062876	0.186835899824	0.188841678658	0.0	0.175469353106	0.183479000688	0.183928725467	0.181977776162	0.180398494636	0.144948889568	0.146341069572	0.1569018156	0.167681802032	0.165011182277	0.191123120156	0.173463777679	0.183179544797	0.157150547142	0.155891442713	0.167219165557	0.184457553235	0.189969856941	0.180859086443	0.165556308148	0.164013960656	0.17035584624	0.170311289861	0.149184428408	0.149494916195	0.173474004258	0.167400370819	0.17549768127	0.183009303434	0.17590534612	0.166951873727	0.146961466045	0.170229127822	0.167668724972	0.187979196777	0.189365954516	0.182538285295	0.13867833521	0.164475165434	0.154003049725	0.153128952478	0.145899875252	0.170200736455	0.189881482154	0.141914450748	0.161401920945	0.146861216905	0.154742277405	0.173683001947	0.181470486915	0.167361157311	0.173695640706
638754422-stool1.snv.filtered.bam	0.213340651326	0.178411087327	0.138814155144	0.200146261131	0.201477228267	0.187647069497	0.174337449579	0.182190109829	0.196404314288	0.219321772621	0.169980142087	0.169719420734	0.164305081219	0.157663082031	0.189048348057	0.128006523122	0.143793398691	0.224429709731	0.224325688746	0.19748446011	0.188460376916	0.210103185523	0.204327216181	0.20669340432	0.201510706311	0.200732166733	0.199957192442	0.175469353106	0.0	0.0156136340669	0.174218200349	0.176259247163	0.174985201721	0.175971972871	0.182863181256	0.196537966053	0.209166872773	0.220748641762	0.087088252832	0.223015074828	0.229197185078	0.183518319197	0.192275289783	0.174785598647	0.0424015835659	0.0456750460315	0.0417681816097	0.143321800699	0.141018921896	0.189986078137	0.124093709624	0.173203683998	0.174092174466	0.18714188102	0.209778749793	0.230695133579	0.0509855893328	0.184266420925	0.164959938395	0.180989927292	0.116621559688	0.21246690957	0.223079046746	0.225553289427	0.201781349643	0.188968635353	0.213071993335	0.194401861327	0.180948455972	0.167644716931	0.222448604522	0.079024445439	0.168624054542	0.186238165008	0.156013858429	0.179463528568	0.199543555604	0.0488184038077	0.200568723051	0.176316607826
638754422-stool2.snv.filtered.bam	0.225278427109	0.187497083848	0.138918078786	0.200597129595	0.201932571749	0.191030984134	0.182034622664	0.19100445749	0.206891215343	0.227139637978	0.174525812228	0.173185909141	0.161726752718	0.154371233193	0.199073746592	0.137779018665	0.152478666084	0.233164123885	0.233016724338	0.208709340804	0.198682112036	0.215070563904	0.214330583299	0.216868938206	0.20197712941	0.201060422415	0.200349554376	0.183479000688	0.0156136340669	0.0	0.175088890336	0.175027705062	0.173604105809	0.19102807364	0.197261267722	0.208003874617	0.22101357701	0.231730322995	0.0692193173665	0.234966172264	0.240932748564	0.190131142323	0.197853508489	0.177080620097	0.0300962239942	0.0298434291084	0.0292221592259	0.135225138681	0.137374390921	0.196715571354	0.130843434091	0.178337812144	0.180779156506	0.196851019142	0.218905251756	0.237748904724	0.0518883304323	0.192069000976	0.174275367614	0.195059555775	0.108491033277	0.222281997334	0.227663933071	0.230237427435	0.205778094051	0.200736608226	0.223374177053	0.204002463866	0.194556200692	0.180435598204	0.234863737623	0.0690732429951	0.178763767118	0.195397141037	0.163454411305	0.186912279239	0.207119358661	0.0444175238812	0.208594877332	0.179948685764
