	159227541-posteriorfornix2.snv.filtered.bam	159227541-posteriorfornix3.snv.filtered.bam	160319967-posteriorfornix2.snv.filtered.bam	246515023-posteriorfornix1.snv.filtered.bam	246515023-posteriorfornix2.snv.filtered.bam	338793263-posteriorfornix1.snv.filtered.bam	338793263-posteriorfornix2.snv.filtered.bam	508703490-posteriorfornix1.snv.filtered.bam	508703490-posteriorfornix2.snv.filtered.bam	638754422-posteriorfornix2.snv.filtered.bam	675950834-posteriorfornix2.snv.filtered.bam	706846339-posteriorfornix1.snv.filtered.bam	763820215-posteriorfornix1.snv.filtered.bam	763820215-posteriorfornix2.snv.filtered.bam	764143897-posteriorfornix1.snv.filtered.bam	764143897-posteriorfornix2.snv.filtered.bam	764588959-posteriorfornix1.snv.filtered.bam	764649650-posteriorfornix2.snv.filtered.bam	764811490-posteriorfornix1.snv.filtered.bam	764811490-posteriorfornix2.snv.filtered.bam	765013792-posteriorfornix3.snv.filtered.bam	809635352-posteriorfornix2.snv.filtered.bam	857980665-posteriorfornix2.snv.filtered.bam	857980665-posteriorfornix3.snv.filtered.bam
159227541-posteriorfornix2.snv.filtered.bam	0.0	0.303370786517	0.370786516854	0.292134831461	0.320224719101	0.238764044944	0.238764044944	0.266853932584	0.269662921348	0.356741573034	0.185393258427	0.196629213483	0.435393258427	0.438202247191	0.348314606742	0.351123595506	0.331460674157	0.401685393258	0.297752808989	0.202247191011	0.196629213483	0.241573033708	0.379213483146	0.421348314607
159227541-posteriorfornix3.snv.filtered.bam	0.303370786517	0.0	0.415730337079	0.275280898876	0.247191011236	0.300561797753	0.311797752809	0.252808988764	0.258426966292	0.306179775281	0.168539325843	0.314606741573	0.289325842697	0.292134831461	0.252808988764	0.255617977528	0.334269662921	0.325842696629	0.294943820225	0.210674157303	0.191011235955	0.261235955056	0.224719101124	0.258426966292
160319967-posteriorfornix2.snv.filtered.bam	0.370786516854	0.415730337079	0.0	0.365168539326	0.376404494382	0.407303370787	0.412921348315	0.342696629213	0.345505617978	0.297752808989	0.289325842697	0.348314606742	0.491573033708	0.494382022472	0.379213483146	0.379213483146	0.314606741573	0.359550561798	0.466292134831	0.311797752809	0.286516853933	0.325842696629	0.407303370787	0.452247191011
246515023-posteriorfornix1.snv.filtered.bam	0.292134831461	0.275280898876	0.365168539326	0.0	0.174157303371	0.289325842697	0.292134831461	0.275280898876	0.283707865169	0.283707865169	0.202247191011	0.373595505618	0.384831460674	0.384831460674	0.331460674157	0.334269662921	0.289325842697	0.297752808989	0.351123595506	0.255617977528	0.174157303371	0.292134831461	0.272471910112	0.311797752809
246515023-posteriorfornix2.snv.filtered.bam	0.320224719101	0.247191011236	0.376404494382	0.174157303371	0.0	0.292134831461	0.297752808989	0.227528089888	0.233146067416	0.230337078652	0.14606741573	0.339887640449	0.269662921348	0.269662921348	0.213483146067	0.216292134831	0.269662921348	0.252808988764	0.38202247191	0.224719101124	0.151685393258	0.247191011236	0.210674157303	0.261235955056
338793263-posteriorfornix1.snv.filtered.bam	0.238764044944	0.300561797753	0.407303370787	0.289325842697	0.292134831461	0.0	0.0252808988764	0.25	0.252808988764	0.328651685393	0.213483146067	0.199438202247	0.339887640449	0.339887640449	0.275280898876	0.27808988764	0.297752808989	0.379213483146	0.297752808989	0.210674157303	0.202247191011	0.300561797753	0.244382022472	0.275280898876
338793263-posteriorfornix2.snv.filtered.bam	0.238764044944	0.311797752809	0.412921348315	0.292134831461	0.297752808989	0.0252808988764	0.0	0.258426966292	0.261235955056	0.345505617978	0.22191011236	0.227528089888	0.39606741573	0.39606741573	0.280898876404	0.280898876404	0.323033707865	0.404494382022	0.292134831461	0.213483146067	0.219101123596	0.308988764045	0.300561797753	0.334269662921
508703490-posteriorfornix1.snv.filtered.bam	0.266853932584	0.252808988764	0.342696629213	0.275280898876	0.227528089888	0.25	0.258426966292	0.0	0.0	0.27808988764	0.154494382022	0.25	0.379213483146	0.38202247191	0.233146067416	0.23595505618	0.286516853933	0.359550561798	0.289325842697	0.179775280899	0.157303370787	0.213483146067	0.266853932584	0.308988764045
508703490-posteriorfornix2.snv.filtered.bam	0.269662921348	0.258426966292	0.345505617978	0.283707865169	0.233146067416	0.252808988764	0.261235955056	0.0	0.0	0.280898876404	0.157303370787	0.252808988764	0.38202247191	0.384831460674	0.238764044944	0.241573033708	0.289325842697	0.36797752809	0.294943820225	0.182584269663	0.162921348315	0.216292134831	0.272471910112	0.314606741573
638754422-posteriorfornix2.snv.filtered.bam	0.356741573034	0.306179775281	0.297752808989	0.283707865169	0.230337078652	0.328651685393	0.345505617978	0.27808988764	0.280898876404	0.0	0.210674157303	0.325842696629	0.323033707865	0.325842696629	0.306179775281	0.308988764045	0.196629213483	0.320224719101	0.359550561798	0.199438202247	0.207865168539	0.292134831461	0.280898876404	0.314606741573
675950834-posteriorfornix2.snv.filtered.bam	0.185393258427	0.168539325843	0.289325842697	0.202247191011	0.14606741573	0.213483146067	0.22191011236	0.154494382022	0.157303370787	0.210674157303	0.0	0.199438202247	0.300561797753	0.300561797753	0.227528089888	0.230337078652	0.230337078652	0.241573033708	0.205056179775	0.115168539326	0.0983146067416	0.13202247191	0.22191011236	0.266853932584
706846339-posteriorfornix1.snv.filtered.bam	0.196629213483	0.314606741573	0.348314606742	0.373595505618	0.339887640449	0.199438202247	0.227528089888	0.25	0.252808988764	0.325842696629	0.199438202247	0.0	0.429775280899	0.432584269663	0.362359550562	0.365168539326	0.292134831461	0.415730337079	0.306179775281	0.210674157303	0.238764044944	0.266853932584	0.345505617978	0.376404494382
763820215-posteriorfornix1.snv.filtered.bam	0.435393258427	0.289325842697	0.491573033708	0.384831460674	0.269662921348	0.339887640449	0.39606741573	0.379213483146	0.38202247191	0.323033707865	0.300561797753	0.429775280899	0.0	0.0	0.255617977528	0.258426966292	0.415730337079	0.331460674157	0.443820224719	0.339887640449	0.196629213483	0.429775280899	0.14606741573	0.162921348315
763820215-posteriorfornix2.snv.filtered.bam	0.438202247191	0.292134831461	0.494382022472	0.384831460674	0.269662921348	0.339887640449	0.39606741573	0.38202247191	0.384831460674	0.325842696629	0.300561797753	0.432584269663	0.0	0.0	0.258426966292	0.261235955056	0.418539325843	0.331460674157	0.443820224719	0.342696629213	0.199438202247	0.432584269663	0.148876404494	0.165730337079
764143897-posteriorfornix1.snv.filtered.bam	0.348314606742	0.252808988764	0.379213483146	0.331460674157	0.213483146067	0.275280898876	0.280898876404	0.233146067416	0.238764044944	0.306179775281	0.227528089888	0.362359550562	0.255617977528	0.258426966292	0.0	0.0	0.345505617978	0.331460674157	0.387640449438	0.258426966292	0.168539325843	0.331460674157	0.22191011236	0.258426966292
764143897-posteriorfornix2.snv.filtered.bam	0.351123595506	0.255617977528	0.379213483146	0.334269662921	0.216292134831	0.27808988764	0.280898876404	0.23595505618	0.241573033708	0.308988764045	0.230337078652	0.365168539326	0.258426966292	0.261235955056	0.0	0.0	0.348314606742	0.334269662921	0.390449438202	0.258426966292	0.171348314607	0.334269662921	0.224719101124	0.261235955056
764588959-posteriorfornix1.snv.filtered.bam	0.331460674157	0.334269662921	0.314606741573	0.289325842697	0.269662921348	0.297752808989	0.323033707865	0.286516853933	0.289325842697	0.196629213483	0.230337078652	0.292134831461	0.415730337079	0.418539325843	0.345505617978	0.348314606742	0.0	0.328651685393	0.306179775281	0.202247191011	0.252808988764	0.25	0.314606741573	0.337078651685
764649650-posteriorfornix2.snv.filtered.bam	0.401685393258	0.325842696629	0.359550561798	0.297752808989	0.252808988764	0.379213483146	0.404494382022	0.359550561798	0.36797752809	0.320224719101	0.241573033708	0.415730337079	0.331460674157	0.331460674157	0.331460674157	0.334269662921	0.328651685393	0.0	0.376404494382	0.292134831461	0.213483146067	0.393258426966	0.314606741573	0.356741573034
764811490-posteriorfornix1.snv.filtered.bam	0.297752808989	0.294943820225	0.466292134831	0.351123595506	0.38202247191	0.297752808989	0.292134831461	0.289325842697	0.294943820225	0.359550561798	0.205056179775	0.306179775281	0.443820224719	0.443820224719	0.387640449438	0.390449438202	0.306179775281	0.376404494382	0.0	0.22191011236	0.283707865169	0.258426966292	0.38202247191	0.412921348315
764811490-posteriorfornix2.snv.filtered.bam	0.202247191011	0.210674157303	0.311797752809	0.255617977528	0.224719101124	0.210674157303	0.213483146067	0.179775280899	0.182584269663	0.199438202247	0.115168539326	0.210674157303	0.339887640449	0.342696629213	0.258426966292	0.258426966292	0.202247191011	0.292134831461	0.22191011236	0.0	0.185393258427	0.157303370787	0.292134831461	0.325842696629
765013792-posteriorfornix3.snv.filtered.bam	0.196629213483	0.191011235955	0.286516853933	0.174157303371	0.151685393258	0.202247191011	0.219101123596	0.157303370787	0.162921348315	0.207865168539	0.0983146067416	0.238764044944	0.196629213483	0.199438202247	0.168539325843	0.171348314607	0.252808988764	0.213483146067	0.283707865169	0.185393258427	0.0	0.213483146067	0.0898876404494	0.129213483146
809635352-posteriorfornix2.snv.filtered.bam	0.241573033708	0.261235955056	0.325842696629	0.292134831461	0.247191011236	0.300561797753	0.308988764045	0.213483146067	0.216292134831	0.292134831461	0.13202247191	0.266853932584	0.429775280899	0.432584269663	0.331460674157	0.334269662921	0.25	0.393258426966	0.258426966292	0.157303370787	0.213483146067	0.0	0.308988764045	0.345505617978
857980665-posteriorfornix2.snv.filtered.bam	0.379213483146	0.224719101124	0.407303370787	0.272471910112	0.210674157303	0.244382022472	0.300561797753	0.266853932584	0.272471910112	0.280898876404	0.22191011236	0.345505617978	0.14606741573	0.148876404494	0.22191011236	0.224719101124	0.314606741573	0.314606741573	0.38202247191	0.292134831461	0.0898876404494	0.308988764045	0.0	0.0
857980665-posteriorfornix3.snv.filtered.bam	0.421348314607	0.258426966292	0.452247191011	0.311797752809	0.261235955056	0.275280898876	0.334269662921	0.308988764045	0.314606741573	0.314606741573	0.266853932584	0.376404494382	0.162921348315	0.165730337079	0.258426966292	0.261235955056	0.337078651685	0.356741573034	0.412921348315	0.325842696629	0.129213483146	0.345505617978	0.0	0.0
