	159227541-posteriorfornix2.snv.filtered.bam	159227541-posteriorfornix3.snv.filtered.bam	160319967-posteriorfornix2.snv.filtered.bam	246515023-posteriorfornix1.snv.filtered.bam	246515023-posteriorfornix2.snv.filtered.bam	338793263-posteriorfornix1.snv.filtered.bam	338793263-posteriorfornix2.snv.filtered.bam	508703490-posteriorfornix1.snv.filtered.bam	508703490-posteriorfornix2.snv.filtered.bam	638754422-posteriorfornix2.snv.filtered.bam	675950834-posteriorfornix2.snv.filtered.bam	706846339-posteriorfornix1.snv.filtered.bam	763820215-posteriorfornix1.snv.filtered.bam	763820215-posteriorfornix2.snv.filtered.bam	764143897-posteriorfornix1.snv.filtered.bam	764143897-posteriorfornix2.snv.filtered.bam	764588959-posteriorfornix1.snv.filtered.bam	764649650-posteriorfornix2.snv.filtered.bam	764811490-posteriorfornix1.snv.filtered.bam	764811490-posteriorfornix2.snv.filtered.bam	765013792-posteriorfornix3.snv.filtered.bam	809635352-posteriorfornix2.snv.filtered.bam	857980665-posteriorfornix2.snv.filtered.bam	857980665-posteriorfornix3.snv.filtered.bam
159227541-posteriorfornix2.snv.filtered.bam	0.0	0.278507422016	0.388065730734	0.282099033243	0.312772097118	0.259508803568	0.252258314556	0.272976084078	0.273974256876	0.363005428779	0.244327051939	0.215638442688	0.427840658255	0.429468874953	0.344685552053	0.346805998573	0.361438187758	0.398141704052	0.304854657905	0.22879998325	0.301920804035	0.247815340957	0.391966583915	0.411112905391
159227541-posteriorfornix3.snv.filtered.bam	0.278507422016	0.0	0.421390182641	0.277569595865	0.250821747411	0.322029836624	0.318972566114	0.258580523335	0.26202734615	0.314931657178	0.234267239729	0.324688522243	0.294305479715	0.296287636682	0.257565747994	0.259783405741	0.368007286017	0.330569360248	0.299259476597	0.233803355741	0.279254701767	0.264998172208	0.24465464119	0.26437375767
160319967-posteriorfornix2.snv.filtered.bam	0.388065730734	0.421390182641	0.0	0.369850346752	0.376583993181	0.422010952156	0.41338778633	0.345535322545	0.345506059512	0.302163196388	0.35855184473	0.354243075499	0.4929225621	0.494377913773	0.380674878096	0.379705318951	0.341748895108	0.359599347793	0.465931041839	0.342510862435	0.391743232158	0.325846605332	0.436542572426	0.45594336278
246515023-posteriorfornix1.snv.filtered.bam	0.282099033243	0.277569595865	0.369850346752	0.0	0.173610322559	0.303348445247	0.29204988233	0.272235052926	0.278341800988	0.287178624896	0.266473875434	0.373085295239	0.378384291918	0.37741309039	0.322021913175	0.323857099765	0.313934656287	0.295350437608	0.34781954435	0.271019570483	0.272963790268	0.285943434586	0.28944284679	0.312016139268
246515023-posteriorfornix2.snv.filtered.bam	0.312772097118	0.250821747411	0.376583993181	0.173610322559	0.0	0.306010456453	0.297714741775	0.229712470089	0.233146337151	0.233672718782	0.213487752786	0.345824948959	0.270487429762	0.269683845378	0.214866332101	0.216924714437	0.292436354551	0.252989166994	0.3819041952	0.246972605841	0.239281109387	0.247183207179	0.226013149614	0.263559109552
338793263-posteriorfornix1.snv.filtered.bam	0.259508803568	0.322029836624	0.422010952156	0.303348445247	0.306010456453	0.0	0.0360782036872	0.264975938504	0.26543652555	0.354011231693	0.293826928633	0.220803742442	0.366795045602	0.365679262482	0.290186105773	0.291867355606	0.342779106278	0.398050721904	0.312204685602	0.244182052556	0.311178897677	0.314100812209	0.284645864122	0.301698380681
338793263-posteriorfornix2.snv.filtered.bam	0.252258314556	0.318972566114	0.41338778633	0.29204988233	0.297714741775	0.0360782036872	0.0	0.26136451442	0.261801523612	0.348738562194	0.28979701506	0.235940457366	0.397359313703	0.396332080098	0.283258377846	0.282657666589	0.352795124228	0.404623967743	0.295860654251	0.237084808847	0.322914220539	0.310470872229	0.319868307157	0.337717072924
508703490-posteriorfornix1.snv.filtered.bam	0.272976084078	0.258580523335	0.345535322545	0.272235052926	0.229712470089	0.264975938504	0.26136451442	0.0	0.000250441687337	0.283860423452	0.224420671051	0.256597338848	0.383623376585	0.385383686857	0.236401227026	0.238689307682	0.313745500876	0.362875539837	0.291755489902	0.199315673716	0.266784610386	0.215190324675	0.288958321534	0.314477965099
508703490-posteriorfornix2.snv.filtered.bam	0.273974256876	0.26202734615	0.345506059512	0.278341800988	0.233146337151	0.26543652555	0.261801523612	0.000250441687337	0.0	0.284918859233	0.225887256654	0.257259217069	0.382994091759	0.384729775985	0.239832954968	0.24209211436	0.313783896741	0.36802928189	0.294877917947	0.200657967972	0.270306952985	0.216219866017	0.292140501732	0.317253956303
638754422-posteriorfornix2.snv.filtered.bam	0.363005428779	0.314931657178	0.302163196388	0.287178624896	0.233672718782	0.354011231693	0.348738562194	0.283860423452	0.284918859233	0.0	0.270917845079	0.336288718386	0.328650693258	0.33040784523	0.312117663497	0.313883616299	0.216358024691	0.324865463754	0.364497917944	0.221183800623	0.301315264574	0.296221810819	0.305810397554	0.32183908046
675950834-posteriorfornix2.snv.filtered.bam	0.244327051939	0.234267239729	0.35855184473	0.266473875434	0.213487752786	0.293826928633	0.28979701506	0.224420671051	0.225887256654	0.270917845079	0.0	0.268779984768	0.353767695589	0.352805799216	0.299858652594	0.301945967858	0.308959350535	0.310438599123	0.266943424101	0.194002999087	0.23912120993	0.193049528659	0.299620768805	0.329096923527
706846339-posteriorfornix1.snv.filtered.bam	0.215638442688	0.324688522243	0.354243075499	0.373085295239	0.345824948959	0.220803742442	0.235940457366	0.256597338848	0.257259217069	0.336288718386	0.268779984768	0.0	0.438395025337	0.439979318626	0.370101868114	0.372054137131	0.323352819389	0.422992530345	0.311538061822	0.235910716488	0.344774272867	0.27138375874	0.37505978001	0.386223653727
763820215-posteriorfornix1.snv.filtered.bam	0.427840658255	0.294305479715	0.4929225621	0.378384291918	0.270487429762	0.366795045602	0.397359313703	0.383623376585	0.382994091759	0.328650693258	0.353767695589	0.438395025337	0.0	0.00033238171239	0.257756118028	0.259722477054	0.45295505429	0.332433153884	0.445090932148	0.374538224434	0.25806111516	0.430754603802	0.157202735091	0.164880981008
763820215-posteriorfornix2.snv.filtered.bam	0.429468874953	0.296287636682	0.494377913773	0.37741309039	0.269683845378	0.365679262482	0.396332080098	0.385383686857	0.384729775985	0.33040784523	0.352805799216	0.439979318626	0.00033238171239	0.0	0.259819929662	0.261730496292	0.454494738566	0.3314632906	0.443894680359	0.376460350851	0.259909578837	0.432379239532	0.159830898565	0.167319711965
764143897-posteriorfornix1.snv.filtered.bam	0.344685552053	0.257565747994	0.380674878096	0.322021913175	0.214866332101	0.290186105773	0.283258377846	0.236401227026	0.239832954968	0.312117663497	0.299858652594	0.370101868114	0.257756118028	0.259819929662	0.0	0.000555354290919	0.376592334869	0.333152000005	0.388001837259	0.284548034495	0.262191384612	0.332679862298	0.239111613682	0.261778250365
764143897-posteriorfornix2.snv.filtered.bam	0.346805998573	0.259783405741	0.379705318951	0.323857099765	0.216924714437	0.291867355606	0.282657666589	0.238689307682	0.24209211436	0.313883616299	0.301945967858	0.372054137131	0.259722477054	0.261730496292	0.000555354290919	0.0	0.378338409364	0.33483465875	0.389739952392	0.284485681288	0.264366803063	0.33465082204	0.241509829605	0.263969584785
764588959-posteriorfornix1.snv.filtered.bam	0.361438187758	0.368007286017	0.341748895108	0.313934656287	0.292436354551	0.342779106278	0.352795124228	0.313745500876	0.313783896741	0.216358024691	0.308959350535	0.323352819389	0.45295505429	0.454494738566	0.376592334869	0.378338409364	0.0	0.357012195122	0.331796350219	0.240468227425	0.362649625275	0.271093480503	0.362783171521	0.369538461538
764649650-posteriorfornix2.snv.filtered.bam	0.398141704052	0.330569360248	0.359599347793	0.295350437608	0.252989166994	0.398050721904	0.404623967743	0.362875539837	0.36802928189	0.324865463754	0.310438599123	0.422992530345	0.332433153884	0.3314632906	0.333152000005	0.33483465875	0.357012195122	0.0	0.376154470283	0.321073388203	0.297179081504	0.393145099307	0.337433065596	0.359852061693
764811490-posteriorfornix1.snv.filtered.bam	0.304854657905	0.299259476597	0.465931041839	0.34781954435	0.3819041952	0.312204685602	0.295860654251	0.291755489902	0.294877917947	0.364497917944	0.266943424101	0.311538061822	0.445090932148	0.443894680359	0.388001837259	0.389739952392	0.331796350219	0.376154470283	0.0	0.243791783077	0.361094280132	0.258576406287	0.409799254614	0.416581735218
764811490-posteriorfornix2.snv.filtered.bam	0.22879998325	0.233803355741	0.342510862435	0.271019570483	0.246972605841	0.244182052556	0.237084808847	0.199315673716	0.200657967972	0.221183800623	0.194002999087	0.235910716488	0.374538224434	0.376460350851	0.284548034495	0.284485681288	0.240468227425	0.321073388203	0.243791783077	0.0	0.294075267346	0.172824482078	0.344370860927	0.361370716511
765013792-posteriorfornix3.snv.filtered.bam	0.301920804035	0.279254701767	0.391743232158	0.272963790268	0.239281109387	0.311178897677	0.322914220539	0.266784610386	0.270306952985	0.301315264574	0.23912120993	0.344774272867	0.25806111516	0.259909578837	0.262191384612	0.264366803063	0.362649625275	0.297179081504	0.361094280132	0.294075267346	0.0	0.312551429951	0.194489530841	0.219615163278
809635352-posteriorfornix2.snv.filtered.bam	0.247815340957	0.264998172208	0.325846605332	0.285943434586	0.247183207179	0.314100812209	0.310470872229	0.215190324675	0.216219866017	0.296221810819	0.193049528659	0.27138375874	0.430754603802	0.432379239532	0.332679862298	0.33465082204	0.271093480503	0.393145099307	0.258576406287	0.172824482078	0.312551429951	0.0	0.331242612007	0.348364156335
857980665-posteriorfornix2.snv.filtered.bam	0.391966583915	0.24465464119	0.436542572426	0.28944284679	0.226013149614	0.284645864122	0.319868307157	0.288958321534	0.292140501732	0.305810397554	0.299620768805	0.37505978001	0.157202735091	0.159830898565	0.239111613682	0.241509829605	0.362783171521	0.337433065596	0.409799254614	0.344370860927	0.194489530841	0.331242612007	0.0	0.0
857980665-posteriorfornix3.snv.filtered.bam	0.411112905391	0.26437375767	0.45594336278	0.312016139268	0.263559109552	0.301698380681	0.337717072924	0.314477965099	0.317253956303	0.32183908046	0.329096923527	0.386223653727	0.164880981008	0.167319711965	0.261778250365	0.263969584785	0.369538461538	0.359852061693	0.416581735218	0.361370716511	0.219615163278	0.348364156335	0.0	0.0
