	147406386-supragingivalplaque2.snv.filtered.bam	147406386-supragingivalplaque3.snv.filtered.bam	158337416-supragingivalplaque1.snv.filtered.bam	158337416-supragingivalplaque2.snv.filtered.bam	158479027-supragingivalplaque1.snv.filtered.bam	158479027-supragingivalplaque2.snv.filtered.bam	158499257-supragingivalplaque1.snv.filtered.bam	158802708-supragingivalplaque3.snv.filtered.bam	158944319-supragingivalplaque1.snv.filtered.bam	158944319-supragingivalplaque2.snv.filtered.bam	159207311-supragingivalplaque1.snv.filtered.bam	159207311-supragingivalplaque2.snv.filtered.bam	159207311-supragingivalplaque3.snv.filtered.bam	159268001-supragingivalplaque1.snv.filtered.bam	159268001-supragingivalplaque2.snv.filtered.bam	159268001-supragingivalplaque3.snv.filtered.bam	159369152-supragingivalplaque1.snv.filtered.bam	159510762-supragingivalplaque2.snv.filtered.bam	159510762-tonguedorsum3.snv.filtered.bam	159551223-supragingivalplaque1.snv.filtered.bam	159551223-supragingivalplaque2.snv.filtered.bam	159571453-supragingivalplaque2.snv.filtered.bam	159591683-supragingivalplaque1.snv.filtered.bam	159591683-supragingivalplaque2.snv.filtered.bam	159611913-supragingivalplaque2.snv.filtered.bam	159814214-supragingivalplaque1.snv.filtered.bam	159814214-supragingivalplaque2.snv.filtered.bam	160158126-supragingivalplaque1.snv.filtered.bam	160158126-supragingivalplaque2.snv.filtered.bam	160178356-supragingivalplaque1.snv.filtered.bam	160178356-supragingivalplaque2.snv.filtered.bam	160178356-supragingivalplaque3.snv.filtered.bam	160319967-supragingivalplaque2.snv.filtered.bam	160319967-supragingivalplaque3.snv.filtered.bam	160380657-supragingivalplaque2.snv.filtered.bam	160380657-supragingivalplaque3.snv.filtered.bam	160421117-supragingivalplaque1.snv.filtered.bam	160421117-supragingivalplaque2.snv.filtered.bam	160421117-supragingivalplaque3.snv.filtered.bam	160502038-supragingivalplaque1.snv.filtered.bam	160502038-supragingivalplaque2.snv.filtered.bam	160502038-supragingivalplaque3.snv.filtered.bam	160582958-supragingivalplaque1.snv.filtered.bam	160582958-supragingivalplaque2.snv.filtered.bam	160582958-supragingivalplaque3.snv.filtered.bam	275382046-supragingivalplaque2.snv.filtered.bam	338793263-supragingivalplaque1.snv.filtered.bam	338793263-supragingivalplaque2.snv.filtered.bam	370425937-supragingivalplaque1.snv.filtered.bam	370425937-supragingivalplaque2.snv.filtered.bam	404239096-supragingivalplaque2.snv.filtered.bam	508703490-supragingivalplaque2.snv.filtered.bam	508703490-supragingivalplaque3.snv.filtered.bam	550534656-supragingivalplaque3.snv.filtered.bam	604812005-supragingivalplaque1.snv.filtered.bam	604812005-supragingivalplaque2.snv.filtered.bam	604812005-supragingivalplaque3.snv.filtered.bam	638754422-supragingivalplaque2.snv.filtered.bam	638754422-supragingivalplaque3.snv.filtered.bam	675950834-supragingivalplaque2.snv.filtered.bam	675950834-supragingivalplaque3.snv.filtered.bam	686765762-supragingivalplaque3.snv.filtered.bam	706846339-supragingivalplaque1.snv.filtered.bam	706846339-supragingivalplaque2.snv.filtered.bam	737052003-supragingivalplaque1.snv.filtered.bam	737052003-supragingivalplaque2.snv.filtered.bam	763496533-supragingivalplaque1.snv.filtered.bam	763496533-supragingivalplaque2.snv.filtered.bam	763577454-supragingivalplaque1.snv.filtered.bam	763577454-supragingivalplaque2.snv.filtered.bam	763759525-supragingivalplaque1.snv.filtered.bam	763759525-supragingivalplaque2.snv.filtered.bam	763840445-supragingivalplaque2.snv.filtered.bam	763860675-supragingivalplaque1.snv.filtered.bam	763860675-supragingivalplaque2.snv.filtered.bam	763901136-supragingivalplaque1.snv.filtered.bam	763901136-supragingivalplaque2.snv.filtered.bam	763901136-supragingivalplaque3.snv.filtered.bam	763961826-supragingivalplaque2.snv.filtered.bam	763982056-supragingivalplaque1.snv.filtered.bam	763982056-supragingivalplaque2.snv.filtered.bam	763982056-supragingivalplaque3.snv.filtered.bam	764042746-supragingivalplaque1.snv.filtered.bam	764062976-supragingivalplaque2.snv.filtered.bam	764062976-supragingivalplaque3.snv.filtered.bam	764083206-supragingivalplaque1.snv.filtered.bam	764143897-supragingivalplaque1.snv.filtered.bam	764143897-supragingivalplaque2.snv.filtered.bam	764285508-supragingivalplaque1.snv.filtered.bam	764285508-supragingivalplaque2.snv.filtered.bam	764305738-supragingivalplaque2.snv.filtered.bam	764366428-subgingivalplaque2.snv.filtered.bam	764366428-subgingivalplaque3.snv.filtered.bam	764366428-supragingivalplaque2.snv.filtered.bam	764366428-supragingivalplaque3.snv.filtered.bam	764508039-supragingivalplaque1.snv.filtered.bam	764508039-supragingivalplaque3.snv.filtered.bam	764588959-supragingivalplaque2.snv.filtered.bam	764649650-supragingivalplaque1.snv.filtered.bam	764649650-supragingivalplaque2.snv.filtered.bam	764811490-supragingivalplaque1.snv.filtered.bam	764811490-supragingivalplaque2.snv.filtered.bam	765013792-supragingivalplaque1.snv.filtered.bam	765013792-supragingivalplaque2.snv.filtered.bam	765013792-supragingivalplaque3.snv.filtered.bam	765074482-supragingivalplaque1.snv.filtered.bam	765074482-supragingivalplaque3.snv.filtered.bam	765094712-supragingivalplaque1.snv.filtered.bam	765094712-supragingivalplaque2.snv.filtered.bam	765094712-supragingivalplaque3.snv.filtered.bam	765620695-supragingivalplaque2.snv.filtered.bam	765701615-supragingivalplaque1.snv.filtered.bam	765701615-supragingivalplaque2.snv.filtered.bam	809635352-supragingivalplaque1.snv.filtered.bam	809635352-supragingivalplaque2.snv.filtered.bam	823052294-supragingivalplaque2.snv.filtered.bam	823052294-supragingivalplaque3.snv.filtered.bam	861967750-supragingivalplaque1.snv.filtered.bam	861967750-supragingivalplaque2.snv.filtered.bam
147406386-supragingivalplaque2.snv.filtered.bam	0.0	0.0	0.15261627907	0.158430232558	0.129360465116	0.138081395349	0.13226744186	0.156976744186	0.125	0.13226744186	0.154069767442	0.135174418605	0.15988372093	0.165697674419	0.161337209302	0.167151162791	0.106104651163	0.125	0.114825581395	0.178779069767	0.172965116279	0.111918604651	0.151162790698	0.145348837209	0.138081395349	0.109011627907	0.101744186047	0.175872093023	0.162790697674	0.149709302326	0.0901162790698	0.104651162791	0.109011627907	0.0988372093023	0.13226744186	0.156976744186	0.175872093023	0.184593023256	0.172965116279	0.114825581395	0.103197674419	0.0973837209302	0.126453488372	0.161337209302	0.155523255814	0.126453488372	0.133720930233	0.146802325581	0.139534883721	0.114825581395	0.125	0.175872093023	0.175872093023	0.103197674419	0.135174418605	0.146802325581	0.15988372093	0.0843023255814	0.0886627906977	0.0915697674419	0.109011627907	0.125	0.110465116279	0.093023255814	0.126453488372	0.146802325581	0.143895348837	0.146802325581	0.149709302326	0.116279069767	0.135174418605	0.139534883721	0.142441860465	0.119186046512	0.110465116279	0.0872093023256	0.0915697674419	0.094476744186	0.0726744186047	0.174418604651	0.167151162791	0.178779069767	0.110465116279	0.119186046512	0.0915697674419	0.149709302326	0.078488372093	0.0799418604651	0.158430232558	0.158430232558	0.0697674418605	0.0828488372093	0.140988372093	0.103197674419	0.106104651163	0.130813953488	0.139534883721	0.145348837209	0.145348837209	0.143895348837	0.154069767442	0.154069767442	0.154069767442	0.170058139535	0.168604651163	0.139534883721	0.130813953488	0.0741279069767	0.107558139535	0.0697674418605	0.0915697674419	0.104651162791	0.133720930233	0.146802325581	0.143895348837	0.15988372093	0.11773255814	0.0886627906977	0.110465116279
147406386-supragingivalplaque3.snv.filtered.bam	0.0	0.0	0.154069767442	0.158430232558	0.130813953488	0.139534883721	0.127906976744	0.156976744186	0.125	0.133720930233	0.154069767442	0.138081395349	0.15988372093	0.168604651163	0.164244186047	0.171511627907	0.107558139535	0.125	0.116279069767	0.18023255814	0.174418604651	0.114825581395	0.15261627907	0.146802325581	0.138081395349	0.113372093023	0.106104651163	0.18023255814	0.162790697674	0.156976744186	0.094476744186	0.107558139535	0.113372093023	0.101744186047	0.13226744186	0.158430232558	0.18023255814	0.1875	0.175872093023	0.113372093023	0.103197674419	0.101744186047	0.129360465116	0.164244186047	0.158430232558	0.125	0.133720930233	0.148255813953	0.142441860465	0.116279069767	0.125	0.174418604651	0.174418604651	0.100290697674	0.136627906977	0.148255813953	0.161337209302	0.093023255814	0.094476744186	0.0886627906977	0.116279069767	0.127906976744	0.110465116279	0.0959302325581	0.127906976744	0.148255813953	0.146802325581	0.149709302326	0.154069767442	0.111918604651	0.135174418605	0.140988372093	0.143895348837	0.120639534884	0.113372093023	0.0857558139535	0.093023255814	0.0973837209302	0.0741279069767	0.172965116279	0.165697674419	0.177325581395	0.120639534884	0.125	0.0901162790698	0.149709302326	0.0741279069767	0.0813953488372	0.156976744186	0.156976744186	0.0683139534884	0.0799418604651	0.145348837209	0.104651162791	0.104651162791	0.130813953488	0.139534883721	0.145348837209	0.145348837209	0.143895348837	0.154069767442	0.154069767442	0.15261627907	0.164244186047	0.165697674419	0.140988372093	0.130813953488	0.0726744186047	0.111918604651	0.0726744186047	0.0915697674419	0.106104651163	0.138081395349	0.148255813953	0.145348837209	0.161337209302	0.122093023256	0.0915697674419	0.113372093023
158337416-supragingivalplaque1.snv.filtered.bam	0.15261627907	0.154069767442	0.0	0.0	0.138081395349	0.145348837209	0.148255813953	0.139534883721	0.122093023256	0.130813953488	0.175872093023	0.154069767442	0.186046511628	0.142441860465	0.138081395349	0.145348837209	0.123546511628	0.146802325581	0.142441860465	0.190406976744	0.184593023256	0.119186046512	0.15988372093	0.151162790698	0.139534883721	0.0973837209302	0.100290697674	0.162790697674	0.15261627907	0.158430232558	0.106104651163	0.119186046512	0.104651162791	0.0872093023256	0.123546511628	0.165697674419	0.154069767442	0.162790697674	0.15261627907	0.114825581395	0.103197674419	0.111918604651	0.120639534884	0.149709302326	0.148255813953	0.119186046512	0.129360465116	0.145348837209	0.135174418605	0.120639534884	0.125	0.165697674419	0.164244186047	0.110465116279	0.149709302326	0.161337209302	0.174418604651	0.138081395349	0.146802325581	0.0828488372093	0.0959302325581	0.119186046512	0.125	0.110465116279	0.116279069767	0.142441860465	0.138081395349	0.135174418605	0.148255813953	0.119186046512	0.140988372093	0.145348837209	0.125	0.139534883721	0.13226744186	0.0973837209302	0.100290697674	0.103197674419	0.0901162790698	0.18023255814	0.172965116279	0.183139534884	0.11773255814	0.155523255814	0.138081395349	0.15988372093	0.103197674419	0.136627906977	0.146802325581	0.146802325581	0.135174418605	0.167151162791	0.177325581395	0.162790697674	0.155523255814	0.165697674419	0.178779069767	0.123546511628	0.143895348837	0.142441860465	0.156976744186	0.156976744186	0.143895348837	0.158430232558	0.15988372093	0.126453488372	0.122093023256	0.106104651163	0.127906976744	0.13226744186	0.175872093023	0.109011627907	0.151162790698	0.151162790698	0.151162790698	0.142441860465	0.11773255814	0.109011627907	0.111918604651
158337416-supragingivalplaque2.snv.filtered.bam	0.158430232558	0.158430232558	0.0	0.0	0.136627906977	0.143895348837	0.154069767442	0.138081395349	0.123546511628	0.13226744186	0.18023255814	0.158430232558	0.190406976744	0.142441860465	0.138081395349	0.145348837209	0.125	0.145348837209	0.140988372093	0.190406976744	0.184593023256	0.119186046512	0.162790697674	0.155523255814	0.139534883721	0.0988372093023	0.100290697674	0.167151162791	0.158430232558	0.164244186047	0.109011627907	0.123546511628	0.109011627907	0.0915697674419	0.123546511628	0.165697674419	0.156976744186	0.164244186047	0.154069767442	0.113372093023	0.110465116279	0.114825581395	0.123546511628	0.15261627907	0.149709302326	0.120639534884	0.129360465116	0.148255813953	0.135174418605	0.120639534884	0.127906976744	0.167151162791	0.165697674419	0.114825581395	0.154069767442	0.165697674419	0.178779069767	0.148255813953	0.154069767442	0.0857558139535	0.0973837209302	0.119186046512	0.129360465116	0.113372093023	0.119186046512	0.142441860465	0.139534883721	0.135174418605	0.15261627907	0.126453488372	0.142441860465	0.148255813953	0.129360465116	0.140988372093	0.135174418605	0.100290697674	0.100290697674	0.106104651163	0.0901162790698	0.18023255814	0.172965116279	0.183139534884	0.120639534884	0.15988372093	0.140988372093	0.15988372093	0.106104651163	0.140988372093	0.148255813953	0.148255813953	0.138081395349	0.172965116279	0.18023255814	0.165697674419	0.158430232558	0.168604651163	0.181686046512	0.125	0.143895348837	0.142441860465	0.15988372093	0.15988372093	0.148255813953	0.162790697674	0.162790697674	0.127906976744	0.123546511628	0.111918604651	0.13226744186	0.133720930233	0.178779069767	0.113372093023	0.15261627907	0.149709302326	0.149709302326	0.143895348837	0.122093023256	0.111918604651	0.110465116279
158479027-supragingivalplaque1.snv.filtered.bam	0.129360465116	0.130813953488	0.138081395349	0.136627906977	0.0	0.00145348837209	0.126453488372	0.111918604651	0.106104651163	0.110465116279	0.151162790698	0.125	0.162790697674	0.148255813953	0.139534883721	0.149709302326	0.0494186046512	0.114825581395	0.103197674419	0.15261627907	0.139534883721	0.0959302325581	0.145348837209	0.130813953488	0.140988372093	0.078488372093	0.0712209302326	0.143895348837	0.13226744186	0.13226744186	0.0741279069767	0.0886627906977	0.0872093023256	0.0712209302326	0.111918604651	0.139534883721	0.167151162791	0.174418604651	0.164244186047	0.0683139534884	0.0595930232558	0.0654069767442	0.0595930232558	0.0843023255814	0.0857558139535	0.094476744186	0.129360465116	0.139534883721	0.113372093023	0.0901162790698	0.125	0.164244186047	0.162790697674	0.109011627907	0.13226744186	0.143895348837	0.155523255814	0.104651162791	0.103197674419	0.0712209302326	0.0901162790698	0.0959302325581	0.100290697674	0.0857558139535	0.0988372093023	0.123546511628	0.101744186047	0.100290697674	0.139534883721	0.0915697674419	0.116279069767	0.127906976744	0.109011627907	0.0872093023256	0.0712209302326	0.0406976744186	0.0421511627907	0.0479651162791	0.0610465116279	0.136627906977	0.130813953488	0.140988372093	0.0872093023256	0.119186046512	0.101744186047	0.123546511628	0.0712209302326	0.0872093023256	0.116279069767	0.111918604651	0.104651162791	0.129360465116	0.155523255814	0.13226744186	0.126453488372	0.138081395349	0.148255813953	0.119186046512	0.145348837209	0.140988372093	0.13226744186	0.133720930233	0.155523255814	0.15988372093	0.167151162791	0.119186046512	0.107558139535	0.0697674418605	0.093023255814	0.0886627906977	0.145348837209	0.078488372093	0.122093023256	0.00872093023256	0.00872093023256	0.139534883721	0.103197674419	0.0799418604651	0.093023255814
158479027-supragingivalplaque2.snv.filtered.bam	0.138081395349	0.139534883721	0.145348837209	0.143895348837	0.00145348837209	0.0	0.138081395349	0.11773255814	0.11773255814	0.120639534884	0.15261627907	0.130813953488	0.164244186047	0.149709302326	0.143895348837	0.151162790698	0.0552325581395	0.138081395349	0.126453488372	0.15988372093	0.149709302326	0.107558139535	0.149709302326	0.142441860465	0.142441860465	0.101744186047	0.0901162790698	0.15261627907	0.146802325581	0.145348837209	0.094476744186	0.111918604651	0.100290697674	0.0813953488372	0.123546511628	0.149709302326	0.18023255814	0.184593023256	0.174418604651	0.0857558139535	0.078488372093	0.0843023255814	0.0654069767442	0.0857558139535	0.0813953488372	0.101744186047	0.139534883721	0.154069767442	0.126453488372	0.094476744186	0.133720930233	0.164244186047	0.162790697674	0.114825581395	0.136627906977	0.145348837209	0.154069767442	0.116279069767	0.113372093023	0.0886627906977	0.103197674419	0.113372093023	0.11773255814	0.101744186047	0.109011627907	0.13226744186	0.116279069767	0.113372093023	0.149709302326	0.104651162791	0.133720930233	0.146802325581	0.120639534884	0.0988372093023	0.0901162790698	0.0595930232558	0.0639534883721	0.0654069767442	0.078488372093	0.146802325581	0.142441860465	0.151162790698	0.0988372093023	0.127906976744	0.104651162791	0.135174418605	0.0857558139535	0.100290697674	0.11773255814	0.11773255814	0.122093023256	0.136627906977	0.161337209302	0.140988372093	0.136627906977	0.142441860465	0.15261627907	0.136627906977	0.15261627907	0.149709302326	0.145348837209	0.145348837209	0.162790697674	0.165697674419	0.171511627907	0.125	0.125	0.0901162790698	0.113372093023	0.109011627907	0.149709302326	0.0857558139535	0.13226744186	0.0	0.0	0.143895348837	0.110465116279	0.0959302325581	0.107558139535
158499257-supragingivalplaque1.snv.filtered.bam	0.13226744186	0.127906976744	0.148255813953	0.154069767442	0.126453488372	0.138081395349	0.0	0.133720930233	0.101744186047	0.107558139535	0.167151162791	0.142441860465	0.178779069767	0.172965116279	0.167151162791	0.175872093023	0.110465116279	0.139534883721	0.129360465116	0.15988372093	0.15261627907	0.0843023255814	0.129360465116	0.122093023256	0.119186046512	0.0872093023256	0.0886627906977	0.165697674419	0.154069767442	0.149709302326	0.0915697674419	0.101744186047	0.104651162791	0.093023255814	0.113372093023	0.140988372093	0.174418604651	0.181686046512	0.174418604651	0.078488372093	0.0741279069767	0.0770348837209	0.107558139535	0.145348837209	0.146802325581	0.140988372093	0.110465116279	0.120639534884	0.136627906977	0.114825581395	0.119186046512	0.142441860465	0.142441860465	0.0988372093023	0.139534883721	0.15261627907	0.15988372093	0.116279069767	0.11773255814	0.0813953488372	0.0915697674419	0.116279069767	0.114825581395	0.100290697674	0.122093023256	0.138081395349	0.127906976744	0.130813953488	0.136627906977	0.101744186047	0.13226744186	0.140988372093	0.142441860465	0.139534883721	0.129360465116	0.0712209302326	0.0828488372093	0.0872093023256	0.0654069767442	0.158430232558	0.149709302326	0.162790697674	0.109011627907	0.123546511628	0.0988372093023	0.136627906977	0.078488372093	0.109011627907	0.145348837209	0.143895348837	0.123546511628	0.133720930233	0.142441860465	0.129360465116	0.11773255814	0.127906976744	0.140988372093	0.136627906977	0.109011627907	0.104651162791	0.151162790698	0.15261627907	0.11773255814	0.125	0.127906976744	0.142441860465	0.127906976744	0.0712209302326	0.101744186047	0.0915697674419	0.161337209302	0.109011627907	0.154069767442	0.151162790698	0.149709302326	0.122093023256	0.0843023255814	0.0726744186047	0.0799418604651
158802708-supragingivalplaque3.snv.filtered.bam	0.156976744186	0.156976744186	0.139534883721	0.138081395349	0.111918604651	0.11773255814	0.133720930233	0.0	0.122093023256	0.126453488372	0.156976744186	0.13226744186	0.164244186047	0.154069767442	0.146802325581	0.155523255814	0.11773255814	0.146802325581	0.146802325581	0.18023255814	0.174418604651	0.113372093023	0.123546511628	0.125	0.149709302326	0.109011627907	0.093023255814	0.15988372093	0.148255813953	0.161337209302	0.109011627907	0.138081395349	0.116279069767	0.100290697674	0.13226744186	0.162790697674	0.158430232558	0.162790697674	0.158430232558	0.093023255814	0.0857558139535	0.094476744186	0.0959302325581	0.125	0.129360465116	0.113372093023	0.103197674419	0.114825581395	0.135174418605	0.114825581395	0.148255813953	0.142441860465	0.142441860465	0.116279069767	0.133720930233	0.145348837209	0.15261627907	0.125	0.13226744186	0.094476744186	0.107558139535	0.127906976744	0.114825581395	0.104651162791	0.11773255814	0.143895348837	0.0901162790698	0.0843023255814	0.164244186047	0.136627906977	0.143895348837	0.15261627907	0.119186046512	0.133720930233	0.130813953488	0.0770348837209	0.0828488372093	0.0901162790698	0.0857558139535	0.158430232558	0.154069767442	0.15988372093	0.093023255814	0.135174418605	0.111918604651	0.151162790698	0.104651162791	0.139534883721	0.156976744186	0.156976744186	0.127906976744	0.151162790698	0.175872093023	0.158430232558	0.154069767442	0.146802325581	0.15261627907	0.149709302326	0.15261627907	0.149709302326	0.158430232558	0.158430232558	0.146802325581	0.154069767442	0.158430232558	0.142441860465	0.140988372093	0.103197674419	0.122093023256	0.127906976744	0.170058139535	0.0872093023256	0.133720930233	0.125	0.123546511628	0.149709302326	0.126453488372	0.101744186047	0.104651162791
158944319-supragingivalplaque1.snv.filtered.bam	0.125	0.125	0.122093023256	0.123546511628	0.106104651163	0.11773255814	0.101744186047	0.122093023256	0.0	0.0	0.139534883721	0.119186046512	0.149709302326	0.15261627907	0.145348837209	0.154069767442	0.0915697674419	0.127906976744	0.11773255814	0.155523255814	0.151162790698	0.0770348837209	0.138081395349	0.129360465116	0.123546511628	0.100290697674	0.101744186047	0.143895348837	0.140988372093	0.140988372093	0.0959302325581	0.116279069767	0.094476744186	0.0813953488372	0.107558139535	0.130813953488	0.151162790698	0.15261627907	0.146802325581	0.0959302325581	0.0973837209302	0.100290697674	0.103197674419	0.129360465116	0.129360465116	0.119186046512	0.123546511628	0.136627906977	0.113372093023	0.103197674419	0.130813953488	0.120639534884	0.119186046512	0.109011627907	0.114825581395	0.125	0.130813953488	0.133720930233	0.139534883721	0.0901162790698	0.0959302325581	0.0886627906977	0.11773255814	0.0988372093023	0.107558139535	0.126453488372	0.116279069767	0.116279069767	0.138081395349	0.100290697674	0.120639534884	0.136627906977	0.129360465116	0.122093023256	0.11773255814	0.0697674418605	0.0915697674419	0.100290697674	0.0770348837209	0.154069767442	0.148255813953	0.156976744186	0.110465116279	0.123546511628	0.114825581395	0.127906976744	0.093023255814	0.116279069767	0.113372093023	0.113372093023	0.114825581395	0.139534883721	0.146802325581	0.138081395349	0.129360465116	0.145348837209	0.155523255814	0.139534883721	0.110465116279	0.109011627907	0.127906976744	0.127906976744	0.125	0.130813953488	0.130813953488	0.103197674419	0.100290697674	0.0915697674419	0.109011627907	0.109011627907	0.162790697674	0.0872093023256	0.122093023256	0.120639534884	0.11773255814	0.127906976744	0.0988372093023	0.0872093023256	0.0988372093023
158944319-supragingivalplaque2.snv.filtered.bam	0.13226744186	0.133720930233	0.130813953488	0.13226744186	0.110465116279	0.120639534884	0.107558139535	0.126453488372	0.0	0.0	0.140988372093	0.120639534884	0.15261627907	0.15988372093	0.15261627907	0.161337209302	0.0988372093023	0.138081395349	0.126453488372	0.161337209302	0.156976744186	0.0828488372093	0.140988372093	0.13226744186	0.129360465116	0.101744186047	0.104651162791	0.148255813953	0.145348837209	0.146802325581	0.100290697674	0.120639534884	0.101744186047	0.0886627906977	0.113372093023	0.135174418605	0.154069767442	0.155523255814	0.149709302326	0.101744186047	0.101744186047	0.101744186047	0.106104651163	0.133720930233	0.136627906977	0.126453488372	0.127906976744	0.143895348837	0.11773255814	0.109011627907	0.136627906977	0.126453488372	0.125	0.114825581395	0.120639534884	0.130813953488	0.139534883721	0.138081395349	0.143895348837	0.093023255814	0.100290697674	0.0973837209302	0.123546511628	0.103197674419	0.114825581395	0.133720930233	0.120639534884	0.120639534884	0.139534883721	0.103197674419	0.125	0.140988372093	0.130813953488	0.130813953488	0.126453488372	0.0726744186047	0.0988372093023	0.104651162791	0.0799418604651	0.155523255814	0.149709302326	0.158430232558	0.114825581395	0.129360465116	0.122093023256	0.13226744186	0.094476744186	0.120639534884	0.122093023256	0.122093023256	0.120639534884	0.148255813953	0.154069767442	0.143895348837	0.138081395349	0.149709302326	0.15988372093	0.145348837209	0.113372093023	0.111918604651	0.138081395349	0.138081395349	0.13226744186	0.139534883721	0.139534883721	0.106104651163	0.103197674419	0.094476744186	0.116279069767	0.113372093023	0.170058139535	0.093023255814	0.130813953488	0.125	0.122093023256	0.133720930233	0.103197674419	0.0959302325581	0.107558139535
159207311-supragingivalplaque1.snv.filtered.bam	0.154069767442	0.154069767442	0.175872093023	0.18023255814	0.151162790698	0.15261627907	0.167151162791	0.156976744186	0.139534883721	0.140988372093	0.0	0.0	0.0	0.184593023256	0.18023255814	0.186046511628	0.139534883721	0.171511627907	0.162790697674	0.197674418605	0.190406976744	0.127906976744	0.167151162791	0.162790697674	0.184593023256	0.127906976744	0.130813953488	0.170058139535	0.156976744186	0.15261627907	0.111918604651	0.133720930233	0.123546511628	0.111918604651	0.151162790698	0.167151162791	0.190406976744	0.19476744186	0.186046511628	0.122093023256	0.110465116279	0.104651162791	0.13226744186	0.161337209302	0.15988372093	0.125	0.158430232558	0.174418604651	0.142441860465	0.126453488372	0.155523255814	0.190406976744	0.190406976744	0.149709302326	0.139534883721	0.151162790698	0.162790697674	0.156976744186	0.161337209302	0.11773255814	0.140988372093	0.145348837209	0.126453488372	0.114825581395	0.136627906977	0.164244186047	0.138081395349	0.140988372093	0.143895348837	0.116279069767	0.140988372093	0.149709302326	0.143895348837	0.143895348837	0.142441860465	0.100290697674	0.111918604651	0.120639534884	0.0988372093023	0.18023255814	0.168604651163	0.1875	0.133720930233	0.146802325581	0.126453488372	0.168604651163	0.114825581395	0.136627906977	0.148255813953	0.146802325581	0.130813953488	0.155523255814	0.142441860465	0.133720930233	0.125	0.155523255814	0.162790697674	0.161337209302	0.172965116279	0.168604651163	0.172965116279	0.171511627907	0.168604651163	0.177325581395	0.18023255814	0.145348837209	0.148255813953	0.11773255814	0.13226744186	0.130813953488	0.168604651163	0.113372093023	0.143895348837	0.15988372093	0.156976744186	0.161337209302	0.136627906977	0.122093023256	0.129360465116
159207311-supragingivalplaque2.snv.filtered.bam	0.135174418605	0.138081395349	0.154069767442	0.158430232558	0.125	0.130813953488	0.142441860465	0.13226744186	0.119186046512	0.120639534884	0.0	0.0	0.0	0.165697674419	0.161337209302	0.167151162791	0.11773255814	0.139534883721	0.135174418605	0.171511627907	0.164244186047	0.111918604651	0.143895348837	0.140988372093	0.156976744186	0.110465116279	0.109011627907	0.148255813953	0.135174418605	0.13226744186	0.094476744186	0.116279069767	0.107558139535	0.0973837209302	0.133720930233	0.145348837209	0.164244186047	0.168604651163	0.15988372093	0.0959302325581	0.093023255814	0.0886627906977	0.114825581395	0.138081395349	0.136627906977	0.113372093023	0.142441860465	0.151162790698	0.127906976744	0.114825581395	0.129360465116	0.165697674419	0.165697674419	0.129360465116	0.114825581395	0.126453488372	0.138081395349	0.136627906977	0.140988372093	0.100290697674	0.122093023256	0.123546511628	0.107558139535	0.0973837209302	0.116279069767	0.136627906977	0.119186046512	0.123546511628	0.122093023256	0.0959302325581	0.119186046512	0.126453488372	0.127906976744	0.123546511628	0.122093023256	0.0828488372093	0.094476744186	0.100290697674	0.0872093023256	0.149709302326	0.140988372093	0.154069767442	0.11773255814	0.13226744186	0.110465116279	0.139534883721	0.100290697674	0.119186046512	0.127906976744	0.127906976744	0.111918604651	0.142441860465	0.127906976744	0.119186046512	0.110465116279	0.138081395349	0.145348837209	0.139534883721	0.145348837209	0.140988372093	0.140988372093	0.139534883721	0.148255813953	0.155523255814	0.158430232558	0.122093023256	0.126453488372	0.094476744186	0.113372093023	0.110465116279	0.156976744186	0.0915697674419	0.119186046512	0.135174418605	0.13226744186	0.136627906977	0.116279069767	0.106104651163	0.116279069767
159207311-supragingivalplaque3.snv.filtered.bam	0.15988372093	0.15988372093	0.186046511628	0.190406976744	0.162790697674	0.164244186047	0.178779069767	0.164244186047	0.149709302326	0.15261627907	0.0	0.0	0.0	0.193313953488	0.188953488372	0.19476744186	0.151162790698	0.184593023256	0.175872093023	0.207848837209	0.199127906977	0.135174418605	0.175872093023	0.171511627907	0.196220930233	0.140988372093	0.140988372093	0.175872093023	0.164244186047	0.15988372093	0.120639534884	0.143895348837	0.13226744186	0.122093023256	0.15988372093	0.177325581395	0.200581395349	0.204941860465	0.196220930233	0.133720930233	0.122093023256	0.116279069767	0.142441860465	0.172965116279	0.171511627907	0.13226744186	0.168604651163	0.184593023256	0.154069767442	0.136627906977	0.165697674419	0.202034883721	0.202034883721	0.161337209302	0.149709302326	0.161337209302	0.172965116279	0.167151162791	0.171511627907	0.126453488372	0.151162790698	0.158430232558	0.135174418605	0.123546511628	0.143895348837	0.171511627907	0.146802325581	0.151162790698	0.155523255814	0.127906976744	0.151162790698	0.161337209302	0.155523255814	0.154069767442	0.15261627907	0.111918604651	0.123546511628	0.13226744186	0.109011627907	0.188953488372	0.177325581395	0.196220930233	0.142441860465	0.155523255814	0.133720930233	0.181686046512	0.123546511628	0.146802325581	0.15988372093	0.156976744186	0.135174418605	0.158430232558	0.146802325581	0.139534883721	0.129360465116	0.15988372093	0.167151162791	0.172965116279	0.1875	0.183139534884	0.183139534884	0.181686046512	0.18023255814	0.190406976744	0.191860465116	0.155523255814	0.158430232558	0.127906976744	0.143895348837	0.143895348837	0.172965116279	0.125	0.154069767442	0.171511627907	0.168604651163	0.174418604651	0.149709302326	0.133720930233	0.140988372093
159268001-supragingivalplaque1.snv.filtered.bam	0.165697674419	0.168604651163	0.142441860465	0.142441860465	0.148255813953	0.149709302326	0.172965116279	0.154069767442	0.15261627907	0.15988372093	0.184593023256	0.165697674419	0.193313953488	0.0	0.0	0.0	0.140988372093	0.158430232558	0.148255813953	0.181686046512	0.172965116279	0.142441860465	0.161337209302	0.154069767442	0.167151162791	0.126453488372	0.130813953488	0.175872093023	0.165697674419	0.174418604651	0.11773255814	0.13226744186	0.126453488372	0.109011627907	0.148255813953	0.162790697674	0.175872093023	0.181686046512	0.172965116279	0.126453488372	0.125	0.129360465116	0.129360465116	0.155523255814	0.154069767442	0.13226744186	0.145348837209	0.156976744186	0.139534883721	0.125	0.143895348837	0.190406976744	0.188953488372	0.135174418605	0.158430232558	0.170058139535	0.18023255814	0.156976744186	0.15988372093	0.106104651163	0.129360465116	0.140988372093	0.149709302326	0.138081395349	0.140988372093	0.170058139535	0.116279069767	0.111918604651	0.145348837209	0.142441860465	0.162790697674	0.156976744186	0.145348837209	0.130813953488	0.127906976744	0.106104651163	0.110465116279	0.11773255814	0.0973837209302	0.196220930233	0.1875	0.199127906977	0.13226744186	0.178779069767	0.148255813953	0.145348837209	0.113372093023	0.139534883721	0.164244186047	0.164244186047	0.142441860465	0.178779069767	0.186046511628	0.170058139535	0.164244186047	0.181686046512	0.190406976744	0.164244186047	0.161337209302	0.158430232558	0.168604651163	0.167151162791	0.168604651163	0.186046511628	0.1875	0.156976744186	0.156976744186	0.11773255814	0.133720930233	0.142441860465	0.1875	0.120639534884	0.165697674419	0.155523255814	0.155523255814	0.139534883721	0.13226744186	0.130813953488	0.138081395349
159268001-supragingivalplaque2.snv.filtered.bam	0.161337209302	0.164244186047	0.138081395349	0.138081395349	0.139534883721	0.143895348837	0.167151162791	0.146802325581	0.145348837209	0.15261627907	0.18023255814	0.161337209302	0.188953488372	0.0	0.0	0.0	0.136627906977	0.154069767442	0.143895348837	0.175872093023	0.167151162791	0.136627906977	0.155523255814	0.148255813953	0.161337209302	0.122093023256	0.126453488372	0.174418604651	0.165697674419	0.168604651163	0.111918604651	0.126453488372	0.120639534884	0.101744186047	0.142441860465	0.161337209302	0.168604651163	0.174418604651	0.165697674419	0.122093023256	0.11773255814	0.125	0.123546511628	0.149709302326	0.148255813953	0.127906976744	0.140988372093	0.15261627907	0.13226744186	0.119186046512	0.140988372093	0.184593023256	0.183139534884	0.130813953488	0.15261627907	0.164244186047	0.174418604651	0.15261627907	0.155523255814	0.103197674419	0.125	0.136627906977	0.143895348837	0.13226744186	0.136627906977	0.164244186047	0.113372093023	0.109011627907	0.142441860465	0.139534883721	0.156976744186	0.15261627907	0.139534883721	0.125	0.122093023256	0.100290697674	0.104651162791	0.111918604651	0.093023255814	0.191860465116	0.183139534884	0.19476744186	0.126453488372	0.174418604651	0.143895348837	0.142441860465	0.110465116279	0.135174418605	0.15988372093	0.15988372093	0.138081395349	0.177325581395	0.183139534884	0.167151162791	0.161337209302	0.174418604651	0.183139534884	0.156976744186	0.155523255814	0.15261627907	0.164244186047	0.162790697674	0.164244186047	0.181686046512	0.181686046512	0.151162790698	0.151162790698	0.113372093023	0.129360465116	0.138081395349	0.184593023256	0.113372093023	0.158430232558	0.148255813953	0.148255813953	0.138081395349	0.126453488372	0.126453488372	0.133720930233
159268001-supragingivalplaque3.snv.filtered.bam	0.167151162791	0.171511627907	0.145348837209	0.145348837209	0.149709302326	0.151162790698	0.175872093023	0.155523255814	0.154069767442	0.161337209302	0.186046511628	0.167151162791	0.19476744186	0.0	0.0	0.0	0.143895348837	0.161337209302	0.151162790698	0.184593023256	0.175872093023	0.145348837209	0.165697674419	0.158430232558	0.170058139535	0.129360465116	0.133720930233	0.177325581395	0.168604651163	0.175872093023	0.120639534884	0.133720930233	0.129360465116	0.111918604651	0.15261627907	0.167151162791	0.178779069767	0.184593023256	0.175872093023	0.129360465116	0.126453488372	0.13226744186	0.130813953488	0.158430232558	0.156976744186	0.135174418605	0.148255813953	0.15988372093	0.142441860465	0.127906976744	0.148255813953	0.193313953488	0.191860465116	0.136627906977	0.15988372093	0.171511627907	0.181686046512	0.156976744186	0.15988372093	0.109011627907	0.13226744186	0.143895348837	0.15261627907	0.139534883721	0.143895348837	0.172965116279	0.11773255814	0.113372093023	0.146802325581	0.143895348837	0.164244186047	0.158430232558	0.146802325581	0.13226744186	0.129360465116	0.107558139535	0.111918604651	0.119186046512	0.101744186047	0.199127906977	0.190406976744	0.202034883721	0.133720930233	0.181686046512	0.151162790698	0.149709302326	0.114825581395	0.140988372093	0.168604651163	0.168604651163	0.145348837209	0.18023255814	0.188953488372	0.172965116279	0.167151162791	0.183139534884	0.191860465116	0.167151162791	0.164244186047	0.161337209302	0.171511627907	0.170058139535	0.171511627907	0.188953488372	0.190406976744	0.15988372093	0.158430232558	0.120639534884	0.136627906977	0.145348837209	0.1875	0.122093023256	0.167151162791	0.156976744186	0.156976744186	0.143895348837	0.135174418605	0.133720930233	0.140988372093
159369152-supragingivalplaque1.snv.filtered.bam	0.106104651163	0.107558139535	0.123546511628	0.125	0.0494186046512	0.0552325581395	0.110465116279	0.11773255814	0.0915697674419	0.0988372093023	0.139534883721	0.11773255814	0.151162790698	0.140988372093	0.136627906977	0.143895348837	0.0	0.0915697674419	0.0872093023256	0.143895348837	0.129360465116	0.0610465116279	0.125	0.116279069767	0.113372093023	0.0712209302326	0.0363372093023	0.135174418605	0.11773255814	0.111918604651	0.0566860465116	0.0683139534884	0.0857558139535	0.0683139534884	0.0959302325581	0.114825581395	0.155523255814	0.167151162791	0.155523255814	0.0479651162791	0.0595930232558	0.0508720930233	0.0668604651163	0.100290697674	0.0973837209302	0.101744186047	0.107558139535	0.122093023256	0.0988372093023	0.0712209302326	0.093023255814	0.116279069767	0.114825581395	0.0872093023256	0.116279069767	0.130813953488	0.140988372093	0.0973837209302	0.0959302325581	0.0668604651163	0.0828488372093	0.0886627906977	0.0726744186047	0.0668604651163	0.0857558139535	0.103197674419	0.094476744186	0.106104651163	0.11773255814	0.0799418604651	0.101744186047	0.114825581395	0.107558139535	0.0886627906977	0.0770348837209	0.0566860465116	0.0566860465116	0.0654069767442	0.0508720930233	0.126453488372	0.119186046512	0.129360465116	0.094476744186	0.0857558139535	0.0741279069767	0.101744186047	0.0668604651163	0.0828488372093	0.0973837209302	0.094476744186	0.0886627906977	0.11773255814	0.142441860465	0.123546511628	0.119186046512	0.123546511628	0.138081395349	0.119186046512	0.122093023256	0.119186046512	0.114825581395	0.116279069767	0.140988372093	0.15261627907	0.155523255814	0.111918604651	0.103197674419	0.0523255813953	0.0813953488372	0.0726744186047	0.139534883721	0.0813953488372	0.109011627907	0.0654069767442	0.0639534883721	0.11773255814	0.0886627906977	0.0654069767442	0.0741279069767
159510762-supragingivalplaque2.snv.filtered.bam	0.125	0.125	0.146802325581	0.145348837209	0.114825581395	0.138081395349	0.139534883721	0.146802325581	0.127906976744	0.138081395349	0.171511627907	0.139534883721	0.184593023256	0.158430232558	0.154069767442	0.161337209302	0.0915697674419	0.0	0.00290697674419	0.145348837209	0.13226744186	0.104651162791	0.148255813953	0.142441860465	0.145348837209	0.104651162791	0.093023255814	0.167151162791	0.151162790698	0.148255813953	0.0770348837209	0.093023255814	0.109011627907	0.0828488372093	0.101744186047	0.136627906977	0.162790697674	0.171511627907	0.15988372093	0.103197674419	0.093023255814	0.0901162790698	0.120639534884	0.158430232558	0.154069767442	0.133720930233	0.106104651163	0.11773255814	0.13226744186	0.111918604651	0.109011627907	0.167151162791	0.165697674419	0.0973837209302	0.129360465116	0.145348837209	0.155523255814	0.119186046512	0.120639534884	0.0843023255814	0.109011627907	0.113372093023	0.113372093023	0.0988372093023	0.111918604651	0.138081395349	0.135174418605	0.136627906977	0.143895348837	0.0988372093023	0.110465116279	0.123546511628	0.130813953488	0.106104651163	0.094476744186	0.0755813953488	0.078488372093	0.0901162790698	0.0697674418605	0.135174418605	0.127906976744	0.138081395349	0.114825581395	0.13226744186	0.120639534884	0.140988372093	0.0901162790698	0.0973837209302	0.15988372093	0.15988372093	0.104651162791	0.139534883721	0.155523255814	0.136627906977	0.13226744186	0.146802325581	0.161337209302	0.120639534884	0.149709302326	0.145348837209	0.106104651163	0.104651162791	0.142441860465	0.155523255814	0.158430232558	0.127906976744	0.122093023256	0.0770348837209	0.103197674419	0.0915697674419	0.15261627907	0.100290697674	0.130813953488	0.145348837209	0.142441860465	0.151162790698	0.119186046512	0.0857558139535	0.100290697674
159510762-tonguedorsum3.snv.filtered.bam	0.114825581395	0.116279069767	0.142441860465	0.140988372093	0.103197674419	0.126453488372	0.129360465116	0.146802325581	0.11773255814	0.126453488372	0.162790697674	0.135174418605	0.175872093023	0.148255813953	0.143895348837	0.151162790698	0.0872093023256	0.00290697674419	0.0	0.135174418605	0.123546511628	0.0973837209302	0.142441860465	0.136627906977	0.139534883721	0.0973837209302	0.0857558139535	0.161337209302	0.142441860465	0.135174418605	0.0726744186047	0.0828488372093	0.100290697674	0.078488372093	0.101744186047	0.130813953488	0.162790697674	0.171511627907	0.15988372093	0.103197674419	0.0901162790698	0.0828488372093	0.113372093023	0.149709302326	0.148255813953	0.125	0.104651162791	0.119186046512	0.123546511628	0.107558139535	0.101744186047	0.15988372093	0.158430232558	0.0988372093023	0.127906976744	0.140988372093	0.151162790698	0.104651162791	0.109011627907	0.0813953488372	0.100290697674	0.109011627907	0.103197674419	0.0886627906977	0.109011627907	0.133720930233	0.127906976744	0.13226744186	0.140988372093	0.0915697674419	0.104651162791	0.116279069767	0.125	0.0973837209302	0.0872093023256	0.0697674418605	0.0726744186047	0.0843023255814	0.0639534883721	0.127906976744	0.122093023256	0.130813953488	0.104651162791	0.113372093023	0.111918604651	0.130813953488	0.0828488372093	0.093023255814	0.154069767442	0.154069767442	0.0959302325581	0.126453488372	0.145348837209	0.125	0.11773255814	0.142441860465	0.156976744186	0.114825581395	0.146802325581	0.142441860465	0.100290697674	0.100290697674	0.133720930233	0.148255813953	0.151162790698	0.119186046512	0.111918604651	0.0697674418605	0.094476744186	0.0828488372093	0.145348837209	0.0988372093023	0.130813953488	0.135174418605	0.13226744186	0.139534883721	0.0988372093023	0.0770348837209	0.093023255814
