	158499257-supragingivalplaque1.snv.filtered.bam	158802708-supragingivalplaque1.snv.filtered.bam	158802708-supragingivalplaque2.snv.filtered.bam	158802708-supragingivalplaque3.snv.filtered.bam	158883629-supragingivalplaque1.snv.filtered.bam	158883629-supragingivalplaque3.snv.filtered.bam	159207311-supragingivalplaque1.snv.filtered.bam	159207311-supragingivalplaque3.snv.filtered.bam	159268001-supragingivalplaque3.snv.filtered.bam	159591683-supragingivalplaque1.snv.filtered.bam	159753524-buccalmucosa3.snv.filtered.bam	160178356-supragingivalplaque2.snv.filtered.bam	160178356-supragingivalplaque3.snv.filtered.bam	160319967-supragingivalplaque1.snv.filtered.bam	160380657-supragingivalplaque1.snv.filtered.bam	160380657-supragingivalplaque2.snv.filtered.bam	160380657-supragingivalplaque3.snv.filtered.bam	160421117-supragingivalplaque1.snv.filtered.bam	160421117-supragingivalplaque2.snv.filtered.bam	160421117-supragingivalplaque3.snv.filtered.bam	160502038-supragingivalplaque3.snv.filtered.bam	160582958-supragingivalplaque2.snv.filtered.bam	160582958-supragingivalplaque3.snv.filtered.bam	160603188-supragingivalplaque1.snv.filtered.bam	160603188-supragingivalplaque2.snv.filtered.bam	160603188-supragingivalplaque3.snv.filtered.bam	275382046-supragingivalplaque2.snv.filtered.bam	404239096-supragingivalplaque2.snv.filtered.bam	508703490-supragingivalplaque1.snv.filtered.bam	508703490-supragingivalplaque2.snv.filtered.bam	508703490-supragingivalplaque3.snv.filtered.bam	550534656-supragingivalplaque3.snv.filtered.bam	604812005-supragingivalplaque3.snv.filtered.bam	638754422-supragingivalplaque2.snv.filtered.bam	675950834-supragingivalplaque1.snv.filtered.bam	675950834-supragingivalplaque2.snv.filtered.bam	675950834-supragingivalplaque3.snv.filtered.bam	686765762-supragingivalplaque3.snv.filtered.bam	763577454-subgingivalplaque2.snv.filtered.bam	763577454-supragingivalplaque1.snv.filtered.bam	763577454-supragingivalplaque2.snv.filtered.bam	763759525-supragingivalplaque1.snv.filtered.bam	763759525-supragingivalplaque2.snv.filtered.bam	763840445-supragingivalplaque1.snv.filtered.bam	763901136-supragingivalplaque1.snv.filtered.bam	763961826-supragingivalplaque1.snv.filtered.bam	763982056-supragingivalplaque3.snv.filtered.bam	764042746-supragingivalplaque1.snv.filtered.bam	764062976-supragingivalplaque2.snv.filtered.bam	764062976-supragingivalplaque3.snv.filtered.bam	764083206-supragingivalplaque1.snv.filtered.bam	764285508-supragingivalplaque1.snv.filtered.bam	764285508-supragingivalplaque2.snv.filtered.bam	764325968-supragingivalplaque1.snv.filtered.bam	764366428-supragingivalplaque2.snv.filtered.bam	764366428-supragingivalplaque3.snv.filtered.bam	764487809-supragingivalplaque1.snv.filtered.bam	764588959-supragingivalplaque1.snv.filtered.bam	764649650-supragingivalplaque1.snv.filtered.bam	764649650-supragingivalplaque2.snv.filtered.bam	764811490-supragingivalplaque2.snv.filtered.bam	765013792-supragingivalplaque2.snv.filtered.bam	765013792-supragingivalplaque3.snv.filtered.bam	765074482-supragingivalplaque1.snv.filtered.bam	765074482-supragingivalplaque3.snv.filtered.bam	765094712-supragingivalplaque1.snv.filtered.bam	765094712-supragingivalplaque3.snv.filtered.bam	765620695-supragingivalplaque1.snv.filtered.bam	765620695-supragingivalplaque2.snv.filtered.bam	765701615-supragingivalplaque2.snv.filtered.bam	823052294-supragingivalplaque3.snv.filtered.bam
158499257-supragingivalplaque1.snv.filtered.bam	0.0	0.188656500782	0.178739053618	0.178989577004	0.276047061229	0.268621364952	0.0539856138957	0.0653095457574	0.160890960605	0.231227834485	0.216125103006	0.113373481742	0.155948913756	0.13716822696	0.0986342371867	0.127077641823	0.127766948365	0.0834390236888	0.0772272340625	0.080853945976	0.164805474731	0.14601056381	0.171503044019	0.118310238849	0.10171666995	0.078634283083	0.119969761538	0.204739265939	0.199932433562	0.181785662038	0.182542921835	0.138647997305	0.149928106011	0.147965823894	0.157386848714	0.148991097096	0.143193082761	0.23135846196	0.144241564677	0.154782914887	0.151346991662	0.0980722239551	0.0803549017862	0.0543115756905	0.12519341142	0.144129677642	0.172219679616	0.124386103198	0.0597435135231	0.0844895968235	0.0788505899198	0.140486371619	0.186460266358	0.206204644317	0.14409986699	0.140143304544	0.134966420226	0.120261941524	0.0715231038301	0.0701355710497	0.175967260884	0.0582433976984	0.0530681046032	0.0954636592216	0.0943646704754	0.17677608391	0.17613458186	0.166557137206	0.156441222728	0.168353716459	0.114209762602
158802708-supragingivalplaque1.snv.filtered.bam	0.188656500782	0.0	0.0672336309008	0.078179514257	0.165671624296	0.157958779317	0.190518674592	0.207312339869	0.213901641518	0.277951076913	0.222504540793	0.199881316535	0.221627607369	0.148759424613	0.171241047704	0.17001189141	0.158678755983	0.175325299405	0.176449763777	0.174036709076	0.178143785019	0.234570648694	0.229748525962	0.209632419803	0.196860927178	0.201856550818	0.160496732411	0.08971646003	0.196840383754	0.192649657173	0.194297818592	0.16395357387	0.197776730223	0.156946545471	0.192301907222	0.190198588193	0.196592598134	0.242816791631	0.20395166684	0.204833721727	0.206501181091	0.174479709971	0.185423083282	0.186941395459	0.222936930246	0.190303982684	0.241247866037	0.185284488498	0.179640213891	0.171783294082	0.169125686932	0.206960767664	0.239671073585	0.247783535457	0.170021264808	0.144524068116	0.206435009586	0.14463807542	0.207607500104	0.2079023347	0.207444593893	0.165992946897	0.172123770851	0.161179567493	0.161629148393	0.202237293456	0.210749119359	0.214484598349	0.196063848118	0.154230648132	0.189274070613
158802708-supragingivalplaque2.snv.filtered.bam	0.178739053618	0.0672336309008	0.0	0.0742711054266	0.151466743322	0.14408079768	0.199410691294	0.216216077475	0.215027965706	0.259084251821	0.187460657518	0.187138487239	0.206949295982	0.125317166433	0.170927441356	0.144784776815	0.125336415496	0.17897337706	0.185460208958	0.182387674488	0.14117552042	0.201282313596	0.195591220912	0.195753548592	0.178759630821	0.198678147599	0.122185747865	0.0846386850878	0.163515078032	0.160009298309	0.161957844494	0.141893338461	0.165041430648	0.121673090387	0.172792598457	0.187316523208	0.183641309166	0.227741747622	0.178243979731	0.183539875019	0.18020140242	0.173709766513	0.195330985072	0.1986684119	0.19673682726	0.176051238097	0.230244722383	0.158147890637	0.17797323671	0.161696660471	0.158878995668	0.189724788852	0.209210321182	0.204667092154	0.136102226164	0.109858384696	0.21307289894	0.141351183828	0.213644674676	0.213847842969	0.176797943914	0.162867772995	0.17728787103	0.152896677598	0.148709780475	0.184641724829	0.194490950124	0.177223444584	0.159335742794	0.123959828064	0.167110275405
158802708-supragingivalplaque3.snv.filtered.bam	0.178989577004	0.078179514257	0.0742711054266	0.0	0.193657135434	0.186928657281	0.199411901077	0.216376068494	0.224376444476	0.275070596016	0.216490588604	0.177926649137	0.190166343347	0.143291851433	0.165857711643	0.134242883839	0.131394671007	0.181036438396	0.186906143306	0.185801005023	0.163582388006	0.212270812668	0.206654397035	0.197200041479	0.174443006882	0.199901237259	0.136970606369	0.117786635782	0.181525667378	0.177739475721	0.180814760567	0.144970327216	0.161298286167	0.136974891601	0.177606115291	0.190162710652	0.187298744057	0.229796597305	0.184862880124	0.183199949985	0.182044859272	0.180258673914	0.197860822373	0.198820143876	0.198383827262	0.1829525253	0.23329319884	0.158784628307	0.181128899614	0.163343529098	0.164759754745	0.193353243112	0.212036114172	0.219442785057	0.149856791535	0.13063968357	0.209025225249	0.14835800274	0.21469440311	0.215544389909	0.18883962091	0.165933322166	0.179973869922	0.129109982235	0.136770398389	0.190333937185	0.198510981907	0.187717435029	0.171794421767	0.144713089471	0.167876353214
158883629-supragingivalplaque1.snv.filtered.bam	0.276047061229	0.165671624296	0.151466743322	0.193657135434	0.0	0.00986187091389	0.29173027716	0.307226677594	0.261929981028	0.301342296763	0.155510274008	0.283095325442	0.286094421749	0.200278757448	0.267324853668	0.227764811789	0.211666040908	0.264549018715	0.269621349987	0.266975539152	0.209112391904	0.284014140231	0.261006740389	0.280994781641	0.269169008901	0.285574295477	0.177994733768	0.0905661509637	0.189147848054	0.187021357591	0.187074846556	0.230041415236	0.251390513492	0.143775648457	0.242534194641	0.252169256017	0.257488017967	0.218442120045	0.26688709541	0.2632519066	0.262901540235	0.26248805282	0.278958777478	0.292457785892	0.289644052596	0.238823837809	0.304624324765	0.249440703931	0.274627520803	0.260309437321	0.252427452426	0.27634958078	0.26039617829	0.256990622148	0.203425095235	0.178689718086	0.292653920802	0.234902759867	0.286460940666	0.289658652409	0.216972284656	0.254726901681	0.269446714461	0.260140268488	0.248463795445	0.268471077019	0.267102656892	0.233381605667	0.217630138423	0.168656478607	0.258726138024
158883629-supragingivalplaque3.snv.filtered.bam	0.268621364952	0.157958779317	0.14408079768	0.186928657281	0.00986187091389	0.0	0.282285320842	0.297857057429	0.259715304201	0.298951170274	0.147862696613	0.279197230018	0.281124581392	0.190490763116	0.258444871888	0.220933297442	0.20361400828	0.256726917927	0.261367443887	0.25816421815	0.19986310633	0.278139878104	0.255249269229	0.274028030319	0.263336966956	0.279244822361	0.171720492834	0.0817670667718	0.181069359508	0.178289437257	0.178299879641	0.22537566464	0.246175174613	0.140643045383	0.23548911463	0.246550179395	0.252139330333	0.21722269913	0.260753547037	0.255618856582	0.256784870595	0.254958390579	0.269588571982	0.282036062301	0.283095360198	0.236629589979	0.296966179916	0.243256938748	0.265591586694	0.249816890154	0.246101738032	0.26858766059	0.256012087921	0.253684669833	0.198151975261	0.173465847379	0.2873823376	0.227284310355	0.276707736077	0.280999530877	0.212887979978	0.245956757068	0.260662270816	0.252942274828	0.24294465293	0.262676743924	0.261632895695	0.227631589856	0.211025122393	0.157923052193	0.254016191826
159207311-supragingivalplaque1.snv.filtered.bam	0.0539856138957	0.190518674592	0.199410691294	0.199411901077	0.29173027716	0.282285320842	0.0	0.0192220372138	0.165238972257	0.252815705811	0.228441238005	0.122238425516	0.163089485242	0.14768188242	0.0918266465362	0.143233627937	0.142196937266	0.0757224751807	0.059200193328	0.0581800974148	0.181666701077	0.166350519366	0.197097137418	0.115078265478	0.116025986517	0.058559584075	0.130228377447	0.217454782201	0.2253675624	0.205695627896	0.206558392729	0.16441398742	0.17040520018	0.166078904165	0.181451677819	0.161236540674	0.161201636506	0.245627001594	0.157566430804	0.167091055293	0.167469527527	0.0945171732739	0.0501159354255	0.017171974655	0.145432044043	0.163202923442	0.186370226078	0.151453454228	0.0571507661054	0.0959606472617	0.0861643774438	0.153302010954	0.204987362552	0.223112583163	0.164876644126	0.161603827644	0.137152113592	0.121713624159	0.037732888845	0.0339771947563	0.199279553784	0.0539834489691	0.0402424747688	0.110730011035	0.107928084731	0.194762773031	0.193529813917	0.191191812097	0.179128444201	0.189283954179	0.12908082176
159207311-supragingivalplaque3.snv.filtered.bam	0.0653095457574	0.207312339869	0.216216077475	0.216376068494	0.307226677594	0.297857057429	0.0192220372138	0.0	0.173674384454	0.269203820787	0.24469742558	0.131729757262	0.170558435584	0.159530220114	0.103552254023	0.159997690956	0.157360638452	0.0852123397501	0.0637067243439	0.0614235399568	0.197558889812	0.18143269656	0.21436218565	0.116920587356	0.127388955042	0.0616496797652	0.140494945887	0.233299303913	0.243069514724	0.222776190162	0.223664233434	0.18291379423	0.186106231284	0.182461576512	0.194906876645	0.175201008251	0.170697040169	0.259632404821	0.172743161825	0.18020224918	0.181651155455	0.103077860923	0.0493380673723	0.0174624488154	0.163081899248	0.174219141751	0.203371523658	0.164563668966	0.066183904045	0.10411992262	0.100170915941	0.164531983496	0.222387698365	0.23538279897	0.179023843405	0.176707929209	0.136599687757	0.134770539784	0.0310416491526	0.0325886381091	0.214021801242	0.0632135587154	0.0420685390617	0.123523901325	0.124108793325	0.210356581252	0.209780103945	0.210563032778	0.196141666895	0.205222027777	0.143754020303
159268001-supragingivalplaque3.snv.filtered.bam	0.160890960605	0.213901641518	0.215027965706	0.224376444476	0.261929981028	0.259715304201	0.165238972257	0.173674384454	0.0	0.209846561409	0.204816018748	0.165340088022	0.180785269411	0.175647029414	0.170714897739	0.182181865174	0.175497398269	0.1503696229	0.147136477275	0.146503199969	0.190174419937	0.167089787541	0.173891885876	0.154675312706	0.162912600451	0.163480833385	0.175988564759	0.233308043182	0.204491697172	0.191366203494	0.192735953263	0.17160318321	0.189770853785	0.188941472616	0.180230741386	0.160527148464	0.165541014234	0.19657514291	0.165170824659	0.169825895067	0.162104858021	0.173787413567	0.149478798942	0.156598719061	0.173702973387	0.163434848692	0.176310976714	0.161650926198	0.144615371845	0.144138871782	0.153924967923	0.155020805158	0.173345728334	0.208277021293	0.179008488903	0.174422049526	0.171352642828	0.171456107874	0.156328520008	0.149699444214	0.203097730337	0.160418735815	0.153057569368	0.16726323962	0.159052860246	0.170013216783	0.165176540146	0.17957466992	0.169884625235	0.180526565578	0.166898937024
159591683-supragingivalplaque1.snv.filtered.bam	0.231227834485	0.277951076913	0.259084251821	0.275070596016	0.301342296763	0.298951170274	0.252815705811	0.269203820787	0.209846561409	0.0	0.244571652876	0.24214729528	0.263533025812	0.216693485735	0.237167187552	0.228624499624	0.227465871031	0.220698755552	0.229580580656	0.228709161117	0.216196952548	0.146185738069	0.14094708681	0.237521826426	0.208712194983	0.243768451937	0.224444109063	0.273429777821	0.225279253515	0.215433953713	0.219152733262	0.206584383211	0.213576044342	0.233087846373	0.205118879695	0.219426584512	0.207362702379	0.254114244116	0.180309953054	0.210818746071	0.198963696363	0.228312991734	0.243579002774	0.257132919169	0.184281076071	0.195280261967	0.11087664804	0.232577925791	0.235405095802	0.231339444668	0.225748213669	0.183040972539	0.200695953474	0.205467867673	0.209219913499	0.208813234806	0.246782977856	0.236617481223	0.250198228095	0.240739453883	0.20411167505	0.227412560647	0.235294812965	0.239981021836	0.224284090443	0.142612230398	0.133243419933	0.184273852191	0.191705478437	0.217332271284	0.189194121387
159753524-buccalmucosa3.snv.filtered.bam	0.216125103006	0.222504540793	0.187460657518	0.216490588604	0.155510274008	0.147862696613	0.228441238005	0.24469742558	0.204816018748	0.244571652876	0.0	0.211224388034	0.208996625468	0.182085858166	0.200582230455	0.174734901056	0.159800022181	0.207976240946	0.214058074909	0.209739798328	0.15325311322	0.217137665721	0.202191238756	0.212898136722	0.214271657537	0.226995962501	0.160665850969	0.143986398735	0.101037599736	0.0699323304767	0.0716959573916	0.19786810176	0.205016784852	0.155070317932	0.191882812823	0.206867788843	0.204205265394	0.196495679942	0.210249985214	0.210842727793	0.213313490116	0.214528821318	0.220003803023	0.229958343491	0.213949929013	0.200517319584	0.232585387116	0.212024789894	0.209040071405	0.203470158696	0.184152860106	0.206580285268	0.181417606028	0.205633479814	0.168597577683	0.162105166952	0.214621788576	0.22096915379	0.229142995555	0.229663046476	0.183534961583	0.204621002481	0.213436574	0.213801292163	0.192219975614	0.217338042724	0.213631681985	0.182946372412	0.166588214243	0.0948919221332	0.209093403052
160178356-supragingivalplaque2.snv.filtered.bam	0.113373481742	0.199881316535	0.187138487239	0.177926649137	0.283095325442	0.279197230018	0.122238425516	0.131729757262	0.165340088022	0.24214729528	0.211224388034	0.0	0.0713876371136	0.1456097066	0.126022292652	0.126430341372	0.131492785122	0.116338374686	0.119925100027	0.118624233079	0.164499025485	0.160867849992	0.172345604767	0.136131096618	0.117354613108	0.122321420343	0.138353186842	0.220715833855	0.191210108667	0.177136925676	0.178440235887	0.134616081167	0.133088716309	0.165970299432	0.16894398632	0.167966915713	0.160623567401	0.194838448857	0.145662473359	0.144438136435	0.139806081334	0.12184472561	0.123114627012	0.121571214292	0.12876154809	0.155849851534	0.194245032532	0.130761674778	0.103633776554	0.107659086526	0.11084424326	0.137759630493	0.169226778406	0.191199985992	0.150372446746	0.147933306359	0.149919566818	0.14195977688	0.131526351051	0.124799187044	0.168554799146	0.114263114932	0.111769075005	0.104074253441	0.0999058030928	0.187286578415	0.187275009993	0.159642861437	0.151583057391	0.164948640852	0.13294582199
160178356-supragingivalplaque3.snv.filtered.bam	0.155948913756	0.221627607369	0.206949295982	0.190166343347	0.286094421749	0.281124581392	0.163089485242	0.170558435584	0.180785269411	0.263533025812	0.208996625468	0.0713876371136	0.0	0.17358956108	0.147860932422	0.151038163186	0.155525216629	0.150002195199	0.15098348244	0.150665590736	0.175396908064	0.18804761836	0.193186892458	0.157528434591	0.148858540658	0.161869848747	0.16567363521	0.234480414887	0.189893132022	0.178789986142	0.18048543347	0.153966535281	0.156070929985	0.1855336535	0.195206542201	0.194585815174	0.18402786881	0.185246483021	0.172430610563	0.161365581369	0.160303577388	0.160104296614	0.153108590089	0.158445979654	0.164191393384	0.177020258122	0.219779984391	0.162570772788	0.146591076441	0.139863405176	0.152733082309	0.159441224743	0.174343455992	0.195169619402	0.176777173844	0.1726391714	0.160642062153	0.168789571541	0.168474970037	0.161738164149	0.190136314386	0.155938264621	0.155505433191	0.131819188262	0.132587534433	0.209044996308	0.204667422043	0.182279486136	0.175621196259	0.175559821349	0.165560000381
160319967-supragingivalplaque1.snv.filtered.bam	0.13716822696	0.148759424613	0.125317166433	0.143291851433	0.200278757448	0.190490763116	0.14768188242	0.159530220114	0.175647029414	0.216693485735	0.182085858166	0.1456097066	0.17358956108	0.0	0.137747737466	0.12798837563	0.114989647333	0.119668965513	0.126039512755	0.121205345435	0.140982619855	0.158030703766	0.165305758578	0.142095656593	0.126963749429	0.138775243229	0.0836864635319	0.14861077182	0.160856572838	0.150647191659	0.15338945027	0.125488260598	0.12658749672	0.102889625779	0.143738702573	0.15317621233	0.145044538564	0.220184671421	0.146568462393	0.162208993046	0.154518150552	0.131349870655	0.134522079094	0.14257914177	0.144925655329	0.150073053355	0.182337271005	0.140500677909	0.129874847405	0.127127032247	0.119340972472	0.148080178353	0.160492791929	0.168840110636	0.126238736219	0.110744213838	0.178880288813	0.121787712265	0.156489034877	0.150009133766	0.16623471498	0.11288580905	0.124329718972	0.129430215376	0.114035128278	0.171728190966	0.172895695769	0.157768600948	0.14060096182	0.121001499588	0.143747338962
160380657-supragingivalplaque1.snv.filtered.bam	0.0986342371867	0.171241047704	0.170927441356	0.165857711643	0.267324853668	0.258444871888	0.0918266465362	0.103552254023	0.170714897739	0.237167187552	0.200582230455	0.126022292652	0.147860932422	0.137747737466	0.0	0.0815429528073	0.0908138125931	0.0970513539682	0.0920540621797	0.0953423797803	0.172041221979	0.158024564198	0.176559462036	0.128019654287	0.125330422114	0.103368969774	0.133971224306	0.20407919717	0.197217141851	0.174171444155	0.180080754658	0.1421762314	0.136121360192	0.162159198208	0.160349659666	0.148857424464	0.151207384598	0.231778467096	0.152112888998	0.155603431474	0.15384933323	0.112302454788	0.099834091142	0.089784002094	0.1506597639	0.134059182303	0.181479399613	0.141647111661	0.0897782546116	0.104422746301	0.0899034869318	0.142009324862	0.182240283668	0.204450570208	0.15916953447	0.150327374995	0.152149106676	0.12900893095	0.10391501383	0.0974777411157	0.17757736689	0.0843690190569	0.080058380306	0.110209012113	0.107348967171	0.185720359531	0.183442302613	0.175582267102	0.163158945707	0.167457539847	0.102227868588
160380657-supragingivalplaque2.snv.filtered.bam	0.127077641823	0.17001189141	0.144784776815	0.134242883839	0.227764811789	0.220933297442	0.143233627937	0.159997690956	0.182181865174	0.228624499624	0.174734901056	0.126430341372	0.151038163186	0.12798837563	0.0815429528073	0.0	0.047032729471	0.130747364451	0.139152938245	0.139151609319	0.151614402529	0.156240447445	0.157019950808	0.148224463	0.124968595264	0.141365524355	0.118070669042	0.18084928112	0.164495346804	0.146608768615	0.151608055958	0.122322836116	0.109358115667	0.126815099565	0.154366954839	0.160386533991	0.150267771136	0.197536642191	0.13703976649	0.141907052727	0.137803198684	0.12975690517	0.150773854569	0.145610106223	0.148372022686	0.1384843013	0.185752830078	0.127868181974	0.123518286378	0.124434933519	0.0978661968161	0.144306934228	0.162923692396	0.172121470975	0.128786265152	0.119810824773	0.184886474179	0.14463028126	0.154030515688	0.150596182433	0.153776486865	0.114188098002	0.123466443986	0.119597514387	0.111308220133	0.176956782565	0.175591700011	0.148239189421	0.13431148667	0.127775024542	0.106181186364
160380657-supragingivalplaque3.snv.filtered.bam	0.127766948365	0.158678755983	0.125336415496	0.131394671007	0.211666040908	0.20361400828	0.142196937266	0.157360638452	0.175497398269	0.227465871031	0.159800022181	0.131492785122	0.155525216629	0.114989647333	0.0908138125931	0.047032729471	0.0	0.132219665931	0.14059246623	0.138741780462	0.130187509628	0.155984019175	0.154829732216	0.141838347355	0.123912132501	0.136874960927	0.101541031676	0.161030621247	0.148122198879	0.129588756648	0.134210950677	0.116886355178	0.108738371151	0.11171836111	0.142211822215	0.154365925775	0.144537620087	0.20207307949	0.136184232899	0.143398965197	0.138737148527	0.127339524529	0.152429888636	0.142079117096	0.146110350761	0.139174851085	0.181544352394	0.127307566931	0.119647420974	0.117286961108	0.0979036317121	0.141098947316	0.160064814807	0.171688678541	0.119479262281	0.110050596077	0.179158660302	0.133945845214	0.151419878233	0.14824045438	0.154053864723	0.110174098581	0.123336023575	0.121761472235	0.110702329663	0.174553963525	0.172965874378	0.145341922127	0.128842725407	0.115111413397	0.108039160968
160421117-supragingivalplaque1.snv.filtered.bam	0.0834390236888	0.175325299405	0.17897337706	0.181036438396	0.264549018715	0.256726917927	0.0757224751807	0.0852123397501	0.1503696229	0.220698755552	0.207976240946	0.116338374686	0.150002195199	0.119668965513	0.0970513539682	0.130747364451	0.132219665931	0.0	0.0313101607293	0.0309921965027	0.162184183036	0.138662296759	0.1618941754	0.102805402437	0.104384318973	0.0822424473542	0.131049392714	0.200548809188	0.194959284971	0.177963646667	0.180306728227	0.131233477818	0.136902479599	0.15015716104	0.154159068127	0.146403051359	0.146112848869	0.229786743263	0.131142679249	0.139915802526	0.140338378332	0.0820155069581	0.0461404158139	0.0705379879887	0.125770997136	0.138726541664	0.1663124062	0.130894246988	0.0665604989443	0.0857769551986	0.0846946144593	0.124248002599	0.170563344738	0.195671122986	0.13340030141	0.132858417797	0.150577914683	0.116072803732	0.0900311314656	0.0781850973326	0.161872849798	0.0663783596175	0.0661739708375	0.109117848573	0.0983675938784	0.167626800778	0.16475948019	0.151753022181	0.13982227189	0.163491361644	0.125393481326
160421117-supragingivalplaque2.snv.filtered.bam	0.0772272340625	0.176449763777	0.185460208958	0.186906143306	0.269621349987	0.261367443887	0.059200193328	0.0637067243439	0.147136477275	0.229580580656	0.214058074909	0.119925100027	0.15098348244	0.126039512755	0.0920540621797	0.139152938245	0.14059246623	0.0313101607293	0.0	0.0159184037301	0.168144385738	0.151678990553	0.177114694389	0.105338407914	0.11271987122	0.077134807607	0.137020723129	0.204066556478	0.205693773938	0.186974946863	0.189418210754	0.148274204405	0.152814366583	0.159727887215	0.164439840142	0.14729094628	0.150170507831	0.238870497373	0.142929058659	0.152195191501	0.152567015342	0.0885171676549	0.0214457910443	0.0495447977316	0.141300715532	0.146976396136	0.173696382981	0.144201141575	0.0662752865752	0.0906249165968	0.0894029377375	0.135828934223	0.181826471156	0.211868949713	0.14886508237	0.145402650668	0.149172612992	0.120766278311	0.0721271035393	0.0580454541708	0.176517969246	0.0659648815447	0.0613833672191	0.112957369571	0.104135398684	0.178445668252	0.176362354503	0.170667023309	0.156624077048	0.172761774728	0.130409626339
160421117-supragingivalplaque3.snv.filtered.bam	0.080853945976	0.174036709076	0.182387674488	0.185801005023	0.266975539152	0.25816421815	0.0581800974148	0.0614235399568	0.146503199969	0.228709161117	0.209739798328	0.118624233079	0.150665590736	0.121205345435	0.0953423797803	0.139151609319	0.138741780462	0.0309921965027	0.0159184037301	0.0	0.164234499902	0.150010825172	0.175753040127	0.104667732233	0.112137605907	0.0734106476876	0.133040537293	0.20032971016	0.204387044767	0.185125042132	0.187462374081	0.145906444046	0.152457119231	0.156907407294	0.163454601807	0.146421162874	0.146471103574	0.238223494284	0.141681482472	0.15070488685	0.151726698574	0.0884590111313	0.0205251282636	0.0495554744343	0.141425569919	0.145506058816	0.170829049107	0.143516679971	0.0641661976208	0.0890442064013	0.0893452133452	0.135255948893	0.180852461573	0.209483000885	0.147178516864	0.142929381956	0.145068866679	0.117353544641	0.0693827388159	0.0555320226458	0.177406717387	0.065556558529	0.0598031954448	0.113884034717	0.104362073458	0.176093642441	0.173615368509	0.171849756558	0.156782466643	0.169636342277	0.130877247542
160502038-supragingivalplaque3.snv.filtered.bam	0.164805474731	0.178143785019	0.14117552042	0.163582388006	0.209112391904	0.19986310633	0.181666701077	0.197558889812	0.190174419937	0.216196952548	0.15325311322	0.164499025485	0.175396908064	0.140982619855	0.172041221979	0.151614402529	0.130187509628	0.162184183036	0.168144385738	0.164234499902	0.0	0.168750742887	0.1660517308	0.176491199645	0.153822452247	0.180359608139	0.119635198842	0.152838609688	0.154370463078	0.136382392113	0.136973271323	0.146904718021	0.148258714676	0.131313117449	0.173979781693	0.178218019389	0.170666611356	0.197745797631	0.158958804527	0.155183057932	0.151440265405	0.153056693162	0.176395646147	0.18400744752	0.16495557501	0.156981487751	0.193614750618	0.17496456349	0.161239558077	0.147742503482	0.156527032781	0.161317727963	0.175720305235	0.173807100637	0.140931998042	0.127618890385	0.142933023901	0.164071849083	0.189680622087	0.187297034231	0.165811936386	0.156825518131	0.163988309247	0.165615080838	0.151939027354	0.180821597912	0.180729864595	0.161614275147	0.144862623223	0.135496747492	0.16228340023
160582958-supragingivalplaque2.snv.filtered.bam	0.14601056381	0.234570648694	0.201282313596	0.212270812668	0.284014140231	0.278139878104	0.166350519366	0.18143269656	0.167089787541	0.146185738069	0.217137665721	0.160867849992	0.18804761836	0.158030703766	0.158024564198	0.156240447445	0.155984019175	0.138662296759	0.151678990553	0.150010825172	0.168750742887	0.0	0.0588096732998	0.158138397695	0.136417517591	0.157869116351	0.155549838842	0.233946048115	0.178429244386	0.173144189723	0.175357631086	0.140032547766	0.148048704883	0.168106958014	0.161994536676	0.168693798132	0.154121786488	0.230546451923	0.119099623321	0.146150618084	0.134413108384	0.147473669444	0.163700831121	0.168314232333	0.112242484354	0.160585162172	0.110414211976	0.161487099934	0.144716836276	0.142556448923	0.136303220627	0.117822365986	0.15570935238	0.173663579294	0.148310700373	0.152128318665	0.187688277938	0.148693101528	0.171520742121	0.160768956472	0.166400999864	0.141965271308	0.148305884732	0.157963068875	0.140484453734	0.129781158515	0.122425287131	0.130297048586	0.140881501732	0.169440108814	0.119529824266
160582958-supragingivalplaque3.snv.filtered.bam	0.171503044019	0.229748525962	0.195591220912	0.206654397035	0.261006740389	0.255249269229	0.197097137418	0.21436218565	0.173891885876	0.14094708681	0.202191238756	0.172345604767	0.193186892458	0.165305758578	0.176559462036	0.157019950808	0.154829732216	0.1618941754	0.177114694389	0.175753040127	0.1660517308	0.0588096732998	0.0	0.176949646319	0.151742034626	0.185106463139	0.161030342525	0.219881501124	0.156336490543	0.154056922244	0.155179959283	0.131975117439	0.145011205174	0.165225537443	0.160720326903	0.169516419502	0.156465869033	0.216904465036	0.135348905468	0.156333921081	0.14115681413	0.164870669027	0.192186391881	0.201948008245	0.128182970378	0.15317585752	0.123623974211	0.164404322234	0.171827402846	0.16293749642	0.154830471599	0.138291816674	0.160321142269	0.165781020195	0.144836512139	0.14605992582	0.201554575009	0.161612027953	0.199367957377	0.19150418282	0.150962951801	0.165941502452	0.177421064814	0.17353794965	0.156849716381	0.134475388892	0.121988614374	0.124835963157	0.13714049184	0.155436776618	0.134707955083
160603188-supragingivalplaque1.snv.filtered.bam	0.118310238849	0.209632419803	0.195753548592	0.197200041479	0.280994781641	0.274028030319	0.115078265478	0.116920587356	0.154675312706	0.237521826426	0.212898136722	0.136131096618	0.157528434591	0.142095656593	0.128019654287	0.148224463	0.141838347355	0.102805402437	0.105338407914	0.104667732233	0.176491199645	0.158138397695	0.176949646319	0.0	0.0908476951409	0.0905507788576	0.12512186906	0.22713828061	0.20762458666	0.189231924795	0.191922784763	0.150607650955	0.154605304019	0.159032338648	0.168318140391	0.159472778198	0.153363639024	0.238155678255	0.149367944876	0.159050957556	0.15791269905	0.116014368108	0.10907372524	0.106068441478	0.137335141854	0.152180327211	0.191611979793	0.136615941888	0.0977983438409	0.1121154849	0.108566307964	0.11017887828	0.161259397988	0.201806256716	0.153946701714	0.152318460708	0.154487650784	0.137230658415	0.118239247427	0.110632112823	0.185034568792	0.106665190117	0.104590440886	0.12519045949	0.12038616284	0.17426625739	0.172855419979	0.160753220841	0.161412156576	0.17980095769	0.134726397092
160603188-supragingivalplaque2.snv.filtered.bam	0.10171666995	0.196860927178	0.178759630821	0.174443006882	0.269169008901	0.263336966956	0.116025986517	0.127388955042	0.162912600451	0.208712194983	0.214271657537	0.117354613108	0.148858540658	0.126963749429	0.125330422114	0.124968595264	0.123912132501	0.104384318973	0.11271987122	0.112137605907	0.153822452247	0.136417517591	0.151742034626	0.0908476951409	0.0	0.0767313468216	0.105985281236	0.218375785903	0.18645378642	0.177499292298	0.178400724154	0.123403035257	0.125142381138	0.13826888002	0.14213326616	0.137261881301	0.132988412274	0.220112763604	0.127916419693	0.138080231427	0.132151431014	0.115876160022	0.124940427232	0.115275288448	0.117779188249	0.13572388566	0.172590861301	0.120101410134	0.0956331564692	0.0997809307393	0.100121516344	0.121797429279	0.156790020594	0.173412467321	0.132002835456	0.132107897229	0.151106947552	0.129396411576	0.12453118164	0.115843620097	0.170799135383	0.0966740509522	0.0994740914239	0.116258169564	0.109866895108	0.158427454849	0.158805244901	0.145983385793	0.138830357974	0.157866971079	0.117840324668
160603188-supragingivalplaque3.snv.filtered.bam	0.078634283083	0.201856550818	0.198678147599	0.199901237259	0.285574295477	0.279244822361	0.058559584075	0.0616496797652	0.163480833385	0.243768451937	0.226995962501	0.122321420343	0.161869848747	0.138775243229	0.103368969774	0.141365524355	0.136874960927	0.0822424473542	0.077134807607	0.0734106476876	0.180359608139	0.157869116351	0.185106463139	0.0905507788576	0.0767313468216	0.0	0.115997685285	0.23147467335	0.220702677552	0.201326751733	0.202933771905	0.154929671886	0.15437325134	0.15984664471	0.164791938732	0.149215756317	0.147558333169	0.239607263098	0.153648991558	0.161225679674	0.160106095394	0.102864701046	0.0796341697245	0.0541033649538	0.145026689416	0.154049740529	0.191518671219	0.143238409558	0.0674467978142	0.103057479897	0.0886459529102	0.144401449836	0.190289715794	0.206504271339	0.153172617077	0.152228681628	0.148461156283	0.123083945139	0.0604204939107	0.055144729619	0.19885863443	0.0635508607465	0.0571321625902	0.116878470881	0.10579470841	0.192367086333	0.189383050809	0.178676426962	0.167680825743	0.182123751413	0.130407733188
275382046-supragingivalplaque2.snv.filtered.bam	0.119969761538	0.160496732411	0.122185747865	0.136970606369	0.177994733768	0.171720492834	0.130228377447	0.140494945887	0.175988564759	0.224444109063	0.160665850969	0.138353186842	0.16567363521	0.0836864635319	0.133971224306	0.118070669042	0.101541031676	0.131049392714	0.137020723129	0.133040537293	0.119635198842	0.155549838842	0.161030342525	0.12512186906	0.105985281236	0.115997685285	0.0	0.148533056729	0.158663576477	0.143508961373	0.146091724113	0.121726695779	0.127952472869	0.0723610759018	0.135665844314	0.150689197482	0.139427788019	0.187415429466	0.151524611868	0.161083925707	0.157347865018	0.130409269615	0.144570593785	0.128861060187	0.139445432589	0.149189317615	0.195490055071	0.131359418564	0.11549794898	0.113577312379	0.109274987513	0.150634839949	0.165361639491	0.162713073112	0.107440864682	0.0946648809062	0.167993284472	0.113765114577	0.131715295365	0.130497823247	0.170417401071	0.101567248983	0.114720689143	0.116985845554	0.107596407537	0.167972389216	0.172877814094	0.150701488313	0.13469036633	0.11386863778	0.128234956138
404239096-supragingivalplaque2.snv.filtered.bam	0.204739265939	0.08971646003	0.0846386850878	0.117786635782	0.0905661509637	0.0817670667718	0.217454782201	0.233299303913	0.233308043182	0.273429777821	0.143986398735	0.220715833855	0.234480414887	0.14861077182	0.20407919717	0.18084928112	0.161030621247	0.200548809188	0.204066556478	0.20032971016	0.152838609688	0.233946048115	0.219881501124	0.22713828061	0.218375785903	0.23147467335	0.148533056729	0.0	0.143335272237	0.137764639799	0.138926022933	0.180417341657	0.201603924224	0.138212521776	0.212775887111	0.219536726606	0.216585737697	0.220326245129	0.214272243098	0.216125411779	0.216207184751	0.20082318859	0.212391506792	0.220121420304	0.228558844878	0.205105873749	0.237522582516	0.193076997062	0.20607151415	0.190373500013	0.188514907147	0.217274175284	0.22981273471	0.222568418436	0.146642244979	0.12221846526	0.241305429587	0.16776456978	0.23442885692	0.236887322763	0.166034181622	0.187492716641	0.203669724775	0.190881770536	0.183445583113	0.198133513763	0.208045343571	0.190303916738	0.169654322483	0.117471487295	0.202445971904
508703490-supragingivalplaque1.snv.filtered.bam	0.199932433562	0.196840383754	0.163515078032	0.181525667378	0.189147848054	0.181069359508	0.2253675624	0.243069514724	0.204491697172	0.225279253515	0.101037599736	0.191210108667	0.189893132022	0.160856572838	0.197217141851	0.164495346804	0.148122198879	0.194959284971	0.205693773938	0.204387044767	0.154370463078	0.178429244386	0.156336490543	0.20762458666	0.18645378642	0.220702677552	0.158663576477	0.143335272237	0.0	0.0399383437997	0.0389741685972	0.135710031026	0.173974015016	0.140351045748	0.17341061351	0.179433993261	0.172646732956	0.20135120952	0.174348767865	0.181494918674	0.176218464871	0.196270916096	0.219359061044	0.229685366629	0.190124807972	0.173926204249	0.19767757549	0.183189203836	0.200344144726	0.183237720761	0.175240720689	0.186959055298	0.176652239805	0.181801701797	0.144000680802	0.137276752291	0.219186182459	0.141618817169	0.235053381106	0.228817828139	0.146411546224	0.191269963399	0.207970580606	0.183856196113	0.175520625489	0.185977886698	0.18313591551	0.140347350373	0.135682054462	0.0862754371203	0.177683961228
508703490-supragingivalplaque2.snv.filtered.bam	0.181785662038	0.192649657173	0.160009298309	0.177739475721	0.187021357591	0.178289437257	0.205695627896	0.222776190162	0.191366203494	0.215433953713	0.0699323304767	0.177136925676	0.178789986142	0.150647191659	0.174171444155	0.146608768615	0.129588756648	0.177963646667	0.186974946863	0.185125042132	0.136382392113	0.173144189723	0.154056922244	0.189231924795	0.177499292298	0.201326751733	0.143508961373	0.137764639799	0.0399383437997	0.0	0.0157828390278	0.133572585426	0.168604634765	0.132383326404	0.171257040373	0.174964331203	0.166648913043	0.196022583304	0.169151356812	0.174503918339	0.171855316353	0.179358417703	0.200765550654	0.208447735677	0.180839112319	0.165373615278	0.188755209285	0.172963523313	0.179620447626	0.168342075192	0.158015780407	0.175433749404	0.16488759292	0.174538112973	0.132675826555	0.127016063449	0.196694116446	0.153003248773	0.214234902691	0.210059316863	0.143992720959	0.174340934456	0.189074004948	0.17179934559	0.154610876219	0.180339526646	0.177474340896	0.139620439738	0.127132473451	0.0740416369828	0.168683854762
508703490-supragingivalplaque3.snv.filtered.bam	0.182542921835	0.194297818592	0.161957844494	0.180814760567	0.187074846556	0.178299879641	0.206558392729	0.223664233434	0.192735953263	0.219152733262	0.0716959573916	0.178440235887	0.18048543347	0.15338945027	0.180080754658	0.151608055958	0.134210950677	0.180306728227	0.189418210754	0.187462374081	0.136973271323	0.175357631086	0.155179959283	0.191922784763	0.178400724154	0.202933771905	0.146091724113	0.138926022933	0.0389741685972	0.0157828390278	0.0	0.135007763259	0.172403510076	0.135187863503	0.173889170349	0.175659763411	0.16832944425	0.200192942955	0.170531150891	0.175536649755	0.172534726277	0.181176684535	0.202444844117	0.209972116291	0.1828293743	0.166449568992	0.189984745914	0.176078321702	0.181907618298	0.16994096876	0.158996964473	0.17782886334	0.168365687402	0.176691118205	0.135948910857	0.12926261597	0.198180897866	0.152236401677	0.216028329981	0.210882329939	0.147245639773	0.175565176884	0.190020479635	0.174070082194	0.157041104214	0.18355139541	0.179925243436	0.142250316908	0.128195077425	0.0739721746298	0.170520756136
550534656-supragingivalplaque3.snv.filtered.bam	0.138647997305	0.16395357387	0.141893338461	0.144970327216	0.230041415236	0.22537566464	0.16441398742	0.18291379423	0.17160318321	0.206584383211	0.19786810176	0.134616081167	0.153966535281	0.125488260598	0.1421762314	0.122322836116	0.116886355178	0.131233477818	0.148274204405	0.145906444046	0.146904718021	0.140032547766	0.131975117439	0.150607650955	0.123403035257	0.154929671886	0.121726695779	0.180417341657	0.135710031026	0.133572585426	0.135007763259	0.0	0.123597332979	0.126625330339	0.133978668445	0.133365043661	0.119727323047	0.203554657115	0.125431739583	0.135215759026	0.128038975796	0.135325282627	0.162140338917	0.166841291018	0.13820707193	0.132331112344	0.16771408163	0.112499793582	0.135663277225	0.117125788661	0.125088572104	0.139262061312	0.154472475551	0.166717498203	0.111125939828	0.105844601628	0.168159962756	0.106679129772	0.173971255285	0.167748842588	0.143486662262	0.132057450392	0.145907729359	0.118513826478	0.111216570498	0.140158354729	0.136547587853	0.126957542955	0.121451394803	0.132742036594	0.114567189156
604812005-supragingivalplaque3.snv.filtered.bam	0.149928106011	0.197776730223	0.165041430648	0.161298286167	0.251390513492	0.246175174613	0.17040520018	0.186106231284	0.189770853785	0.213576044342	0.205016784852	0.133088716309	0.156070929985	0.12658749672	0.136121360192	0.109358115667	0.108738371151	0.136902479599	0.152814366583	0.152457119231	0.148258714676	0.148048704883	0.145011205174	0.154605304019	0.125142381138	0.15437325134	0.127952472869	0.201603924224	0.173974015016	0.168604634765	0.172403510076	0.123597332979	0.0	0.147685274049	0.151594944953	0.162082774401	0.156048254994	0.185516836178	0.134328698791	0.147030336363	0.137577892917	0.133058129384	0.166451360198	0.17179720237	0.131260524571	0.131536403584	0.182136674739	0.129269773619	0.144214345931	0.133488612223	0.130947489701	0.146294558918	0.151629101248	0.13405201811	0.130681997153	0.129145753725	0.19675073659	0.155593013531	0.17743470808	0.172956038471	0.146594939448	0.134395384658	0.146586578237	0.140829164301	0.133855529718	0.165600787549	0.162734907096	0.130472050395	0.129999893843	0.147897021929	0.126347432635
