	158337416-stool1.snv.filtered.bam	158337416-stool2.snv.filtered.bam	158479027-stool1.snv.filtered.bam	158479027-stool2.snv.filtered.bam	158802708-stool1.snv.filtered.bam	158802708-stool2.snv.filtered.bam	158802708-stool3.snv.filtered.bam	158944319-stool1.snv.filtered.bam	158944319-stool2.snv.filtered.bam	158944319-stool3.snv.filtered.bam	159166850-stool1.snv.filtered.bam	159166850-stool2.snv.filtered.bam	159268001-stool1.snv.filtered.bam	159369152-stool1.snv.filtered.bam	159510762-stool1.snv.filtered.bam	159510762-stool2.snv.filtered.bam	159551223-stool1.snv.filtered.bam	159551223-stool2.snv.filtered.bam	159571453-stool1.snv.filtered.bam	159611913-stool1.snv.filtered.bam	159611913-stool2.snv.filtered.bam	160158126-stool1.snv.filtered.bam	160158126-stool2.snv.filtered.bam	160319967-stool1.snv.filtered.bam	160319967-stool2.snv.filtered.bam	160319967-stool3.snv.filtered.bam	160421117-stool2.snv.filtered.bam	160421117-stool3.snv.filtered.bam	160502038-stool1.snv.filtered.bam	160502038-stool2.snv.filtered.bam	160502038-stool3.snv.filtered.bam	160603188-stool1.snv.filtered.bam	370425937-stool1.snv.filtered.bam	370425937-stool2.snv.filtered.bam	550534656-stool1.snv.filtered.bam	550534656-stool2.snv.filtered.bam	550534656-stool3.snv.filtered.bam	604812005-stool1.snv.filtered.bam	604812005-stool2.snv.filtered.bam	604812005-stool3.snv.filtered.bam	638754422-stool1.snv.filtered.bam	638754422-stool2.snv.filtered.bam	638754422-stool3.snv.filtered.bam	675950834-stool1.snv.filtered.bam	675950834-stool2.snv.filtered.bam	686765762-stool1.snv.filtered.bam	686765762-stool2.snv.filtered.bam	686765762-stool3.snv.filtered.bam	706846339-stool1.snv.filtered.bam	706846339-stool2.snv.filtered.bam	763577454-stool1.snv.filtered.bam	763577454-stool2.snv.filtered.bam	763860675-stool1.snv.filtered.bam	763860675-stool2.snv.filtered.bam	763961826-stool1.snv.filtered.bam	763961826-stool2.snv.filtered.bam	764224817-stool1.snv.filtered.bam	764325968-stool1.snv.filtered.bam	764325968-stool2.snv.filtered.bam	764487809-stool1.snv.filtered.bam	764508039-stool1.snv.filtered.bam	764508039-stool2.snv.filtered.bam	764508039-stool3.snv.filtered.bam	764649650-stool2.snv.filtered.bam	765074482-stool1.snv.filtered.bam	765074482-stool2.snv.filtered.bam	765074482-stool3.snv.filtered.bam	765135172-stool1.snv.filtered.bam	765135172-stool3.snv.filtered.bam	765337473-stool2.snv.filtered.bam	765640925-stool1.snv.filtered.bam	765640925-stool2.snv.filtered.bam	823052294-stool1.snv.filtered.bam	823052294-stool3.snv.filtered.bam
158337416-stool1.snv.filtered.bam	0.0	0.00235756765923	0.282710471103	0.28294271894	0.275906653239	0.282527875413	0.27163174007	0.328567028118	0.326799885368	0.318930622783	0.2932905997	0.292212805373	0.260935087543	0.236855080908	0.287369418318	0.286468547129	0.288455281417	0.28868435964	0.293060960265	0.162253954705	0.155981385078	0.287111301261	0.285354530453	0.264390463187	0.262966603416	0.259350234947	0.27730891763	0.284003652502	0.283362125773	0.278543937102	0.280336967764	0.241188458948	0.0161502726742	0.0154321279563	0.28571139178	0.285526116905	0.285815788306	0.291256263605	0.289351015843	0.293713399053	0.291186951934	0.291167034532	0.290626794019	0.286211519855	0.289361431229	0.277502047238	0.284636680431	0.280116794235	0.222951568582	0.225221740964	0.21210351652	0.215858062316	0.266672442204	0.264865280373	0.291997164964	0.291418883788	0.258706922804	0.263883163861	0.266413824731	0.299841088036	0.282968982673	0.282886005027	0.282327941122	0.325296722132	0.2589543023	0.25690768706	0.263334260573	0.314281052685	0.310522785363	0.290000822762	0.301161834094	0.28649296816	0.294588296729	0.290721030694
158337416-stool2.snv.filtered.bam	0.00235756765923	0.0	0.286058428539	0.28598556689	0.279448715644	0.285937180474	0.275730998855	0.332125401394	0.329738240809	0.322354442598	0.298847795788	0.298294283663	0.264331282086	0.238601729531	0.289867342949	0.289510280142	0.291468938691	0.291352121744	0.298268062321	0.160331496118	0.154421591038	0.292980755567	0.290847499725	0.269988492566	0.269511076239	0.266066010101	0.281017833987	0.287671206851	0.285846189265	0.282309785995	0.284103812709	0.247606406586	0.0159924349127	0.0159335210388	0.288985475708	0.289179433281	0.289487760688	0.2916137565	0.289285985586	0.29442962512	0.296424620445	0.296282523211	0.296776629348	0.288381210423	0.291826704723	0.280617931969	0.287294990804	0.284199588632	0.220856128352	0.223663322109	0.215772167013	0.219975528668	0.272736296599	0.270771449795	0.297101275916	0.296682507031	0.265107916487	0.267139075421	0.269431193582	0.306331335081	0.285688308627	0.286472690395	0.286016306	0.328481591983	0.262496223953	0.260366567961	0.267661338509	0.316706366283	0.313765085522	0.296440012894	0.310110054256	0.294108813736	0.300728340448	0.296869833293
158479027-stool1.snv.filtered.bam	0.282710471103	0.286058428539	0.0	0.00134635653273	0.242533576363	0.25342263783	0.238779085751	0.19430949845	0.196960983065	0.198179177868	0.200220272213	0.203802926843	0.199429020301	0.252685197683	0.176943284454	0.178930314981	0.0339225154488	0.0343347364171	0.213857124126	0.276353006099	0.266644129522	0.203780453491	0.202282281922	0.154623681788	0.153422602717	0.15247908239	0.179049708361	0.183885952005	0.181458146592	0.179221710177	0.180186589111	0.257252816101	0.286766798895	0.282518501602	0.00430268928452	0.00351478466154	0.00378478639438	0.199814392099	0.199769215155	0.204185932689	0.202910509539	0.202926643597	0.202490847677	0.162584540013	0.16259257144	0.222399795505	0.22122079686	0.227006228082	0.279565265783	0.279054993685	0.246229496844	0.25468879502	0.248116807182	0.250225913166	0.203659309068	0.203118573279	0.192557603088	0.23563336555	0.236057010275	0.212409707488	0.0013999730013	0.00082303201913	0.000601218074549	0.233572021045	0.2324437385	0.236188331255	0.228546615629	0.225632013441	0.223931395947	0.222539601014	0.208523422599	0.199791579228	0.206378418926	0.202583796966
158479027-stool2.snv.filtered.bam	0.28294271894	0.28598556689	0.00134635653273	0.0	0.242743909437	0.253401912855	0.239489310484	0.194422447832	0.197394832147	0.198946996703	0.200486843403	0.204402581764	0.199616081403	0.253084605762	0.176879279273	0.178875745109	0.0338947430413	0.0341533159795	0.213823555165	0.27628870583	0.266848765646	0.203696857167	0.202423229082	0.154178328498	0.153977305892	0.153041468433	0.179703533564	0.184623845643	0.181329926463	0.179862482631	0.180685641505	0.257227499033	0.287152524858	0.282819318462	0.00470765528457	0.00425184901457	0.0045218507474	0.200057861301	0.199230427339	0.204821017306	0.202867654291	0.202678483025	0.203091461553	0.162815771152	0.16306164934	0.222591372403	0.221636274886	0.22750287006	0.279630703145	0.279510402444	0.246152139836	0.254538698915	0.248030478126	0.249868527505	0.203533105501	0.203103557712	0.192763948254	0.235586757463	0.235707089041	0.212452001194	0.00150905821958	0.00169055908797	0.00155243711644	0.234033291501	0.232536720334	0.236253565289	0.229127691668	0.225699845529	0.224330764118	0.223184483749	0.209092600294	0.20051685438	0.206523025054	0.203184410842
158802708-stool1.snv.filtered.bam	0.275906653239	0.279448715644	0.242533576363	0.242743909437	0.0	0.0170184186541	0.0167308595565	0.273689698652	0.279751281427	0.2744097262	0.252633784715	0.252603668843	0.217827830086	0.247092706472	0.232532887597	0.232406527796	0.249736319917	0.250033409238	0.248288426105	0.229240473478	0.217625236748	0.24964511984	0.247930800073	0.252462491724	0.251985257701	0.246376549349	0.23737100082	0.244201682814	0.220251056183	0.218263280533	0.21947096589	0.237474865951	0.274572734101	0.269820417171	0.245954862273	0.24562301577	0.245924569819	0.201726860987	0.200057699592	0.201752904619	0.251244914508	0.251344447803	0.250941391204	0.249008349655	0.253143525161	0.160353738807	0.14570609384	0.114037599168	0.220514839999	0.217195249108	0.257905356413	0.270291187229	0.208081783459	0.211393087218	0.251842238099	0.251286024006	0.210733889034	0.203364078622	0.208529555712	0.264154524947	0.242562598974	0.243095686384	0.242545990525	0.255844356888	0.227213982605	0.232175818428	0.216618774411	0.268527449939	0.26934186327	0.241615851337	0.239570968361	0.236548037079	0.243551006211	0.251038037339
158802708-stool2.snv.filtered.bam	0.282527875413	0.285937180474	0.25342263783	0.253401912855	0.0170184186541	0.0	0.0176291569049	0.285113270158	0.289988903531	0.285129414529	0.260969782738	0.260721073164	0.230015393806	0.256123682285	0.240629466179	0.240217637184	0.25972252967	0.259595460808	0.256638407403	0.226902682309	0.215920868753	0.257614920053	0.256223078721	0.26698728634	0.266464544131	0.26153092995	0.243748324006	0.250584689872	0.228677469055	0.226935915339	0.228344536681	0.236276018826	0.281155460187	0.276379800281	0.256668503253	0.256319674785	0.256598804576	0.213722979198	0.211054919055	0.212039254233	0.259294470935	0.259313919821	0.25905986726	0.252542991461	0.255669100722	0.17023740837	0.155631594821	0.123378210619	0.226092336395	0.223456568533	0.26243546092	0.273300318061	0.20653813508	0.207975129081	0.259914122158	0.259555150149	0.215461561217	0.207089330227	0.21204230773	0.272049643674	0.253503294624	0.253686856034	0.253393422402	0.265795504881	0.240611828076	0.244563967202	0.230846770955	0.281051410165	0.282564529074	0.257967459206	0.246698825167	0.243149512164	0.251716341613	0.259153843612
158802708-stool3.snv.filtered.bam	0.27163174007	0.275730998855	0.238779085751	0.239489310484	0.0167308595565	0.0176291569049	0.0	0.273710601108	0.279103267249	0.272958758001	0.239562738041	0.239235176459	0.213865383188	0.250318969444	0.223178864906	0.222875832419	0.245793397305	0.246279429293	0.241642966688	0.226713907629	0.215191737044	0.236630404557	0.235519972723	0.249853091849	0.248351943794	0.242723334309	0.228468660309	0.233517337328	0.218703755637	0.216146269684	0.217386981906	0.231360777303	0.269794757965	0.265002776256	0.242314597969	0.241681720235	0.241987619443	0.197235428913	0.195168201412	0.196280852007	0.238603063953	0.238713831657	0.237625998522	0.248624549326	0.251986735601	0.160152104836	0.1470936479	0.110863598157	0.223741089567	0.2192591172	0.255448257701	0.267980832347	0.202646415364	0.205764265387	0.239295745648	0.238838952317	0.203989590052	0.199973563164	0.206502892955	0.250579832747	0.239229070201	0.238935090875	0.238354511423	0.242028672478	0.228547745102	0.233354943244	0.216551348476	0.267040438126	0.267315023547	0.232195016	0.233300898136	0.229434085168	0.232453705146	0.237724037253
158944319-stool1.snv.filtered.bam	0.328567028118	0.332125401394	0.19430949845	0.194422447832	0.273689698652	0.285113270158	0.273710601108	0.0	0.0067441050093	0.00596532202361	0.201080012096	0.206442508866	0.198002419802	0.299900594852	0.196982201016	0.197266919477	0.205422677113	0.205849853915	0.235034500801	0.32733216365	0.317969038836	0.221553369399	0.221372321902	0.246101156576	0.245756992087	0.248369865181	0.263411653984	0.270212761056	0.235749698095	0.234480970926	0.232939709057	0.302601736368	0.328792773493	0.325303342819	0.197293393306	0.197400641448	0.197745834655	0.225896384724	0.226570935059	0.231879330849	0.205490040736	0.20576220175	0.205638135551	0.261343514907	0.262290589792	0.247969362914	0.246667088439	0.255990945453	0.32758098288	0.327359166733	0.312603503557	0.320209498037	0.312833887807	0.31519199051	0.206240071485	0.205898889794	0.258239425756	0.264741843473	0.267549338367	0.220786550741	0.194234162839	0.194756055649	0.194312946704	0.226956518261	0.255082923896	0.259715277581	0.257616719502	0.228027254634	0.227315909584	0.234849565526	0.221434563515	0.216614874588	0.206063779547	0.205733695775
158944319-stool2.snv.filtered.bam	0.326799885368	0.329738240809	0.196960983065	0.197394832147	0.279751281427	0.289988903531	0.279103267249	0.0067441050093	0.0	0.00197335478184	0.202770579538	0.209605382164	0.196117223881	0.294354001738	0.201598485043	0.200799546504	0.202424209534	0.202834280859	0.238891423321	0.325173493793	0.315796475702	0.225862943596	0.224382463824	0.246650965157	0.246026696152	0.24874020886	0.258830136487	0.265795240074	0.235772413846	0.233938588786	0.232608255928	0.306698473821	0.326008864244	0.322433115001	0.199981227439	0.20008804064	0.200362246486	0.225734484369	0.22746392961	0.232172410504	0.208661109061	0.208717195171	0.208241652231	0.264169190773	0.264933042364	0.251676303984	0.251082781428	0.260826651323	0.326529889843	0.326287635465	0.314032066006	0.321272674991	0.310919781229	0.312690187554	0.209509981027	0.20883492999	0.262124813239	0.260142607817	0.262835421135	0.223843539863	0.197447585671	0.197428973492	0.196997971349	0.227761467414	0.252063822451	0.255848410896	0.253265175628	0.230940736296	0.229629424038	0.230810549854	0.226509451777	0.22014849228	0.211942114743	0.208334601519
158944319-stool3.snv.filtered.bam	0.318930622783	0.322354442598	0.198179177868	0.198946996703	0.2744097262	0.285129414529	0.272958758001	0.00596532202361	0.00197335478184	0.0	0.195269456649	0.201260048576	0.189472784842	0.291767572363	0.194433897971	0.193750690487	0.206913036857	0.207419393879	0.232443805549	0.320624763556	0.310713135156	0.218931304864	0.21813928096	0.243701097536	0.242357109332	0.243153072428	0.252214669908	0.259477977574	0.226661458721	0.224244380262	0.222718224661	0.301622737146	0.318937387036	0.315139772059	0.201388629421	0.200952581475	0.201232133953	0.21962879238	0.220887826609	0.224715363481	0.201738626417	0.201828526871	0.200476832867	0.263932974031	0.26417849462	0.246106888745	0.2447577523	0.25477585211	0.321838333606	0.321052791444	0.306602201305	0.313741525591	0.306363095006	0.30803488983	0.202635874318	0.201851381047	0.256059184494	0.257312513312	0.260467929856	0.216479943059	0.198765708551	0.19824166622	0.197752518791	0.223229769163	0.248640247841	0.253033442608	0.249217899165	0.224456288359	0.222533897523	0.226643632971	0.221475703546	0.214810310203	0.203897241838	0.200571594537
159166850-stool1.snv.filtered.bam	0.2932905997	0.298847795788	0.200220272213	0.200486843403	0.252633784715	0.260969782738	0.239562738041	0.201080012096	0.202770579538	0.195269456649	0.0	0.00148692812053	0.154956284933	0.258444384295	0.0443652340273	0.0437450651813	0.194870304104	0.194766584171	0.141461650685	0.277963112195	0.27347353667	0.0480571035931	0.0468401500036	0.189003711108	0.188553277026	0.184314079269	0.233331530306	0.247488263765	0.155358819265	0.153676793408	0.154576604451	0.213889407265	0.292768729763	0.290511799724	0.20334061399	0.203186653042	0.203277172912	0.175886328142	0.176236778203	0.181744686901	0.0017132772659	0.00199260325029	0.00144533325186	0.21367343776	0.213895003482	0.204571516954	0.19651865744	0.21931236709	0.292998190405	0.288771545975	0.261416148901	0.272917888688	0.237088004827	0.239354886461	0.00270089896429	0.00213722440805	0.190190844707	0.20456376422	0.211565008932	0.0311440115817	0.200124601161	0.200286232481	0.200213320956	0.167602268639	0.217892054608	0.225529240581	0.21539765026	0.202859822181	0.201076193412	0.14569754534	0.132554414005	0.128533646855	0.00271164645906	0.00135004070374
159166850-stool2.snv.filtered.bam	0.292212805373	0.298294283663	0.203802926843	0.204402581764	0.252603668843	0.260721073164	0.239235176459	0.206442508866	0.209605382164	0.201260048576	0.00148692812053	0.0	0.157382496631	0.260111140881	0.0431792974188	0.0427532637692	0.198633454416	0.199003541604	0.144210394445	0.277273992845	0.27299244991	0.0515074577393	0.0510570955683	0.193817525871	0.192314423952	0.188300123643	0.236645168453	0.250152644194	0.160728592078	0.157787823426	0.158891389897	0.215170434809	0.29161513466	0.289415850048	0.206725355068	0.206512448005	0.206823849312	0.180440767201	0.181161912746	0.185600763018	0.00152298110927	0.00158611385058	0.000219545030866	0.217158046459	0.217399307326	0.205861905981	0.199071347958	0.219670474051	0.295238636005	0.291530593541	0.259206303435	0.269966600786	0.240980230099	0.243270387301	0.00259982536249	0.00162529541114	0.192827700578	0.209034292738	0.215438265816	0.0302553350823	0.204045056554	0.203821708962	0.203406829674	0.17315511716	0.221545562613	0.229355992082	0.213921468638	0.204787808165	0.202943933604	0.150966187016	0.136386587613	0.133942435994	0.00245527011746	0.000126085031745
159268001-stool1.snv.filtered.bam	0.260935087543	0.264331282086	0.199429020301	0.199616081403	0.217827830086	0.230015393806	0.213865383188	0.198002419802	0.196117223881	0.189472784842	0.154956284933	0.157382496631	0.0	0.23415603214	0.154872962837	0.154305087529	0.199704002267	0.200004449068	0.15852405464	0.226020006736	0.215480683335	0.162129544576	0.161414288603	0.200667627931	0.200320512722	0.193989747401	0.182863937671	0.196083752313	0.12557957151	0.123536214123	0.124164852105	0.220788409561	0.250584851931	0.24604469508	0.202444533733	0.202485226268	0.202820447473	0.162836884644	0.162629768519	0.168765141987	0.156400318776	0.156621414568	0.156292222088	0.201134648215	0.201493593771	0.187773481515	0.18603374367	0.187018760569	0.262732501918	0.260418242056	0.225757062773	0.237863022201	0.201474964665	0.204002592991	0.157423312499	0.156773448995	0.173355783194	0.180412110727	0.184626896923	0.159872754428	0.199558688863	0.199779621263	0.199295885224	0.183987466022	0.187207023726	0.194355930386	0.173975837034	0.189523211816	0.187966282683	0.120432035763	0.168271273855	0.159033276014	0.155880663736	0.15638619844
159369152-stool1.snv.filtered.bam	0.236855080908	0.238601729531	0.252685197683	0.253084605762	0.247092706472	0.256123682285	0.250318969444	0.299900594852	0.294354001738	0.291767572363	0.258444384295	0.260111140881	0.23415603214	0.0	0.238287714001	0.237912761116	0.2585225261	0.258653116783	0.262344270342	0.205637219674	0.206031859904	0.272089699574	0.270516950254	0.238246236176	0.237685203747	0.23341404961	0.143919466138	0.148543917726	0.247111830766	0.24862106189	0.24933301422	0.259132860446	0.242436408573	0.241436882771	0.256220578175	0.25607014924	0.256403230276	0.272376203158	0.271833903065	0.276142836936	0.258771967081	0.258808103303	0.258589144564	0.232649524446	0.233127219971	0.262086855991	0.262358856345	0.262376173216	0.260183849871	0.262917578165	0.246962346391	0.247881193085	0.308917406525	0.310563257335	0.259225044359	0.259031709716	0.237869049436	0.249043007589	0.2503397482	0.285791291341	0.252655495952	0.253133353656	0.252613438289	0.291097141085	0.22622223224	0.226253758753	0.226630695304	0.292343557791	0.293658610853	0.249253153245	0.289868587697	0.281856030968	0.262135177749	0.258690999174
159510762-stool1.snv.filtered.bam	0.287369418318	0.289867342949	0.176943284454	0.176879279273	0.232532887597	0.240629466179	0.223178864906	0.196982201016	0.201598485043	0.194433897971	0.0443652340273	0.0431792974188	0.154872962837	0.238287714001	0.0	0.00279123321027	0.171164643778	0.171546389928	0.16343184793	0.269516049325	0.265459766627	0.0933330962635	0.0924059027414	0.20713524745	0.207215018533	0.203341925603	0.208716854698	0.223482000224	0.168556640606	0.166905060455	0.168127028919	0.2559939299	0.286722488661	0.284626623995	0.179953471739	0.17978801063	0.180110080515	0.167913397149	0.167403472047	0.171785117074	0.042369840154	0.0428023150878	0.042826173416	0.203415008737	0.204236305276	0.186076439631	0.181359542645	0.20259549668	0.270496468056	0.267391807926	0.269959715708	0.281280308881	0.260554601576	0.2629358798	0.0434864975176	0.0429107311409	0.204668719813	0.200326742024	0.207222265535	0.0742724594883	0.176377744955	0.177397059449	0.1769820926	0.182998954734	0.206899408657	0.2178980852	0.199959319093	0.177553919073	0.178589155544	0.17232583688	0.154958368831	0.155582510068	0.0429489959406	0.0428159635001
159510762-stool2.snv.filtered.bam	0.286468547129	0.289510280142	0.178930314981	0.178875745109	0.232406527796	0.240217637184	0.222875832419	0.197266919477	0.200799546504	0.193750690487	0.0437450651813	0.0427532637692	0.154305087529	0.237912761116	0.00279123321027	0.0	0.173348015606	0.173229301096	0.162650121002	0.268655300832	0.264421649595	0.0931796015231	0.0918606609079	0.206429014672	0.206340000335	0.202531650532	0.210860651578	0.225661716047	0.16816805161	0.16646179526	0.167561331986	0.255117780422	0.285974779919	0.283814025989	0.181943413556	0.181917668589	0.182289555069	0.167390086638	0.166881705319	0.171263376548	0.0422962120721	0.0424579613409	0.0424034416604	0.202556219795	0.203424227302	0.18604590486	0.181514373174	0.202209077222	0.270259551309	0.266990605933	0.26971905414	0.280549506441	0.260326666347	0.262236575212	0.0434967080161	0.0427077352871	0.205699727693	0.200262457328	0.206448164098	0.0739727230225	0.178588837937	0.1793339067	0.178971804872	0.182454357125	0.206635992354	0.217103778244	0.198649851121	0.176976030616	0.177968482164	0.170975884451	0.154441492563	0.154813465357	0.0432101687387	0.0423932597169
159551223-stool1.snv.filtered.bam	0.288455281417	0.291468938691	0.0339225154488	0.0338947430413	0.249736319917	0.25972252967	0.245793397305	0.205422677113	0.202424209534	0.206913036857	0.194870304104	0.198633454416	0.199704002267	0.2585225261	0.171164643778	0.173348015606	0.0	0.0016411271659	0.229272628894	0.276507794894	0.266870397382	0.198155601154	0.197211020607	0.14340577243	0.142916151327	0.141743520056	0.179446515179	0.190176711731	0.18693679107	0.185078296647	0.186142380098	0.25729431575	0.287093607307	0.282920716059	0.0368695656016	0.0367971385467	0.037024189281	0.205299198911	0.204740879936	0.209623663596	0.197272481994	0.197305044872	0.197355951915	0.179648900783	0.179969653102	0.23327007915	0.229472869806	0.236102102732	0.285386364265	0.285159156345	0.246299283867	0.25494513972	0.259420106194	0.261572359272	0.197972725345	0.197591303826	0.194823527033	0.229919789501	0.230416625611	0.206173043139	0.0338503980849	0.0341770397016	0.0338654421468	0.216498616045	0.22632261019	0.23063408777	0.222676854263	0.214335063085	0.213348978321	0.217415192984	0.223634209372	0.214743765062	0.200607712648	0.197448901204
159551223-stool2.snv.filtered.bam	0.28868435964	0.291352121744	0.0343347364171	0.0341533159795	0.250033409238	0.259595460808	0.246279429293	0.205849853915	0.202834280859	0.207419393879	0.194766584171	0.199003541604	0.200004449068	0.258653116783	0.171546389928	0.173229301096	0.0016411271659	0.0	0.229053949491	0.276404643847	0.267084295022	0.198362620881	0.197394029866	0.143557906488	0.143303842205	0.142147275916	0.179929910438	0.190754300319	0.186977107084	0.185649499532	0.1867167388	0.256959849339	0.287342521466	0.283158462413	0.0373799002513	0.0371914179226	0.0374155389248	0.205917898986	0.204626408005	0.210404789378	0.197567886884	0.197540733239	0.197839679794	0.179905714056	0.180477823072	0.233823790403	0.22984471699	0.236830182415	0.284974312962	0.284899784099	0.246614551166	0.254662126819	0.259820903067	0.261210262998	0.198144411406	0.197938361829	0.19520303889	0.230073420595	0.230300402425	0.206728472828	0.0341563735559	0.0347005983619	0.0344495402902	0.216990429283	0.227071423031	0.230781652768	0.223285444513	0.215060447013	0.213725757758	0.217842586887	0.224028101616	0.215099914855	0.200862090114	0.197932629083
159571453-stool1.snv.filtered.bam	0.293060960265	0.298268062321	0.213857124126	0.213823555165	0.248288426105	0.256638407403	0.241642966688	0.235034500801	0.238891423321	0.232443805549	0.141461650685	0.144210394445	0.15852405464	0.262344270342	0.16343184793	0.162650121002	0.229272628894	0.229053949491	0.0	0.275568646115	0.265427063271	0.14490084985	0.144314777173	0.193482465882	0.193746471695	0.190318767327	0.233193300628	0.238960822271	0.159965836438	0.158810334748	0.159611398528	0.244228355807	0.299127093546	0.295277160798	0.216027814369	0.216993891926	0.217298683888	0.189820273996	0.190565582124	0.197778245413	0.143052531952	0.14327087411	0.143773110454	0.133797924951	0.135196479641	0.178508520084	0.178776676093	0.19760825873	0.306836589893	0.307493811423	0.255760198647	0.267350041081	0.220652300569	0.222742771245	0.143785894867	0.143487640634	0.202622873556	0.244433263519	0.246935325772	0.15306257013	0.213355219367	0.214285423516	0.213830764645	0.216625279484	0.272036855141	0.277987458129	0.268713108986	0.194450449896	0.193529520196	0.136790756179	0.120951877235	0.109663875034	0.147848000072	0.143866314399
159611913-stool1.snv.filtered.bam	0.162253954705	0.160331496118	0.276353006099	0.27628870583	0.229240473478	0.226902682309	0.226713907629	0.32733216365	0.325173493793	0.320624763556	0.277963112195	0.277273992845	0.226020006736	0.205637219674	0.269516049325	0.268655300832	0.276507794894	0.276404643847	0.275568646115	0.0	0.00256012520103	0.266536551453	0.264663579509	0.222585167609	0.221570947887	0.223207128081	0.270845663387	0.27213870189	0.25480981852	0.250395527442	0.252063441889	0.162956057256	0.15873654804	0.160508257082	0.279442863195	0.279293228794	0.279551000058	0.270665949291	0.267809727122	0.268311106766	0.276077691043	0.275899937884	0.275830313175	0.258529883715	0.259314174108	0.2531013145	0.258099035398	0.253682907463	0.157782446449	0.159619618254	0.141908920864	0.139577756413	0.237305861792	0.238748650704	0.276508924624	0.276241968059	0.223825507454	0.202007990098	0.200223546773	0.278379814403	0.276336693737	0.276622793977	0.276248033554	0.303298335117	0.220562287166	0.219296660788	0.219079531629	0.29076273388	0.287095555014	0.26957118807	0.299706286942	0.283426150427	0.275835039045	0.275923262463
159611913-stool2.snv.filtered.bam	0.155981385078	0.154421591038	0.266644129522	0.266848765646	0.217625236748	0.215920868753	0.215191737044	0.317969038836	0.315796475702	0.310713135156	0.27347353667	0.27299244991	0.215480683335	0.206031859904	0.265459766627	0.264421649595	0.266870397382	0.267084295022	0.265427063271	0.00256012520103	0.0	0.262063530937	0.260782379635	0.21244068437	0.211288051284	0.212511259931	0.260427442496	0.261695831192	0.244191405668	0.23965028961	0.241281366793	0.164923596286	0.151949510817	0.153566046216	0.269905965892	0.269546963059	0.269829778075	0.260867577764	0.258276036843	0.257849899315	0.272156327975	0.271857807485	0.27151292252	0.248641669026	0.249053018754	0.242294797816	0.246919971328	0.243324735403	0.15499407709	0.156483678529	0.142245911374	0.139922255879	0.226110726096	0.227817396739	0.272765016006	0.272374108834	0.213003928504	0.191269677465	0.190026585878	0.274154636087	0.266941337929	0.266877538133	0.266348787276	0.293112820283	0.215468972711	0.21457986724	0.214524913659	0.28135628475	0.277315802965	0.259329081626	0.289319319954	0.272849942009	0.271715653679	0.271607159195
160158126-stool1.snv.filtered.bam	0.287111301261	0.292980755567	0.203780453491	0.203696857167	0.24964511984	0.257614920053	0.236630404557	0.221553369399	0.225862943596	0.218931304864	0.0480571035931	0.0515074577393	0.162129544576	0.272089699574	0.0933330962635	0.0931796015231	0.198155601154	0.198362620881	0.14490084985	0.266536551453	0.262063530937	0.0	0.00331534222957	0.193424896452	0.192421537931	0.188375073283	0.230886933986	0.244564825205	0.176754462114	0.174603266398	0.17561226404	0.215876664521	0.286007680972	0.281361369861	0.206250285988	0.206474956654	0.206563492526	0.180901298936	0.181637589487	0.181209456736	0.0516009326292	0.0517573978787	0.051167441911	0.188994458613	0.188841681554	0.196443846249	0.193880096288	0.21181366119	0.295518400123	0.2910371344	0.250241508882	0.260587984301	0.216904945443	0.219706477569	0.0523506239784	0.0520828698289	0.190531221559	0.19713032917	0.203949704457	0.0169668228424	0.203605202232	0.203624365564	0.203566793489	0.121133961775	0.215569826659	0.224030108134	0.211421068206	0.20361877112	0.202237616885	0.172947713738	0.151477626036	0.14874969814	0.0441782560648	0.0512606458554
160158126-stool2.snv.filtered.bam	0.285354530453	0.290847499725	0.202282281922	0.202423229082	0.247930800073	0.256223078721	0.235519972723	0.221372321902	0.224382463824	0.21813928096	0.0468401500036	0.0510570955683	0.161414288603	0.270516950254	0.0924059027414	0.0918606609079	0.197211020607	0.197394029866	0.144314777173	0.264663579509	0.260782379635	0.00331534222957	0.0	0.192226010586	0.191817769623	0.187774151576	0.229774426997	0.243406564788	0.175614063887	0.173890786074	0.17495815933	0.213629983207	0.284899413644	0.279759412979	0.205332302883	0.205498425354	0.205808125016	0.179256555579	0.180793128696	0.180108243616	0.0507885881051	0.0508481414012	0.0506322203709	0.187887732787	0.188394823444	0.195056459613	0.192339299948	0.210432766993	0.293219256856	0.29019501133	0.248351343004	0.25967823902	0.216196167845	0.218588571656	0.0513987709582	0.0508366760962	0.18913439618	0.196706095042	0.202864570708	0.0166721076734	0.202097712282	0.202845793151	0.202560957523	0.120841390033	0.214334487726	0.222014491726	0.210059282745	0.203210888202	0.20227480599	0.172978745704	0.150629322999	0.148179576171	0.0438085914578	0.0507193390142
160319967-stool1.snv.filtered.bam	0.264390463187	0.269988492566	0.154623681788	0.154178328498	0.252462491724	0.26698728634	0.249853091849	0.246101156576	0.246650965157	0.243701097536	0.189003711108	0.193817525871	0.200667627931	0.238246236176	0.20713524745	0.206429014672	0.14340577243	0.143557906488	0.193482465882	0.222585167609	0.21244068437	0.193424896452	0.192226010586	0.0	0.00218019929357	0.00351640799708	0.202372653058	0.211455363777	0.192145408583	0.188281690174	0.189457113658	0.257311017003	0.268268301905	0.263869065135	0.157481046744	0.157428301358	0.157590573137	0.24140628357	0.23827821388	0.245292684814	0.192027537569	0.19220166321	0.192540068376	0.227921699453	0.228664997661	0.243394820937	0.246064424402	0.254745959693	0.252798757213	0.25340297821	0.18376896995	0.194596268243	0.205749182386	0.207764185468	0.192439851557	0.192206701813	0.215494323732	0.191205571257	0.192314379483	0.200937694204	0.15409662743	0.154984897947	0.154550978422	0.234737013343	0.235705047438	0.233834956705	0.226610155026	0.231425830063	0.230210531805	0.17929531903	0.221017009673	0.206496977117	0.194676105045	0.192633017665
160319967-stool2.snv.filtered.bam	0.262966603416	0.269511076239	0.153422602717	0.153977305892	0.251985257701	0.266464544131	0.248351943794	0.245756992087	0.246026696152	0.242357109332	0.188553277026	0.192314423952	0.200320512722	0.237685203747	0.207215018533	0.206340000335	0.142916151327	0.143303842205	0.193746471695	0.221570947887	0.211288051284	0.192421537931	0.191817769623	0.00218019929357	0.0	0.00170061495089	0.201152298308	0.210316158782	0.192336716352	0.186868270813	0.188035885351	0.257095080761	0.266720308517	0.26225511765	0.156692013897	0.156090345773	0.156360347506	0.241446685646	0.238443706952	0.243979776731	0.192035162203	0.192048593123	0.191045180129	0.227430509206	0.227541754123	0.242868703025	0.245420570389	0.253428004625	0.252658706708	0.25232950151	0.183958509861	0.193823557044	0.205427323226	0.207391742777	0.192750433363	0.192254326325	0.214646482472	0.19069286341	0.192182370062	0.199985059627	0.153984536601	0.153399563206	0.152914960243	0.233156514283	0.234929279659	0.233312362927	0.224788934317	0.231096688779	0.229244807901	0.177724032646	0.220169389469	0.205058811336	0.194637688139	0.191138129418
160319967-stool3.snv.filtered.bam	0.259350234947	0.266066010101	0.15247908239	0.153041468433	0.246376549349	0.26153092995	0.242723334309	0.248369865181	0.24874020886	0.243153072428	0.184314079269	0.188300123643	0.193989747401	0.23341404961	0.203341925603	0.202531650532	0.141743520056	0.142147275916	0.190318767327	0.223207128081	0.212511259931	0.188375073283	0.187774151576	0.00351640799708	0.00170061495089	0.0	0.192750744958	0.202519540702	0.183325668815	0.177663739409	0.178796141089	0.254923620391	0.26451633435	0.259911741677	0.155793776272	0.155183774795	0.155457516164	0.235471103622	0.232307821943	0.238011106436	0.188039233893	0.188052850837	0.187035540156	0.221919748819	0.222016715535	0.238341775558	0.240908136729	0.248393569668	0.254366145499	0.253937294422	0.184506625532	0.194750793735	0.202604770874	0.204544105591	0.188764411856	0.188261433529	0.207710185048	0.188445307114	0.190282259705	0.195716919246	0.152928360895	0.152455723772	0.151964408856	0.229449258687	0.232242776153	0.230944613356	0.221787036954	0.22899576107	0.227106278907	0.173426074321	0.216373420309	0.20117439731	0.190395796477	0.187129776831
160421117-stool2.snv.filtered.bam	0.27730891763	0.281017833987	0.179049708361	0.179703533564	0.23737100082	0.243748324006	0.228468660309	0.263411653984	0.258830136487	0.252214669908	0.233331530306	0.236645168453	0.182863937671	0.143919466138	0.208716854698	0.210860651578	0.179446515179	0.179929910438	0.233193300628	0.270845663387	0.260427442496	0.230886933986	0.229774426997	0.202372653058	0.201152298308	0.192750744958	0.0	0.001792699633	0.196875420927	0.197127356908	0.198332656926	0.268310564312	0.275561352301	0.267867343425	0.182254382887	0.181871559738	0.182191240962	0.215058092619	0.214408786465	0.216452059398	0.236152485082	0.236057801511	0.235055499694	0.212299704146	0.209874001996	0.252074861377	0.243483073136	0.252334110933	0.306528711887	0.304786872781	0.234205488723	0.242694010484	0.228327771551	0.230161342746	0.236889349847	0.236356796903	0.157555438223	0.198619162162	0.199907089769	0.246195597715	0.179536548628	0.179111917439	0.178553911871	0.238888888889	0.211981772344	0.212304510004	0.198968512486	0.242806132777	0.24051117075	0.233918128655	0.221439135734	0.213946695874	0.244439591723	0.235153256705
160421117-stool3.snv.filtered.bam	0.284003652502	0.287671206851	0.183885952005	0.184623845643	0.244201682814	0.250584689872	0.233517337328	0.270212761056	0.265795240074	0.259477977574	0.247488263765	0.250152644194	0.196083752313	0.148543917726	0.223482000224	0.225661716047	0.190176711731	0.190754300319	0.238960822271	0.27213870189	0.261695831192	0.244564825205	0.243406564788	0.211455363777	0.210316158782	0.202519540702	0.001792699633	0.0	0.211375525768	0.211535265405	0.212777391521	0.273261648092	0.282381853072	0.275075487604	0.187063115382	0.186606185466	0.186914354624	0.223837628468	0.223381544469	0.225308224044	0.249602869222	0.249536246124	0.248545387463	0.216660891346	0.214087049747	0.257960181517	0.246902361659	0.256856105569	0.303334055759	0.302542697766	0.237492151534	0.246202492374	0.233839437577	0.235577625231	0.250294354091	0.249770664784	0.163696741358	0.201644884894	0.201290208769	0.258967419497	0.184410505036	0.183960577392	0.183408009682	0.246578633042	0.22325105364	0.222397794225	0.212577096095	0.258343074406	0.256174495242	0.247379516709	0.224827043858	0.218044336281	0.259253526085	0.248639624138
160502038-stool1.snv.filtered.bam	0.283362125773	0.285846189265	0.181458146592	0.181329926463	0.220251056183	0.228677469055	0.218703755637	0.235749698095	0.235772413846	0.226661458721	0.155358819265	0.160728592078	0.12557957151	0.247111830766	0.168556640606	0.16816805161	0.18693679107	0.186977107084	0.159965836438	0.25480981852	0.244191405668	0.176754462114	0.175614063887	0.192145408583	0.192336716352	0.183325668815	0.196875420927	0.211375525768	0.0	0.00209495062365	0.00215090047723	0.230384366607	0.279046144345	0.274640502106	0.184553069213	0.184523336509	0.184854894094	0.163186938647	0.15988192722	0.166635368541	0.159224899023	0.159590981336	0.159631948429	0.191285467799	0.19738512059	0.197699583161	0.19231271422	0.19110593499	0.294069346002	0.29217576781	0.254664910398	0.266325271323	0.216797271991	0.218626711096	0.160285046533	0.159666559442	0.175991446546	0.225044053203	0.230820415872	0.183632082922	0.181132791835	0.181890379136	0.181368851652	0.205297023517	0.221014531461	0.230831529281	0.213730438544	0.198383018026	0.197318779941	0.157079257882	0.188831373484	0.171690431973	0.156625494469	0.159724897718
160502038-stool2.snv.filtered.bam	0.278543937102	0.282309785995	0.179221710177	0.179862482631	0.218263280533	0.226935915339	0.216146269684	0.234480970926	0.233938588786	0.224244380262	0.153676793408	0.157787823426	0.123536214123	0.24862106189	0.166905060455	0.16646179526	0.185078296647	0.185649499532	0.158810334748	0.250395527442	0.23965028961	0.174603266398	0.173890786074	0.188281690174	0.186868270813	0.177663739409	0.197127356908	0.211535265405	0.00209495062365	0.0	0.0007183662201	0.228854206929	0.274069341695	0.269624664635	0.182597709682	0.181949668359	0.182283047688	0.162053051077	0.160251219158	0.165557289799	0.157698929162	0.157752740792	0.156701312332	0.189058364939	0.194774896558	0.196048945886	0.190228067242	0.1888662914	0.289695171167	0.28709145554	0.250546509518	0.26176377333	0.215369941507	0.217456847944	0.158732231791	0.157928999542	0.173959795033	0.21993492838	0.226451196381	0.181452814705	0.179592431238	0.179309337623	0.178777851167	0.202415617376	0.218797990099	0.229085250474	0.210622521923	0.199334208588	0.197479673706	0.153924701565	0.186457559178	0.16867218115	0.154996188592	0.156794772332
160502038-stool3.snv.filtered.bam	0.280336967764	0.284103812709	0.180186589111	0.180685641505	0.21947096589	0.228344536681	0.217386981906	0.232939709057	0.232608255928	0.222718224661	0.154576604451	0.158891389897	0.124164852105	0.24933301422	0.168127028919	0.167561331986	0.186142380098	0.1867167388	0.159611398528	0.252063441889	0.241281366793	0.17561226404	0.17495815933	0.189457113658	0.188035885351	0.178796141089	0.198332656926	0.212777391521	0.00215090047723	0.0007183662201	0.0	0.230493628892	0.275928485358	0.270638023073	0.183560392013	0.18290877035	0.183243991555	0.162827579571	0.161060491078	0.166592067297	0.158795907451	0.158850016384	0.157792778927	0.190184893151	0.19593751555	0.197057218899	0.191246704356	0.189806841313	0.291428241211	0.28881967519	0.251908655593	0.263158419009	0.216549008804	0.218789821703	0.159732186444	0.158957683778	0.175152851916	0.221299454943	0.227907895109	0.182027359823	0.18053850982	0.180275951599	0.179719429307	0.202920884263	0.21765787004	0.227994701771	0.211749849782	0.197331706224	0.195402116067	0.154229040101	0.187408768226	0.169459773705	0.156108104698	0.15788675528
160603188-stool1.snv.filtered.bam	0.241188458948	0.247606406586	0.257252816101	0.257227499033	0.237474865951	0.236276018826	0.231360777303	0.302601736368	0.306698473821	0.301622737146	0.213889407265	0.215170434809	0.220788409561	0.259132860446	0.2559939299	0.255117780422	0.25729431575	0.256959849339	0.244228355807	0.162956057256	0.164923596286	0.215876664521	0.213629983207	0.257311017003	0.257095080761	0.254923620391	0.268310564312	0.273261648092	0.230384366607	0.228854206929	0.230493628892	0.0	0.240016012171	0.242940818493	0.260484793904	0.260243587262	0.260528560766	0.243844201295	0.243137879767	0.247445724481	0.213929206346	0.213723341702	0.213934042974	0.286719831486	0.281838848376	0.284084738176	0.28133092277	0.255558508614	0.236245639843	0.235411034869	0.201752929975	0.196937010495	0.233731133239	0.235631932489	0.214316160042	0.213906517321	0.130021236645	0.24958236522	0.251648824565	0.221385118078	0.2572144734	0.257594370072	0.257473259519	0.265986487168	0.226956223258	0.230576586059	0.226222041546	0.299348849583	0.295422127731	0.23950808063	0.244199066013	0.24064060277	0.212762063258	0.214026992262
370425937-stool1.snv.filtered.bam	0.0161502726742	0.0159924349127	0.286766798895	0.287152524858	0.274572734101	0.281155460187	0.269794757965	0.328792773493	0.326008864244	0.318937387036	0.292768729763	0.29161513466	0.250584851931	0.242436408573	0.286722488661	0.285974779919	0.287093607307	0.287342521466	0.299127093546	0.15873654804	0.151949510817	0.286007680972	0.284899413644	0.268268301905	0.266720308517	0.26451633435	0.275561352301	0.282381853072	0.279046144345	0.274069341695	0.275928485358	0.240016012171	0.0	0.000767656920853	0.290104352169	0.28960029925	0.289916421451	0.279012574325	0.276928712233	0.280591348108	0.29059358343	0.290337100837	0.289957205778	0.295210530986	0.298339877489	0.28311322338	0.288787220193	0.281636657269	0.210164668075	0.211530252388	0.194209697671	0.199704775625	0.273568776629	0.272110494341	0.291374521764	0.29096674767	0.253704676907	0.253645831693	0.256540151954	0.299697919438	0.287229578173	0.28690063524	0.286357205268	0.305981442675	0.254257986179	0.252227705818	0.259147760327	0.318761348062	0.314897126035	0.280077498471	0.302595023132	0.285795013289	0.294518894978	0.290052766002
