	158479027-stool1.snv.filtered.bam	158479027-stool2.snv.filtered.bam	158883629-stool1.snv.filtered.bam	158883629-stool2.snv.filtered.bam	158883629-stool3.snv.filtered.bam	159207311-stool2.snv.filtered.bam	159369152-stool1.snv.filtered.bam	159510762-stool2.snv.filtered.bam	159591683-stool1.snv.filtered.bam	159591683-stool2.snv.filtered.bam	159753524-stool2.snv.filtered.bam	159753524-stool3.snv.filtered.bam	159814214-stool2.snv.filtered.bam	160380657-stool1.snv.filtered.bam	160380657-stool2.snv.filtered.bam	160502038-stool1.snv.filtered.bam	160502038-stool2.snv.filtered.bam	160502038-stool3.snv.filtered.bam	246515023-stool1.snv.filtered.bam	246515023-stool2.snv.filtered.bam	763577454-stool1.snv.filtered.bam	763759525-stool1.snv.filtered.bam	763759525-stool2.snv.filtered.bam	763820215-stool2.snv.filtered.bam	763820215-stool3.snv.filtered.bam	763840445-stool2.snv.filtered.bam	764285508-stool1.snv.filtered.bam	764305738-stool1.snv.filtered.bam	764305738-stool2.snv.filtered.bam	764325968-stool1.snv.filtered.bam	764325968-stool2.snv.filtered.bam	764669880-stool1.snv.filtered.bam	764669880-stool2.snv.filtered.bam	765013792-stool1.snv.filtered.bam	765034022-stool1.snv.filtered.bam	765034022-stool2.snv.filtered.bam	765135172-stool1.snv.filtered.bam	765135172-stool3.snv.filtered.bam
158479027-stool1.snv.filtered.bam	0.0	0.00129924048889	0.20308622609	0.202564404646	0.190519786617	0.227569658576	0.214501870112	0.192004838951	0.191340817711	0.191996173099	0.294450262892	0.298409139219	0.26606637712	0.250632670026	0.244359812403	0.169549298524	0.169121456817	0.169572740121	0.24406482589	0.248619671031	0.178879310345	0.153637889791	0.147538864887	0.196690329982	0.190368922135	0.277486869714	0.14007736214	0.157974340479	0.157753239814	0.197554522579	0.203710224204	0.152766123159	0.152237749032	0.182451449479	0.244354616256	0.243584062627	0.236614414147	0.235266422953
158479027-stool2.snv.filtered.bam	0.00129924048889	0.0	0.202964080479	0.202707322925	0.190265808546	0.227141394888	0.21377353688	0.191956775719	0.191763997907	0.191849075275	0.293819563271	0.298105811367	0.266276897536	0.250714911738	0.244442054116	0.17002309056	0.169525676376	0.16997695968	0.243548981478	0.248941759145	0.179577530867	0.15395516446	0.148522604717	0.196785922962	0.190122284472	0.277349338853	0.139587042474	0.158057532751	0.158029319858	0.198362920955	0.203364622698	0.152256326039	0.152981879837	0.181909972805	0.244307415181	0.243665839697	0.236575346563	0.235025359022
158883629-stool1.snv.filtered.bam	0.20308622609	0.202964080479	0.0	0.000849220472351	0.231899787058	0.250680859013	0.260887599286	0.214053191342	0.0124654093331	0.0119294910268	0.339215607806	0.343344779833	0.26620690547	0.318890268892	0.312695046117	0.192422711561	0.191833530778	0.191987194563	0.272130308097	0.271256997081	0.271347063652	0.219264793616	0.21590164372	0.250324700184	0.225298108061	0.294702073644	0.19266418288	0.236242653862	0.236203895214	0.00117179565862	0.00127484102872	0.196931531903	0.197753192648	0.204852464605	0.312082965076	0.311359415944	0.25908641035	0.257721216212
158883629-stool2.snv.filtered.bam	0.202564404646	0.202707322925	0.000849220472351	0.0	0.231281143029	0.250541094581	0.260390985535	0.214438282836	0.0123770783948	0.0122858947648	0.338874045115	0.343210497216	0.26565226076	0.318146182393	0.311950959618	0.19270681424	0.191249642031	0.191551112601	0.272126285937	0.270958530403	0.271157839236	0.219104758794	0.215654480859	0.2499308063	0.224697343917	0.294602332991	0.192047228234	0.236036037075	0.236511688338	0.000826382182317	0.00129765678862	0.19713550885	0.197498782892	0.205011466525	0.311899039567	0.310882310882	0.259061514628	0.257519626164
158883629-stool3.snv.filtered.bam	0.190519786617	0.190265808546	0.231899787058	0.231281143029	0.0	0.227938289395	0.183559535244	0.209389030592	0.231780155997	0.231934271607	0.282402513644	0.286813930187	0.269347082568	0.239705807981	0.233356454847	0.222537602339	0.220941411028	0.221592089215	0.280630469878	0.279532959449	0.154825813801	0.191888223069	0.186357504411	0.00947783464946	0.00947026069779	0.270970681561	0.12952458877	0.179141990104	0.179436326289	0.226847697948	0.232495166133	0.166995714167	0.167380937776	0.199436116621	0.23353722769	0.232476676946	0.221333990953	0.21938381505
159207311-stool2.snv.filtered.bam	0.227569658576	0.227141394888	0.250680859013	0.250541094581	0.227938289395	0.0	0.240421749565	0.239173569503	0.262018533712	0.262172400656	0.246445352129	0.244927864665	0.188742512746	0.242397388338	0.235961922975	0.273784972369	0.273689857725	0.273994754097	0.24182046298	0.239033032213	0.221985038233	0.258030341074	0.252761746634	0.246172482969	0.239763854828	0.212139959462	0.212332952554	0.216749119738	0.21649684947	0.2462061547	0.251182727267	0.233784635655	0.23391833441	0.230584455167	0.234888336359	0.235315284178	0.273767962298	0.278331157194
159369152-stool1.snv.filtered.bam	0.214501870112	0.21377353688	0.260887599286	0.260390985535	0.183559535244	0.240421749565	0.0	0.220410636809	0.260539958699	0.261052672822	0.291330656991	0.295475027624	0.256366713833	0.24019365281	0.240401386764	0.210040412022	0.208122567723	0.209304086536	0.26934325695	0.27198812518	0.231561085973	0.232346033009	0.228041875665	0.190796742482	0.188905325444	0.266557166816	0.166759031199	0.179506979074	0.179797241657	0.260554763156	0.260991886584	0.180098459385	0.180388109001	0.211126500462	0.2388481849	0.244799741602	0.25537772659	0.253682170543
159510762-stool2.snv.filtered.bam	0.192004838951	0.191956775719	0.214053191342	0.214438282836	0.209389030592	0.239173569503	0.220410636809	0.0	0.214230459647	0.214091004723	0.249549581426	0.253384394133	0.232520087718	0.25131633699	0.245518047705	0.22522720706	0.225783166495	0.226247476994	0.221600344706	0.225779001655	0.202958986766	0.17556128201	0.170531624639	0.207776681221	0.208084354679	0.260717994866	0.169566993759	0.203128198077	0.20304712181	0.215496001795	0.214479454835	0.208184780778	0.208809201145	0.00745478672285	0.244044964859	0.249913584579	0.191806840375	0.190434614083
159591683-stool1.snv.filtered.bam	0.191340817711	0.191763997907	0.0124654093331	0.0123770783948	0.231780155997	0.262018533712	0.260539958699	0.214230459647	0.0	0.00131688151543	0.339775975586	0.343376361797	0.266164555541	0.318776075606	0.312580852831	0.18136079534	0.181002973083	0.181304443653	0.272721950077	0.270660150887	0.271269126575	0.219327099189	0.215699361861	0.250185349803	0.225181934545	0.294458223803	0.19266524496	0.23614717494	0.236402737373	0.0124801349645	0.0131967079461	0.18589520099	0.186151401766	0.205584583767	0.311522942856	0.311508645377	0.259388845079	0.258238905483
159591683-stool2.snv.filtered.bam	0.191996173099	0.191849075275	0.0119294910268	0.0122858947648	0.231934271607	0.262172400656	0.261052672822	0.214091004723	0.00131688151543	0.0	0.339256111471	0.343330456859	0.266152341773	0.319064508843	0.312869286068	0.18120305699	0.180819943004	0.181172719306	0.272390835962	0.271141930405	0.271411040374	0.219465983916	0.215896784901	0.250436024579	0.225420524359	0.294405182997	0.192816195265	0.236570674293	0.236602312322	0.0125780165681	0.012750503224	0.18574663901	0.186584591311	0.205030009748	0.312222735922	0.311795449048	0.259233458567	0.258091096439
159753524-stool2.snv.filtered.bam	0.294450262892	0.293819563271	0.339215607806	0.338874045115	0.282402513644	0.246445352129	0.291330656991	0.249549581426	0.339775975586	0.339256111471	0.0	0.000951434997793	0.211125010431	0.229207996558	0.217745708707	0.317286895221	0.316627473027	0.317467871789	0.22903393004	0.232911404851	0.237026991563	0.312698270372	0.308136793278	0.284632185926	0.285952750015	0.228240752678	0.257855881644	0.305759785754	0.305799584037	0.33594872518	0.339789397607	0.300074395127	0.300655456834	0.245678620437	0.223444162313	0.222241071353	0.272010987846	0.276376172363
159753524-stool3.snv.filtered.bam	0.298409139219	0.298105811367	0.343344779833	0.343210497216	0.286813930187	0.244927864665	0.295475027624	0.253384394133	0.343376361797	0.343330456859	0.000951434997793	0.0	0.210144596742	0.22803931756	0.216642156345	0.320479589845	0.320598782128	0.321434459548	0.228273698977	0.231261140204	0.236794384026	0.31607698081	0.311874542945	0.288932145601	0.290216147372	0.226834415069	0.262077164498	0.309416896792	0.309463713339	0.339971109426	0.344085017791	0.303761967422	0.304414237887	0.250564265845	0.221786932717	0.22111835622	0.276261761499	0.280952421532
159814214-stool2.snv.filtered.bam	0.26606637712	0.266276897536	0.26620690547	0.26565226076	0.269347082568	0.188742512746	0.256366713833	0.232520087718	0.266164555541	0.266152341773	0.211125010431	0.210144596742	0.0	0.210921837862	0.212295691162	0.28923785359	0.288643336515	0.288946510309	0.200451702822	0.198594092806	0.23784578138	0.250402163955	0.250776700362	0.285812041385	0.279985245155	0.228125617789	0.210601701001	0.232262405423	0.232061917013	0.26191905843	0.266957248943	0.260372266767	0.260263194647	0.223343392832	0.204113845826	0.205424343118	0.288643134264	0.287589747159
160380657-stool1.snv.filtered.bam	0.250632670026	0.250714911738	0.318890268892	0.318146182393	0.239705807981	0.242397388338	0.24019365281	0.25131633699	0.318776075606	0.319064508843	0.229207996558	0.22803931756	0.210921837862	0.0	0.000813276456953	0.296941552825	0.2956757097	0.296341221219	0.201348174184	0.205922518657	0.243970740809	0.257453610704	0.258264669971	0.24616727092	0.256714120646	0.26986586208	0.188747112669	0.205021157422	0.205219010115	0.314566220894	0.319458585281	0.256378380243	0.256706008452	0.247730792955	0.00828042668861	0.00633189686131	0.261705604982	0.266036845507
160380657-stool2.snv.filtered.bam	0.244359812403	0.244442054116	0.312695046117	0.311950959618	0.233356454847	0.235961922975	0.240401386764	0.245518047705	0.312580852831	0.312869286068	0.217745708707	0.216642156345	0.212295691162	0.000813276456953	0.0	0.29074633005	0.289480486925	0.290145998444	0.206728729495	0.211241931295	0.239226311181	0.262711501744	0.262055148113	0.239855937865	0.250550421113	0.264027871192	0.191975986975	0.210306721902	0.210504574595	0.308335596846	0.313263362506	0.25027263492	0.250510785678	0.241647275984	0.00853607091633	0.0062394724854	0.267124069145	0.271486272323
160502038-stool1.snv.filtered.bam	0.169549298524	0.17002309056	0.192422711561	0.19270681424	0.222537602339	0.273784972369	0.210040412022	0.22522720706	0.18136079534	0.18120305699	0.317286895221	0.320479589845	0.28923785359	0.296941552825	0.29074633005	0.0	0.00207399011946	0.00271899678678	0.28965650149	0.293398835954	0.197175609001	0.187376265813	0.181966278825	0.221506683663	0.232043848564	0.27198412759	0.164542279176	0.180920787773	0.180917126296	0.19326382759	0.19270465796	0.164416974136	0.164588545233	0.21685431389	0.289562542011	0.289797481481	0.260001628677	0.258770192976
160502038-stool2.snv.filtered.bam	0.169121456817	0.169525676376	0.191833530778	0.191249642031	0.220941411028	0.273689857725	0.208122567723	0.225783166495	0.181002973083	0.180819943004	0.316627473027	0.320598782128	0.288643336515	0.2956757097	0.289480486925	0.00207399011946	0.0	0.00114833008221	0.289439668246	0.293695357854	0.196549619575	0.187266947401	0.182022589821	0.220452520968	0.230582718362	0.27242257205	0.163251619433	0.180100566483	0.180398152482	0.192490224915	0.191946023387	0.163898389761	0.163892995134	0.216297965089	0.289555518697	0.288538790013	0.258907589417	0.25727987316
160502038-stool3.snv.filtered.bam	0.169572740121	0.16997695968	0.191987194563	0.191551112601	0.221592089215	0.273994754097	0.209304086536	0.226247476994	0.181304443653	0.181172719306	0.317467871789	0.321434459548	0.288946510309	0.296341221219	0.290145998444	0.00271899678678	0.00114833008221	0.0	0.289207351553	0.294190551788	0.197024603878	0.186907479438	0.182325763615	0.221099348989	0.231214590821	0.272920563689	0.163718645179	0.180714689716	0.180624828989	0.192793398708	0.192247493957	0.164362700259	0.164357305632	0.216767551843	0.290217270264	0.288572795189	0.258963319731	0.256631222388
246515023-stool1.snv.filtered.bam	0.24406482589	0.243548981478	0.272130308097	0.272126285937	0.280630469878	0.24182046298	0.26934325695	0.221600344706	0.272721950077	0.272390835962	0.22903393004	0.228273698977	0.200451702822	0.201348174184	0.206728729495	0.28965650149	0.289439668246	0.289207351553	0.0	0.00286451843591	0.234156126751	0.239355017905	0.240398791095	0.28758167954	0.278387772898	0.264014455661	0.229659880571	0.244074971041	0.243919070686	0.268648393967	0.272791055026	0.238785053178	0.23961008945	0.211746863496	0.196296683313	0.194329696791	0.244477852943	0.240043982505
246515023-stool2.snv.filtered.bam	0.248619671031	0.248941759145	0.271256997081	0.270958530403	0.279532959449	0.239033032213	0.27198812518	0.225779001655	0.270660150887	0.271141930405	0.232911404851	0.231261140204	0.198594092806	0.205922518657	0.211241931295	0.293398835954	0.293695357854	0.294190551788	0.00286451843591	0.0	0.236035184636	0.243799679663	0.244291798138	0.290369166869	0.277334945989	0.265527889974	0.23296199359	0.248152545145	0.248157708844	0.266948367407	0.271443411429	0.242640430678	0.242498604027	0.217153847926	0.199605344066	0.199271375535	0.248227358895	0.247173892596
763577454-stool1.snv.filtered.bam	0.178879310345	0.179577530867	0.271347063652	0.271157839236	0.154825813801	0.221985038233	0.231561085973	0.202958986766	0.271269126575	0.271411040374	0.237026991563	0.236794384026	0.23784578138	0.243970740809	0.239226311181	0.197175609001	0.196549619575	0.197024603878	0.234156126751	0.236035184636	0.0	0.152141059671	0.145212323851	0.151983436813	0.160111381831	0.249556844865	0.173507980779	0.179244430513	0.179312363631	0.266282892558	0.271653866952	0.151051688441	0.150427009884	0.193235204118	0.237387047989	0.238377913786	0.202622032883	0.20096622464
763759525-stool1.snv.filtered.bam	0.153637889791	0.15395516446	0.219264793616	0.219104758794	0.191888223069	0.258030341074	0.232346033009	0.17556128201	0.219327099189	0.219465983916	0.312698270372	0.31607698081	0.250402163955	0.257453610704	0.262711501744	0.187376265813	0.187266947401	0.186907479438	0.239355017905	0.243799679663	0.152141059671	0.0	0.00234648861959	0.191166653243	0.190872044569	0.279193591959	0.169653177146	0.15342320185	0.153372613171	0.220502715218	0.220250578352	0.14819738716	0.148010470284	0.166712229729	0.250395288113	0.249904888688	0.153191500906	0.15115484253
763759525-stool2.snv.filtered.bam	0.147538864887	0.148522604717	0.21590164372	0.215654480859	0.186357504411	0.252761746634	0.228041875665	0.170531624639	0.215699361861	0.215896784901	0.308136793278	0.311874542945	0.250776700362	0.258264669971	0.262055148113	0.181966278825	0.182022589821	0.182325763615	0.240398791095	0.244291798138	0.145212323851	0.00234648861959	0.0	0.184964280359	0.186326759386	0.273958905117	0.169812124262	0.153637354182	0.153677033522	0.216229088054	0.216806773974	0.14282119631	0.141602705112	0.161290481105	0.249824736588	0.251299762329	0.154055565134	0.15202577243
763820215-stool2.snv.filtered.bam	0.196690329982	0.196785922962	0.250324700184	0.2499308063	0.00947783464946	0.246172482969	0.190796742482	0.207776681221	0.250185349803	0.250436024579	0.284632185926	0.288932145601	0.285812041385	0.24616727092	0.239855937865	0.221506683663	0.220452520968	0.221099348989	0.28758167954	0.290369166869	0.151983436813	0.191166653243	0.184964280359	0.0	0.00222966931086	0.280519200133	0.136657352918	0.183790142616	0.183898974442	0.245209590604	0.250699337704	0.167638786643	0.16754127391	0.198030389962	0.238935916807	0.238942709337	0.219709663325	0.217867719512
763820215-stool3.snv.filtered.bam	0.190368922135	0.190122284472	0.225298108061	0.224697343917	0.00947026069779	0.239763854828	0.188905325444	0.208084354679	0.225181934545	0.225420524359	0.285952750015	0.290216147372	0.279985245155	0.256714120646	0.250550421113	0.232043848564	0.230582718362	0.231214590821	0.278387772898	0.277334945989	0.160111381831	0.190872044569	0.186326759386	0.00222966931086	0.0	0.285168601563	0.142318349754	0.184491852933	0.184834913449	0.220354500151	0.225448105809	0.167476797092	0.167815854666	0.198407202216	0.250625974011	0.24959625323	0.219684084972	0.217781007752
763840445-stool2.snv.filtered.bam	0.277486869714	0.277349338853	0.294702073644	0.294602332991	0.270970681561	0.212139959462	0.266557166816	0.260717994866	0.294458223803	0.294405182997	0.228240752678	0.226834415069	0.228125617789	0.26986586208	0.264027871192	0.27198412759	0.27242257205	0.272920563689	0.264014455661	0.265527889974	0.249556844865	0.279193591959	0.273958905117	0.280519200133	0.285168601563	0.0	0.246517123821	0.277845801405	0.277723583654	0.294691795498	0.295248823694	0.260909291998	0.261020946573	0.258080748844	0.26144799107	0.268349744457	0.283570755345	0.288393936376
764285508-stool1.snv.filtered.bam	0.14007736214	0.139587042474	0.19266418288	0.192047228234	0.12952458877	0.212332952554	0.166759031199	0.169566993759	0.19266524496	0.192816195265	0.257855881644	0.262077164498	0.210601701001	0.188747112669	0.191975986975	0.164542279176	0.163251619433	0.163718645179	0.229659880571	0.23296199359	0.173507980779	0.169653177146	0.169812124262	0.136657352918	0.142318349754	0.246517123821	0.0	0.128134826386	0.128474431898	0.187488051372	0.192832055932	0.157697539093	0.158090846603	0.164252130629	0.187955816582	0.192383943687	0.210138237367	0.208291322175
764305738-stool1.snv.filtered.bam	0.157974340479	0.158057532751	0.236242653862	0.236036037075	0.179141990104	0.216749119738	0.179506979074	0.203128198077	0.23614717494	0.236570674293	0.305759785754	0.309416896792	0.232262405423	0.205021157422	0.210306721902	0.180920787773	0.180100566483	0.180714689716	0.244074971041	0.248152545145	0.179244430513	0.15342320185	0.153637354182	0.183790142616	0.184491852933	0.277845801405	0.128134826386	0.0	0.000937601491108	0.231879932925	0.236971838781	0.163653865932	0.163815918059	0.193825230993	0.198198945161	0.198396410347	0.203235495404	0.201378205702
764305738-stool2.snv.filtered.bam	0.157753239814	0.158029319858	0.236203895214	0.236511688338	0.179436326289	0.21649684947	0.179797241657	0.20304712181	0.236402737373	0.236602312322	0.305799584037	0.309463713339	0.232061917013	0.205219010115	0.210504574595	0.180917126296	0.180398152482	0.180624828989	0.243919070686	0.248157708844	0.179312363631	0.153372613171	0.153677033522	0.183898974442	0.184834913449	0.277723583654	0.128474431898	0.000937601491108	0.0	0.232007357352	0.237397416344	0.163874500329	0.164025118441	0.193852824469	0.198301499472	0.198203509538	0.202900662003	0.201295088483
764325968-stool1.snv.filtered.bam	0.197554522579	0.198362920955	0.00117179565862	0.000826382182317	0.226847697948	0.2462061547	0.260554763156	0.215496001795	0.0124801349645	0.0125780165681	0.33594872518	0.339971109426	0.26191905843	0.314566220894	0.308335596846	0.19326382759	0.192490224915	0.192793398708	0.268648393967	0.266948367407	0.266282892558	0.220502715218	0.216229088054	0.245209590604	0.220354500151	0.294691795498	0.187488051372	0.231879932925	0.232007357352	0.0	0.00179931918571	0.192667009384	0.19231785164	0.2061634606	0.307492235317	0.307281418077	0.260997050493	0.25966032074
764325968-stool2.snv.filtered.bam	0.203710224204	0.203364622698	0.00127484102872	0.00129765678862	0.232495166133	0.251182727267	0.260991886584	0.214479454835	0.0131967079461	0.012750503224	0.339789397607	0.344085017791	0.266957248943	0.319458585281	0.313263362506	0.19270465796	0.191946023387	0.192247493957	0.272791055026	0.271443411429	0.271653866952	0.220250578352	0.216806773974	0.250699337704	0.225448105809	0.295248823694	0.192832055932	0.236971838781	0.237397416344	0.00179931918571	0.0	0.197655784781	0.19864460245	0.205041314978	0.312906674196	0.312187299065	0.260207334186	0.258671919279
764669880-stool1.snv.filtered.bam	0.152766123159	0.152256326039	0.196931531903	0.19713550885	0.166995714167	0.233784635655	0.180098459385	0.208184780778	0.18589520099	0.18574663901	0.300074395127	0.303761967422	0.260372266767	0.256378380243	0.25027263492	0.164416974136	0.163898389761	0.164362700259	0.238785053178	0.242640430678	0.151051688441	0.14819738716	0.14282119631	0.167638786643	0.167476797092	0.260909291998	0.157697539093	0.163653865932	0.163874500329	0.192667009384	0.197655784781	0.0	0.00157015383985	0.199230500296	0.249749383236	0.249552451296	0.208782511335	0.207145737896
764669880-stool2.snv.filtered.bam	0.152237749032	0.152981879837	0.197753192648	0.197498782892	0.167380937776	0.23391833441	0.180388109001	0.208809201145	0.186151401766	0.186584591311	0.300655456834	0.304414237887	0.260263194647	0.256706008452	0.250510785678	0.164588545233	0.163892995134	0.164357305632	0.23961008945	0.242498604027	0.150427009884	0.148010470284	0.141602705112	0.16754127391	0.167815854666	0.261020946573	0.158090846603	0.163815918059	0.164025118441	0.19231785164	0.19864460245	0.00157015383985	0.0	0.200055536569	0.248864800261	0.249789256569	0.209279636357	0.207573311811
765013792-stool1.snv.filtered.bam	0.182451449479	0.181909972805	0.204852464605	0.205011466525	0.199436116621	0.230584455167	0.211126500462	0.00745478672285	0.205584583767	0.205030009748	0.245678620437	0.250564265845	0.223343392832	0.247730792955	0.241647275984	0.21685431389	0.216297965089	0.216767551843	0.211746863496	0.217153847926	0.193235204118	0.166712229729	0.161290481105	0.198030389962	0.198407202216	0.258080748844	0.164252130629	0.193825230993	0.193852824469	0.2061634606	0.205041314978	0.199230500296	0.200055536569	0.0	0.241283960275	0.244932881446	0.18261195128	0.180776942356
765034022-stool1.snv.filtered.bam	0.244354616256	0.244307415181	0.312082965076	0.311899039567	0.23353722769	0.234888336359	0.2388481849	0.244044964859	0.311522942856	0.312222735922	0.223444162313	0.221786932717	0.204113845826	0.00828042668861	0.00853607091633	0.289562542011	0.289555518697	0.290217270264	0.196296683313	0.199605344066	0.237387047989	0.250395288113	0.249824736588	0.238935916807	0.250625974011	0.26144799107	0.187955816582	0.198198945161	0.198301499472	0.307492235317	0.312906674196	0.249749383236	0.248864800261	0.241283960275	0.0	0.00261581964532	0.256037610876	0.260514959647
765034022-stool2.snv.filtered.bam	0.243584062627	0.243665839697	0.311359415944	0.310882310882	0.232476676946	0.235315284178	0.244799741602	0.249913584579	0.311508645377	0.311795449048	0.222241071353	0.22111835622	0.205424343118	0.00633189686131	0.0062394724854	0.289797481481	0.288538790013	0.288572795189	0.194329696791	0.199271375535	0.238377913786	0.249904888688	0.251299762329	0.238942709337	0.24959625323	0.268349744457	0.192383943687	0.198396410347	0.198203509538	0.307281418077	0.312187299065	0.249552451296	0.249789256569	0.244932881446	0.00261581964532	0.0	0.254415346275	0.258680555556
765135172-stool1.snv.filtered.bam	0.236614414147	0.236575346563	0.25908641035	0.259061514628	0.221333990953	0.273767962298	0.25537772659	0.191806840375	0.259388845079	0.259233458567	0.272010987846	0.276261761499	0.288643134264	0.261705604982	0.267124069145	0.260001628677	0.258907589417	0.258963319731	0.244477852943	0.248227358895	0.202622032883	0.153191500906	0.154055565134	0.219709663325	0.219684084972	0.283570755345	0.210138237367	0.203235495404	0.202900662003	0.260997050493	0.260207334186	0.208782511335	0.209279636357	0.18261195128	0.256037610876	0.254415346275	0.0	0.00327879491572
765135172-stool3.snv.filtered.bam	0.235266422953	0.235025359022	0.257721216212	0.257519626164	0.21938381505	0.278331157194	0.253682170543	0.190434614083	0.258238905483	0.258091096439	0.276376172363	0.280952421532	0.287589747159	0.266036845507	0.271486272323	0.258770192976	0.25727987316	0.256631222388	0.240043982505	0.247173892596	0.20096622464	0.15115484253	0.15202577243	0.217867719512	0.217781007752	0.288393936376	0.208291322175	0.201378205702	0.201295088483	0.25966032074	0.258671919279	0.207145737896	0.207573311811	0.180776942356	0.260514959647	0.258680555556	0.00327879491572	0.0
