	158337416-tonguedorsum1.snv.filtered.bam	158337416-tonguedorsum2.snv.filtered.bam	158479027-tonguedorsum1.snv.filtered.bam	159369152-tonguedorsum2.snv.filtered.bam	159490532-tonguedorsum1.snv.filtered.bam	159510762-supragingivalplaque3.snv.filtered.bam	159510762-tonguedorsum2.snv.filtered.bam	159814214-tonguedorsum2.snv.filtered.bam	160158126-tonguedorsum2.snv.filtered.bam	370425937-tonguedorsum1.snv.filtered.bam	370425937-tonguedorsum2.snv.filtered.bam	604812005-tonguedorsum3.snv.filtered.bam	763435843-tonguedorsum1.snv.filtered.bam	763435843-tonguedorsum2.snv.filtered.bam	763496533-palatinetonsils2.snv.filtered.bam	764083206-tonguedorsum1.snv.filtered.bam	764083206-tonguedorsum2.snv.filtered.bam	764224817-tonguedorsum1.snv.filtered.bam	764224817-tonguedorsum2.snv.filtered.bam	764487809-tonguedorsum2.snv.filtered.bam	764508039-tonguedorsum1.snv.filtered.bam	764649650-tonguedorsum1.snv.filtered.bam	765013792-tonguedorsum1.snv.filtered.bam	765337473-tonguedorsum1.snv.filtered.bam	765701615-tonguedorsum2.snv.filtered.bam
158337416-tonguedorsum1.snv.filtered.bam	0.0	0.000492498156049	0.275103852189	0.329922189771	0.182471725936	0.173823869895	0.177561535038	0.196228394721	0.101178288059	0.199286495495	0.197353127642	0.276795795573	0.15639195954	0.157601969554	0.202758709937	0.155794222721	0.149046348302	0.134639884127	0.130994846317	0.185607075851	0.157626445804	0.17306811778	0.107950129836	0.150411445512	0.173197128731
158337416-tonguedorsum2.snv.filtered.bam	0.000492498156049	0.0	0.274890573404	0.32978618716	0.182262433671	0.173613595037	0.177352242773	0.196214171089	0.100965009274	0.199560313304	0.197630894746	0.276291515164	0.156182667275	0.157392677289	0.202236954465	0.155301724565	0.148553850146	0.134430591862	0.131025476065	0.18588890784	0.157405812578	0.172852788237	0.107734800294	0.150200178791	0.17321035538
158479027-tonguedorsum1.snv.filtered.bam	0.275103852189	0.274890573404	0.0	0.326986730435	0.218079658288	0.210988649261	0.214620532886	0.269569853221	0.212880375825	0.280992663342	0.284014635223	0.204153469523	0.249700705221	0.247725195153	0.28956331663	0.203233529157	0.202181066611	0.275013535555	0.263394058395	0.182030080527	0.225438458784	0.242544911279	0.220792446578	0.195486491656	0.193641073529
159369152-tonguedorsum2.snv.filtered.bam	0.329922189771	0.32978618716	0.326986730435	0.0	0.33265227806	0.322555325948	0.325602480252	0.348456372417	0.312745129538	0.306447690558	0.306475606048	0.336734134774	0.341279822096	0.34052206532	0.358008383075	0.290676519982	0.284867332409	0.335085550797	0.327147519803	0.32894234748	0.318590329781	0.32446238745	0.322060558195	0.306166505695	0.289632536613
159490532-tonguedorsum1.snv.filtered.bam	0.182471725936	0.182262433671	0.218079658288	0.33265227806	0.0	0.121847830673	0.125244262355	0.191473395373	0.133714713192	0.219435027692	0.213886013668	0.24223577709	0.148721971433	0.142786232478	0.217940921797	0.173366030703	0.178580810807	0.164676554972	0.164333158223	0.217514355094	0.122904169185	0.123159491234	0.117272979892	0.126564578864	0.0998037993458
159510762-supragingivalplaque3.snv.filtered.bam	0.173823869895	0.173613595037	0.210988649261	0.322555325948	0.121847830673	0.0	0.000123548307388	0.2274056353	0.127757750917	0.24298245614	0.236842105263	0.261543533042	0.17881175482	0.176010710454	0.253658739794	0.183052726883	0.185921406299	0.197539993997	0.197097535977	0.185494223363	0.0595362167796	0.154716501398	0.10763002604	0.101404593525	0.0756005795171
159510762-tonguedorsum2.snv.filtered.bam	0.177561535038	0.177352242773	0.214620532886	0.325602480252	0.125244262355	0.000123548307388	0.0	0.231155778894	0.131785972153	0.24644549763	0.240384615385	0.265202730441	0.18148769049	0.179515637802	0.257223222322	0.186617463827	0.189465102745	0.20116683613	0.200760680668	0.185365853659	0.064039408867	0.158653846154	0.111793748081	0.105047421908	0.0796832588961
159814214-tonguedorsum2.snv.filtered.bam	0.196228394721	0.196214171089	0.269569853221	0.348456372417	0.191473395373	0.2274056353	0.231155778894	0.0	0.187778955645	0.214285714286	0.212435233161	0.235745760999	0.198932718149	0.198868388584	0.176737967914	0.207059894412	0.198839968475	0.12824219067	0.120001363395	0.268421052632	0.223404255319	0.175257731959	0.209306797213	0.197834264709	0.213761831901
160158126-tonguedorsum2.snv.filtered.bam	0.101178288059	0.100965009274	0.212880375825	0.312745129538	0.133714713192	0.127757750917	0.131785972153	0.187778955645	0.0	0.232595742168	0.226212346219	0.237329260306	0.1210973289	0.119478408451	0.167122123174	0.116698902301	0.117126406249	0.130543530294	0.127020748437	0.179027662697	0.142342415202	0.123650357989	0.0998590583294	0.0765406234527	0.111541731532
370425937-tonguedorsum1.snv.filtered.bam	0.199286495495	0.199560313304	0.280992663342	0.306447690558	0.219435027692	0.24298245614	0.24644549763	0.214285714286	0.232595742168	0.0	0.0	0.242172956214	0.222148250224	0.22002062221	0.290749200548	0.219866774342	0.219924526225	0.19807397148	0.19742358245	0.257425742574	0.225	0.229268292683	0.233097728452	0.247533989038	0.219706202642
370425937-tonguedorsum2.snv.filtered.bam	0.197353127642	0.197630894746	0.284014635223	0.306475606048	0.213886013668	0.236842105263	0.240384615385	0.212435233161	0.226212346219	0.0	0.0	0.250519068549	0.210929234602	0.209325653374	0.280148423006	0.218244897481	0.220001366268	0.196020823974	0.195274975782	0.266331658291	0.221105527638	0.221674876847	0.231609080855	0.240389893178	0.213411090256
604812005-tonguedorsum3.snv.filtered.bam	0.276795795573	0.276291515164	0.204153469523	0.336734134774	0.24223577709	0.261543533042	0.265202730441	0.235745760999	0.237329260306	0.242172956214	0.250519068549	0.0	0.25260887989	0.25202876537	0.240398003221	0.187526863652	0.180617345729	0.247242250631	0.24119556436	0.235833465484	0.25814096549	0.235987551419	0.23410577195	0.252350451102	0.225694939427
763435843-tonguedorsum1.snv.filtered.bam	0.15639195954	0.156182667275	0.249700705221	0.341279822096	0.148721971433	0.17881175482	0.18148769049	0.198932718149	0.1210973289	0.222148250224	0.210929234602	0.25260887989	0.0	0.0206857071974	0.205462705783	0.163928447833	0.170588128774	0.164003008122	0.159861970604	0.248375630686	0.184740020339	0.170542086601	0.15516751963	0.160833068387	0.148507781243
763435843-tonguedorsum2.snv.filtered.bam	0.157601969554	0.157392677289	0.247725195153	0.34052206532	0.142786232478	0.176010710454	0.179515637802	0.198868388584	0.119478408451	0.22002062221	0.209325653374	0.25202876537	0.0206857071974	0.0	0.210258725956	0.160177019507	0.169167097638	0.162079005034	0.158397913662	0.24793073496	0.178551175981	0.169345274564	0.154206420967	0.161228635909	0.144558565775
763496533-palatinetonsils2.snv.filtered.bam	0.202758709937	0.202236954465	0.28956331663	0.358008383075	0.217940921797	0.253658739794	0.257223222322	0.176737967914	0.167122123174	0.290749200548	0.280148423006	0.240398003221	0.205462705783	0.210258725956	0.0	0.211720755968	0.211322983685	0.153271771202	0.143947128432	0.299788035798	0.26156592099	0.163056586271	0.197407762013	0.185147297004	0.225595707299
764083206-tonguedorsum1.snv.filtered.bam	0.155794222721	0.155301724565	0.203233529157	0.290676519982	0.173366030703	0.183052726883	0.186617463827	0.207059894412	0.116698902301	0.219866774342	0.218244897481	0.187526863652	0.163928447833	0.160177019507	0.211720755968	0.0	0.0274670640938	0.153346244916	0.14808073582	0.169931222733	0.17352484604	0.171144196249	0.163155585127	0.160981297009	0.157930077011
764083206-tonguedorsum2.snv.filtered.bam	0.149046348302	0.148553850146	0.202181066611	0.284867332409	0.178580810807	0.185921406299	0.189465102745	0.198839968475	0.117126406249	0.219924526225	0.220001366268	0.180617345729	0.170588128774	0.169167097638	0.211322983685	0.0274670640938	0.0	0.147373322352	0.137687945135	0.161257254641	0.179767736985	0.161518611081	0.162474532076	0.157102225364	0.162654024673
764224817-tonguedorsum1.snv.filtered.bam	0.134639884127	0.134430591862	0.275013535555	0.335085550797	0.164676554972	0.197539993997	0.20116683613	0.12824219067	0.130543530294	0.19807397148	0.196020823974	0.247242250631	0.164003008122	0.162079005034	0.153271771202	0.153346244916	0.147373322352	0.0	0.0143861024843	0.194998687546	0.179693712407	0.125643308614	0.149493574635	0.144415040132	0.182328963902
764224817-tonguedorsum2.snv.filtered.bam	0.130994846317	0.131025476065	0.263394058395	0.327147519803	0.164333158223	0.197097535977	0.200760680668	0.120001363395	0.127020748437	0.19742358245	0.195274975782	0.24119556436	0.159861970604	0.158397913662	0.143947128432	0.14808073582	0.137687945135	0.0143861024843	0.0	0.201706293481	0.174638975553	0.111074241295	0.148791840305	0.140826857965	0.179491615473
764487809-tonguedorsum2.snv.filtered.bam	0.185607075851	0.18588890784	0.182030080527	0.32894234748	0.217514355094	0.185494223363	0.185365853659	0.268421052632	0.179027662697	0.257425742574	0.266331658291	0.235833465484	0.248375630686	0.24793073496	0.299788035798	0.169931222733	0.161257254641	0.194998687546	0.201706293481	0.0	0.20618556701	0.236180904523	0.167831149478	0.177422639063	0.197067837371
764508039-tonguedorsum1.snv.filtered.bam	0.157626445804	0.157405812578	0.225438458784	0.318590329781	0.122904169185	0.0595362167796	0.064039408867	0.223404255319	0.142342415202	0.225	0.221105527638	0.25814096549	0.184740020339	0.178551175981	0.26156592099	0.17352484604	0.179767736985	0.179693712407	0.174638975553	0.20618556701	0.0	0.182741116751	0.126982570425	0.121741559425	0.0882665873269
764649650-tonguedorsum1.snv.filtered.bam	0.17306811778	0.172852788237	0.242544911279	0.32446238745	0.123159491234	0.154716501398	0.158653846154	0.175257731959	0.123650357989	0.229268292683	0.221674876847	0.235987551419	0.170542086601	0.169345274564	0.163056586271	0.171144196249	0.161518611081	0.125643308614	0.111074241295	0.236180904523	0.182741116751	0.0	0.127808804253	0.0921153673443	0.146222053858
765013792-tonguedorsum1.snv.filtered.bam	0.107950129836	0.107734800294	0.220792446578	0.322060558195	0.117272979892	0.10763002604	0.111793748081	0.209306797213	0.0998590583294	0.233097728452	0.231609080855	0.23410577195	0.15516751963	0.154206420967	0.197407762013	0.163155585127	0.162474532076	0.149493574635	0.148791840305	0.167831149478	0.126982570425	0.127808804253	0.0	0.105122069489	0.114769001701
765337473-tonguedorsum1.snv.filtered.bam	0.150411445512	0.150200178791	0.195486491656	0.306166505695	0.126564578864	0.101404593525	0.105047421908	0.197834264709	0.0765406234527	0.247533989038	0.240389893178	0.252350451102	0.160833068387	0.161228635909	0.185147297004	0.160981297009	0.157102225364	0.144415040132	0.140826857965	0.177422639063	0.121741559425	0.0921153673443	0.105122069489	0.0	0.0932492608652
765701615-tonguedorsum2.snv.filtered.bam	0.173197128731	0.17321035538	0.193641073529	0.289632536613	0.0998037993458	0.0756005795171	0.0796832588961	0.213761831901	0.111541731532	0.219706202642	0.213411090256	0.225694939427	0.148507781243	0.144558565775	0.225595707299	0.157930077011	0.162654024673	0.182328963902	0.179491615473	0.197067837371	0.0882665873269	0.146222053858	0.114769001701	0.0932492608652	0.0
