	147406386-supragingivalplaque3.snv.filtered.bam	158337416-supragingivalplaque1.snv.filtered.bam	158479027-supragingivalplaque1.snv.filtered.bam	158479027-supragingivalplaque2.snv.filtered.bam	158802708-supragingivalplaque2.snv.filtered.bam	158802708-supragingivalplaque3.snv.filtered.bam	158883629-supragingivalplaque3.snv.filtered.bam	158944319-supragingivalplaque3.snv.filtered.bam	159207311-tonguedorsum2.snv.filtered.bam	159814214-supragingivalplaque1.snv.filtered.bam	159814214-supragingivalplaque2.snv.filtered.bam	160158126-supragingivalplaque1.snv.filtered.bam	160178356-supragingivalplaque1.snv.filtered.bam	160178356-supragingivalplaque2.snv.filtered.bam	160380657-supragingivalplaque3.snv.filtered.bam	160421117-supragingivalplaque1.snv.filtered.bam	160421117-supragingivalplaque2.snv.filtered.bam	550534656-supragingivalplaque3.snv.filtered.bam	604812005-supragingivalplaque3.snv.filtered.bam	638754422-supragingivalplaque2.snv.filtered.bam	675950834-supragingivalplaque2.snv.filtered.bam	675950834-supragingivalplaque3.snv.filtered.bam	706846339-supragingivalplaque2.snv.filtered.bam	763496533-supragingivalplaque1.snv.filtered.bam	763840445-supragingivalplaque2.snv.filtered.bam	763901136-supragingivalplaque3.snv.filtered.bam	764083206-supragingivalplaque1.snv.filtered.bam	764083206-tonguedorsum1.snv.filtered.bam	764224817-supragingivalplaque2.snv.filtered.bam	809635352-supragingivalplaque1.snv.filtered.bam	823052294-supragingivalplaque2.snv.filtered.bam
147406386-supragingivalplaque3.snv.filtered.bam	0.0	0.189011009199	0.211887874431	0.214009742268	0.202726743377	0.185180501608	0.210143494858	0.172177979636	0.222647262855	0.146614936153	0.14019164079	0.113557896437	0.159046545364	0.178227272199	0.143073145977	0.20650382359	0.197109993591	0.167770641998	0.159890379099	0.172115400732	0.149498015901	0.193961601849	0.201412309377	0.146775034444	0.175862799208	0.18934838542	0.160758565083	0.175999514769	0.173561446295	0.174533691812	0.147585617841
158337416-supragingivalplaque1.snv.filtered.bam	0.189011009199	0.0	0.168740705005	0.169226511004	0.286924057976	0.260638446472	0.17677186714	0.252816066857	0.160116278494	0.194320028737	0.193976396764	0.250772626552	0.217298021904	0.24124939134	0.136153026853	0.136528103674	0.12892720959	0.14495933361	0.173515010208	0.115474174701	0.187161185562	0.136389626455	0.111621002762	0.191807564934	0.137672909796	0.166830593361	0.173017592844	0.172030635245	0.193636821508	0.182734417946	0.159166195057
158479027-supragingivalplaque1.snv.filtered.bam	0.211887874431	0.168740705005	0.0	0.00279919513913	0.242840893104	0.235525628937	0.276748178476	0.272406312906	0.189265464084	0.1841761179	0.191626469568	0.273206344682	0.248952147045	0.263152475047	0.175085030729	0.167782578054	0.161331087351	0.194145860286	0.205928198943	0.177136296826	0.200654972437	0.166687348583	0.14134408119	0.186181335775	0.163318306423	0.204539022551	0.233123637184	0.214683557812	0.224043689454	0.083914018224	0.187255492107
158479027-supragingivalplaque2.snv.filtered.bam	0.214009742268	0.169226511004	0.00279919513913	0.0	0.244586963331	0.237405448742	0.277757288129	0.274163839941	0.190366360614	0.185980674195	0.193465670259	0.275190060082	0.251275203281	0.265287006744	0.17668879788	0.168047994404	0.161346806067	0.195680534538	0.20798315902	0.178834582123	0.202943242107	0.168312550385	0.142912892091	0.188279221026	0.164589549207	0.206260959992	0.235398728269	0.216630195253	0.226164915469	0.0857089628783	0.189248274852
158802708-supragingivalplaque2.snv.filtered.bam	0.202726743377	0.286924057976	0.242840893104	0.244586963331	0.0	0.0411810991591	0.243306546333	0.205121263972	0.282190305521	0.173977540668	0.168243282971	0.205792126624	0.179302584229	0.16878930883	0.229321926794	0.256164102577	0.252235484888	0.248827184879	0.218222154448	0.248178039828	0.151706397067	0.225902435766	0.250414165159	0.197062765245	0.228592132656	0.218733483565	0.240711382317	0.22914125412	0.224239361165	0.203691632467	0.216116622311
158802708-supragingivalplaque3.snv.filtered.bam	0.185180501608	0.260638446472	0.235525628937	0.237405448742	0.0411810991591	0.0	0.215112046882	0.182550133704	0.267707230976	0.160924466976	0.157283820252	0.197587675327	0.170769951328	0.167893639621	0.199357617623	0.240120643905	0.236223939457	0.225462979041	0.195557583615	0.21759413546	0.13426268083	0.216600121065	0.238209006514	0.181039408896	0.210698879119	0.208350702881	0.211723236882	0.210865635015	0.20980771883	0.191446398459	0.18775839304
158883629-supragingivalplaque3.snv.filtered.bam	0.210143494858	0.17677186714	0.276748178476	0.277757288129	0.243306546333	0.215112046882	0.0	0.154292617433	0.253182541354	0.236169707583	0.219484158182	0.160791547439	0.141997116053	0.138053403848	0.199217854627	0.209708948056	0.214877913754	0.229009741253	0.222283441282	0.160722031217	0.225264205833	0.244499907303	0.225797315273	0.222390907459	0.226750080192	0.206498379207	0.182862904783	0.238315953265	0.198617133661	0.264221118548	0.171462983875
158944319-supragingivalplaque3.snv.filtered.bam	0.172177979636	0.252816066857	0.272406312906	0.274163839941	0.205121263972	0.182550133704	0.154292617433	0.0	0.285554917458	0.177679589949	0.165240479227	0.103757746026	0.138995681609	0.119677164308	0.154122140824	0.241728594698	0.247817712529	0.24563346983	0.208810176085	0.241829031541	0.201365125529	0.281961832339	0.280723881234	0.147807715611	0.240522149467	0.225284860144	0.180707850325	0.234781830387	0.159891024353	0.232334375704	0.15577785348
159207311-tonguedorsum2.snv.filtered.bam	0.222647262855	0.160116278494	0.189265464084	0.190366360614	0.282190305521	0.267707230976	0.253182541354	0.285554917458	0.0	0.213468389499	0.22305428508	0.290333440498	0.271733776908	0.281765513287	0.211567854026	0.168398802783	0.162232498322	0.179599057021	0.2095479781	0.176884508024	0.219056496448	0.172865700355	0.145726642782	0.221330389851	0.170562994692	0.178749772108	0.22326849128	0.20487508381	0.238060976745	0.205145872477	0.193830591901
159814214-supragingivalplaque1.snv.filtered.bam	0.146614936153	0.194320028737	0.1841761179	0.185980674195	0.173977540668	0.160924466976	0.236169707583	0.177679589949	0.213468389499	0.0	0.0401257106487	0.197800283323	0.177166276006	0.185450164387	0.142913684452	0.185149886579	0.177378541802	0.17590918478	0.140337658255	0.1564699322	0.123528335467	0.183746709841	0.181446899598	0.110999957644	0.170115553227	0.170245054146	0.160927720316	0.163244804927	0.159181704789	0.138673017194	0.135771392001
159814214-supragingivalplaque2.snv.filtered.bam	0.14019164079	0.193976396764	0.191626469568	0.193465670259	0.168243282971	0.157283820252	0.219484158182	0.165240479227	0.22305428508	0.0401257106487	0.0	0.179796636688	0.164341128874	0.174055661572	0.134684124297	0.193637288781	0.185788225	0.180845120369	0.134613758754	0.167495639816	0.123656473807	0.196321734827	0.188065695668	0.116838440184	0.178816517492	0.178547327763	0.153143059842	0.169040837883	0.158601666753	0.148309795186	0.135352557198
160158126-supragingivalplaque1.snv.filtered.bam	0.113557896437	0.250772626552	0.273206344682	0.275190060082	0.205792126624	0.197587675327	0.160791547439	0.103757746026	0.290333440498	0.197800283323	0.179796636688	0.0	0.141144263344	0.121814300691	0.198473920688	0.246180279792	0.254657524289	0.24477781915	0.219156171727	0.247859358932	0.209567309453	0.28628492933	0.293896343461	0.170033763177	0.255157779902	0.239373105914	0.182427499499	0.238743485321	0.16566053128	0.239120060894	0.177468280899
160178356-supragingivalplaque1.snv.filtered.bam	0.159046545364	0.217298021904	0.248952147045	0.251275203281	0.179302584229	0.170769951328	0.141997116053	0.138995681609	0.271733776908	0.177166276006	0.164341128874	0.141144263344	0.0	0.0267556541701	0.172408477947	0.230842410485	0.229274548248	0.203072639437	0.179366585809	0.20727875705	0.16045313968	0.241151280389	0.241275833255	0.16682070677	0.216207902058	0.191002275307	0.160595442213	0.206391591539	0.125057338617	0.199312669996	0.162901752955
160178356-supragingivalplaque2.snv.filtered.bam	0.178227272199	0.24124939134	0.263152475047	0.265287006744	0.16878930883	0.167893639621	0.138053403848	0.119677164308	0.281765513287	0.185450164387	0.174055661572	0.121814300691	0.0267556541701	0.0	0.191382731087	0.245893339815	0.247436811818	0.218267343369	0.198024316139	0.231395793593	0.180206079202	0.264860429237	0.262827297679	0.173711915441	0.237342070325	0.201985272954	0.167111176386	0.22213135274	0.112984297438	0.215921658488	0.177012478702
160380657-supragingivalplaque3.snv.filtered.bam	0.143073145977	0.136153026853	0.175085030729	0.17668879788	0.229321926794	0.199357617623	0.199217854627	0.154122140824	0.211567854026	0.142913684452	0.134684124297	0.198473920688	0.172408477947	0.191382731087	0.0	0.187609986604	0.176831638579	0.161004299677	0.146902550638	0.145159143083	0.140890712804	0.175834932433	0.163894233185	0.112353667238	0.149421049012	0.177317945003	0.157907464663	0.168079642428	0.158627202986	0.156355062059	0.105391286069
160421117-supragingivalplaque1.snv.filtered.bam	0.20650382359	0.136528103674	0.167782578054	0.168047994404	0.256164102577	0.240120643905	0.209708948056	0.241728594698	0.168398802783	0.185149886579	0.193637288781	0.246180279792	0.230842410485	0.245893339815	0.187609986604	0.0	0.0211843323552	0.150092468718	0.180405683663	0.123120786377	0.191879550161	0.134806150764	0.113443383185	0.206898647492	0.169300762354	0.176557602569	0.183022191618	0.200178660297	0.22485140507	0.189083331281	0.118259841328
160421117-supragingivalplaque2.snv.filtered.bam	0.197109993591	0.12892720959	0.161331087351	0.161346806067	0.252235484888	0.236223939457	0.214877913754	0.247817712529	0.162232498322	0.177378541802	0.185788225	0.254657524289	0.229274548248	0.247436811818	0.176831638579	0.0211843323552	0.0	0.144855533644	0.166794838763	0.108318643773	0.176152973483	0.116963461584	0.0992808306086	0.201735545907	0.15361120064	0.169530674613	0.182463828434	0.193020985839	0.221515256475	0.175194087507	0.12362552518
550534656-supragingivalplaque3.snv.filtered.bam	0.167770641998	0.14495933361	0.194145860286	0.195680534538	0.248827184879	0.225462979041	0.229009741253	0.24563346983	0.179599057021	0.17590918478	0.180845120369	0.24477781915	0.203072639437	0.218267343369	0.161004299677	0.150092468718	0.144855533644	0.0	0.163888517844	0.151766512	0.162695948606	0.151610784828	0.157686059769	0.168283282107	0.153187362153	0.160811996917	0.145196926256	0.152910154295	0.198644010555	0.173997419472	0.133003511074
604812005-supragingivalplaque3.snv.filtered.bam	0.159890379099	0.173515010208	0.205928198943	0.20798315902	0.218222154448	0.195557583615	0.222283441282	0.208810176085	0.2095479781	0.140337658255	0.134613758754	0.219156171727	0.179366585809	0.198024316139	0.146902550638	0.180405683663	0.166794838763	0.163888517844	0.0	0.148290566895	0.134825419851	0.167337717341	0.175351867658	0.163783858557	0.155710058477	0.177758253354	0.154806071457	0.162496106033	0.165404392272	0.14953427584	0.143068011207
638754422-supragingivalplaque2.snv.filtered.bam	0.172115400732	0.115474174701	0.177136296826	0.178834582123	0.248178039828	0.21759413546	0.160722031217	0.241829031541	0.176884508024	0.1564699322	0.167495639816	0.247859358932	0.20727875705	0.231395793593	0.145159143083	0.123120786377	0.108318643773	0.151766512	0.148290566895	0.0	0.149083528324	0.0973151242456	0.098431586821	0.18618841686	0.135411839572	0.15795481106	0.176113080392	0.178663492321	0.220074600712	0.165101390558	0.122119167405
675950834-supragingivalplaque2.snv.filtered.bam	0.149498015901	0.187161185562	0.200654972437	0.202943242107	0.151706397067	0.13426268083	0.225264205833	0.201365125529	0.219056496448	0.123528335467	0.123656473807	0.209567309453	0.16045313968	0.180206079202	0.140890712804	0.191879550161	0.176152973483	0.162695948606	0.134825419851	0.149083528324	0.0	0.162352472575	0.178275705643	0.145914077618	0.160785712789	0.165347874325	0.155842433542	0.157886154059	0.171728634525	0.144751362253	0.142527785463
675950834-supragingivalplaque3.snv.filtered.bam	0.193961601849	0.136389626455	0.166687348583	0.168312550385	0.225902435766	0.216600121065	0.244499907303	0.281961832339	0.172865700355	0.183746709841	0.196321734827	0.28628492933	0.241151280389	0.264860429237	0.175834932433	0.134806150764	0.116963461584	0.151610784828	0.167337717341	0.0973151242456	0.162352472575	0.0	0.0874804602565	0.212585056622	0.131629794486	0.162023977161	0.20727289048	0.180394963088	0.238449517124	0.160123447766	0.167908173669
706846339-supragingivalplaque2.snv.filtered.bam	0.201412309377	0.111621002762	0.14134408119	0.142912892091	0.250414165159	0.238209006514	0.225797315273	0.280723881234	0.145726642782	0.181446899598	0.188065695668	0.293896343461	0.241275833255	0.262827297679	0.163894233185	0.113443383185	0.0992808306086	0.157686059769	0.175351867658	0.098431586821	0.178275705643	0.0874804602565	0.0	0.20423208919	0.113574336829	0.154504178489	0.199662435419	0.190854787957	0.218959269171	0.154294070661	0.166508090799
763496533-supragingivalplaque1.snv.filtered.bam	0.146775034444	0.191807564934	0.186181335775	0.188279221026	0.197062765245	0.181039408896	0.222390907459	0.147807715611	0.221330389851	0.110999957644	0.116838440184	0.170033763177	0.16682070677	0.173711915441	0.112353667238	0.206898647492	0.201735545907	0.168283282107	0.163783858557	0.18618841686	0.145914077618	0.212585056622	0.20423208919	0.0	0.18349469919	0.183397226596	0.163079274155	0.151584255906	0.146210727279	0.15192977611	0.128114451085
763840445-supragingivalplaque2.snv.filtered.bam	0.175862799208	0.137672909796	0.163318306423	0.164589549207	0.228592132656	0.210698879119	0.226750080192	0.240522149467	0.170562994692	0.170115553227	0.178816517492	0.255157779902	0.216207902058	0.237342070325	0.149421049012	0.169300762354	0.15361120064	0.153187362153	0.155710058477	0.135411839572	0.160785712789	0.131629794486	0.113574336829	0.18349469919	0.0	0.10280307444	0.18626760762	0.179422695731	0.215794956068	0.140789982608	0.155696015204
763901136-supragingivalplaque3.snv.filtered.bam	0.18934838542	0.166830593361	0.204539022551	0.206260959992	0.218733483565	0.208350702881	0.206498379207	0.225284860144	0.178749772108	0.170245054146	0.178547327763	0.239373105914	0.191002275307	0.201985272954	0.177317945003	0.176557602569	0.169530674613	0.160811996917	0.177758253354	0.15795481106	0.165347874325	0.162023977161	0.154504178489	0.183397226596	0.10280307444	0.0	0.176392638125	0.168428578868	0.194069620058	0.150841392711	0.155285425784
764083206-supragingivalplaque1.snv.filtered.bam	0.160758565083	0.173017592844	0.233123637184	0.235398728269	0.240711382317	0.211723236882	0.182862904783	0.180707850325	0.22326849128	0.160927720316	0.153143059842	0.182427499499	0.160595442213	0.167111176386	0.157907464663	0.183022191618	0.182463828434	0.145196926256	0.154806071457	0.176113080392	0.155842433542	0.20727289048	0.199662435419	0.163079274155	0.18626760762	0.176392638125	0.0	0.171165581203	0.160920112136	0.197204925709	0.127110489607
764083206-tonguedorsum1.snv.filtered.bam	0.175999514769	0.172030635245	0.214683557812	0.216630195253	0.22914125412	0.210865635015	0.238315953265	0.234781830387	0.20487508381	0.163244804927	0.169040837883	0.238743485321	0.206391591539	0.22213135274	0.168079642428	0.200178660297	0.193020985839	0.152910154295	0.162496106033	0.178663492321	0.157886154059	0.180394963088	0.190854787957	0.151584255906	0.179422695731	0.168428578868	0.171165581203	0.0	0.181160504386	0.173710155732	0.163537045565
764224817-supragingivalplaque2.snv.filtered.bam	0.173561446295	0.193636821508	0.224043689454	0.226164915469	0.224239361165	0.20980771883	0.198617133661	0.159891024353	0.238060976745	0.159181704789	0.158601666753	0.16566053128	0.125057338617	0.112984297438	0.158627202986	0.22485140507	0.221515256475	0.198644010555	0.165404392272	0.220074600712	0.171728634525	0.238449517124	0.218959269171	0.146210727279	0.215794956068	0.194069620058	0.160920112136	0.181160504386	0.0	0.169849872343	0.169617796506
809635352-supragingivalplaque1.snv.filtered.bam	0.174533691812	0.182734417946	0.083914018224	0.0857089628783	0.203691632467	0.191446398459	0.264221118548	0.232334375704	0.205145872477	0.138673017194	0.148309795186	0.239120060894	0.199312669996	0.215921658488	0.156355062059	0.189083331281	0.175194087507	0.173997419472	0.14953427584	0.165101390558	0.144751362253	0.160123447766	0.154294070661	0.15192977611	0.140789982608	0.150841392711	0.197204925709	0.173710155732	0.169849872343	0.0	0.154820069335
823052294-supragingivalplaque2.snv.filtered.bam	0.147585617841	0.159166195057	0.187255492107	0.189248274852	0.216116622311	0.18775839304	0.171462983875	0.15577785348	0.193830591901	0.135771392001	0.135352557198	0.177468280899	0.162901752955	0.177012478702	0.105391286069	0.118259841328	0.12362552518	0.133003511074	0.143068011207	0.122119167405	0.142527785463	0.167908173669	0.166508090799	0.128114451085	0.155696015204	0.155285425784	0.127110489607	0.163537045565	0.169617796506	0.154820069335	0.0
