	158337416-stool2.snv.filtered.bam	158499257-stool1.snv.filtered.bam	159207311-stool2.snv.filtered.bam	159510762-stool2.snv.filtered.bam	508703490-stool1.snv.filtered.bam	508703490-stool3.snv.filtered.bam	706846339-stool1.snv.filtered.bam	706846339-stool2.snv.filtered.bam	763496533-stool2.snv.filtered.bam	763577454-stool2.snv.filtered.bam	763840445-stool1.snv.filtered.bam	763840445-stool2.snv.filtered.bam	763860675-stool1.snv.filtered.bam	763901136-stool1.snv.filtered.bam	763901136-stool2.snv.filtered.bam	764062976-stool1.snv.filtered.bam	764366428-stool2.snv.filtered.bam	764366428-stool3.snv.filtered.bam	764487809-stool1.snv.filtered.bam	764487809-stool2.snv.filtered.bam	764588959-stool2.snv.filtered.bam	765074482-stool2.snv.filtered.bam
158337416-stool2.snv.filtered.bam	0.0	0.174556213018	0.165680473373	0.204142011834	0.269230769231	0.248520710059	0.275147928994	0.165680473373	0.233727810651	0.153846153846	0.192307692308	0.192307692308	0.224852071006	0.159763313609	0.162721893491	0.0917159763314	0.275147928994	0.272189349112	0.0976331360947	0.0976331360947	0.180473372781	0.278106508876
158499257-stool1.snv.filtered.bam	0.174556213018	0.0	0.245562130178	0.233727810651	0.156804733728	0.133136094675	0.257396449704	0.127218934911	0.153846153846	0.195266272189	0.130177514793	0.130177514793	0.248520710059	0.159763313609	0.162721893491	0.192307692308	0.260355029586	0.257396449704	0.150887573964	0.150887573964	0.215976331361	0.260355029586
159207311-stool2.snv.filtered.bam	0.165680473373	0.245562130178	0.0	0.260355029586	0.218934911243	0.221893491124	0.322485207101	0.186390532544	0.201183431953	0.221893491124	0.218934911243	0.218934911243	0.289940828402	0.210059171598	0.213017751479	0.165680473373	0.301775147929	0.298816568047	0.177514792899	0.174556213018	0.183431952663	0.322485207101
159510762-stool2.snv.filtered.bam	0.204142011834	0.233727810651	0.260355029586	0.0	0.281065088757	0.254437869822	0.304733727811	0.257396449704	0.251479289941	0.213017751479	0.286982248521	0.286982248521	0.0887573964497	0.239644970414	0.242603550296	0.224852071006	0.278106508876	0.275147928994	0.218934911243	0.218934911243	0.242603550296	0.251479289941
508703490-stool1.snv.filtered.bam	0.269230769231	0.156804733728	0.218934911243	0.281065088757	0.0	0.0	0.360946745562	0.204142011834	0.0236686390533	0.260355029586	0.174556213018	0.174556213018	0.278106508876	0.195266272189	0.198224852071	0.257396449704	0.307692307692	0.304733727811	0.204142011834	0.204142011834	0.266272189349	0.310650887574
508703490-stool3.snv.filtered.bam	0.248520710059	0.133136094675	0.221893491124	0.254437869822	0.0	0.0	0.343195266272	0.180473372781	0.0236686390533	0.239644970414	0.153846153846	0.153846153846	0.248520710059	0.177514792899	0.180473372781	0.239644970414	0.278106508876	0.275147928994	0.186390532544	0.186390532544	0.245562130178	0.298816568047
706846339-stool1.snv.filtered.bam	0.275147928994	0.257396449704	0.322485207101	0.304733727811	0.360946745562	0.343195266272	0.0	0.278106508876	0.325443786982	0.245562130178	0.230769230769	0.230769230769	0.310650887574	0.275147928994	0.275147928994	0.278106508876	0.301775147929	0.298816568047	0.292899408284	0.289940828402	0.281065088757	0.301775147929
706846339-stool2.snv.filtered.bam	0.165680473373	0.127218934911	0.186390532544	0.257396449704	0.204142011834	0.180473372781	0.278106508876	0.0	0.207100591716	0.192307692308	0.109467455621	0.109467455621	0.278106508876	0.130177514793	0.133136094675	0.133136094675	0.233727810651	0.230769230769	0.150887573964	0.147928994083	0.127218934911	0.272189349112
763496533-stool2.snv.filtered.bam	0.233727810651	0.153846153846	0.201183431953	0.251479289941	0.0236686390533	0.0236686390533	0.325443786982	0.207100591716	0.0	0.239644970414	0.144970414201	0.144970414201	0.251479289941	0.186390532544	0.189349112426	0.233727810651	0.286982248521	0.284023668639	0.183431952663	0.183431952663	0.251479289941	0.301775147929
763577454-stool2.snv.filtered.bam	0.153846153846	0.195266272189	0.221893491124	0.213017751479	0.260355029586	0.239644970414	0.245562130178	0.192307692308	0.239644970414	0.0	0.180473372781	0.180473372781	0.245562130178	0.0769230769231	0.0798816568047	0.177514792899	0.257396449704	0.254437869822	0.118343195266	0.118343195266	0.177514792899	0.242603550296
763840445-stool1.snv.filtered.bam	0.192307692308	0.130177514793	0.218934911243	0.286982248521	0.174556213018	0.153846153846	0.230769230769	0.109467455621	0.144970414201	0.180473372781	0.0	0.0	0.286982248521	0.115384615385	0.118343195266	0.171597633136	0.213017751479	0.210059171598	0.159763313609	0.156804733728	0.165680473373	0.248520710059
763840445-stool2.snv.filtered.bam	0.192307692308	0.130177514793	0.218934911243	0.286982248521	0.174556213018	0.153846153846	0.230769230769	0.109467455621	0.144970414201	0.180473372781	0.0	0.0	0.284023668639	0.115384615385	0.118343195266	0.171597633136	0.213017751479	0.210059171598	0.159763313609	0.156804733728	0.165680473373	0.248520710059
763860675-stool1.snv.filtered.bam	0.224852071006	0.248520710059	0.289940828402	0.0887573964497	0.278106508876	0.248520710059	0.310650887574	0.278106508876	0.251479289941	0.245562130178	0.286982248521	0.284023668639	0.0	0.221893491124	0.224852071006	0.227810650888	0.260355029586	0.257396449704	0.224852071006	0.224852071006	0.227810650888	0.233727810651
763901136-stool1.snv.filtered.bam	0.159763313609	0.159763313609	0.210059171598	0.239644970414	0.195266272189	0.177514792899	0.275147928994	0.130177514793	0.186390532544	0.0769230769231	0.115384615385	0.115384615385	0.221893491124	0.0	0.0	0.144970414201	0.204142011834	0.201183431953	0.0917159763314	0.0917159763314	0.115384615385	0.204142011834
763901136-stool2.snv.filtered.bam	0.162721893491	0.162721893491	0.213017751479	0.242603550296	0.198224852071	0.180473372781	0.275147928994	0.133136094675	0.189349112426	0.0798816568047	0.118343195266	0.118343195266	0.224852071006	0.0	0.0	0.147928994083	0.207100591716	0.204142011834	0.094674556213	0.094674556213	0.118343195266	0.207100591716
764062976-stool1.snv.filtered.bam	0.0917159763314	0.192307692308	0.165680473373	0.224852071006	0.257396449704	0.239644970414	0.278106508876	0.133136094675	0.233727810651	0.177514792899	0.171597633136	0.171597633136	0.227810650888	0.144970414201	0.147928994083	0.0	0.224852071006	0.221893491124	0.0769230769231	0.0739644970414	0.130177514793	0.260355029586
764366428-stool2.snv.filtered.bam	0.275147928994	0.260355029586	0.301775147929	0.278106508876	0.307692307692	0.278106508876	0.301775147929	0.233727810651	0.286982248521	0.257396449704	0.213017751479	0.213017751479	0.260355029586	0.204142011834	0.207100591716	0.224852071006	0.0	0.0	0.242603550296	0.236686390533	0.224852071006	0.189349112426
764366428-stool3.snv.filtered.bam	0.272189349112	0.257396449704	0.298816568047	0.275147928994	0.304733727811	0.275147928994	0.298816568047	0.230769230769	0.284023668639	0.254437869822	0.210059171598	0.210059171598	0.257396449704	0.201183431953	0.204142011834	0.221893491124	0.0	0.0	0.236686390533	0.230769230769	0.221893491124	0.189349112426
764487809-stool1.snv.filtered.bam	0.0976331360947	0.150887573964	0.177514792899	0.218934911243	0.204142011834	0.186390532544	0.292899408284	0.150887573964	0.183431952663	0.118343195266	0.159763313609	0.159763313609	0.224852071006	0.0917159763314	0.094674556213	0.0769230769231	0.242603550296	0.236686390533	0.0	0.0	0.171597633136	0.248520710059
764487809-stool2.snv.filtered.bam	0.0976331360947	0.150887573964	0.174556213018	0.218934911243	0.204142011834	0.186390532544	0.289940828402	0.147928994083	0.183431952663	0.118343195266	0.156804733728	0.156804733728	0.224852071006	0.0917159763314	0.094674556213	0.0739644970414	0.236686390533	0.230769230769	0.0	0.0	0.168639053254	0.242603550296
764588959-stool2.snv.filtered.bam	0.180473372781	0.215976331361	0.183431952663	0.242603550296	0.266272189349	0.245562130178	0.281065088757	0.127218934911	0.251479289941	0.177514792899	0.165680473373	0.165680473373	0.227810650888	0.115384615385	0.118343195266	0.130177514793	0.224852071006	0.221893491124	0.171597633136	0.168639053254	0.0	0.260355029586
765074482-stool2.snv.filtered.bam	0.278106508876	0.260355029586	0.322485207101	0.251479289941	0.310650887574	0.298816568047	0.301775147929	0.272189349112	0.301775147929	0.242603550296	0.248520710059	0.248520710059	0.233727810651	0.204142011834	0.207100591716	0.260355029586	0.189349112426	0.189349112426	0.248520710059	0.242603550296	0.260355029586	0.0
