	158337416-stool2.snv.filtered.bam	158499257-stool1.snv.filtered.bam	159207311-stool2.snv.filtered.bam	159510762-stool2.snv.filtered.bam	508703490-stool1.snv.filtered.bam	508703490-stool3.snv.filtered.bam	706846339-stool1.snv.filtered.bam	706846339-stool2.snv.filtered.bam	763496533-stool2.snv.filtered.bam	763577454-stool2.snv.filtered.bam	763840445-stool1.snv.filtered.bam	763840445-stool2.snv.filtered.bam	763860675-stool1.snv.filtered.bam	763901136-stool1.snv.filtered.bam	763901136-stool2.snv.filtered.bam	764062976-stool1.snv.filtered.bam	764366428-stool2.snv.filtered.bam	764366428-stool3.snv.filtered.bam	764487809-stool1.snv.filtered.bam	764487809-stool2.snv.filtered.bam	764588959-stool2.snv.filtered.bam	765074482-stool2.snv.filtered.bam
158337416-stool2.snv.filtered.bam	0.0	0.180546360224	0.16849200502	0.210893253892	0.279831594711	0.269264219983	0.290258594815	0.167999107029	0.253089133089	0.158997036795	0.194772734732	0.195328879588	0.240682547386	0.16270480357	0.165658530713	0.0933153649071	0.279364583923	0.278031866635	0.0997852313524	0.103033129581	0.18322265725	0.30645877232
158499257-stool1.snv.filtered.bam	0.180546360224	0.0	0.250574994997	0.242889492343	0.16523834465	0.146154802328	0.274678495123	0.130719571725	0.168445969844	0.202697492741	0.133870862678	0.133862578535	0.269565168731	0.164036056447	0.166439639884	0.196590862832	0.266289668486	0.264878442098	0.155137297573	0.1597407958	0.221245411317	0.287272197937
159207311-stool2.snv.filtered.bam	0.16849200502	0.250574994997	0.0	0.266956698449	0.226296963781	0.23809001429	0.337671228573	0.187418068231	0.21567473599	0.2275668968	0.219544140708	0.220744170097	0.308158699002	0.21210097008	0.214252442017	0.166760068813	0.303395846013	0.302218533729	0.179000204044	0.181374260173	0.185254125802	0.351510429385
159510762-stool2.snv.filtered.bam	0.210893253892	0.242889492343	0.266956698449	0.0	0.294875477332	0.277861270329	0.324087525796	0.26309098954	0.274355234523	0.221089815901	0.293666212307	0.29387295559	0.096823595059	0.245185712606	0.248460470662	0.230126595725	0.284937729561	0.283630711839	0.223785200234	0.232321219572	0.249074195332	0.278671771564
508703490-stool1.snv.filtered.bam	0.279831594711	0.16523834465	0.226296963781	0.294875477332	0.0	0.00165828512305	0.387552273717	0.210177466513	0.028917400742	0.273336760563	0.180707729441	0.18028901425	0.303107418284	0.201739414854	0.204223831269	0.265251856089	0.316644704586	0.315425526822	0.210211997199	0.218077139951	0.274899383837	0.34761058781
508703490-stool3.snv.filtered.bam	0.269264219983	0.146154802328	0.23809001429	0.277861270329	0.00165828512305	0.0	0.384764449127	0.193037974684	0.0288390550018	0.261876832845	0.164960144597	0.165217391304	0.283164983165	0.190833505119	0.19363044983	0.257148088725	0.298501810081	0.297112171366	0.199836555849	0.205462290153	0.263756613757	0.34747455507
706846339-stool1.snv.filtered.bam	0.290258594815	0.274678495123	0.337671228573	0.324087525796	0.387552273717	0.384764449127	0.0	0.290737233446	0.361321136199	0.262401994817	0.242411208429	0.241967137385	0.344646050671	0.288011103325	0.287858682427	0.290583719858	0.316492055145	0.315344992226	0.306603825701	0.314493399229	0.294991321888	0.341028215521
706846339-stool2.snv.filtered.bam	0.167999107029	0.130719571725	0.187418068231	0.26309098954	0.210177466513	0.193037974684	0.290737233446	0.0	0.221846610762	0.196794818694	0.110624699357	0.109921300477	0.294984326019	0.131179949352	0.134212297031	0.133832830525	0.234504659274	0.232916056323	0.15157303249	0.153610193487	0.12784371909	0.29641969163
763496533-stool2.snv.filtered.bam	0.253089133089	0.168445969844	0.21567473599	0.274355234523	0.028917400742	0.0288390550018	0.361321136199	0.221846610762	0.0	0.26128033867	0.156172626614	0.156163230162	0.285268518519	0.199918176811	0.202750280176	0.250610468244	0.307808493368	0.306486767809	0.197353441457	0.204293754539	0.26927847659	0.351250536217
763577454-stool2.snv.filtered.bam	0.158997036795	0.202697492741	0.2275668968	0.221089815901	0.273336760563	0.261876832845	0.262401994817	0.196794818694	0.26128033867	0.0	0.184764515758	0.185173418567	0.265929328455	0.0791456265617	0.0831237111455	0.18167596581	0.263583996746	0.262143196401	0.121728068176	0.125808566434	0.182535387129	0.27031305189
763840445-stool1.snv.filtered.bam	0.194772734732	0.133870862678	0.219544140708	0.293666212307	0.180707729441	0.164960144597	0.242411208429	0.110624699357	0.156172626614	0.184764515758	0.0	0.00128969330396	0.304660853728	0.116745506703	0.119091760096	0.172342431377	0.214728970334	0.213022303568	0.160849934345	0.162716273742	0.166986592629	0.271418025121
763840445-stool2.snv.filtered.bam	0.195328879588	0.133862578535	0.220744170097	0.29387295559	0.18028901425	0.165217391304	0.241967137385	0.109921300477	0.156163230162	0.185173418567	0.00128969330396	0.0	0.302064533771	0.116560013902	0.119285062357	0.172791580624	0.21449865606	0.212785500387	0.16079586564	0.163447388732	0.167044082126	0.271461546067
763860675-stool1.snv.filtered.bam	0.240682547386	0.269565168731	0.308158699002	0.096823595059	0.303107418284	0.283164983165	0.344646050671	0.294984326019	0.285268518519	0.265929328455	0.304660853728	0.302064533771	0.0	0.235996971293	0.238713178627	0.2420203433	0.277132296149	0.275717971102	0.238279536555	0.247882736156	0.242714884696	0.270239553772
763901136-stool1.snv.filtered.bam	0.16270480357	0.164036056447	0.21210097008	0.245185712606	0.201739414854	0.190833505119	0.288011103325	0.131179949352	0.199918176811	0.0791456265617	0.116745506703	0.116560013902	0.235996971293	0.0	0.00127483542832	0.14631655862	0.206058669962	0.204294975449	0.0926554175045	0.0960737229172	0.11693742936	0.223408509326
763901136-stool2.snv.filtered.bam	0.165658530713	0.166439639884	0.214252442017	0.248460470662	0.204223831269	0.19363044983	0.287858682427	0.134212297031	0.202750280176	0.0831237111455	0.119091760096	0.119285062357	0.238713178627	0.00127483542832	0.0	0.149216694158	0.208270433798	0.206525208605	0.0961327730045	0.0992662649116	0.120021037774	0.226214168579
764062976-stool1.snv.filtered.bam	0.0933153649071	0.196590862832	0.166760068813	0.230126595725	0.265251856089	0.257148088725	0.290583719858	0.133832830525	0.250610468244	0.18167596581	0.172342431377	0.172791580624	0.2420203433	0.14631655862	0.149216694158	0.0	0.22619540833	0.224557197911	0.0779950791064	0.0772243530451	0.131151577898	0.283850317413
764366428-stool2.snv.filtered.bam	0.279364583923	0.266289668486	0.303395846013	0.284937729561	0.316644704586	0.298501810081	0.316492055145	0.234504659274	0.307808493368	0.263583996746	0.214728970334	0.21449865606	0.277132296149	0.206058669962	0.208270433798	0.22619540833	0.0	0.00016402699611	0.243599669111	0.246476902315	0.226522034252	0.206962754585
764366428-stool3.snv.filtered.bam	0.278031866635	0.264878442098	0.302218533729	0.283630711839	0.315425526822	0.297112171366	0.315344992226	0.232916056323	0.306486767809	0.262143196401	0.213022303568	0.212785500387	0.275717971102	0.204294975449	0.206525208605	0.224557197911	0.00016402699611	0.0	0.239080290099	0.241807436363	0.224880874855	0.208485074562
764487809-stool1.snv.filtered.bam	0.0997852313524	0.155137297573	0.179000204044	0.223785200234	0.210211997199	0.199836555849	0.306603825701	0.15157303249	0.197353441457	0.121728068176	0.160849934345	0.16079586564	0.238279536555	0.0926554175045	0.0961327730045	0.0779950791064	0.243599669111	0.239080290099	0.0	0.000946650486528	0.172547037532	0.270657939984
764487809-stool2.snv.filtered.bam	0.103033129581	0.1597407958	0.181374260173	0.232321219572	0.218077139951	0.205462290153	0.314493399229	0.153610193487	0.204293754539	0.125808566434	0.162716273742	0.163447388732	0.247882736156	0.0960737229172	0.0992662649116	0.0772243530451	0.246476902315	0.241807436363	0.000946650486528	0.0	0.175364891519	0.273063184725
764588959-stool2.snv.filtered.bam	0.18322265725	0.221245411317	0.185254125802	0.249074195332	0.274899383837	0.263756613757	0.294991321888	0.12784371909	0.26927847659	0.182535387129	0.166986592629	0.167044082126	0.242714884696	0.11693742936	0.120021037774	0.131151577898	0.226522034252	0.224880874855	0.172547037532	0.175364891519	0.0	0.284598106406
765074482-stool2.snv.filtered.bam	0.30645877232	0.287272197937	0.351510429385	0.278671771564	0.34761058781	0.34747455507	0.341028215521	0.29641969163	0.351250536217	0.27031305189	0.271418025121	0.271461546067	0.270239553772	0.223408509326	0.226214168579	0.283850317413	0.206962754585	0.208485074562	0.270657939984	0.273063184725	0.284598106406	0.0
