	158883629-tonguedorsum1.snv.filtered.bam	158883629-tonguedorsum3.snv.filtered.bam	159227541-tonguedorsum3.snv.filtered.bam	159551223-tonguedorsum2.snv.filtered.bam	160380657-tonguedorsum1.snv.filtered.bam	160502038-tonguedorsum3.snv.filtered.bam	160582958-tonguedorsum2.snv.filtered.bam	160603188-tonguedorsum3.snv.filtered.bam	246515023-tonguedorsum1.snv.filtered.bam	508703490-tonguedorsum1.snv.filtered.bam	508703490-tonguedorsum2.snv.filtered.bam	550534656-tonguedorsum2.snv.filtered.bam	550534656-tonguedorsum3.snv.filtered.bam	638754422-tonguedorsum1.snv.filtered.bam	638754422-tonguedorsum2.snv.filtered.bam	638754422-tonguedorsum3.snv.filtered.bam	663835652-tonguedorsum2.snv.filtered.bam	663835652-tonguedorsum3.snv.filtered.bam	675950834-tonguedorsum1.snv.filtered.bam	675950834-tonguedorsum2.snv.filtered.bam	737052003-tonguedorsum1.snv.filtered.bam	737052003-tonguedorsum2.snv.filtered.bam	763536994-tonguedorsum2.snv.filtered.bam	763577454-tonguedorsum1.snv.filtered.bam	763577454-tonguedorsum2.snv.filtered.bam	763901136-tonguedorsum1.snv.filtered.bam	763901136-tonguedorsum2.snv.filtered.bam	763901136-tonguedorsum3.snv.filtered.bam	763961826-throat1.snv.filtered.bam	763961826-tonguedorsum1.snv.filtered.bam	763982056-tonguedorsum3.snv.filtered.bam	764143897-tonguedorsum1.snv.filtered.bam	764143897-tonguedorsum2.snv.filtered.bam	764285508-tonguedorsum2.snv.filtered.bam	764305738-tonguedorsum1.snv.filtered.bam	764325968-tonguedorsum1.snv.filtered.bam	764325968-tonguedorsum2.snv.filtered.bam	764366428-tonguedorsum2.snv.filtered.bam	764811490-tonguedorsum1.snv.filtered.bam	764811490-tonguedorsum2.snv.filtered.bam	765013792-tonguedorsum1.snv.filtered.bam	765013792-tonguedorsum2.snv.filtered.bam	765013792-tonguedorsum3.snv.filtered.bam	765074482-tonguedorsum3.snv.filtered.bam	765094712-tonguedorsum1.snv.filtered.bam	765094712-tonguedorsum2.snv.filtered.bam	765135172-tonguedorsum1.snv.filtered.bam	823052294-tonguedorsum3.snv.filtered.bam	857980665-tonguedorsum2.snv.filtered.bam	857980665-tonguedorsum3.snv.filtered.bam	861967750-tonguedorsum1.snv.filtered.bam
158883629-tonguedorsum1.snv.filtered.bam	0.0	0.0724368358914	0.15566748741	0.126171491935	0.138127957786	0.108051565805	0.120941442678	0.13978319536	0.148890729561	0.151527520883	0.125467764319	0.127284491623	0.123920777764	0.141973528969	0.144625037675	0.127567020908	0.132371057039	0.136983274164	0.134595331993	0.128915369353	0.159481635733	0.14104252262	0.15198251344	0.136752610241	0.135668075773	0.151126097841	0.152701927482	0.168405554295	0.144323888634	0.145495021839	0.125988226545	0.149451808969	0.150059767317	0.152055921182	0.13392232763	0.139281149752	0.141874309598	0.139403054583	0.119717124599	0.127087826852	0.137344235619	0.153317041478	0.144391257238	0.136795385942	0.152207126406	0.153670910311	0.146179529378	0.130187169673	0.160120161786	0.146837425017	0.138060288425
158883629-tonguedorsum3.snv.filtered.bam	0.0724368358914	0.0	0.15475397836	0.10760288874	0.149725421479	0.120409661491	0.113847321463	0.136701480967	0.14935661188	0.141691099907	0.12584879775	0.114900958793	0.11513847647	0.133254258619	0.142282979761	0.122596661138	0.133558942825	0.141374975096	0.12990092634	0.12039191348	0.143210670517	0.123666257059	0.151690959288	0.137909789903	0.137644326144	0.11212018943	0.122836049318	0.136781398146	0.148628794717	0.147664065622	0.115232185072	0.147525647181	0.157997371558	0.122089067135	0.130161329302	0.129277249767	0.139294288168	0.140380868183	0.100879931842	0.111435017684	0.142036124919	0.152598091336	0.143106345351	0.11625071985	0.113936325664	0.114111622316	0.131119580183	0.111801330825	0.161377414949	0.151377847397	0.124291617783
159227541-tonguedorsum3.snv.filtered.bam	0.15566748741	0.15475397836	0.0	0.155279187424	0.145988259301	0.147269880837	0.148878427291	0.139359989397	0.0984968246954	0.154276367851	0.158203085654	0.134750466685	0.129238554992	0.13572436709	0.121861768913	0.135612479943	0.140967054443	0.130819601309	0.148137302934	0.135312087024	0.167609120609	0.168420749118	0.172013617714	0.134256944799	0.141937397724	0.178955897059	0.173698037596	0.189877735271	0.146213967494	0.150504560613	0.11818471266	0.157996566131	0.154535919197	0.170629976897	0.144902826668	0.155980167509	0.145885023832	0.140976421174	0.162102204648	0.157952896461	0.156609598783	0.166934050978	0.16583102358	0.174409610921	0.157310082356	0.160846571319	0.177062514598	0.140985872068	0.1520766184	0.145387501047	0.140902357873
159551223-tonguedorsum2.snv.filtered.bam	0.126171491935	0.10760288874	0.155279187424	0.0	0.149706265042	0.132906114081	0.116512919449	0.114394139719	0.143774862559	0.129596263091	0.120034892701	0.108955952559	0.118000375038	0.115617327634	0.123606977121	0.119288488015	0.117130094605	0.117651525565	0.118420094264	0.111369780862	0.132808688418	0.103874158271	0.155327862638	0.124065680254	0.116199404723	0.118353919818	0.123059089571	0.126325422733	0.142125575605	0.148842053558	0.106130150656	0.13700744743	0.136314588403	0.114938266549	0.1385815548	0.100471333939	0.115701977312	0.130888421201	0.0835254419318	0.0871962655767	0.135895334833	0.148376341694	0.134620760655	0.113584253528	0.130033265388	0.128950254616	0.120522888876	0.115188173554	0.153688431829	0.141031630463	0.113207348436
160380657-tonguedorsum1.snv.filtered.bam	0.138127957786	0.149725421479	0.145988259301	0.149706265042	0.0	0.122902803445	0.142904039506	0.138358094382	0.111671586373	0.126997828528	0.116356273538	0.136337880448	0.128522627177	0.155908853067	0.135819226689	0.135129658884	0.113875681477	0.104618723883	0.127786816837	0.124161298504	0.161859418136	0.171372481281	0.14801419731	0.122549710015	0.128676159181	0.153521829363	0.15292033803	0.166811730385	0.145746021578	0.140126754476	0.130391553398	0.152698997173	0.150370705964	0.153475354586	0.134675346957	0.141241981006	0.11899933569	0.122960482853	0.141512592769	0.153310428366	0.141134152384	0.142868741959	0.146720994417	0.152207309463	0.156038536281	0.157698054632	0.154468695554	0.139922478075	0.146957344441	0.139717874692	0.153694611766
160502038-tonguedorsum3.snv.filtered.bam	0.108051565805	0.120409661491	0.147269880837	0.132906114081	0.122902803445	0.0	0.141319649876	0.127202948612	0.121452171129	0.139121720131	0.127644914433	0.119434622647	0.11708372839	0.133239896077	0.119668852966	0.115713599408	0.124619789974	0.124218056251	0.111463581544	0.109550336144	0.153470310572	0.153221582399	0.143624874747	0.121092307525	0.126821117181	0.141900728284	0.143134149012	0.16307896271	0.127329471677	0.130345579822	0.129599790854	0.143639291101	0.141619973886	0.145420257022	0.122090253064	0.120912035846	0.125594580667	0.114736461017	0.142354498336	0.153527319539	0.123793585755	0.123533721887	0.130391887279	0.135966221509	0.153666141963	0.156340189177	0.143595589319	0.120224539443	0.134791474635	0.123958270087	0.132399817862
160582958-tonguedorsum2.snv.filtered.bam	0.120941442678	0.113847321463	0.148878427291	0.116512919449	0.142904039506	0.141319649876	0.0	0.150867154775	0.147931331556	0.137034476112	0.11853372064	0.127640945825	0.121836877194	0.146171916744	0.148135217003	0.138246926314	0.128280193435	0.134359234711	0.150054816093	0.135509096264	0.136297329544	0.135987233027	0.158322649937	0.139441351553	0.139510127997	0.132854496959	0.144598239133	0.152696548192	0.160287192019	0.158685872693	0.115692142226	0.155501621147	0.165360396103	0.139210034081	0.14763045329	0.139493239624	0.132606453351	0.137954505323	0.107187822126	0.0980555965309	0.160566179898	0.174902732616	0.159153757177	0.144352088028	0.124899478766	0.126981652164	0.125639995953	0.13344921632	0.167297145227	0.154788259257	0.133760763591
160603188-tonguedorsum3.snv.filtered.bam	0.13978319536	0.136701480967	0.139359989397	0.114394139719	0.138358094382	0.127202948612	0.150867154775	0.0	0.134543762774	0.115829827218	0.129390534964	0.111126367632	0.107958185314	0.123619784377	0.117232596996	0.111110620822	0.119650842855	0.105269903234	0.107122019805	0.0985350549057	0.144239898197	0.129702017637	0.15412928131	0.116192548527	0.113892123692	0.126056273578	0.120981046054	0.142849494454	0.115504045659	0.112709920063	0.105993631185	0.132633273762	0.134296395803	0.133283830401	0.108591647011	0.106621374204	0.111906631752	0.130002539516	0.133497786226	0.141996975676	0.122606608485	0.137179541825	0.128686489339	0.126764762684	0.144904973112	0.151946459806	0.14632901207	0.102778766901	0.127564117279	0.120483622581	0.12583238187
246515023-tonguedorsum1.snv.filtered.bam	0.148890729561	0.14935661188	0.0984968246954	0.143774862559	0.111671586373	0.121452171129	0.147931331556	0.134543762774	0.0	0.14323433281	0.139481408513	0.11753172938	0.116765677525	0.115894040508	0.0888233223401	0.104819082894	0.115808718256	0.119594079987	0.114836416084	0.106643754141	0.147888178597	0.163273344637	0.151456795699	0.0961074386009	0.103045300507	0.155123803898	0.15815725636	0.176710512254	0.110236539015	0.107598321452	0.120985898403	0.138905888217	0.134710873056	0.162612734333	0.118932707331	0.13248038561	0.116221167502	0.106536698618	0.149297701669	0.158822461479	0.129245205995	0.131178785389	0.139448715493	0.150622520936	0.155105167981	0.160442878887	0.166130933467	0.125022791151	0.124579347562	0.119725871018	0.134801186373
508703490-tonguedorsum1.snv.filtered.bam	0.151527520883	0.141691099907	0.154276367851	0.129596263091	0.126997828528	0.139121720131	0.137034476112	0.115829827218	0.14323433281	0.0	0.0649356450381	0.126751292565	0.122111288795	0.149193901844	0.123142043728	0.126140823918	0.133756331412	0.12173169513	0.128138400635	0.118582536564	0.160691471117	0.142790022279	0.159741992896	0.132157089673	0.127623362144	0.139293098235	0.126668540235	0.143504741637	0.128800210052	0.132375166672	0.109642482903	0.157251956377	0.162517297007	0.159976527654	0.134882303402	0.120481925259	0.115313484163	0.12918040086	0.129944724824	0.131206867114	0.146340788803	0.145005822559	0.138916159015	0.146182714178	0.134889130556	0.141274139949	0.153165205061	0.121099518857	0.144517809634	0.140913793443	0.124786601428
508703490-tonguedorsum2.snv.filtered.bam	0.125467764319	0.12584879775	0.158203085654	0.120034892701	0.116356273538	0.127644914433	0.11853372064	0.129390534964	0.139481408513	0.0649356450381	0.0	0.12635020534	0.123587841294	0.150105187255	0.128183215391	0.129103192714	0.105908447609	0.113137587574	0.128828263046	0.120521373693	0.155576494356	0.135549331985	0.149245866099	0.12810671865	0.124287579884	0.13982502072	0.129539421441	0.145564761928	0.136086227709	0.135975581457	0.107782024484	0.152092741864	0.156597953268	0.147831037321	0.135968741988	0.120081648895	0.122432783972	0.127650086682	0.102731055981	0.103661669593	0.140889475526	0.147299226305	0.128809406903	0.13367024132	0.132500432406	0.138995136309	0.139976926918	0.119626916514	0.150799789636	0.140064085278	0.129042613989
550534656-tonguedorsum2.snv.filtered.bam	0.127284491623	0.114900958793	0.134750466685	0.108955952559	0.136337880448	0.119434622647	0.127640945825	0.111126367632	0.11753172938	0.126751292565	0.12635020534	0.0	0.0483775451263	0.108969871607	0.103180234472	0.103575091936	0.127805416165	0.127681346187	0.102869836733	0.0887189608388	0.123019393599	0.120638565129	0.148858819064	0.0985492986812	0.0971063768438	0.122018803767	0.128598377492	0.143509141685	0.111082822232	0.106191040163	0.108530672727	0.119366016731	0.118244012056	0.138110514246	0.114093610427	0.106579489054	0.102236620337	0.101625070456	0.118553084614	0.128675188703	0.117085597485	0.120444852103	0.116187501655	0.11845073051	0.133330550725	0.138265397496	0.116158721281	0.0928556864652	0.126519600778	0.114480840705	0.1030504545
550534656-tonguedorsum3.snv.filtered.bam	0.123920777764	0.11513847647	0.129238554992	0.118000375038	0.128522627177	0.11708372839	0.121836877194	0.107958185314	0.116765677525	0.122111288795	0.123587841294	0.0483775451263	0.0	0.115128710751	0.104637735661	0.104226975873	0.123587037459	0.122162719165	0.10595123694	0.0903693659585	0.131084527179	0.129868434713	0.141825879299	0.103295410717	0.100411760575	0.125594636819	0.127756286778	0.143243700942	0.11247987307	0.107955576646	0.106053674647	0.125959246025	0.127849635676	0.133239771098	0.116911186785	0.102523848809	0.100013026168	0.0995684174107	0.125340423073	0.13550514915	0.122059255501	0.127731880585	0.117594774495	0.131165071629	0.137419828117	0.14208120665	0.123068453745	0.0972098285587	0.122482695135	0.113613545914	0.109779018903
638754422-tonguedorsum1.snv.filtered.bam	0.141973528969	0.133254258619	0.13572436709	0.115617327634	0.155908853067	0.133239896077	0.146171916744	0.123619784377	0.115894040508	0.149193901844	0.150105187255	0.108969871607	0.115128710751	0.0	0.0936802606239	0.0691349416922	0.140430391764	0.1487334894	0.0974007236687	0.0971445079462	0.138387435314	0.130210696744	0.148680769742	0.103216195928	0.104884437633	0.151333251104	0.150837810589	0.169878191935	0.120393541205	0.119444968564	0.116744068719	0.129197977904	0.137903743526	0.151153856148	0.129069979694	0.111834915007	0.123423091031	0.119999274765	0.135163399884	0.145277881506	0.119705628349	0.122266378563	0.134829072202	0.133703759176	0.137689080455	0.140097063127	0.141823670276	0.0928583977351	0.130812224594	0.124359417834	0.10901834413
638754422-tonguedorsum2.snv.filtered.bam	0.144625037675	0.142282979761	0.121861768913	0.123606977121	0.135819226689	0.119668852966	0.148135217003	0.117232596996	0.0888233223401	0.123142043728	0.128183215391	0.103180234472	0.104637735661	0.0936802606239	0.0	0.0799540352986	0.130388803636	0.134110794664	0.104877884728	0.0967851006582	0.141119551075	0.135354392905	0.150064945539	0.0798247909136	0.0841190377743	0.146755225377	0.139706612565	0.159790605395	0.105557429317	0.108372083372	0.106672659083	0.119791056505	0.119883759617	0.149387791301	0.115970038524	0.107315997702	0.107472338616	0.108394223681	0.135852493403	0.152704671892	0.114743858777	0.117940281142	0.125417402107	0.127792019752	0.152715396061	0.158366903545	0.149618973269	0.0999311949893	0.120172767655	0.111216057121	0.113597933189
638754422-tonguedorsum3.snv.filtered.bam	0.127567020908	0.122596661138	0.135612479943	0.119288488015	0.135129658884	0.115713599408	0.138246926314	0.111110620822	0.104819082894	0.126140823918	0.129103192714	0.103575091936	0.104226975873	0.0691349416922	0.0799540352986	0.0	0.125535615826	0.134891707533	0.0989411024925	0.0853649245966	0.140628975779	0.133940800125	0.139468251471	0.090307162103	0.0949717800046	0.141890696048	0.138641966508	0.163039155686	0.1110233449	0.107387093269	0.10207799963	0.127808457341	0.139907217276	0.149327722413	0.115455447914	0.108416866397	0.107114297301	0.106320232343	0.129934143739	0.145621447797	0.124105871981	0.123717226751	0.122811717975	0.123649560237	0.141367260041	0.146390568255	0.140081225045	0.0938039755701	0.126676845109	0.118769817711	0.108236869539
663835652-tonguedorsum2.snv.filtered.bam	0.132371057039	0.133558942825	0.140967054443	0.117130094605	0.113875681477	0.124619789974	0.128280193435	0.119650842855	0.115808718256	0.133756331412	0.105908447609	0.127805416165	0.123587037459	0.140430391764	0.130388803636	0.125535615826	0.0	0.063566843761	0.120041915462	0.115872411421	0.147267691259	0.14302428878	0.140997711882	0.116903692478	0.116139322439	0.135767451133	0.135840320428	0.143948801184	0.128796887381	0.125179715554	0.111220484315	0.160383066539	0.15822577041	0.133996773072	0.127645683138	0.115518160272	0.118994217842	0.118439825262	0.119712395628	0.129091501253	0.139459080061	0.143313112863	0.139846293068	0.131762557041	0.134228162852	0.136590737171	0.155151747799	0.129679493937	0.149401785381	0.141265025421	0.147977655983
663835652-tonguedorsum3.snv.filtered.bam	0.136983274164	0.141374975096	0.130819601309	0.117651525565	0.104618723883	0.124218056251	0.134359234711	0.105269903234	0.119594079987	0.12173169513	0.113137587574	0.127681346187	0.122162719165	0.1487334894	0.134110794664	0.134891707533	0.063566843761	0.0	0.130077397871	0.119675541854	0.147426543912	0.14551814581	0.151306220047	0.129295511813	0.126485285059	0.146753538237	0.144928920554	0.15437950174	0.117220633223	0.122325868082	0.108218188493	0.161255449794	0.159186960801	0.138390097486	0.120646234776	0.125374967748	0.118710057326	0.118836905163	0.131606342474	0.134604734626	0.135208581233	0.153857772274	0.144728451631	0.142225583274	0.148506532374	0.151672828356	0.158719746944	0.132500888	0.144077543408	0.13634182899	0.145013646556
675950834-tonguedorsum1.snv.filtered.bam	0.134595331993	0.12990092634	0.148137302934	0.118420094264	0.127786816837	0.111463581544	0.150054816093	0.107122019805	0.114836416084	0.128138400635	0.128828263046	0.102869836733	0.10595123694	0.0974007236687	0.104877884728	0.0989411024925	0.120041915462	0.130077397871	0.0	0.0561393953993	0.141749970775	0.138885349	0.146223892394	0.10285543321	0.104289834026	0.139663644671	0.135060090116	0.152073194434	0.11414415063	0.108273930239	0.128196299212	0.129968637533	0.125633435272	0.14048912042	0.10817615123	0.0951592275027	0.108024851344	0.110658382831	0.1378916307	0.14753723688	0.0912441996135	0.0798477290724	0.101640003931	0.118318300481	0.142951472709	0.145924727597	0.135379983652	0.0822374871443	0.118778984501	0.110291860017	0.108656300422
675950834-tonguedorsum2.snv.filtered.bam	0.128915369353	0.12039191348	0.135312087024	0.111369780862	0.124161298504	0.109550336144	0.135509096264	0.0985350549057	0.106643754141	0.118582536564	0.120521373693	0.0887189608388	0.0903693659585	0.0971445079462	0.0967851006582	0.0853649245966	0.115872411421	0.119675541854	0.0561393953993	0.0	0.129866826218	0.131314287074	0.149382629129	0.0893358867	0.0926815947104	0.132130821854	0.128639439741	0.148976522798	0.106979482775	0.0984749470627	0.104099164209	0.122596459834	0.124859906664	0.131013018121	0.0982555956129	0.0858838104258	0.0943775608071	0.0995970947864	0.126966118601	0.14045435869	0.0972066767896	0.0971556995263	0.0963743279956	0.105781032973	0.135407353398	0.138962830637	0.126633996834	0.0736776870158	0.111081378131	0.0988060068615	0.0993362194423
737052003-tonguedorsum1.snv.filtered.bam	0.159481635733	0.143210670517	0.167609120609	0.132808688418	0.161859418136	0.153470310572	0.136297329544	0.144239898197	0.147888178597	0.160691471117	0.155576494356	0.123019393599	0.131084527179	0.138387435314	0.141119551075	0.140628975779	0.147267691259	0.147426543912	0.141749970775	0.129866826218	0.0	0.143305504861	0.161085681487	0.132027263816	0.128251223402	0.138492131607	0.155323855918	0.161702010549	0.147392494317	0.149641789251	0.128767285804	0.131413091022	0.133492022106	0.139943383581	0.14584383782	0.124421481058	0.137886702193	0.124923063515	0.152148682899	0.159637918144	0.144803285778	0.162280478123	0.154418192554	0.142244082386	0.123595594733	0.128288308081	0.150915052549	0.129355539284	0.140558088471	0.135834896002	0.130431372648
737052003-tonguedorsum2.snv.filtered.bam	0.14104252262	0.123666257059	0.168420749118	0.103874158271	0.171372481281	0.153221582399	0.135987233027	0.129702017637	0.163273344637	0.142790022279	0.135549331985	0.120638565129	0.129868434713	0.130210696744	0.135354392905	0.133940800125	0.14302428878	0.14551814581	0.138885349	0.131314287074	0.143305504861	0.0	0.174104245569	0.14274812328	0.139561556958	0.121112658427	0.138760483919	0.140780558875	0.147240922373	0.147102229828	0.12850391529	0.137962929497	0.14293929419	0.133445589225	0.144565979222	0.125192816045	0.133657923387	0.143413831145	0.128738338371	0.13342765633	0.137697827897	0.151981412531	0.148305254683	0.124768835838	0.131647779154	0.133226559017	0.139687135624	0.114550975904	0.151066669345	0.143424734339	0.116809241165
763536994-tonguedorsum2.snv.filtered.bam	0.15198251344	0.151690959288	0.172013617714	0.155327862638	0.14801419731	0.143624874747	0.158322649937	0.15412928131	0.151456795699	0.159741992896	0.149245866099	0.148858819064	0.141825879299	0.148680769742	0.150064945539	0.139468251471	0.140997711882	0.151306220047	0.146223892394	0.149382629129	0.161085681487	0.174104245569	0.0	0.158036787956	0.160186340412	0.15910034422	0.172633771061	0.186567967368	0.143083830741	0.150249113342	0.154970851446	0.173683548162	0.189709617931	0.171733306362	0.164077702948	0.15313040342	0.163061179805	0.154193389818	0.154559806574	0.152119925323	0.165149702718	0.165143393935	0.165511211215	0.164572230275	0.164905711018	0.16593853288	0.163905694356	0.15131358831	0.180939058629	0.172217730729	0.169346858825
763577454-tonguedorsum1.snv.filtered.bam	0.136752610241	0.137909789903	0.134256944799	0.124065680254	0.122549710015	0.121092307525	0.139441351553	0.116192548527	0.0961074386009	0.132157089673	0.12810671865	0.0985492986812	0.103295410717	0.103216195928	0.0798247909136	0.090307162103	0.116903692478	0.129295511813	0.10285543321	0.0893358867	0.132027263816	0.14274812328	0.158036787956	0.0	0.0410090897869	0.13592225581	0.138490727218	0.158525793506	0.114803258927	0.104578869016	0.110827146981	0.116755663117	0.117201426837	0.140196827339	0.109659612336	0.111234802634	0.106821326232	0.105661250522	0.136679277601	0.155690867759	0.117748269516	0.123751989291	0.120130287763	0.103418496307	0.147512964179	0.154437991385	0.143701191569	0.109471892935	0.125943118665	0.111274836889	0.116891867778
763577454-tonguedorsum2.snv.filtered.bam	0.135668075773	0.137644326144	0.141937397724	0.116199404723	0.128676159181	0.126821117181	0.139510127997	0.113892123692	0.103045300507	0.127623362144	0.124287579884	0.0971063768438	0.100411760575	0.104884437633	0.0841190377743	0.0949717800046	0.116139322439	0.126485285059	0.104289834026	0.0926815947104	0.128251223402	0.139561556958	0.160186340412	0.0410090897869	0.0	0.132052992944	0.138623066087	0.15730481028	0.11626886947	0.108361901708	0.108373875248	0.116735655752	0.117911274057	0.137198471437	0.111143550629	0.103293222152	0.0998388654397	0.108259622425	0.130674912397	0.149733937653	0.117931857367	0.128154544638	0.124713686337	0.10032173335	0.141610030394	0.149511024971	0.142929892881	0.108909199617	0.124950144107	0.112083420657	0.115158730403
763901136-tonguedorsum1.snv.filtered.bam	0.151126097841	0.11212018943	0.178955897059	0.118353919818	0.153521829363	0.141900728284	0.132854496959	0.126056273578	0.155123803898	0.139293098235	0.13982502072	0.122018803767	0.125594636819	0.151333251104	0.146755225377	0.141890696048	0.135767451133	0.146753538237	0.139663644671	0.132130821854	0.138492131607	0.121112658427	0.15910034422	0.13592225581	0.132052992944	0.0	0.0668296219705	0.0821035293883	0.154152737851	0.150120046844	0.125305783766	0.153316661191	0.164025902843	0.118811418048	0.138238745011	0.126462580035	0.129987391337	0.140426461458	0.129281984883	0.138422270375	0.155292301516	0.15859650334	0.149952608798	0.124902476278	0.122330769317	0.126342823458	0.14879816038	0.12938969404	0.170994508702	0.15704294916	0.145122569435
763901136-tonguedorsum2.snv.filtered.bam	0.152701927482	0.122836049318	0.173698037596	0.123059089571	0.15292033803	0.143134149012	0.144598239133	0.120981046054	0.15815725636	0.126668540235	0.129539421441	0.128598377492	0.127756286778	0.150837810589	0.139706612565	0.138641966508	0.135840320428	0.144928920554	0.135060090116	0.128639439741	0.155323855918	0.138760483919	0.172633771061	0.138490727218	0.138623066087	0.0668296219705	0.0	0.0437925831019	0.158697426811	0.1558762259	0.116285687108	0.156049899809	0.166697086525	0.130911689684	0.138893346582	0.122697644313	0.128304071023	0.15036316553	0.122640401685	0.132807061132	0.152837534024	0.157602527016	0.13790476431	0.128250847126	0.130419710474	0.138016301426	0.137737337165	0.132087758537	0.169825404652	0.160620670221	0.147524978123
763901136-tonguedorsum3.snv.filtered.bam	0.168405554295	0.136781398146	0.189877735271	0.126325422733	0.166811730385	0.16307896271	0.152696548192	0.142849494454	0.176710512254	0.143504741637	0.145564761928	0.143509141685	0.143243700942	0.169878191935	0.159790605395	0.163039155686	0.143948801184	0.15437950174	0.152073194434	0.148976522798	0.161702010549	0.140780558875	0.186567967368	0.158525793506	0.15730481028	0.0821035293883	0.0437925831019	0.0	0.177268312354	0.172242317751	0.135816435234	0.171429381698	0.181389706913	0.137278372767	0.156739680743	0.144154019686	0.149135376923	0.168625214706	0.129989843488	0.136232128945	0.165844176591	0.167236266621	0.153047249911	0.145797884857	0.142429624429	0.147183032353	0.14640479717	0.151557156799	0.188088525061	0.180292337779	0.168047104089
763961826-throat1.snv.filtered.bam	0.144323888634	0.148628794717	0.146213967494	0.142125575605	0.145746021578	0.127329471677	0.160287192019	0.115504045659	0.110236539015	0.128800210052	0.136086227709	0.111082822232	0.11247987307	0.120393541205	0.105557429317	0.1110233449	0.128796887381	0.117220633223	0.11414415063	0.106979482775	0.147392494317	0.147240922373	0.143083830741	0.114803258927	0.11626886947	0.154152737851	0.158697426811	0.177268312354	0.0	0.052788672097	0.122984900678	0.142826492322	0.138192555673	0.153513947662	0.114360338193	0.121689200971	0.120023578239	0.111510139295	0.14021194094	0.153311433881	0.124229031668	0.129277250056	0.129437792011	0.144419854591	0.156164012517	0.160847570601	0.167385115921	0.116652344075	0.110270438279	0.105841905415	0.12208957615
763961826-tonguedorsum1.snv.filtered.bam	0.145495021839	0.147664065622	0.150504560613	0.148842053558	0.140126754476	0.130345579822	0.158685872693	0.112709920063	0.107598321452	0.132375166672	0.135975581457	0.106191040163	0.107955576646	0.119444968564	0.108372083372	0.107387093269	0.125179715554	0.122325868082	0.108273930239	0.0984749470627	0.149641789251	0.147102229828	0.150249113342	0.104578869016	0.108361901708	0.150120046844	0.1558762259	0.172242317751	0.052788672097	0.0	0.122295257435	0.135235799487	0.133865406385	0.156321861627	0.110633748557	0.122001015104	0.11416675641	0.107227152271	0.144601107339	0.162852342635	0.12174153483	0.126452240839	0.127517635948	0.135434460557	0.152530342858	0.159331250455	0.159253093306	0.114405803975	0.101417198637	0.0999889387032	0.120058436849
763982056-tonguedorsum3.snv.filtered.bam	0.125988226545	0.115232185072	0.11818471266	0.106130150656	0.130391553398	0.129599790854	0.115692142226	0.105993631185	0.120985898403	0.109642482903	0.107782024484	0.108530672727	0.106053674647	0.116744068719	0.106672659083	0.10207799963	0.111220484315	0.108218188493	0.128196299212	0.104099164209	0.128767285804	0.12850391529	0.154970851446	0.110827146981	0.108373875248	0.125305783766	0.116285687108	0.135816435234	0.122984900678	0.122295257435	0.0	0.141471267889	0.153041887741	0.130023353666	0.122304996681	0.103530433136	0.105994439579	0.120311373678	0.109072288761	0.120696504643	0.138716383691	0.151169756415	0.128961669935	0.125228678558	0.123746383982	0.130651232436	0.141778868545	0.102041285459	0.137196945205	0.130169869264	0.116040878412
764143897-tonguedorsum1.snv.filtered.bam	0.149451808969	0.147525647181	0.157996566131	0.13700744743	0.152698997173	0.143639291101	0.155501621147	0.132633273762	0.138905888217	0.157251956377	0.152092741864	0.119366016731	0.125959246025	0.129197977904	0.119791056505	0.127808457341	0.160383066539	0.161255449794	0.129968637533	0.122596459834	0.131413091022	0.137962929497	0.173683548162	0.116755663117	0.116735655752	0.153316661191	0.156049899809	0.171429381698	0.142826492322	0.135235799487	0.141471267889	0.0	0.0491451914695	0.144437440514	0.137858957811	0.136752855775	0.132438976187	0.119915821796	0.138577799595	0.160704817868	0.124451056402	0.138827272396	0.138924232428	0.115091321853	0.154412248689	0.160209209979	0.139059828536	0.11793410898	0.12546082523	0.115481896612	0.107242757845
764143897-tonguedorsum2.snv.filtered.bam	0.150059767317	0.157997371558	0.154535919197	0.136314588403	0.150370705964	0.141619973886	0.165360396103	0.134296395803	0.134710873056	0.162517297007	0.156597953268	0.118244012056	0.127849635676	0.137903743526	0.119883759617	0.139907217276	0.15822577041	0.159186960801	0.125633435272	0.124859906664	0.133492022106	0.14293929419	0.189709617931	0.117201426837	0.117911274057	0.164025902843	0.166697086525	0.181389706913	0.138192555673	0.133865406385	0.153041887741	0.0491451914695	0.0	0.154056571544	0.126199517324	0.13874649277	0.135165191443	0.115064707354	0.142259471083	0.168037037681	0.109147716194	0.128005339742	0.143519220112	0.129988360358	0.168551394947	0.17542287569	0.153553667146	0.123828103952	0.121548277995	0.109007349357	0.108895379936
764285508-tonguedorsum2.snv.filtered.bam	0.152055921182	0.122089067135	0.170629976897	0.114938266549	0.153475354586	0.145420257022	0.139210034081	0.133283830401	0.162612734333	0.159976527654	0.147831037321	0.138110514246	0.133239771098	0.151153856148	0.149387791301	0.149327722413	0.133996773072	0.138390097486	0.14048912042	0.131013018121	0.139943383581	0.133445589225	0.171733306362	0.140196827339	0.137198471437	0.118811418048	0.130911689684	0.137278372767	0.153513947662	0.156321861627	0.130023353666	0.144437440514	0.154056571544	0.0	0.136854666573	0.12396121931	0.130654503566	0.148423237	0.117641289845	0.138300663204	0.153005323782	0.154267432165	0.147208740493	0.127586879923	0.119774850598	0.119063516831	0.149623297545	0.130167022973	0.153687731658	0.147393169606	0.138613468961
764305738-tonguedorsum1.snv.filtered.bam	0.13392232763	0.130161329302	0.144902826668	0.1385815548	0.134675346957	0.122090253064	0.14763045329	0.108591647011	0.118932707331	0.134882303402	0.135968741988	0.114093610427	0.116911186785	0.129069979694	0.115970038524	0.115455447914	0.127645683138	0.120646234776	0.10817615123	0.0982555956129	0.14584383782	0.144565979222	0.164077702948	0.109659612336	0.111143550629	0.138238745011	0.138893346582	0.156739680743	0.114360338193	0.110633748557	0.122304996681	0.137858957811	0.126199517324	0.136854666573	0.0	0.126751139486	0.11815183305	0.112824448216	0.131981524336	0.151281362401	0.112573337727	0.125661909416	0.141685171627	0.124057119787	0.141137332829	0.147923709711	0.148944768945	0.107201084354	0.117868902606	0.104873861033	0.123878650628
764325968-tonguedorsum1.snv.filtered.bam	0.139281149752	0.129277249767	0.155980167509	0.100471333939	0.141241981006	0.120912035846	0.139493239624	0.106621374204	0.13248038561	0.120481925259	0.120081648895	0.106579489054	0.102523848809	0.111834915007	0.107315997702	0.108416866397	0.115518160272	0.125374967748	0.0951592275027	0.0858838104258	0.124421481058	0.125192816045	0.15313040342	0.111234802634	0.103293222152	0.126462580035	0.122697644313	0.144154019686	0.121689200971	0.122001015104	0.103530433136	0.136752855775	0.13874649277	0.12396121931	0.126751139486	0.0	0.0801135108014	0.110619351828	0.124674284097	0.136634555488	0.119754960486	0.130022264463	0.113516752538	0.112859080928	0.133608048238	0.138991005863	0.130099379328	0.0876851388895	0.123960023814	0.116341852555	0.112525422332
764325968-tonguedorsum2.snv.filtered.bam	0.141874309598	0.139294288168	0.145885023832	0.115701977312	0.11899933569	0.125594580667	0.132606453351	0.111906631752	0.116221167502	0.115313484163	0.122432783972	0.102236620337	0.100013026168	0.123423091031	0.107472338616	0.107114297301	0.118994217842	0.118710057326	0.108024851344	0.0943775608071	0.137886702193	0.133657923387	0.163061179805	0.106821326232	0.0998388654397	0.129987391337	0.128304071023	0.149135376923	0.120023578239	0.11416675641	0.105994439579	0.132438976187	0.135165191443	0.130654503566	0.11815183305	0.0801135108014	0.0	0.104844777152	0.129021249653	0.1455252047	0.141302590125	0.143900102129	0.128440628138	0.129702947665	0.137317926977	0.14490678563	0.143103873368	0.106267248489	0.118972876582	0.110831064581	0.118066252094
764366428-tonguedorsum2.snv.filtered.bam	0.139403054583	0.140380868183	0.140976421174	0.130888421201	0.122960482853	0.114736461017	0.137954505323	0.130002539516	0.106536698618	0.12918040086	0.127650086682	0.101625070456	0.0995684174107	0.119999274765	0.108394223681	0.106320232343	0.118439825262	0.118836905163	0.110658382831	0.0995970947864	0.124923063515	0.143413831145	0.154193389818	0.105661250522	0.108259622425	0.140426461458	0.15036316553	0.168625214706	0.111510139295	0.107227152271	0.120311373678	0.119915821796	0.115064707354	0.148423237	0.112824448216	0.110619351828	0.104844777152	0.0	0.139825462002	0.15892410611	0.122033385447	0.125068281532	0.128741135391	0.1394546199	0.141574465906	0.14820925755	0.146334530316	0.105662693939	0.112277808842	0.104771679253	0.109762107381
764811490-tonguedorsum1.snv.filtered.bam	0.119717124599	0.100879931842	0.162102204648	0.0835254419318	0.141512592769	0.142354498336	0.107187822126	0.133497786226	0.149297701669	0.129944724824	0.102731055981	0.118553084614	0.125340423073	0.135163399884	0.135852493403	0.129934143739	0.119712395628	0.131606342474	0.1378916307	0.126966118601	0.152148682899	0.128738338371	0.154559806574	0.136679277601	0.130674912397	0.129281984883	0.122640401685	0.129989843488	0.14021194094	0.144601107339	0.109072288761	0.138577799595	0.142259471083	0.117641289845	0.131981524336	0.124674284097	0.129021249653	0.139825462002	0.0	0.0504096463669	0.141907521421	0.162006297594	0.146637703718	0.123121222313	0.129059542694	0.13048599852	0.136896601792	0.128026804133	0.165153294556	0.151720483261	0.11377235411
764811490-tonguedorsum2.snv.filtered.bam	0.127087826852	0.111435017684	0.157952896461	0.0871962655767	0.153310428366	0.153527319539	0.0980555965309	0.141996975676	0.158822461479	0.131206867114	0.103661669593	0.128675188703	0.13550514915	0.145277881506	0.152704671892	0.145621447797	0.129091501253	0.134604734626	0.14753723688	0.14045435869	0.159637918144	0.13342765633	0.152119925323	0.155690867759	0.149733937653	0.138422270375	0.132807061132	0.136232128945	0.153311433881	0.162852342635	0.120696504643	0.160704817868	0.168037037681	0.138300663204	0.151281362401	0.136634555488	0.1455252047	0.15892410611	0.0504096463669	0.0	0.158352358627	0.179139266167	0.16424419308	0.143837527929	0.122399243891	0.12547260707	0.140716584699	0.138635090273	0.18748289479	0.172613448278	0.132041779336
765013792-tonguedorsum1.snv.filtered.bam	0.137344235619	0.142036124919	0.156609598783	0.135895334833	0.141134152384	0.123793585755	0.160566179898	0.122606608485	0.129245205995	0.146340788803	0.140889475526	0.117085597485	0.122059255501	0.119705628349	0.114743858777	0.124105871981	0.139459080061	0.135208581233	0.0912441996135	0.0972066767896	0.144803285778	0.137697827897	0.165149702718	0.117748269516	0.117931857367	0.155292301516	0.152837534024	0.165844176591	0.124229031668	0.12174153483	0.138716383691	0.124451056402	0.109147716194	0.153005323782	0.112573337727	0.119754960486	0.141302590125	0.122033385447	0.141907521421	0.158352358627	0.0	0.0951779012706	0.118334904831	0.128586161281	0.161178417932	0.164784646082	0.14157748114	0.105786763324	0.11848231957	0.108886976366	0.123644597079
765013792-tonguedorsum2.snv.filtered.bam	0.153317041478	0.152598091336	0.166934050978	0.148376341694	0.142868741959	0.123533721887	0.174902732616	0.137179541825	0.131178785389	0.145005822559	0.147299226305	0.120444852103	0.127731880585	0.122266378563	0.117940281142	0.123717226751	0.143313112863	0.153857772274	0.0798477290724	0.0971556995263	0.162280478123	0.151981412531	0.165143393935	0.123751989291	0.128154544638	0.15859650334	0.157602527016	0.167236266621	0.129277250056	0.126452240839	0.151169756415	0.138827272396	0.128005339742	0.154267432165	0.125661909416	0.130022264463	0.143900102129	0.125068281532	0.162006297594	0.179139266167	0.0951779012706	0.0	0.0880754645322	0.143537508476	0.155187328093	0.159240430029	0.143758499659	0.101069597846	0.130265416451	0.120605971276	0.13081418455
765013792-tonguedorsum3.snv.filtered.bam	0.144391257238	0.143106345351	0.16583102358	0.134620760655	0.146720994417	0.130391887279	0.159153757177	0.128686489339	0.139448715493	0.138916159015	0.128809406903	0.116187501655	0.117594774495	0.134829072202	0.125417402107	0.122811717975	0.139846293068	0.144728451631	0.101640003931	0.0963743279956	0.154418192554	0.148305254683	0.165511211215	0.120130287763	0.124713686337	0.149952608798	0.13790476431	0.153047249911	0.129437792011	0.127517635948	0.128961669935	0.138924232428	0.143519220112	0.147208740493	0.141685171627	0.113516752538	0.128440628138	0.128741135391	0.146637703718	0.16424419308	0.118334904831	0.0880754645322	0.0	0.134935451662	0.155829170911	0.16075010963	0.129636177973	0.100830006499	0.138069288045	0.129003345658	0.132322291248
765074482-tonguedorsum3.snv.filtered.bam	0.136795385942	0.11625071985	0.174409610921	0.113584253528	0.152207309463	0.135966221509	0.144352088028	0.126764762684	0.150622520936	0.146182714178	0.13367024132	0.11845073051	0.131165071629	0.133703759176	0.127792019752	0.123649560237	0.131762557041	0.142225583274	0.118318300481	0.105781032973	0.142244082386	0.124768835838	0.164572230275	0.103418496307	0.10032173335	0.124902476278	0.128250847126	0.145797884857	0.144419854591	0.135434460557	0.125228678558	0.115091321853	0.129988360358	0.127586879923	0.124057119787	0.112859080928	0.129702947665	0.1394546199	0.123121222313	0.143837527929	0.128586161281	0.143537508476	0.134935451662	0.0	0.133870337538	0.142085236676	0.121551548107	0.110207626931	0.13893585789	0.127209096549	0.118719384373
765094712-tonguedorsum1.snv.filtered.bam	0.152207126406	0.113936325664	0.157310082356	0.130033265388	0.156038536281	0.153666141963	0.124899478766	0.144904973112	0.155105167981	0.134889130556	0.132500432406	0.133330550725	0.137419828117	0.137689080455	0.152715396061	0.141367260041	0.134228162852	0.148506532374	0.142951472709	0.135407353398	0.123595594733	0.131647779154	0.164905711018	0.147512964179	0.141610030394	0.122330769317	0.130419710474	0.142429624429	0.156164012517	0.152530342858	0.123746383982	0.154412248689	0.168551394947	0.119774850598	0.141137332829	0.133608048238	0.137317926977	0.141574465906	0.129059542694	0.122399243891	0.161178417932	0.155187328093	0.155829170911	0.133870337538	0.0	0.0299908860214	0.14135449228	0.126791244952	0.157594165122	0.154004244301	0.128219018717
765094712-tonguedorsum2.snv.filtered.bam	0.153670910311	0.114111622316	0.160846571319	0.128950254616	0.157698054632	0.156340189177	0.126981652164	0.151946459806	0.160442878887	0.141274139949	0.138995136309	0.138265397496	0.14208120665	0.140097063127	0.158366903545	0.146390568255	0.136590737171	0.151672828356	0.145924727597	0.138962830637	0.128288308081	0.133226559017	0.16593853288	0.154437991385	0.149511024971	0.126342823458	0.138016301426	0.147183032353	0.160847570601	0.159331250455	0.130651232436	0.160209209979	0.17542287569	0.119063516831	0.147923709711	0.138991005863	0.14490678563	0.14820925755	0.13048599852	0.12547260707	0.164784646082	0.159240430029	0.16075010963	0.142085236676	0.0299908860214	0.0	0.143281301383	0.134454745556	0.16598989248	0.161927397661	0.135732688743
765135172-tonguedorsum1.snv.filtered.bam	0.146179529378	0.131119580183	0.177062514598	0.120522888876	0.154468695554	0.143595589319	0.125639995953	0.14632901207	0.166130933467	0.153165205061	0.139976926918	0.116158721281	0.123068453745	0.141823670276	0.149618973269	0.140081225045	0.155151747799	0.158719746944	0.135379983652	0.126633996834	0.150915052549	0.139687135624	0.163905694356	0.143701191569	0.142929892881	0.14879816038	0.137737337165	0.14640479717	0.167385115921	0.159253093306	0.141778868545	0.139059828536	0.153553667146	0.149623297545	0.148944768945	0.130099379328	0.143103873368	0.146334530316	0.136896601792	0.140716584699	0.14157748114	0.143758499659	0.129636177973	0.121551548107	0.14135449228	0.143281301383	0.0	0.124288695716	0.167012789542	0.151170561136	0.142168783817
