	158802708-stool2.snv.filtered.bam	158802708-stool3.snv.filtered.bam	158944319-stool1.snv.filtered.bam	158944319-stool3.snv.filtered.bam	159166850-stool1.snv.filtered.bam	159247771-stool1.snv.filtered.bam	159247771-stool2.snv.filtered.bam	159268001-stool2.snv.filtered.bam	160178356-stool2.snv.filtered.bam	160502038-stool3.snv.filtered.bam	508703490-stool2.snv.filtered.bam	508703490-stool3.snv.filtered.bam	604812005-stool3.snv.filtered.bam	763496533-stool1.snv.filtered.bam	763496533-stool2.snv.filtered.bam	763577454-stool1.snv.filtered.bam	763678604-stool1.snv.filtered.bam	763860675-stool1.snv.filtered.bam	764487809-stool1.snv.filtered.bam	764487809-stool2.snv.filtered.bam	764588959-stool1.snv.filtered.bam	765640925-stool1.snv.filtered.bam	809635352-stool2.snv.filtered.bam	823052294-stool1.snv.filtered.bam
158802708-stool2.snv.filtered.bam	0.0	0.0	0.218120805369	0.214765100671	0.251677852349	0.191275167785	0.204697986577	0.318791946309	0.224832214765	0.221476510067	0.231543624161	0.224832214765	0.187919463087	0.248322147651	0.238255033557	0.228187919463	0.157718120805	0.248322147651	0.238255033557	0.238255033557	0.291946308725	0.204697986577	0.275167785235	0.248322147651
158802708-stool3.snv.filtered.bam	0.0	0.0	0.211409395973	0.211409395973	0.238255033557	0.174496644295	0.187919463087	0.298657718121	0.214765100671	0.204697986577	0.221476510067	0.214765100671	0.177852348993	0.238255033557	0.228187919463	0.208053691275	0.144295302013	0.231543624161	0.224832214765	0.224832214765	0.278523489933	0.191275167785	0.255033557047	0.234899328859
158944319-stool1.snv.filtered.bam	0.218120805369	0.211409395973	0.0	0.0	0.214765100671	0.218120805369	0.224832214765	0.302013422819	0.208053691275	0.221476510067	0.184563758389	0.167785234899	0.177852348993	0.258389261745	0.241610738255	0.258389261745	0.187919463087	0.261744966443	0.228187919463	0.228187919463	0.248322147651	0.228187919463	0.268456375839	0.228187919463
158944319-stool3.snv.filtered.bam	0.214765100671	0.211409395973	0.0	0.0	0.214765100671	0.208053691275	0.214765100671	0.291946308725	0.201342281879	0.214765100671	0.177852348993	0.161073825503	0.174496644295	0.255033557047	0.238255033557	0.251677852349	0.177852348993	0.255033557047	0.221476510067	0.221476510067	0.241610738255	0.224832214765	0.258389261745	0.224832214765
159166850-stool1.snv.filtered.bam	0.251677852349	0.238255033557	0.214765100671	0.214765100671	0.0	0.181208053691	0.184563758389	0.315436241611	0.234899328859	0.211409395973	0.278523489933	0.261744966443	0.187919463087	0.265100671141	0.251677852349	0.238255033557	0.231543624161	0.255033557047	0.238255033557	0.238255033557	0.285234899329	0.261744966443	0.265100671141	0.234899328859
159247771-stool1.snv.filtered.bam	0.191275167785	0.174496644295	0.218120805369	0.208053691275	0.181208053691	0.0	0.0	0.278523489933	0.234899328859	0.191275167785	0.258389261745	0.251677852349	0.197986577181	0.228187919463	0.218120805369	0.137583892617	0.10067114094	0.251677852349	0.244966442953	0.244966442953	0.248322147651	0.268456375839	0.244966442953	0.241610738255
159247771-stool2.snv.filtered.bam	0.204697986577	0.187919463087	0.224832214765	0.214765100671	0.184563758389	0.0	0.0	0.295302013423	0.248322147651	0.204697986577	0.265100671141	0.258389261745	0.204697986577	0.238255033557	0.228187919463	0.151006711409	0.107382550336	0.261744966443	0.261744966443	0.261744966443	0.265100671141	0.278523489933	0.261744966443	0.248322147651
159268001-stool2.snv.filtered.bam	0.318791946309	0.298657718121	0.302013422819	0.291946308725	0.315436241611	0.278523489933	0.295302013423	0.0	0.208053691275	0.268456375839	0.291946308725	0.275167785235	0.295302013423	0.265100671141	0.248322147651	0.305369127517	0.275167785235	0.191275167785	0.308724832215	0.308724832215	0.248322147651	0.278523489933	0.0637583892617	0.228187919463
160178356-stool2.snv.filtered.bam	0.224832214765	0.214765100671	0.208053691275	0.201342281879	0.234899328859	0.234899328859	0.248322147651	0.208053691275	0.0	0.214765100671	0.238255033557	0.218120805369	0.221476510067	0.224832214765	0.211409395973	0.231543624161	0.221476510067	0.251677852349	0.234899328859	0.234899328859	0.244966442953	0.194630872483	0.218120805369	0.204697986577
160502038-stool3.snv.filtered.bam	0.221476510067	0.204697986577	0.221476510067	0.214765100671	0.211409395973	0.191275167785	0.204697986577	0.268456375839	0.214765100671	0.0	0.234899328859	0.221476510067	0.157718120805	0.241610738255	0.224832214765	0.201342281879	0.187919463087	0.228187919463	0.177852348993	0.177852348993	0.238255033557	0.228187919463	0.221476510067	0.204697986577
508703490-stool2.snv.filtered.bam	0.231543624161	0.221476510067	0.184563758389	0.177852348993	0.278523489933	0.258389261745	0.265100671141	0.291946308725	0.238255033557	0.234899328859	0.0	0.0	0.248322147651	0.174496644295	0.167785234899	0.275167785235	0.228187919463	0.278523489933	0.271812080537	0.271812080537	0.187919463087	0.285234899329	0.278523489933	0.291946308725
508703490-stool3.snv.filtered.bam	0.224832214765	0.214765100671	0.167785234899	0.161073825503	0.261744966443	0.251677852349	0.258389261745	0.275167785235	0.218120805369	0.221476510067	0.0	0.0	0.234899328859	0.161073825503	0.154362416107	0.265100671141	0.218120805369	0.258389261745	0.251677852349	0.251677852349	0.187919463087	0.271812080537	0.261744966443	0.278523489933
604812005-stool3.snv.filtered.bam	0.187919463087	0.177852348993	0.177852348993	0.174496644295	0.187919463087	0.197986577181	0.204697986577	0.295302013423	0.221476510067	0.157718120805	0.248322147651	0.234899328859	0.0	0.255033557047	0.238255033557	0.224832214765	0.184563758389	0.258389261745	0.208053691275	0.208053691275	0.288590604027	0.0838926174497	0.255033557047	0.11744966443
763496533-stool1.snv.filtered.bam	0.248322147651	0.238255033557	0.258389261745	0.255033557047	0.265100671141	0.228187919463	0.238255033557	0.265100671141	0.224832214765	0.241610738255	0.174496644295	0.161073825503	0.255033557047	0.0	0.0	0.234899328859	0.218120805369	0.251677852349	0.278523489933	0.278523489933	0.248322147651	0.298657718121	0.251677852349	0.281879194631
763496533-stool2.snv.filtered.bam	0.238255033557	0.228187919463	0.241610738255	0.238255033557	0.251677852349	0.218120805369	0.228187919463	0.248322147651	0.211409395973	0.224832214765	0.167785234899	0.154362416107	0.238255033557	0.0	0.0	0.224832214765	0.204697986577	0.231543624161	0.268456375839	0.268456375839	0.238255033557	0.281879194631	0.234899328859	0.265100671141
763577454-stool1.snv.filtered.bam	0.228187919463	0.208053691275	0.258389261745	0.251677852349	0.238255033557	0.137583892617	0.151006711409	0.305369127517	0.231543624161	0.201342281879	0.275167785235	0.265100671141	0.224832214765	0.234899328859	0.224832214765	0.0	0.218120805369	0.251677852349	0.238255033557	0.238255033557	0.251677852349	0.291946308725	0.255033557047	0.234899328859
763678604-stool1.snv.filtered.bam	0.157718120805	0.144295302013	0.187919463087	0.177852348993	0.231543624161	0.10067114094	0.107382550336	0.275167785235	0.221476510067	0.187919463087	0.228187919463	0.218120805369	0.184563758389	0.218120805369	0.204697986577	0.218120805369	0.0	0.238255033557	0.228187919463	0.228187919463	0.248322147651	0.231543624161	0.238255033557	0.244966442953
763860675-stool1.snv.filtered.bam	0.248322147651	0.231543624161	0.261744966443	0.255033557047	0.255033557047	0.251677852349	0.261744966443	0.191275167785	0.251677852349	0.228187919463	0.278523489933	0.258389261745	0.258389261745	0.251677852349	0.231543624161	0.251677852349	0.238255033557	0.0	0.221476510067	0.221476510067	0.271812080537	0.305369127517	0.167785234899	0.271812080537
764487809-stool1.snv.filtered.bam	0.238255033557	0.224832214765	0.228187919463	0.221476510067	0.238255033557	0.244966442953	0.261744966443	0.308724832215	0.234899328859	0.177852348993	0.271812080537	0.251677852349	0.208053691275	0.278523489933	0.268456375839	0.238255033557	0.228187919463	0.221476510067	0.0	0.0	0.258389261745	0.268456375839	0.268456375839	0.248322147651
764487809-stool2.snv.filtered.bam	0.238255033557	0.224832214765	0.228187919463	0.221476510067	0.238255033557	0.244966442953	0.261744966443	0.308724832215	0.234899328859	0.177852348993	0.271812080537	0.251677852349	0.208053691275	0.278523489933	0.268456375839	0.238255033557	0.228187919463	0.221476510067	0.0	0.0	0.258389261745	0.268456375839	0.268456375839	0.248322147651
764588959-stool1.snv.filtered.bam	0.291946308725	0.278523489933	0.248322147651	0.241610738255	0.285234899329	0.248322147651	0.265100671141	0.248322147651	0.244966442953	0.238255033557	0.187919463087	0.187919463087	0.288590604027	0.248322147651	0.238255033557	0.251677852349	0.248322147651	0.271812080537	0.258389261745	0.258389261745	0.0	0.342281879195	0.228187919463	0.295302013423
765640925-stool1.snv.filtered.bam	0.204697986577	0.191275167785	0.228187919463	0.224832214765	0.261744966443	0.268456375839	0.278523489933	0.278523489933	0.194630872483	0.228187919463	0.285234899329	0.271812080537	0.0838926174497	0.298657718121	0.281879194631	0.291946308725	0.231543624161	0.305369127517	0.268456375839	0.268456375839	0.342281879195	0.0	0.291946308725	0.130872483221
809635352-stool2.snv.filtered.bam	0.275167785235	0.255033557047	0.268456375839	0.258389261745	0.265100671141	0.244966442953	0.261744966443	0.0637583892617	0.218120805369	0.221476510067	0.278523489933	0.261744966443	0.255033557047	0.251677852349	0.234899328859	0.255033557047	0.238255033557	0.167785234899	0.268456375839	0.268456375839	0.228187919463	0.291946308725	0.0	0.241610738255
823052294-stool1.snv.filtered.bam	0.248322147651	0.234899328859	0.228187919463	0.224832214765	0.234899328859	0.241610738255	0.248322147651	0.228187919463	0.204697986577	0.204697986577	0.291946308725	0.278523489933	0.11744966443	0.281879194631	0.265100671141	0.234899328859	0.244966442953	0.271812080537	0.248322147651	0.248322147651	0.295302013423	0.130872483221	0.241610738255	0.0
