	158802708-stool2.snv.filtered.bam	158802708-stool3.snv.filtered.bam	158944319-stool1.snv.filtered.bam	158944319-stool3.snv.filtered.bam	159166850-stool1.snv.filtered.bam	159247771-stool1.snv.filtered.bam	159247771-stool2.snv.filtered.bam	159268001-stool2.snv.filtered.bam	160178356-stool2.snv.filtered.bam	160502038-stool3.snv.filtered.bam	508703490-stool2.snv.filtered.bam	508703490-stool3.snv.filtered.bam	604812005-stool3.snv.filtered.bam	763496533-stool1.snv.filtered.bam	763496533-stool2.snv.filtered.bam	763577454-stool1.snv.filtered.bam	763678604-stool1.snv.filtered.bam	763860675-stool1.snv.filtered.bam	764487809-stool1.snv.filtered.bam	764487809-stool2.snv.filtered.bam	764588959-stool1.snv.filtered.bam	765640925-stool1.snv.filtered.bam	809635352-stool2.snv.filtered.bam	823052294-stool1.snv.filtered.bam
158802708-stool2.snv.filtered.bam	0.0	0.0014880870118	0.218984373459	0.218296536974	0.25419638503	0.204825071125	0.207468281269	0.310800556916	0.241889531853	0.232999156323	0.236456155261	0.233012031214	0.19457100995	0.250135486305	0.250741808408	0.229306516899	0.161900174647	0.252432185452	0.239380023903	0.240026518147	0.305136644727	0.207091787221	0.288138399999	0.252349575341
158802708-stool3.snv.filtered.bam	0.0014880870118	0.0	0.220660920044	0.220684702503	0.250487559535	0.19143907563	0.197471730432	0.302769448328	0.240601503759	0.223672161172	0.23487544484	0.23125929072	0.190647482014	0.249264955692	0.249590092447	0.217313596309	0.153319841487	0.245010460036	0.234932678863	0.235362699095	0.302873820805	0.20085441423	0.279240895606	0.247411773287
158944319-stool1.snv.filtered.bam	0.218984373459	0.220660920044	0.0	0.00193451315872	0.217969042265	0.232405487189	0.226560492612	0.293118639734	0.223901439049	0.232487800465	0.188597348576	0.174110196063	0.18363743609	0.259995871189	0.252763489689	0.25896851154	0.19121822978	0.266226411173	0.229370941362	0.229640766022	0.259602972144	0.230190238409	0.282251003316	0.231928999908
158944319-stool3.snv.filtered.bam	0.218296536974	0.220684702503	0.00193451315872	0.0	0.220255623047	0.223400490201	0.217985920686	0.285321644496	0.218818487909	0.226903043437	0.183158016951	0.168675926965	0.181588240125	0.257633808521	0.250722182992	0.254650884118	0.182619548395	0.261300060034	0.224389320526	0.224672329982	0.253492115376	0.228914322965	0.272759963693	0.22992905028
159166850-stool1.snv.filtered.bam	0.25419638503	0.250487559535	0.217969042265	0.220255623047	0.0	0.19331831563	0.188575365225	0.308812345784	0.255409951851	0.223324498397	0.286427111918	0.2734513647	0.195660727667	0.26918128676	0.265951033152	0.240164969982	0.236875504554	0.260856553035	0.240794883589	0.240917712315	0.300484917143	0.265867257745	0.279468884955	0.239638413565
159247771-stool1.snv.filtered.bam	0.204825071125	0.19143907563	0.232405487189	0.223400490201	0.19331831563	0.0	0.00110605454997	0.281336171488	0.268247528897	0.212966809858	0.279031177688	0.27599789916	0.216332686921	0.242286840392	0.240805062766	0.14625490007	0.109531089118	0.270785136473	0.260295908058	0.260447605874	0.275093055549	0.286176377947	0.273081612742	0.259061970472
159247771-stool2.snv.filtered.bam	0.207468281269	0.197471730432	0.226560492612	0.217985920686	0.188575365225	0.00110605454997	0.0	0.281885483362	0.267475980801	0.215992757652	0.270934166118	0.267956944569	0.212039595755	0.240233805661	0.239242824835	0.15296677346	0.111264735473	0.266975864626	0.263892042482	0.264122215223	0.277544573358	0.281385540312	0.276117053822	0.252315655662
159268001-stool2.snv.filtered.bam	0.310800556916	0.302769448328	0.293118639734	0.285321644496	0.308812345784	0.281336171488	0.281885483362	0.0	0.221211026834	0.2729095655	0.294027989778	0.281523525963	0.288051697471	0.263212736366	0.256532175128	0.291899043506	0.272520883005	0.200428609742	0.300148913385	0.300151243872	0.260232923093	0.272039996767	0.0854978056475	0.225822790042
160178356-stool2.snv.filtered.bam	0.241889531853	0.240601503759	0.223901439049	0.218818487909	0.255409951851	0.268247528897	0.267475980801	0.221211026834	0.0	0.239466292135	0.259124087591	0.241854362563	0.244444444444	0.242563433348	0.235092395167	0.249146761351	0.241634688063	0.273438299926	0.252546333989	0.252808988458	0.274179967463	0.209094885658	0.24195770696	0.221770445476
160502038-stool3.snv.filtered.bam	0.232999156323	0.223672161172	0.232487800465	0.226903043437	0.223324498397	0.212966809858	0.215992757652	0.2729095655	0.239466292135	0.0	0.249776785714	0.238253875557	0.169449458484	0.253930296389	0.246111257003	0.211229121598	0.199431198762	0.241969765259	0.186390425862	0.186777436951	0.259798267035	0.24001010796	0.24046661946	0.214912083944
508703490-stool2.snv.filtered.bam	0.236456155261	0.23487544484	0.188597348576	0.183158016951	0.286427111918	0.279031177688	0.270934166118	0.294027989778	0.259124087591	0.249776785714	0.0	0.000205676676265	0.259649122807	0.17895097089	0.17906462585	0.280381189571	0.235993992504	0.287599079924	0.276958378854	0.277304733745	0.199243512102	0.291312813891	0.296483980687	0.30033631669
508703490-stool3.snv.filtered.bam	0.233012031214	0.23125929072	0.174110196063	0.168675926965	0.2734513647	0.27599789916	0.267956944569	0.281523525963	0.241854362563	0.238253875557	0.000205676676265	0.0	0.249319656688	0.167383428863	0.166953883002	0.273677733616	0.228690740471	0.270965984632	0.260357052637	0.260636042903	0.200882618029	0.281768028516	0.283831879093	0.290756487306
604812005-stool3.snv.filtered.bam	0.19457100995	0.190647482014	0.18363743609	0.181588240125	0.195660727667	0.216332686921	0.212039595755	0.288051697471	0.244444444444	0.169449458484	0.259649122807	0.249319656688	0.0	0.26356080852	0.256334880523	0.231557546705	0.192594199173	0.269384955948	0.21468894438	0.214749733782	0.308198662726	0.0874150556993	0.274933573862	0.122594036104
763496533-stool1.snv.filtered.bam	0.250135486305	0.249264955692	0.259995871189	0.257633808521	0.26918128676	0.242286840392	0.240233805661	0.263212736366	0.242563433348	0.253930296389	0.17895097089	0.167383428863	0.26356080852	0.0	0.00200256038206	0.236639298824	0.222229317496	0.256653465057	0.280236015056	0.280789779248	0.259591392638	0.301034927801	0.263551861607	0.286542936647
763496533-stool2.snv.filtered.bam	0.250741808408	0.249590092447	0.252763489689	0.250722182992	0.265951033152	0.240805062766	0.239242824835	0.256532175128	0.235092395167	0.246111257003	0.17906462585	0.166953883002	0.256334880523	0.00200256038206	0.0	0.236026531791	0.217252508267	0.245910133007	0.28134100691	0.281281343073	0.258574203148	0.296056045848	0.257763826709	0.279998002135
763577454-stool1.snv.filtered.bam	0.229306516899	0.217313596309	0.25896851154	0.254650884118	0.240164969982	0.14625490007	0.15296677346	0.291899043506	0.249146761351	0.211229121598	0.280381189571	0.273677733616	0.231557546705	0.236639298824	0.236026531791	0.0	0.221986701996	0.255507133175	0.239351686221	0.239589024845	0.263112680266	0.293788710517	0.268009265563	0.23850959829
763678604-stool1.snv.filtered.bam	0.161900174647	0.153319841487	0.19121822978	0.182619548395	0.236875504554	0.109531089118	0.111264735473	0.272520883005	0.241634688063	0.199431198762	0.235993992504	0.228690740471	0.192594199173	0.222229317496	0.217252508267	0.221986701996	0.0	0.245470849431	0.232411619278	0.232944025652	0.262906667847	0.236403197653	0.253630349758	0.251365412116
763860675-stool1.snv.filtered.bam	0.252432185452	0.245010460036	0.266226411173	0.261300060034	0.260856553035	0.270785136473	0.266975864626	0.200428609742	0.273438299926	0.241969765259	0.287599079924	0.270965984632	0.269384955948	0.256653465057	0.245910133007	0.255507133175	0.245470849431	0.0	0.224897763616	0.225158479882	0.287590490022	0.310219842443	0.178402549227	0.278021718165
764487809-stool1.snv.filtered.bam	0.239380023903	0.234932678863	0.229370941362	0.224389320526	0.240794883589	0.260295908058	0.263892042482	0.300148913385	0.252546333989	0.186390425862	0.276958378854	0.260357052637	0.21468894438	0.280236015056	0.28134100691	0.239351686221	0.232411619278	0.224897763616	0.0	0.0015450059559	0.269768875403	0.270265780899	0.28099960707	0.251987366369
764487809-stool2.snv.filtered.bam	0.240026518147	0.235362699095	0.229640766022	0.224672329982	0.240917712315	0.260447605874	0.264122215223	0.300151243872	0.252808988458	0.186777436951	0.277304733745	0.260636042903	0.214749733782	0.280789779248	0.281281343073	0.239589024845	0.232944025652	0.225158479882	0.0015450059559	0.0	0.27008751504	0.270283601201	0.2813490951	0.252124325417
764588959-stool1.snv.filtered.bam	0.305136644727	0.302873820805	0.259602972144	0.253492115376	0.300484917143	0.275093055549	0.277544573358	0.260232923093	0.274179967463	0.259798267035	0.199243512102	0.200882618029	0.308198662726	0.259591392638	0.258574203148	0.263112680266	0.262906667847	0.287590490022	0.269768875403	0.27008751504	0.0	0.357994812834	0.248923760618	0.311068293858
765640925-stool1.snv.filtered.bam	0.207091787221	0.20085441423	0.230190238409	0.228914322965	0.265867257745	0.286176377947	0.281385540312	0.272039996767	0.209094885658	0.24001010796	0.291312813891	0.281768028516	0.0874150556993	0.301034927801	0.296056045848	0.293788710517	0.236403197653	0.310219842443	0.270265780899	0.270283601201	0.357994812834	0.0	0.306387239475	0.134375969951
809635352-stool2.snv.filtered.bam	0.288138399999	0.279240895606	0.282251003316	0.272759963693	0.279468884955	0.273081612742	0.276117053822	0.0854978056475	0.24195770696	0.24046661946	0.296483980687	0.283831879093	0.274933573862	0.263551861607	0.257763826709	0.268009265563	0.253630349758	0.178402549227	0.28099960707	0.2813490951	0.248923760618	0.306387239475	0.0	0.256159193582
823052294-stool1.snv.filtered.bam	0.252349575341	0.247411773287	0.231928999908	0.22992905028	0.239638413565	0.259061970472	0.252315655662	0.225822790042	0.221770445476	0.214912083944	0.30033631669	0.290756487306	0.122594036104	0.286542936647	0.279998002135	0.23850959829	0.251365412116	0.278021718165	0.251987366369	0.252124325417	0.311068293858	0.134375969951	0.256159193582	0.0
