	158479027-supragingivalplaque1.snv.filtered.bam	158479027-supragingivalplaque2.snv.filtered.bam	158883629-supragingivalplaque1.snv.filtered.bam	158883629-supragingivalplaque3.snv.filtered.bam	158944319-supragingivalplaque3.snv.filtered.bam	159268001-supragingivalplaque2.snv.filtered.bam	159268001-supragingivalplaque3.snv.filtered.bam	159551223-supragingivalplaque2.snv.filtered.bam	159814214-supragingivalplaque1.snv.filtered.bam	160178356-supragingivalplaque2.snv.filtered.bam	160178356-supragingivalplaque3.snv.filtered.bam	160319967-supragingivalplaque2.snv.filtered.bam	160319967-supragingivalplaque3.snv.filtered.bam	160380657-supragingivalplaque3.snv.filtered.bam	160502038-supragingivalplaque2.snv.filtered.bam	160502038-supragingivalplaque3.snv.filtered.bam	160603188-supragingivalplaque2.snv.filtered.bam	160603188-supragingivalplaque3.snv.filtered.bam	370425937-supragingivalplaque2.snv.filtered.bam	550534656-supragingivalplaque3.snv.filtered.bam	604812005-supragingivalplaque3.snv.filtered.bam	763496533-buccalmucosa1.snv.filtered.bam	763860675-supragingivalplaque1.snv.filtered.bam	763982056-supragingivalplaque3.snv.filtered.bam	764083206-supragingivalplaque1.snv.filtered.bam	764224817-supragingivalplaque2.snv.filtered.bam	764305738-supragingivalplaque1.snv.filtered.bam	764588959-supragingivalplaque1.snv.filtered.bam	764811490-supragingivalplaque1.snv.filtered.bam	765013792-supragingivalplaque3.snv.filtered.bam	765074482-supragingivalplaque3.snv.filtered.bam	765337473-supragingivalplaque2.snv.filtered.bam	823052294-supragingivalplaque3.snv.filtered.bam
158479027-supragingivalplaque1.snv.filtered.bam	0.0	0.00346207690141	0.183275987715	0.175772782854	0.183859515975	0.200120651889	0.182634844249	0.156593450825	0.188741790264	0.180282069502	0.17458110814	0.169482415426	0.176567607307	0.19027777617	0.167738430055	0.169616156783	0.159131766918	0.153412257526	0.161576310644	0.197729700747	0.17127763783	0.157264015546	0.145262997249	0.167697375925	0.167517893642	0.185792496673	0.153193216563	0.16181014795	0.162555452595	0.18117358766	0.192567603911	0.155721016449	0.154793640162
158479027-supragingivalplaque2.snv.filtered.bam	0.00346207690141	0.0	0.178041071616	0.170415117787	0.179756802363	0.19610810043	0.17432320617	0.148732137033	0.184110641268	0.176759936745	0.17082503065	0.164502299038	0.173606355134	0.18866480061	0.159395442928	0.161632685496	0.15752794595	0.154314536074	0.168183289174	0.193825520565	0.165163993452	0.157106914416	0.138754405337	0.168089486577	0.163237526582	0.187826798437	0.146326849473	0.15463127794	0.165087271721	0.168178599888	0.194011642321	0.153274450093	0.153063530762
158883629-supragingivalplaque1.snv.filtered.bam	0.183275987715	0.178041071616	0.0	0.0372922557723	0.186847315163	0.199544663797	0.173801681444	0.176211726072	0.203913255634	0.171005062924	0.168140322826	0.162450927677	0.177189975078	0.199284771347	0.194895653303	0.197866791832	0.175024771033	0.175567017473	0.195785587258	0.160111268077	0.18453205111	0.18140932168	0.180902958782	0.16058758326	0.16101626808	0.180361432114	0.171241164662	0.204334660843	0.187188511487	0.194385302831	0.209309817716	0.183257471738	0.158615023603
158883629-supragingivalplaque3.snv.filtered.bam	0.175772782854	0.170415117787	0.0372922557723	0.0	0.174433071064	0.200347959573	0.169440482014	0.171613995003	0.190307727385	0.161872018676	0.155960592501	0.151684613605	0.162109185948	0.192135852771	0.180177142357	0.18315767281	0.166191937568	0.167159642606	0.196931186186	0.159882846891	0.172850693546	0.175963581398	0.173343257356	0.150109707783	0.154500214597	0.174020145918	0.167094782097	0.198593850902	0.180323770892	0.183839178252	0.204336655792	0.172821477079	0.147623125655
158944319-supragingivalplaque3.snv.filtered.bam	0.183859515975	0.179756802363	0.186847315163	0.174433071064	0.0	0.192651906618	0.182424875202	0.151110697818	0.162359031065	0.10409604789	0.108286947196	0.101146561938	0.0772992731141	0.166377018281	0.161808017797	0.159582905247	0.177028615211	0.177405396417	0.203717419373	0.192964925664	0.169293312082	0.174994459595	0.138481209087	0.149636644747	0.156584037678	0.177108663796	0.155005751492	0.190166849481	0.188529172056	0.178311819703	0.167488397166	0.180518131495	0.157651926063
159268001-supragingivalplaque2.snv.filtered.bam	0.200120651889	0.19610810043	0.199544663797	0.200347959573	0.192651906618	0.0	0.0888100088079	0.200996684886	0.192149695694	0.19563168472	0.191555118514	0.189776130809	0.185409842785	0.196658493976	0.223787507834	0.221813128859	0.200052838288	0.199652876208	0.209256998368	0.175006701246	0.203061399586	0.199103420781	0.182173355074	0.176766994291	0.182824319893	0.17759046222	0.183429672407	0.194439649869	0.197982428772	0.193794291149	0.208407729254	0.203193776854	0.179221045485
159268001-supragingivalplaque3.snv.filtered.bam	0.182634844249	0.17432320617	0.173801681444	0.169440482014	0.182424875202	0.0888100088079	0.0	0.192411237762	0.174213045178	0.182193408459	0.177294582347	0.175271035549	0.17207062192	0.17784773979	0.209800879381	0.20795641361	0.18491189515	0.184516964572	0.201687278693	0.144467291118	0.182220288531	0.189134570483	0.174889449043	0.16483507482	0.137750985001	0.170800036039	0.164581403468	0.190924465888	0.190918277041	0.184853385534	0.190116564707	0.177827115158	0.157260689993
159551223-supragingivalplaque2.snv.filtered.bam	0.156593450825	0.148732137033	0.176211726072	0.171613995003	0.151110697818	0.200996684886	0.192411237762	0.0	0.177418096883	0.149409741077	0.144883282934	0.134213347011	0.127517221563	0.172476778047	0.143856737667	0.14234306761	0.156174680033	0.154377533108	0.183740710753	0.186775283619	0.157188873428	0.166922067855	0.130831739951	0.113264584367	0.153684632297	0.154361446503	0.139572574881	0.184091017344	0.181459054444	0.163923345988	0.162528539032	0.160852953715	0.135950420265
159814214-supragingivalplaque1.snv.filtered.bam	0.188741790264	0.184110641268	0.203913255634	0.190307727385	0.162359031065	0.192149695694	0.174213045178	0.177418096883	0.0	0.164588235908	0.159765459641	0.163352466537	0.163583343348	0.171503672463	0.187083830532	0.18374870631	0.186473914624	0.18476051883	0.170367039233	0.186438675557	0.170909306095	0.179258915849	0.185321777864	0.16287782677	0.15345693361	0.190522987457	0.183322460975	0.204941231463	0.194152822431	0.169650340135	0.188732666412	0.187910888284	0.16592267742
160178356-supragingivalplaque2.snv.filtered.bam	0.180282069502	0.176759936745	0.171005062924	0.161872018676	0.10409604789	0.19563168472	0.182193408459	0.149409741077	0.164588235908	0.0	0.0220259061138	0.117104484847	0.109883610908	0.168405083106	0.167173795575	0.166803179067	0.175503789534	0.176041226712	0.192158834786	0.194578328082	0.162264902308	0.177377264532	0.159661027805	0.142444003929	0.149477688462	0.180142971604	0.166388639336	0.18590294202	0.186154103229	0.171383306684	0.17561099886	0.188772743685	0.161685621373
160178356-supragingivalplaque3.snv.filtered.bam	0.17458110814	0.17082503065	0.168140322826	0.155960592501	0.108286947196	0.191555118514	0.177294582347	0.144883282934	0.159765459641	0.0220259061138	0.0	0.112728570169	0.107928138281	0.164333721834	0.16511503865	0.164588260098	0.169130817094	0.169597915462	0.189433439281	0.190481006177	0.157634920452	0.171811126751	0.15635098734	0.138447622021	0.145712046612	0.175320014805	0.162663619242	0.179926818833	0.183139711857	0.166410904944	0.174745131654	0.183658713238	0.154244655407
160319967-supragingivalplaque2.snv.filtered.bam	0.169482415426	0.164502299038	0.162450927677	0.151684613605	0.101146561938	0.189776130809	0.175271035549	0.134213347011	0.163352466537	0.117104484847	0.112728570169	0.0	0.047550727379	0.178165768772	0.143142536037	0.145544851444	0.166630793963	0.165153058992	0.176869969906	0.176984630518	0.122776286751	0.133423023504	0.145998640901	0.126447345827	0.137464214505	0.173055052148	0.139323525934	0.174910413466	0.16683114379	0.166050425156	0.164421792025	0.166174208056	0.136528358473
160319967-supragingivalplaque3.snv.filtered.bam	0.176567607307	0.173606355134	0.177189975078	0.162109185948	0.0772992731141	0.185409842785	0.17207062192	0.127517221563	0.163583343348	0.109883610908	0.107928138281	0.047550727379	0.0	0.169355281865	0.145038205045	0.145566553814	0.165219620526	0.16371763463	0.193296950059	0.176052936476	0.139714981261	0.148114157878	0.137752209119	0.124436685759	0.133441927859	0.169579704396	0.138194685424	0.179062143488	0.167511060164	0.1659115031	0.152396847984	0.163324445702	0.138376949264
160380657-supragingivalplaque3.snv.filtered.bam	0.19027777617	0.18866480061	0.199284771347	0.192135852771	0.166377018281	0.196658493976	0.17784773979	0.172476778047	0.171503672463	0.168405083106	0.164333721834	0.178165768772	0.169355281865	0.0	0.172930076411	0.171606428852	0.184024981589	0.182505894041	0.184507213474	0.167320368269	0.185891349343	0.177004601197	0.18269482471	0.16176037069	0.152804895636	0.165647379841	0.18103093653	0.182844879761	0.190714603278	0.169906040988	0.166645645344	0.185370036937	0.16007825949
160502038-supragingivalplaque2.snv.filtered.bam	0.167738430055	0.159395442928	0.194895653303	0.180177142357	0.161808017797	0.223787507834	0.209800879381	0.143856737667	0.187083830532	0.167173795575	0.16511503865	0.143142536037	0.145038205045	0.172930076411	0.0	0.000279807512153	0.188085903049	0.186944644419	0.190736000571	0.209637568593	0.157911318087	0.172229403706	0.172699711238	0.165219391188	0.176215297207	0.198416027323	0.158749048002	0.180072175424	0.167595884508	0.189430349443	0.181057618852	0.157727067968	0.142282175126
160502038-supragingivalplaque3.snv.filtered.bam	0.169616156783	0.161632685496	0.197866791832	0.18315767281	0.159582905247	0.221813128859	0.20795641361	0.14234306761	0.18374870631	0.166803179067	0.164588260098	0.145544851444	0.145566553814	0.171606428852	0.000279807512153	0.0	0.186415515641	0.185809309852	0.195988507822	0.209585315875	0.154942221637	0.172200151428	0.172280748857	0.164715315037	0.177235324116	0.195439914464	0.159123581374	0.179237065963	0.165621734587	0.19078815495	0.178809674471	0.155065203197	0.141971085979
160603188-supragingivalplaque2.snv.filtered.bam	0.159131766918	0.15752794595	0.175024771033	0.166191937568	0.177028615211	0.200052838288	0.18491189515	0.156174680033	0.186473914624	0.175503789534	0.169130817094	0.166630793963	0.165219620526	0.184024981589	0.188085903049	0.186415515641	0.0	0.0252052269266	0.201277424627	0.164686002287	0.188991277442	0.171495058922	0.162784427978	0.154150353392	0.16435959173	0.139068890232	0.143242967695	0.201082054365	0.162748133919	0.169274645765	0.198134538003	0.142794675628	0.127076861463
160603188-supragingivalplaque3.snv.filtered.bam	0.153412257526	0.154314536074	0.175567017473	0.167159642606	0.177405396417	0.199652876208	0.184516964572	0.154377533108	0.18476051883	0.176041226712	0.169597915462	0.165153058992	0.16371763463	0.182505894041	0.186944644419	0.185809309852	0.0252052269266	0.0	0.200204419631	0.164521341623	0.186093819612	0.168004557586	0.16180529684	0.15152206319	0.166437189727	0.134091989255	0.142375033243	0.200535566881	0.160601792219	0.169170529809	0.200956752518	0.138140346861	0.121599915622
370425937-supragingivalplaque2.snv.filtered.bam	0.161576310644	0.168183289174	0.195785587258	0.196931186186	0.203717419373	0.209256998368	0.201687278693	0.183740710753	0.170367039233	0.192158834786	0.189433439281	0.176869969906	0.193296950059	0.184507213474	0.190736000571	0.195988507822	0.201277424627	0.200204419631	0.0	0.192706896564	0.171918702036	0.149882465848	0.193139153948	0.184828909585	0.161758958556	0.184605684163	0.197853512457	0.216351086525	0.188002473975	0.186468171267	0.186971636708	0.188997536912	0.191498356582
550534656-supragingivalplaque3.snv.filtered.bam	0.197729700747	0.193825520565	0.160111268077	0.159882846891	0.192964925664	0.175006701246	0.144467291118	0.186775283619	0.186438675557	0.194578328082	0.190481006177	0.176984630518	0.176052936476	0.167320368269	0.209637568593	0.209585315875	0.164686002287	0.164521341623	0.192706896564	0.0	0.174152155972	0.166776644235	0.180801158835	0.152826077075	0.129634287136	0.142029424871	0.153829378607	0.208469949924	0.18910355631	0.178745872839	0.187493286177	0.165716351676	0.143319359458
604812005-supragingivalplaque3.snv.filtered.bam	0.17127763783	0.165163993452	0.18453205111	0.172850693546	0.169293312082	0.203061399586	0.182220288531	0.157188873428	0.170909306095	0.162264902308	0.157634920452	0.122776286751	0.139714981261	0.185891349343	0.157911318087	0.154942221637	0.188991277442	0.186093819612	0.171918702036	0.174152155972	0.0	0.143061529791	0.161778434905	0.144628167907	0.154209691441	0.166312203669	0.137612779258	0.171481021983	0.185559533451	0.169141299156	0.187369095166	0.165085448855	0.143234283973
763496533-buccalmucosa1.snv.filtered.bam	0.157264015546	0.157106914416	0.18140932168	0.175963581398	0.174994459595	0.199103420781	0.189134570483	0.166922067855	0.179258915849	0.177377264532	0.171811126751	0.133423023504	0.148114157878	0.177004601197	0.172229403706	0.172200151428	0.171495058922	0.168004557586	0.149882465848	0.166776644235	0.143061529791	0.0	0.168210478643	0.145709544642	0.14902132412	0.15470009474	0.156797087655	0.144201159163	0.167294032261	0.16637222172	0.19559252148	0.146576721302	0.146003986166
763860675-supragingivalplaque1.snv.filtered.bam	0.145262997249	0.138754405337	0.180902958782	0.173343257356	0.138481209087	0.182173355074	0.174889449043	0.130831739951	0.185321777864	0.159661027805	0.15635098734	0.145998640901	0.137752209119	0.18269482471	0.172699711238	0.172280748857	0.162784427978	0.16180529684	0.193139153948	0.180801158835	0.161778434905	0.168210478643	0.0	0.136174519046	0.157277000405	0.184796959336	0.112736082973	0.148104336148	0.156908821258	0.154312537773	0.171915606072	0.170605999526	0.150388764028
763982056-supragingivalplaque3.snv.filtered.bam	0.167697375925	0.168089486577	0.16058758326	0.150109707783	0.149636644747	0.176766994291	0.16483507482	0.113264584367	0.16287782677	0.142444003929	0.138447622021	0.126447345827	0.124436685759	0.16176037069	0.165219391188	0.164715315037	0.154150353392	0.15152206319	0.184828909585	0.152826077075	0.144628167907	0.145709544642	0.136174519046	0.0	0.137251585302	0.150210156547	0.129247116726	0.172669618778	0.17834710325	0.144554614004	0.163246604714	0.168647257685	0.132827636072
764083206-supragingivalplaque1.snv.filtered.bam	0.167517893642	0.163237526582	0.16101626808	0.154500214597	0.156584037678	0.182824319893	0.137750985001	0.153684632297	0.15345693361	0.149477688462	0.145712046612	0.137464214505	0.133441927859	0.152804895636	0.176215297207	0.177235324116	0.16435959173	0.166437189727	0.161758958556	0.129634287136	0.154209691441	0.14902132412	0.157277000405	0.137251585302	0.0	0.16398400754	0.145672606226	0.187881400267	0.168498683722	0.15879645649	0.168091156093	0.166048687577	0.14405623011
764224817-supragingivalplaque2.snv.filtered.bam	0.185792496673	0.187826798437	0.180361432114	0.174020145918	0.177108663796	0.17759046222	0.170800036039	0.154361446503	0.190522987457	0.180142971604	0.175320014805	0.173055052148	0.169579704396	0.165647379841	0.198416027323	0.195439914464	0.139068890232	0.134091989255	0.184605684163	0.142029424871	0.166312203669	0.15470009474	0.184796959336	0.150210156547	0.16398400754	0.0	0.132692574594	0.184649758847	0.203620455183	0.172339921136	0.196758452333	0.142405347112	0.125913572517
764305738-supragingivalplaque1.snv.filtered.bam	0.153193216563	0.146326849473	0.171241164662	0.167094782097	0.155005751492	0.183429672407	0.164581403468	0.139572574881	0.183322460975	0.166388639336	0.162663619242	0.139323525934	0.138194685424	0.18103093653	0.158749048002	0.159123581374	0.143242967695	0.142375033243	0.197853512457	0.153829378607	0.137612779258	0.156797087655	0.112736082973	0.129247116726	0.145672606226	0.132692574594	0.0	0.167585862948	0.163252836131	0.162190291772	0.166779884134	0.13145298669	0.125201844485
764588959-supragingivalplaque1.snv.filtered.bam	0.16181014795	0.15463127794	0.204334660843	0.198593850902	0.190166849481	0.194439649869	0.190924465888	0.184091017344	0.204941231463	0.18590294202	0.179926818833	0.174910413466	0.179062143488	0.182844879761	0.180072175424	0.179237065963	0.201082054365	0.200535566881	0.216351086525	0.208469949924	0.171481021983	0.144201159163	0.148104336148	0.172669618778	0.187881400267	0.184649758847	0.167585862948	0.0	0.19654742023	0.180923977839	0.210549222483	0.175068865772	0.168307095176
764811490-supragingivalplaque1.snv.filtered.bam	0.162555452595	0.165087271721	0.187188511487	0.180323770892	0.188529172056	0.197982428772	0.190918277041	0.181459054444	0.194152822431	0.186154103229	0.183139711857	0.16683114379	0.167511060164	0.190714603278	0.167595884508	0.165621734587	0.162748133919	0.160601792219	0.188002473975	0.18910355631	0.185559533451	0.167294032261	0.156908821258	0.17834710325	0.168498683722	0.203620455183	0.163252836131	0.19654742023	0.0	0.159129000953	0.186729724972	0.186467042624	0.179550118886
765013792-supragingivalplaque3.snv.filtered.bam	0.18117358766	0.168178599888	0.194385302831	0.183839178252	0.178311819703	0.193794291149	0.184853385534	0.163923345988	0.169650340135	0.171383306684	0.166410904944	0.166050425156	0.1659115031	0.169906040988	0.189430349443	0.19078815495	0.169274645765	0.169170529809	0.186468171267	0.178745872839	0.169141299156	0.16637222172	0.154312537773	0.144554614004	0.15879645649	0.172339921136	0.162190291772	0.180923977839	0.159129000953	0.0	0.184834126435	0.182647724183	0.172586265669
765074482-supragingivalplaque3.snv.filtered.bam	0.192567603911	0.194011642321	0.209309817716	0.204336655792	0.167488397166	0.208407729254	0.190116564707	0.162528539032	0.188732666412	0.17561099886	0.174745131654	0.164421792025	0.152396847984	0.166645645344	0.181057618852	0.178809674471	0.198134538003	0.200956752518	0.186971636708	0.187493286177	0.187369095166	0.19559252148	0.171915606072	0.163246604714	0.168091156093	0.196758452333	0.166779884134	0.210549222483	0.186729724972	0.184834126435	0.0	0.17976283134	0.166967598488
765337473-supragingivalplaque2.snv.filtered.bam	0.155721016449	0.153274450093	0.183257471738	0.172821477079	0.180518131495	0.203193776854	0.177827115158	0.160852953715	0.187910888284	0.188772743685	0.183658713238	0.166174208056	0.163324445702	0.185370036937	0.157727067968	0.155065203197	0.142794675628	0.138140346861	0.188997536912	0.165716351676	0.165085448855	0.146576721302	0.170605999526	0.168647257685	0.166048687577	0.142405347112	0.13145298669	0.175068865772	0.186467042624	0.182647724183	0.17976283134	0.0	0.0888978731257
823052294-supragingivalplaque3.snv.filtered.bam	0.154793640162	0.153063530762	0.158615023603	0.147623125655	0.157651926063	0.179221045485	0.157260689993	0.135950420265	0.16592267742	0.161685621373	0.154244655407	0.136528358473	0.138376949264	0.16007825949	0.142282175126	0.141971085979	0.127076861463	0.121599915622	0.191498356582	0.143319359458	0.143234283973	0.146003986166	0.150388764028	0.132827636072	0.14405623011	0.125913572517	0.125201844485	0.168307095176	0.179550118886	0.172586265669	0.166967598488	0.0888978731257	0.0
