	158337416-tonguedorsum2.snv.filtered.bam	158499257-tonguedorsum1.snv.filtered.bam	158499257-tonguedorsum2.snv.filtered.bam	158883629-tonguedorsum2.snv.filtered.bam	158883629-tonguedorsum3.snv.filtered.bam	158944319-tonguedorsum1.snv.filtered.bam	158944319-tonguedorsum2.snv.filtered.bam	158944319-tonguedorsum3.snv.filtered.bam	159207311-tonguedorsum2.snv.filtered.bam	159207311-tonguedorsum3.snv.filtered.bam	159227541-tonguedorsum2.snv.filtered.bam	159227541-tonguedorsum3.snv.filtered.bam	159369152-tonguedorsum1.snv.filtered.bam	159369152-tonguedorsum2.snv.filtered.bam	159490532-tonguedorsum1.snv.filtered.bam	159510762-supragingivalplaque3.snv.filtered.bam	159510762-tonguedorsum2.snv.filtered.bam	159814214-tonguedorsum1.snv.filtered.bam	159814214-tonguedorsum2.snv.filtered.bam	160158126-tonguedorsum1.snv.filtered.bam	160158126-tonguedorsum2.snv.filtered.bam	160178356-tonguedorsum1.snv.filtered.bam	160178356-tonguedorsum3.snv.filtered.bam	160319967-tonguedorsum1.snv.filtered.bam	160319967-tonguedorsum3.snv.filtered.bam	160380657-tonguedorsum2.snv.filtered.bam	160421117-tonguedorsum2.snv.filtered.bam	160421117-tonguedorsum3.snv.filtered.bam	160502038-tonguedorsum1.snv.filtered.bam	160582958-tonguedorsum3.snv.filtered.bam	160603188-tonguedorsum2.snv.filtered.bam	160603188-tonguedorsum3.snv.filtered.bam	338793263-tonguedorsum1.snv.filtered.bam	338793263-tonguedorsum2.snv.filtered.bam	370425937-tonguedorsum1.snv.filtered.bam	550534656-tonguedorsum1.snv.filtered.bam	550534656-tonguedorsum2.snv.filtered.bam	604812005-tonguedorsum1.snv.filtered.bam	604812005-tonguedorsum2.snv.filtered.bam	604812005-tonguedorsum3.snv.filtered.bam	675950834-tonguedorsum1.snv.filtered.bam	686765762-tonguedorsum1.snv.filtered.bam	686765762-tonguedorsum2.snv.filtered.bam	686765762-tonguedorsum3.snv.filtered.bam	763435843-tonguedorsum1.snv.filtered.bam	763435843-tonguedorsum2.snv.filtered.bam	763496533-palatinetonsils2.snv.filtered.bam	763536994-tonguedorsum1.snv.filtered.bam	763820215-tonguedorsum2.snv.filtered.bam	763901136-tonguedorsum2.snv.filtered.bam	763901136-tonguedorsum3.snv.filtered.bam	763961826-throat2.snv.filtered.bam	763961826-tonguedorsum2.snv.filtered.bam	764083206-tonguedorsum1.snv.filtered.bam	764083206-tonguedorsum2.snv.filtered.bam	764224817-tonguedorsum1.snv.filtered.bam	764224817-tonguedorsum2.snv.filtered.bam	764325968-tonguedorsum2.snv.filtered.bam	764447348-tonguedorsum2.snv.filtered.bam	764508039-tonguedorsum1.snv.filtered.bam	764508039-tonguedorsum3.snv.filtered.bam	764588959-tonguedorsum1.snv.filtered.bam	764649650-tonguedorsum1.snv.filtered.bam	764649650-tonguedorsum2.snv.filtered.bam	765013792-tonguedorsum3.snv.filtered.bam	765135172-tonguedorsum2.snv.filtered.bam	765337473-tonguedorsum3.snv.filtered.bam	765701615-tonguedorsum1.snv.filtered.bam	765701615-tonguedorsum2.snv.filtered.bam	809635352-tonguedorsum1.snv.filtered.bam	861967750-tonguedorsum2.snv.filtered.bam
158337416-tonguedorsum2.snv.filtered.bam	0.0	0.149241598555	0.151633390773	0.157012110839	0.161990933668	0.177577610921	0.161355269436	0.164647174988	0.166142919344	0.170736152391	0.161952437821	0.169874213124	0.182257066112	0.179220637379	0.0918246297603	0.190142891733	0.19004153796	0.151934855961	0.156442312617	0.196463064115	0.188764367721	0.18336469623	0.150257922152	0.191378496479	0.185515870304	0.149433315237	0.168499294263	0.16801218531	0.163002937821	0.179315702297	0.194002142762	0.197902826779	0.176447856929	0.177670551608	0.139051911972	0.153743709879	0.143684733933	0.169502566664	0.18624220197	0.184669536217	0.190125988994	0.176084424982	0.181073766122	0.172752309836	0.172894348731	0.167247605848	0.139419425037	0.142503198947	0.147736584002	0.165266897913	0.165394540195	0.175330763035	0.170706269178	0.163822543386	0.14799971331	0.146707173759	0.132975922621	0.154765349116	0.0986437573996	0.174370605168	0.143521895016	0.0912055245665	0.145718047208	0.134325365515	0.142455423805	0.130036584827	0.172527386707	0.142859447599	0.17116694025	0.126516882762	0.112596965498
158499257-tonguedorsum1.snv.filtered.bam	0.149241598555	0.0	0.030620803834	0.171543796477	0.176042993666	0.187614871598	0.178131196536	0.178481720558	0.176900236432	0.1774898366	0.16982006782	0.175407026162	0.178028377933	0.173899617508	0.160356591702	0.195960571124	0.196317957539	0.157725705112	0.155500706512	0.188973197105	0.187187093205	0.186507184718	0.151573172766	0.207006505775	0.201813717313	0.153225591556	0.181341077634	0.18129492726	0.175420204988	0.191151062748	0.190604469949	0.1924359217	0.186583882057	0.18381485803	0.146239988151	0.16251422896	0.149735889941	0.168633373112	0.185389039101	0.185819393773	0.181545006001	0.186751813395	0.19517969211	0.178217961141	0.170892256968	0.165377741294	0.145258682861	0.158874669805	0.141544411559	0.18622365033	0.179817895455	0.182779051878	0.18241302702	0.150734958191	0.142232900427	0.138914968745	0.144163811984	0.160902938918	0.144251816126	0.182959108714	0.143990847691	0.134326193516	0.147733018301	0.140365416212	0.158322438386	0.14366134799	0.177618784369	0.156564071139	0.180143846354	0.127927209859	0.14485218934
158499257-tonguedorsum2.snv.filtered.bam	0.151633390773	0.030620803834	0.0	0.178539718857	0.18333253402	0.201386298731	0.187131876751	0.188527065864	0.179425160901	0.180001854417	0.174260063384	0.181299789684	0.192187934209	0.188822828813	0.165835090777	0.197452455333	0.196564561114	0.159735221352	0.157561556149	0.203965731727	0.199682192333	0.190656066294	0.156461707634	0.205053638348	0.20058646502	0.164233588795	0.193689514711	0.19371193658	0.182180716	0.191573025818	0.188740940907	0.190631826409	0.20140870491	0.192150335032	0.147730402523	0.168540691629	0.154540815114	0.177615016905	0.197093265954	0.199264279682	0.193854625395	0.191112571492	0.1976494668	0.184680480649	0.182968027878	0.177584979892	0.150343028943	0.164887928517	0.138364627589	0.190284443677	0.184253219711	0.191035485165	0.191412550017	0.161625993612	0.149581779717	0.139208208316	0.139996748029	0.156707758716	0.156611967436	0.190524772879	0.151787816808	0.133064845006	0.150082291456	0.135506585742	0.167576629438	0.149070406991	0.180051493683	0.168117727842	0.185785454869	0.132933863435	0.140618715163
158883629-tonguedorsum2.snv.filtered.bam	0.157012110839	0.171543796477	0.178539718857	0.0	0.064689467266	0.149016800229	0.150153344644	0.145693340558	0.156801304641	0.15228905594	0.149548811336	0.148816142211	0.158831575681	0.152746605645	0.166104026527	0.157557082659	0.161823845979	0.161955936369	0.168073023657	0.1679908831	0.156888955629	0.153732948571	0.153368260096	0.154588165392	0.149409949687	0.153748434423	0.155078368734	0.154596505383	0.150570426715	0.153860102853	0.171886725861	0.173200388102	0.128680890685	0.131874650108	0.136359170878	0.15926547065	0.149248716034	0.1592447979	0.160204592144	0.160368842114	0.151458281405	0.157461343747	0.162609238365	0.154512349338	0.1342662843	0.129910279748	0.150014109031	0.157630435635	0.151419543774	0.159216314522	0.158115087966	0.147132547364	0.151054083449	0.127858465472	0.1205036217	0.1404497499	0.160809926074	0.162435224344	0.126227136522	0.134513278779	0.132185712357	0.149944544334	0.126474965879	0.144595441365	0.151230280357	0.147637796809	0.14735382675	0.121222316195	0.134310108738	0.153122645655	0.154873601141
158883629-tonguedorsum3.snv.filtered.bam	0.161990933668	0.176042993666	0.18333253402	0.064689467266	0.0	0.149092396969	0.154814034117	0.148742616349	0.159715580953	0.14032141679	0.137759531484	0.127587239178	0.15566052934	0.147714279891	0.173276584788	0.148928558314	0.152725482527	0.17119768465	0.172745199023	0.157149458364	0.148447719407	0.153523833363	0.149399684444	0.153800626043	0.143572563226	0.144869888771	0.152305897476	0.1520921959	0.139811771096	0.158586475543	0.166688352574	0.167549871946	0.133387183506	0.134994231067	0.146129815587	0.159529007805	0.149915922162	0.151021636147	0.155289743155	0.15795995713	0.161014024186	0.144139099752	0.149846824855	0.137548120354	0.104230953302	0.104214902237	0.14682715816	0.158827884001	0.169591848409	0.155862385896	0.154433480053	0.142935833392	0.140368366991	0.131569969937	0.135853516307	0.153738338836	0.175560128944	0.157647817668	0.137541496623	0.114398738693	0.129927428774	0.150190199052	0.132748026659	0.156289527757	0.14710523976	0.147961063287	0.15440414001	0.125810817348	0.10893415005	0.156681977712	0.159463014964
158944319-tonguedorsum1.snv.filtered.bam	0.177577610921	0.187614871598	0.201386298731	0.149016800229	0.149092396969	0.0	0.143619224216	0.136595522	0.159521870752	0.144473603857	0.152259574562	0.147082008595	0.0952342274835	0.10562561726	0.196692510238	0.137188103397	0.147556485872	0.173127236489	0.176359986305	0.144680285129	0.153211836048	0.142993303374	0.157668956622	0.145363750914	0.134049885087	0.139660344817	0.14895277294	0.148951328763	0.157419892607	0.14138636058	0.147386719656	0.150387460697	0.100311409383	0.100538887265	0.151696859322	0.158434026962	0.156056297201	0.126907195165	0.0936836751789	0.1137369556	0.139019850122	0.130880523651	0.132417094717	0.13667391268	0.113659749222	0.117814527287	0.159848684453	0.12303231005	0.184921315309	0.119939963273	0.114006640806	0.119680106995	0.127704793518	0.132507870512	0.120378495529	0.165455346123	0.185076500349	0.178663381817	0.151546880165	0.148022625724	0.165304590566	0.178476710594	0.131970186866	0.143997545265	0.157564549716	0.17740020728	0.136960880855	0.130324196003	0.142611664673	0.170299365422	0.177526122416
158944319-tonguedorsum2.snv.filtered.bam	0.161355269436	0.178131196536	0.187131876751	0.150153344644	0.154814034117	0.143619224216	0.0	0.0365299984909	0.167784401088	0.159184469415	0.167385620672	0.172592694398	0.158053767962	0.162666719758	0.181959366206	0.172497094905	0.171853388222	0.165702508777	0.169251042471	0.186687828606	0.180817282918	0.159424163133	0.162132334027	0.176810865779	0.172128610616	0.156826122993	0.158893901979	0.15864711889	0.180194463582	0.166193927642	0.177449479466	0.178180133632	0.146376367018	0.143427085815	0.154718092752	0.181401671265	0.171946448306	0.16277464592	0.157611011296	0.167881609444	0.124969953688	0.161165203338	0.165452474106	0.163528673954	0.153171376032	0.154754433065	0.172798462843	0.150307891856	0.16971060533	0.159263227259	0.158467664817	0.146039637944	0.152385846026	0.146659209515	0.133872585461	0.165123499272	0.146177373221	0.182467296274	0.13857806879	0.159425422789	0.162298634253	0.168632534763	0.143391302611	0.148384318935	0.180591201798	0.173667920997	0.136052733144	0.139520675953	0.155032288262	0.169189762981	0.152118136361
158944319-tonguedorsum3.snv.filtered.bam	0.164647174988	0.178481720558	0.188527065864	0.145693340558	0.148742616349	0.136595522	0.0365299984909	0.0	0.166106961708	0.156075830477	0.161555930527	0.165181942533	0.149596090713	0.157024934267	0.184453078075	0.164191431717	0.161675160172	0.171060152385	0.174055904779	0.182044319616	0.176649939928	0.153785105751	0.158406106518	0.173207821048	0.166384729505	0.153927630053	0.151347469926	0.150933764989	0.179956932146	0.160820030043	0.17040814642	0.171650113393	0.143512729802	0.135620071036	0.152354506966	0.178647822188	0.167707426785	0.155778684817	0.149905813204	0.162539391327	0.119833526378	0.154912942017	0.159026040109	0.160480290049	0.146601439287	0.149726449182	0.167935707237	0.143937186863	0.172704887786	0.153864847294	0.150374209013	0.142486922485	0.144787052014	0.140507027501	0.125432753686	0.167215884039	0.161789762751	0.178939634589	0.143582571397	0.153882591078	0.159990785029	0.169221591975	0.136211277281	0.140279672933	0.178491479158	0.170141705612	0.13581248387	0.138756005629	0.151916910843	0.172351571814	0.159252314899
159207311-tonguedorsum2.snv.filtered.bam	0.166142919344	0.176900236432	0.179425160901	0.156801304641	0.159715580953	0.159521870752	0.167784401088	0.166106961708	0.0	0.0818839107327	0.152393473529	0.160200759581	0.161693267914	0.154155615057	0.183312174149	0.148542129421	0.151409322909	0.147593034912	0.160355119754	0.174493257718	0.176491194151	0.17793035406	0.15151508606	0.163400889727	0.158720926997	0.138352128808	0.175877180938	0.1767969376	0.162849934306	0.165390740654	0.139648739843	0.142714012849	0.147900758834	0.158196403582	0.154948239958	0.174153999199	0.161741511036	0.141023443131	0.15233249065	0.184069239676	0.170384222053	0.143576622322	0.14865259432	0.139479652549	0.157418275233	0.154735296753	0.157091864865	0.14578333221	0.169337440799	0.136968895921	0.133739002585	0.147886586783	0.14423567116	0.154226392322	0.143689633737	0.146219736005	0.17206287941	0.160597014686	0.133859732801	0.164020439604	0.140097614802	0.161630938122	0.133744821407	0.14204387076	0.163502226158	0.144195621855	0.168501245343	0.109211197304	0.154271921709	0.128631196087	0.166620868085
159207311-tonguedorsum3.snv.filtered.bam	0.170736152391	0.1774898366	0.180001854417	0.15228905594	0.14032141679	0.144473603857	0.159184469415	0.156075830477	0.0818839107327	0.0	0.134270220484	0.137311401129	0.15123537058	0.133838299794	0.188423210529	0.117825984364	0.121098351863	0.145902177068	0.148170005941	0.146610938974	0.150598791645	0.173512179484	0.154203344004	0.15261480541	0.146883701229	0.140731500547	0.167725674438	0.169209962309	0.167233078958	0.133281609832	0.108107361745	0.111761836127	0.140733476566	0.145122112415	0.14543714151	0.172511782526	0.160929436899	0.109302466978	0.137816404231	0.173019989213	0.156983910667	0.114299881117	0.117865915005	0.121078630541	0.123767393549	0.129370261151	0.149922919504	0.118384033621	0.160325493518	0.11509820006	0.11241087941	0.124384572724	0.110099902128	0.139449256449	0.139681145753	0.14835693142	0.171304397646	0.163472930781	0.138192604397	0.137831503529	0.148701046165	0.164543658001	0.138553482142	0.154521235777	0.162589808752	0.140811165303	0.166987940088	0.0980665853792	0.121980803615	0.144554439209	0.166346274289
159227541-tonguedorsum2.snv.filtered.bam	0.161952437821	0.16982006782	0.174260063384	0.149548811336	0.137759531484	0.152259574562	0.167385620672	0.161555930527	0.152393473529	0.134270220484	0.0	0.0558721087273	0.159493907372	0.150300706108	0.181683019964	0.162526258728	0.164525091573	0.141974952023	0.144777495236	0.148235853493	0.142031890259	0.146444698166	0.134284745195	0.161534695167	0.157950659712	0.122830584325	0.147673456442	0.147171363901	0.1533979828	0.156198763654	0.15812561611	0.16247851519	0.139811140505	0.1336607097	0.157520159259	0.15534897217	0.146245184376	0.141480769099	0.143279241351	0.158010898846	0.162405935956	0.130499263396	0.136922467643	0.128159446498	0.116687223276	0.118526642851	0.137182514475	0.145586381498	0.159461451344	0.135864201336	0.13590234602	0.155603379793	0.158055837117	0.133642404293	0.130299977508	0.154270554419	0.175434323454	0.141138162321	0.142369960508	0.129836235505	0.133192796933	0.152005227379	0.141900375046	0.150599566223	0.137452536185	0.162387751619	0.148368940051	0.12507070819	0.121004546547	0.15163768585	0.155425610889
159227541-tonguedorsum3.snv.filtered.bam	0.169874213124	0.175407026162	0.181299789684	0.148816142211	0.127587239178	0.147082008595	0.172592694398	0.165181942533	0.160200759581	0.137311401129	0.0558721087273	0.0	0.152666169456	0.144217504801	0.19125124847	0.158525107057	0.160519772897	0.147610966959	0.150298852681	0.143767760659	0.137886659188	0.143781999759	0.138544359047	0.162064907461	0.15318176853	0.12994349559	0.135717420301	0.135158243414	0.154460877377	0.159139682821	0.161968200855	0.164831268738	0.131830973672	0.125929577347	0.16242787	0.156344177381	0.147960228773	0.142571427222	0.138483810646	0.152721781894	0.16858491939	0.142205133725	0.147982388438	0.140509576001	0.0988296128085	0.10113434199	0.144323883695	0.148477158574	0.169474483559	0.141830963441	0.141234627306	0.149433178933	0.154568349735	0.132282897848	0.134877136199	0.166456213222	0.193717277565	0.151138669584	0.156569633909	0.11081279253	0.136501423854	0.154263918024	0.142136613325	0.16696272499	0.139123595007	0.173196502422	0.151638178956	0.124558991628	0.107218515333	0.159255197482	0.17057794076
159369152-tonguedorsum1.snv.filtered.bam	0.182257066112	0.178028377933	0.192187934209	0.158831575681	0.15566052934	0.0952342274835	0.158053767962	0.149596090713	0.161693267914	0.15123537058	0.159493907372	0.152666169456	0.0	0.0538012476463	0.21072316246	0.163249264812	0.165384154456	0.172980526211	0.168556121297	0.153648423737	0.155245576085	0.149045314313	0.15124815681	0.1548359935	0.142801223868	0.136236700784	0.136287521511	0.135995970106	0.175205284274	0.152824323184	0.15777633892	0.16097642495	0.0926767738767	0.107396556125	0.153601133149	0.16463894242	0.160241588851	0.131138455289	0.0874264726281	0.074919449853	0.139797477893	0.149740708984	0.151261585969	0.156991750391	0.122252644257	0.132092910481	0.161349558326	0.14185168468	0.17634641994	0.147450311632	0.142837094542	0.143048420167	0.146835792009	0.149182861485	0.138399991393	0.177841876276	0.194404212668	0.175256937388	0.152866603765	0.13566375452	0.168936598483	0.169819908965	0.141509351203	0.154463390268	0.166308296806	0.182000574653	0.143353534206	0.1454029254	0.146134577021	0.176311517937	0.175646398678
159369152-tonguedorsum2.snv.filtered.bam	0.179220637379	0.173899617508	0.188822828813	0.152746605645	0.147714279891	0.10562561726	0.162666719758	0.157024934267	0.154155615057	0.133838299794	0.150300706108	0.144217504801	0.0538012476463	0.0	0.204045253785	0.158276223085	0.163145078299	0.161757541956	0.156469749726	0.121279503823	0.116923838081	0.161907003308	0.152495330558	0.16025457964	0.145498771199	0.138578566164	0.148888515822	0.148460581817	0.167533657902	0.158457909844	0.161296408911	0.165141877769	0.103671650284	0.116799283381	0.160598551073	0.158053946542	0.156656635503	0.133982840979	0.103618734303	0.11166005333	0.149245580907	0.147864056587	0.153998445871	0.146698840297	0.118304012349	0.123769946241	0.156811205226	0.145426480498	0.173682717339	0.145469448832	0.139905577812	0.141621412279	0.142195367318	0.140308266389	0.139270813178	0.170626888797	0.186949089302	0.1729343804	0.14087364164	0.128186509306	0.15592103971	0.171460473817	0.141198072474	0.161460311015	0.157833276682	0.174929576692	0.158285158708	0.124539638383	0.132312743744	0.168334407356	0.171631168331
159490532-tonguedorsum1.snv.filtered.bam	0.0918246297603	0.160356591702	0.165835090777	0.166104026527	0.173276584788	0.196692510238	0.181959366206	0.184453078075	0.183312174149	0.188423210529	0.181683019964	0.19125124847	0.21072316246	0.204045253785	0.0	0.201601065411	0.202523340857	0.171047134725	0.175514159491	0.21668402374	0.209728722751	0.170262337749	0.172961898811	0.211564749721	0.207890599642	0.163666552863	0.200871176776	0.200563502815	0.180265576025	0.199061349347	0.208669334563	0.212816928862	0.195559764841	0.196883564976	0.158981988783	0.175202633338	0.169292827235	0.195713133473	0.208844492291	0.222030330033	0.196731049405	0.183664849657	0.18814202756	0.179668858323	0.190946500725	0.185014378552	0.15593254309	0.177505221977	0.163221709893	0.18752925257	0.186030250287	0.196477546627	0.19150384099	0.17235522718	0.156274021314	0.155730235861	0.152054156426	0.172911635711	0.120519988606	0.193559566013	0.161947929183	0.119477231298	0.155893957171	0.15238610756	0.170514879074	0.148219983586	0.180957485984	0.162170480273	0.184130015099	0.126599780597	0.128157590177
159510762-supragingivalplaque3.snv.filtered.bam	0.190142891733	0.195960571124	0.197452455333	0.157557082659	0.148928558314	0.137188103397	0.172497094905	0.164191431717	0.148542129421	0.117825984364	0.162526258728	0.158525107057	0.163249264812	0.158276223085	0.201601065411	0.0	0.0339654837792	0.194296322217	0.193815707504	0.151026635996	0.166304409885	0.167415419016	0.181045110294	0.140933132936	0.132321381231	0.171888170109	0.155403613673	0.156590217232	0.168311398159	0.134199360484	0.109144525385	0.110907881268	0.139404146005	0.131570070682	0.148905792729	0.185072752482	0.174937729077	0.104221383394	0.141740616117	0.175284627598	0.168508787855	0.127829164571	0.126640573583	0.141239036129	0.146953659067	0.147759701136	0.166173416619	0.133482175521	0.182319209236	0.13231451682	0.129289509111	0.128928807836	0.117279198289	0.15401195288	0.150917754136	0.168039495009	0.18772487301	0.174306328479	0.154457188734	0.145494314917	0.16534243116	0.181341043075	0.145043895509	0.166159415344	0.168258987059	0.18639927095	0.167046785007	0.129229138143	0.153736319601	0.176130384667	0.191799350028
159510762-tonguedorsum2.snv.filtered.bam	0.19004153796	0.196317957539	0.196564561114	0.161823845979	0.152725482527	0.147556485872	0.171853388222	0.161675160172	0.151409322909	0.121098351863	0.164525091573	0.160519772897	0.165384154456	0.163145078299	0.202523340857	0.0339654837792	0.0	0.19618470752	0.19596845865	0.156648179387	0.173114096733	0.17257128068	0.18448761227	0.139056889657	0.130759422056	0.178990010752	0.152584521676	0.15390244867	0.174080418228	0.127868774934	0.107411122643	0.109504993318	0.147635963278	0.140214869058	0.142822437777	0.188598753741	0.17834788412	0.102110500979	0.148506758073	0.177828580657	0.17012299408	0.131990258498	0.128911327076	0.147673321757	0.155309349857	0.156010260282	0.171623909539	0.132857947477	0.184819603135	0.132001467004	0.131287626967	0.137907067845	0.125744750056	0.156372833224	0.15513279684	0.16764319619	0.189071330103	0.181066661976	0.151479986721	0.145593460477	0.175423901172	0.175527885916	0.146006830109	0.166694359655	0.169854396031	0.189324677476	0.163825895229	0.138575331893	0.158989801319	0.179073488333	0.181675790206
159814214-tonguedorsum1.snv.filtered.bam	0.151934855961	0.157725705112	0.159735221352	0.161955936369	0.17119768465	0.173127236489	0.165702508777	0.171060152385	0.147593034912	0.145902177068	0.141974952023	0.147610966959	0.172980526211	0.161757541956	0.171047134725	0.194296322217	0.19618470752	0.0	0.0365510778568	0.174369500601	0.16704098032	0.161952714175	0.137275741058	0.193642955602	0.187815890155	0.13999742741	0.170388966794	0.169842426457	0.170729200915	0.182203966087	0.190183758604	0.193322763687	0.162148519065	0.160287079792	0.159645124384	0.157310031926	0.1507070837	0.162319951874	0.160694654039	0.183381632917	0.172866964451	0.168151431336	0.177157437339	0.160513549123	0.154926985431	0.15285158702	0.156871343839	0.162555304169	0.135338298598	0.170039716446	0.168651857282	0.159750900613	0.168434286467	0.153835143545	0.151651879435	0.152873813133	0.154243521892	0.160655358735	0.152061388252	0.15740633711	0.129722614217	0.14789253312	0.146597498672	0.147353096459	0.159285955627	0.149665528779	0.157126363552	0.135258023203	0.160140047481	0.135979859704	0.149085594703
159814214-tonguedorsum2.snv.filtered.bam	0.156442312617	0.155500706512	0.157561556149	0.168073023657	0.172745199023	0.176359986305	0.169251042471	0.174055904779	0.160355119754	0.148170005941	0.144777495236	0.150298852681	0.168556121297	0.156469749726	0.175514159491	0.193815707504	0.19596845865	0.0365510778568	0.0	0.171461999268	0.161273918716	0.159817085207	0.149475243414	0.196774511284	0.190608651497	0.146595899785	0.170641501822	0.170017148681	0.171845573961	0.185264418452	0.186905443274	0.18987070052	0.164390287499	0.165097500542	0.164525950662	0.158571155475	0.151283955253	0.159923000497	0.15939132221	0.183344580913	0.171158761558	0.172447623754	0.181921922534	0.163241083482	0.158437638185	0.156788867404	0.157578297375	0.166910346936	0.129092661121	0.177227987524	0.175437746425	0.1661106027	0.173560676379	0.154991384614	0.151579448559	0.153927796764	0.153339267577	0.164022939829	0.1497994552	0.157315321807	0.141708595785	0.149835464907	0.150189131584	0.149576328214	0.16370405792	0.164563344134	0.159781489435	0.140542659866	0.159719713068	0.14606764317	0.14371840989
160158126-tonguedorsum1.snv.filtered.bam	0.196463064115	0.188973197105	0.203965731727	0.1679908831	0.157149458364	0.144680285129	0.186687828606	0.182044319616	0.174493257718	0.146610938974	0.148235853493	0.143767760659	0.153648423737	0.121279503823	0.21668402374	0.151026635996	0.156648179387	0.174369500601	0.171461999268	0.0	0.0538841502119	0.180814831366	0.175118319285	0.174696133494	0.163985158424	0.159966924999	0.174245109141	0.174094403021	0.173250076308	0.164120583121	0.159628871842	0.162079357225	0.145431720264	0.149724045717	0.166291816632	0.160370960379	0.157132396452	0.137859685772	0.140973757093	0.167211577544	0.175805508792	0.150283478548	0.155846253554	0.150107169563	0.139447738788	0.136633558621	0.180802231059	0.152838273651	0.190028267162	0.158801307911	0.155920257486	0.156264500605	0.153922605168	0.159029957502	0.168156052035	0.18192815445	0.200095825374	0.197432534707	0.165316745566	0.145401299772	0.158476035854	0.18047893796	0.157796325327	0.180488722869	0.15667483836	0.19107855497	0.181762512792	0.141167666062	0.15239985333	0.192233121569	0.187086731729
160158126-tonguedorsum2.snv.filtered.bam	0.188764367721	0.187187093205	0.199682192333	0.156888955629	0.148447719407	0.153211836048	0.180817282918	0.176649939928	0.176491194151	0.150598791645	0.142031890259	0.137886659188	0.155245576085	0.116923838081	0.209728722751	0.166304409885	0.173114096733	0.16704098032	0.161273918716	0.0538841502119	0.0	0.178517782992	0.16701791461	0.178915737103	0.169095498343	0.15724771332	0.171069962696	0.170446219934	0.164983690492	0.176262770242	0.176411948981	0.179602135461	0.145162520349	0.151498672076	0.167987174132	0.159947745652	0.155236440603	0.156726136402	0.151718352039	0.17009474964	0.172399710807	0.156368252206	0.165077565827	0.153226371384	0.137327481119	0.133967673193	0.169004458547	0.161945712034	0.181366561629	0.162946744424	0.160239940051	0.162727665892	0.160771952801	0.155041108864	0.163451214934	0.178076072885	0.19343511129	0.181095617673	0.159211883475	0.138037223741	0.15031661715	0.177655703674	0.158845408812	0.177662572373	0.155099931873	0.186327495695	0.176982615676	0.142167808108	0.141540861655	0.180499244983	0.17491836329
160178356-tonguedorsum1.snv.filtered.bam	0.18336469623	0.186507184718	0.190656066294	0.153732948571	0.153523833363	0.142993303374	0.159424163133	0.153785105751	0.17793035406	0.173512179484	0.146444698166	0.143781999759	0.149045314313	0.161907003308	0.170262337749	0.167415419016	0.17257128068	0.161952714175	0.159817085207	0.180814831366	0.178517782992	0.0	0.152136377742	0.16102060709	0.156681594422	0.14505968303	0.14331446709	0.142777545259	0.168069841062	0.177124222793	0.153785555927	0.157223066104	0.144002940215	0.13029922431	0.145535885391	0.172201081221	0.16442442547	0.15473493779	0.143666947884	0.1498776833	0.154533714259	0.159395198662	0.162481647247	0.16556078081	0.14585341486	0.147801295564	0.170829076514	0.174537776409	0.156232173009	0.161295858438	0.159308794923	0.102198599666	0.139081509528	0.157469019552	0.142464664301	0.155449949677	0.181913922763	0.17711282962	0.166604820201	0.157917015312	0.144371728198	0.158307863511	0.135208192084	0.151582161409	0.169590467607	0.178235062051	0.0844744429957	0.146502216246	0.153524395918	0.154729431576	0.170737765525
160178356-tonguedorsum3.snv.filtered.bam	0.150257922152	0.151573172766	0.156461707634	0.153368260096	0.149399684444	0.157668956622	0.162132334027	0.158406106518	0.15151508606	0.154203344004	0.134284745195	0.138544359047	0.15124815681	0.152495330558	0.172961898811	0.181045110294	0.18448761227	0.137275741058	0.149475243414	0.175118319285	0.16701791461	0.152136377742	0.0	0.184985280697	0.179911654396	0.0750905888692	0.166412092567	0.16612610241	0.13737976573	0.177861228464	0.188072648374	0.191021333227	0.144358900748	0.139412432188	0.137288378531	0.117374976722	0.108546158169	0.159847895667	0.156434852823	0.148727612714	0.164377557966	0.168622194267	0.179675126914	0.156242779122	0.142832105526	0.135553377077	0.130375791055	0.148672275989	0.15855235027	0.163794865106	0.158289353131	0.153636297417	0.160390353444	0.13465730299	0.142613567018	0.153028998268	0.156527206603	0.136107539239	0.144700984467	0.137488726365	0.102808907588	0.137961989818	0.135604221813	0.152093891941	0.123212806303	0.136360029455	0.147578892403	0.125778893181	0.148458429299	0.136413580526	0.14759922281
160319967-tonguedorsum1.snv.filtered.bam	0.191378496479	0.207006505775	0.205053638348	0.154588165392	0.153800626043	0.145363750914	0.176810865779	0.173207821048	0.163400889727	0.15261480541	0.161534695167	0.162064907461	0.1548359935	0.16025457964	0.211564749721	0.140933132936	0.139056889657	0.193642955602	0.196774511284	0.174696133494	0.178915737103	0.16102060709	0.184985280697	0.0	0.0236575364959	0.171824596373	0.170954576475	0.170595795884	0.152577592971	0.169735057167	0.15226919892	0.15515010061	0.145759788332	0.14271471471	0.151932917389	0.181400936222	0.175718966671	0.145166974628	0.147399904467	0.164382423381	0.168280559056	0.156790068171	0.159281161762	0.155963852448	0.157845926667	0.156625397365	0.175533317616	0.172325110117	0.182878027849	0.159814116624	0.15923120106	0.150248359763	0.155542704332	0.160940836057	0.151921516664	0.178711418947	0.191092856773	0.174361356887	0.16531551428	0.162858470875	0.183994638856	0.180441195259	0.138882756329	0.159525541265	0.166835905764	0.195588897314	0.156951124035	0.151052666903	0.157071929522	0.190403315739	0.180650664671
160319967-tonguedorsum3.snv.filtered.bam	0.185515870304	0.201813717313	0.20058646502	0.149409949687	0.143572563226	0.134049885087	0.172128610616	0.166384729505	0.158720926997	0.146883701229	0.157950659712	0.15318176853	0.142801223868	0.145498771199	0.207890599642	0.132321381231	0.130759422056	0.187815890155	0.190608651497	0.163985158424	0.169095498343	0.156681594422	0.179911654396	0.0236575364959	0.0	0.165115635918	0.162991152689	0.16264845709	0.149970428322	0.162771644815	0.146185014259	0.149331537281	0.137886170555	0.131876961069	0.14901152733	0.175482889401	0.172122056687	0.136974850601	0.136392070355	0.153958595068	0.164739256939	0.151536907639	0.153720805246	0.152020351313	0.146442277147	0.146830176823	0.172194790954	0.16512772529	0.180018338113	0.153158804043	0.151772262264	0.14068348372	0.145117838485	0.156525960038	0.144842981792	0.17391487333	0.190145889267	0.17120551783	0.160251169182	0.153001279264	0.177799284304	0.178452784719	0.132018608498	0.156385247326	0.160342857184	0.190450867961	0.153221949969	0.142412571245	0.148809006218	0.185880222748	0.176123108866
160380657-tonguedorsum2.snv.filtered.bam	0.149433315237	0.153225591556	0.164233588795	0.153748434423	0.144869888771	0.139660344817	0.156826122993	0.153927630053	0.138352128808	0.140731500547	0.122830584325	0.12994349559	0.136236700784	0.138578566164	0.163666552863	0.171888170109	0.178990010752	0.13999742741	0.146595899785	0.159966924999	0.15724771332	0.14505968303	0.0750905888692	0.171824596373	0.165115635918	0.0	0.159463753239	0.159064327986	0.129962142215	0.167199428256	0.168310333733	0.17190014741	0.13110753177	0.133855786752	0.141654079095	0.109696846601	0.102231716939	0.144987127315	0.133390251798	0.136606879998	0.152884665195	0.151673379209	0.161397653726	0.139411409586	0.125620666995	0.122326116058	0.131883747288	0.14583667103	0.160659838632	0.149957048127	0.143876168953	0.136731250016	0.144573668373	0.136856774077	0.138717743062	0.150109980037	0.163187318687	0.141200527755	0.13718173702	0.134663067611	0.108024407085	0.138579904558	0.127812097341	0.143546014151	0.118542556669	0.144423185033	0.129044385826	0.119003973088	0.13493708544	0.135366400119	0.148832895662
160421117-tonguedorsum2.snv.filtered.bam	0.168499294263	0.181341077634	0.193689514711	0.155078368734	0.152305897476	0.14895277294	0.158893901979	0.151347469926	0.175877180938	0.167725674438	0.147673456442	0.135717420301	0.136287521511	0.148888515822	0.200871176776	0.155403613673	0.152584521676	0.170388966794	0.170641501822	0.174245109141	0.171069962696	0.14331446709	0.166412092567	0.170954576475	0.162991152689	0.159463753239	0.0	0.000910946314234	0.167520361435	0.154643147537	0.174637743959	0.17890499183	0.130930168304	0.132255744712	0.152983834557	0.160750089135	0.1461813083	0.14814794987	0.143910840978	0.141284090582	0.156185629163	0.162708515995	0.165160929809	0.160904041834	0.140143551793	0.142539166623	0.154269475683	0.144919423762	0.178329455781	0.162649390968	0.163255619227	0.144337214907	0.148593227286	0.152867720497	0.132325016769	0.1846524593	0.194125027161	0.167150475544	0.159911063198	0.141103047971	0.155710288906	0.16245504247	0.123214132598	0.136522008891	0.145339875576	0.182268582612	0.147061846207	0.148829618432	0.152110281705	0.182799951416	0.168117716538
160421117-tonguedorsum3.snv.filtered.bam	0.16801218531	0.18129492726	0.19371193658	0.154596505383	0.1520921959	0.148951328763	0.15864711889	0.150933764989	0.1767969376	0.169209962309	0.147171363901	0.135158243414	0.135995970106	0.148460581817	0.200563502815	0.156590217232	0.15390244867	0.169842426457	0.170017148681	0.174094403021	0.170446219934	0.142777545259	0.16612610241	0.170595795884	0.16264845709	0.159064327986	0.000910946314234	0.0	0.166976475833	0.156219047296	0.175965196116	0.180193333617	0.130521012242	0.131736390007	0.153237442289	0.160401566768	0.145884799496	0.14905496756	0.143887359897	0.14085677295	0.155930439423	0.164028869565	0.166683685786	0.161876249621	0.139617529792	0.142151512204	0.154056922862	0.146403085635	0.177734991211	0.163956044263	0.164348517229	0.145569091959	0.149520971457	0.152253907251	0.131847187599	0.185238109458	0.193768550707	0.16675258372	0.160152587732	0.140826209317	0.155294749644	0.162311680819	0.123020436209	0.13641352734	0.144866053377	0.181650217322	0.146853783534	0.149131926657	0.151952188329	0.182753632302	0.1678424614
160502038-tonguedorsum1.snv.filtered.bam	0.163002937821	0.175420204988	0.182180716	0.150570426715	0.139811771096	0.157419892607	0.180194463582	0.179956932146	0.162849934306	0.167233078958	0.1533979828	0.154460877377	0.175205284274	0.167533657902	0.180265576025	0.168311398159	0.174080418228	0.170729200915	0.171845573961	0.173250076308	0.164983690492	0.168069841062	0.13737976573	0.152577592971	0.149970428322	0.129962142215	0.167520361435	0.166976475833	0.0	0.179131350309	0.182981925732	0.185455004639	0.158256883594	0.159517644888	0.160935266705	0.125516594823	0.109744453943	0.168273070446	0.169278670132	0.180872041336	0.150433390838	0.139383873749	0.150943396968	0.115133117912	0.151422306716	0.136343720538	0.119084778486	0.163581099251	0.173335824186	0.150855464058	0.147951581598	0.167511076173	0.171911712977	0.148172478772	0.139104656306	0.150582683336	0.178790837843	0.117305713718	0.142526037447	0.159035277772	0.1432611537	0.164942444983	0.144156146022	0.168140245365	0.126103756437	0.158377206779	0.167326780144	0.137303100444	0.138565634756	0.146582338426	0.159191885909
160582958-tonguedorsum3.snv.filtered.bam	0.179315702297	0.191151062748	0.191573025818	0.153860102853	0.158586475543	0.14138636058	0.166193927642	0.160820030043	0.165390740654	0.133281609832	0.156198763654	0.159139682821	0.152824323184	0.158457909844	0.199061349347	0.134199360484	0.127868774934	0.182203966087	0.185264418452	0.164120583121	0.176262770242	0.177124222793	0.177861228464	0.169735057167	0.162771644815	0.167199428256	0.154643147537	0.156219047296	0.179131350309	0.0	0.126576675114	0.130364077305	0.159554942695	0.160322159423	0.157016735893	0.181523235676	0.171739162286	0.112112460912	0.148610752546	0.149950279667	0.159724893359	0.0875208439061	0.0744833440513	0.117409852612	0.158845381507	0.16501541906	0.165731920737	0.124926475295	0.180916539839	0.0777247243596	0.0806349781347	0.12589623997	0.111270469408	0.149629713448	0.13588810765	0.157135401555	0.20015028306	0.171827667637	0.144382093557	0.153014344359	0.16972370215	0.17431896259	0.154610200126	0.172131109074	0.168724782042	0.192260663929	0.16156958981	0.148603360253	0.161729556945	0.185331315412	0.17234376424
160603188-tonguedorsum2.snv.filtered.bam	0.194002142762	0.190604469949	0.188740940907	0.171886725861	0.166688352574	0.147386719656	0.177449479466	0.17040814642	0.139648739843	0.108107361745	0.15812561611	0.161968200855	0.15777633892	0.161296408911	0.208669334563	0.109144525385	0.107411122643	0.190183758604	0.186905443274	0.159628871842	0.176411948981	0.153785555927	0.188072648374	0.15226919892	0.146185014259	0.168310333733	0.174637743959	0.175965196116	0.182981925732	0.126576675114	0.0	0.00568857544024	0.161558363826	0.156203310397	0.160198295564	0.182375676609	0.170393017833	0.101010622579	0.143467085854	0.173363987122	0.169265041763	0.117503752208	0.112532137097	0.136296858991	0.15740161735	0.160571317597	0.167541156141	0.125495288511	0.168375173075	0.116561678819	0.116290849298	0.122340820412	0.12061617731	0.163547157122	0.152361944204	0.151580951564	0.189565803439	0.187428916126	0.156640076323	0.170961359121	0.162636282715	0.173675515687	0.149613954383	0.154550806647	0.18822169057	0.187653843302	0.157091309108	0.137710637182	0.161367104636	0.186399977479	0.178014576387
160603188-tonguedorsum3.snv.filtered.bam	0.197902826779	0.1924359217	0.190631826409	0.173200388102	0.167549871946	0.150387460697	0.178180133632	0.171650113393	0.142714012849	0.111761836127	0.16247851519	0.164831268738	0.16097642495	0.165141877769	0.212816928862	0.110907881268	0.109504993318	0.193322763687	0.18987070052	0.162079357225	0.179602135461	0.157223066104	0.191021333227	0.15515010061	0.149331537281	0.17190014741	0.17890499183	0.180193333617	0.185455004639	0.130364077305	0.00568857544024	0.0	0.16580933524	0.16001886833	0.163823409138	0.185922091012	0.17304181416	0.102417607619	0.147337406639	0.175394428406	0.173052279806	0.121476647148	0.116468794716	0.140088005582	0.159648157389	0.163666412766	0.172492375137	0.130323113304	0.171761627044	0.12163301028	0.121074946347	0.126173974503	0.124879428743	0.165347895901	0.154530846402	0.153222283143	0.192983529173	0.191336714218	0.160899426364	0.173867309103	0.166651889776	0.178358837603	0.154335797232	0.158754998734	0.191927387761	0.190238738567	0.160836038649	0.141275944396	0.163873681774	0.188325060781	0.180936511643
338793263-tonguedorsum1.snv.filtered.bam	0.176447856929	0.186583882057	0.20140870491	0.128680890685	0.133387183506	0.100311409383	0.146376367018	0.143512729802	0.147900758834	0.140733476566	0.139811140505	0.131830973672	0.0926767738767	0.103671650284	0.195559764841	0.139404146005	0.147635963278	0.162148519065	0.164390287499	0.145431720264	0.145162520349	0.144002940215	0.144358900748	0.145759788332	0.137886170555	0.13110753177	0.130930168304	0.130521012242	0.158256883594	0.159554942695	0.161558363826	0.16580933524	0.0	0.0696016791449	0.153828643043	0.148809922754	0.145928420039	0.134627665007	0.10600962785	0.115200668114	0.133151309803	0.142827969712	0.149112194716	0.137138158404	0.10888497949	0.107605926036	0.154486371071	0.14293922816	0.16550839225	0.150934092042	0.148937069108	0.129696605012	0.134290115136	0.12637056765	0.123902553972	0.163021528172	0.172632393975	0.170042719575	0.144161363102	0.112830766567	0.148868964285	0.168433770507	0.122804170397	0.144141501842	0.144148063824	0.176872400707	0.140930421016	0.120741237809	0.125528067292	0.173570168442	0.171839101973
338793263-tonguedorsum2.snv.filtered.bam	0.177670551608	0.18381485803	0.192150335032	0.131874650108	0.134994231067	0.100538887265	0.143427085815	0.135620071036	0.158196403582	0.145122112415	0.1336607097	0.125929577347	0.107396556125	0.116799283381	0.196883564976	0.131570070682	0.140214869058	0.160287079792	0.165097500542	0.149724045717	0.151498672076	0.13029922431	0.139412432188	0.14271471471	0.131876961069	0.133855786752	0.132255744712	0.131736390007	0.159517644888	0.160322159423	0.156203310397	0.16001886833	0.0696016791449	0.0	0.144451223474	0.149916989562	0.147338411666	0.136348578654	0.0968621944446	0.112452828386	0.134213074089	0.144827922976	0.1510524686	0.14392339133	0.107172923216	0.10879971722	0.154429652788	0.141742913063	0.177082686136	0.153332404966	0.149367244196	0.118024580485	0.126078131502	0.119579083828	0.123255783763	0.170335194624	0.178537261555	0.162357301615	0.15077236568	0.125807275985	0.144806804446	0.165538008648	0.120203441661	0.137432403086	0.1450193389	0.167888566295	0.125166194995	0.124733505875	0.127750618023	0.168277553065	0.174670718601
