	158499257-tonguedorsum2.snv.filtered.bam	159227541-tonguedorsum3.snv.filtered.bam	159571453-tonguedorsum1.snv.filtered.bam	160582958-tonguedorsum2.snv.filtered.bam	160582958-tonguedorsum3.snv.filtered.bam	246515023-tonguedorsum1.snv.filtered.bam	246515023-tonguedorsum2.snv.filtered.bam	550534656-tonguedorsum1.snv.filtered.bam	550534656-tonguedorsum2.snv.filtered.bam	550534656-tonguedorsum3.snv.filtered.bam	638754422-tonguedorsum1.snv.filtered.bam	638754422-tonguedorsum2.snv.filtered.bam	638754422-tonguedorsum3.snv.filtered.bam	675950834-tonguedorsum1.snv.filtered.bam	675950834-tonguedorsum2.snv.filtered.bam	737052003-tonguedorsum1.snv.filtered.bam	737052003-tonguedorsum2.snv.filtered.bam	763536994-tonguedorsum2.snv.filtered.bam	763536994-tonguedorsum3.snv.filtered.bam	763577454-tonguedorsum1.snv.filtered.bam	763577454-tonguedorsum2.snv.filtered.bam	763901136-tonguedorsum1.snv.filtered.bam	763901136-tonguedorsum2.snv.filtered.bam	763901136-tonguedorsum3.snv.filtered.bam	763961826-tonguedorsum1.snv.filtered.bam	763982056-tonguedorsum1.snv.filtered.bam	763982056-tonguedorsum3.snv.filtered.bam	764143897-tonguedorsum1.snv.filtered.bam	764143897-tonguedorsum2.snv.filtered.bam	764285508-tonguedorsum2.snv.filtered.bam	764305738-tonguedorsum1.snv.filtered.bam	764325968-tonguedorsum1.snv.filtered.bam	764325968-tonguedorsum2.snv.filtered.bam	764588959-tonguedorsum2.snv.filtered.bam	764811490-tonguedorsum1.snv.filtered.bam	764811490-tonguedorsum2.snv.filtered.bam	765013792-tonguedorsum2.snv.filtered.bam	765013792-tonguedorsum3.snv.filtered.bam	765074482-tonguedorsum3.snv.filtered.bam	765094712-tonguedorsum1.snv.filtered.bam	765094712-tonguedorsum2.snv.filtered.bam	765135172-tonguedorsum1.snv.filtered.bam	823052294-tonguedorsum1.snv.filtered.bam	823052294-tonguedorsum3.snv.filtered.bam	857980665-tonguedorsum3.snv.filtered.bam	861967750-tonguedorsum1.snv.filtered.bam	861967750-tonguedorsum2.snv.filtered.bam
158499257-tonguedorsum2.snv.filtered.bam	0.0	0.104746046881	0.121828547023	0.121071448058	0.122332969314	0.102334005284	0.109038966348	0.120417753606	0.130912877434	0.127378097631	0.112759797406	0.119161179668	0.118993350679	0.103650420821	0.117347239514	0.116494765439	0.113083436883	0.115460679781	0.10716694806	0.117277862302	0.119884036559	0.11828519546	0.104960971859	0.120375332583	0.108605211526	0.126924916093	0.122805764975	0.106899017752	0.116766887924	0.131936689908	0.114758778059	0.123307933882	0.116835881534	0.118016058804	0.103740255479	0.109455350149	0.126205082329	0.118995994234	0.116919714802	0.148214637667	0.135647552289	0.0983676236197	0.0973235824713	0.0914389004211	0.125158243438	0.132471208607	0.127847485844
159227541-tonguedorsum3.snv.filtered.bam	0.104746046881	0.0	0.117338382761	0.117423824299	0.121222851139	0.107592775246	0.104913743317	0.10831355218	0.117032881484	0.114918050782	0.109397028338	0.114331264281	0.113616273445	0.103393833199	0.105150230073	0.117753269179	0.114470756499	0.126121906871	0.118027187256	0.112028610206	0.114783149559	0.117078959378	0.134693087016	0.122059571663	0.105596588942	0.133304155996	0.127489152523	0.121371971639	0.137933226477	0.127723621202	0.122165392072	0.115317986354	0.111030647782	0.125069836326	0.122503600205	0.126528582916	0.114900647684	0.107177218669	0.1204806089	0.158597893492	0.143133444293	0.104748741257	0.11364638713	0.107461322315	0.121021700365	0.125910210651	0.134716609634
159571453-tonguedorsum1.snv.filtered.bam	0.121828547023	0.117338382761	0.0	0.10897960746	0.112273433084	0.104188863838	0.092639316968	0.108195149022	0.121180983939	0.103936727018	0.0935437207431	0.100979367039	0.0977829984309	0.0957395921299	0.091320344092	0.104244893443	0.0976088961932	0.100520443353	0.0856716810087	0.106204361049	0.102736064532	0.118237685661	0.136171815507	0.123925007941	0.104858664143	0.130595501477	0.119544291954	0.115482899215	0.128912486872	0.134588188123	0.108989766883	0.104873446203	0.111050172308	0.121068578516	0.13564707755	0.127578513864	0.117181839247	0.112234190925	0.113244122354	0.143163163905	0.125082243775	0.107138289545	0.106169388048	0.101228652663	0.119558721403	0.111258177703	0.125688745549
160582958-tonguedorsum2.snv.filtered.bam	0.121071448058	0.117423824299	0.10897960746	0.0	0.053171173588	0.110593660239	0.11058750101	0.109604685207	0.118872160071	0.112464751342	0.110203494452	0.12046307845	0.125965736179	0.100235216397	0.107213025722	0.118096901405	0.126669077239	0.109643980273	0.109375123712	0.125312457462	0.126795020736	0.121785376344	0.133685647912	0.133372014667	0.119046891848	0.120190378288	0.121110924993	0.116254004202	0.131292955419	0.135826017804	0.106975285559	0.117376965943	0.116887698789	0.117719273022	0.115015157658	0.112597593294	0.121946381647	0.124429330378	0.124167401094	0.146767376974	0.131628264414	0.117433373998	0.109584256409	0.102360060593	0.118418926895	0.128384978456	0.124051869976
160582958-tonguedorsum3.snv.filtered.bam	0.122332969314	0.121222851139	0.112273433084	0.053171173588	0.0	0.112230763351	0.108717394498	0.108120654257	0.119668422703	0.108547855347	0.113704454575	0.119823794699	0.127528050885	0.101344978955	0.102347110569	0.118209251771	0.121547428276	0.109768281988	0.111827496413	0.123052516984	0.126885936981	0.123985318859	0.135629869814	0.137805612489	0.122635227409	0.122274683922	0.121729822435	0.117526771959	0.131620469548	0.133810345427	0.110127161034	0.123144512301	0.1256259809	0.123942646497	0.11928062332	0.123335448517	0.123641342673	0.123162172807	0.130107296418	0.147400492452	0.137016876809	0.116736970688	0.116660599717	0.10904686079	0.121614863865	0.13103466401	0.130117477212
246515023-tonguedorsum1.snv.filtered.bam	0.102334005284	0.107592775246	0.104188863838	0.110593660239	0.112230763351	0.0	0.0614256999501	0.0983833193775	0.10551433924	0.0963375155537	0.0774572981868	0.0921833220518	0.0991275039656	0.0727585405794	0.0801846271505	0.0922764131031	0.087975312826	0.106638135286	0.0923600491081	0.0885470437255	0.0910899054125	0.106071010548	0.121814291835	0.115129799764	0.0954834045257	0.106787335917	0.0928969969533	0.0906320181875	0.0993005395524	0.104548725113	0.0964884106833	0.106737637226	0.0987738574539	0.103802446809	0.101683038309	0.104551195151	0.100873298878	0.105504449062	0.0869309507889	0.129453715155	0.112615752283	0.0868937717582	0.0934866285308	0.0844692670457	0.107266288806	0.104007748958	0.11281347676
246515023-tonguedorsum2.snv.filtered.bam	0.109038966348	0.104913743317	0.092639316968	0.11058750101	0.108717394498	0.0614256999501	0.0	0.0996985758166	0.105263675222	0.0991284781655	0.0778116067659	0.0960714933168	0.093781161022	0.0796102280913	0.0825096546192	0.0889300984715	0.0889022595845	0.102400647216	0.0853593115831	0.0924236783513	0.0923241671226	0.113152627654	0.134097536997	0.119134151657	0.0987557212221	0.103874092398	0.0952614406817	0.104342419994	0.113579675672	0.107983724997	0.0956047854934	0.102597700535	0.102925822827	0.10643560298	0.116740765118	0.11546650294	0.0927195634176	0.0947865320891	0.0920371630325	0.130167218971	0.114766716729	0.0917382689838	0.103024209921	0.0951948174918	0.109921519037	0.105437955115	0.119805739269
550534656-tonguedorsum1.snv.filtered.bam	0.120417753606	0.10831355218	0.108195149022	0.109604685207	0.108120654257	0.0983833193775	0.0996985758166	0.0	0.0474081838228	0.0485740131968	0.0918387917104	0.0910196703011	0.103542439807	0.0894543786966	0.08219903995	0.0970053347352	0.0919816098064	0.110344250381	0.100077038488	0.0989857085979	0.094781940109	0.0961413840294	0.120140737425	0.109755950555	0.101726186984	0.118116056015	0.106694046236	0.0940912838701	0.118751893222	0.104134345436	0.109896437066	0.109128391364	0.104090759337	0.101378037992	0.106885217541	0.117563471252	0.112247024752	0.111585571382	0.112345074441	0.118505658373	0.104764691059	0.085149422536	0.101320973822	0.100053492394	0.112773352747	0.104769292799	0.103792714983
550534656-tonguedorsum2.snv.filtered.bam	0.130912877434	0.117032881484	0.121180983939	0.118872160071	0.119668422703	0.10551433924	0.105263675222	0.0474081838228	0.0	0.0395552806082	0.097271160012	0.098384808523	0.114618889925	0.0995096981305	0.0835993370173	0.104946387628	0.0996239966098	0.122621009595	0.109221797368	0.100416150205	0.101015678818	0.104740831235	0.129987882917	0.117507589504	0.11023739284	0.121199353248	0.109944462917	0.106593968771	0.124231534595	0.108500807548	0.112330867075	0.112948667961	0.10617577388	0.112651182486	0.109762028739	0.12238319976	0.118490484249	0.118688980831	0.119242589276	0.131545452308	0.117746116189	0.0938870211012	0.107977685878	0.10522865969	0.120144599806	0.115781270667	0.116417491162
550534656-tonguedorsum3.snv.filtered.bam	0.127378097631	0.114918050782	0.103936727018	0.112464751342	0.108547855347	0.0963375155537	0.0991284781655	0.0485740131968	0.0395552806082	0.0	0.086471306989	0.0880037316303	0.0970240936152	0.0933485458755	0.0761446050939	0.0947232806132	0.0863726141637	0.10811649794	0.0972059384816	0.0950308440621	0.0965777665961	0.0994957101748	0.123592443133	0.113474916668	0.102942818152	0.114843802911	0.103636051158	0.103067697808	0.119878941664	0.110432747224	0.106227615447	0.103283681389	0.0980512802371	0.112451199312	0.106597527525	0.116110580848	0.113156200275	0.11322143416	0.11309528932	0.126523825266	0.108695740725	0.0892309447525	0.101503922932	0.0980168850206	0.114203773114	0.110844473492	0.113319856704
638754422-tonguedorsum1.snv.filtered.bam	0.112759797406	0.109397028338	0.0935437207431	0.110203494452	0.113704454575	0.0774572981868	0.0778116067659	0.0918387917104	0.097271160012	0.086471306989	0.0	0.069785922419	0.0661422326976	0.0748462517334	0.069425875081	0.0899318633358	0.0824514343921	0.0994920943798	0.0920929577588	0.0906856972595	0.0866004979095	0.0996960964497	0.114993482785	0.108158803919	0.0890163770428	0.104236253189	0.0880390841573	0.0921667995175	0.103281934295	0.106197667721	0.0861299642661	0.0819477438509	0.0841061845509	0.0958227789019	0.0884846566461	0.0931335692132	0.101007899597	0.0967943033711	0.078055951783	0.128696223638	0.11054245765	0.0844413666508	0.0761189908261	0.0711866782941	0.105876904014	0.101678321082	0.105906852495
638754422-tonguedorsum2.snv.filtered.bam	0.119161179668	0.114331264281	0.100979367039	0.12046307845	0.119823794699	0.0921833220518	0.0960714933168	0.0910196703011	0.098384808523	0.0880037316303	0.069785922419	0.0	0.0805871223605	0.0893097756819	0.0760439123245	0.0979398683547	0.0816101249831	0.110727245031	0.0913504049199	0.0917360663211	0.0842294608509	0.100307398165	0.124250513907	0.105490892405	0.102166957685	0.115601766667	0.102654784366	0.111184059644	0.119857612828	0.109403521862	0.102588386816	0.0951991078121	0.104353435877	0.111299328924	0.113798758164	0.116707548282	0.110825609968	0.0992725683874	0.102714340104	0.124941119863	0.10639151387	0.0907892417646	0.0943127847484	0.0930392058099	0.119938352129	0.104245317003	0.118802866468
638754422-tonguedorsum3.snv.filtered.bam	0.118993350679	0.113616273445	0.0977829984309	0.125965736179	0.127528050885	0.0991275039656	0.093781161022	0.103542439807	0.114618889925	0.0970240936152	0.0661422326976	0.0805871223605	0.0	0.0958464503183	0.0860115794681	0.102264237201	0.088575363312	0.108843866199	0.0988851856895	0.110879840172	0.103006775393	0.12056024695	0.131587091391	0.123238177901	0.109805903441	0.120110202588	0.108195251883	0.114028772444	0.122025245875	0.119595566659	0.109722422807	0.111933123505	0.108017233917	0.109554987462	0.116403364022	0.11734940914	0.126520146408	0.120499244391	0.110569707281	0.143365409728	0.128256127563	0.107768298989	0.101283085496	0.0967769566403	0.123325674741	0.117014194802	0.121362481581
675950834-tonguedorsum1.snv.filtered.bam	0.103650420821	0.103393833199	0.0957395921299	0.100235216397	0.101344978955	0.0727585405794	0.0796102280913	0.0894543786966	0.0995096981305	0.0933485458755	0.0748462517334	0.0893097756819	0.0958464503183	0.0	0.0567883288913	0.0853367192255	0.0819050079403	0.0907267957956	0.0863639724885	0.0852604436472	0.09507080113	0.0999604414112	0.116592596542	0.110013753632	0.0911712224394	0.101244024474	0.0859972722164	0.0811175510346	0.09836908149	0.099384408542	0.0934594450543	0.0977707082791	0.0915856853592	0.0988140063922	0.0888824003058	0.0954931855717	0.0943221939535	0.101651114501	0.104741435298	0.130159151	0.109594696204	0.0839694072765	0.0840015885093	0.0747636023088	0.0907486342881	0.107793153028	0.108035814101
675950834-tonguedorsum2.snv.filtered.bam	0.117347239514	0.105150230073	0.091320344092	0.107213025722	0.102347110569	0.0801846271505	0.0825096546192	0.08219903995	0.0835993370173	0.0761446050939	0.069425875081	0.0760439123245	0.0860115794681	0.0567883288913	0.0	0.0886969320358	0.0759553741118	0.096888911007	0.0830309574754	0.0821511691524	0.0911243502302	0.0974100763753	0.127521064414	0.106217416214	0.0915369915225	0.111250330488	0.0915054798818	0.0935892172489	0.112151649385	0.0983447686818	0.0934813074316	0.0978070051323	0.0940797808266	0.103055255871	0.100231466983	0.108217338264	0.0942101447173	0.100520754274	0.106968866643	0.122663759448	0.107717558106	0.0808007356425	0.0929281139633	0.0849935600474	0.0973925019075	0.0962715268667	0.103816949409
737052003-tonguedorsum1.snv.filtered.bam	0.116494765439	0.117753269179	0.104244893443	0.118096901405	0.118209251771	0.0922764131031	0.0889300984715	0.0970053347352	0.104946387628	0.0947232806132	0.0899318633358	0.0979398683547	0.102264237201	0.0853367192255	0.0886969320358	0.0	0.0683711404592	0.104412260191	0.0948339155175	0.103670274217	0.100357431564	0.106656703198	0.1088981357	0.10345069481	0.0918076668256	0.113668381776	0.0999257424674	0.0865048327352	0.0844669509767	0.105575716412	0.0911351008747	0.110403385063	0.101894613656	0.0950742803621	0.108233968713	0.115391345462	0.104406826525	0.107437194282	0.0968881508261	0.108864327612	0.098115411512	0.0858314393655	0.095197508097	0.0931097202931	0.112493225122	0.114049950855	0.113621534079
737052003-tonguedorsum2.snv.filtered.bam	0.113083436883	0.114470756499	0.0976088961932	0.126669077239	0.121547428276	0.087975312826	0.0889022595845	0.0919816098064	0.0996239966098	0.0863726141637	0.0824514343921	0.0816101249831	0.088575363312	0.0819050079403	0.0759553741118	0.0683711404592	0.0	0.10689096685	0.0952342315049	0.0956401794234	0.0873871785696	0.105637676504	0.124012117629	0.115434886786	0.0873904569702	0.114208940002	0.0919709852381	0.099438188404	0.104121227668	0.105220659745	0.0986525135315	0.116785638442	0.102601491916	0.102861257857	0.114400389808	0.121791313665	0.112615100966	0.109512638539	0.0993796182666	0.121130629063	0.105731861954	0.0874064314529	0.0964553441122	0.0950442128896	0.11502104511	0.110317254798	0.115758659513
763536994-tonguedorsum2.snv.filtered.bam	0.115460679781	0.126121906871	0.100520443353	0.109643980273	0.109768281988	0.106638135286	0.102400647216	0.110344250381	0.122621009595	0.10811649794	0.0994920943798	0.110727245031	0.108843866199	0.0907267957956	0.096888911007	0.104412260191	0.10689096685	0.0	0.0690279867719	0.106031250331	0.114693659032	0.115566606387	0.120900466078	0.123552242614	0.114868452807	0.111533726375	0.104655588085	0.0985792479393	0.105824963074	0.113637754019	0.114198976722	0.115001972152	0.109712796048	0.111965104779	0.103713795526	0.106654609276	0.104905068357	0.108358176696	0.118444280063	0.138546448432	0.125310459828	0.11544089165	0.0986484676028	0.0963109202279	0.11591735252	0.120753769661	0.112417979639
763536994-tonguedorsum3.snv.filtered.bam	0.10716694806	0.118027187256	0.0856716810087	0.109375123712	0.111827496413	0.0923600491081	0.0853593115831	0.100077038488	0.109221797368	0.0972059384816	0.0920929577588	0.0913504049199	0.0988851856895	0.0863639724885	0.0830309574754	0.0948339155175	0.0952342315049	0.0690279867719	0.0	0.0884621211458	0.0972226007729	0.105124827982	0.12454332099	0.10603625696	0.107429848033	0.112859751991	0.103464716859	0.0996229977131	0.111706863922	0.107952821423	0.111220426802	0.107661950292	0.10459848443	0.109077370038	0.11664917003	0.112705458598	0.0980113421488	0.102027688877	0.103573950037	0.129481545429	0.112400319239	0.102791399879	0.0966212950853	0.0966273562917	0.110351151055	0.111051257851	0.115116673842
763577454-tonguedorsum1.snv.filtered.bam	0.117277862302	0.112028610206	0.106204361049	0.125312457462	0.123052516984	0.0885470437255	0.0924236783513	0.0989857085979	0.100416150205	0.0950308440621	0.0906856972595	0.0917360663211	0.110879840172	0.0852604436472	0.0821511691524	0.103670274217	0.0956401794234	0.106031250331	0.0884621211458	0.0	0.0556463811861	0.108254121919	0.1289014612	0.117146858425	0.102425916867	0.109771845181	0.0983136716092	0.110053420382	0.121110418893	0.100831114305	0.109724229129	0.100188338591	0.0978653992308	0.120384706989	0.114990408489	0.120630793963	0.0947894321413	0.0992229826062	0.10972312447	0.114912508496	0.101205786363	0.096287513789	0.101614606342	0.0944265142321	0.114345994278	0.105320601427	0.11996607891
763577454-tonguedorsum2.snv.filtered.bam	0.119884036559	0.114783149559	0.102736064532	0.126795020736	0.126885936981	0.0910899054125	0.0923241671226	0.094781940109	0.101015678818	0.0965777665961	0.0866004979095	0.0842294608509	0.103006775393	0.09507080113	0.0911243502302	0.100357431564	0.0873871785696	0.114693659032	0.0972226007729	0.0556463811861	0.0	0.118753685725	0.137442634251	0.1254773525	0.09954625086	0.116988670072	0.102972720814	0.114474599503	0.126453194409	0.109288622964	0.110339373715	0.105797469017	0.105868234479	0.119046552245	0.125594902615	0.127008044939	0.103157336782	0.0986007807724	0.111296832438	0.113908023344	0.100171373343	0.0940791713705	0.101715611223	0.0983842316433	0.121091990654	0.0960192638995	0.114638610817
763901136-tonguedorsum1.snv.filtered.bam	0.11828519546	0.117078959378	0.118237685661	0.121785376344	0.123985318859	0.106071010548	0.113152627654	0.0961413840294	0.104740831235	0.0994957101748	0.0996960964497	0.100307398165	0.12056024695	0.0999604414112	0.0974100763753	0.106656703198	0.105637676504	0.115566606387	0.105124827982	0.108254121919	0.118753685725	0.0	0.0768454279907	0.0452293198654	0.104351840672	0.138395947396	0.126191937205	0.103989203729	0.119649910083	0.11144077078	0.106420480979	0.117558777246	0.114658207253	0.119563349979	0.105823226663	0.114540031455	0.114896137176	0.115387283661	0.120337071156	0.14330165506	0.124066199521	0.107919357777	0.104037894186	0.101664261999	0.113064004687	0.130119054027	0.129242541791
763901136-tonguedorsum2.snv.filtered.bam	0.104960971859	0.134693087016	0.136171815507	0.133685647912	0.135629869814	0.121814291835	0.134097536997	0.120140737425	0.129987882917	0.123592443133	0.114993482785	0.124250513907	0.131587091391	0.116592596542	0.127521064414	0.1088981357	0.124012117629	0.120900466078	0.12454332099	0.1289014612	0.137442634251	0.0768454279907	0.0	0.079524408423	0.112639912781	0.145666030352	0.129917326593	0.105597678702	0.109428012471	0.128526854832	0.11689259693	0.118274849591	0.109645877381	0.125441163846	0.0988582033244	0.112832905263	0.137388925788	0.131036308364	0.118366245374	0.144965833305	0.131640709659	0.119178393618	0.11015677313	0.107014339119	0.122590447962	0.149086274131	0.134691375776
763901136-tonguedorsum3.snv.filtered.bam	0.120375332583	0.122059571663	0.123925007941	0.133372014667	0.137805612489	0.115129799764	0.119134151657	0.109755950555	0.117507589504	0.113474916668	0.108158803919	0.105490892405	0.123238177901	0.110013753632	0.106217416214	0.10345069481	0.115434886786	0.123552242614	0.10603625696	0.117146858425	0.1254773525	0.0452293198654	0.079524408423	0.0	0.112997758338	0.144046356594	0.130407644548	0.111953294427	0.118240208455	0.120811681183	0.114363839277	0.123050415441	0.117694794712	0.123494721792	0.112794792048	0.119335923425	0.11671728668	0.122298754898	0.120913100175	0.146745996816	0.128025036739	0.117900560612	0.115138609308	0.113594860407	0.123440012896	0.135747446857	0.135545015315
763961826-tonguedorsum1.snv.filtered.bam	0.108605211526	0.105596588942	0.104858664143	0.119046891848	0.122635227409	0.0954834045257	0.0987557212221	0.101726186984	0.11023739284	0.102942818152	0.0890163770428	0.102166957685	0.109805903441	0.0911712224394	0.0915369915225	0.0918076668256	0.0873904569702	0.114868452807	0.107429848033	0.102425916867	0.09954625086	0.104351840672	0.112639912781	0.112997758338	0.0	0.122279277973	0.0991785711818	0.0866867324778	0.0950999463281	0.106928208006	0.101076027634	0.100016751522	0.0885109940116	0.106407791762	0.116083764777	0.1166835884	0.091579979373	0.0944175697999	0.10186790319	0.128195469547	0.106724680732	0.0831018408152	0.0912544191039	0.0872893962676	0.114465970084	0.109257729399	0.119199728081
763982056-tonguedorsum1.snv.filtered.bam	0.126924916093	0.133304155996	0.130595501477	0.120190378288	0.122274683922	0.106787335917	0.103874092398	0.118116056015	0.121199353248	0.114843802911	0.104236253189	0.115601766667	0.120110202588	0.101244024474	0.111250330488	0.113668381776	0.114208940002	0.111533726375	0.112859751991	0.109771845181	0.116988670072	0.138395947396	0.145666030352	0.144046356594	0.122279277973	0.0	0.0508811487997	0.118539396626	0.120689267783	0.120565766892	0.118840053924	0.114685958512	0.108112943365	0.131782316829	0.124333919759	0.120483523365	0.127689669123	0.110351160606	0.11376106579	0.14719908909	0.125324857471	0.113340286291	0.112718970748	0.103030709548	0.13052969452	0.12797055611	0.125659797941
763982056-tonguedorsum3.snv.filtered.bam	0.122805764975	0.127489152523	0.119544291954	0.121110924993	0.121729822435	0.0928969969533	0.0952614406817	0.106694046236	0.109944462917	0.103636051158	0.0880390841573	0.102654784366	0.108195251883	0.0859972722164	0.0915054798818	0.0999257424674	0.0919709852381	0.104655588085	0.103464716859	0.0983136716092	0.102972720814	0.126191937205	0.129917326593	0.130407644548	0.0991785711818	0.0508811487997	0.0	0.096328137019	0.0957255949916	0.104302807049	0.106280538385	0.103659119328	0.0889486744915	0.11603232568	0.115395486564	0.118484470886	0.110215386829	0.103879827071	0.0961498618301	0.129190221105	0.102535991385	0.0972940479517	0.0994032547833	0.0943558067679	0.1132224142	0.111084397647	0.11297846238
764143897-tonguedorsum1.snv.filtered.bam	0.106899017752	0.121371971639	0.115482899215	0.116254004202	0.117526771959	0.0906320181875	0.104342419994	0.0940912838701	0.106593968771	0.103067697808	0.0921667995175	0.111184059644	0.114028772444	0.0811175510346	0.0935892172489	0.0865048327352	0.099438188404	0.0985792479393	0.0996229977131	0.110053420382	0.114474599503	0.103989203729	0.105597678702	0.111953294427	0.0866867324778	0.118539396626	0.096328137019	0.0	0.0483375695748	0.0974672607748	0.102658244785	0.109539157474	0.092641054059	0.102254194004	0.0933536628581	0.101228845645	0.110988551622	0.10825581311	0.0935925178773	0.126497249593	0.105952756028	0.0877803284232	0.0940630646279	0.0888661320275	0.1004929974	0.113325461715	0.10909230196
764143897-tonguedorsum2.snv.filtered.bam	0.116766887924	0.137933226477	0.128912486872	0.131292955419	0.131620469548	0.0993005395524	0.113579675672	0.118751893222	0.124231534595	0.119878941664	0.103281934295	0.119857612828	0.122025245875	0.09836908149	0.112151649385	0.0844669509767	0.104121227668	0.105824963074	0.111706863922	0.121110418893	0.126453194409	0.119649910083	0.109428012471	0.118240208455	0.0950999463281	0.120689267783	0.0957255949916	0.0483375695748	0.0	0.104000945248	0.109384706522	0.118984460592	0.0983167990566	0.114323861668	0.100993346081	0.110391364877	0.113961607283	0.117986553187	0.0956250061149	0.121377288603	0.0983464661616	0.108001465587	0.101937836422	0.100147894715	0.11504657133	0.125008250289	0.1210251041
764285508-tonguedorsum2.snv.filtered.bam	0.131936689908	0.127723621202	0.134588188123	0.135826017804	0.133810345427	0.104548725113	0.107983724997	0.104134345436	0.108500807548	0.110432747224	0.106197667721	0.109403521862	0.119595566659	0.099384408542	0.0983447686818	0.105575716412	0.105220659745	0.113637754019	0.107952821423	0.100831114305	0.109288622964	0.11144077078	0.128526854832	0.120811681183	0.106928208006	0.120565766892	0.104302807049	0.0974672607748	0.104000945248	0.0	0.121489189463	0.118781800257	0.100099121715	0.122269560893	0.117038483526	0.126138113943	0.115754171014	0.122614140198	0.113683112778	0.118588107066	0.102395037264	0.0973938054156	0.107500887692	0.110147756362	0.113987905861	0.109311866278	0.118729555732
764305738-tonguedorsum1.snv.filtered.bam	0.114758778059	0.122165392072	0.108989766883	0.106975285559	0.110127161034	0.0964884106833	0.0956047854934	0.109896437066	0.112330867075	0.106227615447	0.0861299642661	0.102588386816	0.109722422807	0.0934594450543	0.0934813074316	0.0911351008747	0.0986525135315	0.114198976722	0.111220426802	0.109724229129	0.110339373715	0.106420480979	0.11689259693	0.114363839277	0.101076027634	0.118840053924	0.106280538385	0.102658244785	0.109384706522	0.121489189463	0.0	0.112674361826	0.105459724633	0.107825467701	0.10398269918	0.108338290336	0.114769274369	0.121509350137	0.102739679164	0.13725276638	0.113375120209	0.104311417624	0.104042157318	0.0950479647046	0.104844650646	0.1233266562	0.122794485443
764325968-tonguedorsum1.snv.filtered.bam	0.123307933882	0.115317986354	0.104873446203	0.117376965943	0.123144512301	0.106737637226	0.102597700535	0.109128391364	0.112948667961	0.103283681389	0.0819477438509	0.0951991078121	0.111933123505	0.0977707082791	0.0978070051323	0.110403385063	0.116785638442	0.115001972152	0.107661950292	0.100188338591	0.105797469017	0.117558777246	0.118274849591	0.123050415441	0.100016751522	0.114685958512	0.103659119328	0.109539157474	0.118984460592	0.118781800257	0.112674361826	0.0	0.0732029392516	0.121486905027	0.109168455378	0.112801454716	0.113157339235	0.103728022884	0.0983499033489	0.146015892848	0.120446048074	0.0950875605118	0.0956018253296	0.094932223285	0.117934311089	0.121782125483	0.131712895368
764325968-tonguedorsum2.snv.filtered.bam	0.116835881534	0.111030647782	0.111050172308	0.116887698789	0.1256259809	0.0987738574539	0.102925822827	0.104090759337	0.10617577388	0.0980512802371	0.0841061845509	0.104353435877	0.108017233917	0.0915856853592	0.0940797808266	0.101894613656	0.102601491916	0.109712796048	0.10459848443	0.0978653992308	0.105868234479	0.114658207253	0.109645877381	0.117694794712	0.0885109940116	0.108112943365	0.0889486744915	0.092641054059	0.0983167990566	0.100099121715	0.105459724633	0.0732029392516	0.0	0.114183789099	0.107823265506	0.106700223509	0.105273387114	0.105625723308	0.104732192368	0.129275661276	0.107789672055	0.0904090616973	0.09211759198	0.0925763088445	0.11253381464	0.112475661387	0.115146773087
764588959-tonguedorsum2.snv.filtered.bam	0.118016058804	0.125069836326	0.121068578516	0.117719273022	0.123942646497	0.103802446809	0.10643560298	0.101378037992	0.112651182486	0.112451199312	0.0958227789019	0.111299328924	0.109554987462	0.0988140063922	0.103055255871	0.0950742803621	0.102861257857	0.111965104779	0.109077370038	0.120384706989	0.119046552245	0.119563349979	0.125441163846	0.123494721792	0.106407791762	0.131782316829	0.11603232568	0.102254194004	0.114323861668	0.122269560893	0.107825467701	0.121486905027	0.114183789099	0.0	0.115563287878	0.115832546895	0.123889421756	0.120131653796	0.100911253187	0.13061071727	0.122875654207	0.108967814963	0.101474797793	0.0995866832281	0.112528976112	0.122512762283	0.119631525259
764811490-tonguedorsum1.snv.filtered.bam	0.103740255479	0.122503600205	0.13564707755	0.115015157658	0.11928062332	0.101683038309	0.116740765118	0.106885217541	0.109762028739	0.106597527525	0.0884846566461	0.113798758164	0.116403364022	0.0888824003058	0.100231466983	0.108233968713	0.114400389808	0.103713795526	0.11664917003	0.114990408489	0.125594902615	0.105823226663	0.0988582033244	0.112794792048	0.116083764777	0.124333919759	0.115395486564	0.0933536628581	0.100993346081	0.117038483526	0.10398269918	0.109168455378	0.107823265506	0.115563287878	0.0	0.058273991642	0.116991713066	0.124518149228	0.112183291211	0.148451737016	0.12917129062	0.11153036167	0.0916400255647	0.0854377415355	0.113247606336	0.128216952083	0.12031805375
764811490-tonguedorsum2.snv.filtered.bam	0.109455350149	0.126528582916	0.127578513864	0.112597593294	0.123335448517	0.104551195151	0.11546650294	0.117563471252	0.12238319976	0.116110580848	0.0931335692132	0.116707548282	0.11734940914	0.0954931855717	0.108217338264	0.115391345462	0.121791313665	0.106654609276	0.112705458598	0.120630793963	0.127008044939	0.114540031455	0.112832905263	0.119335923425	0.1166835884	0.120483523365	0.118484470886	0.101228845645	0.110391364877	0.126138113943	0.108338290336	0.112801454716	0.106700223509	0.115832546895	0.058273991642	0.0	0.117724374168	0.11820789972	0.110948998791	0.154216581757	0.132589319459	0.113761715869	0.0836252925831	0.0766977387542	0.113229189729	0.133402800084	0.125596732455
765013792-tonguedorsum2.snv.filtered.bam	0.126205082329	0.114900647684	0.117181839247	0.121946381647	0.123641342673	0.100873298878	0.0927195634176	0.112247024752	0.118490484249	0.113156200275	0.101007899597	0.110825609968	0.126520146408	0.0943221939535	0.0942101447173	0.104406826525	0.112615100966	0.104905068357	0.0980113421488	0.0947894321413	0.103157336782	0.114896137176	0.137388925788	0.11671728668	0.091579979373	0.127689669123	0.110215386829	0.110988551622	0.113961607283	0.115754171014	0.114769274369	0.113157339235	0.105273387114	0.123889421756	0.116991713066	0.117724374168	0.0	0.0629112907531	0.114746431612	0.138052500213	0.119950638975	0.108106758957	0.110959004617	0.102570596086	0.121306875131	0.117282754108	0.132719091053
765013792-tonguedorsum3.snv.filtered.bam	0.118995994234	0.107177218669	0.112234190925	0.124429330378	0.123162172807	0.105504449062	0.0947865320891	0.111585571382	0.118688980831	0.11322143416	0.0967943033711	0.0992725683874	0.120499244391	0.101651114501	0.100520754274	0.107437194282	0.109512638539	0.108358176696	0.102027688877	0.0992229826062	0.0986007807724	0.115387283661	0.131036308364	0.122298754898	0.0944175697999	0.110351160606	0.103879827071	0.10825581311	0.117986553187	0.122614140198	0.121509350137	0.103728022884	0.105625723308	0.120131653796	0.124518149228	0.11820789972	0.0629112907531	0.0	0.106892359146	0.136604112653	0.123402613395	0.0990401593385	0.105600835725	0.100159325675	0.121922774222	0.117189238262	0.124692109465
765074482-tonguedorsum3.snv.filtered.bam	0.116919714802	0.1204806089	0.113244122354	0.124167401094	0.130107296418	0.0869309507889	0.0920371630325	0.112345074441	0.119242589276	0.11309528932	0.078055951783	0.102714340104	0.110569707281	0.104741435298	0.106968866643	0.0968881508261	0.0993796182666	0.118444280063	0.103573950037	0.10972312447	0.111296832438	0.120337071156	0.118366245374	0.120913100175	0.10186790319	0.11376106579	0.0961498618301	0.0935925178773	0.0956250061149	0.113683112778	0.102739679164	0.0983499033489	0.104732192368	0.100911253187	0.112183291211	0.110948998791	0.114746431612	0.106892359146	0.0	0.136941339157	0.109496193871	0.0973960238242	0.100757447139	0.0951490600843	0.121682967683	0.120537769608	0.125245228194
765094712-tonguedorsum1.snv.filtered.bam	0.148214637667	0.158597893492	0.143163163905	0.146767376974	0.147400492452	0.129453715155	0.130167218971	0.118505658373	0.131545452308	0.126523825266	0.128696223638	0.124941119863	0.143365409728	0.130159151	0.122663759448	0.108864327612	0.121130629063	0.138546448432	0.129481545429	0.114912508496	0.113908023344	0.14330165506	0.144965833305	0.146745996816	0.128195469547	0.14719908909	0.129190221105	0.126497249593	0.121377288603	0.118588107066	0.13725276638	0.146015892848	0.129275661276	0.13061071727	0.148451737016	0.154216581757	0.138052500213	0.136604112653	0.136941339157	0.0	0.0517556837514	0.114023479689	0.129074821324	0.134591329064	0.153786149551	0.11681088968	0.124638259826
765094712-tonguedorsum2.snv.filtered.bam	0.135647552289	0.143133444293	0.125082243775	0.131628264414	0.137016876809	0.112615752283	0.114766716729	0.104764691059	0.117746116189	0.108695740725	0.11054245765	0.10639151387	0.128256127563	0.109594696204	0.107717558106	0.098115411512	0.105731861954	0.125310459828	0.112400319239	0.101205786363	0.100171373343	0.124066199521	0.131640709659	0.128025036739	0.106724680732	0.125324857471	0.102535991385	0.105952756028	0.0983464661616	0.102395037264	0.113375120209	0.120446048074	0.107789672055	0.122875654207	0.12917129062	0.132589319459	0.119950638975	0.123402613395	0.109496193871	0.0517556837514	0.0	0.0994418472452	0.108921262675	0.111157280734	0.138644706632	0.0974433874198	0.114504663914
765135172-tonguedorsum1.snv.filtered.bam	0.0983676236197	0.104748741257	0.107138289545	0.117433373998	0.116736970688	0.0868937717582	0.0917382689838	0.085149422536	0.0938870211012	0.0892309447525	0.0844413666508	0.0907892417646	0.107768298989	0.0839694072765	0.0808007356425	0.0858314393655	0.0874064314529	0.11544089165	0.102791399879	0.096287513789	0.0940791713705	0.107919357777	0.119178393618	0.117900560612	0.0831018408152	0.113340286291	0.0972940479517	0.0877803284232	0.108001465587	0.0973938054156	0.104311417624	0.0950875605118	0.0904090616973	0.108967814963	0.11153036167	0.113761715869	0.108106758957	0.0990401593385	0.0973960238242	0.114023479689	0.0994418472452	0.0	0.0861644522805	0.090276697153	0.117549675522	0.103648019546	0.109127653125
823052294-tonguedorsum1.snv.filtered.bam	0.0973235824713	0.11364638713	0.106169388048	0.109584256409	0.116660599717	0.0934866285308	0.103024209921	0.101320973822	0.107977685878	0.101503922932	0.0761189908261	0.0943127847484	0.101283085496	0.0840015885093	0.0929281139633	0.095197508097	0.0964553441122	0.0986484676028	0.0966212950853	0.101614606342	0.101715611223	0.104037894186	0.11015677313	0.115138609308	0.0912544191039	0.112718970748	0.0994032547833	0.0940630646279	0.101937836422	0.107500887692	0.104042157318	0.0956018253296	0.09211759198	0.101474797793	0.0916400255647	0.0836252925831	0.110959004617	0.105600835725	0.100757447139	0.129074821324	0.108921262675	0.0861644522805	0.0	0.0390885697362	0.108767652163	0.112913462045	0.107962201326
823052294-tonguedorsum3.snv.filtered.bam	0.0914389004211	0.107461322315	0.101228652663	0.102360060593	0.10904686079	0.0844692670457	0.0951948174918	0.100053492394	0.10522865969	0.0980168850206	0.0711866782941	0.0930392058099	0.0967769566403	0.0747636023088	0.0849935600474	0.0931097202931	0.0950442128896	0.0963109202279	0.0966273562917	0.0944265142321	0.0983842316433	0.101664261999	0.107014339119	0.113594860407	0.0872893962676	0.103030709548	0.0943558067679	0.0888661320275	0.100147894715	0.110147756362	0.0950479647046	0.094932223285	0.0925763088445	0.0995866832281	0.0854377415355	0.0766977387542	0.102570596086	0.100159325675	0.0951490600843	0.134591329064	0.111157280734	0.090276697153	0.0390885697362	0.0	0.102139519993	0.108354160372	0.105790658603
857980665-tonguedorsum3.snv.filtered.bam	0.125158243438	0.121021700365	0.119558721403	0.118418926895	0.121614863865	0.107266288806	0.109921519037	0.112773352747	0.120144599806	0.114203773114	0.105876904014	0.119938352129	0.123325674741	0.0907486342881	0.0973925019075	0.112493225122	0.11502104511	0.11591735252	0.110351151055	0.114345994278	0.121091990654	0.113064004687	0.122590447962	0.123440012896	0.114465970084	0.13052969452	0.1132224142	0.1004929974	0.11504657133	0.113987905861	0.104844650646	0.117934311089	0.11253381464	0.112528976112	0.113247606336	0.113229189729	0.121306875131	0.121922774222	0.121682967683	0.153786149551	0.138644706632	0.117549675522	0.108767652163	0.102139519993	0.0	0.136591368674	0.133774912682
861967750-tonguedorsum1.snv.filtered.bam	0.132471208607	0.125910210651	0.111258177703	0.128384978456	0.13103466401	0.104007748958	0.105437955115	0.104769292799	0.115781270667	0.110844473492	0.101678321082	0.104245317003	0.117014194802	0.107793153028	0.0962715268667	0.114049950855	0.110317254798	0.120753769661	0.111051257851	0.105320601427	0.0960192638995	0.130119054027	0.149086274131	0.135747446857	0.109257729399	0.12797055611	0.111084397647	0.113325461715	0.125008250289	0.109311866278	0.1233266562	0.121782125483	0.112475661387	0.122512762283	0.128216952083	0.133402800084	0.117282754108	0.117189238262	0.120537769608	0.11681088968	0.0974433874198	0.103648019546	0.112913462045	0.108354160372	0.136591368674	0.0	0.0705712420112
861967750-tonguedorsum2.snv.filtered.bam	0.127847485844	0.134716609634	0.125688745549	0.124051869976	0.130117477212	0.11281347676	0.119805739269	0.103792714983	0.116417491162	0.113319856704	0.105906852495	0.118802866468	0.121362481581	0.108035814101	0.103816949409	0.113621534079	0.115758659513	0.112417979639	0.115116673842	0.11996607891	0.114638610817	0.129242541791	0.134691375776	0.135545015315	0.119199728081	0.125659797941	0.11297846238	0.10909230196	0.1210251041	0.118729555732	0.122794485443	0.131712895368	0.115146773087	0.119631525259	0.12031805375	0.125596732455	0.132719091053	0.124692109465	0.125245228194	0.124638259826	0.114504663914	0.109127653125	0.107962201326	0.105790658603	0.133774912682	0.0705712420112	0.0
