	159207311-stool1.snv.filtered.bam	159571453-stool1.snv.filtered.bam	159571453-stool2.snv.filtered.bam	159753524-stool2.snv.filtered.bam	159814214-stool1.snv.filtered.bam	160582958-stool1.snv.filtered.bam	160582958-stool2.snv.filtered.bam	160603188-stool2.snv.filtered.bam	160603188-stool3.snv.filtered.bam	338793263-stool1.snv.filtered.bam	338793263-stool2.snv.filtered.bam	763577454-stool1.snv.filtered.bam	763577454-stool2.snv.filtered.bam	763678604-stool2.snv.filtered.bam	763759525-stool1.snv.filtered.bam	763759525-stool2.snv.filtered.bam	764305738-stool1.snv.filtered.bam	764305738-stool2.snv.filtered.bam	764366428-stool2.snv.filtered.bam	764366428-stool3.snv.filtered.bam	764588959-stool1.snv.filtered.bam	764649650-stool1.snv.filtered.bam	764649650-stool2.snv.filtered.bam	765034022-stool2.snv.filtered.bam
159207311-stool1.snv.filtered.bam	0.0	0.216826599808	0.218756961775	0.151234751245	0.217632050362	0.205159769029	0.18834930988	0.175815955633	0.17553348221	0.188431208057	0.185395372276	0.169104996153	0.16956141368	0.179139743971	0.00293874199759	0.00389809719667	0.269866805494	0.266376142425	0.210857659836	0.210939427185	0.227858457942	0.193322202925	0.196228050397	0.217030156912
159571453-stool1.snv.filtered.bam	0.216826599808	0.0	0.00444062177675	0.311374639574	0.0940388799744	0.088848635645	0.0828315056518	0.211173090469	0.210962675575	0.201937025504	0.200996717872	0.164300451199	0.164223890251	0.203792654648	0.215868580174	0.216155788601	0.185419987009	0.180666790144	0.186689774747	0.186985199572	0.122572989973	0.196897360854	0.196138239963	0.207324132419
159571453-stool2.snv.filtered.bam	0.218756961775	0.00444062177675	0.0	0.313406455908	0.0952571336758	0.0885817387217	0.0861398789895	0.214076719073	0.214221670206	0.202257049053	0.203482678529	0.164514183045	0.164723491269	0.205854847127	0.217751495775	0.215903354327	0.186753467518	0.180871179085	0.188066027448	0.187605992142	0.123209570057	0.19687475409	0.197104471383	0.209235274475
159753524-stool2.snv.filtered.bam	0.151234751245	0.311374639574	0.313406455908	0.0	0.308865468219	0.298537031752	0.283668694758	0.295078531619	0.294653150274	0.297242107149	0.294714034549	0.278893163022	0.278091783455	0.299751519082	0.15157040425	0.152605470519	0.374285641989	0.371711057115	0.321089891202	0.321156943419	0.312335903293	0.30753636909	0.314156829537	0.330772849697
159814214-stool1.snv.filtered.bam	0.217632050362	0.0940388799744	0.0952571336758	0.308865468219	0.0	0.133155722103	0.126550333447	0.211648146234	0.211797557402	0.203335268453	0.201460735943	0.175281890488	0.174826289476	0.205953366717	0.216944540795	0.218070748833	0.232020176296	0.227070730304	0.202492803291	0.202807567688	0.111464524979	0.188121871823	0.190220980874	0.208888766559
160582958-stool1.snv.filtered.bam	0.205159769029	0.088848635645	0.0885817387217	0.298537031752	0.133155722103	0.0	0.00552795073144	0.189418013151	0.189207598257	0.187967275494	0.189229861214	0.171219972709	0.171882538003	0.176177799591	0.203477948776	0.201671995179	0.253567304615	0.247260252371	0.185255996204	0.184939474101	0.0991512551513	0.193350853914	0.187256651617	0.215154590028
160582958-stool2.snv.filtered.bam	0.18834930988	0.0828315056518	0.0861398789895	0.283668694758	0.126550333447	0.00552795073144	0.0	0.171945217501	0.171731614503	0.175559792539	0.171781921782	0.156566089009	0.156981284071	0.173786731019	0.188642060486	0.190343866073	0.248833791852	0.244748696765	0.177719356667	0.178029351906	0.10006296635	0.185885337958	0.177016559829	0.209565127234
160603188-stool2.snv.filtered.bam	0.175815955633	0.211173090469	0.214076719073	0.295078531619	0.211648146234	0.189418013151	0.171945217501	0.0	0.000542246199205	0.212562832116	0.208828342358	0.179497780494	0.179792089172	0.00287667657827	0.176164278084	0.177840683588	0.269197280449	0.266384660419	0.165053482322	0.165358850767	0.192943697241	0.158331524013	0.158779868993	0.216647415652
160603188-stool3.snv.filtered.bam	0.17553348221	0.210962675575	0.214221670206	0.294653150274	0.211797557402	0.189207598257	0.171731614503	0.000542246199205	0.0	0.212699102101	0.208964612343	0.179276001148	0.179571418723	0.00259873593577	0.175821863404	0.177498268908	0.269335615131	0.266587786069	0.165258374713	0.165563743157	0.192896401179	0.158598219191	0.159054770176	0.216366983166
338793263-stool1.snv.filtered.bam	0.188431208057	0.201937025504	0.202257049053	0.297242107149	0.203335268453	0.187967275494	0.175559792539	0.212562832116	0.212699102101	0.0	0.00401775086287	0.165353478133	0.165467032947	0.215459093122	0.187093060565	0.186557983747	0.241248415182	0.236869705508	0.198420850967	0.19783560442	0.222060439167	0.206774908969	0.207902854152	0.20899866164
338793263-stool2.snv.filtered.bam	0.185395372276	0.200996717872	0.203482678529	0.294714034549	0.201460735943	0.189229861214	0.171781921782	0.208828342358	0.208964612343	0.00401775086287	0.0	0.164191622779	0.164562462246	0.214255521488	0.185911234874	0.187439129202	0.239419354826	0.235965913207	0.195031110114	0.195336478558	0.22263914947	0.208093769091	0.205128205128	0.206357547761
763577454-stool1.snv.filtered.bam	0.169104996153	0.164300451199	0.164514183045	0.278893163022	0.175281890488	0.171219972709	0.156566089009	0.179497780494	0.179276001148	0.165353478133	0.164191622779	0.0	0.00328937225762	0.180995633727	0.169339070564	0.169646682174	0.187550710352	0.182515979698	0.163862911554	0.163195116724	0.163403134317	0.14941155319	0.147697692602	0.163940387653
763577454-stool2.snv.filtered.bam	0.16956141368	0.164223890251	0.164723491269	0.278091783455	0.174826289476	0.171882538003	0.156981284071	0.179792089172	0.179571418723	0.165467032947	0.164562462246	0.00328937225762	0.0	0.181381667769	0.16978704959	0.169619846609	0.192235454488	0.187738083298	0.164117578485	0.164555426153	0.163559971732	0.149771176284	0.148261648602	0.164750561945
763678604-stool2.snv.filtered.bam	0.179139743971	0.203792654648	0.205854847127	0.299751519082	0.205953366717	0.176177799591	0.173786731019	0.00287667657827	0.00259873593577	0.215459093122	0.214255521488	0.180995633727	0.181381667769	0.0	0.178968065026	0.179207295761	0.26372860374	0.260838568487	0.159286565679	0.15930796063	0.17909799042	0.154934264927	0.157538518001	0.210078669672
763759525-stool1.snv.filtered.bam	0.00293874199759	0.215868580174	0.217751495775	0.15157040425	0.216944540795	0.203477948776	0.188642060486	0.176164278084	0.175821863404	0.187093060565	0.185911234874	0.169339070564	0.16978704959	0.178968065026	0.0	0.00281896476143	0.270867202872	0.266909739424	0.211307929998	0.211702284407	0.226770918369	0.192143641379	0.195805422889	0.217404963341
763759525-stool2.snv.filtered.bam	0.00389809719667	0.216155788601	0.215903354327	0.152605470519	0.218070748833	0.201671995179	0.190343866073	0.177840683588	0.177498268908	0.186557983747	0.187439129202	0.169646682174	0.169619846609	0.179207295761	0.00281896476143	0.0	0.271430036246	0.267179974429	0.21284585502	0.212900128617	0.22644190193	0.191223014886	0.196696187287	0.218483635273
764305738-stool1.snv.filtered.bam	0.269866805494	0.185419987009	0.186753467518	0.374285641989	0.232020176296	0.253567304615	0.248833791852	0.269197280449	0.269335615131	0.241248415182	0.239419354826	0.187550710352	0.192235454488	0.26372860374	0.270867202872	0.271430036246	0.0	0.00313762221816	0.205243959872	0.205169154727	0.227080255923	0.216837792999	0.216255529534	0.226265905979
764305738-stool2.snv.filtered.bam	0.266376142425	0.180666790144	0.180871179085	0.371711057115	0.227070730304	0.247260252371	0.244748696765	0.266384660419	0.266587786069	0.236869705508	0.235965913207	0.182515979698	0.187738083298	0.260838568487	0.266909739424	0.267179974429	0.00313762221816	0.0	0.201065844157	0.200373337189	0.222544227208	0.211524718517	0.214426025954	0.221986261719
764366428-stool2.snv.filtered.bam	0.210857659836	0.186689774747	0.188066027448	0.321089891202	0.202492803291	0.185255996204	0.177719356667	0.165053482322	0.165258374713	0.198420850967	0.195031110114	0.163862911554	0.164117578485	0.159286565679	0.211307929998	0.21284585502	0.205243959872	0.201065844157	0.0	0.000981187345262	0.197390994224	0.183612194182	0.180445986762	0.19136604308
764366428-stool3.snv.filtered.bam	0.210939427185	0.186985199572	0.187605992142	0.321156943419	0.202807567688	0.184939474101	0.178029351906	0.165358850767	0.165563743157	0.19783560442	0.195336478558	0.163195116724	0.164555426153	0.15930796063	0.211702284407	0.212900128617	0.205169154727	0.200373337189	0.000981187345262	0.0	0.197502844047	0.183195192855	0.180834011232	0.191124890319
764588959-stool1.snv.filtered.bam	0.227858457942	0.122572989973	0.123209570057	0.312335903293	0.111464524979	0.0991512551513	0.10006296635	0.192943697241	0.192896401179	0.222060439167	0.22263914947	0.163403134317	0.163559971732	0.17909799042	0.226770918369	0.22644190193	0.227080255923	0.222544227208	0.197390994224	0.197502844047	0.0	0.216032656612	0.217463020854	0.22781367266
764649650-stool1.snv.filtered.bam	0.193322202925	0.196897360854	0.19687475409	0.30753636909	0.188121871823	0.193350853914	0.185885337958	0.158331524013	0.158598219191	0.206774908969	0.208093769091	0.14941155319	0.149771176284	0.154934264927	0.192143641379	0.191223014886	0.216837792999	0.211524718517	0.183612194182	0.183195192855	0.216032656612	0.0	0.00246979226652	0.204057695551
764649650-stool2.snv.filtered.bam	0.196228050397	0.196138239963	0.197104471383	0.314156829537	0.190220980874	0.187256651617	0.177016559829	0.158779868993	0.159054770176	0.207902854152	0.205128205128	0.147697692602	0.148261648602	0.157538518001	0.195805422889	0.196696187287	0.216255529534	0.214426025954	0.180445986762	0.180834011232	0.217463020854	0.00246979226652	0.0	0.207064680483
765034022-stool2.snv.filtered.bam	0.217030156912	0.207324132419	0.209235274475	0.330772849697	0.208888766559	0.215154590028	0.209565127234	0.216647415652	0.216366983166	0.20899866164	0.206357547761	0.163940387653	0.164750561945	0.210078669672	0.217404963341	0.218483635273	0.226265905979	0.221986261719	0.19136604308	0.191124890319	0.22781367266	0.204057695551	0.207064680483	0.0
