	158499257-stool2.snv.filtered.bam	159369152-stool1.snv.filtered.bam	159490532-stool1.snv.filtered.bam	159490532-stool2.snv.filtered.bam	159551223-stool1.snv.filtered.bam	159551223-stool2.snv.filtered.bam	159571453-stool1.snv.filtered.bam	159571453-stool2.snv.filtered.bam	159591683-stool1.snv.filtered.bam	159591683-stool2.snv.filtered.bam	160421117-stool1.snv.filtered.bam	160421117-stool2.snv.filtered.bam	160421117-stool3.snv.filtered.bam	246515023-stool1.snv.filtered.bam	246515023-stool2.snv.filtered.bam	246515023-stool3.snv.filtered.bam	604812005-stool3.snv.filtered.bam	706846339-stool1.snv.filtered.bam	763496533-stool2.snv.filtered.bam	763536994-stool2.snv.filtered.bam	763860675-stool2.snv.filtered.bam	764042746-stool2.snv.filtered.bam	764325968-stool1.snv.filtered.bam	764588959-stool1.snv.filtered.bam	764588959-stool2.snv.filtered.bam	765074482-stool3.snv.filtered.bam
158499257-stool2.snv.filtered.bam	0.0	0.369014084507	0.228169014085	0.23661971831	0.239436619718	0.239436619718	0.185915492958	0.171830985915	0.191549295775	0.191549295775	0.247887323944	0.216901408451	0.214084507042	0.191549295775	0.205633802817	0.194366197183	0.205633802817	0.166197183099	0.140845070423	0.188732394366	0.188732394366	0.16338028169	0.16338028169	0.261971830986	0.208450704225	0.169014084507
159369152-stool1.snv.filtered.bam	0.369014084507	0.0	0.329577464789	0.329577464789	0.338028169014	0.338028169014	0.391549295775	0.385915492958	0.397183098592	0.397183098592	0.301408450704	0.301408450704	0.301408450704	0.377464788732	0.397183098592	0.377464788732	0.323943661972	0.388732394366	0.36338028169	0.4	0.394366197183	0.36338028169	0.385915492958	0.459154929577	0.408450704225	0.4
159490532-stool1.snv.filtered.bam	0.228169014085	0.329577464789	0.0	0.0	0.0140845070423	0.0140845070423	0.160563380282	0.154929577465	0.166197183099	0.166197183099	0.245070422535	0.219718309859	0.219718309859	0.16338028169	0.171830985915	0.16338028169	0.0	0.222535211268	0.202816901408	0.177464788732	0.16338028169	0.166197183099	0.228169014085	0.278873239437	0.219718309859	0.169014084507
159490532-stool2.snv.filtered.bam	0.23661971831	0.329577464789	0.0	0.0	0.0140845070423	0.0140845070423	0.169014084507	0.16338028169	0.174647887324	0.174647887324	0.253521126761	0.228169014085	0.228169014085	0.171830985915	0.180281690141	0.171830985915	0.0	0.230985915493	0.211267605634	0.185915492958	0.171830985915	0.174647887324	0.23661971831	0.287323943662	0.228169014085	0.177464788732
159551223-stool1.snv.filtered.bam	0.239436619718	0.338028169014	0.0140845070423	0.0140845070423	0.0	0.0	0.177464788732	0.171830985915	0.183098591549	0.183098591549	0.261971830986	0.233802816901	0.233802816901	0.180281690141	0.188732394366	0.180281690141	0.0140845070423	0.233802816901	0.214084507042	0.194366197183	0.180281690141	0.183098591549	0.233802816901	0.278873239437	0.219718309859	0.180281690141
159551223-stool2.snv.filtered.bam	0.239436619718	0.338028169014	0.0140845070423	0.0140845070423	0.0	0.0	0.177464788732	0.171830985915	0.183098591549	0.183098591549	0.261971830986	0.233802816901	0.233802816901	0.180281690141	0.188732394366	0.180281690141	0.0140845070423	0.233802816901	0.214084507042	0.194366197183	0.180281690141	0.183098591549	0.233802816901	0.278873239437	0.219718309859	0.180281690141
159571453-stool1.snv.filtered.bam	0.185915492958	0.391549295775	0.160563380282	0.169014084507	0.177464788732	0.177464788732	0.0	0.0112676056338	0.0056338028169	0.0056338028169	0.140845070423	0.115492957746	0.115492957746	0.10985915493	0.123943661972	0.115492957746	0.135211267606	0.194366197183	0.169014084507	0.0338028169014	0.00281690140845	0.101408450704	0.169014084507	0.225352112676	0.174647887324	0.0535211267606
159571453-stool2.snv.filtered.bam	0.171830985915	0.385915492958	0.154929577465	0.16338028169	0.171830985915	0.171830985915	0.0112676056338	0.0	0.0225352112676	0.0225352112676	0.157746478873	0.132394366197	0.132394366197	0.12676056338	0.140845070423	0.132394366197	0.132394366197	0.180281690141	0.16338028169	0.0507042253521	0.0197183098592	0.101408450704	0.185915492958	0.219718309859	0.171830985915	0.0366197183099
159591683-stool1.snv.filtered.bam	0.191549295775	0.397183098592	0.166197183099	0.174647887324	0.183098591549	0.183098591549	0.0056338028169	0.0225352112676	0.0	0.0	0.146478873239	0.121126760563	0.121126760563	0.115492957746	0.129577464789	0.121126760563	0.140845070423	0.2	0.177464788732	0.0338028169014	0.00845070422535	0.107042253521	0.174647887324	0.230985915493	0.180281690141	0.0591549295775
159591683-stool2.snv.filtered.bam	0.191549295775	0.397183098592	0.166197183099	0.174647887324	0.183098591549	0.183098591549	0.0056338028169	0.0225352112676	0.0	0.0	0.146478873239	0.121126760563	0.121126760563	0.115492957746	0.129577464789	0.121126760563	0.140845070423	0.2	0.177464788732	0.0338028169014	0.00845070422535	0.107042253521	0.174647887324	0.230985915493	0.180281690141	0.0591549295775
160421117-stool1.snv.filtered.bam	0.247887323944	0.301408450704	0.245070422535	0.253521126761	0.261971830986	0.261971830986	0.140845070423	0.157746478873	0.146478873239	0.146478873239	0.0	0.0	0.0	0.185915492958	0.208450704225	0.191549295775	0.219718309859	0.27323943662	0.247887323944	0.149295774648	0.143661971831	0.174647887324	0.239436619718	0.321126760563	0.264788732394	0.171830985915
160421117-stool2.snv.filtered.bam	0.216901408451	0.301408450704	0.219718309859	0.228169014085	0.233802816901	0.233802816901	0.115492957746	0.132394366197	0.121126760563	0.121126760563	0.0	0.0	0.0	0.160563380282	0.183098591549	0.166197183099	0.194366197183	0.245070422535	0.219718309859	0.123943661972	0.118309859155	0.149295774648	0.214084507042	0.292957746479	0.23661971831	0.143661971831
160421117-stool3.snv.filtered.bam	0.214084507042	0.301408450704	0.219718309859	0.228169014085	0.233802816901	0.233802816901	0.115492957746	0.132394366197	0.121126760563	0.121126760563	0.0	0.0	0.0	0.157746478873	0.180281690141	0.166197183099	0.194366197183	0.242253521127	0.219718309859	0.123943661972	0.118309859155	0.149295774648	0.211267605634	0.29014084507	0.233802816901	0.140845070423
246515023-stool1.snv.filtered.bam	0.191549295775	0.377464788732	0.16338028169	0.171830985915	0.180281690141	0.180281690141	0.10985915493	0.12676056338	0.115492957746	0.115492957746	0.185915492958	0.160563380282	0.157746478873	0.0	0.0	0.0	0.143661971831	0.177464788732	0.160563380282	0.12676056338	0.112676056338	0.112676056338	0.177464788732	0.239436619718	0.177464788732	0.138028169014
246515023-stool2.snv.filtered.bam	0.205633802817	0.397183098592	0.171830985915	0.180281690141	0.188732394366	0.188732394366	0.123943661972	0.140845070423	0.129577464789	0.129577464789	0.208450704225	0.183098591549	0.180281690141	0.0	0.0	0.0	0.152112676056	0.185915492958	0.169014084507	0.146478873239	0.12676056338	0.123943661972	0.191549295775	0.253521126761	0.191549295775	0.154929577465
246515023-stool3.snv.filtered.bam	0.194366197183	0.377464788732	0.16338028169	0.171830985915	0.180281690141	0.180281690141	0.115492957746	0.132394366197	0.121126760563	0.121126760563	0.191549295775	0.166197183099	0.166197183099	0.0	0.0	0.0	0.143661971831	0.180281690141	0.16338028169	0.132394366197	0.118309859155	0.115492957746	0.180281690141	0.245070422535	0.185915492958	0.146478873239
604812005-stool3.snv.filtered.bam	0.205633802817	0.323943661972	0.0	0.0	0.0140845070423	0.0140845070423	0.135211267606	0.132394366197	0.140845070423	0.140845070423	0.219718309859	0.194366197183	0.194366197183	0.143661971831	0.152112676056	0.143661971831	0.0	0.202816901408	0.180281690141	0.152112676056	0.138028169014	0.143661971831	0.208450704225	0.247887323944	0.191549295775	0.143661971831
706846339-stool1.snv.filtered.bam	0.166197183099	0.388732394366	0.222535211268	0.230985915493	0.233802816901	0.233802816901	0.194366197183	0.180281690141	0.2	0.2	0.27323943662	0.245070422535	0.242253521127	0.177464788732	0.185915492958	0.180281690141	0.202816901408	0.0	0.00281690140845	0.2	0.197183098592	0.154929577465	0.194366197183	0.211267605634	0.16338028169	0.183098591549
763496533-stool2.snv.filtered.bam	0.140845070423	0.36338028169	0.202816901408	0.211267605634	0.214084507042	0.214084507042	0.169014084507	0.16338028169	0.177464788732	0.177464788732	0.247887323944	0.219718309859	0.219718309859	0.160563380282	0.169014084507	0.16338028169	0.180281690141	0.00281690140845	0.0	0.180281690141	0.174647887324	0.146478873239	0.169014084507	0.194366197183	0.146478873239	0.166197183099
763536994-stool2.snv.filtered.bam	0.188732394366	0.4	0.177464788732	0.185915492958	0.194366197183	0.194366197183	0.0338028169014	0.0507042253521	0.0338028169014	0.0338028169014	0.149295774648	0.123943661972	0.123943661972	0.12676056338	0.146478873239	0.132394366197	0.152112676056	0.2	0.180281690141	0.0	0.0366197183099	0.104225352113	0.180281690141	0.228169014085	0.174647887324	0.0704225352113
763860675-stool2.snv.filtered.bam	0.188732394366	0.394366197183	0.16338028169	0.171830985915	0.180281690141	0.180281690141	0.00281690140845	0.0197183098592	0.00845070422535	0.00845070422535	0.143661971831	0.118309859155	0.118309859155	0.112676056338	0.12676056338	0.118309859155	0.138028169014	0.197183098592	0.174647887324	0.0366197183099	0.0	0.104225352113	0.171830985915	0.228169014085	0.177464788732	0.056338028169
764042746-stool2.snv.filtered.bam	0.16338028169	0.36338028169	0.166197183099	0.174647887324	0.183098591549	0.183098591549	0.101408450704	0.101408450704	0.107042253521	0.107042253521	0.174647887324	0.149295774648	0.149295774648	0.112676056338	0.123943661972	0.115492957746	0.143661971831	0.154929577465	0.146478873239	0.104225352113	0.104225352113	0.0	0.183098591549	0.205633802817	0.152112676056	0.115492957746
764325968-stool1.snv.filtered.bam	0.16338028169	0.385915492958	0.228169014085	0.23661971831	0.233802816901	0.233802816901	0.169014084507	0.185915492958	0.174647887324	0.174647887324	0.239436619718	0.214084507042	0.211267605634	0.177464788732	0.191549295775	0.180281690141	0.208450704225	0.194366197183	0.169014084507	0.180281690141	0.171830985915	0.183098591549	0.0	0.264788732394	0.205633802817	0.191549295775
764588959-stool1.snv.filtered.bam	0.261971830986	0.459154929577	0.278873239437	0.287323943662	0.278873239437	0.278873239437	0.225352112676	0.219718309859	0.230985915493	0.230985915493	0.321126760563	0.292957746479	0.29014084507	0.239436619718	0.253521126761	0.245070422535	0.247887323944	0.211267605634	0.194366197183	0.228169014085	0.228169014085	0.205633802817	0.264788732394	0.0	0.0	0.219718309859
764588959-stool2.snv.filtered.bam	0.208450704225	0.408450704225	0.219718309859	0.228169014085	0.219718309859	0.219718309859	0.174647887324	0.171830985915	0.180281690141	0.180281690141	0.264788732394	0.23661971831	0.233802816901	0.177464788732	0.191549295775	0.185915492958	0.191549295775	0.16338028169	0.146478873239	0.174647887324	0.177464788732	0.152112676056	0.205633802817	0.0	0.0	0.171830985915
765074482-stool3.snv.filtered.bam	0.169014084507	0.4	0.169014084507	0.177464788732	0.180281690141	0.180281690141	0.0535211267606	0.0366197183099	0.0591549295775	0.0591549295775	0.171830985915	0.143661971831	0.140845070423	0.138028169014	0.154929577465	0.146478873239	0.143661971831	0.183098591549	0.166197183099	0.0704225352113	0.056338028169	0.115492957746	0.191549295775	0.219718309859	0.171830985915	0.0
