	158499257-stool2.snv.filtered.bam	159369152-stool1.snv.filtered.bam	159490532-stool1.snv.filtered.bam	159490532-stool2.snv.filtered.bam	159551223-stool1.snv.filtered.bam	159551223-stool2.snv.filtered.bam	159571453-stool1.snv.filtered.bam	159571453-stool2.snv.filtered.bam	159591683-stool1.snv.filtered.bam	159591683-stool2.snv.filtered.bam	160421117-stool1.snv.filtered.bam	160421117-stool2.snv.filtered.bam	160421117-stool3.snv.filtered.bam	246515023-stool1.snv.filtered.bam	246515023-stool2.snv.filtered.bam	246515023-stool3.snv.filtered.bam	604812005-stool3.snv.filtered.bam	706846339-stool1.snv.filtered.bam	763496533-stool2.snv.filtered.bam	763536994-stool2.snv.filtered.bam	763860675-stool2.snv.filtered.bam	764042746-stool2.snv.filtered.bam	764325968-stool1.snv.filtered.bam	764588959-stool1.snv.filtered.bam	764588959-stool2.snv.filtered.bam	765074482-stool3.snv.filtered.bam
158499257-stool2.snv.filtered.bam	0.0	0.39797820634	0.235540545687	0.242612579308	0.244869770944	0.245648971776	0.187776351581	0.180879251746	0.196921075769	0.196543827166	0.253243982997	0.228899745094	0.226618383393	0.203914503085	0.212603465463	0.206384448194	0.220854830373	0.178442339962	0.166597312261	0.194074565659	0.19356183897	0.177130354591	0.171826043781	0.269605820383	0.252568620013	0.173981801108
159369152-stool1.snv.filtered.bam	0.39797820634	0.0	0.353102271514	0.350168207608	0.359371559562	0.360160062127	0.414114164464	0.41271496298	0.421783718236	0.421535817318	0.320690210224	0.330491730492	0.331511766697	0.415834662622	0.424339334936	0.414938627902	0.362223658211	0.428948461015	0.41381546879	0.427169390308	0.417918064704	0.404778189375	0.419829418972	0.491907058991	0.512113082536	0.426444729588
159490532-stool1.snv.filtered.bam	0.235540545687	0.353102271514	0.0	0.0024416993665	0.0166894887	0.0171272805756	0.162628737059	0.162229320559	0.169946832385	0.16971513143	0.248027076609	0.229633043801	0.230308435106	0.172809316206	0.176952402327	0.172164281609	0.00189385831265	0.234669007015	0.232357104942	0.181898384072	0.165920551135	0.178713591698	0.237171831394	0.284952094497	0.263751783504	0.17236455774
159490532-stool2.snv.filtered.bam	0.242612579308	0.350168207608	0.0024416993665	0.0	0.0164738025825	0.0163299185943	0.170088934399	0.169820005383	0.177009998354	0.176212904888	0.255124431303	0.237185858912	0.237877362874	0.180570008163	0.18425367893	0.180201673985	0.00236134569043	0.242037050272	0.238792273773	0.188661818844	0.173276275693	0.186352829946	0.244033553516	0.290485718854	0.271477079028	0.180069866115
159551223-stool1.snv.filtered.bam	0.244869770944	0.359371559562	0.0166894887	0.0164738025825	0.0	0.0021899208185	0.178511538699	0.177453764093	0.185323161136	0.184559680697	0.262946446584	0.242389122556	0.243095796383	0.188895650757	0.192128176762	0.188263759833	0.0167265653221	0.244677893982	0.242132976944	0.19745922797	0.181783113202	0.194632739666	0.240776677016	0.282140118335	0.261081129451	0.182424649627
159551223-stool2.snv.filtered.bam	0.245648971776	0.360160062127	0.0171272805756	0.0163299185943	0.0021899208185	0.0	0.178741645786	0.178208382353	0.18527319424	0.184880413192	0.263698467797	0.24338349886	0.244093071743	0.189396909237	0.192569958055	0.189204077707	0.0175811138907	0.245385701637	0.242519532692	0.19751654908	0.182099488907	0.195149631657	0.241296714547	0.282349846879	0.261879211625	0.183351618892
159571453-stool1.snv.filtered.bam	0.187776351581	0.414114164464	0.162628737059	0.170088934399	0.178511538699	0.178741645786	0.0	0.0174442543244	0.0129867805259	0.0126925421394	0.14637345319	0.125111275543	0.125476031448	0.120548047746	0.131222076247	0.125405796637	0.143275367349	0.201276016331	0.189594317594	0.0411728821587	0.0100494468072	0.109356399877	0.178537256271	0.226831447205	0.206514086134	0.0529855170128
159571453-stool2.snv.filtered.bam	0.180879251746	0.41271496298	0.162229320559	0.169820005383	0.177453764093	0.178208382353	0.0174442543244	0.0	0.0263378411566	0.0258064331615	0.15958565266	0.138456378285	0.138860041195	0.134621441022	0.145694862437	0.139460996481	0.144149520965	0.192670450883	0.184791073605	0.0551899232663	0.0232173149291	0.113236359988	0.191736411253	0.226435965774	0.207543477707	0.0418974396413
159591683-stool1.snv.filtered.bam	0.196921075769	0.421783718236	0.169946832385	0.177009998354	0.185323161136	0.18527319424	0.0129867805259	0.0263378411566	0.0	0.00296150319166	0.148562644122	0.127101987588	0.127472547318	0.122095974987	0.133663984663	0.127845274065	0.1497950552	0.210350803186	0.198236554655	0.0370505661621	0.0109372753003	0.115172657248	0.181103244362	0.234462345369	0.215378537085	0.0614740976131
159591683-stool2.snv.filtered.bam	0.196543827166	0.421535817318	0.16971513143	0.176212904888	0.184559680697	0.184880413192	0.0126925421394	0.0258064331615	0.00296150319166	0.0	0.148050343995	0.126923886536	0.127293927021	0.122565149473	0.133430103119	0.127542253258	0.149576348843	0.210010467926	0.198035285653	0.0367627443504	0.010943347567	0.115817150645	0.180781052716	0.233343770097	0.214564728526	0.061289433554
160421117-stool1.snv.filtered.bam	0.253243982997	0.320690210224	0.248027076609	0.255124431303	0.262946446584	0.263698467797	0.14637345319	0.15958565266	0.148562644122	0.148050343995	0.0	0.00177940699617	0.00178459477167	0.193804454091	0.21215557887	0.199751890361	0.231652383777	0.285184725669	0.271833080166	0.151597700307	0.145020997392	0.18555102341	0.246747532449	0.324175075429	0.314150041916	0.173862855699
160421117-stool2.snv.filtered.bam	0.228899745094	0.330491730492	0.229633043801	0.237185858912	0.242389122556	0.24338349886	0.125111275543	0.138456378285	0.127101987588	0.126923886536	0.00177940699617	0.0	0.0	0.173688791141	0.192963961642	0.178247734139	0.210849067057	0.263534545129	0.250847930673	0.130465117753	0.123452021579	0.164000502467	0.227216494237	0.305631377879	0.290657439446	0.149189261031
160421117-stool3.snv.filtered.bam	0.226618383393	0.331511766697	0.230308435106	0.237877362874	0.243095796383	0.244093071743	0.125476031448	0.138860041195	0.127472547318	0.127293927021	0.00178459477167	0.0	0.0	0.171192382656	0.190597287043	0.178247734139	0.211495843336	0.261302831629	0.250847930673	0.130847713407	0.12381194001	0.164500503999	0.224909677801	0.303589117225	0.288194444444	0.146694214876
246515023-stool1.snv.filtered.bam	0.203914503085	0.415834662622	0.172809316206	0.180570008163	0.188895650757	0.189396909237	0.120548047746	0.134621441022	0.122095974987	0.122565149473	0.193804454091	0.173688791141	0.171192382656	0.0	0.00441710306903	0.00231457312957	0.158320011002	0.193507815292	0.189459069547	0.133965726159	0.118498363465	0.125907767402	0.190471486781	0.252075797106	0.220905892869	0.145577570048
246515023-stool2.snv.filtered.bam	0.212603465463	0.424339334936	0.176952402327	0.18425367893	0.192128176762	0.192569958055	0.131222076247	0.145694862437	0.133663984663	0.133430103119	0.21215557887	0.192963961642	0.190597287043	0.00441710306903	0.0	0.00299817894591	0.162971676458	0.197017324684	0.194300735552	0.150929755537	0.130107925776	0.134038293356	0.19936332737	0.258732670214	0.230267249699	0.159287896877
246515023-stool3.snv.filtered.bam	0.206384448194	0.414938627902	0.172164281609	0.180201673985	0.188263759833	0.189204077707	0.125405796637	0.139460996481	0.127845274065	0.127542253258	0.199751890361	0.178247734139	0.178247734139	0.00231457312957	0.00299817894591	0.0	0.156761984392	0.195492069785	0.192516729157	0.139773414048	0.123866176215	0.128455491741	0.192648928334	0.257250161477	0.228373702422	0.152874331551
604812005-stool3.snv.filtered.bam	0.220854830373	0.362223658211	0.00189385831265	0.00236134569043	0.0167265653221	0.0175811138907	0.143275367349	0.144149520965	0.1497950552	0.149576348843	0.231652383777	0.210849067057	0.211495843336	0.158320011002	0.162971676458	0.156761984392	0.0	0.220992464486	0.216268239856	0.162259622485	0.145819970178	0.160347502244	0.225507233306	0.263362319626	0.239252270872	0.15169753631
706846339-stool1.snv.filtered.bam	0.178442339962	0.428948461015	0.234669007015	0.242037050272	0.244677893982	0.245385701637	0.201276016331	0.192670450883	0.210350803186	0.210010467926	0.285184725669	0.263534545129	0.261302831629	0.193507815292	0.197017324684	0.195492069785	0.220992464486	0.0	0.037425407297	0.211258450371	0.206531194969	0.171804801505	0.208504874695	0.224116250625	0.199311759645	0.192175347741
763496533-stool2.snv.filtered.bam	0.166597312261	0.41381546879	0.232357104942	0.238792273773	0.242132976944	0.242519532692	0.189594317594	0.184791073605	0.198236554655	0.198035285653	0.271833080166	0.250847930673	0.250847930673	0.189459069547	0.194300735552	0.192516729157	0.216268239856	0.037425407297	0.0	0.203134043408	0.194622158374	0.179455535182	0.170512827181	0.22579013606	0.203086469985	0.188548912859
763536994-stool2.snv.filtered.bam	0.194074565659	0.427169390308	0.181898384072	0.188661818844	0.19745922797	0.19751654908	0.0411728821587	0.0551899232663	0.0370505661621	0.0367627443504	0.151597700307	0.130465117753	0.130847713407	0.133965726159	0.150929755537	0.139773414048	0.162259622485	0.211258450371	0.203134043408	0.0	0.0392793748278	0.113836049803	0.187992773221	0.232948995191	0.209115637658	0.0731352081218
763860675-stool2.snv.filtered.bam	0.19356183897	0.417918064704	0.165920551135	0.173276275693	0.181783113202	0.182099488907	0.0100494468072	0.0232173149291	0.0109372753003	0.010943347567	0.145020997392	0.123452021579	0.12381194001	0.118498363465	0.130107925776	0.123866176215	0.145819970178	0.206531194969	0.194622158374	0.0392793748278	0.0	0.112504413343	0.177255543601	0.23098637653	0.210904410582	0.0581125599655
764042746-stool2.snv.filtered.bam	0.177130354591	0.404778189375	0.178713591698	0.186352829946	0.194632739666	0.195149631657	0.109356399877	0.113236359988	0.115172657248	0.115817150645	0.18555102341	0.164000502467	0.164500503999	0.125907767402	0.134038293356	0.128455491741	0.160347502244	0.171804801505	0.179455535182	0.113836049803	0.112504413343	0.0	0.199848457419	0.219559673076	0.188187552565	0.124043381572
764325968-stool1.snv.filtered.bam	0.171826043781	0.419829418972	0.237171831394	0.244033553516	0.240776677016	0.241296714547	0.178537256271	0.191736411253	0.181103244362	0.180781052716	0.246747532449	0.227216494237	0.224909677801	0.190471486781	0.19936332737	0.192648928334	0.225507233306	0.208504874695	0.170512827181	0.187992773221	0.177255543601	0.199848457419	0.0	0.274780793889	0.250323351753	0.198166577786
764588959-stool1.snv.filtered.bam	0.269605820383	0.491907058991	0.284952094497	0.290485718854	0.282140118335	0.282349846879	0.226831447205	0.226435965774	0.234462345369	0.233343770097	0.324175075429	0.305631377879	0.303589117225	0.252075797106	0.258732670214	0.257250161477	0.263362319626	0.224116250625	0.22579013606	0.232948995191	0.23098637653	0.219559673076	0.274780793889	0.0	0.0028586315316	0.223903048721
764588959-stool2.snv.filtered.bam	0.252568620013	0.512113082536	0.263751783504	0.271477079028	0.261081129451	0.261879211625	0.206514086134	0.207543477707	0.215378537085	0.214564728526	0.314150041916	0.290657439446	0.288194444444	0.220905892869	0.230267249699	0.228373702422	0.239252270872	0.199311759645	0.203086469985	0.209115637658	0.210904410582	0.188187552565	0.250323351753	0.0028586315316	0.0	0.204774252593
765074482-stool3.snv.filtered.bam	0.173981801108	0.426444729588	0.17236455774	0.180069866115	0.182424649627	0.183351618892	0.0529855170128	0.0418974396413	0.0614740976131	0.061289433554	0.173862855699	0.149189261031	0.146694214876	0.145577570048	0.159287896877	0.152874331551	0.15169753631	0.192175347741	0.188548912859	0.0731352081218	0.0581125599655	0.124043381572	0.198166577786	0.223903048721	0.204774252593	0.0
