	158337416-stool1.snv.filtered.bam	158337416-stool2.snv.filtered.bam	159571453-stool2.snv.filtered.bam	159753524-stool2.snv.filtered.bam	159753524-stool3.snv.filtered.bam	159814214-stool1.snv.filtered.bam	159814214-stool2.snv.filtered.bam	160178356-stool1.snv.filtered.bam	160178356-stool2.snv.filtered.bam	160380657-stool1.snv.filtered.bam	160380657-stool2.snv.filtered.bam	160380657-stool3.snv.filtered.bam	160502038-stool2.snv.filtered.bam	160502038-stool3.snv.filtered.bam	160603188-stool2.snv.filtered.bam	338793263-stool1.snv.filtered.bam	338793263-stool2.snv.filtered.bam	686765762-stool3.snv.filtered.bam	763759525-stool2.snv.filtered.bam	763820215-stool1.snv.filtered.bam	763840445-stool1.snv.filtered.bam	763840445-stool2.snv.filtered.bam	763860675-stool2.snv.filtered.bam	763961826-stool2.snv.filtered.bam	764062976-stool1.snv.filtered.bam	764062976-stool2.snv.filtered.bam	764305738-stool1.snv.filtered.bam	764305738-stool2.snv.filtered.bam	764325968-stool1.snv.filtered.bam	764447348-stool1.snv.filtered.bam	764508039-stool1.snv.filtered.bam	764508039-stool3.snv.filtered.bam	764669880-stool2.snv.filtered.bam	765013792-stool1.snv.filtered.bam	765074482-stool3.snv.filtered.bam	765094712-stool1.snv.filtered.bam	765094712-stool2.snv.filtered.bam	765094712-stool3.snv.filtered.bam	765135172-stool3.snv.filtered.bam
158337416-stool1.snv.filtered.bam	0.0	0.00488773998742	0.4366707372	0.363187727053	0.361820832647	0.117475121646	0.118399331985	0.143805128621	0.251832811429	0.207371834978	0.195542628127	0.201250688405	0.139305224895	0.145109128058	0.290189782554	0.193214753618	0.194613172146	0.0814128415472	0.0820592818423	0.117666560509	0.131310208378	0.144881099379	0.26260356474	0.124318546773	0.085890377355	0.213325426779	0.121549282152	0.120296217535	0.493873090251	0.376397523892	0.135108924561	0.138548149288	0.0906301419275	0.14482384724	0.16601141979	0.121803772549	0.126655603431	0.131013475655	0.259301648679
158337416-stool2.snv.filtered.bam	0.00488773998742	0.0	0.435059410624	0.361659103902	0.359725688657	0.116738450623	0.117837958488	0.141787893661	0.250776578461	0.205507042018	0.194137893749	0.199948507754	0.138142770323	0.143954859786	0.287880834062	0.193982220367	0.192952584848	0.0808002850844	0.0802028096392	0.117752539837	0.129886981516	0.144239541601	0.261182882678	0.124292948842	0.0866796398377	0.212603229555	0.121493084422	0.118430694143	0.493027389883	0.374880069874	0.134062997435	0.137794649051	0.0903173827179	0.14378936799	0.163938408863	0.123579999871	0.125596492766	0.130112827003	0.257257930312
159571453-stool2.snv.filtered.bam	0.4366707372	0.435059410624	0.0	0.434198467606	0.433266822761	0.409854479447	0.405211270269	0.418320998819	0.358575753222	0.425213001713	0.407075349127	0.409977952882	0.432517877555	0.43115126908	0.468286456549	0.408839716895	0.408969347436	0.414585349311	0.414287225605	0.408432639127	0.427757467354	0.422818063959	0.462907809941	0.423825461335	0.408013027398	0.390685360377	0.40090896557	0.409490882583	0.102034703128	0.415530989766	0.412534079353	0.411679049112	0.42249460885	0.436733905275	0.445819939712	0.425726268226	0.427716616335	0.427387254906	0.399271981609
159753524-stool2.snv.filtered.bam	0.363187727053	0.361659103902	0.434198467606	0.0	0.00107213341598	0.361587890968	0.356908245929	0.385771770815	0.458754781418	0.254454584963	0.270300803257	0.27529193184	0.356314103259	0.360413718546	0.179634343186	0.256830584803	0.254350952456	0.339147009501	0.34044685844	0.359756484853	0.348488462484	0.334336997256	0.197323703476	0.383062700427	0.334969370446	0.109694271333	0.366233666917	0.365759027969	0.541498049086	0.0314492936379	0.32866741994	0.344400879402	0.333812310208	0.361579385805	0.380808918248	0.355374002386	0.359153451371	0.359938424658	0.18248049438
159753524-stool3.snv.filtered.bam	0.361820832647	0.359725688657	0.433266822761	0.00107213341598	0.0	0.367212724526	0.362052290317	0.39085306483	0.465467795975	0.259014737179	0.274338444151	0.279442755636	0.361449598832	0.36557109794	0.17500009945	0.253348170487	0.251014844642	0.344000578765	0.345115173022	0.364811901827	0.353565518157	0.338472759089	0.200583603035	0.388395955156	0.339507329534	0.109521464854	0.371109701192	0.371389433054	0.54222610912	0.032081277785	0.333229782843	0.34962820847	0.338543367738	0.366376884276	0.385202910611	0.360362120474	0.364192767643	0.36515704135	0.182456227471
159814214-stool1.snv.filtered.bam	0.117475121646	0.116738450623	0.409854479447	0.361587890968	0.367212724526	0.0	0.00458320574673	0.0347105200733	0.175610611846	0.137272964494	0.151546385518	0.157656939722	0.0952814542234	0.101395383941	0.259594318085	0.180275593539	0.17873736967	0.0382739752684	0.038583030964	0.00447011437956	0.0194393429053	0.0312946591679	0.212036532966	0.0818248832282	0.0467240977901	0.220783016007	0.00384924498943	0.00269774846854	0.451682580158	0.375421033966	0.0245764737722	0.0255652759623	0.0479176664929	0.0887588839383	0.118041233228	0.0939961847709	0.0971237131926	0.101318911553	0.263962012004
159814214-stool2.snv.filtered.bam	0.118399331985	0.117837958488	0.405211270269	0.356908245929	0.362052290317	0.00458320574673	0.0	0.0336695262329	0.170067793688	0.128776189988	0.143497222773	0.149708200501	0.0940997096209	0.0999926048406	0.253846640733	0.173824127591	0.17122313649	0.037249247154	0.0386663864781	0.00433426272627	0.0191439259682	0.0309775326637	0.214213327192	0.0808526119874	0.044066893013	0.213565271869	0.00414550303653	0.00308944289794	0.446159061193	0.370603970583	0.0244700063278	0.023867254407	0.047317983921	0.08701903502	0.11567976333	0.092201767625	0.0961239169029	0.100083182328	0.258466259176
160178356-stool1.snv.filtered.bam	0.143805128621	0.141787893661	0.418320998819	0.385771770815	0.39085306483	0.0347105200733	0.0336695262329	0.0	0.148384928326	0.168608835483	0.17743564986	0.1833638853	0.12522075164	0.131123841234	0.285822260901	0.203911625562	0.203034079118	0.067979888333	0.0669633943221	0.0336360439827	0.0364482303756	0.0598202932695	0.238783580473	0.109686321692	0.072233954366	0.234453942547	0.0344731005707	0.0325699809027	0.462941453257	0.397871837226	0.0552033823267	0.05673514947	0.0752398724791	0.115406674905	0.144005802749	0.121941871002	0.123820603461	0.130428419539	0.290153476426
160178356-stool2.snv.filtered.bam	0.251832811429	0.250776578461	0.358575753222	0.458754781418	0.465467795975	0.175610611846	0.170067793688	0.148384928326	0.0	0.265292159548	0.261711449908	0.265875238893	0.253590211873	0.258660706603	0.3634250053	0.279056617811	0.276244043334	0.209434138522	0.210742249579	0.175763264587	0.176111105472	0.197166249255	0.341330755833	0.239026856658	0.212235653803	0.347683731858	0.168635024025	0.169611216685	0.392336939338	0.46412256847	0.197213516902	0.196057367162	0.217945633282	0.249077946849	0.256537167497	0.241527317121	0.245974206052	0.25026501911	0.348802244084
160380657-stool1.snv.filtered.bam	0.207371834978	0.205507042018	0.425213001713	0.254454584963	0.259014737179	0.137272964494	0.128776189988	0.168608835483	0.265292159548	0.0	0.000539741752951	0.0	0.172043010753	0.170275353662	0.22446165297	0.0540014067358	0.0509032114184	0.13599677159	0.137157445334	0.135839041882	0.109493105248	0.103901010457	0.166696297698	0.163892720128	0.140722622391	0.234086490616	0.140882095401	0.129973474801	0.474708534441	0.264864870191	0.0970251402476	0.108454608455	0.138880579297	0.154752493734	0.164873083228	0.147991483461	0.147851377018	0.14406779661	0.211152882206
160380657-stool2.snv.filtered.bam	0.195542628127	0.194137893749	0.407075349127	0.270300803257	0.274338444151	0.151546385518	0.143497222773	0.17743564986	0.261711449908	0.000539741752951	0.0	0.000451698771973	0.193829306894	0.192209134644	0.251768595338	0.0615462580739	0.0572359466256	0.142045205427	0.143354273154	0.149697736931	0.128420635079	0.123231597566	0.191670340959	0.172887512315	0.146952515699	0.235480741864	0.156859450005	0.147163233336	0.44276256501	0.285688843065	0.11843505524	0.127964033504	0.147251389756	0.165206955724	0.181985283188	0.155246976729	0.153831793207	0.149172953876	0.213618996243
160380657-stool3.snv.filtered.bam	0.201250688405	0.199948507754	0.409977952882	0.27529193184	0.279442755636	0.157656939722	0.149708200501	0.1833638853	0.265875238893	0.0	0.000451698771973	0.0	0.199496682681	0.197834448818	0.257411083889	0.0676630987469	0.0634266123054	0.148222669349	0.149522518289	0.155714608975	0.13474799844	0.129328150062	0.197406108665	0.178477131971	0.152979974319	0.241905039738	0.163108621255	0.153528794278	0.442852467025	0.290802524892	0.124962664132	0.134615384615	0.153524725674	0.170850663807	0.188008734981	0.161273468212	0.159782839304	0.154929577465	0.219499478624
160502038-stool2.snv.filtered.bam	0.139305224895	0.138142770323	0.432517877555	0.356314103259	0.361449598832	0.0952814542234	0.0940997096209	0.12522075164	0.253590211873	0.172043010753	0.193829306894	0.199496682681	0.0	0.000609438084019	0.25261836276	0.224282816115	0.220819937627	0.0573149873081	0.0592995025188	0.0952047622732	0.114711503765	0.123011801771	0.221214964029	0.0240977659425	0.0663963557736	0.223265142867	0.091166962358	0.0974223058519	0.488523653297	0.356820064843	0.118632611584	0.120981734734	0.0681628197591	0.115659432054	0.0795503966893	0.0416756223559	0.0456467402675	0.043468313887	0.221537001898
160502038-stool3.snv.filtered.bam	0.145109128058	0.143954859786	0.43115126908	0.360413718546	0.36557109794	0.101395383941	0.0999926048406	0.131123841234	0.258660706603	0.170275353662	0.192209134644	0.197834448818	0.000609438084019	0.0	0.257356714197	0.222446032016	0.219007539996	0.0636962865106	0.065666826262	0.101319232074	0.120952297664	0.12893044735	0.22655485259	0.0236707357179	0.072713701677	0.229332309516	0.0975789003254	0.103743745036	0.484056544165	0.360916117021	0.12475454537	0.127268882042	0.0746038028835	0.114587601364	0.0836741002263	0.0415731834391	0.0453875876013	0.042904871353	0.219992119004
160603188-stool2.snv.filtered.bam	0.290189782554	0.287880834062	0.468286456549	0.179634343186	0.17500009945	0.259594318085	0.253846640733	0.285822260901	0.3634250053	0.22446165297	0.251768595338	0.257411083889	0.25261836276	0.257356714197	0.0	0.225565859628	0.221743790656	0.235946708666	0.237641066726	0.257929776748	0.278120110164	0.287718228266	0.171067040309	0.281276235039	0.238772915585	0.199580395614	0.260984631608	0.260429282091	0.569556830152	0.195773127854	0.25904241041	0.265328649273	0.228648591491	0.237599258888	0.239593748505	0.266228911084	0.270265698463	0.271696798175	0.198280317449
338793263-stool1.snv.filtered.bam	0.193214753618	0.193982220367	0.408839716895	0.256830584803	0.253348170487	0.180275593539	0.173824127591	0.203911625562	0.279056617811	0.0540014067358	0.0615462580739	0.0676630987469	0.224282816115	0.222446032016	0.225565859628	0.0	0.00432342784302	0.17309011367	0.172977193954	0.178469613413	0.158297962597	0.151931906676	0.219654178064	0.201544453798	0.17502119078	0.231686205786	0.178518712508	0.177991746039	0.468761256721	0.270925988126	0.149559800698	0.160984757258	0.177167507365	0.152043312339	0.208330134674	0.17636354882	0.184507616818	0.180076276836	0.208191011038
338793263-stool2.snv.filtered.bam	0.194613172146	0.192952584848	0.408969347436	0.254350952456	0.251014844642	0.17873736967	0.17122313649	0.203034079118	0.276244043334	0.0509032114184	0.0572359466256	0.0634266123054	0.220819937627	0.219007539996	0.221743790656	0.00432342784302	0.0	0.169395760528	0.170695609468	0.177101101776	0.155936078935	0.15040858001	0.219036173034	0.199909674595	0.174291297825	0.230249363662	0.177553701346	0.17547462601	0.467296198305	0.269883065995	0.146749468098	0.157052540939	0.175154790044	0.149770233859	0.204869281631	0.175614626864	0.18110609425	0.176102668643	0.204900938478
686765762-stool3.snv.filtered.bam	0.0814128415472	0.0808002850844	0.414585349311	0.339147009501	0.344000578765	0.0382739752684	0.037249247154	0.067979888333	0.209434138522	0.13599677159	0.142045205427	0.148222669349	0.0573149873081	0.0636962865106	0.235946708666	0.17309011367	0.169395760528	0.0	0.00197053975146	0.0377393464486	0.0547587719801	0.0652341608396	0.204649293709	0.0446910823395	0.00912919696835	0.186099679342	0.039575149895	0.0377227765359	0.475759938957	0.353733915017	0.0594002072652	0.0597698321579	0.0095327763763	0.0650678774974	0.0933975238733	0.0559291722204	0.059253738775	0.0637156270959	0.240702120264
763759525-stool2.snv.filtered.bam	0.0820592818423	0.0802028096392	0.414287225605	0.34044685844	0.345115173022	0.038583030964	0.0386663864781	0.0669633943221	0.210742249579	0.137157445334	0.143354273154	0.149522518289	0.0592995025188	0.065666826262	0.237641066726	0.172977193954	0.170695609468	0.00197053975146	0.0	0.038368504577	0.0547505801329	0.0652263151267	0.204019368029	0.0457781393765	0.0104873668484	0.187567908883	0.0397028457481	0.0382820758352	0.476632930602	0.353855108906	0.0598286420769	0.0617213368325	0.0104077692109	0.0652355380501	0.0947254271069	0.0576152304884	0.0605628065018	0.0650154760358	0.242049408946
763820215-stool1.snv.filtered.bam	0.117666560509	0.117752539837	0.408432639127	0.359756484853	0.364811901827	0.00447011437956	0.00433426272627	0.0336360439827	0.175763264587	0.135839041882	0.149697736931	0.155714608975	0.0952047622732	0.101319232074	0.257929776748	0.178469613413	0.177101101776	0.0377393464486	0.038368504577	0.0	0.0196648026774	0.0317394361949	0.212244170808	0.080736855785	0.0461334933861	0.22016618437	0.00414846526825	0.00353577419574	0.452009021626	0.373761406989	0.0246636537634	0.024998729004	0.0465441811493	0.088098132888	0.116743361226	0.0928695811584	0.0969585662885	0.101154927655	0.262711642904
763840445-stool1.snv.filtered.bam	0.131310208378	0.129886981516	0.427757467354	0.348488462484	0.353565518157	0.0194393429053	0.0191439259682	0.0364482303756	0.176111105472	0.109493105248	0.128420635079	0.13474799844	0.114711503765	0.120952297664	0.278120110164	0.158297962597	0.155936078935	0.0547587719801	0.0547505801329	0.0196648026774	0.0	0.00299180788985	0.190579587609	0.101013022985	0.0639405875822	0.210599376295	0.021087603597	0.018786919012	0.474748634867	0.363073783123	0.0262414093662	0.0266752899474	0.0654244756	0.0981769224302	0.130716189681	0.112924563726	0.11693875601	0.121173337806	0.291692717747
763840445-stool2.snv.filtered.bam	0.144881099379	0.144239541601	0.422818063959	0.334336997256	0.338472759089	0.0312946591679	0.0309775326637	0.0598202932695	0.197166249255	0.103901010457	0.123231597566	0.129328150062	0.123011801771	0.12893044735	0.287718228266	0.151931906676	0.15040858001	0.0652341608396	0.0652263151267	0.0317394361949	0.00299180788985	0.0	0.183249624667	0.109070112394	0.0725564792405	0.207330913641	0.0325368938335	0.0313979343092	0.468674167597	0.347650916873	0.0238611042246	0.024307240695	0.0757055299301	0.114584396555	0.146419107031	0.120747788305	0.124412651423	0.128842477406	0.293346634558
763860675-stool2.snv.filtered.bam	0.26260356474	0.261182882678	0.462907809941	0.197323703476	0.200583603035	0.212036532966	0.214213327192	0.238783580473	0.341330755833	0.166696297698	0.191670340959	0.197406108665	0.221214964029	0.22655485259	0.171067040309	0.219654178064	0.219036173034	0.204649293709	0.204019368029	0.212244170808	0.190579587609	0.183249624667	0.0	0.248125692937	0.209845349169	0.170657277357	0.22040158089	0.218507167499	0.534186137125	0.212030080056	0.195674053801	0.194176292491	0.201570488835	0.225643735778	0.235512601949	0.226947824402	0.224411807582	0.226183087082	0.293791198007
763961826-stool2.snv.filtered.bam	0.124318546773	0.124292948842	0.423825461335	0.383062700427	0.388395955156	0.0818248832282	0.0808526119874	0.109686321692	0.239026856658	0.163892720128	0.172887512315	0.178477131971	0.0240977659425	0.0236707357179	0.281276235039	0.201544453798	0.199909674595	0.0446910823395	0.0457781393765	0.080736855785	0.101013022985	0.109070112394	0.248125692937	0.0	0.0526838309883	0.236205946248	0.0757754650843	0.082921955648	0.476323465533	0.381834549498	0.103788537196	0.107129038816	0.0526613326669	0.0945198349509	0.0662371290587	0.0192373521036	0.0262475947481	0.0238996671818	0.243709127729
764062976-stool1.snv.filtered.bam	0.085890377355	0.0866796398377	0.408013027398	0.334969370446	0.339507329534	0.0467240977901	0.044066893013	0.072233954366	0.212235653803	0.140722622391	0.146952515699	0.152979974319	0.0663963557736	0.072713701677	0.238772915585	0.17502119078	0.174291297825	0.00912919696835	0.0104873668484	0.0461334933861	0.0639405875822	0.0725564792405	0.209845349169	0.0526838309883	0.0	0.181263044996	0.0470224375826	0.0466817579392	0.473374112585	0.348849626729	0.0681792466594	0.0680562579581	0.0169102429837	0.0721982787096	0.0968512072695	0.062002244653	0.067175786559	0.0721035342199	0.239415738801
764062976-stool2.snv.filtered.bam	0.213325426779	0.212603229555	0.390685360377	0.109694271333	0.109521464854	0.220783016007	0.213565271869	0.234453942547	0.347683731858	0.234086490616	0.235480741864	0.241905039738	0.223265142867	0.229332309516	0.199580395614	0.231686205786	0.230249363662	0.186099679342	0.187567908883	0.22016618437	0.210599376295	0.207330913641	0.170657277357	0.236205946248	0.181263044996	0.0	0.228281777859	0.224186779948	0.485680090328	0.125942921402	0.218879736367	0.227901032073	0.18765249905	0.232042896252	0.253994175952	0.220254065961	0.226057076868	0.231704675439	0.186626581834
764305738-stool1.snv.filtered.bam	0.121549282152	0.121493084422	0.40090896557	0.366233666917	0.371109701192	0.00384924498943	0.00414550303653	0.0344731005707	0.168635024025	0.140882095401	0.156859450005	0.163108621255	0.091166962358	0.0975789003254	0.260984631608	0.178518712508	0.177553701346	0.039575149895	0.0397028457481	0.00414846526825	0.021087603597	0.0325368938335	0.22040158089	0.0757754650843	0.0470224375826	0.228281777859	0.0	0.00473226369113	0.44422906397	0.373270315536	0.0249333220883	0.0266963707282	0.0492821723591	0.0837215138406	0.113219477112	0.088195451347	0.0935485244729	0.0978912299502	0.265493060411
764305738-stool2.snv.filtered.bam	0.120296217535	0.118430694143	0.409490882583	0.365759027969	0.371389433054	0.00269774846854	0.00308944289794	0.0325699809027	0.169611216685	0.129973474801	0.147163233336	0.153528794278	0.0974223058519	0.103743745036	0.260429282091	0.177991746039	0.17547462601	0.0377227765359	0.0382820758352	0.00353577419574	0.018786919012	0.0313979343092	0.218507167499	0.082921955648	0.0466817579392	0.224186779948	0.00473226369113	0.0	0.452269409523	0.379642375366	0.0245397456051	0.0244873091182	0.0469360381759	0.0898068911183	0.118193019287	0.0935272501083	0.0976008331147	0.103068622904	0.264863759429
764325968-stool1.snv.filtered.bam	0.493873090251	0.493027389883	0.102034703128	0.541498049086	0.54222610912	0.451682580158	0.446159061193	0.462941453257	0.392336939338	0.474708534441	0.44276256501	0.442852467025	0.488523653297	0.484056544165	0.569556830152	0.468761256721	0.467296198305	0.475759938957	0.476632930602	0.452009021626	0.474748634867	0.468674167597	0.534186137125	0.476323465533	0.473374112585	0.485680090328	0.44422906397	0.452269409523	0.0	0.516592203145	0.467152596385	0.460641354176	0.487908101092	0.476092832699	0.498426455249	0.479164151145	0.478533687331	0.475372792229	0.475845507134
764447348-stool1.snv.filtered.bam	0.376397523892	0.374880069874	0.415530989766	0.0314492936379	0.032081277785	0.375421033966	0.370603970583	0.397871837226	0.46412256847	0.264864870191	0.285688843065	0.290802524892	0.356820064843	0.360916117021	0.195773127854	0.270925988126	0.269883065995	0.353733915017	0.353855108906	0.373761406989	0.363073783123	0.347650916873	0.212030080056	0.381834549498	0.348849626729	0.125942921402	0.373270315536	0.379642375366	0.516592203145	0.0	0.341906223891	0.360082117218	0.346943818255	0.375326059719	0.38178145547	0.354998568317	0.359074963932	0.36098070062	0.198793725343
764508039-stool1.snv.filtered.bam	0.135108924561	0.134062997435	0.412534079353	0.32866741994	0.333229782843	0.0245764737722	0.0244700063278	0.0552033823267	0.197213516902	0.0970251402476	0.11843505524	0.124962664132	0.118632611584	0.12475454537	0.25904241041	0.149559800698	0.146749468098	0.0594002072652	0.0598286420769	0.0246636537634	0.0262414093662	0.0238611042246	0.195674053801	0.103788537196	0.0681792466594	0.218879736367	0.0249333220883	0.0245397456051	0.467152596385	0.341906223891	0.0	0.00157546650196	0.069094180616	0.110837531365	0.136035091436	0.10837326815	0.113518290291	0.11771628732	0.264461797585
764508039-stool3.snv.filtered.bam	0.138548149288	0.137794649051	0.411679049112	0.344400879402	0.34962820847	0.0255652759623	0.023867254407	0.05673514947	0.196057367162	0.108454608455	0.127964033504	0.134615384615	0.120981734734	0.127268882042	0.265328649273	0.160984757258	0.157052540939	0.0597698321579	0.0617213368325	0.024998729004	0.0266752899474	0.024307240695	0.194176292491	0.107129038816	0.0680562579581	0.227901032073	0.0266963707282	0.0244873091182	0.460641354176	0.360082117218	0.00157546650196	0.0	0.0711137282988	0.0986741247918	0.127320623726	0.112304457071	0.116216020821	0.119690011481	0.271062271062
764669880-stool2.snv.filtered.bam	0.0906301419275	0.0903173827179	0.42249460885	0.333812310208	0.338543367738	0.0479176664929	0.047317983921	0.0752398724791	0.217945633282	0.138880579297	0.147251389756	0.153524725674	0.0681628197591	0.0746038028835	0.228648591491	0.177167507365	0.175154790044	0.0095327763763	0.0104077692109	0.0465441811493	0.0654244756	0.0757055299301	0.201570488835	0.0526613326669	0.0169102429837	0.18765249905	0.0492821723591	0.0469360381759	0.487908101092	0.346943818255	0.069094180616	0.0711137282988	0.0	0.0748599216478	0.103121864996	0.0633468415507	0.0685889623661	0.0743880350265	0.24827244998
765013792-stool1.snv.filtered.bam	0.14482384724	0.14378936799	0.436733905275	0.361579385805	0.366376884276	0.0887588839383	0.08701903502	0.115406674905	0.249077946849	0.154752493734	0.165206955724	0.170850663807	0.115659432054	0.114587601364	0.237599258888	0.152043312339	0.149770233859	0.0650678774974	0.0652355380501	0.088098132888	0.0981769224302	0.114584396555	0.225643735778	0.0945198349509	0.0721982787096	0.232042896252	0.0837215138406	0.0898068911183	0.476092832699	0.375326059719	0.110837531365	0.0986741247918	0.0748599216478	0.0	0.0851015279328	0.092376031881	0.104731315682	0.100464113967	0.265236005509
765074482-stool3.snv.filtered.bam	0.16601141979	0.163938408863	0.445819939712	0.380808918248	0.385202910611	0.118041233228	0.11567976333	0.144005802749	0.256537167497	0.164873083228	0.181985283188	0.188008734981	0.0795503966893	0.0836741002263	0.239593748505	0.208330134674	0.204869281631	0.0933975238733	0.0947254271069	0.116743361226	0.130716189681	0.146419107031	0.235512601949	0.0662371290587	0.0968512072695	0.253994175952	0.113219477112	0.118193019287	0.498426455249	0.38178145547	0.136035091436	0.127320623726	0.103121864996	0.0851015279328	0.0	0.0547040006643	0.0618338024036	0.062719209382	0.25505887575
765094712-stool1.snv.filtered.bam	0.121803772549	0.123579999871	0.425726268226	0.355374002386	0.360362120474	0.0939961847709	0.092201767625	0.121941871002	0.241527317121	0.147991483461	0.155246976729	0.161273468212	0.0416756223559	0.0415731834391	0.266228911084	0.17636354882	0.175614626864	0.0559291722204	0.0576152304884	0.0928695811584	0.112924563726	0.120747788305	0.226947824402	0.0192373521036	0.062002244653	0.220254065961	0.088195451347	0.0935272501083	0.479164151145	0.354998568317	0.10837326815	0.112304457071	0.0633468415507	0.092376031881	0.0547040006643	0.0	0.00828168581387	0.00591204306653	0.219154072993
765094712-stool2.snv.filtered.bam	0.126655603431	0.125596492766	0.427716616335	0.359153451371	0.364192767643	0.0971237131926	0.0961239169029	0.123820603461	0.245974206052	0.147851377018	0.153831793207	0.159782839304	0.0456467402675	0.0453875876013	0.270265698463	0.184507616818	0.18110609425	0.059253738775	0.0605628065018	0.0969585662885	0.11693875601	0.124412651423	0.224411807582	0.0262475947481	0.067175786559	0.226057076868	0.0935485244729	0.0976008331147	0.478533687331	0.359074963932	0.113518290291	0.116216020821	0.0685889623661	0.104731315682	0.0618338024036	0.00828168581387	0.0	0.00375447050979	0.224480737808
765094712-stool3.snv.filtered.bam	0.131013475655	0.130112827003	0.427387254906	0.359938424658	0.36515704135	0.101318911553	0.100083182328	0.130428419539	0.25026501911	0.14406779661	0.149172953876	0.154929577465	0.043468313887	0.042904871353	0.271696798175	0.180076276836	0.176102668643	0.0637156270959	0.0650154760358	0.101154927655	0.121173337806	0.128842477406	0.226183087082	0.0238996671818	0.0721035342199	0.231704675439	0.0978912299502	0.103068622904	0.475372792229	0.36098070062	0.11771628732	0.119690011481	0.0743880350265	0.100464113967	0.062719209382	0.00591204306653	0.00375447050979	0.0	0.219499478624
765135172-stool3.snv.filtered.bam	0.259301648679	0.257257930312	0.399271981609	0.18248049438	0.182456227471	0.263962012004	0.258466259176	0.290153476426	0.348802244084	0.211152882206	0.213618996243	0.219499478624	0.221537001898	0.219992119004	0.198280317449	0.208191011038	0.204900938478	0.240702120264	0.242049408946	0.262711642904	0.291692717747	0.293346634558	0.293791198007	0.243709127729	0.239415738801	0.186626581834	0.265493060411	0.264863759429	0.475845507134	0.198793725343	0.264461797585	0.271062271062	0.24827244998	0.265236005509	0.25505887575	0.219154072993	0.224480737808	0.219499478624	0.0
