	158499257-tonguedorsum2.snv.filtered.bam	158883629-tonguedorsum1.snv.filtered.bam	158883629-tonguedorsum2.snv.filtered.bam	158883629-tonguedorsum3.snv.filtered.bam	158944319-tonguedorsum1.snv.filtered.bam	158944319-tonguedorsum2.snv.filtered.bam	159207311-tonguedorsum3.snv.filtered.bam	159227541-tonguedorsum2.snv.filtered.bam	159227541-tonguedorsum3.snv.filtered.bam	159551223-tonguedorsum1.snv.filtered.bam	159551223-tonguedorsum2.snv.filtered.bam	159591683-tonguedorsum1.snv.filtered.bam	159611913-tonguedorsum1.snv.filtered.bam	159611913-tonguedorsum2.snv.filtered.bam	160319967-tonguedorsum1.snv.filtered.bam	160319967-tonguedorsum2.snv.filtered.bam	160319967-tonguedorsum3.snv.filtered.bam	160380657-tonguedorsum1.snv.filtered.bam	160421117-tonguedorsum2.snv.filtered.bam	160421117-tonguedorsum3.snv.filtered.bam	160502038-tonguedorsum3.snv.filtered.bam	160582958-tonguedorsum2.snv.filtered.bam	160582958-tonguedorsum3.snv.filtered.bam	160603188-tonguedorsum1.snv.filtered.bam	160603188-tonguedorsum2.snv.filtered.bam	160603188-tonguedorsum3.snv.filtered.bam	246515023-tonguedorsum1.snv.filtered.bam	508703490-tonguedorsum1.snv.filtered.bam	550534656-tonguedorsum1.snv.filtered.bam	550534656-tonguedorsum2.snv.filtered.bam	550534656-tonguedorsum3.snv.filtered.bam	638754422-tonguedorsum1.snv.filtered.bam	638754422-tonguedorsum3.snv.filtered.bam	663835652-tonguedorsum2.snv.filtered.bam	663835652-tonguedorsum3.snv.filtered.bam	675950834-tonguedorsum1.snv.filtered.bam	675950834-tonguedorsum2.snv.filtered.bam	675950834-tonguedorsum3.snv.filtered.bam	737052003-tonguedorsum1.snv.filtered.bam	737052003-tonguedorsum2.snv.filtered.bam	763536994-tonguedorsum2.snv.filtered.bam	763536994-tonguedorsum3.snv.filtered.bam	763577454-tonguedorsum1.snv.filtered.bam	763577454-tonguedorsum2.snv.filtered.bam	763820215-tonguedorsum2.snv.filtered.bam	763901136-tonguedorsum1.snv.filtered.bam	763901136-tonguedorsum2.snv.filtered.bam	763901136-tonguedorsum3.snv.filtered.bam	763982056-tonguedorsum1.snv.filtered.bam	763982056-tonguedorsum2.snv.filtered.bam	763982056-tonguedorsum3.snv.filtered.bam	764143897-tonguedorsum1.snv.filtered.bam	764143897-tonguedorsum2.snv.filtered.bam	764224817-tonguedorsum1.snv.filtered.bam	764285508-tonguedorsum2.snv.filtered.bam	764305738-tonguedorsum1.snv.filtered.bam	764325968-tonguedorsum1.snv.filtered.bam	764325968-tonguedorsum2.snv.filtered.bam	764366428-tonguedorsum2.snv.filtered.bam	764811490-tonguedorsum1.snv.filtered.bam	764811490-tonguedorsum2.snv.filtered.bam	765013792-tonguedorsum3.snv.filtered.bam	765074482-tonguedorsum1.snv.filtered.bam	765074482-tonguedorsum3.snv.filtered.bam	765094712-tonguedorsum1.snv.filtered.bam	765094712-tonguedorsum2.snv.filtered.bam	765135172-tonguedorsum1.snv.filtered.bam	823052294-tonguedorsum1.snv.filtered.bam	823052294-tonguedorsum3.snv.filtered.bam	857980665-tonguedorsum2.snv.filtered.bam	857980665-tonguedorsum3.snv.filtered.bam
158499257-tonguedorsum2.snv.filtered.bam	0.0	0.213122073396	0.214730773141	0.212956687834	0.217380528655	0.231575636214	0.251752424485	0.195485262272	0.19767977234	0.190939632895	0.192149144544	0.212160075708	0.187564647559	0.194994808984	0.172892162109	0.221783096442	0.206097972089	0.243195875439	0.253535467279	0.255990836487	0.247027936736	0.235097353452	0.23937586154	0.245907288095	0.239218472248	0.246328059148	0.241510820164	0.223571881821	0.231775728068	0.232890774308	0.23109355911	0.269636119837	0.234398410636	0.229993676429	0.226498321976	0.253846886673	0.233634545217	0.22951973696	0.247414006916	0.237460343645	0.243563964307	0.243562685455	0.244413083746	0.244350481487	0.247730575381	0.228985225505	0.213359053977	0.223571230083	0.241529755496	0.237121457164	0.248330280902	0.245151477691	0.244932213833	0.190543580987	0.167973024667	0.263712428341	0.219654928354	0.221980484219	0.229078790767	0.247174696982	0.23793430136	0.300746582688	0.301734233966	0.313845673075	0.233119910511	0.235987443439	0.233181812008	0.241164693932	0.23842164402	0.189121324008	0.194005161393
158883629-tonguedorsum1.snv.filtered.bam	0.213122073396	0.0	0.00105804712457	0.000845938505145	0.222157926101	0.225842546901	0.236973996092	0.20725324427	0.215218588064	0.187278857857	0.188543185995	0.219180052515	0.190890013262	0.198184421943	0.20233702448	0.204310488233	0.178300275442	0.24558655043	0.257049154224	0.261425133556	0.234482998098	0.227362736335	0.23246440501	0.088015271726	0.0998071184767	0.0986101394409	0.0773017418353	0.196276758518	0.225613959587	0.22668011764	0.224633951046	0.223869504975	0.186160850741	0.142937637222	0.121463886862	0.201690500442	0.195309894685	0.189285924487	0.229216653742	0.227162716239	0.237285080715	0.237339501752	0.089938296873	0.0902728848454	0.19033184793	0.254192129051	0.231054479888	0.245362904763	0.22486149929	0.219087304155	0.213249945717	0.231998461976	0.231833366575	0.207186650901	0.171285569707	0.241236165714	0.174717173941	0.184249327449	0.182069918017	0.227005458776	0.222286785925	0.289981965247	0.269880394628	0.279786629872	0.221904587111	0.213519550561	0.192261296605	0.229966687811	0.234612929145	0.207359288234	0.211607947484
158883629-tonguedorsum2.snv.filtered.bam	0.214730773141	0.00105804712457	0.0	0.00101299804836	0.221609738943	0.224901201436	0.235698693042	0.205269345142	0.213497254781	0.186822898817	0.188048138928	0.214899879644	0.187246017667	0.196005074237	0.200286680421	0.201540739204	0.173965727054	0.244680381415	0.253944191548	0.260026041363	0.233754927975	0.223428680242	0.228481474503	0.0852062112404	0.0971713129809	0.0962354852813	0.0747663816958	0.19608238132	0.226707282414	0.227887645289	0.22570295823	0.220899632383	0.184047879537	0.141767369835	0.119935265626	0.203077039232	0.195672898933	0.18924668532	0.225495290291	0.223404506885	0.233994634415	0.233550541742	0.0875932265139	0.0881419213263	0.185557093676	0.251949364532	0.227543512815	0.242485462266	0.225662937311	0.219709358446	0.213791545862	0.230732255377	0.230551395234	0.205429453468	0.168821624391	0.239246423565	0.170123217396	0.180109643718	0.179590203588	0.225339439069	0.220045056339	0.28999753653	0.269348268546	0.277588536436	0.22037392495	0.211365913768	0.189691177059	0.228534714923	0.233371471602	0.207855833246	0.210509379773
158883629-tonguedorsum3.snv.filtered.bam	0.212956687834	0.000845938505145	0.00101299804836	0.0	0.2219269767	0.225652335206	0.236807435002	0.207467929764	0.215371123828	0.187435122105	0.188696647296	0.219440926409	0.191453356386	0.198648839097	0.202172001605	0.204192898178	0.17859831552	0.245470324166	0.257047531205	0.261423506962	0.234323030929	0.227266392906	0.232369111074	0.0875966398898	0.0996683237042	0.09846823964	0.0768539203381	0.195838462582	0.225582504801	0.226613896863	0.224602564938	0.223660592816	0.185880501359	0.14255229878	0.120944279729	0.201357588824	0.19504007395	0.18900602746	0.228978027619	0.226857296129	0.236903817184	0.236961619716	0.0897181871188	0.0899942154371	0.19053711212	0.254460658387	0.231314214595	0.245624352007	0.224622873166	0.218844445196	0.21294918343	0.231761053889	0.231593780433	0.206909198389	0.171339725872	0.241060454488	0.174600692236	0.18417208275	0.182038600288	0.226743842788	0.222174252697	0.289718436609	0.269573454411	0.279366528503	0.221809293174	0.213504622098	0.192193950973	0.229728194059	0.234316289428	0.20731261246	0.211561791484
158944319-tonguedorsum1.snv.filtered.bam	0.217380528655	0.222157926101	0.221609738943	0.2219269767	0.0	0.0509698198894	0.248706752318	0.159925382762	0.16382580114	0.201417490972	0.2036696577	0.234330114545	0.205011123549	0.219590638916	0.209770956692	0.18480354914	0.183404650859	0.156295002877	0.213815644928	0.211745746542	0.139315627451	0.227328578589	0.236912739308	0.223574988548	0.210586065686	0.215362263417	0.230817731334	0.175202084588	0.248980287446	0.25103705012	0.249413375488	0.200978406296	0.184869295941	0.202606797365	0.221871746537	0.177835052006	0.209413460012	0.192244110793	0.200546460823	0.193853175517	0.142135902663	0.141581292738	0.224779297174	0.224848325943	0.214423639983	0.223628093388	0.221319382401	0.213279431119	0.188560154078	0.191322554744	0.184444244245	0.211823151761	0.211564236011	0.184980233114	0.2000158384	0.207531096516	0.180096140645	0.17420059699	0.188458262785	0.230227489421	0.171370130605	0.292939667012	0.292811259223	0.299252457878	0.170646528878	0.171223437383	0.163712824374	0.186183550863	0.193632506211	0.19314443905	0.195553533014
158944319-tonguedorsum2.snv.filtered.bam	0.231575636214	0.225842546901	0.224901201436	0.225652335206	0.0509698198894	0.0	0.259640240613	0.169421386099	0.175072239151	0.211909372565	0.214195307284	0.247289627684	0.205262701583	0.22360612171	0.223779862022	0.188186362547	0.188487734757	0.140345830046	0.221957799786	0.218569012981	0.120612084397	0.238042081952	0.2479183078	0.218259172397	0.208277027365	0.213682694517	0.226608754736	0.180795042425	0.254618503986	0.255977314347	0.254341105191	0.202543494565	0.186482603962	0.195139643216	0.214463565219	0.172231990832	0.210688946749	0.193024887393	0.205261878688	0.199096723311	0.116436981386	0.116559227686	0.220173475803	0.221149316809	0.216859055062	0.217990148846	0.223556250817	0.210566341186	0.192074982347	0.195411553679	0.183889579229	0.218196628427	0.217899433374	0.189579285436	0.218427758641	0.216410350125	0.179907718851	0.169336082294	0.201977509145	0.247570898897	0.183144760475	0.286908164353	0.295217953522	0.298468228053	0.172007453707	0.173297374739	0.17490917103	0.192040813279	0.200802184331	0.202245819721	0.203801211869
159207311-tonguedorsum3.snv.filtered.bam	0.251752424485	0.236973996092	0.235698693042	0.236807435002	0.248706752318	0.259640240613	0.0	0.210433049113	0.217478177079	0.1860081905	0.189561363611	0.234197492864	0.22571749445	0.230149326462	0.145304293046	0.215202245562	0.261955722085	0.24923411752	0.19739517869	0.200389683704	0.279290195879	0.199314829989	0.202369903001	0.239465333003	0.235808900531	0.245460281736	0.24118603855	0.249071415685	0.231323092686	0.23273921398	0.231104671032	0.232228110395	0.255110679297	0.241458483798	0.239439412612	0.272411171212	0.258026102609	0.249751067636	0.252162553195	0.243110649274	0.256451787609	0.25633544176	0.24241069217	0.243628314713	0.255845866893	0.262980022303	0.232836981835	0.249032533535	0.236509279203	0.234282317375	0.234640874268	0.295229557133	0.293351118525	0.224221367909	0.255205962525	0.244988363819	0.239540237029	0.240199046285	0.209136137842	0.225945226376	0.223269355948	0.201327101656	0.166019958203	0.178727729205	0.208627673934	0.211122613404	0.237245227437	0.230716823033	0.235097869681	0.177139999173	0.183998170582
159227541-tonguedorsum2.snv.filtered.bam	0.195485262272	0.20725324427	0.205269345142	0.207467929764	0.159925382762	0.169421386099	0.210433049113	0.0	0.0192319413161	0.142910053516	0.144180983013	0.172099854551	0.167973199039	0.182389918305	0.159988831392	0.1852512319	0.19254783824	0.181359611188	0.222063974327	0.219347382734	0.191081203358	0.191332649108	0.200123359896	0.202570271799	0.19990732679	0.204933428428	0.212067690341	0.173301399665	0.20352939573	0.206507823989	0.204327681574	0.21096952947	0.181806577197	0.187832520451	0.200133453007	0.202987233432	0.206717099482	0.190229777126	0.194800835726	0.192310798325	0.183213346179	0.185989254066	0.205178805928	0.207063243719	0.220286660182	0.19301829178	0.173755753629	0.186237116311	0.193651333134	0.192959898858	0.188010303229	0.239323659988	0.236923225947	0.166166979969	0.187731075197	0.222460034076	0.191288340425	0.184982115438	0.183392675424	0.223002892946	0.19668209111	0.278289240105	0.26874881211	0.274090234616	0.112867547274	0.119040543875	0.162136079111	0.198481260659	0.19610274202	0.144760672851	0.151965686453
159227541-tonguedorsum3.snv.filtered.bam	0.19767977234	0.215218588064	0.213497254781	0.215371123828	0.16382580114	0.175072239151	0.217478177079	0.0192319413161	0.0	0.141551609269	0.142099867459	0.169424211959	0.168816455854	0.182131387312	0.16635234889	0.191796386362	0.193154835486	0.188764910279	0.222121897623	0.219536432325	0.194439875025	0.192934677447	0.201217914684	0.210448307769	0.208502704037	0.212485756324	0.218997331751	0.177129134486	0.209060351717	0.212037145466	0.210014690618	0.211842874184	0.186562976219	0.193741311271	0.204719926715	0.203056593944	0.205410530437	0.189981123159	0.195307267451	0.190628658902	0.19162048306	0.194297206516	0.21203050734	0.213560382645	0.224679577885	0.200313789855	0.17839959888	0.192292558595	0.195299562925	0.194605176698	0.189963044124	0.240208608737	0.237838315822	0.173812458588	0.189515538195	0.224314463842	0.19659504266	0.189698711773	0.186696011146	0.22452351422	0.199343262099	0.287767895397	0.273195444076	0.278320410306	0.122033259328	0.127887309913	0.167910701579	0.200976838238	0.198903056636	0.144152258899	0.15133195411
159551223-tonguedorsum1.snv.filtered.bam	0.190939632895	0.187278857857	0.186822898817	0.187435122105	0.201417490972	0.211909372565	0.1860081905	0.142910053516	0.141551609269	0.0	0.000141829251418	0.216291059377	0.206190660527	0.220244810083	0.131900960996	0.20493596508	0.191547102764	0.245960935616	0.245350604217	0.248595686834	0.234533497237	0.236149177233	0.243393884458	0.196842563627	0.207713372537	0.212203832789	0.202695691405	0.193699011705	0.217896684737	0.221715415618	0.219869136046	0.237373955869	0.221710756548	0.198416753746	0.186930752271	0.198188790022	0.189601012708	0.180849162377	0.245972779057	0.242647570713	0.225458813487	0.225625904084	0.208648164112	0.208427578001	0.198972379295	0.235572416467	0.214946392901	0.227799118068	0.231753214169	0.233487361517	0.2106719053	0.24121042749	0.241125767894	0.20948952452	0.229773814702	0.239697475072	0.212949659907	0.214257121175	0.212561658673	0.244714799377	0.229667241109	0.280618948675	0.232201329258	0.244560903139	0.182176230913	0.186700664211	0.242788331458	0.236512671147	0.234925162257	0.136708259061	0.142629566695
159551223-tonguedorsum2.snv.filtered.bam	0.192149144544	0.188543185995	0.188048138928	0.188696647296	0.2036696577	0.214195307284	0.189561363611	0.144180983013	0.142099867459	0.000141829251418	0.0	0.214577478442	0.207527059255	0.220736015812	0.136226027437	0.209780966095	0.199287641168	0.246174104301	0.252362632222	0.255358604354	0.23699958765	0.235081911959	0.241454808576	0.200358830065	0.21037783859	0.215059801797	0.205954867154	0.194361374916	0.218410285285	0.22215821561	0.220405259242	0.239791831911	0.226361817892	0.201717155494	0.190483303731	0.200858789299	0.190843016744	0.182244463767	0.245980469391	0.242715979723	0.228149001536	0.228288472322	0.211890913217	0.210919206663	0.200333333333	0.239406571614	0.217682460471	0.230101167944	0.232015963963	0.233723236469	0.211312795162	0.241307684402	0.24122554562	0.209683243657	0.228274509804	0.240931754512	0.214443281691	0.215276383617	0.215544568858	0.245341519099	0.230536957457	0.282404452751	0.236280082134	0.246992423896	0.186558991821	0.191234358677	0.242853433867	0.238951801216	0.23744856947	0.137058520237	0.142240061162
159591683-tonguedorsum1.snv.filtered.bam	0.212160075708	0.219180052515	0.214899879644	0.219440926409	0.234330114545	0.247289627684	0.234197492864	0.172099854551	0.169424211959	0.216291059377	0.214577478442	0.0	0.164955275642	0.174413526883	0.181875972491	0.20905231669	0.19596201512	0.253829707527	0.245557472494	0.246543270174	0.247603939124	0.0615635749167	0.0636787699247	0.217049892189	0.210329150615	0.215575264475	0.212486000417	0.203626141335	0.251452358082	0.252506070317	0.250653112898	0.229666671242	0.204310482906	0.207265322224	0.206503081419	0.230868304232	0.217997467169	0.216652550976	0.221542443106	0.217414198318	0.25225006205	0.254403374466	0.21025494971	0.210272871399	0.244337238834	0.195075737051	0.121608850964	0.170668037044	0.234222621048	0.232397273408	0.231543430043	0.26976604952	0.269861439338	0.155749494976	0.183825823463	0.249881341169	0.212374861485	0.215038630354	0.171629521805	0.256521110398	0.242885800962	0.305162160227	0.289171908456	0.294799897393	0.211896031127	0.212277072938	0.21071456481	0.206706555457	0.185044046197	0.179357623217	0.186190933371
159611913-tonguedorsum1.snv.filtered.bam	0.187564647559	0.190890013262	0.187246017667	0.191453356386	0.205011123549	0.205262701583	0.22571749445	0.167973199039	0.168816455854	0.206190660527	0.207527059255	0.164955275642	0.0	0.000186286496	0.171395607125	0.172312671279	0.158538140883	0.197704849498	0.203599529781	0.204711097104	0.205075847315	0.186984567008	0.195658063178	0.199196845067	0.196193382606	0.206250749401	0.21045590565	0.173332980414	0.182142198851	0.183678459639	0.181434519172	0.196100223735	0.179520860729	0.204074077878	0.205370907313	0.216870959526	0.20949089574	0.198713784928	0.189222514533	0.18535989049	0.199599688647	0.200043449295	0.210324581734	0.211972236823	0.185523080362	0.172902975697	0.165054516536	0.171474873728	0.177883725312	0.172237461312	0.18830586379	0.218938249471	0.21847826087	0.171494370825	0.152173913043	0.214206260016	0.186776348491	0.188014905204	0.171603262342	0.201469926354	0.189053155213	0.258226645893	0.270289481624	0.266279767379	0.183691805751	0.180798080131	0.15109189742	0.193429940464	0.185050972088	0.161984774536	0.171607378129
159611913-tonguedorsum2.snv.filtered.bam	0.194994808984	0.198184421943	0.196005074237	0.198648839097	0.219590638916	0.22360612171	0.230149326462	0.182389918305	0.182131387312	0.220244810083	0.220736015812	0.174413526883	0.000186286496	0.0	0.180548680552	0.184057599541	0.166362044655	0.21106255146	0.208735237846	0.210925455269	0.221762650293	0.190343774592	0.198023660421	0.209700755654	0.205314442594	0.217513756223	0.218387039953	0.187537585166	0.192472370235	0.193835588356	0.191866040432	0.208452252421	0.193975499579	0.21706107	0.218823613002	0.229216969791	0.217538386888	0.208420729251	0.201592698197	0.196034276104	0.220079065982	0.220295696948	0.219117706581	0.220931300883	0.196042663649	0.184589274322	0.176232385421	0.181657576052	0.187571946783	0.181361563058	0.195689038856	0.238181551531	0.237969079179	0.184403016392	0.162714464221	0.218903772793	0.208308313734	0.208046394172	0.184492418129	0.220437943761	0.208791023551	0.264303290148	0.268349230658	0.264133564215	0.205131956139	0.199400489626	0.168575745127	0.202449591413	0.191794191831	0.170008210727	0.179512766061
160319967-tonguedorsum1.snv.filtered.bam	0.172892162109	0.20233702448	0.200286680421	0.202172001605	0.209770956692	0.223779862022	0.145304293046	0.159988831392	0.16635234889	0.131900960996	0.136226027437	0.181875972491	0.171395607125	0.180548680552	0.0	0.196197764531	0.199511204394	0.227788241003	0.223646031758	0.226113002642	0.240971756171	0.193555674312	0.201383879477	0.214827689636	0.21560188099	0.223222646786	0.219589060864	0.224164735738	0.201362539906	0.202910067133	0.201081274567	0.237280911837	0.202442831249	0.216993295005	0.217794548057	0.231722946546	0.215572841177	0.202978314663	0.233275270059	0.224874318004	0.218805431612	0.219025213943	0.223892774378	0.225828312535	0.211234241226	0.206904809621	0.188668689558	0.202947538166	0.212643073337	0.210177856324	0.20298048436	0.263052130573	0.263134588204	0.175216322556	0.211756876473	0.225460134911	0.202005867322	0.206016177978	0.188291279424	0.2231747581	0.210409981215	0.259272407759	0.214931067679	0.230648782089	0.191484211296	0.188737598913	0.203634915566	0.220026647469	0.215298285167	0.1164818606	0.124020055985
160319967-tonguedorsum2.snv.filtered.bam	0.221783096442	0.204310488233	0.201540739204	0.204192898178	0.18480354914	0.188186362547	0.215202245562	0.1852512319	0.191796386362	0.20493596508	0.209780966095	0.20905231669	0.172312671279	0.184057599541	0.196197764531	0.0	0.10120636143	0.21480952948	0.19100736456	0.185613501324	0.208892450388	0.199111297332	0.207675319045	0.204243784982	0.196877637065	0.202503092806	0.216512150933	0.201078677074	0.23406680598	0.235461716401	0.233341267207	0.15031850988	0.173069830971	0.193283991578	0.211774615036	0.188911462271	0.194072842322	0.181625167276	0.212528325867	0.205934484708	0.197025897555	0.197851390709	0.213667356178	0.213698653052	0.20968776205	0.221865258912	0.203412757604	0.213433700302	0.17120497176	0.171631078205	0.175439568512	0.228794112182	0.227716968207	0.156420641785	0.190205832735	0.181280373478	0.171591492099	0.167760257584	0.193444085872	0.220343821241	0.184198379124	0.258402046602	0.232981390227	0.245583875827	0.181189730137	0.182038172712	0.180759208335	0.146582985018	0.143002380087	0.197035467373	0.202036400547
160319967-tonguedorsum3.snv.filtered.bam	0.206097972089	0.178300275442	0.173965727054	0.17859831552	0.183404650859	0.188487734757	0.261955722085	0.19254783824	0.193154835486	0.191547102764	0.199287641168	0.19596201512	0.158538140883	0.166362044655	0.199511204394	0.10120636143	0.0	0.214441962088	0.220713002746	0.220673004362	0.206660023661	0.210162364177	0.217820853168	0.199277282708	0.205539270406	0.201011147269	0.205748054322	0.182523665539	0.234264674975	0.235661766996	0.233553462289	0.180945394165	0.157646411326	0.189032168669	0.197407537164	0.179327603738	0.183230051456	0.17518706608	0.202952082186	0.19260687886	0.195379310887	0.195806348592	0.204471591925	0.204596004122	0.186059971165	0.226543994478	0.21944144491	0.225821155907	0.172722120114	0.171020652106	0.169493895698	0.208541879034	0.208204085927	0.182829293176	0.174192793851	0.20691486812	0.172494934266	0.179142131865	0.187581245252	0.237760271209	0.208173538378	0.283121926637	0.263554663967	0.275113125132	0.207497263918	0.204990028534	0.172636276969	0.193799571508	0.181951049793	0.198351768178	0.204870798418
160380657-tonguedorsum1.snv.filtered.bam	0.243195875439	0.24558655043	0.244680381415	0.245470324166	0.156295002877	0.140345830046	0.24923411752	0.181359611188	0.188764910279	0.245960935616	0.246174104301	0.253829707527	0.197704849498	0.21106255146	0.227788241003	0.21480952948	0.214441962088	0.0	0.247728324941	0.245305661949	0.15090421892	0.239875557574	0.246918281124	0.206208342261	0.210387381334	0.210848378555	0.216933287951	0.195413439062	0.231543968146	0.232684997881	0.230707003895	0.244475651236	0.214277158797	0.200923819936	0.199611822211	0.221468484153	0.233936821172	0.222186727078	0.203247220552	0.198165598129	0.0783858199966	0.0777489519466	0.21592813285	0.217495545729	0.254419079765	0.208668150522	0.218140423297	0.208126587626	0.18729314507	0.185513400048	0.189094197203	0.235779439108	0.235704851429	0.212128248347	0.23457117595	0.259223704373	0.205122082596	0.20447931505	0.22966207486	0.259572096572	0.210232433029	0.288826354296	0.312585729277	0.309841192132	0.200527561572	0.202408574448	0.176617033008	0.229032848776	0.235506547051	0.204294823342	0.208606416006
160421117-tonguedorsum2.snv.filtered.bam	0.253535467279	0.257049154224	0.253944191548	0.257047531205	0.213815644928	0.221957799786	0.19739517869	0.222063974327	0.222121897623	0.245350604217	0.252362632222	0.245557472494	0.203599529781	0.208735237846	0.223646031758	0.19100736456	0.220713002746	0.247728324941	0.0	0.0174594262413	0.227931772161	0.217741739013	0.222121741599	0.25418304855	0.239645499336	0.244938365605	0.256441190854	0.22632968734	0.25592270505	0.257321720622	0.255210853871	0.192988265106	0.226289132648	0.25162906808	0.259341417539	0.219775176793	0.213742014014	0.208993942549	0.251700232222	0.2449553824	0.21316069538	0.211312089134	0.252322888991	0.253589168732	0.235116276834	0.250647678214	0.245622168087	0.249647827125	0.231502588505	0.230895768401	0.23004218447	0.260163832319	0.257956362836	0.207263065452	0.238846732959	0.21823649416	0.20670217782	0.210102922924	0.2192929216	0.206558668213	0.198267203772	0.250502395039	0.225440626751	0.237846509457	0.210406310069	0.215068108932	0.218131990027	0.139634995095	0.146309842716	0.196482858516	0.198894411915
160421117-tonguedorsum3.snv.filtered.bam	0.255990836487	0.261425133556	0.260026041363	0.261423506962	0.211745746542	0.218569012981	0.200389683704	0.219347382734	0.219536432325	0.248595686834	0.255358604354	0.246543270174	0.204711097104	0.210925455269	0.226113002642	0.185613501324	0.220673004362	0.245305661949	0.0174594262413	0.0	0.223633393851	0.222030102869	0.225600211195	0.256460176937	0.241095769432	0.247123660997	0.260424311701	0.2230023047	0.256568792096	0.257968043001	0.255912035511	0.186541628074	0.224780220242	0.251354478734	0.264112228624	0.219514594467	0.215693697258	0.209552600083	0.251410537713	0.244904950887	0.212445325263	0.21221584539	0.25595098293	0.25715665265	0.234777395081	0.245198257438	0.240501798357	0.244502267506	0.226658078378	0.226682569678	0.225954099324	0.260565395564	0.258400308235	0.20223924381	0.239867409513	0.212549246796	0.206833937318	0.205136856546	0.217241433882	0.2085437335	0.19527714206	0.249608425325	0.228221858116	0.241431136147	0.203950922418	0.209488455225	0.217480735359	0.135095221044	0.145363227031	0.202341648948	0.204493880185
160502038-tonguedorsum3.snv.filtered.bam	0.247027936736	0.234482998098	0.233754927975	0.234323030929	0.139315627451	0.120612084397	0.279290195879	0.191081203358	0.194439875025	0.234533497237	0.23699958765	0.247603939124	0.205075847315	0.221762650293	0.240971756171	0.208892450388	0.206660023661	0.15090421892	0.227931772161	0.223633393851	0.0	0.249567068907	0.259608907	0.225251270277	0.222493342797	0.229590371472	0.235785539239	0.213662680099	0.262449151415	0.263480819173	0.261633197917	0.20873396155	0.181383628313	0.215908197465	0.230278815387	0.199484120545	0.224119426067	0.211333692369	0.224635550521	0.219951188959	0.110447718831	0.110883433809	0.231952254425	0.232926521559	0.212350096196	0.222904908869	0.223179564715	0.217401018828	0.219109489518	0.220393992331	0.204676294414	0.194418358559	0.195566011225	0.207381798351	0.221723328192	0.202863001799	0.192346585194	0.183903092387	0.224099230593	0.216383234945	0.174038843828	0.263166335497	0.27640717027	0.279610702807	0.192523853932	0.193044120995	0.197259011454	0.190168525225	0.206084570631	0.219986077812	0.223756446708
160582958-tonguedorsum2.snv.filtered.bam	0.235097353452	0.227362736335	0.223428680242	0.227266392906	0.227328578589	0.238042081952	0.199314829989	0.191332649108	0.192934677447	0.236149177233	0.235081911959	0.0615635749167	0.186984567008	0.190343774592	0.193555674312	0.199111297332	0.210162364177	0.239875557574	0.217741739013	0.222030102869	0.249567068907	0.0	0.00983321345087	0.207592912649	0.202354579814	0.208039357304	0.205521552029	0.201748475157	0.240155662683	0.241300870604	0.239204208895	0.21879471129	0.210517998069	0.202715224051	0.207634189148	0.228274851034	0.220964043108	0.21890534115	0.211792506972	0.20542537848	0.237783613322	0.240038477482	0.197127834041	0.196977711669	0.256996671509	0.213733590152	0.144761822296	0.19109033028	0.230516969582	0.228705512868	0.227620085166	0.273868008865	0.274102788191	0.169004350432	0.195808735772	0.243741665673	0.214873954953	0.215091908302	0.180878279905	0.224353576529	0.219832187086	0.274883396546	0.263787002903	0.268440737703	0.20528438023	0.200954322534	0.214035774434	0.185636244389	0.173900547974	0.196499696444	0.204127821559
160582958-tonguedorsum3.snv.filtered.bam	0.23937586154	0.23246440501	0.228481474503	0.232369111074	0.236912739308	0.2479183078	0.202369903001	0.200123359896	0.201217914684	0.243393884458	0.241454808576	0.0636787699247	0.195658063178	0.198023660421	0.201383879477	0.207675319045	0.217820853168	0.246918281124	0.222121741599	0.225600211195	0.259608907	0.00983321345087	0.0	0.214448689526	0.209927822478	0.213916126838	0.208399549612	0.208362436781	0.247369482159	0.248395875779	0.246652618223	0.229032708709	0.220798505831	0.210435916509	0.211173625856	0.235798725619	0.227278435957	0.227320989419	0.217041493167	0.210658553876	0.244832704389	0.247065487032	0.201024427287	0.200306267362	0.26619628918	0.22265914774	0.153987877954	0.199724690667	0.237987496608	0.236399451893	0.235325816655	0.276428673423	0.276719003843	0.174907799336	0.19884526655	0.252074431746	0.222441966845	0.224007832597	0.18889385228	0.227637890478	0.22479038499	0.278512167552	0.266285395175	0.273080508021	0.216003076479	0.211660936244	0.221924969489	0.193396985941	0.180973929962	0.20421135566	0.210708509898
160603188-tonguedorsum1.snv.filtered.bam	0.245907288095	0.088015271726	0.0852062112404	0.0875966398898	0.223574988548	0.218259172397	0.239465333003	0.202570271799	0.210448307769	0.196842563627	0.200358830065	0.217049892189	0.199196845067	0.209700755654	0.214827689636	0.204243784982	0.199277282708	0.206208342261	0.25418304855	0.256460176937	0.225251270277	0.207592912649	0.214448689526	0.0	0.0306005360759	0.0256057026957	0.0191176234823	0.192611012875	0.235490117485	0.236415177924	0.234656852459	0.218387656688	0.200749879645	0.0766566780251	0.0628335538822	0.196912029168	0.17538404263	0.171089624637	0.219140400246	0.217003097347	0.193868545946	0.196308648453	0.0283579278245	0.029572646913	0.206113480212	0.236176411962	0.212036856276	0.231681562962	0.20364698566	0.195684644851	0.188849440334	0.228267354885	0.228365865535	0.18979550332	0.201927050789	0.235802051489	0.174436983911	0.175614172626	0.215712634475	0.226929894673	0.203332520444	0.280209228876	0.264512742764	0.273056327312	0.217004104042	0.21636285226	0.197307594393	0.21421433379	0.225637214256	0.183839826872	0.187071669103
160603188-tonguedorsum2.snv.filtered.bam	0.239218472248	0.0998071184767	0.0971713129809	0.0996683237042	0.210586065686	0.208277027365	0.235808900531	0.19990732679	0.208502704037	0.207713372537	0.21037783859	0.210329150615	0.196193382606	0.205314442594	0.21560188099	0.196877637065	0.205539270406	0.210387381334	0.239645499336	0.241095769432	0.222493342797	0.202354579814	0.209927822478	0.0306005360759	0.0	0.0235112064169	0.0410689601625	0.189149038758	0.231281238447	0.232177789667	0.230509068608	0.21241295138	0.202505806151	0.0890782629802	0.0880227568578	0.194406930536	0.173636065306	0.167871732505	0.219957436182	0.217947013547	0.206836908034	0.208702462857	0.044768656483	0.044813593976	0.203788207071	0.23124135516	0.207875109953	0.225812342636	0.198870589018	0.191226722612	0.187223189589	0.232679461594	0.232406676697	0.17481164117	0.190414870225	0.225983084148	0.169916446599	0.163562863329	0.199825146275	0.217387946218	0.189891425218	0.281914503258	0.265126744018	0.274923981573	0.205807241244	0.205606785481	0.191715553833	0.201686765295	0.213590276376	0.183845586828	0.189329896312
160603188-tonguedorsum3.snv.filtered.bam	0.246328059148	0.0986101394409	0.0962354852813	0.09846823964	0.215362263417	0.213682694517	0.245460281736	0.204933428428	0.212485756324	0.212203832789	0.215059801797	0.215575264475	0.206250749401	0.217513756223	0.223222646786	0.202503092806	0.201011147269	0.210848378555	0.244938365605	0.247123660997	0.229590371472	0.208039357304	0.213916126838	0.0256057026957	0.0235112064169	0.0	0.0310358538545	0.189708772808	0.242782387556	0.24361646523	0.241810813264	0.219043737932	0.206771177224	0.0799378473778	0.0757746746075	0.193160527186	0.176831405201	0.169711551071	0.222441563658	0.220639015023	0.203715323231	0.205886022309	0.0361226448697	0.0370238267076	0.211205423519	0.242598783232	0.216742250386	0.237552839194	0.198247840013	0.19289539075	0.185243479218	0.228533547271	0.228084657684	0.182870985298	0.19759692873	0.236079194388	0.169087617721	0.167587225882	0.20983299172	0.22289880385	0.196606407013	0.283577522135	0.274492933045	0.28261910038	0.213446497669	0.213925904337	0.195151792803	0.209604359667	0.220088351125	0.187278943266	0.19287466105
246515023-tonguedorsum1.snv.filtered.bam	0.241510820164	0.0773017418353	0.0747663816958	0.0768539203381	0.230817731334	0.226608754736	0.24118603855	0.212067690341	0.218997331751	0.202695691405	0.205954867154	0.212486000417	0.21045590565	0.218387039953	0.219589060864	0.216512150933	0.205748054322	0.216933287951	0.256441190854	0.260424311701	0.235785539239	0.205521552029	0.208399549612	0.0191176234823	0.0410689601625	0.0310358538545	0.0	0.195698130371	0.243041687893	0.244134685958	0.242273087622	0.231865003896	0.209207388809	0.0828333346966	0.0507630615751	0.193843376211	0.171031636101	0.170860295606	0.226790162155	0.224747612685	0.205452335475	0.208146980771	0.0155024684315	0.0166156230169	0.212709223647	0.251469965151	0.226523542343	0.246288994524	0.206658532815	0.198383092446	0.193812572596	0.229348644591	0.229252601263	0.194699290381	0.195887982985	0.245907680029	0.179999941005	0.184834661333	0.216911666533	0.233998628137	0.216116888732	0.290195549196	0.273187802406	0.281895293211	0.228189551634	0.228034971577	0.208420600506	0.222196287044	0.230097621361	0.186524864025	0.193292999136
508703490-tonguedorsum1.snv.filtered.bam	0.223571881821	0.196276758518	0.19608238132	0.195838462582	0.175202084588	0.180795042425	0.249071415685	0.173301399665	0.177129134486	0.193699011705	0.194361374916	0.203626141335	0.173332980414	0.187537585166	0.224164735738	0.201078677074	0.182523665539	0.195413439062	0.22632968734	0.2230023047	0.213662680099	0.201748475157	0.208362436781	0.192611012875	0.189149038758	0.189708772808	0.195698130371	0.0	0.246480621835	0.247600339305	0.245520357128	0.17865389563	0.195454472651	0.180215350649	0.182247590449	0.191318259652	0.19340948201	0.185548049591	0.142931446091	0.137437553403	0.187714517497	0.188232717823	0.194285803256	0.194785664908	0.212909953777	0.191126070622	0.19877259164	0.194626438836	0.163455517194	0.166224629332	0.134775356118	0.210989894256	0.208204313857	0.200125978301	0.17659558172	0.21626971736	0.178413174563	0.171541695692	0.173308919448	0.197867864891	0.173817201248	0.263074978158	0.279563979641	0.27961423827	0.169140127107	0.167338902078	0.155899892606	0.213856038057	0.199265319298	0.18817214005	0.193732719546
550534656-tonguedorsum1.snv.filtered.bam	0.231775728068	0.225613959587	0.226707282414	0.225582504801	0.248980287446	0.254618503986	0.231323092686	0.20352939573	0.209060351717	0.217896684737	0.218410285285	0.251452358082	0.182142198851	0.192472370235	0.201362539906	0.23406680598	0.234264674975	0.231543968146	0.25592270505	0.256568792096	0.262449151415	0.240155662683	0.247369482159	0.235490117485	0.231281238447	0.242782387556	0.243041687893	0.246480621835	0.0	0.000324720996415	0.000644212965944	0.26735514343	0.246881844067	0.229427228664	0.232471450633	0.213773079029	0.206877704335	0.200714197624	0.246830840504	0.242438477996	0.245129213483	0.247341167507	0.241747778053	0.241068121829	0.200189655172	0.223500522877	0.238477365733	0.228544218335	0.238633304679	0.233342730876	0.235735680134	0.25084451822	0.248515492254	0.238403073757	0.224673165138	0.218717703249	0.241054396517	0.232010427535	0.19212326804	0.250782848968	0.25031800741	0.253643975266	0.229207505942	0.238946322182	0.233373239196	0.229014226338	0.236685377162	0.237584271082	0.234760427514	0.194599673203	0.201247203579
550534656-tonguedorsum2.snv.filtered.bam	0.232890774308	0.22668011764	0.227887645289	0.226613896863	0.25103705012	0.255977314347	0.23273921398	0.206507823989	0.212037145466	0.221715415618	0.22215821561	0.252506070317	0.183678459639	0.193835588356	0.202910067133	0.235461716401	0.235661766996	0.232684997881	0.257321720622	0.257968043001	0.263480819173	0.241300870604	0.248395875779	0.236415177924	0.232177789667	0.24361646523	0.244134685958	0.247600339305	0.000324720996415	0.0	0.000606556377289	0.269061535214	0.249911344801	0.230111400613	0.233633175751	0.217259355274	0.210176446397	0.204085339721	0.247897803062	0.243330695793	0.246232432876	0.248424793139	0.242885015115	0.242296693414	0.199979122696	0.224711350077	0.23958313596	0.229700941541	0.240008317502	0.234765595695	0.236885647947	0.25250941135	0.250201001435	0.239782094167	0.226177848163	0.220673043451	0.242430855204	0.233001027489	0.191522289738	0.252548235141	0.252308911095	0.25456811839	0.23133115326	0.240094811041	0.235856136524	0.23219287032	0.237801409418	0.23889357585	0.235914644793	0.196219488853	0.202819370814
550534656-tonguedorsum3.snv.filtered.bam	0.23109355911	0.224633951046	0.22570295823	0.224602564938	0.249413375488	0.254341105191	0.231104671032	0.204327681574	0.210014690618	0.219869136046	0.220405259242	0.250653112898	0.181434519172	0.191866040432	0.201081274567	0.233341267207	0.233553462289	0.230707003895	0.255210853871	0.255912035511	0.261633197917	0.239204208895	0.246652618223	0.234656852459	0.230509068608	0.241810813264	0.242273087622	0.245520357128	0.000644212965944	0.000606556377289	0.0	0.267015820383	0.247872950217	0.228527112636	0.231770189847	0.21505928577	0.208207798769	0.20200065569	0.24591062984	0.241513723847	0.244351898432	0.246541426445	0.241075285864	0.240273849227	0.199793569468	0.22283117398	0.23774858832	0.227832504392	0.238032765232	0.232828742088	0.235141467379	0.250511103189	0.2482372689	0.237834780652	0.224226136464	0.21878380427	0.240345153484	0.231366823714	0.191438079536	0.250893298481	0.250225903724	0.252958053466	0.229528362078	0.238460790488	0.233779968516	0.22999454165	0.235714703219	0.236896189976	0.234207557146	0.194440823492	0.201075288508
638754422-tonguedorsum1.snv.filtered.bam	0.269636119837	0.223869504975	0.220899632383	0.223660592816	0.200978406296	0.202543494565	0.232228110395	0.21096952947	0.211842874184	0.237373955869	0.239791831911	0.229666671242	0.196100223735	0.208452252421	0.237280911837	0.15031850988	0.180945394165	0.244475651236	0.192988265106	0.186541628074	0.20873396155	0.21879471129	0.229032708709	0.218387656688	0.21241295138	0.219043737932	0.231865003896	0.17865389563	0.26735514343	0.269061535214	0.267015820383	0.0	0.13849053077	0.213182724615	0.227899335816	0.199015242949	0.196718566178	0.185418270351	0.211913290694	0.20913027411	0.219638024999	0.218562863688	0.225327825221	0.223655015309	0.203577341483	0.233472463065	0.226236388027	0.2251486053	0.209791539008	0.209864971347	0.1824110356	0.225841184546	0.22340200188	0.200631807564	0.206209665436	0.174216825208	0.190055931352	0.181295123646	0.208099024879	0.222446288337	0.19238687229	0.235764961669	0.229334748118	0.232398255845	0.19652463657	0.192003491782	0.197485670397	0.163688720296	0.171739176573	0.22649969677	0.231569715195
638754422-tonguedorsum3.snv.filtered.bam	0.234398410636	0.186160850741	0.184047879537	0.185880501359	0.184869295941	0.186482603962	0.255110679297	0.181806577197	0.186562976219	0.221710756548	0.226361817892	0.204310482906	0.179520860729	0.193975499579	0.202442831249	0.173069830971	0.157646411326	0.214277158797	0.226289132648	0.224780220242	0.181383628313	0.210517998069	0.220798505831	0.200749879645	0.202505806151	0.206771177224	0.209207388809	0.195454472651	0.246881844067	0.249911344801	0.247872950217	0.13849053077	0.0	0.211062908297	0.221995713595	0.188611876199	0.195434433016	0.183777966539	0.215147254829	0.212303675393	0.183957570244	0.184435286158	0.207070450324	0.206593781614	0.189301596776	0.211950958153	0.204361050915	0.206276044541	0.20327325202	0.20530528215	0.198790117636	0.248656524494	0.246488195886	0.188003568528	0.181734264797	0.203920790979	0.196848618462	0.191766628845	0.186142199441	0.244201940399	0.208859238969	0.236889425527	0.261824425177	0.266366490713	0.197576743689	0.193164392376	0.166942259817	0.190824824542	0.193359869583	0.216380878952	0.220592708525
663835652-tonguedorsum2.snv.filtered.bam	0.229993676429	0.142937637222	0.141767369835	0.14255229878	0.202606797365	0.195139643216	0.241458483798	0.187832520451	0.193741311271	0.198416753746	0.201717155494	0.207265322224	0.204074077878	0.21706107	0.216993295005	0.193283991578	0.189032168669	0.200923819936	0.25162906808	0.251354478734	0.215908197465	0.202715224051	0.210435916509	0.0766566780251	0.0890782629802	0.0799378473778	0.0828333346966	0.180215350649	0.229427228664	0.230111400613	0.228527112636	0.213182724615	0.211062908297	0.0	0.0386639650758	0.177402073201	0.167125444326	0.157799375272	0.213924730392	0.208516839807	0.18462171458	0.18691705239	0.0796215585654	0.080139151329	0.226510221341	0.244010414391	0.212156411107	0.235660283223	0.191181109835	0.189438533706	0.183435785726	0.219748991545	0.219484330333	0.176280930303	0.204946735732	0.246582338965	0.15849217191	0.159340900268	0.211904163123	0.241480171852	0.205920090849	0.281111217515	0.280686594031	0.289766760967	0.201635432902	0.201612336809	0.195504563311	0.213521037213	0.225132799737	0.183615370492	0.190127325385
