	TARA_032_DCM_0.22-1.6_G.snv.filtered.bam	TARA_034_DCM_0.22-1.6_G.snv.filtered.bam	TARA_041_DCM_0.22-1.6_G.snv.filtered.bam	TARA_042_DCM_0.22-1.6_G.snv.filtered.bam	TARA_052_DCM_0.22-1.6_G.snv.filtered.bam	TARA_064_DCM_0.22-3_G.snv.filtered.bam	TARA_064_SRF_0.22-3_G.snv.filtered.bam	TARA_065_DCM_0.22-3_G.snv.filtered.bam	TARA_072_DCM_0.22-3_G.snv.filtered.bam	TARA_098_DCM_0.22-3_G.snv.filtered.bam	TARA_111_DCM_0.22-3_G.snv.filtered.bam	TARA_112_DCM_0.22-3_G.snv.filtered.bam	TARA_142_DCM_0.22-3_G.snv.filtered.bam	TARA_142_SRF_0.22-3_G.snv.filtered.bam	TARA_146_SRF_0.22-3_G.snv.filtered.bam	TARA_148_SRF_0.22-3_G.snv.filtered.bam	TARA_149_SRF_0.22-3_G.snv.filtered.bam
TARA_032_DCM_0.22-1.6_G.snv.filtered.bam	0.0	0.0	0.0	0.00175131348511	0.0	0.00175131348511	0.00175131348511	0.00175131348511	0.0227670753065	0.106830122592	0.113835376532	0.0858143607706	0.00175131348511	0.0	0.0	0.0	0.0
TARA_034_DCM_0.22-1.6_G.snv.filtered.bam	0.0	0.0	0.0	0.00175131348511	0.0	0.00175131348511	0.0	0.0	0.0245183887916	0.108581436077	0.120840630473	0.0823117338004	0.0	0.0	0.0	0.00175131348511	0.0
TARA_041_DCM_0.22-1.6_G.snv.filtered.bam	0.0	0.0	0.0	0.00175131348511	0.0	0.00175131348511	0.00175131348511	0.00175131348511	0.015761821366	0.103327495622	0.115586690018	0.0858143607706	0.00175131348511	0.00350262697023	0.0	0.0	0.0
TARA_042_DCM_0.22-1.6_G.snv.filtered.bam	0.00175131348511	0.00175131348511	0.00175131348511	0.0	0.00175131348511	0.00525394045534	0.00350262697023	0.00525394045534	0.0192644483363	0.108581436077	0.120840630473	0.0893169877408	0.00350262697023	0.00525394045534	0.00350262697023	0.00350262697023	0.00350262697023
TARA_052_DCM_0.22-1.6_G.snv.filtered.bam	0.0	0.0	0.0	0.00175131348511	0.0	0.00175131348511	0.0	0.00175131348511	0.0140105078809	0.105078809107	0.117338003503	0.0840630472855	0.00175131348511	0.0	0.0	0.0	0.0
TARA_064_DCM_0.22-3_G.snv.filtered.bam	0.00175131348511	0.00175131348511	0.00175131348511	0.00525394045534	0.00175131348511	0.0	0.00175131348511	0.00350262697023	0.015761821366	0.0980735551664	0.115586690018	0.077057793345	0.00350262697023	0.00175131348511	0.00175131348511	0.00175131348511	0.0
TARA_064_SRF_0.22-3_G.snv.filtered.bam	0.00175131348511	0.0	0.00175131348511	0.00350262697023	0.0	0.00175131348511	0.0	0.00175131348511	0.0140105078809	0.106830122592	0.120840630473	0.0805604203152	0.0	0.00175131348511	0.0	0.0	0.0
TARA_065_DCM_0.22-3_G.snv.filtered.bam	0.00175131348511	0.0	0.00175131348511	0.00525394045534	0.00175131348511	0.00350262697023	0.00175131348511	0.0	0.00875656742557	0.0945709281961	0.110332749562	0.0718038528897	0.0	0.0	0.0	0.00175131348511	0.00175131348511
TARA_072_DCM_0.22-3_G.snv.filtered.bam	0.0227670753065	0.0245183887916	0.015761821366	0.0192644483363	0.0140105078809	0.015761821366	0.0140105078809	0.00875656742557	0.0	0.0437828371278	0.0630472854641	0.0175131348511	0.0175131348511	0.0192644483363	0.015761821366	0.0122591943958	0.0122591943958
TARA_098_DCM_0.22-3_G.snv.filtered.bam	0.106830122592	0.108581436077	0.103327495622	0.108581436077	0.105078809107	0.0980735551664	0.106830122592	0.0945709281961	0.0437828371278	0.0	0.00525394045534	0.00525394045534	0.0998248686515	0.103327495622	0.101576182137	0.101576182137	0.0980735551664
TARA_111_DCM_0.22-3_G.snv.filtered.bam	0.113835376532	0.120840630473	0.115586690018	0.120840630473	0.117338003503	0.115586690018	0.120840630473	0.110332749562	0.0630472854641	0.00525394045534	0.0	0.0227670753065	0.117338003503	0.119089316988	0.115586690018	0.115586690018	0.113835376532
TARA_112_DCM_0.22-3_G.snv.filtered.bam	0.0858143607706	0.0823117338004	0.0858143607706	0.0893169877408	0.0840630472855	0.077057793345	0.0805604203152	0.0718038528897	0.0175131348511	0.00525394045534	0.0227670753065	0.0	0.0858143607706	0.0875656742557	0.0805604203152	0.0805604203152	0.0753064798599
TARA_142_DCM_0.22-3_G.snv.filtered.bam	0.00175131348511	0.0	0.00175131348511	0.00350262697023	0.00175131348511	0.00350262697023	0.0	0.0	0.0175131348511	0.0998248686515	0.117338003503	0.0858143607706	0.0	0.0	0.0	0.0	0.0
TARA_142_SRF_0.22-3_G.snv.filtered.bam	0.0	0.0	0.00350262697023	0.00525394045534	0.0	0.00175131348511	0.00175131348511	0.0	0.0192644483363	0.103327495622	0.119089316988	0.0875656742557	0.0	0.0	0.0	0.0	0.0
TARA_146_SRF_0.22-3_G.snv.filtered.bam	0.0	0.0	0.0	0.00350262697023	0.0	0.00175131348511	0.0	0.0	0.015761821366	0.101576182137	0.115586690018	0.0805604203152	0.0	0.0	0.0	0.0	0.0
TARA_148_SRF_0.22-3_G.snv.filtered.bam	0.0	0.00175131348511	0.0	0.00350262697023	0.0	0.00175131348511	0.0	0.00175131348511	0.0122591943958	0.101576182137	0.115586690018	0.0805604203152	0.0	0.0	0.0	0.0	0.0
TARA_149_SRF_0.22-3_G.snv.filtered.bam	0.0	0.0	0.0	0.00350262697023	0.0	0.0	0.0	0.00175131348511	0.0122591943958	0.0980735551664	0.113835376532	0.0753064798599	0.0	0.0	0.0	0.0	0.0
