	TARA_094_SRF_0.22-3_G.snv.filtered.bam	TARA_100_DCM_0.22-3_G.snv.filtered.bam	TARA_102_SRF_0.22-3_G.snv.filtered.bam	TARA_109_DCM_0.22-3_G.snv.filtered.bam	TARA_110_DCM_0.22-3_G.snv.filtered.bam	TARA_110_MES_0.22-3_G.snv.filtered.bam	TARA_110_SRF_0.22-3_G.snv.filtered.bam	TARA_111_DCM_0.22-3_G.snv.filtered.bam	TARA_111_SRF_0.22-3_G.snv.filtered.bam
TARA_094_SRF_0.22-3_G.snv.filtered.bam	0.0	0.0765092332526	0.0905958432355	0.0872348769464	0.0953303854779	0.0908743271433	0.0889428766044	0.0872958832778	0.0981405512694
TARA_100_DCM_0.22-3_G.snv.filtered.bam	0.0765092332526	0.0	0.077301358898	0.0759259778769	0.0824201905087	0.079294214554	0.0771043946362	0.0434969042893	0.0709463112906
TARA_102_SRF_0.22-3_G.snv.filtered.bam	0.0905958432355	0.077301358898	0.0	0.0524702131688	0.0640439169446	0.0537283133033	0.0557037145218	0.082670787838	0.0941486756242
TARA_109_DCM_0.22-3_G.snv.filtered.bam	0.0872348769464	0.0759259778769	0.0524702131688	0.0	0.0528843282956	0.0507039038767	0.0444726976082	0.0789437957653	0.0882727516679
TARA_110_DCM_0.22-3_G.snv.filtered.bam	0.0953303854779	0.0824201905087	0.0640439169446	0.0528843282956	0.0	0.0510039689451	0.0363824151254	0.0772357538544	0.094327035504
TARA_110_MES_0.22-3_G.snv.filtered.bam	0.0908743271433	0.079294214554	0.0537283133033	0.0507039038767	0.0510039689451	0.0	0.0449324977753	0.0802345150453	0.0962722075499
TARA_110_SRF_0.22-3_G.snv.filtered.bam	0.0889428766044	0.0771043946362	0.0557037145218	0.0444726976082	0.0363824151254	0.0449324977753	0.0	0.0738155533846	0.088486258669
TARA_111_DCM_0.22-3_G.snv.filtered.bam	0.0872958832778	0.0434969042893	0.082670787838	0.0789437957653	0.0772357538544	0.0802345150453	0.0738155533846	0.0	0.0669492348458
TARA_111_SRF_0.22-3_G.snv.filtered.bam	0.0981405512694	0.0709463112906	0.0941486756242	0.0882727516679	0.094327035504	0.0962722075499	0.088486258669	0.0669492348458	0.0
