	TARA_004_DCM_0.22-1.6_G.snv.filtered.bam	TARA_007_DCM_0.22-1.6_G.snv.filtered.bam	TARA_009_DCM_0.22-1.6_G.snv.filtered.bam	TARA_066_SRF_0.22-3_G.snv.filtered.bam	TARA_133_DCM_0.22-3_G.snv.filtered.bam	TARA_133_SRF_0.22-3_G.snv.filtered.bam	TARA_145_SRF_0.22-3_G.snv.filtered.bam	TARA_151_DCM_0.22-3_G.snv.filtered.bam	TARA_151_SRF_0.22-3_G.snv.filtered.bam	TARA_152_MIX_0.22-3_G.snv.filtered.bam	TARA_152_SRF_0.22-3_G.snv.filtered.bam
TARA_004_DCM_0.22-1.6_G.snv.filtered.bam	0.0	0.0	0.0	0.000809061488673	0.0169902912621	0.0169902912621	0.000809061488673	0.0	0.000809061488673	0.0	0.0
TARA_007_DCM_0.22-1.6_G.snv.filtered.bam	0.0	0.0	0.0	0.000809061488673	0.0129449838188	0.0145631067961	0.000809061488673	0.0	0.0	0.0	0.0
TARA_009_DCM_0.22-1.6_G.snv.filtered.bam	0.0	0.0	0.0	0.000809061488673	0.00970873786408	0.0129449838188	0.0	0.0	0.0	0.0	0.0
TARA_066_SRF_0.22-3_G.snv.filtered.bam	0.000809061488673	0.000809061488673	0.000809061488673	0.0	0.00485436893204	0.00809061488673	0.000809061488673	0.000809061488673	0.000809061488673	0.0	0.0
TARA_133_DCM_0.22-3_G.snv.filtered.bam	0.0169902912621	0.0129449838188	0.00970873786408	0.00485436893204	0.0	0.00242718446602	0.00809061488673	0.0129449838188	0.0129449838188	0.0137540453074	0.0145631067961
TARA_133_SRF_0.22-3_G.snv.filtered.bam	0.0169902912621	0.0145631067961	0.0129449838188	0.00809061488673	0.00242718446602	0.0	0.0121359223301	0.0153721682848	0.0153721682848	0.0169902912621	0.0145631067961
TARA_145_SRF_0.22-3_G.snv.filtered.bam	0.000809061488673	0.000809061488673	0.0	0.000809061488673	0.00809061488673	0.0121359223301	0.0	0.000809061488673	0.000809061488673	0.000809061488673	0.0
TARA_151_DCM_0.22-3_G.snv.filtered.bam	0.0	0.0	0.0	0.000809061488673	0.0129449838188	0.0153721682848	0.000809061488673	0.0	0.0	0.0	0.0
TARA_151_SRF_0.22-3_G.snv.filtered.bam	0.000809061488673	0.0	0.0	0.000809061488673	0.0129449838188	0.0153721682848	0.000809061488673	0.0	0.0	0.0	0.0
TARA_152_MIX_0.22-3_G.snv.filtered.bam	0.0	0.0	0.0	0.0	0.0137540453074	0.0169902912621	0.000809061488673	0.0	0.0	0.0	0.0
TARA_152_SRF_0.22-3_G.snv.filtered.bam	0.0	0.0	0.0	0.0	0.0145631067961	0.0145631067961	0.0	0.0	0.0	0.0	0.0
