	TARA_100_SRF_0.22-3_G.snv.filtered.bam	TARA_111_SRF_0.22-3_G.snv.filtered.bam	TARA_122_SRF_0.22-3_G.snv.filtered.bam	TARA_123_SRF_0.22-3_G.snv.filtered.bam	TARA_124_MIX_0.22-3_G.snv.filtered.bam	TARA_124_SRF_0.22-3_G.snv.filtered.bam	TARA_125_SRF_0.22-3_G.snv.filtered.bam	TARA_128_DCM_0.22-3_G.snv.filtered.bam	TARA_128_SRF_0.22-3_G.snv.filtered.bam	TARA_137_SRF_0.22-3_G.snv.filtered.bam
TARA_100_SRF_0.22-3_G.snv.filtered.bam	0.0	0.0455556256406	0.067325087544	0.0717132497915	0.0684762092544	0.0663601272099	0.0701528727731	0.0675768305687	0.0673186732577	0.135170159858
TARA_111_SRF_0.22-3_G.snv.filtered.bam	0.0455556256406	0.0	0.0741029084017	0.0778069419989	0.0733615788363	0.074235368148	0.0783771448035	0.0775685340362	0.0748294207805	0.14069677684
TARA_122_SRF_0.22-3_G.snv.filtered.bam	0.067325087544	0.0741029084017	0.0	0.0344492354905	0.0354236997308	0.025588482325	0.030552089469	0.0356345045127	0.0361786986441	0.12751617904
TARA_123_SRF_0.22-3_G.snv.filtered.bam	0.0717132497915	0.0778069419989	0.0344492354905	0.0	0.0387050816612	0.0319011347284	0.0319115833732	0.0408944019425	0.0442271720949	0.127690999468
TARA_124_MIX_0.22-3_G.snv.filtered.bam	0.0684762092544	0.0733615788363	0.0354236997308	0.0387050816612	0.0	0.0343024912483	0.0354838819697	0.042231408646	0.0446979195195	0.126137009367
TARA_124_SRF_0.22-3_G.snv.filtered.bam	0.0663601272099	0.074235368148	0.025588482325	0.0319011347284	0.0343024912483	0.0	0.0290229803764	0.037326214226	0.0394840402208	0.12879153446
TARA_125_SRF_0.22-3_G.snv.filtered.bam	0.0701528727731	0.0783771448035	0.030552089469	0.0319115833732	0.0354838819697	0.0290229803764	0.0	0.0400944194702	0.0428622363348	0.130800852287
TARA_128_DCM_0.22-3_G.snv.filtered.bam	0.0675768305687	0.0775685340362	0.0356345045127	0.0408944019425	0.042231408646	0.037326214226	0.0400944194702	0.0	0.0340715201648	0.117399989156
TARA_128_SRF_0.22-3_G.snv.filtered.bam	0.0673186732577	0.0748294207805	0.0361786986441	0.0442271720949	0.0446979195195	0.0394840402208	0.0428622363348	0.0340715201648	0.0	0.118470290834
TARA_137_SRF_0.22-3_G.snv.filtered.bam	0.135170159858	0.14069677684	0.12751617904	0.127690999468	0.126137009367	0.12879153446	0.130800852287	0.117399989156	0.118470290834	0.0
