	TARA_004_DCM_0.22-1.6_G.snv.filtered.bam	TARA_004_SRF_0.22-1.6_G.snv.filtered.bam	TARA_007_SRF_0.22-1.6_G.snv.filtered.bam	TARA_009_SRF_0.22-1.6_G.snv.filtered.bam	TARA_018_DCM_0.22-1.6_G.snv.filtered.bam	TARA_018_SRF_0.22-1.6_G.snv.filtered.bam	TARA_030_DCM_0.22-1.6_G.snv.filtered.bam	TARA_030_SRF_0.22-1.6_G.snv.filtered.bam	TARA_078_SRF_0.22-3_G.snv.filtered.bam	TARA_094_SRF_0.22-3_G.snv.filtered.bam	TARA_096_SRF_0.22-3_G.snv.filtered.bam	TARA_133_SRF_0.22-3_G.snv.filtered.bam
TARA_004_DCM_0.22-1.6_G.snv.filtered.bam	0.0	0.0	0.00484261501211	0.00363196125908	0.00726392251816	0.00847457627119	0.0254237288136	0.0326876513317	0.0133171912833	0.0496368038741	0.0326876513317	0.0593220338983
TARA_004_SRF_0.22-1.6_G.snv.filtered.bam	0.0	0.0	0.00242130750605	0.00242130750605	0.00605326876513	0.00847457627119	0.0217917675545	0.0302663438257	0.0108958837772	0.046004842615	0.0338983050847	0.0544794188862
TARA_007_SRF_0.22-1.6_G.snv.filtered.bam	0.00484261501211	0.00242130750605	0.0	0.0	0.0205811138015	0.0242130750605	0.0375302663438	0.0351089588378	0.0205811138015	0.0581113801453	0.0508474576271	0.0726392251816
TARA_009_SRF_0.22-1.6_G.snv.filtered.bam	0.00363196125908	0.00242130750605	0.0	0.0	0.00605326876513	0.0145278450363	0.0230024213075	0.0290556900726	0.0193704600484	0.0496368038741	0.0375302663438	0.0617433414044
TARA_018_DCM_0.22-1.6_G.snv.filtered.bam	0.00726392251816	0.00605326876513	0.0205811138015	0.00605326876513	0.0	0.0	0.00363196125908	0.00605326876513	0.0169491525424	0.0205811138015	0.0254237288136	0.0351089588378
TARA_018_SRF_0.22-1.6_G.snv.filtered.bam	0.00847457627119	0.00847457627119	0.0242130750605	0.0145278450363	0.0	0.0	0.00363196125908	0.0108958837772	0.0169491525424	0.0193704600484	0.0254237288136	0.0338983050847
TARA_030_DCM_0.22-1.6_G.snv.filtered.bam	0.0254237288136	0.0217917675545	0.0375302663438	0.0230024213075	0.00363196125908	0.00363196125908	0.0	0.00121065375303	0.0217917675545	0.044794188862	0.0242130750605	0.0556900726392
TARA_030_SRF_0.22-1.6_G.snv.filtered.bam	0.0326876513317	0.0302663438257	0.0351089588378	0.0290556900726	0.00605326876513	0.0108958837772	0.00121065375303	0.0	0.0399515738499	0.0484261501211	0.0387409200969	0.0593220338983
TARA_078_SRF_0.22-3_G.snv.filtered.bam	0.0133171912833	0.0108958837772	0.0205811138015	0.0193704600484	0.0169491525424	0.0169491525424	0.0217917675545	0.0399515738499	0.0	0.0423728813559	0.0217917675545	0.0508474576271
TARA_094_SRF_0.22-3_G.snv.filtered.bam	0.0496368038741	0.046004842615	0.0581113801453	0.0496368038741	0.0205811138015	0.0193704600484	0.044794188862	0.0484261501211	0.0423728813559	0.0	0.0496368038741	0.0169491525424
TARA_096_SRF_0.22-3_G.snv.filtered.bam	0.0326876513317	0.0338983050847	0.0508474576271	0.0375302663438	0.0254237288136	0.0254237288136	0.0242130750605	0.0387409200969	0.0217917675545	0.0496368038741	0.0	0.0605326876513
TARA_133_SRF_0.22-3_G.snv.filtered.bam	0.0593220338983	0.0544794188862	0.0726392251816	0.0617433414044	0.0351089588378	0.0338983050847	0.0556900726392	0.0593220338983	0.0508474576271	0.0169491525424	0.0605326876513	0.0
