	TARA_030_SRF_0.22-1.6_G.snv.filtered.bam	TARA_031_SRF_0.22-1.6_G.snv.filtered.bam	TARA_032_DCM_0.22-1.6_G.snv.filtered.bam	TARA_032_SRF_0.22-1.6_G.snv.filtered.bam	TARA_033_SRF_0.22-1.6_G.snv.filtered.bam	TARA_034_SRF_0.22-1.6_G.snv.filtered.bam	TARA_038_DCM_0.22-1.6_G.snv.filtered.bam	TARA_039_DCM_0.22-1.6_G.snv.filtered.bam	TARA_041_DCM_0.22-1.6_G.snv.filtered.bam	TARA_041_SRF_0.22-1.6_G.snv.filtered.bam	TARA_042_DCM_0.22-1.6_G.snv.filtered.bam	TARA_042_SRF_0.22-1.6_G.snv.filtered.bam	TARA_045_SRF_0.22-1.6_G.snv.filtered.bam	TARA_048_SRF_0.22-1.6_G.snv.filtered.bam	TARA_052_DCM_0.22-1.6_G.snv.filtered.bam	TARA_052_SRF_0.22-1.6_G.snv.filtered.bam	TARA_056_SRF_0.22-3_G.snv.filtered.bam	TARA_057_SRF_0.22-3_G.snv.filtered.bam	TARA_058_DCM_0.22-3_G.snv.filtered.bam	TARA_062_SRF_0.22-3_G.snv.filtered.bam	TARA_064_DCM_0.22-3_G.snv.filtered.bam	TARA_064_SRF_0.22-3_G.snv.filtered.bam	TARA_065_DCM_0.22-3_G.snv.filtered.bam	TARA_065_SRF_0.22-3_G.snv.filtered.bam	TARA_072_DCM_0.22-3_G.snv.filtered.bam	TARA_072_SRF_0.22-3_G.snv.filtered.bam	TARA_076_SRF_0.22-3_G.snv.filtered.bam	TARA_078_DCM_0.22-3_G.snv.filtered.bam	TARA_078_SRF_0.22-3_G.snv.filtered.bam	TARA_109_DCM_0.22-3_G.snv.filtered.bam	TARA_109_SRF_0.22-3_G.snv.filtered.bam	TARA_112_SRF_0.22-3_G.snv.filtered.bam	TARA_122_SRF_0.22-3_G.snv.filtered.bam	TARA_123_SRF_0.22-3_G.snv.filtered.bam	TARA_124_MIX_0.22-3_G.snv.filtered.bam	TARA_124_SRF_0.22-3_G.snv.filtered.bam	TARA_125_SRF_0.22-3_G.snv.filtered.bam	TARA_128_DCM_0.22-3_G.snv.filtered.bam	TARA_128_SRF_0.22-3_G.snv.filtered.bam	TARA_132_SRF_0.22-3_G.snv.filtered.bam	TARA_137_SRF_0.22-3_G.snv.filtered.bam	TARA_138_SRF_0.22-3_G.snv.filtered.bam	TARA_140_SRF_0.22-3_G.snv.filtered.bam	TARA_141_SRF_0.22-3_G.snv.filtered.bam	TARA_142_DCM_0.22-3_G.snv.filtered.bam	TARA_142_SRF_0.22-3_G.snv.filtered.bam	TARA_146_SRF_0.22-3_G.snv.filtered.bam	TARA_148_SRF_0.22-3_G.snv.filtered.bam	TARA_149_SRF_0.22-3_G.snv.filtered.bam
TARA_030_SRF_0.22-1.6_G.snv.filtered.bam	0.0	0.0689742827538	0.0649916215176	0.0645992699845	0.0631533043445	0.0658299129984	0.0674860203237	0.06275466788	0.0638960947699	0.0664381359416	0.0673618282322	0.0646266537071	0.0674959934031	0.0667849480784	0.0643705330893	0.0639514141791	0.0700243927076	0.0709074624724	0.0732180014714	0.0706780304435	0.0721211632833	0.0701874306575	0.0671877337187	0.0702458957351	0.0661537008529	0.0660595768939	0.0758526148203	0.0704002933769	0.070991279344	0.0717656857724	0.0641166413064	0.0762748586451	0.0985651339311	0.0845991444947	0.0876523357231	0.087213315941	0.0855619134333	0.071416871244	0.0841208903097	0.0641404943059	0.0704641579415	0.0671695716944	0.0660195556828	0.0623630724442	0.0662280520189	0.066310229388	0.0746468020894	0.0750959114242	0.0759837429369
TARA_031_SRF_0.22-1.6_G.snv.filtered.bam	0.0689742827538	0.0	0.0325436408159	0.0302149359741	0.0380075029713	0.0407012183777	0.0452539262805	0.0400111408304	0.0372037088033	0.0377907433405	0.0363462126897	0.0373808276953	0.0388136703164	0.0399706737838	0.0369148708972	0.0375577614235	0.0380634179979	0.0402440183794	0.0424848707666	0.040894924207	0.0457467777471	0.0354302127504	0.0388490222429	0.0406752166857	0.0487867585029	0.0378666602489	0.0581761507252	0.055937489869	0.0514359338566	0.0521415059252	0.0426500749532	0.0567825237	0.0830523306976	0.0730430630375	0.0765066947085	0.0703300829239	0.0727807204497	0.0538661821902	0.0638267483015	0.0460084359917	0.0472601145475	0.0419671215548	0.0494861609048	0.0372713616364	0.0376091132639	0.0392091311307	0.0468720420148	0.0476084472963	0.054453934048
TARA_032_DCM_0.22-1.6_G.snv.filtered.bam	0.0649916215176	0.0325436408159	0.0	0.033702623901	0.0424758855964	0.0448924204085	0.0465611652528	0.0417778580368	0.0403164238647	0.0412925353363	0.0400583582601	0.0394437022036	0.0416639236836	0.0409603799574	0.0390145216023	0.0370077895769	0.0396334500399	0.0433496007699	0.045661767428	0.0435189762461	0.0481728355386	0.0407799488967	0.0416578675669	0.0436617398629	0.0489584089656	0.0388854997993	0.0571177965225	0.0559348786428	0.0525319629074	0.0533307025167	0.0457416385604	0.0571933288664	0.0826400128271	0.0715309851705	0.0753642719723	0.0704178308496	0.0713481451509	0.0542967528357	0.0655092523601	0.046551000765	0.0486859020314	0.0422959028707	0.0495380429406	0.0390451573066	0.0393356466843	0.0396955823789	0.0489422920203	0.0499251144074	0.0547820622485
TARA_032_SRF_0.22-1.6_G.snv.filtered.bam	0.0645992699845	0.0302149359741	0.033702623901	0.0	0.034499549903	0.0365527661097	0.0437022305017	0.0389487051411	0.0362230109683	0.0388710851811	0.0370073557536	0.0369703407342	0.0391976787201	0.0396419478327	0.0395698961607	0.0379577314399	0.0391820946441	0.0406470244652	0.0440415586059	0.0411910332187	0.0469698362029	0.0391686026458	0.0400230808501	0.041239958492	0.0491994900492	0.0386454035474	0.0592882426446	0.0556481300905	0.0524460440348	0.051223188944	0.0424450325957	0.0591610852314	0.0847176135537	0.0738631319549	0.0763638742184	0.0724950362699	0.073402329367	0.0553055118211	0.0662229165383	0.0471047004573	0.0492529758643	0.0419952077848	0.0462045134442	0.035940670296	0.0397998195787	0.0399587383675	0.0494971940594	0.0492380581148	0.0547494534583
TARA_033_SRF_0.22-1.6_G.snv.filtered.bam	0.0631533043445	0.0380075029713	0.0424758855964	0.034499549903	0.0	0.0311666230806	0.0467045184269	0.0415363545503	0.0400696187262	0.0408864626568	0.043155312345	0.0405552265714	0.0445916773163	0.045533778494	0.0466114246625	0.0429838538262	0.0450826065067	0.044731862577	0.0482762427278	0.0452938675998	0.0534926722781	0.0479526696094	0.0470231713861	0.0487084382144	0.0541555303713	0.045857849988	0.0650301902227	0.0617155961495	0.0605727514853	0.0542051416127	0.04608531943	0.0672547550576	0.0897539949645	0.0769356448348	0.0815975663929	0.0780578056229	0.0781740136806	0.0607879085404	0.0717618302368	0.0517797775339	0.0529966566279	0.0496531216992	0.0483648983312	0.0381443998428	0.0457150448583	0.0478035162409	0.0560671241107	0.0570587722209	0.0623397649224
TARA_034_SRF_0.22-1.6_G.snv.filtered.bam	0.0658299129984	0.0407012183777	0.0448924204085	0.0365527661097	0.0311666230806	0.0	0.0455664385623	0.0407281835262	0.0394039208667	0.0429600017405	0.0435852547822	0.0432615888703	0.0473912743648	0.0486138605078	0.0483392345243	0.0455736101019	0.0442499893712	0.0448121924941	0.0456315089541	0.0463918612008	0.053135272762	0.0485437862844	0.0464556906006	0.04630097979	0.05579177863	0.0481257650023	0.064188149986	0.0608271187544	0.0597088247156	0.0540104760317	0.0462492739784	0.0677038461496	0.0908138900868	0.0786503156858	0.0819379795914	0.0786661973886	0.0787125627044	0.0611157935361	0.0724701432894	0.0540375157323	0.0531366585754	0.0509569715649	0.0469619860741	0.0402523920088	0.0478547310054	0.0475408951503	0.056720131802	0.058598255125	0.0610637396593
TARA_038_DCM_0.22-1.6_G.snv.filtered.bam	0.0674860203237	0.0452539262805	0.0465611652528	0.0437022305017	0.0467045184269	0.0455664385623	0.0	0.0397897384663	0.033768197762	0.0467752013678	0.0397278444435	0.0452656330541	0.0494510709271	0.0500003909022	0.0460092765642	0.0433403228678	0.0446393009788	0.0410126931809	0.0429607289415	0.0422206870557	0.0518193595112	0.0462605960696	0.0433825869352	0.0450544392588	0.0553203754586	0.0487852008369	0.0658266137713	0.059381446915	0.0554261384519	0.0514068611584	0.0443858726349	0.0651266265652	0.0820359948834	0.0723436268733	0.0744224907866	0.0719250632413	0.0714990817967	0.0547178462635	0.0637345504175	0.0541070459787	0.050685328944	0.0468149022999	0.0459345222429	0.0439926126357	0.0453573455761	0.0465250023751	0.0523387140898	0.0538985107531	0.057029531721
TARA_039_DCM_0.22-1.6_G.snv.filtered.bam	0.06275466788	0.0400111408304	0.0417778580368	0.0389487051411	0.0415363545503	0.0407281835262	0.0397897384663	0.0	0.0331363990415	0.0411391621985	0.0374063294003	0.0400231332246	0.0463561130885	0.0448253427706	0.0423161258094	0.0424489587227	0.0400443688766	0.0381361932584	0.0416269602167	0.0387525967507	0.0482208928343	0.0431857447478	0.0419139089705	0.0427504296178	0.0510624455382	0.0443880791397	0.060623600577	0.055484155137	0.0538830935453	0.0505456007978	0.0427741817708	0.0613666827609	0.0815747081425	0.0698120732629	0.0751907138419	0.0715091081319	0.0707840138906	0.0547802043474	0.0644652442453	0.0497892017714	0.048023345503	0.0461142182887	0.0403227304832	0.03663262145	0.0408213436031	0.0431614807206	0.0491363545259	0.0514070906607	0.0552121884776
TARA_041_DCM_0.22-1.6_G.snv.filtered.bam	0.0638960947699	0.0372037088033	0.0403164238647	0.0362230109683	0.0400696187262	0.0394039208667	0.033768197762	0.0331363990415	0.0	0.0388529553384	0.0329688593446	0.0377056486122	0.0420185364215	0.0428864463519	0.0402136015919	0.0386440780508	0.0370516792844	0.0356727856563	0.0385542649939	0.0376506961993	0.0471798223629	0.0384553486289	0.0371423619225	0.0402160965085	0.0495864281683	0.0422127059709	0.0604324821956	0.0550173233725	0.0512866744862	0.0489583239222	0.0407369551715	0.060157573966	0.079976892593	0.0717832297939	0.074312008508	0.0692554796001	0.0700707319432	0.0540137602297	0.0628039359711	0.0479274975692	0.0475424359944	0.0441976622409	0.0405668043581	0.0359941050494	0.0378088412647	0.0392478780325	0.0457357405164	0.0470218948252	0.052055238189
TARA_041_SRF_0.22-1.6_G.snv.filtered.bam	0.0664381359416	0.0377907433405	0.0412925353363	0.0388710851811	0.0408864626568	0.0429600017405	0.0467752013678	0.0411391621985	0.0388529553384	0.0	0.0386759326816	0.0339027475283	0.0356446201411	0.0401671792954	0.0427814394172	0.0411116278435	0.0400545993923	0.0409994631654	0.0442173891571	0.0424512739488	0.0502672498277	0.0424209593861	0.0431974368608	0.0452253582573	0.0545661956483	0.0424149984647	0.0616064434818	0.0604815555907	0.0571194312246	0.0531407485739	0.0416919832495	0.0634825712531	0.0892418722718	0.0781241975588	0.0809006619028	0.0773142658695	0.0782981739837	0.0610589474299	0.0682995331559	0.0495867865531	0.0488807341038	0.0461237691246	0.0482822791569	0.0361936724453	0.0425659982912	0.0442746212961	0.0514337602385	0.0533873678366	0.0588357635125
TARA_042_DCM_0.22-1.6_G.snv.filtered.bam	0.0673618282322	0.0363462126897	0.0400583582601	0.0370073557536	0.043155312345	0.0435852547822	0.0397278444435	0.0374063294003	0.0329688593446	0.0386759326816	0.0	0.0354737228723	0.0393745498687	0.0412157861753	0.0367188062339	0.0369609525628	0.0372445489085	0.0377659407729	0.0390434636405	0.0374477558267	0.0468313240699	0.0374660984877	0.03662097155	0.0415592567225	0.0491514411721	0.0419724981374	0.0588087345537	0.054611466724	0.0514445979225	0.0496644159863	0.0401608771085	0.0588466202304	0.0818145304917	0.0720230117524	0.0754410718624	0.0699390793201	0.0708734636279	0.0540318806279	0.0623916238484	0.0480748198722	0.0460991616754	0.0423900701609	0.0430015185869	0.0368912391865	0.0379150166712	0.0403221428261	0.0466664980893	0.0486252457345	0.0521025200881
TARA_042_SRF_0.22-1.6_G.snv.filtered.bam	0.0646266537071	0.0373808276953	0.0394437022036	0.0369703407342	0.0405552265714	0.0432615888703	0.0452656330541	0.0400231332246	0.0377056486122	0.0339027475283	0.0354737228723	0.0	0.0331227365951	0.0370581024828	0.0396288415124	0.0361314467596	0.0385893790005	0.0394943456029	0.0437020548947	0.0413322771146	0.0480766493263	0.0411446085939	0.0411222483921	0.0442770754669	0.0512390378282	0.0394701082899	0.0585764698974	0.0585990467585	0.0553298587265	0.0514458938693	0.041780886463	0.0604311525625	0.0860833231442	0.0746461170249	0.0769920438724	0.0736375691398	0.0751551212119	0.0583460928258	0.067071842879	0.0467971768385	0.0476495632678	0.0420180836168	0.0472566071932	0.0358015609368	0.0411265572121	0.0412539132558	0.0506504359372	0.0515961273112	0.0571866284933
TARA_045_SRF_0.22-1.6_G.snv.filtered.bam	0.0674959934031	0.0388136703164	0.0416639236836	0.0391976787201	0.0445916773163	0.0473912743648	0.0494510709271	0.0463561130885	0.0420185364215	0.0356446201411	0.0393745498687	0.0331227365951	0.0	0.0335933050754	0.039688371127	0.0365558768378	0.0403208355478	0.041755445258	0.0456384696745	0.0452973096681	0.0482348570757	0.0410759502528	0.0440326292445	0.0458714137768	0.050932295735	0.0403682619147	0.0600877956144	0.0601423162528	0.0552182975951	0.0519634648061	0.0435792711864	0.0595784777967	0.0870325040149	0.0767788627168	0.0796425689479	0.0747356085075	0.0758053322052	0.0596568367374	0.0688355947459	0.047003110025	0.0488477646361	0.0421464225126	0.049638884259	0.039047297048	0.0418524826921	0.0418911142959	0.0513126965182	0.0517743764322	0.0574609183423
TARA_048_SRF_0.22-1.6_G.snv.filtered.bam	0.0667849480784	0.0399706737838	0.0409603799574	0.0396419478327	0.045533778494	0.0486138605078	0.0500003909022	0.0448253427706	0.0428864463519	0.0401671792954	0.0412157861753	0.0370581024828	0.0335933050754	0.0	0.0373885521195	0.0377089166155	0.0410384920841	0.043447049341	0.0474543931749	0.0463862417682	0.0479192488856	0.0400660809368	0.0442017282693	0.0440287646601	0.0486056769678	0.0377868210248	0.0569866663845	0.0574230188735	0.0530620292109	0.0523099645103	0.0443152694015	0.0556397723052	0.0858136188043	0.0742926068247	0.0771129544709	0.073287634562	0.0754306286043	0.0582772832925	0.0661521390668	0.0444486754289	0.04937301138	0.0431485971798	0.0510639424913	0.0395477883816	0.0421406688828	0.0414949063459	0.0492954619417	0.0513622217832	0.0568830582922
TARA_052_DCM_0.22-1.6_G.snv.filtered.bam	0.0643705330893	0.0369148708972	0.0390145216023	0.0395698961607	0.0466114246625	0.0483392345243	0.0460092765642	0.0423161258094	0.0402136015919	0.0427814394172	0.0367188062339	0.0396288415124	0.039688371127	0.0373885521195	0.0	0.0345498116223	0.038655996407	0.0433198264676	0.0430106884664	0.0431665801676	0.040526013253	0.0335473639066	0.0371979565976	0.0412632966952	0.0424682790872	0.0357420631774	0.051138045211	0.049298119421	0.0452397676926	0.0477323641704	0.0423333410976	0.0493461095329	0.0771681909298	0.0661328114192	0.0702043141262	0.0639109577597	0.0665366607573	0.0499035922895	0.0596466814416	0.0419085593176	0.0437354097353	0.0372496490373	0.0484459788864	0.0405507695957	0.0354197742042	0.0365979709354	0.0427220931659	0.0432975087474	0.0487892634314
TARA_052_SRF_0.22-1.6_G.snv.filtered.bam	0.0639514141791	0.0375577614235	0.0370077895769	0.0379577314399	0.0429838538262	0.0455736101019	0.0433403228678	0.0424489587227	0.0386440780508	0.0411116278435	0.0369609525628	0.0361314467596	0.0365558768378	0.0377089166155	0.0345498116223	0.0	0.0380299904725	0.0425109373644	0.0439715811344	0.0441363415846	0.046119788855	0.0397785350129	0.0406446464195	0.0433008654647	0.0493591641607	0.0373628850053	0.0576771650122	0.0563691015437	0.0528023452492	0.0486026558376	0.0401341258864	0.0567580671966	0.0817015251103	0.0691159042384	0.0731299951202	0.0687494673733	0.0704684218435	0.0512677651852	0.0623267885142	0.0453626277448	0.04456391641	0.03729906932	0.0493895834057	0.0375141767592	0.0389915378982	0.0389435152651	0.0470975552959	0.0487748526863	0.0544078099431
TARA_056_SRF_0.22-3_G.snv.filtered.bam	0.0700243927076	0.0380634179979	0.0396334500399	0.0391820946441	0.0450826065067	0.0442499893712	0.0446393009788	0.0400443688766	0.0370516792844	0.0400545993923	0.0372445489085	0.0385893790005	0.0403208355478	0.0410384920841	0.038655996407	0.0380299904725	0.0	0.035058966899	0.035669597757	0.034889444642	0.0464187271945	0.0378426671459	0.0388754257372	0.039374225162	0.0505742186962	0.0406932231941	0.0578146872617	0.0565165062656	0.0521346316858	0.0520072912349	0.0436617940195	0.0574618894283	0.0841701777574	0.0730405065434	0.0778391275189	0.0722716527358	0.0728307986119	0.0563436706987	0.0658571317164	0.0471472887541	0.0491850537287	0.0427980891968	0.0423869532432	0.0366131182241	0.0403663496412	0.0411832158319	0.046276152959	0.0475194592024	0.0535100553449
TARA_057_SRF_0.22-3_G.snv.filtered.bam	0.0709074624724	0.0402440183794	0.0433496007699	0.0406470244652	0.044731862577	0.0448121924941	0.0410126931809	0.0381361932584	0.0356727856563	0.0409994631654	0.0377659407729	0.0394943456029	0.041755445258	0.043447049341	0.0433198264676	0.0425109373644	0.035058966899	0.0	0.0346320598291	0.033416723262	0.0478721640812	0.0398897711997	0.0393563971302	0.0404445654834	0.0527602608993	0.043786884873	0.0613282793606	0.0587655985531	0.0548898181334	0.0532034733415	0.0432944925524	0.0611814692965	0.0847420206341	0.0740498938505	0.0789906003476	0.0742726898157	0.0744790294147	0.0586269318326	0.065980029153	0.0505940758189	0.0499638121991	0.0467732011325	0.0398758015463	0.0361558399098	0.0420700839396	0.0443211810981	0.0497665493156	0.0500469799787	0.0554116570739
TARA_058_DCM_0.22-3_G.snv.filtered.bam	0.0732180014714	0.0424848707666	0.045661767428	0.0440415586059	0.0482762427278	0.0456315089541	0.0429607289415	0.0416269602167	0.0385542649939	0.0442173891571	0.0390434636405	0.0437020548947	0.0456384696745	0.0474543931749	0.0430106884664	0.0439715811344	0.035669597757	0.0346320598291	0.0	0.0349488031291	0.048217966769	0.0404794013676	0.0400107159705	0.0411102752486	0.053143147424	0.0457337180609	0.062028078506	0.0574132906546	0.0535851401992	0.0530938422106	0.0450711119744	0.0607309204022	0.0853501259117	0.074291061354	0.0793856342822	0.0733966432953	0.0752345574829	0.0572992833032	0.0652898044434	0.0524009826483	0.0492608965786	0.0465272917848	0.0411936969188	0.0403436317663	0.0428253708892	0.0446800427259	0.0485668169245	0.0501606023143	0.0542259358695
TARA_062_SRF_0.22-3_G.snv.filtered.bam	0.0706780304435	0.040894924207	0.0435189762461	0.0411910332187	0.0452938675998	0.0463918612008	0.0422206870557	0.0387525967507	0.0376506961993	0.0424512739488	0.0374477558267	0.0413322771146	0.0452973096681	0.0463862417682	0.0431665801676	0.0441363415846	0.034889444642	0.033416723262	0.0349488031291	0.0	0.0472182980459	0.0383388987758	0.0373850429533	0.0380860505631	0.0527819675913	0.0448021154709	0.060739231456	0.0566051939344	0.0531148576539	0.0521094567637	0.0435926698416	0.0606864739599	0.0837278792539	0.0746134299562	0.0779622693206	0.0729870814399	0.0738552890068	0.0582447141332	0.0648724699796	0.051316842438	0.049924690391	0.0469339378806	0.0393893295718	0.0382895417632	0.0408826937245	0.0440246648112	0.0484338720618	0.0505520752526	0.0539807657825
TARA_064_DCM_0.22-3_G.snv.filtered.bam	0.0721211632833	0.0457467777471	0.0481728355386	0.0469698362029	0.0534926722781	0.053135272762	0.0518193595112	0.0482208928343	0.0471798223629	0.0502672498277	0.0468313240699	0.0480766493263	0.0482348570757	0.0479192488856	0.040526013253	0.046119788855	0.0464187271945	0.0478721640812	0.048217966769	0.0472182980459	0.0	0.0394766601127	0.0436262883379	0.0443698542968	0.0485461508809	0.0461550637878	0.0585165610383	0.0531965274147	0.0513386815191	0.0546097312959	0.0508724340107	0.0559301081646	0.0828787816382	0.0720916453778	0.0742326783248	0.0714675582572	0.071143237518	0.0573422837606	0.0646867696653	0.0503875085881	0.05168876641	0.0458584508953	0.0530479934877	0.0483499667673	0.0457160031691	0.0446261489053	0.0487982249431	0.0480188958945	0.0525012991992
TARA_064_SRF_0.22-3_G.snv.filtered.bam	0.0701874306575	0.0354302127504	0.0407799488967	0.0391686026458	0.0479526696094	0.0485437862844	0.0462605960696	0.0431857447478	0.0384553486289	0.0424209593861	0.0374660984877	0.0411446085939	0.0410759502528	0.0400660809368	0.0335473639066	0.0397785350129	0.0378426671459	0.0398897711997	0.0404794013676	0.0383388987758	0.0394766601127	0.0	0.0346233251555	0.0364193196938	0.0463732365533	0.0372741889297	0.0534402888086	0.0513413926419	0.0436780660723	0.0525567265846	0.0446304852336	0.0490929653916	0.0793715156472	0.0707121618027	0.0729816872278	0.0663951664497	0.0697895570381	0.0522075526276	0.0608235007968	0.0438961344725	0.0482532561267	0.0402904923498	0.0491984720877	0.040534242342	0.0359777751556	0.0358050258427	0.041474570059	0.0391532977306	0.0485403417098
TARA_065_DCM_0.22-3_G.snv.filtered.bam	0.0671877337187	0.0388490222429	0.0416578675669	0.0400230808501	0.0470231713861	0.0464556906006	0.0433825869352	0.0419139089705	0.0371423619225	0.0431974368608	0.03662097155	0.0411222483921	0.0440326292445	0.0442017282693	0.0371979565976	0.0406446464195	0.0388754257372	0.0393563971302	0.0400107159705	0.0373850429533	0.0436262883379	0.0346233251555	0.0	0.0383520158013	0.0479743452985	0.0421280800714	0.0560281322463	0.0523624155191	0.0492284667954	0.0496069957332	0.0435445153155	0.0558099999752	0.081912370443	0.0713326510862	0.0750825609597	0.069454090682	0.0716469895724	0.0538650968916	0.0632649624204	0.0463803018042	0.0480549382039	0.0449850326322	0.0449756910829	0.0397158109574	0.0384209301834	0.0395652803931	0.0453514283224	0.0467083361943	0.0507578645389
TARA_065_SRF_0.22-3_G.snv.filtered.bam	0.0702458957351	0.0406752166857	0.0436617398629	0.041239958492	0.0487084382144	0.04630097979	0.0450544392588	0.0427504296178	0.0402160965085	0.0452253582573	0.0415592567225	0.0442770754669	0.0458714137768	0.0440287646601	0.0412632966952	0.0433008654647	0.039374225162	0.0404445654834	0.0411102752486	0.0380860505631	0.0443698542968	0.0364193196938	0.0383520158013	0.0	0.0482699308851	0.0422861422427	0.0566454587643	0.054897632648	0.0498835083628	0.053661796036	0.0467869431051	0.0568085196174	0.0828457880172	0.0722373424625	0.0752355450881	0.0705882752688	0.0712027347209	0.0560137907905	0.0631962539726	0.0495043461401	0.0498873566624	0.0445099304705	0.0466675222349	0.0422850865574	0.039091070277	0.0399835627237	0.0449346039022	0.0433979489824	0.0503808816754
TARA_072_DCM_0.22-3_G.snv.filtered.bam	0.0661537008529	0.0487867585029	0.0489584089656	0.0491994900492	0.0541555303713	0.05579177863	0.0553203754586	0.0510624455382	0.0495864281683	0.0545661956483	0.0491514411721	0.0512390378282	0.050932295735	0.0486056769678	0.0424682790872	0.0493591641607	0.0505742186962	0.0527602608993	0.053143147424	0.0527819675913	0.0485461508809	0.0463732365533	0.0479743452985	0.0482699308851	0.0	0.0453948331581	0.0573721077201	0.0518969894579	0.0494762963047	0.0544728677076	0.0539582687821	0.0546978266913	0.0820490147857	0.0738837306896	0.0746393402572	0.0696071987012	0.0713809293519	0.0553911357105	0.065212869302	0.0472738217999	0.05438563483	0.0476906950485	0.0572556432134	0.0510752073351	0.0460496923988	0.0454127565585	0.0493184135759	0.0507515225059	0.053109086841
TARA_072_SRF_0.22-3_G.snv.filtered.bam	0.0660595768939	0.0378666602489	0.0388854997993	0.0386454035474	0.045857849988	0.0481257650023	0.0487852008369	0.0443880791397	0.0422127059709	0.0424149984647	0.0419724981374	0.0394701082899	0.0403682619147	0.0377868210248	0.0357420631774	0.0373628850053	0.0406932231941	0.043786884873	0.0457337180609	0.0448021154709	0.0461550637878	0.0372741889297	0.0421280800714	0.0422861422427	0.0453948331581	0.0	0.0530569798403	0.0533271592691	0.0498260234671	0.0500525074777	0.0444190296671	0.0517664988169	0.0816390440051	0.0714561545143	0.0741709207734	0.0693152595858	0.0722931095269	0.054506961161	0.0639784709915	0.0412873755496	0.0468267388445	0.0411343130593	0.0504313503986	0.040924107532	0.0395104253362	0.0394798755884	0.0457617831333	0.0452901060257	0.0510758136116
TARA_076_SRF_0.22-3_G.snv.filtered.bam	0.0758526148203	0.0581761507252	0.0571177965225	0.0592882426446	0.0650301902227	0.064188149986	0.0658266137713	0.060623600577	0.0604324821956	0.0616064434818	0.0588087345537	0.0585764698974	0.0600877956144	0.0569866663845	0.051138045211	0.0576771650122	0.0578146872617	0.0613282793606	0.062028078506	0.060739231456	0.0585165610383	0.0534402888086	0.0560281322463	0.0566454587643	0.0573721077201	0.0530569798403	0.0	0.0586458427562	0.057117203982	0.0636847127231	0.0622792988186	0.0558715813981	0.0863401259229	0.0779782353848	0.0801718229394	0.0776643910582	0.0784412672962	0.0677032942957	0.0735959140995	0.0551909912063	0.0613205888096	0.0569575133139	0.0646842151733	0.0589881961971	0.0547914973291	0.05369720125	0.0583804781961	0.0579870587371	0.0594460909067
TARA_078_DCM_0.22-3_G.snv.filtered.bam	0.0704002933769	0.055937489869	0.0559348786428	0.0556481300905	0.0617155961495	0.0608271187544	0.059381446915	0.055484155137	0.0550173233725	0.0604815555907	0.054611466724	0.0585990467585	0.0601423162528	0.0574230188735	0.049298119421	0.0563691015437	0.0565165062656	0.0587655985531	0.0574132906546	0.0566051939344	0.0531965274147	0.0513413926419	0.0523624155191	0.054897632648	0.0518969894579	0.0533271592691	0.0586458427562	0.0	0.0447674583985	0.0598889301096	0.0591445444735	0.0557554280381	0.0804766177	0.0708274884171	0.0745098024543	0.0702292957621	0.0705650789233	0.0591071020376	0.0678722113651	0.0524842205973	0.0589113255485	0.0543912286988	0.0598648190527	0.0559878094089	0.0513494026019	0.0482805325048	0.0504897227583	0.0524169990866	0.0518619518365
TARA_078_SRF_0.22-3_G.snv.filtered.bam	0.070991279344	0.0514359338566	0.0525319629074	0.0524460440348	0.0605727514853	0.0597088247156	0.0554261384519	0.0538830935453	0.0512866744862	0.0571194312246	0.0514445979225	0.0553298587265	0.0552182975951	0.0530620292109	0.0452397676926	0.0528023452492	0.0521346316858	0.0548898181334	0.0535851401992	0.0531148576539	0.0513386815191	0.0436780660723	0.0492284667954	0.0498835083628	0.0494762963047	0.0498260234671	0.057117203982	0.0447674583985	0.0	0.0586851527828	0.0567297399868	0.0497715976078	0.0796512630336	0.072619370824	0.0724075770728	0.0688951342073	0.0719853427439	0.0584375447347	0.0673467302963	0.0495775903032	0.0584526379528	0.0505435891919	0.05824433349	0.0538702605924	0.0475462447479	0.0470787951579	0.046407067735	0.0450053388202	0.0458447564911
TARA_109_DCM_0.22-3_G.snv.filtered.bam	0.0717656857724	0.0521415059252	0.0533307025167	0.051223188944	0.0542051416127	0.0540104760317	0.0514068611584	0.0505456007978	0.0489583239222	0.0531407485739	0.0496644159863	0.0514458938693	0.0519634648061	0.0523099645103	0.0477323641704	0.0486026558376	0.0520072912349	0.0532034733415	0.0530938422106	0.0521094567637	0.0546097312959	0.0525567265846	0.0496069957332	0.053661796036	0.0544728677076	0.0500525074777	0.0636847127231	0.0598889301096	0.0586851527828	0.0	0.0387473771742	0.0618589734948	0.0772937780021	0.0653521596201	0.0670425744245	0.0651676998028	0.0666311089714	0.052302381742	0.0609869012348	0.0553672919928	0.045502371943	0.0466888789412	0.0526328860416	0.0486145543916	0.0497535058153	0.0513556704411	0.0531242882006	0.057172427881	0.0579246885586
TARA_109_SRF_0.22-3_G.snv.filtered.bam	0.0641166413064	0.0426500749532	0.0457416385604	0.0424450325957	0.04608531943	0.0462492739784	0.0443858726349	0.0427741817708	0.0407369551715	0.0416919832495	0.0401608771085	0.041780886463	0.0435792711864	0.0443152694015	0.0423333410976	0.0401341258864	0.0436617940195	0.0432944925524	0.0450711119744	0.0435926698416	0.0508724340107	0.0446304852336	0.0435445153155	0.0467869431051	0.0539582687821	0.0444190296671	0.0622792988186	0.0591445444735	0.0567297399868	0.0387473771742	0.0	0.0600008219685	0.0837373023206	0.0730511587397	0.0760180767855	0.0709676753033	0.0723343350354	0.0550347982846	0.0642768664167	0.0495018879408	0.0399908806285	0.0431569769237	0.0459764049796	0.0398013312197	0.0441418423746	0.0466161278261	0.0514331488436	0.0532473766609	0.0566888819988
TARA_112_SRF_0.22-3_G.snv.filtered.bam	0.0762748586451	0.0567825237	0.0571933288664	0.0591610852314	0.0672547550576	0.0677038461496	0.0651266265652	0.0613666827609	0.060157573966	0.0634825712531	0.0588466202304	0.0604311525625	0.0595784777967	0.0556397723052	0.0493461095329	0.0567580671966	0.0574618894283	0.0611814692965	0.0607309204022	0.0606864739599	0.0559301081646	0.0490929653916	0.0558099999752	0.0568085196174	0.0546978266913	0.0517664988169	0.0558715813981	0.0557554280381	0.0497715976078	0.0618589734948	0.0600008219685	0.0	0.0822150278526	0.0733378575029	0.0743347139161	0.0697377314368	0.0717579417463	0.0630516720954	0.0693796838051	0.0521593682566	0.0647184266632	0.0547345513301	0.064819263455	0.0607684054512	0.0549565087852	0.0537231687741	0.0561489040388	0.0529389961756	0.0573229373715
TARA_122_SRF_0.22-3_G.snv.filtered.bam	0.0985651339311	0.0830523306976	0.0826400128271	0.0847176135537	0.0897539949645	0.0908138900868	0.0820359948834	0.0815747081425	0.079976892593	0.0892418722718	0.0818145304917	0.0860833231442	0.0870325040149	0.0858136188043	0.0771681909298	0.0817015251103	0.0841701777574	0.0847420206341	0.0853501259117	0.0837278792539	0.0828787816382	0.0793715156472	0.081912370443	0.0828457880172	0.0820490147857	0.0816390440051	0.0863401259229	0.0804766177	0.0796512630336	0.0772937780021	0.0837373023206	0.0822150278526	0.0	0.0406401965786	0.0455953424928	0.0387713563232	0.0423111488523	0.0617489390038	0.0577341932098	0.0818477647826	0.0829983385049	0.0777724493149	0.0848876158874	0.0838297080174	0.0805403598134	0.0804914299237	0.0819924909408	0.0817219636253	0.0819896128781
TARA_123_SRF_0.22-3_G.snv.filtered.bam	0.0845991444947	0.0730430630375	0.0715309851705	0.0738631319549	0.0769356448348	0.0786503156858	0.0723436268733	0.0698120732629	0.0717832297939	0.0781241975588	0.0720230117524	0.0746461170249	0.0767788627168	0.0742926068247	0.0661328114192	0.0691159042384	0.0730405065434	0.0740498938505	0.074291061354	0.0746134299562	0.0720916453778	0.0707121618027	0.0713326510862	0.0722373424625	0.0738837306896	0.0714561545143	0.0779782353848	0.0708274884171	0.072619370824	0.0653521596201	0.0730511587397	0.0733378575029	0.0406401965786	0.0	0.0387614103955	0.0325131090317	0.0350941896494	0.0502621492773	0.0498023354661	0.0717203757057	0.0721747218103	0.0659171138399	0.0755711802512	0.0735552327007	0.0707951141588	0.0709051232673	0.0725515345109	0.0741265414197	0.0726474879541
TARA_124_MIX_0.22-3_G.snv.filtered.bam	0.0876523357231	0.0765066947085	0.0753642719723	0.0763638742184	0.0815975663929	0.0819379795914	0.0744224907866	0.0751907138419	0.074312008508	0.0809006619028	0.0754410718624	0.0769920438724	0.0796425689479	0.0771129544709	0.0702043141262	0.0731299951202	0.0778391275189	0.0789906003476	0.0793856342822	0.0779622693206	0.0742326783248	0.0729816872278	0.0750825609597	0.0752355450881	0.0746393402572	0.0741709207734	0.0801718229394	0.0745098024543	0.0724075770728	0.0670425744245	0.0760180767855	0.0743347139161	0.0455953424928	0.0387614103955	0.0	0.0377895027468	0.0428573103925	0.055505664079	0.0495057667856	0.074462315386	0.0761053234037	0.0690970219558	0.0790561520163	0.0767466625692	0.0739142980553	0.0728476059688	0.0748127228954	0.0745233806614	0.0739215084197
TARA_124_SRF_0.22-3_G.snv.filtered.bam	0.087213315941	0.0703300829239	0.0704178308496	0.0724950362699	0.0780578056229	0.0786661973886	0.0719250632413	0.0715091081319	0.0692554796001	0.0773142658695	0.0699390793201	0.0736375691398	0.0747356085075	0.073287634562	0.0639109577597	0.0687494673733	0.0722716527358	0.0742726898157	0.0733966432953	0.0729870814399	0.0714675582572	0.0663951664497	0.069454090682	0.0705882752688	0.0696071987012	0.0693152595858	0.0776643910582	0.0702292957621	0.0688951342073	0.0651676998028	0.0709676753033	0.0697377314368	0.0387713563232	0.0325131090317	0.0377895027468	0.0	0.0353111537757	0.0493456170389	0.0477632756758	0.06945693856	0.0723304580443	0.0644712542286	0.0751285054204	0.0730203611755	0.0683686613592	0.0684760845184	0.0700170612307	0.0709041066961	0.070499508128
TARA_125_SRF_0.22-3_G.snv.filtered.bam	0.0855619134333	0.0727807204497	0.0713481451509	0.073402329367	0.0781740136806	0.0787125627044	0.0714990817967	0.0707840138906	0.0700707319432	0.0782981739837	0.0708734636279	0.0751551212119	0.0758053322052	0.0754306286043	0.0665366607573	0.0704684218435	0.0728307986119	0.0744790294147	0.0752345574829	0.0738552890068	0.071143237518	0.0697895570381	0.0716469895724	0.0712027347209	0.0713809293519	0.0722931095269	0.0784412672962	0.0705650789233	0.0719853427439	0.0666311089714	0.0723343350354	0.0717579417463	0.0423111488523	0.0350941896494	0.0428573103925	0.0353111537757	0.0	0.0515165979644	0.0503550201224	0.0711727824398	0.0706020805815	0.0652094135139	0.0761741426613	0.0733228571227	0.0699871290231	0.069446514833	0.0710344067183	0.0727275669429	0.07121960113
TARA_128_DCM_0.22-3_G.snv.filtered.bam	0.071416871244	0.0538661821902	0.0542967528357	0.0553055118211	0.0607879085404	0.0611157935361	0.0547178462635	0.0547802043474	0.0540137602297	0.0610589474299	0.0540318806279	0.0583460928258	0.0596568367374	0.0582772832925	0.0499035922895	0.0512677651852	0.0563436706987	0.0586269318326	0.0572992833032	0.0582447141332	0.0573422837606	0.0522075526276	0.0538650968916	0.0560137907905	0.0553911357105	0.054506961161	0.0677032942957	0.0591071020376	0.0584375447347	0.052302381742	0.0550347982846	0.0630516720954	0.0617489390038	0.0502621492773	0.055505664079	0.0493456170389	0.0515165979644	0.0	0.0421904616634	0.057684482078	0.0565946104474	0.0481359725647	0.0620216322769	0.0573884921668	0.0534261875417	0.0547301772331	0.0583454760837	0.0587803979755	0.0585956168431
TARA_128_SRF_0.22-3_G.snv.filtered.bam	0.0841208903097	0.0638267483015	0.0655092523601	0.0662229165383	0.0717618302368	0.0724701432894	0.0637345504175	0.0644652442453	0.0628039359711	0.0682995331559	0.0623916238484	0.067071842879	0.0688355947459	0.0661521390668	0.0596466814416	0.0623267885142	0.0658571317164	0.065980029153	0.0652898044434	0.0648724699796	0.0646867696653	0.0608235007968	0.0632649624204	0.0631962539726	0.065212869302	0.0639784709915	0.0735959140995	0.0678722113651	0.0673467302963	0.0609869012348	0.0642768664167	0.0693796838051	0.0577341932098	0.0498023354661	0.0495057667856	0.0477632756758	0.0503550201224	0.0421904616634	0.0	0.0670385019241	0.0635748765531	0.0594158545009	0.0696061650218	0.066649495427	0.0637853711456	0.0621258397228	0.0640809571457	0.0657333257668	0.065282667587
TARA_132_SRF_0.22-3_G.snv.filtered.bam	0.0641404943059	0.0460084359917	0.046551000765	0.0471047004573	0.0517797775339	0.0540375157323	0.0541070459787	0.0497892017714	0.0479274975692	0.0495867865531	0.0480748198722	0.0467971768385	0.047003110025	0.0444486754289	0.0419085593176	0.0453626277448	0.0471472887541	0.0505940758189	0.0524009826483	0.051316842438	0.0503875085881	0.0438961344725	0.0463803018042	0.0495043461401	0.0472738217999	0.0412873755496	0.0551909912063	0.0524842205973	0.0495775903032	0.0553672919928	0.0495018879408	0.0521593682566	0.0818477647826	0.0717203757057	0.074462315386	0.06945693856	0.0711727824398	0.057684482078	0.0670385019241	0.0	0.0541002238071	0.0478251535233	0.0546521783921	0.0464129343184	0.0448117522499	0.0427570378511	0.0497426911971	0.0505219008466	0.0539467602818
TARA_137_SRF_0.22-3_G.snv.filtered.bam	0.0704641579415	0.0472601145475	0.0486859020314	0.0492529758643	0.0529966566279	0.0531366585754	0.050685328944	0.048023345503	0.0475424359944	0.0488807341038	0.0460991616754	0.0476495632678	0.0488477646361	0.04937301138	0.0437354097353	0.04456391641	0.0491850537287	0.0499638121991	0.0492608965786	0.049924690391	0.05168876641	0.0482532561267	0.0480549382039	0.0498873566624	0.05438563483	0.0468267388445	0.0613205888096	0.0589113255485	0.0584526379528	0.045502371943	0.0399908806285	0.0647184266632	0.0829983385049	0.0721747218103	0.0761053234037	0.0723304580443	0.0706020805815	0.0565946104474	0.0635748765531	0.0541002238071	0.0	0.043573989208	0.0502271634118	0.0461664301658	0.0477121472526	0.0496303496154	0.0512577370914	0.0540654906714	0.0547091981579
TARA_138_SRF_0.22-3_G.snv.filtered.bam	0.0671695716944	0.0419671215548	0.0422959028707	0.0419952077848	0.0496531216992	0.0509569715649	0.0468149022999	0.0461142182887	0.0441976622409	0.0461237691246	0.0423900701609	0.0420180836168	0.0421464225126	0.0431485971798	0.0372496490373	0.03729906932	0.0427980891968	0.0467732011325	0.0465272917848	0.0469339378806	0.0458584508953	0.0402904923498	0.0449850326322	0.0445099304705	0.0476906950485	0.0411343130593	0.0569575133139	0.0543912286988	0.0505435891919	0.0466888789412	0.0431569769237	0.0547345513301	0.0777724493149	0.0659171138399	0.0690970219558	0.0644712542286	0.0652094135139	0.0481359725647	0.0594158545009	0.0478251535233	0.043573989208	0.0	0.0514974914914	0.0427233984856	0.0421609580394	0.0416291087872	0.0480983706844	0.0487247416901	0.0514575360634
TARA_140_SRF_0.22-3_G.snv.filtered.bam	0.0660195556828	0.0494861609048	0.0495380429406	0.0462045134442	0.0483648983312	0.0469619860741	0.0459345222429	0.0403227304832	0.0405668043581	0.0482822791569	0.0430015185869	0.0472566071932	0.049638884259	0.0510639424913	0.0484459788864	0.0493895834057	0.0423869532432	0.0398758015463	0.0411936969188	0.0393893295718	0.0530479934877	0.0491984720877	0.0449756910829	0.0466675222349	0.0572556432134	0.0504313503986	0.0646842151733	0.0598648190527	0.05824433349	0.0526328860416	0.0459764049796	0.064819263455	0.0848876158874	0.0755711802512	0.0790561520163	0.0751285054204	0.0761741426613	0.0620216322769	0.0696061650218	0.0546521783921	0.0502271634118	0.0514974914914	0.0	0.0408269853465	0.0491348922569	0.0501117581424	0.0545418197583	0.0563893556688	0.0590544788407
TARA_141_SRF_0.22-3_G.snv.filtered.bam	0.0623630724442	0.0372713616364	0.0390451573066	0.035940670296	0.0381443998428	0.0402523920088	0.0439926126357	0.03663262145	0.0359941050494	0.0361936724453	0.0368912391865	0.0358015609368	0.039047297048	0.0395477883816	0.0405507695957	0.0375141767592	0.0366131182241	0.0361558399098	0.0403436317663	0.0382895417632	0.0483499667673	0.040534242342	0.0397158109574	0.0422850865574	0.0510752073351	0.040924107532	0.0589881961971	0.0559878094089	0.0538702605924	0.0486145543916	0.0398013312197	0.0607684054512	0.0838297080174	0.0735552327007	0.0767466625692	0.0730203611755	0.0733228571227	0.0573884921668	0.066649495427	0.0464129343184	0.0461664301658	0.0427233984856	0.0408269853465	0.0	0.0372108648161	0.0389703570975	0.0490801626879	0.0500185712295	0.0556347765488
TARA_142_DCM_0.22-3_G.snv.filtered.bam	0.0662280520189	0.0376091132639	0.0393356466843	0.0397998195787	0.0457150448583	0.0478547310054	0.0453573455761	0.0408213436031	0.0378088412647	0.0425659982912	0.0379150166712	0.0411265572121	0.0418524826921	0.0421406688828	0.0354197742042	0.0389915378982	0.0403663496412	0.0420700839396	0.0428253708892	0.0408826937245	0.0457160031691	0.0359777751556	0.0384209301834	0.039091070277	0.0460496923988	0.0395104253362	0.0547914973291	0.0513494026019	0.0475462447479	0.0497535058153	0.0441418423746	0.0549565087852	0.0805403598134	0.0707951141588	0.0739142980553	0.0683686613592	0.0699871290231	0.0534261875417	0.0637853711456	0.0448117522499	0.0477121472526	0.0421609580394	0.0491348922569	0.0372108648161	0.0	0.0283472663313	0.039583385461	0.039771512566	0.0483776716343
TARA_142_SRF_0.22-3_G.snv.filtered.bam	0.066310229388	0.0392091311307	0.0396955823789	0.0399587383675	0.0478035162409	0.0475408951503	0.0465250023751	0.0431614807206	0.0392478780325	0.0442746212961	0.0403221428261	0.0412539132558	0.0418911142959	0.0414949063459	0.0365979709354	0.0389435152651	0.0411832158319	0.0443211810981	0.0446800427259	0.0440246648112	0.0446261489053	0.0358050258427	0.0395652803931	0.0399835627237	0.0454127565585	0.0394798755884	0.05369720125	0.0482805325048	0.0470787951579	0.0513556704411	0.0466161278261	0.0537231687741	0.0804914299237	0.0709051232673	0.0728476059688	0.0684760845184	0.069446514833	0.0547301772331	0.0621258397228	0.0427570378511	0.0496303496154	0.0416291087872	0.0501117581424	0.0389703570975	0.0283472663313	0.0	0.0393382249497	0.038542892055	0.0477455615726
TARA_146_SRF_0.22-3_G.snv.filtered.bam	0.0746468020894	0.0468720420148	0.0489422920203	0.0494971940594	0.0560671241107	0.056720131802	0.0523387140898	0.0491363545259	0.0457357405164	0.0514337602385	0.0466664980893	0.0506504359372	0.0513126965182	0.0492954619417	0.0427220931659	0.0470975552959	0.046276152959	0.0497665493156	0.0485668169245	0.0484338720618	0.0487982249431	0.041474570059	0.0453514283224	0.0449346039022	0.0493184135759	0.0457617831333	0.0583804781961	0.0504897227583	0.046407067735	0.0531242882006	0.0514331488436	0.0561489040388	0.0819924909408	0.0725515345109	0.0748127228954	0.0700170612307	0.0710344067183	0.0583454760837	0.0640809571457	0.0497426911971	0.0512577370914	0.0480983706844	0.0545418197583	0.0490801626879	0.039583385461	0.0393382249497	0.0	0.0402188307624	0.0471084133767
