	TARA_056_MES_0.22-3_G.snv.filtered.bam	TARA_064_MES_0.22-3_G.snv.filtered.bam	TARA_065_MES_0.22-3_G.snv.filtered.bam	TARA_076_DCM_0.22-3_G.snv.filtered.bam	TARA_076_MES_0.22-3_G.snv.filtered.bam	TARA_122_MES_0.22-3_G.snv.filtered.bam
TARA_056_MES_0.22-3_G.snv.filtered.bam	0.0	0.0983280300855	0.0817644176317	0.55525664109	0.555996809076	0.406635813625
TARA_064_MES_0.22-3_G.snv.filtered.bam	0.0983280300855	0.0	0.114952131203	0.519898243289	0.520711671349	0.380960314773
TARA_065_MES_0.22-3_G.snv.filtered.bam	0.0817644176317	0.114952131203	0.0	0.533146601565	0.53404549971	0.386368327803
TARA_076_DCM_0.22-3_G.snv.filtered.bam	0.55525664109	0.519898243289	0.533146601565	0.0	0.0095729158794	0.178461861017
TARA_076_MES_0.22-3_G.snv.filtered.bam	0.555996809076	0.520711671349	0.53404549971	0.0095729158794	0.0	0.179757584559
TARA_122_MES_0.22-3_G.snv.filtered.bam	0.406635813625	0.380960314773	0.386368327803	0.178461861017	0.179757584559	0.0
