	TARA_065_MES_0.22-3_G.snv.filtered.bam	TARA_068_MES_0.22-3_G.snv.filtered.bam	TARA_070_MES_0.22-3_G.snv.filtered.bam	TARA_076_MES_0.22-3_G.snv.filtered.bam	TARA_078_MES_0.22-3_G.snv.filtered.bam	TARA_085_MES_0.22-3_G.snv.filtered.bam	TARA_098_MES_0.22-3_G.snv.filtered.bam	TARA_112_MES_0.22-3_G.snv.filtered.bam	TARA_132_MES_0.22-3_G.snv.filtered.bam	TARA_133_MES_0.22-3_G.snv.filtered.bam	TARA_145_MES_0.22-3_G.snv.filtered.bam	TARA_149_MES_0.22-3_G.snv.filtered.bam	TARA_152_MES_0.22-3_G.snv.filtered.bam
TARA_065_MES_0.22-3_G.snv.filtered.bam	0.0	0.0546803989453	0.0574451993468	0.0565673584583	0.0565744690954	0.0698804157468	0.0519720697033	0.058505941957	0.0506779974083	0.0560888240613	0.0561522085876	0.0562764662806	0.053155516895
TARA_068_MES_0.22-3_G.snv.filtered.bam	0.0546803989453	0.0	0.0546868136806	0.0493463869906	0.0469538874831	0.0630349554893	0.0549071946096	0.0540419406842	0.04782768106	0.0578891796586	0.047253099267	0.0597958383127	0.0575967067582
TARA_070_MES_0.22-3_G.snv.filtered.bam	0.0574451993468	0.0546868136806	0.0	0.0412475829987	0.049228028484	0.0490921900581	0.0588606040987	0.0471608919381	0.0545465762718	0.0534816561202	0.0436978585	0.0634395283105	0.0610201384203
TARA_076_MES_0.22-3_G.snv.filtered.bam	0.0565673584583	0.0493463869906	0.0412475829987	0.0	0.0401549927983	0.0442895556031	0.0550932977539	0.0429904649948	0.0500194305132	0.0539523275662	0.034910949153	0.0614551232062	0.0574356291201
TARA_078_MES_0.22-3_G.snv.filtered.bam	0.0565744690954	0.0469538874831	0.049228028484	0.0401549927983	0.0	0.0547030549013	0.05435029534	0.046818885343	0.0495814319503	0.0581454768891	0.0374376450972	0.0622341916965	0.0579584196346
TARA_085_MES_0.22-3_G.snv.filtered.bam	0.0698804157468	0.0630349554893	0.0490921900581	0.0442895556031	0.0547030549013	0.0	0.0710127355731	0.0558962988558	0.0652555096413	0.0668851024736	0.0479460304427	0.0735598751551	0.0714387972196
TARA_098_MES_0.22-3_G.snv.filtered.bam	0.0519720697033	0.0549071946096	0.0588606040987	0.0550932977539	0.05435029534	0.0710127355731	0.0	0.0557949985209	0.050096755775	0.0566484065832	0.056070795055	0.058523353503	0.0545862741845
TARA_112_MES_0.22-3_G.snv.filtered.bam	0.058505941957	0.0540419406842	0.0471608919381	0.0429904649948	0.046818885343	0.0558962988558	0.0557949985209	0.0	0.0532587159928	0.0563119969767	0.0450106377716	0.062993273128	0.0611305759877
TARA_132_MES_0.22-3_G.snv.filtered.bam	0.0506779974083	0.04782768106	0.0545465762718	0.0500194305132	0.0495814319503	0.0652555096413	0.050096755775	0.0532587159928	0.0	0.0547140046417	0.048738313123	0.0574289441079	0.0556262531605
TARA_133_MES_0.22-3_G.snv.filtered.bam	0.0560888240613	0.0578891796586	0.0534816561202	0.0539523275662	0.0581454768891	0.0668851024736	0.0566484065832	0.0563119969767	0.0547140046417	0.0	0.0557970695188	0.0614720497782	0.0590036952776
TARA_145_MES_0.22-3_G.snv.filtered.bam	0.0561522085876	0.047253099267	0.0436978585	0.034910949153	0.0374376450972	0.0479460304427	0.056070795055	0.0450106377716	0.048738313123	0.0557970695188	0.0	0.0624205029819	0.0582497760914
TARA_149_MES_0.22-3_G.snv.filtered.bam	0.0562764662806	0.0597958383127	0.0634395283105	0.0614551232062	0.0622341916965	0.0735598751551	0.058523353503	0.062993273128	0.0574289441079	0.0614720497782	0.0624205029819	0.0	0.0540072162802
TARA_152_MES_0.22-3_G.snv.filtered.bam	0.053155516895	0.0575967067582	0.0610201384203	0.0574356291201	0.0579584196346	0.0714387972196	0.0545862741845	0.0611305759877	0.0556262531605	0.0590036952776	0.0582497760914	0.0540072162802	0.0
