	TARA_031_SRF_0.22-1.6_G.snv.filtered.bam	TARA_032_DCM_0.22-1.6_G.snv.filtered.bam	TARA_032_SRF_0.22-1.6_G.snv.filtered.bam	TARA_033_SRF_0.22-1.6_G.snv.filtered.bam	TARA_034_SRF_0.22-1.6_G.snv.filtered.bam	TARA_039_DCM_0.22-1.6_G.snv.filtered.bam	TARA_041_SRF_0.22-1.6_G.snv.filtered.bam	TARA_042_SRF_0.22-1.6_G.snv.filtered.bam	TARA_045_SRF_0.22-1.6_G.snv.filtered.bam	TARA_048_SRF_0.22-1.6_G.snv.filtered.bam	TARA_052_DCM_0.22-1.6_G.snv.filtered.bam	TARA_052_SRF_0.22-1.6_G.snv.filtered.bam	TARA_056_SRF_0.22-3_G.snv.filtered.bam	TARA_057_SRF_0.22-3_G.snv.filtered.bam	TARA_058_DCM_0.22-3_G.snv.filtered.bam	TARA_062_SRF_0.22-3_G.snv.filtered.bam	TARA_064_SRF_0.22-3_G.snv.filtered.bam	TARA_065_DCM_0.22-3_G.snv.filtered.bam	TARA_072_SRF_0.22-3_G.snv.filtered.bam	TARA_109_DCM_0.22-3_G.snv.filtered.bam	TARA_109_SRF_0.22-3_G.snv.filtered.bam	TARA_124_SRF_0.22-3_G.snv.filtered.bam	TARA_137_SRF_0.22-3_G.snv.filtered.bam	TARA_138_SRF_0.22-3_G.snv.filtered.bam	TARA_141_SRF_0.22-3_G.snv.filtered.bam	TARA_142_DCM_0.22-3_G.snv.filtered.bam	TARA_142_SRF_0.22-3_G.snv.filtered.bam
TARA_031_SRF_0.22-1.6_G.snv.filtered.bam	0.0	0.0368814281969	0.0323259217889	0.0387276763434	0.0473700937469	0.0506948081433	0.0452350336975	0.0460898535463	0.0451828567979	0.0471518833092	0.0518337570775	0.0505857876934	0.0486014874312	0.050695905021	0.044600492368	0.0455630263139	0.0507642739281	0.0467591359605	0.0537698155408	0.0681115805	0.0585160722358	0.0758913977774	0.0651490774574	0.0540587976999	0.0459417458377	0.047959747424	0.0508307527638
TARA_032_DCM_0.22-1.6_G.snv.filtered.bam	0.0368814281969	0.0	0.0395908239603	0.0473210508024	0.0532385385556	0.0550136781763	0.0515289524076	0.049576723696	0.0511495418645	0.0513941300229	0.0564065700457	0.0546484944588	0.0539434447645	0.0550428921367	0.0541377443247	0.0530239852016	0.0567070071577	0.051738081614	0.05692622323	0.0721712634514	0.0634145507215	0.0807037191007	0.0679711577776	0.0578800009085	0.049707986406	0.0513430698074	0.0494885311439
TARA_032_SRF_0.22-1.6_G.snv.filtered.bam	0.0323259217889	0.0395908239603	0.0	0.0361110276449	0.0402985929972	0.0492686968438	0.05181499534	0.0487226596982	0.0479550479978	0.0513874156578	0.056136525039	0.0521426772169	0.0502916911712	0.0542974516838	0.048829988951	0.0486830631557	0.0538528058907	0.0465813163936	0.0542373663034	0.069234158276	0.0599904508929	0.0806170936578	0.0670508403424	0.0526155183747	0.0476446188019	0.0510335591572	0.0511180860158
TARA_033_SRF_0.22-1.6_G.snv.filtered.bam	0.0387276763434	0.0473210508024	0.0361110276449	0.0	0.0325558535259	0.0455329212874	0.049745118316	0.0461616487334	0.0511589981023	0.055130635286	0.0607844960133	0.0567214925498	0.0542707068175	0.0541755422482	0.0507048923685	0.0501355235599	0.0602196808515	0.0498538377188	0.0600311996368	0.0719663357382	0.0660332008861	0.0815961361015	0.0724602177199	0.0602888730746	0.0486841804466	0.0525656766842	0.0522238472172
TARA_034_SRF_0.22-1.6_G.snv.filtered.bam	0.0473700937469	0.0532385385556	0.0402985929972	0.0325558535259	0.0	0.0490105466559	0.0566637551339	0.0491397562729	0.0555653027529	0.0564578648551	0.0622532670634	0.0580574106766	0.0558603926927	0.0571078353474	0.0527200416726	0.0565726369464	0.0599843712382	0.0516299363024	0.0602692732308	0.0726439924909	0.0673839129187	0.0803476511761	0.0722761427106	0.0594123773352	0.0527854496205	0.0567049709027	0.0588001435255
TARA_039_DCM_0.22-1.6_G.snv.filtered.bam	0.0506948081433	0.0550136781763	0.0492686968438	0.0455329212874	0.0490105466559	0.0	0.04582702511	0.0436474203252	0.047358560454	0.0530534851384	0.0580042163959	0.0574470630107	0.0506394296538	0.0460781728359	0.0457108298371	0.0412665695004	0.0562674577396	0.044724162954	0.0585315417769	0.0695087608924	0.0607613982747	0.0776909864893	0.0670571419356	0.0568192522938	0.0404303482297	0.0452901006218	0.0533071997634
TARA_041_SRF_0.22-1.6_G.snv.filtered.bam	0.0452350336975	0.0515289524076	0.05181499534	0.049745118316	0.0566637551339	0.04582702511	0.0	0.0362170209007	0.0325842055377	0.0373080716138	0.0456986099049	0.0400860051083	0.037659730276	0.0375814499574	0.0369792506417	0.0388600809389	0.0510954635148	0.0441547924896	0.0476172992715	0.066541806175	0.0567932947328	0.0737624714184	0.0582456904913	0.0464283363568	0.0440225498405	0.0437856727512	0.0476028675274
TARA_042_SRF_0.22-1.6_G.snv.filtered.bam	0.0460898535463	0.049576723696	0.0487226596982	0.0461616487334	0.0491397562729	0.0436474203252	0.0362170209007	0.0	0.0362999423878	0.0384799134126	0.0458767473194	0.041591024224	0.0394664616559	0.0392762052394	0.0403644476807	0.0415005898829	0.0512392349244	0.0436322147874	0.0453014021591	0.0641360131305	0.0559912735859	0.0730710953629	0.0572562182321	0.0451095718567	0.0411933283003	0.0398123767491	0.0429520146008
TARA_045_SRF_0.22-1.6_G.snv.filtered.bam	0.0451828567979	0.0511495418645	0.0479550479978	0.0511589981023	0.0555653027529	0.047358560454	0.0325842055377	0.0362999423878	0.0	0.0304686347348	0.0424184548789	0.0326613458981	0.0352032007536	0.0362308848953	0.0324725092711	0.0388090908327	0.0460064712475	0.0426513071118	0.0422069891224	0.0655754345243	0.0528710185966	0.0710005700742	0.0564397852931	0.0415102719108	0.042334576594	0.0417307112777	0.0425661815101
TARA_048_SRF_0.22-1.6_G.snv.filtered.bam	0.0471518833092	0.0513941300229	0.0513874156578	0.055130635286	0.0564578648551	0.0530534851384	0.0373080716138	0.0384799134126	0.0304686347348	0.0	0.0370494581469	0.0299360964264	0.0328658683377	0.0384652598295	0.0388022163162	0.0452224180814	0.0463602498338	0.0455774844841	0.0386335002312	0.0636944588187	0.05184986357	0.0706981619155	0.0518547451768	0.0408169183613	0.046179058529	0.0424967947256	0.0428000647314
TARA_052_DCM_0.22-1.6_G.snv.filtered.bam	0.0518337570775	0.0564065700457	0.056136525039	0.0607844960133	0.0622532670634	0.0580042163959	0.0456986099049	0.0458767473194	0.0424184548789	0.0370494581469	0.0	0.0356709349666	0.0382832216931	0.0462768802993	0.0426510743999	0.0498028080921	0.0468787481525	0.0472136163641	0.042756461954	0.0649892777341	0.0532025978732	0.0716153799679	0.0534856280774	0.0427014151	0.0534325007718	0.0509220366599	0.0522225638834
TARA_052_SRF_0.22-1.6_G.snv.filtered.bam	0.0505857876934	0.0546484944588	0.0521426772169	0.0567214925498	0.0580574106766	0.0574470630107	0.0400860051083	0.041591024224	0.0326613458981	0.0299360964264	0.0356709349666	0.0	0.0342343428958	0.0392736453381	0.0383543650883	0.0477989085146	0.049352286855	0.0473282620406	0.0367143994884	0.0651223710105	0.0502305913932	0.0706934774827	0.0527068324554	0.0372593762185	0.0502981166042	0.0456022823906	0.0475060648676
TARA_056_SRF_0.22-3_G.snv.filtered.bam	0.0486014874312	0.0539434447645	0.0502916911712	0.0542707068175	0.0558603926927	0.0506394296538	0.037659730276	0.0394664616559	0.0352032007536	0.0328658683377	0.0382832216931	0.0342343428958	0.0	0.0366870142727	0.032048260684	0.0401962327323	0.0431302899894	0.0425057486083	0.0408744817725	0.0648712756776	0.0521373877212	0.0727198716769	0.0528029164567	0.0424135539561	0.0427362727523	0.0437898747369	0.0465759684387
TARA_057_SRF_0.22-3_G.snv.filtered.bam	0.050695905021	0.0550428921367	0.0542974516838	0.0541755422482	0.0571078353474	0.0460781728359	0.0375814499574	0.0392762052394	0.0362308848953	0.0384652598295	0.0462768802993	0.0392736453381	0.0366870142727	0.0	0.0376315328223	0.0409898129223	0.0486152553834	0.0415417458836	0.047783091473	0.0685168859008	0.0569792272194	0.0759738554911	0.0602041773943	0.0460176246766	0.0399722661297	0.0377169185155	0.0439052936955
TARA_058_DCM_0.22-3_G.snv.filtered.bam	0.044600492368	0.0541377443247	0.048829988951	0.0507048923685	0.0527200416726	0.0457108298371	0.0369792506417	0.0403644476807	0.0324725092711	0.0388022163162	0.0426510743999	0.0383543650883	0.032048260684	0.0376315328223	0.0	0.0327408574852	0.0435891595552	0.040970352097	0.0443299995999	0.0645464678612	0.0515284416458	0.0731609145968	0.0585593557882	0.0453138119274	0.0421809063362	0.0441200646069	0.047854768049
TARA_062_SRF_0.22-3_G.snv.filtered.bam	0.0455630263139	0.0530239852016	0.0486830631557	0.0501355235599	0.0565726369464	0.0412665695004	0.0388600809389	0.0415005898829	0.0388090908327	0.0452224180814	0.0498028080921	0.0477989085146	0.0401962327323	0.0409898129223	0.0327408574852	0.0	0.0489661169983	0.0418036302494	0.0521183474521	0.0682764486765	0.05739960716	0.0742780434617	0.0634776846727	0.0516382474462	0.0420243322967	0.0455828562434	0.0491551668698
TARA_064_SRF_0.22-3_G.snv.filtered.bam	0.0507642739281	0.0567070071577	0.0538528058907	0.0602196808515	0.0599843712382	0.0562674577396	0.0510954635148	0.0512392349244	0.0460064712475	0.0463602498338	0.0468787481525	0.049352286855	0.0431302899894	0.0486152553834	0.0435891595552	0.0489661169983	0.0	0.0483705323302	0.0508568709365	0.064436803732	0.0554204019169	0.0727312457171	0.061931064447	0.0510289379961	0.0508699814866	0.0489883731966	0.049152134564
TARA_065_DCM_0.22-3_G.snv.filtered.bam	0.0467591359605	0.051738081614	0.0465813163936	0.0498538377188	0.0516299363024	0.044724162954	0.0441547924896	0.0436322147874	0.0426513071118	0.0455774844841	0.0472136163641	0.0473282620406	0.0425057486083	0.0415417458836	0.040970352097	0.0418036302494	0.0483705323302	0.0	0.047862667758	0.0617406966923	0.0544752584345	0.067697654157	0.0611795710439	0.0471254403916	0.0400388526727	0.041761975346	0.0454234755046
TARA_072_SRF_0.22-3_G.snv.filtered.bam	0.0537698155408	0.05692622323	0.0542373663034	0.0600311996368	0.0602692732308	0.0585315417769	0.0476172992715	0.0453014021591	0.0422069891224	0.0386335002312	0.042756461954	0.0367143994884	0.0408744817725	0.047783091473	0.0443299995999	0.0521183474521	0.0508568709365	0.047862667758	0.0	0.0640236883769	0.0527021782413	0.0709457626967	0.0539948491506	0.0403992141058	0.0534821586571	0.0481632502015	0.049192883274
TARA_109_DCM_0.22-3_G.snv.filtered.bam	0.0681115805	0.0721712634514	0.069234158276	0.0719663357382	0.0726439924909	0.0695087608924	0.066541806175	0.0641360131305	0.0655754345243	0.0636944588187	0.0649892777341	0.0651223710105	0.0648712756776	0.0685168859008	0.0645464678612	0.0682764486765	0.064436803732	0.0617406966923	0.0640236883769	0.0	0.0403407456758	0.0702475434308	0.0538256202015	0.0595230868825	0.068820055335	0.0647105030742	0.0678344289721
TARA_109_SRF_0.22-3_G.snv.filtered.bam	0.0585160722358	0.0634145507215	0.0599904508929	0.0660332008861	0.0673839129187	0.0607613982747	0.0567932947328	0.0559912735859	0.0528710185966	0.05184986357	0.0532025978732	0.0502305913932	0.0521373877212	0.0569792272194	0.0515284416458	0.05739960716	0.0554204019169	0.0544752584345	0.0527021782413	0.0403407456758	0.0	0.0736487234432	0.0421444564724	0.0457921423417	0.0605394810079	0.0571555500669	0.0614316500101
TARA_124_SRF_0.22-3_G.snv.filtered.bam	0.0758913977774	0.0807037191007	0.0806170936578	0.0815961361015	0.0803476511761	0.0776909864893	0.0737624714184	0.0730710953629	0.0710005700742	0.0706981619155	0.0716153799679	0.0706934774827	0.0727198716769	0.0759738554911	0.0731609145968	0.0742780434617	0.0727312457171	0.067697654157	0.0709457626967	0.0702475434308	0.0736487234432	0.0	0.0763517021028	0.0687817263325	0.0766138509554	0.0717605529869	0.0741005248849
TARA_137_SRF_0.22-3_G.snv.filtered.bam	0.0651490774574	0.0679711577776	0.0670508403424	0.0724602177199	0.0722761427106	0.0670571419356	0.0582456904913	0.0572562182321	0.0564397852931	0.0518547451768	0.0534856280774	0.0527068324554	0.0528029164567	0.0602041773943	0.0585593557882	0.0634776846727	0.061931064447	0.0611795710439	0.0539948491506	0.0538256202015	0.0421444564724	0.0763517021028	0.0	0.0494847332343	0.0670102620792	0.0626276601208	0.0643769754058
TARA_138_SRF_0.22-3_G.snv.filtered.bam	0.0540587976999	0.0578800009085	0.0526155183747	0.0602888730746	0.0594123773352	0.0568192522938	0.0464283363568	0.0451095718567	0.0415102719108	0.0408169183613	0.0427014151	0.0372593762185	0.0424135539561	0.0460176246766	0.0453138119274	0.0516382474462	0.0510289379961	0.0471254403916	0.0403992141058	0.0595230868825	0.0457921423417	0.0687817263325	0.0494847332343	0.0	0.0531756341882	0.0482842485326	0.0516929171148
TARA_141_SRF_0.22-3_G.snv.filtered.bam	0.0459417458377	0.049707986406	0.0476446188019	0.0486841804466	0.0527854496205	0.0404303482297	0.0440225498405	0.0411933283003	0.042334576594	0.046179058529	0.0534325007718	0.0502981166042	0.0427362727523	0.0399722661297	0.0421809063362	0.0420243322967	0.0508699814866	0.0400388526727	0.0534821586571	0.068820055335	0.0605394810079	0.0766138509554	0.0670102620792	0.0531756341882	0.0	0.0325761084382	0.0353370300563
TARA_142_DCM_0.22-3_G.snv.filtered.bam	0.047959747424	0.0513430698074	0.0510335591572	0.0525656766842	0.0567049709027	0.0452901006218	0.0437856727512	0.0398123767491	0.0417307112777	0.0424967947256	0.0509220366599	0.0456022823906	0.0437898747369	0.0377169185155	0.0441200646069	0.0455828562434	0.0489883731966	0.041761975346	0.0481632502015	0.0647105030742	0.0571555500669	0.0717605529869	0.0626276601208	0.0482842485326	0.0325761084382	0.0	0.0337365166606
TARA_142_SRF_0.22-3_G.snv.filtered.bam	0.0508307527638	0.0494885311439	0.0511180860158	0.0522238472172	0.0588001435255	0.0533071997634	0.0476028675274	0.0429520146008	0.0425661815101	0.0428000647314	0.0522225638834	0.0475060648676	0.0465759684387	0.0439052936955	0.047854768049	0.0491551668698	0.049152134564	0.0454234755046	0.049192883274	0.0678344289721	0.0614316500101	0.0741005248849	0.0643769754058	0.0516929171148	0.0353370300563	0.0337365166606	0.0
