	TARA_036_DCM_0.22-1.6_G.snv.filtered.bam	TARA_036_SRF_0.22-1.6_G.snv.filtered.bam	TARA_038_DCM_0.22-1.6_G.snv.filtered.bam	TARA_038_SRF_0.22-1.6_G.snv.filtered.bam	TARA_039_DCM_0.22-1.6_G.snv.filtered.bam	TARA_041_DCM_0.22-1.6_G.snv.filtered.bam	TARA_048_SRF_0.22-1.6_G.snv.filtered.bam	TARA_052_DCM_0.22-1.6_G.snv.filtered.bam	TARA_056_SRF_0.22-3_G.snv.filtered.bam	TARA_058_DCM_0.22-3_G.snv.filtered.bam	TARA_064_SRF_0.22-3_G.snv.filtered.bam	TARA_065_DCM_0.22-3_G.snv.filtered.bam	TARA_096_SRF_0.22-3_G.snv.filtered.bam	TARA_098_SRF_0.22-3_G.snv.filtered.bam	TARA_099_SRF_0.22-3_G.snv.filtered.bam	TARA_109_SRF_0.22-3_G.snv.filtered.bam	TARA_112_SRF_0.22-3_G.snv.filtered.bam
TARA_036_DCM_0.22-1.6_G.snv.filtered.bam	0.0	0.0	0.0	0.00250312891114	0.00375469336671	0.00250312891114	0.00625782227785	0.00125156445557	0.00250312891114	0.00375469336671	0.00500625782228	0.00625782227785	0.0976220275344	0.0525657071339	0.0650813516896	0.0100125156446	0.0425531914894
TARA_036_SRF_0.22-1.6_G.snv.filtered.bam	0.0	0.0	0.00125156445557	0.00125156445557	0.00500625782228	0.00375469336671	0.0112640801001	0.00250312891114	0.00375469336671	0.00625782227785	0.00250312891114	0.00500625782228	0.0976220275344	0.0500625782228	0.0663329161452	0.0100125156446	0.0400500625782
TARA_038_DCM_0.22-1.6_G.snv.filtered.bam	0.0	0.00125156445557	0.0	0.00250312891114	0.00250312891114	0.00375469336671	0.017521902378	0.00750938673342	0.0137672090113	0.0100125156446	0.00876095118899	0.0112640801001	0.103879849812	0.0600750938673	0.0750938673342	0.017521902378	0.0513141426783
TARA_038_SRF_0.22-1.6_G.snv.filtered.bam	0.00250312891114	0.00125156445557	0.00250312891114	0.0	0.0100125156446	0.00625782227785	0.0100125156446	0.00250312891114	0.00125156445557	0.00375469336671	0.0	0.00750938673342	0.090112640801	0.0425531914894	0.0563204005006	0.00750938673342	0.0350438047559
TARA_039_DCM_0.22-1.6_G.snv.filtered.bam	0.00375469336671	0.00500625782228	0.00250312891114	0.0100125156446	0.0	0.0	0.0337922403004	0.0200250312891	0.0250312891114	0.0237797246558	0.0250312891114	0.0275344180225	0.11013767209	0.063829787234	0.0826032540676	0.0325406758448	0.0600750938673
TARA_041_DCM_0.22-1.6_G.snv.filtered.bam	0.00250312891114	0.00375469336671	0.00375469336671	0.00625782227785	0.0	0.0	0.0287859824781	0.0212765957447	0.0237797246558	0.0250312891114	0.0250312891114	0.0250312891114	0.111389236546	0.0650813516896	0.0838548185232	0.0325406758448	0.0613266583229
TARA_048_SRF_0.22-1.6_G.snv.filtered.bam	0.00625782227785	0.0112640801001	0.017521902378	0.0100125156446	0.0337922403004	0.0287859824781	0.0	0.00750938673342	0.00125156445557	0.00125156445557	0.00250312891114	0.00375469336671	0.0876095118899	0.0450563204005	0.0588235294118	0.0100125156446	0.0325406758448
TARA_052_DCM_0.22-1.6_G.snv.filtered.bam	0.00125156445557	0.00250312891114	0.00750938673342	0.00250312891114	0.0200250312891	0.0212765957447	0.00750938673342	0.0	0.0	0.0	0.0	0.0	0.0826032540676	0.0438047559449	0.0488110137672	0.00625782227785	0.0362953692115
TARA_056_SRF_0.22-3_G.snv.filtered.bam	0.00250312891114	0.00375469336671	0.0137672090113	0.00125156445557	0.0250312891114	0.0237797246558	0.00125156445557	0.0	0.0	0.0	0.0	0.0	0.0863579474343	0.0450563204005	0.0563204005006	0.00750938673342	0.0325406758448
TARA_058_DCM_0.22-3_G.snv.filtered.bam	0.00375469336671	0.00625782227785	0.0100125156446	0.00375469336671	0.0237797246558	0.0250312891114	0.00125156445557	0.0	0.0	0.0	0.0	0.0	0.0838548185232	0.0375469336671	0.0475594493116	0.00625782227785	0.0300375469337
TARA_064_SRF_0.22-3_G.snv.filtered.bam	0.00500625782228	0.00250312891114	0.00876095118899	0.0	0.0250312891114	0.0250312891114	0.00250312891114	0.0	0.0	0.0	0.0	0.0	0.081351689612	0.0400500625782	0.0550688360451	0.00375469336671	0.026282853567
TARA_065_DCM_0.22-3_G.snv.filtered.bam	0.00625782227785	0.00500625782228	0.0112640801001	0.00750938673342	0.0275344180225	0.0250312891114	0.00375469336671	0.0	0.0	0.0	0.0	0.0	0.0863579474343	0.0438047559449	0.0550688360451	0.00625782227785	0.0362953692115
TARA_096_SRF_0.22-3_G.snv.filtered.bam	0.0976220275344	0.0976220275344	0.103879849812	0.090112640801	0.11013767209	0.111389236546	0.0876095118899	0.0826032540676	0.0863579474343	0.0838548185232	0.081351689612	0.0863579474343	0.0	0.0112640801001	0.00125156445557	0.0863579474343	0.0350438047559
TARA_098_SRF_0.22-3_G.snv.filtered.bam	0.0525657071339	0.0500625782228	0.0600750938673	0.0425531914894	0.063829787234	0.0650813516896	0.0450563204005	0.0438047559449	0.0450563204005	0.0375469336671	0.0400500625782	0.0438047559449	0.0112640801001	0.0	0.00125156445557	0.0438047559449	0.00500625782228
TARA_099_SRF_0.22-3_G.snv.filtered.bam	0.0650813516896	0.0663329161452	0.0750938673342	0.0563204005006	0.0826032540676	0.0838548185232	0.0588235294118	0.0488110137672	0.0563204005006	0.0475594493116	0.0550688360451	0.0550688360451	0.00125156445557	0.00125156445557	0.0	0.0538172715895	0.0187734668335
TARA_109_SRF_0.22-3_G.snv.filtered.bam	0.0100125156446	0.0100125156446	0.017521902378	0.00750938673342	0.0325406758448	0.0325406758448	0.0100125156446	0.00625782227785	0.00750938673342	0.00625782227785	0.00375469336671	0.00625782227785	0.0863579474343	0.0438047559449	0.0538172715895	0.0	0.0375469336671
TARA_112_SRF_0.22-3_G.snv.filtered.bam	0.0425531914894	0.0400500625782	0.0513141426783	0.0350438047559	0.0600750938673	0.0613266583229	0.0325406758448	0.0362953692115	0.0325406758448	0.0300375469337	0.026282853567	0.0362953692115	0.0350438047559	0.00500625782228	0.0187734668335	0.0375469336671	0.0
