	TARA_036_DCM_0.22-1.6_G.snv.filtered.bam	TARA_036_SRF_0.22-1.6_G.snv.filtered.bam	TARA_038_DCM_0.22-1.6_G.snv.filtered.bam	TARA_038_SRF_0.22-1.6_G.snv.filtered.bam	TARA_039_DCM_0.22-1.6_G.snv.filtered.bam	TARA_041_DCM_0.22-1.6_G.snv.filtered.bam	TARA_048_SRF_0.22-1.6_G.snv.filtered.bam	TARA_052_DCM_0.22-1.6_G.snv.filtered.bam	TARA_056_SRF_0.22-3_G.snv.filtered.bam	TARA_058_DCM_0.22-3_G.snv.filtered.bam	TARA_064_SRF_0.22-3_G.snv.filtered.bam	TARA_065_DCM_0.22-3_G.snv.filtered.bam	TARA_096_SRF_0.22-3_G.snv.filtered.bam	TARA_098_SRF_0.22-3_G.snv.filtered.bam	TARA_099_SRF_0.22-3_G.snv.filtered.bam	TARA_109_SRF_0.22-3_G.snv.filtered.bam	TARA_112_SRF_0.22-3_G.snv.filtered.bam
TARA_036_DCM_0.22-1.6_G.snv.filtered.bam	0.0	0.0408285696439	0.0439968690831	0.0454856837535	0.0502257353689	0.0461726281492	0.0778946301701	0.0630578069041	0.068897502699	0.0782431904504	0.0672143302345	0.064045497931	0.150922444834	0.120579079599	0.13115593392	0.0737759762566	0.12346253944
TARA_036_SRF_0.22-1.6_G.snv.filtered.bam	0.0408285696439	0.0	0.0501885268716	0.0443640538969	0.0547861190841	0.0511745668724	0.0743700892296	0.0597555029331	0.0665883768319	0.0759402156579	0.0627053304481	0.0618382223498	0.147174576151	0.118104802348	0.127550483839	0.0704766705799	0.120391651068
TARA_038_DCM_0.22-1.6_G.snv.filtered.bam	0.0439968690831	0.0501885268716	0.0	0.0525904383602	0.043350918307	0.0404089293323	0.0850906890313	0.0691992009072	0.0747847024729	0.0798418293728	0.071367171062	0.0676265325292	0.154010813017	0.119620823774	0.133732745397	0.0820743066269	0.127283016093
TARA_038_SRF_0.22-1.6_G.snv.filtered.bam	0.0454856837535	0.0443640538969	0.0525904383602	0.0	0.0573150378301	0.0544024315988	0.0776634209132	0.0621657441744	0.0718462850966	0.0767093871863	0.064106495294	0.0665634463988	0.149191391103	0.114587021987	0.12833668753	0.0753811063555	0.11949117497
TARA_039_DCM_0.22-1.6_G.snv.filtered.bam	0.0502257353689	0.0547861190841	0.043350918307	0.0573150378301	0.0	0.0240632241297	0.0913826008357	0.0764414863895	0.0867624034603	0.0929027876952	0.0844031465775	0.0787958894846	0.157117043231	0.124876368601	0.13647151867	0.0893440629132	0.131649986154
TARA_041_DCM_0.22-1.6_G.snv.filtered.bam	0.0461726281492	0.0511745668724	0.0404089293323	0.0544024315988	0.0240632241297	0.0	0.0868575606614	0.0711826222586	0.0791480276755	0.0880241725571	0.0763252942896	0.0715462186021	0.153696851425	0.121229329345	0.133163762457	0.0847731998715	0.128414011561
TARA_048_SRF_0.22-1.6_G.snv.filtered.bam	0.0778946301701	0.0743700892296	0.0850906890313	0.0776634209132	0.0913826008357	0.0868575606614	0.0	0.0607957355847	0.0622897177025	0.0683431111829	0.068952354325	0.0713592605856	0.151611830857	0.124273832056	0.132201982394	0.0776846939393	0.118874644048
TARA_052_DCM_0.22-1.6_G.snv.filtered.bam	0.0630578069041	0.0597555029331	0.0691992009072	0.0621657441744	0.0764414863895	0.0711826222586	0.0607957355847	0.0	0.0480470796426	0.0611122793443	0.0521581052551	0.0537862396539	0.14035642591	0.112413452737	0.12183244877	0.067229367133	0.115201245575
TARA_056_SRF_0.22-3_G.snv.filtered.bam	0.068897502699	0.0665883768319	0.0747847024729	0.0718462850966	0.0867624034603	0.0791480276755	0.0622897177025	0.0480470796426	0.0	0.0605661159319	0.0542079185851	0.056103963356	0.148306378849	0.121976965576	0.129495645445	0.0708577805685	0.118698263445
TARA_058_DCM_0.22-3_G.snv.filtered.bam	0.0782431904504	0.0759402156579	0.0798418293728	0.0767093871863	0.0929027876952	0.0880241725571	0.0683431111829	0.0611122793443	0.0605661159319	0.0	0.0558926668997	0.0608667748201	0.153018519394	0.121716904676	0.133845839203	0.0734888292822	0.120652879477
TARA_064_SRF_0.22-3_G.snv.filtered.bam	0.0672143302345	0.0627053304481	0.071367171062	0.064106495294	0.0844031465775	0.0763252942896	0.068952354325	0.0521581052551	0.0542079185851	0.0558926668997	0.0	0.0502578789463	0.144109648677	0.114332603696	0.125774926132	0.0669554746714	0.113274732061
TARA_065_DCM_0.22-3_G.snv.filtered.bam	0.064045497931	0.0618382223498	0.0676265325292	0.0665634463988	0.0787958894846	0.0715462186021	0.0713592605856	0.0537862396539	0.056103963356	0.0608667748201	0.0502578789463	0.0	0.142311228962	0.111974353233	0.122954296991	0.0610795807994	0.116502719622
TARA_096_SRF_0.22-3_G.snv.filtered.bam	0.150922444834	0.147174576151	0.154010813017	0.149191391103	0.157117043231	0.153696851425	0.151611830857	0.14035642591	0.148306378849	0.153018519394	0.144109648677	0.142311228962	0.0	0.0595664245993	0.0431218425269	0.150873365457	0.105526432916
TARA_098_SRF_0.22-3_G.snv.filtered.bam	0.120579079599	0.118104802348	0.119620823774	0.114587021987	0.124876368601	0.121229329345	0.124273832056	0.112413452737	0.121976965576	0.121716904676	0.114332603696	0.111974353233	0.0595664245993	0.0	0.0469550927243	0.121209752464	0.0663692388873
TARA_099_SRF_0.22-3_G.snv.filtered.bam	0.13115593392	0.127550483839	0.133732745397	0.12833668753	0.13647151867	0.133163762457	0.132201982394	0.12183244877	0.129495645445	0.133845839203	0.125774926132	0.122954296991	0.0431218425269	0.0469550927243	0.0	0.130605168714	0.0897307622129
TARA_109_SRF_0.22-3_G.snv.filtered.bam	0.0737759762566	0.0704766705799	0.0820743066269	0.0753811063555	0.0893440629132	0.0847731998715	0.0776846939393	0.067229367133	0.0708577805685	0.0734888292822	0.0669554746714	0.0610795807994	0.150873365457	0.121209752464	0.130605168714	0.0	0.120690186145
TARA_112_SRF_0.22-3_G.snv.filtered.bam	0.12346253944	0.120391651068	0.127283016093	0.11949117497	0.131649986154	0.128414011561	0.118874644048	0.115201245575	0.118698263445	0.120652879477	0.113274732061	0.116502719622	0.105526432916	0.0663692388873	0.0897307622129	0.120690186145	0.0
