	TARA_009_DCM_0.22-1.6_G.snv.filtered.bam	TARA_093_DCM_0.22-3_G.snv.filtered.bam	TARA_093_SRF_0.22-3_G.snv.filtered.bam	TARA_133_DCM_0.22-3_G.snv.filtered.bam	TARA_133_SRF_0.22-3_G.snv.filtered.bam	TARA_145_SRF_0.22-3_G.snv.filtered.bam
TARA_009_DCM_0.22-1.6_G.snv.filtered.bam	0.0	0.0835505323244	0.0761163604769	0.0788280872493	0.0758263287265	0.0507295818751
TARA_093_DCM_0.22-3_G.snv.filtered.bam	0.0835505323244	0.0	0.0553057025345	0.0784449735648	0.0770395168587	0.0706707724871
TARA_093_SRF_0.22-3_G.snv.filtered.bam	0.0761163604769	0.0553057025345	0.0	0.0745003776007	0.069804522567	0.062630896997
TARA_133_DCM_0.22-3_G.snv.filtered.bam	0.0788280872493	0.0784449735648	0.0745003776007	0.0	0.06676580363	0.0708909650739
TARA_133_SRF_0.22-3_G.snv.filtered.bam	0.0758263287265	0.0770395168587	0.069804522567	0.06676580363	0.0	0.0644330949375
TARA_145_SRF_0.22-3_G.snv.filtered.bam	0.0507295818751	0.0706707724871	0.062630896997	0.0708909650739	0.0644330949375	0.0
