	TARA_100_SRF_0.22-3_G.snv.filtered.bam	TARA_110_DCM_0.22-3_G.snv.filtered.bam	TARA_110_SRF_0.22-3_G.snv.filtered.bam	TARA_111_SRF_0.22-3_G.snv.filtered.bam	TARA_122_MES_0.22-3_G.snv.filtered.bam	TARA_122_SRF_0.22-3_G.snv.filtered.bam	TARA_123_SRF_0.22-3_G.snv.filtered.bam	TARA_124_MIX_0.22-3_G.snv.filtered.bam	TARA_124_SRF_0.22-3_G.snv.filtered.bam	TARA_125_SRF_0.22-3_G.snv.filtered.bam	TARA_128_DCM_0.22-3_G.snv.filtered.bam	TARA_128_SRF_0.22-3_G.snv.filtered.bam
TARA_100_SRF_0.22-3_G.snv.filtered.bam	0.0	0.0755951494131	0.0711737731242	0.0419447567103	0.0742696547304	0.0709660333025	0.0721901909924	0.0700481754565	0.06874362006	0.0696403772025	0.0691991293324	0.0711272169981
TARA_110_DCM_0.22-3_G.snv.filtered.bam	0.0755951494131	0.0	0.0562694077965	0.0830229287769	0.0604271392982	0.0551460827687	0.0581042638352	0.0581928026173	0.0572076214685	0.0610502728998	0.0537450239612	0.0532163054461
TARA_110_SRF_0.22-3_G.snv.filtered.bam	0.0711737731242	0.0562694077965	0.0	0.0823347031006	0.0576564228489	0.0527033218514	0.0544241281099	0.052857709443	0.0524071158671	0.055812359176	0.0495573756025	0.0483589031989
TARA_111_SRF_0.22-3_G.snv.filtered.bam	0.0419447567103	0.0830229287769	0.0823347031006	0.0	0.0837972338249	0.0806896082099	0.0811572046958	0.0791428690965	0.0788365593914	0.078252447265	0.0796778472448	0.0806689984126
TARA_122_MES_0.22-3_G.snv.filtered.bam	0.0742696547304	0.0604271392982	0.0576564228489	0.0837972338249	0.0	0.0395971205467	0.0384294516132	0.0403750607509	0.0380798798913	0.0382652095888	0.0431294801419	0.0469261642407
TARA_122_SRF_0.22-3_G.snv.filtered.bam	0.0709660333025	0.0551460827687	0.0527033218514	0.0806896082099	0.0395971205467	0.0	0.0356960287181	0.0309065909693	0.0237142126396	0.0301166323528	0.0320868788019	0.0331394722185
TARA_123_SRF_0.22-3_G.snv.filtered.bam	0.0721901909924	0.0581042638352	0.0544241281099	0.0811572046958	0.0384294516132	0.0356960287181	0.0	0.0382846652754	0.0330024249384	0.0351509178694	0.0345507766142	0.0401315568231
TARA_124_MIX_0.22-3_G.snv.filtered.bam	0.0700481754565	0.0581928026173	0.052857709443	0.0791428690965	0.0403750607509	0.0309065909693	0.0382846652754	0.0	0.028692160138	0.0294816561871	0.0386263142639	0.0424564792526
TARA_124_SRF_0.22-3_G.snv.filtered.bam	0.06874362006	0.0572076214685	0.0524071158671	0.0788365593914	0.0380798798913	0.0237142126396	0.0330024249384	0.028692160138	0.0	0.0247854154557	0.0306838408928	0.0363121123667
TARA_125_SRF_0.22-3_G.snv.filtered.bam	0.0696403772025	0.0610502728998	0.055812359176	0.078252447265	0.0382652095888	0.0301166323528	0.0351509178694	0.0294816561871	0.0247854154557	0.0	0.0377355164251	0.0434877568779
TARA_128_DCM_0.22-3_G.snv.filtered.bam	0.0691991293324	0.0537450239612	0.0495573756025	0.0796778472448	0.0431294801419	0.0320868788019	0.0345507766142	0.0386263142639	0.0306838408928	0.0377355164251	0.0	0.030297271763
TARA_128_SRF_0.22-3_G.snv.filtered.bam	0.0711272169981	0.0532163054461	0.0483589031989	0.0806689984126	0.0469261642407	0.0331394722185	0.0401315568231	0.0424564792526	0.0363121123667	0.0434877568779	0.030297271763	0.0
