	TARA_031_SRF_0.22-1.6_G.snv.filtered.bam	TARA_032_DCM_0.22-1.6_G.snv.filtered.bam	TARA_032_SRF_0.22-1.6_G.snv.filtered.bam	TARA_041_SRF_0.22-1.6_G.snv.filtered.bam	TARA_042_DCM_0.22-1.6_G.snv.filtered.bam	TARA_042_SRF_0.22-1.6_G.snv.filtered.bam	TARA_045_SRF_0.22-1.6_G.snv.filtered.bam	TARA_048_SRF_0.22-1.6_G.snv.filtered.bam	TARA_052_DCM_0.22-1.6_G.snv.filtered.bam	TARA_052_SRF_0.22-1.6_G.snv.filtered.bam	TARA_056_SRF_0.22-3_G.snv.filtered.bam	TARA_057_SRF_0.22-3_G.snv.filtered.bam	TARA_058_DCM_0.22-3_G.snv.filtered.bam	TARA_062_SRF_0.22-3_G.snv.filtered.bam	TARA_064_DCM_0.22-3_G.snv.filtered.bam	TARA_064_SRF_0.22-3_G.snv.filtered.bam	TARA_065_DCM_0.22-3_G.snv.filtered.bam	TARA_065_SRF_0.22-3_G.snv.filtered.bam	TARA_072_DCM_0.22-3_G.snv.filtered.bam	TARA_072_MES_0.22-3_G.snv.filtered.bam	TARA_072_SRF_0.22-3_G.snv.filtered.bam	TARA_076_DCM_0.22-3_G.snv.filtered.bam	TARA_076_SRF_0.22-3_G.snv.filtered.bam	TARA_078_SRF_0.22-3_G.snv.filtered.bam	TARA_096_SRF_0.22-3_G.snv.filtered.bam	TARA_098_SRF_0.22-3_G.snv.filtered.bam	TARA_099_SRF_0.22-3_G.snv.filtered.bam	TARA_112_DCM_0.22-3_G.snv.filtered.bam	TARA_112_SRF_0.22-3_G.snv.filtered.bam	TARA_122_DCM_0.22-3_G.snv.filtered.bam	TARA_122_SRF_0.22-3_G.snv.filtered.bam	TARA_124_MIX_0.22-3_G.snv.filtered.bam	TARA_124_SRF_0.22-3_G.snv.filtered.bam	TARA_125_SRF_0.22-3_G.snv.filtered.bam	TARA_132_SRF_0.22-3_G.snv.filtered.bam	TARA_138_SRF_0.22-3_G.snv.filtered.bam	TARA_142_DCM_0.22-3_G.snv.filtered.bam	TARA_142_SRF_0.22-3_G.snv.filtered.bam	TARA_146_SRF_0.22-3_G.snv.filtered.bam	TARA_148_SRF_0.22-3_G.snv.filtered.bam
TARA_031_SRF_0.22-1.6_G.snv.filtered.bam	0.0	0.034569734526	0.0300964811869	0.0645042340854	0.0652681550638	0.0617959297219	0.0634002294596	0.0657815436321	0.0680995720282	0.0690827253179	0.0659871548532	0.0705778095108	0.0700493651027	0.0689402677658	0.0700255496886	0.0662869761703	0.0711029010237	0.0665689235545	0.060936753343	0.0616409559701	0.0587028445198	0.0745125763701	0.0701991487191	0.0801371779567	0.111199500448	0.112104861383	0.107904234122	0.086982476537	0.102635377872	0.0659287557969	0.0748330924466	0.0730891730226	0.070172036533	0.0716583837638	0.0835862881648	0.0601664665587	0.0632543275546	0.0643199766156	0.0718105482828	0.0728214070463
TARA_032_DCM_0.22-1.6_G.snv.filtered.bam	0.034569734526	0.0	0.0377553780484	0.0619470708656	0.0641159931166	0.0590111729509	0.063219366238	0.0631017676033	0.064906939393	0.0671560846963	0.0668587275935	0.0683331561637	0.0697217678718	0.0690334452796	0.070678659714	0.0672013381577	0.0704507988216	0.0680855098678	0.0634625504795	0.064045734441	0.0597856374717	0.0758318239776	0.0720741877465	0.0769347053705	0.113285284309	0.112768357994	0.109904822041	0.0872683963487	0.104208179447	0.0660267562152	0.0751716433914	0.0715390373814	0.0673405347131	0.0704741292756	0.0845963563207	0.0581282336482	0.0671094916213	0.0680871018062	0.0757307985705	0.0788698248357
TARA_032_SRF_0.22-1.6_G.snv.filtered.bam	0.0300964811869	0.0377553780484	0.0	0.0666281726562	0.0686860250079	0.0634477132981	0.0664066150543	0.0674928961181	0.0699352005879	0.0717378704483	0.0699885210024	0.0718538875141	0.0740677390099	0.0719143102551	0.0743500377718	0.0696760961907	0.073887822715	0.0689329795701	0.0637899024836	0.0673078395571	0.0629942269172	0.0750500738612	0.0732747797944	0.0818279996491	0.114023423969	0.113812008233	0.112112829585	0.0891857312042	0.106565052061	0.0662920985672	0.0765017823473	0.0739480041686	0.0702926466927	0.0726563006292	0.0858826333503	0.0614611346613	0.0654641530423	0.0639299319151	0.0726211926399	0.0746321623284
TARA_041_SRF_0.22-1.6_G.snv.filtered.bam	0.0645042340854	0.0619470708656	0.0666281726562	0.0	0.0408250456963	0.03299832791	0.0299224968827	0.0378792779567	0.039831469556	0.04147969122	0.0401910600397	0.0424393596446	0.0489223492658	0.0468428881252	0.0496620313468	0.039815166374	0.0457250723812	0.0446408717804	0.0494790685058	0.0472044994386	0.0452158288136	0.0741224051163	0.0668425235954	0.0756673488179	0.101017372297	0.102259910726	0.101260926113	0.0772364707268	0.0900442800607	0.0564769925834	0.0610189095824	0.0598817172462	0.0566366026924	0.0607147870834	0.0739038577457	0.0364737964851	0.0642154543476	0.0634039237612	0.0736847049103	0.0739206822035
TARA_042_DCM_0.22-1.6_G.snv.filtered.bam	0.0652681550638	0.0641159931166	0.0686860250079	0.0408250456963	0.0	0.0376157105059	0.0383007745884	0.0440508996688	0.0485220005202	0.048526446965	0.0470020263002	0.0491322285988	0.0540007238364	0.0531914915685	0.0566874766185	0.0474600304483	0.0516502479171	0.0495109418549	0.0548681494084	0.056189664545	0.0523298174271	0.0744611654085	0.0675607179579	0.0784320854733	0.106218981415	0.106820775502	0.10588460997	0.0798579526065	0.0952722532749	0.0612055512373	0.0643733802862	0.062120726453	0.0600177330985	0.0650618694775	0.0792910136899	0.0466183840081	0.0664533139968	0.0666201547658	0.0756879406429	0.0752069287779
TARA_042_SRF_0.22-1.6_G.snv.filtered.bam	0.0617959297219	0.0590111729509	0.0634477132981	0.03299832791	0.0376157105059	0.0	0.0302020684558	0.0342429920087	0.0391133198936	0.039481024581	0.0382778501247	0.0413523403214	0.0486552614963	0.045881121637	0.0487634619979	0.0393425713407	0.0431296762963	0.0435299078705	0.0469630033307	0.0449744435584	0.0417295726603	0.0714230514031	0.0628725550584	0.0724829371925	0.10179378259	0.101724079512	0.100012105615	0.075361166223	0.0897636675042	0.0563690316157	0.0610659638301	0.0592999899532	0.0564893129219	0.060315405049	0.0705856713126	0.0373667814049	0.0590952998174	0.0588187888891	0.0691760924428	0.0694821358592
TARA_045_SRF_0.22-1.6_G.snv.filtered.bam	0.0634002294596	0.063219366238	0.0664066150543	0.0299224968827	0.0383007745884	0.0302020684558	0.0	0.0320632532828	0.0360222497791	0.0366844784985	0.033640458297	0.0382131211761	0.0452884479564	0.0438305332571	0.0461521461514	0.0337668140743	0.0411400454594	0.0417572706093	0.046780654864	0.0465516633851	0.0412834928394	0.0702477253331	0.0620720676718	0.0724951531459	0.101089102333	0.100747591389	0.0993372002229	0.0731373675875	0.0870118816304	0.0547364217813	0.0588219761403	0.0583203714515	0.0552619596011	0.0590396458326	0.0714440149073	0.036416923962	0.0608787020127	0.0597861462146	0.0715924620487	0.0705951102747
TARA_048_SRF_0.22-1.6_G.snv.filtered.bam	0.0657815436321	0.0631017676033	0.0674928961181	0.0378792779567	0.0440508996688	0.0342429920087	0.0320632532828	0.0	0.030453398862	0.0321998895162	0.0318565815687	0.0367630989751	0.0419057038464	0.0417287614778	0.044871714905	0.0317437385044	0.0420462608627	0.0419989189541	0.0421234445678	0.0440330232805	0.0391877495547	0.0703450363077	0.0608641442669	0.0703958301284	0.0986735218347	0.0981642850358	0.0970885641758	0.0729464358255	0.0850455068773	0.0583904480603	0.064591108337	0.0627424682043	0.0589077636075	0.0622571435358	0.0715478825276	0.0408411136203	0.0586630834299	0.0589628470364	0.0700068359077	0.0709223269335
TARA_052_DCM_0.22-1.6_G.snv.filtered.bam	0.0680995720282	0.064906939393	0.0699352005879	0.039831469556	0.0485220005202	0.0391133198936	0.0360222497791	0.030453398862	0.0	0.0381367577337	0.0357400692141	0.0396892450564	0.0448709101849	0.0471443758982	0.0475353125673	0.034461390698	0.0440687857899	0.0459021944069	0.04475717781	0.0467950528431	0.0410794563812	0.0707378334009	0.0617984300235	0.0694106555729	0.0983252024087	0.0987442047429	0.096272228713	0.0733581530343	0.0852845563905	0.0560565728941	0.0627494533782	0.0608527387842	0.0574854363857	0.0612308569361	0.0706346917079	0.0403449660782	0.0609765187752	0.0613093996468	0.0714448685558	0.0719136576264
TARA_052_SRF_0.22-1.6_G.snv.filtered.bam	0.0690827253179	0.0671560846963	0.0717378704483	0.04147969122	0.048526446965	0.039481024581	0.0366844784985	0.0321998895162	0.0381367577337	0.0	0.0375358768289	0.0416944509056	0.046240897173	0.0458769078588	0.0481776673407	0.0388648889972	0.0457331626853	0.0462450524869	0.0497731087494	0.049039116577	0.0458566823165	0.0745466478584	0.0668058233406	0.0737480927018	0.103726822599	0.104475049751	0.102349573882	0.0776175834798	0.0908474124435	0.0614277984301	0.0672015065385	0.066401126804	0.0632702652155	0.0661985270408	0.0770585446786	0.046472483139	0.063566235843	0.0638760245216	0.0746408350349	0.0750815870214
TARA_056_SRF_0.22-3_G.snv.filtered.bam	0.0659871548532	0.0668587275935	0.0699885210024	0.0401910600397	0.0470020263002	0.0382778501247	0.033640458297	0.0318565815687	0.0357400692141	0.0375358768289	0.0	0.0376594684793	0.0438526014217	0.0438205862738	0.0417652227196	0.0301715077665	0.0420918223937	0.0417858905652	0.0463543942011	0.0490003420359	0.043521440343	0.0705076659088	0.0611543564125	0.0743107464841	0.101100923048	0.101924594456	0.0996253669794	0.0741060589274	0.0869682311464	0.0604042617886	0.065188109049	0.063171613723	0.0614205917356	0.0640655271354	0.0740339122624	0.0430748990839	0.0620413582778	0.0605511139498	0.0725592306429	0.0702046543533
TARA_057_SRF_0.22-3_G.snv.filtered.bam	0.0705778095108	0.0683331561637	0.0718538875141	0.0424393596446	0.0491322285988	0.0413523403214	0.0382131211761	0.0367630989751	0.0396892450564	0.0416944509056	0.0376594684793	0.0	0.0479753219544	0.0435037725437	0.0457779082229	0.0367712926045	0.0442323730423	0.0453856677992	0.0520409112104	0.0521308154104	0.0489678610813	0.0721155173301	0.0671405876795	0.0757013068358	0.10641897582	0.105019760436	0.104022080967	0.0786653791355	0.0922349790022	0.0622706076995	0.0673493380231	0.0667999412316	0.0639838583131	0.0667155772429	0.0788859778319	0.0470352437886	0.0644310178927	0.0643486740745	0.072476227793	0.0731087193925
TARA_058_DCM_0.22-3_G.snv.filtered.bam	0.0700493651027	0.0697217678718	0.0740677390099	0.0489223492658	0.0540007238364	0.0486552614963	0.0452884479564	0.0419057038464	0.0448709101849	0.046240897173	0.0438526014217	0.0479753219544	0.0	0.0532351180463	0.0513170317739	0.0409635943408	0.0492231458079	0.0485411238566	0.0543907572415	0.052605910825	0.0509306001671	0.0753187261461	0.0662439093054	0.0740746500049	0.102632282629	0.102424102092	0.102771211713	0.0773163742211	0.08991470556	0.0630610513772	0.0688225136869	0.0668843959729	0.0663486168664	0.0691127613216	0.0769952965228	0.051115274288	0.0653060575844	0.0659742207471	0.0724630664154	0.0738385453493
TARA_062_SRF_0.22-3_G.snv.filtered.bam	0.0689402677658	0.0690334452796	0.0719143102551	0.0468428881252	0.0531914915685	0.045881121637	0.0438305332571	0.0417287614778	0.0471443758982	0.0458769078588	0.0438205862738	0.0435037725437	0.0532351180463	0.0	0.0500050103467	0.0410617767006	0.0482338048506	0.0457336355904	0.0531056729855	0.0525357653641	0.0471974107463	0.0722668407783	0.0665633473247	0.0741018639098	0.104004458539	0.105322837176	0.102981251045	0.0790440492861	0.0915497752527	0.0661706517717	0.0685051721964	0.0689813715807	0.0650321368682	0.066913573975	0.0795573731364	0.0513076935764	0.0670541871514	0.0652673580443	0.0738802947033	0.0734117589639
TARA_064_DCM_0.22-3_G.snv.filtered.bam	0.0700255496886	0.070678659714	0.0743500377718	0.0496620313468	0.0566874766185	0.0487634619979	0.0461521461514	0.044871714905	0.0475353125673	0.0481776673407	0.0417652227196	0.0457779082229	0.0513170317739	0.0500050103467	0.0	0.0394046624135	0.0465017493272	0.0472019587466	0.0523916500904	0.0534840536835	0.0515279563994	0.0717151832137	0.0632110731801	0.0743976015482	0.105038194555	0.10349887769	0.102241277815	0.0783921063602	0.0898296486585	0.0614039823761	0.0673971924352	0.067229278395	0.0655031062023	0.0660721869093	0.0768161161364	0.0525367974242	0.0665927561407	0.0662509847417	0.0711099353312	0.0729874210497
TARA_064_SRF_0.22-3_G.snv.filtered.bam	0.0662869761703	0.0672013381577	0.0696760961907	0.039815166374	0.0474600304483	0.0393425713407	0.0337668140743	0.0317437385044	0.034461390698	0.0388648889972	0.0301715077665	0.0367712926045	0.0409635943408	0.0410617767006	0.0394046624135	0.0	0.0376506319729	0.0391088419237	0.0457261820679	0.0448599314982	0.0408220810576	0.0677172193786	0.0597740094896	0.0721340920786	0.102310601323	0.10045768666	0.0994278056673	0.0726272980023	0.0827661575456	0.0577566372137	0.0637167504223	0.0625384085471	0.0607122835086	0.0625287646476	0.0735545219924	0.0414445437464	0.0604230338154	0.0596874185424	0.0687188714314	0.0689340635032
TARA_065_DCM_0.22-3_G.snv.filtered.bam	0.0711029010237	0.0704507988216	0.073887822715	0.0457250723812	0.0516502479171	0.0431296762963	0.0411400454594	0.0420462608627	0.0440687857899	0.0457331626853	0.0420918223937	0.0442323730423	0.0492231458079	0.0482338048506	0.0465017493272	0.0376506319729	0.0	0.0484705907271	0.0511169427919	0.05054025948	0.0484266325101	0.0704801434083	0.0637501044213	0.0750546535472	0.102095598177	0.0997165655691	0.100014036671	0.076769694442	0.0876698940169	0.0631625627834	0.0690455751009	0.0667214746275	0.0639394723592	0.0671308028186	0.0773047104926	0.0489635524746	0.0650653575282	0.06485395028	0.0731881986928	0.0709897183825
TARA_065_SRF_0.22-3_G.snv.filtered.bam	0.0665689235545	0.0680855098678	0.0689329795701	0.0446408717804	0.0495109418549	0.0435299078705	0.0417572706093	0.0419989189541	0.0459021944069	0.0462450524869	0.0417858905652	0.0453856677992	0.0485411238566	0.0457336355904	0.0472019587466	0.0391088419237	0.0484705907271	0.0	0.0521355337046	0.0505662427187	0.0497373409169	0.0717800109535	0.0661750570759	0.0787573227216	0.106495657093	0.104868249685	0.105491363917	0.0792453313139	0.0925124842936	0.0633950104051	0.0677972277559	0.066968406597	0.06570672934	0.0658920168546	0.0783031759312	0.04754403974	0.0630563110995	0.0633986177122	0.0696937191062	0.0729528074523
TARA_072_DCM_0.22-3_G.snv.filtered.bam	0.060936753343	0.0634625504795	0.0637899024836	0.0494790685058	0.0548681494084	0.0469630033307	0.046780654864	0.0421234445678	0.04475717781	0.0497731087494	0.0463543942011	0.0520409112104	0.0543907572415	0.0531056729855	0.0523916500904	0.0457261820679	0.0511169427919	0.0521355337046	0.0	0.0382157573408	0.0323901681367	0.0666226087868	0.0535838353478	0.0672229917153	0.094314238774	0.0946580253066	0.0926449962962	0.0704400837298	0.0818647367344	0.0538846191489	0.0590774803364	0.0579783939407	0.0564465616012	0.0577166956558	0.0703490105623	0.0451183830686	0.052051897633	0.0532279911672	0.0630260136868	0.064851480123
TARA_072_MES_0.22-3_G.snv.filtered.bam	0.0616409559701	0.064045734441	0.0673078395571	0.0472044994386	0.056189664545	0.0449744435584	0.0465516633851	0.0440330232805	0.0467950528431	0.049039116577	0.0490003420359	0.0521308154104	0.052605910825	0.0525357653641	0.0534840536835	0.0448599314982	0.05054025948	0.0505662427187	0.0382157573408	0.0	0.0322085345157	0.0668401624641	0.0566592286436	0.066649681125	0.0992353390583	0.0971014510103	0.0967500081914	0.073605205475	0.0842957316531	0.0572275480777	0.0608429228648	0.0629098845174	0.0603162291229	0.0603063904242	0.0716017100794	0.0454336644095	0.0544514339469	0.0550846541846	0.0648992426005	0.0674260964607
TARA_072_SRF_0.22-3_G.snv.filtered.bam	0.0587028445198	0.0597856374717	0.0629942269172	0.0452158288136	0.0523298174271	0.0417295726603	0.0412834928394	0.0391877495547	0.0410794563812	0.0458566823165	0.043521440343	0.0489678610813	0.0509306001671	0.0471974107463	0.0515279563994	0.0408220810576	0.0484266325101	0.0497373409169	0.0323901681367	0.0322085345157	0.0	0.0641398916093	0.0538152640282	0.0642884835547	0.0967480963556	0.0947712891452	0.0938514772162	0.071396939686	0.0812893792942	0.0543653523425	0.059270750368	0.0597506096516	0.0560739260766	0.0568114614131	0.0685170573804	0.0422478332646	0.0522742533111	0.0509769643943	0.0639423874492	0.065088910245
TARA_076_DCM_0.22-3_G.snv.filtered.bam	0.0745125763701	0.0758318239776	0.0750500738612	0.0741224051163	0.0744611654085	0.0714230514031	0.0702477253331	0.0703450363077	0.0707378334009	0.0745466478584	0.0705076659088	0.0721155173301	0.0753187261461	0.0722668407783	0.0717151832137	0.0677172193786	0.0704801434083	0.0717800109535	0.0666226087868	0.0668401624641	0.0641398916093	0.0	0.0544297154257	0.0649508455682	0.103238834482	0.101801116278	0.0970174366781	0.0816929969121	0.0935231845665	0.0730505591279	0.0763790670375	0.0770125019494	0.0764276356765	0.0771940102897	0.0803284694679	0.0714217247004	0.0583853630995	0.0565030088478	0.0654544139771	0.0617958581156
TARA_076_SRF_0.22-3_G.snv.filtered.bam	0.0701991487191	0.0720741877465	0.0732747797944	0.0668425235954	0.0675607179579	0.0628725550584	0.0620720676718	0.0608641442669	0.0617984300235	0.0668058233406	0.0611543564125	0.0671405876795	0.0662439093054	0.0665633473247	0.0632110731801	0.0597740094896	0.0637501044213	0.0661750570759	0.0535838353478	0.0566592286436	0.0538152640282	0.0544297154257	0.0	0.061246036411	0.0970306345596	0.096585225933	0.0934890898977	0.0736710124336	0.0851658669776	0.0624418828486	0.0659479087728	0.0673848184866	0.0655341755171	0.0659999305419	0.0713150496242	0.061947851163	0.0496674191123	0.0484563454355	0.0596831292857	0.059076141535
TARA_078_SRF_0.22-3_G.snv.filtered.bam	0.0801371779567	0.0769347053705	0.0818279996491	0.0756673488179	0.0784320854733	0.0724829371925	0.0724951531459	0.0703958301284	0.0694106555729	0.0737480927018	0.0743107464841	0.0757013068358	0.0740746500049	0.0741018639098	0.0743976015482	0.0721340920786	0.0750546535472	0.0787573227216	0.0672229917153	0.066649681125	0.0642884835547	0.0649508455682	0.061246036411	0.0	0.0931543849656	0.0902467484832	0.0867765096149	0.0746127361181	0.0853439072105	0.0698601636167	0.0739618204447	0.0729795633022	0.0712938181399	0.0728358289051	0.0733855760102	0.0697500305724	0.0689411016265	0.0677918754653	0.0764156334638	0.0761676069899
TARA_096_SRF_0.22-3_G.snv.filtered.bam	0.111199500448	0.113285284309	0.114023423969	0.101017372297	0.106218981415	0.10179378259	0.101089102333	0.0986735218347	0.0983252024087	0.103726822599	0.101100923048	0.10641897582	0.102632282629	0.104004458539	0.105038194555	0.102310601323	0.102095598177	0.106495657093	0.094314238774	0.0992353390583	0.0967480963556	0.103238834482	0.0970306345596	0.0931543849656	0.0	0.0421775865646	0.046223366025	0.066079203529	0.0659652772632	0.0940541082769	0.0974066971228	0.098853796242	0.0976074266038	0.095437797491	0.0759123549566	0.0993302634895	0.104485368019	0.105321197078	0.111915580284	0.111955021611
TARA_098_SRF_0.22-3_G.snv.filtered.bam	0.112104861383	0.112768357994	0.113812008233	0.102259910726	0.106820775502	0.101724079512	0.100747591389	0.0981642850358	0.0987442047429	0.104475049751	0.101924594456	0.105019760436	0.102424102092	0.105322837176	0.10349887769	0.10045768666	0.0997165655691	0.104868249685	0.0946580253066	0.0971014510103	0.0947712891452	0.101801116278	0.096585225933	0.0902467484832	0.0421775865646	0.0	0.0532789516056	0.0620212281193	0.0563948629263	0.0903596932928	0.0958114870535	0.0963795246935	0.095621212799	0.092346995346	0.0786970996185	0.0985452670731	0.102419629229	0.102870599752	0.108717060404	0.109666289458
TARA_099_SRF_0.22-3_G.snv.filtered.bam	0.107904234122	0.109904822041	0.112112829585	0.101260926113	0.10588460997	0.100012105615	0.0993372002229	0.0970885641758	0.096272228713	0.102349573882	0.0996253669794	0.104022080967	0.102771211713	0.102981251045	0.102241277815	0.0994278056673	0.100014036671	0.105491363917	0.0926449962962	0.0967500081914	0.0938514772162	0.0970174366781	0.0934890898977	0.0867765096149	0.046223366025	0.0532789516056	0.0	0.0667848928892	0.0682271095218	0.0915849868523	0.0952921184648	0.0969501852469	0.0947597933657	0.0931855593897	0.0790257256541	0.0967837192737	0.101649525989	0.101384799338	0.109342697146	0.109053362818
TARA_112_DCM_0.22-3_G.snv.filtered.bam	0.086982476537	0.0872683963487	0.0891857312042	0.0772364707268	0.0798579526065	0.075361166223	0.0731373675875	0.0729464358255	0.0733581530343	0.0776175834798	0.0741060589274	0.0786653791355	0.0773163742211	0.0790440492861	0.0783921063602	0.0726272980023	0.076769694442	0.0792453313139	0.0704400837298	0.073605205475	0.071396939686	0.0816929969121	0.0736710124336	0.0746127361181	0.066079203529	0.0620212281193	0.0667848928892	0.0	0.0525094426152	0.0697333548899	0.0771052665359	0.0755371564038	0.074929054174	0.0746211223444	0.0671214508758	0.0734880517372	0.0789325890504	0.0794455895849	0.0876790690678	0.0887899281408
TARA_112_SRF_0.22-3_G.snv.filtered.bam	0.102635377872	0.104208179447	0.106565052061	0.0900442800607	0.0952722532749	0.0897636675042	0.0870118816304	0.0850455068773	0.0852845563905	0.0908474124435	0.0869682311464	0.0922349790022	0.08991470556	0.0915497752527	0.0898296486585	0.0827661575456	0.0876698940169	0.0925124842936	0.0818647367344	0.0842957316531	0.0812893792942	0.0935231845665	0.0851658669776	0.0853439072105	0.0659652772632	0.0563948629263	0.0682271095218	0.0525094426152	0.0	0.0861440669882	0.0888402154744	0.0908289709949	0.0904567605363	0.0880510365292	0.0797418316094	0.0880494603078	0.0921797267837	0.0908382871514	0.09859019163	0.0998442832538
TARA_122_DCM_0.22-3_G.snv.filtered.bam	0.0659287557969	0.0660267562152	0.0662920985672	0.0564769925834	0.0612055512373	0.0563690316157	0.0547364217813	0.0583904480603	0.0560565728941	0.0614277984301	0.0604042617886	0.0622706076995	0.0630610513772	0.0661706517717	0.0614039823761	0.0577566372137	0.0631625627834	0.0633950104051	0.0538846191489	0.0572275480777	0.0543653523425	0.0730505591279	0.0624418828486	0.0698601636167	0.0940541082769	0.0903596932928	0.0915849868523	0.0697333548899	0.0861440669882	0.0	0.0375324220753	0.0333024096715	0.0324287456258	0.0348578731619	0.0692100846542	0.0434101489767	0.0624435811732	0.063830905373	0.0696668804055	0.0731723846059
TARA_122_SRF_0.22-3_G.snv.filtered.bam	0.0748330924466	0.0751716433914	0.0765017823473	0.0610189095824	0.0643733802862	0.0610659638301	0.0588219761403	0.064591108337	0.0627494533782	0.0672015065385	0.065188109049	0.0673493380231	0.0688225136869	0.0685051721964	0.0673971924352	0.0637167504223	0.0690455751009	0.0677972277559	0.0590774803364	0.0608429228648	0.059270750368	0.0763790670375	0.0659479087728	0.0739618204447	0.0974066971228	0.0958114870535	0.0952921184648	0.0771052665359	0.0888402154744	0.0375324220753	0.0	0.0317256976455	0.0317094037373	0.0308740912999	0.0778330045915	0.0497647484892	0.0697470234759	0.070406651125	0.0757732109568	0.0783924127854
TARA_124_MIX_0.22-3_G.snv.filtered.bam	0.0730891730226	0.0715390373814	0.0739480041686	0.0598817172462	0.062120726453	0.0592999899532	0.0583203714515	0.0627424682043	0.0608527387842	0.066401126804	0.063171613723	0.0667999412316	0.0668843959729	0.0689813715807	0.067229278395	0.0625384085471	0.0667214746275	0.066968406597	0.0579783939407	0.0629098845174	0.0597506096516	0.0770125019494	0.0673848184866	0.0729795633022	0.098853796242	0.0963795246935	0.0969501852469	0.0755371564038	0.0908289709949	0.0333024096715	0.0317256976455	0.0	0.0264440467027	0.0268638176493	0.0758709908085	0.0459070318562	0.0707086285062	0.0700076660451	0.0768749803327	0.0791100992665
TARA_124_SRF_0.22-3_G.snv.filtered.bam	0.070172036533	0.0673405347131	0.0702926466927	0.0566366026924	0.0600177330985	0.0564893129219	0.0552619596011	0.0589077636075	0.0574854363857	0.0632702652155	0.0614205917356	0.0639838583131	0.0663486168664	0.0650321368682	0.0655031062023	0.0607122835086	0.0639394723592	0.06570672934	0.0564465616012	0.0603162291229	0.0560739260766	0.0764276356765	0.0655341755171	0.0712938181399	0.0976074266038	0.095621212799	0.0947597933657	0.074929054174	0.0904567605363	0.0324287456258	0.0317094037373	0.0264440467027	0.0	0.0249514051187	0.0739400438084	0.0437422038098	0.0686319897847	0.0682847027039	0.0757432488402	0.0769271030817
TARA_125_SRF_0.22-3_G.snv.filtered.bam	0.0716583837638	0.0704741292756	0.0726563006292	0.0607147870834	0.0650618694775	0.060315405049	0.0590396458326	0.0622571435358	0.0612308569361	0.0661985270408	0.0640655271354	0.0667155772429	0.0691127613216	0.066913573975	0.0660721869093	0.0625287646476	0.0671308028186	0.0658920168546	0.0577166956558	0.0603063904242	0.0568114614131	0.0771940102897	0.0659999305419	0.0728358289051	0.095437797491	0.092346995346	0.0931855593897	0.0746211223444	0.0880510365292	0.0348578731619	0.0308740912999	0.0268638176493	0.0249514051187	0.0	0.075559895236	0.0480090710736	0.0681406189477	0.0681116332634	0.0757584918376	0.0778488013987
TARA_132_SRF_0.22-3_G.snv.filtered.bam	0.0835862881648	0.0845963563207	0.0858826333503	0.0739038577457	0.0792910136899	0.0705856713126	0.0714440149073	0.0715478825276	0.0706346917079	0.0770585446786	0.0740339122624	0.0788859778319	0.0769952965228	0.0795573731364	0.0768161161364	0.0735545219924	0.0773047104926	0.0783031759312	0.0703490105623	0.0716017100794	0.0685170573804	0.0803284694679	0.0713150496242	0.0733855760102	0.0759123549566	0.0786970996185	0.0790257256541	0.0671214508758	0.0797418316094	0.0692100846542	0.0778330045915	0.0758709908085	0.0739400438084	0.075559895236	0.0	0.0682994704699	0.0789002480743	0.0788921314827	0.0884617830906	0.0902698080756
TARA_138_SRF_0.22-3_G.snv.filtered.bam	0.0601664665587	0.0581282336482	0.0614611346613	0.0364737964851	0.0466183840081	0.0373667814049	0.036416923962	0.0408411136203	0.0403449660782	0.046472483139	0.0430748990839	0.0470352437886	0.051115274288	0.0513076935764	0.0525367974242	0.0414445437464	0.0489635524746	0.04754403974	0.0451183830686	0.0454336644095	0.0422478332646	0.0714217247004	0.061947851163	0.0697500305724	0.0993302634895	0.0985452670731	0.0967837192737	0.0734880517372	0.0880494603078	0.0434101489767	0.0497647484892	0.0459070318562	0.0437422038098	0.0480090710736	0.0682994704699	0.0	0.059420229849	0.0608946266685	0.0686421892331	0.0708001053126
TARA_142_DCM_0.22-3_G.snv.filtered.bam	0.0632543275546	0.0671094916213	0.0654641530423	0.0642154543476	0.0664533139968	0.0590952998174	0.0608787020127	0.0586630834299	0.0609765187752	0.063566235843	0.0620413582778	0.0644310178927	0.0653060575844	0.0670541871514	0.0665927561407	0.0604230338154	0.0650653575282	0.0630563110995	0.052051897633	0.0544514339469	0.0522742533111	0.0583853630995	0.0496674191123	0.0689411016265	0.104485368019	0.102419629229	0.101649525989	0.0789325890504	0.0921797267837	0.0624435811732	0.0697470234759	0.0707086285062	0.0686319897847	0.0681406189477	0.0789002480743	0.059420229849	0.0	0.0284748720453	0.0411170092665	0.0389531601963
TARA_142_SRF_0.22-3_G.snv.filtered.bam	0.0643199766156	0.0680871018062	0.0639299319151	0.0634039237612	0.0666201547658	0.0588187888891	0.0597861462146	0.0589628470364	0.0613093996468	0.0638760245216	0.0605511139498	0.0643486740745	0.0659742207471	0.0652673580443	0.0662509847417	0.0596874185424	0.06485395028	0.0633986177122	0.0532279911672	0.0550846541846	0.0509769643943	0.0565030088478	0.0484563454355	0.0677918754653	0.105321197078	0.102870599752	0.101384799338	0.0794455895849	0.0908382871514	0.063830905373	0.070406651125	0.0700076660451	0.0682847027039	0.0681116332634	0.0788921314827	0.0608946266685	0.0284748720453	0.0	0.0399462769354	0.0377566293499
TARA_146_SRF_0.22-3_G.snv.filtered.bam	0.0718105482828	0.0757307985705	0.0726211926399	0.0736847049103	0.0756879406429	0.0691760924428	0.0715924620487	0.0700068359077	0.0714448685558	0.0746408350349	0.0725592306429	0.072476227793	0.0724630664154	0.0738802947033	0.0711099353312	0.0687188714314	0.0731881986928	0.0696937191062	0.0630260136868	0.0648992426005	0.0639423874492	0.0654544139771	0.0596831292857	0.0764156334638	0.111915580284	0.108717060404	0.109342697146	0.0876790690678	0.09859019163	0.0696668804055	0.0757732109568	0.0768749803327	0.0757432488402	0.0757584918376	0.0884617830906	0.0686421892331	0.0411170092665	0.0399462769354	0.0	0.0417964620215
TARA_148_SRF_0.22-3_G.snv.filtered.bam	0.0728214070463	0.0788698248357	0.0746321623284	0.0739206822035	0.0752069287779	0.0694821358592	0.0705951102747	0.0709223269335	0.0719136576264	0.0750815870214	0.0702046543533	0.0731087193925	0.0738385453493	0.0734117589639	0.0729874210497	0.0689340635032	0.0709897183825	0.0729528074523	0.064851480123	0.0674260964607	0.065088910245	0.0617958581156	0.059076141535	0.0761676069899	0.111955021611	0.109666289458	0.109053362818	0.0887899281408	0.0998442832538	0.0731723846059	0.0783924127854	0.0791100992665	0.0769271030817	0.0778488013987	0.0902698080756	0.0708001053126	0.0389531601963	0.0377566293499	0.0417964620215	0.0
