	TARA_004_DCM_0.22-1.6_G.snv.filtered.bam	TARA_009_DCM_0.22-1.6_G.snv.filtered.bam	TARA_066_DCM_0.22-3_G.snv.filtered.bam	TARA_066_SRF_0.22-3_G.snv.filtered.bam	TARA_068_DCM_0.22-3_G.snv.filtered.bam	TARA_068_SRF_0.22-3_G.snv.filtered.bam	TARA_145_SRF_0.22-3_G.snv.filtered.bam	TARA_149_SRF_0.22-3_G.snv.filtered.bam	TARA_151_DCM_0.22-3_G.snv.filtered.bam	TARA_152_MIX_0.22-3_G.snv.filtered.bam	TARA_152_SRF_0.22-3_G.snv.filtered.bam
TARA_004_DCM_0.22-1.6_G.snv.filtered.bam	0.0	0.0596345126734	0.109568455193	0.118707400619	0.0933729014686	0.0975437957017	0.0855176253675	0.109361785341	0.0745111651572	0.0630446675956	0.0613068904715
TARA_009_DCM_0.22-1.6_G.snv.filtered.bam	0.0596345126734	0.0	0.121349282456	0.131707991915	0.110586591156	0.110799507196	0.0718138803428	0.104243644337	0.0766393047896	0.0594975113908	0.0655376395402
TARA_066_DCM_0.22-3_G.snv.filtered.bam	0.109568455193	0.121349282456	0.0	0.0716314533497	0.0818258265973	0.0839077470927	0.127984186012	0.148026175681	0.110024735988	0.10759520753	0.108211210106
TARA_066_SRF_0.22-3_G.snv.filtered.bam	0.118707400619	0.131707991915	0.0716314533497	0.0	0.0822892803307	0.074529558908	0.137533694985	0.160293084203	0.113778050175	0.11410933673	0.116098446678
TARA_068_DCM_0.22-3_G.snv.filtered.bam	0.0933729014686	0.110586591156	0.0818258265973	0.0822892803307	0.0	0.0570423781641	0.136505061874	0.145750117859	0.105087415053	0.100171371964	0.0990265039893
TARA_068_SRF_0.22-3_G.snv.filtered.bam	0.0975437957017	0.110799507196	0.0839077470927	0.074529558908	0.0570423781641	0.0	0.135890053762	0.144639718852	0.101714204224	0.0983751449054	0.09374954757
TARA_145_SRF_0.22-3_G.snv.filtered.bam	0.0855176253675	0.0718138803428	0.127984186012	0.137533694985	0.136505061874	0.135890053762	0.0	0.0863012293269	0.0952098523743	0.0788242249076	0.0829882550458
TARA_149_SRF_0.22-3_G.snv.filtered.bam	0.109361785341	0.104243644337	0.148026175681	0.160293084203	0.145750117859	0.144639718852	0.0863012293269	0.0	0.114192133231	0.103614660825	0.106335512843
TARA_151_DCM_0.22-3_G.snv.filtered.bam	0.0745111651572	0.0766393047896	0.110024735988	0.113778050175	0.105087415053	0.101714204224	0.0952098523743	0.114192133231	0.0	0.0594406835935	0.0624464964622
TARA_152_MIX_0.22-3_G.snv.filtered.bam	0.0630446675956	0.0594975113908	0.10759520753	0.11410933673	0.100171371964	0.0983751449054	0.0788242249076	0.103614660825	0.0594406835935	0.0	0.0433297588195
TARA_152_SRF_0.22-3_G.snv.filtered.bam	0.0613068904715	0.0655376395402	0.108211210106	0.116098446678	0.0990265039893	0.09374954757	0.0829882550458	0.106335512843	0.0624464964622	0.0433297588195	0.0
