	TARA_004_DCM_0.22-1.6_G.snv.filtered.bam	TARA_009_DCM_0.22-1.6_G.snv.filtered.bam	TARA_066_DCM_0.22-3_G.snv.filtered.bam	TARA_066_SRF_0.22-3_G.snv.filtered.bam	TARA_068_DCM_0.22-3_G.snv.filtered.bam	TARA_068_SRF_0.22-3_G.snv.filtered.bam	TARA_145_SRF_0.22-3_G.snv.filtered.bam	TARA_149_SRF_0.22-3_G.snv.filtered.bam	TARA_151_DCM_0.22-3_G.snv.filtered.bam	TARA_152_MIX_0.22-3_G.snv.filtered.bam	TARA_152_SRF_0.22-3_G.snv.filtered.bam
TARA_004_DCM_0.22-1.6_G.snv.filtered.bam	0.0	0.00286944045911	0.00860832137733	0.0157819225251	0.0157819225251	0.0186513629842	0.00717360114778	0.0114777618364	0.00286944045911	0.00286944045911	0.0
TARA_009_DCM_0.22-1.6_G.snv.filtered.bam	0.00286944045911	0.0	0.0286944045911	0.0315638450502	0.0329985652798	0.0373027259684	0.00143472022956	0.0100430416069	0.00573888091822	0.00143472022956	0.00286944045911
TARA_066_DCM_0.22-3_G.snv.filtered.bam	0.00860832137733	0.0286944045911	0.0	0.00143472022956	0.00573888091822	0.0	0.0315638450502	0.0200860832138	0.00430416068867	0.00573888091822	0.00573888091822
TARA_066_SRF_0.22-3_G.snv.filtered.bam	0.0157819225251	0.0315638450502	0.00143472022956	0.0	0.0	0.0	0.0344332855093	0.0243902439024	0.00717360114778	0.00860832137733	0.00717360114778
TARA_068_DCM_0.22-3_G.snv.filtered.bam	0.0157819225251	0.0329985652798	0.00573888091822	0.0	0.0	0.0	0.0487804878049	0.0315638450502	0.0114777618364	0.0157819225251	0.012912482066
TARA_068_SRF_0.22-3_G.snv.filtered.bam	0.0186513629842	0.0373027259684	0.0	0.0	0.0	0.0	0.0430416068867	0.0329985652798	0.0114777618364	0.0100430416069	0.00573888091822
TARA_145_SRF_0.22-3_G.snv.filtered.bam	0.00717360114778	0.00143472022956	0.0315638450502	0.0344332855093	0.0487804878049	0.0430416068867	0.0	0.0100430416069	0.00860832137733	0.0	0.00286944045911
TARA_149_SRF_0.22-3_G.snv.filtered.bam	0.0114777618364	0.0100430416069	0.0200860832138	0.0243902439024	0.0315638450502	0.0329985652798	0.0100430416069	0.0	0.0114777618364	0.0100430416069	0.00860832137733
TARA_151_DCM_0.22-3_G.snv.filtered.bam	0.00286944045911	0.00573888091822	0.00430416068867	0.00717360114778	0.0114777618364	0.0114777618364	0.00860832137733	0.0114777618364	0.0	0.00143472022956	0.00286944045911
TARA_152_MIX_0.22-3_G.snv.filtered.bam	0.00286944045911	0.00143472022956	0.00573888091822	0.00860832137733	0.0157819225251	0.0100430416069	0.0	0.0100430416069	0.00143472022956	0.0	0.00143472022956
TARA_152_SRF_0.22-3_G.snv.filtered.bam	0.0	0.00286944045911	0.00573888091822	0.00717360114778	0.012912482066	0.00573888091822	0.00286944045911	0.00860832137733	0.00286944045911	0.00143472022956	0.0
