	TARA_037_MES_0.22-1.6_G.snv.filtered.bam	TARA_038_MES_0.22-1.6_G.snv.filtered.bam	TARA_039_MES_0.22-1.6_G.snv.filtered.bam	TARA_100_MES_0.22-3_G.snv.filtered.bam	TARA_110_MES_0.22-3_G.snv.filtered.bam	TARA_137_DCM_0.22-3_G.snv.filtered.bam	TARA_137_MES_0.22-3_G.snv.filtered.bam	TARA_138_MES_0.22-3_G.snv.filtered.bam
TARA_037_MES_0.22-1.6_G.snv.filtered.bam	0.0	0.00278843130133	0.00344199573216	0.389252622119	0.38382113998	0.384319404868	0.380962659308	0.380964585164
TARA_038_MES_0.22-1.6_G.snv.filtered.bam	0.00278843130133	0.0	0.00258705401982	0.389884772814	0.384505802691	0.384868790154	0.381458416342	0.381523618191
TARA_039_MES_0.22-1.6_G.snv.filtered.bam	0.00344199573216	0.00258705401982	0.0	0.389582890552	0.384027589562	0.384677542427	0.381309543781	0.381322722724
TARA_100_MES_0.22-3_G.snv.filtered.bam	0.389252622119	0.389884772814	0.389582890552	0.0	0.0535717105885	0.0342389044857	0.065953438495	0.0768286716586
TARA_110_MES_0.22-3_G.snv.filtered.bam	0.38382113998	0.384505802691	0.384027589562	0.0535717105885	0.0	0.0577502778882	0.0839226632196	0.0967510764262
TARA_137_DCM_0.22-3_G.snv.filtered.bam	0.384319404868	0.384868790154	0.384677542427	0.0342389044857	0.0577502778882	0.0	0.0426424245323	0.0540509688462
TARA_137_MES_0.22-3_G.snv.filtered.bam	0.380962659308	0.381458416342	0.381309543781	0.065953438495	0.0839226632196	0.0426424245323	0.0	0.0229783526044
TARA_138_MES_0.22-3_G.snv.filtered.bam	0.380964585164	0.381523618191	0.381322722724	0.0768286716586	0.0967510764262	0.0540509688462	0.0229783526044	0.0
