	TARA_004_DCM_0.22-1.6_G.snv.filtered.bam	TARA_004_SRF_0.22-1.6_G.snv.filtered.bam	TARA_007_SRF_0.22-1.6_G.snv.filtered.bam	TARA_009_DCM_0.22-1.6_G.snv.filtered.bam	TARA_009_SRF_0.22-1.6_G.snv.filtered.bam	TARA_018_DCM_0.22-1.6_G.snv.filtered.bam	TARA_018_SRF_0.22-1.6_G.snv.filtered.bam	TARA_023_DCM_0.22-1.6_G.snv.filtered.bam	TARA_023_SRF_0.22-1.6_G.snv.filtered.bam	TARA_025_DCM_0.22-1.6_G.snv.filtered.bam	TARA_025_SRF_0.22-1.6_G.snv.filtered.bam	TARA_030_DCM_0.22-1.6_G.snv.filtered.bam	TARA_030_SRF_0.22-1.6_G.snv.filtered.bam	TARA_068_DCM_0.22-3_G.snv.filtered.bam	TARA_068_SRF_0.22-3_G.snv.filtered.bam	TARA_078_SRF_0.22-3_G.snv.filtered.bam	TARA_096_SRF_0.22-3_G.snv.filtered.bam	TARA_099_SRF_0.22-3_G.snv.filtered.bam	TARA_133_SRF_0.22-3_G.snv.filtered.bam	TARA_150_DCM_0.22-3_G.snv.filtered.bam	TARA_150_SRF_0.22-3_G.snv.filtered.bam	TARA_151_DCM_0.22-3_G.snv.filtered.bam	TARA_151_SRF_0.22-3_G.snv.filtered.bam	TARA_152_MIX_0.22-3_G.snv.filtered.bam	TARA_152_SRF_0.22-3_G.snv.filtered.bam
TARA_004_DCM_0.22-1.6_G.snv.filtered.bam	0.0	0.0388173302871	0.0496484330706	0.0439255674151	0.0501502581406	0.0407330646335	0.043728556159	0.0486164680747	0.0525570492509	0.0478158305548	0.0478134128809	0.045328163635	0.0534427687153	0.0512271191281	0.0499675960464	0.0500759483352	0.0835391045524	0.0625250007371	0.0741293610278	0.0414998558399	0.0439614447088	0.0463993376412	0.0434513600006	0.0500107744318	0.0478746602089
TARA_004_SRF_0.22-1.6_G.snv.filtered.bam	0.0388173302871	0.0	0.0468905549	0.039067822924	0.0496607023099	0.0348112916824	0.0386138300065	0.0456856536119	0.0525201978771	0.0439073165223	0.0450966271966	0.0421316017836	0.052608849779	0.0478664152247	0.0462266134448	0.0502820439236	0.0850852573118	0.0626528049046	0.0728928456891	0.0385990376683	0.0384285507621	0.0430878773855	0.0405587220865	0.0436851606406	0.0438028019615
TARA_007_SRF_0.22-1.6_G.snv.filtered.bam	0.0496484330706	0.0468905549	0.0	0.0520313532665	0.0436485020885	0.0463731000013	0.0480085541153	0.0510589710633	0.0482661115041	0.0528189645572	0.0417038882332	0.0473332216616	0.049953660693	0.0572716911269	0.0500034746501	0.0574068593512	0.0918365195413	0.0686230151541	0.0846073619066	0.0498254394761	0.0522803728806	0.0562769875751	0.0529521610816	0.0551037943323	0.0572802484935
TARA_009_DCM_0.22-1.6_G.snv.filtered.bam	0.0439255674151	0.039067822924	0.0520313532665	0.0	0.052926252863	0.034435009587	0.0359971802436	0.0359481002162	0.0480682433338	0.0389802858667	0.0457411906697	0.0429991320926	0.0566527593626	0.0507137173954	0.0456209925117	0.0537478011663	0.0846033990249	0.0647071891136	0.0640182970439	0.0407641467027	0.042475781693	0.0445201223764	0.0397452751495	0.0423342890987	0.0399999203203
TARA_009_SRF_0.22-1.6_G.snv.filtered.bam	0.0501502581406	0.0496607023099	0.0436485020885	0.052926252863	0.0	0.0481875291938	0.0493849164551	0.0542133395031	0.0511799862185	0.0561512089856	0.0422558018058	0.0461794064166	0.0482552420571	0.0600024132445	0.0551125447026	0.0599865389011	0.0903337016758	0.0698352599838	0.0822291793209	0.0508357801047	0.054032317934	0.0565434102726	0.0546176797852	0.0586563420325	0.0570416173118
TARA_018_DCM_0.22-1.6_G.snv.filtered.bam	0.0407330646335	0.0348112916824	0.0463731000013	0.034435009587	0.0481875291938	0.0	0.0279339960642	0.0409068970402	0.0468986737254	0.039280916299	0.0410387896945	0.0348318723828	0.0471578571948	0.048980278942	0.0454647343293	0.0501600539279	0.0852596537773	0.0618439334185	0.0687816010257	0.038908842998	0.0399844400051	0.0435018359198	0.0404136373653	0.042035462254	0.0424035298422
TARA_018_SRF_0.22-1.6_G.snv.filtered.bam	0.043728556159	0.0386138300065	0.0480085541153	0.0359971802436	0.0493849164551	0.0279339960642	0.0	0.0411189776529	0.0488371106113	0.0398990767356	0.0427298604132	0.0377177904188	0.0498916139531	0.0516963195647	0.0473976829176	0.0510539998508	0.0853695940525	0.0600217387873	0.0691733777852	0.0392461739448	0.0423674064265	0.0445395166076	0.0416590897828	0.0450759040006	0.0450805390341
TARA_023_DCM_0.22-1.6_G.snv.filtered.bam	0.0486164680747	0.0456856536119	0.0510589710633	0.0359481002162	0.0542133395031	0.0409068970402	0.0411189776529	0.0	0.0430140875062	0.0400059781943	0.0409128299217	0.0422292064115	0.0558751841422	0.0561961206108	0.0478257968086	0.0571282097624	0.0903670448899	0.0712381656779	0.0662490850249	0.0469239957194	0.0467872680681	0.0506363327298	0.043455759312	0.0457432275704	0.047006464861
TARA_023_SRF_0.22-1.6_G.snv.filtered.bam	0.0525570492509	0.0525201978771	0.0482661115041	0.0480682433338	0.0511799862185	0.0468986737254	0.0488371106113	0.0430140875062	0.0	0.0482329590027	0.0340623884242	0.0425784447784	0.0482229644782	0.0581730232864	0.0522355681358	0.0602162679186	0.0988913274257	0.0775249876472	0.0788150339671	0.0533053342225	0.0528622766899	0.0558757719167	0.0537880921744	0.0560550840671	0.0553858034637
TARA_025_DCM_0.22-1.6_G.snv.filtered.bam	0.0478158305548	0.0439073165223	0.0528189645572	0.0389802858667	0.0561512089856	0.039280916299	0.0398990767356	0.0400059781943	0.0482329590027	0.0	0.0469287555297	0.0468831708911	0.0568439752915	0.050327551456	0.0497219657398	0.0546061259465	0.0863222993621	0.0645421300873	0.0650731929416	0.0442749138583	0.0479279726709	0.0490459059574	0.0476810561752	0.0440199537838	0.0433879258662
TARA_025_SRF_0.22-1.6_G.snv.filtered.bam	0.0478134128809	0.0450966271966	0.0417038882332	0.0457411906697	0.0422558018058	0.0410387896945	0.0427298604132	0.0409128299217	0.0340623884242	0.0469287555297	0.0	0.0370510374904	0.03683933912	0.0557731836151	0.0516452608052	0.0572355991851	0.0949556044351	0.0735714181956	0.0822066650882	0.0503827084929	0.0506290823304	0.055309350448	0.0516373614925	0.0521232066986	0.0544541535161
TARA_030_DCM_0.22-1.6_G.snv.filtered.bam	0.045328163635	0.0421316017836	0.0473332216616	0.0429991320926	0.0461794064166	0.0348318723828	0.0377177904188	0.0422292064115	0.0425784447784	0.0468831708911	0.0370510374904	0.0	0.0399359430938	0.0556847830953	0.0492733102079	0.0557439290721	0.0906945168626	0.0688009165402	0.0792838328692	0.0449729248069	0.0448168857434	0.0472577113151	0.0453099101412	0.0488479546808	0.0499283569387
TARA_030_SRF_0.22-1.6_G.snv.filtered.bam	0.0534427687153	0.052608849779	0.049953660693	0.0566527593626	0.0482552420571	0.0471578571948	0.0498916139531	0.0558751841422	0.0482229644782	0.0568439752915	0.03683933912	0.0399359430938	0.0	0.0630878326468	0.0596827716353	0.0594573958308	0.0971873610059	0.0750211103322	0.0863098320268	0.0556200953508	0.0571005521882	0.0633258570758	0.0602035650095	0.0602286084209	0.0609385978879
TARA_068_DCM_0.22-3_G.snv.filtered.bam	0.0512271191281	0.0478664152247	0.0572716911269	0.0507137173954	0.0600024132445	0.048980278942	0.0516963195647	0.0561961206108	0.0581730232864	0.050327551456	0.0557731836151	0.0556847830953	0.0630878326468	0.0	0.0527040361639	0.0585525896134	0.0899977314975	0.0715090265092	0.0770020653518	0.0487242453298	0.0515960085287	0.054986771282	0.0523199271701	0.0515804337172	0.0534752059618
TARA_068_SRF_0.22-3_G.snv.filtered.bam	0.0499675960464	0.0462266134448	0.0500034746501	0.0456209925117	0.0551125447026	0.0454647343293	0.0473976829176	0.0478257968086	0.0522355681358	0.0497219657398	0.0516452608052	0.0492733102079	0.0596827716353	0.0527040361639	0.0	0.0564131136145	0.0899763644575	0.0694376767121	0.0755468159271	0.046015831422	0.0473071562686	0.0499290477347	0.0457688673164	0.0495590063051	0.0491656673079
TARA_078_SRF_0.22-3_G.snv.filtered.bam	0.0500759483352	0.0502820439236	0.0574068593512	0.0537478011663	0.0599865389011	0.0501600539279	0.0510539998508	0.0571282097624	0.0602162679186	0.0546061259465	0.0572355991851	0.0557439290721	0.0594573958308	0.0585525896134	0.0564131136145	0.0	0.0837818807364	0.0662387811125	0.0782590908595	0.0516548874468	0.0504308932514	0.057652530216	0.0542699902723	0.0552376594711	0.0549825734133
TARA_096_SRF_0.22-3_G.snv.filtered.bam	0.0835391045524	0.0850852573118	0.0918365195413	0.0846033990249	0.0903337016758	0.0852596537773	0.0853695940525	0.0903670448899	0.0988913274257	0.0863222993621	0.0949556044351	0.0906945168626	0.0971873610059	0.0899977314975	0.0899763644575	0.0837818807364	0.0	0.0528932005203	0.093181251058	0.0793639799069	0.0869385453626	0.0858065905238	0.086077155545	0.08493186368	0.0821781882397
TARA_099_SRF_0.22-3_G.snv.filtered.bam	0.0625250007371	0.0626528049046	0.0686230151541	0.0647071891136	0.0698352599838	0.0618439334185	0.0600217387873	0.0712381656779	0.0775249876472	0.0645421300873	0.0735714181956	0.0688009165402	0.0750211103322	0.0715090265092	0.0694376767121	0.0662387811125	0.0528932005203	0.0	0.0787107861914	0.0612293401764	0.0648077753744	0.0668241294316	0.0650216761224	0.0675167364141	0.0641516715844
TARA_133_SRF_0.22-3_G.snv.filtered.bam	0.0741293610278	0.0728928456891	0.0846073619066	0.0640182970439	0.0822291793209	0.0687816010257	0.0691733777852	0.0662490850249	0.0788150339671	0.0650731929416	0.0822066650882	0.0792838328692	0.0863098320268	0.0770020653518	0.0755468159271	0.0782590908595	0.093181251058	0.0787107861914	0.0	0.0698997892716	0.073677070278	0.0735833675731	0.0717753175447	0.0645263996108	0.0642977966671
TARA_150_DCM_0.22-3_G.snv.filtered.bam	0.0414998558399	0.0385990376683	0.0498254394761	0.0407641467027	0.0508357801047	0.038908842998	0.0392461739448	0.0469239957194	0.0533053342225	0.0442749138583	0.0503827084929	0.0449729248069	0.0556200953508	0.0487242453298	0.046015831422	0.0516548874468	0.0793639799069	0.0612293401764	0.0698997892716	0.0	0.0401594925749	0.0448858261504	0.0391715264741	0.0439205582231	0.0440883786351
TARA_150_SRF_0.22-3_G.snv.filtered.bam	0.0439614447088	0.0384285507621	0.0522803728806	0.042475781693	0.054032317934	0.0399844400051	0.0423674064265	0.0467872680681	0.0528622766899	0.0479279726709	0.0506290823304	0.0448168857434	0.0571005521882	0.0515960085287	0.0473071562686	0.0504308932514	0.0869385453626	0.0648077753744	0.073677070278	0.0401594925749	0.0	0.0443096709823	0.0408891502966	0.048701639958	0.0457723622564
TARA_151_DCM_0.22-3_G.snv.filtered.bam	0.0463993376412	0.0430878773855	0.0562769875751	0.0445201223764	0.0565434102726	0.0435018359198	0.0445395166076	0.0506363327298	0.0558757719167	0.0490459059574	0.055309350448	0.0472577113151	0.0633258570758	0.054986771282	0.0499290477347	0.057652530216	0.0858065905238	0.0668241294316	0.0735833675731	0.0448858261504	0.0443096709823	0.0	0.038907819785	0.0480694615494	0.0475001558994
TARA_151_SRF_0.22-3_G.snv.filtered.bam	0.0434513600006	0.0405587220865	0.0529521610816	0.0397452751495	0.0546176797852	0.0404136373653	0.0416590897828	0.043455759312	0.0537880921744	0.0476810561752	0.0516373614925	0.0453099101412	0.0602035650095	0.0523199271701	0.0457688673164	0.0542699902723	0.086077155545	0.0650216761224	0.0717753175447	0.0391715264741	0.0408891502966	0.038907819785	0.0	0.0453967303211	0.0441708309746
TARA_152_MIX_0.22-3_G.snv.filtered.bam	0.0500107744318	0.0436851606406	0.0551037943323	0.0423342890987	0.0586563420325	0.042035462254	0.0450759040006	0.0457432275704	0.0560550840671	0.0440199537838	0.0521232066986	0.0488479546808	0.0602286084209	0.0515804337172	0.0495590063051	0.0552376594711	0.08493186368	0.0675167364141	0.0645263996108	0.0439205582231	0.048701639958	0.0480694615494	0.0453967303211	0.0	0.042658123528
TARA_152_SRF_0.22-3_G.snv.filtered.bam	0.0478746602089	0.0438028019615	0.0572802484935	0.0399999203203	0.0570416173118	0.0424035298422	0.0450805390341	0.047006464861	0.0553858034637	0.0433879258662	0.0544541535161	0.0499283569387	0.0609385978879	0.0534752059618	0.0491656673079	0.0549825734133	0.0821781882397	0.0641516715844	0.0642977966671	0.0440883786351	0.0457723622564	0.0475001558994	0.0441708309746	0.042658123528	0.0
