	TARA_004_DCM_0.22-1.6_G.snv.filtered.bam	TARA_009_DCM_0.22-1.6_G.snv.filtered.bam	TARA_018_DCM_0.22-1.6_G.snv.filtered.bam	TARA_018_SRF_0.22-1.6_G.snv.filtered.bam	TARA_025_DCM_0.22-1.6_G.snv.filtered.bam	TARA_030_DCM_0.22-1.6_G.snv.filtered.bam	TARA_066_SRF_0.22-3_G.snv.filtered.bam	TARA_133_SRF_0.22-3_G.snv.filtered.bam	TARA_152_MIX_0.22-3_G.snv.filtered.bam	TARA_152_SRF_0.22-3_G.snv.filtered.bam
TARA_004_DCM_0.22-1.6_G.snv.filtered.bam	0.0	0.106377625599	0.11630006458	0.116004081602	0.112722314849	0.129503927215	0.101176399464	0.120911505291	0.0886354018683	0.087766918547
TARA_009_DCM_0.22-1.6_G.snv.filtered.bam	0.106377625599	0.0	0.0378398706152	0.0432361823215	0.0654387408228	0.100105276622	0.0754336949178	0.124221120402	0.0846067045506	0.0866530806496
TARA_018_DCM_0.22-1.6_G.snv.filtered.bam	0.11630006458	0.0378398706152	0.0	0.0316655830828	0.0521189454092	0.0876334538027	0.0776433570269	0.127135517069	0.0885558449991	0.0903248965754
TARA_018_SRF_0.22-1.6_G.snv.filtered.bam	0.116004081602	0.0432361823215	0.0316655830828	0.0	0.0518254683165	0.091373000433	0.0812489180073	0.126738073668	0.0883531515991	0.0908338220403
TARA_025_DCM_0.22-1.6_G.snv.filtered.bam	0.112722314849	0.0654387408228	0.0521189454092	0.0518254683165	0.0	0.0633787506405	0.0779968177875	0.1240108507	0.0880115357688	0.0901922914478
TARA_030_DCM_0.22-1.6_G.snv.filtered.bam	0.129503927215	0.100105276622	0.0876334538027	0.091373000433	0.0633787506405	0.0	0.100435350564	0.12912755604	0.107088776815	0.108208287703
TARA_066_SRF_0.22-3_G.snv.filtered.bam	0.101176399464	0.0754336949178	0.0776433570269	0.0812489180073	0.0779968177875	0.100435350564	0.0	0.104433554518	0.0759967659183	0.0780037459492
TARA_133_SRF_0.22-3_G.snv.filtered.bam	0.120911505291	0.124221120402	0.127135517069	0.126738073668	0.1240108507	0.12912755604	0.104433554518	0.0	0.122555623188	0.12194858961
TARA_152_MIX_0.22-3_G.snv.filtered.bam	0.0886354018683	0.0846067045506	0.0885558449991	0.0883531515991	0.0880115357688	0.107088776815	0.0759967659183	0.122555623188	0.0	0.024924051358
TARA_152_SRF_0.22-3_G.snv.filtered.bam	0.087766918547	0.0866530806496	0.0903248965754	0.0908338220403	0.0901922914478	0.108208287703	0.0780037459492	0.12194858961	0.024924051358	0.0
