	TARA_004_DCM_0.22-1.6_G.snv.filtered.bam	TARA_009_DCM_0.22-1.6_G.snv.filtered.bam	TARA_018_DCM_0.22-1.6_G.snv.filtered.bam	TARA_018_SRF_0.22-1.6_G.snv.filtered.bam	TARA_025_DCM_0.22-1.6_G.snv.filtered.bam	TARA_030_DCM_0.22-1.6_G.snv.filtered.bam	TARA_066_SRF_0.22-3_G.snv.filtered.bam	TARA_133_SRF_0.22-3_G.snv.filtered.bam	TARA_152_MIX_0.22-3_G.snv.filtered.bam	TARA_152_SRF_0.22-3_G.snv.filtered.bam
TARA_004_DCM_0.22-1.6_G.snv.filtered.bam	0.0	0.0103359173127	0.0258397932817	0.0245478036176	0.0284237726098	0.0594315245478	0.015503875969	0.0232558139535	0.00387596899225	0.00387596899225
TARA_009_DCM_0.22-1.6_G.snv.filtered.bam	0.0103359173127	0.0	0.0	0.0	0.0	0.0503875968992	0.00258397932817	0.0361757105943	0.00904392764858	0.00904392764858
TARA_018_DCM_0.22-1.6_G.snv.filtered.bam	0.0258397932817	0.0	0.0	0.0	0.00387596899225	0.0529715762274	0.0103359173127	0.0490956072351	0.0142118863049	0.015503875969
TARA_018_SRF_0.22-1.6_G.snv.filtered.bam	0.0245478036176	0.0	0.0	0.0	0.00516795865633	0.0542635658915	0.0103359173127	0.046511627907	0.0180878552972	0.0180878552972
TARA_025_DCM_0.22-1.6_G.snv.filtered.bam	0.0284237726098	0.0	0.00387596899225	0.00516795865633	0.0	0.0335917312661	0.0077519379845	0.0529715762274	0.0116279069767	0.0129198966408
TARA_030_DCM_0.22-1.6_G.snv.filtered.bam	0.0594315245478	0.0503875968992	0.0529715762274	0.0542635658915	0.0335917312661	0.0	0.0503875968992	0.0697674418605	0.0516795865633	0.0529715762274
TARA_066_SRF_0.22-3_G.snv.filtered.bam	0.015503875969	0.00258397932817	0.0103359173127	0.0103359173127	0.0077519379845	0.0503875968992	0.0	0.0232558139535	0.0	0.00258397932817
TARA_133_SRF_0.22-3_G.snv.filtered.bam	0.0232558139535	0.0361757105943	0.0490956072351	0.046511627907	0.0529715762274	0.0697674418605	0.0232558139535	0.0	0.0374677002584	0.0335917312661
TARA_152_MIX_0.22-3_G.snv.filtered.bam	0.00387596899225	0.00904392764858	0.0142118863049	0.0180878552972	0.0116279069767	0.0516795865633	0.0	0.0374677002584	0.0	0.0
TARA_152_SRF_0.22-3_G.snv.filtered.bam	0.00387596899225	0.00904392764858	0.015503875969	0.0180878552972	0.0129198966408	0.0529715762274	0.00258397932817	0.0335917312661	0.0	0.0
