	TARA_038_MES_0.22-1.6_G.snv.filtered.bam	TARA_039_MES_0.22-1.6_G.snv.filtered.bam	TARA_100_MES_0.22-3_G.snv.filtered.bam	TARA_110_MES_0.22-3_G.snv.filtered.bam	TARA_137_DCM_0.22-3_G.snv.filtered.bam	TARA_137_MES_0.22-3_G.snv.filtered.bam	TARA_138_MES_0.22-3_G.snv.filtered.bam
TARA_038_MES_0.22-1.6_G.snv.filtered.bam	0.0	0.0	0.415584415584	0.30303030303	0.354978354978	0.324675324675	0.393939393939
TARA_039_MES_0.22-1.6_G.snv.filtered.bam	0.0	0.0	0.415584415584	0.30303030303	0.354978354978	0.324675324675	0.393939393939
TARA_100_MES_0.22-3_G.snv.filtered.bam	0.415584415584	0.415584415584	0.0	0.004329004329	0.0	0.0562770562771	0.021645021645
TARA_110_MES_0.22-3_G.snv.filtered.bam	0.30303030303	0.30303030303	0.004329004329	0.0	0.0	0.004329004329	0.04329004329
TARA_137_DCM_0.22-3_G.snv.filtered.bam	0.354978354978	0.354978354978	0.0	0.0	0.0	0.004329004329	0.004329004329
TARA_137_MES_0.22-3_G.snv.filtered.bam	0.324675324675	0.324675324675	0.0562770562771	0.004329004329	0.004329004329	0.0	0.038961038961
TARA_138_MES_0.22-3_G.snv.filtered.bam	0.393939393939	0.393939393939	0.021645021645	0.04329004329	0.004329004329	0.038961038961	0.0
