	TARA_007_SRF_0.22-1.6_G.snv.filtered.bam	TARA_009_SRF_0.22-1.6_G.snv.filtered.bam	TARA_031_SRF_0.22-1.6_G.snv.filtered.bam	TARA_032_DCM_0.22-1.6_G.snv.filtered.bam	TARA_032_SRF_0.22-1.6_G.snv.filtered.bam	TARA_033_SRF_0.22-1.6_G.snv.filtered.bam	TARA_034_SRF_0.22-1.6_G.snv.filtered.bam	TARA_036_DCM_0.22-1.6_G.snv.filtered.bam	TARA_036_SRF_0.22-1.6_G.snv.filtered.bam	TARA_038_DCM_0.22-1.6_G.snv.filtered.bam	TARA_038_SRF_0.22-1.6_G.snv.filtered.bam	TARA_039_DCM_0.22-1.6_G.snv.filtered.bam	TARA_041_SRF_0.22-1.6_G.snv.filtered.bam	TARA_042_SRF_0.22-1.6_G.snv.filtered.bam	TARA_045_SRF_0.22-1.6_G.snv.filtered.bam	TARA_048_SRF_0.22-1.6_G.snv.filtered.bam	TARA_056_SRF_0.22-3_G.snv.filtered.bam	TARA_057_SRF_0.22-3_G.snv.filtered.bam	TARA_058_DCM_0.22-3_G.snv.filtered.bam	TARA_062_SRF_0.22-3_G.snv.filtered.bam	TARA_064_DCM_0.22-3_G.snv.filtered.bam	TARA_064_SRF_0.22-3_G.snv.filtered.bam	TARA_065_DCM_0.22-3_G.snv.filtered.bam	TARA_065_SRF_0.22-3_G.snv.filtered.bam	TARA_078_DCM_0.22-3_G.snv.filtered.bam	TARA_078_SRF_0.22-3_G.snv.filtered.bam	TARA_140_SRF_0.22-3_G.snv.filtered.bam	TARA_141_SRF_0.22-3_G.snv.filtered.bam	TARA_149_SRF_0.22-3_G.snv.filtered.bam
TARA_007_SRF_0.22-1.6_G.snv.filtered.bam	0.0	0.003663003663	0.0961538461538	0.105311355311	0.102564102564	0.108058608059	0.102564102564	0.0879120879121	0.0915750915751	0.0879120879121	0.0888278388278	0.102564102564	0.111721611722	0.108974358974	0.108974358974	0.1163003663	0.105311355311	0.105311355311	0.102564102564	0.104395604396	0.0934065934066	0.0989010989011	0.104395604396	0.104395604396	0.0778388278388	0.0778388278388	0.0952380952381	0.121794871795	0.0741758241758
TARA_009_SRF_0.22-1.6_G.snv.filtered.bam	0.003663003663	0.0	0.117216117216	0.121794871795	0.119963369963	0.121794871795	0.118131868132	0.112637362637	0.113553113553	0.108974358974	0.108058608059	0.121794871795	0.128205128205	0.128205128205	0.126373626374	0.129120879121	0.122710622711	0.125457875458	0.124542124542	0.121794871795	0.110805860806	0.117216117216	0.122710622711	0.118131868132	0.100732600733	0.102564102564	0.111721611722	0.135531135531	0.0860805860806
TARA_031_SRF_0.22-1.6_G.snv.filtered.bam	0.0961538461538	0.117216117216	0.0	0.0	0.000915750915751	0.0018315018315	0.003663003663	0.0210622710623	0.0201465201465	0.0018315018315	0.0137362637363	0.0	0.0	0.0	0.0	0.0192307692308	0.000915750915751	0.000915750915751	0.0	0.0	0.0	0.0	0.0	0.0	0.00824175824176	0.00549450549451	0.000915750915751	0.0119047619048	0.0192307692308
TARA_032_DCM_0.22-1.6_G.snv.filtered.bam	0.105311355311	0.121794871795	0.0	0.0	0.0018315018315	0.00641025641026	0.010989010989	0.0247252747253	0.0265567765568	0.00641025641026	0.0238095238095	0.0018315018315	0.003663003663	0.0018315018315	0.003663003663	0.0238095238095	0.00641025641026	0.003663003663	0.003663003663	0.00457875457875	0.0018315018315	0.003663003663	0.003663003663	0.00549450549451	0.0201465201465	0.010989010989	0.00641025641026	0.0228937728938	0.0228937728938
TARA_032_SRF_0.22-1.6_G.snv.filtered.bam	0.102564102564	0.119963369963	0.000915750915751	0.0018315018315	0.0	0.00457875457875	0.00274725274725	0.0311355311355	0.029304029304	0.003663003663	0.025641025641	0.000915750915751	0.000915750915751	0.0	0.000915750915751	0.025641025641	0.0018315018315	0.000915750915751	0.00274725274725	0.000915750915751	0.000915750915751	0.000915750915751	0.0	0.0018315018315	0.0137362637363	0.0100732600733	0.00457875457875	0.0173992673993	0.025641025641
TARA_033_SRF_0.22-1.6_G.snv.filtered.bam	0.108058608059	0.121794871795	0.0018315018315	0.00641025641026	0.00457875457875	0.0	0.0	0.0320512820513	0.0283882783883	0.00641025641026	0.025641025641	0.000915750915751	0.00274725274725	0.00274725274725	0.00457875457875	0.032967032967	0.0	0.0	0.0	0.0	0.000915750915751	0.000915750915751	0.0018315018315	0.0018315018315	0.0192307692308	0.0128205128205	0.000915750915751	0.00549450549451	0.0265567765568
TARA_034_SRF_0.22-1.6_G.snv.filtered.bam	0.102564102564	0.118131868132	0.003663003663	0.010989010989	0.00274725274725	0.0	0.0	0.029304029304	0.0265567765568	0.010989010989	0.0238095238095	0.0	0.003663003663	0.0018315018315	0.00824175824176	0.040293040293	0.0018315018315	0.000915750915751	0.0018315018315	0.0	0.000915750915751	0.0018315018315	0.0	0.00274725274725	0.0128205128205	0.0137362637363	0.000915750915751	0.00549450549451	0.0274725274725
TARA_036_DCM_0.22-1.6_G.snv.filtered.bam	0.0879120879121	0.112637362637	0.0210622710623	0.0247252747253	0.0311355311355	0.0320512820513	0.029304029304	0.0	0.0	0.0	0.0	0.025641025641	0.0412087912088	0.040293040293	0.0421245421245	0.0668498168498	0.0375457875458	0.040293040293	0.043956043956	0.0357142857143	0.0247252747253	0.0302197802198	0.0338827838828	0.03663003663	0.00457875457875	0.00641025641026	0.00457875457875	0.0540293040293	0.010989010989
TARA_036_SRF_0.22-1.6_G.snv.filtered.bam	0.0915750915751	0.113553113553	0.0201465201465	0.0265567765568	0.029304029304	0.0283882783883	0.0265567765568	0.0	0.0	0.0	0.0	0.025641025641	0.0393772893773	0.0347985347985	0.040293040293	0.0641025641026	0.0320512820513	0.0393772893773	0.0384615384615	0.0320512820513	0.0238095238095	0.025641025641	0.0320512820513	0.0311355311355	0.00274725274725	0.00641025641026	0.00641025641026	0.0503663003663	0.0173992673993
TARA_038_DCM_0.22-1.6_G.snv.filtered.bam	0.0879120879121	0.108974358974	0.0018315018315	0.00641025641026	0.003663003663	0.00641025641026	0.010989010989	0.0	0.0	0.0	0.000915750915751	0.000915750915751	0.00732600732601	0.00641025641026	0.00457875457875	0.0338827838828	0.00915750915751	0.00824175824176	0.00732600732601	0.00732600732601	0.0	0.003663003663	0.0018315018315	0.00732600732601	0.003663003663	0.0018315018315	0.0018315018315	0.021978021978	0.0100732600733
TARA_038_SRF_0.22-1.6_G.snv.filtered.bam	0.0888278388278	0.108058608059	0.0137362637363	0.0238095238095	0.025641025641	0.025641025641	0.0238095238095	0.0	0.0	0.000915750915751	0.0	0.0173992673993	0.0357142857143	0.029304029304	0.0357142857143	0.0631868131868	0.0311355311355	0.03663003663	0.032967032967	0.0274725274725	0.0155677655678	0.018315018315	0.0274725274725	0.0311355311355	0.00457875457875	0.00274725274725	0.00274725274725	0.0467032967033	0.00824175824176
TARA_039_DCM_0.22-1.6_G.snv.filtered.bam	0.102564102564	0.121794871795	0.0	0.0018315018315	0.000915750915751	0.000915750915751	0.0	0.025641025641	0.025641025641	0.000915750915751	0.0173992673993	0.0	0.0	0.0	0.0	0.032967032967	0.0	0.0	0.0	0.0	0.0	0.0	0.0	0.0	0.0119047619048	0.00641025641026	0.000915750915751	0.00732600732601	0.0210622710623
TARA_041_SRF_0.22-1.6_G.snv.filtered.bam	0.111721611722	0.128205128205	0.0	0.003663003663	0.000915750915751	0.00274725274725	0.003663003663	0.0412087912088	0.0393772893773	0.00732600732601	0.0357142857143	0.0	0.0	0.0	0.0	0.0247252747253	0.0	0.0	0.0	0.0	0.0	0.0	0.0	0.0	0.0192307692308	0.014652014652	0.00457875457875	0.0192307692308	0.032967032967
TARA_042_SRF_0.22-1.6_G.snv.filtered.bam	0.108974358974	0.128205128205	0.0	0.0018315018315	0.0	0.00274725274725	0.0018315018315	0.040293040293	0.0347985347985	0.00641025641026	0.029304029304	0.0	0.0	0.0	0.0	0.0247252747253	0.0018315018315	0.0	0.0	0.0	0.0	0.0	0.0	0.0	0.018315018315	0.014652014652	0.000915750915751	0.00732600732601	0.0274725274725
TARA_045_SRF_0.22-1.6_G.snv.filtered.bam	0.108974358974	0.126373626374	0.0	0.003663003663	0.000915750915751	0.00457875457875	0.00824175824176	0.0421245421245	0.040293040293	0.00457875457875	0.0357142857143	0.0	0.0	0.0	0.0	0.010989010989	0.00274725274725	0.0	0.000915750915751	0.0	0.0	0.0018315018315	0.0	0.0	0.018315018315	0.0119047619048	0.00641025641026	0.021978021978	0.0274725274725
TARA_048_SRF_0.22-1.6_G.snv.filtered.bam	0.1163003663	0.129120879121	0.0192307692308	0.0238095238095	0.025641025641	0.032967032967	0.040293040293	0.0668498168498	0.0641025641026	0.0338827838828	0.0631868131868	0.032967032967	0.0247252747253	0.0247252747253	0.010989010989	0.0	0.0311355311355	0.03663003663	0.0338827838828	0.0320512820513	0.0210622710623	0.018315018315	0.0320512820513	0.032967032967	0.043956043956	0.0375457875458	0.0338827838828	0.0467032967033	0.0430402930403
TARA_056_SRF_0.22-3_G.snv.filtered.bam	0.105311355311	0.122710622711	0.000915750915751	0.00641025641026	0.0018315018315	0.0	0.0018315018315	0.0375457875458	0.0320512820513	0.00915750915751	0.0311355311355	0.0	0.0	0.0018315018315	0.00274725274725	0.0311355311355	0.0	0.0	0.0	0.0	0.0	0.0	0.0	0.0	0.0173992673993	0.0119047619048	0.0018315018315	0.00915750915751	0.0302197802198
TARA_057_SRF_0.22-3_G.snv.filtered.bam	0.105311355311	0.125457875458	0.000915750915751	0.003663003663	0.000915750915751	0.0	0.000915750915751	0.040293040293	0.0393772893773	0.00824175824176	0.03663003663	0.0	0.0	0.0	0.0	0.03663003663	0.0	0.0	0.0	0.0	0.0	0.0	0.0	0.000915750915751	0.0164835164835	0.0119047619048	0.000915750915751	0.00274725274725	0.0311355311355
TARA_058_DCM_0.22-3_G.snv.filtered.bam	0.102564102564	0.124542124542	0.0	0.003663003663	0.00274725274725	0.0	0.0018315018315	0.043956043956	0.0384615384615	0.00732600732601	0.032967032967	0.0	0.0	0.0	0.000915750915751	0.0338827838828	0.0	0.0	0.0	0.0	0.0	0.0	0.0	0.000915750915751	0.0173992673993	0.0119047619048	0.000915750915751	0.00641025641026	0.032967032967
TARA_062_SRF_0.22-3_G.snv.filtered.bam	0.104395604396	0.121794871795	0.0	0.00457875457875	0.000915750915751	0.0	0.0	0.0357142857143	0.0320512820513	0.00732600732601	0.0274725274725	0.0	0.0	0.0	0.0	0.0320512820513	0.0	0.0	0.0	0.0	0.0	0.0	0.0	0.0	0.0173992673993	0.00732600732601	0.0	0.00549450549451	0.0283882783883
TARA_064_DCM_0.22-3_G.snv.filtered.bam	0.0934065934066	0.110805860806	0.0	0.0018315018315	0.000915750915751	0.000915750915751	0.000915750915751	0.0247252747253	0.0238095238095	0.0	0.0155677655678	0.0	0.0	0.0	0.0	0.0210622710623	0.0	0.0	0.0	0.0	0.0	0.0	0.0	0.000915750915751	0.00915750915751	0.003663003663	0.000915750915751	0.00274725274725	0.0119047619048
TARA_064_SRF_0.22-3_G.snv.filtered.bam	0.0989010989011	0.117216117216	0.0	0.003663003663	0.000915750915751	0.000915750915751	0.0018315018315	0.0302197802198	0.025641025641	0.003663003663	0.018315018315	0.0	0.0	0.0	0.0018315018315	0.018315018315	0.0	0.0	0.0	0.0	0.0	0.0	0.0	0.000915750915751	0.00732600732601	0.00549450549451	0.0	0.003663003663	0.0155677655678
TARA_065_DCM_0.22-3_G.snv.filtered.bam	0.104395604396	0.122710622711	0.0	0.003663003663	0.0	0.0018315018315	0.0	0.0338827838828	0.0320512820513	0.0018315018315	0.0274725274725	0.0	0.0	0.0	0.0	0.0320512820513	0.0	0.0	0.0	0.0	0.0	0.0	0.0	0.0	0.0137362637363	0.0119047619048	0.0	0.003663003663	0.0265567765568
TARA_065_SRF_0.22-3_G.snv.filtered.bam	0.104395604396	0.118131868132	0.0	0.00549450549451	0.0018315018315	0.0018315018315	0.00274725274725	0.03663003663	0.0311355311355	0.00732600732601	0.0311355311355	0.0	0.0	0.0	0.0	0.032967032967	0.0	0.000915750915751	0.000915750915751	0.0	0.000915750915751	0.000915750915751	0.0	0.0	0.0192307692308	0.010989010989	0.00274725274725	0.00274725274725	0.0283882783883
TARA_078_DCM_0.22-3_G.snv.filtered.bam	0.0778388278388	0.100732600733	0.00824175824176	0.0201465201465	0.0137362637363	0.0192307692308	0.0128205128205	0.00457875457875	0.00274725274725	0.003663003663	0.00457875457875	0.0119047619048	0.0192307692308	0.018315018315	0.018315018315	0.043956043956	0.0173992673993	0.0164835164835	0.0173992673993	0.0173992673993	0.00915750915751	0.00732600732601	0.0137362637363	0.0192307692308	0.0	0.0018315018315	0.0100732600733	0.0320512820513	0.00549450549451
TARA_078_SRF_0.22-3_G.snv.filtered.bam	0.0778388278388	0.102564102564	0.00549450549451	0.010989010989	0.0100732600733	0.0128205128205	0.0137362637363	0.00641025641026	0.00641025641026	0.0018315018315	0.00274725274725	0.00641025641026	0.014652014652	0.014652014652	0.0119047619048	0.0375457875458	0.0119047619048	0.0119047619048	0.0119047619048	0.00732600732601	0.003663003663	0.00549450549451	0.0119047619048	0.010989010989	0.0018315018315	0.0	0.00457875457875	0.029304029304	0.003663003663
TARA_140_SRF_0.22-3_G.snv.filtered.bam	0.0952380952381	0.111721611722	0.000915750915751	0.00641025641026	0.00457875457875	0.000915750915751	0.000915750915751	0.00457875457875	0.00641025641026	0.0018315018315	0.00274725274725	0.000915750915751	0.00457875457875	0.000915750915751	0.00641025641026	0.0338827838828	0.0018315018315	0.000915750915751	0.000915750915751	0.0	0.000915750915751	0.0	0.0	0.00274725274725	0.0100732600733	0.00457875457875	0.0	0.00274725274725	0.0137362637363
TARA_141_SRF_0.22-3_G.snv.filtered.bam	0.121794871795	0.135531135531	0.0119047619048	0.0228937728938	0.0173992673993	0.00549450549451	0.00549450549451	0.0540293040293	0.0503663003663	0.021978021978	0.0467032967033	0.00732600732601	0.0192307692308	0.00732600732601	0.021978021978	0.0467032967033	0.00915750915751	0.00274725274725	0.00641025641026	0.00549450549451	0.00274725274725	0.003663003663	0.003663003663	0.00274725274725	0.0320512820513	0.029304029304	0.00274725274725	0.0	0.043956043956
TARA_149_SRF_0.22-3_G.snv.filtered.bam	0.0741758241758	0.0860805860806	0.0192307692308	0.0228937728938	0.025641025641	0.0265567765568	0.0274725274725	0.010989010989	0.0173992673993	0.0100732600733	0.00824175824176	0.0210622710623	0.032967032967	0.0274725274725	0.0274725274725	0.0430402930403	0.0302197802198	0.0311355311355	0.032967032967	0.0283882783883	0.0119047619048	0.0155677655678	0.0265567765568	0.0283882783883	0.00549450549451	0.003663003663	0.0137362637363	0.043956043956	0.0
