	TARA_007_SRF_0.22-1.6_G.snv.filtered.bam	TARA_009_SRF_0.22-1.6_G.snv.filtered.bam	TARA_031_SRF_0.22-1.6_G.snv.filtered.bam	TARA_032_DCM_0.22-1.6_G.snv.filtered.bam	TARA_032_SRF_0.22-1.6_G.snv.filtered.bam	TARA_033_SRF_0.22-1.6_G.snv.filtered.bam	TARA_034_SRF_0.22-1.6_G.snv.filtered.bam	TARA_036_DCM_0.22-1.6_G.snv.filtered.bam	TARA_036_SRF_0.22-1.6_G.snv.filtered.bam	TARA_038_DCM_0.22-1.6_G.snv.filtered.bam	TARA_038_SRF_0.22-1.6_G.snv.filtered.bam	TARA_039_DCM_0.22-1.6_G.snv.filtered.bam	TARA_041_SRF_0.22-1.6_G.snv.filtered.bam	TARA_042_SRF_0.22-1.6_G.snv.filtered.bam	TARA_045_SRF_0.22-1.6_G.snv.filtered.bam	TARA_048_SRF_0.22-1.6_G.snv.filtered.bam	TARA_056_SRF_0.22-3_G.snv.filtered.bam	TARA_057_SRF_0.22-3_G.snv.filtered.bam	TARA_058_DCM_0.22-3_G.snv.filtered.bam	TARA_062_SRF_0.22-3_G.snv.filtered.bam	TARA_064_DCM_0.22-3_G.snv.filtered.bam	TARA_064_SRF_0.22-3_G.snv.filtered.bam	TARA_065_DCM_0.22-3_G.snv.filtered.bam	TARA_065_SRF_0.22-3_G.snv.filtered.bam	TARA_078_DCM_0.22-3_G.snv.filtered.bam	TARA_078_SRF_0.22-3_G.snv.filtered.bam	TARA_140_SRF_0.22-3_G.snv.filtered.bam	TARA_141_SRF_0.22-3_G.snv.filtered.bam	TARA_149_SRF_0.22-3_G.snv.filtered.bam
TARA_007_SRF_0.22-1.6_G.snv.filtered.bam	0.0	0.0304799099457	0.147947234301	0.148601465833	0.145428992563	0.147775464832	0.146521851462	0.135368953104	0.135738591309	0.139035494829	0.137903856978	0.144306192862	0.152537095468	0.153474672682	0.15678292275	0.171041591259	0.149771455358	0.15003617656	0.15229911589	0.1514230339	0.150529438735	0.145901753734	0.145838724658	0.146997595836	0.129084395544	0.133569042889	0.145448150294	0.155345180118	0.126857923045
TARA_009_SRF_0.22-1.6_G.snv.filtered.bam	0.0304799099457	0.0	0.167212123256	0.168622872741	0.164468366455	0.166465655922	0.165951771184	0.15737860822	0.158584850444	0.16051518548	0.160199715193	0.163223903942	0.171654176354	0.171534385676	0.175992636321	0.184099870284	0.169428702018	0.169952080187	0.171413389553	0.170835422482	0.168971065188	0.164940422449	0.16541690707	0.164306283614	0.14948421788	0.152782508699	0.165247749498	0.174297085248	0.143307331528
TARA_031_SRF_0.22-1.6_G.snv.filtered.bam	0.147947234301	0.167212123256	0.0	0.0435324343315	0.0449440395759	0.0563319640706	0.0591759048913	0.0920745581801	0.0880566948209	0.0690194226388	0.0890571888101	0.046896558449	0.0458694747386	0.0488144264708	0.05022293814	0.0862355604976	0.0592750181595	0.0570888405834	0.0589563233665	0.0579950394117	0.0574037368593	0.0534550795969	0.0542426852393	0.0609128351378	0.0755775481982	0.0718017872104	0.06673622627	0.0752696278233	0.0859580499014
TARA_032_DCM_0.22-1.6_G.snv.filtered.bam	0.148601465833	0.168622872741	0.0435324343315	0.0	0.0493170842532	0.0673998193547	0.0689109285828	0.0962250630161	0.0918859646763	0.0739650950423	0.0932902655577	0.0567835449491	0.0541664005959	0.0553105683817	0.0550622104892	0.0867816983328	0.0659981386997	0.0650556303164	0.0652171593355	0.0654751328106	0.0670212882475	0.0646867775666	0.0609412460054	0.0654573779014	0.0798022508261	0.0801307522158	0.076661557086	0.0797735925398	0.0909805423477
TARA_032_SRF_0.22-1.6_G.snv.filtered.bam	0.145428992563	0.164468366455	0.0449440395759	0.0493170842532	0.0	0.0519651173318	0.0551240076222	0.0947465344523	0.0904848660979	0.0711761749452	0.0918763794918	0.0480817108582	0.0481777362828	0.0487320594971	0.0528124549358	0.0854276547651	0.0566629770327	0.0556801007193	0.0593314738158	0.0556213191644	0.0585850457393	0.0581582582378	0.0518152454049	0.0570214126182	0.076490380918	0.0745229349184	0.0658386038707	0.0696657537594	0.0888029529656
TARA_033_SRF_0.22-1.6_G.snv.filtered.bam	0.147775464832	0.166465655922	0.0563319640706	0.0673998193547	0.0519651173318	0.0	0.0321150391223	0.0932506249319	0.0890227035264	0.0709696050824	0.0902843819148	0.0424928133138	0.0533779416371	0.0506374427174	0.0667629744411	0.0991931396336	0.0546612207277	0.0489080359358	0.0553210462744	0.0489442344107	0.0579237281859	0.0536159801333	0.0451626990749	0.0505177898805	0.0793772792017	0.0786487305774	0.0524783001925	0.0506932733839	0.0939296586963
TARA_034_SRF_0.22-1.6_G.snv.filtered.bam	0.146521851462	0.165951771184	0.0591759048913	0.0689109285828	0.0551240076222	0.0321150391223	0.0	0.090704956692	0.0866139762684	0.0681715532776	0.0871113449571	0.0464287902629	0.0566304203874	0.0539792923788	0.0686105485795	0.102080692204	0.0579051371273	0.0523432595218	0.0579568414614	0.0535945771265	0.0625643474983	0.0563170860005	0.048891979146	0.0538279107579	0.0759409304939	0.0786983974983	0.0550440240575	0.0596389187848	0.0929419635498
TARA_036_DCM_0.22-1.6_G.snv.filtered.bam	0.135368953104	0.15737860822	0.0920745581801	0.0962250630161	0.0947465344523	0.0932506249319	0.090704956692	0.0	0.0192133018624	0.0429247357852	0.0264702123948	0.0815286047649	0.0980860499725	0.0999184983998	0.105075412981	0.126300257872	0.096933246798	0.09450822975	0.0986121679779	0.0966099864175	0.0963674848658	0.0912793623869	0.0902858725753	0.0962683343645	0.0587235110415	0.0662261016053	0.0747644774646	0.107276601634	0.0773644433759
TARA_036_SRF_0.22-1.6_G.snv.filtered.bam	0.135738591309	0.158584850444	0.0880566948209	0.0918859646763	0.0904848660979	0.0890227035264	0.0866139762684	0.0192133018624	0.0	0.0391155087366	0.02632748775	0.0773760403423	0.0933310722701	0.0953301392144	0.101011475058	0.123507200025	0.0920801467538	0.0897807949095	0.0947581453783	0.0921121823363	0.0927817315905	0.0869751611413	0.0859059174986	0.0913857324293	0.0571074150918	0.0642516706126	0.0714352285905	0.102860547312	0.0786663869445
TARA_038_DCM_0.22-1.6_G.snv.filtered.bam	0.139035494829	0.16051518548	0.0690194226388	0.0739650950423	0.0711761749452	0.0709696050824	0.0681715532776	0.0429247357852	0.0391155087366	0.0	0.0397942688005	0.0567357346501	0.0710900828301	0.0739667538033	0.0781973749103	0.105090479578	0.0739781813398	0.0720605403058	0.0758056420949	0.0724240719372	0.0735484046103	0.068667208251	0.0666821438907	0.0722553051215	0.052118767816	0.0567931076945	0.0567486171318	0.0894385050437	0.0736449919237
TARA_038_SRF_0.22-1.6_G.snv.filtered.bam	0.137903856978	0.160199715193	0.0890571888101	0.0932902655577	0.0918763794918	0.0902843819148	0.0871113449571	0.0264702123948	0.02632748775	0.0397942688005	0.0	0.0789238628835	0.0945628295614	0.0969331213592	0.102469629232	0.124557524542	0.0943634845839	0.0916370376504	0.0957407613553	0.0934027518521	0.0931737294743	0.0891413872124	0.0872650144892	0.0928669080337	0.0596101962307	0.062793229797	0.0719410642006	0.103244324353	0.0773843065475
TARA_039_DCM_0.22-1.6_G.snv.filtered.bam	0.144306192862	0.163223903942	0.046896558449	0.0567835449491	0.0480817108582	0.0424928133138	0.0464287902629	0.0815286047649	0.0773760403423	0.0567357346501	0.0789238628835	0.0	0.0350072677386	0.0368393071027	0.0483171864141	0.0898901556314	0.0442976726251	0.0364120455001	0.0401048235646	0.0372645375126	0.046725989873	0.0409074053153	0.0323973602443	0.0413132445808	0.0690384429491	0.0692367524332	0.0456287245322	0.0593536618967	0.086442176543
TARA_041_SRF_0.22-1.6_G.snv.filtered.bam	0.152537095468	0.171654176354	0.0458694747386	0.0541664005959	0.0481777362828	0.0533779416371	0.0566304203874	0.0980860499725	0.0933310722701	0.0710900828301	0.0945628295614	0.0350072677386	0.0	0.0298025408488	0.035785730726	0.0830624340729	0.0470706817595	0.0420944376824	0.0439793346568	0.0414710764586	0.0535763935572	0.0489377314108	0.0402296861976	0.0472684827798	0.0800313567237	0.079341902566	0.0649603262717	0.0668160057774	0.0963581905033
TARA_042_SRF_0.22-1.6_G.snv.filtered.bam	0.153474672682	0.171534385676	0.0488144264708	0.0553105683817	0.0487320594971	0.0506374427174	0.0539792923788	0.0999184983998	0.0953301392144	0.0739667538033	0.0969331213592	0.0368393071027	0.0298025408488	0.0	0.0378316631986	0.082824856577	0.0465460059142	0.0422620862447	0.0438237028685	0.0401829795714	0.0510672115674	0.0462380004225	0.0386315050188	0.0446648176089	0.0826962218791	0.0804271235987	0.0632281992408	0.0629893085972	0.098626551311
TARA_045_SRF_0.22-1.6_G.snv.filtered.bam	0.15678292275	0.175992636321	0.05022293814	0.0550622104892	0.0528124549358	0.0667629744411	0.0686105485795	0.105075412981	0.101011475058	0.0781973749103	0.102469629232	0.0483171864141	0.035785730726	0.0378316631986	0.0	0.0681272119875	0.0543712581083	0.052276954789	0.0514589681155	0.0512669825193	0.0563804118863	0.0520982306674	0.0521281778064	0.0564532428991	0.0858278741225	0.081891859303	0.0767467720956	0.075889794524	0.0972274281539
TARA_048_SRF_0.22-1.6_G.snv.filtered.bam	0.171041591259	0.184099870284	0.0862355604976	0.0867816983328	0.0854276547651	0.0991931396336	0.102080692204	0.126300257872	0.123507200025	0.105090479578	0.124557524542	0.0898901556314	0.0830624340729	0.082824856577	0.0681272119875	0.0	0.0916185496662	0.093143297938	0.092137915497	0.0929709538194	0.0877512383613	0.0858269544072	0.0904028358414	0.0953561736659	0.108628859186	0.101523439784	0.110507678459	0.105287561814	0.111374241357
TARA_056_SRF_0.22-3_G.snv.filtered.bam	0.149771455358	0.169428702018	0.0592750181595	0.0659981386997	0.0566629770327	0.0546612207277	0.0579051371273	0.096933246798	0.0920801467538	0.0739781813398	0.0943634845839	0.0442976726251	0.0470706817595	0.0465460059142	0.0543712581083	0.0916185496662	0.0	0.034828658563	0.0402293115396	0.0369412072807	0.0544430086052	0.0495338444028	0.0425255447492	0.0472589335009	0.0802041910756	0.0790968727898	0.0614943468231	0.0656617888362	0.0958324226803
TARA_057_SRF_0.22-3_G.snv.filtered.bam	0.15003617656	0.169952080187	0.0570888405834	0.0650556303164	0.0556801007193	0.0489080359358	0.0523432595218	0.09450822975	0.0897807949095	0.0720605403058	0.0916370376504	0.0364120455001	0.0420944376824	0.0422620862447	0.052276954789	0.093143297938	0.034828658563	0.0	0.0345145054764	0.0310543556718	0.0501223501564	0.0443652254009	0.0333588155167	0.0391111545587	0.0790532639802	0.0795270592151	0.0557717749628	0.0583628933828	0.0966583597316
TARA_058_DCM_0.22-3_G.snv.filtered.bam	0.15229911589	0.171413389553	0.0589563233665	0.0652171593355	0.0593314738158	0.0553210462744	0.0579568414614	0.0986121679779	0.0947581453783	0.0758056420949	0.0957407613553	0.0401048235646	0.0439793346568	0.0438237028685	0.0514589681155	0.092137915497	0.0402293115396	0.0345145054764	0.0	0.0360840360559	0.0512183789119	0.0442238626791	0.0377376029094	0.0440579483997	0.0822264251748	0.0807318281923	0.0594937228869	0.0617639285017	0.0978497422627
TARA_062_SRF_0.22-3_G.snv.filtered.bam	0.1514230339	0.170835422482	0.0579950394117	0.0654751328106	0.0556213191644	0.0489442344107	0.0535945771265	0.0966099864175	0.0921121823363	0.0724240719372	0.0934027518521	0.0372645375126	0.0414710764586	0.0401829795714	0.0512669825193	0.0929709538194	0.0369412072807	0.0310543556718	0.0360840360559	0.0	0.0500917169449	0.0439192367457	0.0333754548575	0.0395558970223	0.0803919679951	0.0803981185178	0.0560769133555	0.0578123080109	0.0968954343594
TARA_064_DCM_0.22-3_G.snv.filtered.bam	0.150529438735	0.168971065188	0.0574037368593	0.0670212882475	0.0585850457393	0.0579237281859	0.0625643474983	0.0963674848658	0.0927817315905	0.0735484046103	0.0931737294743	0.046725989873	0.0535763935572	0.0510672115674	0.0563804118863	0.0877512383613	0.0544430086052	0.0501223501564	0.0512183789119	0.0500917169449	0.0	0.0438052599839	0.0447162406505	0.0480298548299	0.0807929735472	0.0746982708946	0.0580612544536	0.0634992092157	0.0902029042547
TARA_064_SRF_0.22-3_G.snv.filtered.bam	0.145901753734	0.164940422449	0.0534550795969	0.0646867775666	0.0581582582378	0.0536159801333	0.0563170860005	0.0912793623869	0.0869751611413	0.068667208251	0.0891413872124	0.0409074053153	0.0489377314108	0.0462380004225	0.0520982306674	0.0858269544072	0.0495338444028	0.0443652254009	0.0442238626791	0.0439192367457	0.0438052599839	0.0	0.0382569879394	0.0440553230809	0.0773885440825	0.0722782064663	0.0538281621385	0.058465789859	0.0892295861598
TARA_065_DCM_0.22-3_G.snv.filtered.bam	0.145838724658	0.16541690707	0.0542426852393	0.0609412460054	0.0518152454049	0.0451626990749	0.048891979146	0.0902858725753	0.0859059174986	0.0666821438907	0.0872650144892	0.0323973602443	0.0402296861976	0.0386315050188	0.0521281778064	0.0904028358414	0.0425255447492	0.0333588155167	0.0377376029094	0.0333754548575	0.0447162406505	0.0382569879394	0.0	0.0349281299557	0.074716154325	0.0737694199786	0.051115605215	0.0546356293521	0.0920016738832
TARA_065_SRF_0.22-3_G.snv.filtered.bam	0.146997595836	0.164306283614	0.0609128351378	0.0654573779014	0.0570214126182	0.0505177898805	0.0538279107579	0.0962683343645	0.0913857324293	0.0722553051215	0.0928669080337	0.0413132445808	0.0472684827798	0.0446648176089	0.0564532428991	0.0953561736659	0.0472589335009	0.0391111545587	0.0440579483997	0.0395558970223	0.0480298548299	0.0440553230809	0.0349281299557	0.0	0.0795230063485	0.0791521212654	0.0527876350316	0.0551161820486	0.0966696566463
TARA_078_DCM_0.22-3_G.snv.filtered.bam	0.129084395544	0.14948421788	0.0755775481982	0.0798022508261	0.076490380918	0.0793772792017	0.0759409304939	0.0587235110415	0.0571074150918	0.052118767816	0.0596101962307	0.0690384429491	0.0800313567237	0.0826962218791	0.0858278741225	0.108628859186	0.0802041910756	0.0790532639802	0.0822264251748	0.0803919679951	0.0807929735472	0.0773885440825	0.074716154325	0.0795230063485	0.0	0.0541957655796	0.070422980216	0.0937771252981	0.0650162279838
TARA_078_SRF_0.22-3_G.snv.filtered.bam	0.133569042889	0.152782508699	0.0718017872104	0.0801307522158	0.0745229349184	0.0786487305774	0.0786983974983	0.0662261016053	0.0642516706126	0.0567931076945	0.062793229797	0.0692367524332	0.079341902566	0.0804271235987	0.081891859303	0.101523439784	0.0790968727898	0.0795270592151	0.0807318281923	0.0803981185178	0.0746982708946	0.0722782064663	0.0737694199786	0.0791521212654	0.0541957655796	0.0	0.069040618373	0.0905166222529	0.0626133428865
TARA_140_SRF_0.22-3_G.snv.filtered.bam	0.145448150294	0.165247749498	0.06673622627	0.076661557086	0.0658386038707	0.0524783001925	0.0550440240575	0.0747644774646	0.0714352285905	0.0567486171318	0.0719410642006	0.0456287245322	0.0649603262717	0.0632281992408	0.0767467720956	0.110507678459	0.0614943468231	0.0557717749628	0.0594937228869	0.0560769133555	0.0580612544536	0.0538281621385	0.051115605215	0.0527876350316	0.070422980216	0.069040618373	0.0	0.0590036205006	0.0861856234807
TARA_141_SRF_0.22-3_G.snv.filtered.bam	0.155345180118	0.174297085248	0.0752696278233	0.0797735925398	0.0696657537594	0.0506932733839	0.0596389187848	0.107276601634	0.102860547312	0.0894385050437	0.103244324353	0.0593536618967	0.0668160057774	0.0629893085972	0.075889794524	0.105287561814	0.0656617888362	0.0583628933828	0.0617639285017	0.0578123080109	0.0634992092157	0.058465789859	0.0546356293521	0.0551161820486	0.0937771252981	0.0905166222529	0.0590036205006	0.0	0.103273759852
TARA_149_SRF_0.22-3_G.snv.filtered.bam	0.126857923045	0.143307331528	0.0859580499014	0.0909805423477	0.0888029529656	0.0939296586963	0.0929419635498	0.0773644433759	0.0786663869445	0.0736449919237	0.0773843065475	0.086442176543	0.0963581905033	0.098626551311	0.0972274281539	0.111374241357	0.0958324226803	0.0966583597316	0.0978497422627	0.0968954343594	0.0902029042547	0.0892295861598	0.0920016738832	0.0966696566463	0.0650162279838	0.0626133428865	0.0861856234807	0.103273759852	0.0
