	TARA_037_MES_0.22-1.6_G.snv.filtered.bam	TARA_038_MES_0.22-1.6_G.snv.filtered.bam	TARA_039_MES_0.22-1.6_G.snv.filtered.bam	TARA_100_MES_0.22-3_G.snv.filtered.bam	TARA_137_DCM_0.22-3_G.snv.filtered.bam	TARA_137_MES_0.22-3_G.snv.filtered.bam	TARA_138_MES_0.22-3_G.snv.filtered.bam
TARA_037_MES_0.22-1.6_G.snv.filtered.bam	0.0	0.00852858559137	0.00697954203993	0.514061466242	0.515672345296	0.313306643381	0.275691407497
TARA_038_MES_0.22-1.6_G.snv.filtered.bam	0.00852858559137	0.0	0.0142834452508	0.513516828023	0.515835222763	0.3127628466	0.273854811197
TARA_039_MES_0.22-1.6_G.snv.filtered.bam	0.00697954203993	0.0142834452508	0.0	0.512900725594	0.514952133283	0.317595715766	0.281622969874
TARA_100_MES_0.22-3_G.snv.filtered.bam	0.514061466242	0.513516828023	0.512900725594	0.0	0.0440640176547	0.444697576512	0.507030024895
TARA_137_DCM_0.22-3_G.snv.filtered.bam	0.515672345296	0.515835222763	0.514952133283	0.0440640176547	0.0	0.425249264596	0.496811791629
TARA_137_MES_0.22-3_G.snv.filtered.bam	0.313306643381	0.3127628466	0.317595715766	0.444697576512	0.425249264596	0.0	0.10729953943
TARA_138_MES_0.22-3_G.snv.filtered.bam	0.275691407497	0.273854811197	0.281622969874	0.507030024895	0.496811791629	0.10729953943	0.0
