	TARA_037_MES_0.22-1.6_G.snv.filtered.bam	TARA_038_MES_0.22-1.6_G.snv.filtered.bam	TARA_039_MES_0.22-1.6_G.snv.filtered.bam	TARA_100_MES_0.22-3_G.snv.filtered.bam	TARA_137_DCM_0.22-3_G.snv.filtered.bam	TARA_137_MES_0.22-3_G.snv.filtered.bam	TARA_138_MES_0.22-3_G.snv.filtered.bam
TARA_037_MES_0.22-1.6_G.snv.filtered.bam	0.0	0.0	0.0	0.497797356828	0.497797356828	0.202643171806	0.224669603524
TARA_038_MES_0.22-1.6_G.snv.filtered.bam	0.0	0.0	0.00440528634361	0.502202643172	0.506607929515	0.202643171806	0.224669603524
TARA_039_MES_0.22-1.6_G.snv.filtered.bam	0.0	0.00440528634361	0.0	0.493392070485	0.497797356828	0.202643171806	0.224669603524
TARA_100_MES_0.22-3_G.snv.filtered.bam	0.497797356828	0.502202643172	0.493392070485	0.0	0.0	0.453744493392	0.506607929515
TARA_137_DCM_0.22-3_G.snv.filtered.bam	0.497797356828	0.506607929515	0.497797356828	0.0	0.0	0.431718061674	0.511013215859
TARA_137_MES_0.22-3_G.snv.filtered.bam	0.202643171806	0.202643171806	0.202643171806	0.453744493392	0.431718061674	0.0	0.00440528634361
TARA_138_MES_0.22-3_G.snv.filtered.bam	0.224669603524	0.224669603524	0.224669603524	0.506607929515	0.511013215859	0.00440528634361	0.0
