	TARA_004_DCM_0.22-1.6_G.snv.filtered.bam	TARA_009_DCM_0.22-1.6_G.snv.filtered.bam	TARA_018_DCM_0.22-1.6_G.snv.filtered.bam	TARA_018_SRF_0.22-1.6_G.snv.filtered.bam	TARA_025_DCM_0.22-1.6_G.snv.filtered.bam	TARA_066_SRF_0.22-3_G.snv.filtered.bam	TARA_151_DCM_0.22-3_G.snv.filtered.bam
TARA_004_DCM_0.22-1.6_G.snv.filtered.bam	0.0	0.0935323891428	0.0953694332701	0.102298388468	0.0886064818974	0.154849113046	0.0746225245421
TARA_009_DCM_0.22-1.6_G.snv.filtered.bam	0.0935323891428	0.0	0.044889129742	0.0504658250102	0.0639649669493	0.173502878319	0.100175714963
TARA_018_DCM_0.22-1.6_G.snv.filtered.bam	0.0953694332701	0.044889129742	0.0	0.023369170605	0.0404696151093	0.181877075285	0.104248759811
TARA_018_SRF_0.22-1.6_G.snv.filtered.bam	0.102298388468	0.0504658250102	0.023369170605	0.0	0.0410944664459	0.191352726739	0.111093994342
TARA_025_DCM_0.22-1.6_G.snv.filtered.bam	0.0886064818974	0.0639649669493	0.0404696151093	0.0410944664459	0.0	0.182946679852	0.0935059311478
TARA_066_SRF_0.22-3_G.snv.filtered.bam	0.154849113046	0.173502878319	0.181877075285	0.191352726739	0.182946679852	0.0	0.170724008864
TARA_151_DCM_0.22-3_G.snv.filtered.bam	0.0746225245421	0.100175714963	0.104248759811	0.111093994342	0.0935059311478	0.170724008864	0.0
