	TARA_041_SRF_0.22-1.6_G.snv.filtered.bam	TARA_042_SRF_0.22-1.6_G.snv.filtered.bam	TARA_045_SRF_0.22-1.6_G.snv.filtered.bam	TARA_048_SRF_0.22-1.6_G.snv.filtered.bam	TARA_064_SRF_0.22-3_G.snv.filtered.bam	TARA_072_SRF_0.22-3_G.snv.filtered.bam	TARA_076_SRF_0.22-3_G.snv.filtered.bam	TARA_112_SRF_0.22-3_G.snv.filtered.bam	TARA_124_SRF_0.22-3_G.snv.filtered.bam	TARA_125_SRF_0.22-3_G.snv.filtered.bam	TARA_138_SRF_0.22-3_G.snv.filtered.bam
TARA_041_SRF_0.22-1.6_G.snv.filtered.bam	0.0	0.0	0.0	0.00157728706625	0.0	0.00315457413249	0.01261829653	0.0394321766562	0.0283911671924	0.0457413249211	0.0110410094637
TARA_042_SRF_0.22-1.6_G.snv.filtered.bam	0.0	0.0	0.0	0.0	0.0	0.00157728706625	0.0110410094637	0.0441640378549	0.0347003154574	0.0520504731861	0.01261829653
TARA_045_SRF_0.22-1.6_G.snv.filtered.bam	0.0	0.0	0.0	0.0	0.0	0.00315457413249	0.0110410094637	0.0425867507886	0.0331230283912	0.0504731861199	0.0157728706625
TARA_048_SRF_0.22-1.6_G.snv.filtered.bam	0.00157728706625	0.0	0.0	0.0	0.0	0.00157728706625	0.00946372239748	0.0441640378549	0.0315457413249	0.0488958990536	0.00946372239748
TARA_064_SRF_0.22-3_G.snv.filtered.bam	0.0	0.0	0.0	0.0	0.0	0.00315457413249	0.00788643533123	0.0378548895899	0.0283911671924	0.0488958990536	0.0110410094637
TARA_072_SRF_0.22-3_G.snv.filtered.bam	0.00315457413249	0.00157728706625	0.00315457413249	0.00157728706625	0.00315457413249	0.0	0.00788643533123	0.0425867507886	0.0315457413249	0.0441640378549	0.0173501577287
TARA_076_SRF_0.22-3_G.snv.filtered.bam	0.01261829653	0.0110410094637	0.0110410094637	0.00946372239748	0.00788643533123	0.00788643533123	0.0	0.0441640378549	0.0441640378549	0.0630914826498	0.0252365930599
TARA_112_SRF_0.22-3_G.snv.filtered.bam	0.0394321766562	0.0441640378549	0.0425867507886	0.0441640378549	0.0378548895899	0.0425867507886	0.0441640378549	0.0	0.0331230283912	0.0394321766562	0.0410094637224
TARA_124_SRF_0.22-3_G.snv.filtered.bam	0.0283911671924	0.0347003154574	0.0331230283912	0.0315457413249	0.0283911671924	0.0315457413249	0.0441640378549	0.0331230283912	0.0	0.0	0.00788643533123
TARA_125_SRF_0.22-3_G.snv.filtered.bam	0.0457413249211	0.0520504731861	0.0504731861199	0.0488958990536	0.0488958990536	0.0441640378549	0.0630914826498	0.0394321766562	0.0	0.0	0.018927444795
TARA_138_SRF_0.22-3_G.snv.filtered.bam	0.0110410094637	0.01261829653	0.0157728706625	0.00946372239748	0.0110410094637	0.0173501577287	0.0252365930599	0.0410094637224	0.00788643533123	0.018927444795	0.0
