	TARA_041_SRF_0.22-1.6_G.snv.filtered.bam	TARA_042_SRF_0.22-1.6_G.snv.filtered.bam	TARA_045_SRF_0.22-1.6_G.snv.filtered.bam	TARA_048_SRF_0.22-1.6_G.snv.filtered.bam	TARA_064_SRF_0.22-3_G.snv.filtered.bam	TARA_072_SRF_0.22-3_G.snv.filtered.bam	TARA_076_SRF_0.22-3_G.snv.filtered.bam	TARA_112_SRF_0.22-3_G.snv.filtered.bam	TARA_124_SRF_0.22-3_G.snv.filtered.bam	TARA_125_SRF_0.22-3_G.snv.filtered.bam	TARA_138_SRF_0.22-3_G.snv.filtered.bam
TARA_041_SRF_0.22-1.6_G.snv.filtered.bam	0.0	0.042765599125	0.0495022961507	0.0498594553386	0.0595898560835	0.0690424888164	0.0902444597959	0.12929381269	0.114424636751	0.127512852629	0.0866764889365
TARA_042_SRF_0.22-1.6_G.snv.filtered.bam	0.042765599125	0.0	0.0446321500944	0.0410415128079	0.0576087222575	0.0635912861774	0.0816761299517	0.123909361863	0.109803006403	0.121889977971	0.0790696323214
TARA_045_SRF_0.22-1.6_G.snv.filtered.bam	0.0495022961507	0.0446321500944	0.0	0.0493123841363	0.052779249458	0.0652188428848	0.0760774258447	0.124287467995	0.10805755718	0.122583074553	0.0789172055941
TARA_048_SRF_0.22-1.6_G.snv.filtered.bam	0.0498594553386	0.0410415128079	0.0493123841363	0.0	0.0549900567378	0.063148129351	0.0809629279195	0.121548877448	0.107328864459	0.120425618724	0.0749732579031
TARA_064_SRF_0.22-3_G.snv.filtered.bam	0.0595898560835	0.0576087222575	0.052779249458	0.0549900567378	0.0	0.0671650320902	0.0851658337264	0.124088598622	0.116551558001	0.127947637463	0.0811302165402
TARA_072_SRF_0.22-3_G.snv.filtered.bam	0.0690424888164	0.0635912861774	0.0652188428848	0.063148129351	0.0671650320902	0.0	0.0629690247389	0.1142714176	0.104105701767	0.113755933557	0.0758127252293
TARA_076_SRF_0.22-3_G.snv.filtered.bam	0.0902444597959	0.0816761299517	0.0760774258447	0.0809629279195	0.0851658337264	0.0629690247389	0.0	0.117056183016	0.115535407448	0.126178114552	0.0901419428742
TARA_112_SRF_0.22-3_G.snv.filtered.bam	0.12929381269	0.123909361863	0.124287467995	0.121548877448	0.124088598622	0.1142714176	0.117056183016	0.0	0.120385952576	0.121248790641	0.113623054305
TARA_124_SRF_0.22-3_G.snv.filtered.bam	0.114424636751	0.109803006403	0.10805755718	0.107328864459	0.116551558001	0.104105701767	0.115535407448	0.120385952576	0.0	0.0329508618452	0.0694066429966
TARA_125_SRF_0.22-3_G.snv.filtered.bam	0.127512852629	0.121889977971	0.122583074553	0.120425618724	0.127947637463	0.113755933557	0.126178114552	0.121248790641	0.0329508618452	0.0	0.0814437220209
TARA_138_SRF_0.22-3_G.snv.filtered.bam	0.0866764889365	0.0790696323214	0.0789172055941	0.0749732579031	0.0811302165402	0.0758127252293	0.0901419428742	0.113623054305	0.0694066429966	0.0814437220209	0.0
