	TARA_037_MES_0.22-1.6_G.snv.filtered.bam	TARA_038_MES_0.22-1.6_G.snv.filtered.bam	TARA_039_MES_0.22-1.6_G.snv.filtered.bam	TARA_137_DCM_0.22-3_G.snv.filtered.bam	TARA_137_MES_0.22-3_G.snv.filtered.bam	TARA_138_MES_0.22-3_G.snv.filtered.bam
TARA_037_MES_0.22-1.6_G.snv.filtered.bam	0.0	0.0686088708936	0.086165494037	0.195613497132	0.13604245346	0.121549429598
TARA_038_MES_0.22-1.6_G.snv.filtered.bam	0.0686088708936	0.0	0.030426303013	0.213424916187	0.161465624283	0.152039292265
TARA_039_MES_0.22-1.6_G.snv.filtered.bam	0.086165494037	0.030426303013	0.0	0.216439143079	0.169725971659	0.158227507172
TARA_137_DCM_0.22-3_G.snv.filtered.bam	0.195613497132	0.213424916187	0.216439143079	0.0	0.119184119992	0.159130876766
TARA_137_MES_0.22-3_G.snv.filtered.bam	0.13604245346	0.161465624283	0.169725971659	0.119184119992	0.0	0.048405896624
TARA_138_MES_0.22-3_G.snv.filtered.bam	0.121549429598	0.152039292265	0.158227507172	0.159130876766	0.048405896624	0.0
