	TARA_056_MES_0.22-3_G.snv.filtered.bam	TARA_064_MES_0.22-3_G.snv.filtered.bam	TARA_065_MES_0.22-3_G.snv.filtered.bam	TARA_068_MES_0.22-3_G.snv.filtered.bam	TARA_070_MES_0.22-3_G.snv.filtered.bam	TARA_076_MES_0.22-3_G.snv.filtered.bam	TARA_078_MES_0.22-3_G.snv.filtered.bam	TARA_085_MES_0.22-3_G.snv.filtered.bam	TARA_098_MES_0.22-3_G.snv.filtered.bam	TARA_100_MES_0.22-3_G.snv.filtered.bam	TARA_102_MES_0.22-3_G.snv.filtered.bam	TARA_109_MES_0.22-3_G.snv.filtered.bam	TARA_110_MES_0.22-3_G.snv.filtered.bam	TARA_111_MES_0.22-3_G.snv.filtered.bam	TARA_112_MES_0.22-3_G.snv.filtered.bam	TARA_122_MES_0.22-3_G.snv.filtered.bam	TARA_132_MES_0.22-3_G.snv.filtered.bam	TARA_133_MES_0.22-3_G.snv.filtered.bam	TARA_137_MES_0.22-3_G.snv.filtered.bam	TARA_138_MES_0.22-3_G.snv.filtered.bam	TARA_142_MES_0.22-3_G.snv.filtered.bam	TARA_145_MES_0.22-3_G.snv.filtered.bam	TARA_146_MES_0.22-3_G.snv.filtered.bam	TARA_148b_MES_0.22-3_G.snv.filtered.bam	TARA_149_MES_0.22-3_G.snv.filtered.bam	TARA_152_MES_0.22-3_G.snv.filtered.bam
TARA_056_MES_0.22-3_G.snv.filtered.bam	0.0	0.0994077216937	0.0984955784411	0.0990756914132	0.0955946702152	0.0985645187065	0.109420093747	0.112802471398	0.0917406357089	0.15284215845	0.0787300993856	0.112509013139	0.090404552017	0.0985209947746	0.100463850703	0.0470504943964	0.0998155423796	0.0531290046062	0.0612544822051	0.0597113706709	0.0792303273424	0.109411511573	0.100273990584	0.206179938841	0.100597571346	0.107760006012
TARA_064_MES_0.22-3_G.snv.filtered.bam	0.0994077216937	0.0	0.0542121527203	0.0534996325693	0.0843570255679	0.0775085989535	0.0608745152442	0.101903210434	0.0634487095802	0.168605461656	0.108194733394	0.129604813236	0.115220816587	0.121070079976	0.0641243889652	0.0940215793672	0.0653600110737	0.0984299730199	0.120788773369	0.115779186513	0.0922983947592	0.0883661777834	0.0969505812461	0.205506542568	0.0799150977308	0.0698318796311
TARA_065_MES_0.22-3_G.snv.filtered.bam	0.0984955784411	0.0542121527203	0.0	0.0631221410204	0.093788800968	0.0930473498982	0.0800834287044	0.112406394841	0.0645018285616	0.161846221465	0.101907006575	0.121523424232	0.109608403907	0.115723068162	0.0836919778937	0.0928000798027	0.065483671665	0.0993547424677	0.114520664514	0.111307962367	0.0853911756816	0.103625370574	0.0884384449736	0.194993711135	0.0656014246152	0.0600463053237
TARA_068_MES_0.22-3_G.snv.filtered.bam	0.0990756914132	0.0534996325693	0.0631221410204	0.0	0.0657536746325	0.0533602863695	0.0444104962636	0.0779839289859	0.05872620223	0.162280541	0.104806438771	0.12284458684	0.112110775157	0.118053192381	0.0500117093569	0.0929469733309	0.0566703752229	0.0976845146041	0.115865659115	0.110582808551	0.0918324644102	0.0627760119785	0.101804010855	0.211841875966	0.0885979588208	0.077590162204
TARA_070_MES_0.22-3_G.snv.filtered.bam	0.0955946702152	0.0843570255679	0.093788800968	0.0657536746325	0.0	0.0541963612886	0.0677102409291	0.0734389235327	0.082815099709	0.159439230518	0.113170653111	0.123279168584	0.116838702776	0.123892512071	0.0653457223553	0.0861164088223	0.079752240255	0.0931015178434	0.118496497424	0.112570874044	0.0939725261476	0.0639311790797	0.107524819041	0.205481822669	0.100788191897	0.0933772661938
TARA_076_MES_0.22-3_G.snv.filtered.bam	0.0985645187065	0.0775085989535	0.0930473498982	0.0533602863695	0.0541963612886	0.0	0.0428822748168	0.0540343363561	0.0854655924891	0.16441583551	0.119760563988	0.130494162064	0.123684168096	0.128684978978	0.0453267348325	0.0951408923942	0.0796568542163	0.0996705535277	0.118885479354	0.113857435366	0.106968603413	0.0323155446298	0.115658516474	0.206294806337	0.108083076407	0.0958144843634
TARA_078_MES_0.22-3_G.snv.filtered.bam	0.109420093747	0.0608745152442	0.0800834287044	0.0444104962636	0.0677102409291	0.0428822748168	0.0	0.0707667232951	0.075323081228	0.172478482693	0.120148374676	0.135686630941	0.125893262568	0.130594414893	0.0431660725954	0.105395875243	0.0717173949779	0.107203259313	0.129775110953	0.123874025566	0.109528808597	0.0476225238907	0.117185211119	0.213438390976	0.103866345124	0.0925177944038
TARA_085_MES_0.22-3_G.snv.filtered.bam	0.112802471398	0.101903210434	0.112406394841	0.0779839289859	0.0734389235327	0.0540343363561	0.0707667232951	0.0	0.1073762237	0.165140633149	0.129173580489	0.134886286244	0.131087305718	0.134964741668	0.0769882382479	0.109834577158	0.0965000184823	0.115655106033	0.123106599382	0.11980702885	0.117142306188	0.0467342628179	0.123791836824	0.207459640126	0.119075600913	0.111069802373
TARA_098_MES_0.22-3_G.snv.filtered.bam	0.0917406357089	0.0634487095802	0.0645018285616	0.05872620223	0.082815099709	0.0854655924891	0.075323081228	0.1073762237	0.0	0.148528275359	0.0798528632627	0.110140266117	0.0903124399913	0.0976085098226	0.070183678419	0.0804534740925	0.0556632886508	0.0839601536111	0.105488020521	0.0985330458224	0.0743516904573	0.0993150961799	0.0912291390349	0.213673444393	0.0820611216847	0.0814639069782
TARA_100_MES_0.22-3_G.snv.filtered.bam	0.15284215845	0.168605461656	0.161846221465	0.162280541	0.159439230518	0.16441583551	0.172478482693	0.165140633149	0.148528275359	0.0	0.113688073398	0.0851912232026	0.0977238231242	0.0795663482064	0.16600457831	0.144270927218	0.160009714361	0.144609436805	0.139591885781	0.140600405814	0.130681965457	0.16661938185	0.131857153119	0.224610693526	0.143559748986	0.153881714599
TARA_102_MES_0.22-3_G.snv.filtered.bam	0.0787300993856	0.108194733394	0.101907006575	0.104806438771	0.113170653111	0.119760563988	0.120148374676	0.129173580489	0.0798528632627	0.113688073398	0.0	0.0627951829008	0.0358346974405	0.0511974703698	0.110686200315	0.0636344019708	0.101725721352	0.0689192451825	0.0757136570138	0.0662036869259	0.0602504425763	0.12943838751	0.0835250589751	0.217417628853	0.0903467194182	0.107592020595
TARA_109_MES_0.22-3_G.snv.filtered.bam	0.112509013139	0.129604813236	0.121523424232	0.12284458684	0.123279168584	0.130494162064	0.135686630941	0.134886286244	0.110140266117	0.0851912232026	0.0627951829008	0.0	0.0501921209199	0.0579456162034	0.129189737213	0.101869335261	0.12359907995	0.10633857152	0.105381167716	0.0966853975971	0.083628128153	0.133645156956	0.0912020474685	0.21364575815	0.103299097121	0.118059972773
TARA_110_MES_0.22-3_G.snv.filtered.bam	0.090404552017	0.115220816587	0.109608403907	0.112110775157	0.116838702776	0.123684168096	0.125893262568	0.131087305718	0.0903124399913	0.0977238231242	0.0358346974405	0.0501921209199	0.0	0.0433300788999	0.117907192387	0.076517042423	0.108446028946	0.0805700815867	0.0821069437281	0.0740245933202	0.068475771353	0.1312926042	0.085628569052	0.216553198179	0.0945135039333	0.113328809611
TARA_111_MES_0.22-3_G.snv.filtered.bam	0.0985209947746	0.121070079976	0.115723068162	0.118053192381	0.123892512071	0.128684978978	0.130594414893	0.134964741668	0.0976085098226	0.0795663482064	0.0511974703698	0.0579456162034	0.0433300788999	0.0	0.123875607968	0.0868543939514	0.114975199794	0.0906187094607	0.0888323075345	0.085598913476	0.0802205976423	0.135599910442	0.0917845129744	0.216994964568	0.100198837622	0.118240472701
TARA_112_MES_0.22-3_G.snv.filtered.bam	0.100463850703	0.0641243889652	0.0836919778937	0.0500117093569	0.0653457223553	0.0453267348325	0.0431660725954	0.0769882382479	0.070183678419	0.16600457831	0.110686200315	0.129189737213	0.117907192387	0.123875607968	0.0	0.0945557559864	0.0695395675108	0.0967962570516	0.121858895581	0.115537086974	0.0991879604547	0.0570894610186	0.111849432546	0.216767369951	0.102799847435	0.0946303615915
TARA_122_MES_0.22-3_G.snv.filtered.bam	0.0470504943964	0.0940215793672	0.0928000798027	0.0929469733309	0.0861164088223	0.0951408923942	0.105395875243	0.109834577158	0.0804534740925	0.144270927218	0.0636344019708	0.101869335261	0.076517042423	0.0868543939514	0.0945557559864	0.0	0.0881288770573	0.0456249398365	0.0595138831701	0.0565643439611	0.0654302788987	0.10929243753	0.0884496542145	0.202551310588	0.0885895368166	0.0996262846131
TARA_132_MES_0.22-3_G.snv.filtered.bam	0.0998155423796	0.0653600110737	0.065483671665	0.0566703752229	0.079752240255	0.0796568542163	0.0717173949779	0.0965000184823	0.0556632886508	0.160009714361	0.101725721352	0.12359907995	0.108446028946	0.114975199794	0.0695395675108	0.0881288770573	0.0	0.0900031583037	0.114320915243	0.107365279864	0.0877748658932	0.0938239002064	0.101566141719	0.210596613235	0.0903987719155	0.082649926382
TARA_133_MES_0.22-3_G.snv.filtered.bam	0.0531290046062	0.0984299730199	0.0993547424677	0.0976845146041	0.0931015178434	0.0996705535277	0.107203259313	0.115655106033	0.0839601536111	0.144609436805	0.0689192451825	0.10633857152	0.0805700815867	0.0906187094607	0.0967962570516	0.0456249398365	0.0900031583037	0.0	0.06308688749	0.0544997297262	0.0772878922151	0.113559693005	0.098886661674	0.210242869645	0.100395198596	0.107324220792
TARA_137_MES_0.22-3_G.snv.filtered.bam	0.0612544822051	0.120788773369	0.114520664514	0.115865659115	0.118496497424	0.118885479354	0.129775110953	0.123106599382	0.105488020521	0.139591885781	0.0757136570138	0.105381167716	0.0821069437281	0.0888323075345	0.121858895581	0.0595138831701	0.114320915243	0.06308688749	0.0	0.0407843698525	0.0917040918208	0.125518774383	0.108792794324	0.206591889721	0.111614964961	0.122253944608
TARA_138_MES_0.22-3_G.snv.filtered.bam	0.0597113706709	0.115779186513	0.111307962367	0.110582808551	0.112570874044	0.113857435366	0.123874025566	0.11980702885	0.0985330458224	0.140600405814	0.0662036869259	0.0966853975971	0.0740245933202	0.085598913476	0.115537086974	0.0565643439611	0.107365279864	0.0544997297262	0.0407843698525	0.0	0.0840737031155	0.121847524301	0.102103615031	0.207906797075	0.10387280893	0.115914566394
TARA_142_MES_0.22-3_G.snv.filtered.bam	0.0792303273424	0.0922983947592	0.0853911756816	0.0918324644102	0.0939725261476	0.106968603413	0.109528808597	0.117142306188	0.0743516904573	0.130681965457	0.0602504425763	0.083628128153	0.068475771353	0.0802205976423	0.0991879604547	0.0654302788987	0.0877748658932	0.0772878922151	0.0917040918208	0.0840737031155	0.0	0.119025907384	0.06885224078	0.19399672553	0.0714460988301	0.0865882697289
TARA_145_MES_0.22-3_G.snv.filtered.bam	0.109411511573	0.0883661777834	0.103625370574	0.0627760119785	0.0639311790797	0.0323155446298	0.0476225238907	0.0467342628179	0.0993150961799	0.16661938185	0.12943838751	0.133645156956	0.1312926042	0.135599910442	0.0570894610186	0.10929243753	0.0938239002064	0.113559693005	0.125518774383	0.121847524301	0.119025907384	0.0	0.122734431613	0.206399554161	0.116285306124	0.0974956450098
TARA_146_MES_0.22-3_G.snv.filtered.bam	0.100273990584	0.0969505812461	0.0884384449736	0.101804010855	0.107524819041	0.115658516474	0.117185211119	0.123791836824	0.0912291390349	0.131857153119	0.0835250589751	0.0912020474685	0.085628569052	0.0917845129744	0.111849432546	0.0884496542145	0.101566141719	0.098886661674	0.108792794324	0.102103615031	0.06885224078	0.122734431613	0.0	0.158919416132	0.0644319492757	0.0799896869376
TARA_148b_MES_0.22-3_G.snv.filtered.bam	0.206179938841	0.205506542568	0.194993711135	0.211841875966	0.205481822669	0.206294806337	0.213438390976	0.207459640126	0.213673444393	0.224610693526	0.217417628853	0.21364575815	0.216553198179	0.216994964568	0.216767369951	0.202551310588	0.210596613235	0.210242869645	0.206591889721	0.207906797075	0.19399672553	0.206399554161	0.158919416132	0.0	0.175027549416	0.184458119696
TARA_149_MES_0.22-3_G.snv.filtered.bam	0.100597571346	0.0799150977308	0.0656014246152	0.0885979588208	0.100788191897	0.108083076407	0.103866345124	0.119075600913	0.0820611216847	0.143559748986	0.0903467194182	0.103299097121	0.0945135039333	0.100198837622	0.102799847435	0.0885895368166	0.0903987719155	0.100395198596	0.111614964961	0.10387280893	0.0714460988301	0.116285306124	0.0644319492757	0.175027549416	0.0	0.0633328383573
TARA_152_MES_0.22-3_G.snv.filtered.bam	0.107760006012	0.0698318796311	0.0600463053237	0.077590162204	0.0933772661938	0.0958144843634	0.0925177944038	0.111069802373	0.0814639069782	0.153881714599	0.107592020595	0.118059972773	0.113328809611	0.118240472701	0.0946303615915	0.0996262846131	0.082649926382	0.107324220792	0.122253944608	0.115914566394	0.0865882697289	0.0974956450098	0.0799896869376	0.184458119696	0.0633328383573	0.0
