	TARA_034_SRF_0.22-1.6_G.snv.filtered.bam	TARA_038_DCM_0.22-1.6_G.snv.filtered.bam	TARA_039_DCM_0.22-1.6_G.snv.filtered.bam	TARA_041_DCM_0.22-1.6_G.snv.filtered.bam	TARA_042_DCM_0.22-1.6_G.snv.filtered.bam	TARA_123_SRF_0.22-3_G.snv.filtered.bam	TARA_124_SRF_0.22-3_G.snv.filtered.bam	TARA_146_SRF_0.22-3_G.snv.filtered.bam	TARA_149_SRF_0.22-3_G.snv.filtered.bam
TARA_034_SRF_0.22-1.6_G.snv.filtered.bam	0.0	0.284009546539	0.17661097852	0.257756563246	0.267303102625	0.288782816229	0.288782816229	0.0190930787589	0.0286396181384
TARA_038_DCM_0.22-1.6_G.snv.filtered.bam	0.284009546539	0.0	0.00954653937947	0.0167064439141	0.00715990453461	0.0190930787589	0.0190930787589	0.260143198091	0.171837708831
TARA_039_DCM_0.22-1.6_G.snv.filtered.bam	0.17661097852	0.00954653937947	0.0	0.0	0.0119331742243	0.0310262529833	0.0310262529833	0.116945107399	0.0286396181384
TARA_041_DCM_0.22-1.6_G.snv.filtered.bam	0.257756563246	0.0167064439141	0.0	0.0	0.00238663484487	0.035799522673	0.035799522673	0.214797136038	0.107398568019
TARA_042_DCM_0.22-1.6_G.snv.filtered.bam	0.267303102625	0.00715990453461	0.0119331742243	0.00238663484487	0.0	0.0262529832936	0.0238663484487	0.243436754177	0.162291169451
TARA_123_SRF_0.22-3_G.snv.filtered.bam	0.288782816229	0.0190930787589	0.0310262529833	0.035799522673	0.0262529832936	0.0	0.0	0.267303102625	0.1861575179
TARA_124_SRF_0.22-3_G.snv.filtered.bam	0.288782816229	0.0190930787589	0.0310262529833	0.035799522673	0.0238663484487	0.0	0.0	0.267303102625	0.1861575179
TARA_146_SRF_0.22-3_G.snv.filtered.bam	0.0190930787589	0.260143198091	0.116945107399	0.214797136038	0.243436754177	0.267303102625	0.267303102625	0.0	0.0
TARA_149_SRF_0.22-3_G.snv.filtered.bam	0.0286396181384	0.171837708831	0.0286396181384	0.107398568019	0.162291169451	0.1861575179	0.1861575179	0.0	0.0
