	TARA_034_SRF_0.22-1.6_G.snv.filtered.bam	TARA_038_DCM_0.22-1.6_G.snv.filtered.bam	TARA_039_DCM_0.22-1.6_G.snv.filtered.bam	TARA_041_DCM_0.22-1.6_G.snv.filtered.bam	TARA_042_DCM_0.22-1.6_G.snv.filtered.bam	TARA_123_SRF_0.22-3_G.snv.filtered.bam	TARA_124_SRF_0.22-3_G.snv.filtered.bam	TARA_146_SRF_0.22-3_G.snv.filtered.bam	TARA_149_SRF_0.22-3_G.snv.filtered.bam
TARA_034_SRF_0.22-1.6_G.snv.filtered.bam	0.0	0.279109425323	0.213180033288	0.25538885439	0.280849510521	0.296412160156	0.296756794176	0.0697521731256	0.111781270455
TARA_038_DCM_0.22-1.6_G.snv.filtered.bam	0.279109425323	0.0	0.101255430554	0.0611946817706	0.0368358980913	0.0501332476543	0.0498071448009	0.249795016625	0.211828696643
TARA_039_DCM_0.22-1.6_G.snv.filtered.bam	0.213180033288	0.101255430554	0.0	0.0768295463982	0.102595909206	0.131934129314	0.13183120859	0.179000355273	0.141252575878
TARA_041_DCM_0.22-1.6_G.snv.filtered.bam	0.25538885439	0.0611946817706	0.0768295463982	0.0	0.0443181713406	0.0891055207211	0.0892065827384	0.220601965597	0.183337735969
TARA_042_DCM_0.22-1.6_G.snv.filtered.bam	0.280849510521	0.0368358980913	0.102595909206	0.0443181713406	0.0	0.0572798721672	0.0573292395475	0.247687095618	0.210870880714
TARA_123_SRF_0.22-3_G.snv.filtered.bam	0.296412160156	0.0501332476543	0.131934129314	0.0891055207211	0.0572798721672	0.0	0.00648897573349	0.268024768376	0.228836445137
TARA_124_SRF_0.22-3_G.snv.filtered.bam	0.296756794176	0.0498071448009	0.13183120859	0.0892065827384	0.0573292395475	0.00648897573349	0.0	0.268501993221	0.229313669982
TARA_146_SRF_0.22-3_G.snv.filtered.bam	0.0697521731256	0.249795016625	0.179000355273	0.220601965597	0.247687095618	0.268024768376	0.268501993221	0.0	0.0715002287329
TARA_149_SRF_0.22-3_G.snv.filtered.bam	0.111781270455	0.211828696643	0.141252575878	0.183337735969	0.210870880714	0.228836445137	0.229313669982	0.0715002287329	0.0
