	TARA_031_SRF_0.22-1.6_G.snv.filtered.bam	TARA_032_SRF_0.22-1.6_G.snv.filtered.bam	TARA_033_SRF_0.22-1.6_G.snv.filtered.bam	TARA_041_SRF_0.22-1.6_G.snv.filtered.bam	TARA_042_SRF_0.22-1.6_G.snv.filtered.bam	TARA_056_SRF_0.22-3_G.snv.filtered.bam	TARA_140_SRF_0.22-3_G.snv.filtered.bam	TARA_141_SRF_0.22-3_G.snv.filtered.bam	TARA_142_SRF_0.22-3_G.snv.filtered.bam	TARA_146_SRF_0.22-3_G.snv.filtered.bam	TARA_148_SRF_0.22-3_G.snv.filtered.bam
TARA_031_SRF_0.22-1.6_G.snv.filtered.bam	0.0	0.00119047619048	0.0202380952381	0.0369047619048	0.047619047619	0.0595238095238	0.119047619048	0.0166666666667	0.00952380952381	0.00595238095238	0.00833333333333
TARA_032_SRF_0.22-1.6_G.snv.filtered.bam	0.00119047619048	0.0	0.00595238095238	0.0297619047619	0.0440476190476	0.0535714285714	0.115476190476	0.00714285714286	0.00595238095238	0.0047619047619	0.00357142857143
TARA_033_SRF_0.22-1.6_G.snv.filtered.bam	0.0202380952381	0.00595238095238	0.0	0.025	0.0404761904762	0.047619047619	0.0761904761905	0.0130952380952	0.00952380952381	0.0119047619048	0.00714285714286
TARA_041_SRF_0.22-1.6_G.snv.filtered.bam	0.0369047619048	0.0297619047619	0.025	0.0	0.00238095238095	0.0107142857143	0.0964285714286	0.025	0.0178571428571	0.0202380952381	0.0214285714286
TARA_042_SRF_0.22-1.6_G.snv.filtered.bam	0.047619047619	0.0440476190476	0.0404761904762	0.00238095238095	0.0	0.00833333333333	0.132142857143	0.0321428571429	0.0238095238095	0.0297619047619	0.0285714285714
TARA_056_SRF_0.22-3_G.snv.filtered.bam	0.0595238095238	0.0535714285714	0.047619047619	0.0107142857143	0.00833333333333	0.0	0.146428571429	0.0452380952381	0.0428571428571	0.0452380952381	0.0428571428571
TARA_140_SRF_0.22-3_G.snv.filtered.bam	0.119047619048	0.115476190476	0.0761904761905	0.0964285714286	0.132142857143	0.146428571429	0.0	0.116666666667	0.109523809524	0.117857142857	0.117857142857
TARA_141_SRF_0.22-3_G.snv.filtered.bam	0.0166666666667	0.00714285714286	0.0130952380952	0.025	0.0321428571429	0.0452380952381	0.116666666667	0.0	0.0	0.0	0.00119047619048
TARA_142_SRF_0.22-3_G.snv.filtered.bam	0.00952380952381	0.00595238095238	0.00952380952381	0.0178571428571	0.0238095238095	0.0428571428571	0.109523809524	0.0	0.0	0.0	0.0
TARA_146_SRF_0.22-3_G.snv.filtered.bam	0.00595238095238	0.0047619047619	0.0119047619048	0.0202380952381	0.0297619047619	0.0452380952381	0.117857142857	0.0	0.0	0.0	0.0
TARA_148_SRF_0.22-3_G.snv.filtered.bam	0.00833333333333	0.00357142857143	0.00714285714286	0.0214285714286	0.0285714285714	0.0428571428571	0.117857142857	0.00119047619048	0.0	0.0	0.0
