	TARA_004_DCM_0.22-1.6_G.snv.filtered.bam	TARA_007_DCM_0.22-1.6_G.snv.filtered.bam	TARA_009_DCM_0.22-1.6_G.snv.filtered.bam	TARA_067_SRF_0.22-3_G.snv.filtered.bam	TARA_093_DCM_0.22-3_G.snv.filtered.bam	TARA_093_SRF_0.22-3_G.snv.filtered.bam	TARA_102_DCM_0.22-3_G.snv.filtered.bam	TARA_133_DCM_0.22-3_G.snv.filtered.bam	TARA_145_SRF_0.22-3_G.snv.filtered.bam
TARA_004_DCM_0.22-1.6_G.snv.filtered.bam	0.0	0.0352848969824	0.0295687868604	0.116467839714	0.178706548475	0.186133213915	0.139711129719	0.171338119235	0.0987084635803
TARA_007_DCM_0.22-1.6_G.snv.filtered.bam	0.0352848969824	0.0	0.0307153649686	0.118076826582	0.182492073091	0.18973871532	0.140196358835	0.166974950201	0.0900177467549
TARA_009_DCM_0.22-1.6_G.snv.filtered.bam	0.0295687868604	0.0307153649686	0.0	0.113534530213	0.178660916191	0.185451613966	0.136308514755	0.169364963339	0.0933919723666
TARA_067_SRF_0.22-3_G.snv.filtered.bam	0.116467839714	0.118076826582	0.113534530213	0.0	0.148345475229	0.157038556797	0.125403437664	0.158492386446	0.113810737287
TARA_093_DCM_0.22-3_G.snv.filtered.bam	0.178706548475	0.182492073091	0.178660916191	0.148345475229	0.0	0.0286645567434	0.129084150137	0.18536968502	0.178151912475
TARA_093_SRF_0.22-3_G.snv.filtered.bam	0.186133213915	0.18973871532	0.185451613966	0.157038556797	0.0286645567434	0.0	0.136064024452	0.191398536127	0.184736240013
TARA_102_DCM_0.22-3_G.snv.filtered.bam	0.139711129719	0.140196358835	0.136308514755	0.125403437664	0.129084150137	0.136064024452	0.0	0.146599242831	0.136580184445
TARA_133_DCM_0.22-3_G.snv.filtered.bam	0.171338119235	0.166974950201	0.169364963339	0.158492386446	0.18536968502	0.191398536127	0.146599242831	0.0	0.157879679614
TARA_145_SRF_0.22-3_G.snv.filtered.bam	0.0987084635803	0.0900177467549	0.0933919723666	0.113810737287	0.178151912475	0.184736240013	0.136580184445	0.157879679614	0.0
