	TARA_004_DCM_0.22-1.6_G.snv.filtered.bam	TARA_007_DCM_0.22-1.6_G.snv.filtered.bam	TARA_009_DCM_0.22-1.6_G.snv.filtered.bam	TARA_067_SRF_0.22-3_G.snv.filtered.bam	TARA_093_DCM_0.22-3_G.snv.filtered.bam	TARA_093_SRF_0.22-3_G.snv.filtered.bam	TARA_102_DCM_0.22-3_G.snv.filtered.bam	TARA_133_DCM_0.22-3_G.snv.filtered.bam	TARA_145_SRF_0.22-3_G.snv.filtered.bam
TARA_004_DCM_0.22-1.6_G.snv.filtered.bam	0.0	0.0	0.0	0.0192307692308	0.100427350427	0.115384615385	0.0534188034188	0.0833333333333	0.025641025641
TARA_007_DCM_0.22-1.6_G.snv.filtered.bam	0.0	0.0	0.0	0.0106837606838	0.0918803418803	0.104700854701	0.0448717948718	0.0705128205128	0.0149572649573
TARA_009_DCM_0.22-1.6_G.snv.filtered.bam	0.0	0.0	0.0	0.017094017094	0.0940170940171	0.104700854701	0.0512820512821	0.0790598290598	0.0192307692308
TARA_067_SRF_0.22-3_G.snv.filtered.bam	0.0192307692308	0.0106837606838	0.017094017094	0.0	0.0405982905983	0.0512820512821	0.0106837606838	0.0448717948718	0.017094017094
TARA_093_DCM_0.22-3_G.snv.filtered.bam	0.100427350427	0.0918803418803	0.0940170940171	0.0405982905983	0.0	0.0	0.0363247863248	0.0790598290598	0.0876068376068
TARA_093_SRF_0.22-3_G.snv.filtered.bam	0.115384615385	0.104700854701	0.104700854701	0.0512820512821	0.0	0.0	0.0448717948718	0.0897435897436	0.102564102564
TARA_102_DCM_0.22-3_G.snv.filtered.bam	0.0534188034188	0.0448717948718	0.0512820512821	0.0106837606838	0.0363247863248	0.0448717948718	0.0	0.0384615384615	0.0491452991453
TARA_133_DCM_0.22-3_G.snv.filtered.bam	0.0833333333333	0.0705128205128	0.0790598290598	0.0448717948718	0.0790598290598	0.0897435897436	0.0384615384615	0.0	0.0683760683761
TARA_145_SRF_0.22-3_G.snv.filtered.bam	0.025641025641	0.0149572649573	0.0192307692308	0.017094017094	0.0876068376068	0.102564102564	0.0491452991453	0.0683760683761	0.0
