	TARA_004_DCM_0.22-1.6_G.snv.filtered.bam	TARA_072_DCM_0.22-3_G.snv.filtered.bam	TARA_125_MIX_0.22-3_G.snv.filtered.bam	TARA_132_DCM_0.22-3_G.snv.filtered.bam	TARA_146_SRF_0.22-3_G.snv.filtered.bam	TARA_148_SRF_0.22-3_G.snv.filtered.bam	TARA_149_SRF_0.22-3_G.snv.filtered.bam	TARA_150_DCM_0.22-3_G.snv.filtered.bam	TARA_150_SRF_0.22-3_G.snv.filtered.bam
TARA_004_DCM_0.22-1.6_G.snv.filtered.bam	0.0	0.00936768149883	0.00936768149883	0.0	0.0	0.0	0.0	0.00234192037471	0.00234192037471
TARA_072_DCM_0.22-3_G.snv.filtered.bam	0.00936768149883	0.0	0.00234192037471	0.0	0.00702576112412	0.00936768149883	0.00468384074941	0.0117096018735	0.016393442623
TARA_125_MIX_0.22-3_G.snv.filtered.bam	0.00936768149883	0.00234192037471	0.0	0.0	0.0	0.0117096018735	0.00234192037471	0.00468384074941	0.00702576112412
TARA_132_DCM_0.22-3_G.snv.filtered.bam	0.0	0.0	0.0	0.0	0.0	0.00702576112412	0.0	0.00234192037471	0.00468384074941
TARA_146_SRF_0.22-3_G.snv.filtered.bam	0.0	0.00702576112412	0.0	0.0	0.0	0.0	0.0	0.0	0.0
TARA_148_SRF_0.22-3_G.snv.filtered.bam	0.0	0.00936768149883	0.0117096018735	0.00702576112412	0.0	0.0	0.00234192037471	0.00468384074941	0.0
TARA_149_SRF_0.22-3_G.snv.filtered.bam	0.0	0.00468384074941	0.00234192037471	0.0	0.0	0.00234192037471	0.0	0.0	0.0
TARA_150_DCM_0.22-3_G.snv.filtered.bam	0.00234192037471	0.0117096018735	0.00468384074941	0.00234192037471	0.0	0.00468384074941	0.0	0.0	0.00234192037471
TARA_150_SRF_0.22-3_G.snv.filtered.bam	0.00234192037471	0.016393442623	0.00702576112412	0.00468384074941	0.0	0.0	0.0	0.00234192037471	0.0
