	TARA_031_SRF_0.22-1.6_G.snv.filtered.bam	TARA_032_DCM_0.22-1.6_G.snv.filtered.bam	TARA_032_SRF_0.22-1.6_G.snv.filtered.bam	TARA_033_SRF_0.22-1.6_G.snv.filtered.bam	TARA_034_SRF_0.22-1.6_G.snv.filtered.bam	TARA_038_DCM_0.22-1.6_G.snv.filtered.bam	TARA_039_DCM_0.22-1.6_G.snv.filtered.bam	TARA_041_DCM_0.22-1.6_G.snv.filtered.bam	TARA_041_SRF_0.22-1.6_G.snv.filtered.bam	TARA_042_DCM_0.22-1.6_G.snv.filtered.bam	TARA_042_SRF_0.22-1.6_G.snv.filtered.bam	TARA_045_SRF_0.22-1.6_G.snv.filtered.bam	TARA_048_SRF_0.22-1.6_G.snv.filtered.bam	TARA_052_DCM_0.22-1.6_G.snv.filtered.bam	TARA_052_SRF_0.22-1.6_G.snv.filtered.bam	TARA_056_MES_0.22-3_G.snv.filtered.bam	TARA_056_SRF_0.22-3_G.snv.filtered.bam	TARA_057_SRF_0.22-3_G.snv.filtered.bam	TARA_058_DCM_0.22-3_G.snv.filtered.bam	TARA_062_SRF_0.22-3_G.snv.filtered.bam	TARA_064_DCM_0.22-3_G.snv.filtered.bam	TARA_064_SRF_0.22-3_G.snv.filtered.bam	TARA_065_DCM_0.22-3_G.snv.filtered.bam	TARA_065_SRF_0.22-3_G.snv.filtered.bam	TARA_066_SRF_0.22-3_G.snv.filtered.bam	TARA_070_SRF_0.22-3_G.snv.filtered.bam	TARA_072_DCM_0.22-3_G.snv.filtered.bam	TARA_072_MES_0.22-3_G.snv.filtered.bam	TARA_072_SRF_0.22-3_G.snv.filtered.bam	TARA_076_DCM_0.22-3_G.snv.filtered.bam	TARA_076_SRF_0.22-3_G.snv.filtered.bam	TARA_078_DCM_0.22-3_G.snv.filtered.bam	TARA_078_SRF_0.22-3_G.snv.filtered.bam	TARA_096_SRF_0.22-3_G.snv.filtered.bam	TARA_098_SRF_0.22-3_G.snv.filtered.bam	TARA_099_SRF_0.22-3_G.snv.filtered.bam	TARA_100_SRF_0.22-3_G.snv.filtered.bam	TARA_109_DCM_0.22-3_G.snv.filtered.bam	TARA_109_SRF_0.22-3_G.snv.filtered.bam	TARA_110_DCM_0.22-3_G.snv.filtered.bam	TARA_110_SRF_0.22-3_G.snv.filtered.bam	TARA_111_SRF_0.22-3_G.snv.filtered.bam	TARA_112_DCM_0.22-3_G.snv.filtered.bam	TARA_112_SRF_0.22-3_G.snv.filtered.bam	TARA_122_SRF_0.22-3_G.snv.filtered.bam	TARA_123_SRF_0.22-3_G.snv.filtered.bam	TARA_124_MIX_0.22-3_G.snv.filtered.bam	TARA_124_SRF_0.22-3_G.snv.filtered.bam	TARA_125_SRF_0.22-3_G.snv.filtered.bam	TARA_128_DCM_0.22-3_G.snv.filtered.bam	TARA_128_SRF_0.22-3_G.snv.filtered.bam	TARA_132_SRF_0.22-3_G.snv.filtered.bam	TARA_137_SRF_0.22-3_G.snv.filtered.bam	TARA_138_SRF_0.22-3_G.snv.filtered.bam	TARA_140_SRF_0.22-3_G.snv.filtered.bam	TARA_141_SRF_0.22-3_G.snv.filtered.bam	TARA_142_DCM_0.22-3_G.snv.filtered.bam	TARA_142_SRF_0.22-3_G.snv.filtered.bam	TARA_146_SRF_0.22-3_G.snv.filtered.bam	TARA_148_SRF_0.22-3_G.snv.filtered.bam	TARA_149_SRF_0.22-3_G.snv.filtered.bam
TARA_031_SRF_0.22-1.6_G.snv.filtered.bam	0.0	0.0351164104009	0.0356385454901	0.0361389634248	0.0399336334041	0.061554498284	0.0511816154945	0.0493300544195	0.0411998620797	0.045910281281	0.0405891294871	0.0398297345908	0.0395157244295	0.0438090308448	0.041826626461	0.050979002277	0.0413738552386	0.0421450862615	0.0443464854143	0.0427730454012	0.044713908782	0.0413482118443	0.0415607035808	0.0433857562565	0.0521660709715	0.0576646230771	0.0488923602591	0.0518102609407	0.0475650537746	0.0663420660992	0.0577931250381	0.0567865365593	0.05541055542	0.113768261744	0.102438434961	0.0986160779083	0.0973444888018	0.0726320496667	0.0622603733689	0.0876754280571	0.0802102623224	0.113609904887	0.077791962634	0.0886005471229	0.0824708920101	0.0780649469619	0.0779724631812	0.0770406542689	0.0804529813522	0.0680443858841	0.0750665024057	0.0642078099236	0.0629356697613	0.0468402674339	0.0581903092675	0.0453120480113	0.0456954299945	0.0468526216548	0.0530188788065	0.0565468423974	0.0609651724614
TARA_032_DCM_0.22-1.6_G.snv.filtered.bam	0.0351164104009	0.0	0.0345590200159	0.036711851735	0.0406865906966	0.0589482267453	0.0497849092606	0.0471206038648	0.0439943164206	0.0476739027517	0.0394976456071	0.0422046304555	0.0399157381498	0.0437667833463	0.0416615931808	0.0468804804039	0.0446920071039	0.0434686606172	0.0496289371736	0.0475759942373	0.0500834422307	0.046057079328	0.0433260890991	0.0468362114613	0.051628913158	0.0569728585729	0.0467583850768	0.0503834474701	0.0446724069001	0.0654049350381	0.0594600996686	0.0557538453736	0.0552063473941	0.112000867911	0.0993405988753	0.0933699048507	0.0926864749954	0.0695956305477	0.0590246124842	0.0855381941198	0.0791461116864	0.111302845427	0.0785216412527	0.0869252518319	0.0805101922355	0.0729641243562	0.0767823407344	0.0724266901704	0.0765305563407	0.0632724422562	0.0732148767761	0.0620363648212	0.0615894345572	0.0446161272397	0.0600649045709	0.0421167758905	0.0416617787648	0.0433305813707	0.0531396843143	0.0557470788266	0.0599787687006
TARA_032_SRF_0.22-1.6_G.snv.filtered.bam	0.0356385454901	0.0345590200159	0.0	0.0347347077229	0.0369365955678	0.0636040767634	0.0512151488641	0.0500836266183	0.0450456973165	0.0505962977392	0.0401261136165	0.0440121486176	0.0408032198342	0.0430480363288	0.0426448720105	0.0504968453549	0.0459416020447	0.0466472419366	0.0515334799503	0.0500802198846	0.0521238958487	0.0486742839346	0.0464633824426	0.0492353536787	0.0552939100759	0.0613479452209	0.050769303951	0.0519101525884	0.0465225413833	0.0666641595565	0.0598574334561	0.0542906184683	0.0579857204999	0.11506153543	0.102335158031	0.0979655755925	0.0972993954111	0.0733103194731	0.0602253004638	0.0900619288329	0.0855162597668	0.116239933412	0.0790291601382	0.0900382598661	0.0834340768618	0.0774278879193	0.0781448126142	0.0765704968176	0.080691399732	0.0672993490781	0.0768768245425	0.0651879474857	0.0673964598327	0.0480181299899	0.0664340598721	0.0459167304541	0.0436338983439	0.0463283619012	0.0558590736624	0.0597666977998	0.0638184874761
TARA_033_SRF_0.22-1.6_G.snv.filtered.bam	0.0361389634248	0.036711851735	0.0347347077229	0.0	0.0347460239468	0.0636112312351	0.0515733883715	0.0536570231251	0.0474565475005	0.0517846201771	0.0436073007035	0.0459288131076	0.0439404707312	0.0461017851145	0.0456788044005	0.0515087918861	0.0479525127731	0.048740427511	0.0528653449385	0.0518911938732	0.054059985601	0.049528821518	0.048322885562	0.0520832831898	0.0561006279566	0.0628858025026	0.0534403874533	0.0529995200302	0.0504318010305	0.0723420745408	0.0629767726593	0.0592316177713	0.0624899517084	0.116405180653	0.104060357743	0.10066704448	0.0997961714494	0.0753854475649	0.0623754872539	0.0941722267967	0.0855799190663	0.117777693522	0.080818805815	0.0942752346009	0.0882591724434	0.0803458650129	0.0814033584672	0.0806405314653	0.0840374533803	0.0713825838232	0.0790192760766	0.0696865505833	0.0695510700316	0.0493106748835	0.0679176387142	0.0516257259968	0.0505390279308	0.0507595129264	0.0634864834438	0.0661189351409	0.0672880241985
TARA_034_SRF_0.22-1.6_G.snv.filtered.bam	0.0399336334041	0.0406865906966	0.0369365955678	0.0347460239468	0.0	0.063193359644	0.0514683215848	0.0541547453214	0.0480094646737	0.0525244169972	0.0430083154489	0.0473958657791	0.0450857916457	0.0446270037594	0.0453717900808	0.0509575227529	0.0480910065268	0.0499775857661	0.0538641557484	0.0530080348087	0.0516217701717	0.0503715392224	0.050266269416	0.0518543790236	0.0537588482668	0.0595120158531	0.0513000319116	0.0526164097992	0.0485196105587	0.0684131360967	0.0607388021801	0.0585605009282	0.0590783182845	0.116093367216	0.100793877463	0.0984869195316	0.0983265830843	0.0719481637658	0.060058950147	0.0920892553173	0.0860773740935	0.117154978419	0.0773341556486	0.0916630791214	0.0879492110865	0.078415695022	0.0783533023844	0.0798841764571	0.0824688822984	0.0702955440151	0.0787855731044	0.0676936229244	0.0648858454215	0.050136832117	0.0660098415292	0.0485129319461	0.0470538375237	0.0497790391196	0.0614428927827	0.0624533850689	0.0661910457919
TARA_038_DCM_0.22-1.6_G.snv.filtered.bam	0.061554498284	0.0589482267453	0.0636040767634	0.0636112312351	0.063193359644	0.0	0.0538388200152	0.0492431562063	0.0527384090769	0.0586520328004	0.0561933340922	0.0555476458388	0.0554345920908	0.056233978339	0.0539463099667	0.0589682547604	0.0555142270596	0.0562943333175	0.0567300260812	0.0571798529873	0.0577268284769	0.0549859268283	0.0561975546429	0.0567339947032	0.0606707898964	0.0580038738559	0.0550790484714	0.059073706069	0.0528147046517	0.0685239441575	0.0654953945698	0.0625028049688	0.0582772907865	0.110869469676	0.101675924661	0.0954656300815	0.0936959246397	0.0682025118526	0.0573589391633	0.0850211775606	0.0760301721042	0.109048850881	0.0787782072254	0.0885305099505	0.0825847540145	0.0796777618471	0.078952032303	0.079103070611	0.0808261613613	0.0721911585028	0.0767511261217	0.0669208062707	0.0574421420236	0.0554031003039	0.0554204393699	0.059552774375	0.0585272689325	0.0597021753182	0.0610408008181	0.0597762226933	0.0645042563669
TARA_039_DCM_0.22-1.6_G.snv.filtered.bam	0.0511816154945	0.0497849092606	0.0512151488641	0.0515733883715	0.0514683215848	0.0538388200152	0.0	0.0380200261429	0.0403256160417	0.0496497140394	0.0413592338077	0.0418780469961	0.0407350669914	0.0427873792363	0.0404994269561	0.0490531430447	0.0427595172077	0.0430520282328	0.0470690915309	0.0459978008331	0.051978865508	0.0456702148458	0.0459624251962	0.0472584490309	0.0560115012683	0.0577710282537	0.0474392070182	0.0518146723098	0.0482560921136	0.0643558074863	0.0598897971237	0.0526785100423	0.0553320587389	0.109855106636	0.0959273419488	0.0929259215963	0.0907289869518	0.0650264273091	0.0546029191171	0.0843184328412	0.0766732266936	0.109838825037	0.0737796507162	0.0840096532564	0.0780551580343	0.0739761907822	0.0729389162271	0.0724668877248	0.0754086896065	0.0662157788371	0.0727982080394	0.0599929436365	0.0579438813843	0.0449271688569	0.0556443464829	0.0443224394974	0.0428948915236	0.0451211770104	0.0536400943599	0.053591751251	0.0572881603114
TARA_041_DCM_0.22-1.6_G.snv.filtered.bam	0.0493300544195	0.0471206038648	0.0500836266183	0.0536570231251	0.0541547453214	0.0492431562063	0.0380200261429	0.0	0.0379240737693	0.0458036791149	0.0403431412244	0.0398386466225	0.0387555245114	0.0425654146981	0.0394512753204	0.0473020344729	0.0421604908327	0.0437494394915	0.0470418560525	0.0453987758271	0.0502923577709	0.0441987521153	0.0431484033159	0.0456354924299	0.0527460846679	0.055899614435	0.0438278116851	0.0509093353641	0.0444171464526	0.0628321564273	0.0589542541279	0.0511168114597	0.053536237899	0.11130037638	0.0985056434233	0.0921531771438	0.0900575303105	0.0650382687649	0.0525501699892	0.0822867658931	0.0744799702564	0.110361210457	0.0743851973916	0.0838829033618	0.0785294625418	0.075584603085	0.0733306408274	0.072065292481	0.0738940547051	0.0638347096043	0.0718953662053	0.0582053047516	0.058254562251	0.043046930215	0.0541404546868	0.0437389222611	0.0439186037618	0.0441998175846	0.0504971374705	0.052072500864	0.0555121926267
TARA_041_SRF_0.22-1.6_G.snv.filtered.bam	0.0411998620797	0.0439943164206	0.0450456973165	0.0474565475005	0.0480094646737	0.0527384090769	0.0403256160417	0.0379240737693	0.0	0.0317503883984	0.0245258764775	0.0221998189383	0.0240314104403	0.028390318464	0.0250776789708	0.0391911444258	0.0243719899085	0.0235563383101	0.0282884360051	0.0263741661238	0.035676463335	0.0261137063017	0.028874550854	0.0303762643654	0.0453361372624	0.0513904358611	0.0390984208066	0.0439568838424	0.0384088528843	0.0610485192214	0.0551405511179	0.049610392898	0.0468051994984	0.109719591644	0.0978504766476	0.0938909151308	0.090540763566	0.0660734402553	0.0523181214501	0.0815341203567	0.0726502849082	0.106530739793	0.0730402149498	0.0798827045659	0.0740531221424	0.071027068204	0.0720973549656	0.0686843685272	0.0719066807233	0.0604503291348	0.0665751684606	0.0563984772027	0.0547140614159	0.0367223902492	0.0479286235258	0.0386600596134	0.0381230311295	0.0400854103765	0.0466231900011	0.0483084380797	0.0510775514156
TARA_042_DCM_0.22-1.6_G.snv.filtered.bam	0.045910281281	0.0476739027517	0.0505962977392	0.0517846201771	0.0525244169972	0.0586520328004	0.0496497140394	0.0458036791149	0.0317503883984	0.0	0.031833256694	0.0302983270228	0.0321539392064	0.0355669763529	0.0318556805305	0.0404503514904	0.0313640101936	0.0321700747577	0.0332392660606	0.0325367719824	0.0398886263978	0.0321439107231	0.0352454800605	0.0334525148788	0.0436588408728	0.0543433140493	0.0455778876178	0.0494193183876	0.0448211060755	0.064191831311	0.0581066584246	0.0545877686123	0.0527369988813	0.110691944893	0.0990434236786	0.0965759381746	0.0954130222596	0.0694419001573	0.056587971011	0.0862713682071	0.0784637916962	0.108457159485	0.0772963268068	0.0830925890622	0.0777462595414	0.073784306542	0.0760736633876	0.0743795878978	0.0763353669347	0.0640838231043	0.0703504604836	0.063501191587	0.0590633742219	0.0426344094002	0.0516345030458	0.0458546356851	0.0455574024162	0.0471166179593	0.0519689209951	0.0536910895182	0.0567423035587
TARA_042_SRF_0.22-1.6_G.snv.filtered.bam	0.0405891294871	0.0394976456071	0.0401261136165	0.0436073007035	0.0430083154489	0.0561933340922	0.0413592338077	0.0403431412244	0.0245258764775	0.031833256694	0.0	0.0224108356619	0.0180995042209	0.0228828855763	0.0198647256707	0.0357281011433	0.0242221292634	0.0254013108415	0.0311725563621	0.0298708655515	0.0374972743111	0.0294009532724	0.0292210003892	0.0323595173011	0.0446697547144	0.0554891351738	0.0385946868699	0.0456287996931	0.0392734458109	0.0644708869844	0.056232759504	0.0504255461396	0.0513279856581	0.111054085261	0.0980084522205	0.0952920792792	0.0929835169364	0.071502178449	0.0546021971109	0.0881904849676	0.0798304616821	0.110099687378	0.0745968497426	0.0827372306792	0.0777624672973	0.0721000635506	0.0740386398649	0.0718224970775	0.0743219013031	0.0615303764299	0.0697618432055	0.0603863362135	0.0612621480624	0.0359634192234	0.055119351256	0.0378389988654	0.0358828185595	0.0387823419955	0.0505848112777	0.0542875837392	0.0564359283934
TARA_045_SRF_0.22-1.6_G.snv.filtered.bam	0.0398297345908	0.0422046304555	0.0440121486176	0.0459288131076	0.0473958657791	0.0555476458388	0.0418780469961	0.0398386466225	0.0221998189383	0.0302983270228	0.0224108356619	0.0	0.0194842057523	0.0251124838938	0.0207529817906	0.0339012607317	0.0191187652124	0.0195448240867	0.0245794616947	0.0237541652497	0.0329273703644	0.02239486318	0.0252912378856	0.0274111714386	0.042018800607	0.0510731218576	0.0385646335553	0.0442367986628	0.0384902344662	0.0605699383847	0.0539707860644	0.0490525937483	0.0468701596306	0.109903729787	0.098472789348	0.0950206683965	0.0907313192767	0.0682264279873	0.0520331717509	0.0829255994043	0.0747862293433	0.106682296887	0.0742433628692	0.080158540983	0.0736503649177	0.0707640313647	0.0717474957753	0.0685975504753	0.0718247340132	0.0604311936865	0.0661760972712	0.0567559787119	0.0566078606228	0.0346396145115	0.0478747945519	0.0384284807653	0.0378832145051	0.0398588133839	0.0453901680223	0.0486240590076	0.0508748596649
TARA_048_SRF_0.22-1.6_G.snv.filtered.bam	0.0395157244295	0.0399157381498	0.0408032198342	0.0439404707312	0.0450857916457	0.0554345920908	0.0407350669914	0.0387555245114	0.0240314104403	0.0321539392064	0.0180995042209	0.0194842057523	0.0	0.0219142882204	0.0177488937973	0.0353389403369	0.0231290989076	0.0245360629733	0.0299667020906	0.0297907073002	0.0366076047883	0.0275646418652	0.027212016382	0.03208399701	0.0430622229894	0.0540399167648	0.0371221946171	0.0436757946203	0.0369288488235	0.0627703948401	0.055922121692	0.0490149916015	0.0494667386963	0.109401528451	0.0963356910544	0.093247747388	0.0897869643003	0.0699263890739	0.0521132930752	0.0864610402713	0.0771327618128	0.107730734872	0.0721893632189	0.0816880050766	0.0742973607798	0.0697154473327	0.0705528647549	0.0684493637574	0.0719069627349	0.058750615916	0.0673831455749	0.0576503288964	0.0602159203092	0.0335110161871	0.0522583402939	0.0361208125449	0.0356849696613	0.0379172553488	0.0493442231414	0.0519697888148	0.05537343751
TARA_052_DCM_0.22-1.6_G.snv.filtered.bam	0.0438090308448	0.0437667833463	0.0430480363288	0.0461017851145	0.0446270037594	0.056233978339	0.0427873792363	0.0425654146981	0.028390318464	0.0355669763529	0.0228828855763	0.0251124838938	0.0219142882204	0.0	0.0204682721174	0.0366592142045	0.0256566650129	0.0268239016772	0.0320851506488	0.032490599169	0.0369624871121	0.0288389252256	0.0304930244751	0.0334623912122	0.045508766093	0.0531254746148	0.0372472168498	0.0440070655807	0.0380979908528	0.0623309388049	0.0567851077198	0.0489716734554	0.0487479078417	0.109636893133	0.0962001206002	0.094572286096	0.0912344527212	0.0689134067157	0.05085549773	0.0864176384711	0.0778948898343	0.108789058947	0.0725839527566	0.0828714413958	0.0751609773914	0.0698512994389	0.0711062542225	0.0690126399701	0.0715489537694	0.0582664437876	0.0681746308771	0.0583992229461	0.0582998547494	0.0335123001035	0.0534742578366	0.0368789039394	0.0370933189804	0.0390187002844	0.050696086531	0.0534614552078	0.0567390970298
TARA_052_SRF_0.22-1.6_G.snv.filtered.bam	0.041826626461	0.0416615931808	0.0426448720105	0.0456788044005	0.0453717900808	0.0539463099667	0.0404994269561	0.0394512753204	0.0250776789708	0.0318556805305	0.0198647256707	0.0207529817906	0.0177488937973	0.0204682721174	0.0	0.0340168049922	0.0210626369623	0.022962429402	0.0288505945671	0.0294093753871	0.0350128522834	0.0265380861712	0.0277505519013	0.0314911021221	0.04346449592	0.051770941771	0.0360120000321	0.0435415276186	0.0360776775849	0.0611146835065	0.0542846222526	0.0484074717953	0.0473434098257	0.109238887979	0.0956410364035	0.0929998137445	0.0904509109715	0.0674108040644	0.0501944805187	0.0854508613097	0.076179175715	0.107909079352	0.0721315524734	0.0809574551996	0.073265962229	0.0688148790826	0.0689835894907	0.0678202914488	0.070505071275	0.0573053690422	0.0647911960265	0.0559685890306	0.0576962420916	0.030853463441	0.0508632730469	0.0357458989562	0.0349409402715	0.0370939874307	0.0478935158996	0.0505742001323	0.0541766532989
TARA_056_MES_0.22-3_G.snv.filtered.bam	0.050979002277	0.0468804804039	0.0504968453549	0.0515087918861	0.0509575227529	0.0589682547604	0.0490531430447	0.0473020344729	0.0391911444258	0.0404503514904	0.0357281011433	0.0339012607317	0.0353389403369	0.0366592142045	0.0340168049922	0.0	0.0348558364427	0.0360376224467	0.0388125548872	0.0400126100167	0.0429980691197	0.03843587055	0.0375632187531	0.0409138228125	0.0473762427579	0.0567889636549	0.0459842909166	0.0504831861774	0.0457736990614	0.0648949921899	0.0600477459385	0.0563054613784	0.0552760306976	0.11414718919	0.102693408943	0.0994578813415	0.096141107663	0.0721983490496	0.0555535734549	0.08934261399	0.0808592560047	0.1135615769	0.0805388597458	0.0873314288165	0.0820895025231	0.0770635401772	0.0769934335056	0.0766031097278	0.0795257237944	0.0683539873496	0.0750084769965	0.0648092547232	0.0621486674966	0.0448493211376	0.0566583742222	0.046252462379	0.0458059979264	0.0482099111589	0.0548110461777	0.0576708207651	0.0588623587312
TARA_056_SRF_0.22-3_G.snv.filtered.bam	0.0413738552386	0.0446920071039	0.0459416020447	0.0479525127731	0.0480910065268	0.0555142270596	0.0427595172077	0.0421604908327	0.0243719899085	0.0313640101936	0.0242221292634	0.0191187652124	0.0231290989076	0.0256566650129	0.0210626369623	0.0348558364427	0.0	0.0186941183748	0.0229503299023	0.0217930075905	0.0306657869232	0.0207297976066	0.0240943069431	0.02560942125	0.0409669083343	0.0505134122864	0.0384075361511	0.043631821629	0.0379720049394	0.060403039621	0.0544078976985	0.0490599912829	0.0457336029175	0.109372654498	0.0967537234427	0.0947583605514	0.0915926597438	0.0680802126987	0.0523512584512	0.0838971633351	0.074867039901	0.106899462492	0.0743930725336	0.0799915054072	0.0733321990674	0.071319587182	0.0712772942947	0.0697142973949	0.0718942669671	0.0612923179114	0.066145272423	0.0576997503695	0.0561711106066	0.0342427082245	0.047229961356	0.0374637684931	0.0375217517181	0.0389940175468	0.0452265205908	0.0469871041079	0.0507741548328
TARA_057_SRF_0.22-3_G.snv.filtered.bam	0.0421450862615	0.0434686606172	0.0466472419366	0.048740427511	0.0499775857661	0.0562943333175	0.0430520282328	0.0437494394915	0.0235563383101	0.0321700747577	0.0254013108415	0.0195448240867	0.0245360629733	0.0268239016772	0.022962429402	0.0360376224467	0.0186941183748	0.0	0.0218385627971	0.0224390807874	0.0320812912773	0.0217186034694	0.0245635193491	0.0264369252105	0.0427033730781	0.0505721861396	0.0402394572171	0.044956589734	0.0392602081797	0.0597822484997	0.0545223404825	0.0516120808501	0.0460985136748	0.108698707599	0.0973291054079	0.0944137881246	0.0921585379957	0.0674230097196	0.0522668878346	0.0830276664659	0.0748884803649	0.107181542726	0.0747403530108	0.0788813071835	0.0739511675488	0.0723164328597	0.0724287758949	0.0696303857599	0.0732161368679	0.0606001457857	0.0661512422666	0.0569333508589	0.0556395323692	0.0361743554938	0.0460245945826	0.0391608178919	0.0392800802329	0.041266646794	0.0462680542509	0.0477469781783	0.0521202731877
TARA_058_DCM_0.22-3_G.snv.filtered.bam	0.0443464854143	0.0496289371736	0.0515334799503	0.0528653449385	0.0538641557484	0.0567300260812	0.0470690915309	0.0470418560525	0.0282884360051	0.0332392660606	0.0311725563621	0.0245794616947	0.0299667020906	0.0320851506488	0.0288505945671	0.0388125548872	0.0229503299023	0.0218385627971	0.0	0.02197185852	0.0324173929234	0.0226704987074	0.0277111527287	0.0265507033882	0.0417740918283	0.0521204778843	0.0439834819154	0.0469166946878	0.0432014885667	0.0625067130385	0.057509724425	0.0529535169202	0.047848248981	0.109749707034	0.099527095271	0.0963459845826	0.0941827288933	0.0683256601091	0.054543037843	0.0839990581233	0.0752385109019	0.107236528163	0.0770967668941	0.0792321942825	0.0759290971503	0.0748853691914	0.0747752984541	0.0720286937198	0.0757856299551	0.0652633514147	0.067548158277	0.0600348208586	0.0554965003532	0.0401610195315	0.0453111405372	0.0425716039494	0.0428917227746	0.0445290561699	0.0458879409769	0.0473527595457	0.0515919535565
TARA_062_SRF_0.22-3_G.snv.filtered.bam	0.0427730454012	0.0475759942373	0.0500802198846	0.0518911938732	0.0530080348087	0.0571798529873	0.0459978008331	0.0453987758271	0.0263741661238	0.0325367719824	0.0298708655515	0.0237541652497	0.0297907073002	0.032490599169	0.0294093753871	0.0400126100167	0.0217930075905	0.0224390807874	0.02197185852	0.0	0.032229706785	0.022773700072	0.0272883522957	0.0250142930959	0.0419057231342	0.0523925903439	0.0444631163186	0.0476669212226	0.0429758457602	0.0625319404137	0.0565049590536	0.0540651177116	0.0486311397908	0.111322984848	0.10034803818	0.0975973011469	0.0943334828401	0.0709465109198	0.05730330713	0.0834111873757	0.0771427775494	0.108166216328	0.078298357882	0.080864952878	0.0762756250088	0.0760775244148	0.0761339494584	0.0732656284518	0.0765519766666	0.0664303729764	0.069233461927	0.0607532135537	0.0578099373515	0.0415565752196	0.048297958296	0.0422249607632	0.0424060980657	0.0440951143924	0.0455629328871	0.046537048374	0.0519871681598
TARA_064_DCM_0.22-3_G.snv.filtered.bam	0.044713908782	0.0500834422307	0.0521238958487	0.054059985601	0.0516217701717	0.0577268284769	0.051978865508	0.0502923577709	0.035676463335	0.0398886263978	0.0374972743111	0.0329273703644	0.0366076047883	0.0369624871121	0.0350128522834	0.0429980691197	0.0306657869232	0.0320812912773	0.0324173929234	0.032229706785	0.0	0.02840459611	0.0345459024887	0.0319401053575	0.0466900326775	0.0545829698446	0.0460638344608	0.0503913869203	0.0470435976825	0.0637605880412	0.0592929730761	0.0554801339451	0.0498550937728	0.111740292341	0.100424277146	0.0973954506293	0.0951386860273	0.0701048634164	0.0576033689832	0.0853545449912	0.0765458820354	0.109522309325	0.0777178576412	0.0836303435553	0.0783136145775	0.0770157882501	0.0759783848138	0.0746094618139	0.076399788654	0.0661873161747	0.0711538126447	0.0618490723361	0.0570004058895	0.0432207881492	0.0507228017012	0.0444009786913	0.0448469961782	0.0462870866542	0.044905528163	0.0487185474151	0.0539333097887
TARA_064_SRF_0.22-3_G.snv.filtered.bam	0.0413482118443	0.046057079328	0.0486742839346	0.049528821518	0.0503715392224	0.0549859268283	0.0456702148458	0.0441987521153	0.0261137063017	0.0321439107231	0.0294009532724	0.02239486318	0.0275646418652	0.0288389252256	0.0265380861712	0.03843587055	0.0207297976066	0.0217186034694	0.0226704987074	0.022773700072	0.02840459611	0.0	0.0254654388407	0.0247695525061	0.0424009822661	0.0496156460787	0.0394953452766	0.0449019926	0.0411907364975	0.0603660158901	0.0546401457643	0.051052731487	0.0457691929058	0.108395286525	0.0973885584911	0.0938738862703	0.0924944843489	0.0680061482561	0.0533603113531	0.0811074558751	0.0733271793964	0.106109212052	0.0749934175223	0.0786364466187	0.0727342745597	0.0726533672912	0.0721953750193	0.0693149699801	0.0729714595719	0.0613768818098	0.0651969440709	0.0579703601421	0.0551712337507	0.0358873388737	0.0449804263308	0.0411045972511	0.040365618388	0.0424878058991	0.0445485516003	0.0464100632733	0.0502064198049
TARA_065_DCM_0.22-3_G.snv.filtered.bam	0.0415607035808	0.0433260890991	0.0464633824426	0.048322885562	0.050266269416	0.0561975546429	0.0459624251962	0.0431484033159	0.028874550854	0.0352454800605	0.0292210003892	0.0252912378856	0.027212016382	0.0304930244751	0.0277505519013	0.0375632187531	0.0240943069431	0.0245635193491	0.0277111527287	0.0272883522957	0.0345459024887	0.0254654388407	0.0	0.0295100351754	0.0432758419535	0.0519408161196	0.0399929047241	0.0451174691206	0.0404717016351	0.0622959809479	0.0569183926911	0.0494630568806	0.0479541314665	0.110802171788	0.098995364097	0.0957244917765	0.0925925715566	0.0700259094801	0.0553202804862	0.0844368204249	0.0750051761972	0.109134910908	0.0750069312874	0.0819266072245	0.0757681026504	0.0722598466617	0.0735021394507	0.0709010211727	0.0743637761993	0.0624998978025	0.0681699479471	0.060569622842	0.0576489621239	0.0365253528705	0.0493317863861	0.0401961151809	0.0397855086833	0.0418884537019	0.0464432651842	0.0479224961813	0.0513659292626
TARA_065_SRF_0.22-3_G.snv.filtered.bam	0.0433857562565	0.0468362114613	0.0492353536787	0.0520832831898	0.0518543790236	0.0567339947032	0.0472584490309	0.0456354924299	0.0303762643654	0.0334525148788	0.0323595173011	0.0274111714386	0.03208399701	0.0334623912122	0.0314911021221	0.0409138228125	0.02560942125	0.0264369252105	0.0265507033882	0.0250142930959	0.0319401053575	0.0247695525061	0.0295100351754	0.0	0.0420635252369	0.052451346369	0.0427962709811	0.047083467335	0.0432240056962	0.0612895029726	0.0570581698312	0.0525828139954	0.0478216973587	0.110084743215	0.0980711634676	0.0954848985132	0.0941842514966	0.0687628313607	0.0558321454801	0.0844914424208	0.0760726633782	0.108009880184	0.0769478796685	0.0816845069561	0.0756867505102	0.0746567968608	0.0744290293636	0.0728138067144	0.075567262579	0.0648894701138	0.0682529451635	0.0596482882292	0.0559093595754	0.0415058666293	0.047266687702	0.0418051570888	0.0418148725159	0.0451988413845	0.045082240965	0.0454196910632	0.0534659314113
TARA_066_SRF_0.22-3_G.snv.filtered.bam	0.0521660709715	0.051628913158	0.0552939100759	0.0561006279566	0.0537588482668	0.0606707898964	0.0560115012683	0.0527460846679	0.0453361372624	0.0436588408728	0.0446697547144	0.042018800607	0.0430622229894	0.045508766093	0.04346449592	0.0473762427579	0.0409669083343	0.0427033730781	0.0417740918283	0.0419057231342	0.0466900326775	0.0424009822661	0.0432758419535	0.0420635252369	0.0	0.0569310041321	0.0507641692785	0.051872945837	0.051537383538	0.063409476802	0.0618941305874	0.0577361088166	0.0553605549799	0.113835253767	0.102975341928	0.100155515061	0.0968813126188	0.072821643954	0.0613079463669	0.0868312090062	0.082034404678	0.109793211924	0.0803595906078	0.0872630376455	0.0815347202051	0.0778663152098	0.0777629642871	0.0783264463052	0.0813231251074	0.0682283255412	0.0740677237613	0.0653753623088	0.0621168053487	0.0517518444972	0.0569616623807	0.0522671868617	0.0508236776825	0.0522825066175	0.0552488127896	0.0537295293799	0.0581187726132
TARA_070_SRF_0.22-3_G.snv.filtered.bam	0.0576646230771	0.0569728585729	0.0613479452209	0.0628858025026	0.0595120158531	0.0580038738559	0.0577710282537	0.055899614435	0.0513904358611	0.0543433140493	0.0554891351738	0.0510731218576	0.0540399167648	0.0531254746148	0.051770941771	0.0567889636549	0.0505134122864	0.0505721861396	0.0521204778843	0.0523925903439	0.0545829698446	0.0496156460787	0.0519408161196	0.052451346369	0.0569310041321	0.0	0.049421199815	0.0496165263771	0.0477897263844	0.0549525266777	0.052925369758	0.0515451266185	0.0491970561732	0.102290085447	0.0884342223614	0.0861088033778	0.0858741046173	0.0600242394503	0.0549526175083	0.0778971330127	0.0675385603891	0.0974166650252	0.0742448920872	0.0742387488284	0.0714464538585	0.0697629386626	0.067519666536	0.065099338807	0.0695209198741	0.061872511353	0.0644045305508	0.0545979221054	0.0514612157053	0.0498022462907	0.0517781215394	0.050876520094	0.0512328223324	0.0515164597747	0.0535354999534	0.0519334950807	0.0541518351523
TARA_072_DCM_0.22-3_G.snv.filtered.bam	0.0488923602591	0.0467583850768	0.050769303951	0.0534403874533	0.0513000319116	0.0550790484714	0.0474392070182	0.0438278116851	0.0390984208066	0.0455778876178	0.0385946868699	0.0385646335553	0.0371221946171	0.0372472168498	0.0360120000321	0.0459842909166	0.0384075361511	0.0402394572171	0.0439834819154	0.0444631163186	0.0460638344608	0.0394953452766	0.0399929047241	0.0427962709811	0.0507641692785	0.049421199815	0.0	0.0409959957808	0.031776784744	0.0577861578777	0.0533780108995	0.0455268921385	0.0459703853364	0.104869562626	0.0931358100989	0.088851007003	0.0855698338151	0.062795694808	0.0514933346294	0.0809160835183	0.069855720135	0.10342622125	0.0695917375117	0.0792401148331	0.0704737136136	0.065363998329	0.0648859662745	0.0633724774766	0.0670552712116	0.0537902971522	0.062354508696	0.0557712609466	0.0568962470956	0.0357112638903	0.0544241245484	0.0418166149128	0.0405171542845	0.0399252363678	0.0495557903771	0.0517036516907	0.0542940518233
TARA_072_MES_0.22-3_G.snv.filtered.bam	0.0518102609407	0.0503834474701	0.0519101525884	0.0529995200302	0.0526164097992	0.059073706069	0.0518146723098	0.0509093353641	0.0439568838424	0.0494193183876	0.0456287996931	0.0442367986628	0.0436757946203	0.0440070655807	0.0435415276186	0.0504831861774	0.043631821629	0.044956589734	0.0469166946878	0.0476669212226	0.0503913869203	0.0449019926	0.0451174691206	0.047083467335	0.051872945837	0.0496165263771	0.0409959957808	0.0	0.039063128257	0.0600950196687	0.0555234955332	0.0508235582321	0.0485519587353	0.105334641284	0.0924224272325	0.0888667464842	0.0880873736699	0.0623689697045	0.0533814260187	0.0800483308317	0.0707136043284	0.104364349379	0.0736378898124	0.0797085451356	0.0727916486201	0.069352560056	0.0694572067767	0.066380725599	0.0709261923894	0.0596395907849	0.0673191459074	0.0585551133901	0.0560216984551	0.0429987143726	0.0554500448832	0.0460527693937	0.0437357210292	0.043622867543	0.051704720369	0.0531082490245	0.0525990827189
TARA_072_SRF_0.22-3_G.snv.filtered.bam	0.0475650537746	0.0446724069001	0.0465225413833	0.0504318010305	0.0485196105587	0.0528147046517	0.0482560921136	0.0444171464526	0.0384088528843	0.0448211060755	0.0392734458109	0.0384902344662	0.0369288488235	0.0380979908528	0.0360776775849	0.0457736990614	0.0379720049394	0.0392602081797	0.0432014885667	0.0429758457602	0.0470435976825	0.0411907364975	0.0404717016351	0.0432240056962	0.051537383538	0.0477897263844	0.031776784744	0.039063128257	0.0	0.058895586407	0.053967783911	0.0462208857969	0.045640034701	0.104750080025	0.0917103551678	0.088420694141	0.0850174538176	0.0604367916623	0.0490538701699	0.0796818011585	0.0708699937623	0.102646363799	0.0714241497621	0.0805099948791	0.0695964507594	0.0645153162013	0.0643050747786	0.0614836872733	0.0671329916555	0.05494345981	0.0611601449947	0.055833396117	0.0554440203877	0.0355979705816	0.0531145377654	0.0392666422894	0.0378042860614	0.0387253540806	0.0491061472052	0.0494194888352	0.05349881417
TARA_076_DCM_0.22-3_G.snv.filtered.bam	0.0663420660992	0.0654049350381	0.0666641595565	0.0723420745408	0.0684131360967	0.0685239441575	0.0643558074863	0.0628321564273	0.0610485192214	0.064191831311	0.0644708869844	0.0605699383847	0.0627703948401	0.0623309388049	0.0611146835065	0.0648949921899	0.060403039621	0.0597822484997	0.0625067130385	0.0625319404137	0.0637605880412	0.0603660158901	0.0622959809479	0.0612895029726	0.063409476802	0.0549525266777	0.0577861578777	0.0600950196687	0.058895586407	0.0	0.0513668798388	0.0575871000995	0.050905968163	0.102150710651	0.0882496485178	0.0866055372862	0.0965455045642	0.0707424555443	0.0646373315469	0.0886499791561	0.0817105886524	0.107738059143	0.0667354952213	0.0721819611366	0.0805056877626	0.0780049819776	0.0760251190581	0.0755745024782	0.0787131523564	0.0700842213787	0.0741800049096	0.0519791055309	0.0675000727643	0.0600794810763	0.065701246604	0.0577313437841	0.0576539544585	0.0569839578603	0.0582243330094	0.0584547069593	0.0616349811986
TARA_076_SRF_0.22-3_G.snv.filtered.bam	0.0577931250381	0.0594600996686	0.0598574334561	0.0629767726593	0.0607388021801	0.0654953945698	0.0598897971237	0.0589542541279	0.0551405511179	0.0581066584246	0.056232759504	0.0539707860644	0.055922121692	0.0567851077198	0.0542846222526	0.0600477459385	0.0544078976985	0.0545223404825	0.057509724425	0.0565049590536	0.0592929730761	0.0546401457643	0.0569183926911	0.0570581698312	0.0618941305874	0.052925369758	0.0533780108995	0.0555234955332	0.053967783911	0.0513668798388	0.0	0.0540178899745	0.0499979188977	0.10143719947	0.0890335996917	0.0860047151948	0.0894151850699	0.067299600191	0.0633264335202	0.0836833899267	0.0797842873472	0.104793840742	0.0648834239558	0.0692589827237	0.0753971222302	0.0748935290769	0.07336318095	0.0731889572198	0.0737845343912	0.0656000449998	0.0709840922694	0.0487867947141	0.0620376816384	0.0549014085322	0.0627929154323	0.0527232995332	0.052389999922	0.0520016954213	0.0553416252806	0.0581548236048	0.0585407601968
TARA_078_DCM_0.22-3_G.snv.filtered.bam	0.0567865365593	0.0557538453736	0.0542906184683	0.0592316177713	0.0585605009282	0.0625028049688	0.0526785100423	0.0511168114597	0.049610392898	0.0545877686123	0.0504255461396	0.0490525937483	0.0490149916015	0.0489716734554	0.0484074717953	0.0563054613784	0.0490599912829	0.0516120808501	0.0529535169202	0.0540651177116	0.0554801339451	0.051052731487	0.0494630568806	0.0525828139954	0.0577361088166	0.0515451266185	0.0455268921385	0.0508235582321	0.0462208857969	0.0575871000995	0.0540178899745	0.0	0.0478711217491	0.102299827575	0.0890657741953	0.0868686979646	0.0897642652937	0.0694444610073	0.0584273133499	0.0831625718853	0.0783066134875	0.106192342057	0.0667407424662	0.075848158342	0.0774119652164	0.0696098544986	0.0723453236015	0.0703539487484	0.0737426550435	0.0634201736327	0.0701012728727	0.0551885058826	0.0625971327097	0.0476467743119	0.0623663145373	0.04821361249	0.0461756629265	0.0468104964612	0.0555754232543	0.0561802561209	0.0570811837754
TARA_078_SRF_0.22-3_G.snv.filtered.bam	0.05541055542	0.0552063473941	0.0579857204999	0.0624899517084	0.0590783182845	0.0582772907865	0.0553320587389	0.053536237899	0.0468051994984	0.0527369988813	0.0513279856581	0.0468701596306	0.0494667386963	0.0487479078417	0.0473434098257	0.0552760306976	0.0457336029175	0.0460985136748	0.047848248981	0.0486311397908	0.0498550937728	0.0457691929058	0.0479541314665	0.0478216973587	0.0553605549799	0.0491970561732	0.0459703853364	0.0485519587353	0.045640034701	0.050905968163	0.0499979188977	0.0478711217491	0.0	0.0980407768165	0.0853322650219	0.0821473048419	0.0876623166011	0.0627284083339	0.0571062221251	0.076991749917	0.0710171018493	0.100577416151	0.0662128245208	0.071255725992	0.0706923819211	0.070856314587	0.0682608262306	0.0665975683483	0.0710744871937	0.060817001553	0.0656315439121	0.0477812098995	0.053991503212	0.0461928483659	0.0545156705643	0.0470323812332	0.0465846884405	0.0465797966531	0.0480416565262	0.0495009785914	0.0536875243393
TARA_096_SRF_0.22-3_G.snv.filtered.bam	0.113768261744	0.112000867911	0.11506153543	0.116405180653	0.116093367216	0.110869469676	0.109855106636	0.11130037638	0.109719591644	0.110691944893	0.111054085261	0.109903729787	0.109401528451	0.109636893133	0.109238887979	0.11414718919	0.109372654498	0.108698707599	0.109749707034	0.111322984848	0.111740292341	0.108395286525	0.110802171788	0.110084743215	0.113835253767	0.102290085447	0.104869562626	0.105334641284	0.104750080025	0.102150710651	0.10143719947	0.102299827575	0.0980407768165	0.0	0.0406199137121	0.0524962768494	0.103218377332	0.100348131278	0.10490686329	0.109314614606	0.102217890075	0.108835894454	0.0861323270173	0.0723275993983	0.09885114256	0.101517414619	0.0967420361843	0.0981358213136	0.100122598099	0.100201788211	0.101084431823	0.0962985716067	0.105862173345	0.104264514833	0.109385115813	0.105720626971	0.104988702346	0.104397696599	0.105100737664	0.105261743629	0.103687334665
TARA_098_SRF_0.22-3_G.snv.filtered.bam	0.102438434961	0.0993405988753	0.102335158031	0.104060357743	0.100793877463	0.101675924661	0.0959273419488	0.0985056434233	0.0978504766476	0.0990434236786	0.0980084522205	0.098472789348	0.0963356910544	0.0962001206002	0.0956410364035	0.102693408943	0.0967537234427	0.0973291054079	0.099527095271	0.10034803818	0.100424277146	0.0973885584911	0.098995364097	0.0980711634676	0.102975341928	0.0884342223614	0.0931358100989	0.0924224272325	0.0917103551678	0.0882496485178	0.0890335996917	0.0890657741953	0.0853322650219	0.0406199137121	0.0	0.0416927681465	0.0922165006522	0.0898859931714	0.0918142989715	0.100233075716	0.0923281104856	0.102471570207	0.0693654653192	0.0627625183849	0.0890637564058	0.0884767408989	0.0860067300247	0.0855385054344	0.0885084094427	0.0884089662451	0.0903660691038	0.0832617493909	0.0937939259258	0.090629358667	0.100248342678	0.092133434867	0.0905178868817	0.0901591990366	0.093840211179	0.0931142588182	0.093695790865
TARA_099_SRF_0.22-3_G.snv.filtered.bam	0.0986160779083	0.0933699048507	0.0979655755925	0.10066704448	0.0984869195316	0.0954656300815	0.0929259215963	0.0921531771438	0.0938909151308	0.0965759381746	0.0952920792792	0.0950206683965	0.093247747388	0.094572286096	0.0929998137445	0.0994578813415	0.0947583605514	0.0944137881246	0.0963459845826	0.0975973011469	0.0973954506293	0.0938738862703	0.0957244917765	0.0954848985132	0.100155515061	0.0861088033778	0.088851007003	0.0888667464842	0.088420694141	0.0866055372862	0.0860047151948	0.0868686979646	0.0821473048419	0.0524962768494	0.0416927681465	0.0	0.0831995663277	0.0834954215011	0.0906163106824	0.0936169276036	0.0850356408866	0.0943382564288	0.0694275373991	0.0633203406829	0.0819370688347	0.0817207739574	0.0797519255481	0.0779187248357	0.0808716336286	0.0811612987324	0.0833834627309	0.0803457088701	0.088854841833	0.0867477101987	0.0964725252121	0.0898230124602	0.0887968444934	0.0876218220182	0.0891713965856	0.0895987680923	0.0896989100188
TARA_100_SRF_0.22-3_G.snv.filtered.bam	0.0973444888018	0.0926864749954	0.0972993954111	0.0997961714494	0.0983265830843	0.0936959246397	0.0907289869518	0.0900575303105	0.090540763566	0.0954130222596	0.0929835169364	0.0907313192767	0.0897869643003	0.0912344527212	0.0904509109715	0.096141107663	0.0915926597438	0.0921585379957	0.0941827288933	0.0943334828401	0.0951386860273	0.0924944843489	0.0925925715566	0.0941842514966	0.0968813126188	0.0858741046173	0.0855698338151	0.0880873736699	0.0850174538176	0.0965455045642	0.0894151850699	0.0897642652937	0.0876623166011	0.103218377332	0.0922165006522	0.0831995663277	0.0	0.0818134277047	0.0878393296476	0.0733204105445	0.0717528729435	0.042372650548	0.0927552122549	0.0915209264909	0.0547497486716	0.0564856311762	0.0554645788387	0.055198462731	0.0541418722938	0.068117529911	0.0649559587642	0.0857251762379	0.0921355073745	0.0843149619914	0.0979504568332	0.086326237965	0.086223364953	0.0849456186695	0.089447019193	0.0896414799403	0.0897056293581
