	TARA_056_MES_0.22-3_G.snv.filtered.bam	TARA_068_MES_0.22-3_G.snv.filtered.bam	TARA_070_MES_0.22-3_G.snv.filtered.bam	TARA_076_MES_0.22-3_G.snv.filtered.bam	TARA_078_MES_0.22-3_G.snv.filtered.bam	TARA_098_MES_0.22-3_G.snv.filtered.bam	TARA_102_MES_0.22-3_G.snv.filtered.bam	TARA_109_MES_0.22-3_G.snv.filtered.bam	TARA_110_MES_0.22-3_G.snv.filtered.bam	TARA_111_MES_0.22-3_G.snv.filtered.bam	TARA_112_MES_0.22-3_G.snv.filtered.bam	TARA_122_MES_0.22-3_G.snv.filtered.bam	TARA_132_MES_0.22-3_G.snv.filtered.bam	TARA_133_MES_0.22-3_G.snv.filtered.bam	TARA_142_MES_0.22-3_G.snv.filtered.bam	TARA_145_MES_0.22-3_G.snv.filtered.bam	TARA_152_MES_0.22-3_G.snv.filtered.bam
TARA_056_MES_0.22-3_G.snv.filtered.bam	0.0	0.0749546304115	0.0642690683948	0.0687139936375	0.0817396966749	0.0756393598677	0.135193434115	0.15848816898	0.153672124833	0.175094615111	0.0728573289602	0.0460270369504	0.0672822187544	0.0815559835845	0.0591849067745	0.0778406245846	0.0752301185688
TARA_068_MES_0.22-3_G.snv.filtered.bam	0.0749546304115	0.0	0.0649380197749	0.0467391102215	0.0357691060379	0.051798623435	0.140960158614	0.160541109287	0.154093966314	0.176680922504	0.0403925465354	0.0706813831137	0.0389838612031	0.103934044533	0.0697425704459	0.0439180008927	0.0582256090796
TARA_070_MES_0.22-3_G.snv.filtered.bam	0.0642690683948	0.0649380197749	0.0	0.0427225764739	0.06562473806	0.0720343543951	0.136346386986	0.158091938396	0.15171757746	0.173760619038	0.0547142798937	0.0600408359295	0.0591010568252	0.0821420880727	0.0661896173023	0.0495172042508	0.0725112383317
TARA_076_MES_0.22-3_G.snv.filtered.bam	0.0687139936375	0.0467391102215	0.0427225764739	0.0	0.0471279996651	0.0604086101193	0.141430184946	0.162052250246	0.15622445527	0.177920810609	0.040496619562	0.06652571888	0.0470343291198	0.0902365597072	0.0709165247471	0.0347530682202	0.0633928152528
TARA_078_MES_0.22-3_G.snv.filtered.bam	0.0817396966749	0.0357691060379	0.06562473806	0.0471279996651	0.0	0.0585756155282	0.149485023397	0.167677318384	0.161731954617	0.183348557026	0.038516019967	0.0800372155895	0.0438432176832	0.108284752346	0.0812544211528	0.0405815551589	0.0652484982744
TARA_098_MES_0.22-3_G.snv.filtered.bam	0.0756393598677	0.051798623435	0.0720343543951	0.0604086101193	0.0585756155282	0.0	0.121016949683	0.141361403135	0.134802912266	0.157022169346	0.0545786985183	0.0654363216749	0.0543516888076	0.101539341352	0.06249480158	0.0614423545852	0.0703610080776
TARA_102_MES_0.22-3_G.snv.filtered.bam	0.135193434115	0.140960158614	0.136346386986	0.141430184946	0.149485023397	0.121016949683	0.0	0.0501178346981	0.0463246105323	0.0580361998279	0.145328238984	0.126240637481	0.141734973421	0.144926170375	0.109745899647	0.144439566553	0.148091143655
TARA_109_MES_0.22-3_G.snv.filtered.bam	0.15848816898	0.160541109287	0.158091938396	0.162052250246	0.167677318384	0.141361403135	0.0501178346981	0.0	0.0357534725997	0.0291738550806	0.165494746814	0.150750628847	0.16432630859	0.171656847995	0.132636538682	0.163842946307	0.166703672451
TARA_110_MES_0.22-3_G.snv.filtered.bam	0.153672124833	0.154093966314	0.15171757746	0.15622445527	0.161731954617	0.134802912266	0.0463246105323	0.0357534725997	0.0	0.0401533365008	0.159616912257	0.143887728776	0.158587202928	0.163937627227	0.127711216167	0.158577185291	0.163820706229
TARA_111_MES_0.22-3_G.snv.filtered.bam	0.175094615111	0.176680922504	0.173760619038	0.177920810609	0.183348557026	0.157022169346	0.0580361998279	0.0291738550806	0.0401533365008	0.0	0.181365844276	0.166706643646	0.180388454482	0.185273762735	0.150659943671	0.179600613373	0.184271911727
TARA_112_MES_0.22-3_G.snv.filtered.bam	0.0728573289602	0.0403925465354	0.0547142798937	0.040496619562	0.038516019967	0.0545786985183	0.145328238984	0.165494746814	0.159616912257	0.181365844276	0.0	0.0686138372044	0.0395514418827	0.0994258360074	0.0706875183958	0.038498535185	0.0603260157425
TARA_122_MES_0.22-3_G.snv.filtered.bam	0.0460270369504	0.0706813831137	0.0600408359295	0.06652571888	0.0800372155895	0.0654363216749	0.126240637481	0.150750628847	0.143887728776	0.166706643646	0.0686138372044	0.0	0.0610237192093	0.0825130032723	0.0484257490062	0.0744195918117	0.0749457436561
TARA_132_MES_0.22-3_G.snv.filtered.bam	0.0672822187544	0.0389838612031	0.0591010568252	0.0470343291198	0.0438432176832	0.0543516888076	0.141734973421	0.16432630859	0.158587202928	0.180388454482	0.0395514418827	0.0610237192093	0.0	0.0975830361738	0.0643170749676	0.0478425852737	0.0576926172649
TARA_133_MES_0.22-3_G.snv.filtered.bam	0.0815559835845	0.103934044533	0.0821420880727	0.0902365597072	0.108284752346	0.101539341352	0.144926170375	0.171656847995	0.163937627227	0.185273762735	0.0994258360074	0.0825130032723	0.0975830361738	0.0	0.0918019176511	0.0966543092531	0.110014402346
TARA_142_MES_0.22-3_G.snv.filtered.bam	0.0591849067745	0.0697425704459	0.0661896173023	0.0709165247471	0.0812544211528	0.06249480158	0.109745899647	0.132636538682	0.127711216167	0.150659943671	0.0706875183958	0.0484257490062	0.0643170749676	0.0918019176511	0.0	0.0749573854598	0.0696125376706
TARA_145_MES_0.22-3_G.snv.filtered.bam	0.0778406245846	0.0439180008927	0.0495172042508	0.0347530682202	0.0405815551589	0.0614423545852	0.144439566553	0.163842946307	0.158577185291	0.179600613373	0.038498535185	0.0744195918117	0.0478425852737	0.0966543092531	0.0749573854598	0.0	0.06218905591
TARA_152_MES_0.22-3_G.snv.filtered.bam	0.0752301185688	0.0582256090796	0.0725112383317	0.0633928152528	0.0652484982744	0.0703610080776	0.148091143655	0.166703672451	0.163820706229	0.184271911727	0.0603260157425	0.0749457436561	0.0576926172649	0.110014402346	0.0696125376706	0.06218905591	0.0
