	TARA_056_MES_0.22-3_G.snv.filtered.bam	TARA_068_MES_0.22-3_G.snv.filtered.bam	TARA_070_MES_0.22-3_G.snv.filtered.bam	TARA_076_MES_0.22-3_G.snv.filtered.bam	TARA_078_MES_0.22-3_G.snv.filtered.bam	TARA_098_MES_0.22-3_G.snv.filtered.bam	TARA_102_MES_0.22-3_G.snv.filtered.bam	TARA_109_MES_0.22-3_G.snv.filtered.bam	TARA_110_MES_0.22-3_G.snv.filtered.bam	TARA_111_MES_0.22-3_G.snv.filtered.bam	TARA_112_MES_0.22-3_G.snv.filtered.bam	TARA_122_MES_0.22-3_G.snv.filtered.bam	TARA_132_MES_0.22-3_G.snv.filtered.bam	TARA_133_MES_0.22-3_G.snv.filtered.bam	TARA_142_MES_0.22-3_G.snv.filtered.bam	TARA_145_MES_0.22-3_G.snv.filtered.bam	TARA_152_MES_0.22-3_G.snv.filtered.bam
TARA_056_MES_0.22-3_G.snv.filtered.bam	0.0	0.0112269446672	0.0056134723336	0.00481154771451	0.0104250200481	0.00721732157177	0.0705693664796	0.0978348035285	0.0890136327185	0.117080994387	0.0056134723336	0.0	0.00320769847634	0.00240577385726	0.00240577385726	0.00962309542903	0.00801924619086
TARA_068_MES_0.22-3_G.snv.filtered.bam	0.0112269446672	0.0	0.00801924619086	0.00160384923817	0.0	0.000801924619086	0.0809943865277	0.1050521251	0.0978348035285	0.12269446672	0.0	0.00882117080994	0.0	0.0104250200481	0.0056134723336	0.0	0.00641539695269
TARA_070_MES_0.22-3_G.snv.filtered.bam	0.0056134723336	0.00801924619086	0.0	0.000801924619086	0.0056134723336	0.00400962309543	0.0713712910986	0.0914194065758	0.0898155573376	0.109061748196	0.0	0.0056134723336	0.00641539695269	0.00721732157177	0.00160384923817	0.00240577385726	0.00962309542903
TARA_076_MES_0.22-3_G.snv.filtered.bam	0.00481154771451	0.00160384923817	0.000801924619086	0.0	0.000801924619086	0.000801924619086	0.0769847634322	0.100240577386	0.0954290296712	0.117882919006	0.0	0.00400962309543	0.000801924619086	0.00721732157177	0.000801924619086	0.0	0.00801924619086
TARA_078_MES_0.22-3_G.snv.filtered.bam	0.0104250200481	0.0	0.0056134723336	0.000801924619086	0.0	0.0	0.0801924619086	0.103448275862	0.0994386527666	0.121892542101	0.0	0.0112269446672	0.0	0.0104250200481	0.00641539695269	0.0	0.00641539695269
TARA_098_MES_0.22-3_G.snv.filtered.bam	0.00721732157177	0.000801924619086	0.00400962309543	0.000801924619086	0.0	0.0	0.0489174017642	0.0866078588613	0.074578989575	0.108259823577	0.0	0.00641539695269	0.0	0.00801924619086	0.00320769847634	0.0	0.0056134723336
TARA_102_MES_0.22-3_G.snv.filtered.bam	0.0705693664796	0.0809943865277	0.0713712910986	0.0769847634322	0.0801924619086	0.0489174017642	0.0	0.000801924619086	0.0	0.00481154771451	0.0769847634322	0.0665597433841	0.0801924619086	0.0553327987169	0.0304731355253	0.0777866880513	0.0817963111468
TARA_109_MES_0.22-3_G.snv.filtered.bam	0.0978348035285	0.1050521251	0.0914194065758	0.100240577386	0.103448275862	0.0866078588613	0.000801924619086	0.0	0.0	0.0	0.0978348035285	0.0978348035285	0.0994386527666	0.0834001603849	0.0777866880513	0.0962309542903	0.0978348035285
TARA_110_MES_0.22-3_G.snv.filtered.bam	0.0890136327185	0.0978348035285	0.0898155573376	0.0954290296712	0.0994386527666	0.074578989575	0.0	0.0	0.0	0.00160384923817	0.0954290296712	0.0890136327185	0.093825180433	0.0785886126704	0.0617481956696	0.0946271050521	0.0954290296712
TARA_111_MES_0.22-3_G.snv.filtered.bam	0.117080994387	0.12269446672	0.109061748196	0.117882919006	0.121892542101	0.108259823577	0.00481154771451	0.0	0.00160384923817	0.0	0.114675220529	0.116279069767	0.116279069767	0.101042502005	0.0986367281476	0.115477145148	0.117882919006
TARA_112_MES_0.22-3_G.snv.filtered.bam	0.0056134723336	0.0	0.0	0.0	0.0	0.0	0.0769847634322	0.0978348035285	0.0954290296712	0.114675220529	0.0	0.0056134723336	0.0	0.00721732157177	0.000801924619086	0.0	0.00481154771451
TARA_122_MES_0.22-3_G.snv.filtered.bam	0.0	0.00882117080994	0.0056134723336	0.00400962309543	0.0112269446672	0.00641539695269	0.0665597433841	0.0978348035285	0.0890136327185	0.116279069767	0.0056134723336	0.0	0.00320769847634	0.00400962309543	0.0	0.0056134723336	0.00801924619086
TARA_132_MES_0.22-3_G.snv.filtered.bam	0.00320769847634	0.0	0.00641539695269	0.000801924619086	0.0	0.0	0.0801924619086	0.0994386527666	0.093825180433	0.116279069767	0.0	0.00320769847634	0.0	0.00801924619086	0.00240577385726	0.0	0.0056134723336
TARA_133_MES_0.22-3_G.snv.filtered.bam	0.00240577385726	0.0104250200481	0.00721732157177	0.00721732157177	0.0104250200481	0.00801924619086	0.0553327987169	0.0834001603849	0.0785886126704	0.101042502005	0.00721732157177	0.00400962309543	0.00801924619086	0.0	0.00240577385726	0.00641539695269	0.0128307939054
TARA_142_MES_0.22-3_G.snv.filtered.bam	0.00240577385726	0.0056134723336	0.00160384923817	0.000801924619086	0.00641539695269	0.00320769847634	0.0304731355253	0.0777866880513	0.0617481956696	0.0986367281476	0.000801924619086	0.0	0.00240577385726	0.00240577385726	0.0	0.00160384923817	0.00320769847634
TARA_145_MES_0.22-3_G.snv.filtered.bam	0.00962309542903	0.0	0.00240577385726	0.0	0.0	0.0	0.0777866880513	0.0962309542903	0.0946271050521	0.115477145148	0.0	0.0056134723336	0.0	0.00641539695269	0.00160384923817	0.0	0.00721732157177
TARA_152_MES_0.22-3_G.snv.filtered.bam	0.00801924619086	0.00641539695269	0.00962309542903	0.00801924619086	0.00641539695269	0.0056134723336	0.0817963111468	0.0978348035285	0.0954290296712	0.117882919006	0.00481154771451	0.00801924619086	0.0056134723336	0.0128307939054	0.00320769847634	0.00721732157177	0.0
