	TARA_109_DCM_0.22-3_G.snv.filtered.bam	TARA_110_DCM_0.22-3_G.snv.filtered.bam	TARA_110_SRF_0.22-3_G.snv.filtered.bam	TARA_111_SRF_0.22-3_G.snv.filtered.bam	TARA_122_SRF_0.22-3_G.snv.filtered.bam	TARA_124_MIX_0.22-3_G.snv.filtered.bam	TARA_124_SRF_0.22-3_G.snv.filtered.bam	TARA_125_SRF_0.22-3_G.snv.filtered.bam	TARA_128_DCM_0.22-3_G.snv.filtered.bam	TARA_128_SRF_0.22-3_G.snv.filtered.bam
TARA_109_DCM_0.22-3_G.snv.filtered.bam	0.0	0.0732265667444	0.0627511473217	0.122432587968	0.0712906036156	0.0656248511358	0.0580440728532	0.063648323598	0.0616349645656	0.0642973235411
TARA_110_DCM_0.22-3_G.snv.filtered.bam	0.0732265667444	0.0	0.0615519719638	0.131785012447	0.07507316878	0.0726972418951	0.0695540724654	0.0773368347422	0.0716684640278	0.0718440819813
TARA_110_SRF_0.22-3_G.snv.filtered.bam	0.0627511473217	0.0615519719638	0.0	0.122124028236	0.070361084608	0.0658249676967	0.0614496546916	0.0656436866201	0.0636896511454	0.0660000521744
TARA_111_SRF_0.22-3_G.snv.filtered.bam	0.122432587968	0.131785012447	0.122124028236	0.0	0.12567312925	0.117573992263	0.114176685703	0.121331318687	0.122460621476	0.129222637556
TARA_122_SRF_0.22-3_G.snv.filtered.bam	0.0712906036156	0.07507316878	0.070361084608	0.12567312925	0.0	0.0724651497016	0.0681620850802	0.069511635588	0.0715343097149	0.0713104382051
TARA_124_MIX_0.22-3_G.snv.filtered.bam	0.0656248511358	0.0726972418951	0.0658249676967	0.117573992263	0.0724651497016	0.0	0.059119666167	0.0651758646883	0.062710060416	0.0712318200246
TARA_124_SRF_0.22-3_G.snv.filtered.bam	0.0580440728532	0.0695540724654	0.0614496546916	0.114176685703	0.0681620850802	0.059119666167	0.0	0.0595301851881	0.0560912229447	0.0631524693941
TARA_125_SRF_0.22-3_G.snv.filtered.bam	0.063648323598	0.0773368347422	0.0656436866201	0.121331318687	0.069511635588	0.0651758646883	0.0595301851881	0.0	0.0664822011968	0.0684218109364
TARA_128_DCM_0.22-3_G.snv.filtered.bam	0.0616349645656	0.0716684640278	0.0636896511454	0.122460621476	0.0715343097149	0.062710060416	0.0560912229447	0.0664822011968	0.0	0.0617437431765
TARA_128_SRF_0.22-3_G.snv.filtered.bam	0.0642973235411	0.0718440819813	0.0660000521744	0.129222637556	0.0713104382051	0.0712318200246	0.0631524693941	0.0684218109364	0.0617437431765	0.0
