	TARA_023_DCM_0.22-1.6_G.snv.filtered.bam	TARA_025_DCM_0.22-1.6_G.snv.filtered.bam	TARA_025_SRF_0.22-1.6_G.snv.filtered.bam	TARA_030_DCM_0.22-1.6_G.snv.filtered.bam	TARA_067_SRF_0.22-3_G.snv.filtered.bam	TARA_133_DCM_0.22-3_G.snv.filtered.bam	TARA_133_SRF_0.22-3_G.snv.filtered.bam	TARA_145_SRF_0.22-3_G.snv.filtered.bam
TARA_023_DCM_0.22-1.6_G.snv.filtered.bam	0.0	0.0416895445555	0.0369432837635	0.053860269276	0.10570170063	0.096417335497	0.0996858127696	0.0897421104658
TARA_025_DCM_0.22-1.6_G.snv.filtered.bam	0.0416895445555	0.0	0.0350668520493	0.0489533518169	0.0966450013555	0.0897170750939	0.091345230984	0.0813439707721
TARA_025_SRF_0.22-1.6_G.snv.filtered.bam	0.0369432837635	0.0350668520493	0.0	0.0489167632462	0.0989410994378	0.0904620201443	0.0928044155726	0.0814920014425
TARA_030_DCM_0.22-1.6_G.snv.filtered.bam	0.053860269276	0.0489533518169	0.0489167632462	0.0	0.108608443623	0.100587014621	0.104035864468	0.0971355337395
TARA_067_SRF_0.22-3_G.snv.filtered.bam	0.10570170063	0.0966450013555	0.0989410994378	0.108608443623	0.0	0.0649813913735	0.0698936115315	0.0708663163638
TARA_133_DCM_0.22-3_G.snv.filtered.bam	0.096417335497	0.0897170750939	0.0904620201443	0.100587014621	0.0649813913735	0.0	0.0251635300741	0.0504476642439
TARA_133_SRF_0.22-3_G.snv.filtered.bam	0.0996858127696	0.091345230984	0.0928044155726	0.104035864468	0.0698936115315	0.0251635300741	0.0	0.0514736574196
TARA_145_SRF_0.22-3_G.snv.filtered.bam	0.0897421104658	0.0813439707721	0.0814920014425	0.0971355337395	0.0708663163638	0.0504476642439	0.0514736574196	0.0
