	TARA_004_DCM_0.22-1.6_G.snv.filtered.bam	TARA_007_DCM_0.22-1.6_G.snv.filtered.bam	TARA_009_DCM_0.22-1.6_G.snv.filtered.bam	TARA_018_DCM_0.22-1.6_G.snv.filtered.bam	TARA_018_SRF_0.22-1.6_G.snv.filtered.bam	TARA_023_SRF_0.22-1.6_G.snv.filtered.bam	TARA_030_DCM_0.22-1.6_G.snv.filtered.bam	TARA_066_DCM_0.22-3_G.snv.filtered.bam	TARA_066_SRF_0.22-3_G.snv.filtered.bam	TARA_094_SRF_0.22-3_G.snv.filtered.bam	TARA_100_DCM_0.22-3_G.snv.filtered.bam	TARA_102_DCM_0.22-3_G.snv.filtered.bam	TARA_110_DCM_0.22-3_G.snv.filtered.bam	TARA_110_SRF_0.22-3_G.snv.filtered.bam	TARA_111_DCM_0.22-3_G.snv.filtered.bam	TARA_111_SRF_0.22-3_G.snv.filtered.bam	TARA_132_DCM_0.22-3_G.snv.filtered.bam	TARA_133_DCM_0.22-3_G.snv.filtered.bam	TARA_133_SRF_0.22-3_G.snv.filtered.bam	TARA_138_DCM_0.22-3_G.snv.filtered.bam	TARA_145_SRF_0.22-3_G.snv.filtered.bam	TARA_149_SRF_0.22-3_G.snv.filtered.bam	TARA_150_DCM_0.22-3_G.snv.filtered.bam	TARA_150_SRF_0.22-3_G.snv.filtered.bam	TARA_151_DCM_0.22-3_G.snv.filtered.bam	TARA_151_SRF_0.22-3_G.snv.filtered.bam	TARA_152_MIX_0.22-3_G.snv.filtered.bam	TARA_152_SRF_0.22-3_G.snv.filtered.bam
TARA_004_DCM_0.22-1.6_G.snv.filtered.bam	0.0	0.0364462761829	0.0311616991489	0.0590632288221	0.0577683681079	0.0563153856123	0.0538408051583	0.0410334924238	0.0399966008124	0.0728583996629	0.0475794901686	0.0453755134238	0.0494563685222	0.0557861395974	0.065004233302	0.0776554724031	0.0396735977903	0.0470972269408	0.0541850184569	0.041195063492	0.0356492432705	0.0493770700032	0.0398521354189	0.0410830313557	0.0334767283219	0.0347685302192	0.0339055673018	0.0351812601082
TARA_007_DCM_0.22-1.6_G.snv.filtered.bam	0.0364462761829	0.0	0.0316900945034	0.0656795312931	0.0656483907703	0.0605761114606	0.0597664148509	0.0419706649949	0.0387210365327	0.077786553776	0.0508432912777	0.0446604881639	0.0478597081543	0.0551538817745	0.0660519200042	0.0796204298449	0.0432429278226	0.0481607008838	0.0561389143594	0.0447664901984	0.0361370592489	0.0502418437261	0.0424621639086	0.041074265519	0.0325043458589	0.0327822873259	0.0379680796567	0.0372637006054
TARA_009_DCM_0.22-1.6_G.snv.filtered.bam	0.0311616991489	0.0316900945034	0.0	0.0593324830091	0.0581589503862	0.0560042879416	0.05408403469	0.0373273880943	0.0357628210286	0.0731667905088	0.0459645601416	0.0412515888425	0.0463062865526	0.0536850700432	0.0629597589957	0.0786355034352	0.0356871333536	0.0448720891586	0.0537586512936	0.038716818399	0.0341210159246	0.0478784484178	0.0394941284922	0.0381870671445	0.0268017537505	0.026715155161	0.0299518936725	0.0323360795026
TARA_018_DCM_0.22-1.6_G.snv.filtered.bam	0.0590632288221	0.0656795312931	0.0593324830091	0.0	0.0279650811021	0.0507179738956	0.0430891702014	0.0647204731191	0.0645966337501	0.0824450647733	0.068548861496	0.0684182928704	0.0741187302089	0.077573090867	0.0821984646281	0.0989029085777	0.0645630368667	0.069167884995	0.068058143837	0.0635538270418	0.0656632973982	0.0706697762633	0.06295566393	0.0662136916561	0.062937545808	0.0623578441024	0.0591772038597	0.0619193849819
TARA_018_SRF_0.22-1.6_G.snv.filtered.bam	0.0577683681079	0.0656483907703	0.0581589503862	0.0279650811021	0.0	0.0507959881169	0.0440543214384	0.0636162007933	0.0635932237609	0.0791381490654	0.0665677162073	0.0673919666683	0.071329736664	0.0754041779499	0.0788584079252	0.0976926088011	0.0636331666406	0.0680567675638	0.0677139407972	0.0616362797194	0.0647278603118	0.0694605561184	0.061880969454	0.0661368659394	0.0624361266485	0.0623439995077	0.058417858863	0.0609234734868
TARA_023_SRF_0.22-1.6_G.snv.filtered.bam	0.0563153856123	0.0605761114606	0.0560042879416	0.0507179738956	0.0507959881169	0.0	0.0456364226099	0.0619034114131	0.0614319930373	0.0746963683871	0.0633668179777	0.0624307289465	0.0681341707221	0.0698728100915	0.075805283011	0.0917271399574	0.0604474214533	0.063378538331	0.0629009272939	0.0591299708546	0.0602913329016	0.0690793721305	0.0615613851364	0.063209797478	0.0617581148998	0.0619719400526	0.0572160312126	0.0588239243392
TARA_030_DCM_0.22-1.6_G.snv.filtered.bam	0.0538408051583	0.0597664148509	0.05408403469	0.0430891702014	0.0440543214384	0.0456364226099	0.0	0.0585274613178	0.0574390215997	0.0782385963154	0.0597744412046	0.0618043287009	0.0662258020164	0.0699977019808	0.0727970752039	0.0895341095261	0.0585714143336	0.0598908014764	0.0651560544484	0.0583953541715	0.0590607262518	0.0645578534818	0.0580933825587	0.0601751151846	0.0585720363859	0.0575661312238	0.05602197807	0.0582290035918
TARA_066_DCM_0.22-3_G.snv.filtered.bam	0.0410334924238	0.0419706649949	0.0373273880943	0.0647204731191	0.0636162007933	0.0619034114131	0.0585274613178	0.0	0.0317072654382	0.0778779521284	0.0522367541305	0.047219224361	0.0486636160594	0.0560031336375	0.065332772991	0.0822528533423	0.0443614748649	0.0507610948857	0.0574986642999	0.0438950197021	0.0374348280489	0.0452371015466	0.0399811488183	0.0383948238152	0.0351739498734	0.0355195539009	0.0410535663842	0.042317647903
TARA_066_SRF_0.22-3_G.snv.filtered.bam	0.0399966008124	0.0387210365327	0.0357628210286	0.0645966337501	0.0635932237609	0.0614319930373	0.0574390215997	0.0317072654382	0.0	0.0767998069201	0.0511255837313	0.0465215676665	0.0460102563812	0.0534054490473	0.0633672473547	0.0815544688529	0.0437444073128	0.0491263973831	0.056645403411	0.0447118607831	0.0360510458338	0.0414884152223	0.0370737078471	0.034998186659	0.0327349324818	0.0325714535346	0.0391348150133	0.0391306707275
TARA_094_SRF_0.22-3_G.snv.filtered.bam	0.0728583996629	0.077786553776	0.0731667905088	0.0824450647733	0.0791381490654	0.0746963683871	0.0782385963154	0.0778779521284	0.0767998069201	0.0	0.0663900083904	0.0719643274291	0.0671776320044	0.0679337018682	0.0655439973506	0.0606653179931	0.0765291002307	0.0738821858632	0.0788649611082	0.073082731565	0.0758842776851	0.0883332979129	0.0798016826435	0.0812774482377	0.0767942183723	0.0768841733401	0.0731849929296	0.0744142524974
TARA_100_DCM_0.22-3_G.snv.filtered.bam	0.0475794901686	0.0508432912777	0.0459645601416	0.068548861496	0.0665677162073	0.0633668179777	0.0597744412046	0.0522367541305	0.0511255837313	0.0663900083904	0.0	0.0471888458987	0.0451177627906	0.0484871912124	0.0420987526388	0.0654205776619	0.0479347922187	0.050161390429	0.0607271990836	0.0472095493692	0.046886162617	0.0623839310662	0.0535343102943	0.0553017779935	0.0491982326573	0.0486447363561	0.0460032281336	0.0464076251906
TARA_102_DCM_0.22-3_G.snv.filtered.bam	0.0453755134238	0.0446604881639	0.0412515888425	0.0684182928704	0.0673919666683	0.0624307289465	0.0618043287009	0.047219224361	0.0465215676665	0.0719643274291	0.0471888458987	0.0	0.0523271245757	0.0543820223032	0.065639418595	0.0765558013049	0.0426798945717	0.0411032390382	0.0536245199126	0.0431658208414	0.0432121403084	0.0589089829146	0.0506397602715	0.0516140640095	0.0447042247879	0.045425823436	0.0407293342249	0.0404327353476
TARA_110_DCM_0.22-3_G.snv.filtered.bam	0.0494563685222	0.0478597081543	0.0463062865526	0.0741187302089	0.071329736664	0.0681341707221	0.0662258020164	0.0486636160594	0.0460102563812	0.0671776320044	0.0451177627906	0.0523271245757	0.0	0.0354542720041	0.0543324046998	0.0714155044883	0.0482179797111	0.0514411140744	0.0624347324729	0.0481417162617	0.0470824446861	0.0592329780185	0.0541928043384	0.0507715918304	0.0456510874372	0.0461033701156	0.0479429716215	0.0486963266188
TARA_110_SRF_0.22-3_G.snv.filtered.bam	0.0557861395974	0.0551538817745	0.0536850700432	0.077573090867	0.0754041779499	0.0698728100915	0.0699977019808	0.0560031336375	0.0534054490473	0.0679337018682	0.0484871912124	0.0543820223032	0.0354542720041	0.0	0.0587789331505	0.0735344485701	0.0539934317656	0.053271405092	0.0647791632542	0.0522510656399	0.0535050680043	0.0659378279394	0.0593276673507	0.059630216649	0.0548735144967	0.0536752193723	0.0544547333152	0.0544990125036
TARA_111_DCM_0.22-3_G.snv.filtered.bam	0.065004233302	0.0660519200042	0.0629597589957	0.0821984646281	0.0788584079252	0.075805283011	0.0727970752039	0.065332772991	0.0633672473547	0.0655439973506	0.0420987526388	0.065639418595	0.0543324046998	0.0587789331505	0.0	0.0585432520437	0.0645374752939	0.0661886450605	0.0760592591365	0.0621882281023	0.0648485591144	0.0733837644801	0.0691693318115	0.068934789908	0.0653446766571	0.065905376238	0.0644719469778	0.0653699158814
TARA_111_SRF_0.22-3_G.snv.filtered.bam	0.0776554724031	0.0796204298449	0.0786355034352	0.0989029085777	0.0976926088011	0.0917271399574	0.0895341095261	0.0822528533423	0.0815544688529	0.0606653179931	0.0654205776619	0.0765558013049	0.0714155044883	0.0735344485701	0.0585432520437	0.0	0.080397639078	0.079609384462	0.0872030386746	0.0776699947993	0.0808745529208	0.0935202990956	0.085337664743	0.0865179154808	0.0804359748851	0.0807601625473	0.0771364294418	0.0773598516372
TARA_132_DCM_0.22-3_G.snv.filtered.bam	0.0396735977903	0.0432429278226	0.0356871333536	0.0645630368667	0.0636331666406	0.0604474214533	0.0585714143336	0.0443614748649	0.0437444073128	0.0765291002307	0.0479347922187	0.0426798945717	0.0482179797111	0.0539934317656	0.0645374752939	0.080397639078	0.0	0.0440085182991	0.0563514486717	0.0385326496138	0.0408399892315	0.0552204402981	0.0476523682569	0.0452454043139	0.036904272051	0.0380232283453	0.0376252869682	0.0371465544013
TARA_133_DCM_0.22-3_G.snv.filtered.bam	0.0470972269408	0.0481607008838	0.0448720891586	0.069167884995	0.0680567675638	0.063378538331	0.0598908014764	0.0507610948857	0.0491263973831	0.0738821858632	0.050161390429	0.0411032390382	0.0514411140744	0.053271405092	0.0661886450605	0.079609384462	0.0440085182991	0.0	0.0438122376975	0.0458391583313	0.0450695077075	0.0620086796536	0.0524630100105	0.0538581116976	0.0468938199847	0.0468552595881	0.0446548430962	0.0448452523745
TARA_133_SRF_0.22-3_G.snv.filtered.bam	0.0541850184569	0.0561389143594	0.0537586512936	0.068058143837	0.0677139407972	0.0629009272939	0.0651560544484	0.0574986642999	0.056645403411	0.0788649611082	0.0607271990836	0.0536245199126	0.0624347324729	0.0647791632542	0.0760592591365	0.0872030386746	0.0563514486717	0.0438122376975	0.0	0.0520683641116	0.0549129564021	0.067565270335	0.0594306235762	0.0606840646718	0.0554810296048	0.0554645771393	0.0537664291412	0.0535818643188
TARA_138_DCM_0.22-3_G.snv.filtered.bam	0.041195063492	0.0447664901984	0.038716818399	0.0635538270418	0.0616362797194	0.0591299708546	0.0583953541715	0.0438950197021	0.0447118607831	0.073082731565	0.0472095493692	0.0431658208414	0.0481417162617	0.0522510656399	0.0621882281023	0.0776699947993	0.0385326496138	0.0458391583313	0.0520683641116	0.0	0.044327721989	0.0569997367863	0.0486090557719	0.048888215079	0.0407849844066	0.0419174758419	0.0387657707232	0.0379258765365
TARA_145_SRF_0.22-3_G.snv.filtered.bam	0.0356492432705	0.0361370592489	0.0341210159246	0.0656632973982	0.0647278603118	0.0602913329016	0.0590607262518	0.0374348280489	0.0360510458338	0.0758842776851	0.046886162617	0.0432121403084	0.0470824446861	0.0535050680043	0.0648485591144	0.0808745529208	0.0408399892315	0.0450695077075	0.0549129564021	0.044327721989	0.0	0.039669568881	0.0364018248707	0.0354423151134	0.0339781361246	0.0347452037174	0.0380808649351	0.0387225605968
TARA_149_SRF_0.22-3_G.snv.filtered.bam	0.0493770700032	0.0502418437261	0.0478784484178	0.0706697762633	0.0694605561184	0.0690793721305	0.0645578534818	0.0452371015466	0.0414884152223	0.0883332979129	0.0623839310662	0.0589089829146	0.0592329780185	0.0659378279394	0.0733837644801	0.0935202990956	0.0552204402981	0.0620086796536	0.067565270335	0.0569997367863	0.039669568881	0.0	0.032414578642	0.0305556336	0.0451666446855	0.045415225176	0.0523737533549	0.0538467736641
TARA_150_DCM_0.22-3_G.snv.filtered.bam	0.0398521354189	0.0424621639086	0.0394941284922	0.06295566393	0.061880969454	0.0615613851364	0.0580933825587	0.0399811488183	0.0370737078471	0.0798016826435	0.0535343102943	0.0506397602715	0.0541928043384	0.0593276673507	0.0691693318115	0.085337664743	0.0476523682569	0.0524630100105	0.0594306235762	0.0486090557719	0.0364018248707	0.032414578642	0.0	0.0307999111762	0.0367059928004	0.0369131585857	0.0410660092504	0.0433690082048
TARA_150_SRF_0.22-3_G.snv.filtered.bam	0.0410830313557	0.041074265519	0.0381870671445	0.0662136916561	0.0661368659394	0.063209797478	0.0601751151846	0.0383948238152	0.034998186659	0.0812774482377	0.0553017779935	0.0516140640095	0.0507715918304	0.059630216649	0.068934789908	0.0865179154808	0.0452454043139	0.0538581116976	0.0606840646718	0.048888215079	0.0354423151134	0.0305556336	0.0307999111762	0.0	0.0341906407525	0.0336760560154	0.0415120964203	0.0436669527711
TARA_151_DCM_0.22-3_G.snv.filtered.bam	0.0334767283219	0.0325043458589	0.0268017537505	0.062937545808	0.0624361266485	0.0617581148998	0.0585720363859	0.0351739498734	0.0327349324818	0.0767942183723	0.0491982326573	0.0447042247879	0.0456510874372	0.0548735144967	0.0653446766571	0.0804359748851	0.036904272051	0.0468938199847	0.0554810296048	0.0407849844066	0.0339781361246	0.0451666446855	0.0367059928004	0.0341906407525	0.0	0.017135534543	0.0274793243494	0.0298327240622
TARA_151_SRF_0.22-3_G.snv.filtered.bam	0.0347685302192	0.0327822873259	0.026715155161	0.0623578441024	0.0623439995077	0.0619719400526	0.0575661312238	0.0355195539009	0.0325714535346	0.0768841733401	0.0486447363561	0.045425823436	0.0461033701156	0.0536752193723	0.065905376238	0.0807601625473	0.0380232283453	0.0468552595881	0.0554645771393	0.0419174758419	0.0347452037174	0.045415225176	0.0369131585857	0.0336760560154	0.017135534543	0.0	0.0286715822297	0.0307851902004
TARA_152_MIX_0.22-3_G.snv.filtered.bam	0.0339055673018	0.0379680796567	0.0299518936725	0.0591772038597	0.058417858863	0.0572160312126	0.05602197807	0.0410535663842	0.0391348150133	0.0731849929296	0.0460032281336	0.0407293342249	0.0479429716215	0.0544547333152	0.0644719469778	0.0771364294418	0.0376252869682	0.0446548430962	0.0537664291412	0.0387657707232	0.0380808649351	0.0523737533549	0.0410660092504	0.0415120964203	0.0274793243494	0.0286715822297	0.0	0.0233205891609
TARA_152_SRF_0.22-3_G.snv.filtered.bam	0.0351812601082	0.0372637006054	0.0323360795026	0.0619193849819	0.0609234734868	0.0588239243392	0.0582290035918	0.042317647903	0.0391306707275	0.0744142524974	0.0464076251906	0.0404327353476	0.0486963266188	0.0544990125036	0.0653699158814	0.0773598516372	0.0371465544013	0.0448452523745	0.0535818643188	0.0379258765365	0.0387225605968	0.0538467736641	0.0433690082048	0.0436669527711	0.0298327240622	0.0307851902004	0.0233205891609	0.0
