	TARA_037_MES_0.22-1.6_G.snv.filtered.bam	TARA_038_MES_0.22-1.6_G.snv.filtered.bam	TARA_039_MES_0.22-1.6_G.snv.filtered.bam	TARA_100_MES_0.22-3_G.snv.filtered.bam	TARA_110_MES_0.22-3_G.snv.filtered.bam	TARA_111_MES_0.22-3_G.snv.filtered.bam	TARA_137_DCM_0.22-3_G.snv.filtered.bam	TARA_137_MES_0.22-3_G.snv.filtered.bam
TARA_037_MES_0.22-1.6_G.snv.filtered.bam	0.0	0.0349690625447	0.0330180140515	0.047447382289	0.0567836513534	0.0790417423487	0.0341824081667	0.0446354980123
TARA_038_MES_0.22-1.6_G.snv.filtered.bam	0.0349690625447	0.0	0.0298401204271	0.0462719054716	0.0579519257338	0.0786571829762	0.0314058582697	0.0425993107013
TARA_039_MES_0.22-1.6_G.snv.filtered.bam	0.0330180140515	0.0298401204271	0.0	0.0462082440625	0.0634165417172	0.083698271089	0.0272927907437	0.0427281581555
TARA_100_MES_0.22-3_G.snv.filtered.bam	0.047447382289	0.0462719054716	0.0462082440625	0.0	0.0683925105309	0.0815315926844	0.0462580936504	0.0552985162995
TARA_110_MES_0.22-3_G.snv.filtered.bam	0.0567836513534	0.0579519257338	0.0634165417172	0.0683925105309	0.0	0.0783053022622	0.0603866101369	0.0628384225669
TARA_111_MES_0.22-3_G.snv.filtered.bam	0.0790417423487	0.0786571829762	0.083698271089	0.0815315926844	0.0783053022622	0.0	0.0818589444076	0.0759807530158
TARA_137_DCM_0.22-3_G.snv.filtered.bam	0.0341824081667	0.0314058582697	0.0272927907437	0.0462580936504	0.0603866101369	0.0818589444076	0.0	0.0394977403246
TARA_137_MES_0.22-3_G.snv.filtered.bam	0.0446354980123	0.0425993107013	0.0427281581555	0.0552985162995	0.0628384225669	0.0759807530158	0.0394977403246	0.0
