	TARA_018_DCM_0.22-1.6_G.snv.filtered.bam	TARA_018_SRF_0.22-1.6_G.snv.filtered.bam	TARA_025_DCM_0.22-1.6_G.snv.filtered.bam	TARA_064_SRF_0.22-3_G.snv.filtered.bam	TARA_065_DCM_0.22-3_G.snv.filtered.bam	TARA_078_DCM_0.22-3_G.snv.filtered.bam	TARA_145_SRF_0.22-3_G.snv.filtered.bam	TARA_146_SRF_0.22-3_G.snv.filtered.bam	TARA_148_SRF_0.22-3_G.snv.filtered.bam	TARA_149_SRF_0.22-3_G.snv.filtered.bam	TARA_150_DCM_0.22-3_G.snv.filtered.bam	TARA_150_SRF_0.22-3_G.snv.filtered.bam	TARA_151_DCM_0.22-3_G.snv.filtered.bam
TARA_018_DCM_0.22-1.6_G.snv.filtered.bam	0.0	0.0157249483303	0.0173136606696	0.282390882677	0.280227157711	0.286765041489	0.319820245163	0.326072852031	0.324500205693	0.320143338602	0.28595527968	0.280362424323	0.233179432445
TARA_018_SRF_0.22-1.6_G.snv.filtered.bam	0.0157249483303	0.0	0.0169183119046	0.284622598661	0.282812923281	0.287953865038	0.320820876664	0.327791176658	0.32583456736	0.32152061844	0.286823195182	0.281346465725	0.234968612697
TARA_025_DCM_0.22-1.6_G.snv.filtered.bam	0.0173136606696	0.0169183119046	0.0	0.257627671743	0.252128600295	0.258362436173	0.291895140071	0.302624699094	0.300062626748	0.296168830258	0.261114729984	0.259822256295	0.219614857013
TARA_064_SRF_0.22-3_G.snv.filtered.bam	0.282390882677	0.284622598661	0.257627671743	0.0	0.0752697851175	0.0806774791593	0.104385598812	0.112582432509	0.114362843766	0.0934247888713	0.0904025425446	0.0878657322959	0.171265869245
TARA_065_DCM_0.22-3_G.snv.filtered.bam	0.280227157711	0.282812923281	0.252128600295	0.0752697851175	0.0	0.075335949997	0.107640068082	0.119038756083	0.121529498775	0.100111460728	0.0834968937048	0.0891232843687	0.157785169631
TARA_078_DCM_0.22-3_G.snv.filtered.bam	0.286765041489	0.287953865038	0.258362436173	0.0806774791593	0.075335949997	0.0	0.0694149223109	0.0882676355981	0.0927883703419	0.0718942164292	0.0611698851356	0.0834836286869	0.179114531699
TARA_145_SRF_0.22-3_G.snv.filtered.bam	0.319820245163	0.320820876664	0.291895140071	0.104385598812	0.107640068082	0.0694149223109	0.0	0.0462699089078	0.050779531216	0.0549707495098	0.091434572586	0.112608421679	0.223330118109
TARA_146_SRF_0.22-3_G.snv.filtered.bam	0.326072852031	0.327791176658	0.302624699094	0.112582432509	0.119038756083	0.0882676355981	0.0462699089078	0.0	0.0338353106059	0.0517420096792	0.0969770539824	0.115238574901	0.226925444
TARA_148_SRF_0.22-3_G.snv.filtered.bam	0.324500205693	0.32583456736	0.300062626748	0.114362843766	0.121529498775	0.0927883703419	0.050779531216	0.0338353106059	0.0	0.0561766080795	0.0997662581292	0.119638226979	0.227414518138
TARA_149_SRF_0.22-3_G.snv.filtered.bam	0.320143338602	0.32152061844	0.296168830258	0.0934247888713	0.100111460728	0.0718942164292	0.0549707495098	0.0517420096792	0.0561766080795	0.0	0.0809697111514	0.102583313852	0.213150175875
TARA_150_DCM_0.22-3_G.snv.filtered.bam	0.28595527968	0.286823195182	0.261114729984	0.0904025425446	0.0834968937048	0.0611698851356	0.091434572586	0.0969770539824	0.0997662581292	0.0809697111514	0.0	0.0801104117946	0.160879174153
TARA_150_SRF_0.22-3_G.snv.filtered.bam	0.280362424323	0.281346465725	0.259822256295	0.0878657322959	0.0891232843687	0.0834836286869	0.112608421679	0.115238574901	0.119638226979	0.102583313852	0.0801104117946	0.0	0.141708012043
TARA_151_DCM_0.22-3_G.snv.filtered.bam	0.233179432445	0.234968612697	0.219614857013	0.171265869245	0.157785169631	0.179114531699	0.223330118109	0.226925444	0.227414518138	0.213150175875	0.160879174153	0.141708012043	0.0
