	TARA_068_MES_0.22-3_G.snv.filtered.bam	TARA_085_MES_0.22-3_G.snv.filtered.bam	TARA_100_MES_0.22-3_G.snv.filtered.bam	TARA_102_MES_0.22-3_G.snv.filtered.bam	TARA_109_MES_0.22-3_G.snv.filtered.bam	TARA_133_MES_0.22-3_G.snv.filtered.bam	TARA_145_MES_0.22-3_G.snv.filtered.bam
TARA_068_MES_0.22-3_G.snv.filtered.bam	0.0	0.137279084696	0.0919021992846	0.0816029318018	0.087724484986	0.114958902081	0.0781726651185
TARA_085_MES_0.22-3_G.snv.filtered.bam	0.137279084696	0.0	0.17325296838	0.152345045729	0.161650196174	0.104975796215	0.110055158799
TARA_100_MES_0.22-3_G.snv.filtered.bam	0.0919021992846	0.17325296838	0.0	0.0743366965329	0.0603094538573	0.145017850295	0.134745986669
TARA_102_MES_0.22-3_G.snv.filtered.bam	0.0816029318018	0.152345045729	0.0743366965329	0.0	0.0587021593057	0.116759467333	0.112311371229
TARA_109_MES_0.22-3_G.snv.filtered.bam	0.087724484986	0.161650196174	0.0603094538573	0.0587021593057	0.0	0.135947002069	0.125285126311
TARA_133_MES_0.22-3_G.snv.filtered.bam	0.114958902081	0.104975796215	0.145017850295	0.116759467333	0.135947002069	0.0	0.0962102956713
TARA_145_MES_0.22-3_G.snv.filtered.bam	0.0781726651185	0.110055158799	0.134745986669	0.112311371229	0.125285126311	0.0962102956713	0.0
