	TARA_032_DCM_0.22-1.6_G.snv.filtered.bam	TARA_034_DCM_0.22-1.6_G.snv.filtered.bam	TARA_042_DCM_0.22-1.6_G.snv.filtered.bam	TARA_122_DCM_0.22-3_G.snv.filtered.bam	TARA_123_MIX_0.22-3_G.snv.filtered.bam	TARA_124_MIX_0.22-3_G.snv.filtered.bam	TARA_125_MIX_0.22-3_G.snv.filtered.bam	TARA_146_SRF_0.22-3_G.snv.filtered.bam
TARA_032_DCM_0.22-1.6_G.snv.filtered.bam	0.0	0.0	0.00208333333333	0.0166666666667	0.0145833333333	0.0208333333333	0.00625	0.0
TARA_034_DCM_0.22-1.6_G.snv.filtered.bam	0.0	0.0	0.00208333333333	0.0208333333333	0.01875	0.0145833333333	0.00625	0.0
TARA_042_DCM_0.22-1.6_G.snv.filtered.bam	0.00208333333333	0.00208333333333	0.0	0.0270833333333	0.0166666666667	0.0354166666667	0.0104166666667	0.00208333333333
TARA_122_DCM_0.22-3_G.snv.filtered.bam	0.0166666666667	0.0208333333333	0.0270833333333	0.0	0.00208333333333	0.0	0.0145833333333	0.00833333333333
TARA_123_MIX_0.22-3_G.snv.filtered.bam	0.0145833333333	0.01875	0.0166666666667	0.00208333333333	0.0	0.0	0.00208333333333	0.00208333333333
TARA_124_MIX_0.22-3_G.snv.filtered.bam	0.0208333333333	0.0145833333333	0.0354166666667	0.0	0.0	0.0	0.0104166666667	0.00833333333333
TARA_125_MIX_0.22-3_G.snv.filtered.bam	0.00625	0.00625	0.0104166666667	0.0145833333333	0.00208333333333	0.0104166666667	0.0	0.00208333333333
TARA_146_SRF_0.22-3_G.snv.filtered.bam	0.0	0.0	0.00208333333333	0.00833333333333	0.00208333333333	0.00833333333333	0.00208333333333	0.0
