	TARA_036_DCM_0.22-1.6_G.snv.filtered.bam	TARA_065_DCM_0.22-3_G.snv.filtered.bam	TARA_072_DCM_0.22-3_G.snv.filtered.bam	TARA_100_SRF_0.22-3_G.snv.filtered.bam	TARA_102_SRF_0.22-3_G.snv.filtered.bam	TARA_109_DCM_0.22-3_G.snv.filtered.bam	TARA_109_SRF_0.22-3_G.snv.filtered.bam	TARA_124_SRF_0.22-3_G.snv.filtered.bam	TARA_125_SRF_0.22-3_G.snv.filtered.bam
TARA_036_DCM_0.22-1.6_G.snv.filtered.bam	0.0	0.0415181456129	0.0520348181303	0.110530454474	0.0904542677754	0.111614309485	0.109646261815	0.0609020226294	0.046101255106
TARA_065_DCM_0.22-3_G.snv.filtered.bam	0.0415181456129	0.0	0.0430837345335	0.106214755313	0.0781748079992	0.10184411759	0.0980102037153	0.0572913427796	0.0427743208076
TARA_072_DCM_0.22-3_G.snv.filtered.bam	0.0520348181303	0.0430837345335	0.0	0.11033634649	0.0856737568586	0.106778282392	0.10467161379	0.0671454292062	0.0520350895456
TARA_100_SRF_0.22-3_G.snv.filtered.bam	0.110530454474	0.106214755313	0.11033634649	0.0	0.111807381682	0.115314878893	0.123315726216	0.0863626643813	0.10588055961
TARA_102_SRF_0.22-3_G.snv.filtered.bam	0.0904542677754	0.0781748079992	0.0856737568586	0.111807381682	0.0	0.0539840577154	0.0509177433703	0.0840587945191	0.0806349501074
TARA_109_DCM_0.22-3_G.snv.filtered.bam	0.111614309485	0.10184411759	0.106778282392	0.115314878893	0.0539840577154	0.0	0.0259620603299	0.09865567201	0.0982535667512
TARA_109_SRF_0.22-3_G.snv.filtered.bam	0.109646261815	0.0980102037153	0.10467161379	0.123315726216	0.0509177433703	0.0259620603299	0.0	0.101447725279	0.0955385248846
TARA_124_SRF_0.22-3_G.snv.filtered.bam	0.0609020226294	0.0572913427796	0.0671454292062	0.0863626643813	0.0840587945191	0.09865567201	0.101447725279	0.0	0.0477141818086
TARA_125_SRF_0.22-3_G.snv.filtered.bam	0.046101255106	0.0427743208076	0.0520350895456	0.10588055961	0.0806349501074	0.0982535667512	0.0955385248846	0.0477141818086	0.0
