	TARA_037_MES_0.22-1.6_G.snv.filtered.bam	TARA_038_MES_0.22-1.6_G.snv.filtered.bam	TARA_039_MES_0.22-1.6_G.snv.filtered.bam	TARA_100_MES_0.22-3_G.snv.filtered.bam	TARA_102_MES_0.22-3_G.snv.filtered.bam	TARA_109_MES_0.22-3_G.snv.filtered.bam	TARA_110_MES_0.22-3_G.snv.filtered.bam	TARA_111_MES_0.22-3_G.snv.filtered.bam	TARA_137_DCM_0.22-3_G.snv.filtered.bam	TARA_137_MES_0.22-3_G.snv.filtered.bam	TARA_142_MES_0.22-3_G.snv.filtered.bam
TARA_037_MES_0.22-1.6_G.snv.filtered.bam	0.0	0.00246913580247	0.00246913580247	0.00082304526749	0.0452674897119	0.0123456790123	0.0279835390947	0.0320987654321	0.0	0.0526748971193	0.037037037037
TARA_038_MES_0.22-1.6_G.snv.filtered.bam	0.00246913580247	0.0	0.0	0.00082304526749	0.0609053497942	0.0329218106996	0.0452674897119	0.0485596707819	0.0	0.0691358024691	0.0493827160494
TARA_039_MES_0.22-1.6_G.snv.filtered.bam	0.00246913580247	0.0	0.0	0.00164609053498	0.0650205761317	0.0353909465021	0.0469135802469	0.0518518518519	0.0	0.0724279835391	0.0510288065844
TARA_100_MES_0.22-3_G.snv.filtered.bam	0.00082304526749	0.00082304526749	0.00164609053498	0.0	0.0296296296296	0.00576131687243	0.0172839506173	0.0115226337449	0.0	0.038683127572	0.0222222222222
TARA_102_MES_0.22-3_G.snv.filtered.bam	0.0452674897119	0.0609053497942	0.0650205761317	0.0296296296296	0.0	0.00658436213992	0.00246913580247	0.0	0.0444444444444	0.00246913580247	0.00164609053498
TARA_109_MES_0.22-3_G.snv.filtered.bam	0.0123456790123	0.0329218106996	0.0353909465021	0.00576131687243	0.00658436213992	0.0	0.00246913580247	0.00082304526749	0.0172839506173	0.0197530864198	0.00740740740741
TARA_110_MES_0.22-3_G.snv.filtered.bam	0.0279835390947	0.0452674897119	0.0469135802469	0.0172839506173	0.00246913580247	0.00246913580247	0.0	0.00082304526749	0.0312757201646	0.00493827160494	0.00329218106996
TARA_111_MES_0.22-3_G.snv.filtered.bam	0.0320987654321	0.0485596707819	0.0518518518519	0.0115226337449	0.0	0.00082304526749	0.00082304526749	0.0	0.0312757201646	0.00576131687243	0.00246913580247
TARA_137_DCM_0.22-3_G.snv.filtered.bam	0.0	0.0	0.0	0.0	0.0444444444444	0.0172839506173	0.0312757201646	0.0312757201646	0.0	0.0526748971193	0.0337448559671
TARA_137_MES_0.22-3_G.snv.filtered.bam	0.0526748971193	0.0691358024691	0.0724279835391	0.038683127572	0.00246913580247	0.0197530864198	0.00493827160494	0.00576131687243	0.0526748971193	0.0	0.00329218106996
TARA_142_MES_0.22-3_G.snv.filtered.bam	0.037037037037	0.0493827160494	0.0510288065844	0.0222222222222	0.00164609053498	0.00740740740741	0.00329218106996	0.00246913580247	0.0337448559671	0.00329218106996	0.0
