	TARA_034_SRF_0.22-1.6_G.snv.filtered.bam	TARA_038_DCM_0.22-1.6_G.snv.filtered.bam	TARA_039_DCM_0.22-1.6_G.snv.filtered.bam	TARA_041_DCM_0.22-1.6_G.snv.filtered.bam	TARA_042_DCM_0.22-1.6_G.snv.filtered.bam	TARA_123_SRF_0.22-3_G.snv.filtered.bam	TARA_124_SRF_0.22-3_G.snv.filtered.bam	TARA_146_SRF_0.22-3_G.snv.filtered.bam	TARA_149_SRF_0.22-3_G.snv.filtered.bam
TARA_034_SRF_0.22-1.6_G.snv.filtered.bam	0.0	0.204545454545	0.100649350649	0.185064935065	0.181818181818	0.214285714286	0.214285714286	0.00974025974026	0.00649350649351
TARA_038_DCM_0.22-1.6_G.snv.filtered.bam	0.204545454545	0.0	0.0162337662338	0.0162337662338	0.00324675324675	0.012987012987	0.012987012987	0.207792207792	0.159090909091
TARA_039_DCM_0.22-1.6_G.snv.filtered.bam	0.100649350649	0.0162337662338	0.0	0.00324675324675	0.0162337662338	0.038961038961	0.038961038961	0.0454545454545	0.025974025974
TARA_041_DCM_0.22-1.6_G.snv.filtered.bam	0.185064935065	0.0162337662338	0.00324675324675	0.0	0.0	0.0292207792208	0.0227272727273	0.159090909091	0.0876623376623
TARA_042_DCM_0.22-1.6_G.snv.filtered.bam	0.181818181818	0.00324675324675	0.0162337662338	0.0	0.0	0.0162337662338	0.0162337662338	0.191558441558	0.155844155844
TARA_123_SRF_0.22-3_G.snv.filtered.bam	0.214285714286	0.012987012987	0.038961038961	0.0292207792208	0.0162337662338	0.0	0.0	0.220779220779	0.185064935065
TARA_124_SRF_0.22-3_G.snv.filtered.bam	0.214285714286	0.012987012987	0.038961038961	0.0227272727273	0.0162337662338	0.0	0.0	0.217532467532	0.188311688312
TARA_146_SRF_0.22-3_G.snv.filtered.bam	0.00974025974026	0.207792207792	0.0454545454545	0.159090909091	0.191558441558	0.220779220779	0.217532467532	0.0	0.0
TARA_149_SRF_0.22-3_G.snv.filtered.bam	0.00649350649351	0.159090909091	0.025974025974	0.0876623376623	0.155844155844	0.185064935065	0.188311688312	0.0	0.0
