	TARA_033_SRF_0.22-1.6_G.snv.filtered.bam	TARA_034_SRF_0.22-1.6_G.snv.filtered.bam	TARA_036_DCM_0.22-1.6_G.snv.filtered.bam	TARA_038_DCM_0.22-1.6_G.snv.filtered.bam	TARA_039_DCM_0.22-1.6_G.snv.filtered.bam	TARA_041_DCM_0.22-1.6_G.snv.filtered.bam	TARA_109_DCM_0.22-3_G.snv.filtered.bam	TARA_109_SRF_0.22-3_G.snv.filtered.bam	TARA_140_SRF_0.22-3_G.snv.filtered.bam	TARA_141_SRF_0.22-3_G.snv.filtered.bam
TARA_033_SRF_0.22-1.6_G.snv.filtered.bam	0.0	0.0279294706666	0.0776743996365	0.0723936293787	0.0610707589042	0.0745733608807	0.080321033794	0.0619193541193	0.059716579163	0.0666622266683
TARA_034_SRF_0.22-1.6_G.snv.filtered.bam	0.0279294706666	0.0	0.0820367373826	0.0748416665389	0.0632140586324	0.0766222628466	0.079356056451	0.0633049282781	0.0644712332369	0.0670739715769
TARA_036_DCM_0.22-1.6_G.snv.filtered.bam	0.0776743996365	0.0820367373826	0.0	0.0638958512333	0.0579472744131	0.0632671014573	0.0891834631308	0.0826578262185	0.081187483586	0.085710316314
TARA_038_DCM_0.22-1.6_G.snv.filtered.bam	0.0723936293787	0.0748416665389	0.0638958512333	0.0	0.0522489399721	0.0602874413069	0.0953139954436	0.0804535133454	0.0726214879398	0.0771371668638
TARA_039_DCM_0.22-1.6_G.snv.filtered.bam	0.0610707589042	0.0632140586324	0.0579472744131	0.0522489399721	0.0	0.0425425060604	0.0814890844482	0.0647827157561	0.0630298985944	0.0666019408995
TARA_041_DCM_0.22-1.6_G.snv.filtered.bam	0.0745733608807	0.0766222628466	0.0632671014573	0.0602874413069	0.0425425060604	0.0	0.091423800297	0.0779804156818	0.0812578817448	0.0765982869029
TARA_109_DCM_0.22-3_G.snv.filtered.bam	0.080321033794	0.079356056451	0.0891834631308	0.0953139954436	0.0814890844482	0.091423800297	0.0	0.0533340027036	0.0899181933483	0.0922018706385
TARA_109_SRF_0.22-3_G.snv.filtered.bam	0.0619193541193	0.0633049282781	0.0826578262185	0.0804535133454	0.0647827157561	0.0779804156818	0.0533340027036	0.0	0.0601407592135	0.0749493593177
TARA_140_SRF_0.22-3_G.snv.filtered.bam	0.059716579163	0.0644712332369	0.081187483586	0.0726214879398	0.0630298985944	0.0812578817448	0.0899181933483	0.0601407592135	0.0	0.0737163501223
TARA_141_SRF_0.22-3_G.snv.filtered.bam	0.0666622266683	0.0670739715769	0.085710316314	0.0771371668638	0.0666019408995	0.0765982869029	0.0922018706385	0.0749493593177	0.0737163501223	0.0
