	TARA_033_SRF_0.22-1.6_G.snv.filtered.bam	TARA_034_SRF_0.22-1.6_G.snv.filtered.bam	TARA_036_DCM_0.22-1.6_G.snv.filtered.bam	TARA_038_DCM_0.22-1.6_G.snv.filtered.bam	TARA_039_DCM_0.22-1.6_G.snv.filtered.bam	TARA_041_DCM_0.22-1.6_G.snv.filtered.bam	TARA_109_DCM_0.22-3_G.snv.filtered.bam	TARA_109_SRF_0.22-3_G.snv.filtered.bam	TARA_140_SRF_0.22-3_G.snv.filtered.bam	TARA_141_SRF_0.22-3_G.snv.filtered.bam
TARA_033_SRF_0.22-1.6_G.snv.filtered.bam	0.0	0.0	0.00373831775701	0.0	0.0	0.014953271028	0.00373831775701	0.0018691588785	0.0	0.0018691588785
TARA_034_SRF_0.22-1.6_G.snv.filtered.bam	0.0	0.0	0.00747663551402	0.00373831775701	0.0	0.011214953271	0.00373831775701	0.00373831775701	0.0	0.0018691588785
TARA_036_DCM_0.22-1.6_G.snv.filtered.bam	0.00373831775701	0.00747663551402	0.0	0.00373831775701	0.00373831775701	0.00560747663551	0.018691588785	0.00560747663551	0.0	0.00747663551402
TARA_038_DCM_0.22-1.6_G.snv.filtered.bam	0.0	0.00373831775701	0.00373831775701	0.0	0.0	0.00560747663551	0.0130841121495	0.0018691588785	0.0	0.0018691588785
TARA_039_DCM_0.22-1.6_G.snv.filtered.bam	0.0	0.0	0.00373831775701	0.0	0.0	0.0018691588785	0.011214953271	0.0018691588785	0.0	0.0018691588785
TARA_041_DCM_0.22-1.6_G.snv.filtered.bam	0.014953271028	0.011214953271	0.00560747663551	0.00560747663551	0.0018691588785	0.0	0.0242990654206	0.011214953271	0.00747663551402	0.011214953271
TARA_109_DCM_0.22-3_G.snv.filtered.bam	0.00373831775701	0.00373831775701	0.018691588785	0.0130841121495	0.011214953271	0.0242990654206	0.0	0.0	0.00373831775701	0.0242990654206
TARA_109_SRF_0.22-3_G.snv.filtered.bam	0.0018691588785	0.00373831775701	0.00560747663551	0.0018691588785	0.0018691588785	0.011214953271	0.0	0.0	0.0018691588785	0.00560747663551
TARA_140_SRF_0.22-3_G.snv.filtered.bam	0.0	0.0	0.0	0.0	0.0	0.00747663551402	0.00373831775701	0.0018691588785	0.0	0.0
TARA_141_SRF_0.22-3_G.snv.filtered.bam	0.0018691588785	0.0018691588785	0.00747663551402	0.0018691588785	0.0018691588785	0.011214953271	0.0242990654206	0.00560747663551	0.0	0.0
