	TARA_037_MES_0.22-1.6_G.snv.filtered.bam	TARA_038_MES_0.22-1.6_G.snv.filtered.bam	TARA_039_MES_0.22-1.6_G.snv.filtered.bam	TARA_137_DCM_0.22-3_G.snv.filtered.bam	TARA_137_MES_0.22-3_G.snv.filtered.bam	TARA_138_MES_0.22-3_G.snv.filtered.bam
TARA_037_MES_0.22-1.6_G.snv.filtered.bam	0.0	0.078170309196	0.0839590061211	0.396382725624	0.389822695011	0.395175683599
TARA_038_MES_0.22-1.6_G.snv.filtered.bam	0.078170309196	0.0	0.0578336108335	0.420430978272	0.413965975366	0.418307389972
TARA_039_MES_0.22-1.6_G.snv.filtered.bam	0.0839590061211	0.0578336108335	0.0	0.412471174991	0.405092110088	0.412148291437
TARA_137_DCM_0.22-3_G.snv.filtered.bam	0.396382725624	0.420430978272	0.412471174991	0.0	0.0336273286852	0.0453112744104
TARA_137_MES_0.22-3_G.snv.filtered.bam	0.389822695011	0.413965975366	0.405092110088	0.0336273286852	0.0	0.0307202851759
TARA_138_MES_0.22-3_G.snv.filtered.bam	0.395175683599	0.418307389972	0.412148291437	0.0453112744104	0.0307202851759	0.0
