	TARA_033_SRF_0.22-1.6_G.snv.filtered.bam	TARA_034_SRF_0.22-1.6_G.snv.filtered.bam	TARA_036_DCM_0.22-1.6_G.snv.filtered.bam	TARA_036_SRF_0.22-1.6_G.snv.filtered.bam	TARA_038_DCM_0.22-1.6_G.snv.filtered.bam	TARA_038_SRF_0.22-1.6_G.snv.filtered.bam	TARA_039_DCM_0.22-1.6_G.snv.filtered.bam	TARA_109_SRF_0.22-3_G.snv.filtered.bam	TARA_140_SRF_0.22-3_G.snv.filtered.bam
TARA_033_SRF_0.22-1.6_G.snv.filtered.bam	0.0	0.0	0.00457317073171	0.00457317073171	0.00914634146341	0.00609756097561	0.0030487804878	0.00609756097561	0.00457317073171
TARA_034_SRF_0.22-1.6_G.snv.filtered.bam	0.0	0.0	0.0015243902439	0.0015243902439	0.00609756097561	0.0015243902439	0.0015243902439	0.00457317073171	0.0015243902439
TARA_036_DCM_0.22-1.6_G.snv.filtered.bam	0.00457317073171	0.0015243902439	0.0	0.0	0.0	0.0	0.0	0.0015243902439	0.0
TARA_036_SRF_0.22-1.6_G.snv.filtered.bam	0.00457317073171	0.0015243902439	0.0	0.0	0.0	0.0	0.0	0.0030487804878	0.0
TARA_038_DCM_0.22-1.6_G.snv.filtered.bam	0.00914634146341	0.00609756097561	0.0	0.0	0.0	0.0	0.0	0.0030487804878	0.0
TARA_038_SRF_0.22-1.6_G.snv.filtered.bam	0.00609756097561	0.0015243902439	0.0	0.0	0.0	0.0	0.0	0.0015243902439	0.0
TARA_039_DCM_0.22-1.6_G.snv.filtered.bam	0.0030487804878	0.0015243902439	0.0	0.0	0.0	0.0	0.0	0.0015243902439	0.0
TARA_109_SRF_0.22-3_G.snv.filtered.bam	0.00609756097561	0.00457317073171	0.0015243902439	0.0030487804878	0.0030487804878	0.0015243902439	0.0015243902439	0.0	0.0015243902439
TARA_140_SRF_0.22-3_G.snv.filtered.bam	0.00457317073171	0.0015243902439	0.0	0.0	0.0	0.0	0.0	0.0015243902439	0.0
