	TARA_033_SRF_0.22-1.6_G.snv.filtered.bam	TARA_034_SRF_0.22-1.6_G.snv.filtered.bam	TARA_036_DCM_0.22-1.6_G.snv.filtered.bam	TARA_036_SRF_0.22-1.6_G.snv.filtered.bam	TARA_038_DCM_0.22-1.6_G.snv.filtered.bam	TARA_038_SRF_0.22-1.6_G.snv.filtered.bam	TARA_039_DCM_0.22-1.6_G.snv.filtered.bam	TARA_109_SRF_0.22-3_G.snv.filtered.bam	TARA_140_SRF_0.22-3_G.snv.filtered.bam
TARA_033_SRF_0.22-1.6_G.snv.filtered.bam	0.0	0.0285117061728	0.0446199941841	0.0437159131108	0.052684087586	0.0496505890169	0.0483814515028	0.0623542702587	0.0502890745059
TARA_034_SRF_0.22-1.6_G.snv.filtered.bam	0.0285117061728	0.0	0.044168561014	0.0438145123245	0.0526670054388	0.0485951551569	0.0463839438735	0.0622625722295	0.0520112418434
TARA_036_DCM_0.22-1.6_G.snv.filtered.bam	0.0446199941841	0.044168561014	0.0	0.0199469748037	0.0328668092698	0.02513509798	0.0316919713705	0.0524437391482	0.0353713923922
TARA_036_SRF_0.22-1.6_G.snv.filtered.bam	0.0437159131108	0.0438145123245	0.0199469748037	0.0	0.03420549362	0.026249897727	0.0295454234776	0.0527474403229	0.0358162625772
TARA_038_DCM_0.22-1.6_G.snv.filtered.bam	0.052684087586	0.0526670054388	0.0328668092698	0.03420549362	0.0	0.0370982474541	0.0401438772273	0.0566192433012	0.0423634769984
TARA_038_SRF_0.22-1.6_G.snv.filtered.bam	0.0496505890169	0.0485951551569	0.02513509798	0.026249897727	0.0370982474541	0.0	0.0334230577156	0.0570374400741	0.0389682431789
TARA_039_DCM_0.22-1.6_G.snv.filtered.bam	0.0483814515028	0.0463839438735	0.0316919713705	0.0295454234776	0.0401438772273	0.0334230577156	0.0	0.058243836935	0.0400752530756
TARA_109_SRF_0.22-3_G.snv.filtered.bam	0.0623542702587	0.0622625722295	0.0524437391482	0.0527474403229	0.0566192433012	0.0570374400741	0.058243836935	0.0	0.0549378964479
TARA_140_SRF_0.22-3_G.snv.filtered.bam	0.0502890745059	0.0520112418434	0.0353713923922	0.0358162625772	0.0423634769984	0.0389682431789	0.0400752530756	0.0549378964479	0.0
