	TARA_042_SRF_0.22-1.6_G.snv.filtered.bam	TARA_045_SRF_0.22-1.6_G.snv.filtered.bam	TARA_048_SRF_0.22-1.6_G.snv.filtered.bam	TARA_098_SRF_0.22-3_G.snv.filtered.bam	TARA_100_SRF_0.22-3_G.snv.filtered.bam	TARA_132_SRF_0.22-3_G.snv.filtered.bam	TARA_138_SRF_0.22-3_G.snv.filtered.bam
TARA_042_SRF_0.22-1.6_G.snv.filtered.bam	0.0	0.0	0.0	0.0537974683544	0.129746835443	0.00316455696203	0.0
TARA_045_SRF_0.22-1.6_G.snv.filtered.bam	0.0	0.0	0.0	0.0632911392405	0.136075949367	0.00632911392405	0.00316455696203
TARA_048_SRF_0.22-1.6_G.snv.filtered.bam	0.0	0.0	0.0	0.0632911392405	0.145569620253	0.00632911392405	0.0
TARA_098_SRF_0.22-3_G.snv.filtered.bam	0.0537974683544	0.0632911392405	0.0632911392405	0.0	0.145569620253	0.0506329113924	0.0569620253165
TARA_100_SRF_0.22-3_G.snv.filtered.bam	0.129746835443	0.136075949367	0.145569620253	0.145569620253	0.0	0.139240506329	0.126582278481
TARA_132_SRF_0.22-3_G.snv.filtered.bam	0.00316455696203	0.00632911392405	0.00632911392405	0.0506329113924	0.139240506329	0.0	0.00316455696203
TARA_138_SRF_0.22-3_G.snv.filtered.bam	0.0	0.00316455696203	0.0	0.0569620253165	0.126582278481	0.00316455696203	0.0
