	TARA_042_SRF_0.22-1.6_G.snv.filtered.bam	TARA_045_SRF_0.22-1.6_G.snv.filtered.bam	TARA_048_SRF_0.22-1.6_G.snv.filtered.bam	TARA_098_SRF_0.22-3_G.snv.filtered.bam	TARA_100_SRF_0.22-3_G.snv.filtered.bam	TARA_132_SRF_0.22-3_G.snv.filtered.bam	TARA_138_SRF_0.22-3_G.snv.filtered.bam
TARA_042_SRF_0.22-1.6_G.snv.filtered.bam	0.0	0.0445222038279	0.0406089650398	0.123471654693	0.198575652763	0.0607141422157	0.0471457895425
TARA_045_SRF_0.22-1.6_G.snv.filtered.bam	0.0445222038279	0.0	0.0416766470163	0.124515137088	0.199497666762	0.0617397265737	0.0590366020002
TARA_048_SRF_0.22-1.6_G.snv.filtered.bam	0.0406089650398	0.0416766470163	0.0	0.124460901469	0.202215687622	0.0686608933598	0.0527906052954
TARA_098_SRF_0.22-3_G.snv.filtered.bam	0.123471654693	0.124515137088	0.124460901469	0.0	0.206341131549	0.113976677596	0.122457082192
TARA_100_SRF_0.22-3_G.snv.filtered.bam	0.198575652763	0.199497666762	0.202215687622	0.206341131549	0.0	0.202971129491	0.1929416089
TARA_132_SRF_0.22-3_G.snv.filtered.bam	0.0607141422157	0.0617397265737	0.0686608933598	0.113976677596	0.202971129491	0.0	0.0670885743579
TARA_138_SRF_0.22-3_G.snv.filtered.bam	0.0471457895425	0.0590366020002	0.0527906052954	0.122457082192	0.1929416089	0.0670885743579	0.0
