	TARA_032_DCM_0.22-1.6_G.snv.filtered.bam	TARA_034_DCM_0.22-1.6_G.snv.filtered.bam	TARA_041_DCM_0.22-1.6_G.snv.filtered.bam	TARA_042_DCM_0.22-1.6_G.snv.filtered.bam	TARA_064_SRF_0.22-3_G.snv.filtered.bam	TARA_098_DCM_0.22-3_G.snv.filtered.bam	TARA_122_DCM_0.22-3_G.snv.filtered.bam	TARA_123_MIX_0.22-3_G.snv.filtered.bam	TARA_124_MIX_0.22-3_G.snv.filtered.bam	TARA_142_DCM_0.22-3_G.snv.filtered.bam	TARA_142_SRF_0.22-3_G.snv.filtered.bam	TARA_146_SRF_0.22-3_G.snv.filtered.bam	TARA_149_SRF_0.22-3_G.snv.filtered.bam
TARA_032_DCM_0.22-1.6_G.snv.filtered.bam	0.0	0.0377555469816	0.0523077977749	0.0651048764221	0.0785123467984	0.133110592603	0.0889939436068	0.0922147954591	0.0934409844022	0.0642703918934	0.0642680405229	0.0915260084693	0.0984387772073
TARA_034_DCM_0.22-1.6_G.snv.filtered.bam	0.0377555469816	0.0	0.0410732440725	0.0519366337079	0.0820177693107	0.134536368474	0.0884377010614	0.0923286472396	0.0952518180297	0.0657292283128	0.0655664667698	0.0943428806255	0.100738066962
TARA_041_DCM_0.22-1.6_G.snv.filtered.bam	0.0523077977749	0.0410732440725	0.0	0.0365468928522	0.0768850077364	0.134205974182	0.0815828441065	0.0836566044126	0.0864787106272	0.06335387197	0.0652273130805	0.0879184137488	0.0944141890824
TARA_042_DCM_0.22-1.6_G.snv.filtered.bam	0.0651048764221	0.0519366337079	0.0365468928522	0.0	0.0797511798872	0.141009790752	0.092783592738	0.0973879598553	0.09684826463	0.0711652471283	0.072028167032	0.0979552988267	0.103381486039
TARA_064_SRF_0.22-3_G.snv.filtered.bam	0.0785123467984	0.0820177693107	0.0768850077364	0.0797511798872	0.0	0.13629247406	0.0971921436154	0.0990308230102	0.104521448855	0.0729807873281	0.0743645850166	0.0793557080552	0.0942940361789
TARA_098_DCM_0.22-3_G.snv.filtered.bam	0.133110592603	0.134536368474	0.134205974182	0.141009790752	0.13629247406	0.0	0.0940268605841	0.11831833867	0.114268607244	0.133606015632	0.137369666883	0.124583005179	0.125756176225
TARA_122_DCM_0.22-3_G.snv.filtered.bam	0.0889939436068	0.0884377010614	0.0815828441065	0.092783592738	0.0971921436154	0.0940268605841	0.0	0.0549325118	0.0521649871905	0.0894042129617	0.0952525459294	0.0954542597199	0.102078515078
TARA_123_MIX_0.22-3_G.snv.filtered.bam	0.0922147954591	0.0923286472396	0.0836566044126	0.0973879598553	0.0990308230102	0.11831833867	0.0549325118	0.0	0.0591979383179	0.0944734334097	0.0977090769741	0.0986583840408	0.103521160917
TARA_124_MIX_0.22-3_G.snv.filtered.bam	0.0934409844022	0.0952518180297	0.0864787106272	0.09684826463	0.104521448855	0.114268607244	0.0521649871905	0.0591979383179	0.0	0.0925945678145	0.0971339522905	0.104143694108	0.111843306018
TARA_142_DCM_0.22-3_G.snv.filtered.bam	0.0642703918934	0.0657292283128	0.06335387197	0.0711652471283	0.0729807873281	0.133606015632	0.0894042129617	0.0944734334097	0.0925945678145	0.0	0.0427608889601	0.0751503975152	0.0864157541604
TARA_142_SRF_0.22-3_G.snv.filtered.bam	0.0642680405229	0.0655664667698	0.0652273130805	0.072028167032	0.0743645850166	0.137369666883	0.0952525459294	0.0977090769741	0.0971339522905	0.0427608889601	0.0	0.0771372890556	0.0904976645841
TARA_146_SRF_0.22-3_G.snv.filtered.bam	0.0915260084693	0.0943428806255	0.0879184137488	0.0979552988267	0.0793557080552	0.124583005179	0.0954542597199	0.0986583840408	0.104143694108	0.0751503975152	0.0771372890556	0.0	0.0663039173181
TARA_149_SRF_0.22-3_G.snv.filtered.bam	0.0984387772073	0.100738066962	0.0944141890824	0.103381486039	0.0942940361789	0.125756176225	0.102078515078	0.103521160917	0.111843306018	0.0864157541604	0.0904976645841	0.0663039173181	0.0
