	TARA_004_DCM_0.22-1.6_G.snv.filtered.bam	TARA_004_SRF_0.22-1.6_G.snv.filtered.bam	TARA_093_SRF_0.22-3_G.snv.filtered.bam	TARA_094_SRF_0.22-3_G.snv.filtered.bam	TARA_133_DCM_0.22-3_G.snv.filtered.bam	TARA_133_SRF_0.22-3_G.snv.filtered.bam
TARA_004_DCM_0.22-1.6_G.snv.filtered.bam	0.0	0.0	0.0741258741259	0.0377622377622	0.0181818181818	0.020979020979
TARA_004_SRF_0.22-1.6_G.snv.filtered.bam	0.0	0.0	0.0671328671329	0.034965034965	0.0153846153846	0.0153846153846
TARA_093_SRF_0.22-3_G.snv.filtered.bam	0.0741258741259	0.0671328671329	0.0	0.0895104895105	0.0559440559441	0.0531468531469
TARA_094_SRF_0.22-3_G.snv.filtered.bam	0.0377622377622	0.034965034965	0.0895104895105	0.0	0.00839160839161	0.00979020979021
TARA_133_DCM_0.22-3_G.snv.filtered.bam	0.0181818181818	0.0153846153846	0.0559440559441	0.00839160839161	0.0	0.0
TARA_133_SRF_0.22-3_G.snv.filtered.bam	0.020979020979	0.0153846153846	0.0531468531469	0.00979020979021	0.0	0.0
