	TARA_004_DCM_0.22-1.6_G.snv.filtered.bam	TARA_004_SRF_0.22-1.6_G.snv.filtered.bam	TARA_093_SRF_0.22-3_G.snv.filtered.bam	TARA_094_SRF_0.22-3_G.snv.filtered.bam	TARA_133_DCM_0.22-3_G.snv.filtered.bam	TARA_133_SRF_0.22-3_G.snv.filtered.bam
TARA_004_DCM_0.22-1.6_G.snv.filtered.bam	0.0	0.0175194807827	0.116903344303	0.120685048604	0.107986402135	0.107058969145
TARA_004_SRF_0.22-1.6_G.snv.filtered.bam	0.0175194807827	0.0	0.116354422409	0.118663401102	0.106620200829	0.105668937454
TARA_093_SRF_0.22-3_G.snv.filtered.bam	0.116903344303	0.116354422409	0.0	0.159738940448	0.134077573981	0.136795101355
TARA_094_SRF_0.22-3_G.snv.filtered.bam	0.120685048604	0.118663401102	0.159738940448	0.0	0.125764842165	0.121518066433
TARA_133_DCM_0.22-3_G.snv.filtered.bam	0.107986402135	0.106620200829	0.134077573981	0.125764842165	0.0	0.0443652123654
TARA_133_SRF_0.22-3_G.snv.filtered.bam	0.107058969145	0.105668937454	0.136795101355	0.121518066433	0.0443652123654	0.0
