	TARA_009_SRF_0.22-1.6_G.snv.filtered.bam	TARA_032_DCM_0.22-1.6_G.snv.filtered.bam	TARA_032_SRF_0.22-1.6_G.snv.filtered.bam	TARA_034_SRF_0.22-1.6_G.snv.filtered.bam	TARA_041_DCM_0.22-1.6_G.snv.filtered.bam	TARA_057_SRF_0.22-3_G.snv.filtered.bam	TARA_062_SRF_0.22-3_G.snv.filtered.bam	TARA_064_SRF_0.22-3_G.snv.filtered.bam	TARA_065_DCM_0.22-3_G.snv.filtered.bam	TARA_065_SRF_0.22-3_G.snv.filtered.bam	TARA_123_SRF_0.22-3_G.snv.filtered.bam	TARA_124_MIX_0.22-3_G.snv.filtered.bam	TARA_124_SRF_0.22-3_G.snv.filtered.bam	TARA_125_SRF_0.22-3_G.snv.filtered.bam	TARA_140_SRF_0.22-3_G.snv.filtered.bam	TARA_141_SRF_0.22-3_G.snv.filtered.bam	TARA_142_DCM_0.22-3_G.snv.filtered.bam	TARA_142_SRF_0.22-3_G.snv.filtered.bam	TARA_146_SRF_0.22-3_G.snv.filtered.bam
TARA_009_SRF_0.22-1.6_G.snv.filtered.bam	0.0	0.100358422939	0.105734767025	0.112903225806	0.089605734767	0.0967741935484	0.0967741935484	0.0913978494624	0.10752688172	0.10752688172	0.105734767025	0.109318996416	0.10394265233	0.10394265233	0.100358422939	0.102150537634	0.111111111111	0.105734767025	0.0985663082437
TARA_032_DCM_0.22-1.6_G.snv.filtered.bam	0.100358422939	0.0	0.00179211469534	0.00716845878136	0.00179211469534	0.00179211469534	0.00179211469534	0.00179211469534	0.0	0.00537634408602	0.0519713261649	0.0537634408602	0.0430107526882	0.0412186379928	0.00179211469534	0.00716845878136	0.0089605734767	0.00716845878136	0.00537634408602
TARA_032_SRF_0.22-1.6_G.snv.filtered.bam	0.105734767025	0.00179211469534	0.0	0.00716845878136	0.00179211469534	0.00179211469534	0.00179211469534	0.00358422939068	0.00179211469534	0.0089605734767	0.0537634408602	0.0537634408602	0.0430107526882	0.0448028673835	0.00358422939068	0.010752688172	0.0143369175627	0.0125448028674	0.00537634408602
TARA_034_SRF_0.22-1.6_G.snv.filtered.bam	0.112903225806	0.00716845878136	0.00716845878136	0.0	0.0089605734767	0.00358422939068	0.00716845878136	0.00358422939068	0.00537634408602	0.00537634408602	0.0501792114695	0.0555555555556	0.0448028673835	0.0430107526882	0.0143369175627	0.0304659498208	0.0268817204301	0.0232974910394	0.0197132616487
TARA_041_DCM_0.22-1.6_G.snv.filtered.bam	0.089605734767	0.00179211469534	0.00179211469534	0.0089605734767	0.0	0.0	0.0	0.0	0.0	0.0	0.0448028673835	0.0430107526882	0.0340501792115	0.0376344086022	0.0	0.00537634408602	0.0089605734767	0.00537634408602	0.00537634408602
TARA_057_SRF_0.22-3_G.snv.filtered.bam	0.0967741935484	0.00179211469534	0.00179211469534	0.00358422939068	0.0	0.0	0.0	0.0	0.0	0.0	0.0430107526882	0.0465949820789	0.0358422939068	0.0376344086022	0.0	0.0089605734767	0.00537634408602	0.00537634408602	0.00358422939068
TARA_062_SRF_0.22-3_G.snv.filtered.bam	0.0967741935484	0.00179211469534	0.00179211469534	0.00716845878136	0.0	0.0	0.0	0.0	0.0	0.0	0.0465949820789	0.0448028673835	0.0358422939068	0.0358422939068	0.0	0.00716845878136	0.00179211469534	0.00179211469534	0.00358422939068
TARA_064_SRF_0.22-3_G.snv.filtered.bam	0.0913978494624	0.00179211469534	0.00358422939068	0.00358422939068	0.0	0.0	0.0	0.0	0.0	0.0	0.0412186379928	0.0412186379928	0.0340501792115	0.0322580645161	0.0	0.0089605734767	0.00716845878136	0.00716845878136	0.00179211469534
TARA_065_DCM_0.22-3_G.snv.filtered.bam	0.10752688172	0.0	0.00179211469534	0.00537634408602	0.0	0.0	0.0	0.0	0.0	0.0	0.0448028673835	0.0465949820789	0.0358422939068	0.0358422939068	0.0	0.0089605734767	0.0089605734767	0.00537634408602	0.00179211469534
TARA_065_SRF_0.22-3_G.snv.filtered.bam	0.10752688172	0.00537634408602	0.0089605734767	0.00537634408602	0.0	0.0	0.0	0.0	0.0	0.0	0.0501792114695	0.0483870967742	0.0394265232975	0.0376344086022	0.0	0.010752688172	0.0125448028674	0.00716845878136	0.00179211469534
TARA_123_SRF_0.22-3_G.snv.filtered.bam	0.105734767025	0.0519713261649	0.0537634408602	0.0501792114695	0.0448028673835	0.0430107526882	0.0465949820789	0.0412186379928	0.0448028673835	0.0501792114695	0.0	0.0	0.0	0.0	0.0465949820789	0.0537634408602	0.0573476702509	0.0555555555556	0.0519713261649
TARA_124_MIX_0.22-3_G.snv.filtered.bam	0.109318996416	0.0537634408602	0.0537634408602	0.0555555555556	0.0430107526882	0.0465949820789	0.0448028673835	0.0412186379928	0.0465949820789	0.0483870967742	0.0	0.0	0.0	0.0	0.0483870967742	0.0537634408602	0.0555555555556	0.0537634408602	0.0537634408602
TARA_124_SRF_0.22-3_G.snv.filtered.bam	0.10394265233	0.0430107526882	0.0430107526882	0.0448028673835	0.0340501792115	0.0358422939068	0.0358422939068	0.0340501792115	0.0358422939068	0.0394265232975	0.0	0.0	0.0	0.0	0.0376344086022	0.0430107526882	0.0465949820789	0.0430107526882	0.0448028673835
TARA_125_SRF_0.22-3_G.snv.filtered.bam	0.10394265233	0.0412186379928	0.0448028673835	0.0430107526882	0.0376344086022	0.0376344086022	0.0358422939068	0.0322580645161	0.0358422939068	0.0376344086022	0.0	0.0	0.0	0.0	0.0394265232975	0.0394265232975	0.0465949820789	0.0448028673835	0.0448028673835
TARA_140_SRF_0.22-3_G.snv.filtered.bam	0.100358422939	0.00179211469534	0.00358422939068	0.0143369175627	0.0	0.0	0.0	0.0	0.0	0.0	0.0465949820789	0.0483870967742	0.0376344086022	0.0394265232975	0.0	0.010752688172	0.00358422939068	0.00537634408602	0.0
TARA_141_SRF_0.22-3_G.snv.filtered.bam	0.102150537634	0.00716845878136	0.010752688172	0.0304659498208	0.00537634408602	0.0089605734767	0.00716845878136	0.0089605734767	0.0089605734767	0.010752688172	0.0537634408602	0.0537634408602	0.0430107526882	0.0394265232975	0.010752688172	0.0	0.0	0.0	0.00179211469534
TARA_142_DCM_0.22-3_G.snv.filtered.bam	0.111111111111	0.0089605734767	0.0143369175627	0.0268817204301	0.0089605734767	0.00537634408602	0.00179211469534	0.00716845878136	0.0089605734767	0.0125448028674	0.0573476702509	0.0555555555556	0.0465949820789	0.0465949820789	0.00358422939068	0.0	0.0	0.0	0.0
TARA_142_SRF_0.22-3_G.snv.filtered.bam	0.105734767025	0.00716845878136	0.0125448028674	0.0232974910394	0.00537634408602	0.00537634408602	0.00179211469534	0.00716845878136	0.00537634408602	0.00716845878136	0.0555555555556	0.0537634408602	0.0430107526882	0.0448028673835	0.00537634408602	0.0	0.0	0.0	0.0
TARA_146_SRF_0.22-3_G.snv.filtered.bam	0.0985663082437	0.00537634408602	0.00537634408602	0.0197132616487	0.00537634408602	0.00358422939068	0.00358422939068	0.00179211469534	0.00179211469534	0.00179211469534	0.0519713261649	0.0537634408602	0.0448028673835	0.0448028673835	0.0	0.00179211469534	0.0	0.0	0.0
