	TARA_009_SRF_0.22-1.6_G.snv.filtered.bam	TARA_032_DCM_0.22-1.6_G.snv.filtered.bam	TARA_032_SRF_0.22-1.6_G.snv.filtered.bam	TARA_034_SRF_0.22-1.6_G.snv.filtered.bam	TARA_041_DCM_0.22-1.6_G.snv.filtered.bam	TARA_057_SRF_0.22-3_G.snv.filtered.bam	TARA_062_SRF_0.22-3_G.snv.filtered.bam	TARA_064_SRF_0.22-3_G.snv.filtered.bam	TARA_065_DCM_0.22-3_G.snv.filtered.bam	TARA_065_SRF_0.22-3_G.snv.filtered.bam	TARA_123_SRF_0.22-3_G.snv.filtered.bam	TARA_124_MIX_0.22-3_G.snv.filtered.bam	TARA_124_SRF_0.22-3_G.snv.filtered.bam	TARA_125_SRF_0.22-3_G.snv.filtered.bam	TARA_140_SRF_0.22-3_G.snv.filtered.bam	TARA_141_SRF_0.22-3_G.snv.filtered.bam	TARA_142_DCM_0.22-3_G.snv.filtered.bam	TARA_142_SRF_0.22-3_G.snv.filtered.bam	TARA_146_SRF_0.22-3_G.snv.filtered.bam
TARA_009_SRF_0.22-1.6_G.snv.filtered.bam	0.0	0.155025316341	0.155327102442	0.156375121046	0.142482751918	0.155184774795	0.152096908642	0.155440173131	0.153344515542	0.156561239958	0.162316737718	0.164173035258	0.161811860341	0.163025558401	0.152551440896	0.1477378271	0.150204738061	0.150779423337	0.147156471728
TARA_032_DCM_0.22-1.6_G.snv.filtered.bam	0.155025316341	0.0	0.03441237558	0.0529725572633	0.0503815548296	0.0514179031935	0.0492466609305	0.0586721996762	0.0499908400995	0.0560323650477	0.0993234754636	0.100856481133	0.0969086571239	0.0952007439663	0.0530167585146	0.0542567494433	0.0507605703775	0.0521239643047	0.0568768711836
TARA_032_SRF_0.22-1.6_G.snv.filtered.bam	0.155327102442	0.03441237558	0.0	0.0398455192419	0.0488025588047	0.0490247494078	0.0495019672978	0.055448031565	0.0463867638986	0.052674530607	0.0975545154809	0.0979459521997	0.0950959398976	0.0933270813871	0.0556187252908	0.0585236123111	0.0547475103074	0.0569052249708	0.0593120533533
TARA_034_SRF_0.22-1.6_G.snv.filtered.bam	0.156375121046	0.0529725572633	0.0398455192419	0.0	0.050912428178	0.0500601705132	0.0518321534872	0.0609019963324	0.0489817407833	0.0511378578938	0.097588169518	0.0983681333358	0.0948231291964	0.095224532317	0.0563139577779	0.0646456223911	0.062318055689	0.0643391082775	0.0660286750589
TARA_041_DCM_0.22-1.6_G.snv.filtered.bam	0.142482751918	0.0503815548296	0.0488025588047	0.050912428178	0.0	0.041555442499	0.041094365492	0.0453112244174	0.0399341132225	0.0440972353363	0.0923029851222	0.0932129099985	0.0903495555733	0.089615267968	0.0397200888159	0.0507633608493	0.0528051766679	0.0540984080778	0.0492578510016
TARA_057_SRF_0.22-3_G.snv.filtered.bam	0.155184774795	0.0514179031935	0.0490247494078	0.0500601705132	0.041555442499	0.0	0.0231352256214	0.0352703004771	0.0298222472087	0.0341485648894	0.0966442088615	0.0979838081265	0.0943299698874	0.092682119299	0.0385998252743	0.0557738285254	0.0535676297247	0.0553916718362	0.0519934104626
TARA_062_SRF_0.22-3_G.snv.filtered.bam	0.152096908642	0.0492466609305	0.0495019672978	0.0518321534872	0.041094365492	0.0231352256214	0.0	0.038300774802	0.0313529375033	0.0337812945773	0.0959062715424	0.0974012218003	0.0936833966143	0.0924800511101	0.0378330914702	0.0548012361454	0.0522098405801	0.0532638048927	0.051476695143
TARA_064_SRF_0.22-3_G.snv.filtered.bam	0.155440173131	0.0586721996762	0.055448031565	0.0609019963324	0.0453112244174	0.0352703004771	0.038300774802	0.0	0.0386712996797	0.0397293123819	0.0963570082056	0.0983835084569	0.0943917576042	0.0931770178512	0.0461603246651	0.0604028638089	0.0614829813416	0.0629259036823	0.0566048705423
TARA_065_DCM_0.22-3_G.snv.filtered.bam	0.153344515542	0.0499908400995	0.0463867638986	0.0489817407833	0.0399341132225	0.0298222472087	0.0313529375033	0.0386712996797	0.0	0.0372377952205	0.0967867578283	0.0980738539482	0.0944228976918	0.0934347738184	0.0415073692189	0.053173305055	0.0522537335763	0.0533311981861	0.051324507051
TARA_065_SRF_0.22-3_G.snv.filtered.bam	0.156561239958	0.0560323650477	0.052674530607	0.0511378578938	0.0440972353363	0.0341485648894	0.0337812945773	0.0397293123819	0.0372377952205	0.0	0.0969863347715	0.0979687749444	0.0944796699205	0.0927119773088	0.0419033977585	0.0563268752886	0.0547747344245	0.0559455102717	0.0526941943064
TARA_123_SRF_0.22-3_G.snv.filtered.bam	0.162316737718	0.0993234754636	0.0975545154809	0.097588169518	0.0923029851222	0.0966442088615	0.0959062715424	0.0963570082056	0.0967867578283	0.0969863347715	0.0	0.0133978543219	0.0147825132496	0.0166155972249	0.0961562766839	0.0942365054294	0.093559541243	0.093712632349	0.0979196061686
TARA_124_MIX_0.22-3_G.snv.filtered.bam	0.164173035258	0.100856481133	0.0979459521997	0.0983681333358	0.0932129099985	0.0979838081265	0.0974012218003	0.0983835084569	0.0980738539482	0.0979687749444	0.0133978543219	0.0	0.0151001037538	0.0161369523507	0.0980103506049	0.0961730909506	0.0952592350099	0.0950478660523	0.0996880419795
TARA_124_SRF_0.22-3_G.snv.filtered.bam	0.161811860341	0.0969086571239	0.0950959398976	0.0948231291964	0.0903495555733	0.0943299698874	0.0936833966143	0.0943917576042	0.0944228976918	0.0944796699205	0.0147825132496	0.0151001037538	0.0	0.0158278361628	0.0942427980478	0.0927646822769	0.0914986484008	0.0918267854203	0.0957363434899
TARA_125_SRF_0.22-3_G.snv.filtered.bam	0.163025558401	0.0952007439663	0.0933270813871	0.095224532317	0.089615267968	0.092682119299	0.0924800511101	0.0931770178512	0.0934347738184	0.0927119773088	0.0166155972249	0.0161369523507	0.0158278361628	0.0	0.0933848937063	0.0912382618582	0.0896530384889	0.0896701793953	0.0940491596966
TARA_140_SRF_0.22-3_G.snv.filtered.bam	0.152551440896	0.0530167585146	0.0556187252908	0.0563139577779	0.0397200888159	0.0385998252743	0.0378330914702	0.0461603246651	0.0415073692189	0.0419033977585	0.0961562766839	0.0980103506049	0.0942427980478	0.0933848937063	0.0	0.0493771097655	0.0494454611378	0.0509736387978	0.0470710336894
TARA_141_SRF_0.22-3_G.snv.filtered.bam	0.1477378271	0.0542567494433	0.0585236123111	0.0646456223911	0.0507633608493	0.0557738285254	0.0548012361454	0.0604028638089	0.053173305055	0.0563268752886	0.0942365054294	0.0961730909506	0.0927646822769	0.0912382618582	0.0493771097655	0.0	0.0327934496257	0.0339484368803	0.0407513490922
TARA_142_DCM_0.22-3_G.snv.filtered.bam	0.150204738061	0.0507605703775	0.0547475103074	0.062318055689	0.0528051766679	0.0535676297247	0.0522098405801	0.0614829813416	0.0522537335763	0.0547747344245	0.093559541243	0.0952592350099	0.0914986484008	0.0896530384889	0.0494454611378	0.0327934496257	0.0	0.0159715251557	0.0332232942784
TARA_142_SRF_0.22-3_G.snv.filtered.bam	0.150779423337	0.0521239643047	0.0569052249708	0.0643391082775	0.0540984080778	0.0553916718362	0.0532638048927	0.0629259036823	0.0533311981861	0.0559455102717	0.093712632349	0.0950478660523	0.0918267854203	0.0896701793953	0.0509736387978	0.0339484368803	0.0159715251557	0.0	0.0347445970195
TARA_146_SRF_0.22-3_G.snv.filtered.bam	0.147156471728	0.0568768711836	0.0593120533533	0.0660286750589	0.0492578510016	0.0519934104626	0.051476695143	0.0566048705423	0.051324507051	0.0526941943064	0.0979196061686	0.0996880419795	0.0957363434899	0.0940491596966	0.0470710336894	0.0407513490922	0.0332232942784	0.0347445970195	0.0
