	TARA_102_MES_0.22-3_G.snv.filtered.bam	TARA_109_MES_0.22-3_G.snv.filtered.bam	TARA_112_MES_0.22-3_G.snv.filtered.bam	TARA_142_MES_0.22-3_G.snv.filtered.bam	TARA_145_MES_0.22-3_G.snv.filtered.bam	TARA_149_MES_0.22-3_G.snv.filtered.bam
TARA_102_MES_0.22-3_G.snv.filtered.bam	0.0	0.0490047845274	0.0332943778437	0.0753586487361	0.0741397014918	0.112045527143
TARA_109_MES_0.22-3_G.snv.filtered.bam	0.0490047845274	0.0	0.0399182474682	0.0595088938033	0.0675915454785	0.115462214995
TARA_112_MES_0.22-3_G.snv.filtered.bam	0.0332943778437	0.0399182474682	0.0	0.069564493095	0.0662385493862	0.10958167138
TARA_142_MES_0.22-3_G.snv.filtered.bam	0.0753586487361	0.0595088938033	0.069564493095	0.0	0.0450895061202	0.0919823877032
TARA_145_MES_0.22-3_G.snv.filtered.bam	0.0741397014918	0.0675915454785	0.0662385493862	0.0450895061202	0.0	0.0868675351196
TARA_149_MES_0.22-3_G.snv.filtered.bam	0.112045527143	0.115462214995	0.10958167138	0.0919823877032	0.0868675351196	0.0
