	TARA_065_MES_0.22-3_G.snv.filtered.bam	TARA_068_MES_0.22-3_G.snv.filtered.bam	TARA_098_MES_0.22-3_G.snv.filtered.bam	TARA_102_MES_0.22-3_G.snv.filtered.bam	TARA_109_MES_0.22-3_G.snv.filtered.bam	TARA_111_MES_0.22-3_G.snv.filtered.bam	TARA_122_MES_0.22-3_G.snv.filtered.bam	TARA_132_MES_0.22-3_G.snv.filtered.bam	TARA_133_MES_0.22-3_G.snv.filtered.bam	TARA_149_MES_0.22-3_G.snv.filtered.bam	TARA_152_MES_0.22-3_G.snv.filtered.bam
TARA_065_MES_0.22-3_G.snv.filtered.bam	0.0	0.047736882945	0.0604812660242	0.0941440370588	0.0860573878092	0.0929560792405	0.137342213503	0.0530352548365	0.187487964434	0.055987208693	0.0498192730588
TARA_068_MES_0.22-3_G.snv.filtered.bam	0.047736882945	0.0	0.0564384739823	0.097308630763	0.0843878583095	0.0962321375504	0.141298194449	0.0478468182906	0.190130925543	0.0544456403834	0.0433692866318
TARA_098_MES_0.22-3_G.snv.filtered.bam	0.0604812660242	0.0564384739823	0.0	0.0966121317139	0.0886119717492	0.0976535664023	0.139747449249	0.0608821333159	0.187028707699	0.0621420079194	0.0595015059708
TARA_102_MES_0.22-3_G.snv.filtered.bam	0.0941440370588	0.097308630763	0.0966121317139	0.0	0.0736480419184	0.069498108122	0.108982177183	0.0941542593353	0.154325212165	0.103592233502	0.105105977146
TARA_109_MES_0.22-3_G.snv.filtered.bam	0.0860573878092	0.0843878583095	0.0886119717492	0.0736480419184	0.0	0.067621644724	0.136498364891	0.0862795124547	0.181764707799	0.0893704009846	0.0902550039426
TARA_111_MES_0.22-3_G.snv.filtered.bam	0.0929560792405	0.0962321375504	0.0976535664023	0.069498108122	0.067621644724	0.0	0.132291149816	0.0980833281349	0.176096412406	0.103587232174	0.102384960934
TARA_122_MES_0.22-3_G.snv.filtered.bam	0.137342213503	0.141298194449	0.139747449249	0.108982177183	0.136498364891	0.132291149816	0.0	0.135607235468	0.0963619818477	0.143458968273	0.144655620076
TARA_132_MES_0.22-3_G.snv.filtered.bam	0.0530352548365	0.0478468182906	0.0608821333159	0.0941542593353	0.0862795124547	0.0980833281349	0.135607235468	0.0	0.184030748572	0.0561572363386	0.0467685614259
TARA_133_MES_0.22-3_G.snv.filtered.bam	0.187487964434	0.190130925543	0.187028707699	0.154325212165	0.181764707799	0.176096412406	0.0963619818477	0.184030748572	0.0	0.193393581778	0.196272012747
TARA_149_MES_0.22-3_G.snv.filtered.bam	0.055987208693	0.0544456403834	0.0621420079194	0.103592233502	0.0893704009846	0.103587232174	0.143458968273	0.0561572363386	0.193393581778	0.0	0.0474081878466
TARA_152_MES_0.22-3_G.snv.filtered.bam	0.0498192730588	0.0433692866318	0.0595015059708	0.105105977146	0.0902550039426	0.102384960934	0.144655620076	0.0467685614259	0.196272012747	0.0474081878466	0.0
