	TARA_065_MES_0.22-3_G.snv.filtered.bam	TARA_068_MES_0.22-3_G.snv.filtered.bam	TARA_098_MES_0.22-3_G.snv.filtered.bam	TARA_102_MES_0.22-3_G.snv.filtered.bam	TARA_109_MES_0.22-3_G.snv.filtered.bam	TARA_111_MES_0.22-3_G.snv.filtered.bam	TARA_122_MES_0.22-3_G.snv.filtered.bam	TARA_132_MES_0.22-3_G.snv.filtered.bam	TARA_133_MES_0.22-3_G.snv.filtered.bam	TARA_149_MES_0.22-3_G.snv.filtered.bam	TARA_152_MES_0.22-3_G.snv.filtered.bam
TARA_065_MES_0.22-3_G.snv.filtered.bam	0.0	0.0	0.0	0.00507614213198	0.00812182741117	0.0142131979695	0.0345177664975	0.0	0.0873096446701	0.0	0.0010152284264
TARA_068_MES_0.22-3_G.snv.filtered.bam	0.0	0.0	0.0010152284264	0.0111675126904	0.0131979695431	0.0172588832487	0.0456852791878	0.0	0.092385786802	0.0	0.0
TARA_098_MES_0.22-3_G.snv.filtered.bam	0.0	0.0010152284264	0.0	0.00913705583756	0.0182741116751	0.0152284263959	0.0365482233503	0.0	0.0812182741117	0.0010152284264	0.00203045685279
TARA_102_MES_0.22-3_G.snv.filtered.bam	0.00507614213198	0.0111675126904	0.00913705583756	0.0	0.0010152284264	0.0	0.0121827411168	0.00609137055838	0.0507614213198	0.00609137055838	0.0111675126904
TARA_109_MES_0.22-3_G.snv.filtered.bam	0.00812182741117	0.0131979695431	0.0182741116751	0.0010152284264	0.0	0.0010152284264	0.0304568527919	0.0121827411168	0.0822335025381	0.0142131979695	0.0172588832487
TARA_111_MES_0.22-3_G.snv.filtered.bam	0.0142131979695	0.0172588832487	0.0152284263959	0.0	0.0010152284264	0.0	0.0304568527919	0.0182741116751	0.0730964467005	0.0203045685279	0.0243654822335
TARA_122_MES_0.22-3_G.snv.filtered.bam	0.0345177664975	0.0456852791878	0.0365482233503	0.0121827411168	0.0304568527919	0.0304568527919	0.0	0.0365482233503	0.00710659898477	0.0406091370558	0.0446700507614
TARA_132_MES_0.22-3_G.snv.filtered.bam	0.0	0.0	0.0	0.00609137055838	0.0121827411168	0.0182741116751	0.0365482233503	0.0	0.0852791878173	0.0010152284264	0.0
TARA_133_MES_0.22-3_G.snv.filtered.bam	0.0873096446701	0.092385786802	0.0812182741117	0.0507614213198	0.0822335025381	0.0730964467005	0.00710659898477	0.0852791878173	0.0	0.0954314720812	0.097461928934
TARA_149_MES_0.22-3_G.snv.filtered.bam	0.0	0.0	0.0010152284264	0.00609137055838	0.0142131979695	0.0203045685279	0.0406091370558	0.0010152284264	0.0954314720812	0.0	0.0
TARA_152_MES_0.22-3_G.snv.filtered.bam	0.0010152284264	0.0	0.00203045685279	0.0111675126904	0.0172588832487	0.0243654822335	0.0446700507614	0.0	0.097461928934	0.0	0.0
