	TARA_009_SRF_0.22-1.6_G.snv.filtered.bam	TARA_018_DCM_0.22-1.6_G.snv.filtered.bam	TARA_018_SRF_0.22-1.6_G.snv.filtered.bam	TARA_025_DCM_0.22-1.6_G.snv.filtered.bam	TARA_030_DCM_0.22-1.6_G.snv.filtered.bam	TARA_030_SRF_0.22-1.6_G.snv.filtered.bam	TARA_096_SRF_0.22-3_G.snv.filtered.bam	TARA_099_SRF_0.22-3_G.snv.filtered.bam
TARA_009_SRF_0.22-1.6_G.snv.filtered.bam	0.0	0.0493752169465	0.0531001996992	0.104688691741	0.103466723497	0.100537671768	0.247712198512	0.183667105357
TARA_018_DCM_0.22-1.6_G.snv.filtered.bam	0.0493752169465	0.0	0.0261348383829	0.07155455552	0.0700237544345	0.0667033955665	0.236936810584	0.172513702495
TARA_018_SRF_0.22-1.6_G.snv.filtered.bam	0.0531001996992	0.0261348383829	0.0	0.0690006847644	0.0677875985771	0.0671456011879	0.238658653014	0.173749300436
TARA_025_DCM_0.22-1.6_G.snv.filtered.bam	0.104688691741	0.07155455552	0.0690006847644	0.0	0.0187268893861	0.0209237273295	0.243113803828	0.183669159161
TARA_030_DCM_0.22-1.6_G.snv.filtered.bam	0.103466723497	0.0700237544345	0.0677875985771	0.0187268893861	0.0	0.0191280230372	0.242898389849	0.185042628025
TARA_030_SRF_0.22-1.6_G.snv.filtered.bam	0.100537671768	0.0667033955665	0.0671456011879	0.0209237273295	0.0191280230372	0.0	0.241862926597	0.18211874488
TARA_096_SRF_0.22-3_G.snv.filtered.bam	0.247712198512	0.236936810584	0.238658653014	0.243113803828	0.242898389849	0.241862926597	0.0	0.127817115666
TARA_099_SRF_0.22-3_G.snv.filtered.bam	0.183667105357	0.172513702495	0.173749300436	0.183669159161	0.185042628025	0.18211874488	0.127817115666	0.0
