	TARA_031_SRF_0.22-1.6_G.snv.filtered.bam	TARA_032_SRF_0.22-1.6_G.snv.filtered.bam	TARA_041_SRF_0.22-1.6_G.snv.filtered.bam	TARA_042_SRF_0.22-1.6_G.snv.filtered.bam	TARA_045_SRF_0.22-1.6_G.snv.filtered.bam	TARA_048_SRF_0.22-1.6_G.snv.filtered.bam	TARA_052_DCM_0.22-1.6_G.snv.filtered.bam	TARA_052_SRF_0.22-1.6_G.snv.filtered.bam	TARA_056_SRF_0.22-3_G.snv.filtered.bam	TARA_057_SRF_0.22-3_G.snv.filtered.bam	TARA_058_DCM_0.22-3_G.snv.filtered.bam	TARA_062_SRF_0.22-3_G.snv.filtered.bam	TARA_064_DCM_0.22-3_G.snv.filtered.bam	TARA_064_SRF_0.22-3_G.snv.filtered.bam	TARA_065_DCM_0.22-3_G.snv.filtered.bam	TARA_072_SRF_0.22-3_G.snv.filtered.bam	TARA_138_SRF_0.22-3_G.snv.filtered.bam
TARA_031_SRF_0.22-1.6_G.snv.filtered.bam	0.0	0.0011961722488	0.0143540669856	0.0131578947368	0.0299043062201	0.0358851674641	0.0418660287081	0.049043062201	0.0203349282297	0.0191387559809	0.0167464114833	0.0107655502392	0.0191387559809	0.0167464114833	0.0215311004785	0.0227272727273	0.0526315789474
TARA_032_SRF_0.22-1.6_G.snv.filtered.bam	0.0011961722488	0.0	0.00956937799043	0.011961722488	0.0263157894737	0.0322966507177	0.0370813397129	0.0358851674641	0.0215311004785	0.0203349282297	0.0215311004785	0.0131578947368	0.0263157894737	0.0215311004785	0.0239234449761	0.0227272727273	0.0394736842105
TARA_041_SRF_0.22-1.6_G.snv.filtered.bam	0.0143540669856	0.00956937799043	0.0	0.0	0.0	0.00956937799043	0.00598086124402	0.0155502392344	0.0011961722488	0.0	0.0011961722488	0.0	0.00478468899522	0.0	0.00239234449761	0.00358851674641	0.0155502392344
TARA_042_SRF_0.22-1.6_G.snv.filtered.bam	0.0131578947368	0.011961722488	0.0	0.0	0.0	0.00598086124402	0.00478468899522	0.0107655502392	0.0011961722488	0.0011961722488	0.0	0.0	0.00598086124402	0.00239234449761	0.00239234449761	0.0011961722488	0.0107655502392
TARA_045_SRF_0.22-1.6_G.snv.filtered.bam	0.0299043062201	0.0263157894737	0.0	0.0	0.0	0.0	0.0	0.0	0.0	0.0	0.0	0.00478468899522	0.00358851674641	0.0	0.0	0.0	0.0
TARA_048_SRF_0.22-1.6_G.snv.filtered.bam	0.0358851674641	0.0322966507177	0.00956937799043	0.00598086124402	0.0	0.0	0.0	0.0	0.0	0.0	0.0	0.00956937799043	0.00598086124402	0.0	0.0	0.0011961722488	0.0
TARA_052_DCM_0.22-1.6_G.snv.filtered.bam	0.0418660287081	0.0370813397129	0.00598086124402	0.00478468899522	0.0	0.0	0.0	0.0	0.0	0.0	0.0	0.00956937799043	0.00598086124402	0.0	0.0	0.0011961722488	0.0
TARA_052_SRF_0.22-1.6_G.snv.filtered.bam	0.049043062201	0.0358851674641	0.0155502392344	0.0107655502392	0.0	0.0	0.0	0.0	0.0	0.0	0.0011961722488	0.0167464114833	0.00837320574163	0.0011961722488	0.0011961722488	0.00239234449761	0.0
TARA_056_SRF_0.22-3_G.snv.filtered.bam	0.0203349282297	0.0215311004785	0.0011961722488	0.0011961722488	0.0	0.0	0.0	0.0	0.0	0.0	0.0	0.0011961722488	0.00358851674641	0.0	0.0	0.0	0.0011961722488
TARA_057_SRF_0.22-3_G.snv.filtered.bam	0.0191387559809	0.0203349282297	0.0	0.0011961722488	0.0	0.0	0.0	0.0	0.0	0.0	0.0	0.00358851674641	0.00239234449761	0.0	0.0	0.0	0.0
TARA_058_DCM_0.22-3_G.snv.filtered.bam	0.0167464114833	0.0215311004785	0.0011961722488	0.0	0.0	0.0	0.0	0.0011961722488	0.0	0.0	0.0	0.00239234449761	0.00478468899522	0.0	0.0	0.0011961722488	0.0
TARA_062_SRF_0.22-3_G.snv.filtered.bam	0.0107655502392	0.0131578947368	0.0	0.0	0.00478468899522	0.00956937799043	0.00956937799043	0.0167464114833	0.0011961722488	0.00358851674641	0.00239234449761	0.0	0.00598086124402	0.0	0.00239234449761	0.00358851674641	0.0191387559809
TARA_064_DCM_0.22-3_G.snv.filtered.bam	0.0191387559809	0.0263157894737	0.00478468899522	0.00598086124402	0.00358851674641	0.00598086124402	0.00598086124402	0.00837320574163	0.00358851674641	0.00239234449761	0.00478468899522	0.00598086124402	0.0	0.00358851674641	0.00478468899522	0.00478468899522	0.00717703349282
TARA_064_SRF_0.22-3_G.snv.filtered.bam	0.0167464114833	0.0215311004785	0.0	0.00239234449761	0.0	0.0	0.0	0.0011961722488	0.0	0.0	0.0	0.0	0.00358851674641	0.0	0.0	0.0	0.0
TARA_065_DCM_0.22-3_G.snv.filtered.bam	0.0215311004785	0.0239234449761	0.00239234449761	0.00239234449761	0.0	0.0	0.0	0.0011961722488	0.0	0.0	0.0	0.00239234449761	0.00478468899522	0.0	0.0	0.0	0.0
TARA_072_SRF_0.22-3_G.snv.filtered.bam	0.0227272727273	0.0227272727273	0.00358851674641	0.0011961722488	0.0	0.0011961722488	0.0011961722488	0.00239234449761	0.0	0.0	0.0011961722488	0.00358851674641	0.00478468899522	0.0	0.0	0.0	0.00358851674641
TARA_138_SRF_0.22-3_G.snv.filtered.bam	0.0526315789474	0.0394736842105	0.0155502392344	0.0107655502392	0.0	0.0	0.0	0.0	0.0011961722488	0.0	0.0	0.0191387559809	0.00717703349282	0.0	0.0	0.00358851674641	0.0
