	TARA_100_SRF_0.22-3_G.snv.filtered.bam	TARA_111_SRF_0.22-3_G.snv.filtered.bam	TARA_122_SRF_0.22-3_G.snv.filtered.bam	TARA_123_SRF_0.22-3_G.snv.filtered.bam	TARA_124_MIX_0.22-3_G.snv.filtered.bam	TARA_124_SRF_0.22-3_G.snv.filtered.bam	TARA_125_SRF_0.22-3_G.snv.filtered.bam	TARA_128_DCM_0.22-3_G.snv.filtered.bam	TARA_128_SRF_0.22-3_G.snv.filtered.bam
TARA_100_SRF_0.22-3_G.snv.filtered.bam	0.0	0.0326566716707	0.0461158772195	0.0512359781041	0.0426001922858	0.0391868291206	0.045208321951	0.0433080532598	0.0431590040611
TARA_111_SRF_0.22-3_G.snv.filtered.bam	0.0326566716707	0.0	0.0511275420475	0.0570715675215	0.0473703728641	0.0458429246932	0.0506744506262	0.0498472962414	0.0483316954218
TARA_122_SRF_0.22-3_G.snv.filtered.bam	0.0461158772195	0.0511275420475	0.0	0.0473579572202	0.0387740824264	0.0365353334133	0.0386622173204	0.0422666784173	0.0438024264901
TARA_123_SRF_0.22-3_G.snv.filtered.bam	0.0512359781041	0.0570715675215	0.0473579572202	0.0	0.0415943427546	0.0408738617705	0.0405401325921	0.0439362800712	0.0455876818246
TARA_124_MIX_0.22-3_G.snv.filtered.bam	0.0426001922858	0.0473703728641	0.0387740824264	0.0415943427546	0.0	0.0296638941671	0.0328828680571	0.0369054372825	0.0396747972672
TARA_124_SRF_0.22-3_G.snv.filtered.bam	0.0391868291206	0.0458429246932	0.0365353334133	0.0408738617705	0.0296638941671	0.0	0.0308432947193	0.0338869795793	0.0353275254207
TARA_125_SRF_0.22-3_G.snv.filtered.bam	0.045208321951	0.0506744506262	0.0386622173204	0.0405401325921	0.0328828680571	0.0308432947193	0.0	0.0395899334442	0.0417108228644
TARA_128_DCM_0.22-3_G.snv.filtered.bam	0.0433080532598	0.0498472962414	0.0422666784173	0.0439362800712	0.0369054372825	0.0338869795793	0.0395899334442	0.0	0.0361252086768
TARA_128_SRF_0.22-3_G.snv.filtered.bam	0.0431590040611	0.0483316954218	0.0438024264901	0.0455876818246	0.0396747972672	0.0353275254207	0.0417108228644	0.0361252086768	0.0
