	TARA_004_DCM_0.22-1.6_G.snv.filtered.bam	TARA_009_DCM_0.22-1.6_G.snv.filtered.bam	TARA_025_DCM_0.22-1.6_G.snv.filtered.bam	TARA_066_DCM_0.22-3_G.snv.filtered.bam	TARA_066_SRF_0.22-3_G.snv.filtered.bam	TARA_145_SRF_0.22-3_G.snv.filtered.bam	TARA_151_DCM_0.22-3_G.snv.filtered.bam	TARA_152_MIX_0.22-3_G.snv.filtered.bam	TARA_152_SRF_0.22-3_G.snv.filtered.bam
TARA_004_DCM_0.22-1.6_G.snv.filtered.bam	0.0	0.0472925715376	0.0504781651093	0.0822167960589	0.0836166575663	0.071185498944	0.0867002535486	0.0713534009845	0.0665237907221
TARA_009_DCM_0.22-1.6_G.snv.filtered.bam	0.0472925715376	0.0	0.0228034355247	0.0871624771517	0.0902680376823	0.0692739631082	0.0997479842337	0.0751427648537	0.0718324089088
TARA_025_DCM_0.22-1.6_G.snv.filtered.bam	0.0504781651093	0.0228034355247	0.0	0.0889034122636	0.0920427328583	0.0778843896665	0.10416698919	0.0760947522252	0.070475937733
TARA_066_DCM_0.22-3_G.snv.filtered.bam	0.0822167960589	0.0871624771517	0.0889034122636	0.0	0.0427560581259	0.102970210023	0.0755432650229	0.0698775918513	0.0737938677394
TARA_066_SRF_0.22-3_G.snv.filtered.bam	0.0836166575663	0.0902680376823	0.0920427328583	0.0427560581259	0.0	0.105107608143	0.0707231216875	0.0670501399797	0.0747425330238
TARA_145_SRF_0.22-3_G.snv.filtered.bam	0.071185498944	0.0692739631082	0.0778843896665	0.102970210023	0.105107608143	0.0	0.0913529931838	0.0950331683309	0.0991101347415
TARA_151_DCM_0.22-3_G.snv.filtered.bam	0.0867002535486	0.0997479842337	0.10416698919	0.0755432650229	0.0707231216875	0.0913529931838	0.0	0.063514663972	0.0725100222247
TARA_152_MIX_0.22-3_G.snv.filtered.bam	0.0713534009845	0.0751427648537	0.0760947522252	0.0698775918513	0.0670501399797	0.0950331683309	0.063514663972	0.0	0.0451806428642
TARA_152_SRF_0.22-3_G.snv.filtered.bam	0.0665237907221	0.0718324089088	0.070475937733	0.0737938677394	0.0747425330238	0.0991101347415	0.0725100222247	0.0451806428642	0.0
