	TARA_068_MES_0.22-3_G.snv.filtered.bam	TARA_070_MES_0.22-3_G.snv.filtered.bam	TARA_076_MES_0.22-3_G.snv.filtered.bam	TARA_078_MES_0.22-3_G.snv.filtered.bam	TARA_085_MES_0.22-3_G.snv.filtered.bam	TARA_133_MES_0.22-3_G.snv.filtered.bam	TARA_145_MES_0.22-3_G.snv.filtered.bam
TARA_068_MES_0.22-3_G.snv.filtered.bam	0.0	0.0759518101859	0.0484925126097	0.0454355055222	0.086443644911	0.183347082169	0.0622815343794
TARA_070_MES_0.22-3_G.snv.filtered.bam	0.0759518101859	0.0	0.0603541639934	0.0823076571536	0.0737158962717	0.153655578389	0.0888838987559
TARA_076_MES_0.22-3_G.snv.filtered.bam	0.0484925126097	0.0603541639934	0.0	0.0509327617521	0.0740483801011	0.172063172962	0.0593677526854
TARA_078_MES_0.22-3_G.snv.filtered.bam	0.0454355055222	0.0823076571536	0.0509327617521	0.0	0.086795737824	0.192838015552	0.0584919322636
TARA_085_MES_0.22-3_G.snv.filtered.bam	0.086443644911	0.0737158962717	0.0740483801011	0.086795737824	0.0	0.166218898824	0.0851184572901
TARA_133_MES_0.22-3_G.snv.filtered.bam	0.183347082169	0.153655578389	0.172063172962	0.192838015552	0.166218898824	0.0	0.194008793732
TARA_145_MES_0.22-3_G.snv.filtered.bam	0.0622815343794	0.0888838987559	0.0593677526854	0.0584919322636	0.0851184572901	0.194008793732	0.0
