	TARA_032_DCM_0.22-1.6_G.snv.filtered.bam	TARA_034_DCM_0.22-1.6_G.snv.filtered.bam	TARA_038_DCM_0.22-1.6_G.snv.filtered.bam	TARA_041_DCM_0.22-1.6_G.snv.filtered.bam	TARA_042_DCM_0.22-1.6_G.snv.filtered.bam	TARA_065_DCM_0.22-3_G.snv.filtered.bam	TARA_122_MES_0.22-3_G.snv.filtered.bam	TARA_123_MIX_0.22-3_G.snv.filtered.bam	TARA_124_MIX_0.22-3_G.snv.filtered.bam	TARA_125_MIX_0.22-3_G.snv.filtered.bam	TARA_146_SRF_0.22-3_G.snv.filtered.bam	TARA_148_SRF_0.22-3_G.snv.filtered.bam	TARA_149_SRF_0.22-3_G.snv.filtered.bam
TARA_032_DCM_0.22-1.6_G.snv.filtered.bam	0.0	0.0368260776631	0.0769926451306	0.0534684653859	0.0527571691357	0.0510334696408	0.132965316149	0.125256451963	0.0931776833805	0.128210034122	0.0576544468373	0.0646556745139	0.0679821822399
TARA_034_DCM_0.22-1.6_G.snv.filtered.bam	0.0368260776631	0.0	0.0757549303472	0.045350482983	0.0436993819703	0.049034054736	0.131906861906	0.124333018331	0.0902147980443	0.128752685614	0.0557781078742	0.0630891098492	0.0672538520026
TARA_038_DCM_0.22-1.6_G.snv.filtered.bam	0.0769926451306	0.0757549303472	0.0	0.0535487120539	0.0697138831126	0.0720726872059	0.135863117016	0.132140521307	0.113149381364	0.135305457003	0.0890767473028	0.0911996975205	0.0968522131131
TARA_041_DCM_0.22-1.6_G.snv.filtered.bam	0.0534684653859	0.045350482983	0.0535487120539	0.0	0.0344244259841	0.0433859643837	0.126356348714	0.119670175033	0.089101506915	0.123919607334	0.0593090509955	0.0630631402227	0.070500010998
TARA_042_DCM_0.22-1.6_G.snv.filtered.bam	0.0527571691357	0.0436993819703	0.0697138831126	0.0344244259841	0.0	0.0460052063797	0.126959947193	0.120017835574	0.08756981492	0.123378414487	0.0590423905725	0.0633121995642	0.0707527637447
TARA_065_DCM_0.22-3_G.snv.filtered.bam	0.0510334696408	0.049034054736	0.0720726872059	0.0433859643837	0.0460052063797	0.0	0.125366569591	0.119770725385	0.0893982919318	0.12447299296	0.0482651854836	0.0498143950513	0.0567193551683
TARA_122_MES_0.22-3_G.snv.filtered.bam	0.132965316149	0.131906861906	0.135863117016	0.126356348714	0.126959947193	0.125366569591	0.0	0.0541759381752	0.122303267879	0.0466100800614	0.142020015948	0.143815873581	0.15218764811
TARA_123_MIX_0.22-3_G.snv.filtered.bam	0.125256451963	0.124333018331	0.132140521307	0.119670175033	0.120017835574	0.119770725385	0.0541759381752	0.0	0.0946265799634	0.0423232772548	0.1344968312	0.136132848865	0.143261710883
TARA_124_MIX_0.22-3_G.snv.filtered.bam	0.0931776833805	0.0902147980443	0.113149381364	0.089101506915	0.08756981492	0.0893982919318	0.122303267879	0.0946265799634	0.0	0.114997953702	0.0997520296638	0.103608233372	0.107002565662
TARA_125_MIX_0.22-3_G.snv.filtered.bam	0.128210034122	0.128752685614	0.135305457003	0.123919607334	0.123378414487	0.12447299296	0.0466100800614	0.0423232772548	0.114997953702	0.0	0.139611364054	0.139327846709	0.14890454041
TARA_146_SRF_0.22-3_G.snv.filtered.bam	0.0576544468373	0.0557781078742	0.0890767473028	0.0593090509955	0.0590423905725	0.0482651854836	0.142020015948	0.1344968312	0.0997520296638	0.139611364054	0.0	0.0298109594933	0.0360474944969
TARA_148_SRF_0.22-3_G.snv.filtered.bam	0.0646556745139	0.0630891098492	0.0911996975205	0.0630631402227	0.0633121995642	0.0498143950513	0.143815873581	0.136132848865	0.103608233372	0.139327846709	0.0298109594933	0.0	0.0408866798143
TARA_149_SRF_0.22-3_G.snv.filtered.bam	0.0679821822399	0.0672538520026	0.0968522131131	0.070500010998	0.0707527637447	0.0567193551683	0.15218764811	0.143261710883	0.107002565662	0.14890454041	0.0360474944969	0.0408866798143	0.0
