	TARA_004_DCM_0.22-1.6_G.snv.filtered.bam	TARA_004_SRF_0.22-1.6_G.snv.filtered.bam	TARA_009_DCM_0.22-1.6_G.snv.filtered.bam	TARA_066_DCM_0.22-3_G.snv.filtered.bam	TARA_066_SRF_0.22-3_G.snv.filtered.bam	TARA_150_DCM_0.22-3_G.snv.filtered.bam	TARA_150_SRF_0.22-3_G.snv.filtered.bam	TARA_151_DCM_0.22-3_G.snv.filtered.bam	TARA_151_SRF_0.22-3_G.snv.filtered.bam
TARA_004_DCM_0.22-1.6_G.snv.filtered.bam	0.0	0.0408393417315	0.0781479028363	0.0671650467046	0.0608997947225	0.0443928721887	0.0464058587035	0.0514677002974	0.0481395674173
TARA_004_SRF_0.22-1.6_G.snv.filtered.bam	0.0408393417315	0.0	0.0821043700312	0.070648684318	0.065738946109	0.0481840986946	0.0499626342328	0.0565318675056	0.0522333609496
TARA_009_DCM_0.22-1.6_G.snv.filtered.bam	0.0781479028363	0.0821043700312	0.0	0.0892053382933	0.0855930919025	0.086794154201	0.0853688074609	0.0876005786468	0.0876097248336
TARA_066_DCM_0.22-3_G.snv.filtered.bam	0.0671650467046	0.070648684318	0.0892053382933	0.0	0.0391978841936	0.0663881454454	0.0683844347743	0.0787367121952	0.0799681593909
TARA_066_SRF_0.22-3_G.snv.filtered.bam	0.0608997947225	0.065738946109	0.0855930919025	0.0391978841936	0.0	0.0640619984116	0.0636081688049	0.0703592760731	0.0737111333236
TARA_150_DCM_0.22-3_G.snv.filtered.bam	0.0443928721887	0.0481840986946	0.086794154201	0.0663881454454	0.0640619984116	0.0	0.0377394330977	0.0481645512709	0.0470151803213
TARA_150_SRF_0.22-3_G.snv.filtered.bam	0.0464058587035	0.0499626342328	0.0853688074609	0.0683844347743	0.0636081688049	0.0377394330977	0.0	0.0454737180083	0.0459451586964
TARA_151_DCM_0.22-3_G.snv.filtered.bam	0.0514677002974	0.0565318675056	0.0876005786468	0.0787367121952	0.0703592760731	0.0481645512709	0.0454737180083	0.0	0.0334980827318
TARA_151_SRF_0.22-3_G.snv.filtered.bam	0.0481395674173	0.0522333609496	0.0876097248336	0.0799681593909	0.0737111333236	0.0470151803213	0.0459451586964	0.0334980827318	0.0
