	TARA_068_MES_0.22-3_G.snv.filtered.bam	TARA_076_MES_0.22-3_G.snv.filtered.bam	TARA_078_MES_0.22-3_G.snv.filtered.bam	TARA_098_MES_0.22-3_G.snv.filtered.bam	TARA_111_MES_0.22-3_G.snv.filtered.bam	TARA_132_MES_0.22-3_G.snv.filtered.bam	TARA_145_MES_0.22-3_G.snv.filtered.bam
TARA_068_MES_0.22-3_G.snv.filtered.bam	0.0	0.0479700101007	0.0348488798706	0.0607373098027	0.120653927402	0.0390817974688	0.0435998263253
TARA_076_MES_0.22-3_G.snv.filtered.bam	0.0479700101007	0.0	0.0454582613509	0.0792055601106	0.136538359616	0.0573078795	0.0426899569031
TARA_078_MES_0.22-3_G.snv.filtered.bam	0.0348488798706	0.0454582613509	0.0	0.0688940157445	0.12899864153	0.0412878497192	0.035337305311
TARA_098_MES_0.22-3_G.snv.filtered.bam	0.0607373098027	0.0792055601106	0.0688940157445	0.0	0.0911890453233	0.0584000625291	0.0784914444125
TARA_111_MES_0.22-3_G.snv.filtered.bam	0.120653927402	0.136538359616	0.12899864153	0.0911890453233	0.0	0.119807117667	0.133660751792
TARA_132_MES_0.22-3_G.snv.filtered.bam	0.0390817974688	0.0573078795	0.0412878497192	0.0584000625291	0.119807117667	0.0	0.0510293526792
TARA_145_MES_0.22-3_G.snv.filtered.bam	0.0435998263253	0.0426899569031	0.035337305311	0.0784914444125	0.133660751792	0.0510293526792	0.0
