	TARA_004_DCM_0.22-1.6_G.snv.filtered.bam	TARA_032_DCM_0.22-1.6_G.snv.filtered.bam	TARA_038_DCM_0.22-1.6_G.snv.filtered.bam	TARA_064_DCM_0.22-3_G.snv.filtered.bam	TARA_064_SRF_0.22-3_G.snv.filtered.bam	TARA_065_DCM_0.22-3_G.snv.filtered.bam	TARA_065_SRF_0.22-3_G.snv.filtered.bam	TARA_076_DCM_0.22-3_G.snv.filtered.bam	TARA_078_DCM_0.22-3_G.snv.filtered.bam	TARA_146_SRF_0.22-3_G.snv.filtered.bam
TARA_004_DCM_0.22-1.6_G.snv.filtered.bam	0.0	0.0725614892924	0.0572855137932	0.0569010994721	0.0632711842977	0.0621384127114	0.0591355705468	0.144733995685	0.0573789579225	0.0587010340082
TARA_032_DCM_0.22-1.6_G.snv.filtered.bam	0.0725614892924	0.0	0.0863781294493	0.0822623305782	0.0898572410252	0.0843444622737	0.0786722521186	0.168324566282	0.0886165903438	0.0617343569396
TARA_038_DCM_0.22-1.6_G.snv.filtered.bam	0.0572855137932	0.0863781294493	0.0	0.0578488210349	0.0612833230431	0.0502897829416	0.0486815545976	0.174958429302	0.075729873338	0.0512796456772
TARA_064_DCM_0.22-3_G.snv.filtered.bam	0.0569010994721	0.0822623305782	0.0578488210349	0.0	0.0348028448988	0.0444742465277	0.0432141236652	0.142077943039	0.0655889288813	0.0536884714758
TARA_064_SRF_0.22-3_G.snv.filtered.bam	0.0632711842977	0.0898572410252	0.0612833230431	0.0348028448988	0.0	0.0516392806493	0.043406582977	0.145844216079	0.071892220931	0.0587744190171
TARA_065_DCM_0.22-3_G.snv.filtered.bam	0.0621384127114	0.0843444622737	0.0502897829416	0.0444742465277	0.0516392806493	0.0	0.0441883911206	0.16251143083	0.0753635551828	0.050663308662
TARA_065_SRF_0.22-3_G.snv.filtered.bam	0.0591355705468	0.0786722521186	0.0486815545976	0.0432141236652	0.043406582977	0.0441883911206	0.0	0.156267064758	0.0704980498783	0.0447383253604
TARA_076_DCM_0.22-3_G.snv.filtered.bam	0.144733995685	0.168324566282	0.174958429302	0.142077943039	0.145844216079	0.16251143083	0.156267064758	0.0	0.143896382618	0.173056897876
TARA_078_DCM_0.22-3_G.snv.filtered.bam	0.0573789579225	0.0886165903438	0.075729873338	0.0655889288813	0.071892220931	0.0753635551828	0.0704980498783	0.143896382618	0.0	0.0728637147209
TARA_146_SRF_0.22-3_G.snv.filtered.bam	0.0587010340082	0.0617343569396	0.0512796456772	0.0536884714758	0.0587744190171	0.050663308662	0.0447383253604	0.173056897876	0.0728637147209	0.0
