	TARA_056_MES_0.22-3_G.snv.filtered.bam	TARA_064_MES_0.22-3_G.snv.filtered.bam	TARA_065_MES_0.22-3_G.snv.filtered.bam	TARA_076_MES_0.22-3_G.snv.filtered.bam	TARA_098_MES_0.22-3_G.snv.filtered.bam	TARA_112_MES_0.22-3_G.snv.filtered.bam	TARA_132_MES_0.22-3_G.snv.filtered.bam	TARA_133_MES_0.22-3_G.snv.filtered.bam	TARA_145_MES_0.22-3_G.snv.filtered.bam	TARA_152_MES_0.22-3_G.snv.filtered.bam
TARA_056_MES_0.22-3_G.snv.filtered.bam	0.0	0.153143074588	0.183200701621	0.0899196061198	0.128991116135	0.103078835175	0.135495700894	0.0882961294227	0.103027153999	0.151775800512
TARA_064_MES_0.22-3_G.snv.filtered.bam	0.153143074588	0.0	0.115867055948	0.167315398609	0.143333179248	0.167072830307	0.110622711719	0.187020312264	0.182999919593	0.111490651166
TARA_065_MES_0.22-3_G.snv.filtered.bam	0.183200701621	0.115867055948	0.0	0.183315137039	0.16062725319	0.199693398605	0.121018357389	0.211634225952	0.194272957237	0.101951076805
TARA_076_MES_0.22-3_G.snv.filtered.bam	0.0899196061198	0.167315398609	0.183315137039	0.0	0.145994443687	0.10648531684	0.145003874679	0.117130367007	0.0802624940031	0.159751582849
TARA_098_MES_0.22-3_G.snv.filtered.bam	0.128991116135	0.143333179248	0.16062725319	0.145994443687	0.0	0.101562055841	0.10662202146	0.147112197532	0.168817576394	0.150634215179
TARA_112_MES_0.22-3_G.snv.filtered.bam	0.103078835175	0.167072830307	0.199693398605	0.10648531684	0.101562055841	0.0	0.133356444112	0.125625840922	0.121466169316	0.174143391281
TARA_132_MES_0.22-3_G.snv.filtered.bam	0.135495700894	0.110622711719	0.121018357389	0.145003874679	0.10662202146	0.133356444112	0.0	0.164149640148	0.166188205098	0.108758504459
TARA_133_MES_0.22-3_G.snv.filtered.bam	0.0882961294227	0.187020312264	0.211634225952	0.117130367007	0.147112197532	0.125625840922	0.164149640148	0.0	0.126396283632	0.181442031766
TARA_145_MES_0.22-3_G.snv.filtered.bam	0.103027153999	0.182999919593	0.194272957237	0.0802624940031	0.168817576394	0.121466169316	0.166188205098	0.126396283632	0.0	0.160699860619
TARA_152_MES_0.22-3_G.snv.filtered.bam	0.151775800512	0.111490651166	0.101951076805	0.159751582849	0.150634215179	0.174143391281	0.108758504459	0.181442031766	0.160699860619	0.0
