	TARA_036_DCM_0.22-1.6_G.snv.filtered.bam	TARA_038_DCM_0.22-1.6_G.snv.filtered.bam	TARA_038_SRF_0.22-1.6_G.snv.filtered.bam	TARA_039_DCM_0.22-1.6_G.snv.filtered.bam	TARA_041_DCM_0.22-1.6_G.snv.filtered.bam	TARA_137_SRF_0.22-3_G.snv.filtered.bam	TARA_140_SRF_0.22-3_G.snv.filtered.bam
TARA_036_DCM_0.22-1.6_G.snv.filtered.bam	0.0	0.0716092866633	0.0709449287466	0.0822390922102	0.0859067284279	0.178050452142	0.134164144906
TARA_038_DCM_0.22-1.6_G.snv.filtered.bam	0.0716092866633	0.0	0.0584358189324	0.0767139544097	0.0808990408982	0.174349441524	0.121694421124
TARA_038_SRF_0.22-1.6_G.snv.filtered.bam	0.0709449287466	0.0584358189324	0.0	0.0781878894298	0.0866203740533	0.182958458969	0.118142220653
TARA_039_DCM_0.22-1.6_G.snv.filtered.bam	0.0822390922102	0.0767139544097	0.0781878894298	0.0	0.0654948689738	0.173629120132	0.124689657922
TARA_041_DCM_0.22-1.6_G.snv.filtered.bam	0.0859067284279	0.0808990408982	0.0866203740533	0.0654948689738	0.0	0.15850013623	0.129559593035
TARA_137_SRF_0.22-3_G.snv.filtered.bam	0.178050452142	0.174349441524	0.182958458969	0.173629120132	0.15850013623	0.0	0.175527382131
TARA_140_SRF_0.22-3_G.snv.filtered.bam	0.134164144906	0.121694421124	0.118142220653	0.124689657922	0.129559593035	0.175527382131	0.0
