	TARA_052_SRF_0.22-1.6_G.snv.filtered.bam	TARA_100_SRF_0.22-3_G.snv.filtered.bam	TARA_109_DCM_0.22-3_G.snv.filtered.bam	TARA_109_SRF_0.22-3_G.snv.filtered.bam	TARA_110_DCM_0.22-3_G.snv.filtered.bam	TARA_122_SRF_0.22-3_G.snv.filtered.bam	TARA_125_SRF_0.22-3_G.snv.filtered.bam	TARA_128_DCM_0.22-3_G.snv.filtered.bam	TARA_128_SRF_0.22-3_G.snv.filtered.bam	TARA_137_SRF_0.22-3_G.snv.filtered.bam
TARA_052_SRF_0.22-1.6_G.snv.filtered.bam	0.0	0.121746534247	0.0716881548836	0.0776027148379	0.112232104121	0.070667579243	0.0716660061648	0.0661968110648	0.0687116374677	0.0740271276984
TARA_100_SRF_0.22-3_G.snv.filtered.bam	0.121746534247	0.0	0.135714728542	0.139397369593	0.158331976209	0.117503823104	0.118029057442	0.114046365227	0.116273904901	0.141733939013
TARA_109_DCM_0.22-3_G.snv.filtered.bam	0.0716881548836	0.135714728542	0.0	0.0483351252725	0.102217385079	0.0940502300993	0.0943457701449	0.0896027591864	0.089763318119	0.0576600339481
TARA_109_SRF_0.22-3_G.snv.filtered.bam	0.0776027148379	0.139397369593	0.0483351252725	0.0	0.106390621747	0.0988620251755	0.0991399461922	0.0912074541239	0.0959985092449	0.0572187881908
TARA_110_DCM_0.22-3_G.snv.filtered.bam	0.112232104121	0.158331976209	0.102217385079	0.106390621747	0.0	0.127830224048	0.130184100589	0.124601818704	0.122919295978	0.105265330245
TARA_122_SRF_0.22-3_G.snv.filtered.bam	0.070667579243	0.117503823104	0.0940502300993	0.0988620251755	0.127830224048	0.0	0.0377994235106	0.0424827389895	0.0428470165933	0.0979982569534
TARA_125_SRF_0.22-3_G.snv.filtered.bam	0.0716660061648	0.118029057442	0.0943457701449	0.0991399461922	0.130184100589	0.0377994235106	0.0	0.0414200776097	0.0417768450952	0.0968017817329
TARA_128_DCM_0.22-3_G.snv.filtered.bam	0.0661968110648	0.114046365227	0.0896027591864	0.0912074541239	0.124601818704	0.0424827389895	0.0414200776097	0.0	0.0388021214001	0.0914336835894
TARA_128_SRF_0.22-3_G.snv.filtered.bam	0.0687116374677	0.116273904901	0.089763318119	0.0959985092449	0.122919295978	0.0428470165933	0.0417768450952	0.0388021214001	0.0	0.0927328929745
TARA_137_SRF_0.22-3_G.snv.filtered.bam	0.0740271276984	0.141733939013	0.0576600339481	0.0572187881908	0.105265330245	0.0979982569534	0.0968017817329	0.0914336835894	0.0927328929745	0.0
