	TARA_052_SRF_0.22-1.6_G.snv.filtered.bam	TARA_100_SRF_0.22-3_G.snv.filtered.bam	TARA_109_DCM_0.22-3_G.snv.filtered.bam	TARA_109_SRF_0.22-3_G.snv.filtered.bam	TARA_110_DCM_0.22-3_G.snv.filtered.bam	TARA_122_SRF_0.22-3_G.snv.filtered.bam	TARA_125_SRF_0.22-3_G.snv.filtered.bam	TARA_128_DCM_0.22-3_G.snv.filtered.bam	TARA_128_SRF_0.22-3_G.snv.filtered.bam	TARA_137_SRF_0.22-3_G.snv.filtered.bam
TARA_052_SRF_0.22-1.6_G.snv.filtered.bam	0.0	0.0520446096654	0.00185873605948	0.00278810408922	0.0157992565056	0.00185873605948	0.00371747211896	0.0046468401487	0.00278810408922	0.00185873605948
TARA_100_SRF_0.22-3_G.snv.filtered.bam	0.0520446096654	0.0	0.0585501858736	0.0613382899628	0.0529739776952	0.0473977695167	0.0529739776952	0.0492565055762	0.0529739776952	0.0631970260223
TARA_109_DCM_0.22-3_G.snv.filtered.bam	0.00185873605948	0.0585501858736	0.0	0.00185873605948	0.0148698884758	0.00743494423792	0.0092936802974	0.00836431226766	0.00743494423792	0.0
TARA_109_SRF_0.22-3_G.snv.filtered.bam	0.00278810408922	0.0613382899628	0.00185873605948	0.0	0.0157992565056	0.0139405204461	0.0185873605948	0.0139405204461	0.0120817843866	0.0
TARA_110_DCM_0.22-3_G.snv.filtered.bam	0.0157992565056	0.0529739776952	0.0148698884758	0.0157992565056	0.0	0.0232342007435	0.025092936803	0.0260223048327	0.0223048327138	0.0185873605948
TARA_122_SRF_0.22-3_G.snv.filtered.bam	0.00185873605948	0.0473977695167	0.00743494423792	0.0139405204461	0.0232342007435	0.0	0.0	0.0	0.0	0.0111524163569
TARA_125_SRF_0.22-3_G.snv.filtered.bam	0.00371747211896	0.0529739776952	0.0092936802974	0.0185873605948	0.025092936803	0.0	0.0	0.00092936802974	0.0	0.0139405204461
TARA_128_DCM_0.22-3_G.snv.filtered.bam	0.0046468401487	0.0492565055762	0.00836431226766	0.0139405204461	0.0260223048327	0.0	0.00092936802974	0.0	0.0	0.0111524163569
TARA_128_SRF_0.22-3_G.snv.filtered.bam	0.00278810408922	0.0529739776952	0.00743494423792	0.0120817843866	0.0223048327138	0.0	0.0	0.0	0.0	0.00650557620818
TARA_137_SRF_0.22-3_G.snv.filtered.bam	0.00185873605948	0.0631970260223	0.0	0.0	0.0185873605948	0.0111524163569	0.0139405204461	0.0111524163569	0.00650557620818	0.0
