	TARA_032_DCM_0.22-1.6_G.snv.filtered.bam	TARA_034_SRF_0.22-1.6_G.snv.filtered.bam	TARA_041_DCM_0.22-1.6_G.snv.filtered.bam	TARA_042_DCM_0.22-1.6_G.snv.filtered.bam	TARA_057_SRF_0.22-3_G.snv.filtered.bam	TARA_058_DCM_0.22-3_G.snv.filtered.bam	TARA_064_DCM_0.22-3_G.snv.filtered.bam	TARA_064_SRF_0.22-3_G.snv.filtered.bam	TARA_065_DCM_0.22-3_G.snv.filtered.bam	TARA_065_SRF_0.22-3_G.snv.filtered.bam	TARA_072_DCM_0.22-3_G.snv.filtered.bam	TARA_124_MIX_0.22-3_G.snv.filtered.bam	TARA_124_SRF_0.22-3_G.snv.filtered.bam	TARA_125_SRF_0.22-3_G.snv.filtered.bam	TARA_142_DCM_0.22-3_G.snv.filtered.bam	TARA_142_SRF_0.22-3_G.snv.filtered.bam	TARA_148_SRF_0.22-3_G.snv.filtered.bam
TARA_032_DCM_0.22-1.6_G.snv.filtered.bam	0.0	0.0	0.00134048257373	0.000670241286863	0.0	0.0	0.0	0.0	0.0	0.0	0.0	0.00536193029491	0.0120643431635	0.0174262734584	0.000670241286863	0.0	0.000670241286863
TARA_034_SRF_0.22-1.6_G.snv.filtered.bam	0.0	0.0	0.000670241286863	0.0	0.0	0.0	0.00134048257373	0.000670241286863	0.00134048257373	0.0	0.00469168900804	0.00268096514745	0.00603217158177	0.00402144772118	0.000670241286863	0.0	0.00201072386059
TARA_041_DCM_0.22-1.6_G.snv.filtered.bam	0.00134048257373	0.000670241286863	0.0	0.00134048257373	0.00201072386059	0.000670241286863	0.00268096514745	0.00201072386059	0.00134048257373	0.00201072386059	0.0073726541555	0.0073726541555	0.014745308311	0.0160857908847	0.0	0.000670241286863	0.00201072386059
TARA_042_DCM_0.22-1.6_G.snv.filtered.bam	0.000670241286863	0.0	0.00134048257373	0.0	0.000670241286863	0.000670241286863	0.00134048257373	0.00134048257373	0.00201072386059	0.000670241286863	0.00402144772118	0.00335120643432	0.00871313672922	0.00871313672922	0.0	0.0	0.000670241286863
TARA_057_SRF_0.22-3_G.snv.filtered.bam	0.0	0.0	0.00201072386059	0.000670241286863	0.0	0.0	0.000670241286863	0.000670241286863	0.00134048257373	0.0	0.00268096514745	0.00469168900804	0.0127345844504	0.0174262734584	0.00134048257373	0.00134048257373	0.000670241286863
TARA_058_DCM_0.22-3_G.snv.filtered.bam	0.0	0.0	0.000670241286863	0.000670241286863	0.0	0.0	0.00134048257373	0.000670241286863	0.00134048257373	0.0	0.00335120643432	0.00536193029491	0.0100536193029	0.0160857908847	0.0	0.0	0.000670241286863
TARA_064_DCM_0.22-3_G.snv.filtered.bam	0.0	0.00134048257373	0.00268096514745	0.00134048257373	0.000670241286863	0.00134048257373	0.0	0.0	0.0	0.0	0.000670241286863	0.00402144772118	0.0120643431635	0.0174262734584	0.0	0.000670241286863	0.000670241286863
TARA_064_SRF_0.22-3_G.snv.filtered.bam	0.0	0.000670241286863	0.00201072386059	0.00134048257373	0.000670241286863	0.000670241286863	0.0	0.0	0.000670241286863	0.0	0.00201072386059	0.00335120643432	0.0134048257373	0.0187667560322	0.000670241286863	0.0	0.0
TARA_065_DCM_0.22-3_G.snv.filtered.bam	0.0	0.00134048257373	0.00134048257373	0.00201072386059	0.00134048257373	0.00134048257373	0.0	0.000670241286863	0.0	0.000670241286863	0.0	0.00402144772118	0.0120643431635	0.0180965147453	0.000670241286863	0.00134048257373	0.000670241286863
TARA_065_SRF_0.22-3_G.snv.filtered.bam	0.0	0.0	0.00201072386059	0.000670241286863	0.0	0.0	0.0	0.0	0.000670241286863	0.0	0.00134048257373	0.00335120643432	0.0107238605898	0.0154155495979	0.000670241286863	0.0	0.0
TARA_072_DCM_0.22-3_G.snv.filtered.bam	0.0	0.00469168900804	0.0073726541555	0.00402144772118	0.00268096514745	0.00335120643432	0.000670241286863	0.00201072386059	0.0	0.00134048257373	0.0	0.00603217158177	0.014745308311	0.0201072386059	0.00536193029491	0.00201072386059	0.000670241286863
TARA_124_MIX_0.22-3_G.snv.filtered.bam	0.00536193029491	0.00268096514745	0.0073726541555	0.00335120643432	0.00469168900804	0.00536193029491	0.00402144772118	0.00335120643432	0.00402144772118	0.00335120643432	0.00603217158177	0.0	0.0	0.0	0.00536193029491	0.00469168900804	0.00469168900804
TARA_124_SRF_0.22-3_G.snv.filtered.bam	0.0120643431635	0.00603217158177	0.014745308311	0.00871313672922	0.0127345844504	0.0100536193029	0.0120643431635	0.0134048257373	0.0120643431635	0.0107238605898	0.014745308311	0.0	0.0	0.0	0.0140750670241	0.014745308311	0.0134048257373
TARA_125_SRF_0.22-3_G.snv.filtered.bam	0.0174262734584	0.00402144772118	0.0160857908847	0.00871313672922	0.0174262734584	0.0160857908847	0.0174262734584	0.0187667560322	0.0180965147453	0.0154155495979	0.0201072386059	0.0	0.0	0.0	0.0187667560322	0.0160857908847	0.0180965147453
TARA_142_DCM_0.22-3_G.snv.filtered.bam	0.000670241286863	0.000670241286863	0.0	0.0	0.00134048257373	0.0	0.0	0.000670241286863	0.000670241286863	0.000670241286863	0.00536193029491	0.00536193029491	0.0140750670241	0.0187667560322	0.0	0.000670241286863	0.00134048257373
TARA_142_SRF_0.22-3_G.snv.filtered.bam	0.0	0.0	0.000670241286863	0.0	0.00134048257373	0.0	0.000670241286863	0.0	0.00134048257373	0.0	0.00201072386059	0.00469168900804	0.014745308311	0.0160857908847	0.000670241286863	0.0	0.000670241286863
TARA_148_SRF_0.22-3_G.snv.filtered.bam	0.000670241286863	0.00201072386059	0.00201072386059	0.000670241286863	0.000670241286863	0.000670241286863	0.000670241286863	0.0	0.000670241286863	0.0	0.000670241286863	0.00469168900804	0.0134048257373	0.0180965147453	0.00134048257373	0.000670241286863	0.0
