	TARA_007_DCM_0.22-1.6_G.snv.filtered.bam	TARA_009_DCM_0.22-1.6_G.snv.filtered.bam	TARA_025_DCM_0.22-1.6_G.snv.filtered.bam	TARA_066_SRF_0.22-3_G.snv.filtered.bam	TARA_067_SRF_0.22-3_G.snv.filtered.bam	TARA_093_DCM_0.22-3_G.snv.filtered.bam	TARA_093_SRF_0.22-3_G.snv.filtered.bam	TARA_102_DCM_0.22-3_G.snv.filtered.bam	TARA_133_DCM_0.22-3_G.snv.filtered.bam	TARA_133_SRF_0.22-3_G.snv.filtered.bam	TARA_145_SRF_0.22-3_G.snv.filtered.bam	TARA_152_MIX_0.22-3_G.snv.filtered.bam	TARA_152_SRF_0.22-3_G.snv.filtered.bam
TARA_007_DCM_0.22-1.6_G.snv.filtered.bam	0.0	0.0	0.00458190148912	0.00343642611684	0.0389461626575	0.0343642611684	0.0389461626575	0.0607101947308	0.00458190148912	0.0057273768614	0.00687285223368	0.00229095074456	0.00229095074456
TARA_009_DCM_0.22-1.6_G.snv.filtered.bam	0.0	0.0	0.0	0.00458190148912	0.0675830469645	0.0733104238259	0.0721649484536	0.107674684994	0.0148911798396	0.0229095074456	0.00458190148912	0.0	0.00114547537228
TARA_025_DCM_0.22-1.6_G.snv.filtered.bam	0.00458190148912	0.0	0.0	0.0114547537228	0.0893470790378	0.0847651775487	0.0847651775487	0.119129438717	0.0446735395189	0.0504009163803	0.0137457044674	0.0057273768614	0.00687285223368
TARA_066_SRF_0.22-3_G.snv.filtered.bam	0.00343642611684	0.00458190148912	0.0114547537228	0.0	0.0549828178694	0.0481099656357	0.057273768614	0.0882016036655	0.0137457044674	0.0126002290951	0.00801832760596	0.00343642611684	0.0057273768614
TARA_067_SRF_0.22-3_G.snv.filtered.bam	0.0389461626575	0.0675830469645	0.0893470790378	0.0549828178694	0.0	0.00801832760596	0.00458190148912	0.0355097365407	0.00687285223368	0.00801832760596	0.077892325315	0.0836197021764	0.0847651775487
TARA_093_DCM_0.22-3_G.snv.filtered.bam	0.0343642611684	0.0733104238259	0.0847651775487	0.0481099656357	0.00801832760596	0.0	0.0	0.0332187857961	0.0	0.00343642611684	0.0813287514318	0.0767468499427	0.0836197021764
TARA_093_SRF_0.22-3_G.snv.filtered.bam	0.0389461626575	0.0721649484536	0.0847651775487	0.057273768614	0.00458190148912	0.0	0.0	0.0309278350515	0.00229095074456	0.00458190148912	0.0801832760596	0.077892325315	0.0801832760596
TARA_102_DCM_0.22-3_G.snv.filtered.bam	0.0607101947308	0.107674684994	0.119129438717	0.0882016036655	0.0355097365407	0.0332187857961	0.0309278350515	0.0	0.0423825887743	0.0366552119129	0.111111111111	0.113402061856	0.114547537228
TARA_133_DCM_0.22-3_G.snv.filtered.bam	0.00458190148912	0.0148911798396	0.0446735395189	0.0137457044674	0.00687285223368	0.0	0.00229095074456	0.0423825887743	0.0	0.0	0.0252004581901	0.028636884307	0.0297823596793
TARA_133_SRF_0.22-3_G.snv.filtered.bam	0.0057273768614	0.0229095074456	0.0504009163803	0.0126002290951	0.00801832760596	0.00343642611684	0.00458190148912	0.0366552119129	0.0	0.0	0.0309278350515	0.0400916380298	0.0389461626575
TARA_145_SRF_0.22-3_G.snv.filtered.bam	0.00687285223368	0.00458190148912	0.0137457044674	0.00801832760596	0.077892325315	0.0813287514318	0.0801832760596	0.111111111111	0.0252004581901	0.0309278350515	0.0	0.00229095074456	0.00229095074456
TARA_152_MIX_0.22-3_G.snv.filtered.bam	0.00229095074456	0.0	0.0057273768614	0.00343642611684	0.0836197021764	0.0767468499427	0.077892325315	0.113402061856	0.028636884307	0.0400916380298	0.00229095074456	0.0	0.0
TARA_152_SRF_0.22-3_G.snv.filtered.bam	0.00229095074456	0.00114547537228	0.00687285223368	0.0057273768614	0.0847651775487	0.0836197021764	0.0801832760596	0.114547537228	0.0297823596793	0.0389461626575	0.00229095074456	0.0	0.0
