	TARA_038_DCM_0.22-1.6_G.snv.filtered.bam	TARA_038_SRF_0.22-1.6_G.snv.filtered.bam	TARA_039_DCM_0.22-1.6_G.snv.filtered.bam	TARA_058_DCM_0.22-3_G.snv.filtered.bam	TARA_064_DCM_0.22-3_G.snv.filtered.bam	TARA_064_SRF_0.22-3_G.snv.filtered.bam	TARA_065_DCM_0.22-3_G.snv.filtered.bam	TARA_065_SRF_0.22-3_G.snv.filtered.bam	TARA_066_DCM_0.22-3_G.snv.filtered.bam	TARA_066_SRF_0.22-3_G.snv.filtered.bam	TARA_140_SRF_0.22-3_G.snv.filtered.bam	TARA_146_SRF_0.22-3_G.snv.filtered.bam	TARA_148_SRF_0.22-3_G.snv.filtered.bam	TARA_149_SRF_0.22-3_G.snv.filtered.bam
TARA_038_DCM_0.22-1.6_G.snv.filtered.bam	0.0	0.0707432472659	0.1271837971	0.122311741571	0.166695511839	0.163740045813	0.159882099844	0.157967286298	0.165865586775	0.16532667394	0.10130267082	0.177986075281	0.179818468517	0.182853369082
TARA_038_SRF_0.22-1.6_G.snv.filtered.bam	0.0707432472659	0.0	0.135715453604	0.116216206962	0.17065171131	0.16500648452	0.16433348882	0.161464260649	0.167157611718	0.168938815323	0.113856649136	0.183388179369	0.187254989593	0.188236113788
TARA_039_DCM_0.22-1.6_G.snv.filtered.bam	0.1271837971	0.135715453604	0.0	0.0992972830104	0.0912000928798	0.0916327764688	0.0823016092042	0.0813324161532	0.109526285626	0.109623204449	0.119035582518	0.120958456299	0.125255642805	0.135355896093
TARA_058_DCM_0.22-3_G.snv.filtered.bam	0.122311741571	0.116216206962	0.0992972830104	0.0	0.0932473419441	0.0896079041996	0.082460909672	0.0814869716078	0.106557961558	0.106203661684	0.127520202902	0.123028083954	0.126813717106	0.135649389814
TARA_064_DCM_0.22-3_G.snv.filtered.bam	0.166695511839	0.17065171131	0.0912000928798	0.0932473419441	0.0	0.0307986732634	0.0476489479413	0.0466743209722	0.0973953078127	0.0947631893951	0.163698070056	0.101886957529	0.107351799052	0.118107303469
TARA_064_SRF_0.22-3_G.snv.filtered.bam	0.163740045813	0.16500648452	0.0916327764688	0.0896079041996	0.0307986732634	0.0	0.0425809033745	0.0411756391574	0.0927911487098	0.0901551845779	0.163345676629	0.102880728398	0.108254327637	0.118542238532
TARA_065_DCM_0.22-3_G.snv.filtered.bam	0.159882099844	0.16433348882	0.0823016092042	0.082460909672	0.0476489479413	0.0425809033745	0.0	0.0267061156744	0.0865284875665	0.0844790190054	0.152538767439	0.101485150577	0.1072233181	0.117017186605
TARA_065_SRF_0.22-3_G.snv.filtered.bam	0.157967286298	0.161464260649	0.0813324161532	0.0814869716078	0.0466743209722	0.0411756391574	0.0267061156744	0.0	0.0865287159276	0.0861883450794	0.151674692282	0.102731016757	0.107837394987	0.11901479022
TARA_066_DCM_0.22-3_G.snv.filtered.bam	0.165865586775	0.167157611718	0.109526285626	0.106557961558	0.0973953078127	0.0927911487098	0.0865284875665	0.0865287159276	0.0	0.0475331459168	0.159502450201	0.0864765136747	0.0869500990397	0.0948883574201
TARA_066_SRF_0.22-3_G.snv.filtered.bam	0.16532667394	0.168938815323	0.109623204449	0.106203661684	0.0947631893951	0.0901551845779	0.0844790190054	0.0861883450794	0.0475331459168	0.0	0.160989630665	0.0831930238346	0.0822193978954	0.0894163904276
TARA_140_SRF_0.22-3_G.snv.filtered.bam	0.10130267082	0.113856649136	0.119035582518	0.127520202902	0.163698070056	0.163345676629	0.152538767439	0.151674692282	0.159502450201	0.160989630665	0.0	0.168022128049	0.167124051553	0.173035991265
TARA_146_SRF_0.22-3_G.snv.filtered.bam	0.177986075281	0.183388179369	0.120958456299	0.123028083954	0.101886957529	0.102880728398	0.101485150577	0.102731016757	0.0864765136747	0.0831930238346	0.168022128049	0.0	0.0404428477632	0.0478925196257
TARA_148_SRF_0.22-3_G.snv.filtered.bam	0.179818468517	0.187254989593	0.125255642805	0.126813717106	0.107351799052	0.108254327637	0.1072233181	0.107837394987	0.0869500990397	0.0822193978954	0.167124051553	0.0404428477632	0.0	0.0398848779617
TARA_149_SRF_0.22-3_G.snv.filtered.bam	0.182853369082	0.188236113788	0.135355896093	0.135649389814	0.118107303469	0.118542238532	0.117017186605	0.11901479022	0.0948883574201	0.0894163904276	0.173035991265	0.0478925196257	0.0398848779617	0.0
