	TARA_038_DCM_0.22-1.6_G.snv.filtered.bam	TARA_038_SRF_0.22-1.6_G.snv.filtered.bam	TARA_039_DCM_0.22-1.6_G.snv.filtered.bam	TARA_058_DCM_0.22-3_G.snv.filtered.bam	TARA_064_DCM_0.22-3_G.snv.filtered.bam	TARA_064_SRF_0.22-3_G.snv.filtered.bam	TARA_065_DCM_0.22-3_G.snv.filtered.bam	TARA_065_SRF_0.22-3_G.snv.filtered.bam	TARA_066_DCM_0.22-3_G.snv.filtered.bam	TARA_066_SRF_0.22-3_G.snv.filtered.bam	TARA_140_SRF_0.22-3_G.snv.filtered.bam	TARA_146_SRF_0.22-3_G.snv.filtered.bam	TARA_148_SRF_0.22-3_G.snv.filtered.bam	TARA_149_SRF_0.22-3_G.snv.filtered.bam
TARA_038_DCM_0.22-1.6_G.snv.filtered.bam	0.0	0.00217864923747	0.0468409586057	0.0294117647059	0.0893246187364	0.0773420479303	0.0686274509804	0.0664488017429	0.057734204793	0.0566448801743	0.0152505446623	0.0806100217865	0.0882352941176	0.104575163399
TARA_038_SRF_0.22-1.6_G.snv.filtered.bam	0.00217864923747	0.0	0.0435729847495	0.0174291938998	0.082788671024	0.0697167755991	0.0642701525054	0.0566448801743	0.0490196078431	0.0522875816993	0.0152505446623	0.0718954248366	0.0816993464052	0.0969498910675
TARA_039_DCM_0.22-1.6_G.snv.filtered.bam	0.0468409586057	0.0435729847495	0.0	0.0152505446623	0.0359477124183	0.0315904139434	0.0141612200436	0.00980392156863	0.0228758169935	0.0250544662309	0.0435729847495	0.0468409586057	0.0566448801743	0.0838779956427
TARA_058_DCM_0.22-3_G.snv.filtered.bam	0.0294117647059	0.0174291938998	0.0152505446623	0.0	0.0108932461874	0.00435729847495	0.00217864923747	0.00108932461874	0.00762527233115	0.00653594771242	0.0315904139434	0.0239651416122	0.0294117647059	0.0533769063181
TARA_064_DCM_0.22-3_G.snv.filtered.bam	0.0893246187364	0.082788671024	0.0359477124183	0.0108932461874	0.0	0.0	0.00217864923747	0.00108932461874	0.0239651416122	0.0239651416122	0.0915032679739	0.0490196078431	0.0610021786492	0.0893246187364
TARA_064_SRF_0.22-3_G.snv.filtered.bam	0.0773420479303	0.0697167755991	0.0315904139434	0.00435729847495	0.0	0.0	0.0	0.00108932461874	0.0174291938998	0.0185185185185	0.0893246187364	0.0457516339869	0.0533769063181	0.0871459694989
TARA_065_DCM_0.22-3_G.snv.filtered.bam	0.0686274509804	0.0642701525054	0.0141612200436	0.00217864923747	0.00217864923747	0.0	0.0	0.0	0.00544662309368	0.00762527233115	0.0718954248366	0.0283224400871	0.0315904139434	0.0729847494553
TARA_065_SRF_0.22-3_G.snv.filtered.bam	0.0664488017429	0.0566448801743	0.00980392156863	0.00108932461874	0.00108932461874	0.00108932461874	0.0	0.0	0.00544662309368	0.00653594771242	0.0729847494553	0.0239651416122	0.0315904139434	0.0697167755991
TARA_066_DCM_0.22-3_G.snv.filtered.bam	0.057734204793	0.0490196078431	0.0228758169935	0.00762527233115	0.0239651416122	0.0174291938998	0.00544662309368	0.00544662309368	0.0	0.0	0.0511982570806	0.0152505446623	0.0119825708061	0.0174291938998
TARA_066_SRF_0.22-3_G.snv.filtered.bam	0.0566448801743	0.0522875816993	0.0250544662309	0.00653594771242	0.0239651416122	0.0185185185185	0.00762527233115	0.00653594771242	0.0	0.0	0.0533769063181	0.00653594771242	0.00871459694989	0.0119825708061
TARA_140_SRF_0.22-3_G.snv.filtered.bam	0.0152505446623	0.0152505446623	0.0435729847495	0.0315904139434	0.0915032679739	0.0893246187364	0.0718954248366	0.0729847494553	0.0511982570806	0.0533769063181	0.0	0.0729847494553	0.0806100217865	0.0925925925926
TARA_146_SRF_0.22-3_G.snv.filtered.bam	0.0806100217865	0.0718954248366	0.0468409586057	0.0239651416122	0.0490196078431	0.0457516339869	0.0283224400871	0.0239651416122	0.0152505446623	0.00653594771242	0.0729847494553	0.0	0.0	0.0
TARA_148_SRF_0.22-3_G.snv.filtered.bam	0.0882352941176	0.0816993464052	0.0566448801743	0.0294117647059	0.0610021786492	0.0533769063181	0.0315904139434	0.0315904139434	0.0119825708061	0.00871459694989	0.0806100217865	0.0	0.0	0.0
TARA_149_SRF_0.22-3_G.snv.filtered.bam	0.104575163399	0.0969498910675	0.0838779956427	0.0533769063181	0.0893246187364	0.0871459694989	0.0729847494553	0.0697167755991	0.0174291938998	0.0119825708061	0.0925925925926	0.0	0.0	0.0
