	TARA_032_DCM_0.22-1.6_G.snv.filtered.bam	TARA_041_DCM_0.22-1.6_G.snv.filtered.bam	TARA_042_DCM_0.22-1.6_G.snv.filtered.bam	TARA_124_MIX_0.22-3_G.snv.filtered.bam	TARA_124_SRF_0.22-3_G.snv.filtered.bam	TARA_142_DCM_0.22-3_G.snv.filtered.bam	TARA_142_SRF_0.22-3_G.snv.filtered.bam
TARA_032_DCM_0.22-1.6_G.snv.filtered.bam	0.0	0.00332778702163	0.00332778702163	0.0682196339434	0.0582362728785	0.00499168053245	0.00665557404326
TARA_041_DCM_0.22-1.6_G.snv.filtered.bam	0.00332778702163	0.0	0.0	0.0582362728785	0.0549084858569	0.00665557404326	0.00499168053245
TARA_042_DCM_0.22-1.6_G.snv.filtered.bam	0.00332778702163	0.0	0.0	0.0532445923461	0.0515806988353	0.00332778702163	0.00332778702163
TARA_124_MIX_0.22-3_G.snv.filtered.bam	0.0682196339434	0.0582362728785	0.0532445923461	0.0	0.00166389351082	0.0732113144759	0.0615640599002
TARA_124_SRF_0.22-3_G.snv.filtered.bam	0.0582362728785	0.0549084858569	0.0515806988353	0.00166389351082	0.0	0.0648918469218	0.0532445923461
TARA_142_DCM_0.22-3_G.snv.filtered.bam	0.00499168053245	0.00665557404326	0.00332778702163	0.0732113144759	0.0648918469218	0.0	0.00166389351082
TARA_142_SRF_0.22-3_G.snv.filtered.bam	0.00665557404326	0.00499168053245	0.00332778702163	0.0615640599002	0.0532445923461	0.00166389351082	0.0
