	TARA_004_SRF_0.22-1.6_G.snv.filtered.bam	TARA_009_SRF_0.22-1.6_G.snv.filtered.bam	TARA_018_DCM_0.22-1.6_G.snv.filtered.bam	TARA_018_SRF_0.22-1.6_G.snv.filtered.bam	TARA_030_DCM_0.22-1.6_G.snv.filtered.bam	TARA_030_SRF_0.22-1.6_G.snv.filtered.bam	TARA_096_SRF_0.22-3_G.snv.filtered.bam	TARA_098_SRF_0.22-3_G.snv.filtered.bam	TARA_099_SRF_0.22-3_G.snv.filtered.bam	TARA_112_SRF_0.22-3_G.snv.filtered.bam	TARA_132_SRF_0.22-3_G.snv.filtered.bam
TARA_004_SRF_0.22-1.6_G.snv.filtered.bam	0.0	0.0434782608696	0.0252454417952	0.0210378681627	0.0322580645161	0.0350631136045	0.0140252454418	0.0224403927069	0.00841514726508	0.0266479663394	0.0112201963534
TARA_009_SRF_0.22-1.6_G.snv.filtered.bam	0.0434782608696	0.0	0.0126227208976	0.00981767180926	0.00280504908836	0.0168302945302	0.0406732117812	0.0448807854137	0.0420757363254	0.054698457223	0.0406732117812
TARA_018_DCM_0.22-1.6_G.snv.filtered.bam	0.0252454417952	0.0126227208976	0.0	0.0	0.0	0.00561009817672	0.0266479663394	0.0350631136045	0.0196353436185	0.0504908835905	0.0364656381487
TARA_018_SRF_0.22-1.6_G.snv.filtered.bam	0.0210378681627	0.00981767180926	0.0	0.0	0.0	0.00140252454418	0.0252454417952	0.0336605890603	0.0196353436185	0.0462833099579	0.0336605890603
TARA_030_DCM_0.22-1.6_G.snv.filtered.bam	0.0322580645161	0.00280504908836	0.0	0.0	0.0	0.00420757363254	0.0350631136045	0.039270687237	0.0308555399719	0.0532959326788	0.0364656381487
TARA_030_SRF_0.22-1.6_G.snv.filtered.bam	0.0350631136045	0.0168302945302	0.00561009817672	0.00140252454418	0.00420757363254	0.0	0.0406732117812	0.0476858345021	0.0308555399719	0.0631136044881	0.0462833099579
TARA_096_SRF_0.22-3_G.snv.filtered.bam	0.0140252454418	0.0406732117812	0.0266479663394	0.0252454417952	0.0350631136045	0.0406732117812	0.0	0.00420757363254	0.00841514726508	0.00420757363254	0.0196353436185
TARA_098_SRF_0.22-3_G.snv.filtered.bam	0.0224403927069	0.0448807854137	0.0350631136045	0.0336605890603	0.039270687237	0.0476858345021	0.00420757363254	0.0	0.0182328190743	0.0	0.015427769986
TARA_099_SRF_0.22-3_G.snv.filtered.bam	0.00841514726508	0.0420757363254	0.0196353436185	0.0196353436185	0.0308555399719	0.0308555399719	0.00841514726508	0.0182328190743	0.0	0.0280504908836	0.0210378681627
TARA_112_SRF_0.22-3_G.snv.filtered.bam	0.0266479663394	0.054698457223	0.0504908835905	0.0462833099579	0.0532959326788	0.0631136044881	0.00420757363254	0.0	0.0280504908836	0.0	0.0266479663394
TARA_132_SRF_0.22-3_G.snv.filtered.bam	0.0112201963534	0.0406732117812	0.0364656381487	0.0336605890603	0.0364656381487	0.0462833099579	0.0196353436185	0.015427769986	0.0210378681627	0.0266479663394	0.0
