	TARA_065_MES_0.22-3_G.snv.filtered.bam	TARA_068_MES_0.22-3_G.snv.filtered.bam	TARA_098_MES_0.22-3_G.snv.filtered.bam	TARA_132_MES_0.22-3_G.snv.filtered.bam	TARA_142_MES_0.22-3_G.snv.filtered.bam	TARA_146_MES_0.22-3_G.snv.filtered.bam	TARA_149_MES_0.22-3_G.snv.filtered.bam	TARA_152_MES_0.22-3_G.snv.filtered.bam
TARA_065_MES_0.22-3_G.snv.filtered.bam	0.0	0.0012936610608	0.0025873221216	0.0	0.0	0.0012936610608	0.0	0.0
TARA_068_MES_0.22-3_G.snv.filtered.bam	0.0012936610608	0.0	0.0025873221216	0.0012936610608	0.00388098318241	0.0025873221216	0.0025873221216	0.0025873221216
TARA_098_MES_0.22-3_G.snv.filtered.bam	0.0025873221216	0.0025873221216	0.0	0.0	0.00517464424321	0.00517464424321	0.00905562742561	0.00388098318241
TARA_132_MES_0.22-3_G.snv.filtered.bam	0.0	0.0012936610608	0.0	0.0	0.0103492884864	0.00905562742561	0.00646830530401	0.00646830530401
TARA_142_MES_0.22-3_G.snv.filtered.bam	0.0	0.00388098318241	0.00517464424321	0.0103492884864	0.0	0.0	0.0	0.0012936610608
TARA_146_MES_0.22-3_G.snv.filtered.bam	0.0012936610608	0.0025873221216	0.00517464424321	0.00905562742561	0.0	0.0	0.0	0.0
TARA_149_MES_0.22-3_G.snv.filtered.bam	0.0	0.0025873221216	0.00905562742561	0.00646830530401	0.0	0.0	0.0	0.0
TARA_152_MES_0.22-3_G.snv.filtered.bam	0.0	0.0025873221216	0.00388098318241	0.00646830530401	0.0012936610608	0.0	0.0	0.0
