	TARA_023_SRF_0.22-1.6_G.snv.filtered.bam	TARA_025_DCM_0.22-1.6_G.snv.filtered.bam	TARA_025_SRF_0.22-1.6_G.snv.filtered.bam	TARA_030_DCM_0.22-1.6_G.snv.filtered.bam	TARA_094_SRF_0.22-3_G.snv.filtered.bam	TARA_133_SRF_0.22-3_G.snv.filtered.bam
TARA_023_SRF_0.22-1.6_G.snv.filtered.bam	0.0	0.0158323515802	0.0161515608212	0.0196048741862	0.246452924755	0.302329580397
TARA_025_DCM_0.22-1.6_G.snv.filtered.bam	0.0158323515802	0.0	0.0166122113657	0.0197438987886	0.245637312168	0.304297062085
TARA_025_SRF_0.22-1.6_G.snv.filtered.bam	0.0161515608212	0.0166122113657	0.0	0.0209707466207	0.246002625868	0.303421055821
TARA_030_DCM_0.22-1.6_G.snv.filtered.bam	0.0196048741862	0.0197438987886	0.0209707466207	0.0	0.251388490059	0.300877515884
TARA_094_SRF_0.22-3_G.snv.filtered.bam	0.246452924755	0.245637312168	0.246002625868	0.251388490059	0.0	0.306513046307
TARA_133_SRF_0.22-3_G.snv.filtered.bam	0.302329580397	0.304297062085	0.303421055821	0.300877515884	0.306513046307	0.0
