	TARA_004_SRF_0.22-1.6_G.snv.filtered.bam	TARA_007_SRF_0.22-1.6_G.snv.filtered.bam	TARA_009_SRF_0.22-1.6_G.snv.filtered.bam	TARA_018_DCM_0.22-1.6_G.snv.filtered.bam	TARA_018_SRF_0.22-1.6_G.snv.filtered.bam	TARA_025_SRF_0.22-1.6_G.snv.filtered.bam	TARA_030_DCM_0.22-1.6_G.snv.filtered.bam	TARA_030_SRF_0.22-1.6_G.snv.filtered.bam	TARA_096_SRF_0.22-3_G.snv.filtered.bam	TARA_099_SRF_0.22-3_G.snv.filtered.bam
TARA_004_SRF_0.22-1.6_G.snv.filtered.bam	0.0	0.0627408515089	0.0642665815827	0.0913806374701	0.0901576205588	0.079431718658	0.0894286908884	0.095931120415	0.211236033656	0.131093377878
TARA_007_SRF_0.22-1.6_G.snv.filtered.bam	0.0627408515089	0.0	0.0315805652903	0.0704372092739	0.0697938365703	0.0634663245529	0.0738365744224	0.0812707940033	0.220233912028	0.141875423488
TARA_009_SRF_0.22-1.6_G.snv.filtered.bam	0.0642665815827	0.0315805652903	0.0	0.0616450066306	0.0632404612842	0.0534722892724	0.0669194642556	0.0722510658503	0.219578657823	0.139316426148
TARA_018_DCM_0.22-1.6_G.snv.filtered.bam	0.0913806374701	0.0704372092739	0.0616450066306	0.0	0.0247818293371	0.0460130672515	0.0356656332569	0.0344781388025	0.217651572325	0.143653654498
TARA_018_SRF_0.22-1.6_G.snv.filtered.bam	0.0901576205588	0.0697938365703	0.0632404612842	0.0247818293371	0.0	0.0445343264989	0.0348434617379	0.0366432389094	0.218093104043	0.14295034326
TARA_025_SRF_0.22-1.6_G.snv.filtered.bam	0.079431718658	0.0634663245529	0.0534722892724	0.0460130672515	0.0445343264989	0.0	0.0428522333127	0.0425634255855	0.21368399798	0.127957888497
TARA_030_DCM_0.22-1.6_G.snv.filtered.bam	0.0894286908884	0.0738365744224	0.0669194642556	0.0356656332569	0.0348434617379	0.0428522333127	0.0	0.0315604968751	0.21455218566	0.137447045446
TARA_030_SRF_0.22-1.6_G.snv.filtered.bam	0.095931120415	0.0812707940033	0.0722510658503	0.0344781388025	0.0366432389094	0.0425634255855	0.0315604968751	0.0	0.21817842774	0.139670619252
TARA_096_SRF_0.22-3_G.snv.filtered.bam	0.211236033656	0.220233912028	0.219578657823	0.217651572325	0.218093104043	0.21368399798	0.21455218566	0.21817842774	0.0	0.163092684166
TARA_099_SRF_0.22-3_G.snv.filtered.bam	0.131093377878	0.141875423488	0.139316426148	0.143653654498	0.14295034326	0.127957888497	0.137447045446	0.139670619252	0.163092684166	0.0
