	TARA_004_SRF_0.22-1.6_G.snv.filtered.bam	TARA_009_DCM_0.22-1.6_G.snv.filtered.bam	TARA_018_DCM_0.22-1.6_G.snv.filtered.bam	TARA_018_SRF_0.22-1.6_G.snv.filtered.bam	TARA_094_SRF_0.22-3_G.snv.filtered.bam	TARA_133_SRF_0.22-3_G.snv.filtered.bam	TARA_151_SRF_0.22-3_G.snv.filtered.bam
TARA_004_SRF_0.22-1.6_G.snv.filtered.bam	0.0	0.105962451157	0.102646520501	0.101777359274	0.109541956007	0.177127567628	0.0674936719986
TARA_009_DCM_0.22-1.6_G.snv.filtered.bam	0.105962451157	0.0	0.0373563124644	0.041453727221	0.109632729729	0.159051696679	0.103438294082
TARA_018_DCM_0.22-1.6_G.snv.filtered.bam	0.102646520501	0.0373563124644	0.0	0.032234988446	0.110223151118	0.155818608899	0.0989506846012
TARA_018_SRF_0.22-1.6_G.snv.filtered.bam	0.101777359274	0.041453727221	0.032234988446	0.0	0.109257723273	0.159555658809	0.0973489237004
TARA_094_SRF_0.22-3_G.snv.filtered.bam	0.109541956007	0.109632729729	0.110223151118	0.109257723273	0.0	0.156708831266	0.106410973757
TARA_133_SRF_0.22-3_G.snv.filtered.bam	0.177127567628	0.159051696679	0.155818608899	0.159555658809	0.156708831266	0.0	0.16889218099
TARA_151_SRF_0.22-3_G.snv.filtered.bam	0.0674936719986	0.103438294082	0.0989506846012	0.0973489237004	0.106410973757	0.16889218099	0.0
