	TARA_032_DCM_0.22-1.6_G.snv.filtered.bam	TARA_032_SRF_0.22-1.6_G.snv.filtered.bam	TARA_033_SRF_0.22-1.6_G.snv.filtered.bam	TARA_034_SRF_0.22-1.6_G.snv.filtered.bam	TARA_038_DCM_0.22-1.6_G.snv.filtered.bam	TARA_039_DCM_0.22-1.6_G.snv.filtered.bam	TARA_041_DCM_0.22-1.6_G.snv.filtered.bam	TARA_042_DCM_0.22-1.6_G.snv.filtered.bam	TARA_057_SRF_0.22-3_G.snv.filtered.bam	TARA_058_DCM_0.22-3_G.snv.filtered.bam	TARA_062_SRF_0.22-3_G.snv.filtered.bam	TARA_064_SRF_0.22-3_G.snv.filtered.bam	TARA_065_DCM_0.22-3_G.snv.filtered.bam	TARA_065_SRF_0.22-3_G.snv.filtered.bam	TARA_125_SRF_0.22-3_G.snv.filtered.bam	TARA_140_SRF_0.22-3_G.snv.filtered.bam
TARA_032_DCM_0.22-1.6_G.snv.filtered.bam	0.0	0.00866738894908	0.0140845070423	0.0162513542795	0.02383531961	0.0292524377031	0.0195016251354	0.0151679306609	0.0205850487541	0.0390032502709	0.0379198266522	0.0151679306609	0.0140845070423	0.0130010834236	0.0585048754063	0.0205850487541
TARA_032_SRF_0.22-1.6_G.snv.filtered.bam	0.00866738894908	0.0	0.00216684723727	0.00108342361863	0.00866738894908	0.0108342361863	0.00866738894908	0.00541711809317	0.0140845070423	0.0292524377031	0.035752979415	0.00541711809317	0.00541711809317	0.00433369447454	0.0487540628386	0.00541711809317
TARA_033_SRF_0.22-1.6_G.snv.filtered.bam	0.0140845070423	0.00216684723727	0.0	0.0	0.0108342361863	0.00866738894908	0.00650054171181	0.011917659805	0.0140845070423	0.0400866738895	0.044420368364	0.0032502708559	0.00541711809317	0.00650054171181	0.0617551462622	0.00433369447454
TARA_034_SRF_0.22-1.6_G.snv.filtered.bam	0.0162513542795	0.00108342361863	0.0	0.0	0.00650054171181	0.00650054171181	0.00541711809317	0.011917659805	0.0162513542795	0.0368364030336	0.0422535211268	0.0032502708559	0.0032502708559	0.00541711809317	0.0628385698808	0.00433369447454
TARA_038_DCM_0.22-1.6_G.snv.filtered.bam	0.02383531961	0.00866738894908	0.0108342361863	0.00650054171181	0.0	0.00216684723727	0.0	0.0	0.00650054171181	0.02383531961	0.0303358613218	0.00108342361863	0.0	0.00108342361863	0.0422535211268	0.0032502708559
TARA_039_DCM_0.22-1.6_G.snv.filtered.bam	0.0292524377031	0.0108342361863	0.00866738894908	0.00650054171181	0.00216684723727	0.0	0.0	0.0032502708559	0.00975081256771	0.0249187432286	0.0335861321777	0.0032502708559	0.00216684723727	0.00108342361863	0.0509209100758	0.0032502708559
TARA_041_DCM_0.22-1.6_G.snv.filtered.bam	0.0195016251354	0.00866738894908	0.00650054171181	0.00541711809317	0.0	0.0	0.0	0.0	0.00541711809317	0.0184182015168	0.0249187432286	0.0	0.0	0.0	0.0465872156013	0.00216684723727
TARA_042_DCM_0.22-1.6_G.snv.filtered.bam	0.0151679306609	0.00541711809317	0.011917659805	0.011917659805	0.0	0.0032502708559	0.0	0.0	0.00541711809317	0.0173347778982	0.0205850487541	0.0032502708559	0.0	0.0	0.0465872156013	0.00433369447454
TARA_057_SRF_0.22-3_G.snv.filtered.bam	0.0205850487541	0.0140845070423	0.0140845070423	0.0162513542795	0.00650054171181	0.00975081256771	0.00541711809317	0.00541711809317	0.0	0.00108342361863	0.0	0.0032502708559	0.0	0.0	0.0585048754063	0.00866738894908
TARA_058_DCM_0.22-3_G.snv.filtered.bam	0.0390032502709	0.0292524377031	0.0400866738895	0.0368364030336	0.02383531961	0.0249187432286	0.0184182015168	0.0173347778982	0.00108342361863	0.0	0.0	0.0184182015168	0.0108342361863	0.00541711809317	0.0715059588299	0.0249187432286
TARA_062_SRF_0.22-3_G.snv.filtered.bam	0.0379198266522	0.035752979415	0.044420368364	0.0422535211268	0.0303358613218	0.0335861321777	0.0249187432286	0.0205850487541	0.0	0.0	0.0	0.0260021668472	0.00975081256771	0.0108342361863	0.0747562296858	0.0292524377031
TARA_064_SRF_0.22-3_G.snv.filtered.bam	0.0151679306609	0.00541711809317	0.0032502708559	0.0032502708559	0.00108342361863	0.0032502708559	0.0	0.0032502708559	0.0032502708559	0.0184182015168	0.0260021668472	0.0	0.0	0.0	0.0520043336945	0.00108342361863
TARA_065_DCM_0.22-3_G.snv.filtered.bam	0.0140845070423	0.00541711809317	0.00541711809317	0.0032502708559	0.0	0.00216684723727	0.0	0.0	0.0	0.0108342361863	0.00975081256771	0.0	0.0	0.0	0.0476706392199	0.00216684723727
TARA_065_SRF_0.22-3_G.snv.filtered.bam	0.0130010834236	0.00433369447454	0.00650054171181	0.00541711809317	0.00108342361863	0.00108342361863	0.0	0.0	0.0	0.00541711809317	0.0108342361863	0.0	0.0	0.0	0.0476706392199	0.00108342361863
TARA_125_SRF_0.22-3_G.snv.filtered.bam	0.0585048754063	0.0487540628386	0.0617551462622	0.0628385698808	0.0422535211268	0.0509209100758	0.0465872156013	0.0465872156013	0.0585048754063	0.0715059588299	0.0747562296858	0.0520043336945	0.0476706392199	0.0476706392199	0.0	0.0541711809317
TARA_140_SRF_0.22-3_G.snv.filtered.bam	0.0205850487541	0.00541711809317	0.00433369447454	0.00433369447454	0.0032502708559	0.0032502708559	0.00216684723727	0.00433369447454	0.00866738894908	0.0249187432286	0.0292524377031	0.00108342361863	0.00216684723727	0.00108342361863	0.0541711809317	0.0
