	TARA_032_DCM_0.22-1.6_G.snv.filtered.bam	TARA_034_DCM_0.22-1.6_G.snv.filtered.bam	TARA_041_DCM_0.22-1.6_G.snv.filtered.bam	TARA_042_DCM_0.22-1.6_G.snv.filtered.bam	TARA_122_DCM_0.22-3_G.snv.filtered.bam	TARA_123_MIX_0.22-3_G.snv.filtered.bam	TARA_124_MIX_0.22-3_G.snv.filtered.bam	TARA_125_MIX_0.22-3_G.snv.filtered.bam	TARA_146_SRF_0.22-3_G.snv.filtered.bam
TARA_032_DCM_0.22-1.6_G.snv.filtered.bam	0.0	0.0560982852775	0.0577168746054	0.0527096369672	0.0772759723277	0.104980972652	0.0826178550001	0.100046909667	0.0756198524067
TARA_034_DCM_0.22-1.6_G.snv.filtered.bam	0.0560982852775	0.0	0.051440184962	0.0577219445371	0.0836769958587	0.0854228505339	0.092580949654	0.0765722881332	0.0655628316718
TARA_041_DCM_0.22-1.6_G.snv.filtered.bam	0.0577168746054	0.051440184962	0.0	0.048936254464	0.079405035954	0.0929961342621	0.0876362745468	0.0881208519882	0.0634125153506
TARA_042_DCM_0.22-1.6_G.snv.filtered.bam	0.0527096369672	0.0577219445371	0.048936254464	0.0	0.0769994507028	0.103643541687	0.0792011123915	0.0996091847721	0.0641131338335
TARA_122_DCM_0.22-3_G.snv.filtered.bam	0.0772759723277	0.0836769958587	0.079405035954	0.0769994507028	0.0	0.0914316598344	0.0354417454784	0.0914081779371	0.0841704969919
TARA_123_MIX_0.22-3_G.snv.filtered.bam	0.104980972652	0.0854228505339	0.0929961342621	0.103643541687	0.0914316598344	0.0	0.104807893162	0.0564435034928	0.0944602725616
TARA_124_MIX_0.22-3_G.snv.filtered.bam	0.0826178550001	0.092580949654	0.0876362745468	0.0792011123915	0.0354417454784	0.104807893162	0.0	0.104743740105	0.0902668380607
TARA_125_MIX_0.22-3_G.snv.filtered.bam	0.100046909667	0.0765722881332	0.0881208519882	0.0996091847721	0.0914081779371	0.0564435034928	0.104743740105	0.0	0.0896903671967
TARA_146_SRF_0.22-3_G.snv.filtered.bam	0.0756198524067	0.0655628316718	0.0634125153506	0.0641131338335	0.0841704969919	0.0944602725616	0.0902668380607	0.0896903671967	0.0
