	TARA_032_DCM_0.22-1.6_G.snv.filtered.bam	TARA_039_DCM_0.22-1.6_G.snv.filtered.bam	TARA_065_DCM_0.22-3_G.snv.filtered.bam	TARA_124_MIX_0.22-3_G.snv.filtered.bam	TARA_124_SRF_0.22-3_G.snv.filtered.bam	TARA_142_DCM_0.22-3_G.snv.filtered.bam	TARA_142_SRF_0.22-3_G.snv.filtered.bam	TARA_146_SRF_0.22-3_G.snv.filtered.bam	TARA_149_SRF_0.22-3_G.snv.filtered.bam
TARA_032_DCM_0.22-1.6_G.snv.filtered.bam	0.0	0.11208778686	0.088482418292	0.21931245855	0.220051207228	0.134821465089	0.141462768507	0.152726953686	0.198688110609
TARA_039_DCM_0.22-1.6_G.snv.filtered.bam	0.11208778686	0.0	0.0727902618591	0.199225060024	0.199560561704	0.130667418132	0.133199729602	0.148890811474	0.180258979318
TARA_065_DCM_0.22-3_G.snv.filtered.bam	0.088482418292	0.0727902618591	0.0	0.192875769974	0.194655840183	0.119317486298	0.12164019499	0.132788480169	0.178474406309
TARA_124_MIX_0.22-3_G.snv.filtered.bam	0.21931245855	0.199225060024	0.192875769974	0.0	0.0086538613227	0.171823324117	0.159040409039	0.200523795364	0.241430039456
TARA_124_SRF_0.22-3_G.snv.filtered.bam	0.220051207228	0.199560561704	0.194655840183	0.0086538613227	0.0	0.174786313137	0.161669697439	0.202031963847	0.244350922191
TARA_142_DCM_0.22-3_G.snv.filtered.bam	0.134821465089	0.130667418132	0.119317486298	0.171823324117	0.174786313137	0.0	0.0484407099165	0.118101917745	0.201748648759
TARA_142_SRF_0.22-3_G.snv.filtered.bam	0.141462768507	0.133199729602	0.12164019499	0.159040409039	0.161669697439	0.0484407099165	0.0	0.123304891753	0.200720062872
TARA_146_SRF_0.22-3_G.snv.filtered.bam	0.152726953686	0.148890811474	0.132788480169	0.200523795364	0.202031963847	0.118101917745	0.123304891753	0.0	0.120808381556
TARA_149_SRF_0.22-3_G.snv.filtered.bam	0.198688110609	0.180258979318	0.178474406309	0.241430039456	0.244350922191	0.201748648759	0.200720062872	0.120808381556	0.0
