	TARA_032_DCM_0.22-1.6_G.snv.filtered.bam	TARA_039_DCM_0.22-1.6_G.snv.filtered.bam	TARA_065_DCM_0.22-3_G.snv.filtered.bam	TARA_124_MIX_0.22-3_G.snv.filtered.bam	TARA_124_SRF_0.22-3_G.snv.filtered.bam	TARA_142_DCM_0.22-3_G.snv.filtered.bam	TARA_142_SRF_0.22-3_G.snv.filtered.bam	TARA_146_SRF_0.22-3_G.snv.filtered.bam	TARA_149_SRF_0.22-3_G.snv.filtered.bam
TARA_032_DCM_0.22-1.6_G.snv.filtered.bam	0.0	0.0623556581986	0.0300230946882	0.173210161663	0.175519630485	0.0323325635104	0.0392609699769	0.0531177829099	0.157043879908
TARA_039_DCM_0.22-1.6_G.snv.filtered.bam	0.0623556581986	0.0	0.0207852193995	0.170900692841	0.173210161663	0.0392609699769	0.0531177829099	0.0600461893764	0.154734411085
TARA_065_DCM_0.22-3_G.snv.filtered.bam	0.0300230946882	0.0207852193995	0.0	0.152424942263	0.154734411085	0.013856812933	0.0300230946882	0.0438799076212	0.143187066975
TARA_124_MIX_0.22-3_G.snv.filtered.bam	0.173210161663	0.170900692841	0.152424942263	0.0	0.0	0.10623556582	0.0877598152425	0.127020785219	0.224018475751
TARA_124_SRF_0.22-3_G.snv.filtered.bam	0.175519630485	0.173210161663	0.154734411085	0.0	0.0	0.10623556582	0.0877598152425	0.129330254042	0.221709006928
TARA_142_DCM_0.22-3_G.snv.filtered.bam	0.0323325635104	0.0392609699769	0.013856812933	0.10623556582	0.10623556582	0.0	0.0	0.0184757505774	0.127020785219
TARA_142_SRF_0.22-3_G.snv.filtered.bam	0.0392609699769	0.0531177829099	0.0300230946882	0.0877598152425	0.0877598152425	0.0	0.0	0.0207852193995	0.129330254042
TARA_146_SRF_0.22-3_G.snv.filtered.bam	0.0531177829099	0.0600461893764	0.0438799076212	0.127020785219	0.129330254042	0.0184757505774	0.0207852193995	0.0	0.0300230946882
TARA_149_SRF_0.22-3_G.snv.filtered.bam	0.157043879908	0.154734411085	0.143187066975	0.224018475751	0.221709006928	0.127020785219	0.129330254042	0.0300230946882	0.0
