	TARA_004_DCM_0.22-1.6_G.snv.filtered.bam	TARA_023_DCM_0.22-1.6_G.snv.filtered.bam	TARA_025_DCM_0.22-1.6_G.snv.filtered.bam	TARA_066_SRF_0.22-3_G.snv.filtered.bam	TARA_093_DCM_0.22-3_G.snv.filtered.bam	TARA_133_SRF_0.22-3_G.snv.filtered.bam	TARA_145_SRF_0.22-3_G.snv.filtered.bam	TARA_152_MIX_0.22-3_G.snv.filtered.bam	TARA_152_SRF_0.22-3_G.snv.filtered.bam
TARA_004_DCM_0.22-1.6_G.snv.filtered.bam	0.0	0.00642398286938	0.0192719486081	0.0149892933619	0.0278372591006	0.0128479657388	0.00642398286938	0.0385438972163	0.0235546038544
TARA_023_DCM_0.22-1.6_G.snv.filtered.bam	0.00642398286938	0.0	0.00214132762313	0.00642398286938	0.0235546038544	0.00428265524625	0.0107066381156	0.0256959314775	0.0192719486081
TARA_025_DCM_0.22-1.6_G.snv.filtered.bam	0.0192719486081	0.00214132762313	0.0	0.0192719486081	0.0428265524625	0.0192719486081	0.017130620985	0.0471092077088	0.0321199143469
TARA_066_SRF_0.22-3_G.snv.filtered.bam	0.0149892933619	0.00642398286938	0.0192719486081	0.0	0.0235546038544	0.0	0.0	0.00642398286938	0.0
TARA_093_DCM_0.22-3_G.snv.filtered.bam	0.0278372591006	0.0235546038544	0.0428265524625	0.0235546038544	0.0	0.0192719486081	0.0235546038544	0.0428265524625	0.0256959314775
TARA_133_SRF_0.22-3_G.snv.filtered.bam	0.0128479657388	0.00428265524625	0.0192719486081	0.0	0.0192719486081	0.0	0.00214132762313	0.0149892933619	0.00856531049251
TARA_145_SRF_0.22-3_G.snv.filtered.bam	0.00642398286938	0.0107066381156	0.017130620985	0.0	0.0235546038544	0.00214132762313	0.0	0.00428265524625	0.00214132762313
TARA_152_MIX_0.22-3_G.snv.filtered.bam	0.0385438972163	0.0256959314775	0.0471092077088	0.00642398286938	0.0428265524625	0.0149892933619	0.00428265524625	0.0	0.00214132762313
TARA_152_SRF_0.22-3_G.snv.filtered.bam	0.0235546038544	0.0192719486081	0.0321199143469	0.0	0.0256959314775	0.00856531049251	0.00214132762313	0.00214132762313	0.0
