	TARA_065_MES_0.22-3_G.snv.filtered.bam	TARA_076_MES_0.22-3_G.snv.filtered.bam	TARA_078_MES_0.22-3_G.snv.filtered.bam	TARA_098_MES_0.22-3_G.snv.filtered.bam	TARA_132_MES_0.22-3_G.snv.filtered.bam	TARA_145_MES_0.22-3_G.snv.filtered.bam	TARA_149_MES_0.22-3_G.snv.filtered.bam	TARA_152_MES_0.22-3_G.snv.filtered.bam
TARA_065_MES_0.22-3_G.snv.filtered.bam	0.0	0.166754088165	0.130167549499	0.0783662077669	0.0562603236442	0.184289005912	0.0894883863578	0.0698533902523
TARA_076_MES_0.22-3_G.snv.filtered.bam	0.166754088165	0.0	0.0886945459914	0.155539261207	0.154559844383	0.078549154044	0.150362186744	0.132998766506
TARA_078_MES_0.22-3_G.snv.filtered.bam	0.130167549499	0.0886945459914	0.0	0.127165743547	0.124982562226	0.104918037129	0.120747104162	0.106672014875
TARA_098_MES_0.22-3_G.snv.filtered.bam	0.0783662077669	0.155539261207	0.127165743547	0.0	0.0720613590048	0.177804479808	0.091028973577	0.0828019435627
TARA_132_MES_0.22-3_G.snv.filtered.bam	0.0562603236442	0.154559844383	0.124982562226	0.0720613590048	0.0	0.17399932776	0.0954055189231	0.0730152545759
TARA_145_MES_0.22-3_G.snv.filtered.bam	0.184289005912	0.078549154044	0.104918037129	0.177804479808	0.17399932776	0.0	0.16612452631	0.148611378807
TARA_149_MES_0.22-3_G.snv.filtered.bam	0.0894883863578	0.150362186744	0.120747104162	0.091028973577	0.0954055189231	0.16612452631	0.0	0.0776480701338
TARA_152_MES_0.22-3_G.snv.filtered.bam	0.0698533902523	0.132998766506	0.106672014875	0.0828019435627	0.0730152545759	0.148611378807	0.0776480701338	0.0
