	TARA_004_DCM_0.22-1.6_G.snv.filtered.bam	TARA_009_DCM_0.22-1.6_G.snv.filtered.bam	TARA_100_DCM_0.22-3_G.snv.filtered.bam	TARA_102_DCM_0.22-3_G.snv.filtered.bam	TARA_110_DCM_0.22-3_G.snv.filtered.bam	TARA_111_DCM_0.22-3_G.snv.filtered.bam	TARA_138_DCM_0.22-3_G.snv.filtered.bam	TARA_149_SRF_0.22-3_G.snv.filtered.bam	TARA_151_DCM_0.22-3_G.snv.filtered.bam	TARA_151_SRF_0.22-3_G.snv.filtered.bam
TARA_004_DCM_0.22-1.6_G.snv.filtered.bam	0.0	0.0594283646177	0.0556573107403	0.0648270748303	0.0567966523983	0.0602434869879	0.0560836725135	0.0575686166767	0.0562331181669	0.0566565254189
TARA_009_DCM_0.22-1.6_G.snv.filtered.bam	0.0594283646177	0.0	0.0634522812566	0.0720261166766	0.0647159443494	0.0697857886087	0.0637760795855	0.0759129713727	0.0640840999959	0.0615198545314
TARA_100_DCM_0.22-3_G.snv.filtered.bam	0.0556573107403	0.0634522812566	0.0	0.0486794097993	0.0443878746479	0.0459623833501	0.0403189944231	0.0681653661039	0.0671768235697	0.065387503207
TARA_102_DCM_0.22-3_G.snv.filtered.bam	0.0648270748303	0.0720261166766	0.0486794097993	0.0	0.0408470323708	0.0561325400239	0.0346696628683	0.0764014386419	0.0760576976571	0.0762219562787
TARA_110_DCM_0.22-3_G.snv.filtered.bam	0.0567966523983	0.0647159443494	0.0443878746479	0.0408470323708	0.0	0.0478046109592	0.0303158233081	0.0701505728882	0.0694695581894	0.0707901191193
TARA_111_DCM_0.22-3_G.snv.filtered.bam	0.0602434869879	0.0697857886087	0.0459623833501	0.0561325400239	0.0478046109592	0.0	0.0475948228475	0.0695007963051	0.0709783334014	0.0693076894984
TARA_138_DCM_0.22-3_G.snv.filtered.bam	0.0560836725135	0.0637760795855	0.0403189944231	0.0346696628683	0.0303158233081	0.0475948228475	0.0	0.0683464896544	0.0663333200675	0.0672831067257
TARA_149_SRF_0.22-3_G.snv.filtered.bam	0.0575686166767	0.0759129713727	0.0681653661039	0.0764014386419	0.0701505728882	0.0695007963051	0.0683464896544	0.0	0.0723296154538	0.0746219683669
TARA_151_DCM_0.22-3_G.snv.filtered.bam	0.0562331181669	0.0640840999959	0.0671768235697	0.0760576976571	0.0694695581894	0.0709783334014	0.0663333200675	0.0723296154538	0.0	0.0502105908226
TARA_151_SRF_0.22-3_G.snv.filtered.bam	0.0566565254189	0.0615198545314	0.065387503207	0.0762219562787	0.0707901191193	0.0693076894984	0.0672831067257	0.0746219683669	0.0502105908226	0.0
