	TARA_037_MES_0.22-1.6_G.snv.filtered.bam	TARA_056_MES_0.22-3_G.snv.filtered.bam	TARA_064_MES_0.22-3_G.snv.filtered.bam	TARA_065_MES_0.22-3_G.snv.filtered.bam	TARA_068_MES_0.22-3_G.snv.filtered.bam	TARA_070_MES_0.22-3_G.snv.filtered.bam	TARA_072_MES_0.22-3_G.snv.filtered.bam	TARA_076_MES_0.22-3_G.snv.filtered.bam	TARA_078_MES_0.22-3_G.snv.filtered.bam	TARA_085_MES_0.22-3_G.snv.filtered.bam	TARA_098_MES_0.22-3_G.snv.filtered.bam	TARA_102_MES_0.22-3_G.snv.filtered.bam	TARA_109_MES_0.22-3_G.snv.filtered.bam	TARA_110_MES_0.22-3_G.snv.filtered.bam	TARA_111_MES_0.22-3_G.snv.filtered.bam	TARA_112_MES_0.22-3_G.snv.filtered.bam	TARA_122_MES_0.22-3_G.snv.filtered.bam	TARA_132_MES_0.22-3_G.snv.filtered.bam	TARA_133_MES_0.22-3_G.snv.filtered.bam	TARA_137_MES_0.22-3_G.snv.filtered.bam	TARA_138_MES_0.22-3_G.snv.filtered.bam	TARA_142_MES_0.22-3_G.snv.filtered.bam	TARA_145_MES_0.22-3_G.snv.filtered.bam	TARA_146_MES_0.22-3_G.snv.filtered.bam	TARA_149_MES_0.22-3_G.snv.filtered.bam	TARA_152_MES_0.22-3_G.snv.filtered.bam
TARA_037_MES_0.22-1.6_G.snv.filtered.bam	0.0	0.0560885686215	0.0594756711844	0.0608580592889	0.0593971841651	0.0579142121272	0.0592412147975	0.0568549258335	0.0618356102189	0.0773435251695	0.0572159298592	0.0504685817439	0.0625042554359	0.055876914671	0.0551136186282	0.0600115750565	0.0522974557889	0.0573453237079	0.0550676189992	0.0331169462457	0.034919845779	0.0592002343517	0.0565139612253	0.0610595097283	0.0592544869054	0.0574437004131
TARA_056_MES_0.22-3_G.snv.filtered.bam	0.0560885686215	0.0	0.0468848214456	0.0522983923802	0.0456674574254	0.0375050194725	0.0511683467628	0.0400318270941	0.0454281023124	0.0627892505319	0.0458482189436	0.0474309636803	0.0554580487997	0.0555885895818	0.0497691751678	0.0413459833244	0.0398004833742	0.0430852722492	0.033773959745	0.0536354672805	0.0551034446565	0.047214904696	0.0405197294058	0.0512343270171	0.0507457584725	0.0467275873145
TARA_064_MES_0.22-3_G.snv.filtered.bam	0.0594756711844	0.0468848214456	0.0	0.0395363769779	0.0361171208476	0.0430195514652	0.0550207719777	0.0382388944158	0.0369038121951	0.0749171902187	0.0385428010586	0.0445877666783	0.0570062513294	0.051813105369	0.0465546508869	0.0424230982979	0.0417209376565	0.0364426869111	0.0447549851038	0.0589390600056	0.0629765706911	0.0460275691547	0.037553057669	0.0485570240313	0.045119622363	0.0400038156059
TARA_065_MES_0.22-3_G.snv.filtered.bam	0.0608580592889	0.0522983923802	0.0395363769779	0.0	0.0348219035484	0.0477967636565	0.0604200133248	0.0419353615761	0.0397773134998	0.0803753359205	0.0357953875617	0.0440963716812	0.0532202727208	0.0527670665794	0.0469684770462	0.0493055546248	0.0436844669364	0.0340361433655	0.051685607569	0.0606990196991	0.0649845435379	0.0444601032476	0.0393258029712	0.0460043956327	0.0411019062893	0.0356456360812
TARA_068_MES_0.22-3_G.snv.filtered.bam	0.0593971841651	0.0456674574254	0.0361171208476	0.0348219035484	0.0	0.0417713886949	0.055144462895	0.0361049146356	0.0342895017105	0.0743812614488	0.0339632149121	0.0435444634854	0.0537154457893	0.0515291477178	0.0457068121887	0.0433584345981	0.0408852565724	0.0311201587091	0.0458496713407	0.0575475354102	0.0618583798463	0.0430572887898	0.033738844916	0.0462942082478	0.0412190775889	0.0345328930491
TARA_070_MES_0.22-3_G.snv.filtered.bam	0.0579142121272	0.0375050194725	0.0430195514652	0.0477967636565	0.0417713886949	0.0	0.0489020278827	0.0335862506684	0.0407809487405	0.0590262717965	0.0442027300917	0.0474048453269	0.0562120821623	0.055154076379	0.0493875238776	0.040390543137	0.0411740638339	0.0408042658581	0.0366461353073	0.0550786451985	0.0569471881144	0.0483306412082	0.0336798323523	0.0501583225944	0.0489704695192	0.0443933144572
TARA_072_MES_0.22-3_G.snv.filtered.bam	0.0592412147975	0.0511683467628	0.0550207719777	0.0604200133248	0.055144462895	0.0489020278827	0.0	0.0518092976335	0.0555349366083	0.0647068170761	0.0573960755427	0.0574782010314	0.063444042896	0.059236977423	0.0599437768299	0.0538750656061	0.0520577037645	0.0550039517046	0.0508198281418	0.0568476008903	0.0605348896284	0.0566661969851	0.0512885856948	0.0570621987826	0.0570260207093	0.0571385944398
TARA_076_MES_0.22-3_G.snv.filtered.bam	0.0568549258335	0.0400318270941	0.0382388944158	0.0419353615761	0.0361049146356	0.0335862506684	0.0518092976335	0.0	0.0356383408213	0.0648944583361	0.0389699097995	0.0450556344898	0.0565588115113	0.0539884040649	0.0478108680504	0.0380395637242	0.0402618809221	0.0365111795748	0.0384058895722	0.056041057	0.0586457351378	0.0462257527274	0.0287021885977	0.0498402118925	0.0453860414043	0.039596348539
TARA_078_MES_0.22-3_G.snv.filtered.bam	0.0618356102189	0.0454281023124	0.0369038121951	0.0397773134998	0.0342895017105	0.0407809487405	0.0555349366083	0.0356383408213	0.0	0.0732508323083	0.0367200337858	0.0449840207401	0.0585979493518	0.0544387616655	0.0488348487296	0.0389425550956	0.0436596054215	0.0371863998591	0.0423520679492	0.0611079968947	0.0647211245672	0.0478443917162	0.0322146521891	0.0504939883907	0.0459931721299	0.0393379031135
TARA_085_MES_0.22-3_G.snv.filtered.bam	0.0773435251695	0.0627892505319	0.0749171902187	0.0803753359205	0.0743812614488	0.0590262717965	0.0647068170761	0.0648944583361	0.0732508323083	0.0	0.0769712077376	0.0784553399767	0.0817893323837	0.0825346564005	0.0792851477948	0.0709495073413	0.0722881562323	0.0731601119543	0.0615067735054	0.0747041046147	0.0734292399252	0.0766550687161	0.0637030462552	0.0779183704333	0.0768298059284	0.0749639272893
TARA_098_MES_0.22-3_G.snv.filtered.bam	0.0572159298592	0.0458482189436	0.0385428010586	0.0357953875617	0.0339632149121	0.0442027300917	0.0573960755427	0.0389699097995	0.0367200337858	0.0769712077376	0.0	0.0391112342468	0.0505726415226	0.0482411806512	0.0409282803723	0.0426575065936	0.0385342153932	0.0330968691093	0.0438056007499	0.0557845135079	0.0602724644804	0.0416093632877	0.0374363454343	0.045544189077	0.0403450254429	0.0355709376781
TARA_102_MES_0.22-3_G.snv.filtered.bam	0.0504685817439	0.0474309636803	0.0445877666783	0.0440963716812	0.0435444634854	0.0474048453269	0.0574782010314	0.0450556344898	0.0449840207401	0.0784553399767	0.0391112342468	0.0	0.0468773243714	0.0408183340558	0.0338268386574	0.0487464386898	0.0378399778092	0.0398535428949	0.0435502110886	0.0524520008422	0.0570026335685	0.0434129890472	0.0436518723735	0.0487375662917	0.0457525043883	0.043691613334
TARA_109_MES_0.22-3_G.snv.filtered.bam	0.0625042554359	0.0554580487997	0.0570062513294	0.0532202727208	0.0537154457893	0.0562120821623	0.063444042896	0.0565588115113	0.0585979493518	0.0817893323837	0.0505726415226	0.0468773243714	0.0	0.0519554014996	0.0461045758435	0.0618834826966	0.0483548917511	0.049197948494	0.0570199818768	0.0621175750625	0.0665302751694	0.0465210538416	0.0553119150237	0.0527668314768	0.0507246634695	0.0533942665251
TARA_110_MES_0.22-3_G.snv.filtered.bam	0.055876914671	0.0555885895818	0.051813105369	0.0527670665794	0.0515291477178	0.055154076379	0.059236977423	0.0539884040649	0.0544387616655	0.0825346564005	0.0482411806512	0.0408183340558	0.0519554014996	0.0	0.0429402979675	0.0565400497964	0.0472627816387	0.0500825580399	0.0529882121963	0.0573378782381	0.061807151507	0.0509127231734	0.0524170814	0.0529534476234	0.0521308662417	0.0502827864565
TARA_111_MES_0.22-3_G.snv.filtered.bam	0.0551136186282	0.0497691751678	0.0465546508869	0.0469684770462	0.0457068121887	0.0493875238776	0.0599437768299	0.0478108680504	0.0488348487296	0.0792851477948	0.0409282803723	0.0338268386574	0.0461045758435	0.0429402979675	0.0	0.051839588939	0.0420261609959	0.0417508977888	0.0474649212947	0.0540419615563	0.0594422423464	0.0449738161633	0.0462072595824	0.0497679786579	0.0468061246946	0.0454143528823
TARA_112_MES_0.22-3_G.snv.filtered.bam	0.0600115750565	0.0413459833244	0.0424230982979	0.0493055546248	0.0433584345981	0.040390543137	0.0538750656061	0.0380395637242	0.0389425550956	0.0709495073413	0.0426575065936	0.0487464386898	0.0618834826966	0.0565400497964	0.051839588939	0.0	0.0438527480994	0.0419377038261	0.0395239679837	0.0581964521794	0.0617696392677	0.05017099525	0.0379880230883	0.0536615072188	0.0518739128279	0.0466518084707
TARA_122_MES_0.22-3_G.snv.filtered.bam	0.0522974557889	0.0398004833742	0.0417209376565	0.0436844669364	0.0408852565724	0.0411740638339	0.0520577037645	0.0402618809221	0.0436596054215	0.0722881562323	0.0385342153932	0.0378399778092	0.0483548917511	0.0472627816387	0.0420261609959	0.0438527480994	0.0	0.0385996457985	0.0378342190424	0.0509047449175	0.0553357115517	0.0422839274309	0.0398731860591	0.0483931600598	0.0440718745588	0.0421932616504
TARA_132_MES_0.22-3_G.snv.filtered.bam	0.0573453237079	0.0430852722492	0.0364426869111	0.0340361433655	0.0311201587091	0.0408042658581	0.0550039517046	0.0365111795748	0.0371863998591	0.0731601119543	0.0330968691093	0.0398535428949	0.049197948494	0.0500825580399	0.0417508977888	0.0419377038261	0.0385996457985	0.0	0.0433655258019	0.0548511511226	0.059254114038	0.0402226625157	0.0331868927846	0.0431865928804	0.0388230236545	0.0354960614227
TARA_133_MES_0.22-3_G.snv.filtered.bam	0.0550676189992	0.033773959745	0.0447549851038	0.051685607569	0.0458496713407	0.0366461353073	0.0508198281418	0.0384058895722	0.0423520679492	0.0615067735054	0.0438056007499	0.0435502110886	0.0570199818768	0.0529882121963	0.0474649212947	0.0395239679837	0.0378342190424	0.0433655258019	0.0	0.0520943296025	0.0534903560361	0.0476315360917	0.0387464657623	0.052459640358	0.0516282125702	0.0475416454363
TARA_137_MES_0.22-3_G.snv.filtered.bam	0.0331169462457	0.0536354672805	0.0589390600056	0.0606990196991	0.0575475354102	0.0550786451985	0.0568476008903	0.056041057	0.0611079968947	0.0747041046147	0.0557845135079	0.0524520008422	0.0621175750625	0.0573378782381	0.0540419615563	0.0581964521794	0.0509047449175	0.0548511511226	0.0520943296025	0.0	0.0284100131874	0.0586874481378	0.0557687500998	0.0609417931445	0.0584031353762	0.0578350544432
TARA_138_MES_0.22-3_G.snv.filtered.bam	0.034919845779	0.0551034446565	0.0629765706911	0.0649845435379	0.0618583798463	0.0569471881144	0.0605348896284	0.0586457351378	0.0647211245672	0.0734292399252	0.0602724644804	0.0570026335685	0.0665302751694	0.061807151507	0.0594422423464	0.0617696392677	0.0553357115517	0.059254114038	0.0534903560361	0.0284100131874	0.0	0.0622053318622	0.0587033754502	0.064352839278	0.0630726293004	0.0604019470353
TARA_142_MES_0.22-3_G.snv.filtered.bam	0.0592002343517	0.047214904696	0.0460275691547	0.0444601032476	0.0430572887898	0.0483306412082	0.0566661969851	0.0462257527274	0.0478443917162	0.0766550687161	0.0416093632877	0.0434129890472	0.0465210538416	0.0509127231734	0.0449738161633	0.05017099525	0.0422839274309	0.0402226625157	0.0476315360917	0.0586874481378	0.0622053318622	0.0	0.0455499727762	0.045268876253	0.0424592602391	0.0439955191128
TARA_145_MES_0.22-3_G.snv.filtered.bam	0.0565139612253	0.0405197294058	0.037553057669	0.0393258029712	0.033738844916	0.0336798323523	0.0512885856948	0.0287021885977	0.0322146521891	0.0637030462552	0.0374363454343	0.0436518723735	0.0553119150237	0.0524170814	0.0462072595824	0.0379880230883	0.0398731860591	0.0331868927846	0.0387464657623	0.0557687500998	0.0587033754502	0.0455499727762	0.0	0.0473869748281	0.0440254120023	0.0361983128924
TARA_146_MES_0.22-3_G.snv.filtered.bam	0.0610595097283	0.0512343270171	0.0485570240313	0.0460043956327	0.0462942082478	0.0501583225944	0.0570621987826	0.0498402118925	0.0504939883907	0.0779183704333	0.045544189077	0.0487375662917	0.0527668314768	0.0529534476234	0.0497679786579	0.0536615072188	0.0483931600598	0.0431865928804	0.052459640358	0.0609417931445	0.064352839278	0.045268876253	0.0473869748281	0.0	0.0436754147414	0.0450723843709
TARA_149_MES_0.22-3_G.snv.filtered.bam	0.0592544869054	0.0507457584725	0.045119622363	0.0411019062893	0.0412190775889	0.0489704695192	0.0570260207093	0.0453860414043	0.0459931721299	0.0768298059284	0.0403450254429	0.0457525043883	0.0507246634695	0.0521308662417	0.0468061246946	0.0518739128279	0.0440718745588	0.0388230236545	0.0516282125702	0.0584031353762	0.0630726293004	0.0424592602391	0.0440254120023	0.0436754147414	0.0	0.0395848831312
TARA_152_MES_0.22-3_G.snv.filtered.bam	0.0574437004131	0.0467275873145	0.0400038156059	0.0356456360812	0.0345328930491	0.0443933144572	0.0571385944398	0.039596348539	0.0393379031135	0.0749639272893	0.0355709376781	0.043691613334	0.0533942665251	0.0502827864565	0.0454143528823	0.0466518084707	0.0421932616504	0.0354960614227	0.0475416454363	0.0578350544432	0.0604019470353	0.0439955191128	0.0361983128924	0.0450723843709	0.0395848831312	0.0
