	TARA_004_SRF_0.22-1.6_G.snv.filtered.bam	TARA_009_SRF_0.22-1.6_G.snv.filtered.bam	TARA_025_SRF_0.22-1.6_G.snv.filtered.bam	TARA_030_DCM_0.22-1.6_G.snv.filtered.bam	TARA_030_SRF_0.22-1.6_G.snv.filtered.bam	TARA_093_SRF_0.22-3_G.snv.filtered.bam	TARA_094_SRF_0.22-3_G.snv.filtered.bam	TARA_133_SRF_0.22-3_G.snv.filtered.bam
TARA_004_SRF_0.22-1.6_G.snv.filtered.bam	0.0	0.10666804407	0.108951586622	0.114945474822	0.119331081711	0.131894753817	0.120898551921	0.140309579334
TARA_009_SRF_0.22-1.6_G.snv.filtered.bam	0.10666804407	0.0	0.0502061962248	0.0648685424246	0.0687836405067	0.125575383623	0.114945488425	0.136839409966
TARA_025_SRF_0.22-1.6_G.snv.filtered.bam	0.108951586622	0.0502061962248	0.0	0.0554004492672	0.0627145692676	0.117058037153	0.114548073309	0.137762757181
TARA_030_DCM_0.22-1.6_G.snv.filtered.bam	0.114945474822	0.0648685424246	0.0554004492672	0.0	0.0605703057412	0.124769522315	0.118275024739	0.140143398869
TARA_030_SRF_0.22-1.6_G.snv.filtered.bam	0.119331081711	0.0687836405067	0.0627145692676	0.0605703057412	0.0	0.135596422065	0.128299914742	0.151713327232
TARA_093_SRF_0.22-3_G.snv.filtered.bam	0.131894753817	0.125575383623	0.117058037153	0.124769522315	0.135596422065	0.0	0.10179581034	0.128427670094
TARA_094_SRF_0.22-3_G.snv.filtered.bam	0.120898551921	0.114945488425	0.114548073309	0.118275024739	0.128299914742	0.10179581034	0.0	0.123905679889
TARA_133_SRF_0.22-3_G.snv.filtered.bam	0.140309579334	0.136839409966	0.137762757181	0.140143398869	0.151713327232	0.128427670094	0.123905679889	0.0
