	TARA_004_SRF_0.22-1.6_G.snv.filtered.bam	TARA_009_SRF_0.22-1.6_G.snv.filtered.bam	TARA_025_SRF_0.22-1.6_G.snv.filtered.bam	TARA_030_DCM_0.22-1.6_G.snv.filtered.bam	TARA_030_SRF_0.22-1.6_G.snv.filtered.bam	TARA_093_SRF_0.22-3_G.snv.filtered.bam	TARA_094_SRF_0.22-3_G.snv.filtered.bam	TARA_133_SRF_0.22-3_G.snv.filtered.bam
TARA_004_SRF_0.22-1.6_G.snv.filtered.bam	0.0	0.0385144429161	0.050894085282	0.0536451169188	0.0660247592847	0.0839064649243	0.0371389270977	0.0522696011004
TARA_009_SRF_0.22-1.6_G.snv.filtered.bam	0.0385144429161	0.0	0.0	0.00137551581843	0.00825309491059	0.0440165061898	0.0151306740028	0.0233837689133
TARA_025_SRF_0.22-1.6_G.snv.filtered.bam	0.050894085282	0.0	0.0	0.00550206327373	0.0110041265475	0.050894085282	0.0151306740028	0.0316368638239
TARA_030_DCM_0.22-1.6_G.snv.filtered.bam	0.0536451169188	0.00137551581843	0.00550206327373	0.0	0.00550206327373	0.0536451169188	0.0206327372765	0.0357634112792
TARA_030_SRF_0.22-1.6_G.snv.filtered.bam	0.0660247592847	0.00825309491059	0.0110041265475	0.00550206327373	0.0	0.0784044016506	0.0385144429161	0.0522696011004
TARA_093_SRF_0.22-3_G.snv.filtered.bam	0.0839064649243	0.0440165061898	0.050894085282	0.0536451169188	0.0784044016506	0.0	0.0302613480055	0.0426409903714
TARA_094_SRF_0.22-3_G.snv.filtered.bam	0.0371389270977	0.0151306740028	0.0151306740028	0.0206327372765	0.0385144429161	0.0302613480055	0.0	0.00962861072902
TARA_133_SRF_0.22-3_G.snv.filtered.bam	0.0522696011004	0.0233837689133	0.0316368638239	0.0357634112792	0.0522696011004	0.0426409903714	0.00962861072902	0.0
