	TARA_004_DCM_0.22-1.6_G.snv.filtered.bam	TARA_009_DCM_0.22-1.6_G.snv.filtered.bam	TARA_067_SRF_0.22-3_G.snv.filtered.bam	TARA_093_DCM_0.22-3_G.snv.filtered.bam	TARA_093_SRF_0.22-3_G.snv.filtered.bam	TARA_133_DCM_0.22-3_G.snv.filtered.bam	TARA_133_SRF_0.22-3_G.snv.filtered.bam	TARA_152_MIX_0.22-3_G.snv.filtered.bam
TARA_004_DCM_0.22-1.6_G.snv.filtered.bam	0.0	0.0584204942274	0.103251409082	0.0972774074358	0.0995107074023	0.108705027353	0.109160063604	0.0639223267513
TARA_009_DCM_0.22-1.6_G.snv.filtered.bam	0.0584204942274	0.0	0.116234268111	0.107310974845	0.11026430499	0.111777433512	0.112693137332	0.0727355195206
TARA_067_SRF_0.22-3_G.snv.filtered.bam	0.103251409082	0.116234268111	0.0	0.067075776181	0.0657964220377	0.0823719199015	0.0870335036628	0.100244852068
TARA_093_DCM_0.22-3_G.snv.filtered.bam	0.0972774074358	0.107310974845	0.067075776181	0.0	0.0367507386127	0.0831670177577	0.0859973102303	0.0908766714674
TARA_093_SRF_0.22-3_G.snv.filtered.bam	0.0995107074023	0.11026430499	0.0657964220377	0.0367507386127	0.0	0.0790516824661	0.0828089290857	0.0947924916973
TARA_133_DCM_0.22-3_G.snv.filtered.bam	0.108705027353	0.111777433512	0.0823719199015	0.0831670177577	0.0790516824661	0.0	0.036835471625	0.103838820602
TARA_133_SRF_0.22-3_G.snv.filtered.bam	0.109160063604	0.112693137332	0.0870335036628	0.0859973102303	0.0828089290857	0.036835471625	0.0	0.103709228403
TARA_152_MIX_0.22-3_G.snv.filtered.bam	0.0639223267513	0.0727355195206	0.100244852068	0.0908766714674	0.0947924916973	0.103838820602	0.103709228403	0.0
