	TARA_004_DCM_0.22-1.6_G.snv.filtered.bam	TARA_007_DCM_0.22-1.6_G.snv.filtered.bam	TARA_007_SRF_0.22-1.6_G.snv.filtered.bam	TARA_009_DCM_0.22-1.6_G.snv.filtered.bam	TARA_066_SRF_0.22-3_G.snv.filtered.bam	TARA_067_SRF_0.22-3_G.snv.filtered.bam
TARA_004_DCM_0.22-1.6_G.snv.filtered.bam	0.0	0.0527433705105	0.0670249421973	0.0341577473705	0.107659244998	0.0940815495903
TARA_007_DCM_0.22-1.6_G.snv.filtered.bam	0.0527433705105	0.0	0.0533838832732	0.0389669334998	0.111215710548	0.0945259823251
TARA_007_SRF_0.22-1.6_G.snv.filtered.bam	0.0670249421973	0.0533838832732	0.0	0.0574397802019	0.111699693326	0.100477431514
TARA_009_DCM_0.22-1.6_G.snv.filtered.bam	0.0341577473705	0.0389669334998	0.0574397802019	0.0	0.104913534503	0.0908580980247
TARA_066_SRF_0.22-3_G.snv.filtered.bam	0.107659244998	0.111215710548	0.111699693326	0.104913534503	0.0	0.0587767178689
TARA_067_SRF_0.22-3_G.snv.filtered.bam	0.0940815495903	0.0945259823251	0.100477431514	0.0908580980247	0.0587767178689	0.0
