	TARA_004_DCM_0.22-1.6_G.snv.filtered.bam	TARA_009_DCM_0.22-1.6_G.snv.filtered.bam	TARA_025_DCM_0.22-1.6_G.snv.filtered.bam	TARA_066_DCM_0.22-3_G.snv.filtered.bam	TARA_066_SRF_0.22-3_G.snv.filtered.bam	TARA_145_SRF_0.22-3_G.snv.filtered.bam	TARA_150_SRF_0.22-3_G.snv.filtered.bam	TARA_151_DCM_0.22-3_G.snv.filtered.bam	TARA_151_SRF_0.22-3_G.snv.filtered.bam	TARA_152_MIX_0.22-3_G.snv.filtered.bam	TARA_152_SRF_0.22-3_G.snv.filtered.bam
TARA_004_DCM_0.22-1.6_G.snv.filtered.bam	0.0	0.043878293323	0.0505106528356	0.11176731262	0.11891104579	0.0702454759494	0.0786417469602	0.0650395797447	0.0698245974158	0.04571415594	0.0459337810591
TARA_009_DCM_0.22-1.6_G.snv.filtered.bam	0.043878293323	0.0	0.0464515652531	0.117720783502	0.122540429802	0.057968777899	0.084082591865	0.0721847236818	0.0764488338672	0.0519632062625	0.0537509255007
TARA_025_DCM_0.22-1.6_G.snv.filtered.bam	0.0505106528356	0.0464515652531	0.0	0.113087717082	0.125034389995	0.0657933158651	0.0903682333149	0.0795816399728	0.0836902734344	0.0606307340709	0.0629324212897
TARA_066_DCM_0.22-3_G.snv.filtered.bam	0.11176731262	0.117720783502	0.113087717082	0.0	0.0711906142102	0.139307478532	0.106389650137	0.109273019474	0.108432066127	0.11350861854	0.111486210211
TARA_066_SRF_0.22-3_G.snv.filtered.bam	0.11891104579	0.122540429802	0.125034389995	0.0711906142102	0.0	0.141342954177	0.103594855653	0.11045021207	0.109978325021	0.115127678862	0.114801992401
TARA_145_SRF_0.22-3_G.snv.filtered.bam	0.0702454759494	0.057968777899	0.0657933158651	0.139307478532	0.141342954177	0.0	0.0933987182106	0.0960941440291	0.103286571678	0.0741082943677	0.0790937700284
TARA_150_SRF_0.22-3_G.snv.filtered.bam	0.0786417469602	0.084082591865	0.0903682333149	0.106389650137	0.103594855653	0.0933987182106	0.0	0.0621199881544	0.0675107290815	0.0704952808708	0.0711090017319
TARA_151_DCM_0.22-3_G.snv.filtered.bam	0.0650395797447	0.0721847236818	0.0795816399728	0.109273019474	0.11045021207	0.0960941440291	0.0621199881544	0.0	0.0385772019596	0.0457243741863	0.0493035140338
TARA_151_SRF_0.22-3_G.snv.filtered.bam	0.0698245974158	0.0764488338672	0.0836902734344	0.108432066127	0.109978325021	0.103286571678	0.0675107290815	0.0385772019596	0.0	0.0532593141375	0.0543304778976
TARA_152_MIX_0.22-3_G.snv.filtered.bam	0.04571415594	0.0519632062625	0.0606307340709	0.11350861854	0.115127678862	0.0741082943677	0.0704952808708	0.0457243741863	0.0532593141375	0.0	0.034103259014
TARA_152_SRF_0.22-3_G.snv.filtered.bam	0.0459337810591	0.0537509255007	0.0629324212897	0.111486210211	0.114801992401	0.0790937700284	0.0711090017319	0.0493035140338	0.0543304778976	0.034103259014	0.0
