	TARA_004_DCM_0.22-1.6_G.snv.filtered.bam	TARA_009_DCM_0.22-1.6_G.snv.filtered.bam	TARA_025_DCM_0.22-1.6_G.snv.filtered.bam	TARA_066_DCM_0.22-3_G.snv.filtered.bam	TARA_066_SRF_0.22-3_G.snv.filtered.bam	TARA_145_SRF_0.22-3_G.snv.filtered.bam	TARA_150_SRF_0.22-3_G.snv.filtered.bam	TARA_151_DCM_0.22-3_G.snv.filtered.bam	TARA_151_SRF_0.22-3_G.snv.filtered.bam	TARA_152_MIX_0.22-3_G.snv.filtered.bam	TARA_152_SRF_0.22-3_G.snv.filtered.bam
TARA_004_DCM_0.22-1.6_G.snv.filtered.bam	0.0	0.00116279069767	0.00232558139535	0.0244186046512	0.0197674418605	0.0313953488372	0.00813953488372	0.0	0.00348837209302	0.0	0.0
TARA_009_DCM_0.22-1.6_G.snv.filtered.bam	0.00116279069767	0.0	0.0046511627907	0.0360465116279	0.0255813953488	0.0220930232558	0.0139534883721	0.0046511627907	0.00697674418605	0.0046511627907	0.00348837209302
TARA_025_DCM_0.22-1.6_G.snv.filtered.bam	0.00232558139535	0.0046511627907	0.0	0.0197674418605	0.0174418604651	0.0255813953488	0.0127906976744	0.0093023255814	0.0116279069767	0.00232558139535	0.00348837209302
TARA_066_DCM_0.22-3_G.snv.filtered.bam	0.0244186046512	0.0360465116279	0.0197674418605	0.0	0.00116279069767	0.0674418604651	0.0139534883721	0.0093023255814	0.0093023255814	0.0197674418605	0.0139534883721
TARA_066_SRF_0.22-3_G.snv.filtered.bam	0.0197674418605	0.0255813953488	0.0174418604651	0.00116279069767	0.0	0.0558139534884	0.00697674418605	0.00581395348837	0.00348837209302	0.0116279069767	0.0139534883721
TARA_145_SRF_0.22-3_G.snv.filtered.bam	0.0313953488372	0.0220930232558	0.0255813953488	0.0674418604651	0.0558139534884	0.0	0.0255813953488	0.0325581395349	0.0360465116279	0.0255813953488	0.0290697674419
TARA_150_SRF_0.22-3_G.snv.filtered.bam	0.00813953488372	0.0139534883721	0.0127906976744	0.0139534883721	0.00697674418605	0.0255813953488	0.0	0.00348837209302	0.00348837209302	0.00232558139535	0.0046511627907
TARA_151_DCM_0.22-3_G.snv.filtered.bam	0.0	0.0046511627907	0.0093023255814	0.0093023255814	0.00581395348837	0.0325581395349	0.00348837209302	0.0	0.0	0.0	0.0
TARA_151_SRF_0.22-3_G.snv.filtered.bam	0.00348837209302	0.00697674418605	0.0116279069767	0.0093023255814	0.00348837209302	0.0360465116279	0.00348837209302	0.0	0.0	0.00232558139535	0.0
TARA_152_MIX_0.22-3_G.snv.filtered.bam	0.0	0.0046511627907	0.00232558139535	0.0197674418605	0.0116279069767	0.0255813953488	0.00232558139535	0.0	0.00232558139535	0.0	0.0
TARA_152_SRF_0.22-3_G.snv.filtered.bam	0.0	0.00348837209302	0.00348837209302	0.0139534883721	0.0139534883721	0.0290697674419	0.0046511627907	0.0	0.0	0.0	0.0
