	TARA_052_SRF_0.22-1.6_G.snv.filtered.bam	TARA_094_SRF_0.22-3_G.snv.filtered.bam	TARA_100_SRF_0.22-3_G.snv.filtered.bam	TARA_102_SRF_0.22-3_G.snv.filtered.bam	TARA_109_DCM_0.22-3_G.snv.filtered.bam	TARA_109_SRF_0.22-3_G.snv.filtered.bam	TARA_111_SRF_0.22-3_G.snv.filtered.bam	TARA_122_SRF_0.22-3_G.snv.filtered.bam	TARA_124_SRF_0.22-3_G.snv.filtered.bam	TARA_125_SRF_0.22-3_G.snv.filtered.bam	TARA_128_DCM_0.22-3_G.snv.filtered.bam	TARA_128_SRF_0.22-3_G.snv.filtered.bam	TARA_137_SRF_0.22-3_G.snv.filtered.bam
TARA_052_SRF_0.22-1.6_G.snv.filtered.bam	0.0	0.122097911347	0.0434638115859	0.0683663939878	0.0407526413194	0.038330521384	0.0508149594704	0.0481808810626	0.046275930529	0.0482543463109	0.0470766342252	0.0459012859219	0.0616705588602
TARA_094_SRF_0.22-3_G.snv.filtered.bam	0.122097911347	0.0	0.121886313382	0.128390171254	0.124139594001	0.123668758606	0.120881067349	0.122061481715	0.120768042166	0.112374934547	0.123717151965	0.12301039094	0.125922882437
TARA_100_SRF_0.22-3_G.snv.filtered.bam	0.0434638115859	0.121886313382	0.0	0.0751871192305	0.0439322626099	0.0425384735707	0.0391587008355	0.048021017854	0.0455718302142	0.0495524154676	0.0506758567012	0.0466256432617	0.0664585421418
TARA_102_SRF_0.22-3_G.snv.filtered.bam	0.0683663939878	0.128390171254	0.0751871192305	0.0	0.06503562977	0.0661759602213	0.0825666686369	0.078772893485	0.077313206775	0.0782220689177	0.0744474159702	0.0768457885877	0.0618965079789
TARA_109_DCM_0.22-3_G.snv.filtered.bam	0.0407526413194	0.124139594001	0.0439322626099	0.06503562977	0.0	0.0244345012564	0.0536037222535	0.048687352342	0.0479314746912	0.0524377594819	0.0478725410185	0.045869387466	0.0564681206348
TARA_109_SRF_0.22-3_G.snv.filtered.bam	0.038330521384	0.123668758606	0.0425384735707	0.0661759602213	0.0244345012564	0.0	0.051450250315	0.0464061584857	0.0444837578235	0.0482007999806	0.0458410722545	0.0445294475621	0.0559738386539
TARA_111_SRF_0.22-3_G.snv.filtered.bam	0.0508149594704	0.120881067349	0.0391587008355	0.0825666686369	0.0536037222535	0.051450250315	0.0	0.047092852666	0.0483635920874	0.0521519020382	0.0561231654239	0.0495477068706	0.06860110441
TARA_122_SRF_0.22-3_G.snv.filtered.bam	0.0481808810626	0.122061481715	0.048021017854	0.078772893485	0.048687352342	0.0464061584857	0.047092852666	0.0	0.0336174743732	0.0398211856468	0.0406858799374	0.0398786372216	0.0619788707769
TARA_124_SRF_0.22-3_G.snv.filtered.bam	0.046275930529	0.120768042166	0.0455718302142	0.077313206775	0.0479314746912	0.0444837578235	0.0483635920874	0.0336174743732	0.0	0.0374803501023	0.0390003725938	0.0385519437314	0.0630176045885
TARA_125_SRF_0.22-3_G.snv.filtered.bam	0.0482543463109	0.112374934547	0.0495524154676	0.0782220689177	0.0524377594819	0.0482007999806	0.0521519020382	0.0398211856468	0.0374803501023	0.0	0.0439958129321	0.0451336686157	0.0590034007382
TARA_128_DCM_0.22-3_G.snv.filtered.bam	0.0470766342252	0.123717151965	0.0506758567012	0.0744474159702	0.0478725410185	0.0458410722545	0.0561231654239	0.0406858799374	0.0390003725938	0.0439958129321	0.0	0.0388460512569	0.0632199859594
TARA_128_SRF_0.22-3_G.snv.filtered.bam	0.0459012859219	0.12301039094	0.0466256432617	0.0768457885877	0.045869387466	0.0445294475621	0.0495477068706	0.0398786372216	0.0385519437314	0.0451336686157	0.0388460512569	0.0	0.0626567655649
TARA_137_SRF_0.22-3_G.snv.filtered.bam	0.0616705588602	0.125922882437	0.0664585421418	0.0618965079789	0.0564681206348	0.0559738386539	0.06860110441	0.0619788707769	0.0630176045885	0.0590034007382	0.0632199859594	0.0626567655649	0.0
