	TARA_076_DCM_0.22-3_G.snv.filtered.bam	TARA_078_DCM_0.22-3_G.snv.filtered.bam	TARA_122_DCM_0.22-3_G.snv.filtered.bam	TARA_123_MIX_0.22-3_G.snv.filtered.bam	TARA_124_MIX_0.22-3_G.snv.filtered.bam	TARA_146_SRF_0.22-3_G.snv.filtered.bam
TARA_076_DCM_0.22-3_G.snv.filtered.bam	0.0	0.0279204300573	0.300539297383	0.238444824556	0.358373291457	0.120079482542
TARA_078_DCM_0.22-3_G.snv.filtered.bam	0.0279204300573	0.0	0.305428257479	0.243552907043	0.360044457892	0.112164941434
TARA_122_DCM_0.22-3_G.snv.filtered.bam	0.300539297383	0.305428257479	0.0	0.134024118491	0.0887093908082	0.314470056204
TARA_123_MIX_0.22-3_G.snv.filtered.bam	0.238444824556	0.243552907043	0.134024118491	0.0	0.203647432938	0.260189115933
TARA_124_MIX_0.22-3_G.snv.filtered.bam	0.358373291457	0.360044457892	0.0887093908082	0.203647432938	0.0	0.368393041277
TARA_146_SRF_0.22-3_G.snv.filtered.bam	0.120079482542	0.112164941434	0.314470056204	0.260189115933	0.368393041277	0.0
