	TARA_076_DCM_0.22-3_G.snv.filtered.bam	TARA_078_DCM_0.22-3_G.snv.filtered.bam	TARA_122_DCM_0.22-3_G.snv.filtered.bam	TARA_123_MIX_0.22-3_G.snv.filtered.bam	TARA_124_MIX_0.22-3_G.snv.filtered.bam	TARA_146_SRF_0.22-3_G.snv.filtered.bam
TARA_076_DCM_0.22-3_G.snv.filtered.bam	0.0	0.0	0.278761061947	0.0929203539823	0.362831858407	0.0132743362832
TARA_078_DCM_0.22-3_G.snv.filtered.bam	0.0	0.0	0.274336283186	0.0973451327434	0.353982300885	0.00884955752212
TARA_122_DCM_0.22-3_G.snv.filtered.bam	0.278761061947	0.274336283186	0.0	0.0132743362832	0.0	0.212389380531
TARA_123_MIX_0.22-3_G.snv.filtered.bam	0.0929203539823	0.0973451327434	0.0132743362832	0.0	0.0973451327434	0.0752212389381
TARA_124_MIX_0.22-3_G.snv.filtered.bam	0.362831858407	0.353982300885	0.0	0.0973451327434	0.0	0.305309734513
TARA_146_SRF_0.22-3_G.snv.filtered.bam	0.0132743362832	0.00884955752212	0.212389380531	0.0752212389381	0.305309734513	0.0
