	TARA_004_DCM_0.22-1.6_G.snv.filtered.bam	TARA_004_SRF_0.22-1.6_G.snv.filtered.bam	TARA_009_DCM_0.22-1.6_G.snv.filtered.bam	TARA_018_DCM_0.22-1.6_G.snv.filtered.bam	TARA_018_SRF_0.22-1.6_G.snv.filtered.bam	TARA_023_DCM_0.22-1.6_G.snv.filtered.bam	TARA_025_DCM_0.22-1.6_G.snv.filtered.bam	TARA_025_SRF_0.22-1.6_G.snv.filtered.bam	TARA_030_DCM_0.22-1.6_G.snv.filtered.bam	TARA_052_DCM_0.22-1.6_G.snv.filtered.bam	TARA_068_DCM_0.22-3_G.snv.filtered.bam	TARA_068_SRF_0.22-3_G.snv.filtered.bam	TARA_070_SRF_0.22-3_G.snv.filtered.bam	TARA_072_DCM_0.22-3_G.snv.filtered.bam	TARA_076_DCM_0.22-3_G.snv.filtered.bam	TARA_078_DCM_0.22-3_G.snv.filtered.bam	TARA_098_DCM_0.22-3_G.snv.filtered.bam	TARA_100_DCM_0.22-3_G.snv.filtered.bam	TARA_102_DCM_0.22-3_G.snv.filtered.bam	TARA_110_DCM_0.22-3_G.snv.filtered.bam	TARA_111_DCM_0.22-3_G.snv.filtered.bam	TARA_112_DCM_0.22-3_G.snv.filtered.bam	TARA_132_DCM_0.22-3_G.snv.filtered.bam	TARA_133_DCM_0.22-3_G.snv.filtered.bam	TARA_138_DCM_0.22-3_G.snv.filtered.bam	TARA_150_DCM_0.22-3_G.snv.filtered.bam	TARA_150_SRF_0.22-3_G.snv.filtered.bam	TARA_151_DCM_0.22-3_G.snv.filtered.bam	TARA_152_MIX_0.22-3_G.snv.filtered.bam	TARA_152_SRF_0.22-3_G.snv.filtered.bam
TARA_004_DCM_0.22-1.6_G.snv.filtered.bam	0.0	0.0239382649154	0.0232959792666	0.0229019370471	0.0236730032084	0.0276106383076	0.0191097094039	0.0234575251814	0.0305761111359	0.0547770435522	0.0182652715541	0.0193330448454	0.0288221702182	0.0432618638519	0.0358546200853	0.0245675482636	0.043367085652	0.0230666456068	0.0357053807095	0.059006848258	0.0363481271387	0.0525731449212	0.0337378567498	0.0544631310905	0.0465971149866	0.0217567054647	0.0225399088169	0.0286632413787	0.0286524201284	0.0324199779859
TARA_004_SRF_0.22-1.6_G.snv.filtered.bam	0.0239382649154	0.0	0.0305452609211	0.028872938186	0.0309648111674	0.0357463230511	0.0280029883382	0.0283898103109	0.0354129498482	0.0575574918996	0.0261156884422	0.0275047264308	0.034425378818	0.0468202696053	0.0399363076767	0.0302658478164	0.0476972850987	0.0315121208396	0.0414027683963	0.0607929805806	0.0434108074055	0.0561799463864	0.0394733194921	0.0585591411407	0.0503762038509	0.026479558694	0.0290209706761	0.0328191035333	0.0317642991854	0.0370201132533
TARA_009_DCM_0.22-1.6_G.snv.filtered.bam	0.0232959792666	0.0305452609211	0.0	0.0194442492469	0.0222967520117	0.0241973786539	0.0204671546535	0.0235518261163	0.0337269226284	0.0595158739053	0.0244717351342	0.026310588271	0.0346293995595	0.0491524141437	0.0425399664386	0.029584055453	0.04828413843	0.0313072131491	0.0403399915889	0.0633386112146	0.0405375425964	0.0566357567076	0.0362540761008	0.0536784849623	0.0508530144794	0.0276479625347	0.027065008312	0.0313988653799	0.0306938649449	0.0331660454654
TARA_018_DCM_0.22-1.6_G.snv.filtered.bam	0.0229019370471	0.028872938186	0.0194442492469	0.0	0.0204569400403	0.0228468895458	0.019102888776	0.0257242587774	0.0330073233095	0.0614928386949	0.0259725703649	0.0279511245013	0.0370345978225	0.0508583335359	0.0440658260067	0.0332498164345	0.0481034853088	0.030548002122	0.0417933407774	0.0635759795839	0.0406662477927	0.0576353166738	0.0360214703426	0.0490217852234	0.0528468363973	0.0300281717369	0.0286961652864	0.0320287918392	0.0289142044705	0.0307414947022
TARA_018_SRF_0.22-1.6_G.snv.filtered.bam	0.0236730032084	0.0309648111674	0.0222967520117	0.0204569400403	0.0	0.0221363346491	0.0193373985333	0.0259961760692	0.0352605444585	0.0623890036651	0.0278225579608	0.0290366006932	0.0391249732025	0.052346516436	0.0458785689429	0.0349378307769	0.0510669416331	0.0322605237306	0.0447367663699	0.0669436144019	0.0427350672696	0.0593476437378	0.0388850209159	0.0501508966443	0.0542947895766	0.0314414715883	0.0312990906663	0.0340937036998	0.0297849848346	0.0309850138356
TARA_023_DCM_0.22-1.6_G.snv.filtered.bam	0.0276106383076	0.0357463230511	0.0241973786539	0.0228468895458	0.0221363346491	0.0	0.0226713225344	0.0303854361313	0.0363197000966	0.0656867965423	0.0294669262589	0.0295997122574	0.0404523386153	0.0548739468531	0.0493980146989	0.0386660042478	0.0517732104928	0.0342256940245	0.0451506999948	0.0673665842501	0.039796124562	0.0611529871298	0.0364636210327	0.0467601550627	0.0569227393531	0.0345155054064	0.0314059294226	0.0366476505456	0.0334504893094	0.0350925248994
TARA_025_DCM_0.22-1.6_G.snv.filtered.bam	0.0191097094039	0.0280029883382	0.0204671546535	0.019102888776	0.0193373985333	0.0226713225344	0.0	0.021327723047	0.0296813572099	0.0598901385695	0.0237677356737	0.024476997943	0.0346612477328	0.0490899160585	0.0429480285827	0.0294952776952	0.0476534298434	0.0280248013713	0.0410289853628	0.0638959815867	0.0406728468684	0.0565120807652	0.0365301532372	0.0516684179849	0.0514031374881	0.0271839029188	0.0274170290968	0.0322087869274	0.0284848304898	0.0314488921315
TARA_025_SRF_0.22-1.6_G.snv.filtered.bam	0.0234575251814	0.0283898103109	0.0235518261163	0.0257242587774	0.0259961760692	0.0303854361313	0.021327723047	0.0	0.0298577930942	0.0581530369379	0.0262510373489	0.0277258692123	0.0343781533487	0.0474797088768	0.0393097074865	0.0290171272697	0.0480692940905	0.0324295977682	0.0414872381111	0.0629743874178	0.0438542545433	0.0551471508529	0.0399877491625	0.0581800334488	0.0499084477251	0.0274762019612	0.0290165150158	0.0332656765419	0.0316744844825	0.0344771057162
TARA_030_DCM_0.22-1.6_G.snv.filtered.bam	0.0305761111359	0.0354129498482	0.0337269226284	0.0330073233095	0.0352605444585	0.0363197000966	0.0296813572099	0.0298577930942	0.0	0.063344246849	0.0306314366463	0.0315424442203	0.0385662553584	0.0531554278613	0.0442591224158	0.0355992671163	0.0516309464132	0.0380562717011	0.0467572097944	0.0664079439517	0.0487004484416	0.0609009638255	0.0452244710685	0.062968598992	0.054924561908	0.0323980971249	0.0331640368527	0.0387216835543	0.038482811552	0.0422189115514
TARA_052_DCM_0.22-1.6_G.snv.filtered.bam	0.0547770435522	0.0575574918996	0.0595158739053	0.0614928386949	0.0623890036651	0.0656867965423	0.0598901385695	0.0581530369379	0.063344246849	0.0	0.0563306007821	0.0561833027143	0.0489276784412	0.0347863687107	0.048600652174	0.0530183811666	0.0405663027134	0.0492926177231	0.0415744153573	0.0402562900074	0.0470090635699	0.0371530505163	0.0498198514259	0.0772140934247	0.0370050361684	0.0539207605463	0.0558374743635	0.057689638489	0.0604226690608	0.0627284530114
TARA_068_DCM_0.22-3_G.snv.filtered.bam	0.0182652715541	0.0261156884422	0.0244717351342	0.0259725703649	0.0278225579608	0.0294669262589	0.0237677356737	0.0262510373489	0.0306314366463	0.0563306007821	0.0	0.0163399987015	0.0272116729675	0.0440501063541	0.035804261861	0.0240700818591	0.0438946204684	0.0262663962314	0.0368634656009	0.0592880307347	0.0370243723984	0.0539180321186	0.0337366899196	0.0554786366207	0.0487784955271	0.021110885855	0.0209389474512	0.029714515366	0.0304658782381	0.0351569859857
TARA_068_SRF_0.22-3_G.snv.filtered.bam	0.0193330448454	0.0275047264308	0.026310588271	0.0279511245013	0.0290366006932	0.0295997122574	0.024476997943	0.0277258692123	0.0315424442203	0.0561833027143	0.0163399987015	0.0	0.0271910812297	0.0452156875024	0.0372491040726	0.0259274470016	0.0441957766443	0.0268278771958	0.0363900756368	0.0591747608129	0.0370017838971	0.0543847043704	0.033575620792	0.0556383142666	0.0482393208993	0.0238152245806	0.0215168029518	0.031215605944	0.0314624516103	0.0358556467503
TARA_070_SRF_0.22-3_G.snv.filtered.bam	0.0288221702182	0.034425378818	0.0346293995595	0.0370345978225	0.0391249732025	0.0404523386153	0.0346612477328	0.0343781533487	0.0385662553584	0.0489276784412	0.0272116729675	0.0271910812297	0.0	0.0394172452189	0.0339806425387	0.0263877091307	0.0395778330817	0.0269164199267	0.0304393472293	0.0516863756641	0.0367652248366	0.0477064311869	0.0363625400545	0.0630058228783	0.0425710391051	0.0274537179296	0.0281507122422	0.0356808693834	0.0399049410132	0.0449133377515
TARA_072_DCM_0.22-3_G.snv.filtered.bam	0.0432618638519	0.0468202696053	0.0491524141437	0.0508583335359	0.052346516436	0.0548739468531	0.0490899160585	0.0474797088768	0.0531554278613	0.0347863687107	0.0440501063541	0.0452156875024	0.0394172452189	0.0	0.040525969437	0.0426436645276	0.0357106298132	0.0382830332628	0.0343656672218	0.0389761471678	0.0388372845442	0.0393143814885	0.0403638380974	0.0680370138003	0.0296747160018	0.0424487692581	0.0434541739572	0.0464608452487	0.0492157174431	0.0545617652445
TARA_076_DCM_0.22-3_G.snv.filtered.bam	0.0358546200853	0.0399363076767	0.0425399664386	0.0440658260067	0.0458785689429	0.0493980146989	0.0429480285827	0.0393097074865	0.0442591224158	0.048600652174	0.035804261861	0.0372491040726	0.0339806425387	0.040525969437	0.0	0.0302732046385	0.0454840785588	0.0386734337881	0.0370353980496	0.054880335997	0.0471300876049	0.049895124289	0.0438418455895	0.0682214897671	0.0439072914974	0.0346453396991	0.035996180967	0.0402649155843	0.0448341771417	0.0484201629168
TARA_078_DCM_0.22-3_G.snv.filtered.bam	0.0245675482636	0.0302658478164	0.029584055453	0.0332498164345	0.0349378307769	0.0386660042478	0.0294952776952	0.0290171272697	0.0355992671163	0.0530183811666	0.0240700818591	0.0259274470016	0.0263877091307	0.0426436645276	0.0302732046385	0.0	0.0448759221425	0.032224979606	0.0353361913609	0.0580879014471	0.0450754853114	0.0515945957139	0.0424229963138	0.0643537456843	0.046878983464	0.0219502097736	0.0267833406265	0.0339581296945	0.0371998047584	0.0416580679853
TARA_098_DCM_0.22-3_G.snv.filtered.bam	0.043367085652	0.0476972850987	0.04828413843	0.0481034853088	0.0510669416331	0.0517732104928	0.0476534298434	0.0480692940905	0.0516309464132	0.0405663027134	0.0438946204684	0.0441957766443	0.0395778330817	0.0357106298132	0.0454840785588	0.0448759221425	0.0	0.0352460735522	0.0362138396698	0.0410251090657	0.0309015178084	0.0311862512006	0.0389750465953	0.0669716833143	0.036648811325	0.0433286389804	0.0436217508451	0.0484994587987	0.0508119153352	0.0530486635388
TARA_100_DCM_0.22-3_G.snv.filtered.bam	0.0230666456068	0.0315121208396	0.0313072131491	0.030548002122	0.0322605237306	0.0342256940245	0.0280248013713	0.0324295977682	0.0380562717011	0.0492926177231	0.0262663962314	0.0268278771958	0.0269164199267	0.0382830332628	0.0386734337881	0.032224979606	0.0352460735522	0.0	0.030298779027	0.0511626478196	0.0250914604943	0.046536900533	0.02909905313	0.0537274212483	0.0412551530842	0.0290134493394	0.0282121775493	0.034458945915	0.0335413659414	0.0377281271804
TARA_102_DCM_0.22-3_G.snv.filtered.bam	0.0357053807095	0.0414027683963	0.0403399915889	0.0417933407774	0.0447367663699	0.0451506999948	0.0410289853628	0.0414872381111	0.0467572097944	0.0415744153573	0.0368634656009	0.0363900756368	0.0304393472293	0.0343656672218	0.0370353980496	0.0353361913609	0.0362138396698	0.030298779027	0.0	0.041741618289	0.0354848681151	0.0424001550569	0.033770141385	0.0597605987704	0.0331697705012	0.0353989324235	0.0361775051057	0.0407781143175	0.0426172212981	0.0465231901392
TARA_110_DCM_0.22-3_G.snv.filtered.bam	0.059006848258	0.0607929805806	0.0633386112146	0.0635759795839	0.0669436144019	0.0673665842501	0.0638959815867	0.0629743874178	0.0664079439517	0.0402562900074	0.0592880307347	0.0591747608129	0.0516863756641	0.0389761471678	0.054880335997	0.0580879014471	0.0410251090657	0.0511626478196	0.041741618289	0.0	0.0454315266474	0.0430602554417	0.0494091938919	0.0770963233725	0.0372860929073	0.0568680959207	0.056741860311	0.0601698169686	0.0634276516822	0.0670387267672
TARA_111_DCM_0.22-3_G.snv.filtered.bam	0.0363481271387	0.0434108074055	0.0405375425964	0.0406662477927	0.0427350672696	0.039796124562	0.0406728468684	0.0438542545433	0.0487004484416	0.0470090635699	0.0370243723984	0.0370017838971	0.0367652248366	0.0388372845442	0.0471300876049	0.0450754853114	0.0309015178084	0.0250914604943	0.0354848681151	0.0454315266474	0.0	0.0423375326081	0.0287173714988	0.0568031090291	0.0389031321353	0.0418875269337	0.0375844464643	0.0444736847219	0.0442511587421	0.0475912764814
TARA_112_DCM_0.22-3_G.snv.filtered.bam	0.0525731449212	0.0561799463864	0.0566357567076	0.0576353166738	0.0593476437378	0.0611529871298	0.0565120807652	0.0551471508529	0.0609009638255	0.0371530505163	0.0539180321186	0.0543847043704	0.0477064311869	0.0393143814885	0.049895124289	0.0515945957139	0.0311862512006	0.046536900533	0.0424001550569	0.0430602554417	0.0423375326081	0.0	0.0486036004408	0.0737140282486	0.0386456948101	0.0526164035083	0.0535583630636	0.0565706936806	0.0580108379528	0.0608557243752
TARA_132_DCM_0.22-3_G.snv.filtered.bam	0.0337378567498	0.0394733194921	0.0362540761008	0.0360214703426	0.0388850209159	0.0364636210327	0.0365301532372	0.0399877491625	0.0452244710685	0.0498198514259	0.0337366899196	0.033575620792	0.0363625400545	0.0403638380974	0.0438418455895	0.0424229963138	0.0389750465953	0.02909905313	0.033770141385	0.0494091938919	0.0287173714988	0.0486036004408	0.0	0.0490528452677	0.0397042625507	0.0388305432276	0.0346850549802	0.0389018389666	0.0387822033246	0.0418901602835
TARA_133_DCM_0.22-3_G.snv.filtered.bam	0.0544631310905	0.0585591411407	0.0536784849623	0.0490217852234	0.0501508966443	0.0467601550627	0.0516684179849	0.0581800334488	0.062968598992	0.0772140934247	0.0554786366207	0.0556383142666	0.0630058228783	0.0680370138003	0.0682214897671	0.0643537456843	0.0669716833143	0.0537274212483	0.0597605987704	0.0770963233725	0.0568031090291	0.0737140282486	0.0490528452677	0.0	0.0668162268594	0.0605562138744	0.0568566089561	0.0596835086429	0.047226349266	0.0451642673534
TARA_138_DCM_0.22-3_G.snv.filtered.bam	0.0465971149866	0.0503762038509	0.0508530144794	0.0528468363973	0.0542947895766	0.0569227393531	0.0514031374881	0.0499084477251	0.054924561908	0.0370050361684	0.0487784955271	0.0482393208993	0.0425710391051	0.0296747160018	0.0439072914974	0.046878983464	0.036648811325	0.0412551530842	0.0331697705012	0.0372860929073	0.0389031321353	0.0386456948101	0.0397042625507	0.0668162268594	0.0	0.0453408033633	0.0472564004994	0.0512663399737	0.0514311079733	0.0554656703907
TARA_150_DCM_0.22-3_G.snv.filtered.bam	0.0217567054647	0.026479558694	0.0276479625347	0.0300281717369	0.0314414715883	0.0345155054064	0.0271839029188	0.0274762019612	0.0323980971249	0.0539207605463	0.021110885855	0.0238152245806	0.0274537179296	0.0424487692581	0.0346453396991	0.0219502097736	0.0433286389804	0.0290134493394	0.0353989324235	0.0568680959207	0.0418875269337	0.0526164035083	0.0388305432276	0.0605562138744	0.0453408033633	0.0	0.0233725824816	0.030281232965	0.0325175521752	0.0372983844489
TARA_150_SRF_0.22-3_G.snv.filtered.bam	0.0225399088169	0.0290209706761	0.027065008312	0.0286961652864	0.0312990906663	0.0314059294226	0.0274170290968	0.0290165150158	0.0331640368527	0.0558374743635	0.0209389474512	0.0215168029518	0.0281507122422	0.0434541739572	0.035996180967	0.0267833406265	0.0436217508451	0.0282121775493	0.0361775051057	0.056741860311	0.0375844464643	0.0535583630636	0.0346850549802	0.0568566089561	0.0472564004994	0.0233725824816	0.0	0.029576644895	0.0332117368022	0.0370857378192
TARA_151_DCM_0.22-3_G.snv.filtered.bam	0.0286632413787	0.0328191035333	0.0313988653799	0.0320287918392	0.0340937036998	0.0366476505456	0.0322087869274	0.0332656765419	0.0387216835543	0.057689638489	0.029714515366	0.031215605944	0.0356808693834	0.0464608452487	0.0402649155843	0.0339581296945	0.0484994587987	0.034458945915	0.0407781143175	0.0601698169686	0.0444736847219	0.0565706936806	0.0389018389666	0.0596835086429	0.0512663399737	0.030281232965	0.029576644895	0.0	0.0344905515921	0.0400133990823
TARA_152_MIX_0.22-3_G.snv.filtered.bam	0.0286524201284	0.0317642991854	0.0306938649449	0.0289142044705	0.0297849848346	0.0334504893094	0.0284848304898	0.0316744844825	0.038482811552	0.0604226690608	0.0304658782381	0.0314624516103	0.0399049410132	0.0492157174431	0.0448341771417	0.0371998047584	0.0508119153352	0.0335413659414	0.0426172212981	0.0634276516822	0.0442511587421	0.0580108379528	0.0387822033246	0.047226349266	0.0514311079733	0.0325175521752	0.0332117368022	0.0344905515921	0.0	0.0288171515705
TARA_152_SRF_0.22-3_G.snv.filtered.bam	0.0324199779859	0.0370201132533	0.0331660454654	0.0307414947022	0.0309850138356	0.0350925248994	0.0314488921315	0.0344771057162	0.0422189115514	0.0627284530114	0.0351569859857	0.0358556467503	0.0449133377515	0.0545617652445	0.0484201629168	0.0416580679853	0.0530486635388	0.0377281271804	0.0465231901392	0.0670387267672	0.0475912764814	0.0608557243752	0.0418901602835	0.0451642673534	0.0554656703907	0.0372983844489	0.0370857378192	0.0400133990823	0.0288171515705	0.0
