	TARA_056_MES_0.22-3_G.snv.filtered.bam	TARA_064_MES_0.22-3_G.snv.filtered.bam	TARA_065_MES_0.22-3_G.snv.filtered.bam	TARA_068_MES_0.22-3_G.snv.filtered.bam	TARA_070_MES_0.22-3_G.snv.filtered.bam	TARA_072_MES_0.22-3_G.snv.filtered.bam	TARA_076_MES_0.22-3_G.snv.filtered.bam	TARA_078_MES_0.22-3_G.snv.filtered.bam	TARA_098_MES_0.22-3_G.snv.filtered.bam	TARA_102_MES_0.22-3_G.snv.filtered.bam	TARA_111_MES_0.22-3_G.snv.filtered.bam	TARA_112_MES_0.22-3_G.snv.filtered.bam	TARA_122_MES_0.22-3_G.snv.filtered.bam	TARA_132_MES_0.22-3_G.snv.filtered.bam	TARA_133_MES_0.22-3_G.snv.filtered.bam	TARA_142_MES_0.22-3_G.snv.filtered.bam	TARA_145_MES_0.22-3_G.snv.filtered.bam	TARA_146_MES_0.22-3_G.snv.filtered.bam	TARA_149_MES_0.22-3_G.snv.filtered.bam	TARA_152_MES_0.22-3_G.snv.filtered.bam
TARA_056_MES_0.22-3_G.snv.filtered.bam	0.0	0.102298267995	0.120633695442	0.110367586323	0.0458055261359	0.0466386856708	0.0596335086119	0.0941121880209	0.118852271124	0.11861306301	0.132886711505	0.0659093365981	0.084756284498	0.110066751833	0.0482062471307	0.104803489687	0.0786085933382	0.111896789988	0.119434761605	0.129799526687
TARA_064_MES_0.22-3_G.snv.filtered.bam	0.102298267995	0.0	0.0432167941817	0.0448697613847	0.0982094508844	0.102722077591	0.0840951397295	0.0585625100882	0.06648889745	0.127781890702	0.136310822042	0.0702255490401	0.103840016957	0.0550443221888	0.111944697412	0.0555532619919	0.0885537215947	0.0534356882218	0.0492916295304	0.0493612573827
TARA_065_MES_0.22-3_G.snv.filtered.bam	0.120633695442	0.0432167941817	0.0	0.0388292412176	0.116104439212	0.122050779453	0.104038074276	0.0710427017596	0.0589290886977	0.12811106288	0.136482283484	0.0889063743171	0.112103089621	0.0533130137943	0.129597979099	0.053399383818	0.103614908469	0.0452352522351	0.0375975857667	0.0359779847608
TARA_068_MES_0.22-3_G.snv.filtered.bam	0.110367586323	0.0448697613847	0.0388292412176	0.0	0.10333723401	0.109216885164	0.0903462074482	0.0626955444561	0.0600943789762	0.123913167138	0.13504501003	0.0776732078371	0.104045970245	0.052632172165	0.118908769556	0.0528820568934	0.090102327221	0.0515956457747	0.0485017365988	0.0479490380736
TARA_070_MES_0.22-3_G.snv.filtered.bam	0.0458055261359	0.0982094508844	0.116104439212	0.10333723401	0.0	0.0474205543468	0.0425486658203	0.0814859991809	0.11890759996	0.133597343264	0.149094917614	0.0572278571366	0.101660207461	0.108591404812	0.0554977899117	0.107437568429	0.0587174595905	0.11236250341	0.116322075994	0.123492063278
TARA_072_MES_0.22-3_G.snv.filtered.bam	0.0466386856708	0.102722077591	0.122050779453	0.109216885164	0.0474205543468	0.0	0.0567804337326	0.0914035433501	0.12166182173	0.122921631944	0.136590427533	0.0613985642178	0.0841418491862	0.108258423117	0.0523545278862	0.108563947131	0.0736869168309	0.114585218813	0.121368711307	0.129168426884
TARA_076_MES_0.22-3_G.snv.filtered.bam	0.0596335086119	0.0840951397295	0.104038074276	0.0903462074482	0.0425486658203	0.0567804337326	0.0	0.0675801067234	0.10633186725	0.135159336801	0.150120568221	0.0493576856176	0.104378249034	0.0968016094809	0.0676604955531	0.0983332975144	0.0488905923301	0.100982189347	0.105760560159	0.11064021507
TARA_078_MES_0.22-3_G.snv.filtered.bam	0.0941121880209	0.0585625100882	0.0710427017596	0.0626955444561	0.0814859991809	0.0914035433501	0.0675801067234	0.0	0.0822217229438	0.136843166803	0.148408677115	0.0615619039256	0.114058758783	0.073148901602	0.10414192127	0.076395320737	0.0652826446665	0.0733896085488	0.0721416039801	0.0734364593323
TARA_098_MES_0.22-3_G.snv.filtered.bam	0.118852271124	0.06648889745	0.0589290886977	0.0600943789762	0.11890759996	0.12166182173	0.10633186725	0.0822217229438	0.0	0.0876575838284	0.101742589648	0.0906957963774	0.0953049450446	0.0498584940278	0.128564819014	0.0515424670552	0.113852081475	0.0579950759001	0.0623246329485	0.0671118008864
TARA_102_MES_0.22-3_G.snv.filtered.bam	0.11861306301	0.127781890702	0.12811106288	0.123913167138	0.133597343264	0.122921631944	0.135159336801	0.136843166803	0.0876575838284	0.0	0.0512048561847	0.130193651399	0.0821874292784	0.113322032419	0.127127886392	0.0979918398677	0.142444333549	0.114142913646	0.125939169433	0.13693342163
TARA_111_MES_0.22-3_G.snv.filtered.bam	0.132886711505	0.136310822042	0.136482283484	0.13504501003	0.149094917614	0.136590427533	0.150120568221	0.148408677115	0.101742589648	0.0512048561847	0.0	0.143543524196	0.100163504785	0.127893692651	0.145371479853	0.109710912262	0.154327001585	0.126087184202	0.135361673853	0.143289723279
TARA_112_MES_0.22-3_G.snv.filtered.bam	0.0659093365981	0.0702255490401	0.0889063743171	0.0776732078371	0.0572278571366	0.0613985642178	0.0493576856176	0.0615619039256	0.0906957963774	0.130193651399	0.143543524196	0.0	0.0940124730218	0.0804784816099	0.0743767849792	0.0818137162585	0.0594904274044	0.0859608703327	0.0915880554971	0.0971212900494
TARA_122_MES_0.22-3_G.snv.filtered.bam	0.084756284498	0.103840016957	0.112103089621	0.104045970245	0.101660207461	0.0841418491862	0.104378249034	0.114058758783	0.0953049450446	0.0821874292784	0.100163504785	0.0940124730218	0.0	0.0910384991102	0.0862256120722	0.0855903847738	0.11879314227	0.10063182496	0.109791977731	0.120678325701
TARA_132_MES_0.22-3_G.snv.filtered.bam	0.110066751833	0.0550443221888	0.0533130137943	0.052632172165	0.108591404812	0.108258423117	0.0968016094809	0.073148901602	0.0498584940278	0.113322032419	0.127893692651	0.0804784816099	0.0910384991102	0.0	0.114064614905	0.0498716673897	0.105555100741	0.0538348580105	0.0563219704809	0.0593632981875
TARA_133_MES_0.22-3_G.snv.filtered.bam	0.0482062471307	0.111944697412	0.129597979099	0.118908769556	0.0554977899117	0.0523545278862	0.0676604955531	0.10414192127	0.128564819014	0.127127886392	0.145371479853	0.0743767849792	0.0862256120722	0.114064614905	0.0	0.115072967498	0.0896198297398	0.122264160313	0.128642288481	0.136959826127
TARA_142_MES_0.22-3_G.snv.filtered.bam	0.104803489687	0.0555532619919	0.053399383818	0.0528820568934	0.107437568429	0.108563947131	0.0983332975144	0.076395320737	0.0515424670552	0.0979918398677	0.109710912262	0.0818137162585	0.0855903847738	0.0498716673897	0.115072967498	0.0	0.102649705779	0.046915346785	0.0479103665415	0.0577183963282
TARA_145_MES_0.22-3_G.snv.filtered.bam	0.0786085933382	0.0885537215947	0.103614908469	0.090102327221	0.0587174595905	0.0736869168309	0.0488905923301	0.0652826446665	0.113852081475	0.142444333549	0.154327001585	0.0594904274044	0.11879314227	0.105555100741	0.0896198297398	0.102649705779	0.0	0.0997954513123	0.104802773173	0.105118465078
TARA_146_MES_0.22-3_G.snv.filtered.bam	0.111896789988	0.0534356882218	0.0452352522351	0.0515956457747	0.11236250341	0.114585218813	0.100982189347	0.0733896085488	0.0579950759001	0.114142913646	0.126087184202	0.0859608703327	0.10063182496	0.0538348580105	0.122264160313	0.046915346785	0.0997954513123	0.0	0.0382415926981	0.048544781415
TARA_149_MES_0.22-3_G.snv.filtered.bam	0.119434761605	0.0492916295304	0.0375975857667	0.0485017365988	0.116322075994	0.121368711307	0.105760560159	0.0721416039801	0.0623246329485	0.125939169433	0.135361673853	0.0915880554971	0.109791977731	0.0563219704809	0.128642288481	0.0479103665415	0.104802773173	0.0382415926981	0.0	0.0347785551292
TARA_152_MES_0.22-3_G.snv.filtered.bam	0.129799526687	0.0493612573827	0.0359779847608	0.0479490380736	0.123492063278	0.129168426884	0.11064021507	0.0734364593323	0.0671118008864	0.13693342163	0.143289723279	0.0971212900494	0.120678325701	0.0593632981875	0.136959826127	0.0577183963282	0.105118465078	0.048544781415	0.0347785551292	0.0
