	TARA_056_MES_0.22-3_G.snv.filtered.bam	TARA_064_MES_0.22-3_G.snv.filtered.bam	TARA_065_MES_0.22-3_G.snv.filtered.bam	TARA_068_MES_0.22-3_G.snv.filtered.bam	TARA_070_MES_0.22-3_G.snv.filtered.bam	TARA_072_MES_0.22-3_G.snv.filtered.bam	TARA_076_MES_0.22-3_G.snv.filtered.bam	TARA_078_MES_0.22-3_G.snv.filtered.bam	TARA_098_MES_0.22-3_G.snv.filtered.bam	TARA_102_MES_0.22-3_G.snv.filtered.bam	TARA_111_MES_0.22-3_G.snv.filtered.bam	TARA_112_MES_0.22-3_G.snv.filtered.bam	TARA_122_MES_0.22-3_G.snv.filtered.bam	TARA_132_MES_0.22-3_G.snv.filtered.bam	TARA_133_MES_0.22-3_G.snv.filtered.bam	TARA_142_MES_0.22-3_G.snv.filtered.bam	TARA_145_MES_0.22-3_G.snv.filtered.bam	TARA_146_MES_0.22-3_G.snv.filtered.bam	TARA_149_MES_0.22-3_G.snv.filtered.bam	TARA_152_MES_0.22-3_G.snv.filtered.bam
TARA_056_MES_0.22-3_G.snv.filtered.bam	0.0	0.023088023088	0.049062049062	0.033189033189	0.0	0.0	0.004329004329	0.01443001443	0.041847041847	0.031746031746	0.041847041847	0.0	0.010101010101	0.02886002886	0.0	0.040404040404	0.00865800865801	0.037518037518	0.0505050505051	0.0634920634921
TARA_064_MES_0.22-3_G.snv.filtered.bam	0.023088023088	0.0	0.002886002886	0.0	0.030303030303	0.023088023088	0.011544011544	0.002886002886	0.0	0.036075036075	0.034632034632	0.001443001443	0.030303030303	0.0	0.036075036075	0.0	0.020202020202	0.001443001443	0.001443001443	0.001443001443
TARA_065_MES_0.22-3_G.snv.filtered.bam	0.049062049062	0.002886002886	0.0	0.002886002886	0.0533910533911	0.047619047619	0.040404040404	0.01443001443	0.0	0.041847041847	0.044733044733	0.011544011544	0.047619047619	0.0	0.0591630591631	0.001443001443	0.040404040404	0.0	0.001443001443	0.001443001443
TARA_068_MES_0.22-3_G.snv.filtered.bam	0.033189033189	0.0	0.002886002886	0.0	0.033189033189	0.031746031746	0.018759018759	0.00577200577201	0.002886002886	0.037518037518	0.040404040404	0.00865800865801	0.02886002886	0.0	0.041847041847	0.001443001443	0.030303030303	0.0	0.0	0.001443001443
TARA_070_MES_0.22-3_G.snv.filtered.bam	0.0	0.030303030303	0.0533910533911	0.033189033189	0.0	0.0	0.0	0.010101010101	0.0519480519481	0.0519480519481	0.0591630591631	0.001443001443	0.027417027417	0.040404040404	0.0	0.044733044733	0.001443001443	0.04329004329	0.0505050505051	0.0663780663781
TARA_072_MES_0.22-3_G.snv.filtered.bam	0.0	0.023088023088	0.047619047619	0.031746031746	0.0	0.0	0.001443001443	0.010101010101	0.0505050505051	0.031746031746	0.040404040404	0.0	0.01443001443	0.036075036075	0.001443001443	0.037518037518	0.00577200577201	0.037518037518	0.046176046176	0.0634920634921
TARA_076_MES_0.22-3_G.snv.filtered.bam	0.004329004329	0.011544011544	0.040404040404	0.018759018759	0.0	0.001443001443	0.0	0.001443001443	0.044733044733	0.0519480519481	0.0548340548341	0.0	0.027417027417	0.027417027417	0.00865800865801	0.037518037518	0.0	0.027417027417	0.041847041847	0.0548340548341
TARA_078_MES_0.22-3_G.snv.filtered.bam	0.01443001443	0.002886002886	0.01443001443	0.00577200577201	0.010101010101	0.010101010101	0.001443001443	0.0	0.012987012987	0.040404040404	0.040404040404	0.0	0.034632034632	0.00577200577201	0.023088023088	0.00577200577201	0.0	0.010101010101	0.012987012987	0.015873015873
TARA_098_MES_0.22-3_G.snv.filtered.bam	0.041847041847	0.0	0.0	0.002886002886	0.0519480519481	0.0505050505051	0.044733044733	0.012987012987	0.0	0.015873015873	0.011544011544	0.017316017316	0.02886002886	0.001443001443	0.0548340548341	0.001443001443	0.044733044733	0.0	0.001443001443	0.004329004329
TARA_102_MES_0.22-3_G.snv.filtered.bam	0.031746031746	0.036075036075	0.041847041847	0.037518037518	0.0519480519481	0.031746031746	0.0519480519481	0.040404040404	0.015873015873	0.0	0.001443001443	0.033189033189	0.002886002886	0.023088023088	0.038961038961	0.012987012987	0.0562770562771	0.021645021645	0.038961038961	0.0519480519481
TARA_111_MES_0.22-3_G.snv.filtered.bam	0.041847041847	0.034632034632	0.044733044733	0.040404040404	0.0591630591631	0.040404040404	0.0548340548341	0.040404040404	0.011544011544	0.001443001443	0.0	0.036075036075	0.010101010101	0.027417027417	0.047619047619	0.017316017316	0.0606060606061	0.027417027417	0.040404040404	0.0505050505051
TARA_112_MES_0.22-3_G.snv.filtered.bam	0.0	0.001443001443	0.011544011544	0.00865800865801	0.001443001443	0.0	0.0	0.0	0.017316017316	0.033189033189	0.036075036075	0.0	0.00721500721501	0.00577200577201	0.00721500721501	0.004329004329	0.001443001443	0.00865800865801	0.011544011544	0.023088023088
TARA_122_MES_0.22-3_G.snv.filtered.bam	0.010101010101	0.030303030303	0.047619047619	0.02886002886	0.027417027417	0.01443001443	0.027417027417	0.034632034632	0.02886002886	0.002886002886	0.010101010101	0.00721500721501	0.0	0.02886002886	0.011544011544	0.027417027417	0.046176046176	0.030303030303	0.033189033189	0.0519480519481
TARA_132_MES_0.22-3_G.snv.filtered.bam	0.02886002886	0.0	0.0	0.0	0.040404040404	0.036075036075	0.027417027417	0.00577200577201	0.001443001443	0.023088023088	0.027417027417	0.00577200577201	0.02886002886	0.0	0.041847041847	0.001443001443	0.027417027417	0.0	0.0	0.0
TARA_133_MES_0.22-3_G.snv.filtered.bam	0.0	0.036075036075	0.0591630591631	0.041847041847	0.0	0.001443001443	0.00865800865801	0.023088023088	0.0548340548341	0.038961038961	0.047619047619	0.00721500721501	0.011544011544	0.041847041847	0.0	0.0533910533911	0.012987012987	0.047619047619	0.0577200577201	0.0735930735931
TARA_142_MES_0.22-3_G.snv.filtered.bam	0.040404040404	0.0	0.001443001443	0.001443001443	0.044733044733	0.037518037518	0.037518037518	0.00577200577201	0.001443001443	0.012987012987	0.017316017316	0.004329004329	0.027417027417	0.001443001443	0.0533910533911	0.0	0.037518037518	0.0	0.0	0.004329004329
TARA_145_MES_0.22-3_G.snv.filtered.bam	0.00865800865801	0.020202020202	0.040404040404	0.030303030303	0.001443001443	0.00577200577201	0.0	0.0	0.044733044733	0.0562770562771	0.0606060606061	0.001443001443	0.046176046176	0.027417027417	0.012987012987	0.037518037518	0.0	0.037518037518	0.038961038961	0.0562770562771
TARA_146_MES_0.22-3_G.snv.filtered.bam	0.037518037518	0.001443001443	0.0	0.0	0.04329004329	0.037518037518	0.027417027417	0.010101010101	0.0	0.021645021645	0.027417027417	0.00865800865801	0.030303030303	0.0	0.047619047619	0.0	0.037518037518	0.0	0.001443001443	0.0
TARA_149_MES_0.22-3_G.snv.filtered.bam	0.0505050505051	0.001443001443	0.001443001443	0.0	0.0505050505051	0.046176046176	0.041847041847	0.012987012987	0.001443001443	0.038961038961	0.040404040404	0.011544011544	0.033189033189	0.0	0.0577200577201	0.0	0.038961038961	0.001443001443	0.0	0.0
TARA_152_MES_0.22-3_G.snv.filtered.bam	0.0634920634921	0.001443001443	0.001443001443	0.001443001443	0.0663780663781	0.0634920634921	0.0548340548341	0.015873015873	0.004329004329	0.0519480519481	0.0505050505051	0.023088023088	0.0519480519481	0.0	0.0735930735931	0.004329004329	0.0562770562771	0.0	0.0	0.0
