	TARA_032_DCM_0.22-1.6_G.snv.filtered.bam	TARA_034_DCM_0.22-1.6_G.snv.filtered.bam	TARA_064_DCM_0.22-3_G.snv.filtered.bam	TARA_076_DCM_0.22-3_G.snv.filtered.bam	TARA_078_DCM_0.22-3_G.snv.filtered.bam	TARA_122_DCM_0.22-3_G.snv.filtered.bam	TARA_123_MIX_0.22-3_G.snv.filtered.bam	TARA_124_MIX_0.22-3_G.snv.filtered.bam	TARA_125_MIX_0.22-3_G.snv.filtered.bam	TARA_145_SRF_0.22-3_G.snv.filtered.bam	TARA_146_SRF_0.22-3_G.snv.filtered.bam	TARA_148_SRF_0.22-3_G.snv.filtered.bam
TARA_032_DCM_0.22-1.6_G.snv.filtered.bam	0.0	0.0	0.0198412698413	0.0972222222222	0.10119047619	0.160714285714	0.146825396825	0.0674603174603	0.164682539683	0.0793650793651	0.0357142857143	0.0297619047619
TARA_034_DCM_0.22-1.6_G.snv.filtered.bam	0.0	0.0	0.031746031746	0.105158730159	0.109126984127	0.146825396825	0.144841269841	0.0555555555556	0.152777777778	0.0595238095238	0.0436507936508	0.0396825396825
TARA_064_DCM_0.22-3_G.snv.filtered.bam	0.0198412698413	0.031746031746	0.0	0.031746031746	0.0357142857143	0.103174603175	0.0972222222222	0.0515873015873	0.105158730159	0.0257936507937	0.00595238095238	0.00198412698413
TARA_076_DCM_0.22-3_G.snv.filtered.bam	0.0972222222222	0.105158730159	0.031746031746	0.0	0.0	0.138888888889	0.132936507937	0.0992063492063	0.134920634921	0.0674603174603	0.0119047619048	0.00992063492063
TARA_078_DCM_0.22-3_G.snv.filtered.bam	0.10119047619	0.109126984127	0.0357142857143	0.0	0.0	0.142857142857	0.136904761905	0.103174603175	0.138888888889	0.0753968253968	0.0198412698413	0.0138888888889
TARA_122_DCM_0.22-3_G.snv.filtered.bam	0.160714285714	0.146825396825	0.103174603175	0.138888888889	0.142857142857	0.0	0.00198412698413	0.0595238095238	0.0297619047619	0.123015873016	0.105158730159	0.111111111111
TARA_123_MIX_0.22-3_G.snv.filtered.bam	0.146825396825	0.144841269841	0.0972222222222	0.132936507937	0.136904761905	0.00198412698413	0.0	0.0436507936508	0.00198412698413	0.111111111111	0.0912698412698	0.107142857143
TARA_124_MIX_0.22-3_G.snv.filtered.bam	0.0674603174603	0.0555555555556	0.0515873015873	0.0992063492063	0.103174603175	0.0595238095238	0.0436507936508	0.0	0.0753968253968	0.0674603174603	0.0456349206349	0.0535714285714
TARA_125_MIX_0.22-3_G.snv.filtered.bam	0.164682539683	0.152777777778	0.105158730159	0.134920634921	0.138888888889	0.0297619047619	0.00198412698413	0.0753968253968	0.0	0.113095238095	0.103174603175	0.115079365079
TARA_145_SRF_0.22-3_G.snv.filtered.bam	0.0793650793651	0.0595238095238	0.0257936507937	0.0674603174603	0.0753968253968	0.123015873016	0.111111111111	0.0674603174603	0.113095238095	0.0	0.00793650793651	0.0297619047619
TARA_146_SRF_0.22-3_G.snv.filtered.bam	0.0357142857143	0.0436507936508	0.00595238095238	0.0119047619048	0.0198412698413	0.105158730159	0.0912698412698	0.0456349206349	0.103174603175	0.00793650793651	0.0	0.00198412698413
TARA_148_SRF_0.22-3_G.snv.filtered.bam	0.0297619047619	0.0396825396825	0.00198412698413	0.00992063492063	0.0138888888889	0.111111111111	0.107142857143	0.0535714285714	0.115079365079	0.0297619047619	0.00198412698413	0.0
