	TARA_004_DCM_0.22-1.6_G.snv.filtered.bam	TARA_004_SRF_0.22-1.6_G.snv.filtered.bam	TARA_009_SRF_0.22-1.6_G.snv.filtered.bam	TARA_018_DCM_0.22-1.6_G.snv.filtered.bam	TARA_018_SRF_0.22-1.6_G.snv.filtered.bam	TARA_025_SRF_0.22-1.6_G.snv.filtered.bam	TARA_030_DCM_0.22-1.6_G.snv.filtered.bam	TARA_030_SRF_0.22-1.6_G.snv.filtered.bam	TARA_078_SRF_0.22-3_G.snv.filtered.bam	TARA_094_SRF_0.22-3_G.snv.filtered.bam	TARA_096_SRF_0.22-3_G.snv.filtered.bam	TARA_098_SRF_0.22-3_G.snv.filtered.bam	TARA_099_SRF_0.22-3_G.snv.filtered.bam	TARA_151_SRF_0.22-3_G.snv.filtered.bam
TARA_004_DCM_0.22-1.6_G.snv.filtered.bam	0.0	0.0	0.0	0.0	0.000629722921914	0.00251889168766	0.0	0.00251889168766	0.000629722921914	0.0	0.0	0.00188916876574	0.0	0.0
TARA_004_SRF_0.22-1.6_G.snv.filtered.bam	0.0	0.0	0.000629722921914	0.0	0.0	0.00314861460957	0.0	0.00251889168766	0.00188916876574	0.0	0.000629722921914	0.00314861460957	0.0	0.0
TARA_009_SRF_0.22-1.6_G.snv.filtered.bam	0.0	0.000629722921914	0.0	0.00125944584383	0.000629722921914	0.00188916876574	0.0	0.00188916876574	0.00314861460957	0.0	0.00188916876574	0.00314861460957	0.0	0.00125944584383
TARA_018_DCM_0.22-1.6_G.snv.filtered.bam	0.0	0.0	0.00125944584383	0.0	0.0	0.00314861460957	0.0	0.00314861460957	0.0	0.00125944584383	0.000629722921914	0.00314861460957	0.0	0.0
TARA_018_SRF_0.22-1.6_G.snv.filtered.bam	0.000629722921914	0.0	0.000629722921914	0.0	0.0	0.00188916876574	0.000629722921914	0.00251889168766	0.000629722921914	0.000629722921914	0.000629722921914	0.00377833753149	0.000629722921914	0.0
TARA_025_SRF_0.22-1.6_G.snv.filtered.bam	0.00251889168766	0.00314861460957	0.00188916876574	0.00314861460957	0.00188916876574	0.0	0.0	0.00188916876574	0.00629722921914	0.00314861460957	0.00566750629723	0.00818639798489	0.00251889168766	0.00188916876574
TARA_030_DCM_0.22-1.6_G.snv.filtered.bam	0.0	0.0	0.0	0.0	0.000629722921914	0.0	0.0	0.00125944584383	0.00125944584383	0.0	0.000629722921914	0.00314861460957	0.0	0.000629722921914
TARA_030_SRF_0.22-1.6_G.snv.filtered.bam	0.00251889168766	0.00251889168766	0.00188916876574	0.00314861460957	0.00251889168766	0.00188916876574	0.00125944584383	0.0	0.00692695214106	0.00314861460957	0.0044080604534	0.0088161209068	0.00251889168766	0.00314861460957
TARA_078_SRF_0.22-3_G.snv.filtered.bam	0.000629722921914	0.00188916876574	0.00314861460957	0.0	0.000629722921914	0.00629722921914	0.00125944584383	0.00692695214106	0.0	0.00125944584383	0.00125944584383	0.00251889168766	0.00125944584383	0.00125944584383
TARA_094_SRF_0.22-3_G.snv.filtered.bam	0.0	0.0	0.0	0.00125944584383	0.000629722921914	0.00314861460957	0.0	0.00314861460957	0.00125944584383	0.0	0.0	0.000629722921914	0.0	0.000629722921914
TARA_096_SRF_0.22-3_G.snv.filtered.bam	0.0	0.000629722921914	0.00188916876574	0.000629722921914	0.000629722921914	0.00566750629723	0.000629722921914	0.0044080604534	0.00125944584383	0.0	0.0	0.0	0.0	0.000629722921914
TARA_098_SRF_0.22-3_G.snv.filtered.bam	0.00188916876574	0.00314861460957	0.00314861460957	0.00314861460957	0.00377833753149	0.00818639798489	0.00314861460957	0.0088161209068	0.00251889168766	0.000629722921914	0.0	0.0	0.0	0.00125944584383
TARA_099_SRF_0.22-3_G.snv.filtered.bam	0.0	0.0	0.0	0.0	0.000629722921914	0.00251889168766	0.0	0.00251889168766	0.00125944584383	0.0	0.0	0.0	0.0	0.0
TARA_151_SRF_0.22-3_G.snv.filtered.bam	0.0	0.0	0.00125944584383	0.0	0.0	0.00188916876574	0.000629722921914	0.00314861460957	0.00125944584383	0.000629722921914	0.000629722921914	0.00125944584383	0.0	0.0
