	TARA_004_DCM_0.22-1.6_G.snv.filtered.bam	TARA_009_DCM_0.22-1.6_G.snv.filtered.bam	TARA_025_DCM_0.22-1.6_G.snv.filtered.bam	TARA_066_DCM_0.22-3_G.snv.filtered.bam	TARA_066_SRF_0.22-3_G.snv.filtered.bam	TARA_132_DCM_0.22-3_G.snv.filtered.bam	TARA_150_DCM_0.22-3_G.snv.filtered.bam	TARA_150_SRF_0.22-3_G.snv.filtered.bam	TARA_151_DCM_0.22-3_G.snv.filtered.bam	TARA_151_SRF_0.22-3_G.snv.filtered.bam	TARA_152_MIX_0.22-3_G.snv.filtered.bam	TARA_152_SRF_0.22-3_G.snv.filtered.bam
TARA_004_DCM_0.22-1.6_G.snv.filtered.bam	0.0	0.00133155792277	0.0239680426099	0.00532623169108	0.0	0.00266311584554	0.0	0.0	0.0	0.0	0.0	0.00133155792277
TARA_009_DCM_0.22-1.6_G.snv.filtered.bam	0.00133155792277	0.0	0.0	0.00665778961385	0.00266311584554	0.00399467376831	0.00399467376831	0.00266311584554	0.00133155792277	0.00266311584554	0.00399467376831	0.00133155792277
TARA_025_DCM_0.22-1.6_G.snv.filtered.bam	0.0239680426099	0.0	0.0	0.0239680426099	0.0252996005326	0.017310252996	0.0213049267643	0.0159786950732	0.0226364846871	0.0186418109188	0.0199733688415	0.0213049267643
TARA_066_DCM_0.22-3_G.snv.filtered.bam	0.00532623169108	0.00665778961385	0.0239680426099	0.0	0.0	0.00399467376831	0.00266311584554	0.00266311584554	0.00133155792277	0.00133155792277	0.00532623169108	0.0
TARA_066_SRF_0.22-3_G.snv.filtered.bam	0.0	0.00266311584554	0.0252996005326	0.0	0.0	0.00133155792277	0.0	0.0	0.0	0.0	0.00133155792277	0.0
TARA_132_DCM_0.22-3_G.snv.filtered.bam	0.00266311584554	0.00399467376831	0.017310252996	0.00399467376831	0.00133155792277	0.0	0.00266311584554	0.0	0.00133155792277	0.0	0.00133155792277	0.00266311584554
TARA_150_DCM_0.22-3_G.snv.filtered.bam	0.0	0.00399467376831	0.0213049267643	0.00266311584554	0.0	0.00266311584554	0.0	0.00133155792277	0.0	0.00133155792277	0.00266311584554	0.00133155792277
TARA_150_SRF_0.22-3_G.snv.filtered.bam	0.0	0.00266311584554	0.0159786950732	0.00266311584554	0.0	0.0	0.00133155792277	0.0	0.0	0.0	0.0	0.0
TARA_151_DCM_0.22-3_G.snv.filtered.bam	0.0	0.00133155792277	0.0226364846871	0.00133155792277	0.0	0.00133155792277	0.0	0.0	0.0	0.0	0.0	0.0
TARA_151_SRF_0.22-3_G.snv.filtered.bam	0.0	0.00266311584554	0.0186418109188	0.00133155792277	0.0	0.0	0.00133155792277	0.0	0.0	0.0	0.0	0.0
TARA_152_MIX_0.22-3_G.snv.filtered.bam	0.0	0.00399467376831	0.0199733688415	0.00532623169108	0.00133155792277	0.00133155792277	0.00266311584554	0.0	0.0	0.0	0.0	0.00133155792277
TARA_152_SRF_0.22-3_G.snv.filtered.bam	0.00133155792277	0.00133155792277	0.0213049267643	0.0	0.0	0.00266311584554	0.00133155792277	0.0	0.0	0.0	0.00133155792277	0.0
