	TARA_007_SRF_0.22-1.6_G.snv.filtered.bam	TARA_009_SRF_0.22-1.6_G.snv.filtered.bam	TARA_030_DCM_0.22-1.6_G.snv.filtered.bam	TARA_033_SRF_0.22-1.6_G.snv.filtered.bam	TARA_057_SRF_0.22-3_G.snv.filtered.bam	TARA_062_SRF_0.22-3_G.snv.filtered.bam	TARA_064_DCM_0.22-3_G.snv.filtered.bam	TARA_064_SRF_0.22-3_G.snv.filtered.bam	TARA_065_DCM_0.22-3_G.snv.filtered.bam	TARA_065_SRF_0.22-3_G.snv.filtered.bam	TARA_109_SRF_0.22-3_G.snv.filtered.bam	TARA_123_SRF_0.22-3_G.snv.filtered.bam	TARA_132_SRF_0.22-3_G.snv.filtered.bam	TARA_140_SRF_0.22-3_G.snv.filtered.bam	TARA_141_SRF_0.22-3_G.snv.filtered.bam	TARA_142_DCM_0.22-3_G.snv.filtered.bam	TARA_142_SRF_0.22-3_G.snv.filtered.bam
TARA_007_SRF_0.22-1.6_G.snv.filtered.bam	0.0	0.00877192982456	0.0131578947368	0.0438596491228	0.0482456140351	0.0423976608187	0.0365497076023	0.0409356725146	0.0321637426901	0.0365497076023	0.0321637426901	0.0570175438596	0.0497076023392	0.0394736842105	0.0394736842105	0.0409356725146	0.0409356725146
TARA_009_SRF_0.22-1.6_G.snv.filtered.bam	0.00877192982456	0.0	0.00292397660819	0.0540935672515	0.0599415204678	0.0555555555556	0.0511695906433	0.0555555555556	0.0482456140351	0.0511695906433	0.0482456140351	0.0643274853801	0.0614035087719	0.0511695906433	0.0482456140351	0.0497076023392	0.0497076023392
TARA_030_DCM_0.22-1.6_G.snv.filtered.bam	0.0131578947368	0.00292397660819	0.0	0.046783625731	0.0511695906433	0.0482456140351	0.046783625731	0.0482456140351	0.0394736842105	0.0438596491228	0.0394736842105	0.0555555555556	0.0526315789474	0.0409356725146	0.0438596491228	0.0423976608187	0.0409356725146
TARA_033_SRF_0.22-1.6_G.snv.filtered.bam	0.0438596491228	0.0540935672515	0.046783625731	0.0	0.00146198830409	0.0	0.00146198830409	0.00292397660819	0.00146198830409	0.00292397660819	0.0	0.0131578947368	0.0116959064327	0.00146198830409	0.0	0.00146198830409	0.00146198830409
TARA_057_SRF_0.22-3_G.snv.filtered.bam	0.0482456140351	0.0599415204678	0.0511695906433	0.00146198830409	0.0	0.0	0.00146198830409	0.0	0.0	0.0	0.0	0.0131578947368	0.0116959064327	0.00146198830409	0.0	0.00292397660819	0.00438596491228
TARA_062_SRF_0.22-3_G.snv.filtered.bam	0.0423976608187	0.0555555555556	0.0482456140351	0.0	0.0	0.0	0.00146198830409	0.0	0.0	0.0	0.0	0.0116959064327	0.0102339181287	0.0	0.00146198830409	0.00292397660819	0.00292397660819
TARA_064_DCM_0.22-3_G.snv.filtered.bam	0.0365497076023	0.0511695906433	0.046783625731	0.00146198830409	0.00146198830409	0.00146198830409	0.0	0.00146198830409	0.0	0.0	0.0	0.0131578947368	0.0116959064327	0.0	0.00146198830409	0.00292397660819	0.00438596491228
TARA_064_SRF_0.22-3_G.snv.filtered.bam	0.0409356725146	0.0555555555556	0.0482456140351	0.00292397660819	0.0	0.0	0.00146198830409	0.0	0.0	0.00146198830409	0.0	0.00877192982456	0.0102339181287	0.0	0.0	0.00146198830409	0.00146198830409
TARA_065_DCM_0.22-3_G.snv.filtered.bam	0.0321637426901	0.0482456140351	0.0394736842105	0.00146198830409	0.0	0.0	0.0	0.0	0.0	0.0	0.0	0.00877192982456	0.0102339181287	0.0	0.0	0.00146198830409	0.00146198830409
TARA_065_SRF_0.22-3_G.snv.filtered.bam	0.0365497076023	0.0511695906433	0.0438596491228	0.00292397660819	0.0	0.0	0.0	0.00146198830409	0.0	0.0	0.00146198830409	0.0175438596491	0.00877192982456	0.0	0.00146198830409	0.00146198830409	0.00292397660819
TARA_109_SRF_0.22-3_G.snv.filtered.bam	0.0321637426901	0.0482456140351	0.0394736842105	0.0	0.0	0.0	0.0	0.0	0.0	0.00146198830409	0.0	0.0131578947368	0.0102339181287	0.0	0.0	0.00146198830409	0.00438596491228
TARA_123_SRF_0.22-3_G.snv.filtered.bam	0.0570175438596	0.0643274853801	0.0555555555556	0.0131578947368	0.0131578947368	0.0116959064327	0.0131578947368	0.00877192982456	0.00877192982456	0.0175438596491	0.0131578947368	0.0	0.0233918128655	0.0116959064327	0.0131578947368	0.0131578947368	0.0190058479532
TARA_132_SRF_0.22-3_G.snv.filtered.bam	0.0497076023392	0.0614035087719	0.0526315789474	0.0116959064327	0.0116959064327	0.0102339181287	0.0116959064327	0.0102339181287	0.0102339181287	0.00877192982456	0.0102339181287	0.0233918128655	0.0	0.00877192982456	0.0102339181287	0.0175438596491	0.016081871345
TARA_140_SRF_0.22-3_G.snv.filtered.bam	0.0394736842105	0.0511695906433	0.0409356725146	0.00146198830409	0.00146198830409	0.0	0.0	0.0	0.0	0.0	0.0	0.0116959064327	0.00877192982456	0.0	0.00146198830409	0.00292397660819	0.00292397660819
TARA_141_SRF_0.22-3_G.snv.filtered.bam	0.0394736842105	0.0482456140351	0.0438596491228	0.0	0.0	0.00146198830409	0.00146198830409	0.0	0.0	0.00146198830409	0.0	0.0131578947368	0.0102339181287	0.00146198830409	0.0	0.0	0.00146198830409
TARA_142_DCM_0.22-3_G.snv.filtered.bam	0.0409356725146	0.0497076023392	0.0423976608187	0.00146198830409	0.00292397660819	0.00292397660819	0.00292397660819	0.00146198830409	0.00146198830409	0.00146198830409	0.00146198830409	0.0131578947368	0.0175438596491	0.00292397660819	0.0	0.0	0.0
TARA_142_SRF_0.22-3_G.snv.filtered.bam	0.0409356725146	0.0497076023392	0.0409356725146	0.00146198830409	0.00438596491228	0.00292397660819	0.00438596491228	0.00146198830409	0.00146198830409	0.00292397660819	0.00438596491228	0.0190058479532	0.016081871345	0.00292397660819	0.00146198830409	0.0	0.0
