	TARA_007_SRF_0.22-1.6_G.snv.filtered.bam	TARA_009_SRF_0.22-1.6_G.snv.filtered.bam	TARA_031_SRF_0.22-1.6_G.snv.filtered.bam	TARA_032_SRF_0.22-1.6_G.snv.filtered.bam	TARA_033_SRF_0.22-1.6_G.snv.filtered.bam	TARA_034_SRF_0.22-1.6_G.snv.filtered.bam	TARA_036_DCM_0.22-1.6_G.snv.filtered.bam	TARA_036_SRF_0.22-1.6_G.snv.filtered.bam	TARA_038_DCM_0.22-1.6_G.snv.filtered.bam	TARA_038_SRF_0.22-1.6_G.snv.filtered.bam	TARA_039_DCM_0.22-1.6_G.snv.filtered.bam	TARA_041_DCM_0.22-1.6_G.snv.filtered.bam	TARA_041_SRF_0.22-1.6_G.snv.filtered.bam	TARA_042_SRF_0.22-1.6_G.snv.filtered.bam	TARA_045_SRF_0.22-1.6_G.snv.filtered.bam	TARA_052_DCM_0.22-1.6_G.snv.filtered.bam	TARA_052_SRF_0.22-1.6_G.snv.filtered.bam	TARA_056_SRF_0.22-3_G.snv.filtered.bam	TARA_057_SRF_0.22-3_G.snv.filtered.bam	TARA_058_DCM_0.22-3_G.snv.filtered.bam	TARA_062_SRF_0.22-3_G.snv.filtered.bam	TARA_064_DCM_0.22-3_G.snv.filtered.bam	TARA_064_SRF_0.22-3_G.snv.filtered.bam	TARA_065_DCM_0.22-3_G.snv.filtered.bam	TARA_065_SRF_0.22-3_G.snv.filtered.bam	TARA_102_DCM_0.22-3_G.snv.filtered.bam	TARA_102_SRF_0.22-3_G.snv.filtered.bam	TARA_109_DCM_0.22-3_G.snv.filtered.bam	TARA_109_SRF_0.22-3_G.snv.filtered.bam	TARA_110_DCM_0.22-3_G.snv.filtered.bam	TARA_110_SRF_0.22-3_G.snv.filtered.bam	TARA_123_SRF_0.22-3_G.snv.filtered.bam	TARA_124_SRF_0.22-3_G.snv.filtered.bam	TARA_125_SRF_0.22-3_G.snv.filtered.bam	TARA_128_DCM_0.22-3_G.snv.filtered.bam	TARA_128_SRF_0.22-3_G.snv.filtered.bam	TARA_137_SRF_0.22-3_G.snv.filtered.bam	TARA_140_SRF_0.22-3_G.snv.filtered.bam	TARA_141_SRF_0.22-3_G.snv.filtered.bam
TARA_007_SRF_0.22-1.6_G.snv.filtered.bam	0.0	0.0124907675945	0.10538072714	0.101576706018	0.102734567114	0.105694425007	0.112371717131	0.107951653403	0.104879109692	0.112129442394	0.0997686378421	0.101745253431	0.102481171047	0.0968262518172	0.107285530236	0.106301523567	0.111624449306	0.111578250136	0.108189837825	0.111280378392	0.110044757028	0.108251256317	0.107519375375	0.105978878084	0.109832468367	0.116280292499	0.119871976049	0.123554642832	0.119641335368	0.127821769801	0.13026232609	0.108688324463	0.110806507375	0.113469330608	0.119096374736	0.124816709271	0.125965872273	0.115939653013	0.107037183581
TARA_009_SRF_0.22-1.6_G.snv.filtered.bam	0.0124907675945	0.0	0.104864283715	0.0988328653085	0.100698344936	0.102573003867	0.112942447834	0.108356362015	0.104916318905	0.113543660727	0.0997175795699	0.100336652063	0.100708822456	0.0953390987128	0.104020415591	0.103069092585	0.109869823879	0.110534895697	0.107084337885	0.110934026653	0.111090430611	0.107941756934	0.106699926811	0.105012538597	0.108726816098	0.117206795221	0.119641155265	0.123368920166	0.119090989363	0.12902063422	0.131006736432	0.107718016242	0.109028471216	0.113127343157	0.117580230809	0.125191531458	0.126983672617	0.116401661341	0.104144787385
TARA_031_SRF_0.22-1.6_G.snv.filtered.bam	0.10538072714	0.104864283715	0.0	0.0288417448377	0.0321874955939	0.0335113099517	0.0602067175331	0.0573288224777	0.0499744919245	0.0592010235446	0.04900664953	0.0523616099518	0.0497804302651	0.0528614257997	0.0609499214474	0.063345381164	0.0698183537097	0.0550332779464	0.051474625052	0.0540377493557	0.0536245482556	0.0604299761802	0.051832689452	0.0498305549838	0.0521852029966	0.0909875505217	0.0915021509388	0.0840700341306	0.0724409658206	0.0947929055964	0.0951873736919	0.0685133363563	0.0694366528277	0.0754634464126	0.0790322209087	0.0862122235448	0.0759748582736	0.069461810285	0.0700185618842
TARA_032_SRF_0.22-1.6_G.snv.filtered.bam	0.101576706018	0.0988328653085	0.0288417448377	0.0	0.0259262472084	0.0297480327858	0.060665119178	0.0555385866301	0.0532617347285	0.0601917743386	0.0461305423722	0.0481156817173	0.047101713829	0.0466624839669	0.0594293071577	0.0635721174434	0.0689677620743	0.0558836050387	0.0519895257688	0.0544398403449	0.055263653921	0.0623998702795	0.0537081190283	0.049435960507	0.0524731009105	0.0909096381656	0.0936839868617	0.0858149055377	0.071080650281	0.0981707802786	0.0989287349605	0.0675203244459	0.0689153183224	0.0754004798024	0.0759729015906	0.0849973287137	0.0784726764098	0.0742956291487	0.0666228709843
TARA_033_SRF_0.22-1.6_G.snv.filtered.bam	0.102734567114	0.100698344936	0.0321874955939	0.0259262472084	0.0	0.0200335884237	0.0562468009811	0.0513959605711	0.0539987054508	0.0567356898261	0.0465586211205	0.0520519161057	0.0519672040745	0.0528167175119	0.065626637166	0.0663857688748	0.0696635846712	0.0551586519241	0.0509623625631	0.0528075588591	0.0531998857486	0.0644615117697	0.0545129843702	0.0501429635031	0.0527995428497	0.0873339283207	0.0915576721403	0.0852909073316	0.069947825173	0.095604371012	0.0963465314129	0.0639490775328	0.0664261320999	0.0707199547824	0.0760678839094	0.0852583180076	0.0778083349289	0.0663085168913	0.0622937882468
TARA_034_SRF_0.22-1.6_G.snv.filtered.bam	0.105694425007	0.102573003867	0.0335113099517	0.0297480327858	0.0200335884237	0.0	0.0564286062314	0.0517201765952	0.0533475590002	0.0561403514877	0.0475978063041	0.0537992875669	0.0525296299926	0.054564532034	0.0665736312407	0.0661493487081	0.0691406088557	0.0557960992752	0.0520134247681	0.0551199263314	0.055108007098	0.0661182795076	0.0557305064412	0.0508184652806	0.0552855741741	0.0869256878542	0.0903535012596	0.0837753395254	0.0690578623726	0.0942973182096	0.0944665228253	0.0655875494012	0.0663287348752	0.0722424967509	0.0767608941703	0.0867194712931	0.0785139194538	0.0663466914231	0.0640072646116
TARA_036_DCM_0.22-1.6_G.snv.filtered.bam	0.112371717131	0.112942447834	0.0602067175331	0.060665119178	0.0562468009811	0.0564286062314	0.0	0.0218197524578	0.0412445505692	0.02435967482	0.0432019734321	0.0551306457135	0.0587775077247	0.064351828012	0.0759470643012	0.0708720656772	0.0758645311572	0.0594727007173	0.0523572553047	0.0542571527977	0.0570129498596	0.0684338385289	0.0562783973742	0.0530213657968	0.057009962021	0.0819880889642	0.0869393595451	0.0803977063181	0.0676334569635	0.0890558322326	0.0895427840992	0.062805697962	0.0665453826289	0.068253475799	0.0855794514227	0.0902116295951	0.0731177092259	0.0499132564484	0.0640726240972
TARA_036_SRF_0.22-1.6_G.snv.filtered.bam	0.107951653403	0.108356362015	0.0573288224777	0.0555385866301	0.0513959605711	0.0517201765952	0.0218197524578	0.0	0.0395879832623	0.0299617594015	0.0373363754606	0.0489305636209	0.0542970060349	0.0578175235862	0.0709874326775	0.0664005442451	0.0709647618148	0.0577774979543	0.0502033474898	0.0549870923375	0.056310088878	0.0669327334078	0.0559603164344	0.0494728783966	0.0560663349215	0.0807610095544	0.084379034688	0.0786771820076	0.0645404212333	0.0890945521487	0.0900233138729	0.0595915166447	0.0651990124884	0.0685545597523	0.0795914608957	0.0850361704059	0.0719315390964	0.0552941195187	0.0613259017037
TARA_038_DCM_0.22-1.6_G.snv.filtered.bam	0.104879109692	0.104916318905	0.0499744919245	0.0532617347285	0.0539987054508	0.0533475590002	0.0412445505692	0.0395879832623	0.0	0.0415826476783	0.0375233571198	0.0422108156564	0.0442229975823	0.0491263833685	0.0608114502787	0.0597862793899	0.065599043768	0.0511226308572	0.047191993983	0.0487645348337	0.0505434927713	0.0596657131096	0.0459167252217	0.0455911474673	0.0477354708093	0.0843822181367	0.0880256378637	0.077117469853	0.0637383735053	0.0882729807953	0.088323882301	0.0639358217666	0.066427959929	0.0719171950038	0.0786703057391	0.0842827395977	0.0701483846307	0.059506844299	0.0654417289859
TARA_038_SRF_0.22-1.6_G.snv.filtered.bam	0.112129442394	0.113543660727	0.0592010235446	0.0601917743386	0.0567356898261	0.0561403514877	0.02435967482	0.0299617594015	0.0415826476783	0.0	0.0428503138527	0.0535511961813	0.0558686881941	0.0625071199576	0.0722791603144	0.0699906514072	0.0741725560657	0.0574257019602	0.0510172305951	0.0512170324073	0.0542702298384	0.0689709794163	0.0538633743511	0.0525529305798	0.055306320976	0.0813756998115	0.0864949138019	0.0793838248027	0.0662070229557	0.0895441599542	0.0895709392356	0.0641968358461	0.0668855931281	0.069465447709	0.0851183665723	0.0895207393145	0.0726514885622	0.0505476119654	0.0642924310661
TARA_039_DCM_0.22-1.6_G.snv.filtered.bam	0.0997686378421	0.0997175795699	0.04900664953	0.0461305423722	0.0465586211205	0.0475978063041	0.0432019734321	0.0373363754606	0.0375233571198	0.0428503138527	0.0	0.0341248778273	0.0352025353609	0.0398393625621	0.0555342192128	0.0578128502808	0.0632377181682	0.0447391819071	0.0382449547565	0.0425766407495	0.0427914369474	0.056241439066	0.0438990718973	0.0369705625812	0.0415897045292	0.0860034555455	0.0860796682117	0.0775058101362	0.061907528443	0.0912591799349	0.0911025350525	0.058072020636	0.0612693321784	0.0665785115591	0.0743269517889	0.0836791105761	0.0706412972568	0.0583829585979	0.0576897015601
TARA_041_DCM_0.22-1.6_G.snv.filtered.bam	0.101745253431	0.100336652063	0.0523616099518	0.0481156817173	0.0520519161057	0.0537992875669	0.0551306457135	0.0489305636209	0.0422108156564	0.0535511961813	0.0341248778273	0.0	0.0350796172345	0.0389850657359	0.0513221109319	0.0586193179858	0.0640526256885	0.0500840886111	0.0457937657301	0.0484092877084	0.0497360438373	0.0588566991428	0.0502100678093	0.0433531361242	0.0450823354284	0.0900012124098	0.0926966340706	0.0844247689959	0.0682151083667	0.0994125564461	0.0984850099941	0.062229457081	0.066378251153	0.0725516314292	0.0734542478504	0.0827401128051	0.0758982553203	0.0677505810133	0.0639697234955
TARA_041_SRF_0.22-1.6_G.snv.filtered.bam	0.102481171047	0.100708822456	0.0497804302651	0.047101713829	0.0519672040745	0.0525296299926	0.0587775077247	0.0542970060349	0.0442229975823	0.0558686881941	0.0352025353609	0.0350796172345	0.0	0.0316956231399	0.0446568909798	0.055806735496	0.0621056773014	0.045607512203	0.0435185852357	0.0449748434324	0.0437445285879	0.0539714895195	0.0454420719425	0.0423611351238	0.0426204364386	0.0908962893164	0.0925231031314	0.0837770030748	0.0685327142045	0.0969912073965	0.0979339721294	0.0691630195441	0.0693366227681	0.078576121291	0.0755871818452	0.0848605437183	0.0748674118615	0.0699010307045	0.0670465023444
TARA_042_SRF_0.22-1.6_G.snv.filtered.bam	0.0968262518172	0.0953390987128	0.0528614257997	0.0466624839669	0.0528167175119	0.054564532034	0.064351828012	0.0578175235862	0.0491263833685	0.0625071199576	0.0398393625621	0.0389850657359	0.0316956231399	0.0	0.0431462268216	0.0577121604904	0.0642447322314	0.0512856155475	0.0486857217968	0.0507394948693	0.0507406939243	0.0571821312486	0.0496849993571	0.0458174672877	0.0473776611682	0.0902846626886	0.0919363559696	0.0857502202843	0.0707353924932	0.0995056596294	0.0998549811873	0.069708387613	0.0735705660114	0.0803999812764	0.078659532224	0.0884832322288	0.0791935783757	0.0719039475084	0.069510408363
TARA_045_SRF_0.22-1.6_G.snv.filtered.bam	0.107285530236	0.104020415591	0.0609499214474	0.0594293071577	0.065626637166	0.0665736312407	0.0759470643012	0.0709874326775	0.0608114502787	0.0722791603144	0.0555342192128	0.0513221109319	0.0446568909798	0.0431462268216	0.0	0.0586565406086	0.066307153177	0.0565014240035	0.0569776255162	0.0591256602322	0.0562579484347	0.0604741956973	0.058045288554	0.0559459534448	0.0542611764543	0.0982738983514	0.0999425635103	0.0909365725575	0.0787772426176	0.105019760129	0.10519039218	0.0793996547197	0.0797222798897	0.0887862275597	0.085181626493	0.0939764343376	0.0849504604503	0.0812179396948	0.0803269363488
TARA_052_DCM_0.22-1.6_G.snv.filtered.bam	0.106301523567	0.103069092585	0.063345381164	0.0635721174434	0.0663857688748	0.0661493487081	0.0708720656772	0.0664005442451	0.0597862793899	0.0699906514072	0.0578128502808	0.0586193179858	0.055806735496	0.0577121604904	0.0586565406086	0.0	0.0465464984756	0.0628241907261	0.0651268147567	0.0651048060767	0.0652997885356	0.0604939946372	0.0605951176124	0.0634454586406	0.0621264316852	0.0887173956564	0.0906089160796	0.0837551734283	0.0754639883826	0.0939956156968	0.0944914274799	0.067421368611	0.0674000025951	0.0764229418029	0.0712470349857	0.0772821947934	0.0788927477637	0.0810920407052	0.0725930631755
TARA_052_SRF_0.22-1.6_G.snv.filtered.bam	0.111624449306	0.109869823879	0.0698183537097	0.0689677620743	0.0696635846712	0.0691406088557	0.0758645311572	0.0709647618148	0.065599043768	0.0741725560657	0.0632377181682	0.0640526256885	0.0621056773014	0.0642447322314	0.066307153177	0.0465464984756	0.0	0.0665497292168	0.0700338198613	0.0707925634104	0.0723306718212	0.0693676936622	0.0668906336056	0.070293460473	0.0689801912013	0.0885772783483	0.0917172490451	0.0787217875881	0.0752659330969	0.088474591175	0.0872144108173	0.0707468539717	0.0705943812332	0.0842179337824	0.0663547437016	0.069312025504	0.0795478365674	0.0810088445984	0.075509659933
TARA_056_SRF_0.22-3_G.snv.filtered.bam	0.111578250136	0.110534895697	0.0550332779464	0.0558836050387	0.0551586519241	0.0557960992752	0.0594727007173	0.0577774979543	0.0511226308572	0.0574257019602	0.0447391819071	0.0500840886111	0.045607512203	0.0512856155475	0.0565014240035	0.0628241907261	0.0665497292168	0.0	0.0319571000355	0.0389899710758	0.034503759242	0.055857765737	0.0424645840981	0.0392433055243	0.0403168830078	0.0909750799413	0.0930992857204	0.0811787176921	0.0668205930128	0.0943377817165	0.0931341946758	0.0635807336857	0.0649660434974	0.0728130310236	0.079735645661	0.0864355829055	0.0713052038884	0.0645059882155	0.0685399349112
TARA_057_SRF_0.22-3_G.snv.filtered.bam	0.108189837825	0.107084337885	0.051474625052	0.0519895257688	0.0509623625631	0.0520134247681	0.0523572553047	0.0502033474898	0.047191993983	0.0510172305951	0.0382449547565	0.0457937657301	0.0435185852357	0.0486857217968	0.0569776255162	0.0651268147567	0.0700338198613	0.0319571000355	0.0	0.0315140195587	0.0309548167466	0.0563238978698	0.0427719770226	0.0315201471484	0.0368548451727	0.0917487264705	0.0942010270271	0.083903953309	0.0680145348764	0.0967413569585	0.0952376050552	0.0612933899529	0.0617499732401	0.0681439734409	0.0815933066805	0.0881438731839	0.0738312904021	0.0604516112702	0.0621144816534
TARA_058_DCM_0.22-3_G.snv.filtered.bam	0.111280378392	0.110934026653	0.0540377493557	0.0544398403449	0.0528075588591	0.0551199263314	0.0542571527977	0.0549870923375	0.0487645348337	0.0512170324073	0.0425766407495	0.0484092877084	0.0449748434324	0.0507394948693	0.0591256602322	0.0651048060767	0.0707925634104	0.0389899710758	0.0315140195587	0.0	0.0347338143826	0.0571876286909	0.0422419109256	0.0368514466983	0.0397142135581	0.0914386024009	0.0948327245419	0.085663024403	0.0692527755555	0.0987815642628	0.0951968834355	0.0645433557244	0.065564790651	0.0697894799205	0.0806913962364	0.0877835252879	0.074143648143	0.0595229593803	0.0643382301931
TARA_062_SRF_0.22-3_G.snv.filtered.bam	0.110044757028	0.111090430611	0.0536245482556	0.055263653921	0.0531998857486	0.055108007098	0.0570129498596	0.056310088878	0.0505434927713	0.0542702298384	0.0427914369474	0.0497360438373	0.0437445285879	0.0507406939243	0.0562579484347	0.0652997885356	0.0723306718212	0.034503759242	0.0309548167466	0.0347338143826	0.0	0.0569789388299	0.0419171511885	0.0367434156563	0.037375246238	0.0919219819703	0.0945226801955	0.086567803264	0.0710409170648	0.0986335604207	0.0975389873752	0.0668418070778	0.0646041584165	0.0703937529094	0.0830115446481	0.0901375645002	0.075903839152	0.0625031195643	0.0672326560558
TARA_064_DCM_0.22-3_G.snv.filtered.bam	0.108251256317	0.107941756934	0.0604299761802	0.0623998702795	0.0644615117697	0.0661182795076	0.0684338385289	0.0669327334078	0.0596657131096	0.0689709794163	0.056241439066	0.0588566991428	0.0539714895195	0.0571821312486	0.0604741956973	0.0604939946372	0.0693676936622	0.055857765737	0.0563238978698	0.0571876286909	0.0569789388299	0.0	0.0463629252041	0.0546379923807	0.0542638213232	0.0955204065667	0.0959083358196	0.0840813381916	0.0743431852996	0.0960770165058	0.0971064426925	0.0731598910427	0.0709661248252	0.0797788596425	0.0803605691242	0.0860421048585	0.0785932580041	0.0751591589148	0.0763363372058
TARA_064_SRF_0.22-3_G.snv.filtered.bam	0.107519375375	0.106699926811	0.051832689452	0.0537081190283	0.0545129843702	0.0557305064412	0.0562783973742	0.0559603164344	0.0459167252217	0.0538633743511	0.0438990718973	0.0502100678093	0.0454420719425	0.0496849993571	0.058045288554	0.0605951176124	0.0668906336056	0.0424645840981	0.0427719770226	0.0422419109256	0.0419171511885	0.0463629252041	0.0	0.0404684597491	0.0399116084712	0.0849656536934	0.0888205822714	0.0804402881179	0.0658508567247	0.0907441341293	0.0900685405203	0.0663678920685	0.0670243372417	0.0741876621829	0.0784116057133	0.0847243818604	0.0699870515911	0.0592764964055	0.0652053457476
TARA_065_DCM_0.22-3_G.snv.filtered.bam	0.105978878084	0.105012538597	0.0498305549838	0.049435960507	0.0501429635031	0.0508184652806	0.0530213657968	0.0494728783966	0.0455911474673	0.0525529305798	0.0369705625812	0.0433531361242	0.0423611351238	0.0458174672877	0.0559459534448	0.0634454586406	0.070293460473	0.0392433055243	0.0315201471484	0.0368514466983	0.0367434156563	0.0546379923807	0.0404684597491	0.0	0.0361122927614	0.0910559263867	0.0945556440893	0.0846625551265	0.069548882433	0.0973360554302	0.0957902315201	0.0621091518059	0.0630463085833	0.0702154428418	0.0778558808527	0.0862090432449	0.0745777594073	0.0627861054755	0.0635103339208
TARA_065_SRF_0.22-3_G.snv.filtered.bam	0.109832468367	0.108726816098	0.0521852029966	0.0524731009105	0.0527995428497	0.0552855741741	0.057009962021	0.0560663349215	0.0477354708093	0.055306320976	0.0415897045292	0.0450823354284	0.0426204364386	0.0473776611682	0.0542611764543	0.0621264316852	0.0689801912013	0.0403168830078	0.0368548451727	0.0397142135581	0.037375246238	0.0542638213232	0.0399116084712	0.0361122927614	0.0	0.0888002242619	0.0931094387259	0.0854873240637	0.069561690533	0.0980674361082	0.096732318237	0.0662318853754	0.0649868430719	0.0716616252589	0.0782548491637	0.0873668844711	0.0756435882518	0.0644743193886	0.0636267850198
TARA_102_DCM_0.22-3_G.snv.filtered.bam	0.116280292499	0.117206795221	0.0909875505217	0.0909096381656	0.0873339283207	0.0869256878542	0.0819880889642	0.0807610095544	0.0843822181367	0.0813756998115	0.0860034555455	0.0900012124098	0.0908962893164	0.0902846626886	0.0982738983514	0.0887173956564	0.0885772783483	0.0909750799413	0.0917487264705	0.0914386024009	0.0919219819703	0.0955204065667	0.0849656536934	0.0910559263867	0.0888002242619	0.0	0.0414094960498	0.0672594107996	0.0651553617277	0.0712303460711	0.0709606771201	0.0954984261515	0.0944299378166	0.100134720019	0.0999249747201	0.101259840872	0.0671266897212	0.0754403896536	0.0872956566757
TARA_102_SRF_0.22-3_G.snv.filtered.bam	0.119871976049	0.119641155265	0.0915021509388	0.0936839868617	0.0915576721403	0.0903535012596	0.0869393595451	0.084379034688	0.0880256378637	0.0864949138019	0.0860796682117	0.0926966340706	0.0925231031314	0.0919363559696	0.0999425635103	0.0906089160796	0.0917172490451	0.0930992857204	0.0942010270271	0.0948327245419	0.0945226801955	0.0959083358196	0.0888205822714	0.0945556440893	0.0931094387259	0.0414094960498	0.0	0.0559342838833	0.05794172336	0.0672774982998	0.0669571353191	0.0981341238452	0.0963063827647	0.104027590562	0.100329215394	0.103824924569	0.0617955504312	0.0841721243459	0.0923682916551
TARA_109_DCM_0.22-3_G.snv.filtered.bam	0.123554642832	0.123368920166	0.0840700341306	0.0858149055377	0.0852909073316	0.0837753395254	0.0803977063181	0.0786771820076	0.077117469853	0.0793838248027	0.0775058101362	0.0844247689959	0.0837770030748	0.0857502202843	0.0909365725575	0.0837551734283	0.0787217875881	0.0811787176921	0.083903953309	0.085663024403	0.086567803264	0.0840813381916	0.0804402881179	0.0846625551265	0.0854873240637	0.0672594107996	0.0559342838833	0.0	0.041382989869	0.0534030639741	0.0503042547057	0.0866102231553	0.0847858396832	0.0962511223982	0.0866423163987	0.0907973105383	0.0466658272846	0.0762698363022	0.0902448375752
TARA_109_SRF_0.22-3_G.snv.filtered.bam	0.119641335368	0.119090989363	0.0724409658206	0.071080650281	0.069947825173	0.0690578623726	0.0676334569635	0.0645404212333	0.0637383735053	0.0662070229557	0.061907528443	0.0682151083667	0.0685327142045	0.0707353924932	0.0787772426176	0.0754639883826	0.0752659330969	0.0668205930128	0.0680145348764	0.0692527755555	0.0710409170648	0.0743431852996	0.0658508567247	0.069548882433	0.069561690533	0.0651553617277	0.05794172336	0.041382989869	0.0	0.0640094785705	0.0633847009986	0.0784520944485	0.0776283004091	0.088665009339	0.0799009637755	0.0870566237514	0.0372353270306	0.0650333182789	0.0771941277414
TARA_110_DCM_0.22-3_G.snv.filtered.bam	0.127821769801	0.12902063422	0.0947929055964	0.0981707802786	0.095604371012	0.0942973182096	0.0890558322326	0.0890945521487	0.0882729807953	0.0895441599542	0.0912591799349	0.0994125564461	0.0969912073965	0.0995056596294	0.105019760129	0.0939956156968	0.088474591175	0.0943377817165	0.0967413569585	0.0987815642628	0.0986335604207	0.0960770165058	0.0907441341293	0.0973360554302	0.0980674361082	0.0712303460711	0.0672774982998	0.0534030639741	0.0640094785705	0.0	0.0414415474323	0.0964465880359	0.0942918941055	0.106080785522	0.0924302146626	0.0895130407693	0.0618515587737	0.0863249144313	0.101028053495
TARA_110_SRF_0.22-3_G.snv.filtered.bam	0.13026232609	0.131006736432	0.0951873736919	0.0989287349605	0.0963465314129	0.0944665228253	0.0895427840992	0.0900233138729	0.088323882301	0.0895709392356	0.0911025350525	0.0984850099941	0.0979339721294	0.0998549811873	0.10519039218	0.0944914274799	0.0872144108173	0.0931341946758	0.0952376050552	0.0951968834355	0.0975389873752	0.0971064426925	0.0900685405203	0.0957902315201	0.096732318237	0.0709606771201	0.0669571353191	0.0503042547057	0.0633847009986	0.0414415474323	0.0	0.0956346805947	0.093477639636	0.104668465933	0.0906780342261	0.0871460081808	0.0591434485965	0.0856115772701	0.0995201279393
TARA_123_SRF_0.22-3_G.snv.filtered.bam	0.108688324463	0.107718016242	0.0685133363563	0.0675203244459	0.0639490775328	0.0655875494012	0.062805697962	0.0595915166447	0.0639358217666	0.0641968358461	0.058072020636	0.062229457081	0.0691630195441	0.069708387613	0.0793996547197	0.067421368611	0.0707468539717	0.0635807336857	0.0612933899529	0.0645433557244	0.0668418070778	0.0731598910427	0.0663678920685	0.0621091518059	0.0662318853754	0.0954984261515	0.0981341238452	0.0866102231553	0.0784520944485	0.0964465880359	0.0956346805947	0.0	0.0316718097691	0.0330555175335	0.0691279241141	0.0767685731699	0.0847818386284	0.0735336677953	0.0604722002044
TARA_124_SRF_0.22-3_G.snv.filtered.bam	0.110806507375	0.109028471216	0.0694366528277	0.0689153183224	0.0664261320999	0.0663287348752	0.0665453826289	0.0651990124884	0.066427959929	0.0668855931281	0.0612693321784	0.066378251153	0.0693366227681	0.0735705660114	0.0797222798897	0.0674000025951	0.0705943812332	0.0649660434974	0.0617499732401	0.065564790651	0.0646041584165	0.0709661248252	0.0670243372417	0.0630463085833	0.0649868430719	0.0944299378166	0.0963063827647	0.0847858396832	0.0776283004091	0.0942918941055	0.093477639636	0.0316718097691	0.0	0.031211397441	0.062290745358	0.0712666253206	0.0823311485189	0.0761979985599	0.0634287057458
TARA_125_SRF_0.22-3_G.snv.filtered.bam	0.113469330608	0.113127343157	0.0754634464126	0.0754004798024	0.0707199547824	0.0722424967509	0.068253475799	0.0685545597523	0.0719171950038	0.069465447709	0.0665785115591	0.0725516314292	0.078576121291	0.0803999812764	0.0887862275597	0.0764229418029	0.0842179337824	0.0728130310236	0.0681439734409	0.0697894799205	0.0703937529094	0.0797788596425	0.0741876621829	0.0702154428418	0.0716616252589	0.100134720019	0.104027590562	0.0962511223982	0.088665009339	0.106080785522	0.104668465933	0.0330555175335	0.031211397441	0.0	0.0837586687716	0.0911848953183	0.0921987635126	0.0795185359013	0.066295502826
TARA_128_DCM_0.22-3_G.snv.filtered.bam	0.119096374736	0.117580230809	0.0790322209087	0.0759729015906	0.0760678839094	0.0767608941703	0.0855794514227	0.0795914608957	0.0786703057391	0.0851183665723	0.0743269517889	0.0734542478504	0.0755871818452	0.078659532224	0.085181626493	0.0712470349857	0.0663547437016	0.079735645661	0.0815933066805	0.0806913962364	0.0830115446481	0.0803605691242	0.0784116057133	0.0778558808527	0.0782548491637	0.0999249747201	0.100329215394	0.0866423163987	0.0799009637755	0.0924302146626	0.0906780342261	0.0691279241141	0.062290745358	0.0837586687716	0.0	0.0349430076839	0.0825948174511	0.0906469426825	0.0828164710977
TARA_128_SRF_0.22-3_G.snv.filtered.bam	0.124816709271	0.125191531458	0.0862122235448	0.0849973287137	0.0852583180076	0.0867194712931	0.0902116295951	0.0850361704059	0.0842827395977	0.0895207393145	0.0836791105761	0.0827401128051	0.0848605437183	0.0884832322288	0.0939764343376	0.0772821947934	0.069312025504	0.0864355829055	0.0881438731839	0.0877835252879	0.0901375645002	0.0860421048585	0.0847243818604	0.0862090432449	0.0873668844711	0.101259840872	0.103824924569	0.0907973105383	0.0870566237514	0.0895130407693	0.0871460081808	0.0767685731699	0.0712666253206	0.0911848953183	0.0349430076839	0.0	0.0863326668274	0.0934680778135	0.0883596186011
TARA_137_SRF_0.22-3_G.snv.filtered.bam	0.125965872273	0.126983672617	0.0759748582736	0.0784726764098	0.0778083349289	0.0785139194538	0.0731177092259	0.0719315390964	0.0701483846307	0.0726514885622	0.0706412972568	0.0758982553203	0.0748674118615	0.0791935783757	0.0849504604503	0.0788927477637	0.0795478365674	0.0713052038884	0.0738312904021	0.074143648143	0.075903839152	0.0785932580041	0.0699870515911	0.0745777594073	0.0756435882518	0.0671266897212	0.0617955504312	0.0466658272846	0.0372353270306	0.0618515587737	0.0591434485965	0.0847818386284	0.0823311485189	0.0921987635126	0.0825948174511	0.0863326668274	0.0	0.0739544122839	0.0876153706513
TARA_140_SRF_0.22-3_G.snv.filtered.bam	0.115939653013	0.116401661341	0.069461810285	0.0742956291487	0.0663085168913	0.0663466914231	0.0499132564484	0.0552941195187	0.059506844299	0.0505476119654	0.0583829585979	0.0677505810133	0.0699010307045	0.0719039475084	0.0812179396948	0.0810920407052	0.0810088445984	0.0645059882155	0.0604516112702	0.0595229593803	0.0625031195643	0.0751591589148	0.0592764964055	0.0627861054755	0.0644743193886	0.0754403896536	0.0841721243459	0.0762698363022	0.0650333182789	0.0863249144313	0.0856115772701	0.0735336677953	0.0761979985599	0.0795185359013	0.0906469426825	0.0934680778135	0.0739544122839	0.0	0.0691092867138
TARA_141_SRF_0.22-3_G.snv.filtered.bam	0.107037183581	0.104144787385	0.0700185618842	0.0666228709843	0.0622937882468	0.0640072646116	0.0640726240972	0.0613259017037	0.0654417289859	0.0642924310661	0.0576897015601	0.0639697234955	0.0670465023444	0.069510408363	0.0803269363488	0.0725930631755	0.075509659933	0.0685399349112	0.0621144816534	0.0643382301931	0.0672326560558	0.0763363372058	0.0652053457476	0.0635103339208	0.0636267850198	0.0872956566757	0.0923682916551	0.0902448375752	0.0771941277414	0.101028053495	0.0995201279393	0.0604722002044	0.0634287057458	0.066295502826	0.0828164710977	0.0883596186011	0.0876153706513	0.0691092867138	0.0
