	TARA_100_DCM_0.22-3_G.snv.filtered.bam	TARA_110_DCM_0.22-3_G.snv.filtered.bam	TARA_110_SRF_0.22-3_G.snv.filtered.bam	TARA_111_DCM_0.22-3_G.snv.filtered.bam	TARA_111_SRF_0.22-3_G.snv.filtered.bam	TARA_122_DCM_0.22-3_G.snv.filtered.bam	TARA_122_SRF_0.22-3_G.snv.filtered.bam	TARA_123_SRF_0.22-3_G.snv.filtered.bam	TARA_124_MIX_0.22-3_G.snv.filtered.bam	TARA_124_SRF_0.22-3_G.snv.filtered.bam	TARA_125_SRF_0.22-3_G.snv.filtered.bam	TARA_128_DCM_0.22-3_G.snv.filtered.bam	TARA_128_SRF_0.22-3_G.snv.filtered.bam
TARA_100_DCM_0.22-3_G.snv.filtered.bam	0.0	0.116035586138	0.114876885702	0.0615913034786	0.072784706429	0.109606095773	0.116319660768	0.118298139742	0.117018932323	0.114344300345	0.11740278729	0.117802772978	0.122036272995
TARA_110_DCM_0.22-3_G.snv.filtered.bam	0.116035586138	0.0	0.0465884372251	0.146368803327	0.156061758364	0.121507048938	0.0634551853065	0.0586140848739	0.0623358254927	0.0510130173093	0.0443396218546	0.0438114389822	0.0439754155119
TARA_110_SRF_0.22-3_G.snv.filtered.bam	0.114876885702	0.0465884372251	0.0	0.142449078466	0.151713160935	0.118943631616	0.066291888206	0.0603190396392	0.0620162977296	0.0560266998611	0.0496904445901	0.0490355900036	0.0508348538676
TARA_111_DCM_0.22-3_G.snv.filtered.bam	0.0615913034786	0.146368803327	0.142449078466	0.0	0.0449239532856	0.123166424087	0.13726465087	0.145685983136	0.141589650912	0.142139985332	0.145888149503	0.15249824154	0.154100497472
TARA_111_SRF_0.22-3_G.snv.filtered.bam	0.072784706429	0.156061758364	0.151713160935	0.0449239532856	0.0	0.122981222799	0.1454059343	0.153219921139	0.148252864111	0.14995395136	0.152755974657	0.161647234823	0.16416643891
TARA_122_DCM_0.22-3_G.snv.filtered.bam	0.109606095773	0.121507048938	0.118943631616	0.123166424087	0.122981222799	0.0	0.0913603258836	0.0985440802581	0.0895892435164	0.0929008782785	0.100569073249	0.119433421889	0.120555827841
TARA_122_SRF_0.22-3_G.snv.filtered.bam	0.116319660768	0.0634551853065	0.066291888206	0.13726465087	0.1454059343	0.0913603258836	0.0	0.0542591458087	0.0471672390611	0.0412193170463	0.0444485272963	0.0670737157618	0.0678615774141
TARA_123_SRF_0.22-3_G.snv.filtered.bam	0.118298139742	0.0586140848739	0.0603190396392	0.145685983136	0.153219921139	0.0985440802581	0.0542591458087	0.0	0.0513054245053	0.0431812207332	0.0420375192797	0.0594383378372	0.0611625964418
TARA_124_MIX_0.22-3_G.snv.filtered.bam	0.117018932323	0.0623358254927	0.0620162977296	0.141589650912	0.148252864111	0.0895892435164	0.0471672390611	0.0513054245053	0.0	0.0383234002671	0.0408054537644	0.0646668113443	0.0646610590932
TARA_124_SRF_0.22-3_G.snv.filtered.bam	0.114344300345	0.0510130173093	0.0560266998611	0.142139985332	0.14995395136	0.0929008782785	0.0412193170463	0.0431812207332	0.0383234002671	0.0	0.0301566639525	0.0535152933304	0.0563291679625
TARA_125_SRF_0.22-3_G.snv.filtered.bam	0.11740278729	0.0443396218546	0.0496904445901	0.145888149503	0.152755974657	0.100569073249	0.0444485272963	0.0420375192797	0.0408054537644	0.0301566639525	0.0	0.0485654626559	0.0500287377847
TARA_128_DCM_0.22-3_G.snv.filtered.bam	0.117802772978	0.0438114389822	0.0490355900036	0.15249824154	0.161647234823	0.119433421889	0.0670737157618	0.0594383378372	0.0646668113443	0.0535152933304	0.0485654626559	0.0	0.0440594198436
TARA_128_SRF_0.22-3_G.snv.filtered.bam	0.122036272995	0.0439754155119	0.0508348538676	0.154100497472	0.16416643891	0.120555827841	0.0678615774141	0.0611625964418	0.0646610590932	0.0563291679625	0.0500287377847	0.0440594198436	0.0
