	TARA_007_SRF_0.22-1.6_G.snv.filtered.bam	TARA_009_SRF_0.22-1.6_G.snv.filtered.bam	TARA_018_DCM_0.22-1.6_G.snv.filtered.bam	TARA_018_SRF_0.22-1.6_G.snv.filtered.bam	TARA_023_DCM_0.22-1.6_G.snv.filtered.bam	TARA_023_SRF_0.22-1.6_G.snv.filtered.bam	TARA_025_DCM_0.22-1.6_G.snv.filtered.bam	TARA_025_SRF_0.22-1.6_G.snv.filtered.bam	TARA_030_DCM_0.22-1.6_G.snv.filtered.bam	TARA_030_SRF_0.22-1.6_G.snv.filtered.bam	TARA_096_SRF_0.22-3_G.snv.filtered.bam	TARA_098_SRF_0.22-3_G.snv.filtered.bam	TARA_099_SRF_0.22-3_G.snv.filtered.bam	TARA_112_SRF_0.22-3_G.snv.filtered.bam	TARA_132_SRF_0.22-3_G.snv.filtered.bam
TARA_007_SRF_0.22-1.6_G.snv.filtered.bam	0.0	0.0173185831368	0.0366292653799	0.03624724743	0.027100319985	0.0293947781485	0.0323043156155	0.0246226464959	0.0309291139107	0.0308876717453	0.156743175963	0.150891460296	0.134901624923	0.168697050937	0.149116307176
TARA_009_SRF_0.22-1.6_G.snv.filtered.bam	0.0173185831368	0.0	0.0294066490722	0.029078647972	0.023360933495	0.0216405249709	0.0262108175914	0.0188057318685	0.0236071598476	0.0231099201766	0.156753866591	0.150322902561	0.134760328909	0.170254683901	0.148477985502
TARA_018_DCM_0.22-1.6_G.snv.filtered.bam	0.0366292653799	0.0294066490722	0.0	0.0133707915466	0.0321848784157	0.0249451348429	0.0224896755686	0.0251040112036	0.024327529866	0.0245636684757	0.148329086253	0.143815401122	0.125045730658	0.163307199558	0.143197548783
TARA_018_SRF_0.22-1.6_G.snv.filtered.bam	0.03624724743	0.029078647972	0.0133707915466	0.0	0.0322689523025	0.0248291799298	0.0243947474156	0.024643807782	0.0237018037083	0.0236018981025	0.149441291938	0.144895173426	0.125378210244	0.164878496422	0.143865002817
TARA_023_DCM_0.22-1.6_G.snv.filtered.bam	0.027100319985	0.023360933495	0.0321848784157	0.0322689523025	0.0	0.0235838185294	0.0261374885159	0.0215681038428	0.0247976142888	0.0259335118007	0.157607563172	0.15128376862	0.133508673188	0.170429942274	0.147644413191
TARA_023_SRF_0.22-1.6_G.snv.filtered.bam	0.0293947781485	0.0216405249709	0.0249451348429	0.0248291799298	0.0235838185294	0.0	0.0226881299317	0.0152958377672	0.0158373962794	0.0181651127338	0.155773202213	0.149789392991	0.133173614983	0.168893462709	0.148664486584
TARA_025_DCM_0.22-1.6_G.snv.filtered.bam	0.0323043156155	0.0262108175914	0.0224896755686	0.0243947474156	0.0261374885159	0.0226881299317	0.0	0.0216776441948	0.0205689589462	0.0218313048008	0.151883829114	0.145756869166	0.128731228164	0.165045995293	0.144733744423
TARA_025_SRF_0.22-1.6_G.snv.filtered.bam	0.0246226464959	0.0188057318685	0.0251040112036	0.024643807782	0.0215681038428	0.0152958377672	0.0216776441948	0.0	0.0151801222068	0.0165839982032	0.154280676188	0.148125475147	0.131786644149	0.167785624307	0.146503750982
TARA_030_DCM_0.22-1.6_G.snv.filtered.bam	0.0309291139107	0.0236071598476	0.024327529866	0.0237018037083	0.0247976142888	0.0158373962794	0.0205689589462	0.0151801222068	0.0	0.0121022699071	0.154029145336	0.14881517523	0.131993373133	0.167651869243	0.147016409826
TARA_030_SRF_0.22-1.6_G.snv.filtered.bam	0.0308876717453	0.0231099201766	0.0245636684757	0.0236018981025	0.0259335118007	0.0181651127338	0.0218313048008	0.0165839982032	0.0121022699071	0.0	0.154856464421	0.148564680693	0.132106541273	0.168492685768	0.146701536729
TARA_096_SRF_0.22-3_G.snv.filtered.bam	0.156743175963	0.156753866591	0.148329086253	0.149441291938	0.157607563172	0.155773202213	0.151883829114	0.154280676188	0.154029145336	0.154856464421	0.0	0.0528762634523	0.0775905528642	0.102573537101	0.134411545561
TARA_098_SRF_0.22-3_G.snv.filtered.bam	0.150891460296	0.150322902561	0.143815401122	0.144895173426	0.15128376862	0.149789392991	0.145756869166	0.148125475147	0.14881517523	0.148564680693	0.0528762634523	0.0	0.0833992120938	0.0809386309126	0.135768448931
TARA_099_SRF_0.22-3_G.snv.filtered.bam	0.134901624923	0.134760328909	0.125045730658	0.125378210244	0.133508673188	0.133173614983	0.128731228164	0.131786644149	0.131993373133	0.132106541273	0.0775905528642	0.0833992120938	0.0	0.107841557735	0.0879119621714
TARA_112_SRF_0.22-3_G.snv.filtered.bam	0.168697050937	0.170254683901	0.163307199558	0.164878496422	0.170429942274	0.168893462709	0.165045995293	0.167785624307	0.167651869243	0.168492685768	0.102573537101	0.0809386309126	0.107841557735	0.0	0.146733792984
TARA_132_SRF_0.22-3_G.snv.filtered.bam	0.149116307176	0.148477985502	0.143197548783	0.143865002817	0.147644413191	0.148664486584	0.144733744423	0.146503750982	0.147016409826	0.146701536729	0.134411545561	0.135768448931	0.0879119621714	0.146733792984	0.0
