	TARA_031_SRF_0.22-1.6_G.snv.filtered.bam	TARA_032_DCM_0.22-1.6_G.snv.filtered.bam	TARA_032_SRF_0.22-1.6_G.snv.filtered.bam	TARA_033_SRF_0.22-1.6_G.snv.filtered.bam	TARA_041_SRF_0.22-1.6_G.snv.filtered.bam	TARA_042_SRF_0.22-1.6_G.snv.filtered.bam	TARA_045_SRF_0.22-1.6_G.snv.filtered.bam	TARA_048_SRF_0.22-1.6_G.snv.filtered.bam	TARA_052_DCM_0.22-1.6_G.snv.filtered.bam	TARA_052_SRF_0.22-1.6_G.snv.filtered.bam	TARA_056_SRF_0.22-3_G.snv.filtered.bam	TARA_057_SRF_0.22-3_G.snv.filtered.bam	TARA_058_DCM_0.22-3_G.snv.filtered.bam	TARA_062_SRF_0.22-3_G.snv.filtered.bam	TARA_064_DCM_0.22-3_G.snv.filtered.bam	TARA_064_SRF_0.22-3_G.snv.filtered.bam	TARA_065_DCM_0.22-3_G.snv.filtered.bam	TARA_065_SRF_0.22-3_G.snv.filtered.bam	TARA_072_SRF_0.22-3_G.snv.filtered.bam	TARA_076_SRF_0.22-3_G.snv.filtered.bam	TARA_078_SRF_0.22-3_G.snv.filtered.bam	TARA_099_SRF_0.22-3_G.snv.filtered.bam	TARA_111_SRF_0.22-3_G.snv.filtered.bam	TARA_112_SRF_0.22-3_G.snv.filtered.bam	TARA_122_SRF_0.22-3_G.snv.filtered.bam	TARA_124_SRF_0.22-3_G.snv.filtered.bam	TARA_125_SRF_0.22-3_G.snv.filtered.bam	TARA_132_SRF_0.22-3_G.snv.filtered.bam	TARA_137_SRF_0.22-3_G.snv.filtered.bam	TARA_138_SRF_0.22-3_G.snv.filtered.bam	TARA_141_SRF_0.22-3_G.snv.filtered.bam	TARA_142_DCM_0.22-3_G.snv.filtered.bam	TARA_142_SRF_0.22-3_G.snv.filtered.bam	TARA_148_SRF_0.22-3_G.snv.filtered.bam
TARA_031_SRF_0.22-1.6_G.snv.filtered.bam	0.0	0.0383720181639	0.0214458504089	0.0399417812507	0.0630438846236	0.0617845110827	0.0694991453387	0.065611770848	0.0707474185976	0.0700103641553	0.0683941731395	0.0690526908216	0.0726251765631	0.0767395622134	0.0767617822137	0.0696455418751	0.0719651006331	0.0693577595383	0.0748114431593	0.0827231254959	0.0823883457699	0.116398302289	0.145626300064	0.125359345748	0.117028960951	0.115130886901	0.116921762522	0.0866257596942	0.0836676115857	0.0760680735784	0.0823937492129	0.0789537923747	0.0809935737446	0.0924543982029
TARA_032_DCM_0.22-1.6_G.snv.filtered.bam	0.0383720181639	0.0	0.0330866188612	0.0421755537459	0.0639219094435	0.0610661663949	0.0676735276933	0.0659166146253	0.0688765519373	0.0685187417491	0.0685683497984	0.0704148202185	0.0747142536738	0.0763367342893	0.0780407042897	0.0718070258583	0.0702422083431	0.0694794405259	0.0734963857923	0.0821750153522	0.0814611025389	0.118597038129	0.14418028492	0.127989717572	0.11991959429	0.116144141754	0.117144152025	0.0848762263519	0.0797665247676	0.0763694199558	0.0822066180625	0.0790316458689	0.0816246786146	0.0906055134293
TARA_032_SRF_0.22-1.6_G.snv.filtered.bam	0.0214458504089	0.0330866188612	0.0	0.0325331105279	0.062627660102	0.059828006677	0.066193989236	0.0619549058492	0.0669556642339	0.0664614676206	0.0668335602128	0.0681785142355	0.0740277370767	0.0769225385062	0.0746613789534	0.0687598161347	0.0711431166458	0.070350903246	0.0708625823297	0.0794100673173	0.0799498924889	0.112195223963	0.142074692835	0.123350788068	0.115170518531	0.112993778751	0.114458929673	0.0828348659959	0.0794190321391	0.072259325739	0.0796394926747	0.0764602593027	0.0760885990715	0.0889954078085
TARA_033_SRF_0.22-1.6_G.snv.filtered.bam	0.0399417812507	0.0421755537459	0.0325331105279	0.0	0.0721038893364	0.0708766936182	0.0752980875459	0.0717601251247	0.0738610848224	0.0742168959142	0.0752058762622	0.0769773964079	0.082234027947	0.0841121025721	0.0820516494117	0.0761608014927	0.0761398363606	0.0762553744714	0.0772564551828	0.0888855714042	0.0865538921898	0.11860125056	0.144455975408	0.127335642059	0.120118282637	0.117693384383	0.119522600307	0.0895956122792	0.0852098386994	0.0808046573857	0.0857635533381	0.0829320406694	0.0847078928703	0.0936444817028
TARA_041_SRF_0.22-1.6_G.snv.filtered.bam	0.0630438846236	0.0639219094435	0.062627660102	0.0721038893364	0.0	0.0318036975697	0.0337405331303	0.0326736045556	0.0406166280239	0.0391541002678	0.0386730534346	0.0379945315018	0.0486530295143	0.0538624558257	0.0566127618256	0.0397514375225	0.0457852182423	0.0461080848148	0.0516851223006	0.0652450890652	0.0643859687183	0.102269706587	0.133761157355	0.10993326751	0.102792050558	0.0970967270878	0.0994883219975	0.0637354242227	0.058790770014	0.0524991301036	0.0595545893367	0.0556644369923	0.0572850132769	0.0701923789773
TARA_042_SRF_0.22-1.6_G.snv.filtered.bam	0.0617845110827	0.0610661663949	0.059828006677	0.0708766936182	0.0318036975697	0.0	0.033007013443	0.0263551067516	0.0425061048104	0.0409417640712	0.0463501134062	0.0487918818478	0.0584660865663	0.062411672029	0.0621451739478	0.0456359431236	0.0526077558909	0.0504933446259	0.0500917122846	0.0613926156574	0.0650514290868	0.0996525431506	0.129758830349	0.108338958555	0.102338770799	0.0966703841008	0.0987676700107	0.0657465239878	0.0603576290159	0.0539812182608	0.0618381030102	0.0556822765162	0.0561633719679	0.0727911129619
TARA_045_SRF_0.22-1.6_G.snv.filtered.bam	0.0694991453387	0.0676735276933	0.066193989236	0.0752980875459	0.0337405331303	0.033007013443	0.0	0.0244714861264	0.0265600182256	0.0239151956493	0.0374419252221	0.0414623198815	0.0561542644982	0.062200258558	0.053005748497	0.0353293694683	0.0505810124143	0.0498788895504	0.0450155820976	0.0608223681932	0.0686560777251	0.100597185268	0.130351284742	0.110592539919	0.102890978923	0.0966808116376	0.100780488266	0.0656857918661	0.0503980246606	0.0454690961718	0.0542675695157	0.0481453046935	0.050975148745	0.0655887784129
TARA_048_SRF_0.22-1.6_G.snv.filtered.bam	0.065611770848	0.0659166146253	0.0619549058492	0.0717601251247	0.0326736045556	0.0263551067516	0.0244714861264	0.0	0.0290892318488	0.0281216059243	0.0409660192014	0.0446612494467	0.057155542295	0.0627670246649	0.05685082492	0.0384742500585	0.0522153183767	0.0507129846481	0.0453967849543	0.0598642268987	0.0654927822017	0.0991468638156	0.129876364274	0.10895276904	0.10153084794	0.0961692562785	0.0993095622042	0.0645060963744	0.0520496737963	0.0458240810943	0.0575633858976	0.0501759808173	0.0511338250553	0.0682153370622
TARA_052_DCM_0.22-1.6_G.snv.filtered.bam	0.0707474185976	0.0688765519373	0.0669556642339	0.0738610848224	0.0406166280239	0.0425061048104	0.0265600182256	0.0290892318488	0.0	0.0192860370502	0.037218392438	0.0438455568839	0.0584106380216	0.064072423637	0.0517360735433	0.0364658975547	0.0518657728802	0.0504195275494	0.043440055487	0.0624030308742	0.0681721712133	0.0998835635209	0.129436459799	0.109955135967	0.102537521779	0.0981033001695	0.101539527253	0.0651240696242	0.0471507245237	0.0426145147733	0.0544071570758	0.050579152012	0.0546834838826	0.0650869869234
TARA_052_SRF_0.22-1.6_G.snv.filtered.bam	0.0700103641553	0.0685187417491	0.0664614676206	0.0742168959142	0.0391541002678	0.0409417640712	0.0239151956493	0.0281216059243	0.0192860370502	0.0	0.0347711201978	0.0410514694839	0.0556469218832	0.0627484120998	0.0495241689818	0.0345320309995	0.048219298689	0.0489374822301	0.0428302665088	0.0633860793333	0.0680914798612	0.100653572034	0.132067200474	0.11170190768	0.103454977565	0.097974561048	0.101358512125	0.0659386054105	0.0469252110598	0.0412409524859	0.050851122883	0.0483255508955	0.0521790861817	0.0618852545669
TARA_056_SRF_0.22-3_G.snv.filtered.bam	0.0683941731395	0.0685683497984	0.0668335602128	0.0752058762622	0.0386730534346	0.0463501134062	0.0374419252221	0.0409660192014	0.037218392438	0.0347711201978	0.0	0.0298577513264	0.0404564347794	0.0470321411009	0.0496519839024	0.0349214451501	0.042767629657	0.042434478678	0.0546124419521	0.0702427067793	0.0703363765653	0.100338893574	0.133223910347	0.110755019372	0.105620739444	0.103403392193	0.105016734912	0.0689917250675	0.0544663050088	0.0501236705622	0.0566857597457	0.0531550346491	0.0558792928337	0.064080902621
TARA_057_SRF_0.22-3_G.snv.filtered.bam	0.0690526908216	0.0704148202185	0.0681785142355	0.0769773964079	0.0379945315018	0.0487918818478	0.0414623198815	0.0446612494467	0.0438455568839	0.0410514694839	0.0298577513264	0.0	0.035759492423	0.0394959186095	0.0545376208417	0.0389204366251	0.0408869806233	0.0430162911281	0.0580383488758	0.0731053834347	0.0726011664359	0.103131534604	0.136974316143	0.114485248521	0.105666956602	0.104303848645	0.105911716666	0.0697106101831	0.0608487391706	0.0539294971672	0.056915533347	0.055222418836	0.0576923497173	0.0629423499223
TARA_058_DCM_0.22-3_G.snv.filtered.bam	0.0726251765631	0.0747142536738	0.0740277370767	0.082234027947	0.0486530295143	0.0584660865663	0.0561542644982	0.057155542295	0.0584106380216	0.0556469218832	0.0404564347794	0.035759492423	0.0	0.0368873721455	0.0606503566249	0.0505091463437	0.0448311838053	0.0426843608478	0.0684491068324	0.0796183772191	0.0752750480905	0.109207157949	0.143139532818	0.117001539055	0.110650199735	0.107652959126	0.108810227041	0.0746828138859	0.0719813072528	0.066455244845	0.0684370802975	0.0653645251448	0.0671024906259	0.0710438089835
TARA_062_SRF_0.22-3_G.snv.filtered.bam	0.0767395622134	0.0763367342893	0.0769225385062	0.0841121025721	0.0538624558257	0.062411672029	0.062200258558	0.0627670246649	0.064072423637	0.0627484120998	0.0470321411009	0.0394959186095	0.0368873721455	0.0	0.0689844060937	0.0545749526066	0.0479595143704	0.0475350625556	0.069880198934	0.0801624476499	0.0765311337857	0.103563792363	0.136862477818	0.111769987944	0.108194797284	0.105624389829	0.108535175564	0.0767950141034	0.0768690627705	0.0702841812252	0.0696644278014	0.0683031393118	0.0695983049152	0.0730646325008
TARA_064_DCM_0.22-3_G.snv.filtered.bam	0.0767617822137	0.0780407042897	0.0746613789534	0.0820516494117	0.0566127618256	0.0621451739478	0.053005748497	0.05685082492	0.0517360735433	0.0495241689818	0.0496519839024	0.0545376208417	0.0606503566249	0.0689844060937	0.0	0.050436480394	0.0563894286573	0.0567858463088	0.0620246066492	0.0710901746	0.0746349689289	0.104419093993	0.135768636284	0.112685957048	0.109740551321	0.106022163358	0.108529542279	0.0748415877898	0.0579316065714	0.0574252261241	0.0633997711956	0.0601141197412	0.0636474303486	0.0686128601477
TARA_064_SRF_0.22-3_G.snv.filtered.bam	0.0696455418751	0.0718070258583	0.0687598161347	0.0761608014927	0.0397514375225	0.0456359431236	0.0353293694683	0.0384742500585	0.0364658975547	0.0345320309995	0.0349214451501	0.0389204366251	0.0505091463437	0.0545749526066	0.050436480394	0.0	0.0430776859587	0.0432171100714	0.049764198921	0.064833686717	0.0643744381155	0.100161710942	0.131723749004	0.109613239012	0.10032128264	0.0975853913356	0.0997088438374	0.0641607928327	0.0512456725293	0.0471930214714	0.0547814701245	0.0513363406976	0.055262218927	0.0633096583913
TARA_065_DCM_0.22-3_G.snv.filtered.bam	0.0719651006331	0.0702422083431	0.0711431166458	0.0761398363606	0.0457852182423	0.0526077558909	0.0505810124143	0.0522153183767	0.0518657728802	0.048219298689	0.042767629657	0.0408869806233	0.0448311838053	0.0479595143704	0.0563894286573	0.0430776859587	0.0	0.0435735194897	0.0611880404825	0.0751132540163	0.0704996531965	0.102610216826	0.138151603828	0.112129068765	0.107145494586	0.104387723569	0.104790956238	0.0689270991206	0.0652884818609	0.0598479413598	0.0627504861376	0.0604496864069	0.0633778340543	0.0672299543399
TARA_065_SRF_0.22-3_G.snv.filtered.bam	0.0693577595383	0.0694794405259	0.070350903246	0.0762553744714	0.0461080848148	0.0504933446259	0.0498788895504	0.0507129846481	0.0504195275494	0.0489374822301	0.042434478678	0.0430162911281	0.0426843608478	0.0475350625556	0.0567858463088	0.0432171100714	0.0435735194897	0.0	0.0585862469931	0.0704901905572	0.0695000155958	0.103729284891	0.134867351853	0.113106032691	0.104167230041	0.100696137749	0.100709759943	0.0673164644268	0.0622560838132	0.0583112160434	0.0629988973315	0.0574820574545	0.0614636862747	0.0675549454879
TARA_072_SRF_0.22-3_G.snv.filtered.bam	0.0748114431593	0.0734963857923	0.0708625823297	0.0772564551828	0.0516851223006	0.0500917122846	0.0450155820976	0.0453967849543	0.043440055487	0.0428302665088	0.0546124419521	0.0580383488758	0.0684491068324	0.069880198934	0.0620246066492	0.049764198921	0.0611880404825	0.0585862469931	0.0	0.0568988413673	0.0619525919459	0.0913246260662	0.124880301781	0.102543443143	0.096935664193	0.0914490138285	0.0924544299177	0.0573385087009	0.0538268880395	0.0481560607911	0.0513897102897	0.0463445192863	0.0515517182802	0.0635091464636
TARA_076_SRF_0.22-3_G.snv.filtered.bam	0.0827231254959	0.0821750153522	0.0794100673173	0.0888855714042	0.0652450890652	0.0613926156574	0.0608223681932	0.0598642268987	0.0624030308742	0.0633860793333	0.0702427067793	0.0731053834347	0.0796183772191	0.0801624476499	0.0710901746	0.064833686717	0.0751132540163	0.0704901905572	0.0568988413673	0.0	0.0617542123755	0.0880013369774	0.121543055968	0.0957997669743	0.0959208419141	0.0918240516377	0.0960030715125	0.0593721036615	0.0668136230213	0.0633320408866	0.0681590864337	0.0618333454385	0.0637495043432	0.0755197678293
TARA_078_SRF_0.22-3_G.snv.filtered.bam	0.0823883457699	0.0814611025389	0.0799498924889	0.0865538921898	0.0643859687183	0.0650514290868	0.0686560777251	0.0654927822017	0.0681721712133	0.0680914798612	0.0703363765653	0.0726011664359	0.0752750480905	0.0765311337857	0.0746349689289	0.0643744381155	0.0704996531965	0.0695000155958	0.0619525919459	0.0617542123755	0.0	0.0961611015172	0.122879308021	0.0993039160979	0.097518680867	0.0946057062245	0.0937843748906	0.0523402256456	0.0714491391085	0.0655941689659	0.0706025811616	0.0668851894694	0.0700468186576	0.0781071878309
TARA_099_SRF_0.22-3_G.snv.filtered.bam	0.116398302289	0.118597038129	0.112195223963	0.11860125056	0.102269706587	0.0996525431506	0.100597185268	0.0991468638156	0.0998835635209	0.100653572034	0.100338893574	0.103131534604	0.109207157949	0.103563792363	0.104419093993	0.100161710942	0.102610216826	0.103729284891	0.0913246260662	0.0880013369774	0.0961611015172	0.0	0.122529292634	0.0588850460063	0.108323328162	0.104821194099	0.108258628478	0.0890514159136	0.0997348813658	0.0949223809898	0.0980696319205	0.0961838931974	0.0936677552337	0.0964280565617
TARA_111_SRF_0.22-3_G.snv.filtered.bam	0.145626300064	0.14418028492	0.142074692835	0.144455975408	0.133761157355	0.129758830349	0.130351284742	0.129876364274	0.129436459799	0.132067200474	0.133223910347	0.136974316143	0.143139532818	0.136862477818	0.135768636284	0.131723749004	0.138151603828	0.134867351853	0.124880301781	0.121543055968	0.122879308021	0.122529292634	0.0	0.126463798843	0.106430404175	0.110661417952	0.110337239017	0.126489902567	0.127527855298	0.123447796482	0.134190391868	0.129980961473	0.131306956855	0.131789304711
TARA_112_SRF_0.22-3_G.snv.filtered.bam	0.125359345748	0.127989717572	0.123350788068	0.127335642059	0.10993326751	0.108338958555	0.110592539919	0.10895276904	0.109955135967	0.11170190768	0.110755019372	0.114485248521	0.117001539055	0.111769987944	0.112685957048	0.109613239012	0.112129068765	0.113106032691	0.102543443143	0.0957997669743	0.0993039160979	0.0588850460063	0.126463798843	0.0	0.111009189807	0.110836812583	0.111933976682	0.0974699107184	0.110012519764	0.10784772689	0.109721528662	0.106534525584	0.107984872515	0.113782750558
TARA_122_SRF_0.22-3_G.snv.filtered.bam	0.117028960951	0.11991959429	0.115170518531	0.120118282637	0.102792050558	0.102338770799	0.102890978923	0.10153084794	0.102537521779	0.103454977565	0.105620739444	0.105666956602	0.110650199735	0.108194797284	0.109740551321	0.10032128264	0.107145494586	0.104167230041	0.096935664193	0.0959208419141	0.097518680867	0.108323328162	0.106430404175	0.111009189807	0.0	0.0379713554857	0.0385043012205	0.0954623890476	0.0954485251471	0.0820103134274	0.103294334876	0.100805499482	0.100925100754	0.105934284577
TARA_124_SRF_0.22-3_G.snv.filtered.bam	0.115130886901	0.116144141754	0.112993778751	0.117693384383	0.0970967270878	0.0966703841008	0.0966808116376	0.0961692562785	0.0981033001695	0.097974561048	0.103403392193	0.104303848645	0.107652959126	0.105624389829	0.106022163358	0.0975853913356	0.104387723569	0.100696137749	0.0914490138285	0.0918240516377	0.0946057062245	0.104821194099	0.110661417952	0.110836812583	0.0379713554857	0.0	0.0359346182722	0.0883018192336	0.0901449149763	0.0794194843965	0.101457162073	0.0970378079695	0.0982113240227	0.105670914968
TARA_125_SRF_0.22-3_G.snv.filtered.bam	0.116921762522	0.117144152025	0.114458929673	0.119522600307	0.0994883219975	0.0987676700107	0.100780488266	0.0993095622042	0.101539527253	0.101358512125	0.105016734912	0.105911716666	0.108810227041	0.108535175564	0.108529542279	0.0997088438374	0.104790956238	0.100709759943	0.0924544299177	0.0960030715125	0.0937843748906	0.108258628478	0.110337239017	0.111933976682	0.0385043012205	0.0359346182722	0.0	0.0906994289046	0.0931531328574	0.0834820436267	0.105598842823	0.100887491175	0.102703313536	0.108093226036
TARA_132_SRF_0.22-3_G.snv.filtered.bam	0.0866257596942	0.0848762263519	0.0828348659959	0.0895956122792	0.0637354242227	0.0657465239878	0.0656857918661	0.0645060963744	0.0651240696242	0.0659386054105	0.0689917250675	0.0697106101831	0.0746828138859	0.0767950141034	0.0748415877898	0.0641607928327	0.0689270991206	0.0673164644268	0.0573385087009	0.0593721036615	0.0523402256456	0.0890514159136	0.126489902567	0.0974699107184	0.0954623890476	0.0883018192336	0.0906994289046	0.0	0.0685306687392	0.0636946651566	0.068995578883	0.0659417959002	0.0677838345516	0.0758313736571
TARA_137_SRF_0.22-3_G.snv.filtered.bam	0.0836676115857	0.0797665247676	0.0794190321391	0.0852098386994	0.058790770014	0.0603576290159	0.0503980246606	0.0520496737963	0.0471507245237	0.0469252110598	0.0544663050088	0.0608487391706	0.0719813072528	0.0768690627705	0.0579316065714	0.0512456725293	0.0652884818609	0.0622560838132	0.0538268880395	0.0668136230213	0.0714491391085	0.0997348813658	0.127527855298	0.110012519764	0.0954485251471	0.0901449149763	0.0931531328574	0.0685306687392	0.0	0.0404168549913	0.0603413453573	0.0564872429414	0.0607374204925	0.0658802037454
TARA_138_SRF_0.22-3_G.snv.filtered.bam	0.0760680735784	0.0763694199558	0.072259325739	0.0808046573857	0.0524991301036	0.0539812182608	0.0454690961718	0.0458240810943	0.0426145147733	0.0412409524859	0.0501236705622	0.0539294971672	0.066455244845	0.0702841812252	0.0574252261241	0.0471930214714	0.0598479413598	0.0583112160434	0.0481560607911	0.0633320408866	0.0655941689659	0.0949223809898	0.123447796482	0.10784772689	0.0820103134274	0.0794194843965	0.0834820436267	0.0636946651566	0.0404168549913	0.0	0.0559300004962	0.0513255994159	0.0548018352806	0.0636950031978
TARA_141_SRF_0.22-3_G.snv.filtered.bam	0.0823937492129	0.0822066180625	0.0796394926747	0.0857635533381	0.0595545893367	0.0618381030102	0.0542675695157	0.0575633858976	0.0544071570758	0.050851122883	0.0566857597457	0.056915533347	0.0684370802975	0.0696644278014	0.0633997711956	0.0547814701245	0.0627504861376	0.0629988973315	0.0513897102897	0.0681590864337	0.0706025811616	0.0980696319205	0.134190391868	0.109721528662	0.103294334876	0.101457162073	0.105598842823	0.068995578883	0.0603413453573	0.0559300004962	0.0	0.0241992432788	0.028834370228	0.0362322568788
TARA_142_DCM_0.22-3_G.snv.filtered.bam	0.0789537923747	0.0790316458689	0.0764602593027	0.0829320406694	0.0556644369923	0.0556822765162	0.0481453046935	0.0501759808173	0.050579152012	0.0483255508955	0.0531550346491	0.055222418836	0.0653645251448	0.0683031393118	0.0601141197412	0.0513363406976	0.0604496864069	0.0574820574545	0.0463445192863	0.0618333454385	0.0668851894694	0.0961838931974	0.129980961473	0.106534525584	0.100805499482	0.0970378079695	0.100887491175	0.0659417959002	0.0564872429414	0.0513255994159	0.0241992432788	0.0	0.0233008432713	0.0375142475423
TARA_142_SRF_0.22-3_G.snv.filtered.bam	0.0809935737446	0.0816246786146	0.0760885990715	0.0847078928703	0.0572850132769	0.0561633719679	0.050975148745	0.0511338250553	0.0546834838826	0.0521790861817	0.0558792928337	0.0576923497173	0.0671024906259	0.0695983049152	0.0636474303486	0.055262218927	0.0633778340543	0.0614636862747	0.0515517182802	0.0637495043432	0.0700468186576	0.0936677552337	0.131306956855	0.107984872515	0.100925100754	0.0982113240227	0.102703313536	0.0677838345516	0.0607374204925	0.0548018352806	0.028834370228	0.0233008432713	0.0	0.0367006542534
TARA_148_SRF_0.22-3_G.snv.filtered.bam	0.0924543982029	0.0906055134293	0.0889954078085	0.0936444817028	0.0701923789773	0.0727911129619	0.0655887784129	0.0682153370622	0.0650869869234	0.0618852545669	0.064080902621	0.0629423499223	0.0710438089835	0.0730646325008	0.0686128601477	0.0633096583913	0.0672299543399	0.0675549454879	0.0635091464636	0.0755197678293	0.0781071878309	0.0964280565617	0.131789304711	0.113782750558	0.105934284577	0.105670914968	0.108093226036	0.0758313736571	0.0658802037454	0.0636950031978	0.0362322568788	0.0375142475423	0.0367006542534	0.0
