	TARA_065_MES_0.22-3_G.snv.filtered.bam	TARA_068_MES_0.22-3_G.snv.filtered.bam	TARA_078_MES_0.22-3_G.snv.filtered.bam	TARA_098_MES_0.22-3_G.snv.filtered.bam	TARA_100_MES_0.22-3_G.snv.filtered.bam	TARA_102_MES_0.22-3_G.snv.filtered.bam	TARA_109_MES_0.22-3_G.snv.filtered.bam	TARA_110_MES_0.22-3_G.snv.filtered.bam	TARA_111_MES_0.22-3_G.snv.filtered.bam	TARA_122_MES_0.22-3_G.snv.filtered.bam	TARA_132_MES_0.22-3_G.snv.filtered.bam	TARA_133_MES_0.22-3_G.snv.filtered.bam	TARA_142_MES_0.22-3_G.snv.filtered.bam	TARA_145_MES_0.22-3_G.snv.filtered.bam	TARA_146_MES_0.22-3_G.snv.filtered.bam	TARA_149_MES_0.22-3_G.snv.filtered.bam	TARA_152_MES_0.22-3_G.snv.filtered.bam
TARA_065_MES_0.22-3_G.snv.filtered.bam	0.0	0.00253164556962	0.00759493670886	0.00253164556962	0.0253164556962	0.00506329113924	0.0177215189873	0.00759493670886	0.0	0.0	0.00253164556962	0.0126582278481	0.00759493670886	0.00506329113924	0.0177215189873	0.00759493670886	0.0
TARA_068_MES_0.22-3_G.snv.filtered.bam	0.00253164556962	0.0	0.00759493670886	0.00506329113924	0.0329113924051	0.00506329113924	0.0379746835443	0.0126582278481	0.00506329113924	0.00253164556962	0.00253164556962	0.00506329113924	0.0126582278481	0.00253164556962	0.0278481012658	0.00759493670886	0.00253164556962
TARA_078_MES_0.22-3_G.snv.filtered.bam	0.00759493670886	0.00759493670886	0.0	0.0	0.053164556962	0.00759493670886	0.0607594936709	0.020253164557	0.0151898734177	0.00506329113924	0.00253164556962	0.0	0.0430379746835	0.00253164556962	0.0556962025316	0.0278481012658	0.0126582278481
TARA_098_MES_0.22-3_G.snv.filtered.bam	0.00253164556962	0.00506329113924	0.0	0.0	0.0379746835443	0.00506329113924	0.0455696202532	0.0151898734177	0.0126582278481	0.00253164556962	0.0	0.00759493670886	0.020253164557	0.00759493670886	0.0253164556962	0.0101265822785	0.0
TARA_100_MES_0.22-3_G.snv.filtered.bam	0.0253164556962	0.0329113924051	0.053164556962	0.0379746835443	0.0	0.00506329113924	0.0	0.0	0.00253164556962	0.0379746835443	0.0481012658228	0.0455696202532	0.00506329113924	0.0303797468354	0.00759493670886	0.0101265822785	0.0177215189873
TARA_102_MES_0.22-3_G.snv.filtered.bam	0.00506329113924	0.00506329113924	0.00759493670886	0.00506329113924	0.00506329113924	0.0	0.00506329113924	0.0	0.0	0.00506329113924	0.00506329113924	0.00506329113924	0.00253164556962	0.00506329113924	0.0101265822785	0.0126582278481	0.0101265822785
TARA_109_MES_0.22-3_G.snv.filtered.bam	0.0177215189873	0.0379746835443	0.0607594936709	0.0455696202532	0.0	0.00506329113924	0.0	0.00253164556962	0.0	0.0506329113924	0.0481012658228	0.0683544303797	0.00506329113924	0.0556962025316	0.00506329113924	0.00253164556962	0.0177215189873
TARA_110_MES_0.22-3_G.snv.filtered.bam	0.00759493670886	0.0126582278481	0.020253164557	0.0151898734177	0.0	0.0	0.00253164556962	0.0	0.00253164556962	0.0101265822785	0.0177215189873	0.0253164556962	0.00506329113924	0.0126582278481	0.00506329113924	0.00506329113924	0.0101265822785
TARA_111_MES_0.22-3_G.snv.filtered.bam	0.0	0.00506329113924	0.0151898734177	0.0126582278481	0.00253164556962	0.0	0.0	0.00253164556962	0.0	0.00506329113924	0.00759493670886	0.0151898734177	0.0	0.0126582278481	0.00253164556962	0.0	0.00253164556962
TARA_122_MES_0.22-3_G.snv.filtered.bam	0.0	0.00253164556962	0.00506329113924	0.00253164556962	0.0379746835443	0.00506329113924	0.0506329113924	0.0101265822785	0.00506329113924	0.0	0.00253164556962	0.0	0.020253164557	0.0	0.0379746835443	0.020253164557	0.00759493670886
TARA_132_MES_0.22-3_G.snv.filtered.bam	0.00253164556962	0.00253164556962	0.00253164556962	0.0	0.0481012658228	0.00506329113924	0.0481012658228	0.0177215189873	0.00759493670886	0.00253164556962	0.0	0.00253164556962	0.0253164556962	0.00506329113924	0.0354430379747	0.0101265822785	0.0
TARA_133_MES_0.22-3_G.snv.filtered.bam	0.0126582278481	0.00506329113924	0.0	0.00759493670886	0.0455696202532	0.00506329113924	0.0683544303797	0.0253164556962	0.0151898734177	0.0	0.00253164556962	0.0	0.0405063291139	0.00253164556962	0.0607594936709	0.0379746835443	0.020253164557
TARA_142_MES_0.22-3_G.snv.filtered.bam	0.00759493670886	0.0126582278481	0.0430379746835	0.020253164557	0.00506329113924	0.00253164556962	0.00506329113924	0.00506329113924	0.0	0.020253164557	0.0253164556962	0.0405063291139	0.0	0.0278481012658	0.0	0.0	0.00506329113924
TARA_145_MES_0.22-3_G.snv.filtered.bam	0.00506329113924	0.00253164556962	0.00253164556962	0.00759493670886	0.0303797468354	0.00506329113924	0.0556962025316	0.0126582278481	0.0126582278481	0.0	0.00506329113924	0.00253164556962	0.0278481012658	0.0	0.0506329113924	0.0329113924051	0.0177215189873
TARA_146_MES_0.22-3_G.snv.filtered.bam	0.0177215189873	0.0278481012658	0.0556962025316	0.0253164556962	0.00759493670886	0.0101265822785	0.00506329113924	0.00506329113924	0.00253164556962	0.0379746835443	0.0354430379747	0.0607594936709	0.0	0.0506329113924	0.0	0.0	0.00253164556962
TARA_149_MES_0.22-3_G.snv.filtered.bam	0.00759493670886	0.00759493670886	0.0278481012658	0.0101265822785	0.0101265822785	0.0126582278481	0.00253164556962	0.00506329113924	0.0	0.020253164557	0.0101265822785	0.0379746835443	0.0	0.0329113924051	0.0	0.0	0.0
TARA_152_MES_0.22-3_G.snv.filtered.bam	0.0	0.00253164556962	0.0126582278481	0.0	0.0177215189873	0.0101265822785	0.0177215189873	0.0101265822785	0.00253164556962	0.00759493670886	0.0	0.020253164557	0.00506329113924	0.0177215189873	0.00253164556962	0.0	0.0
