	TARA_065_MES_0.22-3_G.snv.filtered.bam	TARA_068_MES_0.22-3_G.snv.filtered.bam	TARA_078_MES_0.22-3_G.snv.filtered.bam	TARA_098_MES_0.22-3_G.snv.filtered.bam	TARA_100_MES_0.22-3_G.snv.filtered.bam	TARA_102_MES_0.22-3_G.snv.filtered.bam	TARA_109_MES_0.22-3_G.snv.filtered.bam	TARA_110_MES_0.22-3_G.snv.filtered.bam	TARA_111_MES_0.22-3_G.snv.filtered.bam	TARA_122_MES_0.22-3_G.snv.filtered.bam	TARA_132_MES_0.22-3_G.snv.filtered.bam	TARA_133_MES_0.22-3_G.snv.filtered.bam	TARA_142_MES_0.22-3_G.snv.filtered.bam	TARA_145_MES_0.22-3_G.snv.filtered.bam	TARA_146_MES_0.22-3_G.snv.filtered.bam	TARA_149_MES_0.22-3_G.snv.filtered.bam	TARA_152_MES_0.22-3_G.snv.filtered.bam
TARA_065_MES_0.22-3_G.snv.filtered.bam	0.0	0.0581563513679	0.0791287337562	0.0630297629467	0.107601697865	0.0729196942668	0.0966164938092	0.0866127306443	0.0682726997682	0.0666307131335	0.0572744865483	0.0865705241769	0.0716898342845	0.0747591020628	0.0781786846071	0.0583100671376	0.0513740220424
TARA_068_MES_0.22-3_G.snv.filtered.bam	0.0581563513679	0.0	0.0647143077414	0.0613494557103	0.118430436168	0.0722820494358	0.109144026174	0.0859811954423	0.076827720574	0.0583737311248	0.0495548424886	0.072468696891	0.0876296007091	0.0519736945743	0.0981453780014	0.0813701703757	0.0685912378686
TARA_078_MES_0.22-3_G.snv.filtered.bam	0.0791287337562	0.0647143077414	0.0	0.0597788431813	0.136177002204	0.0865642930408	0.134552246393	0.106200438512	0.0954785030252	0.0742353802189	0.0555843656702	0.060785244601	0.117133076703	0.0577899877934	0.127300431979	0.111762681528	0.0867063324758
TARA_098_MES_0.22-3_G.snv.filtered.bam	0.0630297629467	0.0613494557103	0.0597788431813	0.0	0.123223821674	0.0782373514809	0.113604293909	0.0925940217646	0.0768402808279	0.0704958221479	0.0479325191733	0.0721487928474	0.091028159222	0.0673207289017	0.0987035033043	0.0853250488391	0.0636552079169
TARA_100_MES_0.22-3_G.snv.filtered.bam	0.107601697865	0.118430436168	0.136177002204	0.123223821674	0.0	0.0862056823224	0.068286144484	0.0837644647267	0.0847548534193	0.116301548255	0.121860067659	0.133749871979	0.081423440443	0.122134299905	0.0875913254318	0.0934890196845	0.0982255658435
TARA_102_MES_0.22-3_G.snv.filtered.bam	0.0729196942668	0.0722820494358	0.0865642930408	0.0782373514809	0.0862056823224	0.0	0.076438878677	0.0516029139755	0.0453402521997	0.0607694165783	0.0794852859601	0.0773779716981	0.0698200025066	0.0773266309659	0.0811584084198	0.0743403079306	0.0728169308302
TARA_109_MES_0.22-3_G.snv.filtered.bam	0.0966164938092	0.109144026174	0.134552246393	0.113604293909	0.068286144484	0.076438878677	0.0	0.0646147469911	0.0735465333819	0.107970729594	0.114558514387	0.13462796492	0.0602236301902	0.120034398315	0.0653577691629	0.0731245755793	0.0894015311032
TARA_110_MES_0.22-3_G.snv.filtered.bam	0.0866127306443	0.0859811954423	0.106200438512	0.0925940217646	0.0837644647267	0.0516029139755	0.0646147469911	0.0	0.059377747175	0.0805996395599	0.092293367683	0.0951048251946	0.0688870766648	0.0929054473522	0.07809749571	0.0789000576211	0.083330236907
TARA_111_MES_0.22-3_G.snv.filtered.bam	0.0682726997682	0.076827720574	0.0954785030252	0.0768402808279	0.0847548534193	0.0453402521997	0.0735465333819	0.059377747175	0.0	0.0754786417569	0.0794285036683	0.0933452598395	0.0661611061809	0.0884337942267	0.0778982560052	0.0693203717575	0.0640295835504
TARA_122_MES_0.22-3_G.snv.filtered.bam	0.0666307131335	0.0583737311248	0.0742353802189	0.0704958221479	0.116301548255	0.0607694165783	0.107970729594	0.0805996395599	0.0754786417569	0.0	0.0642744209464	0.0562556764174	0.0896043889956	0.0497651127995	0.0993819419082	0.0859610400889	0.0771982945397
TARA_132_MES_0.22-3_G.snv.filtered.bam	0.0572744865483	0.0495548424886	0.0555843656702	0.0479325191733	0.121860067659	0.0794852859601	0.114558514387	0.092293367683	0.0794285036683	0.0642744209464	0.0	0.0675141445824	0.0944329340925	0.0571997090149	0.105313927195	0.0876089782684	0.0677676241431
TARA_133_MES_0.22-3_G.snv.filtered.bam	0.0865705241769	0.072468696891	0.060785244601	0.0721487928474	0.133749871979	0.0773779716981	0.13462796492	0.0951048251946	0.0933452598395	0.0562556764174	0.0675141445824	0.0	0.115550778691	0.0472628069735	0.126236535349	0.11244133417	0.0918750431244
TARA_142_MES_0.22-3_G.snv.filtered.bam	0.0716898342845	0.0876296007091	0.117133076703	0.091028159222	0.081423440443	0.0698200025066	0.0602236301902	0.0688870766648	0.0661611061809	0.0896043889956	0.0944329340925	0.115550778691	0.0	0.100633810141	0.036328671164	0.0444886181856	0.0668745810388
TARA_145_MES_0.22-3_G.snv.filtered.bam	0.0747591020628	0.0519736945743	0.0577899877934	0.0673207289017	0.122134299905	0.0773266309659	0.120034398315	0.0929054473522	0.0884337942267	0.0497651127995	0.0571997090149	0.0472628069735	0.100633810141	0.0	0.11227928999	0.0960599256005	0.0809979793419
TARA_146_MES_0.22-3_G.snv.filtered.bam	0.0781786846071	0.0981453780014	0.127300431979	0.0987035033043	0.0875913254318	0.0811584084198	0.0653577691629	0.07809749571	0.0778982560052	0.0993819419082	0.105313927195	0.126236535349	0.036328671164	0.11227928999	0.0	0.0429329749589	0.0707206925738
TARA_149_MES_0.22-3_G.snv.filtered.bam	0.0583100671376	0.0813701703757	0.111762681528	0.0853250488391	0.0934890196845	0.0743403079306	0.0731245755793	0.0789000576211	0.0693203717575	0.0859610400889	0.0876089782684	0.11244133417	0.0444886181856	0.0960599256005	0.0429329749589	0.0	0.0552539076938
TARA_152_MES_0.22-3_G.snv.filtered.bam	0.0513740220424	0.0685912378686	0.0867063324758	0.0636552079169	0.0982255658435	0.0728169308302	0.0894015311032	0.083330236907	0.0640295835504	0.0771982945397	0.0677676241431	0.0918750431244	0.0668745810388	0.0809979793419	0.0707206925738	0.0552539076938	0.0
