	TARA_064_SRF_0.22-3_G.snv.filtered.bam	TARA_078_DCM_0.22-3_G.snv.filtered.bam	TARA_142_SRF_0.22-3_G.snv.filtered.bam	TARA_146_SRF_0.22-3_G.snv.filtered.bam	TARA_148_SRF_0.22-3_G.snv.filtered.bam	TARA_149_SRF_0.22-3_G.snv.filtered.bam
TARA_064_SRF_0.22-3_G.snv.filtered.bam	0.0	0.0764442508074	0.0808734662467	0.0822389313929	0.079127508291	0.0854616133137
TARA_078_DCM_0.22-3_G.snv.filtered.bam	0.0764442508074	0.0	0.0870126853238	0.10176714093	0.0940323087146	0.103106481533
TARA_142_SRF_0.22-3_G.snv.filtered.bam	0.0808734662467	0.0870126853238	0.0	0.0816684935155	0.076204460052	0.0862224178752
TARA_146_SRF_0.22-3_G.snv.filtered.bam	0.0822389313929	0.10176714093	0.0816684935155	0.0	0.0437646040998	0.0636356362066
TARA_148_SRF_0.22-3_G.snv.filtered.bam	0.079127508291	0.0940323087146	0.076204460052	0.0437646040998	0.0	0.0627201520257
TARA_149_SRF_0.22-3_G.snv.filtered.bam	0.0854616133137	0.103106481533	0.0862224178752	0.0636356362066	0.0627201520257	0.0
