	TARA_032_DCM_0.22-1.6_G.snv.filtered.bam	TARA_032_SRF_0.22-1.6_G.snv.filtered.bam	TARA_052_SRF_0.22-1.6_G.snv.filtered.bam	TARA_064_SRF_0.22-3_G.snv.filtered.bam	TARA_072_SRF_0.22-3_G.snv.filtered.bam	TARA_142_DCM_0.22-3_G.snv.filtered.bam	TARA_142_SRF_0.22-3_G.snv.filtered.bam
TARA_032_DCM_0.22-1.6_G.snv.filtered.bam	0.0	0.00294117647059	0.0338235294118	0.0264705882353	0.0235294117647	0.0132352941176	0.0161764705882
TARA_032_SRF_0.22-1.6_G.snv.filtered.bam	0.00294117647059	0.0	0.0235294117647	0.0235294117647	0.0161764705882	0.0132352941176	0.0132352941176
TARA_052_SRF_0.22-1.6_G.snv.filtered.bam	0.0338235294118	0.0235294117647	0.0	0.00294117647059	0.0382352941176	0.0323529411765	0.0308823529412
TARA_064_SRF_0.22-3_G.snv.filtered.bam	0.0264705882353	0.0235294117647	0.00294117647059	0.0	0.0308823529412	0.0308823529412	0.0264705882353
TARA_072_SRF_0.22-3_G.snv.filtered.bam	0.0235294117647	0.0161764705882	0.0382352941176	0.0308823529412	0.0	0.00294117647059	0.00294117647059
TARA_142_DCM_0.22-3_G.snv.filtered.bam	0.0132352941176	0.0132352941176	0.0323529411765	0.0308823529412	0.00294117647059	0.0	0.0
TARA_142_SRF_0.22-3_G.snv.filtered.bam	0.0161764705882	0.0132352941176	0.0308823529412	0.0264705882353	0.00294117647059	0.0	0.0
