	TARA_093_DCM_0.22-3_G.snv.filtered.bam	TARA_093_SRF_0.22-3_G.snv.filtered.bam	TARA_133_SRF_0.22-3_G.snv.filtered.bam	TARA_150_SRF_0.22-3_G.snv.filtered.bam	TARA_152_MIX_0.22-3_G.snv.filtered.bam	TARA_152_SRF_0.22-3_G.snv.filtered.bam
TARA_093_DCM_0.22-3_G.snv.filtered.bam	0.0	0.0140040091876	0.106286175679	0.123251916504	0.0943197619302	0.0986022605022
TARA_093_SRF_0.22-3_G.snv.filtered.bam	0.0140040091876	0.0	0.106168952031	0.1240316248	0.0940853463775	0.0983766891002
TARA_133_SRF_0.22-3_G.snv.filtered.bam	0.106286175679	0.106168952031	0.0	0.134903476044	0.0966727405433	0.103575086177
TARA_150_SRF_0.22-3_G.snv.filtered.bam	0.123251916504	0.1240316248	0.134903476044	0.0	0.0900822844086	0.0840015902839
TARA_152_MIX_0.22-3_G.snv.filtered.bam	0.0943197619302	0.0940853463775	0.0966727405433	0.0900822844086	0.0	0.0281341980251
TARA_152_SRF_0.22-3_G.snv.filtered.bam	0.0986022605022	0.0983766891002	0.103575086177	0.0840015902839	0.0281341980251	0.0
