	TARA_031_SRF_0.22-1.6_G.snv.filtered.bam	TARA_032_DCM_0.22-1.6_G.snv.filtered.bam	TARA_032_SRF_0.22-1.6_G.snv.filtered.bam	TARA_033_SRF_0.22-1.6_G.snv.filtered.bam	TARA_034_SRF_0.22-1.6_G.snv.filtered.bam	TARA_036_DCM_0.22-1.6_G.snv.filtered.bam	TARA_036_SRF_0.22-1.6_G.snv.filtered.bam	TARA_038_DCM_0.22-1.6_G.snv.filtered.bam	TARA_038_SRF_0.22-1.6_G.snv.filtered.bam	TARA_039_DCM_0.22-1.6_G.snv.filtered.bam	TARA_041_DCM_0.22-1.6_G.snv.filtered.bam	TARA_041_SRF_0.22-1.6_G.snv.filtered.bam	TARA_042_DCM_0.22-1.6_G.snv.filtered.bam	TARA_042_SRF_0.22-1.6_G.snv.filtered.bam	TARA_045_SRF_0.22-1.6_G.snv.filtered.bam	TARA_048_SRF_0.22-1.6_G.snv.filtered.bam	TARA_052_DCM_0.22-1.6_G.snv.filtered.bam	TARA_052_SRF_0.22-1.6_G.snv.filtered.bam	TARA_056_SRF_0.22-3_G.snv.filtered.bam	TARA_057_SRF_0.22-3_G.snv.filtered.bam	TARA_058_DCM_0.22-3_G.snv.filtered.bam	TARA_062_SRF_0.22-3_G.snv.filtered.bam	TARA_064_SRF_0.22-3_G.snv.filtered.bam	TARA_065_DCM_0.22-3_G.snv.filtered.bam	TARA_072_SRF_0.22-3_G.snv.filtered.bam	TARA_100_SRF_0.22-3_G.snv.filtered.bam	TARA_109_DCM_0.22-3_G.snv.filtered.bam	TARA_109_SRF_0.22-3_G.snv.filtered.bam	TARA_110_DCM_0.22-3_G.snv.filtered.bam	TARA_110_MES_0.22-3_G.snv.filtered.bam	TARA_110_SRF_0.22-3_G.snv.filtered.bam	TARA_111_SRF_0.22-3_G.snv.filtered.bam	TARA_112_SRF_0.22-3_G.snv.filtered.bam	TARA_122_SRF_0.22-3_G.snv.filtered.bam	TARA_124_MIX_0.22-3_G.snv.filtered.bam	TARA_124_SRF_0.22-3_G.snv.filtered.bam	TARA_125_SRF_0.22-3_G.snv.filtered.bam	TARA_128_DCM_0.22-3_G.snv.filtered.bam	TARA_128_SRF_0.22-3_G.snv.filtered.bam	TARA_132_SRF_0.22-3_G.snv.filtered.bam	TARA_137_SRF_0.22-3_G.snv.filtered.bam	TARA_138_SRF_0.22-3_G.snv.filtered.bam	TARA_140_SRF_0.22-3_G.snv.filtered.bam	TARA_141_SRF_0.22-3_G.snv.filtered.bam	TARA_142_DCM_0.22-3_G.snv.filtered.bam	TARA_142_SRF_0.22-3_G.snv.filtered.bam	TARA_146_SRF_0.22-3_G.snv.filtered.bam	TARA_148_SRF_0.22-3_G.snv.filtered.bam
TARA_031_SRF_0.22-1.6_G.snv.filtered.bam	0.0	0.0432707401705	0.0265222953336	0.0342261160856	0.0353565136493	0.0592892706994	0.0556301763071	0.054074300462	0.0572618113284	0.0519777259303	0.0502258509119	0.04929670041	0.0567040277693	0.0488265543618	0.0494341396161	0.0561909724922	0.0585571999441	0.0552770041833	0.0523635477583	0.0514509833343	0.0544200764427	0.0573006430304	0.0549744864525	0.0598720942337	0.0582410637693	0.125377312662	0.0644324040459	0.0604339678612	0.0759207475714	0.0761715705881	0.0740148104144	0.12807518643	0.0969777716437	0.129801740077	0.125545076148	0.120179517336	0.121929535551	0.123838903808	0.13357604149	0.0673057644056	0.0647492525318	0.071808393674	0.05967370051	0.0495076383608	0.0568597667871	0.0591513214795	0.070156282296	0.0656843724708
TARA_032_DCM_0.22-1.6_G.snv.filtered.bam	0.0432707401705	0.0	0.0449659179316	0.0492878854769	0.0494241985489	0.0632852522572	0.0592847075691	0.0593779793314	0.0630869058082	0.056402371719	0.0560793603257	0.0570192160797	0.060246992515	0.0530054026618	0.0546732086996	0.0574477436005	0.058222550735	0.0608435014814	0.0566929285606	0.0567485566673	0.0606592190761	0.0627125192242	0.060929161544	0.0620423008721	0.0582170632753	0.124594597564	0.0665036617874	0.0624120235462	0.0801728972595	0.074572887322	0.077292023849	0.128733712536	0.0958088114709	0.129519529859	0.124065512153	0.120162688058	0.121733595171	0.122673955766	0.134219992647	0.0661052643781	0.0669163249828	0.0734888569542	0.0646451815335	0.0535964866208	0.0637008799779	0.0603101965308	0.0725761775101	0.0659119883246
TARA_032_SRF_0.22-1.6_G.snv.filtered.bam	0.0265222953336	0.0449659179316	0.0	0.025079124844	0.0275827522057	0.0554689294495	0.0500028070284	0.0500013404487	0.0550085647895	0.0467302440304	0.0464784581918	0.0457252926946	0.0539587080873	0.0452013288856	0.0481626619496	0.0549295800837	0.0601488762304	0.0530940772811	0.0497321600671	0.050220992936	0.0518703365634	0.0538062796711	0.0572459640616	0.0591879369373	0.0555488014797	0.12328911477	0.0596468107558	0.0560952038878	0.0737639679471	0.0730727965344	0.0720189902968	0.127701491037	0.0970808252131	0.128299002521	0.124291041223	0.11997842817	0.121831583326	0.122277945277	0.132767128923	0.0678986275428	0.0616476172385	0.0696290701525	0.0577213528195	0.0473575778529	0.0555409855733	0.0571238585497	0.0686143782254	0.0653041377608
TARA_033_SRF_0.22-1.6_G.snv.filtered.bam	0.0342261160856	0.0492878854769	0.025079124844	0.0	0.0173373186213	0.0502744561591	0.0478230740802	0.0462454980791	0.0526491049878	0.0421947100178	0.0435785875393	0.0432373077264	0.0546917490481	0.0447143482867	0.0490413445797	0.0581823408328	0.0644680608295	0.0531523312816	0.0464533589057	0.0478016396004	0.048443987646	0.0513324596935	0.0598459575769	0.0571284812718	0.0564694529926	0.124231930673	0.0581511933917	0.0546541254244	0.07400460995	0.072765630622	0.0719813790669	0.128952698945	0.100797693798	0.130261266195	0.125359804287	0.121017950875	0.123089397236	0.124155066897	0.133361247337	0.070419089655	0.0598273593078	0.0726498482607	0.0556922486259	0.0482419058776	0.0585016191743	0.0590159016384	0.0704099176079	0.0684362337333
TARA_034_SRF_0.22-1.6_G.snv.filtered.bam	0.0353565136493	0.0494241985489	0.0275827522057	0.0173373186213	0.0	0.0533564862324	0.0500960277506	0.0484709531261	0.0527451852871	0.0432050592109	0.043952858398	0.0459469994127	0.0554225450002	0.04773010411	0.050839299132	0.0587531356303	0.0655681514887	0.0540220271741	0.0479249173219	0.0494378295325	0.0500164729375	0.0536602153684	0.060828050755	0.0584515986392	0.0568377867973	0.125475037449	0.0586705212778	0.0557907577881	0.0747366817774	0.0727191698401	0.0724481891434	0.130587297143	0.10101892177	0.130866250365	0.126235619426	0.122142171096	0.123920315563	0.124815754301	0.134065260298	0.0718698902799	0.060012517164	0.073350421907	0.0570104007208	0.0493283333849	0.0590540184773	0.0596966991286	0.0709293971275	0.068831948714
TARA_036_DCM_0.22-1.6_G.snv.filtered.bam	0.0592892706994	0.0632852522572	0.0554689294495	0.0502744561591	0.0533564862324	0.0	0.032773064643	0.0339653559479	0.041083294314	0.0386318227976	0.0385976521904	0.0440340192272	0.0520500587645	0.0465129237666	0.0489154312511	0.0582807412119	0.0624610832855	0.0508847806116	0.0512718997864	0.0535269265119	0.0539115076003	0.056457210858	0.0602963891562	0.0581436841074	0.0564317330341	0.121908520485	0.0552804811356	0.0515124681338	0.0698124483273	0.0689684024894	0.0678147778078	0.126189431966	0.100624080508	0.127292163643	0.121617744634	0.120833369166	0.120869530843	0.123077609684	0.131173732857	0.0732156502166	0.0559089881046	0.0689359554258	0.0526531478332	0.0516435826664	0.0598566595713	0.0603448379602	0.0701062375175	0.0672220196234
TARA_036_SRF_0.22-1.6_G.snv.filtered.bam	0.0556301763071	0.0592847075691	0.0500028070284	0.0478230740802	0.0500960277506	0.032773064643	0.0	0.0310106968199	0.0403218743539	0.0375950846315	0.0360185327722	0.0415189249723	0.0488449414059	0.043057121202	0.0468013361948	0.0540283250718	0.0579863235372	0.0464580712162	0.0495578080263	0.0515184584882	0.0525735924268	0.0536447031624	0.0593256450709	0.0557942063237	0.050859000928	0.118685420067	0.0504394889592	0.0480724699723	0.0668137389935	0.0634202107929	0.0648476751157	0.123547162908	0.0998697428939	0.12451112433	0.119739648776	0.117053392073	0.117638323054	0.119962550503	0.128495005195	0.0691812631606	0.0532287720577	0.0660794554597	0.0503770870622	0.0474837486109	0.0572453725034	0.0560542460024	0.0668930941048	0.0662361458841
TARA_038_DCM_0.22-1.6_G.snv.filtered.bam	0.054074300462	0.0593779793314	0.0500013404487	0.0462454980791	0.0484709531261	0.0339653559479	0.0310106968199	0.0	0.0365250633603	0.0304423977428	0.0303228850651	0.0345744564001	0.045587483166	0.0396073945267	0.0420282048804	0.0507333227541	0.058177318604	0.0470470813033	0.0428685104201	0.0479199896416	0.0465624515804	0.0495789394565	0.054189964192	0.0532129538582	0.0520086751529	0.118576875623	0.0489274773104	0.0449064465494	0.062198553517	0.0633594389847	0.0596127742442	0.122125994976	0.0966718643312	0.123982723917	0.120584104927	0.118403969318	0.119095261902	0.119476053658	0.127465621402	0.0662591319059	0.0482287846701	0.0639931321573	0.043315223503	0.0464996477794	0.0563429301064	0.0559748292283	0.0666441859409	0.0643912379736
TARA_038_SRF_0.22-1.6_G.snv.filtered.bam	0.0572618113284	0.0630869058082	0.0550085647895	0.0526491049878	0.0527451852871	0.041083294314	0.0403218743539	0.0365250633603	0.0	0.0393323910406	0.0413847021676	0.0429007750429	0.0493908300254	0.0479061152865	0.0483928596957	0.0576714490122	0.0636171711738	0.0532566280195	0.0513155335139	0.0534718794857	0.0519321127145	0.0553593139879	0.0600615377687	0.0594601004649	0.0563772545421	0.123659416704	0.0576317446532	0.0535026977818	0.069915064794	0.070688246612	0.0687043488729	0.127824138783	0.0998018687744	0.127594975082	0.124316380928	0.121696849595	0.121272826612	0.123188142703	0.132605357463	0.0705285044647	0.0570864010805	0.0695292352635	0.0534819191855	0.0547711531879	0.0632178437977	0.0611641508266	0.0686509938456	0.0690545684778
TARA_039_DCM_0.22-1.6_G.snv.filtered.bam	0.0519777259303	0.056402371719	0.0467302440304	0.0421947100178	0.0432050592109	0.0386318227976	0.0375950846315	0.0304423977428	0.0393323910406	0.0	0.0225536345149	0.0244029851059	0.0421356445367	0.0328109170746	0.0357402142796	0.0464705138777	0.0538494588355	0.0421975483215	0.0375040268789	0.0408067615321	0.0404701149959	0.0452658046401	0.0516634343605	0.0494302288792	0.0478572499654	0.11819014897	0.0447319898339	0.0404381224118	0.0615203099098	0.0620267223733	0.0596494405589	0.124040545685	0.0961161479657	0.124009872825	0.120785380413	0.117525469215	0.118254506112	0.119139759468	0.128229264293	0.0649111534829	0.0457352912075	0.0611786282076	0.039109138192	0.04486650994	0.0571405363434	0.0559073380636	0.0661586592069	0.0654855631973
TARA_041_DCM_0.22-1.6_G.snv.filtered.bam	0.0502258509119	0.0560793603257	0.0464784581918	0.0435785875393	0.043952858398	0.0385976521904	0.0360185327722	0.0303228850651	0.0413847021676	0.0225536345149	0.0	0.0296614456113	0.0449743432376	0.0350882227167	0.0386167795094	0.0477863022696	0.0544088806376	0.0443201893299	0.0406324543549	0.0433936266324	0.0437563849205	0.0469733109208	0.0532632774811	0.0490457934458	0.0488065475143	0.119182575785	0.0454042882545	0.0413869108009	0.0631493854876	0.0628762088187	0.0613553169561	0.124410520279	0.0982273390869	0.124991645874	0.121379354157	0.118250751864	0.119657502982	0.120211597221	0.128791183072	0.0663528817611	0.0460977595847	0.062491788329	0.0423799659437	0.0440026013501	0.0562615529023	0.0554287858044	0.0665561102936	0.0656288275071
TARA_041_SRF_0.22-1.6_G.snv.filtered.bam	0.04929670041	0.0570192160797	0.0457252926946	0.0432373077264	0.0459469994127	0.0440340192272	0.0415189249723	0.0345744564001	0.0429007750429	0.0244029851059	0.0296614456113	0.0	0.0378672922203	0.0268999231278	0.0285886693599	0.0399851552786	0.0511702030461	0.0415339107701	0.0356984866584	0.0381820369031	0.0385527715552	0.0426753326336	0.0456206616111	0.048184805332	0.0492238105351	0.120318275317	0.0489692378866	0.0448344947913	0.0632989298205	0.0649897284123	0.061903311394	0.124026102283	0.0973498565446	0.125683108275	0.122098949236	0.118909438855	0.120035434659	0.121102990037	0.129833881088	0.0620547027029	0.0482161175869	0.062413999787	0.0405236837853	0.0427055350042	0.0533743794892	0.0547406245091	0.0644676235427	0.0634681462776
TARA_042_DCM_0.22-1.6_G.snv.filtered.bam	0.0567040277693	0.060246992515	0.0539587080873	0.0546917490481	0.0554225450002	0.0520500587645	0.0488449414059	0.045587483166	0.0493908300254	0.0421356445367	0.0449743432376	0.0378672922203	0.0	0.0377422657431	0.0405352085365	0.046520841637	0.0533071149425	0.0497968790867	0.0471676195022	0.0499472338049	0.0500647617261	0.0543259298785	0.0507874185961	0.0555784061734	0.0518196320112	0.121213732086	0.0585316212934	0.0546408108426	0.0704040375026	0.0700069490291	0.0691496515651	0.125346285627	0.0982136393907	0.12636648804	0.122997807886	0.118981403862	0.119093412979	0.120622648469	0.130645393423	0.0662223648501	0.0595507554523	0.0663539979258	0.0525818100231	0.0496741830257	0.0555073157048	0.0580297398967	0.0633801874748	0.0658070473464
TARA_042_SRF_0.22-1.6_G.snv.filtered.bam	0.0488265543618	0.0530054026618	0.0452013288856	0.0447143482867	0.04773010411	0.0465129237666	0.043057121202	0.0396073945267	0.0479061152865	0.0328109170746	0.0350882227167	0.0268999231278	0.0377422657431	0.0	0.0300672171272	0.037812776155	0.0464906862378	0.0412708251074	0.0376040119448	0.0396760091751	0.0414543593343	0.046467910644	0.0445883760852	0.046308514603	0.0462061408954	0.117229606012	0.0515730723089	0.0467860191944	0.0643862978251	0.0644232614421	0.0625137407999	0.121581544313	0.0945393126528	0.122608760546	0.117407260227	0.114292000314	0.115210781287	0.117550424984	0.127465600925	0.0595274252607	0.0517111079751	0.0603120875542	0.0456148965764	0.0396513823522	0.0510255793966	0.0494555418316	0.0616053707459	0.0600712139671
TARA_045_SRF_0.22-1.6_G.snv.filtered.bam	0.0494341396161	0.0546732086996	0.0481626619496	0.0490413445797	0.050839299132	0.0489154312511	0.0468013361948	0.0420282048804	0.0483928596957	0.0357402142796	0.0386167795094	0.0285886693599	0.0405352085365	0.0300672171272	0.0	0.0354320037218	0.0452069020564	0.0375888670242	0.0374381644167	0.0408504205823	0.042673471421	0.0477489819702	0.0427894062697	0.0477486429987	0.0481854142123	0.11822301852	0.0528374288433	0.0489777391559	0.0628539934997	0.0658397866859	0.0625879606913	0.120979912171	0.0950775074436	0.123591411718	0.120822190644	0.116218741134	0.117816296194	0.119227150087	0.126994111379	0.0598288775139	0.0528285841582	0.0610895771548	0.045212427419	0.0419930546607	0.0509414861128	0.0519811479715	0.0618001047053	0.0599818908076
TARA_048_SRF_0.22-1.6_G.snv.filtered.bam	0.0561909724922	0.0574477436005	0.0549295800837	0.0581823408328	0.0587531356303	0.0582807412119	0.0540283250718	0.0507333227541	0.0576714490122	0.0464705138777	0.0477863022696	0.0399851552786	0.046520841637	0.037812776155	0.0354320037218	0.0	0.0389672703476	0.0464249229475	0.0472146058393	0.0502606417863	0.0524988282553	0.0559973984334	0.042198130989	0.0526016040327	0.054410269139	0.118506783084	0.0613641392971	0.0581031702735	0.0712203519444	0.0711710628331	0.0699303305844	0.121802403821	0.0971262368354	0.123273866608	0.119144984481	0.116766790067	0.117321807464	0.118031319012	0.12816455605	0.0586475748462	0.0613114098977	0.0624215967968	0.0563129988677	0.0462594708068	0.0544101940719	0.0553566379124	0.0630111317996	0.062368745909
TARA_052_DCM_0.22-1.6_G.snv.filtered.bam	0.0585571999441	0.058222550735	0.0601488762304	0.0644680608295	0.0655681514887	0.0624610832855	0.0579863235372	0.058177318604	0.0636171711738	0.0538494588355	0.0544088806376	0.0511702030461	0.0533071149425	0.0464906862378	0.0452069020564	0.0389672703476	0.0	0.049824722078	0.0549578770929	0.0559528088726	0.0597962167959	0.0643589734484	0.0480722151288	0.0553777772645	0.0539636884959	0.11712594828	0.0650796913029	0.0627419606555	0.0738777509101	0.0724722298102	0.0731084794174	0.121282346854	0.0883343327169	0.122322148761	0.117387590556	0.113826284974	0.114511203236	0.117461021064	0.128626623902	0.0585798007808	0.0660508399483	0.0657321378439	0.0621347305546	0.0523238570782	0.0577821609957	0.0569171419719	0.0624154875327	0.0603313450225
TARA_052_SRF_0.22-1.6_G.snv.filtered.bam	0.0552770041833	0.0608435014814	0.0530940772811	0.0531523312816	0.0540220271741	0.0508847806116	0.0464580712162	0.0470470813033	0.0532566280195	0.0421975483215	0.0443201893299	0.0415339107701	0.0497968790867	0.0412708251074	0.0375888670242	0.0464249229475	0.049824722078	0.0	0.0455640351634	0.0510220625444	0.0534321418375	0.0552983813703	0.0530660953576	0.0547752450361	0.0457511613959	0.111515595786	0.0508441154572	0.0484561785494	0.0594075195575	0.061340563773	0.0588065180521	0.115034175183	0.0951872572476	0.117243851959	0.113041605979	0.109112638691	0.111274525028	0.112422868026	0.120920400668	0.0639519012444	0.0526896519909	0.0578828385366	0.0540397523773	0.0465227182558	0.0546595278368	0.0540093551464	0.0639959980269	0.0627313545472
TARA_056_SRF_0.22-3_G.snv.filtered.bam	0.0523635477583	0.0566929285606	0.0497321600671	0.0464533589057	0.0479249173219	0.0512718997864	0.0495578080263	0.0428685104201	0.0513155335139	0.0375040268789	0.0406324543549	0.0356984866584	0.0471676195022	0.0376040119448	0.0374381644167	0.0472146058393	0.0549578770929	0.0455640351634	0.0	0.0308963206968	0.030779081888	0.035073897512	0.0483811649471	0.0452574924265	0.0517281693203	0.118550513574	0.0558997896426	0.0514334323939	0.0659576566397	0.0660326396713	0.0644447473168	0.121642432669	0.0932933793092	0.123382653333	0.120156310557	0.116795118664	0.117347146841	0.118498441289	0.127931899971	0.0616424947566	0.0548451529363	0.0624347948018	0.0471252603146	0.0458575640291	0.0576696056507	0.0556677867632	0.0665316186828	0.0644255274816
TARA_057_SRF_0.22-3_G.snv.filtered.bam	0.0514509833343	0.0567485566673	0.050220992936	0.0478016396004	0.0494378295325	0.0535269265119	0.0515184584882	0.0479199896416	0.0534718794857	0.0408067615321	0.0433936266324	0.0381820369031	0.0499472338049	0.0396760091751	0.0408504205823	0.0502606417863	0.0559528088726	0.0510220625444	0.0308963206968	0.0	0.0278305136229	0.0312241226739	0.0493273322188	0.0454704016264	0.0548097042841	0.121401738184	0.0602016024767	0.0556341930188	0.0704604882224	0.0697271345002	0.0693714728516	0.12537583818	0.0942557113571	0.126745928825	0.122423415943	0.118756802851	0.118763451306	0.121420601377	0.131449701832	0.0648969372027	0.0586145800292	0.0650321753363	0.0489368468084	0.0480449326394	0.0597444545726	0.0570608431298	0.0692861178207	0.0666094716134
TARA_058_DCM_0.22-3_G.snv.filtered.bam	0.0544200764427	0.0606592190761	0.0518703365634	0.048443987646	0.0500164729375	0.0539115076003	0.0525735924268	0.0465624515804	0.0519321127145	0.0404701149959	0.0437563849205	0.0385527715552	0.0500647617261	0.0414543593343	0.042673471421	0.0524988282553	0.0597962167959	0.0534321418375	0.030779081888	0.0278305136229	0.0	0.0267059657114	0.0510059009939	0.0451189912666	0.0568514094624	0.124398944717	0.0605573020045	0.0557478928726	0.0721565375618	0.0722427132277	0.0708649600654	0.127509888033	0.0996020509618	0.130064669205	0.126992724837	0.123024911244	0.122179701426	0.125194940889	0.134350358806	0.0680358438579	0.0602422291627	0.0681444837658	0.048227280984	0.0508130532617	0.0613577217401	0.0607009211024	0.0709463831042	0.0675048176694
TARA_062_SRF_0.22-3_G.snv.filtered.bam	0.0573006430304	0.0627125192242	0.0538062796711	0.0513324596935	0.0536602153684	0.056457210858	0.0536447031624	0.0495789394565	0.0553593139879	0.0452658046401	0.0469733109208	0.0426753326336	0.0543259298785	0.046467910644	0.0477489819702	0.0559973984334	0.0643589734484	0.0552983813703	0.035073897512	0.0312241226739	0.0267059657114	0.0	0.0545521156689	0.0466464572885	0.0591187118772	0.12601473077	0.064891483672	0.0601032352253	0.0762114860382	0.0764780896995	0.0752234262682	0.128756605316	0.0997004914622	0.131833875673	0.128652781505	0.124638194166	0.124917645109	0.127254391223	0.136068547034	0.0689989479291	0.0633040177908	0.0712910153536	0.0528901158987	0.0534923894687	0.0615981893515	0.0618167533605	0.072488962317	0.0680077112365
TARA_064_SRF_0.22-3_G.snv.filtered.bam	0.0549744864525	0.060929161544	0.0572459640616	0.0598459575769	0.060828050755	0.0602963891562	0.0593256450709	0.054189964192	0.0600615377687	0.0516634343605	0.0532632774811	0.0456206616111	0.0507874185961	0.0445883760852	0.0427894062697	0.042198130989	0.0480722151288	0.0530660953576	0.0483811649471	0.0493273322188	0.0510059009939	0.0545521156689	0.0	0.0519774296167	0.055987037535	0.11903882981	0.0659163577601	0.0627743182219	0.0727400403804	0.0717684806887	0.071774876633	0.120503212503	0.0910861303897	0.12322160999	0.119399990018	0.117335584159	0.11690073901	0.119460422595	0.129233857607	0.0581527015595	0.0646647946057	0.0683363557032	0.0584094805131	0.0493604846246	0.0552392693928	0.0560592241505	0.0612032307868	0.0596864181342
TARA_065_DCM_0.22-3_G.snv.filtered.bam	0.0598720942337	0.0620423008721	0.0591879369373	0.0571284812718	0.0584515986392	0.0581436841074	0.0557942063237	0.0532129538582	0.0594601004649	0.0494302288792	0.0490457934458	0.048184805332	0.0555784061734	0.046308514603	0.0477486429987	0.0526016040327	0.0553777772645	0.0547752450361	0.0452574924265	0.0454704016264	0.0451189912666	0.0466464572885	0.0519774296167	0.0	0.0588432562733	0.12545694625	0.0647749914643	0.0605107078414	0.0766706535997	0.0741705734431	0.0756915879133	0.128067690953	0.0976204792425	0.129589858685	0.127319563803	0.124772680233	0.124785622757	0.125082191057	0.135844558969	0.0670539940412	0.0637223499127	0.0712228625475	0.0565727694641	0.0520012742951	0.0620338120331	0.06081442841	0.0694795921532	0.0675049782604
TARA_072_SRF_0.22-3_G.snv.filtered.bam	0.0582410637693	0.0582170632753	0.0555488014797	0.0564694529926	0.0568377867973	0.0564317330341	0.050859000928	0.0520086751529	0.0563772545421	0.0478572499654	0.0488065475143	0.0492238105351	0.0518196320112	0.0462061408954	0.0481854142123	0.054410269139	0.0539636884959	0.0457511613959	0.0517281693203	0.0548097042841	0.0568514094624	0.0591187118772	0.055987037535	0.0588432562733	0.0	0.115587655426	0.0575881646259	0.0554155373338	0.0706686910383	0.0680647402356	0.0700185572401	0.12111411929	0.0943750532345	0.121033467177	0.117532123016	0.112067255597	0.113026955839	0.115973166843	0.125197187232	0.0645778291584	0.0589946855921	0.0660412209768	0.0591478282593	0.0470258957988	0.0567306083451	0.0522070604056	0.0657734149914	0.0620237983954
TARA_100_SRF_0.22-3_G.snv.filtered.bam	0.125377312662	0.124594597564	0.12328911477	0.124231930673	0.125475037449	0.121908520485	0.118685420067	0.118576875623	0.123659416704	0.11819014897	0.119182575785	0.120318275317	0.121213732086	0.117229606012	0.11822301852	0.118506783084	0.11712594828	0.111515595786	0.118550513574	0.121401738184	0.124398944717	0.12601473077	0.11903882981	0.12545694625	0.115587655426	0.0	0.113766705044	0.115397567029	0.0937808954123	0.0961016642154	0.0949577403164	0.038846090956	0.107460904461	0.0425916274741	0.0371806884545	0.0381731635876	0.0425192003002	0.0393255382789	0.0427165790403	0.104172388886	0.117189424595	0.0926299093949	0.122326252336	0.117898923655	0.121526005739	0.119446402651	0.122407436731	0.121083543785
TARA_109_DCM_0.22-3_G.snv.filtered.bam	0.0644324040459	0.0665036617874	0.0596468107558	0.0581511933917	0.0586705212778	0.0552804811356	0.0504394889592	0.0489274773104	0.0576317446532	0.0447319898339	0.0454042882545	0.0489692378866	0.0585316212934	0.0515730723089	0.0528374288433	0.0613641392971	0.0650796913029	0.0508441154572	0.0558997896426	0.0602016024767	0.0605573020045	0.064891483672	0.0659163577601	0.0647749914643	0.0575881646259	0.113766705044	0.0	0.0169569207104	0.038456795223	0.0440513278999	0.0348329814965	0.119563532774	0.100084468031	0.119370985539	0.114253312701	0.112282943505	0.113389784571	0.113385928502	0.122047646652	0.0706193198471	0.0225417038868	0.0519105328276	0.0425501203711	0.0549005821787	0.0637096179251	0.0628597317105	0.071872018946	0.0735308038329
TARA_109_SRF_0.22-3_G.snv.filtered.bam	0.0604339678612	0.0624120235462	0.0560952038878	0.0546541254244	0.0557907577881	0.0515124681338	0.0480724699723	0.0449064465494	0.0535026977818	0.0404381224118	0.0413869108009	0.0448344947913	0.0546408108426	0.0467860191944	0.0489777391559	0.0581031702735	0.0627419606555	0.0484561785494	0.0514334323939	0.0556341930188	0.0557478928726	0.0601032352253	0.0627743182219	0.0605107078414	0.0554155373338	0.115397567029	0.0169569207104	0.0	0.0405599749608	0.0454928208881	0.0374002107644	0.120956461699	0.098870101504	0.121140152488	0.116857266927	0.113721102095	0.115212394293	0.115043925486	0.12401571993	0.0682035881274	0.0214541939765	0.0508407426979	0.0407264012206	0.0515731755127	0.0608739388413	0.0602688733805	0.0699364197103	0.0702806319527
TARA_110_DCM_0.22-3_G.snv.filtered.bam	0.0759207475714	0.0801728972595	0.0737639679471	0.07400460995	0.0747366817774	0.0698124483273	0.0668137389935	0.062198553517	0.069915064794	0.0615203099098	0.0631493854876	0.0632989298205	0.0704040375026	0.0643862978251	0.0628539934997	0.0712203519444	0.0738777509101	0.0594075195575	0.0659576566397	0.0704604882224	0.0721565375618	0.0762114860382	0.0727400403804	0.0766706535997	0.0706686910383	0.0937808954123	0.038456795223	0.0405599749608	0.0	0.039705606167	0.025758843038	0.0970174061932	0.0975095602651	0.0952720890712	0.093568190675	0.0911961218969	0.0927127420131	0.0911798484188	0.0981949873471	0.0738656095713	0.0399830396783	0.0445212786918	0.0581966141719	0.0685574790279	0.0751333253631	0.0734505955094	0.0790721641977	0.0789999435657
TARA_110_MES_0.22-3_G.snv.filtered.bam	0.0761715705881	0.074572887322	0.0730727965344	0.072765630622	0.0727191698401	0.0689684024894	0.0634202107929	0.0633594389847	0.070688246612	0.0620267223733	0.0628762088187	0.0649897284123	0.0700069490291	0.0644232614421	0.0658397866859	0.0711710628331	0.0724722298102	0.061340563773	0.0660326396713	0.0697271345002	0.0722427132277	0.0764780896995	0.0717684806887	0.0741705734431	0.0680647402356	0.0961016642154	0.0440513278999	0.0454928208881	0.039705606167	0.0	0.0390760743952	0.101708702748	0.0930932910179	0.0994270555291	0.0963180110375	0.0950017578913	0.0949601358702	0.0953251601669	0.103175037576	0.07300166774	0.0466359442858	0.0489026098058	0.0593765929009	0.0675907865267	0.074078982279	0.0708088755528	0.078281222479	0.0768023098684
TARA_110_SRF_0.22-3_G.snv.filtered.bam	0.0740148104144	0.077292023849	0.0720189902968	0.0719813790669	0.0724481891434	0.0678147778078	0.0648476751157	0.0596127742442	0.0687043488729	0.0596494405589	0.0613553169561	0.061903311394	0.0691496515651	0.0625137407999	0.0625879606913	0.0699303305844	0.0731084794174	0.0588065180521	0.0644447473168	0.0693714728516	0.0708649600654	0.0752234262682	0.071774876633	0.0756915879133	0.0700185572401	0.0949577403164	0.0348329814965	0.0374002107644	0.025758843038	0.0390760743952	0.0	0.0985107569121	0.0976371871676	0.0989277994255	0.0961830240687	0.0930565626943	0.0937472189037	0.0940230732506	0.101215034115	0.0740106886148	0.0371118647969	0.0452510685953	0.0549932373823	0.0673336881354	0.0739544746102	0.0727064528886	0.0788250759118	0.0776999950206
TARA_111_SRF_0.22-3_G.snv.filtered.bam	0.12807518643	0.128733712536	0.127701491037	0.128952698945	0.130587297143	0.126189431966	0.123547162908	0.122125994976	0.127824138783	0.124040545685	0.124410520279	0.124026102283	0.125346285627	0.121581544313	0.120979912171	0.121802403821	0.121282346854	0.115034175183	0.121642432669	0.12537583818	0.127509888033	0.128756605316	0.120503212503	0.128067690953	0.12111411929	0.038846090956	0.119563532774	0.120956461699	0.0970174061932	0.101708702748	0.0985107569121	0.0	0.106292165548	0.0416422995403	0.0417760129695	0.043522307064	0.0436829586737	0.0488944992541	0.0458999051061	0.104068622049	0.121828676423	0.0963113268183	0.127772907277	0.120620866878	0.122693489707	0.122845989761	0.125251619709	0.121946208358
TARA_112_SRF_0.22-3_G.snv.filtered.bam	0.0969777716437	0.0958088114709	0.0970808252131	0.100797693798	0.10101892177	0.100624080508	0.0998697428939	0.0966718643312	0.0998018687744	0.0961161479657	0.0982273390869	0.0973498565446	0.0982136393907	0.0945393126528	0.0950775074436	0.0971262368354	0.0883343327169	0.0951872572476	0.0932933793092	0.0942557113571	0.0996020509618	0.0997004914622	0.0910861303897	0.0976204792425	0.0943750532345	0.107460904461	0.100084468031	0.098870101504	0.0975095602651	0.0930932910179	0.0976371871676	0.106292165548	0.0	0.107528282984	0.109381897384	0.104337631843	0.104007812117	0.109298370025	0.112631019636	0.0690772643726	0.100442393847	0.0918053992391	0.0998949858149	0.0917378446031	0.0901946392433	0.0886046008848	0.0912674393742	0.0849665451883
TARA_122_SRF_0.22-3_G.snv.filtered.bam	0.129801740077	0.129519529859	0.128299002521	0.130261266195	0.130866250365	0.127292163643	0.12451112433	0.123982723917	0.127594975082	0.124009872825	0.124991645874	0.125683108275	0.12636648804	0.122608760546	0.123591411718	0.123273866608	0.122322148761	0.117243851959	0.123382653333	0.126745928825	0.130064669205	0.131833875673	0.12322160999	0.129589858685	0.121033467177	0.0425916274741	0.119370985539	0.121140152488	0.0952720890712	0.0994270555291	0.0989277994255	0.0416422995403	0.107528282984	0.0	0.0359480342932	0.033237950045	0.0373050351916	0.0326491174974	0.0307427102796	0.107614193331	0.1219088388	0.0953027189527	0.128241484477	0.123356525612	0.125667759804	0.125536951947	0.126567097695	0.123219337937
TARA_124_MIX_0.22-3_G.snv.filtered.bam	0.125545076148	0.124065512153	0.124291041223	0.125359804287	0.126235619426	0.121617744634	0.119739648776	0.120584104927	0.124316380928	0.120785380413	0.121379354157	0.122098949236	0.122997807886	0.117407260227	0.120822190644	0.119144984481	0.117387590556	0.113041605979	0.120156310557	0.122423415943	0.126992724837	0.128652781505	0.119399990018	0.127319563803	0.117532123016	0.0371806884545	0.114253312701	0.116857266927	0.093568190675	0.0963180110375	0.0961830240687	0.0417760129695	0.109381897384	0.0359480342932	0.0	0.0317151123446	0.0374302853478	0.0360534014498	0.033950879719	0.107348946511	0.119023128104	0.0917398931739	0.124701896354	0.116886718403	0.120855559699	0.11825989784	0.121510690014	0.120216837163
TARA_124_SRF_0.22-3_G.snv.filtered.bam	0.120179517336	0.120162688058	0.11997842817	0.121017950875	0.122142171096	0.120833369166	0.117053392073	0.118403969318	0.121696849595	0.117525469215	0.118250751864	0.118909438855	0.118981403862	0.114292000314	0.116218741134	0.116766790067	0.113826284974	0.109112638691	0.116795118664	0.118756802851	0.123024911244	0.124638194166	0.117335584159	0.124772680233	0.112067255597	0.0381731635876	0.112282943505	0.113721102095	0.0911961218969	0.0950017578913	0.0930565626943	0.043522307064	0.104337631843	0.033237950045	0.0317151123446	0.0	0.0315202224931	0.0341396917923	0.0327032776863	0.1020171847	0.11592482008	0.0897204259408	0.121933936867	0.114573303962	0.119048154405	0.116128935606	0.118934217798	0.117656747108
TARA_125_SRF_0.22-3_G.snv.filtered.bam	0.121929535551	0.121733595171	0.121831583326	0.123089397236	0.123920315563	0.120869530843	0.117638323054	0.119095261902	0.121272826612	0.118254506112	0.119657502982	0.120035434659	0.119093412979	0.115210781287	0.117816296194	0.117321807464	0.114511203236	0.111274525028	0.117347146841	0.118763451306	0.122179701426	0.124917645109	0.11690073901	0.124785622757	0.113026955839	0.0425192003002	0.113389784571	0.115212394293	0.0927127420131	0.0949601358702	0.0937472189037	0.0436829586737	0.104007812117	0.0373050351916	0.0374302853478	0.0315202224931	0.0	0.0387652995653	0.0413317824698	0.102391461178	0.118508827868	0.0893289358736	0.122119865342	0.115936303225	0.118404832911	0.116656434012	0.118669140978	0.117780069568
TARA_128_DCM_0.22-3_G.snv.filtered.bam	0.123838903808	0.122673955766	0.122277945277	0.124155066897	0.124815754301	0.123077609684	0.119962550503	0.119476053658	0.123188142703	0.119139759468	0.120211597221	0.121102990037	0.120622648469	0.117550424984	0.119227150087	0.118031319012	0.117461021064	0.112422868026	0.118498441289	0.121420601377	0.125194940889	0.127254391223	0.119460422595	0.125082191057	0.115973166843	0.0393255382789	0.113385928502	0.115043925486	0.0911798484188	0.0953251601669	0.0940230732506	0.0488944992541	0.109298370025	0.0326491174974	0.0360534014498	0.0341396917923	0.0387652995653	0.0	0.0293272994943	0.104115397686	0.117257936153	0.0906497123202	0.123452331727	0.117567024279	0.119020211816	0.11770065087	0.119631914669	0.118169916776
TARA_128_SRF_0.22-3_G.snv.filtered.bam	0.13357604149	0.134219992647	0.132767128923	0.133361247337	0.134065260298	0.131173732857	0.128495005195	0.127465621402	0.132605357463	0.128229264293	0.128791183072	0.129833881088	0.130645393423	0.127465600925	0.126994111379	0.12816455605	0.128626623902	0.120920400668	0.127931899971	0.131449701832	0.134350358806	0.136068547034	0.129233857607	0.135844558969	0.125197187232	0.0427165790403	0.122047646652	0.12401571993	0.0981949873471	0.103175037576	0.101215034115	0.0458999051061	0.112631019636	0.0307427102796	0.033950879719	0.0327032776863	0.0413317824698	0.0293272994943	0.0	0.113400862231	0.123989048456	0.0985513971932	0.132514887976	0.127390457044	0.130768161959	0.129373024138	0.130851863225	0.128283294208
TARA_132_SRF_0.22-3_G.snv.filtered.bam	0.0673057644056	0.0661052643781	0.0678986275428	0.070419089655	0.0718698902799	0.0732156502166	0.0691812631606	0.0662591319059	0.0705285044647	0.0649111534829	0.0663528817611	0.0620547027029	0.0662223648501	0.0595274252607	0.0598288775139	0.0586475748462	0.0585798007808	0.0639519012444	0.0616424947566	0.0648969372027	0.0680358438579	0.0689989479291	0.0581527015595	0.0670539940412	0.0645778291584	0.104172388886	0.0706193198471	0.0682035881274	0.0738656095713	0.07300166774	0.0740106886148	0.104068622049	0.0690772643726	0.107614193331	0.107348946511	0.1020171847	0.102391461178	0.104115397686	0.113400862231	0.0	0.07131749986	0.0664299891261	0.0701686585886	0.0579710102923	0.0611841222516	0.0606145393314	0.065808070363	0.0597062686806
TARA_137_SRF_0.22-3_G.snv.filtered.bam	0.0647492525318	0.0669163249828	0.0616476172385	0.0598273593078	0.060012517164	0.0559089881046	0.0532287720577	0.0482287846701	0.0570864010805	0.0457352912075	0.0460977595847	0.0482161175869	0.0595507554523	0.0517111079751	0.0528285841582	0.0613114098977	0.0660508399483	0.0526896519909	0.0548451529363	0.0586145800292	0.0602422291627	0.0633040177908	0.0646647946057	0.0637223499127	0.0589946855921	0.117189424595	0.0225417038868	0.0214541939765	0.0399830396783	0.0466359442858	0.0371118647969	0.121828676423	0.100442393847	0.1219088388	0.119023128104	0.11592482008	0.118508827868	0.117257936153	0.123989048456	0.07131749986	0.0	0.0526400081182	0.0444007646202	0.0553837401313	0.0650507868929	0.0642462911189	0.0725610538547	0.0721606274978
TARA_138_SRF_0.22-3_G.snv.filtered.bam	0.071808393674	0.0734888569542	0.0696290701525	0.0726498482607	0.073350421907	0.0689359554258	0.0660794554597	0.0639931321573	0.0695292352635	0.0611786282076	0.062491788329	0.062413999787	0.0663539979258	0.0603120875542	0.0610895771548	0.0624215967968	0.0657321378439	0.0578828385366	0.0624347948018	0.0650321753363	0.0681444837658	0.0712910153536	0.0683363557032	0.0712228625475	0.0660412209768	0.0926299093949	0.0519105328276	0.0508407426979	0.0445212786918	0.0489026098058	0.0452510685953	0.0963113268183	0.0918053992391	0.0953027189527	0.0917398931739	0.0897204259408	0.0893289358736	0.0906497123202	0.0985513971932	0.0664299891261	0.0526400081182	0.0	0.0634339063708	0.0624059399262	0.06743746197	0.0670806530593	0.0751845498529	0.0730531909154
TARA_140_SRF_0.22-3_G.snv.filtered.bam	0.05967370051	0.0646451815335	0.0577213528195	0.0556922486259	0.0570104007208	0.0526531478332	0.0503770870622	0.043315223503	0.0534819191855	0.039109138192	0.0423799659437	0.0405236837853	0.0525818100231	0.0456148965764	0.045212427419	0.0563129988677	0.0621347305546	0.0540397523773	0.0471252603146	0.0489368468084	0.048227280984	0.0528901158987	0.0584094805131	0.0565727694641	0.0591478282593	0.122326252336	0.0425501203711	0.0407264012206	0.0581966141719	0.0593765929009	0.0549932373823	0.127772907277	0.0998949858149	0.128241484477	0.124701896354	0.121933936867	0.122119865342	0.123452331727	0.132514887976	0.0701686585886	0.0444007646202	0.0634339063708	0.0	0.0521084215459	0.061814524251	0.0607547881647	0.0698727704957	0.0690101920669
TARA_141_SRF_0.22-3_G.snv.filtered.bam	0.0495076383608	0.0535964866208	0.0473575778529	0.0482419058776	0.0493283333849	0.0516435826664	0.0474837486109	0.0464996477794	0.0547711531879	0.04486650994	0.0440026013501	0.0427055350042	0.0496741830257	0.0396513823522	0.0419930546607	0.0462594708068	0.0523238570782	0.0465227182558	0.0458575640291	0.0480449326394	0.0508130532617	0.0534923894687	0.0493604846246	0.0520012742951	0.0470258957988	0.117898923655	0.0549005821787	0.0515731755127	0.0685574790279	0.0675907865267	0.0673336881354	0.120620866878	0.0917378446031	0.123356525612	0.116886718403	0.114573303962	0.115936303225	0.117567024279	0.127390457044	0.0579710102923	0.0553837401313	0.0624059399262	0.0521084215459	0.0	0.0382501817645	0.0380780986151	0.0504225096238	0.0504442017571
TARA_142_DCM_0.22-3_G.snv.filtered.bam	0.0568597667871	0.0637008799779	0.0555409855733	0.0585016191743	0.0590540184773	0.0598566595713	0.0572453725034	0.0563429301064	0.0632178437977	0.0571405363434	0.0562615529023	0.0533743794892	0.0555073157048	0.0510255793966	0.0509414861128	0.0544101940719	0.0577821609957	0.0546595278368	0.0576696056507	0.0597444545726	0.0613577217401	0.0615981893515	0.0552392693928	0.0620338120331	0.0567306083451	0.121526005739	0.0637096179251	0.0608739388413	0.0751333253631	0.074078982279	0.0739544746102	0.122693489707	0.0901946392433	0.125667759804	0.120855559699	0.119048154405	0.118404832911	0.119020211816	0.130768161959	0.0611841222516	0.0650507868929	0.06743746197	0.061814524251	0.0382501817645	0.0	0.0364356469665	0.0518056043714	0.0468388368804
TARA_142_SRF_0.22-3_G.snv.filtered.bam	0.0591513214795	0.0603101965308	0.0571238585497	0.0590159016384	0.0596966991286	0.0603448379602	0.0560542460024	0.0559748292283	0.0611641508266	0.0559073380636	0.0554287858044	0.0547406245091	0.0580297398967	0.0494555418316	0.0519811479715	0.0553566379124	0.0569171419719	0.0540093551464	0.0556677867632	0.0570608431298	0.0607009211024	0.0618167533605	0.0560592241505	0.06081442841	0.0522070604056	0.119446402651	0.0628597317105	0.0602688733805	0.0734505955094	0.0708088755528	0.0727064528886	0.122845989761	0.0886046008848	0.125536951947	0.11825989784	0.116128935606	0.116656434012	0.11770065087	0.129373024138	0.0606145393314	0.0642462911189	0.0670806530593	0.0607547881647	0.0380780986151	0.0364356469665	0.0	0.0473991048886	0.0462441203365
TARA_146_SRF_0.22-3_G.snv.filtered.bam	0.070156282296	0.0725761775101	0.0686143782254	0.0704099176079	0.0709293971275	0.0701062375175	0.0668930941048	0.0666441859409	0.0686509938456	0.0661586592069	0.0665561102936	0.0644676235427	0.0633801874748	0.0616053707459	0.0618001047053	0.0630111317996	0.0624154875327	0.0639959980269	0.0665316186828	0.0692861178207	0.0709463831042	0.072488962317	0.0612032307868	0.0694795921532	0.0657734149914	0.122407436731	0.071872018946	0.0699364197103	0.0790721641977	0.078281222479	0.0788250759118	0.125251619709	0.0912674393742	0.126567097695	0.121510690014	0.118934217798	0.118669140978	0.119631914669	0.130851863225	0.065808070363	0.0725610538547	0.0751845498529	0.0698727704957	0.0504225096238	0.0518056043714	0.0473991048886	0.0	0.0522264873236
TARA_148_SRF_0.22-3_G.snv.filtered.bam	0.0656843724708	0.0659119883246	0.0653041377608	0.0684362337333	0.068831948714	0.0672220196234	0.0662361458841	0.0643912379736	0.0690545684778	0.0654855631973	0.0656288275071	0.0634681462776	0.0658070473464	0.0600712139671	0.0599818908076	0.062368745909	0.0603313450225	0.0627313545472	0.0644255274816	0.0666094716134	0.0675048176694	0.0680077112365	0.0596864181342	0.0675049782604	0.0620237983954	0.121083543785	0.0735308038329	0.0702806319527	0.0789999435657	0.0768023098684	0.0776999950206	0.121946208358	0.0849665451883	0.123219337937	0.120216837163	0.117656747108	0.117780069568	0.118169916776	0.128283294208	0.0597062686806	0.0721606274978	0.0730531909154	0.0690101920669	0.0504442017571	0.0468388368804	0.0462441203365	0.0522264873236	0.0
