	TARA_004_DCM_0.22-1.6_G.snv.filtered.bam	TARA_009_DCM_0.22-1.6_G.snv.filtered.bam	TARA_025_DCM_0.22-1.6_G.snv.filtered.bam	TARA_032_DCM_0.22-1.6_G.snv.filtered.bam	TARA_034_DCM_0.22-1.6_G.snv.filtered.bam	TARA_064_DCM_0.22-3_G.snv.filtered.bam	TARA_065_DCM_0.22-3_G.snv.filtered.bam	TARA_065_SRF_0.22-3_G.snv.filtered.bam	TARA_066_DCM_0.22-3_G.snv.filtered.bam	TARA_066_SRF_0.22-3_G.snv.filtered.bam	TARA_068_DCM_0.22-3_G.snv.filtered.bam	TARA_068_SRF_0.22-3_G.snv.filtered.bam	TARA_076_DCM_0.22-3_G.snv.filtered.bam	TARA_078_DCM_0.22-3_G.snv.filtered.bam	TARA_123_MIX_0.22-3_G.snv.filtered.bam	TARA_125_MIX_0.22-3_G.snv.filtered.bam	TARA_132_DCM_0.22-3_G.snv.filtered.bam	TARA_145_SRF_0.22-3_G.snv.filtered.bam	TARA_146_SRF_0.22-3_G.snv.filtered.bam	TARA_148_SRF_0.22-3_G.snv.filtered.bam	TARA_148b_MES_0.22-3_G.snv.filtered.bam	TARA_149_SRF_0.22-3_G.snv.filtered.bam	TARA_150_DCM_0.22-3_G.snv.filtered.bam	TARA_150_SRF_0.22-3_G.snv.filtered.bam	TARA_151_DCM_0.22-3_G.snv.filtered.bam	TARA_152_MIX_0.22-3_G.snv.filtered.bam	TARA_152_SRF_0.22-3_G.snv.filtered.bam
TARA_004_DCM_0.22-1.6_G.snv.filtered.bam	0.0	0.00148148148148	0.0296296296296	0.0251851851852	0.0281481481481	0.00444444444444	0.00148148148148	0.00296296296296	0.00444444444444	0.00148148148148	0.0	0.0	0.0	0.0	0.0474074074074	0.04	0.0	0.0	0.0	0.0	0.0	0.0	0.0	0.0	0.0	0.00148148148148	0.0
TARA_009_DCM_0.22-1.6_G.snv.filtered.bam	0.00148148148148	0.0	0.00444444444444	0.0548148148148	0.0548148148148	0.0222222222222	0.0133333333333	0.00740740740741	0.00148148148148	0.0	0.0	0.0	0.0	0.00740740740741	0.04	0.0533333333333	0.0	0.037037037037	0.0385185185185	0.0414814814815	0.0162962962963	0.0340740740741	0.00444444444444	0.00444444444444	0.0	0.0	0.0
TARA_025_DCM_0.22-1.6_G.snv.filtered.bam	0.0296296296296	0.00444444444444	0.0	0.0992592592593	0.0933333333333	0.08	0.0666666666667	0.0651851851852	0.00592592592593	0.00296296296296	0.00740740740741	0.00296296296296	0.0488888888889	0.0711111111111	0.0622222222222	0.0607407407407	0.00888888888889	0.0918518518519	0.0977777777778	0.0977777777778	0.0874074074074	0.0948148148148	0.0725925925926	0.0622222222222	0.00740740740741	0.00740740740741	0.0103703703704
TARA_032_DCM_0.22-1.6_G.snv.filtered.bam	0.0251851851852	0.0548148148148	0.0992592592593	0.0	0.0	0.042962962963	0.0325925925926	0.0325925925926	0.0607407407407	0.0651851851852	0.0562962962963	0.0533333333333	0.0296296296296	0.0325925925926	0.0785185185185	0.0518518518519	0.0296296296296	0.0266666666667	0.0296296296296	0.0325925925926	0.0266666666667	0.0296296296296	0.0311111111111	0.0325925925926	0.0296296296296	0.0577777777778	0.0637037037037
TARA_034_DCM_0.22-1.6_G.snv.filtered.bam	0.0281481481481	0.0548148148148	0.0933333333333	0.0	0.0	0.0444444444444	0.0385185185185	0.0385185185185	0.0562962962963	0.0607407407407	0.0518518518519	0.0488888888889	0.0340740740741	0.0325925925926	0.08	0.0444444444444	0.0340740740741	0.0296296296296	0.0325925925926	0.0311111111111	0.0296296296296	0.0325925925926	0.0311111111111	0.0355555555556	0.0296296296296	0.0533333333333	0.0607407407407
TARA_064_DCM_0.22-3_G.snv.filtered.bam	0.00444444444444	0.0222222222222	0.08	0.042962962963	0.0444444444444	0.0	0.0	0.00148148148148	0.0355555555556	0.0355555555556	0.0222222222222	0.0237037037037	0.00148148148148	0.00296296296296	0.0681481481481	0.0444444444444	0.00888888888889	0.00592592592593	0.00444444444444	0.00444444444444	0.00444444444444	0.00444444444444	0.00592592592593	0.00444444444444	0.00888888888889	0.0325925925926	0.037037037037
TARA_065_DCM_0.22-3_G.snv.filtered.bam	0.00148148148148	0.0133333333333	0.0666666666667	0.0325925925926	0.0385185185185	0.0	0.0	0.0	0.0207407407407	0.0177777777778	0.0133333333333	0.0148148148148	0.0	0.00148148148148	0.0577777777778	0.042962962963	0.00444444444444	0.00444444444444	0.00444444444444	0.00444444444444	0.00148148148148	0.00444444444444	0.00148148148148	0.00148148148148	0.00296296296296	0.0251851851852	0.0237037037037
TARA_065_SRF_0.22-3_G.snv.filtered.bam	0.00296296296296	0.00740740740741	0.0651851851852	0.0325925925926	0.0385185185185	0.00148148148148	0.0	0.0	0.0148148148148	0.0177777777778	0.0133333333333	0.0118518518519	0.00148148148148	0.0	0.0637037037037	0.0459259259259	0.00148148148148	0.00148148148148	0.00444444444444	0.00148148148148	0.00148148148148	0.0	0.00296296296296	0.00296296296296	0.0	0.0162962962963	0.0281481481481
TARA_066_DCM_0.22-3_G.snv.filtered.bam	0.00444444444444	0.00148148148148	0.00592592592593	0.0607407407407	0.0562962962963	0.0355555555556	0.0207407407407	0.0148148148148	0.0	0.0	0.0	0.0	0.00592592592593	0.0162962962963	0.037037037037	0.0459259259259	0.00148148148148	0.0414814814815	0.0414814814815	0.042962962963	0.0266666666667	0.042962962963	0.0192592592593	0.0133333333333	0.0	0.0	0.0
TARA_066_SRF_0.22-3_G.snv.filtered.bam	0.00148148148148	0.0	0.00296296296296	0.0651851851852	0.0607407407407	0.0355555555556	0.0177777777778	0.0177777777778	0.0	0.0	0.0	0.0	0.0103703703704	0.0177777777778	0.0385185185185	0.0503703703704	0.00148148148148	0.0503703703704	0.0518518518519	0.0503703703704	0.0311111111111	0.0488888888889	0.0296296296296	0.0133333333333	0.0	0.00148148148148	0.00148148148148
TARA_068_DCM_0.22-3_G.snv.filtered.bam	0.0	0.0	0.00740740740741	0.0562962962963	0.0518518518519	0.0222222222222	0.0133333333333	0.0133333333333	0.0	0.0	0.0	0.0	0.00444444444444	0.0103703703704	0.0414814814815	0.0518518518519	0.0	0.0325925925926	0.037037037037	0.0340740740741	0.0162962962963	0.0325925925926	0.0103703703704	0.00444444444444	0.0	0.0	0.0
TARA_068_SRF_0.22-3_G.snv.filtered.bam	0.0	0.0	0.00296296296296	0.0533333333333	0.0488888888889	0.0237037037037	0.0148148148148	0.0118518518519	0.0	0.0	0.0	0.0	0.00148148148148	0.00148148148148	0.0340740740741	0.0459259259259	0.0	0.0325925925926	0.0355555555556	0.0385185185185	0.0133333333333	0.0296296296296	0.00740740740741	0.00296296296296	0.0	0.0	0.0
TARA_076_DCM_0.22-3_G.snv.filtered.bam	0.0	0.0	0.0488888888889	0.0296296296296	0.0340740740741	0.00148148148148	0.0	0.00148148148148	0.00592592592593	0.0103703703704	0.00444444444444	0.00148148148148	0.0	0.0	0.0577777777778	0.04	0.0	0.00148148148148	0.00148148148148	0.0	0.0	0.0	0.0	0.0	0.0	0.00148148148148	0.00148148148148
TARA_078_DCM_0.22-3_G.snv.filtered.bam	0.0	0.00740740740741	0.0711111111111	0.0325925925926	0.0325925925926	0.00296296296296	0.00148148148148	0.0	0.0162962962963	0.0177777777778	0.0103703703704	0.00148148148148	0.0	0.0	0.0622222222222	0.0474074074074	0.0	0.0	0.0	0.0	0.0	0.0	0.0	0.0	0.0	0.00888888888889	0.0192592592593
TARA_123_MIX_0.22-3_G.snv.filtered.bam	0.0474074074074	0.04	0.0622222222222	0.0785185185185	0.08	0.0681481481481	0.0577777777778	0.0637037037037	0.037037037037	0.0385185185185	0.0414814814815	0.0340740740741	0.0577777777778	0.0622222222222	0.0	0.00592592592593	0.0266666666667	0.0725925925926	0.077037037037	0.0785185185185	0.0740740740741	0.077037037037	0.0666666666667	0.0577777777778	0.0296296296296	0.0488888888889	0.0533333333333
TARA_125_MIX_0.22-3_G.snv.filtered.bam	0.04	0.0533333333333	0.0607407407407	0.0518518518519	0.0444444444444	0.0444444444444	0.042962962963	0.0459259259259	0.0459259259259	0.0503703703704	0.0518518518519	0.0459259259259	0.04	0.0474074074074	0.00592592592593	0.0	0.0325925925926	0.0488888888889	0.0503703703704	0.0518518518519	0.0503703703704	0.0503703703704	0.0459259259259	0.042962962963	0.0355555555556	0.0459259259259	0.0503703703704
TARA_132_DCM_0.22-3_G.snv.filtered.bam	0.0	0.0	0.00888888888889	0.0296296296296	0.0340740740741	0.00888888888889	0.00444444444444	0.00148148148148	0.00148148148148	0.00148148148148	0.0	0.0	0.0	0.0	0.0266666666667	0.0325925925926	0.0	0.00740740740741	0.0133333333333	0.0177777777778	0.00296296296296	0.0133333333333	0.0	0.0	0.0	0.0	0.0
TARA_145_SRF_0.22-3_G.snv.filtered.bam	0.0	0.037037037037	0.0918518518519	0.0266666666667	0.0296296296296	0.00592592592593	0.00444444444444	0.00148148148148	0.0414814814815	0.0503703703704	0.0325925925926	0.0325925925926	0.00148148148148	0.0	0.0725925925926	0.0488888888889	0.00740740740741	0.0	0.0	0.0	0.0	0.0	0.0	0.0	0.00444444444444	0.0414814814815	0.037037037037
TARA_146_SRF_0.22-3_G.snv.filtered.bam	0.0	0.0385185185185	0.0977777777778	0.0296296296296	0.0325925925926	0.00444444444444	0.00444444444444	0.00444444444444	0.0414814814815	0.0518518518519	0.037037037037	0.0355555555556	0.00148148148148	0.0	0.077037037037	0.0503703703704	0.0133333333333	0.0	0.0	0.0	0.0	0.0	0.0	0.0	0.00296296296296	0.042962962963	0.0503703703704
TARA_148_SRF_0.22-3_G.snv.filtered.bam	0.0	0.0414814814815	0.0977777777778	0.0325925925926	0.0311111111111	0.00444444444444	0.00444444444444	0.00148148148148	0.042962962963	0.0503703703704	0.0340740740741	0.0385185185185	0.0	0.0	0.0785185185185	0.0518518518519	0.0177777777778	0.0	0.0	0.0	0.0	0.0	0.0	0.0	0.00296296296296	0.0414814814815	0.0459259259259
TARA_148b_MES_0.22-3_G.snv.filtered.bam	0.0	0.0162962962963	0.0874074074074	0.0266666666667	0.0296296296296	0.00444444444444	0.00148148148148	0.00148148148148	0.0266666666667	0.0311111111111	0.0162962962963	0.0133333333333	0.0	0.0	0.0740740740741	0.0503703703704	0.00296296296296	0.0	0.0	0.0	0.0	0.0	0.0	0.0	0.0	0.0237037037037	0.0325925925926
TARA_149_SRF_0.22-3_G.snv.filtered.bam	0.0	0.0340740740741	0.0948148148148	0.0296296296296	0.0325925925926	0.00444444444444	0.00444444444444	0.0	0.042962962963	0.0488888888889	0.0325925925926	0.0296296296296	0.0	0.0	0.077037037037	0.0503703703704	0.0133333333333	0.0	0.0	0.0	0.0	0.0	0.0	0.0	0.00296296296296	0.04	0.0474074074074
TARA_150_DCM_0.22-3_G.snv.filtered.bam	0.0	0.00444444444444	0.0725925925926	0.0311111111111	0.0311111111111	0.00592592592593	0.00148148148148	0.00296296296296	0.0192592592593	0.0296296296296	0.0103703703704	0.00740740740741	0.0	0.0	0.0666666666667	0.0459259259259	0.0	0.0	0.0	0.0	0.0	0.0	0.0	0.0	0.0	0.0148148148148	0.0162962962963
TARA_150_SRF_0.22-3_G.snv.filtered.bam	0.0	0.00444444444444	0.0622222222222	0.0325925925926	0.0355555555556	0.00444444444444	0.00148148148148	0.00296296296296	0.0133333333333	0.0133333333333	0.00444444444444	0.00296296296296	0.0	0.0	0.0577777777778	0.042962962963	0.0	0.0	0.0	0.0	0.0	0.0	0.0	0.0	0.0	0.00592592592593	0.0103703703704
TARA_151_DCM_0.22-3_G.snv.filtered.bam	0.0	0.0	0.00740740740741	0.0296296296296	0.0296296296296	0.00888888888889	0.00296296296296	0.0	0.0	0.0	0.0	0.0	0.0	0.0	0.0296296296296	0.0355555555556	0.0	0.00444444444444	0.00296296296296	0.00296296296296	0.0	0.00296296296296	0.0	0.0	0.0	0.0	0.0
TARA_152_MIX_0.22-3_G.snv.filtered.bam	0.00148148148148	0.0	0.00740740740741	0.0577777777778	0.0533333333333	0.0325925925926	0.0251851851852	0.0162962962963	0.0	0.00148148148148	0.0	0.0	0.00148148148148	0.00888888888889	0.0488888888889	0.0459259259259	0.0	0.0414814814815	0.042962962963	0.0414814814815	0.0237037037037	0.04	0.0148148148148	0.00592592592593	0.0	0.0	0.0
TARA_152_SRF_0.22-3_G.snv.filtered.bam	0.0	0.0	0.0103703703704	0.0637037037037	0.0607407407407	0.037037037037	0.0237037037037	0.0281481481481	0.0	0.00148148148148	0.0	0.0	0.00148148148148	0.0192592592593	0.0533333333333	0.0503703703704	0.0	0.037037037037	0.0503703703704	0.0459259259259	0.0325925925926	0.0474074074074	0.0162962962963	0.0103703703704	0.0	0.0	0.0
