	TARA_004_DCM_0.22-1.6_G.snv.filtered.bam	TARA_009_DCM_0.22-1.6_G.snv.filtered.bam	TARA_025_DCM_0.22-1.6_G.snv.filtered.bam	TARA_032_DCM_0.22-1.6_G.snv.filtered.bam	TARA_034_DCM_0.22-1.6_G.snv.filtered.bam	TARA_064_DCM_0.22-3_G.snv.filtered.bam	TARA_065_DCM_0.22-3_G.snv.filtered.bam	TARA_065_SRF_0.22-3_G.snv.filtered.bam	TARA_066_DCM_0.22-3_G.snv.filtered.bam	TARA_066_SRF_0.22-3_G.snv.filtered.bam	TARA_068_DCM_0.22-3_G.snv.filtered.bam	TARA_068_SRF_0.22-3_G.snv.filtered.bam	TARA_076_DCM_0.22-3_G.snv.filtered.bam	TARA_078_DCM_0.22-3_G.snv.filtered.bam	TARA_123_MIX_0.22-3_G.snv.filtered.bam	TARA_125_MIX_0.22-3_G.snv.filtered.bam	TARA_132_DCM_0.22-3_G.snv.filtered.bam	TARA_145_SRF_0.22-3_G.snv.filtered.bam	TARA_146_SRF_0.22-3_G.snv.filtered.bam	TARA_148_SRF_0.22-3_G.snv.filtered.bam	TARA_148b_MES_0.22-3_G.snv.filtered.bam	TARA_149_SRF_0.22-3_G.snv.filtered.bam	TARA_150_DCM_0.22-3_G.snv.filtered.bam	TARA_150_SRF_0.22-3_G.snv.filtered.bam	TARA_151_DCM_0.22-3_G.snv.filtered.bam	TARA_152_MIX_0.22-3_G.snv.filtered.bam	TARA_152_SRF_0.22-3_G.snv.filtered.bam
TARA_004_DCM_0.22-1.6_G.snv.filtered.bam	0.0	0.0641689923436	0.103336111502	0.111186664835	0.113202803923	0.0879777042294	0.0707139256164	0.0810155289138	0.0828748652284	0.0848750804848	0.0665014291992	0.0719823253912	0.0546133228092	0.0536850605642	0.142511427372	0.139167534649	0.0605699677081	0.073081091704	0.0734116940714	0.0748049171167	0.0655068889854	0.0720314606641	0.0601182383041	0.0540481552739	0.0426039067569	0.0667300409907	0.0743221430997
TARA_009_DCM_0.22-1.6_G.snv.filtered.bam	0.0641689923436	0.0	0.0764198784459	0.136887411078	0.140796981227	0.119813896238	0.104088250638	0.11303873052	0.0647706325172	0.0666096401185	0.0543669209187	0.0527178895178	0.0855496084754	0.0960860019617	0.142895606223	0.145285619605	0.0630333970854	0.118491114621	0.118493343923	0.119097231326	0.107933087731	0.116165722535	0.102089305155	0.0914975510075	0.0508168232627	0.0566331448307	0.061223158288
TARA_025_DCM_0.22-1.6_G.snv.filtered.bam	0.103336111502	0.0764198784459	0.0	0.149031787823	0.150446048344	0.152795643992	0.134503902184	0.145522056665	0.0862109989784	0.0794907223604	0.0838230274545	0.0817093710596	0.122020793817	0.130430013521	0.15051512341	0.144982394117	0.0990621614524	0.15335981839	0.155628130484	0.156650736159	0.146114305704	0.153789641839	0.135969234382	0.130862551919	0.0929414641169	0.0752753076492	0.0762438145159
TARA_032_DCM_0.22-1.6_G.snv.filtered.bam	0.111186664835	0.136887411078	0.149031787823	0.0	0.0279117575706	0.11032497229	0.0986164892364	0.108662507395	0.145657006587	0.153543695746	0.14326529837	0.145008129873	0.11050482976	0.0976473314879	0.166593165219	0.137202622568	0.132427154856	0.0907824218938	0.0918809378149	0.0926113386848	0.094912882212	0.091961734848	0.0989499547304	0.105073703088	0.128607093317	0.136855426186	0.145666287626
TARA_034_DCM_0.22-1.6_G.snv.filtered.bam	0.113202803923	0.140796981227	0.150446048344	0.0279117575706	0.0	0.108420889054	0.0976554129301	0.108601483553	0.148481302683	0.157041185155	0.144888168711	0.149126855479	0.113082646963	0.0998422961284	0.165810805761	0.137746867331	0.136284094921	0.0929925445998	0.0955720968497	0.0954735290545	0.0959598461944	0.0957522248576	0.10157605853	0.107817685939	0.131541451092	0.141511054636	0.149199744396
TARA_064_DCM_0.22-3_G.snv.filtered.bam	0.0879777042294	0.119813896238	0.152795643992	0.11032497229	0.108420889054	0.0	0.06128236542	0.0646165090592	0.1234387283	0.132078774067	0.118517002395	0.124861171931	0.0797231087245	0.0688500311674	0.165662985554	0.153094774267	0.11347837074	0.0744567939676	0.0728385011769	0.0733516408091	0.0712431370351	0.0731330832657	0.0739103222081	0.0774601394261	0.102807164054	0.126033904838	0.131860323301
TARA_065_DCM_0.22-3_G.snv.filtered.bam	0.0707139256164	0.104088250638	0.134503902184	0.0986164892364	0.0976554129301	0.06128236542	0.0	0.0529311478594	0.11059739384	0.112762325226	0.100869199715	0.106035080474	0.0642802224496	0.0532876916569	0.148836729237	0.142034042143	0.0984016584768	0.0646954882374	0.0623679128209	0.0631124589445	0.0597298739173	0.0622252644106	0.0612706772585	0.0623111109133	0.0865188114244	0.10828560202	0.115841974428
TARA_065_SRF_0.22-3_G.snv.filtered.bam	0.0810155289138	0.11303873052	0.145522056665	0.108662507395	0.108601483553	0.0646165090592	0.0529311478594	0.0	0.114662849528	0.122622005912	0.107514678819	0.113500060339	0.0709183321505	0.0642832376686	0.160511918443	0.151612594019	0.101856589305	0.0735531121414	0.0707514911871	0.0734454363828	0.068289635538	0.0719730387214	0.0710138200767	0.0722150389622	0.0937054022511	0.118241579608	0.125460406652
TARA_066_DCM_0.22-3_G.snv.filtered.bam	0.0828748652284	0.0647706325172	0.0862109989784	0.145657006587	0.148481302683	0.1234387283	0.11059739384	0.114662849528	0.0	0.0540129432275	0.0508671843185	0.0484153827238	0.0982662207499	0.111811385076	0.14342745636	0.149572306027	0.0724511391571	0.133585635427	0.133213491755	0.134550254375	0.125264799241	0.131724726501	0.11909445707	0.110532245938	0.0675514974878	0.0687958257179	0.0727359351781
TARA_066_SRF_0.22-3_G.snv.filtered.bam	0.0848750804848	0.0666096401185	0.0794907223604	0.153543695746	0.157041185155	0.132078774067	0.112762325226	0.122622005912	0.0540129432275	0.0	0.0528388215637	0.0516706414234	0.100266976506	0.114993692814	0.147131966326	0.155566356934	0.0721578842864	0.136964249965	0.136970386506	0.137473570392	0.128587328946	0.134703683411	0.1235271291	0.112904736504	0.0688932807501	0.0684016154512	0.0689936857112
TARA_068_DCM_0.22-3_G.snv.filtered.bam	0.0665014291992	0.0543669209187	0.0838230274545	0.14326529837	0.144888168711	0.118517002395	0.100869199715	0.107514678819	0.0508671843185	0.0528388215637	0.0	0.038437543321	0.0860820443761	0.0961244503696	0.145633851385	0.150096937331	0.064551709681	0.122062316967	0.120428008026	0.121748057207	0.111271277289	0.119206774404	0.106311891623	0.0960753053872	0.051477036589	0.054978594233	0.0608977986588
TARA_068_SRF_0.22-3_G.snv.filtered.bam	0.0719823253912	0.0527178895178	0.0817093710596	0.145008129873	0.149126855479	0.124861171931	0.106035080474	0.113500060339	0.0484153827238	0.0516706414234	0.038437543321	0.0	0.0917808693887	0.102202005383	0.142024921072	0.149381019668	0.0609760911201	0.127049735956	0.126052283685	0.128175326439	0.118051328872	0.12544836174	0.113519529088	0.102410652681	0.0534495230579	0.0525733578692	0.0625272752606
TARA_076_DCM_0.22-3_G.snv.filtered.bam	0.0546133228092	0.0855496084754	0.122020793817	0.11050482976	0.113082646963	0.0797231087245	0.0642802224496	0.0709183321505	0.0982662207499	0.100266976506	0.0860820443761	0.0917808693887	0.0	0.0478265972208	0.14870450471	0.143501859594	0.0762126540589	0.0680612814177	0.0663785681713	0.0687150498799	0.0605834876085	0.0660303521897	0.0576517167484	0.0546109855673	0.0674089830791	0.0916678478288	0.0979728668883
TARA_078_DCM_0.22-3_G.snv.filtered.bam	0.0536850605642	0.0960860019617	0.130430013521	0.0976473314879	0.0998422961284	0.0688500311674	0.0532876916569	0.0642832376686	0.111811385076	0.114993692814	0.0961244503696	0.102202005383	0.0478265972208	0.0	0.154719740418	0.142340011885	0.0884608331129	0.0433931008916	0.0405456151686	0.0423146516397	0.033370866985	0.0408348518215	0.0363818132123	0.0419265299751	0.0713618866554	0.101025457423	0.107994675194
TARA_123_MIX_0.22-3_G.snv.filtered.bam	0.142511427372	0.142895606223	0.15051512341	0.166593165219	0.165810805761	0.165662985554	0.148836729237	0.160511918443	0.14342745636	0.147131966326	0.145633851385	0.142024921072	0.14870450471	0.154719740418	0.0	0.0696315780401	0.136082974946	0.170337644687	0.169947992871	0.171238240004	0.163520948545	0.169131026627	0.159531491101	0.157555900451	0.143313284285	0.142243071542	0.14851963665
TARA_125_MIX_0.22-3_G.snv.filtered.bam	0.139167534649	0.145285619605	0.144982394117	0.137202622568	0.137746867331	0.153094774267	0.142034042143	0.151612594019	0.149572306027	0.155566356934	0.150096937331	0.149381019668	0.143501859594	0.142340011885	0.0696315780401	0.0	0.145808265136	0.151146121668	0.148550086265	0.1512751198	0.14779755646	0.148756112745	0.146816381004	0.148580551673	0.146254653681	0.145294124531	0.152516314256
TARA_132_DCM_0.22-3_G.snv.filtered.bam	0.0605699677081	0.0630333970854	0.0990621614524	0.132427154856	0.136284094921	0.11347837074	0.0984016584768	0.101856589305	0.0724511391571	0.0721578842864	0.064551709681	0.0609760911201	0.0762126540589	0.0884608331129	0.136082974946	0.145808265136	0.0	0.106751769655	0.106531937084	0.10832269114	0.0997385792854	0.105867475078	0.0953885963831	0.0841984889501	0.0522499860246	0.0664122405871	0.073883199709
TARA_145_SRF_0.22-3_G.snv.filtered.bam	0.073081091704	0.118491114621	0.15335981839	0.0907824218938	0.0929925445998	0.0744567939676	0.0646954882374	0.0735531121414	0.133585635427	0.136964249965	0.122062316967	0.127049735956	0.0680612814177	0.0433931008916	0.170337644687	0.151146121668	0.106751769655	0.0	0.0242188250521	0.0268488530408	0.0330859992716	0.0250552490679	0.0438913373155	0.0496996397343	0.0921155744785	0.125754354812	0.131895762477
TARA_146_SRF_0.22-3_G.snv.filtered.bam	0.0734116940714	0.118493343923	0.155628130484	0.0918809378149	0.0955720968497	0.0728385011769	0.0623679128209	0.0707514911871	0.133213491755	0.136970386506	0.120428008026	0.126052283685	0.0663785681713	0.0405456151686	0.169947992871	0.148550086265	0.106531937084	0.0242188250521	0.0	0.0187069424368	0.0282050078904	0.0164770889433	0.0430143336356	0.0469274818702	0.0911456479119	0.126125388609	0.132340916377
TARA_148_SRF_0.22-3_G.snv.filtered.bam	0.0748049171167	0.119097231326	0.156650736159	0.0926113386848	0.0954735290545	0.0733516408091	0.0631124589445	0.0734454363828	0.134550254375	0.137473570392	0.121748057207	0.128175326439	0.0687150498799	0.0423146516397	0.171238240004	0.1512751198	0.10832269114	0.0268488530408	0.0187069424368	0.0	0.028734042464	0.0195922184873	0.0425813704293	0.0492387438617	0.0923446843287	0.127586810708	0.132246852192
TARA_148b_MES_0.22-3_G.snv.filtered.bam	0.0655068889854	0.107933087731	0.146114305704	0.094912882212	0.0959598461944	0.0712431370351	0.0597298739173	0.068289635538	0.125264799241	0.128587328946	0.111271277289	0.118051328872	0.0605834876085	0.033370866985	0.163520948545	0.14779755646	0.0997385792854	0.0330859992716	0.0282050078904	0.028734042464	0.0	0.0271540584302	0.0392349411164	0.043136105893	0.0829349688968	0.116067325167	0.121580628416
TARA_149_SRF_0.22-3_G.snv.filtered.bam	0.0720314606641	0.116165722535	0.153789641839	0.091961734848	0.0957522248576	0.0731330832657	0.0622252644106	0.0719730387214	0.131724726501	0.134703683411	0.119206774404	0.12544836174	0.0660303521897	0.0408348518215	0.169131026627	0.148756112745	0.105867475078	0.0250552490679	0.0164770889433	0.0195922184873	0.0271540584302	0.0	0.0417797942559	0.0458920227867	0.0889744335065	0.124653492455	0.130966529861
TARA_150_DCM_0.22-3_G.snv.filtered.bam	0.0601182383041	0.102089305155	0.135969234382	0.0989499547304	0.10157605853	0.0739103222081	0.0612706772585	0.0710138200767	0.11909445707	0.1235271291	0.106311891623	0.113519529088	0.0576517167484	0.0363818132123	0.159531491101	0.146816381004	0.0953885963831	0.0438913373155	0.0430143336356	0.0425813704293	0.0392349411164	0.0417797942559	0.0	0.0418417360937	0.0778527270478	0.10620819407	0.113344474384
TARA_150_SRF_0.22-3_G.snv.filtered.bam	0.0540481552739	0.0914975510075	0.130862551919	0.105073703088	0.107817685939	0.0774601394261	0.0623111109133	0.0722150389622	0.110532245938	0.112904736504	0.0960753053872	0.102410652681	0.0546109855673	0.0419265299751	0.157555900451	0.148580551673	0.0841984889501	0.0496996397343	0.0469274818702	0.0492387438617	0.043136105893	0.0458920227867	0.0418417360937	0.0	0.0662270112862	0.0995775709814	0.107618912874
TARA_151_DCM_0.22-3_G.snv.filtered.bam	0.0426039067569	0.0508168232627	0.0929414641169	0.128607093317	0.131541451092	0.102807164054	0.0865188114244	0.0937054022511	0.0675514974878	0.0688932807501	0.051477036589	0.0534495230579	0.0674089830791	0.0713618866554	0.143313284285	0.146254653681	0.0522499860246	0.0921155744785	0.0911456479119	0.0923446843287	0.0829349688968	0.0889744335065	0.0778527270478	0.0662270112862	0.0	0.0548863109375	0.064881253557
TARA_152_MIX_0.22-3_G.snv.filtered.bam	0.0667300409907	0.0566331448307	0.0752753076492	0.136855426186	0.141511054636	0.126033904838	0.10828560202	0.118241579608	0.0687958257179	0.0684016154512	0.054978594233	0.0525733578692	0.0916678478288	0.101025457423	0.142243071542	0.145294124531	0.0664122405871	0.125754354812	0.126125388609	0.127586810708	0.116067325167	0.124653492455	0.10620819407	0.0995775709814	0.0548863109375	0.0	0.0450241554898
TARA_152_SRF_0.22-3_G.snv.filtered.bam	0.0743221430997	0.061223158288	0.0762438145159	0.145666287626	0.149199744396	0.131860323301	0.115841974428	0.125460406652	0.0727359351781	0.0689936857112	0.0608977986588	0.0625272752606	0.0979728668883	0.107994675194	0.14851963665	0.152516314256	0.073883199709	0.131895762477	0.132340916377	0.132246852192	0.121580628416	0.130966529861	0.113344474384	0.107618912874	0.064881253557	0.0450241554898	0.0
