	TARA_100_DCM_0.22-3_G.snv.filtered.bam	TARA_100_SRF_0.22-3_G.snv.filtered.bam	TARA_109_DCM_0.22-3_G.snv.filtered.bam	TARA_109_SRF_0.22-3_G.snv.filtered.bam	TARA_110_DCM_0.22-3_G.snv.filtered.bam	TARA_110_MES_0.22-3_G.snv.filtered.bam	TARA_110_SRF_0.22-3_G.snv.filtered.bam	TARA_111_DCM_0.22-3_G.snv.filtered.bam	TARA_111_SRF_0.22-3_G.snv.filtered.bam	TARA_122_DCM_0.22-3_G.snv.filtered.bam	TARA_122_MES_0.22-3_G.snv.filtered.bam	TARA_122_SRF_0.22-3_G.snv.filtered.bam	TARA_123_SRF_0.22-3_G.snv.filtered.bam	TARA_124_MIX_0.22-3_G.snv.filtered.bam	TARA_124_SRF_0.22-3_G.snv.filtered.bam	TARA_125_SRF_0.22-3_G.snv.filtered.bam	TARA_128_DCM_0.22-3_G.snv.filtered.bam	TARA_128_SRF_0.22-3_G.snv.filtered.bam	TARA_138_SRF_0.22-3_G.snv.filtered.bam
TARA_100_DCM_0.22-3_G.snv.filtered.bam	0.0	0.0539932825211	0.0645901287536	0.0643586816371	0.0624051959586	0.0604450128588	0.0620966633513	0.0447537710657	0.0516442170761	0.0624277219309	0.0625470143486	0.0619014566969	0.0629273645727	0.0616406219483	0.0621700381683	0.0620281976646	0.0681089366601	0.0674198009299	0.0722142741124
TARA_100_SRF_0.22-3_G.snv.filtered.bam	0.0539932825211	0.0	0.0536027026901	0.0620503652066	0.0526549111082	0.0526407719226	0.0493169996556	0.0520872486523	0.0427332367585	0.0556450871283	0.0500644198097	0.0470803813711	0.0474955750247	0.0457457014384	0.0453962276636	0.0458889169146	0.0501352499732	0.0505090673736	0.0578184707273
TARA_109_DCM_0.22-3_G.snv.filtered.bam	0.0645901287536	0.0536027026901	0.0	0.0474271874648	0.0379525636706	0.0452660151131	0.0380151228657	0.0649680353222	0.0658583467453	0.0465020487112	0.0435706146875	0.0411251399891	0.0391632622126	0.0400135301919	0.0405693709062	0.041114741473	0.0410348257619	0.0412626402283	0.0456551169955
TARA_109_SRF_0.22-3_G.snv.filtered.bam	0.0643586816371	0.0620503652066	0.0474271874648	0.0	0.0471663823145	0.0500537919471	0.0478146009186	0.066279312878	0.068731530392	0.049737829184	0.0496468992231	0.0500903687041	0.0498050539731	0.0492313346464	0.0499412885809	0.0497082817778	0.0510223931561	0.0497024785182	0.0520185430335
TARA_110_DCM_0.22-3_G.snv.filtered.bam	0.0624051959586	0.0526549111082	0.0379525636706	0.0471663823145	0.0	0.0429247633099	0.0288742015312	0.0614564231794	0.065462540832	0.0441511802784	0.0381687203312	0.0321979172333	0.0342961552957	0.0344227268918	0.0343786518801	0.0350944186055	0.0349658801979	0.0329882424076	0.0453561402266
TARA_110_MES_0.22-3_G.snv.filtered.bam	0.0604450128588	0.0526407719226	0.0452660151131	0.0500537919471	0.0429247633099	0.0	0.0403250285684	0.06122695213	0.0630579056752	0.0459636301341	0.044208582809	0.0411752480133	0.0411430586248	0.0426791652263	0.0418849414182	0.0415876296246	0.0417916427154	0.0417700380476	0.0495854221508
TARA_110_SRF_0.22-3_G.snv.filtered.bam	0.0620966633513	0.0493169996556	0.0380151228657	0.0478146009186	0.0288742015312	0.0403250285684	0.0	0.0590346816892	0.0620288417481	0.0405082695143	0.036063701618	0.0292603341312	0.0296003386754	0.0306849275859	0.0313364774806	0.0311842903662	0.0318456002103	0.0292925308101	0.0441491079635
TARA_111_DCM_0.22-3_G.snv.filtered.bam	0.0447537710657	0.0520872486523	0.0649680353222	0.066279312878	0.0614564231794	0.06122695213	0.0590346816892	0.0	0.0413194176002	0.0591212987425	0.0600539782569	0.0561064949925	0.0598558726538	0.0585891987412	0.0589304562288	0.0595717618825	0.0673186374135	0.0645544163508	0.0721427413665
TARA_111_SRF_0.22-3_G.snv.filtered.bam	0.0516442170761	0.0427332367585	0.0658583467453	0.068731530392	0.065462540832	0.0630579056752	0.0620288417481	0.0413194176002	0.0	0.0657215182851	0.0641333386055	0.0604025725883	0.0632676761281	0.0615114511085	0.0618221531348	0.062307149267	0.0681057589189	0.0655249344426	0.0734985177097
TARA_122_DCM_0.22-3_G.snv.filtered.bam	0.0624277219309	0.0556450871283	0.0465020487112	0.049737829184	0.0441511802784	0.0459636301341	0.0405082695143	0.0591212987425	0.0657215182851	0.0	0.034314495295	0.033167713862	0.0324994134312	0.0309773348756	0.0317983500569	0.0327593551923	0.0373365286708	0.0380195212291	0.0441648286507
TARA_122_MES_0.22-3_G.snv.filtered.bam	0.0625470143486	0.0500644198097	0.0435706146875	0.0496468992231	0.0381687203312	0.044208582809	0.036063701618	0.0600539782569	0.0641333386055	0.034314495295	0.0	0.025605398093	0.0252918936441	0.0247477159146	0.0250684807521	0.0254123058032	0.0293938731558	0.0299998434905	0.0407456760572
TARA_122_SRF_0.22-3_G.snv.filtered.bam	0.0619014566969	0.0470803813711	0.0411251399891	0.0500903687041	0.0321979172333	0.0411752480133	0.0292603341312	0.0561064949925	0.0604025725883	0.033167713862	0.025605398093	0.0	0.0188329487705	0.0178088343459	0.0177593875353	0.0174523900418	0.0250556917916	0.0229542170587	0.0381109493049
TARA_123_SRF_0.22-3_G.snv.filtered.bam	0.0629273645727	0.0474955750247	0.0391632622126	0.0498050539731	0.0342961552957	0.0411430586248	0.0296003386754	0.0598558726538	0.0632676761281	0.0324994134312	0.0252918936441	0.0188329487705	0.0	0.0176804309083	0.0169122202823	0.0172880135207	0.0223634682505	0.0229604539058	0.0364713660675
TARA_124_MIX_0.22-3_G.snv.filtered.bam	0.0616406219483	0.0457457014384	0.0400135301919	0.0492313346464	0.0344227268918	0.0426791652263	0.0306849275859	0.0585891987412	0.0615114511085	0.0309773348756	0.0247477159146	0.0178088343459	0.0176804309083	0.0	0.0171787237482	0.0168065626646	0.0234896349729	0.0231084380041	0.0364730781329
TARA_124_SRF_0.22-3_G.snv.filtered.bam	0.0621700381683	0.0453962276636	0.0405693709062	0.0499412885809	0.0343786518801	0.0418849414182	0.0313364774806	0.0589304562288	0.0618221531348	0.0317983500569	0.0250684807521	0.0177593875353	0.0169122202823	0.0171787237482	0.0	0.0159702135745	0.0217755728876	0.0233033172485	0.0365746013667
TARA_125_SRF_0.22-3_G.snv.filtered.bam	0.0620281976646	0.0458889169146	0.041114741473	0.0497082817778	0.0350944186055	0.0415876296246	0.0311842903662	0.0595717618825	0.062307149267	0.0327593551923	0.0254123058032	0.0174523900418	0.0172880135207	0.0168065626646	0.0159702135745	0.0	0.0237197880149	0.023456235879	0.0366423670599
TARA_128_DCM_0.22-3_G.snv.filtered.bam	0.0681089366601	0.0501352499732	0.0410348257619	0.0510223931561	0.0349658801979	0.0417916427154	0.0318456002103	0.0673186374135	0.0681057589189	0.0373365286708	0.0293938731558	0.0250556917916	0.0223634682505	0.0234896349729	0.0217755728876	0.0237197880149	0.0	0.0178594007581	0.0328289997805
TARA_128_SRF_0.22-3_G.snv.filtered.bam	0.0674198009299	0.0505090673736	0.0412626402283	0.0497024785182	0.0329882424076	0.0417700380476	0.0292925308101	0.0645544163508	0.0655249344426	0.0380195212291	0.0299998434905	0.0229542170587	0.0229604539058	0.0231084380041	0.0233033172485	0.023456235879	0.0178594007581	0.0	0.0342033875808
TARA_138_SRF_0.22-3_G.snv.filtered.bam	0.0722142741124	0.0578184707273	0.0456551169955	0.0520185430335	0.0453561402266	0.0495854221508	0.0441491079635	0.0721427413665	0.0734985177097	0.0441648286507	0.0407456760572	0.0381109493049	0.0364713660675	0.0364730781329	0.0365746013667	0.0366423670599	0.0328289997805	0.0342033875808	0.0
