	TARA_037_MES_0.22-1.6_G.snv.filtered.bam	TARA_038_MES_0.22-1.6_G.snv.filtered.bam	TARA_039_MES_0.22-1.6_G.snv.filtered.bam	TARA_100_MES_0.22-3_G.snv.filtered.bam	TARA_102_MES_0.22-3_G.snv.filtered.bam	TARA_109_MES_0.22-3_G.snv.filtered.bam	TARA_110_MES_0.22-3_G.snv.filtered.bam	TARA_111_MES_0.22-3_G.snv.filtered.bam	TARA_137_DCM_0.22-3_G.snv.filtered.bam	TARA_137_MES_0.22-3_G.snv.filtered.bam	TARA_138_MES_0.22-3_G.snv.filtered.bam
TARA_037_MES_0.22-1.6_G.snv.filtered.bam	0.0	0.173990093189	0.179070356692	0.169862167485	0.161957531739	0.166553175688	0.16985008653	0.162775409153	0.171852070727	0.227343987723	0.302362099808
TARA_038_MES_0.22-1.6_G.snv.filtered.bam	0.173990093189	0.0	0.0212789728523	0.235750499786	0.231179896992	0.234448832885	0.23958048884	0.227857526896	0.238577336264	0.258837071136	0.309994505492
TARA_039_MES_0.22-1.6_G.snv.filtered.bam	0.179070356692	0.0212789728523	0.0	0.2383253395	0.234127206903	0.237409901263	0.242339803052	0.229723844725	0.240817597691	0.261762669245	0.307154301262
TARA_100_MES_0.22-3_G.snv.filtered.bam	0.169862167485	0.235750499786	0.2383253395	0.0	0.0518581411627	0.0387769398901	0.053324262892	0.0405711073062	0.0292234946926	0.204032720479	0.319029034282
TARA_102_MES_0.22-3_G.snv.filtered.bam	0.161957531739	0.231179896992	0.234127206903	0.0518581411627	0.0	0.041770108332	0.0449718504904	0.0496292273122	0.0601727793399	0.179788847375	0.294771357238
TARA_109_MES_0.22-3_G.snv.filtered.bam	0.166553175688	0.234448832885	0.237409901263	0.0387769398901	0.041770108332	0.0	0.0463845060327	0.0347189092153	0.0517428976809	0.201299925806	0.317251612697
TARA_110_MES_0.22-3_G.snv.filtered.bam	0.16985008653	0.23958048884	0.242339803052	0.053324262892	0.0449718504904	0.0463845060327	0.0	0.0485518828857	0.0595821804151	0.176163313293	0.291980068303
TARA_111_MES_0.22-3_G.snv.filtered.bam	0.162775409153	0.227857526896	0.229723844725	0.0405711073062	0.0496292273122	0.0347189092153	0.0485518828857	0.0	0.0514204280437	0.196801896077	0.311410664599
TARA_137_DCM_0.22-3_G.snv.filtered.bam	0.171852070727	0.238577336264	0.240817597691	0.0292234946926	0.0601727793399	0.0517428976809	0.0595821804151	0.0514204280437	0.0	0.201638162193	0.313853119415
TARA_137_MES_0.22-3_G.snv.filtered.bam	0.227343987723	0.258837071136	0.261762669245	0.204032720479	0.179788847375	0.201299925806	0.176163313293	0.196801896077	0.201638162193	0.0	0.121505324729
TARA_138_MES_0.22-3_G.snv.filtered.bam	0.302362099808	0.309994505492	0.307154301262	0.319029034282	0.294771357238	0.317251612697	0.291980068303	0.311410664599	0.313853119415	0.121505324729	0.0
