	TARA_004_SRF_0.22-1.6_G.snv.filtered.bam	TARA_009_DCM_0.22-1.6_G.snv.filtered.bam	TARA_009_SRF_0.22-1.6_G.snv.filtered.bam	TARA_018_DCM_0.22-1.6_G.snv.filtered.bam	TARA_018_SRF_0.22-1.6_G.snv.filtered.bam	TARA_025_DCM_0.22-1.6_G.snv.filtered.bam	TARA_025_SRF_0.22-1.6_G.snv.filtered.bam	TARA_030_DCM_0.22-1.6_G.snv.filtered.bam	TARA_030_SRF_0.22-1.6_G.snv.filtered.bam	TARA_150_DCM_0.22-3_G.snv.filtered.bam	TARA_150_SRF_0.22-3_G.snv.filtered.bam	TARA_151_DCM_0.22-3_G.snv.filtered.bam	TARA_151_SRF_0.22-3_G.snv.filtered.bam
TARA_004_SRF_0.22-1.6_G.snv.filtered.bam	0.0	0.103879055267	0.0959141937846	0.0915432078321	0.0913544044145	0.0925470124339	0.0965032380849	0.111934808882	0.108978050792	0.0578333485194	0.0662382966117	0.0750070291199	0.0611246103667
TARA_009_DCM_0.22-1.6_G.snv.filtered.bam	0.103879055267	0.0	0.0559890350121	0.0506501236522	0.0515894132539	0.0736462161573	0.074216551695	0.120497030555	0.121328163782	0.109834545031	0.116218355339	0.103041008414	0.115488183394
TARA_009_SRF_0.22-1.6_G.snv.filtered.bam	0.0959141937846	0.0559890350121	0.0	0.0541484645252	0.0571857259711	0.0645604117714	0.0672973177925	0.102012509371	0.103271020464	0.100594660455	0.10456368338	0.100700202526	0.106169082252
TARA_018_DCM_0.22-1.6_G.snv.filtered.bam	0.0915432078321	0.0506501236522	0.0541484645252	0.0	0.0284690633869	0.0499475106476	0.0563611036479	0.101559189929	0.101950708511	0.0991214293927	0.10791151023	0.0980997365039	0.108799310281
TARA_018_SRF_0.22-1.6_G.snv.filtered.bam	0.0913544044145	0.0515894132539	0.0571857259711	0.0284690633869	0.0	0.0471063543154	0.0547596528473	0.0976025331965	0.0985676539651	0.0970078210168	0.105928152563	0.0947264824222	0.106291970142
TARA_025_DCM_0.22-1.6_G.snv.filtered.bam	0.0925470124339	0.0736462161573	0.0645604117714	0.0499475106476	0.0471063543154	0.0	0.0502984074815	0.0789165179405	0.0832409187544	0.0974736953548	0.104353379375	0.0966628647118	0.104671704459
TARA_025_SRF_0.22-1.6_G.snv.filtered.bam	0.0965032380849	0.074216551695	0.0672973177925	0.0563611036479	0.0547596528473	0.0502984074815	0.0	0.0863711403277	0.0831884582708	0.102319147111	0.111512138469	0.102133543561	0.111949881638
TARA_030_DCM_0.22-1.6_G.snv.filtered.bam	0.111934808882	0.120497030555	0.102012509371	0.101559189929	0.0976025331965	0.0789165179405	0.0863711403277	0.0	0.0513453311628	0.112440512237	0.109626562753	0.113670931957	0.111487160681
TARA_030_SRF_0.22-1.6_G.snv.filtered.bam	0.108978050792	0.121328163782	0.103271020464	0.101950708511	0.0985676539651	0.0832409187544	0.0831884582708	0.0513453311628	0.0	0.107642909313	0.113182414322	0.111086418421	0.111398801679
TARA_150_DCM_0.22-3_G.snv.filtered.bam	0.0578333485194	0.109834545031	0.100594660455	0.0991214293927	0.0970078210168	0.0974736953548	0.102319147111	0.112440512237	0.107642909313	0.0	0.0562002285084	0.0743844485898	0.0644456867007
TARA_150_SRF_0.22-3_G.snv.filtered.bam	0.0662382966117	0.116218355339	0.10456368338	0.10791151023	0.105928152563	0.104353379375	0.111512138469	0.109626562753	0.113182414322	0.0562002285084	0.0	0.0639768412155	0.0545395146652
TARA_151_DCM_0.22-3_G.snv.filtered.bam	0.0750070291199	0.103041008414	0.100700202526	0.0980997365039	0.0947264824222	0.0966628647118	0.102133543561	0.113670931957	0.111086418421	0.0743844485898	0.0639768412155	0.0	0.0642050103304
TARA_151_SRF_0.22-3_G.snv.filtered.bam	0.0611246103667	0.115488183394	0.106169082252	0.108799310281	0.106291970142	0.104671704459	0.111949881638	0.111487160681	0.111398801679	0.0644456867007	0.0545395146652	0.0642050103304	0.0
