	TARA_004_DCM_0.22-1.6_G.snv.filtered.bam	TARA_068_DCM_0.22-3_G.snv.filtered.bam	TARA_068_SRF_0.22-3_G.snv.filtered.bam	TARA_078_DCM_0.22-3_G.snv.filtered.bam	TARA_078_SRF_0.22-3_G.snv.filtered.bam	TARA_132_DCM_0.22-3_G.snv.filtered.bam	TARA_150_DCM_0.22-3_G.snv.filtered.bam	TARA_150_SRF_0.22-3_G.snv.filtered.bam	TARA_151_DCM_0.22-3_G.snv.filtered.bam	TARA_151_SRF_0.22-3_G.snv.filtered.bam	TARA_152_MIX_0.22-3_G.snv.filtered.bam	TARA_152_SRF_0.22-3_G.snv.filtered.bam
TARA_004_DCM_0.22-1.6_G.snv.filtered.bam	0.0	0.105959071422	0.10686019586	0.0896886301989	0.0915123769063	0.090022306233	0.0642442394951	0.0860934375215	0.0571429343591	0.060861853942	0.0436603106371	0.0452514595256
TARA_068_DCM_0.22-3_G.snv.filtered.bam	0.105959071422	0.0	0.0743556225965	0.092051820281	0.0924562307945	0.0992540318351	0.0985990813241	0.0989600718926	0.102982494124	0.102960691049	0.109655068696	0.107883554904
TARA_068_SRF_0.22-3_G.snv.filtered.bam	0.10686019586	0.0743556225965	0.0	0.0945363841037	0.0931995976374	0.0968089433717	0.0983763653807	0.0983586546001	0.0993291892045	0.10182757006	0.10935889226	0.110462146836
TARA_078_DCM_0.22-3_G.snv.filtered.bam	0.0896886301989	0.092051820281	0.0945363841037	0.0	0.0731974524359	0.092478758761	0.0852752517884	0.0992446508146	0.0930849452204	0.0961981428027	0.0960867011099	0.0942677587495
TARA_078_SRF_0.22-3_G.snv.filtered.bam	0.0915123769063	0.0924562307945	0.0931995976374	0.0731974524359	0.0	0.0974052898961	0.0876506312166	0.09690325664	0.0918162315901	0.0936710328154	0.099491549132	0.0965310168796
TARA_132_DCM_0.22-3_G.snv.filtered.bam	0.090022306233	0.0992540318351	0.0968089433717	0.092478758761	0.0974052898961	0.0	0.0810148573212	0.0836160207775	0.0836603503805	0.0805686086986	0.0872421189645	0.0880102719122
TARA_150_DCM_0.22-3_G.snv.filtered.bam	0.0642442394951	0.0985990813241	0.0983763653807	0.0852752517884	0.0876506312166	0.0810148573212	0.0	0.0549019809725	0.0554557133142	0.0506398350172	0.0569249536808	0.0596339922807
TARA_150_SRF_0.22-3_G.snv.filtered.bam	0.0860934375215	0.0989600718926	0.0983586546001	0.0992446508146	0.09690325664	0.0836160207775	0.0549019809725	0.0	0.0656766700669	0.0562181525317	0.0763625404929	0.0797348633819
TARA_151_DCM_0.22-3_G.snv.filtered.bam	0.0571429343591	0.102982494124	0.0993291892045	0.0930849452204	0.0918162315901	0.0836603503805	0.0554557133142	0.0656766700669	0.0	0.0434038644413	0.0491384047626	0.0505379918606
TARA_151_SRF_0.22-3_G.snv.filtered.bam	0.060861853942	0.102960691049	0.10182757006	0.0961981428027	0.0936710328154	0.0805686086986	0.0506398350172	0.0562181525317	0.0434038644413	0.0	0.0497648039721	0.0504171624008
TARA_152_MIX_0.22-3_G.snv.filtered.bam	0.0436603106371	0.109655068696	0.10935889226	0.0960867011099	0.099491549132	0.0872421189645	0.0569249536808	0.0763625404929	0.0491384047626	0.0497648039721	0.0	0.0383540116385
TARA_152_SRF_0.22-3_G.snv.filtered.bam	0.0452514595256	0.107883554904	0.110462146836	0.0942677587495	0.0965310168796	0.0880102719122	0.0596339922807	0.0797348633819	0.0505379918606	0.0504171624008	0.0383540116385	0.0
