	TARA_004_DCM_0.22-1.6_G.snv.filtered.bam	TARA_068_DCM_0.22-3_G.snv.filtered.bam	TARA_068_SRF_0.22-3_G.snv.filtered.bam	TARA_078_DCM_0.22-3_G.snv.filtered.bam	TARA_078_SRF_0.22-3_G.snv.filtered.bam	TARA_132_DCM_0.22-3_G.snv.filtered.bam	TARA_150_DCM_0.22-3_G.snv.filtered.bam	TARA_150_SRF_0.22-3_G.snv.filtered.bam	TARA_151_DCM_0.22-3_G.snv.filtered.bam	TARA_151_SRF_0.22-3_G.snv.filtered.bam	TARA_152_MIX_0.22-3_G.snv.filtered.bam	TARA_152_SRF_0.22-3_G.snv.filtered.bam
TARA_004_DCM_0.22-1.6_G.snv.filtered.bam	0.0	0.00621890547264	0.00746268656716	0.00746268656716	0.00995024875622	0.00124378109453	0.0	0.00124378109453	0.0	0.0	0.00124378109453	0.0
TARA_068_DCM_0.22-3_G.snv.filtered.bam	0.00621890547264	0.0	0.00124378109453	0.00497512437811	0.00497512437811	0.00373134328358	0.00248756218905	0.00124378109453	0.00248756218905	0.00248756218905	0.0111940298507	0.00995024875622
TARA_068_SRF_0.22-3_G.snv.filtered.bam	0.00746268656716	0.00124378109453	0.0	0.00621890547264	0.00373134328358	0.0	0.00248756218905	0.0	0.00373134328358	0.0	0.00746268656716	0.00870646766169
TARA_078_DCM_0.22-3_G.snv.filtered.bam	0.00746268656716	0.00497512437811	0.00621890547264	0.0	0.00248756218905	0.00497512437811	0.00373134328358	0.00497512437811	0.00746268656716	0.00870646766169	0.0161691542289	0.0136815920398
TARA_078_SRF_0.22-3_G.snv.filtered.bam	0.00995024875622	0.00497512437811	0.00373134328358	0.00248756218905	0.0	0.00373134328358	0.00248756218905	0.00124378109453	0.00746268656716	0.00746268656716	0.0124378109453	0.0124378109453
TARA_132_DCM_0.22-3_G.snv.filtered.bam	0.00124378109453	0.00373134328358	0.0	0.00497512437811	0.00373134328358	0.0	0.0	0.0	0.0	0.0	0.00124378109453	0.00373134328358
TARA_150_DCM_0.22-3_G.snv.filtered.bam	0.0	0.00248756218905	0.00248756218905	0.00373134328358	0.00248756218905	0.0	0.0	0.00124378109453	0.00124378109453	0.0	0.0	0.0
TARA_150_SRF_0.22-3_G.snv.filtered.bam	0.00124378109453	0.00124378109453	0.0	0.00497512437811	0.00124378109453	0.0	0.00124378109453	0.0	0.00124378109453	0.0	0.0	0.00373134328358
TARA_151_DCM_0.22-3_G.snv.filtered.bam	0.0	0.00248756218905	0.00373134328358	0.00746268656716	0.00746268656716	0.0	0.00124378109453	0.00124378109453	0.0	0.0	0.0	0.0
TARA_151_SRF_0.22-3_G.snv.filtered.bam	0.0	0.00248756218905	0.0	0.00870646766169	0.00746268656716	0.0	0.0	0.0	0.0	0.0	0.0	0.0
TARA_152_MIX_0.22-3_G.snv.filtered.bam	0.00124378109453	0.0111940298507	0.00746268656716	0.0161691542289	0.0124378109453	0.00124378109453	0.0	0.0	0.0	0.0	0.0	0.0
TARA_152_SRF_0.22-3_G.snv.filtered.bam	0.0	0.00995024875622	0.00870646766169	0.0136815920398	0.0124378109453	0.00373134328358	0.0	0.00373134328358	0.0	0.0	0.0	0.0
