	TARA_037_MES_0.22-1.6_G.snv.filtered.bam	TARA_038_MES_0.22-1.6_G.snv.filtered.bam	TARA_039_MES_0.22-1.6_G.snv.filtered.bam	TARA_100_MES_0.22-3_G.snv.filtered.bam	TARA_137_DCM_0.22-3_G.snv.filtered.bam	TARA_137_MES_0.22-3_G.snv.filtered.bam	TARA_138_MES_0.22-3_G.snv.filtered.bam
TARA_037_MES_0.22-1.6_G.snv.filtered.bam	0.0	0.0	0.0	0.333333333333	0.284403669725	0.229357798165	0.238532110092
TARA_038_MES_0.22-1.6_G.snv.filtered.bam	0.0	0.0	0.0	0.333333333333	0.2874617737	0.229357798165	0.238532110092
TARA_039_MES_0.22-1.6_G.snv.filtered.bam	0.0	0.0	0.0	0.333333333333	0.2874617737	0.229357798165	0.238532110092
TARA_100_MES_0.22-3_G.snv.filtered.bam	0.333333333333	0.333333333333	0.333333333333	0.0	0.0183486238532	0.045871559633	0.0489296636086
TARA_137_DCM_0.22-3_G.snv.filtered.bam	0.284403669725	0.2874617737	0.2874617737	0.0183486238532	0.0	0.00305810397554	0.00305810397554
TARA_137_MES_0.22-3_G.snv.filtered.bam	0.229357798165	0.229357798165	0.229357798165	0.045871559633	0.00305810397554	0.0	0.0
TARA_138_MES_0.22-3_G.snv.filtered.bam	0.238532110092	0.238532110092	0.238532110092	0.0489296636086	0.00305810397554	0.0	0.0
