	TARA_037_MES_0.22-1.6_G.snv.filtered.bam	TARA_038_MES_0.22-1.6_G.snv.filtered.bam	TARA_039_MES_0.22-1.6_G.snv.filtered.bam	TARA_100_MES_0.22-3_G.snv.filtered.bam	TARA_137_DCM_0.22-3_G.snv.filtered.bam	TARA_137_MES_0.22-3_G.snv.filtered.bam	TARA_138_MES_0.22-3_G.snv.filtered.bam
TARA_037_MES_0.22-1.6_G.snv.filtered.bam	0.0	0.0180603708727	0.0200641622665	0.410625636395	0.37873504722	0.342455813797	0.341308214564
TARA_038_MES_0.22-1.6_G.snv.filtered.bam	0.0180603708727	0.0	0.00737756396626	0.410374345708	0.379364038592	0.342940549091	0.341749644587
TARA_039_MES_0.22-1.6_G.snv.filtered.bam	0.0200641622665	0.00737756396626	0.0	0.409791045285	0.37833499677	0.342640953595	0.341316555582
TARA_100_MES_0.22-3_G.snv.filtered.bam	0.410625636395	0.410374345708	0.409791045285	0.0	0.0691759552845	0.138812685037	0.146430216823
TARA_137_DCM_0.22-3_G.snv.filtered.bam	0.37873504722	0.379364038592	0.37833499677	0.0691759552845	0.0	0.101606133852	0.111016202721
TARA_137_MES_0.22-3_G.snv.filtered.bam	0.342455813797	0.342940549091	0.342640953595	0.138812685037	0.101606133852	0.0	0.0283124711049
TARA_138_MES_0.22-3_G.snv.filtered.bam	0.341308214564	0.341749644587	0.341316555582	0.146430216823	0.111016202721	0.0283124711049	0.0
