	TARA_064_MES_0.22-3_G.snv.filtered.bam	TARA_065_MES_0.22-3_G.snv.filtered.bam	TARA_068_MES_0.22-3_G.snv.filtered.bam	TARA_076_MES_0.22-3_G.snv.filtered.bam	TARA_078_MES_0.22-3_G.snv.filtered.bam	TARA_098_MES_0.22-3_G.snv.filtered.bam	TARA_102_MES_0.22-3_G.snv.filtered.bam	TARA_109_MES_0.22-3_G.snv.filtered.bam	TARA_110_MES_0.22-3_G.snv.filtered.bam	TARA_111_MES_0.22-3_G.snv.filtered.bam	TARA_112_MES_0.22-3_G.snv.filtered.bam	TARA_122_MES_0.22-3_G.snv.filtered.bam	TARA_132_MES_0.22-3_G.snv.filtered.bam	TARA_133_MES_0.22-3_G.snv.filtered.bam	TARA_142_MES_0.22-3_G.snv.filtered.bam	TARA_146_MES_0.22-3_G.snv.filtered.bam	TARA_149_MES_0.22-3_G.snv.filtered.bam	TARA_152_MES_0.22-3_G.snv.filtered.bam
TARA_064_MES_0.22-3_G.snv.filtered.bam	0.0	0.00139082058414	0.0	0.00417246175243	0.0	0.0	0.0528511821975	0.0486787204451	0.0542420027816	0.0458970792768	0.00278164116829	0.0458970792768	0.00139082058414	0.0458970792768	0.0180806675939	0.00834492350487	0.00695410292072	0.0
TARA_065_MES_0.22-3_G.snv.filtered.bam	0.00139082058414	0.0	0.0	0.00556328233658	0.0	0.0	0.0486787204451	0.0347705146036	0.0417246175243	0.0375521557719	0.00139082058414	0.0403337969402	0.0	0.0431154381085	0.00695410292072	0.00139082058414	0.0	0.0
TARA_068_MES_0.22-3_G.snv.filtered.bam	0.0	0.0	0.0	0.00278164116829	0.0	0.0	0.0389429763561	0.0403337969402	0.0361613351878	0.0278164116829	0.00278164116829	0.0305980528512	0.0	0.0264255910987	0.00417246175243	0.00278164116829	0.00139082058414	0.0
TARA_076_MES_0.22-3_G.snv.filtered.bam	0.00417246175243	0.00556328233658	0.00278164116829	0.0	0.00417246175243	0.00278164116829	0.0472878998609	0.0500695410292	0.0458970792768	0.0431154381085	0.00139082058414	0.029207232267	0.00139082058414	0.0250347705146	0.0139082058414	0.00973574408901	0.00834492350487	0.00556328233658
TARA_078_MES_0.22-3_G.snv.filtered.bam	0.0	0.0	0.0	0.00417246175243	0.0	0.0	0.0611961057024	0.0625869262865	0.0625869262865	0.0598052851182	0.00139082058414	0.0528511821975	0.0	0.0500695410292	0.0278164116829	0.0152990264256	0.00973574408901	0.00278164116829
TARA_098_MES_0.22-3_G.snv.filtered.bam	0.0	0.0	0.0	0.00278164116829	0.0	0.0	0.0264255910987	0.0319888734353	0.0278164116829	0.0180806675939	0.00278164116829	0.019471488178	0.0	0.0208623087622	0.00417246175243	0.00417246175243	0.00139082058414	0.0
TARA_102_MES_0.22-3_G.snv.filtered.bam	0.0528511821975	0.0486787204451	0.0389429763561	0.0472878998609	0.0611961057024	0.0264255910987	0.0	0.0	0.0	0.0	0.0667593880389	0.00278164116829	0.0445062586926	0.00556328233658	0.0	0.00556328233658	0.0139082058414	0.0361613351878
TARA_109_MES_0.22-3_G.snv.filtered.bam	0.0486787204451	0.0347705146036	0.0403337969402	0.0500695410292	0.0625869262865	0.0319888734353	0.0	0.0	0.0	0.00139082058414	0.0695410292072	0.00973574408901	0.0445062586926	0.0139082058414	0.00278164116829	0.00417246175243	0.00973574408901	0.029207232267
TARA_110_MES_0.22-3_G.snv.filtered.bam	0.0542420027816	0.0417246175243	0.0361613351878	0.0458970792768	0.0625869262865	0.0278164116829	0.0	0.0	0.0	0.0	0.0681502086231	0.00278164116829	0.0389429763561	0.00278164116829	0.00139082058414	0.00417246175243	0.00834492350487	0.0305980528512
TARA_111_MES_0.22-3_G.snv.filtered.bam	0.0458970792768	0.0375521557719	0.0278164116829	0.0431154381085	0.0598052851182	0.0180806675939	0.0	0.00139082058414	0.0	0.0	0.0542420027816	0.00278164116829	0.0389429763561	0.00417246175243	0.0	0.00695410292072	0.00556328233658	0.0333796940195
TARA_112_MES_0.22-3_G.snv.filtered.bam	0.00278164116829	0.00139082058414	0.00278164116829	0.00139082058414	0.00139082058414	0.00278164116829	0.0667593880389	0.0695410292072	0.0681502086231	0.0542420027816	0.0	0.0528511821975	0.0	0.0514603616134	0.0305980528512	0.019471488178	0.0139082058414	0.00278164116829
TARA_122_MES_0.22-3_G.snv.filtered.bam	0.0458970792768	0.0403337969402	0.0305980528512	0.029207232267	0.0528511821975	0.019471488178	0.00278164116829	0.00973574408901	0.00278164116829	0.00278164116829	0.0528511821975	0.0	0.0333796940195	0.0	0.0	0.00973574408901	0.00556328233658	0.029207232267
TARA_132_MES_0.22-3_G.snv.filtered.bam	0.00139082058414	0.0	0.0	0.00139082058414	0.0	0.0	0.0445062586926	0.0445062586926	0.0389429763561	0.0389429763561	0.0	0.0333796940195	0.0	0.0278164116829	0.00834492350487	0.00556328233658	0.00139082058414	0.0
TARA_133_MES_0.22-3_G.snv.filtered.bam	0.0458970792768	0.0431154381085	0.0264255910987	0.0250347705146	0.0500695410292	0.0208623087622	0.00556328233658	0.0139082058414	0.00278164116829	0.00417246175243	0.0514603616134	0.0	0.0278164116829	0.0	0.00834492350487	0.0111265646732	0.0139082058414	0.0319888734353
TARA_142_MES_0.22-3_G.snv.filtered.bam	0.0180806675939	0.00695410292072	0.00417246175243	0.0139082058414	0.0278164116829	0.00417246175243	0.0	0.00278164116829	0.00139082058414	0.0	0.0305980528512	0.0	0.00834492350487	0.00834492350487	0.0	0.0	0.0	0.00278164116829
TARA_146_MES_0.22-3_G.snv.filtered.bam	0.00834492350487	0.00139082058414	0.00278164116829	0.00973574408901	0.0152990264256	0.00417246175243	0.00556328233658	0.00417246175243	0.00417246175243	0.00695410292072	0.019471488178	0.00973574408901	0.00556328233658	0.0111265646732	0.0	0.0	0.0	0.0
TARA_149_MES_0.22-3_G.snv.filtered.bam	0.00695410292072	0.0	0.00139082058414	0.00834492350487	0.00973574408901	0.00139082058414	0.0139082058414	0.00973574408901	0.00834492350487	0.00556328233658	0.0139082058414	0.00556328233658	0.00139082058414	0.0139082058414	0.0	0.0	0.0	0.0
TARA_152_MES_0.22-3_G.snv.filtered.bam	0.0	0.0	0.0	0.00556328233658	0.00278164116829	0.0	0.0361613351878	0.029207232267	0.0305980528512	0.0333796940195	0.00278164116829	0.029207232267	0.0	0.0319888734353	0.00278164116829	0.0	0.0	0.0
