	TARA_004_DCM_0.22-1.6_G.snv.filtered.bam	TARA_007_DCM_0.22-1.6_G.snv.filtered.bam	TARA_009_DCM_0.22-1.6_G.snv.filtered.bam	TARA_093_DCM_0.22-3_G.snv.filtered.bam	TARA_093_SRF_0.22-3_G.snv.filtered.bam	TARA_102_DCM_0.22-3_G.snv.filtered.bam	TARA_102_SRF_0.22-3_G.snv.filtered.bam	TARA_133_DCM_0.22-3_G.snv.filtered.bam	TARA_133_SRF_0.22-3_G.snv.filtered.bam	TARA_145_SRF_0.22-3_G.snv.filtered.bam	TARA_152_MIX_0.22-3_G.snv.filtered.bam	TARA_152_SRF_0.22-3_G.snv.filtered.bam
TARA_004_DCM_0.22-1.6_G.snv.filtered.bam	0.0	0.0	0.0	0.00252525252525	0.003367003367	0.003367003367	0.003367003367	0.0151515151515	0.0252525252525	0.0143097643098	0.000841750841751	0.000841750841751
TARA_007_DCM_0.22-1.6_G.snv.filtered.bam	0.0	0.0	0.0	0.00420875420875	0.00505050505051	0.00757575757576	0.00757575757576	0.013468013468	0.0227272727273	0.00589225589226	0.00757575757576	0.00841750841751
TARA_009_DCM_0.22-1.6_G.snv.filtered.bam	0.0	0.0	0.0	0.000841750841751	0.000841750841751	0.00420875420875	0.00505050505051	0.0143097643098	0.020202020202	0.00841750841751	0.0	0.0
TARA_093_DCM_0.22-3_G.snv.filtered.bam	0.00252525252525	0.00420875420875	0.000841750841751	0.0	0.0	0.00252525252525	0.003367003367	0.0151515151515	0.0277777777778	0.0143097643098	0.003367003367	0.003367003367
TARA_093_SRF_0.22-3_G.snv.filtered.bam	0.003367003367	0.00505050505051	0.000841750841751	0.0	0.0	0.00420875420875	0.003367003367	0.013468013468	0.0277777777778	0.0126262626263	0.003367003367	0.00420875420875
TARA_102_DCM_0.22-3_G.snv.filtered.bam	0.003367003367	0.00757575757576	0.00420875420875	0.00252525252525	0.00420875420875	0.0	0.0	0.0176767676768	0.03367003367	0.0159932659933	0.00420875420875	0.003367003367
TARA_102_SRF_0.22-3_G.snv.filtered.bam	0.003367003367	0.00757575757576	0.00505050505051	0.003367003367	0.003367003367	0.0	0.0	0.0227272727273	0.0387205387205	0.0193602693603	0.00841750841751	0.00673400673401
TARA_133_DCM_0.22-3_G.snv.filtered.bam	0.0151515151515	0.013468013468	0.0143097643098	0.0151515151515	0.013468013468	0.0176767676768	0.0227272727273	0.0	0.000841750841751	0.0151515151515	0.0126262626263	0.0151515151515
TARA_133_SRF_0.22-3_G.snv.filtered.bam	0.0252525252525	0.0227272727273	0.020202020202	0.0277777777778	0.0277777777778	0.03367003367	0.0387205387205	0.000841750841751	0.0	0.0218855218855	0.0286195286195	0.0311447811448
TARA_145_SRF_0.22-3_G.snv.filtered.bam	0.0143097643098	0.00589225589226	0.00841750841751	0.0143097643098	0.0126262626263	0.0159932659933	0.0193602693603	0.0151515151515	0.0218855218855	0.0	0.00673400673401	0.00673400673401
TARA_152_MIX_0.22-3_G.snv.filtered.bam	0.000841750841751	0.00757575757576	0.0	0.003367003367	0.003367003367	0.00420875420875	0.00841750841751	0.0126262626263	0.0286195286195	0.00673400673401	0.0	0.0
TARA_152_SRF_0.22-3_G.snv.filtered.bam	0.000841750841751	0.00841750841751	0.0	0.003367003367	0.00420875420875	0.003367003367	0.00673400673401	0.0151515151515	0.0311447811448	0.00673400673401	0.0	0.0
