	TARA_034_DCM_0.22-1.6_G.snv.filtered.bam	TARA_041_DCM_0.22-1.6_G.snv.filtered.bam	TARA_042_DCM_0.22-1.6_G.snv.filtered.bam	TARA_122_DCM_0.22-3_G.snv.filtered.bam	TARA_123_MIX_0.22-3_G.snv.filtered.bam	TARA_124_MIX_0.22-3_G.snv.filtered.bam	TARA_125_MIX_0.22-3_G.snv.filtered.bam
TARA_034_DCM_0.22-1.6_G.snv.filtered.bam	0.0	0.0485299069626	0.0508126524683	0.0839781542948	0.0880506480742	0.0857594920775	0.0824856933753
TARA_041_DCM_0.22-1.6_G.snv.filtered.bam	0.0485299069626	0.0	0.0374336292424	0.0801812004799	0.0853253257898	0.0816404445537	0.0776446701564
TARA_042_DCM_0.22-1.6_G.snv.filtered.bam	0.0508126524683	0.0374336292424	0.0	0.0854384668831	0.0878986129509	0.0863796352391	0.0835371687991
TARA_122_DCM_0.22-3_G.snv.filtered.bam	0.0839781542948	0.0801812004799	0.0854384668831	0.0	0.0494249277717	0.0336776276434	0.0510753876638
TARA_123_MIX_0.22-3_G.snv.filtered.bam	0.0880506480742	0.0853253257898	0.0878986129509	0.0494249277717	0.0	0.052610582604	0.0632326374156
TARA_124_MIX_0.22-3_G.snv.filtered.bam	0.0857594920775	0.0816404445537	0.0863796352391	0.0336776276434	0.052610582604	0.0	0.055433749684
TARA_125_MIX_0.22-3_G.snv.filtered.bam	0.0824856933753	0.0776446701564	0.0835371687991	0.0510753876638	0.0632326374156	0.055433749684	0.0
