	TARA_034_DCM_0.22-1.6_G.snv.filtered.bam	TARA_041_DCM_0.22-1.6_G.snv.filtered.bam	TARA_042_DCM_0.22-1.6_G.snv.filtered.bam	TARA_122_DCM_0.22-3_G.snv.filtered.bam	TARA_123_MIX_0.22-3_G.snv.filtered.bam	TARA_124_MIX_0.22-3_G.snv.filtered.bam	TARA_125_MIX_0.22-3_G.snv.filtered.bam
TARA_034_DCM_0.22-1.6_G.snv.filtered.bam	0.0	0.0	0.0	0.00934579439252	0.00934579439252	0.0109034267913	0.0109034267913
TARA_041_DCM_0.22-1.6_G.snv.filtered.bam	0.0	0.0	0.0	0.0109034267913	0.0140186915888	0.0140186915888	0.0140186915888
TARA_042_DCM_0.22-1.6_G.snv.filtered.bam	0.0	0.0	0.0	0.00934579439252	0.0171339563863	0.0140186915888	0.0109034267913
TARA_122_DCM_0.22-3_G.snv.filtered.bam	0.00934579439252	0.0109034267913	0.00934579439252	0.0	0.00311526479751	0.0	0.00155763239875
TARA_123_MIX_0.22-3_G.snv.filtered.bam	0.00934579439252	0.0140186915888	0.0171339563863	0.00311526479751	0.0	0.00311526479751	0.00467289719626
TARA_124_MIX_0.22-3_G.snv.filtered.bam	0.0109034267913	0.0140186915888	0.0140186915888	0.0	0.00311526479751	0.0	0.00155763239875
TARA_125_MIX_0.22-3_G.snv.filtered.bam	0.0109034267913	0.0140186915888	0.0109034267913	0.00155763239875	0.00467289719626	0.00155763239875	0.0
