	TARA_031_SRF_0.22-1.6_G.snv.filtered.bam	TARA_032_DCM_0.22-1.6_G.snv.filtered.bam	TARA_032_SRF_0.22-1.6_G.snv.filtered.bam	TARA_038_DCM_0.22-1.6_G.snv.filtered.bam	TARA_041_DCM_0.22-1.6_G.snv.filtered.bam	TARA_041_SRF_0.22-1.6_G.snv.filtered.bam	TARA_042_DCM_0.22-1.6_G.snv.filtered.bam	TARA_042_SRF_0.22-1.6_G.snv.filtered.bam	TARA_045_SRF_0.22-1.6_G.snv.filtered.bam	TARA_048_SRF_0.22-1.6_G.snv.filtered.bam	TARA_052_DCM_0.22-1.6_G.snv.filtered.bam	TARA_052_SRF_0.22-1.6_G.snv.filtered.bam	TARA_056_SRF_0.22-3_G.snv.filtered.bam	TARA_057_SRF_0.22-3_G.snv.filtered.bam	TARA_058_DCM_0.22-3_G.snv.filtered.bam	TARA_062_SRF_0.22-3_G.snv.filtered.bam	TARA_064_DCM_0.22-3_G.snv.filtered.bam	TARA_064_SRF_0.22-3_G.snv.filtered.bam	TARA_065_DCM_0.22-3_G.snv.filtered.bam	TARA_065_SRF_0.22-3_G.snv.filtered.bam	TARA_072_DCM_0.22-3_G.snv.filtered.bam	TARA_072_SRF_0.22-3_G.snv.filtered.bam	TARA_076_SRF_0.22-3_G.snv.filtered.bam	TARA_078_SRF_0.22-3_G.snv.filtered.bam	TARA_100_SRF_0.22-3_G.snv.filtered.bam	TARA_111_DCM_0.22-3_G.snv.filtered.bam	TARA_111_SRF_0.22-3_G.snv.filtered.bam	TARA_112_SRF_0.22-3_G.snv.filtered.bam	TARA_122_SRF_0.22-3_G.snv.filtered.bam	TARA_123_SRF_0.22-3_G.snv.filtered.bam	TARA_124_MIX_0.22-3_G.snv.filtered.bam	TARA_124_SRF_0.22-3_G.snv.filtered.bam	TARA_125_SRF_0.22-3_G.snv.filtered.bam	TARA_128_DCM_0.22-3_G.snv.filtered.bam	TARA_128_SRF_0.22-3_G.snv.filtered.bam	TARA_137_SRF_0.22-3_G.snv.filtered.bam	TARA_138_SRF_0.22-3_G.snv.filtered.bam	TARA_141_SRF_0.22-3_G.snv.filtered.bam	TARA_142_DCM_0.22-3_G.snv.filtered.bam	TARA_142_SRF_0.22-3_G.snv.filtered.bam	TARA_146_SRF_0.22-3_G.snv.filtered.bam	TARA_148_SRF_0.22-3_G.snv.filtered.bam	TARA_149_SRF_0.22-3_G.snv.filtered.bam
TARA_031_SRF_0.22-1.6_G.snv.filtered.bam	0.0	0.0354461934264	0.0297958474849	0.0669627034098	0.0638700441256	0.069383014615	0.072075103817	0.0621397738625	0.0730680068542	0.0696235262584	0.0720997931469	0.0686356328968	0.0684995491414	0.0712478135485	0.0743744882993	0.0667502217133	0.0768158511458	0.072363116328	0.0755718636247	0.0720772155263	0.0734935281707	0.0762214370336	0.0994244697894	0.0822822255927	0.127141624949	0.140027363639	0.140652462002	0.1024909414	0.110171917701	0.106041453948	0.105124475521	0.103805467514	0.108599322181	0.0946975271083	0.101765568134	0.0792086631047	0.0789658942958	0.0792927826176	0.0783804024229	0.0787938601075	0.0763331217233	0.0782439185074	0.0802173229666
TARA_032_DCM_0.22-1.6_G.snv.filtered.bam	0.0354461934264	0.0	0.0344581513006	0.0715202313507	0.0637796398146	0.0695240662613	0.0719256204578	0.0637003743566	0.0711985246725	0.0693768890629	0.071429356184	0.0669318357755	0.0718825563791	0.070570031382	0.0755042651579	0.0722525387468	0.0793791164818	0.0750428571736	0.077428421025	0.0744124152013	0.0737570555665	0.0761199769036	0.0952655355973	0.0779395380765	0.124250573285	0.138313305656	0.139354847756	0.100136464257	0.109359739837	0.102522816016	0.103063904102	0.101508453517	0.106875249594	0.0914694253559	0.0996204873676	0.079636069195	0.0784455474874	0.0749476115066	0.0736627700805	0.0745132698597	0.075639269949	0.0765554210255	0.078775826443
TARA_032_SRF_0.22-1.6_G.snv.filtered.bam	0.0297958474849	0.0344581513006	0.0	0.0681592860072	0.0620691781609	0.0678040429385	0.0700002792096	0.0601734407785	0.0708097479826	0.0674226794709	0.0698056852865	0.0655913728083	0.069064141388	0.0696850237504	0.0735346715256	0.067302183517	0.0773589959048	0.0725170225378	0.0745381519435	0.0720364132402	0.0698522322407	0.0725161039115	0.0961615965582	0.0768809348358	0.123125089032	0.136112691383	0.136961014716	0.0999060503024	0.107770603804	0.10197495257	0.102641587671	0.101376287131	0.105193164392	0.0904249652766	0.0991996048455	0.0768257665409	0.0763841099607	0.0762436014578	0.0748715860315	0.0753770624236	0.0759316566297	0.0757370860308	0.0777167287927
TARA_038_DCM_0.22-1.6_G.snv.filtered.bam	0.0669627034098	0.0715202313507	0.0681592860072	0.0	0.0437409508544	0.048716951545	0.0519469180325	0.0497540097389	0.0522806625987	0.0551630686707	0.0505772901941	0.0505849701691	0.0524187752266	0.0538987484908	0.0546260692469	0.0525847517878	0.0584002497029	0.0507212689652	0.0547263615497	0.0538417744556	0.0612784039557	0.0571081470755	0.0864177026062	0.0681273806189	0.114958961571	0.126909220278	0.127098607626	0.0853257758182	0.0946786841061	0.0896247930565	0.0905952998428	0.0887629472339	0.0927862322316	0.0808157482391	0.0861111157808	0.0609802117951	0.0610652543561	0.0654892711568	0.0651353340365	0.0678830886792	0.0657612658878	0.0665103488119	0.0656156548215
TARA_041_DCM_0.22-1.6_G.snv.filtered.bam	0.0638700441256	0.0637796398146	0.0620691781609	0.0437409508544	0.0	0.0428334314658	0.0445904179768	0.0377468510401	0.0436692568236	0.044349615058	0.0418385934093	0.0391806348011	0.0442955141284	0.0459831922188	0.0506282547976	0.0457175720763	0.0519029520421	0.0434858730341	0.048869397441	0.0483889711059	0.0516741596496	0.0507334680977	0.0837258941229	0.0613379973978	0.110828373638	0.125643197393	0.124871980143	0.0836930707764	0.091362847783	0.0845169451046	0.085892094699	0.0841745766581	0.0886496814927	0.0738664275072	0.07993032738	0.0562469159015	0.0539852207114	0.0592136300941	0.0572997431086	0.0579387427308	0.0601585542089	0.0605863705868	0.0608269587608
TARA_041_SRF_0.22-1.6_G.snv.filtered.bam	0.069383014615	0.0695240662613	0.0678040429385	0.048716951545	0.0428334314658	0.0	0.0479675332185	0.0380113917582	0.0451207226613	0.045087526763	0.0426306465091	0.0430469644116	0.0460226289985	0.0452433115146	0.050571971497	0.0451352084903	0.0529924720217	0.0428093295914	0.0497460541124	0.0466832092572	0.057591383724	0.0551732896454	0.0848097836355	0.0638347249174	0.11314541741	0.128096213392	0.127269940191	0.085684184743	0.0921693266081	0.0859540296068	0.0873094094636	0.0853754146648	0.0899007859166	0.0760522637252	0.0823785762711	0.0569963152374	0.0573870115127	0.0618585655307	0.0595089346454	0.0628244577513	0.0625902088508	0.0621156924879	0.0613680614
TARA_042_DCM_0.22-1.6_G.snv.filtered.bam	0.072075103817	0.0719256204578	0.0700002792096	0.0519469180325	0.0445904179768	0.0479675332185	0.0	0.0391032536999	0.044621847556	0.0452137841476	0.0444361930792	0.0447880651508	0.0447830718724	0.0472814655628	0.0524022169556	0.0454001955675	0.0533642864927	0.0422159100411	0.0478414489443	0.0479436862795	0.060476207634	0.0571221205003	0.085051884616	0.0651660667778	0.114094445455	0.126672299608	0.127197368217	0.0875389756779	0.0925877497732	0.0880536053325	0.0893674023854	0.0873343746627	0.0913367174032	0.0787332368411	0.0825793128527	0.063020408936	0.0589631168624	0.0616121829312	0.0608851861239	0.0631776219761	0.0596611344118	0.0616762129731	0.0628562565219
TARA_042_SRF_0.22-1.6_G.snv.filtered.bam	0.0621397738625	0.0637003743566	0.0601734407785	0.0497540097389	0.0377468510401	0.0380113917582	0.0391032536999	0.0	0.0412969484332	0.0374055362189	0.036715849955	0.0377358270753	0.0410291292038	0.0426170050152	0.0470586506563	0.0397510027624	0.0511589335543	0.0391499489012	0.0433294703831	0.0438043482878	0.0533985295928	0.0497951905529	0.0846112307136	0.0620033574247	0.111246810487	0.126817442305	0.125111309288	0.0843831175735	0.0911047957962	0.0840017615246	0.0850712533187	0.0834579531758	0.0878393102447	0.0739604905478	0.0802424159775	0.0561349148819	0.0535662858986	0.0566864919914	0.0552899934799	0.0569637758372	0.0564861823944	0.0582861550166	0.0582525306667
TARA_045_SRF_0.22-1.6_G.snv.filtered.bam	0.0730680068542	0.0711985246725	0.0708097479826	0.0522806625987	0.0436692568236	0.0451207226613	0.044621847556	0.0412969484332	0.0	0.0424447036648	0.0416037111544	0.0424475085369	0.0424306524755	0.0474020936842	0.0491411402348	0.0452949926096	0.0524117930889	0.0429999208691	0.0489801908299	0.0468552482181	0.0613320889549	0.0556807867309	0.0855739120673	0.0653649661055	0.112788178033	0.12710696872	0.125734773348	0.0864888687645	0.0936310587341	0.0889758622249	0.089769620894	0.0882520663729	0.0914554734389	0.0798485429392	0.0833802643586	0.0631865262833	0.0592057825977	0.0643029449272	0.060034083596	0.0626482595209	0.0626902565119	0.0628815452615	0.0625289241579
TARA_048_SRF_0.22-1.6_G.snv.filtered.bam	0.0696235262584	0.0693768890629	0.0674226794709	0.0551630686707	0.044349615058	0.045087526763	0.0452137841476	0.0374055362189	0.0424447036648	0.0	0.0394125906165	0.0396125707474	0.0414475181314	0.0453447504637	0.0483622939847	0.0432072031487	0.0514328414324	0.0436832824446	0.047597102162	0.0482426643605	0.0584680678361	0.0556186577225	0.0854227754026	0.0651557151236	0.114172431488	0.128084292608	0.127161451717	0.0863160728924	0.0940041334688	0.0876660155006	0.0878025822151	0.0877521160696	0.0905328143563	0.0781746335607	0.083603928879	0.0625500712436	0.0596183282515	0.0623819126942	0.0610660288112	0.0614727792905	0.0646167840583	0.0627096103021	0.0639321757106
TARA_052_DCM_0.22-1.6_G.snv.filtered.bam	0.0720997931469	0.071429356184	0.0698056852865	0.0505772901941	0.0418385934093	0.0426306465091	0.0444361930792	0.036715849955	0.0416037111544	0.0394125906165	0.0	0.0387251470508	0.0373166320028	0.0437227950378	0.0481110142357	0.045102271664	0.0502546660768	0.0375492384617	0.0452074385268	0.0444062412749	0.0538400864933	0.0495231372481	0.0795523797459	0.0620778654841	0.109438759904	0.124017420846	0.124114246185	0.0815802526378	0.0883688887564	0.0821309027388	0.0832296556234	0.0815437377617	0.0857097210157	0.073008685758	0.0791277815326	0.0595339335468	0.0548727496644	0.0578021286181	0.0572983950879	0.0588708433136	0.0599753398583	0.0593389242795	0.0590197988901
TARA_052_SRF_0.22-1.6_G.snv.filtered.bam	0.0686356328968	0.0669318357755	0.0655913728083	0.0505849701691	0.0391806348011	0.0430469644116	0.0447880651508	0.0377358270753	0.0424475085369	0.0396125707474	0.0387251470508	0.0	0.0398107156822	0.0429789354295	0.0481233688408	0.0432057657438	0.0514711148742	0.0414302457382	0.0445397910137	0.0442943185718	0.0555465674945	0.0528598295759	0.0817617826036	0.0599808488866	0.109596271651	0.123148225385	0.122259289318	0.0834410193214	0.0905758431928	0.0841657363531	0.0863570541073	0.0842673605886	0.0883688341389	0.0734623854642	0.0806817280274	0.0596625501392	0.0544140103347	0.0599958023047	0.057395786025	0.0581321299611	0.061095519249	0.0607489628133	0.059996040108
TARA_056_SRF_0.22-3_G.snv.filtered.bam	0.0684995491414	0.0718825563791	0.069064141388	0.0524187752266	0.0442955141284	0.0460226289985	0.0447830718724	0.0410291292038	0.0424306524755	0.0414475181314	0.0373166320028	0.0398107156822	0.0	0.0451078576278	0.0486171511661	0.0430268742971	0.0515376792254	0.0391062808634	0.0475409308287	0.0435104665929	0.0591840944878	0.0550092817759	0.0848155568084	0.0644427734426	0.112419472408	0.126180017538	0.125995475247	0.0846298131706	0.09257010948	0.0873579310822	0.0884767350092	0.0861826049283	0.0911698376069	0.0771287953487	0.0830732841633	0.0606874805596	0.0558665306705	0.0634657747653	0.0618900136885	0.0627230370256	0.0634892455973	0.0634737373511	0.0640425504448
TARA_057_SRF_0.22-3_G.snv.filtered.bam	0.0712478135485	0.070570031382	0.0696850237504	0.0538987484908	0.0459831922188	0.0452433115146	0.0472814655628	0.0426170050152	0.0474020936842	0.0453447504637	0.0437227950378	0.0429789354295	0.0451078576278	0.0	0.0471253750571	0.0449779451112	0.0510223083967	0.0414930608727	0.0462591125439	0.0445631298858	0.0603514403591	0.059290959713	0.0858174787888	0.0660608335761	0.113549336592	0.125494599346	0.126071327775	0.0850749815164	0.091341638044	0.0867622680004	0.0875643337183	0.0843382305761	0.0904604819799	0.0771560245522	0.0816936549213	0.060982326974	0.0578400337705	0.065655360032	0.064696501813	0.065941711113	0.0654613324098	0.0646439289381	0.0664840288993
TARA_058_DCM_0.22-3_G.snv.filtered.bam	0.0743744882993	0.0755042651579	0.0735346715256	0.0546260692469	0.0506282547976	0.050571971497	0.0524022169556	0.0470586506563	0.0491411402348	0.0483622939847	0.0481110142357	0.0481233688408	0.0486171511661	0.0471253750571	0.0	0.0477869123844	0.053688742645	0.0474211433785	0.0499569200629	0.0492985943669	0.0644064218488	0.0617416093306	0.0877679998813	0.0708331667754	0.113887159003	0.125851042936	0.126399859922	0.0890641680608	0.0955723648154	0.0908040106874	0.0909285500304	0.0888610831368	0.0936749254339	0.0805301645593	0.0856214127186	0.0627367888237	0.0630669447777	0.069383009143	0.0678212745417	0.0692655925753	0.0679556470158	0.0666560255586	0.0658663728841
TARA_062_SRF_0.22-3_G.snv.filtered.bam	0.0667502217133	0.0722525387468	0.067302183517	0.0525847517878	0.0457175720763	0.0451352084903	0.0454001955675	0.0397510027624	0.0452949926096	0.0432072031487	0.045102271664	0.0432057657438	0.0430268742971	0.0449779451112	0.0477869123844	0.0	0.0505005527651	0.0403635650125	0.0456705990758	0.0453358854829	0.0615720943929	0.0580671795135	0.0884387051053	0.0680875211585	0.117454873375	0.13059544366	0.12959131416	0.087601439474	0.0968064761611	0.0926001431537	0.0926393105603	0.0909011958809	0.0948912883733	0.0827728468834	0.0864351398415	0.0645699636791	0.0619799329362	0.0654210560259	0.0646071250611	0.065459353326	0.0654058817141	0.0671233619084	0.066023334408
TARA_064_DCM_0.22-3_G.snv.filtered.bam	0.0768158511458	0.0793791164818	0.0773589959048	0.0584002497029	0.0519029520421	0.0529924720217	0.0533642864927	0.0511589335543	0.0524117930889	0.0514328414324	0.0502546660768	0.0514711148742	0.0515376792254	0.0510223083967	0.053688742645	0.0505005527651	0.0	0.0499005978774	0.053432543211	0.0499269389878	0.0666434819622	0.0647877494607	0.0892397881549	0.0690922817829	0.11725971529	0.128028125119	0.128790908344	0.085603073261	0.0965037078367	0.0930671837102	0.0925956871525	0.0918521207265	0.0943354009367	0.0826672417982	0.087068472696	0.0659594815317	0.0658951261527	0.0723750470503	0.071838577954	0.0716315722681	0.0724278931625	0.0739373802983	0.0701680225039
TARA_064_SRF_0.22-3_G.snv.filtered.bam	0.072363116328	0.0750428571736	0.0725170225378	0.0507212689652	0.0434858730341	0.0428093295914	0.0422159100411	0.0391499489012	0.0429999208691	0.0436832824446	0.0375492384617	0.0414302457382	0.0391062808634	0.0414930608727	0.0474211433785	0.0403635650125	0.0499005978774	0.0	0.0410239277571	0.0403626314402	0.0569386038303	0.0522393444882	0.0851906569278	0.0647660566059	0.111242671104	0.122834844241	0.123086136777	0.0859298258686	0.0881179243111	0.0848160431935	0.0852279639128	0.0825551703086	0.086311406599	0.0738661329572	0.0796359157473	0.058837274657	0.0532334618324	0.063734140417	0.0623360201954	0.063299017699	0.06246927566	0.0617122980224	0.0621878486804
TARA_065_DCM_0.22-3_G.snv.filtered.bam	0.0755718636247	0.077428421025	0.0745381519435	0.0547263615497	0.048869397441	0.0497460541124	0.0478414489443	0.0433294703831	0.0489801908299	0.047597102162	0.0452074385268	0.0445397910137	0.0475409308287	0.0462591125439	0.0499569200629	0.0456705990758	0.053432543211	0.0410239277571	0.0	0.0448417641012	0.0602894320445	0.0576243473119	0.0853856625989	0.0688612573841	0.115850658726	0.130196267509	0.129649976316	0.0885735825726	0.095453340711	0.0904003805591	0.0907408694314	0.0891862266551	0.0925672167106	0.0814648220226	0.0862697775316	0.0652741063558	0.0626187600074	0.066951955184	0.065014480484	0.066838672229	0.0662567979529	0.065826437021	0.0654405419297
TARA_065_SRF_0.22-3_G.snv.filtered.bam	0.0720772155263	0.0744124152013	0.0720364132402	0.0538417744556	0.0483889711059	0.0466832092572	0.0479436862795	0.0438043482878	0.0468552482181	0.0482426643605	0.0444062412749	0.0442943185718	0.0435104665929	0.0445631298858	0.0492985943669	0.0453358854829	0.0499269389878	0.0403626314402	0.0448417641012	0.0	0.0598824091756	0.0558775608596	0.0867918633908	0.0656066654667	0.113910148082	0.126948609061	0.125724047707	0.0848734382087	0.093003064047	0.0882606159924	0.0897336749891	0.0873390197225	0.0910339476985	0.0773717096045	0.0848881803646	0.0607459283538	0.0598258476366	0.0650819239883	0.0635399829274	0.0659196147795	0.0663964567446	0.0634077894738	0.0634197489467
TARA_072_DCM_0.22-3_G.snv.filtered.bam	0.0734935281707	0.0737570555665	0.0698522322407	0.0612784039557	0.0516741596496	0.057591383724	0.060476207634	0.0533985295928	0.0613320889549	0.0584680678361	0.0538400864933	0.0555465674945	0.0591840944878	0.0603514403591	0.0644064218488	0.0615720943929	0.0666434819622	0.0569386038303	0.0602894320445	0.0598824091756	0.0	0.0435947644178	0.0769672218851	0.06104270042	0.108706625943	0.125645524582	0.123774660687	0.0846774927733	0.0941595263686	0.0866171770294	0.0888092384917	0.0872273569242	0.0913419668149	0.0770203759195	0.0848616506017	0.0607437970034	0.0620761572621	0.060646903591	0.0598630561842	0.0603396101551	0.0602871240715	0.0599777970493	0.0616624610062
TARA_072_SRF_0.22-3_G.snv.filtered.bam	0.0762214370336	0.0761199769036	0.0725161039115	0.0571081470755	0.0507334680977	0.0551732896454	0.0571221205003	0.0497951905529	0.0556807867309	0.0556186577225	0.0495231372481	0.0528598295759	0.0550092817759	0.059290959713	0.0617416093306	0.0580671795135	0.0647877494607	0.0522393444882	0.0576243473119	0.0558775608596	0.0435947644178	0.0	0.0801330900558	0.0631359916491	0.107588293093	0.124101518821	0.124726147297	0.0852707212417	0.0911721459126	0.0852310316195	0.0864172951239	0.0845964660118	0.0889580032263	0.0760195368325	0.0826229015371	0.0588159927762	0.0580545362741	0.060332877836	0.0586938974874	0.0624566777882	0.0598603413442	0.0628571334634	0.0637660337327
TARA_076_SRF_0.22-3_G.snv.filtered.bam	0.0994244697894	0.0952655355973	0.0961615965582	0.0864177026062	0.0837258941229	0.0848097836355	0.085051884616	0.0846112307136	0.0855739120673	0.0854227754026	0.0795523797459	0.0817617826036	0.0848155568084	0.0858174787888	0.0877679998813	0.0884387051053	0.0892397881549	0.0851906569278	0.0853856625989	0.0867918633908	0.0769672218851	0.0801330900558	0.0	0.0664162736544	0.113759543112	0.134009946031	0.13117595277	0.0744450232626	0.104098187549	0.0982807971023	0.0985031890224	0.0982846738958	0.0999831894549	0.0917811233067	0.0965949681058	0.0874764977792	0.0849537712535	0.0727716999268	0.0695308827161	0.0730361196983	0.0761297893162	0.0811848577755	0.079244494549
TARA_078_SRF_0.22-3_G.snv.filtered.bam	0.0822822255927	0.0779395380765	0.0768809348358	0.0681273806189	0.0613379973978	0.0638347249174	0.0651660667778	0.0620033574247	0.0653649661055	0.0651557151236	0.0620778654841	0.0599808488866	0.0644427734426	0.0660608335761	0.0708331667754	0.0680875211585	0.0690922817829	0.0647660566059	0.0688612573841	0.0656066654667	0.06104270042	0.0631359916491	0.0664162736544	0.0	0.1080066353	0.125198615886	0.123634374191	0.0789614719417	0.0940998171255	0.0878741689074	0.0892889433983	0.0865131290735	0.089939793742	0.0792169247419	0.0853538476682	0.0705123079023	0.0662743138034	0.0635579112786	0.0571898323672	0.0606167750477	0.0633396277083	0.0652555671345	0.0664993204331
TARA_100_SRF_0.22-3_G.snv.filtered.bam	0.127141624949	0.124250573285	0.123125089032	0.114958961571	0.110828373638	0.11314541741	0.114094445455	0.111246810487	0.112788178033	0.114172431488	0.109438759904	0.109596271651	0.112419472408	0.113549336592	0.113887159003	0.117454873375	0.11725971529	0.111242671104	0.115850658726	0.113910148082	0.108706625943	0.107588293093	0.113759543112	0.1080066353	0.0	0.0625622011854	0.0481246201425	0.109779781724	0.0633815997442	0.0627147014588	0.0659819725207	0.0634906925448	0.0615258809222	0.0753740535404	0.0742035861561	0.108544759176	0.0890515006248	0.109800160688	0.11027583232	0.108333374615	0.111633265262	0.112553579659	0.114464762332
TARA_111_DCM_0.22-3_G.snv.filtered.bam	0.140027363639	0.138313305656	0.136112691383	0.126909220278	0.125643197393	0.128096213392	0.126672299608	0.126817442305	0.12710696872	0.128084292608	0.124017420846	0.123148225385	0.126180017538	0.125494599346	0.125851042936	0.13059544366	0.128028125119	0.122834844241	0.130196267509	0.126948609061	0.125645524582	0.124101518821	0.134009946031	0.125198615886	0.0625622011854	0.0	0.0555901053277	0.120702784019	0.0768958333267	0.0831067131253	0.0797829883678	0.0822524599639	0.0760473822052	0.0945345823966	0.0877842567598	0.120068076876	0.104454030287	0.12586051859	0.123958041492	0.124272366551	0.123226885928	0.127527300458	0.12897656483
TARA_111_SRF_0.22-3_G.snv.filtered.bam	0.140652462002	0.139354847756	0.136961014716	0.127098607626	0.124871980143	0.127269940191	0.127197368217	0.125111309288	0.125734773348	0.127161451717	0.124114246185	0.122259289318	0.125995475247	0.126071327775	0.126399859922	0.12959131416	0.128790908344	0.123086136777	0.129649976316	0.125724047707	0.123774660687	0.124726147297	0.13117595277	0.123634374191	0.0481246201425	0.0555901053277	0.0	0.123351349792	0.0692014239614	0.075658336632	0.0729596306412	0.074007554571	0.0683567724963	0.0881503232437	0.080505206063	0.12144940507	0.102349094374	0.125395641096	0.123547908747	0.123580185904	0.123141499144	0.126812414368	0.127911127744
TARA_112_SRF_0.22-3_G.snv.filtered.bam	0.1024909414	0.100136464257	0.0999060503024	0.0853257758182	0.0836930707764	0.085684184743	0.0875389756779	0.0843831175735	0.0864888687645	0.0863160728924	0.0815802526378	0.0834410193214	0.0846298131706	0.0850749815164	0.0890641680608	0.087601439474	0.085603073261	0.0859298258686	0.0885735825726	0.0848734382087	0.0846774927733	0.0852707212417	0.0744450232626	0.0789614719417	0.109779781724	0.120702784019	0.123351349792	0.0	0.0971852665988	0.0948239912108	0.0937603913298	0.0941199876843	0.0959946385994	0.089901494812	0.0931977845152	0.0877862330144	0.081915096837	0.0760495134941	0.0756013956945	0.0741356632308	0.0809430254636	0.0807646251632	0.0853807652579
TARA_122_SRF_0.22-3_G.snv.filtered.bam	0.110171917701	0.109359739837	0.107770603804	0.0946786841061	0.091362847783	0.0921693266081	0.0925877497732	0.0911047957962	0.0936310587341	0.0940041334688	0.0883688887564	0.0905758431928	0.09257010948	0.091341638044	0.0955723648154	0.0968064761611	0.0965037078367	0.0881179243111	0.095453340711	0.093003064047	0.0941595263686	0.0911721459126	0.104098187549	0.0940998171255	0.0633815997442	0.0768958333267	0.0692014239614	0.0971852665988	0.0	0.0328205476996	0.0333022093677	0.0289368404568	0.026796577839	0.0461200028254	0.0440798292834	0.0898314391118	0.0619523047245	0.0935783499252	0.093156998908	0.0930642803437	0.0936605903501	0.0948899242978	0.0982988114598
TARA_123_SRF_0.22-3_G.snv.filtered.bam	0.106041453948	0.102522816016	0.10197495257	0.0896247930565	0.0845169451046	0.0859540296068	0.0880536053325	0.0840017615246	0.0889758622249	0.0876660155006	0.0821309027388	0.0841657363531	0.0873579310822	0.0867622680004	0.0908040106874	0.0926001431537	0.0930671837102	0.0848160431935	0.0904003805591	0.0882606159924	0.0866171770294	0.0852310316195	0.0982807971023	0.0878741689074	0.0627147014588	0.0831067131253	0.075658336632	0.0948239912108	0.0328205476996	0.0	0.03434971813	0.0290226593035	0.0310323705612	0.0417913155202	0.0438801752983	0.0871320612823	0.0581816873451	0.0871210040499	0.0864234064601	0.0879088106089	0.0888962457553	0.088503720858	0.0921170752437
TARA_124_MIX_0.22-3_G.snv.filtered.bam	0.105124475521	0.103063904102	0.102641587671	0.0905952998428	0.085892094699	0.0873094094636	0.0893674023854	0.0850712533187	0.089769620894	0.0878025822151	0.0832296556234	0.0863570541073	0.0884767350092	0.0875643337183	0.0909285500304	0.0926393105603	0.0925956871525	0.0852279639128	0.0907408694314	0.0897336749891	0.0888092384917	0.0864172951239	0.0985031890224	0.0892889433983	0.0659819725207	0.0797829883678	0.0729596306412	0.0937603913298	0.0333022093677	0.03434971813	0.0	0.0301059369929	0.0301045650525	0.045556884297	0.0425434356892	0.0881952642617	0.0581772014467	0.0875791649727	0.0871815219929	0.0872597030649	0.0912857404503	0.0905249845699	0.0948758887479
TARA_124_SRF_0.22-3_G.snv.filtered.bam	0.103805467514	0.101508453517	0.101376287131	0.0887629472339	0.0841745766581	0.0853754146648	0.0873343746627	0.0834579531758	0.0882520663729	0.0877521160696	0.0815437377617	0.0842673605886	0.0861826049283	0.0843382305761	0.0888610831368	0.0909011958809	0.0918521207265	0.0825551703086	0.0891862266551	0.0873390197225	0.0872273569242	0.0845964660118	0.0982846738958	0.0865131290735	0.0634906925448	0.0822524599639	0.074007554571	0.0941199876843	0.0289368404568	0.0290226593035	0.0301059369929	0.0	0.0250444848513	0.0398728420997	0.0402921256719	0.0861369716185	0.0542245506533	0.0863284214398	0.0857261061479	0.0870127264838	0.0898112118118	0.0891779134318	0.0917334058439
TARA_125_SRF_0.22-3_G.snv.filtered.bam	0.108599322181	0.106875249594	0.105193164392	0.0927862322316	0.0886496814927	0.0899007859166	0.0913367174032	0.0878393102447	0.0914554734389	0.0905328143563	0.0857097210157	0.0883688341389	0.0911698376069	0.0904604819799	0.0936749254339	0.0948912883733	0.0943354009367	0.086311406599	0.0925672167106	0.0910339476985	0.0913419668149	0.0889580032263	0.0999831894549	0.089939793742	0.0615258809222	0.0760473822052	0.0683567724963	0.0959946385994	0.026796577839	0.0310323705612	0.0301045650525	0.0250444848513	0.0	0.042889177741	0.0429299460875	0.0898219595731	0.0606315996124	0.0905059774503	0.0896096393987	0.090071844454	0.0917218405979	0.0932662578392	0.0954673131337
TARA_128_DCM_0.22-3_G.snv.filtered.bam	0.0946975271083	0.0914694253559	0.0904249652766	0.0808157482391	0.0738664275072	0.0760522637252	0.0787332368411	0.0739604905478	0.0798485429392	0.0781746335607	0.073008685758	0.0734623854642	0.0771287953487	0.0771560245522	0.0805301645593	0.0827728468834	0.0826672417982	0.0738661329572	0.0814648220226	0.0773717096045	0.0770203759195	0.0760195368325	0.0917811233067	0.0792169247419	0.0753740535404	0.0945345823966	0.0881503232437	0.089901494812	0.0461200028254	0.0417913155202	0.045556884297	0.0398728420997	0.042889177741	0.0	0.0457682188664	0.0784951502017	0.0485598244018	0.0775850068532	0.075213829607	0.0785208351507	0.080723039785	0.080188292504	0.0826892524312
TARA_128_SRF_0.22-3_G.snv.filtered.bam	0.101765568134	0.0996204873676	0.0991996048455	0.0861111157808	0.07993032738	0.0823785762711	0.0825793128527	0.0802424159775	0.0833802643586	0.083603928879	0.0791277815326	0.0806817280274	0.0830732841633	0.0816936549213	0.0856214127186	0.0864351398415	0.087068472696	0.0796359157473	0.0862697775316	0.0848881803646	0.0848616506017	0.0826229015371	0.0965949681058	0.0853538476682	0.0742035861561	0.0877842567598	0.080505206063	0.0931977845152	0.0440798292834	0.0438801752983	0.0425434356892	0.0402921256719	0.0429299460875	0.0457682188664	0.0	0.0821419750541	0.056156906611	0.0867041977495	0.0848776152469	0.0858551755518	0.0891330329433	0.0892382110357	0.0902196443917
TARA_137_SRF_0.22-3_G.snv.filtered.bam	0.0792086631047	0.079636069195	0.0768257665409	0.0609802117951	0.0562469159015	0.0569963152374	0.063020408936	0.0561349148819	0.0631865262833	0.0625500712436	0.0595339335468	0.0596625501392	0.0606874805596	0.060982326974	0.0627367888237	0.0645699636791	0.0659594815317	0.058837274657	0.0652741063558	0.0607459283538	0.0607437970034	0.0588159927762	0.0874764977792	0.0705123079023	0.108544759176	0.120068076876	0.12144940507	0.0877862330144	0.0898314391118	0.0871320612823	0.0881952642617	0.0861369716185	0.0898219595731	0.0784951502017	0.0821419750541	0.0	0.0572272237535	0.064958615413	0.0650385025395	0.0690469311869	0.0659647329867	0.0639110520509	0.0648091605942
TARA_138_SRF_0.22-3_G.snv.filtered.bam	0.0789658942958	0.0784455474874	0.0763841099607	0.0610652543561	0.0539852207114	0.0573870115127	0.0589631168624	0.0535662858986	0.0592057825977	0.0596183282515	0.0548727496644	0.0544140103347	0.0558665306705	0.0578400337705	0.0630669447777	0.0619799329362	0.0658951261527	0.0532334618324	0.0626187600074	0.0598258476366	0.0620761572621	0.0580545362741	0.0849537712535	0.0662743138034	0.0890515006248	0.104454030287	0.102349094374	0.081915096837	0.0619523047245	0.0581816873451	0.0581772014467	0.0542245506533	0.0606315996124	0.0485598244018	0.056156906611	0.0572272237535	0.0	0.063820926827	0.0632400454005	0.064301572942	0.0669209782905	0.0655617346752	0.067702159085
TARA_141_SRF_0.22-3_G.snv.filtered.bam	0.0792927826176	0.0749476115066	0.0762436014578	0.0654892711568	0.0592136300941	0.0618585655307	0.0616121829312	0.0566864919914	0.0643029449272	0.0623819126942	0.0578021286181	0.0599958023047	0.0634657747653	0.065655360032	0.069383009143	0.0654210560259	0.0723750470503	0.063734140417	0.066951955184	0.0650819239883	0.060646903591	0.060332877836	0.0727716999268	0.0635579112786	0.109800160688	0.12586051859	0.125395641096	0.0760495134941	0.0935783499252	0.0871210040499	0.0875791649727	0.0863284214398	0.0905059774503	0.0775850068532	0.0867041977495	0.064958615413	0.063820926827	0.0	0.0358729969016	0.0388906922714	0.0446881978574	0.0436753044972	0.0518974552468
TARA_142_DCM_0.22-3_G.snv.filtered.bam	0.0783804024229	0.0736627700805	0.0748715860315	0.0651353340365	0.0572997431086	0.0595089346454	0.0608851861239	0.0552899934799	0.060034083596	0.0610660288112	0.0572983950879	0.057395786025	0.0618900136885	0.064696501813	0.0678212745417	0.0646071250611	0.071838577954	0.0623360201954	0.065014480484	0.0635399829274	0.0598630561842	0.0586938974874	0.0695308827161	0.0571898323672	0.11027583232	0.123958041492	0.123547908747	0.0756013956945	0.093156998908	0.0864234064601	0.0871815219929	0.0857261061479	0.0896096393987	0.075213829607	0.0848776152469	0.0650385025395	0.0632400454005	0.0358729969016	0.0	0.0390415839751	0.0427687146304	0.0471621874435	0.0511126106351
TARA_142_SRF_0.22-3_G.snv.filtered.bam	0.0787938601075	0.0745132698597	0.0753770624236	0.0678830886792	0.0579387427308	0.0628244577513	0.0631776219761	0.0569637758372	0.0626482595209	0.0614727792905	0.0588708433136	0.0581321299611	0.0627230370256	0.065941711113	0.0692655925753	0.065459353326	0.0716315722681	0.063299017699	0.066838672229	0.0659196147795	0.0603396101551	0.0624566777882	0.0730361196983	0.0606167750477	0.108333374615	0.124272366551	0.123580185904	0.0741356632308	0.0930642803437	0.0879088106089	0.0872597030649	0.0870127264838	0.090071844454	0.0785208351507	0.0858551755518	0.0690469311869	0.064301572942	0.0388906922714	0.0390415839751	0.0	0.0461271842146	0.0471946673828	0.0503841458223
TARA_146_SRF_0.22-3_G.snv.filtered.bam	0.0763331217233	0.075639269949	0.0759316566297	0.0657612658878	0.0601585542089	0.0625902088508	0.0596611344118	0.0564861823944	0.0626902565119	0.0646167840583	0.0599753398583	0.061095519249	0.0634892455973	0.0654613324098	0.0679556470158	0.0654058817141	0.0724278931625	0.06246927566	0.0662567979529	0.0663964567446	0.0602871240715	0.0598603413442	0.0761297893162	0.0633396277083	0.111633265262	0.123226885928	0.123141499144	0.0809430254636	0.0936605903501	0.0888962457553	0.0912857404503	0.0898112118118	0.0917218405979	0.080723039785	0.0891330329433	0.0659647329867	0.0669209782905	0.0446881978574	0.0427687146304	0.0461271842146	0.0	0.0431872439327	0.0465685564764
TARA_148_SRF_0.22-3_G.snv.filtered.bam	0.0782439185074	0.0765554210255	0.0757370860308	0.0665103488119	0.0605863705868	0.0621156924879	0.0616762129731	0.0582861550166	0.0628815452615	0.0627096103021	0.0593389242795	0.0607489628133	0.0634737373511	0.0646439289381	0.0666560255586	0.0671233619084	0.0739373802983	0.0617122980224	0.065826437021	0.0634077894738	0.0599777970493	0.0628571334634	0.0811848577755	0.0652555671345	0.112553579659	0.127527300458	0.126812414368	0.0807646251632	0.0948899242978	0.088503720858	0.0905249845699	0.0891779134318	0.0932662578392	0.080188292504	0.0892382110357	0.0639110520509	0.0655617346752	0.0436753044972	0.0471621874435	0.0471946673828	0.0431872439327	0.0	0.0493672484238
TARA_149_SRF_0.22-3_G.snv.filtered.bam	0.0802173229666	0.078775826443	0.0777167287927	0.0656156548215	0.0608269587608	0.0613680614	0.0628562565219	0.0582525306667	0.0625289241579	0.0639321757106	0.0590197988901	0.059996040108	0.0640425504448	0.0664840288993	0.0658663728841	0.066023334408	0.0701680225039	0.0621878486804	0.0654405419297	0.0634197489467	0.0616624610062	0.0637660337327	0.079244494549	0.0664993204331	0.114464762332	0.12897656483	0.127911127744	0.0853807652579	0.0982988114598	0.0921170752437	0.0948758887479	0.0917334058439	0.0954673131337	0.0826892524312	0.0902196443917	0.0648091605942	0.067702159085	0.0518974552468	0.0511126106351	0.0503841458223	0.0465685564764	0.0493672484238	0.0
