	TARA_004_DCM_0.22-1.6_G.snv.filtered.bam	TARA_064_SRF_0.22-3_G.snv.filtered.bam	TARA_072_DCM_0.22-3_G.snv.filtered.bam	TARA_098_DCM_0.22-3_G.snv.filtered.bam	TARA_100_DCM_0.22-3_G.snv.filtered.bam	TARA_111_DCM_0.22-3_G.snv.filtered.bam	TARA_112_DCM_0.22-3_G.snv.filtered.bam	TARA_148_SRF_0.22-3_G.snv.filtered.bam	TARA_149_SRF_0.22-3_G.snv.filtered.bam	TARA_150_DCM_0.22-3_G.snv.filtered.bam	TARA_150_SRF_0.22-3_G.snv.filtered.bam	TARA_151_DCM_0.22-3_G.snv.filtered.bam	TARA_151_SRF_0.22-3_G.snv.filtered.bam
TARA_004_DCM_0.22-1.6_G.snv.filtered.bam	0.0	0.0786011841051	0.0728789162422	0.0737271200368	0.0729899288283	0.0768042833528	0.0741656702685	0.0840336536619	0.0785630736248	0.0635169589831	0.0707218751687	0.0664407325218	0.06317468384
TARA_064_SRF_0.22-3_G.snv.filtered.bam	0.0786011841051	0.0	0.0677951348537	0.0737578012826	0.0781761580895	0.0784435621293	0.0700049206977	0.0663524321933	0.0771432843268	0.0682845198157	0.073887057361	0.0871836001063	0.083581890609
TARA_072_DCM_0.22-3_G.snv.filtered.bam	0.0728789162422	0.0677951348537	0.0	0.0709569378759	0.0689914392871	0.0721622229688	0.0677527343589	0.0784998083512	0.0761980884022	0.063713703352	0.0737905126924	0.0816827017263	0.0858916505224
TARA_098_DCM_0.22-3_G.snv.filtered.bam	0.0737271200368	0.0737578012826	0.0709569378759	0.0	0.0556279982681	0.0570858196284	0.0550403140075	0.0768060380034	0.0770878260437	0.0638379368468	0.0701095893871	0.079658158417	0.0807248516813
TARA_100_DCM_0.22-3_G.snv.filtered.bam	0.0729899288283	0.0781761580895	0.0689914392871	0.0556279982681	0.0	0.0364941702187	0.0666969729398	0.0864203712468	0.0805636118984	0.0673496722441	0.0763471615788	0.077207058556	0.081787196394
TARA_111_DCM_0.22-3_G.snv.filtered.bam	0.0768042833528	0.0784435621293	0.0721622229688	0.0570858196284	0.0364941702187	0.0	0.0640887965991	0.0866762680368	0.0813520169295	0.0720183753228	0.0766088035271	0.077930630915	0.0826138484972
TARA_112_DCM_0.22-3_G.snv.filtered.bam	0.0741656702685	0.0700049206977	0.0677527343589	0.0550403140075	0.0666969729398	0.0640887965991	0.0	0.0750569834781	0.0819776858217	0.0681012016847	0.0757501601229	0.0891433762999	0.087029779199
TARA_148_SRF_0.22-3_G.snv.filtered.bam	0.0840336536619	0.0663524321933	0.0784998083512	0.0768060380034	0.0864203712468	0.0866762680368	0.0750569834781	0.0	0.0633280759533	0.0666268225593	0.07080860682	0.0867848401082	0.0866475097555
TARA_149_SRF_0.22-3_G.snv.filtered.bam	0.0785630736248	0.0771432843268	0.0761980884022	0.0770878260437	0.0805636118984	0.0813520169295	0.0819776858217	0.0633280759533	0.0	0.0562487835712	0.0595187911991	0.0757460218003	0.0781416844752
TARA_150_DCM_0.22-3_G.snv.filtered.bam	0.0635169589831	0.0682845198157	0.063713703352	0.0638379368468	0.0673496722441	0.0720183753228	0.0681012016847	0.0666268225593	0.0562487835712	0.0	0.0581161343909	0.0634540252595	0.0630670784816
TARA_150_SRF_0.22-3_G.snv.filtered.bam	0.0707218751687	0.073887057361	0.0737905126924	0.0701095893871	0.0763471615788	0.0766088035271	0.0757501601229	0.07080860682	0.0595187911991	0.0581161343909	0.0	0.0619209866469	0.066490838866
TARA_151_DCM_0.22-3_G.snv.filtered.bam	0.0664407325218	0.0871836001063	0.0816827017263	0.079658158417	0.077207058556	0.077930630915	0.0891433762999	0.0867848401082	0.0757460218003	0.0634540252595	0.0619209866469	0.0	0.0534619917928
TARA_151_SRF_0.22-3_G.snv.filtered.bam	0.06317468384	0.083581890609	0.0858916505224	0.0807248516813	0.081787196394	0.0826138484972	0.087029779199	0.0866475097555	0.0781416844752	0.0630670784816	0.066490838866	0.0534619917928	0.0
