	TARA_056_MES_0.22-3_G.snv.filtered.bam	TARA_065_MES_0.22-3_G.snv.filtered.bam	TARA_076_MES_0.22-3_G.snv.filtered.bam	TARA_078_MES_0.22-3_G.snv.filtered.bam	TARA_098_MES_0.22-3_G.snv.filtered.bam	TARA_112_MES_0.22-3_G.snv.filtered.bam	TARA_133_MES_0.22-3_G.snv.filtered.bam	TARA_152_MES_0.22-3_G.snv.filtered.bam
TARA_056_MES_0.22-3_G.snv.filtered.bam	0.0	0.0488335722551	0.0411205882173	0.0501763832504	0.0450798085604	0.0422342271036	0.0399148760398	0.0422819251717
TARA_065_MES_0.22-3_G.snv.filtered.bam	0.0488335722551	0.0	0.0477571566695	0.0489873338793	0.0419656561735	0.0501603693612	0.0544043748005	0.0406278944982
TARA_076_MES_0.22-3_G.snv.filtered.bam	0.0411205882173	0.0477571566695	0.0	0.0536835911342	0.0465999414911	0.0413069320188	0.0489944583859	0.0403715958027
TARA_078_MES_0.22-3_G.snv.filtered.bam	0.0501763832504	0.0489873338793	0.0536835911342	0.0	0.0460093613468	0.0483771073433	0.0517210891544	0.0473459864132
TARA_098_MES_0.22-3_G.snv.filtered.bam	0.0450798085604	0.0419656561735	0.0465999414911	0.0460093613468	0.0	0.0431055508223	0.0538054213577	0.0456049796487
TARA_112_MES_0.22-3_G.snv.filtered.bam	0.0422342271036	0.0501603693612	0.0413069320188	0.0483771073433	0.0431055508223	0.0	0.0465707743031	0.0466367246536
TARA_133_MES_0.22-3_G.snv.filtered.bam	0.0399148760398	0.0544043748005	0.0489944583859	0.0517210891544	0.0538054213577	0.0465707743031	0.0	0.0512513084083
TARA_152_MES_0.22-3_G.snv.filtered.bam	0.0422819251717	0.0406278944982	0.0403715958027	0.0473459864132	0.0456049796487	0.0466367246536	0.0512513084083	0.0
