	TARA_031_SRF_0.22-1.6_G.snv.filtered.bam	TARA_032_DCM_0.22-1.6_G.snv.filtered.bam	TARA_032_SRF_0.22-1.6_G.snv.filtered.bam	TARA_041_SRF_0.22-1.6_G.snv.filtered.bam	TARA_042_SRF_0.22-1.6_G.snv.filtered.bam	TARA_045_SRF_0.22-1.6_G.snv.filtered.bam	TARA_048_SRF_0.22-1.6_G.snv.filtered.bam	TARA_052_SRF_0.22-1.6_G.snv.filtered.bam	TARA_141_SRF_0.22-3_G.snv.filtered.bam
TARA_031_SRF_0.22-1.6_G.snv.filtered.bam	0.0	0.0428763057339	0.0252362019894	0.0702581403401	0.0742182537982	0.0776949098108	0.0784021494727	0.0901938143675	0.0819954385939
TARA_032_DCM_0.22-1.6_G.snv.filtered.bam	0.0428763057339	0.0	0.0417602341563	0.0797960026608	0.0816396056315	0.0868050433645	0.0855767663002	0.0953033232603	0.0829166606325
TARA_032_SRF_0.22-1.6_G.snv.filtered.bam	0.0252362019894	0.0417602341563	0.0	0.0715635059674	0.0737447247684	0.0795314394939	0.079797408535	0.0909549999655	0.0814859060587
TARA_041_SRF_0.22-1.6_G.snv.filtered.bam	0.0702581403401	0.0797960026608	0.0715635059674	0.0	0.0508721184194	0.048000014834	0.0564393760189	0.0712103597623	0.0834597461726
TARA_042_SRF_0.22-1.6_G.snv.filtered.bam	0.0742182537982	0.0816396056315	0.0737447247684	0.0508721184194	0.0	0.0467174335615	0.0508666330455	0.070874492598	0.0842512762412
TARA_045_SRF_0.22-1.6_G.snv.filtered.bam	0.0776949098108	0.0868050433645	0.0795314394939	0.048000014834	0.0467174335615	0.0	0.043260315088	0.0655609024234	0.0839422098813
TARA_048_SRF_0.22-1.6_G.snv.filtered.bam	0.0784021494727	0.0855767663002	0.079797408535	0.0564393760189	0.0508666330455	0.043260315088	0.0	0.0590819782334	0.0864601561257
TARA_052_SRF_0.22-1.6_G.snv.filtered.bam	0.0901938143675	0.0953033232603	0.0909549999655	0.0712103597623	0.070874492598	0.0655609024234	0.0590819782334	0.0	0.096538075058
TARA_141_SRF_0.22-3_G.snv.filtered.bam	0.0819954385939	0.0829166606325	0.0814859060587	0.0834597461726	0.0842512762412	0.0839422098813	0.0864601561257	0.096538075058	0.0
