	TARA_064_DCM_0.22-3_G.snv.filtered.bam	TARA_064_SRF_0.22-3_G.snv.filtered.bam	TARA_065_DCM_0.22-3_G.snv.filtered.bam	TARA_065_SRF_0.22-3_G.snv.filtered.bam	TARA_076_DCM_0.22-3_G.snv.filtered.bam	TARA_112_DCM_0.22-3_G.snv.filtered.bam	TARA_122_DCM_0.22-3_G.snv.filtered.bam	TARA_124_MIX_0.22-3_G.snv.filtered.bam
TARA_064_DCM_0.22-3_G.snv.filtered.bam	0.0	0.0551997958742	0.0662637577936	0.0675788102639	0.0889854464757	0.200229492902	0.225087287884	0.239488650302
TARA_064_SRF_0.22-3_G.snv.filtered.bam	0.0551997958742	0.0	0.0654755211363	0.0656371467438	0.0890373334007	0.199625676847	0.222077128201	0.234547966703
TARA_065_DCM_0.22-3_G.snv.filtered.bam	0.0662637577936	0.0654755211363	0.0	0.0747238652301	0.100305187488	0.20576822332	0.229440319107	0.24430476789
TARA_065_SRF_0.22-3_G.snv.filtered.bam	0.0675788102639	0.0656371467438	0.0747238652301	0.0	0.0972476052365	0.205790661728	0.228553620051	0.223626513495
TARA_076_DCM_0.22-3_G.snv.filtered.bam	0.0889854464757	0.0890373334007	0.100305187488	0.0972476052365	0.0	0.165809141134	0.196147892106	0.269647088999
TARA_112_DCM_0.22-3_G.snv.filtered.bam	0.200229492902	0.199625676847	0.20576822332	0.205790661728	0.165809141134	0.0	0.0997771591385	0.248537272188
TARA_122_DCM_0.22-3_G.snv.filtered.bam	0.225087287884	0.222077128201	0.229440319107	0.228553620051	0.196147892106	0.0997771591385	0.0	0.201744866095
TARA_124_MIX_0.22-3_G.snv.filtered.bam	0.239488650302	0.234547966703	0.24430476789	0.223626513495	0.269647088999	0.248537272188	0.201744866095	0.0
