	TARA_068_MES_0.22-3_G.snv.filtered.bam	TARA_076_MES_0.22-3_G.snv.filtered.bam	TARA_078_MES_0.22-3_G.snv.filtered.bam	TARA_085_MES_0.22-3_G.snv.filtered.bam	TARA_132_MES_0.22-3_G.snv.filtered.bam	TARA_133_MES_0.22-3_G.snv.filtered.bam	TARA_145_MES_0.22-3_G.snv.filtered.bam
TARA_068_MES_0.22-3_G.snv.filtered.bam	0.0	0.0750283664633	0.0526918577137	0.0938427966458	0.0543240969547	0.102588794352	0.0586730368911
TARA_076_MES_0.22-3_G.snv.filtered.bam	0.0750283664633	0.0	0.0708533159638	0.0851693887806	0.0752715406671	0.0687511693144	0.0557189859823
TARA_078_MES_0.22-3_G.snv.filtered.bam	0.0526918577137	0.0708533159638	0.0	0.0959625545792	0.0627912772334	0.104398843011	0.0558379909052
TARA_085_MES_0.22-3_G.snv.filtered.bam	0.0938427966458	0.0851693887806	0.0959625545792	0.0	0.0936303098252	0.0930340108707	0.0807263447597
TARA_132_MES_0.22-3_G.snv.filtered.bam	0.0543240969547	0.0752715406671	0.0627912772334	0.0936303098252	0.0	0.0933751898794	0.0657456975254
TARA_133_MES_0.22-3_G.snv.filtered.bam	0.102588794352	0.0687511693144	0.104398843011	0.0930340108707	0.0933751898794	0.0	0.0881366700518
TARA_145_MES_0.22-3_G.snv.filtered.bam	0.0586730368911	0.0557189859823	0.0558379909052	0.0807263447597	0.0657456975254	0.0881366700518	0.0
