	TARA_032_DCM_0.22-1.6_G.snv.filtered.bam	TARA_034_DCM_0.22-1.6_G.snv.filtered.bam	TARA_041_DCM_0.22-1.6_G.snv.filtered.bam	TARA_042_DCM_0.22-1.6_G.snv.filtered.bam	TARA_123_MIX_0.22-3_G.snv.filtered.bam	TARA_125_MIX_0.22-3_G.snv.filtered.bam
TARA_032_DCM_0.22-1.6_G.snv.filtered.bam	0.0	0.0685425000877	0.108760407185	0.116023270393	0.21859508109	0.198005327568
TARA_034_DCM_0.22-1.6_G.snv.filtered.bam	0.0685425000877	0.0	0.0880844619679	0.091997348595	0.21553111075	0.195218838225
TARA_041_DCM_0.22-1.6_G.snv.filtered.bam	0.108760407185	0.0880844619679	0.0	0.0565032273495	0.212380631315	0.194463116463
TARA_042_DCM_0.22-1.6_G.snv.filtered.bam	0.116023270393	0.091997348595	0.0565032273495	0.0	0.212551204229	0.199453372155
TARA_123_MIX_0.22-3_G.snv.filtered.bam	0.21859508109	0.21553111075	0.212380631315	0.212551204229	0.0	0.0834377972594
TARA_125_MIX_0.22-3_G.snv.filtered.bam	0.198005327568	0.195218838225	0.194463116463	0.199453372155	0.0834377972594	0.0
