	TARA_004_DCM_0.22-1.6_G.snv.bam	TARA_004_SRF_0.22-1.6_G.snv.bam	TARA_093_SRF_0.22-3_G.snv.bam	TARA_094_SRF_0.22-3_G.snv.bam	TARA_133_DCM_0.22-3_G.snv.bam	TARA_133_SRF_0.22-3_G.snv.bam
TARA_004_DCM_0.22-1.6_G.snv.bam	0.0	0.0174687567089	0.114410420429	0.117566876498	0.106866601663	0.105862030704
TARA_004_SRF_0.22-1.6_G.snv.bam	0.0174687567089	0.0	0.115129456337	0.116873845647	0.106296002213	0.105518324914
TARA_093_SRF_0.22-3_G.snv.bam	0.114410420429	0.115129456337	0.0	0.158369501192	0.132287749914	0.136214773079
TARA_094_SRF_0.22-3_G.snv.bam	0.117566876498	0.116873845647	0.158369501192	0.0	0.123615083192	0.120578696243
TARA_133_DCM_0.22-3_G.snv.bam	0.106866601663	0.106296002213	0.132287749914	0.123615083192	0.0	0.0437790551955
TARA_133_SRF_0.22-3_G.snv.bam	0.105862030704	0.105518324914	0.136214773079	0.120578696243	0.0437790551955	0.0
