	TARA_004_DCM_0.22-1.6_G.snv.bam	TARA_004_SRF_0.22-1.6_G.snv.bam	TARA_007_DCM_0.22-1.6_G.snv.bam	TARA_007_SRF_0.22-1.6_G.snv.bam	TARA_009_DCM_0.22-1.6_G.snv.bam	TARA_009_SRF_0.22-1.6_G.snv.bam	TARA_018_DCM_0.22-1.6_G.snv.bam	TARA_018_SRF_0.22-1.6_G.snv.bam	TARA_023_DCM_0.22-1.6_G.snv.bam	TARA_023_SRF_0.22-1.6_G.snv.bam	TARA_025_DCM_0.22-1.6_G.snv.bam	TARA_025_SRF_0.22-1.6_G.snv.bam	TARA_030_DCM_0.22-1.6_G.snv.bam	TARA_030_SRF_0.22-1.6_G.snv.bam	TARA_133_SRF_0.22-3_G.snv.bam	TARA_146_SRF_0.22-3_G.snv.bam	TARA_148_SRF_0.22-3_G.snv.bam	TARA_149_SRF_0.22-3_G.snv.bam	TARA_150_DCM_0.22-3_G.snv.bam	TARA_150_SRF_0.22-3_G.snv.bam	TARA_151_DCM_0.22-3_G.snv.bam	TARA_151_SRF_0.22-3_G.snv.bam	TARA_152_MIX_0.22-3_G.snv.bam	TARA_152_SRF_0.22-3_G.snv.bam
TARA_004_DCM_0.22-1.6_G.snv.bam	0.0	0.0393665633191	0.0688526306363	0.0725551138398	0.0575647720679	0.0803310726607	0.0659222633531	0.067223053695	0.0823023950277	0.0841727655617	0.0767992231466	0.0830461869439	0.0841919236067	0.0886550741719	0.100522072036	0.0904031127486	0.0909012640839	0.0906672978402	0.0648139500847	0.0687665499303	0.0675161679875	0.0640603117688	0.0602621421989	0.06104819746
TARA_004_SRF_0.22-1.6_G.snv.bam	0.0393665633191	0.0	0.0583638451602	0.0591649976905	0.0469276663716	0.0671780621757	0.0532065017679	0.0533440629469	0.0693122706286	0.0715179499565	0.0644497641798	0.0715740330432	0.0726248774531	0.0779252200353	0.107447897789	0.0839152243346	0.083003505245	0.085461698844	0.0612672815903	0.06701705222	0.061716392614	0.0612238931145	0.0589216210831	0.0551968198689
TARA_007_DCM_0.22-1.6_G.snv.bam	0.0688526306363	0.0583638451602	0.0	0.0421785514637	0.0458386964512	0.0479082463347	0.0462853235281	0.0470173873942	0.0486192680354	0.0551069154535	0.0528400166354	0.0619867278086	0.0564486947397	0.0691305842721	0.12129375188	0.071759581406	0.0675908435245	0.0755285739341	0.0671753269105	0.0728294941153	0.0808663066738	0.0739921788604	0.0845726292437	0.078973542858
TARA_007_SRF_0.22-1.6_G.snv.bam	0.0725551138398	0.0591649976905	0.0421785514637	0.0	0.0472826442802	0.0216578293568	0.0248811454116	0.0259128996339	0.0272385077119	0.0277417339477	0.0254740528904	0.0328433164896	0.0281711054215	0.0403689867096	0.134708887493	0.0541990275767	0.0482800173512	0.0632217963953	0.0643806098788	0.0788685360809	0.0907625013975	0.0882275672492	0.0922401086927	0.0867079226477
TARA_009_DCM_0.22-1.6_G.snv.bam	0.0575647720679	0.0469276663716	0.0458386964512	0.0472826442802	0.0	0.052726957979	0.0436606289497	0.0448912145595	0.0533580178639	0.0601197265065	0.0548604007423	0.0641700149648	0.059847854529	0.0714281060194	0.11478470568	0.072322319732	0.0705820389541	0.0726033778749	0.0624357079309	0.0656436629185	0.068623996079	0.0661392126702	0.0759789325026	0.069181342628
TARA_009_SRF_0.22-1.6_G.snv.bam	0.0803310726607	0.0671780621757	0.0479082463347	0.0216578293568	0.052726957979	0.0	0.0292293702773	0.0292575094359	0.0234257491395	0.0219024213257	0.0241106852472	0.0264720698692	0.0224107671718	0.0341407211667	0.140917594318	0.0506084489456	0.0442632106844	0.0630655079167	0.069063834532	0.084203478875	0.097931900238	0.0950262708018	0.0991601669804	0.0940996764456
TARA_018_DCM_0.22-1.6_G.snv.bam	0.0659222633531	0.0532065017679	0.0462853235281	0.0248811454116	0.0436606289497	0.0292293702773	0.0	0.0190750515853	0.0331411641228	0.0331555017974	0.0258991862889	0.0357305491644	0.032985344323	0.0420860528421	0.126923529758	0.0546531379364	0.0484187421542	0.0613622768201	0.0576222826896	0.0735742702828	0.0855731559805	0.0823169458441	0.0842324064687	0.079211228103
TARA_018_SRF_0.22-1.6_G.snv.bam	0.067223053695	0.0533440629469	0.0470173873942	0.0259128996339	0.0448912145595	0.0292575094359	0.0190750515853	0.0	0.034476405851	0.0335323051008	0.0260298365424	0.0353955247281	0.0327285694201	0.0420868885293	0.126843622839	0.0532135243927	0.0480469939233	0.0607442476148	0.0585343950462	0.0743747814746	0.0869770352861	0.083991908982	0.0856498356491	0.0805431564666
TARA_023_DCM_0.22-1.6_G.snv.bam	0.0823023950277	0.0693122706286	0.0486192680354	0.0272385077119	0.0533580178639	0.0234257491395	0.0331411641228	0.034476405851	0.0	0.0225384142595	0.0263700326095	0.0306585558383	0.0256068842852	0.0385230598024	0.139244465991	0.0515364838186	0.0433293509405	0.0636906889805	0.0691091474745	0.08433692045	0.0975867052543	0.0938676806553	0.0995011802202	0.0947663379911
TARA_023_SRF_0.22-1.6_G.snv.bam	0.0841727655617	0.0715179499565	0.0551069154535	0.0277417339477	0.0601197265065	0.0219024213257	0.0331555017974	0.0335323051008	0.0225384142595	0.0	0.0222198110714	0.0208681829945	0.0189400308609	0.0258039726461	0.143174221195	0.0472529651161	0.0418807931935	0.0618135969494	0.0696001340646	0.0896921735352	0.10396006401	0.102031818653	0.102663802326	0.0991681235047
TARA_025_DCM_0.22-1.6_G.snv.bam	0.0767992231466	0.0644497641798	0.0528400166354	0.0254740528904	0.0548604007423	0.0241106852472	0.0258991862889	0.0260298365424	0.0263700326095	0.0222198110714	0.0	0.0213896474093	0.0238126203113	0.0281942713197	0.13938194949	0.0513341987501	0.0445698661934	0.0623069298825	0.065326821191	0.0853937904591	0.0990956811959	0.0965765905369	0.0964387416024	0.092365133268
TARA_025_SRF_0.22-1.6_G.snv.bam	0.0830461869439	0.0715740330432	0.0619867278086	0.0328433164896	0.0641700149648	0.0264720698692	0.0357305491644	0.0353955247281	0.0306585558383	0.0208681829945	0.0213896474093	0.0	0.0223176376893	0.0175701931971	0.146422036071	0.0515162493047	0.0450338759528	0.0645007410348	0.0705215905661	0.0940347913565	0.108313779359	0.106790231088	0.103358040162	0.100405010162
TARA_030_DCM_0.22-1.6_G.snv.bam	0.0841919236067	0.0726248774531	0.0564486947397	0.0281711054215	0.059847854529	0.0224107671718	0.032985344323	0.0327285694201	0.0256068842852	0.0189400308609	0.0238126203113	0.0223176376893	0.0	0.0273002083116	0.142921648146	0.0470128301694	0.0389882540675	0.0605691489609	0.0682387900214	0.0885416671095	0.103539074016	0.101413097121	0.102791713729	0.099599958537
TARA_030_SRF_0.22-1.6_G.snv.bam	0.0886550741719	0.0779252200353	0.0691305842721	0.0403689867096	0.0714281060194	0.0341407211667	0.0420860528421	0.0420868885293	0.0385230598024	0.0258039726461	0.0281942713197	0.0175701931971	0.0273002083116	0.0	0.147988317715	0.0526535584388	0.0467318961675	0.0669471696458	0.0743573740897	0.0993096436891	0.114334583857	0.113047319472	0.108901062183	0.106061540539
TARA_133_SRF_0.22-3_G.snv.bam	0.100522072036	0.107447897789	0.12129375188	0.134708887493	0.11478470568	0.140917594318	0.126923529758	0.126843622839	0.139244465991	0.143174221195	0.13938194949	0.146422036071	0.142921648146	0.147988317715	0.0	0.138228536218	0.141178109718	0.129350174732	0.109561237909	0.0917979417915	0.0885833368945	0.0861699773044	0.0897697328035	0.0904653238818
TARA_146_SRF_0.22-3_G.snv.bam	0.0904031127486	0.0839152243346	0.071759581406	0.0541990275767	0.072322319732	0.0506084489456	0.0546531379364	0.0532135243927	0.0515364838186	0.0472529651161	0.0513341987501	0.0515162493047	0.0470128301694	0.0526535584388	0.138228536218	0.0	0.0424465256164	0.053859086762	0.0714078436705	0.088707345071	0.105440531259	0.101988730841	0.10533558279	0.104136617923
TARA_148_SRF_0.22-3_G.snv.bam	0.0909012640839	0.083003505245	0.0675908435245	0.0482800173512	0.0705820389541	0.0442632106844	0.0484187421542	0.0480469939233	0.0433293509405	0.0418807931935	0.0445698661934	0.0450338759528	0.0389882540675	0.0467318961675	0.141178109718	0.0424465256164	0.0	0.0541541576896	0.0728178967057	0.0876831726383	0.106476055791	0.102298455907	0.106356801307	0.103916247068
TARA_149_SRF_0.22-3_G.snv.bam	0.0906672978402	0.085461698844	0.0755285739341	0.0632217963953	0.0726033778749	0.0630655079167	0.0613622768201	0.0607442476148	0.0636906889805	0.0618135969494	0.0623069298825	0.0645007410348	0.0605691489609	0.0669471696458	0.129350174732	0.053859086762	0.0541541576896	0.0	0.0703231553873	0.0833604887142	0.0979190749931	0.0950024445778	0.0986106396924	0.0985373424934
TARA_150_DCM_0.22-3_G.snv.bam	0.0648139500847	0.0612672815903	0.0671753269105	0.0643806098788	0.0624357079309	0.069063834532	0.0576222826896	0.0585343950462	0.0691091474745	0.0696001340646	0.065326821191	0.0705215905661	0.0682387900214	0.0743573740897	0.109561237909	0.0714078436705	0.0728178967057	0.0703231553873	0.0	0.0630352115995	0.0763267293019	0.0724576211206	0.072402436497	0.0730793193052
TARA_150_SRF_0.22-3_G.snv.bam	0.0687665499303	0.06701705222	0.0728294941153	0.0788685360809	0.0656436629185	0.084203478875	0.0735742702828	0.0743747814746	0.08433692045	0.0896921735352	0.0853937904591	0.0940347913565	0.0885416671095	0.0993096436891	0.0917979417915	0.088707345071	0.0876831726383	0.0833604887142	0.0630352115995	0.0	0.0587688793906	0.053870879549	0.0716615496147	0.0679068903795
TARA_151_DCM_0.22-3_G.snv.bam	0.0675161679875	0.061716392614	0.0808663066738	0.0907625013975	0.068623996079	0.097931900238	0.0855731559805	0.0869770352861	0.0975867052543	0.10396006401	0.0990956811959	0.108313779359	0.103539074016	0.114334583857	0.0885833368945	0.105440531259	0.106476055791	0.0979190749931	0.0763267293019	0.0587688793906	0.0	0.0468417541394	0.0596542881651	0.059347194118
TARA_151_SRF_0.22-3_G.snv.bam	0.0640603117688	0.0612238931145	0.0739921788604	0.0882275672492	0.0661392126702	0.0950262708018	0.0823169458441	0.083991908982	0.0938676806553	0.102031818653	0.0965765905369	0.106790231088	0.101413097121	0.113047319472	0.0861699773044	0.101988730841	0.102298455907	0.0950024445778	0.0724576211206	0.053870879549	0.0468417541394	0.0	0.0587676287575	0.0579551207188
TARA_152_MIX_0.22-3_G.snv.bam	0.0602621421989	0.0589216210831	0.0845726292437	0.0922401086927	0.0759789325026	0.0991601669804	0.0842324064687	0.0856498356491	0.0995011802202	0.102663802326	0.0964387416024	0.103358040162	0.102791713729	0.108901062183	0.0897697328035	0.10533558279	0.106356801307	0.0986106396924	0.072402436497	0.0716615496147	0.0596542881651	0.0587676287575	0.0	0.0480368412636
TARA_152_SRF_0.22-3_G.snv.bam	0.06104819746	0.0551968198689	0.078973542858	0.0867079226477	0.069181342628	0.0940996764456	0.079211228103	0.0805431564666	0.0947663379911	0.0991681235047	0.092365133268	0.100405010162	0.099599958537	0.106061540539	0.0904653238818	0.104136617923	0.103916247068	0.0985373424934	0.0730793193052	0.0679068903795	0.059347194118	0.0579551207188	0.0480368412636	0.0
