	TARA_009_DCM_0.22-1.6_G.snv.bam	TARA_037_MES_0.22-1.6_G.snv.bam	TARA_038_MES_0.22-1.6_G.snv.bam	TARA_039_MES_0.22-1.6_G.snv.bam	TARA_100_MES_0.22-3_G.snv.bam	TARA_102_MES_0.22-3_G.snv.bam	TARA_109_MES_0.22-3_G.snv.bam	TARA_110_MES_0.22-3_G.snv.bam	TARA_111_MES_0.22-3_G.snv.bam	TARA_137_DCM_0.22-3_G.snv.bam	TARA_137_MES_0.22-3_G.snv.bam	TARA_138_DCM_0.22-3_G.snv.bam	TARA_138_MES_0.22-3_G.snv.bam
TARA_009_DCM_0.22-1.6_G.snv.bam	0.0	0.100139082058	0.0876216968011	0.0904033379694	0.0180806675939	0.105702364395	0.0904033379694	0.104311543811	0.095966620306	0.0500695410292	0.102920723227	0.00556328233658	0.127955493741
TARA_037_MES_0.22-1.6_G.snv.bam	0.100139082058	0.0	0.0	0.0	0.0250347705146	0.0	0.0	0.0	0.0	0.00695410292072	0.0	0.0987482614743	0.00139082058414
TARA_038_MES_0.22-1.6_G.snv.bam	0.0876216968011	0.0	0.0	0.0	0.00556328233658	0.0	0.00139082058414	0.0	0.0	0.00139082058414	0.0	0.0848400556328	0.0
TARA_039_MES_0.22-1.6_G.snv.bam	0.0904033379694	0.0	0.0	0.0	0.00556328233658	0.0	0.00139082058414	0.0	0.0	0.00139082058414	0.0	0.0890125173853	0.00278164116829
TARA_100_MES_0.22-3_G.snv.bam	0.0180806675939	0.0250347705146	0.00556328233658	0.00556328233658	0.0	0.00695410292072	0.00139082058414	0.00139082058414	0.0	0.0	0.0166898470097	0.00834492350487	0.0458970792768
TARA_102_MES_0.22-3_G.snv.bam	0.105702364395	0.0	0.0	0.0	0.00695410292072	0.0	0.00278164116829	0.0	0.0	0.0	0.0	0.0973574408901	0.0
TARA_109_MES_0.22-3_G.snv.bam	0.0904033379694	0.0	0.00139082058414	0.00139082058414	0.00139082058414	0.00278164116829	0.0	0.00278164116829	0.00278164116829	0.0	0.00139082058414	0.086230876217	0.0111265646732
TARA_110_MES_0.22-3_G.snv.bam	0.104311543811	0.0	0.0	0.0	0.00139082058414	0.0	0.00278164116829	0.0	0.0	0.0	0.0	0.095966620306	0.0
TARA_111_MES_0.22-3_G.snv.bam	0.095966620306	0.0	0.0	0.0	0.0	0.0	0.00278164116829	0.0	0.0	0.0	0.0	0.0917941585535	0.0
TARA_137_DCM_0.22-3_G.snv.bam	0.0500695410292	0.00695410292072	0.00139082058414	0.00139082058414	0.0	0.0	0.0	0.0	0.0	0.0	0.00139082058414	0.0472878998609	0.00834492350487
TARA_137_MES_0.22-3_G.snv.bam	0.102920723227	0.0	0.0	0.0	0.0166898470097	0.0	0.00139082058414	0.0	0.0	0.00139082058414	0.0	0.102920723227	0.0
TARA_138_DCM_0.22-3_G.snv.bam	0.00556328233658	0.0987482614743	0.0848400556328	0.0890125173853	0.00834492350487	0.0973574408901	0.086230876217	0.095966620306	0.0917941585535	0.0472878998609	0.102920723227	0.0	0.122392211405
TARA_138_MES_0.22-3_G.snv.bam	0.127955493741	0.00139082058414	0.0	0.00278164116829	0.0458970792768	0.0	0.0111265646732	0.0	0.0	0.00834492350487	0.0	0.122392211405	0.0
