	TARA_032_DCM_0.22-1.6_G.snv.bam	TARA_038_DCM_0.22-1.6_G.snv.bam	TARA_039_DCM_0.22-1.6_G.snv.bam	TARA_041_DCM_0.22-1.6_G.snv.bam	TARA_065_DCM_0.22-3_G.snv.bam	TARA_124_MIX_0.22-3_G.snv.bam	TARA_124_SRF_0.22-3_G.snv.bam	TARA_142_DCM_0.22-3_G.snv.bam	TARA_142_SRF_0.22-3_G.snv.bam	TARA_145_SRF_0.22-3_G.snv.bam	TARA_146_SRF_0.22-3_G.snv.bam	TARA_148_SRF_0.22-3_G.snv.bam	TARA_149_SRF_0.22-3_G.snv.bam
TARA_032_DCM_0.22-1.6_G.snv.bam	0.0	0.0402384500745	0.0551415797317	0.0581222056632	0.0208643815201	0.168405365127	0.169895678092	0.0253353204173	0.0461997019374	0.105812220566	0.0461997019374	0.0581222056632	0.146050670641
TARA_038_DCM_0.22-1.6_G.snv.bam	0.0402384500745	0.0	0.00745156482861	0.00149031296572	0.00894187779434	0.132637853949	0.134128166915	0.0178837555887	0.0238450074516	0.080476900149	0.0253353204173	0.026825633383	0.110283159463
TARA_039_DCM_0.22-1.6_G.snv.bam	0.0551415797317	0.00745156482861	0.0	0.0	0.016393442623	0.169895678092	0.171385991058	0.0357675111773	0.053651266766	0.117734724292	0.0521609538003	0.0551415797317	0.152011922504
TARA_041_DCM_0.22-1.6_G.snv.bam	0.0581222056632	0.00149031296572	0.0	0.0	0.0178837555887	0.166915052161	0.166915052161	0.0327868852459	0.0506706408346	0.113263785395	0.0476900149031	0.0611028315946	0.150521609538
TARA_065_DCM_0.22-3_G.snv.bam	0.0208643815201	0.00894187779434	0.016393442623	0.0178837555887	0.0	0.146050670641	0.146050670641	0.0119225037258	0.0253353204173	0.0983606557377	0.0327868852459	0.0357675111773	0.134128166915
TARA_124_MIX_0.22-3_G.snv.bam	0.168405365127	0.132637853949	0.169895678092	0.166915052161	0.146050670641	0.0	0.0	0.105812220566	0.0894187779434	0.18479880775	0.114754098361	0.107302533532	0.211624441133
TARA_124_SRF_0.22-3_G.snv.bam	0.169895678092	0.134128166915	0.171385991058	0.166915052161	0.146050670641	0.0	0.0	0.105812220566	0.0864381520119	0.181818181818	0.117734724292	0.107302533532	0.207153502235
TARA_142_DCM_0.22-3_G.snv.bam	0.0253353204173	0.0178837555887	0.0357675111773	0.0327868852459	0.0119225037258	0.105812220566	0.105812220566	0.0	0.0	0.0745156482861	0.0119225037258	0.0149031296572	0.116244411326
TARA_142_SRF_0.22-3_G.snv.bam	0.0461997019374	0.0238450074516	0.053651266766	0.0506706408346	0.0253353204173	0.0894187779434	0.0864381520119	0.0	0.0	0.0909090909091	0.0178837555887	0.0238450074516	0.125186289121
TARA_145_SRF_0.22-3_G.snv.bam	0.105812220566	0.080476900149	0.117734724292	0.113263785395	0.0983606557377	0.18479880775	0.181818181818	0.0745156482861	0.0909090909091	0.0	0.0104321907601	0.0119225037258	0.00149031296572
TARA_146_SRF_0.22-3_G.snv.bam	0.0461997019374	0.0253353204173	0.0521609538003	0.0476900149031	0.0327868852459	0.114754098361	0.117734724292	0.0119225037258	0.0178837555887	0.0104321907601	0.0	0.00447093889717	0.0193740685544
TARA_148_SRF_0.22-3_G.snv.bam	0.0581222056632	0.026825633383	0.0551415797317	0.0611028315946	0.0357675111773	0.107302533532	0.107302533532	0.0149031296572	0.0238450074516	0.0119225037258	0.00447093889717	0.0	0.0312965722802
TARA_149_SRF_0.22-3_G.snv.bam	0.146050670641	0.110283159463	0.152011922504	0.150521609538	0.134128166915	0.211624441133	0.207153502235	0.116244411326	0.125186289121	0.00149031296572	0.0193740685544	0.0312965722802	0.0
