	TARA_052_SRF_0.22-1.6_G.snv.bam	TARA_100_SRF_0.22-3_G.snv.bam	TARA_102_SRF_0.22-3_G.snv.bam	TARA_109_DCM_0.22-3_G.snv.bam	TARA_109_SRF_0.22-3_G.snv.bam	TARA_110_DCM_0.22-3_G.snv.bam	TARA_110_MES_0.22-3_G.snv.bam	TARA_110_SRF_0.22-3_G.snv.bam	TARA_111_SRF_0.22-3_G.snv.bam	TARA_122_MES_0.22-3_G.snv.bam	TARA_122_SRF_0.22-3_G.snv.bam	TARA_123_SRF_0.22-3_G.snv.bam	TARA_124_MIX_0.22-3_G.snv.bam	TARA_124_SRF_0.22-3_G.snv.bam	TARA_125_SRF_0.22-3_G.snv.bam	TARA_128_DCM_0.22-3_G.snv.bam	TARA_128_SRF_0.22-3_G.snv.bam	TARA_137_SRF_0.22-3_G.snv.bam
TARA_052_SRF_0.22-1.6_G.snv.bam	0.0	0.000794912559618	0.0389507154213	0.00158982511924	0.0	0.000794912559618	0.00238473767886	0.000794912559618	0.000794912559618	0.000794912559618	0.0	0.0	0.0	0.0	0.000794912559618	0.0	0.0	0.00158982511924
TARA_100_SRF_0.22-3_G.snv.bam	0.000794912559618	0.0	0.0373608903021	0.0	0.00158982511924	0.0	0.0	0.0	0.0	0.0	0.0	0.0	0.0	0.0	0.0	0.0	0.0	0.00317965023847
TARA_102_SRF_0.22-3_G.snv.bam	0.0389507154213	0.0373608903021	0.0	0.0174880763116	0.0357710651828	0.0310015898251	0.0341812400636	0.0286168521463	0.0317965023847	0.0421303656598	0.0365659777424	0.0413354531002	0.0397456279809	0.0405405405405	0.0381558028617	0.0413354531002	0.0397456279809	0.0405405405405
TARA_109_DCM_0.22-3_G.snv.bam	0.00158982511924	0.0	0.0174880763116	0.0	0.0	0.0	0.0	0.0	0.0	0.000794912559618	0.000794912559618	0.000794912559618	0.000794912559618	0.0	0.0	0.000794912559618	0.0	0.0
TARA_109_SRF_0.22-3_G.snv.bam	0.0	0.00158982511924	0.0357710651828	0.0	0.0	0.0	0.000794912559618	0.0	0.000794912559618	0.000794912559618	0.000794912559618	0.000794912559618	0.000794912559618	0.0	0.000794912559618	0.000794912559618	0.000794912559618	0.0
TARA_110_DCM_0.22-3_G.snv.bam	0.000794912559618	0.0	0.0310015898251	0.0	0.0	0.0	0.0	0.0	0.0	0.0	0.0	0.0	0.0	0.0	0.0	0.0	0.0	0.0
TARA_110_MES_0.22-3_G.snv.bam	0.00238473767886	0.0	0.0341812400636	0.0	0.000794912559618	0.0	0.0	0.0	0.000794912559618	0.0	0.0	0.0	0.0	0.0	0.0	0.0	0.0	0.000794912559618
TARA_110_SRF_0.22-3_G.snv.bam	0.000794912559618	0.0	0.0286168521463	0.0	0.0	0.0	0.0	0.0	0.0	0.000794912559618	0.0	0.000794912559618	0.000794912559618	0.000794912559618	0.0	0.00158982511924	0.0	0.0
TARA_111_SRF_0.22-3_G.snv.bam	0.000794912559618	0.0	0.0317965023847	0.0	0.000794912559618	0.0	0.000794912559618	0.0	0.0	0.0	0.0	0.0	0.0	0.0	0.0	0.0	0.0	0.00238473767886
TARA_122_MES_0.22-3_G.snv.bam	0.000794912559618	0.0	0.0421303656598	0.000794912559618	0.000794912559618	0.0	0.0	0.000794912559618	0.0	0.0	0.0	0.0	0.0	0.0	0.0	0.0	0.0	0.00158982511924
TARA_122_SRF_0.22-3_G.snv.bam	0.0	0.0	0.0365659777424	0.000794912559618	0.000794912559618	0.0	0.0	0.0	0.0	0.0	0.0	0.0	0.0	0.0	0.0	0.0	0.0	0.0
TARA_123_SRF_0.22-3_G.snv.bam	0.0	0.0	0.0413354531002	0.000794912559618	0.000794912559618	0.0	0.0	0.000794912559618	0.0	0.0	0.0	0.0	0.0	0.0	0.0	0.0	0.0	0.000794912559618
TARA_124_MIX_0.22-3_G.snv.bam	0.0	0.0	0.0397456279809	0.000794912559618	0.000794912559618	0.0	0.0	0.000794912559618	0.0	0.0	0.0	0.0	0.0	0.0	0.0	0.0	0.0	0.000794912559618
TARA_124_SRF_0.22-3_G.snv.bam	0.0	0.0	0.0405405405405	0.0	0.0	0.0	0.0	0.000794912559618	0.0	0.0	0.0	0.0	0.0	0.0	0.0	0.0	0.0	0.000794912559618
TARA_125_SRF_0.22-3_G.snv.bam	0.000794912559618	0.0	0.0381558028617	0.0	0.000794912559618	0.0	0.0	0.0	0.0	0.0	0.0	0.0	0.0	0.0	0.0	0.0	0.0	0.000794912559618
TARA_128_DCM_0.22-3_G.snv.bam	0.0	0.0	0.0413354531002	0.000794912559618	0.000794912559618	0.0	0.0	0.00158982511924	0.0	0.0	0.0	0.0	0.0	0.0	0.0	0.0	0.0	0.0
TARA_128_SRF_0.22-3_G.snv.bam	0.0	0.0	0.0397456279809	0.0	0.000794912559618	0.0	0.0	0.0	0.0	0.0	0.0	0.0	0.0	0.0	0.0	0.0	0.0	0.0
TARA_137_SRF_0.22-3_G.snv.bam	0.00158982511924	0.00317965023847	0.0405405405405	0.0	0.0	0.0	0.000794912559618	0.0	0.00238473767886	0.00158982511924	0.0	0.000794912559618	0.000794912559618	0.000794912559618	0.000794912559618	0.0	0.0	0.0
