	TARA_004_SRF_0.22-1.6_G.snv.bam	TARA_009_DCM_0.22-1.6_G.snv.bam	TARA_018_DCM_0.22-1.6_G.snv.bam	TARA_018_SRF_0.22-1.6_G.snv.bam	TARA_025_SRF_0.22-1.6_G.snv.bam	TARA_030_DCM_0.22-1.6_G.snv.bam	TARA_030_SRF_0.22-1.6_G.snv.bam	TARA_094_SRF_0.22-3_G.snv.bam
TARA_004_SRF_0.22-1.6_G.snv.bam	0.0	0.178246727722	0.226592850192	0.232877502898	0.250579479314	0.249562406408	0.259789892134	0.238198764737
TARA_009_DCM_0.22-1.6_G.snv.bam	0.178246727722	0.0	0.0834735565317	0.0870480767807	0.104636050277	0.104591273378	0.118732891249	0.206862752056
TARA_018_DCM_0.22-1.6_G.snv.bam	0.226592850192	0.0834735565317	0.0	0.0351905829464	0.076975808003	0.0601399497732	0.0735989835622	0.206314170627
TARA_018_SRF_0.22-1.6_G.snv.bam	0.232877502898	0.0870480767807	0.0351905829464	0.0	0.0763699899138	0.0616481546123	0.0725983395825	0.20502276744
TARA_025_SRF_0.22-1.6_G.snv.bam	0.250579479314	0.104636050277	0.076975808003	0.0763699899138	0.0	0.045382376165	0.050920645676	0.217944341171
TARA_030_DCM_0.22-1.6_G.snv.bam	0.249562406408	0.104591273378	0.0601399497732	0.0616481546123	0.045382376165	0.0	0.0282086698981	0.21556657033
TARA_030_SRF_0.22-1.6_G.snv.bam	0.259789892134	0.118732891249	0.0735989835622	0.0725983395825	0.050920645676	0.0282086698981	0.0	0.219867862816
TARA_094_SRF_0.22-3_G.snv.bam	0.238198764737	0.206862752056	0.206314170627	0.20502276744	0.217944341171	0.21556657033	0.219867862816	0.0
