	TARA_052_DCM_0.22-1.6_G.snv.bam	TARA_064_DCM_0.22-3_G.snv.bam	TARA_064_SRF_0.22-3_G.snv.bam	TARA_065_DCM_0.22-3_G.snv.bam	TARA_065_SRF_0.22-3_G.snv.bam	TARA_072_DCM_0.22-3_G.snv.bam	TARA_112_DCM_0.22-3_G.snv.bam	TARA_122_DCM_0.22-3_G.snv.bam	TARA_124_MIX_0.22-3_G.snv.bam	TARA_142_DCM_0.22-3_G.snv.bam	TARA_142_SRF_0.22-3_G.snv.bam	TARA_146_SRF_0.22-3_G.snv.bam	TARA_148_SRF_0.22-3_G.snv.bam
TARA_052_DCM_0.22-1.6_G.snv.bam	0.0	0.00322580645161	0.0010752688172	0.0	0.0010752688172	0.00430107526882	0.0268817204301	0.0236559139785	0.0225806451613	0.00537634408602	0.00860215053763	0.00215053763441	0.0010752688172
TARA_064_DCM_0.22-3_G.snv.bam	0.00322580645161	0.0	0.00215053763441	0.00215053763441	0.00215053763441	0.00430107526882	0.0376344086022	0.0258064516129	0.0344086021505	0.0150537634409	0.0193548387097	0.00752688172043	0.00752688172043
TARA_064_SRF_0.22-3_G.snv.bam	0.0010752688172	0.00215053763441	0.0	0.0	0.0	0.00645161290323	0.0322580645161	0.0225806451613	0.0215053763441	0.00860215053763	0.00860215053763	0.00215053763441	0.00215053763441
TARA_065_DCM_0.22-3_G.snv.bam	0.0	0.00215053763441	0.0	0.0	0.0	0.00322580645161	0.0301075268817	0.0193548387097	0.0236559139785	0.00860215053763	0.0129032258065	0.00645161290323	0.00215053763441
TARA_065_SRF_0.22-3_G.snv.bam	0.0010752688172	0.00215053763441	0.0	0.0	0.0	0.00537634408602	0.0268817204301	0.0215053763441	0.0247311827957	0.0139784946237	0.0139784946237	0.00322580645161	0.00215053763441
TARA_072_DCM_0.22-3_G.snv.bam	0.00430107526882	0.00430107526882	0.00645161290323	0.00322580645161	0.00537634408602	0.0	0.0290322580645	0.0268817204301	0.0279569892473	0.0225806451613	0.0268817204301	0.00860215053763	0.00645161290323
TARA_112_DCM_0.22-3_G.snv.bam	0.0268817204301	0.0376344086022	0.0322580645161	0.0301075268817	0.0268817204301	0.0290322580645	0.0	0.0451612903226	0.0354838709677	0.0397849462366	0.0451612903226	0.0333333333333	0.0322580645161
TARA_122_DCM_0.22-3_G.snv.bam	0.0236559139785	0.0258064516129	0.0225806451613	0.0193548387097	0.0215053763441	0.0268817204301	0.0451612903226	0.0	0.00537634408602	0.0354838709677	0.0387096774194	0.0311827956989	0.0215053763441
TARA_124_MIX_0.22-3_G.snv.bam	0.0225806451613	0.0344086021505	0.0215053763441	0.0236559139785	0.0247311827957	0.0279569892473	0.0354838709677	0.00537634408602	0.0	0.0301075268817	0.0311827956989	0.0247311827957	0.0236559139785
TARA_142_DCM_0.22-3_G.snv.bam	0.00537634408602	0.0150537634409	0.00860215053763	0.00860215053763	0.0139784946237	0.0225806451613	0.0397849462366	0.0354838709677	0.0301075268817	0.0	0.0	0.0010752688172	0.0010752688172
TARA_142_SRF_0.22-3_G.snv.bam	0.00860215053763	0.0193548387097	0.00860215053763	0.0129032258065	0.0139784946237	0.0268817204301	0.0451612903226	0.0387096774194	0.0311827956989	0.0	0.0	0.0	0.0
TARA_146_SRF_0.22-3_G.snv.bam	0.00215053763441	0.00752688172043	0.00215053763441	0.00645161290323	0.00322580645161	0.00860215053763	0.0333333333333	0.0311827956989	0.0247311827957	0.0010752688172	0.0	0.0	0.0
TARA_148_SRF_0.22-3_G.snv.bam	0.0010752688172	0.00752688172043	0.00215053763441	0.00215053763441	0.00215053763441	0.00645161290323	0.0322580645161	0.0215053763441	0.0236559139785	0.0010752688172	0.0	0.0	0.0
