	TARA_004_DCM_0.22-1.6_G.snv.bam	TARA_007_DCM_0.22-1.6_G.snv.bam	TARA_009_DCM_0.22-1.6_G.snv.bam	TARA_067_SRF_0.22-3_G.snv.bam	TARA_102_DCM_0.22-3_G.snv.bam	TARA_145_SRF_0.22-3_G.snv.bam
TARA_004_DCM_0.22-1.6_G.snv.bam	0.0	0.0427237589727	0.041150275307	0.100654249757	0.118968088069	0.118357209963
TARA_007_DCM_0.22-1.6_G.snv.bam	0.0427237589727	0.0	0.0475744547388	0.105120106472	0.124929584122	0.12296017409
TARA_009_DCM_0.22-1.6_G.snv.bam	0.041150275307	0.0475744547388	0.0	0.108506803042	0.121433091958	0.11912368293
TARA_067_SRF_0.22-3_G.snv.bam	0.100654249757	0.105120106472	0.108506803042	0.0	0.106588170757	0.0965083418175
TARA_102_DCM_0.22-3_G.snv.bam	0.118968088069	0.124929584122	0.121433091958	0.106588170757	0.0	0.0866104917432
TARA_145_SRF_0.22-3_G.snv.bam	0.118357209963	0.12296017409	0.11912368293	0.0965083418175	0.0866104917432	0.0
