	TARA_004_DCM_0.22-1.6_G.snv.bam	TARA_066_SRF_0.22-3_G.snv.bam	TARA_068_DCM_0.22-3_G.snv.bam	TARA_132_DCM_0.22-3_G.snv.bam	TARA_149_SRF_0.22-3_G.snv.bam	TARA_150_DCM_0.22-3_G.snv.bam	TARA_150_SRF_0.22-3_G.snv.bam	TARA_151_DCM_0.22-3_G.snv.bam	TARA_151_SRF_0.22-3_G.snv.bam	TARA_152_MIX_0.22-3_G.snv.bam	TARA_152_SRF_0.22-3_G.snv.bam
TARA_004_DCM_0.22-1.6_G.snv.bam	0.0	0.151371054322	0.140454532645	0.211227844353	0.0999679925505	0.05177052858	0.0568147944401	0.105017249147	0.0995484429833	0.145088836937	0.156479797238
TARA_066_SRF_0.22-3_G.snv.bam	0.151371054322	0.0	0.0646437489841	0.140115550153	0.165236463567	0.129073501622	0.14620861293	0.166620954329	0.168732566452	0.170029041491	0.176037385531
TARA_068_DCM_0.22-3_G.snv.bam	0.140454532645	0.0646437489841	0.0	0.156157072066	0.151694119561	0.123809037638	0.144424756731	0.172506309778	0.169391336275	0.183257348711	0.19544565958
TARA_132_DCM_0.22-3_G.snv.bam	0.211227844353	0.140115550153	0.156157072066	0.0	0.24174109599	0.195032234596	0.197280457584	0.177740423111	0.182094028945	0.150134072625	0.154847883975
TARA_149_SRF_0.22-3_G.snv.bam	0.0999679925505	0.165236463567	0.151694119561	0.24174109599	0.0	0.103286673206	0.116232788311	0.166202778725	0.16316043179	0.193099656095	0.201654212666
TARA_150_DCM_0.22-3_G.snv.bam	0.05177052858	0.129073501622	0.123809037638	0.195032234596	0.103286673206	0.0	0.0539011876572	0.104149415247	0.102871771639	0.145308564532	0.15543068568
TARA_150_SRF_0.22-3_G.snv.bam	0.0568147944401	0.14620861293	0.144424756731	0.197280457584	0.116232788311	0.0539011876572	0.0	0.0777581117757	0.0757509879566	0.130232895625	0.140690608135
TARA_151_DCM_0.22-3_G.snv.bam	0.105017249147	0.166620954329	0.172506309778	0.177740423111	0.166202778725	0.104149415247	0.0777581117757	0.0	0.0605055815737	0.10644507409	0.119392852471
TARA_151_SRF_0.22-3_G.snv.bam	0.0995484429833	0.168732566452	0.169391336275	0.182094028945	0.16316043179	0.102871771639	0.0757509879566	0.0605055815737	0.0	0.123482708748	0.133715530592
TARA_152_MIX_0.22-3_G.snv.bam	0.145088836937	0.170029041491	0.183257348711	0.150134072625	0.193099656095	0.145308564532	0.130232895625	0.10644507409	0.123482708748	0.0	0.0479553325032
TARA_152_SRF_0.22-3_G.snv.bam	0.156479797238	0.176037385531	0.19544565958	0.154847883975	0.201654212666	0.15543068568	0.140690608135	0.119392852471	0.133715530592	0.0479553325032	0.0
