	TARA_056_MES_0.22-3_G.snv.bam	TARA_064_MES_0.22-3_G.snv.bam	TARA_065_MES_0.22-3_G.snv.bam	TARA_076_MES_0.22-3_G.snv.bam	TARA_078_MES_0.22-3_G.snv.bam	TARA_102_MES_0.22-3_G.snv.bam	TARA_109_MES_0.22-3_G.snv.bam	TARA_112_MES_0.22-3_G.snv.bam	TARA_122_MES_0.22-3_G.snv.bam	TARA_142_MES_0.22-3_G.snv.bam	TARA_145_MES_0.22-3_G.snv.bam	TARA_146_MES_0.22-3_G.snv.bam	TARA_149_MES_0.22-3_G.snv.bam	TARA_152_MES_0.22-3_G.snv.bam
TARA_056_MES_0.22-3_G.snv.bam	0.0	0.0607288998535	0.0491763844458	0.172949011604	0.238354016689	0.225247203182	0.227429599161	0.205974706143	0.190525734652	0.203775924994	0.207242338152	0.205629057165	0.199445256946	0.212668770793
TARA_064_MES_0.22-3_G.snv.bam	0.0607288998535	0.0	0.0611983330681	0.171089301462	0.236365955337	0.225109816224	0.227417875571	0.213185031154	0.201187240399	0.208082595303	0.212168342646	0.21220071396	0.206041312021	0.216994308578
TARA_065_MES_0.22-3_G.snv.bam	0.0491763844458	0.0611983330681	0.0	0.177576808141	0.239209356673	0.23035055354	0.229099393882	0.211585138476	0.19866011393	0.20702235203	0.2126465342	0.208347825671	0.204983012308	0.215942178644
TARA_076_MES_0.22-3_G.snv.bam	0.172949011604	0.171089301462	0.177576808141	0.0	0.101677325271	0.0926616119227	0.0900872401264	0.108083980585	0.0895292861016	0.130090989505	0.143037002518	0.133125581696	0.139028700152	0.154948817946
TARA_078_MES_0.22-3_G.snv.bam	0.238354016689	0.236365955337	0.239209356673	0.101677325271	0.0	0.0525760163122	0.0376838269775	0.122541633705	0.13851966024	0.165269862854	0.199546680709	0.175821329656	0.189908312384	0.202918095827
TARA_102_MES_0.22-3_G.snv.bam	0.225247203182	0.225109816224	0.23035055354	0.0926616119227	0.0525760163122	0.0	0.0491141046045	0.109388555537	0.112103923169	0.150817668845	0.18489462769	0.161441306122	0.169666542325	0.184121249583
TARA_109_MES_0.22-3_G.snv.bam	0.227429599161	0.227417875571	0.229099393882	0.0900872401264	0.0376838269775	0.0491141046045	0.0	0.112217516893	0.118273732046	0.150456071969	0.184409849445	0.159432929898	0.172935884728	0.188891581173
TARA_112_MES_0.22-3_G.snv.bam	0.205974706143	0.213185031154	0.211585138476	0.108083980585	0.122541633705	0.109388555537	0.112217516893	0.0	0.0784375355763	0.113331253261	0.140461790382	0.120898499311	0.127183351663	0.145091180545
TARA_122_MES_0.22-3_G.snv.bam	0.190525734652	0.201187240399	0.19866011393	0.0895292861016	0.13851966024	0.112103923169	0.118273732046	0.0784375355763	0.0	0.105753279099	0.119089120027	0.107980596393	0.109050739509	0.125768382942
TARA_142_MES_0.22-3_G.snv.bam	0.203775924994	0.208082595303	0.20702235203	0.130090989505	0.165269862854	0.150817668845	0.150456071969	0.113331253261	0.105753279099	0.0	0.0674773601322	0.0726975734693	0.0668665070109	0.0754678395144
TARA_145_MES_0.22-3_G.snv.bam	0.207242338152	0.212168342646	0.2126465342	0.143037002518	0.199546680709	0.18489462769	0.184409849445	0.140461790382	0.119089120027	0.0674773601322	0.0	0.0662252616673	0.0593443739268	0.0625996935174
TARA_146_MES_0.22-3_G.snv.bam	0.205629057165	0.21220071396	0.208347825671	0.133125581696	0.175821329656	0.161441306122	0.159432929898	0.120898499311	0.107980596393	0.0726975734693	0.0662252616673	0.0	0.0737351630755	0.0787495975541
TARA_149_MES_0.22-3_G.snv.bam	0.199445256946	0.206041312021	0.204983012308	0.139028700152	0.189908312384	0.169666542325	0.172935884728	0.127183351663	0.109050739509	0.0668665070109	0.0593443739268	0.0737351630755	0.0	0.0666858510519
TARA_152_MES_0.22-3_G.snv.bam	0.212668770793	0.216994308578	0.215942178644	0.154948817946	0.202918095827	0.184121249583	0.188891581173	0.145091180545	0.125768382942	0.0754678395144	0.0625996935174	0.0787495975541	0.0666858510519	0.0
