	TARA_004_DCM_0.22-1.6_G.snv.bam	TARA_007_DCM_0.22-1.6_G.snv.bam	TARA_009_DCM_0.22-1.6_G.snv.bam	TARA_093_DCM_0.22-3_G.snv.bam	TARA_093_SRF_0.22-3_G.snv.bam	TARA_102_DCM_0.22-3_G.snv.bam	TARA_102_SRF_0.22-3_G.snv.bam	TARA_133_DCM_0.22-3_G.snv.bam	TARA_133_SRF_0.22-3_G.snv.bam	TARA_145_SRF_0.22-3_G.snv.bam	TARA_152_MIX_0.22-3_G.snv.bam	TARA_152_SRF_0.22-3_G.snv.bam
TARA_004_DCM_0.22-1.6_G.snv.bam	0.0	0.059022989245	0.0464790110176	0.0787363312541	0.0804067539561	0.0644276386132	0.0649674932167	0.0883102054791	0.104960751259	0.0876887956251	0.054855683324	0.0544609120501
TARA_007_DCM_0.22-1.6_G.snv.bam	0.059022989245	0.0	0.0542503350774	0.0841554716642	0.085674841713	0.0748374828108	0.0765664659799	0.0941152323954	0.0978019687464	0.0772523426818	0.0833857391841	0.0832137950253
TARA_009_DCM_0.22-1.6_G.snv.bam	0.0464790110176	0.0542503350774	0.0	0.0770924642922	0.078155786611	0.0691730927142	0.0720726979338	0.0913997868534	0.100250457407	0.0761542850772	0.0660313787498	0.0673907037206
TARA_093_DCM_0.22-3_G.snv.bam	0.0787363312541	0.0841554716642	0.0770924642922	0.0	0.0191925301259	0.0659621618145	0.0697301061054	0.102209036545	0.112287911672	0.0996397809837	0.0833907182678	0.0828748360273
TARA_093_SRF_0.22-3_G.snv.bam	0.0804067539561	0.085674841713	0.078155786611	0.0191925301259	0.0	0.0657564225624	0.0689204641846	0.102718813207	0.112622462517	0.0993210599857	0.0843913148655	0.0839799879717
TARA_102_DCM_0.22-3_G.snv.bam	0.0644276386132	0.0748374828108	0.0691730927142	0.0659621618145	0.0657564225624	0.0	0.0303881182464	0.0931998221802	0.105568590878	0.0981114905816	0.068411099598	0.0686374204783
TARA_102_SRF_0.22-3_G.snv.bam	0.0649674932167	0.0765664659799	0.0720726979338	0.0697301061054	0.0689204641846	0.0303881182464	0.0	0.098458999363	0.110187421457	0.0991581124461	0.0710186394724	0.0692075292067
TARA_133_DCM_0.22-3_G.snv.bam	0.0883102054791	0.0941152323954	0.0913997868534	0.102209036545	0.102718813207	0.0931998221802	0.098458999363	0.0	0.0519336359589	0.0992822579192	0.0913035749664	0.093233713921
TARA_133_SRF_0.22-3_G.snv.bam	0.104960751259	0.0978019687464	0.100250457407	0.112287911672	0.112622462517	0.105568590878	0.110187421457	0.0519336359589	0.0	0.105734236487	0.108166332101	0.11072041898
TARA_145_SRF_0.22-3_G.snv.bam	0.0876887956251	0.0772523426818	0.0761542850772	0.0996397809837	0.0993210599857	0.0981114905816	0.0991581124461	0.0992822579192	0.105734236487	0.0	0.0824923091842	0.0842342390986
TARA_152_MIX_0.22-3_G.snv.bam	0.054855683324	0.0833857391841	0.0660313787498	0.0833907182678	0.0843913148655	0.068411099598	0.0710186394724	0.0913035749664	0.108166332101	0.0824923091842	0.0	0.0227758716557
TARA_152_SRF_0.22-3_G.snv.bam	0.0544609120501	0.0832137950253	0.0673907037206	0.0828748360273	0.0839799879717	0.0686374204783	0.0692075292067	0.093233713921	0.11072041898	0.0842342390986	0.0227758716557	0.0
