	TARA_004_DCM_0.22-1.6_G.snv.bam	TARA_007_DCM_0.22-1.6_G.snv.bam	TARA_009_DCM_0.22-1.6_G.snv.bam	TARA_018_DCM_0.22-1.6_G.snv.bam	TARA_018_SRF_0.22-1.6_G.snv.bam	TARA_023_DCM_0.22-1.6_G.snv.bam	TARA_025_DCM_0.22-1.6_G.snv.bam	TARA_066_DCM_0.22-3_G.snv.bam	TARA_066_SRF_0.22-3_G.snv.bam	TARA_145_SRF_0.22-3_G.snv.bam	TARA_151_DCM_0.22-3_G.snv.bam	TARA_151_SRF_0.22-3_G.snv.bam	TARA_152_MIX_0.22-3_G.snv.bam	TARA_152_SRF_0.22-3_G.snv.bam
TARA_004_DCM_0.22-1.6_G.snv.bam	0.0	0.0	0.0	0.00416666666667	0.00520833333333	0.0302083333333	0.0197916666667	0.00416666666667	0.003125	0.0458333333333	0.0	0.0	0.0	0.0
TARA_007_DCM_0.22-1.6_G.snv.bam	0.0	0.0	0.0	0.00625	0.00833333333333	0.0239583333333	0.0197916666667	0.00625	0.00520833333333	0.0354166666667	0.0	0.0	0.0	0.0
TARA_009_DCM_0.22-1.6_G.snv.bam	0.0	0.0	0.0	0.0	0.0	0.003125	0.003125	0.003125	0.003125	0.0197916666667	0.0	0.0	0.0	0.0
TARA_018_DCM_0.22-1.6_G.snv.bam	0.00416666666667	0.00625	0.0	0.0	0.0	0.00625	0.00104166666667	0.009375	0.00833333333333	0.0260416666667	0.00416666666667	0.00208333333333	0.00729166666667	0.00416666666667
TARA_018_SRF_0.22-1.6_G.snv.bam	0.00520833333333	0.00833333333333	0.0	0.0	0.0	0.00416666666667	0.00104166666667	0.00833333333333	0.00833333333333	0.0229166666667	0.00729166666667	0.00416666666667	0.00625	0.00625
TARA_023_DCM_0.22-1.6_G.snv.bam	0.0302083333333	0.0239583333333	0.003125	0.00625	0.00416666666667	0.0	0.00208333333333	0.0229166666667	0.025	0.028125	0.0197916666667	0.0208333333333	0.028125	0.0270833333333
TARA_025_DCM_0.22-1.6_G.snv.bam	0.0197916666667	0.0197916666667	0.003125	0.00104166666667	0.00104166666667	0.00208333333333	0.0	0.0239583333333	0.0208333333333	0.0229166666667	0.0166666666667	0.015625	0.021875	0.0177083333333
TARA_066_DCM_0.22-3_G.snv.bam	0.00416666666667	0.00625	0.003125	0.009375	0.00833333333333	0.0229166666667	0.0239583333333	0.0	0.0	0.0427083333333	0.00208333333333	0.00208333333333	0.003125	0.003125
TARA_066_SRF_0.22-3_G.snv.bam	0.003125	0.00520833333333	0.003125	0.00833333333333	0.00833333333333	0.025	0.0208333333333	0.0	0.0	0.0375	0.00416666666667	0.00208333333333	0.00208333333333	0.00104166666667
TARA_145_SRF_0.22-3_G.snv.bam	0.0458333333333	0.0354166666667	0.0197916666667	0.0260416666667	0.0229166666667	0.028125	0.0229166666667	0.0427083333333	0.0375	0.0	0.0385416666667	0.0427083333333	0.040625	0.0385416666667
TARA_151_DCM_0.22-3_G.snv.bam	0.0	0.0	0.0	0.00416666666667	0.00729166666667	0.0197916666667	0.0166666666667	0.00208333333333	0.00416666666667	0.0385416666667	0.0	0.0	0.0	0.0
TARA_151_SRF_0.22-3_G.snv.bam	0.0	0.0	0.0	0.00208333333333	0.00416666666667	0.0208333333333	0.015625	0.00208333333333	0.00208333333333	0.0427083333333	0.0	0.0	0.00104166666667	0.0
TARA_152_MIX_0.22-3_G.snv.bam	0.0	0.0	0.0	0.00729166666667	0.00625	0.028125	0.021875	0.003125	0.00208333333333	0.040625	0.0	0.00104166666667	0.0	0.0
TARA_152_SRF_0.22-3_G.snv.bam	0.0	0.0	0.0	0.00416666666667	0.00625	0.0270833333333	0.0177083333333	0.003125	0.00104166666667	0.0385416666667	0.0	0.0	0.0	0.0
