	TARA_004_DCM_0.22-1.6_G.snv.bam	TARA_007_DCM_0.22-1.6_G.snv.bam	TARA_009_DCM_0.22-1.6_G.snv.bam	TARA_093_DCM_0.22-3_G.snv.bam	TARA_093_SRF_0.22-3_G.snv.bam	TARA_102_DCM_0.22-3_G.snv.bam	TARA_102_SRF_0.22-3_G.snv.bam	TARA_133_DCM_0.22-3_G.snv.bam	TARA_133_SRF_0.22-3_G.snv.bam	TARA_145_SRF_0.22-3_G.snv.bam	TARA_152_MIX_0.22-3_G.snv.bam	TARA_152_SRF_0.22-3_G.snv.bam
TARA_004_DCM_0.22-1.6_G.snv.bam	0.0	0.0	0.0	0.00247116968699	0.00164744645799	0.00329489291598	0.00411861614498	0.0156507413509	0.0271828665568	0.0197693574959	0.000823723228995	0.0
TARA_007_DCM_0.22-1.6_G.snv.bam	0.0	0.0	0.0	0.00494233937397	0.00494233937397	0.00906095551895	0.00823723228995	0.0156507413509	0.0214168039539	0.00741350906096	0.00906095551895	0.00823723228995
TARA_009_DCM_0.22-1.6_G.snv.bam	0.0	0.0	0.0	0.00164744645799	0.00164744645799	0.00494233937397	0.00494233937397	0.0164744645799	0.0205930807249	0.0107084019769	0.000823723228995	0.0
TARA_093_DCM_0.22-3_G.snv.bam	0.00247116968699	0.00494233937397	0.00164744645799	0.0	0.0	0.00329489291598	0.00329489291598	0.0164744645799	0.0296540362438	0.0189456342669	0.00329489291598	0.00329489291598
TARA_093_SRF_0.22-3_G.snv.bam	0.00164744645799	0.00494233937397	0.00164744645799	0.0	0.0	0.00494233937397	0.00329489291598	0.0140032948929	0.0288303130148	0.0181219110379	0.00329489291598	0.00411861614498
TARA_102_DCM_0.22-3_G.snv.bam	0.00329489291598	0.00906095551895	0.00494233937397	0.00329489291598	0.00494233937397	0.0	0.0	0.0214168039539	0.0362438220758	0.0222405271829	0.00329489291598	0.00247116968699
TARA_102_SRF_0.22-3_G.snv.bam	0.00411861614498	0.00823723228995	0.00494233937397	0.00329489291598	0.00329489291598	0.0	0.0	0.0280065897858	0.0420098846787	0.0280065897858	0.00741350906096	0.00576606260297
TARA_133_DCM_0.22-3_G.snv.bam	0.0156507413509	0.0156507413509	0.0164744645799	0.0164744645799	0.0140032948929	0.0214168039539	0.0280065897858	0.0	0.000823723228995	0.0156507413509	0.0148270181219	0.0148270181219
TARA_133_SRF_0.22-3_G.snv.bam	0.0271828665568	0.0214168039539	0.0205930807249	0.0296540362438	0.0288303130148	0.0362438220758	0.0420098846787	0.000823723228995	0.0	0.0238879736409	0.0271828665568	0.0329489291598
TARA_145_SRF_0.22-3_G.snv.bam	0.0197693574959	0.00741350906096	0.0107084019769	0.0189456342669	0.0181219110379	0.0222405271829	0.0280065897858	0.0156507413509	0.0238879736409	0.0	0.00988467874794	0.00906095551895
TARA_152_MIX_0.22-3_G.snv.bam	0.000823723228995	0.00906095551895	0.000823723228995	0.00329489291598	0.00329489291598	0.00329489291598	0.00741350906096	0.0148270181219	0.0271828665568	0.00988467874794	0.0	0.0
TARA_152_SRF_0.22-3_G.snv.bam	0.0	0.00823723228995	0.0	0.00329489291598	0.00411861614498	0.00247116968699	0.00576606260297	0.0148270181219	0.0329489291598	0.00906095551895	0.0	0.0
