	TARA_004_DCM_0.22-1.6_G.snv.bam	TARA_009_DCM_0.22-1.6_G.snv.bam	TARA_066_DCM_0.22-3_G.snv.bam	TARA_066_SRF_0.22-3_G.snv.bam	TARA_145_SRF_0.22-3_G.snv.bam	TARA_150_SRF_0.22-3_G.snv.bam	TARA_151_DCM_0.22-3_G.snv.bam	TARA_151_SRF_0.22-3_G.snv.bam	TARA_152_MIX_0.22-3_G.snv.bam	TARA_152_SRF_0.22-3_G.snv.bam
TARA_004_DCM_0.22-1.6_G.snv.bam	0.0	0.0447199772804	0.11156035489	0.121899400793	0.0700914571849	0.0785408456363	0.0656875254355	0.0699097705727	0.0462946982446	0.0467212689206
TARA_009_DCM_0.22-1.6_G.snv.bam	0.0447199772804	0.0	0.117619677892	0.126502232347	0.0581295793002	0.0846457971589	0.0735206948851	0.0772275218564	0.0521586110372	0.0551812042879
TARA_066_DCM_0.22-3_G.snv.bam	0.11156035489	0.117619677892	0.0	0.0708794383945	0.13909405404	0.106222834666	0.108881702242	0.107918156483	0.11337817929	0.11121297184
TARA_066_SRF_0.22-3_G.snv.bam	0.121899400793	0.126502232347	0.0708794383945	0.0	0.144451021328	0.105488218859	0.112805679141	0.112927562776	0.118733603562	0.118249160697
TARA_145_SRF_0.22-3_G.snv.bam	0.0700914571849	0.0581295793002	0.13909405404	0.144451021328	0.0	0.0934693858754	0.0963350589836	0.102608645775	0.0738162133578	0.0793727330901
TARA_150_SRF_0.22-3_G.snv.bam	0.0785408456363	0.0846457971589	0.106222834666	0.105488218859	0.0934693858754	0.0	0.0626228184158	0.0677372861056	0.0709787051753	0.0716198605086
TARA_151_DCM_0.22-3_G.snv.bam	0.0656875254355	0.0735206948851	0.108881702242	0.112805679141	0.0963350589836	0.0626228184158	0.0	0.0385745801446	0.0467903017472	0.0499814607386
TARA_151_SRF_0.22-3_G.snv.bam	0.0699097705727	0.0772275218564	0.107918156483	0.112927562776	0.102608645775	0.0677372861056	0.0385745801446	0.0	0.0539172467236	0.0542684910411
TARA_152_MIX_0.22-3_G.snv.bam	0.0462946982446	0.0521586110372	0.11337817929	0.118733603562	0.0738162133578	0.0709787051753	0.0467903017472	0.0539172467236	0.0	0.0347197709608
TARA_152_SRF_0.22-3_G.snv.bam	0.0467212689206	0.0551812042879	0.11121297184	0.118249160697	0.0793727330901	0.0716198605086	0.0499814607386	0.0542684910411	0.0347197709608	0.0
