	TARA_052_SRF_0.22-1.6_G.snv.bam	TARA_111_SRF_0.22-3_G.snv.bam	TARA_124_MIX_0.22-3_G.snv.bam	TARA_124_SRF_0.22-3_G.snv.bam	TARA_125_SRF_0.22-3_G.snv.bam	TARA_137_SRF_0.22-3_G.snv.bam
TARA_052_SRF_0.22-1.6_G.snv.bam	0.0	0.219762847671	0.221449329185	0.222849189811	0.227961429707	0.143333301629
TARA_111_SRF_0.22-3_G.snv.bam	0.219762847671	0.0	0.121227208591	0.114587943567	0.117519171155	0.25539968527
TARA_124_MIX_0.22-3_G.snv.bam	0.221449329185	0.121227208591	0.0	0.0388241393117	0.0530488788528	0.255913399308
TARA_124_SRF_0.22-3_G.snv.bam	0.222849189811	0.114587943567	0.0388241393117	0.0	0.0430940552817	0.257190019044
TARA_125_SRF_0.22-3_G.snv.bam	0.227961429707	0.117519171155	0.0530488788528	0.0430940552817	0.0	0.264760763835
TARA_137_SRF_0.22-3_G.snv.bam	0.143333301629	0.25539968527	0.255913399308	0.257190019044	0.264760763835	0.0
