	TARA_037_MES_0.22-1.6_G.snv.bam	TARA_038_MES_0.22-1.6_G.snv.bam	TARA_039_MES_0.22-1.6_G.snv.bam	TARA_100_MES_0.22-3_G.snv.bam	TARA_137_DCM_0.22-3_G.snv.bam	TARA_137_MES_0.22-3_G.snv.bam	TARA_138_MES_0.22-3_G.snv.bam
TARA_037_MES_0.22-1.6_G.snv.bam	0.0	0.037797903367	0.0390246065923	0.20601974745	0.192790681298	0.175086884001	0.179092302516
TARA_038_MES_0.22-1.6_G.snv.bam	0.037797903367	0.0	0.0357025402931	0.214573494506	0.202294415442	0.184478494608	0.188913349505
TARA_039_MES_0.22-1.6_G.snv.bam	0.0390246065923	0.0357025402931	0.0	0.222113179747	0.209479580485	0.191589836412	0.194085656711
TARA_100_MES_0.22-3_G.snv.bam	0.20601974745	0.214573494506	0.222113179747	0.0	0.0535519337096	0.0770751738926	0.0825846097256
TARA_137_DCM_0.22-3_G.snv.bam	0.192790681298	0.202294415442	0.209479580485	0.0535519337096	0.0	0.0470918218666	0.0534248980647
TARA_137_MES_0.22-3_G.snv.bam	0.175086884001	0.184478494608	0.191589836412	0.0770751738926	0.0470918218666	0.0	0.0383492107102
TARA_138_MES_0.22-3_G.snv.bam	0.179092302516	0.188913349505	0.194085656711	0.0825846097256	0.0534248980647	0.0383492107102	0.0
