	TARA_048_SRF_0.22-1.6_G.snv.bam	TARA_096_SRF_0.22-3_G.snv.bam	TARA_098_SRF_0.22-3_G.snv.bam	TARA_099_SRF_0.22-3_G.snv.bam	TARA_112_SRF_0.22-3_G.snv.bam	TARA_132_SRF_0.22-3_G.snv.bam
TARA_048_SRF_0.22-1.6_G.snv.bam	0.0	0.200520833333	0.1328125	0.125	0.0390625	0.03125
TARA_096_SRF_0.22-3_G.snv.bam	0.200520833333	0.0	0.0182291666667	0.0260416666667	0.125	0.1796875
TARA_098_SRF_0.22-3_G.snv.bam	0.1328125	0.0182291666667	0.0	0.00260416666667	0.0442708333333	0.111979166667
TARA_099_SRF_0.22-3_G.snv.bam	0.125	0.0260416666667	0.00260416666667	0.0	0.0520833333333	0.104166666667
TARA_112_SRF_0.22-3_G.snv.bam	0.0390625	0.125	0.0442708333333	0.0520833333333	0.0	0.0260416666667
TARA_132_SRF_0.22-3_G.snv.bam	0.03125	0.1796875	0.111979166667	0.104166666667	0.0260416666667	0.0
