	TARA_004_DCM_0.22-1.6_G.snv.bam	TARA_009_SRF_0.22-1.6_G.snv.bam	TARA_030_DCM_0.22-1.6_G.snv.bam	TARA_030_SRF_0.22-1.6_G.snv.bam	TARA_094_SRF_0.22-3_G.snv.bam	TARA_151_DCM_0.22-3_G.snv.bam	TARA_151_SRF_0.22-3_G.snv.bam
TARA_004_DCM_0.22-1.6_G.snv.bam	0.0	0.0960264900662	0.0529801324503	0.0728476821192	0.0645695364238	0.00993377483444	0.00827814569536
TARA_009_SRF_0.22-1.6_G.snv.bam	0.0960264900662	0.0	0.0115894039735	0.00331125827815	0.120860927152	0.0695364238411	0.0645695364238
TARA_030_DCM_0.22-1.6_G.snv.bam	0.0529801324503	0.0115894039735	0.0	0.0	0.0894039735099	0.0380794701987	0.0347682119205
TARA_030_SRF_0.22-1.6_G.snv.bam	0.0728476821192	0.00331125827815	0.0	0.0	0.0993377483444	0.0513245033113	0.046357615894
TARA_094_SRF_0.22-3_G.snv.bam	0.0645695364238	0.120860927152	0.0894039735099	0.0993377483444	0.0	0.067880794702	0.0662251655629
TARA_151_DCM_0.22-3_G.snv.bam	0.00993377483444	0.0695364238411	0.0380794701987	0.0513245033113	0.067880794702	0.0	0.0
TARA_151_SRF_0.22-3_G.snv.bam	0.00827814569536	0.0645695364238	0.0347682119205	0.046357615894	0.0662251655629	0.0	0.0
