	TARA_036_DCM_0.22-1.6_G.snv.bam	TARA_036_SRF_0.22-1.6_G.snv.bam	TARA_102_SRF_0.22-3_G.snv.bam	TARA_109_DCM_0.22-3_G.snv.bam	TARA_109_SRF_0.22-3_G.snv.bam	TARA_123_SRF_0.22-3_G.snv.bam
TARA_036_DCM_0.22-1.6_G.snv.bam	0.0	0.000697836706211	0.00209351011863	0.00418702023726	0.00488485694348	0.0125610607118
TARA_036_SRF_0.22-1.6_G.snv.bam	0.000697836706211	0.0	0.00418702023726	0.00279134682484	0.00488485694348	0.0118632240056
TARA_102_SRF_0.22-3_G.snv.bam	0.00209351011863	0.00418702023726	0.0	0.00209351011863	0.00209351011863	0.013258897418
TARA_109_DCM_0.22-3_G.snv.bam	0.00418702023726	0.00279134682484	0.00209351011863	0.0	0.0	0.013258897418
TARA_109_SRF_0.22-3_G.snv.bam	0.00488485694348	0.00488485694348	0.00209351011863	0.0	0.0	0.0223307745987
TARA_123_SRF_0.22-3_G.snv.bam	0.0125610607118	0.0118632240056	0.013258897418	0.013258897418	0.0223307745987	0.0
