	TARA_065_MES_0.22-3_G.snv.bam	TARA_098_MES_0.22-3_G.snv.bam	TARA_132_MES_0.22-3_G.snv.bam	TARA_142_MES_0.22-3_G.snv.bam	TARA_146_MES_0.22-3_G.snv.bam	TARA_148b_MES_0.22-3_G.snv.bam	TARA_149_MES_0.22-3_G.snv.bam	TARA_152_MES_0.22-3_G.snv.bam
TARA_065_MES_0.22-3_G.snv.bam	0.0	0.0746606511667	0.0696069874916	0.21258490927	0.208189666695	0.247120244299	0.145224170867	0.0933177701978
TARA_098_MES_0.22-3_G.snv.bam	0.0746606511667	0.0	0.0640035091483	0.23460232069	0.240149036161	0.27401270605	0.178522473022	0.128780671762
TARA_132_MES_0.22-3_G.snv.bam	0.0696069874916	0.0640035091483	0.0	0.239750892796	0.243325193879	0.28025589352	0.180947263275	0.124926544719
TARA_142_MES_0.22-3_G.snv.bam	0.21258490927	0.23460232069	0.239750892796	0.0	0.0660887577586	0.0875724532974	0.10102703911	0.15629845784
TARA_146_MES_0.22-3_G.snv.bam	0.208189666695	0.240149036161	0.243325193879	0.0660887577586	0.0	0.0657821027029	0.0873888691796	0.149828142981
TARA_148b_MES_0.22-3_G.snv.bam	0.247120244299	0.27401270605	0.28025589352	0.0875724532974	0.0657821027029	0.0	0.124631095158	0.190139397764
TARA_149_MES_0.22-3_G.snv.bam	0.145224170867	0.178522473022	0.180947263275	0.10102703911	0.0873888691796	0.124631095158	0.0	0.0913803284702
TARA_152_MES_0.22-3_G.snv.bam	0.0933177701978	0.128780671762	0.124926544719	0.15629845784	0.149828142981	0.190139397764	0.0913803284702	0.0
