	TARA_037_MES_0.22-1.6_G.snv.bam	TARA_056_MES_0.22-3_G.snv.bam	TARA_064_MES_0.22-3_G.snv.bam	TARA_065_MES_0.22-3_G.snv.bam	TARA_068_MES_0.22-3_G.snv.bam	TARA_070_MES_0.22-3_G.snv.bam	TARA_076_MES_0.22-3_G.snv.bam	TARA_078_MES_0.22-3_G.snv.bam	TARA_098_MES_0.22-3_G.snv.bam	TARA_102_MES_0.22-3_G.snv.bam	TARA_111_MES_0.22-3_G.snv.bam	TARA_112_MES_0.22-3_G.snv.bam	TARA_122_MES_0.22-3_G.snv.bam	TARA_132_MES_0.22-3_G.snv.bam	TARA_133_MES_0.22-3_G.snv.bam	TARA_137_MES_0.22-3_G.snv.bam	TARA_142_MES_0.22-3_G.snv.bam	TARA_145_MES_0.22-3_G.snv.bam	TARA_146_MES_0.22-3_G.snv.bam	TARA_149_MES_0.22-3_G.snv.bam	TARA_152_MES_0.22-3_G.snv.bam
TARA_037_MES_0.22-1.6_G.snv.bam	0.0	0.0545521922854	0.0655228826128	0.0630929923677	0.0760578325706	0.0641415150312	0.0716476270175	0.0859803615861	0.0605245626819	0.0561262184905	0.0717747043202	0.0673747710594	0.0460185079702	0.0753374202743	0.0645724909441	0.0392357959408	0.0595845696422	0.0902965827389	0.0678635856627	0.0653505903215	0.0639231063802
TARA_056_MES_0.22-3_G.snv.bam	0.0545521922854	0.0	0.0557904567579	0.0564930010262	0.063389041483	0.0461558148181	0.0557435496884	0.0734486204479	0.0519801353557	0.0587569366482	0.0752642515372	0.0544144826485	0.03556600374	0.0660647925082	0.0476950419599	0.0449101266461	0.0555983323334	0.0763554698999	0.0630069430802	0.0589784183264	0.0561532724198
TARA_064_MES_0.22-3_G.snv.bam	0.0655228826128	0.0557904567579	0.0	0.0348622352991	0.0523446685575	0.0553504570084	0.0547110499107	0.0597428450648	0.0423275021797	0.0705842751301	0.0855695816172	0.0374913299906	0.0533340911986	0.0640046783173	0.0646396458627	0.0591482252272	0.0559950214817	0.0674805709447	0.0541887912972	0.0453065100394	0.0374275013041
TARA_065_MES_0.22-3_G.snv.bam	0.0630929923677	0.0564930010262	0.0348622352991	0.0	0.0558805375838	0.0617752765265	0.0603167489435	0.0656146141703	0.0412531060046	0.0678404185481	0.083248581109	0.0393621676205	0.0529763285498	0.0644832198327	0.0697167468215	0.0576030683257	0.0527266310288	0.0763903707718	0.0502986737078	0.0407006856173	0.0323502497624
TARA_068_MES_0.22-3_G.snv.bam	0.0760578325706	0.063389041483	0.0523446685575	0.0558805375838	0.0	0.0603726666707	0.0492293107383	0.0503455929692	0.0523065301606	0.0730007389289	0.0881823641195	0.0535852181299	0.0654759758052	0.0535173966558	0.0590183797215	0.0699203486249	0.0665467328442	0.0544008769355	0.0694206445073	0.0619209666212	0.0548309375941
TARA_070_MES_0.22-3_G.snv.bam	0.0641415150312	0.0461558148181	0.0553504570084	0.0617752765265	0.0603726666707	0.0	0.0455732461178	0.0665149356401	0.0538734973512	0.067208046372	0.0825233069781	0.0533469697591	0.0487952526895	0.0628496462801	0.0458116710224	0.0566895256064	0.0631467951914	0.0694301543942	0.0684164442762	0.0643097976604	0.0628702790413
TARA_076_MES_0.22-3_G.snv.bam	0.0716476270175	0.0557435496884	0.0547110499107	0.0603167489435	0.0492293107383	0.0455732461178	0.0	0.0527122599556	0.0542039394856	0.0751286533741	0.0881227794563	0.052332689122	0.0589291755626	0.0555748426204	0.0509752420012	0.0660332817547	0.0684659574622	0.0505942368138	0.0711767112217	0.0647700030669	0.0611240491709
TARA_078_MES_0.22-3_G.snv.bam	0.0859803615861	0.0734486204479	0.0597428450648	0.0656146141703	0.0503455929692	0.0665149356401	0.0527122599556	0.0	0.0623875838873	0.0862938058533	0.100077428477	0.0609328641734	0.0756412776635	0.061331372262	0.0644481193931	0.0798427314545	0.0785919348588	0.0511001032068	0.077677466641	0.0701791541144	0.063748712641
TARA_098_MES_0.22-3_G.snv.bam	0.0605245626819	0.0519801353557	0.0423275021797	0.0412531060046	0.0523065301606	0.0538734973512	0.0542039394856	0.0623875838873	0.0	0.0598483777938	0.0750027304382	0.0446097637509	0.0488978385957	0.0565747926264	0.0559145584085	0.0538577956569	0.0506800667361	0.0723057864075	0.053656946429	0.0476264920618	0.0424379987099
TARA_102_MES_0.22-3_G.snv.bam	0.0561262184905	0.0587569366482	0.0705842751301	0.0678404185481	0.0730007389289	0.067208046372	0.0751286533741	0.0862938058533	0.0598483777938	0.0	0.0604180099847	0.0723492438353	0.0547339029065	0.0727684122406	0.066133185112	0.0571168792449	0.055445756346	0.0923732473011	0.065939100445	0.0648344422892	0.0672449952083
TARA_111_MES_0.22-3_G.snv.bam	0.0717747043202	0.0752642515372	0.0855695816172	0.083248581109	0.0881823641195	0.0825233069781	0.0881227794563	0.100077428477	0.0750027304382	0.0604180099847	0.0	0.08723617923	0.0720262855647	0.0889870616638	0.0804472310843	0.0736223029585	0.0685891704713	0.104887833845	0.0779976992998	0.0786708314975	0.0812149436707
TARA_112_MES_0.22-3_G.snv.bam	0.0673747710594	0.0544144826485	0.0374913299906	0.0393621676205	0.0535852181299	0.0533469697591	0.052332689122	0.0609328641734	0.0446097637509	0.0723492438353	0.08723617923	0.0	0.0540499766947	0.0647769994509	0.0613849210403	0.0593242285058	0.058888624976	0.0662813421821	0.0593638581798	0.0502835941077	0.0399190810241
TARA_122_MES_0.22-3_G.snv.bam	0.0460185079702	0.03556600374	0.0533340911986	0.0529763285498	0.0654759758052	0.0487952526895	0.0589291755626	0.0756412776635	0.0488978385957	0.0547339029065	0.0720262855647	0.0540499766947	0.0	0.0657080499044	0.048410340635	0.0371026835432	0.0501618662906	0.0816020180235	0.0584504129627	0.05578056485	0.0543869940514
TARA_132_MES_0.22-3_G.snv.bam	0.0753374202743	0.0660647925082	0.0640046783173	0.0644832198327	0.0535173966558	0.0628496462801	0.0555748426204	0.061331372262	0.0565747926264	0.0727684122406	0.0889870616638	0.0647769994509	0.0657080499044	0.0	0.0597494905308	0.0698278843872	0.0694487742802	0.0670734408833	0.0733232600791	0.068094850585	0.0653232540705
TARA_133_MES_0.22-3_G.snv.bam	0.0645724909441	0.0476950419599	0.0646396458627	0.0697167468215	0.0590183797215	0.0458116710224	0.0509752420012	0.0644481193931	0.0559145584085	0.066133185112	0.0804472310843	0.0613849210403	0.048410340635	0.0597494905308	0.0	0.0558728645414	0.0662881069062	0.0695649754137	0.0749349719609	0.0712454766898	0.0691882255199
TARA_137_MES_0.22-3_G.snv.bam	0.0392357959408	0.0449101266461	0.0591482252272	0.0576030683257	0.0699203486249	0.0566895256064	0.0660332817547	0.0798427314545	0.0538577956569	0.0571168792449	0.0736223029585	0.0593242285058	0.0371026835432	0.0698278843872	0.0558728645414	0.0	0.0547665810688	0.085845718902	0.063228698959	0.0603728755868	0.0579222381002
TARA_142_MES_0.22-3_G.snv.bam	0.0595845696422	0.0555983323334	0.0559950214817	0.0527266310288	0.0665467328442	0.0631467951914	0.0684659574622	0.0785919348588	0.0506800667361	0.055445756346	0.0685891704713	0.058888624976	0.0501618662906	0.0694487742802	0.0662881069062	0.0547665810688	0.0	0.0858488871255	0.0523365388914	0.0498440478332	0.0538828487506
TARA_145_MES_0.22-3_G.snv.bam	0.0902965827389	0.0763554698999	0.0674805709447	0.0763903707718	0.0544008769355	0.0694301543942	0.0505942368138	0.0511001032068	0.0723057864075	0.0923732473011	0.104887833845	0.0662813421821	0.0816020180235	0.0670734408833	0.0695649754137	0.085845718902	0.0858488871255	0.0	0.0844685655859	0.0792583242039	0.0731947142705
TARA_146_MES_0.22-3_G.snv.bam	0.0678635856627	0.0630069430802	0.0541887912972	0.0502986737078	0.0694206445073	0.0684164442762	0.0711767112217	0.077677466641	0.053656946429	0.065939100445	0.0779976992998	0.0593638581798	0.0584504129627	0.0733232600791	0.0749349719609	0.063228698959	0.0523365388914	0.0844685655859	0.0	0.0450819974922	0.0463315560683
TARA_149_MES_0.22-3_G.snv.bam	0.0653505903215	0.0589784183264	0.0453065100394	0.0407006856173	0.0619209666212	0.0643097976604	0.0647700030669	0.0701791541144	0.0476264920618	0.0648344422892	0.0786708314975	0.0502835941077	0.05578056485	0.068094850585	0.0712454766898	0.0603728755868	0.0498440478332	0.0792583242039	0.0450819974922	0.0	0.0390974275697
TARA_152_MES_0.22-3_G.snv.bam	0.0639231063802	0.0561532724198	0.0374275013041	0.0323502497624	0.0548309375941	0.0628702790413	0.0611240491709	0.063748712641	0.0424379987099	0.0672449952083	0.0812149436707	0.0399190810241	0.0543869940514	0.0653232540705	0.0691882255199	0.0579222381002	0.0538828487506	0.0731947142705	0.0463315560683	0.0390974275697	0.0
