	TARA_038_MES_0.22-1.6_G.snv.bam	TARA_039_MES_0.22-1.6_G.snv.bam	TARA_100_MES_0.22-3_G.snv.bam	TARA_109_MES_0.22-3_G.snv.bam	TARA_110_MES_0.22-3_G.snv.bam	TARA_111_MES_0.22-3_G.snv.bam	TARA_137_DCM_0.22-3_G.snv.bam
TARA_038_MES_0.22-1.6_G.snv.bam	0.0	0.00590914553417	0.0124633577593	0.0344760205121	0.0239477917221	0.0382524412653	0.0123441649496
TARA_039_MES_0.22-1.6_G.snv.bam	0.00590914553417	0.0	0.0142533560647	0.0358737611719	0.0258237040306	0.0401889024637	0.0142415322453
TARA_100_MES_0.22-3_G.snv.bam	0.0124633577593	0.0142533560647	0.0	0.0337574801948	0.0198022212384	0.0306681966058	0.00862211902771
TARA_109_MES_0.22-3_G.snv.bam	0.0344760205121	0.0358737611719	0.0337574801948	0.0	0.0358258763779	0.0395386899623	0.0345481054958
TARA_110_MES_0.22-3_G.snv.bam	0.0239477917221	0.0258237040306	0.0198022212384	0.0358258763779	0.0	0.0295102724256	0.021164629378
TARA_111_MES_0.22-3_G.snv.bam	0.0382524412653	0.0401889024637	0.0306681966058	0.0395386899623	0.0295102724256	0.0	0.0344049939137
TARA_137_DCM_0.22-3_G.snv.bam	0.0123441649496	0.0142415322453	0.00862211902771	0.0345481054958	0.021164629378	0.0344049939137	0.0
