	TARA_064_SRF_0.22-3_G.snv.bam	TARA_065_DCM_0.22-3_G.snv.bam	TARA_076_DCM_0.22-3_G.snv.bam	TARA_078_DCM_0.22-3_G.snv.bam	TARA_098_DCM_0.22-3_G.snv.bam	TARA_146_SRF_0.22-3_G.snv.bam	TARA_148_SRF_0.22-3_G.snv.bam	TARA_149_SRF_0.22-3_G.snv.bam
TARA_064_SRF_0.22-3_G.snv.bam	0.0	0.0637781186155	0.088204178656	0.0878878384392	0.203435273259	0.0951157635608	0.100910165658	0.0917856528448
TARA_065_DCM_0.22-3_G.snv.bam	0.0637781186155	0.0	0.0938060028512	0.0920392570906	0.201004020845	0.0981656937891	0.105494280922	0.0945289570549
TARA_076_DCM_0.22-3_G.snv.bam	0.088204178656	0.0938060028512	0.0	0.0388146412543	0.185136086968	0.0641160519455	0.0674941662142	0.0631129147663
TARA_078_DCM_0.22-3_G.snv.bam	0.0878878384392	0.0920392570906	0.0388146412543	0.0	0.181472172008	0.0678230203206	0.0715927421548	0.0657987213529
TARA_098_DCM_0.22-3_G.snv.bam	0.203435273259	0.201004020845	0.185136086968	0.181472172008	0.0	0.186407238748	0.186043555877	0.184336876196
TARA_146_SRF_0.22-3_G.snv.bam	0.0951157635608	0.0981656937891	0.0641160519455	0.0678230203206	0.186407238748	0.0	0.0390339989946	0.0384424773317
TARA_148_SRF_0.22-3_G.snv.bam	0.100910165658	0.105494280922	0.0674941662142	0.0715927421548	0.186043555877	0.0390339989946	0.0	0.0426778730616
TARA_149_SRF_0.22-3_G.snv.bam	0.0917856528448	0.0945289570549	0.0631129147663	0.0657987213529	0.184336876196	0.0384424773317	0.0426778730616	0.0
