	TARA_056_MES_0.22-3_G.snv.bam	TARA_064_MES_0.22-3_G.snv.bam	TARA_065_MES_0.22-3_G.snv.bam	TARA_068_MES_0.22-3_G.snv.bam	TARA_070_MES_0.22-3_G.snv.bam	TARA_072_MES_0.22-3_G.snv.bam	TARA_076_MES_0.22-3_G.snv.bam	TARA_078_MES_0.22-3_G.snv.bam	TARA_085_MES_0.22-3_G.snv.bam	TARA_098_MES_0.22-3_G.snv.bam	TARA_100_MES_0.22-3_G.snv.bam	TARA_102_MES_0.22-3_G.snv.bam	TARA_109_MES_0.22-3_G.snv.bam	TARA_110_MES_0.22-3_G.snv.bam	TARA_111_MES_0.22-3_G.snv.bam	TARA_112_MES_0.22-3_G.snv.bam	TARA_122_MES_0.22-3_G.snv.bam	TARA_132_MES_0.22-3_G.snv.bam	TARA_133_MES_0.22-3_G.snv.bam	TARA_137_DCM_0.22-3_G.snv.bam	TARA_137_MES_0.22-3_G.snv.bam	TARA_138_MES_0.22-3_G.snv.bam	TARA_142_MES_0.22-3_G.snv.bam	TARA_145_MES_0.22-3_G.snv.bam	TARA_146_MES_0.22-3_G.snv.bam	TARA_149_MES_0.22-3_G.snv.bam	TARA_152_MES_0.22-3_G.snv.bam
TARA_056_MES_0.22-3_G.snv.bam	0.0	0.0129171151776	0.00968783638321	0.0204520990312	0.0258342303552	0.016146393972	0.0387513455328	0.0398277717976	0.059203444564	0.0129171151776	0.0925726587729	0.0043057050592	0.0387513455328	0.010764262648	0.010764262648	0.032292787944	0.0	0.0193756727664	0.0	0.0570505920344	0.00645855758881	0.0032292787944	0.00645855758881	0.0570505920344	0.00968783638321	0.0118406889128	0.0236813778256
TARA_064_MES_0.22-3_G.snv.bam	0.0129171151776	0.0	0.0	0.0	0.00753498385361	0.0118406889128	0.0	0.0	0.0258342303552	0.0	0.0850376749193	0.0118406889128	0.0365984930032	0.0172228202368	0.0193756727664	0.0021528525296	0.005382131324	0.0	0.00861141011841	0.0699677072121	0.0301399354144	0.0247578040904	0.00753498385361	0.0118406889128	0.00645855758881	0.0010764262648	0.0043057050592
TARA_065_MES_0.22-3_G.snv.bam	0.00968783638321	0.0	0.0	0.0	0.0118406889128	0.0139935414424	0.0118406889128	0.00968783638321	0.0365984930032	0.0	0.0828848223897	0.005382131324	0.032292787944	0.00968783638321	0.0118406889128	0.00753498385361	0.0010764262648	0.0	0.0032292787944	0.0645855758881	0.0290635091496	0.0236813778256	0.005382131324	0.0312163616792	0.0032292787944	0.0	0.0021528525296
TARA_068_MES_0.22-3_G.snv.bam	0.0204520990312	0.0	0.0	0.0	0.00645855758881	0.0150699677072	0.0010764262648	0.0	0.0139935414424	0.0	0.102260495156	0.0150699677072	0.0441334768568	0.0279870828848	0.0258342303552	0.0	0.00861141011841	0.0	0.0118406889128	0.0667384284177	0.0452099031216	0.0344456404736	0.00861141011841	0.0032292787944	0.00753498385361	0.0021528525296	0.0021528525296
TARA_070_MES_0.22-3_G.snv.bam	0.0258342303552	0.00753498385361	0.0118406889128	0.00645855758881	0.0	0.0010764262648	0.0	0.00861141011841	0.02691065662	0.0043057050592	0.10979547901	0.0247578040904	0.0516684607104	0.0312163616792	0.0301399354144	0.0043057050592	0.00968783638321	0.0043057050592	0.0139935414424	0.0731969860065	0.059203444564	0.043057050592	0.0129171151776	0.0172228202368	0.0172228202368	0.0129171151776	0.00968783638321
TARA_072_MES_0.22-3_G.snv.bam	0.016146393972	0.0118406889128	0.0139935414424	0.0150699677072	0.0010764262648	0.0	0.0204520990312	0.0258342303552	0.0387513455328	0.0129171151776	0.0947255113025	0.0290635091496	0.0452099031216	0.0344456404736	0.0301399354144	0.0150699677072	0.005382131324	0.0118406889128	0.00968783638321	0.0602798708288	0.0505920344456	0.0409041980624	0.0118406889128	0.0365984930032	0.016146393972	0.0118406889128	0.0129171151776
TARA_076_MES_0.22-3_G.snv.bam	0.0387513455328	0.0	0.0118406889128	0.0010764262648	0.0	0.0204520990312	0.0	0.0	0.00861141011841	0.00645855758881	0.120559741658	0.0409041980624	0.0775026910657	0.0495156081808	0.0473627556512	0.0	0.021528525296	0.0043057050592	0.0236813778256	0.0818083961249	0.0699677072121	0.0581270182992	0.02691065662	0.0010764262648	0.0279870828848	0.0258342303552	0.0150699677072
TARA_078_MES_0.22-3_G.snv.bam	0.0398277717976	0.0	0.00968783638321	0.0	0.00861141011841	0.0258342303552	0.0	0.0	0.010764262648	0.005382131324	0.121636167922	0.0419806243272	0.0710441334769	0.0516684607104	0.0516684607104	0.0	0.0279870828848	0.005382131324	0.0290635091496	0.0839612486545	0.0721205597417	0.059203444564	0.0290635091496	0.0	0.02691065662	0.0204520990312	0.00968783638321
TARA_085_MES_0.22-3_G.snv.bam	0.059203444564	0.0258342303552	0.0365984930032	0.0139935414424	0.02691065662	0.0387513455328	0.00861141011841	0.010764262648	0.0	0.0301399354144	0.128094725511	0.0581270182992	0.0839612486545	0.0688912809473	0.0667384284177	0.0150699677072	0.0462863293864	0.0258342303552	0.0516684607104	0.0893433799785	0.0828848223897	0.0753498385361	0.0527448869752	0.0139935414424	0.0462863293864	0.043057050592	0.037674919268
TARA_098_MES_0.22-3_G.snv.bam	0.0129171151776	0.0	0.0	0.0	0.0043057050592	0.0129171151776	0.00645855758881	0.005382131324	0.0301399354144	0.0	0.0753498385361	0.0021528525296	0.0226049515608	0.00753498385361	0.00968783638321	0.0043057050592	0.0032292787944	0.0	0.0010764262648	0.048439181916	0.0236813778256	0.0182992465016	0.0010764262648	0.0247578040904	0.0021528525296	0.0032292787944	0.0032292787944
TARA_100_MES_0.22-3_G.snv.bam	0.0925726587729	0.0850376749193	0.0828848223897	0.102260495156	0.10979547901	0.0947255113025	0.120559741658	0.121636167922	0.128094725511	0.0753498385361	0.0	0.0387513455328	0.0333692142088	0.02691065662	0.00645855758881	0.104413347686	0.0764262648009	0.0871905274489	0.0742734122713	0.0010764262648	0.0990312163617	0.0850376749193	0.0516684607104	0.129171151776	0.0516684607104	0.0613562970936	0.0796555435953
TARA_102_MES_0.22-3_G.snv.bam	0.0043057050592	0.0118406889128	0.005382131324	0.0150699677072	0.0247578040904	0.0290635091496	0.0409041980624	0.0419806243272	0.0581270182992	0.0021528525296	0.0387513455328	0.0	0.0021528525296	0.0	0.0	0.032292787944	0.0	0.0118406889128	0.0010764262648	0.0236813778256	0.0043057050592	0.0043057050592	0.0010764262648	0.059203444564	0.0010764262648	0.0043057050592	0.0129171151776
TARA_109_MES_0.22-3_G.snv.bam	0.0387513455328	0.0365984930032	0.032292787944	0.0441334768568	0.0516684607104	0.0452099031216	0.0775026910657	0.0710441334769	0.0839612486545	0.0226049515608	0.0333692142088	0.0021528525296	0.0	0.0	0.0010764262648	0.0581270182992	0.0301399354144	0.0365984930032	0.021528525296	0.0204520990312	0.0495156081808	0.032292787944	0.0043057050592	0.0882669537137	0.0032292787944	0.00968783638321	0.0333692142088
TARA_110_MES_0.22-3_G.snv.bam	0.010764262648	0.0172228202368	0.00968783638321	0.0279870828848	0.0312163616792	0.0344456404736	0.0495156081808	0.0516684607104	0.0688912809473	0.00753498385361	0.02691065662	0.0	0.0	0.0	0.0	0.0387513455328	0.0021528525296	0.0150699677072	0.0021528525296	0.0182992465016	0.0118406889128	0.00645855758881	0.0	0.0710441334769	0.0010764262648	0.0043057050592	0.016146393972
TARA_111_MES_0.22-3_G.snv.bam	0.010764262648	0.0193756727664	0.0118406889128	0.0258342303552	0.0301399354144	0.0301399354144	0.0473627556512	0.0516684607104	0.0667384284177	0.00968783638321	0.00645855758881	0.0	0.0010764262648	0.0	0.0	0.0398277717976	0.0043057050592	0.0193756727664	0.0043057050592	0.0032292787944	0.00753498385361	0.00645855758881	0.0	0.0645855758881	0.0032292787944	0.005382131324	0.0193756727664
TARA_112_MES_0.22-3_G.snv.bam	0.032292787944	0.0021528525296	0.00753498385361	0.0	0.0043057050592	0.0150699677072	0.0	0.0	0.0150699677072	0.0043057050592	0.104413347686	0.032292787944	0.0581270182992	0.0387513455328	0.0398277717976	0.0	0.0204520990312	0.0043057050592	0.0204520990312	0.0742734122713	0.0602798708288	0.0441334768568	0.0204520990312	0.0021528525296	0.021528525296	0.0150699677072	0.00968783638321
TARA_122_MES_0.22-3_G.snv.bam	0.0	0.005382131324	0.0010764262648	0.00861141011841	0.00968783638321	0.005382131324	0.021528525296	0.0279870828848	0.0462863293864	0.0032292787944	0.0764262648009	0.0	0.0301399354144	0.0021528525296	0.0043057050592	0.0204520990312	0.0	0.00753498385361	0.0	0.0516684607104	0.0010764262648	0.0010764262648	0.0010764262648	0.0419806243272	0.0043057050592	0.0021528525296	0.00861141011841
TARA_132_MES_0.22-3_G.snv.bam	0.0193756727664	0.0	0.0	0.0	0.0043057050592	0.0118406889128	0.0043057050592	0.005382131324	0.0258342303552	0.0	0.0871905274489	0.0118406889128	0.0365984930032	0.0150699677072	0.0193756727664	0.0043057050592	0.00753498385361	0.0	0.0043057050592	0.0581270182992	0.037674919268	0.02691065662	0.0043057050592	0.0236813778256	0.00753498385361	0.0021528525296	0.0043057050592
TARA_133_MES_0.22-3_G.snv.bam	0.0	0.00861141011841	0.0032292787944	0.0118406889128	0.0139935414424	0.00968783638321	0.0236813778256	0.0290635091496	0.0516684607104	0.0010764262648	0.0742734122713	0.0010764262648	0.021528525296	0.0021528525296	0.0043057050592	0.0204520990312	0.0	0.0043057050592	0.0	0.0473627556512	0.0010764262648	0.0010764262648	0.0010764262648	0.048439181916	0.0021528525296	0.0043057050592	0.010764262648
TARA_137_DCM_0.22-3_G.snv.bam	0.0570505920344	0.0699677072121	0.0645855758881	0.0667384284177	0.0731969860065	0.0602798708288	0.0818083961249	0.0839612486545	0.0893433799785	0.048439181916	0.0010764262648	0.0236813778256	0.0204520990312	0.0182992465016	0.0032292787944	0.0742734122713	0.0516684607104	0.0581270182992	0.0473627556512	0.0	0.0699677072121	0.05382131324	0.032292787944	0.0893433799785	0.0312163616792	0.0387513455328	0.0570505920344
TARA_137_MES_0.22-3_G.snv.bam	0.00645855758881	0.0301399354144	0.0290635091496	0.0452099031216	0.059203444564	0.0505920344456	0.0699677072121	0.0721205597417	0.0828848223897	0.0236813778256	0.0990312163617	0.0043057050592	0.0495156081808	0.0118406889128	0.00753498385361	0.0602798708288	0.0010764262648	0.037674919268	0.0010764262648	0.0699677072121	0.0	0.0	0.0150699677072	0.0850376749193	0.0236813778256	0.0301399354144	0.0398277717976
TARA_138_MES_0.22-3_G.snv.bam	0.0032292787944	0.0247578040904	0.0236813778256	0.0344456404736	0.043057050592	0.0409041980624	0.0581270182992	0.059203444564	0.0753498385361	0.0182992465016	0.0850376749193	0.0043057050592	0.032292787944	0.00645855758881	0.00645855758881	0.0441334768568	0.0010764262648	0.02691065662	0.0010764262648	0.05382131324	0.0	0.0	0.0118406889128	0.0742734122713	0.016146393972	0.0226049515608	0.0333692142088
TARA_142_MES_0.22-3_G.snv.bam	0.00645855758881	0.00753498385361	0.005382131324	0.00861141011841	0.0129171151776	0.0118406889128	0.02691065662	0.0290635091496	0.0527448869752	0.0010764262648	0.0516684607104	0.0010764262648	0.0043057050592	0.0	0.0	0.0204520990312	0.0010764262648	0.0043057050592	0.0010764262648	0.032292787944	0.0150699677072	0.0118406889128	0.0	0.048439181916	0.0	0.0	0.00861141011841
TARA_145_MES_0.22-3_G.snv.bam	0.0570505920344	0.0118406889128	0.0312163616792	0.0032292787944	0.0172228202368	0.0365984930032	0.0010764262648	0.0	0.0139935414424	0.0247578040904	0.129171151776	0.059203444564	0.0882669537137	0.0710441334769	0.0645855758881	0.0021528525296	0.0419806243272	0.0236813778256	0.048439181916	0.0893433799785	0.0850376749193	0.0742734122713	0.048439181916	0.0	0.043057050592	0.0398277717976	0.0258342303552
TARA_146_MES_0.22-3_G.snv.bam	0.00968783638321	0.00645855758881	0.0032292787944	0.00753498385361	0.0172228202368	0.016146393972	0.0279870828848	0.02691065662	0.0462863293864	0.0021528525296	0.0516684607104	0.0010764262648	0.0032292787944	0.0010764262648	0.0032292787944	0.021528525296	0.0043057050592	0.00753498385361	0.0021528525296	0.0312163616792	0.0236813778256	0.016146393972	0.0	0.043057050592	0.0	0.0	0.0021528525296
TARA_149_MES_0.22-3_G.snv.bam	0.0118406889128	0.0010764262648	0.0	0.0021528525296	0.0129171151776	0.0118406889128	0.0258342303552	0.0204520990312	0.043057050592	0.0032292787944	0.0613562970936	0.0043057050592	0.00968783638321	0.0043057050592	0.005382131324	0.0150699677072	0.0021528525296	0.0021528525296	0.0043057050592	0.0387513455328	0.0301399354144	0.0226049515608	0.0	0.0398277717976	0.0	0.0	0.0
TARA_152_MES_0.22-3_G.snv.bam	0.0236813778256	0.0043057050592	0.0021528525296	0.0021528525296	0.00968783638321	0.0129171151776	0.0150699677072	0.00968783638321	0.037674919268	0.0032292787944	0.0796555435953	0.0129171151776	0.0333692142088	0.016146393972	0.0193756727664	0.00968783638321	0.00861141011841	0.0043057050592	0.010764262648	0.0570505920344	0.0398277717976	0.0333692142088	0.00861141011841	0.0258342303552	0.0021528525296	0.0	0.0
