	TARA_004_DCM_0.22-1.6_G.snv.bam	TARA_004_SRF_0.22-1.6_G.snv.bam	TARA_150_DCM_0.22-3_G.snv.bam	TARA_150_SRF_0.22-3_G.snv.bam	TARA_151_DCM_0.22-3_G.snv.bam	TARA_151_SRF_0.22-3_G.snv.bam	TARA_152_MIX_0.22-3_G.snv.bam	TARA_152_SRF_0.22-3_G.snv.bam
TARA_004_DCM_0.22-1.6_G.snv.bam	0.0	0.0446075564706	0.0901514282133	0.117481451222	0.0945027304651	0.095153397545	0.0852755099957	0.0867128763045
TARA_004_SRF_0.22-1.6_G.snv.bam	0.0446075564706	0.0	0.0917110778229	0.12014845001	0.094412678347	0.0988268283291	0.0867303302688	0.0871838178098
TARA_150_DCM_0.22-3_G.snv.bam	0.0901514282133	0.0917110778229	0.0	0.0738966101685	0.0893663733278	0.0689677301031	0.10413203984	0.0974098621165
TARA_150_SRF_0.22-3_G.snv.bam	0.117481451222	0.12014845001	0.0738966101685	0.0	0.0878814046306	0.0695531675577	0.11135026014	0.113296901556
TARA_151_DCM_0.22-3_G.snv.bam	0.0945027304651	0.094412678347	0.0893663733278	0.0878814046306	0.0	0.0654179803543	0.0758952465276	0.0727517276688
TARA_151_SRF_0.22-3_G.snv.bam	0.095153397545	0.0988268283291	0.0689677301031	0.0695531675577	0.0654179803543	0.0	0.0791548042263	0.078769207807
TARA_152_MIX_0.22-3_G.snv.bam	0.0852755099957	0.0867303302688	0.10413203984	0.11135026014	0.0758952465276	0.0791548042263	0.0	0.0564126548636
TARA_152_SRF_0.22-3_G.snv.bam	0.0867128763045	0.0871838178098	0.0974098621165	0.113296901556	0.0727517276688	0.078769207807	0.0564126548636	0.0
