	TARA_004_DCM_0.22-1.6_G.snv.bam	TARA_007_DCM_0.22-1.6_G.snv.bam	TARA_007_SRF_0.22-1.6_G.snv.bam	TARA_009_DCM_0.22-1.6_G.snv.bam	TARA_066_SRF_0.22-3_G.snv.bam	TARA_067_SRF_0.22-3_G.snv.bam	TARA_102_DCM_0.22-3_G.snv.bam
TARA_004_DCM_0.22-1.6_G.snv.bam	0.0	0.0500854172521	0.0625384737338	0.0311834962033	0.103252954577	0.0945246448892	0.100707984241
TARA_007_DCM_0.22-1.6_G.snv.bam	0.0500854172521	0.0	0.0499471519176	0.0362412667909	0.104621128278	0.0912019351948	0.0939332208984
TARA_007_SRF_0.22-1.6_G.snv.bam	0.0625384737338	0.0499471519176	0.0	0.0541827489233	0.106109868017	0.0985204979088	0.0999880829094
TARA_009_DCM_0.22-1.6_G.snv.bam	0.0311834962033	0.0362412667909	0.0541827489233	0.0	0.0987410579004	0.0891161711285	0.0949518628284
TARA_066_SRF_0.22-3_G.snv.bam	0.103252954577	0.104621128278	0.106109868017	0.0987410579004	0.0	0.0560140625364	0.104345186838
TARA_067_SRF_0.22-3_G.snv.bam	0.0945246448892	0.0912019351948	0.0985204979088	0.0891161711285	0.0560140625364	0.0	0.0955543514939
TARA_102_DCM_0.22-3_G.snv.bam	0.100707984241	0.0939332208984	0.0999880829094	0.0949518628284	0.104345186838	0.0955543514939	0.0
