	TARA_038_DCM_0.22-1.6_G.snv.bam	TARA_038_SRF_0.22-1.6_G.snv.bam	TARA_068_DCM_0.22-3_G.snv.bam	TARA_068_SRF_0.22-3_G.snv.bam	TARA_093_SRF_0.22-3_G.snv.bam	TARA_102_DCM_0.22-3_G.snv.bam	TARA_102_SRF_0.22-3_G.snv.bam	TARA_110_MES_0.22-3_G.snv.bam	TARA_110_SRF_0.22-3_G.snv.bam	TARA_152_MIX_0.22-3_G.snv.bam
TARA_038_DCM_0.22-1.6_G.snv.bam	0.0	0.0495321413344	0.0592361671798	0.0599922695664	0.0757338728027	0.0475415692536	0.0530512941695	0.0561659068596	0.0578371189935	0.0692277851828
TARA_038_SRF_0.22-1.6_G.snv.bam	0.0495321413344	0.0	0.0654203755182	0.0660606552518	0.0798884193922	0.0548186252571	0.0584305688756	0.0634811843469	0.0652788400359	0.0740551424053
TARA_068_DCM_0.22-3_G.snv.bam	0.0592361671798	0.0654203755182	0.0	0.0275386362945	0.0682328740527	0.0510513835205	0.0573934103626	0.0648139152943	0.0655107196008	0.0532814292698
TARA_068_SRF_0.22-3_G.snv.bam	0.0599922695664	0.0660606552518	0.0275386362945	0.0	0.068535043499	0.0517824169503	0.0583141995356	0.0649262734394	0.0666527792846	0.0512525622865
TARA_093_SRF_0.22-3_G.snv.bam	0.0757338728027	0.0798884193922	0.0682328740527	0.068535043499	0.0	0.067226142686	0.0692907362732	0.0740295230482	0.0741197140222	0.0587979616972
TARA_102_DCM_0.22-3_G.snv.bam	0.0475415692536	0.0548186252571	0.0510513835205	0.0517824169503	0.067226142686	0.0	0.0352193274995	0.0486213651998	0.0479240932835	0.0621208638534
TARA_102_SRF_0.22-3_G.snv.bam	0.0530512941695	0.0584305688756	0.0573934103626	0.0583141995356	0.0692907362732	0.0352193274995	0.0	0.0501748451236	0.0488784159826	0.0647755378689
TARA_110_MES_0.22-3_G.snv.bam	0.0561659068596	0.0634811843469	0.0648139152943	0.0649262734394	0.0740295230482	0.0486213651998	0.0501748451236	0.0	0.048146781294	0.0676783312866
TARA_110_SRF_0.22-3_G.snv.bam	0.0578371189935	0.0652788400359	0.0655107196008	0.0666527792846	0.0741197140222	0.0479240932835	0.0488784159826	0.048146781294	0.0	0.0697118352663
TARA_152_MIX_0.22-3_G.snv.bam	0.0692277851828	0.0740551424053	0.0532814292698	0.0512525622865	0.0587979616972	0.0621208638534	0.0647755378689	0.0676783312866	0.0697118352663	0.0
