	TARA_032_DCM_0.22-1.6_G.snv.bam	TARA_041_DCM_0.22-1.6_G.snv.bam	TARA_042_DCM_0.22-1.6_G.snv.bam	TARA_124_MIX_0.22-3_G.snv.bam	TARA_124_SRF_0.22-3_G.snv.bam	TARA_142_DCM_0.22-3_G.snv.bam	TARA_142_SRF_0.22-3_G.snv.bam
TARA_032_DCM_0.22-1.6_G.snv.bam	0.0	0.00326797385621	0.00326797385621	0.0669934640523	0.0588235294118	0.00490196078431	0.00490196078431
TARA_041_DCM_0.22-1.6_G.snv.bam	0.00326797385621	0.0	0.0	0.0571895424837	0.0539215686275	0.00653594771242	0.00326797385621
TARA_042_DCM_0.22-1.6_G.snv.bam	0.00326797385621	0.0	0.0	0.0539215686275	0.0522875816993	0.00326797385621	0.00326797385621
TARA_124_MIX_0.22-3_G.snv.bam	0.0669934640523	0.0571895424837	0.0539215686275	0.0	0.0016339869281	0.0702614379085	0.0604575163399
TARA_124_SRF_0.22-3_G.snv.bam	0.0588235294118	0.0539215686275	0.0522875816993	0.0016339869281	0.0	0.0637254901961	0.0539215686275
TARA_142_DCM_0.22-3_G.snv.bam	0.00490196078431	0.00653594771242	0.00326797385621	0.0702614379085	0.0637254901961	0.0	0.0
TARA_142_SRF_0.22-3_G.snv.bam	0.00490196078431	0.00326797385621	0.00326797385621	0.0604575163399	0.0539215686275	0.0	0.0
