	TARA_004_DCM_0.22-1.6_G.snv.bam	TARA_031_SRF_0.22-1.6_G.snv.bam	TARA_032_DCM_0.22-1.6_G.snv.bam	TARA_032_SRF_0.22-1.6_G.snv.bam	TARA_033_SRF_0.22-1.6_G.snv.bam	TARA_034_SRF_0.22-1.6_G.snv.bam	TARA_036_DCM_0.22-1.6_G.snv.bam	TARA_036_SRF_0.22-1.6_G.snv.bam	TARA_038_DCM_0.22-1.6_G.snv.bam	TARA_038_SRF_0.22-1.6_G.snv.bam	TARA_039_DCM_0.22-1.6_G.snv.bam	TARA_041_DCM_0.22-1.6_G.snv.bam	TARA_041_SRF_0.22-1.6_G.snv.bam	TARA_042_DCM_0.22-1.6_G.snv.bam	TARA_042_SRF_0.22-1.6_G.snv.bam	TARA_045_SRF_0.22-1.6_G.snv.bam	TARA_052_DCM_0.22-1.6_G.snv.bam	TARA_052_SRF_0.22-1.6_G.snv.bam	TARA_056_SRF_0.22-3_G.snv.bam	TARA_057_SRF_0.22-3_G.snv.bam	TARA_058_DCM_0.22-3_G.snv.bam	TARA_062_SRF_0.22-3_G.snv.bam	TARA_064_DCM_0.22-3_G.snv.bam	TARA_064_SRF_0.22-3_G.snv.bam	TARA_065_DCM_0.22-3_G.snv.bam	TARA_065_SRF_0.22-3_G.snv.bam	TARA_066_DCM_0.22-3_G.snv.bam	TARA_066_SRF_0.22-3_G.snv.bam	TARA_078_DCM_0.22-3_G.snv.bam	TARA_078_SRF_0.22-3_G.snv.bam	TARA_100_SRF_0.22-3_G.snv.bam	TARA_102_SRF_0.22-3_G.snv.bam	TARA_109_DCM_0.22-3_G.snv.bam	TARA_109_SRF_0.22-3_G.snv.bam	TARA_110_DCM_0.22-3_G.snv.bam	TARA_110_MES_0.22-3_G.snv.bam	TARA_110_SRF_0.22-3_G.snv.bam	TARA_111_SRF_0.22-3_G.snv.bam	TARA_124_SRF_0.22-3_G.snv.bam	TARA_128_DCM_0.22-3_G.snv.bam	TARA_128_SRF_0.22-3_G.snv.bam	TARA_137_SRF_0.22-3_G.snv.bam	TARA_140_SRF_0.22-3_G.snv.bam	TARA_141_SRF_0.22-3_G.snv.bam	TARA_142_DCM_0.22-3_G.snv.bam	TARA_142_SRF_0.22-3_G.snv.bam	TARA_145_SRF_0.22-3_G.snv.bam	TARA_146_SRF_0.22-3_G.snv.bam	TARA_148_SRF_0.22-3_G.snv.bam	TARA_149_SRF_0.22-3_G.snv.bam	TARA_150_DCM_0.22-3_G.snv.bam	TARA_150_SRF_0.22-3_G.snv.bam	TARA_151_DCM_0.22-3_G.snv.bam	TARA_151_SRF_0.22-3_G.snv.bam
TARA_004_DCM_0.22-1.6_G.snv.bam	0.0	0.0600402941788	0.0600811587663	0.0580274961234	0.0567748680991	0.0549961777957	0.0560531610695	0.0532288627139	0.0548642082587	0.0580872260282	0.052437560042	0.0515130986654	0.0543821916166	0.0550288604372	0.0553316909483	0.0598440274235	0.0542585079152	0.0544362230998	0.060519587684	0.0617665215181	0.0601074792727	0.0609249875889	0.0659740778225	0.055946583848	0.052970184508	0.0578548188733	0.0557369613026	0.0554260403308	0.050618400323	0.0545997302684	0.0657478027805	0.0599434481135	0.0522236132581	0.0518407411832	0.0592188615637	0.0576578568099	0.0559796501559	0.068323869114	0.0698096303514	0.0642609484146	0.0664978984861	0.0544129094271	0.0576353329029	0.059850503418	0.052505292972	0.0549120850353	0.0504257736307	0.0534134501327	0.0561246081977	0.0514338251069	0.0439322652925	0.047206384965	0.0460083940489	0.045673311466
TARA_031_SRF_0.22-1.6_G.snv.bam	0.0600402941788	0.0	0.0416178849935	0.0353320700143	0.0407410349451	0.0412968065929	0.0447590356994	0.0430696629694	0.0430201333789	0.0463724392481	0.0427878160964	0.0431819624123	0.0443169596081	0.0438131901216	0.0452319284084	0.0534638315468	0.0555202181981	0.0527002900447	0.0534411087976	0.051653546365	0.0480227896376	0.0494695577901	0.061895423973	0.0474197550482	0.0434493958206	0.0458913464363	0.0509757629995	0.0468753985967	0.0525863792564	0.0594669278488	0.0797470275015	0.0666817939652	0.0599659333942	0.0545487423754	0.0636565914456	0.0657606204453	0.0611391526094	0.0810837928094	0.0843319715468	0.0782311299463	0.0765792253318	0.0549042896183	0.0524782094098	0.0592532126917	0.0527704582528	0.0507008517015	0.0487049745277	0.0484969764322	0.0522010820258	0.0491020167933	0.0531420198448	0.0523858663068	0.0656807010477	0.0649438452759
TARA_032_DCM_0.22-1.6_G.snv.bam	0.0600811587663	0.0416178849935	0.0	0.0366502891631	0.045400022016	0.0465021958143	0.0527620829702	0.0474244487906	0.0516209735398	0.0542279971417	0.0453324780434	0.0461112337828	0.0498948392301	0.0513171101264	0.0473094813501	0.0540892350704	0.0513731332066	0.0510029198023	0.0546541382845	0.0571909962317	0.0561475842749	0.0562019215161	0.0641777424055	0.053031654317	0.0489079844549	0.0538608389991	0.0568090648497	0.0557493161202	0.052626971877	0.0609474787608	0.0763645461781	0.0641116414729	0.0590370846449	0.0548158904557	0.0677804648896	0.0671877288777	0.0665076796764	0.0792973776232	0.079053005869	0.0701986613024	0.0748557559093	0.0598783722556	0.0615039289688	0.0595575381122	0.0524018261054	0.0498290433298	0.0534719094997	0.0561547976536	0.0586679817967	0.0564637969928	0.052894615049	0.0585553619977	0.0675670791581	0.0672464931621
TARA_032_SRF_0.22-1.6_G.snv.bam	0.0580274961234	0.0353320700143	0.0366502891631	0.0	0.0374763940105	0.0393418068727	0.0472128512061	0.0418711039205	0.0456269852987	0.0486857069203	0.0407754043884	0.0392468050854	0.0433748754011	0.0440134996767	0.04027250558	0.0515663758943	0.0469610138395	0.0467386095375	0.0527394850686	0.052751671862	0.0491369743042	0.0504043591245	0.0599920678541	0.0469212601879	0.0426373045025	0.0472180487362	0.0507848383587	0.0486379792704	0.0511681702925	0.0580006778545	0.0748569649111	0.0610894687881	0.0543431964276	0.0496274706011	0.0628770314707	0.0638763170347	0.0613056721137	0.0774175468638	0.0789933338305	0.0712217871558	0.0728551508484	0.0549367675598	0.0544167310479	0.0554074025271	0.0476801531616	0.04734541668	0.0478173475878	0.0506170371131	0.0539043693409	0.052230828856	0.0507334825658	0.0555655980322	0.0664872908022	0.0648088797476
TARA_033_SRF_0.22-1.6_G.snv.bam	0.0567748680991	0.0407410349451	0.045400022016	0.0374763940105	0.0	0.0334042932191	0.0422521048196	0.0370805096032	0.0425021317698	0.0432590915557	0.0419529930869	0.0410583561516	0.0442751348475	0.0455742690687	0.0438195178899	0.0552107783086	0.0534478238203	0.0490437478602	0.0507795132498	0.0501582451417	0.0480658861569	0.0521168419902	0.0636830115064	0.0500711210501	0.0440248172615	0.0475011988696	0.049675071265	0.0467902719571	0.0517910433187	0.0621848758296	0.0783026814436	0.0604679989403	0.0568095279834	0.0511418786003	0.063630693187	0.0638025528392	0.0622321863696	0.0805557614902	0.0844073072837	0.0754967769381	0.0755539173821	0.0546801983254	0.0518618962273	0.0530136935452	0.0497324264149	0.0496197478523	0.0488486560972	0.0508303315875	0.0541173422863	0.0488045331193	0.0523650386809	0.0537498786375	0.0650320559873	0.0629822813275
TARA_034_SRF_0.22-1.6_G.snv.bam	0.0549961777957	0.0412968065929	0.0465021958143	0.0393418068727	0.0334042932191	0.0	0.0378952947079	0.0346135222344	0.0394066222184	0.0413044622419	0.0373917700197	0.0367808117331	0.0410948791474	0.0419079752523	0.0403726498027	0.0526180776564	0.0501228114317	0.0439839484206	0.0477008576893	0.0475015543894	0.0468016621718	0.0472719803908	0.0618010907851	0.0461075213601	0.0405078357415	0.0444199133713	0.0477036474586	0.0443417340777	0.0492503114105	0.058055214323	0.0734211759389	0.0578622412974	0.0532454788549	0.0460743899265	0.0608114576663	0.0612673325916	0.0591660546861	0.0760522253117	0.0767453805838	0.0705754529528	0.0718668625949	0.0495258359808	0.0465609861545	0.0484640380794	0.0484382920182	0.0464610658709	0.0472296318571	0.0489173983185	0.0511459202207	0.0479905352853	0.0494890179388	0.0528908467609	0.0613160581485	0.0619238790477
TARA_036_DCM_0.22-1.6_G.snv.bam	0.0560531610695	0.0447590356994	0.0527620829702	0.0472128512061	0.0422521048196	0.0378952947079	0.0	0.0247845804362	0.0240546033253	0.0247804898941	0.032548454912	0.0336234027866	0.0367988817986	0.0372863332238	0.0422130194286	0.0544607977827	0.0545059740111	0.0515984130673	0.0524709428667	0.0482661553579	0.0445761461932	0.047294328411	0.063074391807	0.0470488931728	0.0406378739727	0.0415230534392	0.0472444571672	0.0403887730445	0.0526613137577	0.0593156589931	0.0776562530748	0.0577946865363	0.0543639045626	0.0453416626804	0.0569668519725	0.0619760659262	0.0558217094894	0.0784932047845	0.084934864987	0.0764855573786	0.0765211537734	0.0423375201513	0.036001214439	0.0504252375136	0.0502416061032	0.049695368797	0.0417814654627	0.0431585536155	0.0463442241625	0.0390932696595	0.049057863139	0.0460121810466	0.0579582374732	0.0580385032572
TARA_036_SRF_0.22-1.6_G.snv.bam	0.0532288627139	0.0430696629694	0.0474244487906	0.0418711039205	0.0370805096032	0.0346135222344	0.0247845804362	0.0	0.0256063913666	0.0283759633595	0.0279347396911	0.0294651471812	0.0343298309903	0.0354110471731	0.0370435615039	0.0516589653177	0.0504460783279	0.0464454766483	0.0500720281148	0.0486766066	0.0449512050793	0.0482507080911	0.0603993460931	0.0447049999959	0.0386445103179	0.0405988810255	0.0446345841315	0.0392517226899	0.0493782558976	0.0563643395824	0.0730611964976	0.0532116046669	0.0502407607173	0.042161154882	0.0567429131972	0.0598861086332	0.0547245121444	0.0746990433156	0.0802516347148	0.0712859758796	0.0727431357169	0.0431109379885	0.0393898545916	0.0508452719751	0.046829500851	0.0444999751083	0.0404606714318	0.043576070969	0.0463314699998	0.0375393012765	0.0446987961574	0.0455797023745	0.0577487701574	0.0567091995923
TARA_038_DCM_0.22-1.6_G.snv.bam	0.0548642082587	0.0430201333789	0.0516209735398	0.0456269852987	0.0425021317698	0.0394066222184	0.0240546033253	0.0256063913666	0.0	0.025987783649	0.0271444277348	0.0270485515388	0.0288802900412	0.0293819600746	0.0369415196078	0.0491512571671	0.0525436905506	0.0480742850171	0.0490206664998	0.0451808940046	0.0402748903053	0.0439089626604	0.058895048502	0.0422894343942	0.0349775394748	0.0355648067483	0.0432148910542	0.0348129250835	0.0502690521252	0.0565995731467	0.0767947499258	0.0591699557177	0.0546450142368	0.0454967018767	0.0563300435876	0.0612548003226	0.0549124080774	0.0773168614059	0.0838008255955	0.0754439009484	0.0756182976021	0.0411057977363	0.0381667229563	0.0526841393548	0.0479896541803	0.0475556915832	0.0404972165887	0.039914090901	0.0436176689959	0.0353634051222	0.0470361811702	0.0431813200526	0.0580277636787	0.0562077618892
TARA_038_SRF_0.22-1.6_G.snv.bam	0.0580872260282	0.0463724392481	0.0542279971417	0.0486857069203	0.0432590915557	0.0413044622419	0.0247804898941	0.0283759633595	0.025987783649	0.0	0.0333510621829	0.0357463665343	0.0370458384969	0.0381587982358	0.0419077120461	0.055215045258	0.0554621187211	0.0523149497185	0.0515531728861	0.0485611171505	0.0447097799173	0.0486662394207	0.0615403858783	0.0486993927098	0.0413586381646	0.0418058156454	0.0467638677495	0.0397277705092	0.0534593347462	0.0603487431852	0.0791893007324	0.0598559490225	0.0554852780472	0.0471805026394	0.0599810552228	0.0620600101502	0.0573362731631	0.0792057665485	0.0876165270331	0.0772455378385	0.077750301016	0.0444524509931	0.0377537020128	0.0546927854067	0.0516976603665	0.0507550263527	0.0438495827711	0.0448668950246	0.0482387894128	0.039485858078	0.0493578331082	0.0478371529926	0.0606127682769	0.0591123501469
TARA_039_DCM_0.22-1.6_G.snv.bam	0.052437560042	0.0427878160964	0.0453324780434	0.0407754043884	0.0419529930869	0.0373917700197	0.032548454912	0.0279347396911	0.0271444277348	0.0333510621829	0.0	0.0211539114823	0.0272707064894	0.0278626987957	0.0282805469047	0.0436731195335	0.0455634684362	0.041619009161	0.0452184941632	0.043347271828	0.0410218948741	0.0431978873276	0.0570810251631	0.0401224256953	0.0334975024089	0.0349497438026	0.0432118479242	0.0373897767138	0.0450537401529	0.0536579152317	0.0689300314303	0.0559824947284	0.050200438911	0.0418491437888	0.0549898396727	0.0587314343708	0.0540722391121	0.0715693367067	0.0754331209112	0.0665819566032	0.0684949475666	0.0443084334567	0.0435507909968	0.0508362397057	0.0436607579915	0.0408547730876	0.0394126211276	0.0424015555798	0.0462371774542	0.0401368491859	0.0437099713938	0.0463615210614	0.0575256743085	0.0555090535074
TARA_041_DCM_0.22-1.6_G.snv.bam	0.0515130986654	0.0431819624123	0.0461112337828	0.0392468050854	0.0410583561516	0.0367808117331	0.0336234027866	0.0294651471812	0.0270485515388	0.0357463665343	0.0211539114823	0.0	0.0269735036251	0.0273133488846	0.0275354554656	0.0423427715019	0.0439940545111	0.0415245322123	0.0448878328507	0.0430220747936	0.0415707751103	0.0429463409588	0.0561262435267	0.0390541942181	0.032866289064	0.0348071535367	0.0437620912735	0.0374264571592	0.0434323016219	0.0524746780587	0.0685405506823	0.054658910523	0.0491669764994	0.040969146423	0.0543442155181	0.0569963895277	0.0531336941788	0.0708546368636	0.0743022987171	0.0656829742333	0.0682294763629	0.0436464599613	0.0458652795688	0.0502448631558	0.041437839489	0.0404413584096	0.0397537608493	0.0412815452365	0.0451981216245	0.0400978067531	0.043377106077	0.0467128795611	0.0565732623956	0.0550315175579
TARA_041_SRF_0.22-1.6_G.snv.bam	0.0543821916166	0.0443169596081	0.0498948392301	0.0433748754011	0.0442751348475	0.0410948791474	0.0367988817986	0.0343298309903	0.0288802900412	0.0370458384969	0.0272707064894	0.0269735036251	0.0	0.0272078558354	0.0301042439507	0.0420780208591	0.0479310997291	0.0447245785377	0.0434483324098	0.0417739688687	0.038004709771	0.0405814634765	0.0564732197529	0.0387766774173	0.0317404623172	0.03382809156	0.043888755334	0.0365735593774	0.0472674789368	0.0536911294259	0.0735303154602	0.0597841088086	0.0538833058874	0.0465249864338	0.0571550580791	0.0603674103787	0.0564173736135	0.0746546471874	0.0791505799175	0.0713216548412	0.0724775570424	0.0456303277311	0.0447002878207	0.0527997381214	0.0430506534067	0.0412961122816	0.040754667558	0.0425545491435	0.0453207235898	0.0400288390225	0.0457022622014	0.0462739056335	0.0595297635848	0.0563349064614
TARA_042_DCM_0.22-1.6_G.snv.bam	0.0550288604372	0.0438131901216	0.0513171101264	0.0440134996767	0.0455742690687	0.0419079752523	0.0372863332238	0.0354110471731	0.0293819600746	0.0381587982358	0.0278626987957	0.0273133488846	0.0272078558354	0.0	0.030127330107	0.0414046685826	0.0476131508839	0.045929299252	0.0442069334001	0.0415569035723	0.0362049092901	0.0391696097329	0.0556700587666	0.0382817975897	0.0308272538995	0.0311098013112	0.0406126594575	0.0325424532357	0.0467660736082	0.0533748850943	0.0734512543965	0.0595646338921	0.0535829542676	0.0459679409512	0.0553573037383	0.0598468458279	0.0544202687332	0.0743349094201	0.0792827581324	0.0712650729324	0.0711364643229	0.0444957570477	0.045387544764	0.0538587073468	0.0454761016532	0.0440582427763	0.0416673067377	0.0415041121642	0.0446771795842	0.0384224045431	0.0463617419826	0.0458782607932	0.0590546300252	0.0564839931119
TARA_042_SRF_0.22-1.6_G.snv.bam	0.0553316909483	0.0452319284084	0.0473094813501	0.04027250558	0.0438195178899	0.0403726498027	0.0422130194286	0.0370435615039	0.0369415196078	0.0419077120461	0.0282805469047	0.0275354554656	0.0301042439507	0.030127330107	0.0	0.0422192001393	0.0456730567494	0.0419863672455	0.0447698728584	0.0437872595141	0.0427453694091	0.0439530741122	0.0557712692406	0.0434668042904	0.0363262105478	0.0376485192517	0.0444796149706	0.0404920991924	0.044947434074	0.0549484315044	0.0681249542992	0.058164652096	0.0515639996124	0.0473380268855	0.0592390162901	0.0604465353545	0.0582108652573	0.0721416700689	0.0732928497798	0.0658090311285	0.0679177785937	0.050771429493	0.0507397258298	0.0501799993929	0.0424083385604	0.0391947783419	0.0439901555486	0.0458560753738	0.0486817094734	0.0449428705651	0.0446965933055	0.0500419140197	0.0611017270664	0.0589220312426
TARA_045_SRF_0.22-1.6_G.snv.bam	0.0598440274235	0.0534638315468	0.0540892350704	0.0515663758943	0.0552107783086	0.0526180776564	0.0544607977827	0.0516589653177	0.0491512571671	0.055215045258	0.0436731195335	0.0423427715019	0.0420780208591	0.0414046685826	0.0422192001393	0.0	0.0473937469303	0.0479691744751	0.0474156163881	0.0509609876255	0.047870245736	0.0495293405228	0.0569467145223	0.0452320810311	0.0439895921398	0.0457521248168	0.0519737499839	0.0491221467365	0.0502517949373	0.0574124673779	0.0715293131823	0.064023508691	0.0583100393582	0.0538707744247	0.0639559494647	0.0628087458013	0.062459187921	0.0744870737995	0.0749921984441	0.0694733917645	0.0699708145164	0.0570965883615	0.0594080506574	0.0609353163317	0.0499740748331	0.0469669897824	0.0505552731077	0.0531322155464	0.0565140062495	0.0539391546484	0.053947712901	0.0555904315016	0.0651415815783	0.0609309662953
TARA_052_DCM_0.22-1.6_G.snv.bam	0.0542585079152	0.0555202181981	0.0513731332066	0.0469610138395	0.0534478238203	0.0501228114317	0.0545059740111	0.0504460783279	0.0525436905506	0.0554621187211	0.0455634684362	0.0439940545111	0.0479310997291	0.0476131508839	0.0456730567494	0.0473937469303	0.0	0.0440434432877	0.0510005788449	0.0533689274292	0.0519055219458	0.0530476072947	0.0546522448173	0.0435415705671	0.0471817376625	0.0495656186642	0.0540501988058	0.0523919710016	0.0473703822297	0.0547234903212	0.0607592266887	0.0605215390217	0.0498872465575	0.0479711312773	0.0559538812022	0.0582779265607	0.0557552102648	0.0664533999063	0.0675995754416	0.0578422125882	0.0587914666606	0.0539589239989	0.0613028648043	0.0585891319415	0.0477422304414	0.0449679386036	0.049173893201	0.0516216028215	0.0550029554521	0.0540960958686	0.0494847841365	0.0550542238748	0.0575230970509	0.0596598505559
TARA_052_SRF_0.22-1.6_G.snv.bam	0.0544362230998	0.0527002900447	0.0510029198023	0.0467386095375	0.0490437478602	0.0439839484206	0.0515984130673	0.0464454766483	0.0480742850171	0.0523149497185	0.041619009161	0.0415245322123	0.0447245785377	0.045929299252	0.0419863672455	0.0479691744751	0.0440434432877	0.0	0.0486057577384	0.0503617028939	0.0498058792596	0.054096360728	0.0566683972673	0.0461401441434	0.0447155211082	0.0466563487278	0.0534373357507	0.048072280473	0.0489406937814	0.0567561908822	0.0634700793449	0.0559430294186	0.0504412114302	0.0457321049059	0.0574633468725	0.0572611346146	0.0564389409227	0.0659773588697	0.064442894065	0.0600074941376	0.0610295208914	0.05219916922	0.0591105061452	0.0574157456191	0.048538521882	0.0460293712644	0.049484462677	0.0541972180109	0.0556850574845	0.0544560516423	0.0515008675581	0.0595500773458	0.0643337137621	0.0628383132513
TARA_056_SRF_0.22-3_G.snv.bam	0.060519587684	0.0534411087976	0.0546541382845	0.0527394850686	0.0507795132498	0.0477008576893	0.0524709428667	0.0500720281148	0.0490206664998	0.0515531728861	0.0452184941632	0.0448878328507	0.0434483324098	0.0442069334001	0.0447698728584	0.0474156163881	0.0510005788449	0.0486057577384	0.0	0.0469114599705	0.045184570502	0.0472404398937	0.0600822122449	0.0486202233524	0.0428761151066	0.0449188092337	0.0518817658094	0.0476511379177	0.0545431578396	0.0634222610146	0.0743903282584	0.0645284287398	0.0605966072898	0.053590850661	0.0648959529687	0.0651593409104	0.0631345875868	0.076111919221	0.0771031685474	0.0724114959505	0.0722444252316	0.0564817522418	0.0585248544799	0.0597597244174	0.054537575379	0.0535016838603	0.0546179581486	0.0560820892303	0.0576769547886	0.0535924989568	0.0565342980026	0.0573407052158	0.0664960896072	0.0645394686138
TARA_057_SRF_0.22-3_G.snv.bam	0.0617665215181	0.051653546365	0.0571909962317	0.052751671862	0.0501582451417	0.0475015543894	0.0482661553579	0.0486766066	0.0451808940046	0.0485611171505	0.043347271828	0.0430220747936	0.0417739688687	0.0415569035723	0.0437872595141	0.0509609876255	0.0533689274292	0.0503617028939	0.0469114599705	0.0	0.037602703749	0.0418896341545	0.0609646792637	0.0462292316421	0.0382289228002	0.0382218037877	0.0477747833831	0.0438655814876	0.0550491311898	0.0627304207955	0.0754682421404	0.0669798380573	0.0608360520501	0.0539807200423	0.0637153954647	0.0640152801471	0.0626078830422	0.0781507796351	0.0808623168083	0.0754395032093	0.0751701124114	0.0548921607169	0.0541453421096	0.0543296622693	0.0531421809562	0.0506317474022	0.0516268522354	0.0514302960481	0.0519328993629	0.0519597923527	0.0541610536331	0.0545348506194	0.0652931827512	0.0629297802426
TARA_058_DCM_0.22-3_G.snv.bam	0.0601074792727	0.0480227896376	0.0561475842749	0.0491369743042	0.0480658861569	0.0468016621718	0.0445761461932	0.0449512050793	0.0402748903053	0.0447097799173	0.0410218948741	0.0415707751103	0.038004709771	0.0362049092901	0.0427453694091	0.047870245736	0.0519055219458	0.0498058792596	0.045184570502	0.037602703749	0.0	0.0390108176635	0.058772902925	0.0418517652029	0.0348099757843	0.0353763142528	0.0459715630545	0.037901215777	0.0547109478427	0.0600449400635	0.0758701245279	0.0666559025952	0.0594032411337	0.0535796013501	0.060563520071	0.0632794172683	0.0586961253215	0.0755508742725	0.081767883421	0.07749411807	0.0730053006675	0.0505107498553	0.051778331904	0.0565229369683	0.0529674409661	0.0520789542613	0.0490526606938	0.0490638828658	0.0504034251067	0.0474780518831	0.0540038417474	0.0521432149964	0.0650604337108	0.0602039888708
TARA_062_SRF_0.22-3_G.snv.bam	0.0609249875889	0.0494695577901	0.0562019215161	0.0504043591245	0.0521168419902	0.0472719803908	0.047294328411	0.0482507080911	0.0439089626604	0.0486662394207	0.0431978873276	0.0429463409588	0.0405814634765	0.0391696097329	0.0439530741122	0.0495293405228	0.0530476072947	0.054096360728	0.0472404398937	0.0418896341545	0.0390108176635	0.0	0.0587829214039	0.0454226108131	0.035649466534	0.037805214715	0.0471744524153	0.0416428332389	0.0550764041912	0.0614227341188	0.0777236430218	0.0656747340886	0.0623368447484	0.0552047473152	0.061737263976	0.0664134755465	0.0621699871711	0.0802602759304	0.0832716636235	0.0753067933735	0.0760265508197	0.0541980338357	0.0537258577579	0.0567957895373	0.0526938017255	0.0521085831079	0.0504468495917	0.0507553801683	0.0543778272489	0.0511675840414	0.0557938686104	0.0549944042889	0.0643086333157	0.0609898065774
TARA_064_DCM_0.22-3_G.snv.bam	0.0659740778225	0.061895423973	0.0641777424055	0.0599920678541	0.0636830115064	0.0618010907851	0.063074391807	0.0603993460931	0.058895048502	0.0615403858783	0.0570810251631	0.0561262435267	0.0564732197529	0.0556700587666	0.0557712692406	0.0569467145223	0.0546522448173	0.0566683972673	0.0600822122449	0.0609646792637	0.058772902925	0.0587829214039	0.0	0.0528479369163	0.0544894642867	0.0571450476244	0.0593208934985	0.0592572887482	0.0571392602312	0.0622472939016	0.0734353455618	0.070140251594	0.0671697778241	0.0629131365597	0.0677985985128	0.0704292533992	0.0674307404527	0.0799110044124	0.0800361700605	0.0712088343375	0.0752182537694	0.0650183225619	0.0676071296649	0.0674361163522	0.0612052126964	0.0597042647144	0.0612925849922	0.0637996757063	0.0639872544393	0.0621254437909	0.0615526754132	0.0644099309143	0.0694076525477	0.0681507705378
TARA_064_SRF_0.22-3_G.snv.bam	0.055946583848	0.0474197550482	0.053031654317	0.0469212601879	0.0500711210501	0.0461075213601	0.0470488931728	0.0447049999959	0.0422894343942	0.0486993927098	0.0401224256953	0.0390541942181	0.0387766774173	0.0382817975897	0.0434668042904	0.0452320810311	0.0435415705671	0.0461401441434	0.0486202233524	0.0462292316421	0.0418517652029	0.0454226108131	0.0528479369163	0.0	0.0341501296107	0.0387374657698	0.0446012472836	0.0402188942637	0.04831210025	0.053418568359	0.0697418624239	0.0629045105461	0.0529062035137	0.0478084069366	0.0540779713665	0.0584074139754	0.0540308586034	0.0699773994819	0.0748089842905	0.0675435995898	0.0670794006673	0.0479592911132	0.0537703144673	0.0575868983099	0.0499160706034	0.0474281704705	0.0460512525975	0.0463652188986	0.0486231482836	0.0466648095585	0.0497371053011	0.0497778425048	0.0614558812285	0.056782281123
TARA_065_DCM_0.22-3_G.snv.bam	0.052970184508	0.0434493958206	0.0489079844549	0.0426373045025	0.0440248172615	0.0405078357415	0.0406378739727	0.0386445103179	0.0349775394748	0.0413586381646	0.0334975024089	0.032866289064	0.0317404623172	0.0308272538995	0.0363262105478	0.0439895921398	0.0471817376625	0.0447155211082	0.0428761151066	0.0382289228002	0.0348099757843	0.035649466534	0.0544894642867	0.0341501296107	0.0	0.0309076111897	0.041002979378	0.0345052323867	0.0473308845976	0.0527943886738	0.0731110094862	0.060809074118	0.0528932875203	0.0465635048274	0.0545281067225	0.058718191391	0.0544857203151	0.0733799248497	0.0785462073431	0.0725073908351	0.0696898579157	0.0456602462948	0.0477640291148	0.0536765677114	0.0453288961251	0.044455423858	0.0431210522013	0.0445868677911	0.0462093468149	0.042890128308	0.0487275015762	0.0485398072512	0.0588137364613	0.0558947683119
TARA_065_SRF_0.22-3_G.snv.bam	0.0578548188733	0.0458913464363	0.0538608389991	0.0472180487362	0.0475011988696	0.0444199133713	0.0415230534392	0.0405988810255	0.0355648067483	0.0418058156454	0.0349497438026	0.0348071535367	0.03382809156	0.0311098013112	0.0376485192517	0.0457521248168	0.0495656186642	0.0466563487278	0.0449188092337	0.0382218037877	0.0353763142528	0.037805214715	0.0571450476244	0.0387374657698	0.0309076111897	0.0	0.0401493401705	0.0345470292762	0.0504570617249	0.0561470032405	0.0748240007465	0.0634248904607	0.0565018245509	0.0487850450803	0.057816989463	0.0604217596984	0.0561046515002	0.0742708520449	0.0816081303452	0.073929689126	0.0728039785363	0.0456885397669	0.0486996633864	0.0553912005421	0.0480089729939	0.0458523962904	0.0442531121885	0.0432876181228	0.04651830091	0.0417947267022	0.0496299763879	0.0489483044899	0.0603104079573	0.0566597806985
TARA_066_DCM_0.22-3_G.snv.bam	0.0557369613026	0.0509757629995	0.0568090648497	0.0507848383587	0.049675071265	0.0477036474586	0.0472444571672	0.0446345841315	0.0432148910542	0.0467638677495	0.0432118479242	0.0437620912735	0.043888755334	0.0406126594575	0.0444796149706	0.0519737499839	0.0540501988058	0.0534373357507	0.0518817658094	0.0477747833831	0.0459715630545	0.0471744524153	0.0593208934985	0.0446012472836	0.041002979378	0.0401493401705	0.0	0.0398935063	0.0545430162548	0.0591927826867	0.0768273554484	0.0659459024157	0.0601654154	0.0535299879005	0.0614759615605	0.0627400133779	0.0600340438851	0.0774379048162	0.0848669135693	0.0761566065747	0.074381129994	0.0531243510356	0.0526541882502	0.0575085257032	0.0519335258492	0.05123928575	0.0493344123591	0.047681684909	0.0512088820577	0.0454430670909	0.0499177524713	0.0488922222184	0.0619646757115	0.0574290518648
TARA_066_SRF_0.22-3_G.snv.bam	0.0554260403308	0.0468753985967	0.0557493161202	0.0486379792704	0.0467902719571	0.0443417340777	0.0403887730445	0.0392517226899	0.0348129250835	0.0397277705092	0.0373897767138	0.0374264571592	0.0365735593774	0.0325424532357	0.0404920991924	0.0491221467365	0.0523919710016	0.048072280473	0.0476511379177	0.0438655814876	0.037901215777	0.0416428332389	0.0592572887482	0.0402188942637	0.0345052323867	0.0345470292762	0.0398935063	0.0	0.0515705952508	0.057977087599	0.0772824533906	0.0632515100011	0.0559621273895	0.048814782672	0.0578025742495	0.0618118943274	0.0552418012883	0.0762769434673	0.0836883058909	0.0759408060377	0.0733303830995	0.046474591246	0.0481748108174	0.0566363485197	0.0509892308581	0.0517873327694	0.045108240556	0.0454164003105	0.047034410853	0.0433553705998	0.049489354744	0.0490109118809	0.0611245231956	0.0564056766722
TARA_078_DCM_0.22-3_G.snv.bam	0.050618400323	0.0525863792564	0.052626971877	0.0511681702925	0.0517910433187	0.0492503114105	0.0526613137577	0.0493782558976	0.0502690521252	0.0534593347462	0.0450537401529	0.0434323016219	0.0472674789368	0.0467660736082	0.044947434074	0.0502517949373	0.0473703822297	0.0489406937814	0.0545431578396	0.0550491311898	0.0547109478427	0.0550764041912	0.0571392602312	0.04831210025	0.0473308845976	0.0504570617249	0.0545430162548	0.0515705952508	0.0	0.0442133847377	0.0685439428034	0.0571594486752	0.0533178252475	0.0494531753007	0.0589188290609	0.0605468853214	0.0583773790611	0.0738132900142	0.0719249274769	0.0631577954656	0.0672313270098	0.053005750709	0.0569532097396	0.0537435824866	0.0435362262138	0.0444549072093	0.0454726661007	0.0472508823272	0.0506660572267	0.047520354493	0.046094100032	0.0487844233143	0.0576792448827	0.054905147667
TARA_078_SRF_0.22-3_G.snv.bam	0.0545997302684	0.0594669278488	0.0609474787608	0.0580006778545	0.0621848758296	0.058055214323	0.0593156589931	0.0563643395824	0.0565995731467	0.0603487431852	0.0536579152317	0.0524746780587	0.0536911294259	0.0533748850943	0.0549484315044	0.0574124673779	0.0547234903212	0.0567561908822	0.0634222610146	0.0627304207955	0.0600449400635	0.0614227341188	0.0622472939016	0.053418568359	0.0527943886738	0.0561470032405	0.0591927826867	0.057977087599	0.0442133847377	0.0	0.0717525299331	0.0649737485198	0.0603845704139	0.0555905399499	0.0636946498872	0.065490529057	0.0619329332318	0.0737021464752	0.076179453448	0.0731085801928	0.0732286443322	0.05868682306	0.0636138604883	0.0626682529124	0.0526625878896	0.051359372466	0.0529918030321	0.0524176394775	0.0581807462116	0.0547136147318	0.054573939365	0.0580848067592	0.061190088785	0.0587517904412
TARA_100_SRF_0.22-3_G.snv.bam	0.0657478027805	0.0797470275015	0.0763645461781	0.0748569649111	0.0783026814436	0.0734211759389	0.0776562530748	0.0730611964976	0.0767947499258	0.0791893007324	0.0689300314303	0.0685405506823	0.0735303154602	0.0734512543965	0.0681249542992	0.0715293131823	0.0607592266887	0.0634700793449	0.0743903282584	0.0754682421404	0.0758701245279	0.0777236430218	0.0734353455618	0.0697418624239	0.0731110094862	0.0748240007465	0.0768273554484	0.0772824533906	0.0685439428034	0.0717525299331	0.0	0.061969213498	0.0498844012507	0.0562182812641	0.0538063054735	0.0536560299595	0.0532757001494	0.0414157904494	0.0508670821216	0.0498437438897	0.049737112835	0.0629906773574	0.0765646807333	0.0777286550979	0.0717212758871	0.072009672996	0.0713080840341	0.0764565125739	0.0787107118513	0.0759580658843	0.0692127755728	0.0761202823434	0.0753131036205	0.0718842586025
TARA_102_SRF_0.22-3_G.snv.bam	0.0599434481135	0.0666817939652	0.0641116414729	0.0610894687881	0.0604679989403	0.0578622412974	0.0577946865363	0.0532116046669	0.0591699557177	0.0598559490225	0.0559824947284	0.054658910523	0.0597841088086	0.0595646338921	0.058164652096	0.064023508691	0.0605215390217	0.0559430294186	0.0645284287398	0.0669798380573	0.0666559025952	0.0656747340886	0.070140251594	0.0629045105461	0.060809074118	0.0634248904607	0.0659459024157	0.0632515100011	0.0571594486752	0.0649737485198	0.061969213498	0.0	0.0392853243549	0.0378830225975	0.0544553629321	0.0556739035589	0.0518052511692	0.0689766617636	0.0727304596342	0.0662697809558	0.0673861298964	0.0459476970605	0.0564652649864	0.0665474882112	0.0603827880154	0.0605673358341	0.0563558025511	0.0635725281341	0.0649317398847	0.061191548258	0.0583567043324	0.0625215428733	0.0663229183937	0.0638499564303
TARA_109_DCM_0.22-3_G.snv.bam	0.0522236132581	0.0599659333942	0.0590370846449	0.0543431964276	0.0568095279834	0.0532454788549	0.0543639045626	0.0502407607173	0.0546450142368	0.0554852780472	0.050200438911	0.0491669764994	0.0538833058874	0.0535829542676	0.0515639996124	0.0583100393582	0.0498872465575	0.0504412114302	0.0605966072898	0.0608360520501	0.0594032411337	0.0623368447484	0.0671697778241	0.0529062035137	0.0528932875203	0.0565018245509	0.0601654154	0.0559621273895	0.0533178252475	0.0603845704139	0.0498844012507	0.0392853243549	0.0	0.0308770987719	0.0417122596825	0.045418942555	0.0369214823832	0.0548155455127	0.0591322812604	0.0547498171605	0.0557517144868	0.036782101714	0.0536293963656	0.0620253637994	0.0538612906966	0.0557198746495	0.0534552455022	0.0579699315199	0.0613145299369	0.0566504611869	0.0535627232514	0.0580900178365	0.0608581665859	0.0598905490488
TARA_109_SRF_0.22-3_G.snv.bam	0.0518407411832	0.0545487423754	0.0548158904557	0.0496274706011	0.0511418786003	0.0460743899265	0.0453416626804	0.042161154882	0.0454967018767	0.0471805026394	0.0418491437888	0.040969146423	0.0465249864338	0.0459679409512	0.0473380268855	0.0538707744247	0.0479711312773	0.0457321049059	0.053590850661	0.0539807200423	0.0535796013501	0.0552047473152	0.0629131365597	0.0478084069366	0.0465635048274	0.0487850450803	0.0535299879005	0.048814782672	0.0494531753007	0.0555905399499	0.0562182812641	0.0378830225975	0.0308770987719	0.0	0.0435235381812	0.0465845324093	0.0394558418036	0.0594119781987	0.0656113885421	0.0594025907526	0.0613814181505	0.0302591926491	0.0448639858983	0.0568138829654	0.0502216342594	0.0510938566255	0.047768202052	0.052060770271	0.0546400877454	0.0489590851827	0.0488926296425	0.0526142413539	0.0570324047715	0.056392237404
TARA_110_DCM_0.22-3_G.snv.bam	0.0592188615637	0.0636565914456	0.0677804648896	0.0628770314707	0.063630693187	0.0608114576663	0.0569668519725	0.0567429131972	0.0563300435876	0.0599810552228	0.0549898396727	0.0543442155181	0.0571550580791	0.0553573037383	0.0592390162901	0.0639559494647	0.0559538812022	0.0574633468725	0.0648959529687	0.0637153954647	0.060563520071	0.061737263976	0.0677985985128	0.0540779713665	0.0545281067225	0.057816989463	0.0614759615605	0.0578025742495	0.0589188290609	0.0636946498872	0.0538063054735	0.0544553629321	0.0417122596825	0.0435235381812	0.0	0.041701376249	0.0322909296044	0.0528699496088	0.0651545803454	0.0584599011207	0.056441597745	0.0389573152363	0.0573144169879	0.069113779313	0.061347830023	0.062267785733	0.0563771710805	0.0588210798364	0.0608126896038	0.0565914830038	0.0587234903612	0.0590975549762	0.0623935769919	0.0595843549604
TARA_110_MES_0.22-3_G.snv.bam	0.0576578568099	0.0657606204453	0.0671877288777	0.0638763170347	0.0638025528392	0.0612673325916	0.0619760659262	0.0598861086332	0.0612548003226	0.0620600101502	0.0587314343708	0.0569963895277	0.0603674103787	0.0598468458279	0.0604465353545	0.0628087458013	0.0582779265607	0.0572611346146	0.0651593409104	0.0640152801471	0.0632794172683	0.0664134755465	0.0704292533992	0.0584074139754	0.058718191391	0.0604217596984	0.0627400133779	0.0618118943274	0.0605468853214	0.065490529057	0.0536560299595	0.0556739035589	0.045418942555	0.0465845324093	0.041701376249	0.0	0.0405128689748	0.0555885337577	0.0663186085967	0.0595940038443	0.0564562617607	0.0474976329102	0.0609488004726	0.0700830150621	0.064241456869	0.0618281697422	0.058234898718	0.0606427504883	0.0648564793384	0.0610171831259	0.0604322508346	0.062757525282	0.066758913296	0.0634525070829
TARA_110_SRF_0.22-3_G.snv.bam	0.0559796501559	0.0611391526094	0.0665076796764	0.0613056721137	0.0622321863696	0.0591660546861	0.0558217094894	0.0547245121444	0.0549124080774	0.0573362731631	0.0540722391121	0.0531336941788	0.0564173736135	0.0544202687332	0.0582108652573	0.062459187921	0.0557552102648	0.0564389409227	0.0631345875868	0.0626078830422	0.0586961253215	0.0621699871711	0.0674307404527	0.0540308586034	0.0544857203151	0.0561046515002	0.0600340438851	0.0552418012883	0.0583773790611	0.0619329332318	0.0532757001494	0.0518052511692	0.0369214823832	0.0394558418036	0.0322909296044	0.0405128689748	0.0	0.0528580301443	0.0655381309742	0.0579313044549	0.0576820937384	0.0355439714066	0.0546934626329	0.0677640330192	0.0603487149104	0.0607814540593	0.0550304547038	0.0559753924093	0.0604900491275	0.0543938129133	0.057627370069	0.0566724564971	0.0578588501627	0.0586887440901
TARA_111_SRF_0.22-3_G.snv.bam	0.068323869114	0.0810837928094	0.0792973776232	0.0774175468638	0.0805557614902	0.0760522253117	0.0784932047845	0.0746990433156	0.0773168614059	0.0792057665485	0.0715693367067	0.0708546368636	0.0746546471874	0.0743349094201	0.0721416700689	0.0744870737995	0.0664533999063	0.0659773588697	0.076111919221	0.0781507796351	0.0755508742725	0.0802602759304	0.0799110044124	0.0699773994819	0.0733799248497	0.0742708520449	0.0774379048162	0.0762769434673	0.0738132900142	0.0737021464752	0.0414157904494	0.0689766617636	0.0548155455127	0.0594119781987	0.0528699496088	0.0555885337577	0.0528580301443	0.0	0.0558464445364	0.0579917545859	0.0554191490939	0.0630064684601	0.0772629006314	0.0832478977391	0.0753686527814	0.0744487815659	0.0732960790691	0.0795818994159	0.0788387241973	0.0757027797475	0.072753423877	0.0780070463917	0.075536682984	0.0748192061026
TARA_124_SRF_0.22-3_G.snv.bam	0.0698096303514	0.0843319715468	0.079053005869	0.0789933338305	0.0844073072837	0.0767453805838	0.084934864987	0.0802516347148	0.0838008255955	0.0876165270331	0.0754331209112	0.0743022987171	0.0791505799175	0.0792827581324	0.0732928497798	0.0749921984441	0.0675995754416	0.064442894065	0.0771031685474	0.0808623168083	0.081767883421	0.0832716636235	0.0800361700605	0.0748089842905	0.0785462073431	0.0816081303452	0.0848669135693	0.0836883058909	0.0719249274769	0.076179453448	0.0508670821216	0.0727304596342	0.0591322812604	0.0656113885421	0.0651545803454	0.0663186085967	0.0655381309742	0.0558464445364	0.0	0.0427711123485	0.043607687964	0.0731179178137	0.0847708446732	0.0860793688226	0.0765854750105	0.0758573208954	0.078121621605	0.0850191449051	0.0871137907833	0.0833415952918	0.0746908634658	0.0829722969397	0.0818301629662	0.0826239852829
TARA_128_DCM_0.22-3_G.snv.bam	0.0642609484146	0.0782311299463	0.0701986613024	0.0712217871558	0.0754967769381	0.0705754529528	0.0764855573786	0.0712859758796	0.0754439009484	0.0772455378385	0.0665819566032	0.0656829742333	0.0713216548412	0.0712650729324	0.0658090311285	0.0694733917645	0.0578422125882	0.0600074941376	0.0724114959505	0.0754395032093	0.07749411807	0.0753067933735	0.0712088343375	0.0675435995898	0.0725073908351	0.073929689126	0.0761566065747	0.0759408060377	0.0631577954656	0.0731085801928	0.0498437438897	0.0662697809558	0.0547498171605	0.0594025907526	0.0584599011207	0.0595940038443	0.0579313044549	0.0579917545859	0.0427711123485	0.0	0.0455550197051	0.0655711380495	0.0769773790375	0.0773157893438	0.0706839495097	0.0687896682791	0.0713289023914	0.0760765612684	0.0773084897576	0.075196348233	0.0689532892518	0.0734849964121	0.0750303161591	0.0746222638429
TARA_128_SRF_0.22-3_G.snv.bam	0.0664978984861	0.0765792253318	0.0748557559093	0.0728551508484	0.0755539173821	0.0718668625949	0.0765211537734	0.0727431357169	0.0756182976021	0.077750301016	0.0684949475666	0.0682294763629	0.0724775570424	0.0711364643229	0.0679177785937	0.0699708145164	0.0587914666606	0.0610295208914	0.0722444252316	0.0751701124114	0.0730053006675	0.0760265508197	0.0752182537694	0.0670794006673	0.0696898579157	0.0728039785363	0.074381129994	0.0733303830995	0.0672313270098	0.0732286443322	0.049737112835	0.0673861298964	0.0557517144868	0.0613814181505	0.056441597745	0.0564562617607	0.0576820937384	0.0554191490939	0.043607687964	0.0455550197051	0.0	0.0658799959213	0.0779579124376	0.0795454073456	0.070773557831	0.068569542506	0.0696453796036	0.0750222990597	0.075370770441	0.0737190900677	0.0686017470491	0.0759201162257	0.0755071102105	0.0740928659416
TARA_137_SRF_0.22-3_G.snv.bam	0.0544129094271	0.0549042896183	0.0598783722556	0.0549367675598	0.0546801983254	0.0495258359808	0.0423375201513	0.0431109379885	0.0411057977363	0.0444524509931	0.0443084334567	0.0436464599613	0.0456303277311	0.0444957570477	0.050771429493	0.0570965883615	0.0539589239989	0.05219916922	0.0564817522418	0.0548921607169	0.0505107498553	0.0541980338357	0.0650183225619	0.0479592911132	0.0456602462948	0.0456885397669	0.0531243510356	0.046474591246	0.053005750709	0.05868682306	0.0629906773574	0.0459476970605	0.036782101714	0.0302591926491	0.0389573152363	0.0474976329102	0.0355439714066	0.0630064684601	0.0731179178137	0.0655711380495	0.0658799959213	0.0	0.0422726803104	0.0614536932127	0.0537492708981	0.0553282398224	0.0474906289577	0.0481056355311	0.0525941849038	0.0450966342991	0.0522727287045	0.0485372558716	0.0555817067051	0.0555203410382
TARA_140_SRF_0.22-3_G.snv.bam	0.0576353329029	0.0524782094098	0.0615039289688	0.0544167310479	0.0518618962273	0.0465609861545	0.036001214439	0.0393898545916	0.0381667229563	0.0377537020128	0.0435507909968	0.0458652795688	0.0447002878207	0.045387544764	0.0507397258298	0.0594080506574	0.0613028648043	0.0591105061452	0.0585248544799	0.0541453421096	0.051778331904	0.0537258577579	0.0676071296649	0.0537703144673	0.0477640291148	0.0486996633864	0.0526541882502	0.0481748108174	0.0569532097396	0.0636138604883	0.0765646807333	0.0564652649864	0.0536293963656	0.0448639858983	0.0573144169879	0.0609488004726	0.0546934626329	0.0772629006314	0.0847708446732	0.0769773790375	0.0779579124376	0.0422726803104	0.0	0.0591295665734	0.0558267402559	0.0564223509932	0.0479305211111	0.048657750403	0.0526162066691	0.0443155592739	0.0528649468543	0.0496239441905	0.0595478431307	0.0598154438937
