	TARA_004_DCM_0.22-1.6_G.snv.bam	TARA_068_DCM_0.22-3_G.snv.bam	TARA_068_SRF_0.22-3_G.snv.bam	TARA_078_DCM_0.22-3_G.snv.bam	TARA_078_SRF_0.22-3_G.snv.bam	TARA_132_DCM_0.22-3_G.snv.bam	TARA_150_DCM_0.22-3_G.snv.bam	TARA_150_SRF_0.22-3_G.snv.bam	TARA_151_DCM_0.22-3_G.snv.bam	TARA_151_SRF_0.22-3_G.snv.bam	TARA_152_MIX_0.22-3_G.snv.bam	TARA_152_SRF_0.22-3_G.snv.bam
TARA_004_DCM_0.22-1.6_G.snv.bam	0.0	0.00615006150062	0.00738007380074	0.00738007380074	0.00984009840098	0.00123001230012	0.0	0.00123001230012	0.0	0.0	0.00123001230012	0.0
TARA_068_DCM_0.22-3_G.snv.bam	0.00615006150062	0.0	0.00123001230012	0.00492004920049	0.00492004920049	0.00369003690037	0.00246002460025	0.00123001230012	0.00246002460025	0.00246002460025	0.0110701107011	0.00984009840098
TARA_068_SRF_0.22-3_G.snv.bam	0.00738007380074	0.00123001230012	0.0	0.00615006150062	0.00369003690037	0.0	0.00246002460025	0.0	0.00369003690037	0.0	0.00738007380074	0.00861008610086
TARA_078_DCM_0.22-3_G.snv.bam	0.00738007380074	0.00492004920049	0.00615006150062	0.0	0.00246002460025	0.00492004920049	0.00369003690037	0.00492004920049	0.00738007380074	0.00861008610086	0.0159901599016	0.0135301353014
TARA_078_SRF_0.22-3_G.snv.bam	0.00984009840098	0.00492004920049	0.00369003690037	0.00246002460025	0.0	0.00369003690037	0.00246002460025	0.00123001230012	0.00738007380074	0.00738007380074	0.0123001230012	0.0123001230012
TARA_132_DCM_0.22-3_G.snv.bam	0.00123001230012	0.00369003690037	0.0	0.00492004920049	0.00369003690037	0.0	0.0	0.0	0.0	0.0	0.00123001230012	0.00369003690037
TARA_150_DCM_0.22-3_G.snv.bam	0.0	0.00246002460025	0.00246002460025	0.00369003690037	0.00246002460025	0.0	0.0	0.00123001230012	0.00123001230012	0.0	0.0	0.0
TARA_150_SRF_0.22-3_G.snv.bam	0.00123001230012	0.00123001230012	0.0	0.00492004920049	0.00123001230012	0.0	0.00123001230012	0.0	0.00123001230012	0.0	0.0	0.00369003690037
TARA_151_DCM_0.22-3_G.snv.bam	0.0	0.00246002460025	0.00369003690037	0.00738007380074	0.00738007380074	0.0	0.00123001230012	0.00123001230012	0.0	0.0	0.0	0.0
TARA_151_SRF_0.22-3_G.snv.bam	0.0	0.00246002460025	0.0	0.00861008610086	0.00738007380074	0.0	0.0	0.0	0.0	0.0	0.0	0.0
TARA_152_MIX_0.22-3_G.snv.bam	0.00123001230012	0.0110701107011	0.00738007380074	0.0159901599016	0.0123001230012	0.00123001230012	0.0	0.0	0.0	0.0	0.0	0.0
TARA_152_SRF_0.22-3_G.snv.bam	0.0	0.00984009840098	0.00861008610086	0.0135301353014	0.0123001230012	0.00369003690037	0.0	0.00369003690037	0.0	0.0	0.0	0.0
