	TARA_030_DCM_0.22-1.6_G.snv.bam	TARA_098_DCM_0.22-3_G.snv.bam	TARA_100_DCM_0.22-3_G.snv.bam	TARA_111_DCM_0.22-3_G.snv.bam	TARA_112_DCM_0.22-3_G.snv.bam	TARA_150_DCM_0.22-3_G.snv.bam	TARA_150_SRF_0.22-3_G.snv.bam
TARA_030_DCM_0.22-1.6_G.snv.bam	0.0	0.151151055313	0.0815896773249	0.0904284182953	0.14548544354	0.0797826724959	0.0856299156313
TARA_098_DCM_0.22-3_G.snv.bam	0.151151055313	0.0	0.130335971169	0.118171034878	0.0738409019829	0.142357828922	0.141690148743
TARA_100_DCM_0.22-3_G.snv.bam	0.0815896773249	0.130335971169	0.0	0.0347305576841	0.12986737029	0.0787199101558	0.0816756890146
TARA_111_DCM_0.22-3_G.snv.bam	0.0904284182953	0.118171034878	0.0347305576841	0.0	0.117533829739	0.0843035664941	0.0841103778923
TARA_112_DCM_0.22-3_G.snv.bam	0.14548544354	0.0738409019829	0.12986737029	0.117533829739	0.0	0.141230718278	0.141374897993
TARA_150_DCM_0.22-3_G.snv.bam	0.0797826724959	0.142357828922	0.0787199101558	0.0843035664941	0.141230718278	0.0	0.0483366080773
TARA_150_SRF_0.22-3_G.snv.bam	0.0856299156313	0.141690148743	0.0816756890146	0.0841103778923	0.141374897993	0.0483366080773	0.0
