	TARA_032_DCM_0.22-1.6_G.snv.bam	TARA_034_DCM_0.22-1.6_G.snv.bam	TARA_064_DCM_0.22-3_G.snv.bam	TARA_076_DCM_0.22-3_G.snv.bam	TARA_078_DCM_0.22-3_G.snv.bam	TARA_122_DCM_0.22-3_G.snv.bam	TARA_123_MIX_0.22-3_G.snv.bam	TARA_124_MIX_0.22-3_G.snv.bam	TARA_125_MIX_0.22-3_G.snv.bam	TARA_145_SRF_0.22-3_G.snv.bam	TARA_146_SRF_0.22-3_G.snv.bam	TARA_148_SRF_0.22-3_G.snv.bam
TARA_032_DCM_0.22-1.6_G.snv.bam	0.0	0.0	0.0206766917293	0.0921052631579	0.0977443609023	0.154135338346	0.142857142857	0.0657894736842	0.157894736842	0.0770676691729	0.0338345864662	0.0281954887218
TARA_034_DCM_0.22-1.6_G.snv.bam	0.0	0.0	0.031954887218	0.0996240601504	0.105263157895	0.140977443609	0.140977443609	0.0545112781955	0.148496240602	0.062030075188	0.0413533834586	0.0375939849624
TARA_064_DCM_0.22-3_G.snv.bam	0.0206766917293	0.031954887218	0.0	0.0300751879699	0.0394736842105	0.101503759398	0.0977443609023	0.0526315789474	0.101503759398	0.0281954887218	0.00751879699248	0.00187969924812
TARA_076_DCM_0.22-3_G.snv.bam	0.0921052631579	0.0996240601504	0.0300751879699	0.0	0.0	0.133458646617	0.12969924812	0.0958646616541	0.12969924812	0.0657894736842	0.0112781954887	0.0093984962406
TARA_078_DCM_0.22-3_G.snv.bam	0.0977443609023	0.105263157895	0.0394736842105	0.0	0.0	0.140977443609	0.135338345865	0.103383458647	0.135338345865	0.0789473684211	0.0225563909774	0.015037593985
TARA_122_DCM_0.22-3_G.snv.bam	0.154135338346	0.140977443609	0.101503759398	0.133458646617	0.140977443609	0.0	0.00187969924812	0.0563909774436	0.0281954887218	0.122180451128	0.101503759398	0.105263157895
TARA_123_MIX_0.22-3_G.snv.bam	0.142857142857	0.140977443609	0.0977443609023	0.12969924812	0.135338345865	0.00187969924812	0.0	0.0413533834586	0.00187969924812	0.109022556391	0.0883458646617	0.103383458647
TARA_124_MIX_0.22-3_G.snv.bam	0.0657894736842	0.0545112781955	0.0526315789474	0.0958646616541	0.103383458647	0.0563909774436	0.0413533834586	0.0	0.0714285714286	0.0695488721805	0.0451127819549	0.0507518796992
TARA_125_MIX_0.22-3_G.snv.bam	0.157894736842	0.148496240602	0.101503759398	0.12969924812	0.135338345865	0.0281954887218	0.00187969924812	0.0714285714286	0.0	0.109022556391	0.0996240601504	0.110902255639
TARA_145_SRF_0.22-3_G.snv.bam	0.0770676691729	0.062030075188	0.0281954887218	0.0657894736842	0.0789473684211	0.122180451128	0.109022556391	0.0695488721805	0.109022556391	0.0	0.00751879699248	0.0281954887218
TARA_146_SRF_0.22-3_G.snv.bam	0.0338345864662	0.0413533834586	0.00751879699248	0.0112781954887	0.0225563909774	0.101503759398	0.0883458646617	0.0451127819549	0.0996240601504	0.00751879699248	0.0	0.00187969924812
TARA_148_SRF_0.22-3_G.snv.bam	0.0281954887218	0.0375939849624	0.00187969924812	0.0093984962406	0.015037593985	0.105263157895	0.103383458647	0.0507518796992	0.110902255639	0.0281954887218	0.00187969924812	0.0
