	TARA_004_SRF_0.22-1.6_G.snv.bam	TARA_007_DCM_0.22-1.6_G.snv.bam	TARA_007_SRF_0.22-1.6_G.snv.bam	TARA_009_DCM_0.22-1.6_G.snv.bam	TARA_009_SRF_0.22-1.6_G.snv.bam	TARA_018_DCM_0.22-1.6_G.snv.bam	TARA_018_SRF_0.22-1.6_G.snv.bam	TARA_023_DCM_0.22-1.6_G.snv.bam	TARA_023_SRF_0.22-1.6_G.snv.bam	TARA_025_DCM_0.22-1.6_G.snv.bam	TARA_025_SRF_0.22-1.6_G.snv.bam	TARA_030_DCM_0.22-1.6_G.snv.bam	TARA_030_SRF_0.22-1.6_G.snv.bam	TARA_151_SRF_0.22-3_G.snv.bam
TARA_004_SRF_0.22-1.6_G.snv.bam	0.0	0.0624999367386	0.0703494931141	0.0581957984123	0.0781228366033	0.0646059492332	0.0680021348533	0.0769405887666	0.0822149037047	0.0789066721375	0.0828985349538	0.0830315290996	0.0878732816434	0.078060775375
TARA_007_DCM_0.22-1.6_G.snv.bam	0.0624999367386	0.0	0.0530777600747	0.0534137778672	0.0576350131037	0.0560060396339	0.0578622147926	0.060806654187	0.0668984321546	0.0679216517867	0.0704721161904	0.0683190911071	0.0744118295983	0.0971657818328
TARA_007_SRF_0.22-1.6_G.snv.bam	0.0703494931141	0.0530777600747	0.0	0.0583083762865	0.0233180527959	0.0285490478709	0.0292660115201	0.0292224893131	0.0313686759631	0.0334200953137	0.0350535524254	0.0311883568679	0.0405496787233	0.112392119095
TARA_009_DCM_0.22-1.6_G.snv.bam	0.0581957984123	0.0534137778672	0.0583083762865	0.0	0.0636153552369	0.0562457326684	0.0601091378527	0.0636189893788	0.0687858249178	0.0696686310103	0.0728521081807	0.0707675475815	0.0777835070731	0.0922417925091
TARA_009_SRF_0.22-1.6_G.snv.bam	0.0781228366033	0.0576350131037	0.0233180527959	0.0636153552369	0.0	0.0299244841585	0.0294300782097	0.0226195359096	0.0223581865281	0.0255832962437	0.0255481782044	0.0232025920921	0.0316301604099	0.119929294903
TARA_018_DCM_0.22-1.6_G.snv.bam	0.0646059492332	0.0560060396339	0.0285490478709	0.0562457326684	0.0299244841585	0.0	0.0218403026758	0.0322179182507	0.0333413241469	0.0294876837064	0.03253976905	0.0313089731949	0.0374878238317	0.109928024692
TARA_018_SRF_0.22-1.6_G.snv.bam	0.0680021348533	0.0578622147926	0.0292660115201	0.0601091378527	0.0294300782097	0.0218403026758	0.0	0.0333445629803	0.0322668287266	0.0287972446754	0.0313950170386	0.0303341836866	0.0361115798491	0.112158489627
TARA_023_DCM_0.22-1.6_G.snv.bam	0.0769405887666	0.060806654187	0.0292224893131	0.0636189893788	0.0226195359096	0.0322179182507	0.0333445629803	0.0	0.0215266200992	0.026401933855	0.0276567920525	0.0252272037002	0.0339464360406	0.118140701778
TARA_023_SRF_0.22-1.6_G.snv.bam	0.0822149037047	0.0668984321546	0.0313686759631	0.0687858249178	0.0223581865281	0.0333413241469	0.0322668287266	0.0215266200992	0.0	0.0211869459512	0.0175786122064	0.0189164059657	0.0238837311759	0.12689051979
TARA_025_DCM_0.22-1.6_G.snv.bam	0.0789066721375	0.0679216517867	0.0334200953137	0.0696686310103	0.0255832962437	0.0294876837064	0.0287972446754	0.026401933855	0.0211869459512	0.0	0.0194396819053	0.0223729832143	0.0245238368519	0.125222104811
TARA_025_SRF_0.22-1.6_G.snv.bam	0.0828985349538	0.0704721161904	0.0350535524254	0.0728521081807	0.0255481782044	0.03253976905	0.0313950170386	0.0276567920525	0.0175786122064	0.0194396819053	0.0	0.0202566649322	0.0181588143824	0.129431625516
TARA_030_DCM_0.22-1.6_G.snv.bam	0.0830315290996	0.0683190911071	0.0311883568679	0.0707675475815	0.0232025920921	0.0313089731949	0.0303341836866	0.0252272037002	0.0189164059657	0.0223729832143	0.0202566649322	0.0	0.0214453007357	0.127139011117
TARA_030_SRF_0.22-1.6_G.snv.bam	0.0878732816434	0.0744118295983	0.0405496787233	0.0777835070731	0.0316301604099	0.0374878238317	0.0361115798491	0.0339464360406	0.0238837311759	0.0245238368519	0.0181588143824	0.0214453007357	0.0	0.135319482178
TARA_151_SRF_0.22-3_G.snv.bam	0.078060775375	0.0971657818328	0.112392119095	0.0922417925091	0.119929294903	0.109928024692	0.112158489627	0.118140701778	0.12689051979	0.125222104811	0.129431625516	0.127139011117	0.135319482178	0.0
