	TARA_036_DCM_0.22-1.6_G.snv.bam	TARA_036_SRF_0.22-1.6_G.snv.bam	TARA_038_DCM_0.22-1.6_G.snv.bam	TARA_038_SRF_0.22-1.6_G.snv.bam	TARA_102_SRF_0.22-3_G.snv.bam	TARA_109_DCM_0.22-3_G.snv.bam	TARA_109_SRF_0.22-3_G.snv.bam	TARA_110_DCM_0.22-3_G.snv.bam	TARA_110_MES_0.22-3_G.snv.bam	TARA_110_SRF_0.22-3_G.snv.bam	TARA_137_SRF_0.22-3_G.snv.bam
TARA_036_DCM_0.22-1.6_G.snv.bam	0.0	0.0245487221851	0.0332656991359	0.0343044700798	0.101310923105	0.0974547662404	0.097752609928	0.0985199085539	0.0948860840244	0.0983089823943	0.101738453104
TARA_036_SRF_0.22-1.6_G.snv.bam	0.0245487221851	0.0	0.0337949047014	0.0357000346366	0.0988682071906	0.0955106149373	0.0957798296636	0.0976121513825	0.09350506467	0.0969536908129	0.0991812995168
TARA_038_DCM_0.22-1.6_G.snv.bam	0.0332656991359	0.0337949047014	0.0	0.0380484021665	0.102158477043	0.0993093193121	0.0993804381929	0.100106745249	0.0970615819183	0.0985441997391	0.10171522038
TARA_038_SRF_0.22-1.6_G.snv.bam	0.0343044700798	0.0357000346366	0.0380484021665	0.0	0.107495369627	0.104306436222	0.103374778334	0.103735847909	0.101220823228	0.103007623974	0.106404698084
TARA_102_SRF_0.22-3_G.snv.bam	0.101310923105	0.0988682071906	0.102158477043	0.107495369627	0.0	0.0313815440889	0.0296974959491	0.0451309520515	0.0441661471534	0.0373456709339	0.0427080798967
TARA_109_DCM_0.22-3_G.snv.bam	0.0974547662404	0.0955106149373	0.0993093193121	0.104306436222	0.0313815440889	0.0	0.0190959264014	0.0352608675743	0.0371813248095	0.0303529020216	0.0397459831566
TARA_109_SRF_0.22-3_G.snv.bam	0.097752609928	0.0957798296636	0.0993804381929	0.103374778334	0.0296974959491	0.0190959264014	0.0	0.0352027067164	0.0362213642547	0.0279258914898	0.0378869925314
TARA_110_DCM_0.22-3_G.snv.bam	0.0985199085539	0.0976121513825	0.100106745249	0.103735847909	0.0451309520515	0.0352608675743	0.0352027067164	0.0	0.0408513696361	0.0329145332019	0.0440408342
TARA_110_MES_0.22-3_G.snv.bam	0.0948860840244	0.09350506467	0.0970615819183	0.101220823228	0.0441661471534	0.0371813248095	0.0362213642547	0.0408513696361	0.0	0.0368692233049	0.0468550483564
TARA_110_SRF_0.22-3_G.snv.bam	0.0983089823943	0.0969536908129	0.0985441997391	0.103007623974	0.0373456709339	0.0303529020216	0.0279258914898	0.0329145332019	0.0368692233049	0.0	0.037268948257
TARA_137_SRF_0.22-3_G.snv.bam	0.101738453104	0.0991812995168	0.10171522038	0.106404698084	0.0427080798967	0.0397459831566	0.0378869925314	0.0440408342	0.0468550483564	0.037268948257	0.0
