	TARA_078_DCM_0.22-3_G.snv.bam	TARA_098_DCM_0.22-3_G.snv.bam	TARA_100_DCM_0.22-3_G.snv.bam	TARA_111_DCM_0.22-3_G.snv.bam	TARA_150_DCM_0.22-3_G.snv.bam	TARA_151_SRF_0.22-3_G.snv.bam
TARA_078_DCM_0.22-3_G.snv.bam	0.0	0.125202713181	0.0893353169967	0.0934169927557	0.0548413951996	0.0688157441177
TARA_098_DCM_0.22-3_G.snv.bam	0.125202713181	0.0	0.132983164672	0.134409733339	0.133867202939	0.138085618454
TARA_100_DCM_0.22-3_G.snv.bam	0.0893353169967	0.132983164672	0.0	0.0305138800535	0.0871892003502	0.0988293503414
TARA_111_DCM_0.22-3_G.snv.bam	0.0934169927557	0.134409733339	0.0305138800535	0.0	0.0901885658111	0.100210885496
TARA_150_DCM_0.22-3_G.snv.bam	0.0548413951996	0.133867202939	0.0871892003502	0.0901885658111	0.0	0.0657306590319
TARA_151_SRF_0.22-3_G.snv.bam	0.0688157441177	0.138085618454	0.0988293503414	0.100210885496	0.0657306590319	0.0
