	TARA_056_MES_0.22-3_G.snv.bam	TARA_064_MES_0.22-3_G.snv.bam	TARA_065_MES_0.22-3_G.snv.bam	TARA_068_MES_0.22-3_G.snv.bam	TARA_070_MES_0.22-3_G.snv.bam	TARA_072_MES_0.22-3_G.snv.bam	TARA_076_MES_0.22-3_G.snv.bam	TARA_078_MES_0.22-3_G.snv.bam	TARA_085_MES_0.22-3_G.snv.bam	TARA_098_MES_0.22-3_G.snv.bam	TARA_102_MES_0.22-3_G.snv.bam	TARA_109_MES_0.22-3_G.snv.bam	TARA_110_MES_0.22-3_G.snv.bam	TARA_111_MES_0.22-3_G.snv.bam	TARA_112_MES_0.22-3_G.snv.bam	TARA_122_MES_0.22-3_G.snv.bam	TARA_132_MES_0.22-3_G.snv.bam	TARA_133_MES_0.22-3_G.snv.bam	TARA_137_MES_0.22-3_G.snv.bam	TARA_142_MES_0.22-3_G.snv.bam	TARA_145_MES_0.22-3_G.snv.bam	TARA_146_MES_0.22-3_G.snv.bam	TARA_149_MES_0.22-3_G.snv.bam	TARA_152_MES_0.22-3_G.snv.bam
TARA_056_MES_0.22-3_G.snv.bam	0.0	0.0646583923457	0.0715604367423	0.0658883319347	0.044496947333	0.0475033295005	0.0498859675591	0.0685401139449	0.107565681884	0.0662404616439	0.0598753212438	0.0688819288131	0.0667057043081	0.0672239009545	0.0471516328365	0.0383790488381	0.0594898324484	0.0371515494743	0.0742355354835	0.0543082327521	0.0547501420963	0.0654002713027	0.0639015103152	0.062278740927
TARA_064_MES_0.22-3_G.snv.bam	0.0646583923457	0.0	0.036682908262	0.031804414203	0.0702427765235	0.0734271901368	0.0601629873489	0.0371717263147	0.128053757312	0.0378470839222	0.0716740027225	0.0621769065286	0.0771781326835	0.0676872463563	0.0433256316905	0.0659173588474	0.0394940983373	0.0703647427137	0.0978091617002	0.0503070551397	0.0682648585048	0.0463596638109	0.0408729698188	0.0353211135631
TARA_065_MES_0.22-3_G.snv.bam	0.0715604367423	0.036682908262	0.0	0.0328853861016	0.0798221405677	0.0833894953711	0.0693621216234	0.0494075501232	0.131371409976	0.0366314134245	0.0716966849266	0.0563626656571	0.0761757289217	0.0660548335692	0.0563231091752	0.0670413329492	0.0377462409272	0.0816091950818	0.0971000789096	0.0478992704573	0.0787358828535	0.0417596749315	0.0372685109223	0.0329146263598
TARA_068_MES_0.22-3_G.snv.bam	0.0658883319347	0.031804414203	0.0328853861016	0.0	0.0683882126502	0.0734144213632	0.0567262859044	0.0340908592945	0.125251959198	0.0406949381237	0.0749988605021	0.0629600614243	0.0791951944483	0.0716498024737	0.0439672605531	0.0655047968027	0.0358948163206	0.0715607391674	0.0961228975146	0.0493966773417	0.0638492241331	0.0455743668662	0.0413504605229	0.0335511830231
TARA_070_MES_0.22-3_G.snv.bam	0.044496947333	0.0702427765235	0.0798221405677	0.0683882126502	0.0	0.0466042283536	0.03657795066	0.064102481739	0.104641581871	0.0816151801251	0.0791353549934	0.0842123071275	0.0840975784354	0.0841694954416	0.047679884924	0.0594366358748	0.069850709755	0.0424208289654	0.0829875417889	0.0693816419767	0.0376408877786	0.0766260869833	0.0748221486308	0.0706743268465
TARA_072_MES_0.22-3_G.snv.bam	0.0475033295005	0.0734271901368	0.0833894953711	0.0734144213632	0.0466042283536	0.0	0.0507653795315	0.0714770675179	0.114249944964	0.0780751223179	0.0735212013425	0.0794075116713	0.0764947812949	0.0787990802554	0.0545504829937	0.0541184004704	0.0714862666062	0.0466684226302	0.0799885572374	0.0663915265827	0.053561572556	0.075766174542	0.0745353665403	0.0738129804873
TARA_076_MES_0.22-3_G.snv.bam	0.0498859675591	0.0601629873489	0.0693621216234	0.0567262859044	0.03657795066	0.0507653795315	0.0	0.0497863078026	0.111506237881	0.0712550107534	0.0773170765375	0.0778649850279	0.0824490895451	0.0794638806066	0.0391524106212	0.06062811838	0.0601655212378	0.0470619068774	0.0848503816373	0.0631131535864	0.0330784636311	0.0686751072437	0.0661332838462	0.0619677831199
TARA_078_MES_0.22-3_G.snv.bam	0.0685401139449	0.0371717263147	0.0494075501232	0.0340908592945	0.064102481739	0.0714770675179	0.0497863078026	0.0	0.123887734761	0.0528655541841	0.0827547975447	0.0750377552695	0.0871001613539	0.0805829128945	0.0392302034913	0.0734669709362	0.0485677682291	0.0662199369625	0.102116911143	0.0607207703926	0.0562180418717	0.0587661516611	0.0543204865977	0.0478996160882
TARA_085_MES_0.22-3_G.snv.bam	0.107565681884	0.128053757312	0.131371409976	0.125251959198	0.104641581871	0.114249944964	0.111506237881	0.123887734761	0.0	0.132452980509	0.131401429105	0.132394960868	0.131743109155	0.135837639973	0.118501452973	0.118707106675	0.125098417677	0.113174415473	0.125785743833	0.124524580206	0.110288768513	0.12798825429	0.129080365849	0.125165316098
TARA_098_MES_0.22-3_G.snv.bam	0.0662404616439	0.0378470839222	0.0366314134245	0.0406949381237	0.0816151801251	0.0780751223179	0.0712550107534	0.0528655541841	0.132452980509	0.0	0.0573683744777	0.049521631709	0.0642431880135	0.0508558204303	0.0523961784135	0.0583893214002	0.0328500387343	0.0750547205447	0.0928949860578	0.0400833829184	0.0810830795359	0.0400827089471	0.0370800680527	0.0381358578457
TARA_102_MES_0.22-3_G.snv.bam	0.0598753212438	0.0716740027225	0.0716966849266	0.0749988605021	0.0791353549934	0.0735212013425	0.0773170765375	0.0827547975447	0.131401429105	0.0573683744777	0.0	0.0461600711273	0.0341405151184	0.0319672404055	0.0687289858273	0.0435593495092	0.0599573481158	0.065539087793	0.0605545583478	0.0517898046999	0.0831420148166	0.0639440678387	0.0624524730745	0.0675142369786
TARA_109_MES_0.22-3_G.snv.bam	0.0688819288131	0.0621769065286	0.0563626656571	0.0629600614243	0.0842123071275	0.0794075116713	0.0778649850279	0.0750377552695	0.132394960868	0.049521631709	0.0461600711273	0.0	0.0491483484974	0.039525317656	0.06892491403	0.0553226822239	0.0518441520143	0.0783161423599	0.0736952248186	0.044909538292	0.0836502592626	0.0492214477818	0.0497307673328	0.0545741315963
TARA_110_MES_0.22-3_G.snv.bam	0.0667057043081	0.0771781326835	0.0761757289217	0.0791951944483	0.0840975784354	0.0764947812949	0.0824490895451	0.0871001613539	0.131743109155	0.0642431880135	0.0341405151184	0.0491483484974	0.0	0.041340039225	0.07510046594	0.0514563336448	0.0661258665407	0.0712955690169	0.0603524525904	0.058459615954	0.0878214323141	0.0670109091116	0.0671892730586	0.072093328285
TARA_111_MES_0.22-3_G.snv.bam	0.0672239009545	0.0676872463563	0.0660548335692	0.0716498024737	0.0841694954416	0.0787990802554	0.0794638806066	0.0805829128945	0.135837639973	0.0508558204303	0.0319672404055	0.039525317656	0.041340039225	0.0	0.0685861160876	0.0525199404302	0.0567694905666	0.0728410718465	0.0713459435826	0.0476816750055	0.0851042763593	0.0563630728337	0.0570234557106	0.062350411435
TARA_112_MES_0.22-3_G.snv.bam	0.0471516328365	0.0433256316905	0.0563231091752	0.0439672605531	0.047679884924	0.0545504829937	0.0391524106212	0.0392302034913	0.118501452973	0.0523961784135	0.0687289858273	0.06892491403	0.07510046594	0.0685861160876	0.0	0.0557985603392	0.0472255370498	0.0461152804866	0.0888862986256	0.0531984000688	0.0475108696873	0.057095172356	0.0537904110666	0.0489296480082
TARA_122_MES_0.22-3_G.snv.bam	0.0383790488381	0.0659173588474	0.0670413329492	0.0655047968027	0.0594366358748	0.0541184004704	0.06062811838	0.0734669709362	0.118707106675	0.0583893214002	0.0435593495092	0.0553226822239	0.0514563336448	0.0525199404302	0.0557985603392	0.0	0.0553525960746	0.0493657156289	0.0697945500206	0.044866640171	0.0676803858443	0.0596462435957	0.0583002654766	0.0606602660704
TARA_132_MES_0.22-3_G.snv.bam	0.0594898324484	0.0394940983373	0.0377462409272	0.0358948163206	0.069850709755	0.0714862666062	0.0601655212378	0.0485677682291	0.125098417677	0.0328500387343	0.0599573481158	0.0518441520143	0.0661258665407	0.0567694905666	0.0472255370498	0.0553525960746	0.0	0.0688960046811	0.0859925015078	0.0388020569018	0.0698098354814	0.0406678731644	0.0376165039243	0.0337720372206
TARA_133_MES_0.22-3_G.snv.bam	0.0371515494743	0.0703647427137	0.0816091950818	0.0715607391674	0.0424208289654	0.0466684226302	0.0470619068774	0.0662199369625	0.113174415473	0.0750547205447	0.065539087793	0.0783161423599	0.0712955690169	0.0728410718465	0.0461152804866	0.0493657156289	0.0688960046811	0.0	0.0753314857116	0.0650647540398	0.0484583593313	0.0751436515108	0.0725820830469	0.0711106346061
TARA_137_MES_0.22-3_G.snv.bam	0.0742355354835	0.0978091617002	0.0971000789096	0.0961228975146	0.0829875417889	0.0799885572374	0.0848503816373	0.102116911143	0.125785743833	0.0928949860578	0.0605545583478	0.0736952248186	0.0603524525904	0.0713459435826	0.0888862986256	0.0697945500206	0.0859925015078	0.0753314857116	0.0	0.081451700742	0.0886274413054	0.0886198405023	0.0907509444987	0.0915964456146
TARA_142_MES_0.22-3_G.snv.bam	0.0543082327521	0.0503070551397	0.0478992704573	0.0493966773417	0.0693816419767	0.0663915265827	0.0631131535864	0.0607207703926	0.124524580206	0.0400833829184	0.0517898046999	0.044909538292	0.058459615954	0.0476816750055	0.0531984000688	0.044866640171	0.0388020569018	0.0650647540398	0.081451700742	0.0	0.0708737294683	0.0369517091407	0.0345131495157	0.0389528577637
TARA_145_MES_0.22-3_G.snv.bam	0.0547501420963	0.0682648585048	0.0787358828535	0.0638492241331	0.0376408877786	0.053561572556	0.0330784636311	0.0562180418717	0.110288768513	0.0810830795359	0.0831420148166	0.0836502592626	0.0878214323141	0.0851042763593	0.0475108696873	0.0676803858443	0.0698098354814	0.0484583593313	0.0886274413054	0.0708737294683	0.0	0.076849740029	0.0743289246581	0.0697751071295
TARA_146_MES_0.22-3_G.snv.bam	0.0654002713027	0.0463596638109	0.0417596749315	0.0455743668662	0.0766260869833	0.075766174542	0.0686751072437	0.0587661516611	0.12798825429	0.0400827089471	0.0639440678387	0.0492214477818	0.0670109091116	0.0563630728337	0.057095172356	0.0596462435957	0.0406678731644	0.0751436515108	0.0886198405023	0.0369517091407	0.076849740029	0.0	0.031886250463	0.0359078003143
TARA_149_MES_0.22-3_G.snv.bam	0.0639015103152	0.0408729698188	0.0372685109223	0.0413504605229	0.0748221486308	0.0745353665403	0.0661332838462	0.0543204865977	0.129080365849	0.0370800680527	0.0624524730745	0.0497307673328	0.0671892730586	0.0570234557106	0.0537904110666	0.0583002654766	0.0376165039243	0.0725820830469	0.0907509444987	0.0345131495157	0.0743289246581	0.031886250463	0.0	0.029000350364
TARA_152_MES_0.22-3_G.snv.bam	0.062278740927	0.0353211135631	0.0329146263598	0.0335511830231	0.0706743268465	0.0738129804873	0.0619677831199	0.0478996160882	0.125165316098	0.0381358578457	0.0675142369786	0.0545741315963	0.072093328285	0.062350411435	0.0489296480082	0.0606602660704	0.0337720372206	0.0711106346061	0.0915964456146	0.0389528577637	0.0697751071295	0.0359078003143	0.029000350364	0.0
