	TARA_004_DCM_0.22-1.6_G.snv.bam	TARA_007_DCM_0.22-1.6_G.snv.bam	TARA_009_DCM_0.22-1.6_G.snv.bam	TARA_066_DCM_0.22-3_G.snv.bam	TARA_066_SRF_0.22-3_G.snv.bam	TARA_067_SRF_0.22-3_G.snv.bam	TARA_133_DCM_0.22-3_G.snv.bam	TARA_145_SRF_0.22-3_G.snv.bam	TARA_152_MIX_0.22-3_G.snv.bam	TARA_152_SRF_0.22-3_G.snv.bam
TARA_004_DCM_0.22-1.6_G.snv.bam	0.0	0.0264911903097	0.0366416838875	0.145272232898	0.145137821006	0.101905357677	0.229225735717	0.0532263800677	0.0388637437884	0.0387866785308
TARA_007_DCM_0.22-1.6_G.snv.bam	0.0264911903097	0.0	0.0343351303349	0.144660085559	0.1426740605	0.097863048907	0.220584488052	0.0511058629904	0.0420364699623	0.0411668585806
TARA_009_DCM_0.22-1.6_G.snv.bam	0.0366416838875	0.0343351303349	0.0	0.149490982225	0.146077159732	0.0996851482978	0.218918430977	0.0409437844096	0.034433962742	0.0345135374994
TARA_066_DCM_0.22-3_G.snv.bam	0.145272232898	0.144660085559	0.149490982225	0.0	0.0478331211815	0.113538588102	0.216875787769	0.156436283226	0.153445116178	0.153918892073
TARA_066_SRF_0.22-3_G.snv.bam	0.145137821006	0.1426740605	0.146077159732	0.0478331211815	0.0	0.11290248706	0.224161371326	0.152585816991	0.151317842252	0.151023665988
TARA_067_SRF_0.22-3_G.snv.bam	0.101905357677	0.097863048907	0.0996851482978	0.113538588102	0.11290248706	0.0	0.192302551282	0.106585803639	0.107393435619	0.107065750346
TARA_133_DCM_0.22-3_G.snv.bam	0.229225735717	0.220584488052	0.218918430977	0.216875787769	0.224161371326	0.192302551282	0.0	0.225725051946	0.227015736809	0.226621823928
TARA_145_SRF_0.22-3_G.snv.bam	0.0532263800677	0.0511058629904	0.0409437844096	0.156436283226	0.152585816991	0.106585803639	0.225725051946	0.0	0.0455584082207	0.0451218098581
TARA_152_MIX_0.22-3_G.snv.bam	0.0388637437884	0.0420364699623	0.034433962742	0.153445116178	0.151317842252	0.107393435619	0.227015736809	0.0455584082207	0.0	0.0124993272453
TARA_152_SRF_0.22-3_G.snv.bam	0.0387866785308	0.0411668585806	0.0345135374994	0.153918892073	0.151023665988	0.107065750346	0.226621823928	0.0451218098581	0.0124993272453	0.0
