	TARA_037_MES_0.22-1.6_G.snv.bam	TARA_098_MES_0.22-3_G.snv.bam	TARA_100_MES_0.22-3_G.snv.bam	TARA_102_MES_0.22-3_G.snv.bam	TARA_109_MES_0.22-3_G.snv.bam	TARA_110_MES_0.22-3_G.snv.bam	TARA_111_MES_0.22-3_G.snv.bam	TARA_122_MES_0.22-3_G.snv.bam	TARA_137_DCM_0.22-3_G.snv.bam	TARA_137_MES_0.22-3_G.snv.bam	TARA_138_MES_0.22-3_G.snv.bam	TARA_142_MES_0.22-3_G.snv.bam	TARA_146_MES_0.22-3_G.snv.bam	TARA_149_MES_0.22-3_G.snv.bam	TARA_152_MES_0.22-3_G.snv.bam
TARA_037_MES_0.22-1.6_G.snv.bam	0.0	0.0350877192982	0.0	0.0248538011696	0.0321637426901	0.00730994152047	0.0204678362573	0.0336257309942	0.0	0.0	0.0	0.046783625731	0.0394736842105	0.0511695906433	0.0336257309942
TARA_098_MES_0.22-3_G.snv.bam	0.0350877192982	0.0	0.016081871345	0.00292397660819	0.00146198830409	0.00584795321637	0.00146198830409	0.00438596491228	0.0365497076023	0.0292397660819	0.0409356725146	0.00146198830409	0.0	0.0	0.00292397660819
TARA_100_MES_0.22-3_G.snv.bam	0.0	0.016081871345	0.0	0.00730994152047	0.00730994152047	0.0	0.00584795321637	0.0116959064327	0.0	0.0	0.00292397660819	0.0175438596491	0.0146198830409	0.0190058479532	0.0131578947368
TARA_102_MES_0.22-3_G.snv.bam	0.0248538011696	0.00292397660819	0.00730994152047	0.0	0.0	0.0	0.0	0.0	0.0277777777778	0.00877192982456	0.0321637426901	0.0	0.0	0.00730994152047	0.0
TARA_109_MES_0.22-3_G.snv.bam	0.0321637426901	0.00146198830409	0.00730994152047	0.0	0.0	0.0	0.0	0.00146198830409	0.0336257309942	0.0248538011696	0.0394736842105	0.0	0.0	0.0	0.0
TARA_110_MES_0.22-3_G.snv.bam	0.00730994152047	0.00584795321637	0.0	0.0	0.0	0.0	0.0	0.00438596491228	0.00877192982456	0.0	0.00438596491228	0.00438596491228	0.00438596491228	0.00877192982456	0.00730994152047
TARA_111_MES_0.22-3_G.snv.bam	0.0204678362573	0.00146198830409	0.00584795321637	0.0	0.0	0.0	0.0	0.00146198830409	0.0263157894737	0.00877192982456	0.030701754386	0.0	0.0	0.00146198830409	0.0
TARA_122_MES_0.22-3_G.snv.bam	0.0336257309942	0.00438596491228	0.0116959064327	0.0	0.00146198830409	0.00438596491228	0.00146198830409	0.0	0.030701754386	0.0248538011696	0.0336257309942	0.00292397660819	0.00584795321637	0.00438596491228	0.00438596491228
TARA_137_DCM_0.22-3_G.snv.bam	0.0	0.0365497076023	0.0	0.0277777777778	0.0336257309942	0.00877192982456	0.0263157894737	0.030701754386	0.0	0.0	0.0	0.0423976608187	0.0380116959064	0.0497076023392	0.030701754386
TARA_137_MES_0.22-3_G.snv.bam	0.0	0.0292397660819	0.0	0.00877192982456	0.0248538011696	0.0	0.00877192982456	0.0248538011696	0.0	0.0	0.0	0.0423976608187	0.0321637426901	0.0423976608187	0.0292397660819
TARA_138_MES_0.22-3_G.snv.bam	0.0	0.0409356725146	0.00292397660819	0.0321637426901	0.0394736842105	0.00438596491228	0.030701754386	0.0336257309942	0.0	0.0	0.0	0.0497076023392	0.0438596491228	0.0570175438596	0.0380116959064
TARA_142_MES_0.22-3_G.snv.bam	0.046783625731	0.00146198830409	0.0175438596491	0.0	0.0	0.00438596491228	0.0	0.00292397660819	0.0423976608187	0.0423976608187	0.0497076023392	0.0	0.0	0.0	0.0
TARA_146_MES_0.22-3_G.snv.bam	0.0394736842105	0.0	0.0146198830409	0.0	0.0	0.00438596491228	0.0	0.00584795321637	0.0380116959064	0.0321637426901	0.0438596491228	0.0	0.0	0.0	0.0
TARA_149_MES_0.22-3_G.snv.bam	0.0511695906433	0.0	0.0190058479532	0.00730994152047	0.0	0.00877192982456	0.00146198830409	0.00438596491228	0.0497076023392	0.0423976608187	0.0570175438596	0.0	0.0	0.0	0.0
TARA_152_MES_0.22-3_G.snv.bam	0.0336257309942	0.00292397660819	0.0131578947368	0.0	0.0	0.00730994152047	0.0	0.00438596491228	0.030701754386	0.0292397660819	0.0380116959064	0.0	0.0	0.0	0.0
