	TARA_037_MES_0.22-1.6_G.snv.bam	TARA_038_MES_0.22-1.6_G.snv.bam	TARA_039_MES_0.22-1.6_G.snv.bam	TARA_100_MES_0.22-3_G.snv.bam	TARA_137_DCM_0.22-3_G.snv.bam	TARA_137_MES_0.22-3_G.snv.bam	TARA_138_MES_0.22-3_G.snv.bam
TARA_037_MES_0.22-1.6_G.snv.bam	0.0	0.00961598539921	0.0083764596219	0.502828561999	0.496586737099	0.290506670258	0.257854397086
TARA_038_MES_0.22-1.6_G.snv.bam	0.00961598539921	0.0	0.0124558630905	0.501921719524	0.494926543266	0.289252341403	0.255009163336
TARA_039_MES_0.22-1.6_G.snv.bam	0.0083764596219	0.0124558630905	0.0	0.499812356474	0.493262298589	0.293703203624	0.261022570037
TARA_100_MES_0.22-3_G.snv.bam	0.502828561999	0.501921719524	0.499812356474	0.0	0.0504508733509	0.434447132677	0.490571844105
TARA_137_DCM_0.22-3_G.snv.bam	0.496586737099	0.494926543266	0.493262298589	0.0504508733509	0.0	0.407623848985	0.471689342574
TARA_137_MES_0.22-3_G.snv.bam	0.290506670258	0.289252341403	0.293703203624	0.434447132677	0.407623848985	0.0	0.102526775913
TARA_138_MES_0.22-3_G.snv.bam	0.257854397086	0.255009163336	0.261022570037	0.490571844105	0.471689342574	0.102526775913	0.0
