	TARA_031_SRF_0.22-1.6_G.snv.bam	TARA_032_SRF_0.22-1.6_G.snv.bam	TARA_033_SRF_0.22-1.6_G.snv.bam	TARA_034_SRF_0.22-1.6_G.snv.bam	TARA_036_DCM_0.22-1.6_G.snv.bam	TARA_036_SRF_0.22-1.6_G.snv.bam	TARA_038_DCM_0.22-1.6_G.snv.bam	TARA_038_SRF_0.22-1.6_G.snv.bam	TARA_039_DCM_0.22-1.6_G.snv.bam	TARA_041_DCM_0.22-1.6_G.snv.bam	TARA_041_SRF_0.22-1.6_G.snv.bam	TARA_042_DCM_0.22-1.6_G.snv.bam	TARA_042_SRF_0.22-1.6_G.snv.bam	TARA_056_SRF_0.22-3_G.snv.bam	TARA_057_SRF_0.22-3_G.snv.bam	TARA_058_DCM_0.22-3_G.snv.bam	TARA_062_SRF_0.22-3_G.snv.bam	TARA_064_DCM_0.22-3_G.snv.bam	TARA_064_SRF_0.22-3_G.snv.bam	TARA_065_DCM_0.22-3_G.snv.bam	TARA_065_SRF_0.22-3_G.snv.bam	TARA_072_SRF_0.22-3_G.snv.bam	TARA_142_DCM_0.22-3_G.snv.bam	TARA_142_SRF_0.22-3_G.snv.bam	TARA_146_SRF_0.22-3_G.snv.bam	TARA_148_SRF_0.22-3_G.snv.bam	TARA_149_SRF_0.22-3_G.snv.bam
TARA_031_SRF_0.22-1.6_G.snv.bam	0.0	0.00127959053103	0.000639795265515	0.00255918106206	0.00255918106206	0.00383877159309	0.00191938579655	0.00319897632758	0.00319897632758	0.00191938579655	0.00191938579655	0.000639795265515	0.00127959053103	0.0	0.0	0.000639795265515	0.0	0.00191938579655	0.00191938579655	0.000639795265515	0.0	0.00319897632758	0.0243122200896	0.0281509916827	0.042226487524	0.0447856685861	0.0364683301344
TARA_032_SRF_0.22-1.6_G.snv.bam	0.00127959053103	0.0	0.0	0.0	0.00639795265515	0.00447856685861	0.00575815738964	0.00383877159309	0.00511836212412	0.00127959053103	0.00447856685861	0.00127959053103	0.00127959053103	0.00127959053103	0.00127959053103	0.00255918106206	0.000639795265515	0.00703774792067	0.00447856685861	0.00319897632758	0.00191938579655	0.00639795265515	0.0249520153551	0.0326295585413	0.0467050543826	0.0499040307102	0.0390275111964
TARA_033_SRF_0.22-1.6_G.snv.bam	0.000639795265515	0.0	0.0	0.0	0.0172744721689	0.0153550863724	0.0140754958413	0.0108765195138	0.0115163147793	0.0115163147793	0.0115163147793	0.00639795265515	0.00767754318618	0.00767754318618	0.00895713371721	0.0102367242482	0.0083173384517	0.021113243762	0.0134357005758	0.0102367242482	0.0102367242482	0.0179142674344	0.0371081253999	0.0415866922585	0.0607805502239	0.064619321817	0.0550223928343
TARA_034_SRF_0.22-1.6_G.snv.bam	0.00255918106206	0.0	0.0	0.0	0.0185540626999	0.0140754958413	0.0147152911068	0.0134357005758	0.0140754958413	0.0147152911068	0.0134357005758	0.00895713371721	0.00959692898273	0.0102367242482	0.0127959053103	0.0134357005758	0.0134357005758	0.022392834293	0.0166346769034	0.0127959053103	0.0153550863724	0.019833653231	0.0358285348688	0.043506078055	0.0614203454894	0.064619321817	0.0563019833653
TARA_036_DCM_0.22-1.6_G.snv.bam	0.00255918106206	0.00639795265515	0.0172744721689	0.0185540626999	0.0	0.0	0.000639795265515	0.0	0.00191938579655	0.000639795265515	0.00127959053103	0.000639795265515	0.00191938579655	0.00191938579655	0.00255918106206	0.000639795265515	0.00127959053103	0.00127959053103	0.0	0.000639795265515	0.0	0.00319897632758	0.0204734484965	0.0236724248241	0.0415866922585	0.0428662827895	0.0339091490723
TARA_036_SRF_0.22-1.6_G.snv.bam	0.00383877159309	0.00447856685861	0.0153550863724	0.0140754958413	0.0	0.0	0.0	0.0	0.00191938579655	0.0	0.00127959053103	0.0	0.00255918106206	0.00191938579655	0.00255918106206	0.000639795265515	0.0	0.00319897632758	0.00127959053103	0.000639795265515	0.0	0.00127959053103	0.022392834293	0.0262316058861	0.0390275111964	0.0415866922585	0.0326295585413
TARA_038_DCM_0.22-1.6_G.snv.bam	0.00191938579655	0.00575815738964	0.0140754958413	0.0147152911068	0.000639795265515	0.0	0.0	0.0	0.0	0.0	0.0	0.0	0.000639795265515	0.000639795265515	0.0	0.0	0.0	0.000639795265515	0.0	0.000639795265515	0.0	0.00191938579655	0.0185540626999	0.019833653231	0.0377479206654	0.040946896993	0.0294305822137
TARA_038_SRF_0.22-1.6_G.snv.bam	0.00319897632758	0.00383877159309	0.0108765195138	0.0134357005758	0.0	0.0	0.0	0.0	0.00127959053103	0.0	0.0	0.0	0.000639795265515	0.00127959053103	0.00127959053103	0.0	0.0	0.00127959053103	0.00191938579655	0.000639795265515	0.0	0.00127959053103	0.019833653231	0.021113243762	0.0390275111964	0.042226487524	0.0332693538068
TARA_039_DCM_0.22-1.6_G.snv.bam	0.00319897632758	0.00511836212412	0.0115163147793	0.0140754958413	0.00191938579655	0.00191938579655	0.0	0.00127959053103	0.0	0.0	0.0	0.00127959053103	0.00255918106206	0.00191938579655	0.00383877159309	0.00191938579655	0.00191938579655	0.00383877159309	0.00191938579655	0.00127959053103	0.00191938579655	0.00191938579655	0.0179142674344	0.019833653231	0.0339091490723	0.0358285348688	0.0287907869482
TARA_041_DCM_0.22-1.6_G.snv.bam	0.00191938579655	0.00127959053103	0.0115163147793	0.0147152911068	0.000639795265515	0.0	0.0	0.0	0.0	0.0	0.0	0.000639795265515	0.0	0.000639795265515	0.000639795265515	0.0	0.0	0.00127959053103	0.0	0.0	0.0	0.000639795265515	0.0166346769034	0.0217530390275	0.0358285348688	0.0383877159309	0.0287907869482
TARA_041_SRF_0.22-1.6_G.snv.bam	0.00191938579655	0.00447856685861	0.0115163147793	0.0134357005758	0.00127959053103	0.00127959053103	0.0	0.0	0.0	0.0	0.0	0.00127959053103	0.000639795265515	0.000639795265515	0.00191938579655	0.000639795265515	0.000639795265515	0.00191938579655	0.00127959053103	0.000639795265515	0.000639795265515	0.00191938579655	0.0204734484965	0.0236724248241	0.040946896993	0.0428662827895	0.0351887396033
TARA_042_DCM_0.22-1.6_G.snv.bam	0.000639795265515	0.00127959053103	0.00639795265515	0.00895713371721	0.000639795265515	0.0	0.0	0.0	0.00127959053103	0.000639795265515	0.00127959053103	0.0	0.0	0.0	0.0	0.0	0.0	0.00255918106206	0.00127959053103	0.0	0.0	0.00191938579655	0.021113243762	0.0249520153551	0.0403071017274	0.0454254638516	0.0345489443378
TARA_042_SRF_0.22-1.6_G.snv.bam	0.00127959053103	0.00127959053103	0.00767754318618	0.00959692898273	0.00191938579655	0.00255918106206	0.000639795265515	0.000639795265515	0.00255918106206	0.0	0.000639795265515	0.0	0.0	0.0	0.0	0.0	0.0	0.00255918106206	0.00127959053103	0.0	0.0	0.00127959053103	0.022392834293	0.0262316058861	0.0467050543826	0.0479846449136	0.0364683301344
TARA_056_SRF_0.22-3_G.snv.bam	0.0	0.00127959053103	0.00767754318618	0.0102367242482	0.00191938579655	0.00191938579655	0.000639795265515	0.00127959053103	0.00191938579655	0.000639795265515	0.000639795265515	0.0	0.0	0.0	0.0	0.0	0.0	0.00255918106206	0.0	0.0	0.0	0.00127959053103	0.021113243762	0.0268714011516	0.0428662827895	0.0454254638516	0.0326295585413
TARA_057_SRF_0.22-3_G.snv.bam	0.0	0.00127959053103	0.00895713371721	0.0127959053103	0.00255918106206	0.00255918106206	0.0	0.00127959053103	0.00383877159309	0.000639795265515	0.00191938579655	0.0	0.0	0.0	0.0	0.0	0.0	0.00255918106206	0.00127959053103	0.0	0.0	0.00191938579655	0.0191938579655	0.0230326295585	0.043506078055	0.0428662827895	0.0313499680102
TARA_058_DCM_0.22-3_G.snv.bam	0.000639795265515	0.00255918106206	0.0102367242482	0.0134357005758	0.000639795265515	0.000639795265515	0.0	0.0	0.00191938579655	0.0	0.000639795265515	0.0	0.0	0.0	0.0	0.0	0.0	0.000639795265515	0.0	0.0	0.0	0.0	0.019833653231	0.0217530390275	0.0415866922585	0.0415866922585	0.0332693538068
TARA_062_SRF_0.22-3_G.snv.bam	0.0	0.000639795265515	0.0083173384517	0.0134357005758	0.00127959053103	0.0	0.0	0.0	0.00191938579655	0.0	0.000639795265515	0.0	0.0	0.0	0.0	0.0	0.0	0.00127959053103	0.0	0.0	0.0	0.000639795265515	0.0172744721689	0.019833653231	0.0371081253999	0.0371081253999	0.0281509916827
TARA_064_DCM_0.22-3_G.snv.bam	0.00191938579655	0.00703774792067	0.021113243762	0.022392834293	0.00127959053103	0.00319897632758	0.000639795265515	0.00127959053103	0.00383877159309	0.00127959053103	0.00191938579655	0.00255918106206	0.00255918106206	0.00255918106206	0.00255918106206	0.000639795265515	0.00127959053103	0.0	0.0	0.000639795265515	0.000639795265515	0.00383877159309	0.019833653231	0.0217530390275	0.0339091490723	0.0383877159309	0.0294305822137
TARA_064_SRF_0.22-3_G.snv.bam	0.00191938579655	0.00447856685861	0.0134357005758	0.0166346769034	0.0	0.00127959053103	0.0	0.00191938579655	0.00191938579655	0.0	0.00127959053103	0.00127959053103	0.00127959053103	0.0	0.00127959053103	0.0	0.0	0.0	0.0	0.0	0.0	0.00191938579655	0.0179142674344	0.0179142674344	0.0358285348688	0.0396673064619	0.0275111964171
TARA_065_DCM_0.22-3_G.snv.bam	0.000639795265515	0.00319897632758	0.0102367242482	0.0127959053103	0.000639795265515	0.000639795265515	0.000639795265515	0.000639795265515	0.00127959053103	0.0	0.000639795265515	0.0	0.0	0.0	0.0	0.0	0.0	0.000639795265515	0.0	0.0	0.0	0.00127959053103	0.0172744721689	0.0179142674344	0.0351887396033	0.0351887396033	0.0275111964171
TARA_065_SRF_0.22-3_G.snv.bam	0.0	0.00191938579655	0.0102367242482	0.0153550863724	0.0	0.0	0.0	0.0	0.00191938579655	0.0	0.000639795265515	0.0	0.0	0.0	0.0	0.0	0.0	0.000639795265515	0.0	0.0	0.0	0.000639795265515	0.0191938579655	0.022392834293	0.0396673064619	0.0396673064619	0.0313499680102
TARA_072_SRF_0.22-3_G.snv.bam	0.00319897632758	0.00639795265515	0.0179142674344	0.019833653231	0.00319897632758	0.00127959053103	0.00191938579655	0.00127959053103	0.00191938579655	0.000639795265515	0.00191938579655	0.00191938579655	0.00127959053103	0.00127959053103	0.00191938579655	0.0	0.000639795265515	0.00383877159309	0.00191938579655	0.00127959053103	0.000639795265515	0.0	0.0185540626999	0.021113243762	0.0351887396033	0.0371081253999	0.0332693538068
TARA_142_DCM_0.22-3_G.snv.bam	0.0243122200896	0.0249520153551	0.0371081253999	0.0358285348688	0.0204734484965	0.022392834293	0.0185540626999	0.019833653231	0.0179142674344	0.0166346769034	0.0204734484965	0.021113243762	0.022392834293	0.021113243762	0.0191938579655	0.019833653231	0.0172744721689	0.019833653231	0.0179142674344	0.0172744721689	0.0191938579655	0.0185540626999	0.0	0.00127959053103	0.00255918106206	0.000639795265515	0.00255918106206
TARA_142_SRF_0.22-3_G.snv.bam	0.0281509916827	0.0326295585413	0.0415866922585	0.043506078055	0.0236724248241	0.0262316058861	0.019833653231	0.021113243762	0.019833653231	0.0217530390275	0.0236724248241	0.0249520153551	0.0262316058861	0.0268714011516	0.0230326295585	0.0217530390275	0.019833653231	0.0217530390275	0.0179142674344	0.0179142674344	0.022392834293	0.021113243762	0.00127959053103	0.0	0.00319897632758	0.00127959053103	0.00383877159309
TARA_146_SRF_0.22-3_G.snv.bam	0.042226487524	0.0467050543826	0.0607805502239	0.0614203454894	0.0415866922585	0.0390275111964	0.0377479206654	0.0390275111964	0.0339091490723	0.0358285348688	0.040946896993	0.0403071017274	0.0467050543826	0.0428662827895	0.043506078055	0.0415866922585	0.0371081253999	0.0339091490723	0.0358285348688	0.0351887396033	0.0396673064619	0.0351887396033	0.00255918106206	0.00319897632758	0.0	0.0	0.0
TARA_148_SRF_0.22-3_G.snv.bam	0.0447856685861	0.0499040307102	0.064619321817	0.064619321817	0.0428662827895	0.0415866922585	0.040946896993	0.042226487524	0.0358285348688	0.0383877159309	0.0428662827895	0.0454254638516	0.0479846449136	0.0454254638516	0.0428662827895	0.0415866922585	0.0371081253999	0.0383877159309	0.0396673064619	0.0351887396033	0.0396673064619	0.0371081253999	0.000639795265515	0.00127959053103	0.0	0.0	0.0
TARA_149_SRF_0.22-3_G.snv.bam	0.0364683301344	0.0390275111964	0.0550223928343	0.0563019833653	0.0339091490723	0.0326295585413	0.0294305822137	0.0332693538068	0.0287907869482	0.0287907869482	0.0351887396033	0.0345489443378	0.0364683301344	0.0326295585413	0.0313499680102	0.0332693538068	0.0281509916827	0.0294305822137	0.0275111964171	0.0275111964171	0.0313499680102	0.0332693538068	0.00255918106206	0.00383877159309	0.0	0.0	0.0
