	TARA_004_SRF_0.22-1.6_G.snv.bam	TARA_009_DCM_0.22-1.6_G.snv.bam	TARA_018_DCM_0.22-1.6_G.snv.bam	TARA_018_SRF_0.22-1.6_G.snv.bam	TARA_094_SRF_0.22-3_G.snv.bam	TARA_133_SRF_0.22-3_G.snv.bam	TARA_151_SRF_0.22-3_G.snv.bam
TARA_004_SRF_0.22-1.6_G.snv.bam	0.0	0.0430107526882	0.0365591397849	0.0290322580645	0.0408602150538	0.0752688172043	0.00860215053763
TARA_009_DCM_0.22-1.6_G.snv.bam	0.0430107526882	0.0	0.0010752688172	0.0010752688172	0.0301075268817	0.047311827957	0.0268817204301
TARA_018_DCM_0.22-1.6_G.snv.bam	0.0365591397849	0.0010752688172	0.0	0.0	0.0279569892473	0.0483870967742	0.0182795698925
TARA_018_SRF_0.22-1.6_G.snv.bam	0.0290322580645	0.0010752688172	0.0	0.0	0.0215053763441	0.0397849462366	0.0139784946237
TARA_094_SRF_0.22-3_G.snv.bam	0.0408602150538	0.0301075268817	0.0279569892473	0.0215053763441	0.0	0.0516129032258	0.0193548387097
TARA_133_SRF_0.22-3_G.snv.bam	0.0752688172043	0.047311827957	0.0483870967742	0.0397849462366	0.0516129032258	0.0	0.0559139784946
TARA_151_SRF_0.22-3_G.snv.bam	0.00860215053763	0.0268817204301	0.0182795698925	0.0139784946237	0.0193548387097	0.0559139784946	0.0
