	TARA_037_MES_0.22-1.6_G.snv.bam	TARA_038_MES_0.22-1.6_G.snv.bam	TARA_039_MES_0.22-1.6_G.snv.bam	TARA_100_MES_0.22-3_G.snv.bam	TARA_110_MES_0.22-3_G.snv.bam	TARA_137_DCM_0.22-3_G.snv.bam	TARA_137_MES_0.22-3_G.snv.bam	TARA_138_MES_0.22-3_G.snv.bam
TARA_037_MES_0.22-1.6_G.snv.bam	0.0	0.00169201608805	0.00172163281681	0.409308125886	0.401779039964	0.388894684987	0.366893926633	0.367991638865
TARA_038_MES_0.22-1.6_G.snv.bam	0.00169201608805	0.0	0.000914532003908	0.409385781974	0.401813514283	0.388881626335	0.366819699792	0.367899135269
TARA_039_MES_0.22-1.6_G.snv.bam	0.00172163281681	0.000914532003908	0.0	0.409812440993	0.402283355072	0.389323334887	0.367323951122	0.368421663354
TARA_100_MES_0.22-3_G.snv.bam	0.409308125886	0.409385781974	0.409812440993	0.0	0.0693793071537	0.0493516041995	0.138274319085	0.171029719907
TARA_110_MES_0.22-3_G.snv.bam	0.401779039964	0.401813514283	0.402283355072	0.0693793071537	0.0	0.0641237203197	0.124705141521	0.166887264625
TARA_137_DCM_0.22-3_G.snv.bam	0.388894684987	0.388881626335	0.389323334887	0.0493516041995	0.0641237203197	0.0	0.11889792947	0.157838400821
TARA_137_MES_0.22-3_G.snv.bam	0.366893926633	0.366819699792	0.367323951122	0.138274319085	0.124705141521	0.11889792947	0.0	0.0533619652852
TARA_138_MES_0.22-3_G.snv.bam	0.367991638865	0.367899135269	0.368421663354	0.171029719907	0.166887264625	0.157838400821	0.0533619652852	0.0
