	TARA_004_SRF_0.22-1.6_G.snv.bam	TARA_009_DCM_0.22-1.6_G.snv.bam	TARA_009_SRF_0.22-1.6_G.snv.bam	TARA_018_DCM_0.22-1.6_G.snv.bam	TARA_018_SRF_0.22-1.6_G.snv.bam	TARA_025_DCM_0.22-1.6_G.snv.bam	TARA_025_SRF_0.22-1.6_G.snv.bam	TARA_030_DCM_0.22-1.6_G.snv.bam	TARA_030_SRF_0.22-1.6_G.snv.bam	TARA_052_DCM_0.22-1.6_G.snv.bam	TARA_078_SRF_0.22-3_G.snv.bam	TARA_112_SRF_0.22-3_G.snv.bam	TARA_150_DCM_0.22-3_G.snv.bam	TARA_150_SRF_0.22-3_G.snv.bam	TARA_151_DCM_0.22-3_G.snv.bam	TARA_151_SRF_0.22-3_G.snv.bam
TARA_004_SRF_0.22-1.6_G.snv.bam	0.0	0.0217076700434	0.00868306801737	0.00578871201158	0.00578871201158	0.00144717800289	0.0101302460203	0.0246020260492	0.0303907380608	0.00868306801737	0.0101302460203	0.0115774240232	0.00144717800289	0.0	0.0	0.0
TARA_009_DCM_0.22-1.6_G.snv.bam	0.0217076700434	0.0	0.00144717800289	0.00144717800289	0.00289435600579	0.00578871201158	0.00868306801737	0.0419681620839	0.0506512301013	0.0477568740955	0.0376266280753	0.0506512301013	0.0318379160637	0.0202604920405	0.0101302460203	0.0173661360347
TARA_009_SRF_0.22-1.6_G.snv.bam	0.00868306801737	0.00144717800289	0.0	0.00144717800289	0.0	0.00578871201158	0.00578871201158	0.0231548480463	0.0318379160637	0.0419681620839	0.0361794500724	0.0463096960926	0.0144717800289	0.00868306801737	0.00868306801737	0.00723589001447
TARA_018_DCM_0.22-1.6_G.snv.bam	0.00578871201158	0.00144717800289	0.00144717800289	0.0	0.0	0.0	0.00144717800289	0.0159189580318	0.0318379160637	0.0318379160637	0.0260492040521	0.0376266280753	0.0101302460203	0.00289435600579	0.00144717800289	0.00434153400868
TARA_018_SRF_0.22-1.6_G.snv.bam	0.00578871201158	0.00289435600579	0.0	0.0	0.0	0.0	0.00144717800289	0.0159189580318	0.0246020260492	0.0318379160637	0.0231548480463	0.0347322720695	0.00868306801737	0.00434153400868	0.00144717800289	0.00144717800289
TARA_025_DCM_0.22-1.6_G.snv.bam	0.00144717800289	0.00578871201158	0.00578871201158	0.0	0.0	0.0	0.0	0.00578871201158	0.013024602026	0.0303907380608	0.0202604920405	0.0303907380608	0.00868306801737	0.00144717800289	0.00144717800289	0.0
TARA_025_SRF_0.22-1.6_G.snv.bam	0.0101302460203	0.00868306801737	0.00578871201158	0.00144717800289	0.00144717800289	0.0	0.0	0.0101302460203	0.0202604920405	0.0361794500724	0.0318379160637	0.0303907380608	0.0159189580318	0.0101302460203	0.00723589001447	0.00289435600579
TARA_030_DCM_0.22-1.6_G.snv.bam	0.0246020260492	0.0419681620839	0.0231548480463	0.0159189580318	0.0159189580318	0.00578871201158	0.0101302460203	0.0	0.00289435600579	0.0535455861071	0.0434153400868	0.05499276411	0.027496382055	0.0188133140376	0.0246020260492	0.0144717800289
TARA_030_SRF_0.22-1.6_G.snv.bam	0.0303907380608	0.0506512301013	0.0318379160637	0.0318379160637	0.0246020260492	0.013024602026	0.0202604920405	0.00289435600579	0.0	0.0463096960926	0.0390738060781	0.0520984081042	0.0217076700434	0.0159189580318	0.0202604920405	0.0159189580318
TARA_052_DCM_0.22-1.6_G.snv.bam	0.00868306801737	0.0477568740955	0.0419681620839	0.0318379160637	0.0318379160637	0.0303907380608	0.0361794500724	0.0535455861071	0.0463096960926	0.0	0.00868306801737	0.00723589001447	0.00289435600579	0.00434153400868	0.0144717800289	0.0115774240232
TARA_078_SRF_0.22-3_G.snv.bam	0.0101302460203	0.0376266280753	0.0361794500724	0.0260492040521	0.0231548480463	0.0202604920405	0.0318379160637	0.0434153400868	0.0390738060781	0.00868306801737	0.0	0.0173661360347	0.00868306801737	0.00434153400868	0.00723589001447	0.00723589001447
TARA_112_SRF_0.22-3_G.snv.bam	0.0115774240232	0.0506512301013	0.0463096960926	0.0376266280753	0.0347322720695	0.0303907380608	0.0303907380608	0.05499276411	0.0520984081042	0.00723589001447	0.0173661360347	0.0	0.0101302460203	0.013024602026	0.0188133140376	0.0159189580318
TARA_150_DCM_0.22-3_G.snv.bam	0.00144717800289	0.0318379160637	0.0144717800289	0.0101302460203	0.00868306801737	0.00868306801737	0.0159189580318	0.027496382055	0.0217076700434	0.00289435600579	0.00868306801737	0.0101302460203	0.0	0.0	0.00144717800289	0.00289435600579
TARA_150_SRF_0.22-3_G.snv.bam	0.0	0.0202604920405	0.00868306801737	0.00289435600579	0.00434153400868	0.00144717800289	0.0101302460203	0.0188133140376	0.0159189580318	0.00434153400868	0.00434153400868	0.013024602026	0.0	0.0	0.0	0.0
TARA_151_DCM_0.22-3_G.snv.bam	0.0	0.0101302460203	0.00868306801737	0.00144717800289	0.00144717800289	0.00144717800289	0.00723589001447	0.0246020260492	0.0202604920405	0.0144717800289	0.00723589001447	0.0188133140376	0.00144717800289	0.0	0.0	0.00289435600579
TARA_151_SRF_0.22-3_G.snv.bam	0.0	0.0173661360347	0.00723589001447	0.00434153400868	0.00144717800289	0.0	0.00289435600579	0.0144717800289	0.0159189580318	0.0115774240232	0.00723589001447	0.0159189580318	0.00289435600579	0.0	0.00289435600579	0.0
