	TARA_004_DCM_0.22-1.6_G.snv.bam	TARA_009_DCM_0.22-1.6_G.snv.bam	TARA_100_DCM_0.22-3_G.snv.bam	TARA_102_DCM_0.22-3_G.snv.bam	TARA_110_DCM_0.22-3_G.snv.bam	TARA_111_DCM_0.22-3_G.snv.bam	TARA_138_DCM_0.22-3_G.snv.bam	TARA_149_SRF_0.22-3_G.snv.bam	TARA_151_DCM_0.22-3_G.snv.bam	TARA_151_SRF_0.22-3_G.snv.bam
TARA_004_DCM_0.22-1.6_G.snv.bam	0.0	0.0593826852279	0.0571846032	0.0679256998832	0.0601821116529	0.0622528244033	0.0591854977328	0.058204691342	0.0548031995865	0.0566525198182
TARA_009_DCM_0.22-1.6_G.snv.bam	0.0593826852279	0.0	0.0639340581396	0.0717108023303	0.0653570504004	0.0696648587587	0.0633669517109	0.0801640667064	0.0630864378964	0.0603403828558
TARA_100_DCM_0.22-3_G.snv.bam	0.0571846032	0.0639340581396	0.0	0.0484973886805	0.0440990249697	0.0448594192562	0.0407061193355	0.070820281091	0.0690943170156	0.0662506682711
TARA_102_DCM_0.22-3_G.snv.bam	0.0679256998832	0.0717108023303	0.0484973886805	0.0	0.040495353573	0.0549938526768	0.0334922174997	0.0799111517008	0.0783569669746	0.0774114995242
TARA_110_DCM_0.22-3_G.snv.bam	0.0601821116529	0.0653570504004	0.0440990249697	0.040495353573	0.0	0.046728740426	0.0296342792365	0.0741463338465	0.0718957781762	0.0720227443294
TARA_111_DCM_0.22-3_G.snv.bam	0.0622528244033	0.0696648587587	0.0448594192562	0.0549938526768	0.046728740426	0.0	0.0465948284451	0.0726745864241	0.0727839160893	0.0701818021517
TARA_138_DCM_0.22-3_G.snv.bam	0.0591854977328	0.0633669517109	0.0407061193355	0.0334922174997	0.0296342792365	0.0465948284451	0.0	0.0723535911496	0.0691511037438	0.0684882666803
TARA_149_SRF_0.22-3_G.snv.bam	0.058204691342	0.0801640667064	0.070820281091	0.0799111517008	0.0741463338465	0.0726745864241	0.0723535911496	0.0	0.0747211862977	0.0787577118164
TARA_151_DCM_0.22-3_G.snv.bam	0.0548031995865	0.0630864378964	0.0690943170156	0.0783569669746	0.0718957781762	0.0727839160893	0.0691511037438	0.0747211862977	0.0	0.0510927367578
TARA_151_SRF_0.22-3_G.snv.bam	0.0566525198182	0.0603403828558	0.0662506682711	0.0774114995242	0.0720227443294	0.0701818021517	0.0684882666803	0.0787577118164	0.0510927367578	0.0
