	TARA_004_SRF_0.22-1.6_G.snv.bam	TARA_009_DCM_0.22-1.6_G.snv.bam	TARA_009_SRF_0.22-1.6_G.snv.bam	TARA_018_DCM_0.22-1.6_G.snv.bam	TARA_018_SRF_0.22-1.6_G.snv.bam	TARA_025_DCM_0.22-1.6_G.snv.bam	TARA_025_SRF_0.22-1.6_G.snv.bam	TARA_030_DCM_0.22-1.6_G.snv.bam	TARA_030_SRF_0.22-1.6_G.snv.bam	TARA_052_DCM_0.22-1.6_G.snv.bam	TARA_078_SRF_0.22-3_G.snv.bam	TARA_112_SRF_0.22-3_G.snv.bam	TARA_150_DCM_0.22-3_G.snv.bam	TARA_150_SRF_0.22-3_G.snv.bam	TARA_151_DCM_0.22-3_G.snv.bam	TARA_151_SRF_0.22-3_G.snv.bam
TARA_004_SRF_0.22-1.6_G.snv.bam	0.0	0.101134579975	0.0940332698933	0.0868828269327	0.0857121331829	0.0856276130148	0.0930165549425	0.107303364307	0.101543218548	0.0877808603929	0.0807282753927	0.100745637303	0.0499974889129	0.0568422287678	0.0629864626323	0.0550533755829
TARA_009_DCM_0.22-1.6_G.snv.bam	0.101134579975	0.0	0.0560070103888	0.0520905472147	0.0535124112055	0.0770636845143	0.0769902731112	0.119339233574	0.122055653665	0.133552814047	0.126377403982	0.139662940096	0.106030819804	0.11187589543	0.0974368771095	0.108015026526
TARA_009_SRF_0.22-1.6_G.snv.bam	0.0940332698933	0.0560070103888	0.0	0.0525199527564	0.0546993837036	0.06326243901	0.0662570590814	0.1008929899	0.103727894018	0.12278480003	0.120806598395	0.13081818414	0.0956486216968	0.10115084099	0.0934608015318	0.0999792673479
TARA_018_DCM_0.22-1.6_G.snv.bam	0.0868828269327	0.0520905472147	0.0525199527564	0.0	0.0271788596376	0.0496450660352	0.054688079883	0.0938542580485	0.098747664976	0.117764344314	0.117413862486	0.127265576788	0.0900484678312	0.0991822583741	0.0909050710269	0.0978020285102
TARA_018_SRF_0.22-1.6_G.snv.bam	0.0857121331829	0.0535124112055	0.0546993837036	0.0271788596376	0.0	0.0471326981639	0.0542869690494	0.0913734778268	0.0950153962646	0.118229585879	0.115919121061	0.127087621137	0.0892505914403	0.0980060275825	0.0892386244746	0.0963198699709
TARA_025_DCM_0.22-1.6_G.snv.bam	0.0856276130148	0.0770636845143	0.06326243901	0.0496450660352	0.0471326981639	0.0	0.04665184909	0.0684022875075	0.0804624700044	0.117704559505	0.115605735368	0.123273514017	0.0891391047012	0.0943975823385	0.0915357801657	0.0928694857493
TARA_025_SRF_0.22-1.6_G.snv.bam	0.0930165549425	0.0769902731112	0.0662570590814	0.054688079883	0.0542869690494	0.04665184909	0.0	0.0770747945466	0.0813382408856	0.12252076379	0.122211581534	0.13304521621	0.0969920073193	0.104442393575	0.098585981659	0.105543101736
TARA_030_DCM_0.22-1.6_G.snv.bam	0.107303364307	0.119339233574	0.1008929899	0.0938542580485	0.0913734778268	0.0684022875075	0.0770747945466	0.0	0.0516735535375	0.126949910232	0.12575109834	0.13793019573	0.104360227048	0.107608673915	0.111029192098	0.106470754424
TARA_030_SRF_0.22-1.6_G.snv.bam	0.101543218548	0.122055653665	0.103727894018	0.098747664976	0.0950153962646	0.0804624700044	0.0813382408856	0.0516735535375	0.0	0.12270402126	0.11790814189	0.13622060438	0.101061817649	0.107976819007	0.108038258574	0.106232505438
TARA_052_DCM_0.22-1.6_G.snv.bam	0.0877808603929	0.133552814047	0.12278480003	0.117764344314	0.118229585879	0.117704559505	0.12252076379	0.126949910232	0.12270402126	0.0	0.0841075955005	0.0742731859993	0.0775458296512	0.09069751752	0.106519641617	0.101852415378
TARA_078_SRF_0.22-3_G.snv.bam	0.0807282753927	0.126377403982	0.120806598395	0.117413862486	0.115919121061	0.115605735368	0.122211581534	0.12575109834	0.11790814189	0.0841075955005	0.0	0.0992746524527	0.0736832742831	0.0760638840218	0.0909624364192	0.0861643163808
TARA_112_SRF_0.22-3_G.snv.bam	0.100745637303	0.139662940096	0.13081818414	0.127265576788	0.127087621137	0.123273514017	0.13304521621	0.13793019573	0.13622060438	0.0742731859993	0.0992746524527	0.0	0.091987069076	0.0986436877916	0.115525150481	0.108797208211
TARA_150_DCM_0.22-3_G.snv.bam	0.0499974889129	0.106030819804	0.0956486216968	0.0900484678312	0.0892505914403	0.0891391047012	0.0969920073193	0.104360227048	0.101061817649	0.0775458296512	0.0736832742831	0.091987069076	0.0	0.0493808237728	0.0636884828315	0.0565737306958
TARA_150_SRF_0.22-3_G.snv.bam	0.0568422287678	0.11187589543	0.10115084099	0.0991822583741	0.0980060275825	0.0943975823385	0.104442393575	0.107608673915	0.107976819007	0.09069751752	0.0760638840218	0.0986436877916	0.0493808237728	0.0	0.0593186967802	0.0472020302961
TARA_151_DCM_0.22-3_G.snv.bam	0.0629864626323	0.0974368771095	0.0934608015318	0.0909050710269	0.0892386244746	0.0915357801657	0.098585981659	0.111029192098	0.108038258574	0.106519641617	0.0909624364192	0.115525150481	0.0636884828315	0.0593186967802	0.0	0.0547705120982
TARA_151_SRF_0.22-3_G.snv.bam	0.0550533755829	0.108015026526	0.0999792673479	0.0978020285102	0.0963198699709	0.0928694857493	0.105543101736	0.106470754424	0.106232505438	0.101852415378	0.0861643163808	0.108797208211	0.0565737306958	0.0472020302961	0.0547705120982	0.0
