	TARA_009_DCM_0.22-1.6_G.snv.bam	TARA_018_DCM_0.22-1.6_G.snv.bam	TARA_018_SRF_0.22-1.6_G.snv.bam	TARA_023_DCM_0.22-1.6_G.snv.bam	TARA_025_DCM_0.22-1.6_G.snv.bam	TARA_132_DCM_0.22-3_G.snv.bam	TARA_133_DCM_0.22-3_G.snv.bam
TARA_009_DCM_0.22-1.6_G.snv.bam	0.0	0.0	0.0	0.0272727272727	0.0204545454545	0.236363636364	0.175
TARA_018_DCM_0.22-1.6_G.snv.bam	0.0	0.0	0.0	0.0386363636364	0.0340909090909	0.243181818182	0.179545454545
TARA_018_SRF_0.22-1.6_G.snv.bam	0.0	0.0	0.0	0.0204545454545	0.0113636363636	0.234090909091	0.172727272727
TARA_023_DCM_0.22-1.6_G.snv.bam	0.0272727272727	0.0386363636364	0.0204545454545	0.0	0.00454545454545	0.245454545455	0.202272727273
TARA_025_DCM_0.22-1.6_G.snv.bam	0.0204545454545	0.0340909090909	0.0113636363636	0.00454545454545	0.0	0.234090909091	0.190909090909
TARA_132_DCM_0.22-3_G.snv.bam	0.236363636364	0.243181818182	0.234090909091	0.245454545455	0.234090909091	0.0	0.277272727273
TARA_133_DCM_0.22-3_G.snv.bam	0.175	0.179545454545	0.172727272727	0.202272727273	0.190909090909	0.277272727273	0.0
