	TARA_070_SRF_0.22-3_G.snv.bam	TARA_078_DCM_0.22-3_G.snv.bam	TARA_149_SRF_0.22-3_G.snv.bam	TARA_150_DCM_0.22-3_G.snv.bam	TARA_150_SRF_0.22-3_G.snv.bam	TARA_151_DCM_0.22-3_G.snv.bam	TARA_151_SRF_0.22-3_G.snv.bam	TARA_152_MIX_0.22-3_G.snv.bam	TARA_152_SRF_0.22-3_G.snv.bam
TARA_070_SRF_0.22-3_G.snv.bam	0.0	0.196047893406	0.127505111049	0.181466693565	0.184860895661	0.187656881453	0.188905043061	0.200590357039	0.207737121365
TARA_078_DCM_0.22-3_G.snv.bam	0.196047893406	0.0	0.191950942373	0.0724222978088	0.0872933801748	0.154484620315	0.14691015257	0.071772758706	0.0851346303673
TARA_149_SRF_0.22-3_G.snv.bam	0.127505111049	0.191950942373	0.0	0.171426493999	0.170773539723	0.17835718706	0.17920753463	0.196186281228	0.201156063249
TARA_150_DCM_0.22-3_G.snv.bam	0.181466693565	0.0724222978088	0.171426493999	0.0	0.0429909506837	0.124922348832	0.110093060346	0.0558444646033	0.0652897347564
TARA_150_SRF_0.22-3_G.snv.bam	0.184860895661	0.0872933801748	0.170773539723	0.0429909506837	0.0	0.124802043001	0.109100327533	0.0675203882383	0.0755579805985
TARA_151_DCM_0.22-3_G.snv.bam	0.187656881453	0.154484620315	0.17835718706	0.124922348832	0.124802043001	0.0	0.0483650808335	0.142081794012	0.147165985116
TARA_151_SRF_0.22-3_G.snv.bam	0.188905043061	0.14691015257	0.17920753463	0.110093060346	0.109100327533	0.0483650808335	0.0	0.128314186632	0.132529306345
TARA_152_MIX_0.22-3_G.snv.bam	0.200590357039	0.071772758706	0.196186281228	0.0558444646033	0.0675203882383	0.142081794012	0.128314186632	0.0	0.0420964859539
TARA_152_SRF_0.22-3_G.snv.bam	0.207737121365	0.0851346303673	0.201156063249	0.0652897347564	0.0755579805985	0.147165985116	0.132529306345	0.0420964859539	0.0
