	TARA_064_DCM_0.22-3_G.snv.bam	TARA_064_SRF_0.22-3_G.snv.bam	TARA_065_DCM_0.22-3_G.snv.bam	TARA_076_DCM_0.22-3_G.snv.bam	TARA_078_DCM_0.22-3_G.snv.bam	TARA_098_DCM_0.22-3_G.snv.bam	TARA_146_SRF_0.22-3_G.snv.bam	TARA_148_SRF_0.22-3_G.snv.bam	TARA_149_SRF_0.22-3_G.snv.bam	TARA_150_DCM_0.22-3_G.snv.bam
TARA_064_DCM_0.22-3_G.snv.bam	0.0	0.0614327229743	0.0642572726773	0.126766049827	0.10745137078	0.137168148722	0.129528837128	0.124325196486	0.122034799488	0.140089042603
TARA_064_SRF_0.22-3_G.snv.bam	0.0614327229743	0.0	0.065891309336	0.127089026876	0.116474778116	0.140830444439	0.133929231658	0.127922974671	0.122450748061	0.150781519037
TARA_065_DCM_0.22-3_G.snv.bam	0.0642572726773	0.065891309336	0.0	0.130520085458	0.113781611597	0.137151767863	0.137835063662	0.129382373765	0.126400681471	0.144235948325
TARA_076_DCM_0.22-3_G.snv.bam	0.126766049827	0.127089026876	0.130520085458	0.0	0.0818986792486	0.120220494654	0.0780777358864	0.0750596979579	0.0726503771604	0.141396930894
TARA_078_DCM_0.22-3_G.snv.bam	0.10745137078	0.116474778116	0.113781611597	0.0818986792486	0.0	0.104780750346	0.106657258174	0.106026357012	0.0904695876775	0.0866998776098
TARA_098_DCM_0.22-3_G.snv.bam	0.137168148722	0.140830444439	0.137151767863	0.120220494654	0.104780750346	0.0	0.146626167905	0.137602397618	0.126403459278	0.112554008518
TARA_146_SRF_0.22-3_G.snv.bam	0.129528837128	0.133929231658	0.137835063662	0.0780777358864	0.106657258174	0.146626167905	0.0	0.0475859572303	0.0582438699259	0.145180738382
TARA_148_SRF_0.22-3_G.snv.bam	0.124325196486	0.127922974671	0.129382373765	0.0750596979579	0.106026357012	0.137602397618	0.0475859572303	0.0	0.0566251421479	0.141496826647
TARA_149_SRF_0.22-3_G.snv.bam	0.122034799488	0.122450748061	0.126400681471	0.0726503771604	0.0904695876775	0.126403459278	0.0582438699259	0.0566251421479	0.0	0.12595141007
TARA_150_DCM_0.22-3_G.snv.bam	0.140089042603	0.150781519037	0.144235948325	0.141396930894	0.0866998776098	0.112554008518	0.145180738382	0.141496826647	0.12595141007	0.0
