	TARA_004_DCM_0.22-1.6_G.snv.bam	TARA_009_DCM_0.22-1.6_G.snv.bam	TARA_018_DCM_0.22-1.6_G.snv.bam	TARA_018_SRF_0.22-1.6_G.snv.bam	TARA_023_DCM_0.22-1.6_G.snv.bam	TARA_025_DCM_0.22-1.6_G.snv.bam	TARA_030_DCM_0.22-1.6_G.snv.bam	TARA_066_DCM_0.22-3_G.snv.bam	TARA_066_SRF_0.22-3_G.snv.bam	TARA_093_DCM_0.22-3_G.snv.bam	TARA_093_SRF_0.22-3_G.snv.bam	TARA_133_DCM_0.22-3_G.snv.bam	TARA_133_SRF_0.22-3_G.snv.bam	TARA_151_DCM_0.22-3_G.snv.bam	TARA_151_SRF_0.22-3_G.snv.bam	TARA_152_MIX_0.22-3_G.snv.bam	TARA_152_SRF_0.22-3_G.snv.bam
TARA_004_DCM_0.22-1.6_G.snv.bam	0.0	0.0587454668291	0.0888446716567	0.0854591477287	0.0718727390812	0.0601725857169	0.122122141446	0.0562424849226	0.056291850853	0.127902471415	0.137173561456	0.103606035913	0.0978185979812	0.0437688685106	0.046564864014	0.0321573118451	0.0330576673939
TARA_009_DCM_0.22-1.6_G.snv.bam	0.0587454668291	0.0	0.0564726573523	0.0533845102527	0.0565589623726	0.0526068595756	0.120004379029	0.0605602950301	0.0611494122424	0.125475686863	0.135334127241	0.0974059353029	0.0903437880928	0.0643848671017	0.0612391994095	0.0582561974176	0.0574735078328
TARA_018_DCM_0.22-1.6_G.snv.bam	0.0888446716567	0.0564726573523	0.0	0.0413920459793	0.0630770561186	0.0686615131381	0.100139979669	0.0914238193612	0.0928827068168	0.127552381412	0.134453638512	0.115006519787	0.106495898777	0.0980269884921	0.0946532740927	0.0941113431455	0.0949755882011
TARA_018_SRF_0.22-1.6_G.snv.bam	0.0854591477287	0.0533845102527	0.0413920459793	0.0	0.0597779911896	0.0653552322845	0.099867060152	0.0879439220901	0.0894318849558	0.122862383783	0.129272396598	0.111570828328	0.101967363357	0.0933682673013	0.0895577586392	0.0898168239056	0.090841875733
TARA_023_DCM_0.22-1.6_G.snv.bam	0.0718727390812	0.0565589623726	0.0630770561186	0.0597779911896	0.0	0.0418789116334	0.0795428492206	0.073114035203	0.0735704401529	0.133119112767	0.141389372609	0.108175833868	0.102535401768	0.077654988787	0.0781778680401	0.0743537618926	0.0738654867086
TARA_025_DCM_0.22-1.6_G.snv.bam	0.0601725857169	0.0526068595756	0.0686615131381	0.0653552322845	0.0418789116334	0.0	0.0922893158448	0.0618785295078	0.0631128114994	0.129753596305	0.139345799582	0.105019334389	0.101522619098	0.0673169190178	0.0681465169504	0.055725547018	0.055853311681
TARA_030_DCM_0.22-1.6_G.snv.bam	0.122122141446	0.120004379029	0.100139979669	0.099867060152	0.0795428492206	0.0922893158448	0.0	0.12498320493	0.125549681327	0.158588930993	0.162909460946	0.147216260916	0.13949951302	0.130013998824	0.129991550202	0.122447883363	0.124041240466
TARA_066_DCM_0.22-3_G.snv.bam	0.0562424849226	0.0605602950301	0.0914238193612	0.0879439220901	0.073114035203	0.0618785295078	0.12498320493	0.0	0.0329668301876	0.121176410884	0.132286881039	0.0897828469853	0.085066623166	0.0595434231756	0.061109737046	0.0499880213346	0.0494227454208
TARA_066_SRF_0.22-3_G.snv.bam	0.056291850853	0.0611494122424	0.0928827068168	0.0894318849558	0.0735704401529	0.0631128114994	0.125549681327	0.0329668301876	0.0	0.121536746023	0.131952381824	0.0883118027567	0.0850497410967	0.0608744826614	0.0595054892769	0.0530178087744	0.0513473834676
TARA_093_DCM_0.22-3_G.snv.bam	0.127902471415	0.125475686863	0.127552381412	0.122862383783	0.133119112767	0.129753596305	0.158588930993	0.121176410884	0.121536746023	0.0	0.025068961689	0.115652004474	0.120913630575	0.137135265327	0.136515731857	0.129055426807	0.129971656856
TARA_093_SRF_0.22-3_G.snv.bam	0.137173561456	0.135334127241	0.134453638512	0.129272396598	0.141389372609	0.139345799582	0.162909460946	0.132286881039	0.131952381824	0.025068961689	0.0	0.126763033225	0.132467222797	0.146368859971	0.145536481653	0.140133380244	0.140678022304
TARA_133_DCM_0.22-3_G.snv.bam	0.103606035913	0.0974059353029	0.115006519787	0.111570828328	0.108175833868	0.105019334389	0.147216260916	0.0897828469853	0.0883118027567	0.115652004474	0.126763033225	0.0	0.0522305958389	0.110376418426	0.106037273963	0.103224716869	0.103271668115
TARA_133_SRF_0.22-3_G.snv.bam	0.0978185979812	0.0903437880928	0.106495898777	0.101967363357	0.102535401768	0.101522619098	0.13949951302	0.085066623166	0.0850497410967	0.120913630575	0.132467222797	0.0522305958389	0.0	0.103230922968	0.100359868205	0.0971680234762	0.0981412351411
TARA_151_DCM_0.22-3_G.snv.bam	0.0437688685106	0.0643848671017	0.0980269884921	0.0933682673013	0.077654988787	0.0673169190178	0.130013998824	0.0595434231756	0.0608744826614	0.137135265327	0.146368859971	0.110376418426	0.103230922968	0.0	0.0412279599194	0.0387588944348	0.0392461472604
TARA_151_SRF_0.22-3_G.snv.bam	0.046564864014	0.0612391994095	0.0946532740927	0.0895577586392	0.0781778680401	0.0681465169504	0.129991550202	0.061109737046	0.0595054892769	0.136515731857	0.145536481653	0.106037273963	0.100359868205	0.0412279599194	0.0	0.04578737665	0.0442529702704
TARA_152_MIX_0.22-3_G.snv.bam	0.0321573118451	0.0582561974176	0.0941113431455	0.0898168239056	0.0743537618926	0.055725547018	0.122447883363	0.0499880213346	0.0530178087744	0.129055426807	0.140133380244	0.103224716869	0.0971680234762	0.0387588944348	0.04578737665	0.0	0.0123282249606
TARA_152_SRF_0.22-3_G.snv.bam	0.0330576673939	0.0574735078328	0.0949755882011	0.090841875733	0.0738654867086	0.055853311681	0.124041240466	0.0494227454208	0.0513473834676	0.129971656856	0.140678022304	0.103271668115	0.0981412351411	0.0392461472604	0.0442529702704	0.0123282249606	0.0
