	TARA_056_MES_0.22-3_G.snv.bam	TARA_064_MES_0.22-3_G.snv.bam	TARA_065_MES_0.22-3_G.snv.bam	TARA_068_MES_0.22-3_G.snv.bam	TARA_070_MES_0.22-3_G.snv.bam	TARA_072_MES_0.22-3_G.snv.bam	TARA_076_MES_0.22-3_G.snv.bam	TARA_078_MES_0.22-3_G.snv.bam	TARA_098_MES_0.22-3_G.snv.bam	TARA_102_MES_0.22-3_G.snv.bam	TARA_109_MES_0.22-3_G.snv.bam	TARA_110_MES_0.22-3_G.snv.bam	TARA_111_MES_0.22-3_G.snv.bam	TARA_112_MES_0.22-3_G.snv.bam	TARA_122_MES_0.22-3_G.snv.bam	TARA_132_MES_0.22-3_G.snv.bam	TARA_133_MES_0.22-3_G.snv.bam	TARA_137_MES_0.22-3_G.snv.bam	TARA_138_MES_0.22-3_G.snv.bam	TARA_142_MES_0.22-3_G.snv.bam	TARA_145_MES_0.22-3_G.snv.bam	TARA_146_MES_0.22-3_G.snv.bam	TARA_149_MES_0.22-3_G.snv.bam	TARA_152_MES_0.22-3_G.snv.bam
TARA_056_MES_0.22-3_G.snv.bam	0.0	0.0	0.000700280112045	0.00140056022409	0.0	0.000700280112045	0.000700280112045	0.00280112044818	0.0	0.0	0.0329131652661	0.00210084033613	0.00140056022409	0.000700280112045	0.0	0.0	0.0	0.00140056022409	0.0	0.0	0.00210084033613	0.0	0.0	0.00140056022409
TARA_064_MES_0.22-3_G.snv.bam	0.0	0.0	0.0	0.0	0.0	0.00140056022409	0.0	0.0	0.0	0.00140056022409	0.031512605042	0.00350140056022	0.00350140056022	0.0	0.0	0.0	0.0	0.00560224089636	0.00210084033613	0.0	0.0	0.0	0.0	0.0
TARA_065_MES_0.22-3_G.snv.bam	0.000700280112045	0.0	0.0	0.0	0.0	0.00280112044818	0.0	0.0	0.0	0.00140056022409	0.03081232493	0.00490196078431	0.00280112044818	0.0	0.000700280112045	0.0	0.000700280112045	0.00280112044818	0.00280112044818	0.0	0.000700280112045	0.0	0.0	0.0
TARA_068_MES_0.22-3_G.snv.bam	0.00140056022409	0.0	0.0	0.0	0.000700280112045	0.00280112044818	0.0	0.0	0.0	0.00280112044818	0.0392156862745	0.00770308123249	0.0126050420168	0.0	0.00140056022409	0.0	0.000700280112045	0.00560224089636	0.00420168067227	0.0	0.0	0.0	0.0	0.0
TARA_070_MES_0.22-3_G.snv.bam	0.0	0.0	0.0	0.000700280112045	0.0	0.00140056022409	0.0	0.0	0.0	0.00210084033613	0.0406162464986	0.0063025210084	0.00700280112045	0.0	0.0	0.0	0.0	0.00420168067227	0.0	0.0	0.0	0.00140056022409	0.0	0.000700280112045
TARA_072_MES_0.22-3_G.snv.bam	0.000700280112045	0.00140056022409	0.00280112044818	0.00280112044818	0.00140056022409	0.0	0.00140056022409	0.00350140056022	0.000700280112045	0.00140056022409	0.0364145658263	0.00420168067227	0.00700280112045	0.000700280112045	0.00140056022409	0.00280112044818	0.000700280112045	0.00490196078431	0.00210084033613	0.00140056022409	0.00210084033613	0.00210084033613	0.00210084033613	0.00280112044818
TARA_076_MES_0.22-3_G.snv.bam	0.000700280112045	0.0	0.0	0.0	0.0	0.00140056022409	0.0	0.0	0.0	0.00490196078431	0.0441176470588	0.00840336134454	0.0126050420168	0.0	0.000700280112045	0.0	0.0	0.0063025210084	0.00210084033613	0.00210084033613	0.0	0.00140056022409	0.0	0.0
TARA_078_MES_0.22-3_G.snv.bam	0.00280112044818	0.0	0.0	0.0	0.0	0.00350140056022	0.0	0.0	0.0	0.00700280112045	0.0441176470588	0.0105042016807	0.016106442577	0.0	0.00140056022409	0.0	0.0	0.0105042016807	0.00560224089636	0.00420168067227	0.0	0.00210084033613	0.000700280112045	0.0
TARA_098_MES_0.22-3_G.snv.bam	0.0	0.0	0.0	0.0	0.0	0.000700280112045	0.0	0.0	0.0	0.00140056022409	0.0343137254902	0.00350140056022	0.00490196078431	0.0	0.0	0.0	0.0	0.00280112044818	0.00280112044818	0.0	0.0	0.0	0.0	0.0
TARA_102_MES_0.22-3_G.snv.bam	0.0	0.00140056022409	0.00140056022409	0.00280112044818	0.00210084033613	0.00140056022409	0.00490196078431	0.00700280112045	0.00140056022409	0.0	0.00350140056022	0.000700280112045	0.0	0.00560224089636	0.0	0.00140056022409	0.0	0.0	0.000700280112045	0.0	0.00980392156863	0.0	0.000700280112045	0.000700280112045
TARA_109_MES_0.22-3_G.snv.bam	0.0329131652661	0.031512605042	0.03081232493	0.0392156862745	0.0406162464986	0.0364145658263	0.0441176470588	0.0441176470588	0.0343137254902	0.00350140056022	0.0	0.00350140056022	0.00210084033613	0.0441176470588	0.0294117647059	0.0420168067227	0.0371148459384	0.0147058823529	0.0231092436975	0.0133053221289	0.046918767507	0.0189075630252	0.0238095238095	0.031512605042
TARA_110_MES_0.22-3_G.snv.bam	0.00210084033613	0.00350140056022	0.00490196078431	0.00770308123249	0.0063025210084	0.00420168067227	0.00840336134454	0.0105042016807	0.00350140056022	0.000700280112045	0.00350140056022	0.0	0.0	0.00840336134454	0.00210084033613	0.00770308123249	0.00420168067227	0.00210084033613	0.00140056022409	0.000700280112045	0.0105042016807	0.00210084033613	0.00280112044818	0.00490196078431
TARA_111_MES_0.22-3_G.snv.bam	0.00140056022409	0.00350140056022	0.00280112044818	0.0126050420168	0.00700280112045	0.00700280112045	0.0126050420168	0.016106442577	0.00490196078431	0.0	0.00210084033613	0.0	0.0	0.0112044817927	0.0	0.00840336134454	0.00280112044818	0.0	0.000700280112045	0.000700280112045	0.015406162465	0.00140056022409	0.000700280112045	0.00560224089636
TARA_112_MES_0.22-3_G.snv.bam	0.000700280112045	0.0	0.0	0.0	0.0	0.000700280112045	0.0	0.0	0.0	0.00560224089636	0.0441176470588	0.00840336134454	0.0112044817927	0.0	0.000700280112045	0.0	0.0	0.00840336134454	0.00280112044818	0.00490196078431	0.0	0.00210084033613	0.0	0.0
TARA_122_MES_0.22-3_G.snv.bam	0.0	0.0	0.000700280112045	0.00140056022409	0.0	0.00140056022409	0.000700280112045	0.00140056022409	0.0	0.0	0.0294117647059	0.00210084033613	0.0	0.000700280112045	0.0	0.0	0.0	0.00140056022409	0.0	0.0	0.00280112044818	0.0	0.0	0.000700280112045
TARA_132_MES_0.22-3_G.snv.bam	0.0	0.0	0.0	0.0	0.0	0.00280112044818	0.0	0.0	0.0	0.00140056022409	0.0420168067227	0.00770308123249	0.00840336134454	0.0	0.0	0.0	0.0	0.00420168067227	0.000700280112045	0.000700280112045	0.0	0.0	0.0	0.0
TARA_133_MES_0.22-3_G.snv.bam	0.0	0.0	0.000700280112045	0.000700280112045	0.0	0.000700280112045	0.0	0.0	0.0	0.0	0.0371148459384	0.00420168067227	0.00280112044818	0.0	0.0	0.0	0.0	0.00210084033613	0.000700280112045	0.0	0.00140056022409	0.000700280112045	0.0	0.000700280112045
TARA_137_MES_0.22-3_G.snv.bam	0.00140056022409	0.00560224089636	0.00280112044818	0.00560224089636	0.00420168067227	0.00490196078431	0.0063025210084	0.0105042016807	0.00280112044818	0.0	0.0147058823529	0.00210084033613	0.0	0.00840336134454	0.00140056022409	0.00420168067227	0.00210084033613	0.0	0.0	0.000700280112045	0.00980392156863	0.00140056022409	0.00210084033613	0.00350140056022
TARA_138_MES_0.22-3_G.snv.bam	0.0	0.00210084033613	0.00280112044818	0.00420168067227	0.0	0.00210084033613	0.00210084033613	0.00560224089636	0.00280112044818	0.000700280112045	0.0231092436975	0.00140056022409	0.000700280112045	0.00280112044818	0.0	0.000700280112045	0.000700280112045	0.0	0.0	0.0	0.00700280112045	0.0	0.000700280112045	0.00140056022409
TARA_142_MES_0.22-3_G.snv.bam	0.0	0.0	0.0	0.0	0.0	0.00140056022409	0.00210084033613	0.00420168067227	0.0	0.0	0.0133053221289	0.000700280112045	0.000700280112045	0.00490196078431	0.0	0.000700280112045	0.0	0.000700280112045	0.0	0.0	0.0063025210084	0.0	0.0	0.0
TARA_145_MES_0.22-3_G.snv.bam	0.00210084033613	0.0	0.000700280112045	0.0	0.0	0.00210084033613	0.0	0.0	0.0	0.00980392156863	0.046918767507	0.0105042016807	0.015406162465	0.0	0.00280112044818	0.0	0.00140056022409	0.00980392156863	0.00700280112045	0.0063025210084	0.0	0.00280112044818	0.00210084033613	0.000700280112045
TARA_146_MES_0.22-3_G.snv.bam	0.0	0.0	0.0	0.0	0.00140056022409	0.00210084033613	0.00140056022409	0.00210084033613	0.0	0.0	0.0189075630252	0.00210084033613	0.00140056022409	0.00210084033613	0.0	0.0	0.000700280112045	0.00140056022409	0.0	0.0	0.00280112044818	0.0	0.0	0.0
TARA_149_MES_0.22-3_G.snv.bam	0.0	0.0	0.0	0.0	0.0	0.00210084033613	0.0	0.000700280112045	0.0	0.000700280112045	0.0238095238095	0.00280112044818	0.000700280112045	0.0	0.0	0.0	0.0	0.00210084033613	0.000700280112045	0.0	0.00210084033613	0.0	0.0	0.0
TARA_152_MES_0.22-3_G.snv.bam	0.00140056022409	0.0	0.0	0.0	0.000700280112045	0.00280112044818	0.0	0.0	0.0	0.000700280112045	0.031512605042	0.00490196078431	0.00560224089636	0.0	0.000700280112045	0.0	0.000700280112045	0.00350140056022	0.00140056022409	0.0	0.000700280112045	0.0	0.0	0.0
