	TARA_052_SRF_0.22-1.6_G.snv.bam	TARA_100_SRF_0.22-3_G.snv.bam	TARA_111_SRF_0.22-3_G.snv.bam	TARA_122_SRF_0.22-3_G.snv.bam	TARA_124_SRF_0.22-3_G.snv.bam	TARA_128_DCM_0.22-3_G.snv.bam	TARA_128_SRF_0.22-3_G.snv.bam
TARA_052_SRF_0.22-1.6_G.snv.bam	0.0	0.120615542881	0.124694443582	0.0922802384577	0.0900622093919	0.0917895778067	0.0907555880118
TARA_100_SRF_0.22-3_G.snv.bam	0.120615542881	0.0	0.031355233778	0.119535300828	0.111254539666	0.119808405266	0.119540843219
TARA_111_SRF_0.22-3_G.snv.bam	0.124694443582	0.031355233778	0.0	0.123719013567	0.115428365985	0.124147485929	0.122002379044
TARA_122_SRF_0.22-3_G.snv.bam	0.0922802384577	0.119535300828	0.123719013567	0.0	0.0513561714867	0.0427082015448	0.0452325642428
TARA_124_SRF_0.22-3_G.snv.bam	0.0900622093919	0.111254539666	0.115428365985	0.0513561714867	0.0	0.0523717614562	0.0547791024428
TARA_128_DCM_0.22-3_G.snv.bam	0.0917895778067	0.119808405266	0.124147485929	0.0427082015448	0.0523717614562	0.0	0.0388718895244
TARA_128_SRF_0.22-3_G.snv.bam	0.0907555880118	0.119540843219	0.122002379044	0.0452325642428	0.0547791024428	0.0388718895244	0.0
