	TARA_037_MES_0.22-1.6_G.snv.bam	TARA_038_MES_0.22-1.6_G.snv.bam	TARA_039_MES_0.22-1.6_G.snv.bam	TARA_137_DCM_0.22-3_G.snv.bam	TARA_137_MES_0.22-3_G.snv.bam	TARA_138_MES_0.22-3_G.snv.bam
TARA_037_MES_0.22-1.6_G.snv.bam	0.0	0.00439266891509	0.00439266891509	0.91769413774	0.918753452028	0.918250016911
TARA_038_MES_0.22-1.6_G.snv.bam	0.00439266891509	0.0	0.0	0.922086806655	0.923146120943	0.922642685826
TARA_039_MES_0.22-1.6_G.snv.bam	0.00439266891509	0.0	0.0	0.922086806655	0.923146120943	0.922642685826
TARA_137_DCM_0.22-3_G.snv.bam	0.91769413774	0.922086806655	0.922086806655	0.0	0.0121094099915	0.00724043973611
TARA_137_MES_0.22-3_G.snv.bam	0.918753452028	0.923146120943	0.923146120943	0.0121094099915	0.0	0.0110136933083
TARA_138_MES_0.22-3_G.snv.bam	0.918250016911	0.922642685826	0.922642685826	0.00724043973611	0.0110136933083	0.0
