	TARA_032_DCM_0.22-1.6_G.snv.bam	TARA_042_DCM_0.22-1.6_G.snv.bam	TARA_057_SRF_0.22-3_G.snv.bam	TARA_064_DCM_0.22-3_G.snv.bam	TARA_064_SRF_0.22-3_G.snv.bam	TARA_065_DCM_0.22-3_G.snv.bam	TARA_065_SRF_0.22-3_G.snv.bam	TARA_123_SRF_0.22-3_G.snv.bam	TARA_124_MIX_0.22-3_G.snv.bam	TARA_124_SRF_0.22-3_G.snv.bam	TARA_141_SRF_0.22-3_G.snv.bam	TARA_142_DCM_0.22-3_G.snv.bam	TARA_142_SRF_0.22-3_G.snv.bam	TARA_146_SRF_0.22-3_G.snv.bam	TARA_148_SRF_0.22-3_G.snv.bam
TARA_032_DCM_0.22-1.6_G.snv.bam	0.0	0.000569151963574	0.00170745589072	0.00170745589072	0.00341491178145	0.00113830392715	0.00170745589072	0.0290267501423	0.0352874217416	0.0324416619237	0.0142287990894	0.00682982356289	0.00910643141719	0.00284575981787	0.00398406374502
TARA_042_DCM_0.22-1.6_G.snv.bam	0.000569151963574	0.0	0.0	0.00569151963574	0.00569151963574	0.00284575981787	0.00455321570859	0.0295959021059	0.0398406374502	0.0341491178145	0.00341491178145	0.00170745589072	0.00682982356289	0.00626067159932	0.00512236767217
TARA_057_SRF_0.22-3_G.snv.bam	0.00170745589072	0.0	0.0	0.0022766078543	0.0022766078543	0.000569151963574	0.00284575981787	0.0261809903244	0.0375640295959	0.0313033579966	0.00512236767217	0.00113830392715	0.00455321570859	0.00341491178145	0.00512236767217
TARA_064_DCM_0.22-3_G.snv.bam	0.00170745589072	0.00569151963574	0.0022766078543	0.0	0.0	0.0	0.0	0.0273192942516	0.0324416619237	0.0313033579966	0.018782014798	0.00512236767217	0.00853727945361	0.000569151963574	0.000569151963574
TARA_064_SRF_0.22-3_G.snv.bam	0.00341491178145	0.00569151963574	0.0022766078543	0.0	0.0	0.0	0.0	0.0273192942516	0.0330108138873	0.0313033579966	0.0210586226522	0.00796812749004	0.00796812749004	0.00113830392715	0.000569151963574
TARA_065_DCM_0.22-3_G.snv.bam	0.00113830392715	0.00284575981787	0.000569151963574	0.0	0.0	0.0	0.0	0.0278884462151	0.0313033579966	0.0313033579966	0.0147979510529	0.00398406374502	0.00626067159932	0.0	0.00113830392715
TARA_065_SRF_0.22-3_G.snv.bam	0.00170745589072	0.00455321570859	0.00284575981787	0.0	0.0	0.0	0.0	0.0284575981787	0.0330108138873	0.0318725099602	0.0199203187251	0.00739897552647	0.00682982356289	0.0	0.00113830392715
TARA_123_SRF_0.22-3_G.snv.bam	0.0290267501423	0.0295959021059	0.0261809903244	0.0273192942516	0.0273192942516	0.0278884462151	0.0284575981787	0.0	0.000569151963574	0.000569151963574	0.0449630051224	0.0301650540694	0.0364257256688	0.0295959021059	0.0301650540694
TARA_124_MIX_0.22-3_G.snv.bam	0.0352874217416	0.0398406374502	0.0375640295959	0.0324416619237	0.0330108138873	0.0313033579966	0.0330108138873	0.000569151963574	0.0	0.0	0.0591918042117	0.0421172453045	0.0478087649402	0.0335799658509	0.0352874217416
TARA_124_SRF_0.22-3_G.snv.bam	0.0324416619237	0.0341491178145	0.0313033579966	0.0313033579966	0.0313033579966	0.0313033579966	0.0318725099602	0.000569151963574	0.0	0.0	0.053500284576	0.0387023335231	0.0404097894138	0.034718269778	0.0341491178145
TARA_141_SRF_0.22-3_G.snv.bam	0.0142287990894	0.00341491178145	0.00512236767217	0.018782014798	0.0210586226522	0.0147979510529	0.0199203187251	0.0449630051224	0.0591918042117	0.053500284576	0.0	0.00284575981787	0.00796812749004	0.018782014798	0.0233352305065
TARA_142_DCM_0.22-3_G.snv.bam	0.00682982356289	0.00170745589072	0.00113830392715	0.00512236767217	0.00796812749004	0.00398406374502	0.00739897552647	0.0301650540694	0.0421172453045	0.0387023335231	0.00284575981787	0.0	0.000569151963574	0.00739897552647	0.0108138873079
TARA_142_SRF_0.22-3_G.snv.bam	0.00910643141719	0.00682982356289	0.00455321570859	0.00853727945361	0.00796812749004	0.00626067159932	0.00682982356289	0.0364257256688	0.0478087649402	0.0404097894138	0.00796812749004	0.000569151963574	0.0	0.00682982356289	0.00967558338076
TARA_146_SRF_0.22-3_G.snv.bam	0.00284575981787	0.00626067159932	0.00341491178145	0.000569151963574	0.00113830392715	0.0	0.0	0.0295959021059	0.0335799658509	0.034718269778	0.018782014798	0.00739897552647	0.00682982356289	0.0	0.000569151963574
TARA_148_SRF_0.22-3_G.snv.bam	0.00398406374502	0.00512236767217	0.00512236767217	0.000569151963574	0.000569151963574	0.00113830392715	0.00113830392715	0.0301650540694	0.0352874217416	0.0341491178145	0.0233352305065	0.0108138873079	0.00967558338076	0.000569151963574	0.0
