	TARA_004_DCM_0.22-1.6_G.snv.bam	TARA_004_SRF_0.22-1.6_G.snv.bam	TARA_007_SRF_0.22-1.6_G.snv.bam	TARA_009_DCM_0.22-1.6_G.snv.bam	TARA_009_SRF_0.22-1.6_G.snv.bam	TARA_018_DCM_0.22-1.6_G.snv.bam	TARA_018_SRF_0.22-1.6_G.snv.bam	TARA_023_DCM_0.22-1.6_G.snv.bam	TARA_023_SRF_0.22-1.6_G.snv.bam	TARA_025_DCM_0.22-1.6_G.snv.bam	TARA_025_SRF_0.22-1.6_G.snv.bam	TARA_030_DCM_0.22-1.6_G.snv.bam	TARA_030_SRF_0.22-1.6_G.snv.bam	TARA_066_DCM_0.22-3_G.snv.bam	TARA_066_SRF_0.22-3_G.snv.bam	TARA_078_SRF_0.22-3_G.snv.bam	TARA_094_SRF_0.22-3_G.snv.bam	TARA_096_SRF_0.22-3_G.snv.bam	TARA_102_DCM_0.22-3_G.snv.bam	TARA_133_DCM_0.22-3_G.snv.bam	TARA_133_SRF_0.22-3_G.snv.bam	TARA_150_DCM_0.22-3_G.snv.bam	TARA_150_SRF_0.22-3_G.snv.bam	TARA_151_DCM_0.22-3_G.snv.bam	TARA_151_SRF_0.22-3_G.snv.bam	TARA_152_MIX_0.22-3_G.snv.bam	TARA_152_SRF_0.22-3_G.snv.bam
TARA_004_DCM_0.22-1.6_G.snv.bam	0.0	0.0271931631725	0.0590073188585	0.0495670798163	0.0588431471247	0.0540915499829	0.0528387455823	0.0739531016128	0.0723392705623	0.0602870973366	0.0634877039676	0.0758937405068	0.071359754937	0.0558368496838	0.0559021591125	0.0566540363855	0.0889420819494	0.100572125927	0.0911453293031	0.081644448583	0.0723745425687	0.0414731055416	0.0514014844364	0.0467461804409	0.0454457353558	0.040330848988	0.0412588414769
TARA_004_SRF_0.22-1.6_G.snv.bam	0.0271931631725	0.0	0.0565847812299	0.045690296229	0.0552889883278	0.048153604389	0.0486952280477	0.0727756202889	0.0692507502584	0.0581757810412	0.060064603532	0.0728069931151	0.068429692059	0.0560341665601	0.0518363828412	0.0522003023893	0.0889660315099	0.0976005537023	0.0898814048216	0.081149978455	0.0699533890048	0.0369988564956	0.0450678671699	0.042157197574	0.0396236151892	0.0389640301754	0.0395959733541
TARA_007_SRF_0.22-1.6_G.snv.bam	0.0590073188585	0.0565847812299	0.0	0.0474324995696	0.0387190212381	0.0576057868216	0.0578741376992	0.0652353516905	0.0643743632555	0.0608392552845	0.0633316711336	0.0670294174666	0.0676026552312	0.0676186496747	0.0638245318265	0.0689313746569	0.10349808093	0.118674983123	0.106281059633	0.0927272211773	0.0830185140452	0.0641244073807	0.0619889287492	0.0595796073449	0.0577123882686	0.0664008826871	0.0657292816646
TARA_009_DCM_0.22-1.6_G.snv.bam	0.0495670798163	0.045690296229	0.0474324995696	0.0	0.0428673283759	0.0474681223269	0.0459864716012	0.0576661371515	0.0570815714823	0.0548446701381	0.05824718757	0.0633569751078	0.0669471546356	0.0573634428729	0.0519484207251	0.0608604191733	0.0873216597808	0.111368639711	0.102381981814	0.0804428565669	0.0674760662095	0.0543482584264	0.0510885694844	0.0503064084333	0.0464431956175	0.0523589916784	0.0522918797158
TARA_009_SRF_0.22-1.6_G.snv.bam	0.0588431471247	0.0552889883278	0.0387190212381	0.0428673283759	0.0	0.0496354461246	0.0498018472094	0.0552376295437	0.0529717698791	0.052147338559	0.0543242984996	0.0563820419442	0.0587240598261	0.0647344592301	0.0629393416098	0.0654155238727	0.100453372377	0.114350985153	0.107694378589	0.0911950814878	0.0802905979097	0.0606880394481	0.0578076585487	0.0565615825509	0.0537097786971	0.0651140696528	0.0632984971714
TARA_018_DCM_0.22-1.6_G.snv.bam	0.0540915499829	0.048153604389	0.0576057868216	0.0474681223269	0.0496354461246	0.0	0.0240220112133	0.0627250910358	0.0580173525048	0.0420511616623	0.0465716050482	0.0605254119035	0.0556191306083	0.0664458192061	0.0644517849488	0.0584721204429	0.0920657104344	0.095215216578	0.0952910376915	0.0837848410867	0.0738904748162	0.0525972301367	0.0633201332958	0.0638365930664	0.0599968378742	0.0568396520884	0.0579477535369
TARA_018_SRF_0.22-1.6_G.snv.bam	0.0528387455823	0.0486952280477	0.0578741376992	0.0459864716012	0.0498018472094	0.0240220112133	0.0	0.0619838559255	0.0586039621377	0.0445844106025	0.0491508612741	0.0628515182942	0.0568289513233	0.0666367672347	0.064302250277	0.0578441563771	0.0930600740568	0.0956923966316	0.096733788309	0.0810053071866	0.0719820897257	0.0545747983482	0.064272805696	0.063438179592	0.0609289100913	0.0582886865257	0.0575846403432
TARA_023_DCM_0.22-1.6_G.snv.bam	0.0739531016128	0.0727756202889	0.0652353516905	0.0576661371515	0.0552376295437	0.0627250910358	0.0619838559255	0.0	0.043411276062	0.048821789345	0.05063468221	0.0462963918104	0.0580150086905	0.0700507501802	0.0695093608827	0.0777560378563	0.105300419447	0.129207479178	0.119711818308	0.0972752320788	0.0861137603443	0.0807368534472	0.075587872501	0.07262747337	0.0716018150694	0.0754027193285	0.0769878067581
TARA_023_SRF_0.22-1.6_G.snv.bam	0.0723392705623	0.0692507502584	0.0643743632555	0.0570815714823	0.0529717698791	0.0580173525048	0.0586039621377	0.043411276062	0.0	0.0438591301536	0.0429604726941	0.0389031272801	0.0475938777233	0.0752003392482	0.0728989442244	0.0733058519384	0.102630741768	0.124798070518	0.111964670393	0.095686582059	0.0831548731611	0.0761704312908	0.0743885084126	0.0730036501345	0.0694019992694	0.0768068244217	0.0754281693752
TARA_025_DCM_0.22-1.6_G.snv.bam	0.0602870973366	0.0581757810412	0.0608392552845	0.0548446701381	0.052147338559	0.0420511616623	0.0445844106025	0.048821789345	0.0438591301536	0.0	0.0331114260148	0.0455627329184	0.0429474516123	0.0670807897491	0.0673637176924	0.0689033628996	0.0940048770606	0.109429561298	0.097874571851	0.088387399807	0.0777852166626	0.0645315212652	0.0722938172116	0.0705763924432	0.06793032505	0.0644259668089	0.0652583840394
TARA_025_SRF_0.22-1.6_G.snv.bam	0.0634877039676	0.060064603532	0.0633316711336	0.05824718757	0.0543242984996	0.0465716050482	0.0491508612741	0.05063468221	0.0429604726941	0.0331114260148	0.0	0.0445460383748	0.0423995041568	0.0714228585772	0.0694257212568	0.0683255171885	0.0954989886193	0.110276939929	0.0978529984783	0.088407818386	0.0776828380567	0.0677060848624	0.0758927869725	0.0728228402591	0.0694157469645	0.0642578870225	0.0656768651999
TARA_030_DCM_0.22-1.6_G.snv.bam	0.0758937405068	0.0728069931151	0.0670294174666	0.0633569751078	0.0563820419442	0.0605254119035	0.0628515182942	0.0462963918104	0.0389031272801	0.0455627329184	0.0445460383748	0.0	0.0381733286338	0.0766462323819	0.0758139757358	0.078450294957	0.106682406711	0.124733750158	0.11181152228	0.0982253721749	0.0889222431451	0.078753670154	0.0745079889676	0.0754637334696	0.0711394665516	0.0812600018288	0.0806457730442
TARA_030_SRF_0.22-1.6_G.snv.bam	0.071359754937	0.068429692059	0.0676026552312	0.0669471546356	0.0587240598261	0.0556191306083	0.0568289513233	0.0580150086905	0.0475938777233	0.0429474516123	0.0423995041568	0.0381733286338	0.0	0.0771403116342	0.0783542865147	0.0748011416385	0.105924015368	0.12005783973	0.101184221791	0.0954661946076	0.0863140457653	0.0717777214295	0.077613316182	0.0776948591129	0.0731939286672	0.0771567843332	0.0758525537746
TARA_066_DCM_0.22-3_G.snv.bam	0.0558368496838	0.0560341665601	0.0676186496747	0.0573634428729	0.0647344592301	0.0664458192061	0.0666367672347	0.0700507501802	0.0752003392482	0.0670807897491	0.0714228585772	0.0766462323819	0.0771403116342	0.0	0.0502510040189	0.06512611844	0.0927275586861	0.111161122447	0.103159775933	0.0769788037651	0.0672728068687	0.0603402277187	0.0615976813738	0.0580965995615	0.0559633510748	0.0558501107561	0.0568378221558
TARA_066_SRF_0.22-3_G.snv.bam	0.0559021591125	0.0518363828412	0.0638245318265	0.0519484207251	0.0629393416098	0.0644517849488	0.064302250277	0.0695093608827	0.0728989442244	0.0673637176924	0.0694257212568	0.0758139757358	0.0783542865147	0.0502510040189	0.0	0.0643003831662	0.0868376063352	0.111476350153	0.105253347505	0.0785337813052	0.0650466640959	0.0596496698561	0.054113745252	0.0500911239313	0.048740937203	0.0513495864249	0.050958205665
TARA_078_SRF_0.22-3_G.snv.bam	0.0566540363855	0.0522003023893	0.0689313746569	0.0608604191733	0.0654155238727	0.0584721204429	0.0578441563771	0.0777560378563	0.0733058519384	0.0689033628996	0.0683255171885	0.078450294957	0.0748011416385	0.06512611844	0.0643003831662	0.0	0.0949986405718	0.0955312821857	0.0965003132557	0.0825717605212	0.0766453636926	0.0552930206931	0.0625043300547	0.0610577179218	0.0613314793171	0.0602219944907	0.0604655740027
TARA_094_SRF_0.22-3_G.snv.bam	0.0889420819494	0.0889660315099	0.10349808093	0.0873216597808	0.100453372377	0.0920657104344	0.0930600740568	0.105300419447	0.102630741768	0.0940048770606	0.0954989886193	0.106682406711	0.105924015368	0.0927275586861	0.0868376063352	0.0949986405718	0.0	0.112244033022	0.0987162950758	0.0835948584134	0.0778797732301	0.094692167728	0.0972356923837	0.0972742041645	0.0948050478473	0.0795558919106	0.0824749302853
TARA_096_SRF_0.22-3_G.snv.bam	0.100572125927	0.0976005537023	0.118674983123	0.111368639711	0.114350985153	0.095215216578	0.0956923966316	0.129207479178	0.124798070518	0.109429561298	0.110276939929	0.124733750158	0.12005783973	0.111161122447	0.111476350153	0.0955312821857	0.112244033022	0.0	0.101765425081	0.11648860169	0.110911649671	0.0973504558001	0.107009717119	0.110182156234	0.109402441261	0.0997967309052	0.100742824718
TARA_102_DCM_0.22-3_G.snv.bam	0.0911453293031	0.0898814048216	0.106281059633	0.102381981814	0.107694378589	0.0952910376915	0.096733788309	0.119711818308	0.111964670393	0.097874571851	0.0978529984783	0.11181152228	0.101184221791	0.103159775933	0.105253347505	0.0965003132557	0.0987162950758	0.101765425081	0.0	0.104686941998	0.103845945571	0.0934857337528	0.107897157639	0.110249329463	0.106814624007	0.0861336261398	0.0881072841899
TARA_133_DCM_0.22-3_G.snv.bam	0.081644448583	0.081149978455	0.0927272211773	0.0804428565669	0.0911950814878	0.0837848410867	0.0810053071866	0.0972752320788	0.095686582059	0.088387399807	0.088407818386	0.0982253721749	0.0954661946076	0.0769788037651	0.0785337813052	0.0825717605212	0.0835948584134	0.11648860169	0.104686941998	0.0	0.0498490372296	0.0860224010248	0.0921578516067	0.090035347752	0.088689666171	0.0811026385566	0.0814383115405
TARA_133_SRF_0.22-3_G.snv.bam	0.0723745425687	0.0699533890048	0.0830185140452	0.0674760662095	0.0802905979097	0.0738904748162	0.0719820897257	0.0861137603443	0.0831548731611	0.0777852166626	0.0776828380567	0.0889222431451	0.0863140457653	0.0672728068687	0.0650466640959	0.0766453636926	0.0778797732301	0.110911649671	0.103845945571	0.0498490372296	0.0	0.0759934446019	0.0775754922972	0.0732764216022	0.0726241415462	0.0672512550551	0.0672029274405
TARA_150_DCM_0.22-3_G.snv.bam	0.0414731055416	0.0369988564956	0.0641244073807	0.0543482584264	0.0606880394481	0.0525972301367	0.0545747983482	0.0807368534472	0.0761704312908	0.0645315212652	0.0677060848624	0.078753670154	0.0717777214295	0.0603402277187	0.0596496698561	0.0552930206931	0.094692167728	0.0973504558001	0.0934857337528	0.0860224010248	0.0759934446019	0.0	0.0488642090979	0.0489083836064	0.0460998863232	0.0473208202064	0.0485969155337
TARA_150_SRF_0.22-3_G.snv.bam	0.0514014844364	0.0450678671699	0.0619889287492	0.0510885694844	0.0578076585487	0.0633201332958	0.064272805696	0.075587872501	0.0743885084126	0.0722938172116	0.0758927869725	0.0745079889676	0.077613316182	0.0615976813738	0.054113745252	0.0625043300547	0.0972356923837	0.107009717119	0.107897157639	0.0921578516067	0.0775754922972	0.0488642090979	0.0	0.0362762749894	0.030591930717	0.0538656820025	0.0530313686373
TARA_151_DCM_0.22-3_G.snv.bam	0.0467461804409	0.042157197574	0.0595796073449	0.0503064084333	0.0565615825509	0.0638365930664	0.063438179592	0.07262747337	0.0730036501345	0.0705763924432	0.0728228402591	0.0754637334696	0.0776948591129	0.0580965995615	0.0500911239313	0.0610577179218	0.0972742041645	0.110182156234	0.110249329463	0.090035347752	0.0732764216022	0.0489083836064	0.0362762749894	0.0	0.0296718015922	0.0482093618339	0.0454812544132
TARA_151_SRF_0.22-3_G.snv.bam	0.0454457353558	0.0396236151892	0.0577123882686	0.0464431956175	0.0537097786971	0.0599968378742	0.0609289100913	0.0716018150694	0.0694019992694	0.06793032505	0.0694157469645	0.0711394665516	0.0731939286672	0.0559633510748	0.048740937203	0.0613314793171	0.0948050478473	0.109402441261	0.106814624007	0.088689666171	0.0726241415462	0.0460998863232	0.030591930717	0.0296718015922	0.0	0.0474784280404	0.0455457956474
TARA_152_MIX_0.22-3_G.snv.bam	0.040330848988	0.0389640301754	0.0664008826871	0.0523589916784	0.0651140696528	0.0568396520884	0.0582886865257	0.0754027193285	0.0768068244217	0.0644259668089	0.0642578870225	0.0812600018288	0.0771567843332	0.0558501107561	0.0513495864249	0.0602219944907	0.0795558919106	0.0997967309052	0.0861336261398	0.0811026385566	0.0672512550551	0.0473208202064	0.0538656820025	0.0482093618339	0.0474784280404	0.0	0.0312439259671
TARA_152_SRF_0.22-3_G.snv.bam	0.0412588414769	0.0395959733541	0.0657292816646	0.0522918797158	0.0632984971714	0.0579477535369	0.0575846403432	0.0769878067581	0.0754281693752	0.0652583840394	0.0656768651999	0.0806457730442	0.0758525537746	0.0568378221558	0.050958205665	0.0604655740027	0.0824749302853	0.100742824718	0.0881072841899	0.0814383115405	0.0672029274405	0.0485969155337	0.0530313686373	0.0454812544132	0.0455457956474	0.0312439259671	0.0
