	TARA_052_DCM_0.22-1.6_G.snv.bam	TARA_072_DCM_0.22-3_G.snv.bam	TARA_100_DCM_0.22-3_G.snv.bam	TARA_110_DCM_0.22-3_G.snv.bam	TARA_111_DCM_0.22-3_G.snv.bam	TARA_132_DCM_0.22-3_G.snv.bam	TARA_138_DCM_0.22-3_G.snv.bam
TARA_052_DCM_0.22-1.6_G.snv.bam	0.0	0.0212014134276	0.275618374558	0.095406360424	0.282685512367	0.318021201413	0.017667844523
TARA_072_DCM_0.22-3_G.snv.bam	0.0212014134276	0.0	0.257950530035	0.0812720848057	0.26148409894	0.303886925795	0.00353356890459
TARA_100_DCM_0.22-3_G.snv.bam	0.275618374558	0.257950530035	0.0	0.275618374558	0.0	0.0883392226148	0.26148409894
TARA_110_DCM_0.22-3_G.snv.bam	0.095406360424	0.0812720848057	0.275618374558	0.0	0.265017667845	0.286219081272	0.0141342756184
TARA_111_DCM_0.22-3_G.snv.bam	0.282685512367	0.26148409894	0.0	0.265017667845	0.0	0.0918727915194	0.26148409894
TARA_132_DCM_0.22-3_G.snv.bam	0.318021201413	0.303886925795	0.0883392226148	0.286219081272	0.0918727915194	0.0	0.282685512367
TARA_138_DCM_0.22-3_G.snv.bam	0.017667844523	0.00353356890459	0.26148409894	0.0141342756184	0.26148409894	0.282685512367	0.0
