	TARA_065_MES_0.22-3_G.snv.bam	TARA_068_MES_0.22-3_G.snv.bam	TARA_098_MES_0.22-3_G.snv.bam	TARA_132_MES_0.22-3_G.snv.bam	TARA_142_MES_0.22-3_G.snv.bam	TARA_146_MES_0.22-3_G.snv.bam	TARA_149_MES_0.22-3_G.snv.bam	TARA_152_MES_0.22-3_G.snv.bam
TARA_065_MES_0.22-3_G.snv.bam	0.0	0.00127551020408	0.00255102040816	0.0	0.00127551020408	0.00127551020408	0.00127551020408	0.0
TARA_068_MES_0.22-3_G.snv.bam	0.00127551020408	0.0	0.00255102040816	0.00127551020408	0.00382653061224	0.00382653061224	0.00382653061224	0.00255102040816
TARA_098_MES_0.22-3_G.snv.bam	0.00255102040816	0.00255102040816	0.0	0.0	0.00510204081633	0.00765306122449	0.0102040816327	0.00382653061224
TARA_132_MES_0.22-3_G.snv.bam	0.0	0.00127551020408	0.0	0.0	0.0102040816327	0.00892857142857	0.00637755102041	0.00637755102041
TARA_142_MES_0.22-3_G.snv.bam	0.00127551020408	0.00382653061224	0.00510204081633	0.0102040816327	0.0	0.0	0.0	0.00127551020408
TARA_146_MES_0.22-3_G.snv.bam	0.00127551020408	0.00382653061224	0.00765306122449	0.00892857142857	0.0	0.0	0.0	0.0
TARA_149_MES_0.22-3_G.snv.bam	0.00127551020408	0.00382653061224	0.0102040816327	0.00637755102041	0.0	0.0	0.0	0.0
TARA_152_MES_0.22-3_G.snv.bam	0.0	0.00255102040816	0.00382653061224	0.00637755102041	0.00127551020408	0.0	0.0	0.0
