	TARA_007_DCM_0.22-1.6_G.snv.bam	TARA_067_SRF_0.22-3_G.snv.bam	TARA_093_DCM_0.22-3_G.snv.bam	TARA_093_SRF_0.22-3_G.snv.bam	TARA_133_DCM_0.22-3_G.snv.bam	TARA_133_SRF_0.22-3_G.snv.bam
TARA_007_DCM_0.22-1.6_G.snv.bam	0.0	0.136646717905	0.12380498578	0.113692024842	0.117902509304	0.107608142175
TARA_067_SRF_0.22-3_G.snv.bam	0.136646717905	0.0	0.0846587867153	0.0894791085728	0.0922392097491	0.0979274552007
TARA_093_DCM_0.22-3_G.snv.bam	0.12380498578	0.0846587867153	0.0	0.0646813906833	0.0894947362885	0.0918083971048
TARA_093_SRF_0.22-3_G.snv.bam	0.113692024842	0.0894791085728	0.0646813906833	0.0	0.0882850981251	0.0872074456807
TARA_133_DCM_0.22-3_G.snv.bam	0.117902509304	0.0922392097491	0.0894947362885	0.0882850981251	0.0	0.0794224626554
TARA_133_SRF_0.22-3_G.snv.bam	0.107608142175	0.0979274552007	0.0918083971048	0.0872074456807	0.0794224626554	0.0
