	TARA_070_MES_0.22-3_G.snv.bam	TARA_072_SRF_0.22-3_G.snv.bam	TARA_076_DCM_0.22-3_G.snv.bam	TARA_076_MES_0.22-3_G.snv.bam	TARA_100_DCM_0.22-3_G.snv.bam	TARA_100_MES_0.22-3_G.snv.bam	TARA_133_MES_0.22-3_G.snv.bam	TARA_137_DCM_0.22-3_G.snv.bam	TARA_142_MES_0.22-3_G.snv.bam	TARA_148b_MES_0.22-3_G.snv.bam
TARA_070_MES_0.22-3_G.snv.bam	0.0	0.0951770047728	0.105025418591	0.0997710725855	0.311815815086	0.329677759599	0.140579546201	0.110386942574	0.0992049407181	0.102883107394
TARA_072_SRF_0.22-3_G.snv.bam	0.0951770047728	0.0	0.130505453526	0.152286182514	0.313296278166	0.328115531548	0.140728823015	0.0600463381953	0.0174351463528	0.0186585400092
TARA_076_DCM_0.22-3_G.snv.bam	0.105025418591	0.130505453526	0.0	0.0950664016572	0.312048884625	0.328223624153	0.153653106239	0.124848992567	0.134882365622	0.138446779474
TARA_076_MES_0.22-3_G.snv.bam	0.0997710725855	0.152286182514	0.0950664016572	0.0	0.312711737545	0.329134887832	0.163151755892	0.153001923036	0.159682561475	0.162584681748
TARA_100_DCM_0.22-3_G.snv.bam	0.311815815086	0.313296278166	0.312048884625	0.312711737545	0.0	0.0163322423489	0.189110470324	0.251432848854	0.309167710718	0.305391438008
TARA_100_MES_0.22-3_G.snv.bam	0.329677759599	0.328115531548	0.328223624153	0.329134887832	0.0163322423489	0.0	0.208610991706	0.267977169178	0.324264754558	0.321503183231
TARA_133_MES_0.22-3_G.snv.bam	0.140579546201	0.140728823015	0.153653106239	0.163151755892	0.189110470324	0.208610991706	0.0	0.0894711989573	0.13827562433	0.133198645417
TARA_137_DCM_0.22-3_G.snv.bam	0.110386942574	0.0600463381953	0.124848992567	0.153001923036	0.251432848854	0.267977169178	0.0894711989573	0.0	0.0536832313889	0.0514112211699
TARA_142_MES_0.22-3_G.snv.bam	0.0992049407181	0.0174351463528	0.134882365622	0.159682561475	0.309167710718	0.324264754558	0.13827562433	0.0536832313889	0.0	0.0139446493006
TARA_148b_MES_0.22-3_G.snv.bam	0.102883107394	0.0186585400092	0.138446779474	0.162584681748	0.305391438008	0.321503183231	0.133198645417	0.0514112211699	0.0139446493006	0.0
