	TARA_070_SRF_0.22-3_G.snv.bam	TARA_078_DCM_0.22-3_G.snv.bam	TARA_149_SRF_0.22-3_G.snv.bam	TARA_150_DCM_0.22-3_G.snv.bam	TARA_150_SRF_0.22-3_G.snv.bam	TARA_151_DCM_0.22-3_G.snv.bam	TARA_151_SRF_0.22-3_G.snv.bam	TARA_152_MIX_0.22-3_G.snv.bam	TARA_152_SRF_0.22-3_G.snv.bam
TARA_070_SRF_0.22-3_G.snv.bam	0.0	0.172815533981	0.0873786407767	0.161165048544	0.157281553398	0.0854368932039	0.0854368932039	0.159223300971	0.161165048544
TARA_078_DCM_0.22-3_G.snv.bam	0.172815533981	0.0	0.168932038835	0.0194174757282	0.0116504854369	0.0621359223301	0.0446601941748	0.021359223301	0.0330097087379
TARA_149_SRF_0.22-3_G.snv.bam	0.0873786407767	0.168932038835	0.0	0.132038834951	0.126213592233	0.0757281553398	0.0660194174757	0.155339805825	0.141747572816
TARA_150_DCM_0.22-3_G.snv.bam	0.161165048544	0.0194174757282	0.132038834951	0.0	0.0	0.0135922330097	0.00194174757282	0.00388349514563	0.00388349514563
TARA_150_SRF_0.22-3_G.snv.bam	0.157281553398	0.0116504854369	0.126213592233	0.0	0.0	0.00776699029126	0.0	0.00194174757282	0.00388349514563
TARA_151_DCM_0.22-3_G.snv.bam	0.0854368932039	0.0621359223301	0.0757281553398	0.0135922330097	0.00776699029126	0.0	0.0	0.021359223301	0.031067961165
TARA_151_SRF_0.22-3_G.snv.bam	0.0854368932039	0.0446601941748	0.0660194174757	0.00194174757282	0.0	0.0	0.0	0.0155339805825	0.0135922330097
TARA_152_MIX_0.22-3_G.snv.bam	0.159223300971	0.021359223301	0.155339805825	0.00388349514563	0.00194174757282	0.021359223301	0.0155339805825	0.0	0.0
TARA_152_SRF_0.22-3_G.snv.bam	0.161165048544	0.0330097087379	0.141747572816	0.00388349514563	0.00388349514563	0.031067961165	0.0135922330097	0.0	0.0
