	TARA_009_DCM_0.22-1.6_G.snv.bam	TARA_018_DCM_0.22-1.6_G.snv.bam	TARA_018_SRF_0.22-1.6_G.snv.bam	TARA_023_DCM_0.22-1.6_G.snv.bam	TARA_023_SRF_0.22-1.6_G.snv.bam	TARA_025_DCM_0.22-1.6_G.snv.bam	TARA_066_SRF_0.22-3_G.snv.bam	TARA_068_DCM_0.22-3_G.snv.bam	TARA_078_DCM_0.22-3_G.snv.bam	TARA_132_DCM_0.22-3_G.snv.bam	TARA_150_SRF_0.22-3_G.snv.bam	TARA_151_DCM_0.22-3_G.snv.bam
TARA_009_DCM_0.22-1.6_G.snv.bam	0.0	0.115518937738	0.116208205074	0.113939859265	0.112776002421	0.103495574887	0.0798736978481	0.0703458338269	0.0724060823405	0.156259304068	0.0616990351029	0.055227523796
TARA_018_DCM_0.22-1.6_G.snv.bam	0.115518937738	0.0	0.0293374075057	0.0855340487684	0.0692293665591	0.0815910888167	0.143730579498	0.139918216884	0.128920875009	0.144270429292	0.138860784437	0.143291298651
TARA_018_SRF_0.22-1.6_G.snv.bam	0.116208205074	0.0293374075057	0.0	0.080662448744	0.0646737188818	0.0767811627468	0.143297753346	0.139176520139	0.130344365046	0.147353635415	0.139597691916	0.143905074099
TARA_023_DCM_0.22-1.6_G.snv.bam	0.113939859265	0.0855340487684	0.080662448744	0.0	0.0382348057611	0.0336578634456	0.147286202214	0.135613299839	0.127109818782	0.156977090638	0.134459452863	0.138244129726
TARA_023_SRF_0.22-1.6_G.snv.bam	0.112776002421	0.0692293665591	0.0646737188818	0.0382348057611	0.0	0.0366625984561	0.146696299912	0.136572494099	0.125223068655	0.160208908996	0.135680863556	0.139160735135
TARA_025_DCM_0.22-1.6_G.snv.bam	0.103495574887	0.0815910888167	0.0767811627468	0.0336578634456	0.0366625984561	0.0	0.138323984432	0.128685783545	0.11958019222	0.158953674857	0.128463765327	0.131610565174
TARA_066_SRF_0.22-3_G.snv.bam	0.0798736978481	0.143730579498	0.143297753346	0.147286202214	0.146696299912	0.138323984432	0.0	0.0566985248345	0.0791398921504	0.158601789249	0.0672490725947	0.0667195949214
TARA_068_DCM_0.22-3_G.snv.bam	0.0703458338269	0.139918216884	0.139176520139	0.135613299839	0.136572494099	0.128685783545	0.0566985248345	0.0	0.0655081140965	0.154514349417	0.0608094619751	0.0558590370386
TARA_078_DCM_0.22-3_G.snv.bam	0.0724060823405	0.128920875009	0.130344365046	0.127109818782	0.125223068655	0.11958019222	0.0791398921504	0.0655081140965	0.0	0.1388817901	0.0726253596727	0.0685371693737
TARA_132_DCM_0.22-3_G.snv.bam	0.156259304068	0.144270429292	0.147353635415	0.156977090638	0.160208908996	0.158953674857	0.158601789249	0.154514349417	0.1388817901	0.0	0.152873073667	0.157823119548
TARA_150_SRF_0.22-3_G.snv.bam	0.0616990351029	0.138860784437	0.139597691916	0.134459452863	0.135680863556	0.128463765327	0.0672490725947	0.0608094619751	0.0726253596727	0.152873073667	0.0	0.049730387039
TARA_151_DCM_0.22-3_G.snv.bam	0.055227523796	0.143291298651	0.143905074099	0.138244129726	0.139160735135	0.131610565174	0.0667195949214	0.0558590370386	0.0685371693737	0.157823119548	0.049730387039	0.0
