	TARA_030_DCM_0.22-1.6_G.snv.bam	TARA_052_DCM_0.22-1.6_G.snv.bam	TARA_064_SRF_0.22-3_G.snv.bam	TARA_072_DCM_0.22-3_G.snv.bam	TARA_076_SRF_0.22-3_G.snv.bam	TARA_078_DCM_0.22-3_G.snv.bam	TARA_078_SRF_0.22-3_G.snv.bam	TARA_098_DCM_0.22-3_G.snv.bam	TARA_112_DCM_0.22-3_G.snv.bam	TARA_112_SRF_0.22-3_G.snv.bam	TARA_146_SRF_0.22-3_G.snv.bam	TARA_148_SRF_0.22-3_G.snv.bam	TARA_149_SRF_0.22-3_G.snv.bam
TARA_030_DCM_0.22-1.6_G.snv.bam	0.0	0.0682080924855	0.0682080924855	0.0693641618497	0.0578034682081	0.0601156069364	0.0520231213873	0.0624277456647	0.0612716763006	0.0566473988439	0.0601156069364	0.0647398843931	0.0647398843931
TARA_052_DCM_0.22-1.6_G.snv.bam	0.0682080924855	0.0	0.00115606936416	0.0	0.0115606936416	0.00346820809249	0.00231213872832	0.00578034682081	0.00115606936416	0.00231213872832	0.0115606936416	0.00462427745665	0.00924855491329
TARA_064_SRF_0.22-3_G.snv.bam	0.0682080924855	0.00115606936416	0.0	0.0	0.00809248554913	0.00346820809249	0.00578034682081	0.00346820809249	0.00115606936416	0.00346820809249	0.00809248554913	0.00346820809249	0.00578034682081
TARA_072_DCM_0.22-3_G.snv.bam	0.0693641618497	0.0	0.0	0.0	0.00924855491329	0.00346820809249	0.00462427745665	0.0	0.0	0.00231213872832	0.00924855491329	0.00346820809249	0.00693641618497
TARA_076_SRF_0.22-3_G.snv.bam	0.0578034682081	0.0115606936416	0.00809248554913	0.00924855491329	0.0	0.00346820809249	0.00924855491329	0.0104046242775	0.00924855491329	0.00809248554913	0.0173410404624	0.0115606936416	0.0127167630058
TARA_078_DCM_0.22-3_G.snv.bam	0.0601156069364	0.00346820809249	0.00346820809249	0.00346820809249	0.00346820809249	0.0	0.00462427745665	0.00346820809249	0.00115606936416	0.00346820809249	0.0104046242775	0.00578034682081	0.00578034682081
TARA_078_SRF_0.22-3_G.snv.bam	0.0520231213873	0.00231213872832	0.00578034682081	0.00462427745665	0.00924855491329	0.00462427745665	0.0	0.00231213872832	0.00231213872832	0.00346820809249	0.00809248554913	0.00578034682081	0.00924855491329
TARA_098_DCM_0.22-3_G.snv.bam	0.0624277456647	0.00578034682081	0.00346820809249	0.0	0.0104046242775	0.00346820809249	0.00231213872832	0.0	0.0	0.0	0.00924855491329	0.00462427745665	0.00578034682081
TARA_112_DCM_0.22-3_G.snv.bam	0.0612716763006	0.00115606936416	0.00115606936416	0.0	0.00924855491329	0.00115606936416	0.00231213872832	0.0	0.0	0.0	0.00462427745665	0.00231213872832	0.00462427745665
TARA_112_SRF_0.22-3_G.snv.bam	0.0566473988439	0.00231213872832	0.00346820809249	0.00231213872832	0.00809248554913	0.00346820809249	0.00346820809249	0.0	0.0	0.0	0.00462427745665	0.00578034682081	0.00115606936416
TARA_146_SRF_0.22-3_G.snv.bam	0.0601156069364	0.0115606936416	0.00809248554913	0.00924855491329	0.0173410404624	0.0104046242775	0.00809248554913	0.00924855491329	0.00462427745665	0.00462427745665	0.0	0.00115606936416	0.00115606936416
TARA_148_SRF_0.22-3_G.snv.bam	0.0647398843931	0.00462427745665	0.00346820809249	0.00346820809249	0.0115606936416	0.00578034682081	0.00578034682081	0.00462427745665	0.00231213872832	0.00578034682081	0.00115606936416	0.0	0.0
TARA_149_SRF_0.22-3_G.snv.bam	0.0647398843931	0.00924855491329	0.00578034682081	0.00693641618497	0.0127167630058	0.00578034682081	0.00924855491329	0.00578034682081	0.00462427745665	0.00115606936416	0.00115606936416	0.0	0.0
