	TARA_009_DCM_0.22-1.6_G.snv.bam	TARA_093_DCM_0.22-3_G.snv.bam	TARA_093_SRF_0.22-3_G.snv.bam	TARA_133_DCM_0.22-3_G.snv.bam	TARA_133_SRF_0.22-3_G.snv.bam	TARA_145_SRF_0.22-3_G.snv.bam
TARA_009_DCM_0.22-1.6_G.snv.bam	0.0	0.148938055498	0.147971725566	0.123097587395	0.147497270195	0.0890651135394
TARA_093_DCM_0.22-3_G.snv.bam	0.148938055498	0.0	0.0243051654389	0.101402391906	0.17119698882	0.133514019234
TARA_093_SRF_0.22-3_G.snv.bam	0.147971725566	0.0243051654389	0.0	0.100879575758	0.170727334081	0.135057096484
TARA_133_DCM_0.22-3_G.snv.bam	0.123097587395	0.101402391906	0.100879575758	0.0	0.131208374257	0.119927169762
TARA_133_SRF_0.22-3_G.snv.bam	0.147497270195	0.17119698882	0.170727334081	0.131208374257	0.0	0.15388678943
TARA_145_SRF_0.22-3_G.snv.bam	0.0890651135394	0.133514019234	0.135057096484	0.119927169762	0.15388678943	0.0
