	TARA_037_MES_0.22-1.6_G.snv.bam	TARA_056_MES_0.22-3_G.snv.bam	TARA_064_MES_0.22-3_G.snv.bam	TARA_065_MES_0.22-3_G.snv.bam	TARA_068_MES_0.22-3_G.snv.bam	TARA_070_MES_0.22-3_G.snv.bam	TARA_072_MES_0.22-3_G.snv.bam	TARA_076_MES_0.22-3_G.snv.bam	TARA_085_MES_0.22-3_G.snv.bam	TARA_098_MES_0.22-3_G.snv.bam	TARA_102_MES_0.22-3_G.snv.bam	TARA_111_MES_0.22-3_G.snv.bam	TARA_112_MES_0.22-3_G.snv.bam	TARA_122_MES_0.22-3_G.snv.bam	TARA_132_MES_0.22-3_G.snv.bam	TARA_133_MES_0.22-3_G.snv.bam	TARA_137_MES_0.22-3_G.snv.bam	TARA_138_MES_0.22-3_G.snv.bam	TARA_142_MES_0.22-3_G.snv.bam	TARA_145_MES_0.22-3_G.snv.bam	TARA_146_MES_0.22-3_G.snv.bam	TARA_149_MES_0.22-3_G.snv.bam	TARA_152_MES_0.22-3_G.snv.bam
TARA_037_MES_0.22-1.6_G.snv.bam	0.0	0.00351699882767	0.00586166471278	0.00937866354045	0.00468933177022	0.0140679953107	0.00586166471278	0.0140679953107	0.0961313012896	0.00937866354045	0.00820633059789	0.00937866354045	0.00820633059789	0.00820633059789	0.010550996483	0.00468933177022	0.00234466588511	0.00234466588511	0.00703399765533	0.0339976553341	0.00820633059789	0.00937866354045	0.010550996483
TARA_056_MES_0.22-3_G.snv.bam	0.00351699882767	0.0	0.0	0.00351699882767	0.0	0.0	0.0	0.0	0.073856975381	0.00586166471278	0.00117233294256	0.00234466588511	0.0	0.0	0.00468933177022	0.0	0.00117233294256	0.0	0.0	0.0	0.0	0.00234466588511	0.00117233294256
TARA_064_MES_0.22-3_G.snv.bam	0.00586166471278	0.0	0.0	0.0	0.0	0.00117233294256	0.00117233294256	0.00117233294256	0.0879249706917	0.0	0.0	0.0	0.0	0.0	0.00117233294256	0.0	0.0	0.0	0.0	0.0175849941383	0.00117233294256	0.0	0.0
TARA_065_MES_0.22-3_G.snv.bam	0.00937866354045	0.00351699882767	0.0	0.0	0.0	0.0117233294256	0.00351699882767	0.0117233294256	0.0961313012896	0.00117233294256	0.0	0.00234466588511	0.00234466588511	0.00117233294256	0.00234466588511	0.00117233294256	0.00351699882767	0.00234466588511	0.0	0.0339976553341	0.00117233294256	0.0	0.0
TARA_068_MES_0.22-3_G.snv.bam	0.00468933177022	0.0	0.0	0.0	0.0	0.00351699882767	0.0	0.00234466588511	0.084407971864	0.00117233294256	0.0	0.00117233294256	0.0	0.0	0.00117233294256	0.0	0.00234466588511	0.0	0.0	0.0152403282532	0.0	0.0	0.00117233294256
TARA_070_MES_0.22-3_G.snv.bam	0.0140679953107	0.0	0.00117233294256	0.0117233294256	0.00351699882767	0.0	0.0	0.0	0.0480656506448	0.0117233294256	0.00820633059789	0.00820633059789	0.0	0.00234466588511	0.0164126611958	0.0	0.00703399765533	0.00703399765533	0.00468933177022	0.00234466588511	0.00351699882767	0.010550996483	0.00820633059789
TARA_072_MES_0.22-3_G.snv.bam	0.00586166471278	0.0	0.00117233294256	0.00351699882767	0.0	0.0	0.0	0.00117233294256	0.0715123094959	0.00586166471278	0.00351699882767	0.00234466588511	0.0	0.0	0.00703399765533	0.0	0.00351699882767	0.00117233294256	0.0	0.00703399765533	0.0	0.00351699882767	0.00351699882767
TARA_076_MES_0.22-3_G.snv.bam	0.0140679953107	0.0	0.00117233294256	0.0117233294256	0.00234466588511	0.0	0.00117233294256	0.0	0.0457209847597	0.0140679953107	0.0152403282532	0.0117233294256	0.0	0.00117233294256	0.0140679953107	0.0	0.00703399765533	0.00468933177022	0.00234466588511	0.00234466588511	0.00468933177022	0.010550996483	0.00820633059789
TARA_085_MES_0.22-3_G.snv.bam	0.0961313012896	0.073856975381	0.0879249706917	0.0961313012896	0.084407971864	0.0480656506448	0.0715123094959	0.0457209847597	0.0	0.0961313012896	0.10550996483	0.0879249706917	0.073856975381	0.0973036342321	0.106682297773	0.0586166471278	0.0902696365768	0.0961313012896	0.0961313012896	0.0257913247362	0.0879249706917	0.094958968347	0.0890973036342
TARA_098_MES_0.22-3_G.snv.bam	0.00937866354045	0.00586166471278	0.0	0.00117233294256	0.00117233294256	0.0117233294256	0.00586166471278	0.0140679953107	0.0961313012896	0.0	0.00117233294256	0.0	0.00117233294256	0.00234466588511	0.00117233294256	0.0	0.00117233294256	0.00117233294256	0.0	0.0328253223916	0.00234466588511	0.0	0.0
TARA_102_MES_0.22-3_G.snv.bam	0.00820633059789	0.00117233294256	0.0	0.0	0.0	0.00820633059789	0.00351699882767	0.0152403282532	0.10550996483	0.00117233294256	0.0	0.0	0.00234466588511	0.0	0.0	0.00117233294256	0.00117233294256	0.0	0.0	0.0351699882767	0.00117233294256	0.00117233294256	0.00117233294256
TARA_111_MES_0.22-3_G.snv.bam	0.00937866354045	0.00234466588511	0.0	0.00234466588511	0.00117233294256	0.00820633059789	0.00234466588511	0.0117233294256	0.0879249706917	0.0	0.0	0.0	0.0	0.0	0.00234466588511	0.0	0.00117233294256	0.00117233294256	0.0	0.0328253223916	0.00117233294256	0.00351699882767	0.00234466588511
TARA_112_MES_0.22-3_G.snv.bam	0.00820633059789	0.0	0.0	0.00234466588511	0.0	0.0	0.0	0.0	0.073856975381	0.00117233294256	0.00234466588511	0.0	0.0	0.0	0.00117233294256	0.0	0.00234466588511	0.00117233294256	0.0	0.00468933177022	0.0	0.0	0.00117233294256
TARA_122_MES_0.22-3_G.snv.bam	0.00820633059789	0.0	0.0	0.00117233294256	0.0	0.00234466588511	0.0	0.00117233294256	0.0973036342321	0.00234466588511	0.0	0.0	0.0	0.0	0.0	0.0	0.00234466588511	0.00117233294256	0.0	0.0199296600234	0.0	0.0	0.00117233294256
TARA_132_MES_0.22-3_G.snv.bam	0.010550996483	0.00468933177022	0.00117233294256	0.00234466588511	0.00117233294256	0.0164126611958	0.00703399765533	0.0140679953107	0.106682297773	0.00117233294256	0.0	0.00234466588511	0.00117233294256	0.0	0.0	0.00117233294256	0.00351699882767	0.00468933177022	0.0	0.0410316529894	0.00117233294256	0.00234466588511	0.00703399765533
TARA_133_MES_0.22-3_G.snv.bam	0.00468933177022	0.0	0.0	0.00117233294256	0.0	0.0	0.0	0.0	0.0586166471278	0.0	0.00117233294256	0.0	0.0	0.0	0.00117233294256	0.0	0.00234466588511	0.00117233294256	0.0	0.00234466588511	0.0	0.0	0.00117233294256
TARA_137_MES_0.22-3_G.snv.bam	0.00234466588511	0.00117233294256	0.0	0.00351699882767	0.00234466588511	0.00703399765533	0.00351699882767	0.00703399765533	0.0902696365768	0.00117233294256	0.00117233294256	0.00117233294256	0.00234466588511	0.00234466588511	0.00351699882767	0.00234466588511	0.0	0.0	0.00234466588511	0.0269636576788	0.00117233294256	0.00117233294256	0.00234466588511
TARA_138_MES_0.22-3_G.snv.bam	0.00234466588511	0.0	0.0	0.00234466588511	0.0	0.00703399765533	0.00117233294256	0.00468933177022	0.0961313012896	0.00117233294256	0.0	0.00117233294256	0.00117233294256	0.00117233294256	0.00468933177022	0.00117233294256	0.0	0.0	0.0	0.0257913247362	0.00117233294256	0.00234466588511	0.00351699882767
TARA_142_MES_0.22-3_G.snv.bam	0.00703399765533	0.0	0.0	0.0	0.0	0.00468933177022	0.0	0.00234466588511	0.0961313012896	0.0	0.0	0.0	0.0	0.0	0.0	0.0	0.00234466588511	0.0	0.0	0.0269636576788	0.0	0.0	0.0
TARA_145_MES_0.22-3_G.snv.bam	0.0339976553341	0.0	0.0175849941383	0.0339976553341	0.0152403282532	0.00234466588511	0.00703399765533	0.00234466588511	0.0257913247362	0.0328253223916	0.0351699882767	0.0328253223916	0.00468933177022	0.0199296600234	0.0410316529894	0.00234466588511	0.0269636576788	0.0257913247362	0.0269636576788	0.0	0.0199296600234	0.0257913247362	0.0222743259086
TARA_146_MES_0.22-3_G.snv.bam	0.00820633059789	0.0	0.00117233294256	0.00117233294256	0.0	0.00351699882767	0.0	0.00468933177022	0.0879249706917	0.00234466588511	0.00117233294256	0.00117233294256	0.0	0.0	0.00117233294256	0.0	0.00117233294256	0.00117233294256	0.0	0.0199296600234	0.0	0.0	0.0
TARA_149_MES_0.22-3_G.snv.bam	0.00937866354045	0.00234466588511	0.0	0.0	0.0	0.010550996483	0.00351699882767	0.010550996483	0.094958968347	0.0	0.00117233294256	0.00351699882767	0.0	0.0	0.00234466588511	0.0	0.00117233294256	0.00234466588511	0.0	0.0257913247362	0.0	0.0	0.0
TARA_152_MES_0.22-3_G.snv.bam	0.010550996483	0.00117233294256	0.0	0.0	0.00117233294256	0.00820633059789	0.00351699882767	0.00820633059789	0.0890973036342	0.0	0.00117233294256	0.00234466588511	0.00117233294256	0.00117233294256	0.00703399765533	0.00117233294256	0.00234466588511	0.00351699882767	0.0	0.0222743259086	0.0	0.0	0.0
