	TARA_032_DCM_0.22-1.6_G.snv.bam	TARA_034_DCM_0.22-1.6_G.snv.bam	TARA_064_DCM_0.22-3_G.snv.bam	TARA_076_DCM_0.22-3_G.snv.bam	TARA_078_DCM_0.22-3_G.snv.bam	TARA_122_DCM_0.22-3_G.snv.bam	TARA_123_MIX_0.22-3_G.snv.bam	TARA_124_MIX_0.22-3_G.snv.bam	TARA_125_MIX_0.22-3_G.snv.bam	TARA_145_SRF_0.22-3_G.snv.bam	TARA_146_SRF_0.22-3_G.snv.bam	TARA_148_SRF_0.22-3_G.snv.bam
TARA_032_DCM_0.22-1.6_G.snv.bam	0.0	0.0380984026735	0.120982950227	0.165409713275	0.169151714571	0.22348473851	0.214699717342	0.149494954553	0.214920153287	0.161546676985	0.137358027631	0.127963269458
TARA_034_DCM_0.22-1.6_G.snv.bam	0.0380984026735	0.0	0.128851252484	0.174509865115	0.175497604634	0.222722099324	0.215763808893	0.147708629754	0.216949369079	0.156589594742	0.140712085714	0.13518756992
TARA_064_DCM_0.22-3_G.snv.bam	0.120982950227	0.128851252484	0.0	0.124079632032	0.134702819533	0.194108173791	0.183000834843	0.153072931682	0.186009766328	0.120997952047	0.0927087852726	0.0879242807005
TARA_076_DCM_0.22-3_G.snv.bam	0.165409713275	0.174509865115	0.124079632032	0.0	0.0348849107028	0.189365226803	0.185430762348	0.192739598922	0.178568631192	0.149281424359	0.115351782708	0.10163249794
TARA_078_DCM_0.22-3_G.snv.bam	0.169151714571	0.175497604634	0.134702819533	0.0348849107028	0.0	0.191870694372	0.191704439634	0.197520799416	0.182037549675	0.153501863682	0.122382267588	0.10791090971
TARA_122_DCM_0.22-3_G.snv.bam	0.22348473851	0.222722099324	0.194108173791	0.189365226803	0.191870694372	0.0	0.0370145022559	0.125428787963	0.0525899834579	0.19005062292	0.199039307061	0.199215996777
TARA_123_MIX_0.22-3_G.snv.bam	0.214699717342	0.215763808893	0.183000834843	0.185430762348	0.191704439634	0.0370145022559	0.0	0.121360039334	0.0506491972045	0.17804931264	0.185927473698	0.189035038749
TARA_124_MIX_0.22-3_G.snv.bam	0.149494954553	0.147708629754	0.153072931682	0.192739598922	0.197520799416	0.125428787963	0.121360039334	0.0	0.141681180246	0.16305452736	0.162786940723	0.153605413547
TARA_125_MIX_0.22-3_G.snv.bam	0.214920153287	0.216949369079	0.186009766328	0.178568631192	0.182037549675	0.0525899834579	0.0506491972045	0.141681180246	0.0	0.172605370161	0.18067717457	0.187625622545
TARA_145_SRF_0.22-3_G.snv.bam	0.161546676985	0.156589594742	0.120997952047	0.149281424359	0.153501863682	0.19005062292	0.17804931264	0.16305452736	0.172605370161	0.0	0.0879496662586	0.11450688474
TARA_146_SRF_0.22-3_G.snv.bam	0.137358027631	0.140712085714	0.0927087852726	0.115351782708	0.122382267588	0.199039307061	0.185927473698	0.162786940723	0.18067717457	0.0879496662586	0.0	0.0709692572997
TARA_148_SRF_0.22-3_G.snv.bam	0.127963269458	0.13518756992	0.0879242807005	0.10163249794	0.10791090971	0.199215996777	0.189035038749	0.153605413547	0.187625622545	0.11450688474	0.0709692572997	0.0
