	TARA_032_DCM_0.22-1.6_G.snv.bam	TARA_034_DCM_0.22-1.6_G.snv.bam	TARA_041_DCM_0.22-1.6_G.snv.bam	TARA_042_DCM_0.22-1.6_G.snv.bam	TARA_052_DCM_0.22-1.6_G.snv.bam	TARA_110_DCM_0.22-3_G.snv.bam	TARA_122_DCM_0.22-3_G.snv.bam	TARA_124_MIX_0.22-3_G.snv.bam	TARA_138_DCM_0.22-3_G.snv.bam
TARA_032_DCM_0.22-1.6_G.snv.bam	0.0	0.0449418955734	0.0763392901621	0.0816465802464	0.0611083538383	0.0719224396544	0.0978297778584	0.0951450331537	0.0731362519814
TARA_034_DCM_0.22-1.6_G.snv.bam	0.0449418955734	0.0	0.0693366611677	0.0754325368761	0.0592168313096	0.0687551429971	0.095586215232	0.0935168562263	0.0666132770637
TARA_041_DCM_0.22-1.6_G.snv.bam	0.0763392901621	0.0693366611677	0.0	0.0430465279056	0.0594816653363	0.066512363603	0.099433009124	0.0950484890167	0.070003131627
TARA_042_DCM_0.22-1.6_G.snv.bam	0.0816465802464	0.0754325368761	0.0430465279056	0.0	0.0725501342559	0.0750317111368	0.105498762465	0.102287006636	0.0773875170347
TARA_052_DCM_0.22-1.6_G.snv.bam	0.0611083538383	0.0592168313096	0.0594816653363	0.0725501342559	0.0	0.0544990842414	0.0812685010941	0.078095659734	0.057516980852
TARA_110_DCM_0.22-3_G.snv.bam	0.0719224396544	0.0687551429971	0.066512363603	0.0750317111368	0.0544990842414	0.0	0.0946658073234	0.090351502166	0.047401949281
TARA_122_DCM_0.22-3_G.snv.bam	0.0978297778584	0.095586215232	0.099433009124	0.105498762465	0.0812685010941	0.0946658073234	0.0	0.0316061282796	0.0917186012189
TARA_124_MIX_0.22-3_G.snv.bam	0.0951450331537	0.0935168562263	0.0950484890167	0.102287006636	0.078095659734	0.090351502166	0.0316061282796	0.0	0.0876809674905
TARA_138_DCM_0.22-3_G.snv.bam	0.0731362519814	0.0666132770637	0.070003131627	0.0773875170347	0.057516980852	0.047401949281	0.0917186012189	0.0876809674905	0.0
