	TARA_004_DCM_0.22-1.6_G.snv.bam	TARA_004_SRF_0.22-1.6_G.snv.bam	TARA_007_SRF_0.22-1.6_G.snv.bam	TARA_009_DCM_0.22-1.6_G.snv.bam	TARA_009_SRF_0.22-1.6_G.snv.bam	TARA_018_DCM_0.22-1.6_G.snv.bam	TARA_018_SRF_0.22-1.6_G.snv.bam	TARA_023_DCM_0.22-1.6_G.snv.bam	TARA_023_SRF_0.22-1.6_G.snv.bam	TARA_025_DCM_0.22-1.6_G.snv.bam	TARA_025_SRF_0.22-1.6_G.snv.bam	TARA_030_DCM_0.22-1.6_G.snv.bam	TARA_030_SRF_0.22-1.6_G.snv.bam	TARA_068_DCM_0.22-3_G.snv.bam	TARA_068_SRF_0.22-3_G.snv.bam	TARA_078_SRF_0.22-3_G.snv.bam	TARA_096_SRF_0.22-3_G.snv.bam	TARA_099_SRF_0.22-3_G.snv.bam	TARA_133_DCM_0.22-3_G.snv.bam	TARA_133_SRF_0.22-3_G.snv.bam	TARA_150_DCM_0.22-3_G.snv.bam	TARA_150_SRF_0.22-3_G.snv.bam	TARA_151_DCM_0.22-3_G.snv.bam	TARA_151_SRF_0.22-3_G.snv.bam	TARA_152_MIX_0.22-3_G.snv.bam	TARA_152_SRF_0.22-3_G.snv.bam
TARA_004_DCM_0.22-1.6_G.snv.bam	0.0	0.0394468205355	0.0503822755257	0.0433342720954	0.0506276245194	0.0413285007205	0.0436039459568	0.0484565570937	0.052188858034	0.0473364878878	0.0483901029629	0.0454444883507	0.0541104217262	0.0521008586305	0.049291458404	0.0508335805216	0.0839237675529	0.0634579900027	0.0858894318904	0.0729754706114	0.0409646116566	0.044654755117	0.0461892920008	0.0434144003053	0.0504765622347	0.0475054483497
TARA_004_SRF_0.22-1.6_G.snv.bam	0.0394468205355	0.0	0.0472900142607	0.0391220224111	0.0503290823407	0.0348323130277	0.0384278572171	0.0458426685117	0.0527958669417	0.0437528123377	0.045855183697	0.0425698849477	0.0532133616608	0.047893330712	0.0460767681849	0.0510268176012	0.0852615318474	0.0632036931602	0.0848111446107	0.0721112327494	0.0379783505328	0.0385727129298	0.0428995133286	0.0395415915881	0.0436863848214	0.0430396488225
TARA_007_SRF_0.22-1.6_G.snv.bam	0.0503822755257	0.0472900142607	0.0	0.0520955504862	0.0432468400308	0.0458230117252	0.0478060108696	0.0509264114074	0.0482275518305	0.0526875694837	0.0418712423252	0.0478127039105	0.0501071805704	0.0581717868754	0.0511041430264	0.0578264972593	0.0916597727397	0.0678788243645	0.0919158472598	0.0827874411344	0.0502982334084	0.0523685133994	0.0574678163029	0.0534448881865	0.0553068794896	0.0563402753058
TARA_009_DCM_0.22-1.6_G.snv.bam	0.0433342720954	0.0391220224111	0.0520955504862	0.0	0.0524494321855	0.0344940119308	0.0361419703185	0.0358927013967	0.0478750566111	0.0387378568318	0.0454901027731	0.0427106545368	0.0563952106086	0.0505940235817	0.0448594506166	0.0544654048933	0.0845059917059	0.0654990124918	0.078158272289	0.0629685199912	0.0404900905915	0.042210900357	0.0439701119403	0.0390369976925	0.0419151871311	0.0395886415607
TARA_009_SRF_0.22-1.6_G.snv.bam	0.0506276245194	0.0503290823407	0.0432468400308	0.0524494321855	0.0	0.0476897003597	0.0490142873207	0.0536582606542	0.05104344588	0.054939932591	0.042280235044	0.0462953991258	0.0484758384059	0.0602283456214	0.0546793999182	0.0602758270887	0.0900276027153	0.0706139095644	0.0903003161499	0.0805329823545	0.0503487666395	0.054831769894	0.0566146766423	0.0543113702477	0.0584613704228	0.0561522643259
TARA_018_DCM_0.22-1.6_G.snv.bam	0.0413285007205	0.0348323130277	0.0458230117252	0.0344940119308	0.0476897003597	0.0	0.0277276714767	0.0404844487588	0.0464607183618	0.0386646963211	0.0407901517924	0.034754303691	0.0472127459417	0.0490885213479	0.0455396909049	0.0507705104531	0.0854653667734	0.0620633514896	0.0809768061086	0.0676369879151	0.0391954060683	0.0403691756555	0.0432056797732	0.0396443687761	0.0421700989255	0.0418106930295
TARA_018_SRF_0.22-1.6_G.snv.bam	0.0436039459568	0.0384278572171	0.0478060108696	0.0361419703185	0.0490142873207	0.0277276714767	0.0	0.0412289353477	0.0485938403538	0.0401509101621	0.0423249310345	0.0372164745837	0.0495861205202	0.0518326431302	0.0470679594767	0.0517569148889	0.0853263650266	0.0602096070807	0.0824554497093	0.0682438632415	0.0394250317874	0.0425556915114	0.0441012606238	0.0412005523458	0.0453059262473	0.0444443111221
TARA_023_DCM_0.22-1.6_G.snv.bam	0.0484565570937	0.0458426685117	0.0509264114074	0.0358927013967	0.0536582606542	0.0404844487588	0.0412289353477	0.0	0.0423575911301	0.0395769834217	0.0404901513874	0.0420958161026	0.0554103764252	0.0563109990489	0.0477500056566	0.0575869023522	0.0902858515388	0.0713670721628	0.0807620490908	0.0650074975512	0.0471142821008	0.0469927027096	0.0503605126803	0.0428619144393	0.0455723487359	0.0462738054783
TARA_023_SRF_0.22-1.6_G.snv.bam	0.052188858034	0.0527958669417	0.0482275518305	0.0478750566111	0.05104344588	0.0464607183618	0.0485938403538	0.0423575911301	0.0	0.0478766225914	0.033374859856	0.0422986968288	0.048069731054	0.0585910991828	0.0517375618063	0.0605452489509	0.0985692159136	0.0776085239252	0.0913909328921	0.0779901078154	0.053567485048	0.0529543559137	0.0565684510083	0.0537277186715	0.0557014253459	0.0548496806297
TARA_025_DCM_0.22-1.6_G.snv.bam	0.0473364878878	0.0437528123377	0.0526875694837	0.0387378568318	0.054939932591	0.0386646963211	0.0401509101621	0.0395769834217	0.0478766225914	0.0	0.0462571266346	0.0467551406764	0.056374438864	0.0500206846358	0.0497126013833	0.0549982963711	0.0863098758058	0.064589482914	0.0774359060769	0.0639395971998	0.0440892064146	0.0477106105704	0.0488895674481	0.0472416421217	0.043541097681	0.0428332405193
TARA_025_SRF_0.22-1.6_G.snv.bam	0.0483901029629	0.045855183697	0.0418712423252	0.0454901027731	0.042280235044	0.0407901517924	0.0423249310345	0.0404901513874	0.033374859856	0.0462571266346	0.0	0.0371521202269	0.0372321985506	0.0559447618938	0.0517923539002	0.0580003420414	0.0947953666359	0.0738767987502	0.0936065600764	0.0809254130245	0.0502404425729	0.0510924140155	0.0553112222804	0.0512492303997	0.0524309698589	0.0539912003917
TARA_030_DCM_0.22-1.6_G.snv.bam	0.0454444883507	0.0425698849477	0.0478127039105	0.0427106545368	0.0462953991258	0.034754303691	0.0372164745837	0.0420958161026	0.0422986968288	0.0467551406764	0.0371521202269	0.0	0.0400219593628	0.0557241470101	0.0485004955009	0.0563395887551	0.0903691577964	0.0692881065494	0.0915905057182	0.0777844737745	0.0448323026051	0.0454012204412	0.0467265986841	0.0447587236663	0.0494113027156	0.0489814729161
TARA_030_SRF_0.22-1.6_G.snv.bam	0.0541104217262	0.0532133616608	0.0501071805704	0.0563952106086	0.0484758384059	0.0472127459417	0.0495861205202	0.0554103764252	0.048069731054	0.056374438864	0.0372321985506	0.0400219593628	0.0	0.0629649309782	0.0596697542716	0.0605079130321	0.0970281355918	0.0746401615696	0.0959228515098	0.0853154847952	0.0558132802449	0.0578855418222	0.0637639198806	0.0600385675045	0.0602610162266	0.0599093781014
TARA_068_DCM_0.22-3_G.snv.bam	0.0521008586305	0.047893330712	0.0581717868754	0.0505940235817	0.0602283456214	0.0490885213479	0.0518326431302	0.0563109990489	0.0585910991828	0.0500206846358	0.0559447618938	0.0557241470101	0.0629649309782	0.0	0.0529490412479	0.0585575881431	0.090698477864	0.0728892062512	0.0851595822354	0.0758475952904	0.048858813773	0.0514553234756	0.0562095861117	0.0517161263515	0.0508363030788	0.052789764215
TARA_068_SRF_0.22-3_G.snv.bam	0.049291458404	0.0460767681849	0.0511041430264	0.0448594506166	0.0546793999182	0.0455396909049	0.0470679594767	0.0477500056566	0.0517375618063	0.0497126013833	0.0517923539002	0.0485004955009	0.0596697542716	0.0529490412479	0.0	0.0571994431189	0.0902003184357	0.0697925574659	0.0874879742109	0.0745047674263	0.0455933298851	0.0465720682327	0.0500153849609	0.0464105599551	0.049972632185	0.0487957915075
TARA_078_SRF_0.22-3_G.snv.bam	0.0508335805216	0.0510268176012	0.0578264972593	0.0544654048933	0.0602758270887	0.0507705104531	0.0517569148889	0.0575869023522	0.0605452489509	0.0549982963711	0.0580003420414	0.0563395887551	0.0605079130321	0.0585575881431	0.0571994431189	0.0	0.0847459042108	0.0679687916374	0.0869508875066	0.077987145739	0.0515822166379	0.0509959620615	0.0584696761191	0.0547648674302	0.0558412471285	0.0552151639364
TARA_096_SRF_0.22-3_G.snv.bam	0.0839237675529	0.0852615318474	0.0916597727397	0.0845059917059	0.0900276027153	0.0854653667734	0.0853263650266	0.0902858515388	0.0985692159136	0.0863098758058	0.0947953666359	0.0903691577964	0.0970281355918	0.090698477864	0.0902003184357	0.0847459042108	0.0	0.0517920949931	0.100463064942	0.0932458010697	0.0799032517751	0.0869211053434	0.0859655082146	0.0865518352916	0.0855115899519	0.0821915838572
TARA_099_SRF_0.22-3_G.snv.bam	0.0634579900027	0.0632036931602	0.0678788243645	0.0654990124918	0.0706139095644	0.0620633514896	0.0602096070807	0.0713670721628	0.0776085239252	0.064589482914	0.0738767987502	0.0692881065494	0.0746401615696	0.0728892062512	0.0697925574659	0.0679687916374	0.0517920949931	0.0	0.0859964014428	0.0799277924299	0.0620501656817	0.0653967956137	0.0670755398841	0.0657636693203	0.0683598105022	0.0649076883035
TARA_133_DCM_0.22-3_G.snv.bam	0.0858894318904	0.0848111446107	0.0919158472598	0.078158272289	0.0903003161499	0.0809768061086	0.0824554497093	0.0807620490908	0.0913909328921	0.0774359060769	0.0936065600764	0.0915905057182	0.0959228515098	0.0851595822354	0.0874879742109	0.0869508875066	0.100463064942	0.0859964014428	0.0	0.0485317244268	0.0807816957458	0.0859403967428	0.0857637332984	0.0850543894651	0.0738721131515	0.0756494464028
TARA_133_SRF_0.22-3_G.snv.bam	0.0729754706114	0.0721112327494	0.0827874411344	0.0629685199912	0.0805329823545	0.0676369879151	0.0682438632415	0.0650074975512	0.0779901078154	0.0639395971998	0.0809254130245	0.0777844737745	0.0853154847952	0.0758475952904	0.0745047674263	0.077987145739	0.0932458010697	0.0799277924299	0.0485317244268	0.0	0.0685765702061	0.0724812952096	0.0725247526883	0.0703185255062	0.063571314451	0.0636612907463
TARA_150_DCM_0.22-3_G.snv.bam	0.0409646116566	0.0379783505328	0.0502982334084	0.0404900905915	0.0503487666395	0.0391954060683	0.0394250317874	0.0471142821008	0.053567485048	0.0440892064146	0.0502404425729	0.0448323026051	0.0558132802449	0.048858813773	0.0455933298851	0.0515822166379	0.0799032517751	0.0620501656817	0.0807816957458	0.0685765702061	0.0	0.0395406192664	0.0451085690371	0.0386965261691	0.0438605663897	0.0437097310871
TARA_150_SRF_0.22-3_G.snv.bam	0.044654755117	0.0385727129298	0.0523685133994	0.042210900357	0.054831769894	0.0403691756555	0.0425556915114	0.0469927027096	0.0529543559137	0.0477106105704	0.0510924140155	0.0454012204412	0.0578855418222	0.0514553234756	0.0465720682327	0.0509959620615	0.0869211053434	0.0653967956137	0.0859403967428	0.0724812952096	0.0395406192664	0.0	0.0447719341886	0.0405632162682	0.0484618828937	0.0448102113615
TARA_151_DCM_0.22-3_G.snv.bam	0.0461892920008	0.0428995133286	0.0574678163029	0.0439701119403	0.0566146766423	0.0432056797732	0.0441012606238	0.0503605126803	0.0565684510083	0.0488895674481	0.0553112222804	0.0467265986841	0.0637639198806	0.0562095861117	0.0500153849609	0.0584696761191	0.0859655082146	0.0670755398841	0.0857637332984	0.0725247526883	0.0451085690371	0.0447719341886	0.0	0.0394603073684	0.0480975416073	0.0472526864896
TARA_151_SRF_0.22-3_G.snv.bam	0.0434144003053	0.0395415915881	0.0534448881865	0.0390369976925	0.0543113702477	0.0396443687761	0.0412005523458	0.0428619144393	0.0537277186715	0.0472416421217	0.0512492303997	0.0447587236663	0.0600385675045	0.0517161263515	0.0464105599551	0.0547648674302	0.0865518352916	0.0657636693203	0.0850543894651	0.0703185255062	0.0386965261691	0.0405632162682	0.0394603073684	0.0	0.0452515900163	0.0434623503015
TARA_152_MIX_0.22-3_G.snv.bam	0.0504765622347	0.0436863848214	0.0553068794896	0.0419151871311	0.0584613704228	0.0421700989255	0.0453059262473	0.0455723487359	0.0557014253459	0.043541097681	0.0524309698589	0.0494113027156	0.0602610162266	0.0508363030788	0.049972632185	0.0558412471285	0.0855115899519	0.0683598105022	0.0738721131515	0.063571314451	0.0438605663897	0.0484618828937	0.0480975416073	0.0452515900163	0.0	0.0425052386255
TARA_152_SRF_0.22-3_G.snv.bam	0.0475054483497	0.0430396488225	0.0563402753058	0.0395886415607	0.0561522643259	0.0418106930295	0.0444443111221	0.0462738054783	0.0548496806297	0.0428332405193	0.0539912003917	0.0489814729161	0.0599093781014	0.052789764215	0.0487957915075	0.0552151639364	0.0821915838572	0.0649076883035	0.0756494464028	0.0636612907463	0.0437097310871	0.0448102113615	0.0472526864896	0.0434623503015	0.0425052386255	0.0
