	TARA_032_DCM_0.22-1.6_G.snv.bam	TARA_034_SRF_0.22-1.6_G.snv.bam	TARA_041_DCM_0.22-1.6_G.snv.bam	TARA_042_DCM_0.22-1.6_G.snv.bam	TARA_057_SRF_0.22-3_G.snv.bam	TARA_058_DCM_0.22-3_G.snv.bam	TARA_064_DCM_0.22-3_G.snv.bam	TARA_064_SRF_0.22-3_G.snv.bam	TARA_065_DCM_0.22-3_G.snv.bam	TARA_065_SRF_0.22-3_G.snv.bam	TARA_072_DCM_0.22-3_G.snv.bam	TARA_124_MIX_0.22-3_G.snv.bam	TARA_124_SRF_0.22-3_G.snv.bam	TARA_125_SRF_0.22-3_G.snv.bam	TARA_142_DCM_0.22-3_G.snv.bam	TARA_142_SRF_0.22-3_G.snv.bam	TARA_148_SRF_0.22-3_G.snv.bam
TARA_032_DCM_0.22-1.6_G.snv.bam	0.0	0.0488506323158	0.0450352380428	0.0458689042398	0.0432676314183	0.0462596385898	0.0398527576272	0.0401387902926	0.0411091980315	0.045401708492	0.0527044151829	0.0601499690247	0.0609139715828	0.0631919667163	0.0429180977587	0.0438670107866	0.0446518261351
TARA_034_SRF_0.22-1.6_G.snv.bam	0.0488506323158	0.0	0.0419819666221	0.03381911446	0.0440896853624	0.0447208215616	0.0518716951239	0.0507427849794	0.0505305511859	0.0496754695685	0.0587929799244	0.0456309362174	0.0463136837826	0.0449908471234	0.042952596087	0.0419500003222	0.0549300434746
TARA_041_DCM_0.22-1.6_G.snv.bam	0.0450352380428	0.0419819666221	0.0	0.0376937537925	0.0440869961673	0.0464369299818	0.0480602941628	0.0456603515208	0.0469163980301	0.0467192621487	0.05507667694	0.0557572549695	0.055674278271	0.0582619806162	0.039834258723	0.0416243404969	0.0506455786983
TARA_042_DCM_0.22-1.6_G.snv.bam	0.0458689042398	0.03381911446	0.0376937537925	0.0	0.0416667623795	0.0463166191961	0.0479012581189	0.0470620631907	0.0475510956428	0.047542865525	0.0569023161194	0.0516445769008	0.0525906676967	0.0525897609523	0.0408984327194	0.0417496679201	0.0516729509716
TARA_057_SRF_0.22-3_G.snv.bam	0.0432676314183	0.0440896853624	0.0440869961673	0.0416667623795	0.0	0.042646184528	0.0460295652311	0.0433630174553	0.045313709548	0.0448032346905	0.0565585177288	0.0580060331458	0.0598701309769	0.0587243616841	0.0418267981881	0.0422505917366	0.0485313562674
TARA_058_DCM_0.22-3_G.snv.bam	0.0462596385898	0.0447208215616	0.0464369299818	0.0463166191961	0.042646184528	0.0	0.0454049519017	0.0434675478435	0.0447052431544	0.0460400175419	0.0568115051972	0.0576718464214	0.0592921391562	0.0615419642373	0.043921612596	0.045066913695	0.049397008068
TARA_064_DCM_0.22-3_G.snv.bam	0.0398527576272	0.0518716951239	0.0480602941628	0.0479012581189	0.0460295652311	0.0454049519017	0.0	0.034485692844	0.0357472876703	0.0405037843204	0.0495446859982	0.061673178566	0.0632764937304	0.0661943825943	0.0452039303272	0.0468887908234	0.0398677957711
TARA_064_SRF_0.22-3_G.snv.bam	0.0401387902926	0.0507427849794	0.0456603515208	0.0470620631907	0.0433630174553	0.0434675478435	0.034485692844	0.0	0.0377100830599	0.0395262553069	0.0499893527932	0.0613856996048	0.0633736386552	0.0661173002969	0.0434098626344	0.0444221777472	0.0390438576541
TARA_065_DCM_0.22-3_G.snv.bam	0.0411091980315	0.0505305511859	0.0469163980301	0.0475510956428	0.045313709548	0.0447052431544	0.0357472876703	0.0377100830599	0.0	0.0425481980095	0.050899684115	0.0607591967616	0.0624831493493	0.0641365028856	0.0436217113233	0.0453677125633	0.0424736222134
TARA_065_SRF_0.22-3_G.snv.bam	0.045401708492	0.0496754695685	0.0467192621487	0.047542865525	0.0448032346905	0.0460400175419	0.0405037843204	0.0395262553069	0.0425481980095	0.0	0.0506977032404	0.0575606691339	0.0591081606031	0.0600562152167	0.0434179457058	0.0453287506522	0.0445894658798
TARA_072_DCM_0.22-3_G.snv.bam	0.0527044151829	0.0587929799244	0.05507667694	0.0569023161194	0.0565585177288	0.0568115051972	0.0495446859982	0.0499893527932	0.050899684115	0.0506977032404	0.0	0.0626458896582	0.0658169098674	0.0676971502012	0.0572666474369	0.0586810146314	0.0491647360251
TARA_124_MIX_0.22-3_G.snv.bam	0.0601499690247	0.0456309362174	0.0557572549695	0.0516445769008	0.0580060331458	0.0576718464214	0.061673178566	0.0613856996048	0.0607591967616	0.0575606691339	0.0626458896582	0.0	0.0283307076698	0.0309555315261	0.0566035469983	0.0571978586847	0.0626734711168
TARA_124_SRF_0.22-3_G.snv.bam	0.0609139715828	0.0463136837826	0.055674278271	0.0525906676967	0.0598701309769	0.0592921391562	0.0632764937304	0.0633736386552	0.0624831493493	0.0591081606031	0.0658169098674	0.0283307076698	0.0	0.024136998463	0.0553446802234	0.0569775380145	0.0649513568951
TARA_125_SRF_0.22-3_G.snv.bam	0.0631919667163	0.0449908471234	0.0582619806162	0.0525897609523	0.0587243616841	0.0615419642373	0.0661943825943	0.0661173002969	0.0641365028856	0.0600562152167	0.0676971502012	0.0309555315261	0.024136998463	0.0	0.0574786581333	0.0590553367806	0.0675290903439
TARA_142_DCM_0.22-3_G.snv.bam	0.0429180977587	0.042952596087	0.039834258723	0.0408984327194	0.0418267981881	0.043921612596	0.0452039303272	0.0434098626344	0.0436217113233	0.0434179457058	0.0572666474369	0.0566035469983	0.0553446802234	0.0574786581333	0.0	0.0327344293309	0.0470227700935
TARA_142_SRF_0.22-3_G.snv.bam	0.0438670107866	0.0419500003222	0.0416243404969	0.0417496679201	0.0422505917366	0.045066913695	0.0468887908234	0.0444221777472	0.0453677125633	0.0453287506522	0.0586810146314	0.0571978586847	0.0569775380145	0.0590553367806	0.0327344293309	0.0	0.0479103720174
TARA_148_SRF_0.22-3_G.snv.bam	0.0446518261351	0.0549300434746	0.0506455786983	0.0516729509716	0.0485313562674	0.049397008068	0.0398677957711	0.0390438576541	0.0424736222134	0.0445894658798	0.0491647360251	0.0626734711168	0.0649513568951	0.0675290903439	0.0470227700935	0.0479103720174	0.0
