	TARA_004_DCM_0.22-1.6_G.snv.bam	TARA_009_DCM_0.22-1.6_G.snv.bam	TARA_018_DCM_0.22-1.6_G.snv.bam	TARA_018_SRF_0.22-1.6_G.snv.bam	TARA_023_DCM_0.22-1.6_G.snv.bam	TARA_025_DCM_0.22-1.6_G.snv.bam	TARA_030_DCM_0.22-1.6_G.snv.bam	TARA_066_DCM_0.22-3_G.snv.bam	TARA_066_SRF_0.22-3_G.snv.bam	TARA_132_DCM_0.22-3_G.snv.bam	TARA_133_SRF_0.22-3_G.snv.bam	TARA_151_DCM_0.22-3_G.snv.bam	TARA_152_MIX_0.22-3_G.snv.bam	TARA_152_SRF_0.22-3_G.snv.bam
TARA_004_DCM_0.22-1.6_G.snv.bam	0.0	0.103641097905	0.113324538596	0.113145881126	0.113493623009	0.114134526678	0.127606025705	0.102320152714	0.101982762006	0.104698203813	0.115151122621	0.0973918319775	0.0872908920857	0.0872262601168
TARA_009_DCM_0.22-1.6_G.snv.bam	0.103641097905	0.0	0.0350724747889	0.0402583946881	0.0586632092686	0.0629289120105	0.0971846439362	0.0793760038895	0.0745339188487	0.128158162037	0.117661546809	0.100296320927	0.0787141397754	0.0797324249725
TARA_018_DCM_0.22-1.6_G.snv.bam	0.113324538596	0.0350724747889	0.0	0.0302487564977	0.0471675582737	0.0492097657387	0.0866125169521	0.0823672795284	0.0754222391413	0.133737347144	0.12292997367	0.101514682131	0.0808915342722	0.0813645557851
TARA_018_SRF_0.22-1.6_G.snv.bam	0.113145881126	0.0402583946881	0.0302487564977	0.0	0.0472236991822	0.0482903724084	0.0868886108233	0.08482772362	0.0788985905509	0.13275903831	0.11999852305	0.102758578478	0.08244209477	0.0840523470337
TARA_023_DCM_0.22-1.6_G.snv.bam	0.113493623009	0.0586632092686	0.0471675582737	0.0472236991822	0.0	0.0298658580839	0.061006103214	0.0815309455409	0.075794474493	0.128859828714	0.117240551436	0.102799958523	0.0819497940461	0.0834737529797
TARA_025_DCM_0.22-1.6_G.snv.bam	0.114134526678	0.0629289120105	0.0492097657387	0.0482903724084	0.0298658580839	0.0	0.0594088170283	0.0854009097052	0.0792233492918	0.132645130874	0.118329771639	0.101817370209	0.0826860097582	0.0845146942093
TARA_030_DCM_0.22-1.6_G.snv.bam	0.127606025705	0.0971846439362	0.0866125169521	0.0868886108233	0.061006103214	0.0594088170283	0.0	0.100256377851	0.0985455183414	0.142842565402	0.12615761525	0.118872671053	0.102421556147	0.103490051632
TARA_066_DCM_0.22-3_G.snv.bam	0.102320152714	0.0793760038895	0.0823672795284	0.08482772362	0.0815309455409	0.0854009097052	0.100256377851	0.0	0.052276318065	0.126664231302	0.110605704057	0.0896036370761	0.0737933037475	0.0756906493613
TARA_066_SRF_0.22-3_G.snv.bam	0.101982762006	0.0745339188487	0.0754222391413	0.0788985905509	0.075794474493	0.0792233492918	0.0985455183414	0.052276318065	0.0	0.128038409009	0.106912328519	0.0886427256082	0.0703467458758	0.0703711191934
TARA_132_DCM_0.22-3_G.snv.bam	0.104698203813	0.128158162037	0.133737347144	0.13275903831	0.128859828714	0.132645130874	0.142842565402	0.126664231302	0.128038409009	0.0	0.100781539672	0.137347986417	0.138060274521	0.139160629253
TARA_133_SRF_0.22-3_G.snv.bam	0.115151122621	0.117661546809	0.12292997367	0.11999852305	0.117240551436	0.118329771639	0.12615761525	0.110605704057	0.106912328519	0.100781539672	0.0	0.132350408927	0.122047923142	0.121809326812
TARA_151_DCM_0.22-3_G.snv.bam	0.0973918319775	0.100296320927	0.101514682131	0.102758578478	0.102799958523	0.101817370209	0.118872671053	0.0896036370761	0.0886427256082	0.137347986417	0.132350408927	0.0	0.064478726623	0.0669438746669
TARA_152_MIX_0.22-3_G.snv.bam	0.0872908920857	0.0787141397754	0.0808915342722	0.08244209477	0.0819497940461	0.0826860097582	0.102421556147	0.0737933037475	0.0703467458758	0.138060274521	0.122047923142	0.064478726623	0.0	0.0215746069275
TARA_152_SRF_0.22-3_G.snv.bam	0.0872262601168	0.0797324249725	0.0813645557851	0.0840523470337	0.0834737529797	0.0845146942093	0.103490051632	0.0756906493613	0.0703711191934	0.139160629253	0.121809326812	0.0669438746669	0.0215746069275	0.0
