	TARA_004_SRF_0.22-1.6_G.snv.bam	TARA_007_SRF_0.22-1.6_G.snv.bam	TARA_009_SRF_0.22-1.6_G.snv.bam	TARA_018_DCM_0.22-1.6_G.snv.bam	TARA_018_SRF_0.22-1.6_G.snv.bam	TARA_023_DCM_0.22-1.6_G.snv.bam	TARA_023_SRF_0.22-1.6_G.snv.bam	TARA_025_DCM_0.22-1.6_G.snv.bam	TARA_025_SRF_0.22-1.6_G.snv.bam	TARA_030_DCM_0.22-1.6_G.snv.bam	TARA_030_SRF_0.22-1.6_G.snv.bam
TARA_004_SRF_0.22-1.6_G.snv.bam	0.0	0.176263961029	0.220313314545	0.20037929529	0.202126991536	0.294558056306	0.30216293013	0.26488698125	0.290556416621	0.293838179073	0.283236709369
TARA_007_SRF_0.22-1.6_G.snv.bam	0.176263961029	0.0	0.0730118394655	0.0973411204044	0.0990815136235	0.174792771013	0.177916674435	0.14431050456	0.167522982992	0.171752309522	0.158340966655
TARA_009_SRF_0.22-1.6_G.snv.bam	0.220313314545	0.0730118394655	0.0	0.101087267227	0.0956456668993	0.130652288999	0.131941413045	0.10576948456	0.125252419965	0.125599583795	0.111915394179
TARA_018_DCM_0.22-1.6_G.snv.bam	0.20037929529	0.0973411204044	0.101087267227	0.0	0.056415953296	0.163245689667	0.182084990641	0.130731672189	0.174972976509	0.158946865817	0.16084554216
TARA_018_SRF_0.22-1.6_G.snv.bam	0.202126991536	0.0990815136235	0.0956456668993	0.056415953296	0.0	0.155309692546	0.173751166872	0.122865402731	0.166485921974	0.150985493291	0.153829796696
TARA_023_DCM_0.22-1.6_G.snv.bam	0.294558056306	0.174792771013	0.130652288999	0.163245689667	0.155309692546	0.0	0.0453074045535	0.0603595267445	0.0468008909821	0.0409717535222	0.0615063648606
TARA_023_SRF_0.22-1.6_G.snv.bam	0.30216293013	0.177916674435	0.131941413045	0.182084990641	0.173751166872	0.0453074045535	0.0	0.063661875785	0.0342356830926	0.0463907623148	0.0470629845614
TARA_025_DCM_0.22-1.6_G.snv.bam	0.26488698125	0.14431050456	0.10576948456	0.130731672189	0.122865402731	0.0603595267445	0.063661875785	0.0	0.0566288847122	0.0559790336481	0.0622364358029
TARA_025_SRF_0.22-1.6_G.snv.bam	0.290556416621	0.167522982992	0.125252419965	0.174972976509	0.166485921974	0.0468008909821	0.0342356830926	0.0566288847122	0.0	0.0455052988173	0.040177232572
TARA_030_DCM_0.22-1.6_G.snv.bam	0.293838179073	0.171752309522	0.125599583795	0.158946865817	0.150985493291	0.0409717535222	0.0463907623148	0.0559790336481	0.0455052988173	0.0	0.0472985605401
TARA_030_SRF_0.22-1.6_G.snv.bam	0.283236709369	0.158340966655	0.111915394179	0.16084554216	0.153829796696	0.0615063648606	0.0470629845614	0.0622364358029	0.040177232572	0.0472985605401	0.0
