	TARA_031_SRF_0.22-1.6_G.snv.bam	TARA_032_SRF_0.22-1.6_G.snv.bam	TARA_033_SRF_0.22-1.6_G.snv.bam	TARA_039_DCM_0.22-1.6_G.snv.bam	TARA_041_SRF_0.22-1.6_G.snv.bam	TARA_042_SRF_0.22-1.6_G.snv.bam	TARA_045_SRF_0.22-1.6_G.snv.bam	TARA_048_SRF_0.22-1.6_G.snv.bam	TARA_056_SRF_0.22-3_G.snv.bam	TARA_057_SRF_0.22-3_G.snv.bam	TARA_058_DCM_0.22-3_G.snv.bam	TARA_062_SRF_0.22-3_G.snv.bam	TARA_064_DCM_0.22-3_G.snv.bam	TARA_064_SRF_0.22-3_G.snv.bam	TARA_072_MES_0.22-3_G.snv.bam	TARA_072_SRF_0.22-3_G.snv.bam	TARA_078_SRF_0.22-3_G.snv.bam	TARA_112_SRF_0.22-3_G.snv.bam	TARA_132_SRF_0.22-3_G.snv.bam	TARA_138_SRF_0.22-3_G.snv.bam	TARA_140_SRF_0.22-3_G.snv.bam	TARA_142_DCM_0.22-3_G.snv.bam	TARA_142_SRF_0.22-3_G.snv.bam
TARA_031_SRF_0.22-1.6_G.snv.bam	0.0	0.0209524805617	0.0336562951329	0.0351387873921	0.0270587464338	0.0291949342767	0.0266529020185	0.0275992955878	0.0309460142542	0.0338013810168	0.0318013876696	0.035125899441	0.0380855551981	0.0277520452012	0.0362522309974	0.0313245148331	0.0387172176208	0.0433203459869	0.0327670904549	0.0407880815116	0.0413914899299	0.0332589265324	0.0344753647414
TARA_032_SRF_0.22-1.6_G.snv.bam	0.0209524805617	0.0	0.0320326948741	0.0329094180617	0.0262021363911	0.0270872228609	0.0263141294042	0.0273592301314	0.0303426346096	0.0342835601794	0.0318918465163	0.0356817862946	0.0381729700618	0.0289777679654	0.0363639154738	0.031306029376	0.0380601214573	0.0442729211024	0.0312061753686	0.0390956000191	0.040847781987	0.0309705610581	0.0316489034617
TARA_033_SRF_0.22-1.6_G.snv.bam	0.0336562951329	0.0320326948741	0.0	0.0367850075544	0.0356257964641	0.0351007859545	0.0372750419379	0.0352829015935	0.0367441495484	0.0364178275066	0.0377435902783	0.0400187260209	0.041905289141	0.0373262661639	0.0392316854295	0.0372365337297	0.0396518350607	0.0460251973713	0.0367845848888	0.0433884621332	0.0435285993578	0.0360639992862	0.0366994446694
TARA_039_DCM_0.22-1.6_G.snv.bam	0.0351387873921	0.0329094180617	0.0367850075544	0.0	0.0324893028872	0.032392618056	0.033368774901	0.0339015208629	0.0334952421838	0.0356418732686	0.0347968547381	0.0365028839916	0.0403438170057	0.0343937936105	0.038309146802	0.034691654654	0.0416034711358	0.0462376119585	0.0384761929923	0.0425421182426	0.0386846759624	0.0356358253988	0.0374724519216
TARA_041_SRF_0.22-1.6_G.snv.bam	0.0270587464338	0.0262021363911	0.0356257964641	0.0324893028872	0.0	0.0248631870452	0.023040569047	0.0268506640365	0.0266960988047	0.0304738443366	0.0283533416311	0.0318402634815	0.037798949711	0.0265791265169	0.0353769372278	0.0321171235074	0.0401398537187	0.0441192291967	0.0340157648671	0.0409645502558	0.0379150478394	0.0350743441723	0.0362322198552
TARA_042_SRF_0.22-1.6_G.snv.bam	0.0291949342767	0.0270872228609	0.0351007859545	0.032392618056	0.0248631870452	0.0	0.0251281557472	0.0277073759434	0.0289731706495	0.0330089830509	0.030776986161	0.0336820008	0.0370614230405	0.0293592752741	0.0354503534008	0.0308701923488	0.0384116837324	0.0436115135198	0.0339371274812	0.0395728420087	0.0389493917663	0.0331594688922	0.0342424210593
TARA_045_SRF_0.22-1.6_G.snv.bam	0.0266529020185	0.0263141294042	0.0372750419379	0.033368774901	0.023040569047	0.0251281557472	0.0	0.0245878275214	0.0273261935531	0.0321959198156	0.0292575933499	0.034566526574	0.0374113670007	0.0257231610902	0.0352946602535	0.0309738473394	0.0399270114899	0.043743567184	0.0334666914057	0.0401538508896	0.0408545917163	0.0352804398145	0.0360727733552
TARA_048_SRF_0.22-1.6_G.snv.bam	0.0275992955878	0.0273592301314	0.0352829015935	0.0339015208629	0.0268506640365	0.0277073759434	0.0245878275214	0.0	0.0300723992357	0.0352817166361	0.0323864936467	0.0372309340968	0.038020511672	0.0281611372446	0.0367125202833	0.0303882460874	0.0385487732706	0.0431033656691	0.0315584539826	0.0395079640177	0.0415790106637	0.033975681683	0.0364069224752
TARA_056_SRF_0.22-3_G.snv.bam	0.0309460142542	0.0303426346096	0.0367441495484	0.0334952421838	0.0266960988047	0.0289731706495	0.0273261935531	0.0300723992357	0.0	0.0313543390038	0.0284282437292	0.0326821323072	0.0390347165124	0.0298929716355	0.038169413814	0.0333849318029	0.0413815565449	0.0448740604285	0.0368366281228	0.0406091632463	0.0395844459969	0.035913035988	0.037495304597
TARA_057_SRF_0.22-3_G.snv.bam	0.0338013810168	0.0342835601794	0.0364178275066	0.0356418732686	0.0304738443366	0.0330089830509	0.0321959198156	0.0352817166361	0.0313543390038	0.0	0.030934237063	0.0335002499961	0.0421531290886	0.033356965805	0.0377465599049	0.0358205953691	0.0423990394156	0.0449389980522	0.0391772403295	0.0441010004682	0.0407387722996	0.038418408499	0.0392253862818
TARA_058_DCM_0.22-3_G.snv.bam	0.0318013876696	0.0318918465163	0.0377435902783	0.0347968547381	0.0283533416311	0.030776986161	0.0292575933499	0.0323864936467	0.0284282437292	0.030934237063	0.0	0.0325939475771	0.0393455012118	0.0302871943107	0.0374329480093	0.034424306977	0.0430924923785	0.0464044950352	0.0390126296448	0.0418761614356	0.0398497134882	0.0385883247178	0.0395311392831
TARA_062_SRF_0.22-3_G.snv.bam	0.035125899441	0.0356817862946	0.0400187260209	0.0365028839916	0.0318402634815	0.0336820008	0.034566526574	0.0372309340968	0.0326821323072	0.0335002499961	0.0325939475771	0.0	0.0419028046893	0.0339482434775	0.0385246996455	0.037824307675	0.0433780015078	0.0479975211369	0.0410832300715	0.0457231868982	0.0400169008168	0.0410959481518	0.0412036454753
TARA_064_DCM_0.22-3_G.snv.bam	0.0380855551981	0.0381729700618	0.041905289141	0.0403438170057	0.037798949711	0.0370614230405	0.0374113670007	0.038020511672	0.0390347165124	0.0421531290886	0.0393455012118	0.0419028046893	0.0	0.0342300317302	0.0412724944547	0.0386052436866	0.0419487759664	0.0472309239454	0.0398243313723	0.0462718796067	0.0464475896311	0.0425152747173	0.0446569034592
TARA_064_SRF_0.22-3_G.snv.bam	0.0277520452012	0.0289777679654	0.0373262661639	0.0343937936105	0.0265791265169	0.0293592752741	0.0257231610902	0.0281611372446	0.0298929716355	0.033356965805	0.0302871943107	0.0339482434775	0.0342300317302	0.0	0.0369357536581	0.0305673257252	0.0390681762039	0.0422301306299	0.0328899272995	0.0396826852549	0.0405497101651	0.0376638307256	0.0386502239219
TARA_072_MES_0.22-3_G.snv.bam	0.0362522309974	0.0363639154738	0.0392316854295	0.038309146802	0.0353769372278	0.0354503534008	0.0352946602535	0.0367125202833	0.038169413814	0.0377465599049	0.0374329480093	0.0385246996455	0.0412724944547	0.0369357536581	0.0	0.0325482503192	0.0423774143814	0.0466841855967	0.0383074578207	0.0416347902491	0.0425386180749	0.0379936300996	0.0409076285183
TARA_072_SRF_0.22-3_G.snv.bam	0.0313245148331	0.031306029376	0.0372365337297	0.034691654654	0.0321171235074	0.0308701923488	0.0309738473394	0.0303882460874	0.0333849318029	0.0358205953691	0.034424306977	0.037824307675	0.0386052436866	0.0305673257252	0.0325482503192	0.0	0.0391911992259	0.0443078058949	0.0332816087833	0.036895945263	0.041755682599	0.0347355785263	0.0374754851032
TARA_078_SRF_0.22-3_G.snv.bam	0.0387172176208	0.0380601214573	0.0396518350607	0.0416034711358	0.0401398537187	0.0384116837324	0.0399270114899	0.0385487732706	0.0413815565449	0.0423990394156	0.0430924923785	0.0433780015078	0.0419487759664	0.0390681762039	0.0423774143814	0.0391911992259	0.0	0.0463217673118	0.036733652732	0.0447967065023	0.0465079295491	0.0416964745103	0.041963739926
TARA_112_SRF_0.22-3_G.snv.bam	0.0433203459869	0.0442729211024	0.0460251973713	0.0462376119585	0.0441192291967	0.0436115135198	0.043743567184	0.0431033656691	0.0448740604285	0.0449389980522	0.0464044950352	0.0479975211369	0.0472309239454	0.0422301306299	0.0466841855967	0.0443078058949	0.0463217673118	0.0	0.043609213366	0.0490461922299	0.0506421156287	0.0469186472826	0.0478737283173
TARA_132_SRF_0.22-3_G.snv.bam	0.0327670904549	0.0312061753686	0.0367845848888	0.0384761929923	0.0340157648671	0.0339371274812	0.0334666914057	0.0315584539826	0.0368366281228	0.0391772403295	0.0390126296448	0.0410832300715	0.0398243313723	0.0328899272995	0.0383074578207	0.0332816087833	0.036733652732	0.043609213366	0.0	0.0423555574097	0.0448079265132	0.0373160748804	0.0368147414901
TARA_138_SRF_0.22-3_G.snv.bam	0.0407880815116	0.0390956000191	0.0433884621332	0.0425421182426	0.0409645502558	0.0395728420087	0.0401538508896	0.0395079640177	0.0406091632463	0.0441010004682	0.0418761614356	0.0457231868982	0.0462718796067	0.0396826852549	0.0416347902491	0.036895945263	0.0447967065023	0.0490461922299	0.0423555574097	0.0	0.048359872755	0.0408401838818	0.0424774217017
TARA_140_SRF_0.22-3_G.snv.bam	0.0413914899299	0.040847781987	0.0435285993578	0.0386846759624	0.0379150478394	0.0389493917663	0.0408545917163	0.0415790106637	0.0395844459969	0.0407387722996	0.0398497134882	0.0400169008168	0.0464475896311	0.0405497101651	0.0425386180749	0.041755682599	0.0465079295491	0.0506421156287	0.0448079265132	0.048359872755	0.0	0.0440883666977	0.0458499275989
TARA_142_DCM_0.22-3_G.snv.bam	0.0332589265324	0.0309705610581	0.0360639992862	0.0356358253988	0.0350743441723	0.0331594688922	0.0352804398145	0.033975681683	0.035913035988	0.038418408499	0.0385883247178	0.0410959481518	0.0425152747173	0.0376638307256	0.0379936300996	0.0347355785263	0.0416964745103	0.0469186472826	0.0373160748804	0.0408401838818	0.0440883666977	0.0	0.0217365191671
TARA_142_SRF_0.22-3_G.snv.bam	0.0344753647414	0.0316489034617	0.0366994446694	0.0374724519216	0.0362322198552	0.0342424210593	0.0360727733552	0.0364069224752	0.037495304597	0.0392253862818	0.0395311392831	0.0412036454753	0.0446569034592	0.0386502239219	0.0409076285183	0.0374754851032	0.041963739926	0.0478737283173	0.0368147414901	0.0424774217017	0.0458499275989	0.0217365191671	0.0
