	TARA_031_SRF_0.22-1.6_G.snv.bam	TARA_032_SRF_0.22-1.6_G.snv.bam	TARA_041_SRF_0.22-1.6_G.snv.bam	TARA_042_SRF_0.22-1.6_G.snv.bam	TARA_045_SRF_0.22-1.6_G.snv.bam	TARA_048_SRF_0.22-1.6_G.snv.bam	TARA_056_SRF_0.22-3_G.snv.bam	TARA_058_DCM_0.22-3_G.snv.bam	TARA_064_SRF_0.22-3_G.snv.bam	TARA_078_SRF_0.22-3_G.snv.bam	TARA_112_SRF_0.22-3_G.snv.bam	TARA_132_SRF_0.22-3_G.snv.bam	TARA_142_DCM_0.22-3_G.snv.bam	TARA_142_SRF_0.22-3_G.snv.bam
TARA_031_SRF_0.22-1.6_G.snv.bam	0.0	0.0	0.000440528634361	0.0	0.0	0.0	0.0	0.0	0.0	0.000440528634361	0.00484581497797	0.0	0.00132158590308	0.00264317180617
TARA_032_SRF_0.22-1.6_G.snv.bam	0.0	0.0	0.0	0.0	0.000440528634361	0.0	0.0	0.0	0.0	0.000440528634361	0.00484581497797	0.0	0.00132158590308	0.00132158590308
TARA_041_SRF_0.22-1.6_G.snv.bam	0.000440528634361	0.0	0.0	0.0	0.000440528634361	0.000440528634361	0.000440528634361	0.000440528634361	0.000440528634361	0.0	0.0057268722467	0.000881057268722	0.00132158590308	0.00220264317181
TARA_042_SRF_0.22-1.6_G.snv.bam	0.0	0.0	0.0	0.0	0.0	0.0	0.0	0.0	0.0	0.000440528634361	0.00528634361233	0.0	0.000881057268722	0.00132158590308
TARA_045_SRF_0.22-1.6_G.snv.bam	0.0	0.000440528634361	0.000440528634361	0.0	0.0	0.0	0.0	0.000440528634361	0.0	0.000440528634361	0.0057268722467	0.0	0.00308370044053	0.00220264317181
TARA_048_SRF_0.22-1.6_G.snv.bam	0.0	0.0	0.000440528634361	0.0	0.0	0.0	0.0	0.0	0.0	0.000881057268722	0.00352422907489	0.0	0.000881057268722	0.00132158590308
TARA_056_SRF_0.22-3_G.snv.bam	0.0	0.0	0.000440528634361	0.0	0.0	0.0	0.0	0.0	0.0	0.000440528634361	0.00528634361233	0.0	0.00132158590308	0.00220264317181
TARA_058_DCM_0.22-3_G.snv.bam	0.0	0.0	0.000440528634361	0.0	0.000440528634361	0.0	0.0	0.0	0.000440528634361	0.000440528634361	0.00528634361233	0.0	0.00220264317181	0.00132158590308
TARA_064_SRF_0.22-3_G.snv.bam	0.0	0.0	0.000440528634361	0.0	0.0	0.0	0.0	0.000440528634361	0.0	0.0	0.00396475770925	0.0	0.000440528634361	0.00132158590308
TARA_078_SRF_0.22-3_G.snv.bam	0.000440528634361	0.000440528634361	0.0	0.000440528634361	0.000440528634361	0.000881057268722	0.000440528634361	0.000440528634361	0.0	0.0	0.00440528634361	0.000440528634361	0.00440528634361	0.00308370044053
TARA_112_SRF_0.22-3_G.snv.bam	0.00484581497797	0.00484581497797	0.0057268722467	0.00528634361233	0.0057268722467	0.00352422907489	0.00528634361233	0.00528634361233	0.00396475770925	0.00440528634361	0.0	0.00440528634361	0.0079295154185	0.0079295154185
TARA_132_SRF_0.22-3_G.snv.bam	0.0	0.0	0.000881057268722	0.0	0.0	0.0	0.0	0.0	0.0	0.000440528634361	0.00440528634361	0.0	0.00264317180617	0.00264317180617
TARA_142_DCM_0.22-3_G.snv.bam	0.00132158590308	0.00132158590308	0.00132158590308	0.000881057268722	0.00308370044053	0.000881057268722	0.00132158590308	0.00220264317181	0.000440528634361	0.00440528634361	0.0079295154185	0.00264317180617	0.0	0.0
TARA_142_SRF_0.22-3_G.snv.bam	0.00264317180617	0.00132158590308	0.00220264317181	0.00132158590308	0.00220264317181	0.00132158590308	0.00220264317181	0.00132158590308	0.00132158590308	0.00308370044053	0.0079295154185	0.00264317180617	0.0	0.0
