	TARA_004_DCM_0.22-1.6_G.snv.bam	TARA_004_SRF_0.22-1.6_G.snv.bam	TARA_007_DCM_0.22-1.6_G.snv.bam	TARA_007_SRF_0.22-1.6_G.snv.bam	TARA_009_DCM_0.22-1.6_G.snv.bam	TARA_009_SRF_0.22-1.6_G.snv.bam	TARA_018_DCM_0.22-1.6_G.snv.bam	TARA_018_SRF_0.22-1.6_G.snv.bam	TARA_023_DCM_0.22-1.6_G.snv.bam	TARA_023_SRF_0.22-1.6_G.snv.bam	TARA_025_DCM_0.22-1.6_G.snv.bam	TARA_025_SRF_0.22-1.6_G.snv.bam	TARA_030_DCM_0.22-1.6_G.snv.bam	TARA_030_SRF_0.22-1.6_G.snv.bam	TARA_066_DCM_0.22-3_G.snv.bam	TARA_066_SRF_0.22-3_G.snv.bam	TARA_068_DCM_0.22-3_G.snv.bam	TARA_068_SRF_0.22-3_G.snv.bam	TARA_070_SRF_0.22-3_G.snv.bam	TARA_078_DCM_0.22-3_G.snv.bam	TARA_078_MES_0.22-3_G.snv.bam	TARA_078_SRF_0.22-3_G.snv.bam	TARA_094_SRF_0.22-3_G.snv.bam	TARA_096_SRF_0.22-3_G.snv.bam	TARA_098_DCM_0.22-3_G.snv.bam	TARA_099_SRF_0.22-3_G.snv.bam	TARA_132_SRF_0.22-3_G.snv.bam	TARA_133_DCM_0.22-3_G.snv.bam	TARA_133_SRF_0.22-3_G.snv.bam	TARA_149_SRF_0.22-3_G.snv.bam	TARA_150_DCM_0.22-3_G.snv.bam	TARA_150_SRF_0.22-3_G.snv.bam	TARA_151_DCM_0.22-3_G.snv.bam	TARA_151_SRF_0.22-3_G.snv.bam	TARA_152_MIX_0.22-3_G.snv.bam	TARA_152_SRF_0.22-3_G.snv.bam
TARA_004_DCM_0.22-1.6_G.snv.bam	0.0	0.0172546220535	0.0377869967996	0.0433234233437	0.0354961235226	0.0404151035239	0.0272251033069	0.0271913141637	0.0640219510291	0.0620819474494	0.0482788948117	0.0495785623856	0.0570273131911	0.0562167183957	0.049009386126	0.0478868750681	0.0239056062784	0.0247518110162	0.0556606889298	0.0368046083381	0.0481055812837	0.0269674805666	0.113193543968	0.051179478186	0.0585480734419	0.0312096078973	0.0414255526543	0.0745899025688	0.0499517948915	0.0458667835846	0.0172304448641	0.0238371133198	0.0279620501425	0.0249145953984	0.020859390238	0.0203706782831
TARA_004_SRF_0.22-1.6_G.snv.bam	0.0172546220535	0.0	0.0395482876619	0.0450092194816	0.0373459288293	0.0409082868426	0.0231986567596	0.0240979826892	0.064695487048	0.0629990275525	0.0484462591524	0.0493496377999	0.0567139269366	0.056291942495	0.0514752026703	0.0499098028173	0.0264501280437	0.0271257427356	0.0555679508967	0.0383806824014	0.0493605779462	0.0288446538547	0.112599615165	0.0514784930124	0.0583253483265	0.0304802811449	0.039700143611	0.0763948127278	0.0503167810972	0.0492250862815	0.0182316171134	0.0259676236149	0.030702082778	0.0263294268548	0.0243619066908	0.0237771075415
TARA_007_DCM_0.22-1.6_G.snv.bam	0.0377869967996	0.0395482876619	0.0	0.0275369755109	0.0291645583851	0.0258565035024	0.0365003306991	0.0359406337321	0.0464812275774	0.0479096218005	0.0427330658411	0.0417076495023	0.0446629686164	0.0506315248081	0.0618686672723	0.0592533633114	0.0348376489453	0.0349302553626	0.0682432932791	0.0533949178425	0.0574501145711	0.0423574190797	0.124105735317	0.063817835436	0.069913662014	0.0518750099921	0.0585257126123	0.0852753368817	0.0592090984629	0.053510536717	0.0377687022111	0.0328236263662	0.0323664052312	0.0314666373011	0.0385985408911	0.0369728780016
TARA_007_SRF_0.22-1.6_G.snv.bam	0.0433234233437	0.0450092194816	0.0275369755109	0.0	0.0335972374944	0.022032801736	0.0373112072003	0.0363763323897	0.0436266011089	0.0432645331693	0.0349356531364	0.0342471086763	0.0409615682473	0.0438710082829	0.0681740123032	0.0647829709671	0.0441202280021	0.0440843336182	0.0746692946375	0.056513525056	0.0622965682394	0.0485999091487	0.125288846733	0.0691348460007	0.0743774330953	0.05606364664	0.0604936727327	0.091607546104	0.0689112626716	0.0580049463085	0.0426502633169	0.0429362425413	0.0430533716547	0.0417216404311	0.0433710114445	0.0427650730958
TARA_009_DCM_0.22-1.6_G.snv.bam	0.0354961235226	0.0373459288293	0.0291645583851	0.0335972374944	0.0	0.0325539674892	0.0332641043822	0.0327257303496	0.0511917879351	0.0526668009819	0.0435753299989	0.0432812449052	0.0492721422814	0.0518967039792	0.0579986736155	0.055922330623	0.0350443309425	0.0351842060164	0.0644348056772	0.049172254419	0.053353041929	0.0387531295073	0.119208888342	0.0608442540006	0.0646211743638	0.0481302717468	0.0544234128345	0.080516489786	0.0578011917489	0.0505725762594	0.0356431901893	0.0341028124953	0.0338588882908	0.0329018868727	0.0350987267689	0.0340542426969
TARA_009_SRF_0.22-1.6_G.snv.bam	0.0404151035239	0.0409082868426	0.0258565035024	0.022032801736	0.0325539674892	0.0	0.0342727988918	0.0336369551687	0.0484409531005	0.0469509868113	0.0392659600898	0.0381142571545	0.043347968838	0.0466828141491	0.066441537876	0.0624504807029	0.0405144512459	0.0408984777798	0.0730151559505	0.0552544398857	0.0605675992814	0.0466865277744	0.125706499563	0.0664964172284	0.0725977943989	0.052446262267	0.0583373799718	0.0900739812303	0.0649274004725	0.0564208833208	0.039857162926	0.0391112041661	0.0400506072572	0.037657368146	0.0413736642979	0.0399389100332
TARA_018_DCM_0.22-1.6_G.snv.bam	0.0272251033069	0.0231986567596	0.0365003306991	0.0373112072003	0.0332641043822	0.0342727988918	0.0	0.0121331549275	0.0567738545819	0.0549410383915	0.0393357312994	0.0395088266579	0.0473820236538	0.0466876356503	0.0577990443786	0.0555988830225	0.0346934068588	0.0356497895499	0.0611316140458	0.0439750616317	0.0530348830184	0.0356051234441	0.115499631106	0.0571602554916	0.0613312550567	0.0381424785168	0.0450373533019	0.0817213625977	0.0573730445185	0.0529328622518	0.0258345553886	0.0344467774342	0.0377466695899	0.0346412828827	0.0308813453186	0.0303331252497
TARA_018_SRF_0.22-1.6_G.snv.bam	0.0271913141637	0.0240979826892	0.0359406337321	0.0363763323897	0.0327257303496	0.0336369551687	0.0121331549275	0.0	0.0561704265478	0.0539982808165	0.0385625051652	0.0385985701843	0.046848182589	0.0461209505733	0.0577475313812	0.0551685808561	0.0345460280724	0.0356519003289	0.0614570977416	0.0431793857466	0.0525841126065	0.0350047248358	0.115325036957	0.0565763990544	0.061494897769	0.0384979921225	0.0457185662341	0.0806424620946	0.0569226863129	0.0518879068407	0.026686896107	0.0343915955314	0.038180202591	0.0351153729118	0.0304461419546	0.0299346310984
TARA_023_DCM_0.22-1.6_G.snv.bam	0.0640219510291	0.064695487048	0.0464812275774	0.0436266011089	0.0511917879351	0.0484409531005	0.0567738545819	0.0561704265478	0.0	0.0312651802678	0.0330582321851	0.0329309709281	0.0302815571679	0.041605892397	0.081879940499	0.0803279782284	0.0637026184865	0.0639898089618	0.0887815334811	0.0703699926954	0.0750613758625	0.0663881550275	0.131846301161	0.083216518077	0.0861923924358	0.0738896699973	0.0751849908961	0.102060392919	0.082187315016	0.0726921914816	0.0628654229278	0.0644085190807	0.0640349309337	0.0638642730801	0.0635760154068	0.0628626065254
TARA_023_SRF_0.22-1.6_G.snv.bam	0.0620819474494	0.0629990275525	0.0479096218005	0.0432645331693	0.0526668009819	0.0469509868113	0.0549410383915	0.0539982808165	0.0312651802678	0.0	0.031474528565	0.031235061798	0.0286394082131	0.038062684632	0.0792152967154	0.079482928226	0.0627551998759	0.0637452616095	0.0868275649695	0.0678838813251	0.072855529147	0.0644325951984	0.130117235028	0.081310065333	0.0837114723197	0.071504890683	0.0726974292749	0.102451414828	0.0820899429505	0.0711771257178	0.0616446091849	0.0638329945071	0.0638880121606	0.063712598839	0.0625279252009	0.0612131389025
TARA_025_DCM_0.22-1.6_G.snv.bam	0.0482788948117	0.0484462591524	0.0427330658411	0.0349356531364	0.0435753299989	0.0392659600898	0.0393357312994	0.0385625051652	0.0330582321851	0.031474528565	0.0	0.0173389926736	0.0257462727694	0.0298810797345	0.0729239117461	0.0716788953577	0.0534200879497	0.0545605648547	0.0780837874435	0.0575121637389	0.0653324520804	0.0531135169844	0.122581218814	0.0722607161126	0.0756486366576	0.0583564678775	0.0614375981298	0.0949648755953	0.0748088449366	0.0651452599166	0.0470962315296	0.0547315104294	0.0561396672629	0.0548023732813	0.0491848101339	0.0487954634604
TARA_025_SRF_0.22-1.6_G.snv.bam	0.0495785623856	0.0493496377999	0.0417076495023	0.0342471086763	0.0432812449052	0.0381142571545	0.0395088266579	0.0385985701843	0.0329309709281	0.031235061798	0.0173389926736	0.0	0.025695899398	0.0299666427803	0.0733082986127	0.0722370962868	0.0537800787615	0.0549412431816	0.0788968351578	0.05906377522	0.0662620768017	0.0544581044683	0.124449339985	0.072383032334	0.0755520207427	0.0594664450056	0.0618503062997	0.0946247949327	0.0735212218461	0.0656981354038	0.0484323377569	0.0546931475145	0.0558495000523	0.0545772144698	0.0505922450572	0.0499978739748
TARA_030_DCM_0.22-1.6_G.snv.bam	0.0570273131911	0.0567139269366	0.0446629686164	0.0409615682473	0.0492721422814	0.043347968838	0.0473820236538	0.046848182589	0.0302815571679	0.0286394082131	0.0257462727694	0.025695899398	0.0	0.0326078936789	0.077791319569	0.0769491948064	0.0586997406828	0.0595598179539	0.0832154946443	0.065436028584	0.0712897206285	0.0590117863998	0.128684932741	0.077490482521	0.0794560028945	0.065766433797	0.0698696115672	0.0999782156801	0.0780004113473	0.0701605081791	0.0561576724476	0.0590101067726	0.0599197469105	0.0587154992082	0.0584693587387	0.0575254694447
TARA_030_SRF_0.22-1.6_G.snv.bam	0.0562167183957	0.056291942495	0.0506315248081	0.0438710082829	0.0518967039792	0.0466828141491	0.0466876356503	0.0461209505733	0.041605892397	0.038062684632	0.0298810797345	0.0299666427803	0.0326078936789	0.0	0.0777410707079	0.0778760638703	0.0596772096071	0.0613382555692	0.0825465672858	0.0635030620484	0.0715780555625	0.0604576202632	0.1294394474	0.0771702271054	0.0803630521132	0.0638958660664	0.0658278170119	0.101279630626	0.0810532604624	0.0707518075265	0.0548733952157	0.0616105158501	0.0626263935011	0.0611736976003	0.0576775317634	0.0568972319054
TARA_066_DCM_0.22-3_G.snv.bam	0.049009386126	0.0514752026703	0.0618686672723	0.0681740123032	0.0579986736155	0.066441537876	0.0577990443786	0.0577475313812	0.081879940499	0.0792152967154	0.0729239117461	0.0733082986127	0.077791319569	0.0777410707079	0.0	0.0473276203598	0.0492573199854	0.0486633977752	0.06366293268	0.0545646723509	0.0616936034585	0.0500205036445	0.120941426105	0.0672925470992	0.0679017381162	0.0561593403579	0.0598930564715	0.0632551913358	0.0483377024157	0.0581906587714	0.0503525645641	0.049678524757	0.0519824980792	0.0511061470203	0.0481146576357	0.0473493856475
TARA_066_SRF_0.22-3_G.snv.bam	0.0478868750681	0.0499098028173	0.0592533633114	0.0647829709671	0.055922330623	0.0624504807029	0.0555988830225	0.0551685808561	0.0803279782284	0.079482928226	0.0716788953577	0.0722370962868	0.0769491948064	0.0778760638703	0.0473276203598	0.0	0.0459001940647	0.046353385008	0.0628346224414	0.0555465110149	0.0612578911287	0.049503265166	0.116172706086	0.0671793190378	0.0676779294919	0.0540934898926	0.0614497560734	0.0614626736664	0.04628383025	0.0577817206985	0.0490968682389	0.0470023090159	0.0501223608819	0.0485617472536	0.0463274771175	0.0455659531159
TARA_068_DCM_0.22-3_G.snv.bam	0.0239056062784	0.0264501280437	0.0348376489453	0.0441202280021	0.0350443309425	0.0405144512459	0.0346934068588	0.0345460280724	0.0637026184865	0.0627551998759	0.0534200879497	0.0537800787615	0.0586997406828	0.0596772096071	0.0492573199854	0.0459001940647	0.0	0.0156628301573	0.0554423002761	0.0414372303879	0.0480258642459	0.0263587868377	0.115001330025	0.0522184719619	0.0608935503777	0.0372711275851	0.0458433385007	0.0744128571377	0.0485280036793	0.0457634914116	0.0234994052503	0.0193198619294	0.0238810672081	0.0200469383109	0.0258040498178	0.024349711219
TARA_068_SRF_0.22-3_G.snv.bam	0.0247518110162	0.0271257427356	0.0349302553626	0.0440843336182	0.0351842060164	0.0408984777798	0.0356497895499	0.0356519003289	0.0639898089618	0.0637452616095	0.0545605648547	0.0549412431816	0.0595598179539	0.0613382555692	0.0486633977752	0.046353385008	0.0156628301573	0.0	0.0558111118538	0.0431601792346	0.0489677114125	0.0282187361475	0.11597301274	0.0527555439036	0.0611584158185	0.0377888965874	0.04785558812	0.0748366313236	0.0487775986278	0.0451433373356	0.0245623293026	0.0186158564854	0.0226626041517	0.0189203063301	0.0266341844877	0.0254938674537
TARA_070_SRF_0.22-3_G.snv.bam	0.0556606889298	0.0555679508967	0.0682432932791	0.0746692946375	0.0644348056772	0.0730151559505	0.0611316140458	0.0614570977416	0.0887815334811	0.0868275649695	0.0780837874435	0.0788968351578	0.0832154946443	0.0825465672858	0.06366293268	0.0628346224414	0.0554423002761	0.0558111118538	0.0	0.0620469850485	0.0674488239468	0.0549515348931	0.0893746258036	0.0685588046784	0.0713721613546	0.05378789395	0.0653915951538	0.0833092112822	0.0668041438983	0.0667705248906	0.0563494885457	0.0554284627673	0.0576118946822	0.0571655387628	0.0571478317906	0.0564664131606
TARA_078_DCM_0.22-3_G.snv.bam	0.0368046083381	0.0383806824014	0.0533949178425	0.056513525056	0.049172254419	0.0552544398857	0.0439750616317	0.0431793857466	0.0703699926954	0.0678838813251	0.0575121637389	0.05906377522	0.065436028584	0.0635030620484	0.0545646723509	0.0555465110149	0.0414372303879	0.0431601792346	0.0620469850485	0.0	0.05069684117	0.0356684270813	0.114771555296	0.0585649965221	0.0609322364486	0.0438358215533	0.0481340592214	0.0773142320466	0.0597014773282	0.0517105317346	0.0363078975267	0.0426184287836	0.045640133742	0.044594232957	0.0373613598527	0.0380726713012
TARA_078_MES_0.22-3_G.snv.bam	0.0481055812837	0.0493605779462	0.0574501145711	0.0622965682394	0.053353041929	0.0605675992814	0.0530348830184	0.0525841126065	0.0750613758625	0.072855529147	0.0653324520804	0.0662620768017	0.0712897206285	0.0715780555625	0.0616936034585	0.0612578911287	0.0480258642459	0.0489677114125	0.0674488239468	0.05069684117	0.0	0.045139778337	0.123523277589	0.0686168939006	0.0645137105587	0.0554638509094	0.0558330488208	0.08110278787	0.0650443969399	0.0546586739884	0.0480402360351	0.0488548048503	0.0511255121605	0.0496719920443	0.0494331804555	0.0492220385556
TARA_078_SRF_0.22-3_G.snv.bam	0.0269674805666	0.0288446538547	0.0423574190797	0.0485999091487	0.0387531295073	0.0466865277744	0.0356051234441	0.0350047248358	0.0663881550275	0.0644325951984	0.0531135169844	0.0544581044683	0.0590117863998	0.0604576202632	0.0500205036445	0.049503265166	0.0263587868377	0.0282187361475	0.0549515348931	0.0356684270813	0.045139778337	0.0	0.112837868545	0.0529344173405	0.0565078986132	0.0373166478166	0.0435680156876	0.073867939108	0.0519779440678	0.0444885249107	0.026509079619	0.0265834076867	0.0308755925507	0.0292256436537	0.0289175391755	0.0292969377677
TARA_094_SRF_0.22-3_G.snv.bam	0.113193543968	0.112599615165	0.124105735317	0.125288846733	0.119208888342	0.125706499563	0.115499631106	0.115325036957	0.131846301161	0.130117235028	0.122581218814	0.124449339985	0.128684932741	0.1294394474	0.120941426105	0.116172706086	0.115001330025	0.11597301274	0.0893746258036	0.114771555296	0.123523277589	0.112837868545	0.0	0.122209525819	0.120347795905	0.11372377381	0.121484771686	0.127278865867	0.12199786472	0.119152037831	0.113816584806	0.115585831899	0.118329362771	0.117101753521	0.113551762802	0.112869456186
TARA_096_SRF_0.22-3_G.snv.bam	0.051179478186	0.0514784930124	0.063817835436	0.0691348460007	0.0608442540006	0.0664964172284	0.0571602554916	0.0565763990544	0.083216518077	0.081310065333	0.0722607161126	0.072383032334	0.077490482521	0.0771702271054	0.0672925470992	0.0671793190378	0.0522184719619	0.0527555439036	0.0685588046784	0.0585649965221	0.0686168939006	0.0529344173405	0.122209525819	0.0	0.0682689204013	0.0450188743917	0.0611033720349	0.0847072096619	0.063470695137	0.0655743889431	0.0518803576973	0.0535075580043	0.0563224426242	0.0548580958804	0.0526169264448	0.0518562430351
TARA_098_DCM_0.22-3_G.snv.bam	0.0585480734419	0.0583253483265	0.069913662014	0.0743774330953	0.0646211743638	0.0725977943989	0.0613312550567	0.061494897769	0.0861923924358	0.0837114723197	0.0756486366576	0.0755520207427	0.0794560028945	0.0803630521132	0.0679017381162	0.0676779294919	0.0608935503777	0.0611584158185	0.0713721613546	0.0609322364486	0.0645137105587	0.0565078986132	0.120347795905	0.0682689204013	0.0	0.0601552717996	0.0652532678702	0.0824935476229	0.0695728781341	0.0660596156515	0.0596442180583	0.060592438524	0.0618806693501	0.062079920221	0.0592753161276	0.0595039363533
TARA_099_SRF_0.22-3_G.snv.bam	0.0312096078973	0.0304802811449	0.0518750099921	0.05606364664	0.0481302717468	0.052446262267	0.0381424785168	0.0384979921225	0.0738896699973	0.071504890683	0.0583564678775	0.0594664450056	0.065766433797	0.0638958660664	0.0561593403579	0.0540934898926	0.0372711275851	0.0377888965874	0.05378789395	0.0438358215533	0.0554638509094	0.0373166478166	0.11372377381	0.0450188743917	0.0601552717996	0.0	0.0452835050494	0.0787816985779	0.0554159849873	0.0552660787164	0.031609837206	0.0382455184635	0.0421802449707	0.0395672260131	0.0340480474784	0.0344289487622
TARA_132_SRF_0.22-3_G.snv.bam	0.0414255526543	0.039700143611	0.0585257126123	0.0604936727327	0.0544234128345	0.0583373799718	0.0450373533019	0.0457185662341	0.0751849908961	0.0726974292749	0.0614375981298	0.0618503062997	0.0698696115672	0.0658278170119	0.0598930564715	0.0614497560734	0.0458433385007	0.04785558812	0.0653915951538	0.0481340592214	0.0558330488208	0.0435680156876	0.121484771686	0.0611033720349	0.0652532678702	0.0452835050494	0.0	0.0821324286907	0.0635068599538	0.0562693565579	0.040734554658	0.0476256431765	0.050892375379	0.0489907646766	0.0451789816987	0.0456725715666
TARA_133_DCM_0.22-3_G.snv.bam	0.0745899025688	0.0763948127278	0.0852753368817	0.091607546104	0.080516489786	0.0900739812303	0.0817213625977	0.0806424620946	0.102060392919	0.102451414828	0.0949648755953	0.0946247949327	0.0999782156801	0.101279630626	0.0632551913358	0.0614626736664	0.0744128571377	0.0748366313236	0.0833092112822	0.0773142320466	0.08110278787	0.073867939108	0.127278865867	0.0847072096619	0.0824935476229	0.0787816985779	0.0821324286907	0.0	0.0466874711723	0.0813957167756	0.0753000250519	0.0742323448339	0.0766282661196	0.0760789060616	0.0710253963836	0.0706903314552
TARA_133_SRF_0.22-3_G.snv.bam	0.0499517948915	0.0503167810972	0.0592090984629	0.0689112626716	0.0578011917489	0.0649274004725	0.0573730445185	0.0569226863129	0.082187315016	0.0820899429505	0.0748088449366	0.0735212218461	0.0780004113473	0.0810532604624	0.0483377024157	0.04628383025	0.0485280036793	0.0487775986278	0.0668041438983	0.0597014773282	0.0650443969399	0.0519779440678	0.12199786472	0.063470695137	0.0695728781341	0.0554159849873	0.0635068599538	0.0466874711723	0.0	0.0640353857649	0.051357323668	0.0473211194335	0.0502828033413	0.0482470225457	0.0483448251635	0.0469656359257
TARA_149_SRF_0.22-3_G.snv.bam	0.0458667835846	0.0492250862815	0.053510536717	0.0580049463085	0.0505725762594	0.0564208833208	0.0529328622518	0.0518879068407	0.0726921914816	0.0711771257178	0.0651452599166	0.0656981354038	0.0701605081791	0.0707518075265	0.0581906587714	0.0577817206985	0.0457634914116	0.0451433373356	0.0667705248906	0.0517105317346	0.0546586739884	0.0444885249107	0.119152037831	0.0655743889431	0.0660596156515	0.0552660787164	0.0562693565579	0.0813957167756	0.0640353857649	0.0	0.0466304070649	0.0443491379392	0.046102928315	0.0461176832935	0.0472705862919	0.046868867923
TARA_150_DCM_0.22-3_G.snv.bam	0.0172304448641	0.0182316171134	0.0377687022111	0.0426502633169	0.0356431901893	0.039857162926	0.0258345553886	0.026686896107	0.0628654229278	0.0616446091849	0.0470962315296	0.0484323377569	0.0561576724476	0.0548733952157	0.0503525645641	0.0490968682389	0.0234994052503	0.0245623293026	0.0563494885457	0.0363078975267	0.0480402360351	0.026509079619	0.113816584806	0.0518803576973	0.0596442180583	0.031609837206	0.040734554658	0.0753000250519	0.051357323668	0.0466304070649	0.0	0.0229936832628	0.0283629574996	0.0241934993876	0.0201407586567	0.0199901058053
TARA_150_SRF_0.22-3_G.snv.bam	0.0238371133198	0.0259676236149	0.0328236263662	0.0429362425413	0.0341028124953	0.0391112041661	0.0344467774342	0.0343915955314	0.0644085190807	0.0638329945071	0.0547315104294	0.0546931475145	0.0590101067726	0.0616105158501	0.049678524757	0.0470023090159	0.0193198619294	0.0186158564854	0.0554284627673	0.0426184287836	0.0488548048503	0.0265834076867	0.115585831899	0.0535075580043	0.060592438524	0.0382455184635	0.0476256431765	0.0742323448339	0.0473211194335	0.0443491379392	0.0229936832628	0.0	0.0200397428938	0.0149064741192	0.0261231561122	0.0247565463894
TARA_151_DCM_0.22-3_G.snv.bam	0.0279620501425	0.030702082778	0.0323664052312	0.0430533716547	0.0338588882908	0.0400506072572	0.0377466695899	0.038180202591	0.0640349309337	0.0638880121606	0.0561396672629	0.0558495000523	0.0599197469105	0.0626263935011	0.0519824980792	0.0501223608819	0.0238810672081	0.0226626041517	0.0576118946822	0.045640133742	0.0511255121605	0.0308755925507	0.118329362771	0.0563224426242	0.0618806693501	0.0421802449707	0.050892375379	0.0766282661196	0.0502828033413	0.046102928315	0.0283629574996	0.0200397428938	0.0	0.0192571349477	0.0293439287955	0.0286211334732
TARA_151_SRF_0.22-3_G.snv.bam	0.0249145953984	0.0263294268548	0.0314666373011	0.0417216404311	0.0329018868727	0.037657368146	0.0346412828827	0.0351153729118	0.0638642730801	0.063712598839	0.0548023732813	0.0545772144698	0.0587154992082	0.0611736976003	0.0511061470203	0.0485617472536	0.0200469383109	0.0189203063301	0.0571655387628	0.044594232957	0.0496719920443	0.0292256436537	0.117101753521	0.0548580958804	0.062079920221	0.0395672260131	0.0489907646766	0.0760789060616	0.0482470225457	0.0461176832935	0.0241934993876	0.0149064741192	0.0192571349477	0.0	0.0274240337699	0.0261559701774
TARA_152_MIX_0.22-3_G.snv.bam	0.020859390238	0.0243619066908	0.0385985408911	0.0433710114445	0.0350987267689	0.0413736642979	0.0308813453186	0.0304461419546	0.0635760154068	0.0625279252009	0.0491848101339	0.0505922450572	0.0584693587387	0.0576775317634	0.0481146576357	0.0463274771175	0.0258040498178	0.0266341844877	0.0571478317906	0.0373613598527	0.0494331804555	0.0289175391755	0.113551762802	0.0526169264448	0.0592753161276	0.0340480474784	0.0451789816987	0.0710253963836	0.0483448251635	0.0472705862919	0.0201407586567	0.0261231561122	0.0293439287955	0.0274240337699	0.0	0.0145750104617
TARA_152_SRF_0.22-3_G.snv.bam	0.0203706782831	0.0237771075415	0.0369728780016	0.0427650730958	0.0340542426969	0.0399389100332	0.0303331252497	0.0299346310984	0.0628626065254	0.0612131389025	0.0487954634604	0.0499978739748	0.0575254694447	0.0568972319054	0.0473493856475	0.0455659531159	0.024349711219	0.0254938674537	0.0564664131606	0.0380726713012	0.0492220385556	0.0292969377677	0.112869456186	0.0518562430351	0.0595039363533	0.0344289487622	0.0456725715666	0.0706903314552	0.0469656359257	0.046868867923	0.0199901058053	0.0247565463894	0.0286211334732	0.0261559701774	0.0145750104617	0.0
