	TARA_032_SRF_0.22-1.6_G.snv.bam	TARA_033_SRF_0.22-1.6_G.snv.bam	TARA_034_SRF_0.22-1.6_G.snv.bam	TARA_036_DCM_0.22-1.6_G.snv.bam	TARA_036_SRF_0.22-1.6_G.snv.bam	TARA_038_DCM_0.22-1.6_G.snv.bam	TARA_038_SRF_0.22-1.6_G.snv.bam	TARA_039_DCM_0.22-1.6_G.snv.bam	TARA_041_DCM_0.22-1.6_G.snv.bam	TARA_042_DCM_0.22-1.6_G.snv.bam	TARA_042_SRF_0.22-1.6_G.snv.bam	TARA_045_SRF_0.22-1.6_G.snv.bam	TARA_052_DCM_0.22-1.6_G.snv.bam	TARA_056_SRF_0.22-3_G.snv.bam	TARA_057_SRF_0.22-3_G.snv.bam	TARA_058_DCM_0.22-3_G.snv.bam	TARA_062_SRF_0.22-3_G.snv.bam	TARA_064_SRF_0.22-3_G.snv.bam	TARA_065_DCM_0.22-3_G.snv.bam	TARA_065_SRF_0.22-3_G.snv.bam	TARA_066_SRF_0.22-3_G.snv.bam	TARA_140_SRF_0.22-3_G.snv.bam	TARA_141_SRF_0.22-3_G.snv.bam	TARA_149_SRF_0.22-3_G.snv.bam
TARA_032_SRF_0.22-1.6_G.snv.bam	0.0	0.0235986389384	0.0265033096956	0.0342953780498	0.0314440819305	0.0323589498905	0.0332612693743	0.0294942774382	0.0287440057042	0.0324290105526	0.0267955357417	0.0363633130217	0.0383897060121	0.032252521163	0.0322300196765	0.0322573612599	0.0323895931379	0.0349480659922	0.0321535248207	0.0338022951754	0.0363482187242	0.0376728040451	0.0335240543443	0.0388189172783
TARA_033_SRF_0.22-1.6_G.snv.bam	0.0235986389384	0.0	0.0188521694167	0.0291080415457	0.0263856837794	0.0282692793871	0.0284567268265	0.024065408208	0.0275379734919	0.0341061046707	0.027592791991	0.0397255585473	0.0400743858511	0.0329055599812	0.0306887932102	0.0321188976994	0.0321620167195	0.0374574085907	0.0320927765825	0.0331380877976	0.0369784656451	0.0317149430637	0.0275219666337	0.0394425171552
TARA_034_SRF_0.22-1.6_G.snv.bam	0.0265033096956	0.0188521694167	0.0	0.0276689746114	0.0241846692285	0.0267728648021	0.0264250302145	0.0236558910739	0.0273276798405	0.0346774551062	0.02928143625	0.0403853644647	0.0409385164993	0.0327983994129	0.0320846778567	0.0326756719183	0.0316277998218	0.0378151551893	0.0312441358049	0.0332229594085	0.0374350994242	0.03110857279	0.0276940245894	0.0381883181365
TARA_036_DCM_0.22-1.6_G.snv.bam	0.0342953780498	0.0291080415457	0.0276689746114	0.0	0.0180958452859	0.0217937621979	0.020042777026	0.024815940882	0.0276189296628	0.0347278883325	0.0320638596674	0.0416172525763	0.0430752965087	0.0351207979638	0.033780102067	0.0333452071027	0.0320506777896	0.0374813525869	0.0321352862403	0.0330849771806	0.0353988107788	0.0258194758059	0.0320352651266	0.0374155817414
TARA_036_SRF_0.22-1.6_G.snv.bam	0.0314440819305	0.0263856837794	0.0241846692285	0.0180958452859	0.0	0.0218080907346	0.0204872619212	0.0221251539246	0.0248268826034	0.033110118067	0.028749143255	0.0400715970649	0.0407494208358	0.0332841413995	0.0328283731889	0.0324321658837	0.0312120401306	0.0366176983871	0.0303865859318	0.0327297311967	0.0352473446277	0.0284044113863	0.0290527798694	0.0370889539594
TARA_038_DCM_0.22-1.6_G.snv.bam	0.0323589498905	0.0282692793871	0.0267728648021	0.0217937621979	0.0218080907346	0.0	0.02131469777	0.0228829096386	0.0244293464693	0.029511732162	0.0283832771846	0.0385509401242	0.0398317998218	0.0317056681508	0.0309706956725	0.0285932271188	0.029526051941	0.0333393868633	0.0286447473563	0.0287632651674	0.0322794449206	0.0266043441711	0.031397492209	0.0346459169681
TARA_038_SRF_0.22-1.6_G.snv.bam	0.0332612693743	0.0284567268265	0.0264250302145	0.020042777026	0.0204872619212	0.02131469777	0.0	0.0244331172475	0.0258212745464	0.0317863536751	0.0305685532056	0.0410827003814	0.0428279938167	0.0335111112176	0.0324318603909	0.0312774408803	0.0307975511897	0.036218319396	0.0311037604778	0.0310018284117	0.035486800868	0.0256954383183	0.0308523566853	0.0361576981854
TARA_039_DCM_0.22-1.6_G.snv.bam	0.0294942774382	0.024065408208	0.0236558910739	0.024815940882	0.0221251539246	0.0228829096386	0.0244331172475	0.0	0.0217291174742	0.0289677468629	0.0246581843565	0.039353016058	0.0392859829991	0.0310025330653	0.0309111019798	0.0298030011413	0.0295175873196	0.0357342653786	0.0285354674189	0.0306417781077	0.0336186484029	0.0298497443082	0.0282929838627	0.0369014174388
TARA_041_DCM_0.22-1.6_G.snv.bam	0.0287440057042	0.0275379734919	0.0273276798405	0.0276189296628	0.0248268826034	0.0244293464693	0.0258212745464	0.0217291174742	0.0	0.0275176376507	0.0243532489456	0.035703204193	0.0353156700837	0.0306281603121	0.0296563051092	0.0295794535452	0.0294956587256	0.0328487188899	0.0269021442334	0.0293476730963	0.0314560724586	0.0322698594885	0.0318497653968	0.0334258813134
TARA_042_DCM_0.22-1.6_G.snv.bam	0.0324290105526	0.0341061046707	0.0346774551062	0.0347278883325	0.033110118067	0.029511732162	0.0317863536751	0.0289677468629	0.0275176376507	0.0	0.0269963009571	0.0350634884424	0.0346758831974	0.0317931810143	0.0311800149822	0.0283324732244	0.0295914695435	0.0291163806083	0.0255822409952	0.0265667491573	0.0295834699341	0.0370241214162	0.036453173434	0.0327830698553
TARA_042_SRF_0.22-1.6_G.snv.bam	0.0267955357417	0.027592791991	0.02928143625	0.0320638596674	0.028749143255	0.0283832771846	0.0305685532056	0.0246581843565	0.0243532489456	0.0269963009571	0.0	0.0311763641303	0.0345953637331	0.0277701138198	0.0265400697176	0.0279844580249	0.0271034258087	0.0312809870409	0.0271379149698	0.02832660312	0.0321129336905	0.0346739910107	0.0300469572515	0.0351054849041
TARA_045_SRF_0.22-1.6_G.snv.bam	0.0363633130217	0.0397255585473	0.0403853644647	0.0416172525763	0.0400715970649	0.0385509401242	0.0410827003814	0.039353016058	0.035703204193	0.0350634884424	0.0311763641303	0.0	0.0342450266362	0.0335915712346	0.0332825180428	0.0344946702749	0.0351935545891	0.0304413171068	0.0335997203966	0.0340343027178	0.0393731339747	0.0445267949441	0.0414770421724	0.0391470026906
TARA_052_DCM_0.22-1.6_G.snv.bam	0.0383897060121	0.0400743858511	0.0409385164993	0.0430752965087	0.0407494208358	0.0398317998218	0.0428279938167	0.0392859829991	0.0353156700837	0.0346758831974	0.0345953637331	0.0342450266362	0.0	0.036576204699	0.037257377792	0.036225464691	0.0385537208433	0.0309105124433	0.0341681820088	0.0357720033723	0.0374182544236	0.0468231797476	0.0430800129061	0.0365674135109
TARA_056_SRF_0.22-3_G.snv.bam	0.032252521163	0.0329055599812	0.0327983994129	0.0351207979638	0.0332841413995	0.0317056681508	0.0335111112176	0.0310025330653	0.0306281603121	0.0317931810143	0.0277701138198	0.0335915712346	0.036576204699	0.0	0.0254132258266	0.0257241407984	0.0255540315322	0.0294363375073	0.0263925943452	0.0264780680344	0.0322465578438	0.036841632487	0.0328232435015	0.0358023466393
TARA_057_SRF_0.22-3_G.snv.bam	0.0322300196765	0.0306887932102	0.0320846778567	0.033780102067	0.0328283731889	0.0309706956725	0.0324318603909	0.0309111019798	0.0296563051092	0.0311800149822	0.0265400697176	0.0332825180428	0.037257377792	0.0254132258266	0.0	0.0236172723382	0.0244314455826	0.0294267905394	0.0261831054023	0.0257883037733	0.0317942122109	0.034988672156	0.0307531161886	0.0346536789371
TARA_058_DCM_0.22-3_G.snv.bam	0.0322573612599	0.0321188976994	0.0326756719183	0.0333452071027	0.0324321658837	0.0285932271188	0.0312774408803	0.0298030011413	0.0295794535452	0.0283324732244	0.0279844580249	0.0344946702749	0.036225464691	0.0257241407984	0.0236172723382	0.0	0.0228934080044	0.0261975713465	0.0232163601357	0.0236370371375	0.0286867318072	0.0328571284466	0.0328456336614	0.0339132252884
TARA_062_SRF_0.22-3_G.snv.bam	0.0323895931379	0.0321620167195	0.0316277998218	0.0320506777896	0.0312120401306	0.029526051941	0.0307975511897	0.0295175873196	0.0294956587256	0.0295914695435	0.0271034258087	0.0351935545891	0.0385537208433	0.0255540315322	0.0244314455826	0.0228934080044	0.0	0.0302086444995	0.0255635178224	0.0250366215528	0.029384426197	0.0325321602745	0.032906900367	0.0346111758584
TARA_064_SRF_0.22-3_G.snv.bam	0.0349480659922	0.0374574085907	0.0378151551893	0.0374813525869	0.0366176983871	0.0333393868633	0.036218319396	0.0357342653786	0.0328487188899	0.0291163806083	0.0312809870409	0.0304413171068	0.0309105124433	0.0294363375073	0.0294267905394	0.0261975713465	0.0302086444995	0.0	0.0266441087364	0.026613565785	0.0302489179007	0.0396743257166	0.0393315805775	0.032710922278
TARA_065_DCM_0.22-3_G.snv.bam	0.0321535248207	0.0320927765825	0.0312441358049	0.0321352862403	0.0303865859318	0.0286447473563	0.0311037604778	0.0285354674189	0.0269021442334	0.0255822409952	0.0271379149698	0.0335997203966	0.0341681820088	0.0263925943452	0.0261831054023	0.0232163601357	0.0255635178224	0.0266441087364	0.0	0.0239749121434	0.0279274571115	0.0352602922657	0.0330653161548	0.0332552055431
TARA_065_SRF_0.22-3_G.snv.bam	0.0338022951754	0.0331380877976	0.0332229594085	0.0330849771806	0.0327297311967	0.0287632651674	0.0310018284117	0.0306417781077	0.0293476730963	0.0265667491573	0.02832660312	0.0340343027178	0.0357720033723	0.0264780680344	0.0257883037733	0.0236370371375	0.0250366215528	0.026613565785	0.0239749121434	0.0	0.0285852885534	0.0342964248593	0.0340932285038	0.0320657454912
TARA_066_SRF_0.22-3_G.snv.bam	0.0363482187242	0.0369784656451	0.0374350994242	0.0353988107788	0.0352473446277	0.0322794449206	0.035486800868	0.0336186484029	0.0314560724586	0.0295834699341	0.0321129336905	0.0393731339747	0.0374182544236	0.0322465578438	0.0317942122109	0.0286867318072	0.029384426197	0.0302489179007	0.0279274571115	0.0285852885534	0.0	0.0372168631869	0.0391749643199	0.0319644619911
TARA_140_SRF_0.22-3_G.snv.bam	0.0376728040451	0.0317149430637	0.03110857279	0.0258194758059	0.0284044113863	0.0266043441711	0.0256954383183	0.0298497443082	0.0322698594885	0.0370241214162	0.0346739910107	0.0445267949441	0.0468231797476	0.036841632487	0.034988672156	0.0328571284466	0.0325321602745	0.0396743257166	0.0352602922657	0.0342964248593	0.0372168631869	0.0	0.0338084130654	0.0391044201748
TARA_141_SRF_0.22-3_G.snv.bam	0.0335240543443	0.0275219666337	0.0276940245894	0.0320352651266	0.0290527798694	0.031397492209	0.0308523566853	0.0282929838627	0.0318497653968	0.036453173434	0.0300469572515	0.0414770421724	0.0430800129061	0.0328232435015	0.0307531161886	0.0328456336614	0.032906900367	0.0393315805775	0.0330653161548	0.0340932285038	0.0391749643199	0.0338084130654	0.0	0.0385183893849
TARA_149_SRF_0.22-3_G.snv.bam	0.0388189172783	0.0394425171552	0.0381883181365	0.0374155817414	0.0370889539594	0.0346459169681	0.0361576981854	0.0369014174388	0.0334258813134	0.0327830698553	0.0351054849041	0.0391470026906	0.0365674135109	0.0358023466393	0.0346536789371	0.0339132252884	0.0346111758584	0.032710922278	0.0332552055431	0.0320657454912	0.0319644619911	0.0391044201748	0.0385183893849	0.0
