	TARA_031_SRF_0.22-1.6_G.snv.bam	TARA_039_DCM_0.22-1.6_G.snv.bam	TARA_041_SRF_0.22-1.6_G.snv.bam	TARA_042_SRF_0.22-1.6_G.snv.bam	TARA_045_SRF_0.22-1.6_G.snv.bam	TARA_048_SRF_0.22-1.6_G.snv.bam	TARA_052_SRF_0.22-1.6_G.snv.bam	TARA_056_SRF_0.22-3_G.snv.bam	TARA_058_DCM_0.22-3_G.snv.bam	TARA_072_MES_0.22-3_G.snv.bam	TARA_072_SRF_0.22-3_G.snv.bam	TARA_076_SRF_0.22-3_G.snv.bam	TARA_078_SRF_0.22-3_G.snv.bam	TARA_096_SRF_0.22-3_G.snv.bam	TARA_098_SRF_0.22-3_G.snv.bam	TARA_099_SRF_0.22-3_G.snv.bam	TARA_100_SRF_0.22-3_G.snv.bam	TARA_112_SRF_0.22-3_G.snv.bam	TARA_132_SRF_0.22-3_G.snv.bam	TARA_138_SRF_0.22-3_G.snv.bam
TARA_031_SRF_0.22-1.6_G.snv.bam	0.0	0.00571837026447	0.0035739814153	0.00500357398142	0.00571837026447	0.00857755539671	0.0100071479628	0.00929235167977	0.00285918513224	0.00571837026447	0.00643316654753	0.00857755539671	0.0107219442459	0.048606147248	0.0271622587563	0.0250178699071	0.0328806290207	0.0114367405289	0.0128663330951	0.00929235167977
TARA_039_DCM_0.22-1.6_G.snv.bam	0.00571837026447	0.0	0.000714796283059	0.000714796283059	0.000714796283059	0.00214438884918	0.000714796283059	0.000714796283059	0.0	0.00214438884918	0.00142959256612	0.00142959256612	0.00285918513224	0.0400285918513	0.0142959256612	0.0128663330951	0.0228734810579	0.00214438884918	0.00571837026447	0.00142959256612
TARA_041_SRF_0.22-1.6_G.snv.bam	0.0035739814153	0.000714796283059	0.0	0.0	0.0	0.0	0.0	0.0	0.000714796283059	0.00142959256612	0.0	0.000714796283059	0.00428877769836	0.0471765546819	0.0200142959257	0.0178699070765	0.0250178699071	0.00571837026447	0.00428877769836	0.0
TARA_042_SRF_0.22-1.6_G.snv.bam	0.00500357398142	0.000714796283059	0.0	0.0	0.0	0.0	0.0	0.000714796283059	0.0035739814153	0.00214438884918	0.0	0.000714796283059	0.0035739814153	0.0493209435311	0.0200142959257	0.0157255182273	0.0271622587563	0.00214438884918	0.00500357398142	0.0
TARA_045_SRF_0.22-1.6_G.snv.bam	0.00571837026447	0.000714796283059	0.0	0.0	0.0	0.0	0.0	0.000714796283059	0.0	0.000714796283059	0.0	0.0	0.0035739814153	0.0528949249464	0.0185847033595	0.0192994996426	0.0285918513224	0.00285918513224	0.00500357398142	0.0
TARA_048_SRF_0.22-1.6_G.snv.bam	0.00857755539671	0.00214438884918	0.0	0.0	0.0	0.0	0.0	0.00214438884918	0.000714796283059	0.000714796283059	0.0	0.0	0.00428877769836	0.0521801286633	0.0192994996426	0.0142959256612	0.024303073624	0.00285918513224	0.0035739814153	0.0
TARA_052_SRF_0.22-1.6_G.snv.bam	0.0100071479628	0.000714796283059	0.0	0.0	0.0	0.0	0.0	0.00142959256612	0.00142959256612	0.00142959256612	0.000714796283059	0.000714796283059	0.00285918513224	0.0521801286633	0.0164403145104	0.0142959256612	0.0257326661901	0.00285918513224	0.0035739814153	0.0
TARA_056_SRF_0.22-3_G.snv.bam	0.00929235167977	0.000714796283059	0.0	0.000714796283059	0.000714796283059	0.00214438884918	0.00142959256612	0.0	0.00285918513224	0.00214438884918	0.000714796283059	0.00142959256612	0.00571837026447	0.0471765546819	0.0200142959257	0.0157255182273	0.0293066476054	0.00428877769836	0.00643316654753	0.000714796283059
TARA_058_DCM_0.22-3_G.snv.bam	0.00285918513224	0.0	0.000714796283059	0.0035739814153	0.0	0.000714796283059	0.00142959256612	0.00285918513224	0.0	0.0	0.00285918513224	0.00214438884918	0.00428877769836	0.0443173695497	0.0164403145104	0.0150107219442	0.0228734810579	0.0035739814153	0.00786275911365	0.00214438884918
TARA_072_MES_0.22-3_G.snv.bam	0.00571837026447	0.00214438884918	0.00142959256612	0.00214438884918	0.000714796283059	0.000714796283059	0.00142959256612	0.00214438884918	0.0	0.0	0.000714796283059	0.00214438884918	0.00571837026447	0.0464617583989	0.0178699070765	0.0171551107934	0.0257326661901	0.00428877769836	0.0035739814153	0.000714796283059
TARA_072_SRF_0.22-3_G.snv.bam	0.00643316654753	0.00142959256612	0.0	0.0	0.0	0.0	0.000714796283059	0.000714796283059	0.00285918513224	0.000714796283059	0.0	0.0	0.00285918513224	0.0514653323803	0.0192994996426	0.0157255182273	0.0257326661901	0.00285918513224	0.00285918513224	0.0
TARA_076_SRF_0.22-3_G.snv.bam	0.00857755539671	0.00142959256612	0.000714796283059	0.000714796283059	0.0	0.0	0.000714796283059	0.00142959256612	0.00214438884918	0.00214438884918	0.0	0.0	0.00214438884918	0.0421729807005	0.00929235167977	0.0100071479628	0.0192994996426	0.000714796283059	0.00214438884918	0.00142959256612
TARA_078_SRF_0.22-3_G.snv.bam	0.0107219442459	0.00285918513224	0.00428877769836	0.0035739814153	0.0035739814153	0.00428877769836	0.00285918513224	0.00571837026447	0.00428877769836	0.00571837026447	0.00285918513224	0.00214438884918	0.0	0.0378842030021	0.0135811293781	0.0107219442459	0.0228734810579	0.0035739814153	0.00214438884918	0.00428877769836
TARA_096_SRF_0.22-3_G.snv.bam	0.048606147248	0.0400285918513	0.0471765546819	0.0493209435311	0.0528949249464	0.0521801286633	0.0521801286633	0.0471765546819	0.0443173695497	0.0464617583989	0.0514653323803	0.0421729807005	0.0378842030021	0.0	0.0135811293781	0.0185847033595	0.0378842030021	0.0307362401716	0.0414581844174	0.0514653323803
TARA_098_SRF_0.22-3_G.snv.bam	0.0271622587563	0.0142959256612	0.0200142959257	0.0200142959257	0.0185847033595	0.0192994996426	0.0164403145104	0.0200142959257	0.0164403145104	0.0178699070765	0.0192994996426	0.00929235167977	0.0135811293781	0.0135811293781	0.0	0.000714796283059	0.0164403145104	0.00214438884918	0.0114367405289	0.0185847033595
TARA_099_SRF_0.22-3_G.snv.bam	0.0250178699071	0.0128663330951	0.0178699070765	0.0157255182273	0.0192994996426	0.0142959256612	0.0142959256612	0.0157255182273	0.0150107219442	0.0171551107934	0.0157255182273	0.0100071479628	0.0107219442459	0.0185847033595	0.000714796283059	0.0	0.0185847033595	0.00428877769836	0.0107219442459	0.0128663330951
TARA_100_SRF_0.22-3_G.snv.bam	0.0328806290207	0.0228734810579	0.0250178699071	0.0271622587563	0.0285918513224	0.024303073624	0.0257326661901	0.0293066476054	0.0228734810579	0.0257326661901	0.0257326661901	0.0192994996426	0.0228734810579	0.0378842030021	0.0164403145104	0.0185847033595	0.0	0.0128663330951	0.023588277341	0.024303073624
TARA_112_SRF_0.22-3_G.snv.bam	0.0114367405289	0.00214438884918	0.00571837026447	0.00214438884918	0.00285918513224	0.00285918513224	0.00285918513224	0.00428877769836	0.0035739814153	0.00428877769836	0.00285918513224	0.000714796283059	0.0035739814153	0.0307362401716	0.00214438884918	0.00428877769836	0.0128663330951	0.0	0.00142959256612	0.00214438884918
TARA_132_SRF_0.22-3_G.snv.bam	0.0128663330951	0.00571837026447	0.00428877769836	0.00500357398142	0.00500357398142	0.0035739814153	0.0035739814153	0.00643316654753	0.00786275911365	0.0035739814153	0.00285918513224	0.00214438884918	0.00214438884918	0.0414581844174	0.0114367405289	0.0107219442459	0.023588277341	0.00142959256612	0.0	0.00428877769836
TARA_138_SRF_0.22-3_G.snv.bam	0.00929235167977	0.00142959256612	0.0	0.0	0.0	0.0	0.0	0.000714796283059	0.00214438884918	0.000714796283059	0.0	0.00142959256612	0.00428877769836	0.0514653323803	0.0185847033595	0.0128663330951	0.024303073624	0.00214438884918	0.00428877769836	0.0
