	TARA_007_DCM_0.22-1.6_G.snv.bam	TARA_007_SRF_0.22-1.6_G.snv.bam	TARA_009_SRF_0.22-1.6_G.snv.bam	TARA_037_MES_0.22-1.6_G.snv.bam	TARA_038_DCM_0.22-1.6_G.snv.bam	TARA_038_MES_0.22-1.6_G.snv.bam	TARA_038_SRF_0.22-1.6_G.snv.bam	TARA_041_DCM_0.22-1.6_G.snv.bam	TARA_042_DCM_0.22-1.6_G.snv.bam	TARA_064_MES_0.22-3_G.snv.bam	TARA_065_MES_0.22-3_G.snv.bam	TARA_068_DCM_0.22-3_G.snv.bam	TARA_068_MES_0.22-3_G.snv.bam	TARA_070_MES_0.22-3_G.snv.bam	TARA_072_DCM_0.22-3_G.snv.bam	TARA_072_MES_0.22-3_G.snv.bam	TARA_076_DCM_0.22-3_G.snv.bam	TARA_076_MES_0.22-3_G.snv.bam	TARA_082_DCM_0.22-3_G.snv.bam	TARA_094_SRF_0.22-3_G.snv.bam	TARA_100_DCM_0.22-3_G.snv.bam	TARA_100_MES_0.22-3_G.snv.bam	TARA_100_SRF_0.22-3_G.snv.bam	TARA_102_DCM_0.22-3_G.snv.bam	TARA_102_MES_0.22-3_G.snv.bam	TARA_109_DCM_0.22-3_G.snv.bam	TARA_109_MES_0.22-3_G.snv.bam	TARA_110_DCM_0.22-3_G.snv.bam	TARA_110_MES_0.22-3_G.snv.bam	TARA_110_SRF_0.22-3_G.snv.bam	TARA_111_MES_0.22-3_G.snv.bam	TARA_112_DCM_0.22-3_G.snv.bam	TARA_112_MES_0.22-3_G.snv.bam	TARA_122_DCM_0.22-3_G.snv.bam	TARA_123_MIX_0.22-3_G.snv.bam	TARA_125_MIX_0.22-3_G.snv.bam	TARA_132_MES_0.22-3_G.snv.bam	TARA_133_MES_0.22-3_G.snv.bam	TARA_137_MES_0.22-3_G.snv.bam	TARA_138_DCM_0.22-3_G.snv.bam	TARA_138_MES_0.22-3_G.snv.bam	TARA_142_MES_0.22-3_G.snv.bam	TARA_148b_MES_0.22-3_G.snv.bam
TARA_007_DCM_0.22-1.6_G.snv.bam	0.0	0.129190431056	0.122588128384	0.137429514889	0.135177858603	0.135882941375	0.145332046566	0.130706128075	0.131434150531	0.14929912303	0.141179178446	0.13828815415	0.141790005048	0.142796949946	0.164790483742	0.151007869183	0.174332647972	0.149243548971	0.169055925814	0.163054381009	0.165982898395	0.162493082089	0.16274319384	0.154151398912	0.133953757418	0.1742738811	0.125031776805	0.155349707868	0.134318982035	0.163267061731	0.131591588228	0.142666093237	0.126915273665	0.152689723683	0.139743958889	0.126533185317	0.140782804527	0.128195214514	0.126371234493	0.144092484632	0.142594545385	0.125016871969	0.147099984905
TARA_007_SRF_0.22-1.6_G.snv.bam	0.129190431056	0.0	0.0658591535904	0.0901825443072	0.0855896777233	0.104176557295	0.121852449038	0.0617886240947	0.067578652219	0.125145342347	0.0963399860416	0.111825276253	0.130854205481	0.1272090063	0.14067235137	0.126805216685	0.162424311492	0.130471654956	0.151131851488	0.103320406813	0.136706324114	0.134521938618	0.14029952435	0.129125185496	0.086933386229	0.154029605945	0.0757926532821	0.139515939248	0.092080207099	0.145788675121	0.0651828414769	0.0683036542747	0.0696607183607	0.145225533931	0.0659280929732	0.081196058599	0.0948831311624	0.0801608449102	0.0711993206763	0.105065068575	0.115806940869	0.0818656295818	0.0720737363699
TARA_009_SRF_0.22-1.6_G.snv.bam	0.122588128384	0.0658591535904	0.0	0.0962509865587	0.0921553280647	0.107432625098	0.121205801269	0.0825399094167	0.0847166941898	0.120905356504	0.103726169578	0.115688235492	0.128225877668	0.124555169551	0.144368070609	0.131797717897	0.156402202524	0.130524380437	0.152676438953	0.118644898393	0.146117647066	0.142699019976	0.148330940942	0.135657829313	0.0970152305723	0.16008216869	0.0840771839197	0.139597438159	0.101877749872	0.148459341342	0.0832336252051	0.0984567771343	0.0831220490722	0.136746992945	0.091625577416	0.0950338145399	0.100697443994	0.0918647464478	0.0855663576008	0.114397896283	0.119213362985	0.0852799724909	0.102857718522
TARA_037_MES_0.22-1.6_G.snv.bam	0.137429514889	0.0901825443072	0.0962509865587	0.0	0.0622387111133	0.0863789979873	0.0681623744981	0.0783703341884	0.0764462237516	0.101185950729	0.0879333555023	0.104213793411	0.121992701985	0.111059864336	0.123699132071	0.111079363642	0.154286167319	0.120408139532	0.129579355605	0.12655325032	0.131534126364	0.13446695966	0.125136314822	0.11693651792	0.0986556627291	0.137023785703	0.0809959411369	0.119542322774	0.0888988743416	0.126946963197	0.0929691960736	0.0995965189739	0.0854816191767	0.126459024658	0.0963850823424	0.0912518605822	0.108464177207	0.102802994609	0.0895387630924	0.117561160911	0.126172120927	0.089797454328	0.104976632297
TARA_038_DCM_0.22-1.6_G.snv.bam	0.135177858603	0.0855896777233	0.0921553280647	0.0622387111133	0.0	0.0773181337642	0.0810344137092	0.0672193379567	0.07022624518	0.113501645154	0.0945507954479	0.115508838105	0.128158852641	0.12064566504	0.137215864637	0.121757426941	0.152304761861	0.126189643287	0.14814286143	0.128481716392	0.136680425611	0.138796711695	0.142498904856	0.131100993865	0.09767539652	0.154929182373	0.0818706516589	0.132130096945	0.0997798940712	0.142776542235	0.0896837832168	0.0948034021124	0.0846693178272	0.129072959146	0.0917831316657	0.0882613226122	0.105330089574	0.0961851673758	0.0901154505598	0.119422705961	0.127963688543	0.0845283853774	0.10102871538
TARA_038_MES_0.22-1.6_G.snv.bam	0.135882941375	0.104176557295	0.107432625098	0.0863789979873	0.0773181337642	0.0	0.0984085111683	0.0916657137341	0.097732763554	0.104156523838	0.0994487444325	0.122270104299	0.136319085858	0.114924735437	0.141405194938	0.120492724733	0.140867227096	0.119649478957	0.155828511421	0.135748590466	0.142569311442	0.139650116531	0.153535051989	0.13284688215	0.107714721499	0.160874996016	0.0940355832988	0.138697731512	0.112603186848	0.149857198202	0.105495333939	0.130311951278	0.103484937882	0.117042500493	0.119801304555	0.108273547303	0.11939772888	0.108094032302	0.103956528952	0.122906941681	0.119732346412	0.0931993601294	0.135344999534
TARA_038_SRF_0.22-1.6_G.snv.bam	0.145332046566	0.121852449038	0.121205801269	0.0681623744981	0.0810344137092	0.0984085111683	0.0	0.101591412941	0.1080947273	0.108323575181	0.113497854766	0.12266645244	0.129052933299	0.118171781649	0.134540924759	0.1244609488	0.163254613628	0.136120300349	0.137247649127	0.149837591918	0.149011636475	0.146226528788	0.136150043066	0.126736785315	0.12297798299	0.146731452452	0.107800237195	0.122677273745	0.111901553271	0.131260939126	0.120234073786	0.133213479959	0.113962462564	0.125892283163	0.125875140713	0.113258121527	0.135747280743	0.126316312898	0.12278730196	0.137730780607	0.145342500577	0.11338525083	0.135688348822
TARA_041_DCM_0.22-1.6_G.snv.bam	0.130706128075	0.0617886240947	0.0825399094167	0.0783703341884	0.0672193379567	0.0916657137341	0.101591412941	0.0	0.0512121214275	0.126480722361	0.0956407583844	0.112256996366	0.136395636199	0.122390937138	0.135873074525	0.126602607296	0.160534514411	0.131141024385	0.146350928103	0.123560413011	0.131746031979	0.140342665762	0.140872647235	0.130732180718	0.0861735598598	0.152227075642	0.0742647776539	0.138668957585	0.0953706746982	0.143587535128	0.0624574316398	0.0576213632496	0.0701891442929	0.146990466547	0.0578357850274	0.0735238368331	0.0910674452839	0.0779403251563	0.0767781893875	0.114497317967	0.12874011003	0.0846027312133	0.0624257016067
TARA_042_DCM_0.22-1.6_G.snv.bam	0.131434150531	0.067578652219	0.0847166941898	0.0764462237516	0.07022624518	0.097732763554	0.1080947273	0.0512121214275	0.0	0.126197236542	0.0933691449025	0.10682066472	0.133021307588	0.123558083603	0.131193737969	0.12595793756	0.160657890603	0.129738340198	0.141950015471	0.123841959432	0.127516879467	0.140582080984	0.138386803246	0.129242355889	0.0878130667156	0.146600093047	0.074707347863	0.131037647822	0.0920736021162	0.137227512885	0.0587313353223	0.0506407410616	0.0632702985492	0.143261138006	0.0549541237523	0.0749140811882	0.0805294784642	0.0676013831746	0.0734057460744	0.117372637869	0.129397874757	0.0855995150251	0.0548169914799
TARA_064_MES_0.22-3_G.snv.bam	0.14929912303	0.125145342347	0.120905356504	0.101185950729	0.113501645154	0.104156523838	0.108323575181	0.126480722361	0.126197236542	0.0	0.0919378738358	0.104170092332	0.108126082426	0.09134311405	0.104626403904	0.0953726445735	0.13053319372	0.107317631126	0.112345453266	0.131862802091	0.113802754695	0.113697315131	0.112052565359	0.105779163927	0.103308846419	0.122428094902	0.0989286701772	0.103402685972	0.0937514590965	0.112287095256	0.122675100447	0.154362545072	0.114185463203	0.10009905133	0.145187257955	0.111383257728	0.136276698167	0.131334389426	0.115250461291	0.122303437838	0.117728380628	0.097565298966	0.160403236741
TARA_065_MES_0.22-3_G.snv.bam	0.141179178446	0.0963399860416	0.103726169578	0.0879333555023	0.0945507954479	0.0994487444325	0.113497854766	0.0956407583844	0.0933691449025	0.0919378738358	0.0	0.0939542789298	0.107206371074	0.088811829852	0.101373337273	0.0876235255428	0.13134605643	0.097984824445	0.110954225222	0.102134946855	0.107204417242	0.113685826111	0.108201899412	0.098908754143	0.0839220154243	0.115518004747	0.0736496294429	0.10002397046	0.0793363594562	0.110269099317	0.0944299361371	0.117893396972	0.0880683281764	0.123499454185	0.112161706024	0.0860278672435	0.111106566062	0.105023876089	0.0839557653326	0.103364913186	0.102980781143	0.0828676198096	0.123955678196
TARA_068_DCM_0.22-3_G.snv.bam	0.13828815415	0.111825276253	0.115688235492	0.104213793411	0.115508838105	0.122270104299	0.12266645244	0.112256996366	0.10682066472	0.104170092332	0.0939542789298	0.0	0.0870301886733	0.085099665178	0.0832342891769	0.0830898378747	0.137049469661	0.10683223377	0.0879110195435	0.107822357893	0.100587767978	0.113190925283	0.0886554249255	0.0840925353533	0.084723157798	0.095280217061	0.0857543937297	0.0741214752736	0.0732135117236	0.0846647578627	0.106505765209	0.127699176287	0.0994351486978	0.129813080545	0.121863624542	0.0945071208751	0.127321110313	0.11822885415	0.0938269831547	0.103527871059	0.121701852527	0.0970338370175	0.130350322567
TARA_068_MES_0.22-3_G.snv.bam	0.141790005048	0.130854205481	0.128225877668	0.121992701985	0.128158852641	0.136319085858	0.129052933299	0.136395636199	0.133021307588	0.108126082426	0.107206371074	0.0870301886733	0.0	0.0728268453819	0.0884587552322	0.0906947365058	0.14571428317	0.111477209029	0.0885578307978	0.13533162485	0.115445720387	0.112362628589	0.0823004864022	0.0881483995549	0.111252632145	0.0848561662933	0.106620604031	0.0810822697521	0.0866894545168	0.088736228788	0.134968563845	0.158411322171	0.128236339667	0.129835212546	0.151754372672	0.115318227097	0.146797379983	0.142361979381	0.111822834435	0.118314362233	0.116700807318	0.118162111074	0.163961737655
TARA_070_MES_0.22-3_G.snv.bam	0.142796949946	0.1272090063	0.124555169551	0.111059864336	0.12064566504	0.114924735437	0.118171781649	0.122390937138	0.123558083603	0.09134311405	0.088811829852	0.085099665178	0.0728268453819	0.0	0.0760612188979	0.0680209567241	0.118695364307	0.0912971296653	0.0870968629031	0.13054419392	0.0944501643178	0.0934114804871	0.0815207763016	0.0779713417636	0.0906676057944	0.087474590098	0.08986334145	0.0775021182212	0.0749629551503	0.0846751974923	0.119653379723	0.153444550614	0.115793059988	0.109273928844	0.143137775626	0.100883565758	0.134645119641	0.13211101839	0.104413917334	0.105942574296	0.106315898674	0.10542312176	0.15921155545
TARA_072_DCM_0.22-3_G.snv.bam	0.164790483742	0.14067235137	0.144368070609	0.123699132071	0.137215864637	0.141405194938	0.134540924759	0.135873074525	0.131193737969	0.104626403904	0.101373337273	0.0832342891769	0.0884587552322	0.0760612188979	0.0	0.0667822520735	0.137571088297	0.104821880234	0.0551062478223	0.125700515128	0.0597285717615	0.10087655127	0.0583014361372	0.0597026472556	0.0953961009885	0.0551789724518	0.109246733056	0.0641450590595	0.0832726492441	0.0636315437151	0.129903841527	0.1476278926	0.124436266908	0.128187169228	0.145408110251	0.113382986616	0.148099233474	0.14568313276	0.115310472361	0.11472508064	0.121807530029	0.122715704119	0.149915237624
TARA_072_MES_0.22-3_G.snv.bam	0.151007869183	0.126805216685	0.131797717897	0.111079363642	0.121757426941	0.120492724733	0.1244609488	0.126602607296	0.12595793756	0.0953726445735	0.0876235255428	0.0830898378747	0.0906947365058	0.0680209567241	0.0667822520735	0.0	0.113042670969	0.0893750225759	0.0870097465902	0.123791284795	0.0804613139857	0.100273341289	0.0818459214162	0.0777003400938	0.0855323460956	0.0901043432904	0.0950555878551	0.0792081107131	0.0776824943677	0.0873321538759	0.121778050119	0.149989139789	0.111466538467	0.114185202323	0.141612418652	0.103596481994	0.135883230741	0.133954836929	0.102858000071	0.108867375672	0.111297626734	0.101905158957	0.153352726835
TARA_076_DCM_0.22-3_G.snv.bam	0.174332647972	0.162424311492	0.156402202524	0.154286167319	0.152304761861	0.140867227096	0.163254613628	0.160534514411	0.160657890603	0.13053319372	0.13134605643	0.137049469661	0.14571428317	0.118695364307	0.137571088297	0.113042670969	0.0	0.0890314629863	0.152233826198	0.15145290857	0.136256357202	0.135150420551	0.149158180312	0.13863388451	0.129857088108	0.156476746597	0.13166648661	0.145961763607	0.133909896977	0.148548852836	0.153443855241	0.189476112979	0.142791485207	0.133194937271	0.177588997886	0.137487650582	0.164160284849	0.159547816187	0.133704288309	0.136510950556	0.129789663893	0.117695916513	0.193488485738
TARA_076_MES_0.22-3_G.snv.bam	0.149243548971	0.130471654956	0.130524380437	0.120408139532	0.126189643287	0.119649478957	0.136120300349	0.131141024385	0.129738340198	0.107317631126	0.097984824445	0.10683223377	0.111477209029	0.0912971296653	0.104821880234	0.0893750225759	0.0890314629863	0.0	0.11953718428	0.130789918306	0.113379350801	0.102899008483	0.114256951613	0.0989578413785	0.0984265568874	0.122384042928	0.0975219475103	0.109064690142	0.094403661814	0.118199594407	0.121670752037	0.154763239072	0.11082222811	0.111483855351	0.146086571129	0.105900048934	0.121473969866	0.125007977516	0.0981302310788	0.101990459681	0.102370938257	0.0928653895291	0.159658847003
TARA_082_DCM_0.22-3_G.snv.bam	0.169055925814	0.151131851488	0.152676438953	0.129579355605	0.14814286143	0.155828511421	0.137247649127	0.146350928103	0.141950015471	0.112345453266	0.110954225222	0.0879110195435	0.0885578307978	0.0870968629031	0.0551062478223	0.0870097465902	0.152233826198	0.11953718428	0.0	0.136666426917	0.0957269436262	0.113241028281	0.0369554756846	0.0639057342819	0.111967048035	0.0342438884787	0.119431027135	0.049422452574	0.0803825247762	0.0340627326431	0.14014793921	0.151963431048	0.136318563434	0.144928328924	0.150665677501	0.116596685553	0.159715763382	0.155749534224	0.126194920651	0.124685640339	0.132712087903	0.136039705204	0.155109267044
TARA_094_SRF_0.22-3_G.snv.bam	0.163054381009	0.103320406813	0.118644898393	0.12655325032	0.128481716392	0.135748590466	0.149837591918	0.123560413011	0.123841959432	0.131862802091	0.102134946855	0.107822357893	0.13533162485	0.13054419392	0.125700515128	0.123791284795	0.15145290857	0.130789918306	0.136666426917	0.0	0.128914351637	0.114290055601	0.128728081686	0.11354097588	0.0988402584693	0.136082761949	0.110005134804	0.125436323082	0.102403767531	0.130150925201	0.119033292527	0.135114840965	0.107374183215	0.152032492707	0.132102119793	0.113715327456	0.135590883099	0.127125989822	0.10766180665	0.106388917245	0.120610033438	0.110311074001	0.13867731381
TARA_100_DCM_0.22-3_G.snv.bam	0.165982898395	0.136706324114	0.146117647066	0.131534126364	0.136680425611	0.142569311442	0.149011636475	0.131746031979	0.127516879467	0.113802754695	0.107204417242	0.100587767978	0.115445720387	0.0944501643178	0.0597285717615	0.0804613139857	0.136256357202	0.113379350801	0.0957269436262	0.128914351637	0.0	0.103155692815	0.090606866904	0.0810902748523	0.0837928352284	0.0975779254185	0.110388798274	0.0996691832462	0.0970353014796	0.100552423576	0.127899767676	0.14458279139	0.118630365655	0.1361804663	0.144426966557	0.109899270426	0.138171256733	0.140416994909	0.108896735387	0.108810134876	0.11643504262	0.121351168685	0.147112067386
TARA_100_MES_0.22-3_G.snv.bam	0.162493082089	0.134521938618	0.142699019976	0.13446695966	0.138796711695	0.139650116531	0.146226528788	0.140342665762	0.140582080984	0.113697315131	0.113685826111	0.113190925283	0.112362628589	0.0934114804871	0.10087655127	0.100273341289	0.135150420551	0.102899008483	0.113241028281	0.114290055601	0.103155692815	0.0	0.102523298851	0.0762259355537	0.0790050288699	0.110788507676	0.111388697773	0.109660934757	0.088110470388	0.109229271643	0.132808766358	0.164519396476	0.11530989902	0.137345104499	0.157725051915	0.107856737114	0.143472529116	0.141367229049	0.102967450639	0.0753102719499	0.0989972109941	0.122667380141	0.169132704399
TARA_100_SRF_0.22-3_G.snv.bam	0.16274319384	0.14029952435	0.148330940942	0.125136314822	0.142498904856	0.153535051989	0.136150043066	0.140872647235	0.138386803246	0.112052565359	0.108201899412	0.0886554249255	0.0823004864022	0.0815207763016	0.0583014361372	0.0818459214162	0.149158180312	0.114256951613	0.0369554756846	0.128728081686	0.090606866904	0.102523298851	0.0	0.0566557583056	0.109512376112	0.0324852029665	0.114818113371	0.0503451712205	0.0749208419319	0.0408553888315	0.133963410963	0.144314054268	0.129283966811	0.140445186662	0.143216095326	0.110230842732	0.150996280162	0.149061798681	0.115999808557	0.116652477625	0.121783362991	0.130249425091	0.14833641424
TARA_102_DCM_0.22-3_G.snv.bam	0.154151398912	0.129125185496	0.135657829313	0.11693651792	0.131100993865	0.13284688215	0.126736785315	0.130732180718	0.129242355889	0.105779163927	0.098908754143	0.0840925353533	0.0881483995549	0.0779713417636	0.0597026472556	0.0777003400938	0.13863388451	0.0989578413785	0.0639057342819	0.11354097588	0.0810902748523	0.0762259355537	0.0566557583056	0.0	0.0752371681234	0.0601686894952	0.100439806245	0.0682333490955	0.0649719866591	0.0666010451974	0.123107496224	0.14644531213	0.108284929121	0.132477626857	0.140294803374	0.0975508880384	0.138199983633	0.13691275611	0.101597421806	0.0838198484048	0.106031060677	0.117357834516	0.150808502297
TARA_102_MES_0.22-3_G.snv.bam	0.133953757418	0.086933386229	0.0970152305723	0.0986556627291	0.09767539652	0.107714721499	0.12297798299	0.0861735598598	0.0878130667156	0.103308846419	0.0839220154243	0.084723157798	0.111252632145	0.0906676057944	0.0953961009885	0.0855323460956	0.129857088108	0.0984265568874	0.111967048035	0.0988402584693	0.0837928352284	0.0790050288699	0.109512376112	0.0752371681234	0.0	0.118777052319	0.0671068484035	0.103656957445	0.0566844790581	0.108991898437	0.0791418129735	0.103499561187	0.064533360527	0.131376790937	0.0979901594495	0.0655578864805	0.0997931089845	0.0941963399017	0.0642179051749	0.0630182980958	0.0939712716016	0.081199269187	0.107749330938
TARA_109_DCM_0.22-3_G.snv.bam	0.1742738811	0.154029605945	0.16008216869	0.137023785703	0.154929182373	0.160874996016	0.146731452452	0.152227075642	0.146600093047	0.122428094902	0.115518004747	0.095280217061	0.0848561662933	0.087474590098	0.0551789724518	0.0901043432904	0.156476746597	0.122384042928	0.0342438884787	0.136082761949	0.0975779254185	0.110788507676	0.0324852029665	0.0601686894952	0.118777052319	0.0	0.124503101208	0.0484892911627	0.0843993182177	0.0386393589226	0.145792181969	0.156926537844	0.139713233468	0.147111922758	0.155727152114	0.121077379285	0.165769564276	0.164569660771	0.130827939767	0.125163436495	0.135376071127	0.141841562482	0.160409868961
TARA_109_MES_0.22-3_G.snv.bam	0.125031776805	0.0757926532821	0.0840771839197	0.0809959411369	0.0818706516589	0.0940355832988	0.107800237195	0.0742647776539	0.074707347863	0.0989286701772	0.0736496294429	0.0857543937297	0.106620604031	0.08986334145	0.109246733056	0.0950555878551	0.13166648661	0.0975219475103	0.119431027135	0.110005134804	0.110388798274	0.111388697773	0.114818113371	0.100439806245	0.0671068484035	0.124503101208	0.0	0.107372196572	0.0628919337454	0.115863858121	0.052386167337	0.0925029737501	0.0623920820838	0.115762892684	0.0832060002941	0.0618879997156	0.090851035298	0.0831753447284	0.0626987636078	0.0954384195087	0.107103024952	0.0658589956805	0.0994884908288
TARA_110_DCM_0.22-3_G.snv.bam	0.155349707868	0.139515939248	0.139597438159	0.119542322774	0.132130096945	0.138697731512	0.122677273745	0.138668957585	0.131037647822	0.103402685972	0.10002397046	0.0741214752736	0.0810822697521	0.0775021182212	0.0641450590595	0.0792081107131	0.145961763607	0.109064690142	0.049422452574	0.125436323082	0.0996691832462	0.109660934757	0.0503451712205	0.0682333490955	0.103656957445	0.0484892911627	0.107372196572	0.0	0.0724165476233	0.0474690850909	0.129353852713	0.148746912993	0.124422174207	0.133667581977	0.143341355231	0.109533883399	0.148594803874	0.144550199157	0.114700585989	0.113851386544	0.128377317787	0.121145382444	0.152641536689
TARA_110_MES_0.22-3_G.snv.bam	0.134318982035	0.092080207099	0.101877749872	0.0888988743416	0.0997798940712	0.112603186848	0.111901553271	0.0953706746982	0.0920736021162	0.0937514590965	0.0793363594562	0.0732135117236	0.0866894545168	0.0749629551503	0.0832726492441	0.0776824943677	0.133909896977	0.094403661814	0.0803825247762	0.102403767531	0.0970353014796	0.088110470388	0.0749208419319	0.0649719866591	0.0566844790581	0.0843993182177	0.0628919337454	0.0724165476233	0.0	0.0746478255289	0.0846960537899	0.107156655709	0.0731023901048	0.123729114227	0.100411525218	0.0665833886599	0.108669475789	0.102124958554	0.0704901559274	0.0791310204649	0.099984068898	0.0853157603833	0.112709855029
TARA_110_SRF_0.22-3_G.snv.bam	0.163267061731	0.145788675121	0.148459341342	0.126946963197	0.142776542235	0.149857198202	0.131260939126	0.143587535128	0.137227512885	0.112287095256	0.110269099317	0.0846647578627	0.088736228788	0.0846751974923	0.0636315437151	0.0873321538759	0.148548852836	0.118199594407	0.0340627326431	0.130150925201	0.100552423576	0.109229271643	0.0408553888315	0.0666010451974	0.108991898437	0.0386393589226	0.115863858121	0.0474690850909	0.0746478255289	0.0	0.137173146125	0.148211844222	0.129901318282	0.141357582547	0.146165961983	0.112380043218	0.156360252796	0.154004547408	0.121807977644	0.120493834694	0.1323154149	0.131411370617	0.150528375414
TARA_111_MES_0.22-3_G.snv.bam	0.131591588228	0.0651828414769	0.0832336252051	0.0929691960736	0.0896837832168	0.105495333939	0.120234073786	0.0624574316398	0.0587313353223	0.122675100447	0.0944299361371	0.106505765209	0.134968563845	0.119653379723	0.129903841527	0.121778050119	0.153443855241	0.121670752037	0.14014793921	0.119033292527	0.127899767676	0.132808766358	0.133963410963	0.123107496224	0.0791418129735	0.145792181969	0.052386167337	0.129353852713	0.0846960537899	0.137173146125	0.0	0.061354961428	0.0546735707004	0.139751383878	0.057467627559	0.0662102047738	0.0838506271962	0.0661356696286	0.0695617755093	0.108321119898	0.121714055611	0.0780299589344	0.0654875948288
TARA_112_DCM_0.22-3_G.snv.bam	0.142666093237	0.0683036542747	0.0984567771343	0.0995965189739	0.0948034021124	0.130311951278	0.133213479959	0.0576213632496	0.0506407410616	0.154362545072	0.117893396972	0.127699176287	0.158411322171	0.153444550614	0.1476278926	0.149989139789	0.189476112979	0.154763239072	0.151963431048	0.135114840965	0.14458279139	0.164519396476	0.144314054268	0.14644531213	0.103499561187	0.156926537844	0.0925029737501	0.148746912993	0.107156655709	0.148211844222	0.061354961428	0.0	0.0727348347857	0.174208912679	0.0298433972521	0.0830725490856	0.08909807401	0.0763549012279	0.0874918242563	0.13254882907	0.15034295494	0.107224942652	0.00751090582178
TARA_112_MES_0.22-3_G.snv.bam	0.126915273665	0.0696607183607	0.0831220490722	0.0854816191767	0.0846693178272	0.103484937882	0.113962462564	0.0701891442929	0.0632702985492	0.114185463203	0.0880683281764	0.0994351486978	0.128236339667	0.115793059988	0.124436266908	0.111466538467	0.142791485207	0.11082222811	0.136318563434	0.107374183215	0.118630365655	0.11530989902	0.129283966811	0.108284929121	0.064533360527	0.139713233468	0.0623920820838	0.124422174207	0.0731023901048	0.129901318282	0.0546735707004	0.0727348347857	0.0	0.134912857738	0.0689405231851	0.0669845342267	0.0819787087147	0.0644025491428	0.0638226817085	0.0943430456919	0.114409162967	0.0717525814295	0.0771812089105
TARA_122_DCM_0.22-3_G.snv.bam	0.152689723683	0.145225533931	0.136746992945	0.126459024658	0.129072959146	0.117042500493	0.125892283163	0.146990466547	0.143261138006	0.10009905133	0.123499454185	0.129813080545	0.129835212546	0.109273928844	0.128187169228	0.114185202323	0.133194937271	0.111483855351	0.144928328924	0.152032492707	0.1361804663	0.137345104499	0.140445186662	0.132477626857	0.131376790937	0.147111922758	0.115762892684	0.133667581977	0.123729114227	0.141357582547	0.139751383878	0.174208912679	0.134912857738	0.0	0.160289849252	0.128624801791	0.137243644485	0.13901987212	0.131532912257	0.138388911318	0.122242345987	0.108728644099	0.179319622754
TARA_123_MIX_0.22-3_G.snv.bam	0.139743958889	0.0659280929732	0.091625577416	0.0963850823424	0.0917831316657	0.119801304555	0.125875140713	0.0578357850274	0.0549541237523	0.145187257955	0.112161706024	0.121863624542	0.151754372672	0.143137775626	0.145408110251	0.141612418652	0.177588997886	0.146086571129	0.150665677501	0.132102119793	0.144426966557	0.157725051915	0.143216095326	0.140294803374	0.0979901594495	0.155727152114	0.0832060002941	0.143341355231	0.100411525218	0.146165961983	0.057467627559	0.0298433972521	0.0689405231851	0.160289849252	0.0	0.079013135005	0.0891765990738	0.0738551327379	0.0869668754015	0.130123103971	0.144947577785	0.0993982675482	0.0317136745384
TARA_125_MIX_0.22-3_G.snv.bam	0.126533185317	0.081196058599	0.0950338145399	0.0912518605822	0.0882613226122	0.108273547303	0.113258121527	0.0735238368331	0.0749140811882	0.111383257728	0.0860278672435	0.0945071208751	0.115318227097	0.100883565758	0.113382986616	0.103596481994	0.137487650582	0.105900048934	0.116596685553	0.113715327456	0.109899270426	0.107856737114	0.110230842732	0.0975508880384	0.0655578864805	0.121077379285	0.0618879997156	0.109533883399	0.0665833886599	0.112380043218	0.0662102047738	0.0830725490856	0.0669845342267	0.128624801791	0.079013135005	0.0	0.0932715309504	0.0809988134285	0.0655980563112	0.0880608856941	0.108748838668	0.0760637797748	0.08853688188
TARA_132_MES_0.22-3_G.snv.bam	0.140782804527	0.0948831311624	0.100697443994	0.108464177207	0.105330089574	0.11939772888	0.135747280743	0.0910674452839	0.0805294784642	0.136276698167	0.111106566062	0.127321110313	0.146797379983	0.134645119641	0.148099233474	0.135883230741	0.164160284849	0.121473969866	0.159715763382	0.135590883099	0.138171256733	0.143472529116	0.150996280162	0.138199983633	0.0997931089845	0.165769564276	0.090851035298	0.148594803874	0.108669475789	0.156360252796	0.0838506271962	0.08909807401	0.0819787087147	0.137243644485	0.0891765990738	0.0932715309504	0.0	0.0677996686169	0.0889837733555	0.117782454041	0.120052405201	0.0895459063687	0.0930623053991
TARA_133_MES_0.22-3_G.snv.bam	0.128195214514	0.0801608449102	0.0918647464478	0.102802994609	0.0961851673758	0.108094032302	0.126316312898	0.0779403251563	0.0676013831746	0.131334389426	0.105023876089	0.11822885415	0.142361979381	0.13211101839	0.14568313276	0.133954836929	0.159547816187	0.125007977516	0.155749534224	0.127125989822	0.140416994909	0.141367229049	0.149061798681	0.13691275611	0.0941963399017	0.164569660771	0.0831753447284	0.144550199157	0.102124958554	0.154004547408	0.0661356696286	0.0763549012279	0.0644025491428	0.13901987212	0.0738551327379	0.0809988134285	0.0677996686169	0.0	0.0782859797661	0.117225946328	0.124598671086	0.0824843894097	0.0794263263612
TARA_137_MES_0.22-3_G.snv.bam	0.126371234493	0.0711993206763	0.0855663576008	0.0895387630924	0.0901154505598	0.103956528952	0.12278730196	0.0767781893875	0.0734057460744	0.115250461291	0.0839557653326	0.0938269831547	0.111822834435	0.104413917334	0.115310472361	0.102858000071	0.133704288309	0.0981302310788	0.126194920651	0.10766180665	0.108896735387	0.102967450639	0.115999808557	0.101597421806	0.0642179051749	0.130827939767	0.0626987636078	0.114700585989	0.0704901559274	0.121807977644	0.0695617755093	0.0874918242563	0.0638226817085	0.131532912257	0.0869668754015	0.0655980563112	0.0889837733555	0.0782859797661	0.0	0.076004406855	0.0771535704693	0.0683762574662	0.0936197258226
TARA_138_DCM_0.22-3_G.snv.bam	0.144092484632	0.105065068575	0.114397896283	0.117561160911	0.119422705961	0.122906941681	0.137730780607	0.114497317967	0.117372637869	0.122303437838	0.103364913186	0.103527871059	0.118314362233	0.105942574296	0.11472508064	0.108867375672	0.136510950556	0.101990459681	0.124685640339	0.106388917245	0.108810134876	0.0753102719499	0.116652477625	0.0838198484048	0.0630182980958	0.125163436495	0.0954384195087	0.113851386544	0.0791310204649	0.120493834694	0.108321119898	0.13254882907	0.0943430456919	0.138388911318	0.130123103971	0.0880608856941	0.117782454041	0.117225946328	0.076004406855	0.0	0.08548983767	0.099885415152	0.136881599606
TARA_138_MES_0.22-3_G.snv.bam	0.142594545385	0.115806940869	0.119213362985	0.126172120927	0.127963688543	0.119732346412	0.145342500577	0.12874011003	0.129397874757	0.117728380628	0.102980781143	0.121701852527	0.116700807318	0.106315898674	0.121807530029	0.111297626734	0.129789663893	0.102370938257	0.132712087903	0.120610033438	0.11643504262	0.0989972109941	0.121783362991	0.106031060677	0.0939712716016	0.135376071127	0.107103024952	0.128377317787	0.099984068898	0.1323154149	0.121714055611	0.15034295494	0.114409162967	0.122242345987	0.144947577785	0.108748838668	0.120052405201	0.124598671086	0.0771535704693	0.08548983767	0.0	0.0986630500227	0.153514529438
TARA_142_MES_0.22-3_G.snv.bam	0.125016871969	0.0818656295818	0.0852799724909	0.089797454328	0.0845283853774	0.0931993601294	0.11338525083	0.0846027312133	0.0855995150251	0.097565298966	0.0828676198096	0.0970338370175	0.118162111074	0.10542312176	0.122715704119	0.101905158957	0.117695916513	0.0928653895291	0.136039705204	0.110311074001	0.121351168685	0.122667380141	0.130249425091	0.117357834516	0.081199269187	0.141841562482	0.0658589956805	0.121145382444	0.0853157603833	0.131411370617	0.0780299589344	0.107224942652	0.0717525814295	0.108728644099	0.0993982675482	0.0760637797748	0.0895459063687	0.0824843894097	0.0683762574662	0.099885415152	0.0986630500227	0.0	0.111514410324
TARA_148b_MES_0.22-3_G.snv.bam	0.147099984905	0.0720737363699	0.102857718522	0.104976632297	0.10102871538	0.135344999534	0.135688348822	0.0624257016067	0.0548169914799	0.160403236741	0.123955678196	0.130350322567	0.163961737655	0.15921155545	0.149915237624	0.153352726835	0.193488485738	0.159658847003	0.155109267044	0.13867731381	0.147112067386	0.169132704399	0.14833641424	0.150808502297	0.107749330938	0.160409868961	0.0994884908288	0.152641536689	0.112709855029	0.150528375414	0.0654875948288	0.00751090582178	0.0771812089105	0.179319622754	0.0317136745384	0.08853688188	0.0930623053991	0.0794263263612	0.0936197258226	0.136881599606	0.153514529438	0.111514410324	0.0
