	TARA_004_DCM_0.22-1.6_G.snv.bam	TARA_004_SRF_0.22-1.6_G.snv.bam	TARA_007_SRF_0.22-1.6_G.snv.bam	TARA_009_DCM_0.22-1.6_G.snv.bam	TARA_009_SRF_0.22-1.6_G.snv.bam	TARA_018_SRF_0.22-1.6_G.snv.bam	TARA_030_DCM_0.22-1.6_G.snv.bam	TARA_151_SRF_0.22-3_G.snv.bam
TARA_004_DCM_0.22-1.6_G.snv.bam	0.0	0.0	0.00089928057554	0.0	0.00269784172662	0.00089928057554	0.00719424460432	0.00089928057554
TARA_004_SRF_0.22-1.6_G.snv.bam	0.0	0.0	0.00089928057554	0.0	0.00359712230216	0.0	0.0044964028777	0.0
TARA_007_SRF_0.22-1.6_G.snv.bam	0.00089928057554	0.00089928057554	0.0	0.0	0.0	0.0	0.00359712230216	0.0044964028777
TARA_009_DCM_0.22-1.6_G.snv.bam	0.0	0.0	0.0	0.0	0.00269784172662	0.0	0.0044964028777	0.0
TARA_009_SRF_0.22-1.6_G.snv.bam	0.00269784172662	0.00359712230216	0.0	0.00269784172662	0.0	0.00089928057554	0.00359712230216	0.00989208633094
TARA_018_SRF_0.22-1.6_G.snv.bam	0.00089928057554	0.0	0.0	0.0	0.00089928057554	0.0	0.00359712230216	0.00359712230216
TARA_030_DCM_0.22-1.6_G.snv.bam	0.00719424460432	0.0044964028777	0.00359712230216	0.0044964028777	0.00359712230216	0.00359712230216	0.0	0.00989208633094
TARA_151_SRF_0.22-3_G.snv.bam	0.00089928057554	0.0	0.0044964028777	0.0	0.00989208633094	0.00359712230216	0.00989208633094	0.0
