	TARA_056_MES_0.22-3_G.snv.bam	TARA_064_MES_0.22-3_G.snv.bam	TARA_065_MES_0.22-3_G.snv.bam	TARA_102_MES_0.22-3_G.snv.bam	TARA_109_MES_0.22-3_G.snv.bam	TARA_110_MES_0.22-3_G.snv.bam	TARA_111_MES_0.22-3_G.snv.bam	TARA_112_DCM_0.22-3_G.snv.bam	TARA_112_MES_0.22-3_G.snv.bam	TARA_122_MES_0.22-3_G.snv.bam	TARA_142_MES_0.22-3_G.snv.bam	TARA_145_MES_0.22-3_G.snv.bam
TARA_056_MES_0.22-3_G.snv.bam	0.0	0.0723534319173	0.0491438685392	0.305819455639	0.120343199972	0.142740485775	0.169299513024	0.140780649321	0.119185771401	0.17468414163	0.0922297109024	0.106825796925
TARA_064_MES_0.22-3_G.snv.bam	0.0723534319173	0.0	0.0873516150348	0.296288639521	0.122132243291	0.144960952056	0.17125290342	0.137416501712	0.124975534965	0.169098626759	0.117704189184	0.12693174095
TARA_065_MES_0.22-3_G.snv.bam	0.0491438685392	0.0873516150348	0.0	0.31517404328	0.100671969753	0.134908413301	0.167719789639	0.12918084482	0.103391232694	0.177915573688	0.0886921530702	0.0986921228327
TARA_102_MES_0.22-3_G.snv.bam	0.305819455639	0.296288639521	0.31517404328	0.0	0.256250668217	0.230644021298	0.179710428626	0.229068198376	0.255096054135	0.160889669215	0.297344977325	0.309079038024
TARA_109_MES_0.22-3_G.snv.bam	0.120343199972	0.122132243291	0.100671969753	0.256250668217	0.0	0.0861729208138	0.119247613407	0.0776397857719	0.0591719416209	0.116673350744	0.110167557466	0.103801036962
TARA_110_MES_0.22-3_G.snv.bam	0.142740485775	0.144960952056	0.134908413301	0.230644021298	0.0861729208138	0.0	0.103375635192	0.0906624877028	0.07921215623	0.106914611265	0.131903538666	0.124578476217
TARA_111_MES_0.22-3_G.snv.bam	0.169299513024	0.17125290342	0.167719789639	0.179710428626	0.119247613407	0.103375635192	0.0	0.09582630117	0.111369092036	0.0810099877793	0.162452248633	0.168582540514
TARA_112_DCM_0.22-3_G.snv.bam	0.140780649321	0.137416501712	0.12918084482	0.229068198376	0.0776397857719	0.0906624877028	0.09582630117	0.0	0.0671738637121	0.101107081564	0.130353476252	0.132471163574
TARA_112_MES_0.22-3_G.snv.bam	0.119185771401	0.124975534965	0.103391232694	0.255096054135	0.0591719416209	0.07921215623	0.111369092036	0.0671738637121	0.0	0.115477668614	0.108629795449	0.107804286645
TARA_122_MES_0.22-3_G.snv.bam	0.17468414163	0.169098626759	0.177915573688	0.160889669215	0.116673350744	0.106914611265	0.0810099877793	0.101107081564	0.115477668614	0.0	0.158326638896	0.17126831635
TARA_142_MES_0.22-3_G.snv.bam	0.0922297109024	0.117704189184	0.0886921530702	0.297344977325	0.110167557466	0.131903538666	0.162452248633	0.130353476252	0.108629795449	0.158326638896	0.0	0.091235273887
TARA_145_MES_0.22-3_G.snv.bam	0.106825796925	0.12693174095	0.0986921228327	0.309079038024	0.103801036962	0.124578476217	0.168582540514	0.132471163574	0.107804286645	0.17126831635	0.091235273887	0.0
