	TARA_004_SRF_0.22-1.6_G.snv.bam	TARA_009_DCM_0.22-1.6_G.snv.bam	TARA_009_SRF_0.22-1.6_G.snv.bam	TARA_018_DCM_0.22-1.6_G.snv.bam	TARA_018_SRF_0.22-1.6_G.snv.bam	TARA_030_DCM_0.22-1.6_G.snv.bam	TARA_094_SRF_0.22-3_G.snv.bam	TARA_110_SRF_0.22-3_G.snv.bam
TARA_004_SRF_0.22-1.6_G.snv.bam	0.0	0.0567682998424	0.0763832231939	0.0616924830739	0.0620050694389	0.0735240195294	0.113279918315	0.103105970208
TARA_009_DCM_0.22-1.6_G.snv.bam	0.0567682998424	0.0	0.0581040435383	0.0495495890903	0.0489594196578	0.0550772598863	0.10909483943	0.100728949347
TARA_009_SRF_0.22-1.6_G.snv.bam	0.0763832231939	0.0581040435383	0.0	0.0377827835874	0.0441273631721	0.0357466108333	0.116450925918	0.112516482971
TARA_018_DCM_0.22-1.6_G.snv.bam	0.0616924830739	0.0495495890903	0.0377827835874	0.0	0.0294542353872	0.0355514099201	0.113344092926	0.108820055937
TARA_018_SRF_0.22-1.6_G.snv.bam	0.0620050694389	0.0489594196578	0.0441273631721	0.0294542353872	0.0	0.0381048040238	0.114767699123	0.109567267127
TARA_030_DCM_0.22-1.6_G.snv.bam	0.0735240195294	0.0550772598863	0.0357466108333	0.0355514099201	0.0381048040238	0.0	0.120340404765	0.114012954923
TARA_094_SRF_0.22-3_G.snv.bam	0.113279918315	0.10909483943	0.116450925918	0.113344092926	0.114767699123	0.120340404765	0.0	0.1162985266
TARA_110_SRF_0.22-3_G.snv.bam	0.103105970208	0.100728949347	0.112516482971	0.108820055937	0.109567267127	0.114012954923	0.1162985266	0.0
