	TARA_066_SRF_0.22-3_G.snv.bam	TARA_067_SRF_0.22-3_G.snv.bam	TARA_093_DCM_0.22-3_G.snv.bam	TARA_093_SRF_0.22-3_G.snv.bam	TARA_133_DCM_0.22-3_G.snv.bam	TARA_133_SRF_0.22-3_G.snv.bam
TARA_066_SRF_0.22-3_G.snv.bam	0.0	0.107235007945	0.0958829994541	0.0929950106476	0.0935579667941	0.090104266343
TARA_067_SRF_0.22-3_G.snv.bam	0.107235007945	0.0	0.0656628589087	0.0618261562847	0.0648636070802	0.0663477857727
TARA_093_DCM_0.22-3_G.snv.bam	0.0958829994541	0.0656628589087	0.0	0.037579769297	0.059405688288	0.0576977732683
TARA_093_SRF_0.22-3_G.snv.bam	0.0929950106476	0.0618261562847	0.037579769297	0.0	0.0506976600299	0.047060155585
TARA_133_DCM_0.22-3_G.snv.bam	0.0935579667941	0.0648636070802	0.059405688288	0.0506976600299	0.0	0.0312975530874
TARA_133_SRF_0.22-3_G.snv.bam	0.090104266343	0.0663477857727	0.0576977732683	0.047060155585	0.0312975530874	0.0
