	TARA_007_DCM_0.22-1.6_G.snv.bam	TARA_093_DCM_0.22-3_G.snv.bam	TARA_093_SRF_0.22-3_G.snv.bam	TARA_102_DCM_0.22-3_G.snv.bam	TARA_133_DCM_0.22-3_G.snv.bam	TARA_133_SRF_0.22-3_G.snv.bam
TARA_007_DCM_0.22-1.6_G.snv.bam	0.0	0.0773843550214	0.0797372714303	0.0693249760179	0.0736575806677	0.0873103367573
TARA_093_DCM_0.22-3_G.snv.bam	0.0773843550214	0.0	0.034544250231	0.068145695511	0.0675065109767	0.0725688348144
TARA_093_SRF_0.22-3_G.snv.bam	0.0797372714303	0.034544250231	0.0	0.0662172855214	0.0663714122134	0.071234630822
TARA_102_DCM_0.22-3_G.snv.bam	0.0693249760179	0.068145695511	0.0662172855214	0.0	0.0712714716983	0.0780395592402
TARA_133_DCM_0.22-3_G.snv.bam	0.0736575806677	0.0675065109767	0.0663714122134	0.0712714716983	0.0	0.0364210637464
TARA_133_SRF_0.22-3_G.snv.bam	0.0873103367573	0.0725688348144	0.071234630822	0.0780395592402	0.0364210637464	0.0
