	TARA_031_SRF_0.22-1.6_G.snv.bam	TARA_056_SRF_0.22-3_G.snv.bam	TARA_064_SRF_0.22-3_G.snv.bam	TARA_072_SRF_0.22-3_G.snv.bam	TARA_112_SRF_0.22-3_G.snv.bam	TARA_138_SRF_0.22-3_G.snv.bam
TARA_031_SRF_0.22-1.6_G.snv.bam	0.0	0.0411538407349	0.0367782278318	0.0409922213229	0.0540066699948	0.0483776696444
TARA_056_SRF_0.22-3_G.snv.bam	0.0411538407349	0.0	0.0363636762231	0.0396935092888	0.0547907348213	0.0423971691539
TARA_064_SRF_0.22-3_G.snv.bam	0.0367782278318	0.0363636762231	0.0	0.0378927937814	0.0480323593391	0.0452463980279
TARA_072_SRF_0.22-3_G.snv.bam	0.0409922213229	0.0396935092888	0.0378927937814	0.0	0.0519609804469	0.0397286144801
TARA_112_SRF_0.22-3_G.snv.bam	0.0540066699948	0.0547907348213	0.0480323593391	0.0519609804469	0.0	0.0540372194994
TARA_138_SRF_0.22-3_G.snv.bam	0.0483776696444	0.0423971691539	0.0452463980279	0.0397286144801	0.0540372194994	0.0
