	TARA_031_SRF_0.22-1.6_G.snv.bam	TARA_032_SRF_0.22-1.6_G.snv.bam	TARA_064_SRF_0.22-3_G.snv.bam	TARA_078_DCM_0.22-3_G.snv.bam	TARA_078_SRF_0.22-3_G.snv.bam	TARA_112_SRF_0.22-3_G.snv.bam
TARA_031_SRF_0.22-1.6_G.snv.bam	0.0	0.000408496732026	0.000408496732026	0.00204248366013	0.0016339869281	0.00449346405229
TARA_032_SRF_0.22-1.6_G.snv.bam	0.000408496732026	0.0	0.00122549019608	0.00204248366013	0.00326797385621	0.00571895424837
TARA_064_SRF_0.22-3_G.snv.bam	0.000408496732026	0.00122549019608	0.0	0.0	0.0	0.00245098039216
TARA_078_DCM_0.22-3_G.snv.bam	0.00204248366013	0.00204248366013	0.0	0.0	0.000408496732026	0.00408496732026
TARA_078_SRF_0.22-3_G.snv.bam	0.0016339869281	0.00326797385621	0.0	0.000408496732026	0.0	0.00408496732026
TARA_112_SRF_0.22-3_G.snv.bam	0.00449346405229	0.00571895424837	0.00245098039216	0.00408496732026	0.00408496732026	0.0
