	TARA_052_DCM_0.22-1.6_G.snv.bam	TARA_052_SRF_0.22-1.6_G.snv.bam	TARA_056_SRF_0.22-3_G.snv.bam	TARA_062_SRF_0.22-3_G.snv.bam	TARA_064_SRF_0.22-3_G.snv.bam	TARA_076_SRF_0.22-3_G.snv.bam	TARA_078_DCM_0.22-3_G.snv.bam	TARA_078_SRF_0.22-3_G.snv.bam	TARA_098_SRF_0.22-3_G.snv.bam	TARA_099_SRF_0.22-3_G.snv.bam	TARA_112_SRF_0.22-3_G.snv.bam	TARA_132_SRF_0.22-3_G.snv.bam	TARA_150_DCM_0.22-3_G.snv.bam	TARA_150_SRF_0.22-3_G.snv.bam
TARA_052_DCM_0.22-1.6_G.snv.bam	0.0	0.0249356719532	0.0323537503715	0.03780005841	0.0305834064268	0.0606806370827	0.0530401804621	0.0538178107015	0.0890334031135	0.0781022053994	0.07261941054	0.0582893259367	0.0603716351766	0.0671947532257
TARA_052_SRF_0.22-1.6_G.snv.bam	0.0249356719532	0.0	0.0280591395669	0.0353917038352	0.0338684580944	0.0648206451353	0.0565987730963	0.0586076856775	0.0933852786213	0.0819118320511	0.0776800947333	0.0633480511879	0.0638867784714	0.071140692325
TARA_056_SRF_0.22-3_G.snv.bam	0.0323537503715	0.0280591395669	0.0	0.0322187523782	0.0360937413488	0.0679925543073	0.0599123146315	0.0610579706691	0.0942154666058	0.083680699122	0.0799713867822	0.0672752975419	0.0648051716916	0.0734359853519
TARA_062_SRF_0.22-3_G.snv.bam	0.03780005841	0.0353917038352	0.0322187523782	0.0	0.0368350935219	0.0730918408255	0.0593507641023	0.0609904632698	0.0979403671614	0.0874144517136	0.0841185283885	0.0712119413698	0.0660727711566	0.0723094513525
TARA_064_SRF_0.22-3_G.snv.bam	0.0305834064268	0.0338684580944	0.0360937413488	0.0368350935219	0.0	0.0619141050493	0.0533789650574	0.0519159829318	0.0947247771741	0.0806301880879	0.0758383114692	0.0605878905924	0.0605486671183	0.0679308644545
TARA_076_SRF_0.22-3_G.snv.bam	0.0606806370827	0.0648206451353	0.0679925543073	0.0730918408255	0.0619141050493	0.0	0.0615197640595	0.0530951441828	0.0883173848001	0.0665014815493	0.0688189409863	0.0407263911838	0.0698246836778	0.0732680321045
TARA_078_DCM_0.22-3_G.snv.bam	0.0530401804621	0.0565987730963	0.0599123146315	0.0593507641023	0.0533789650574	0.0615197640595	0.0	0.0449279572766	0.0887108519468	0.0777917745783	0.0820079475564	0.0603456774108	0.0550744206781	0.0601802746867
TARA_078_SRF_0.22-3_G.snv.bam	0.0538178107015	0.0586076856775	0.0610579706691	0.0609904632698	0.0519159829318	0.0530951441828	0.0449279572766	0.0	0.0815575040387	0.068784255438	0.0752625923769	0.0461244545625	0.0567082604724	0.0574111889622
TARA_098_SRF_0.22-3_G.snv.bam	0.0890334031135	0.0933852786213	0.0942154666058	0.0979403671614	0.0947247771741	0.0883173848001	0.0887108519468	0.0815575040387	0.0	0.0538103276926	0.0672950368059	0.084831696297	0.0851067686404	0.0877387443013
TARA_099_SRF_0.22-3_G.snv.bam	0.0781022053994	0.0819118320511	0.083680699122	0.0874144517136	0.0806301880879	0.0665014815493	0.0777917745783	0.068784255438	0.0538103276926	0.0	0.0576061478723	0.0662750976495	0.0804844059726	0.081237893808
TARA_112_SRF_0.22-3_G.snv.bam	0.07261941054	0.0776800947333	0.0799713867822	0.0841185283885	0.0758383114692	0.0688189409863	0.0820079475564	0.0752625923769	0.0672950368059	0.0576061478723	0.0	0.0721491661463	0.08591931243	0.0859312925562
TARA_132_SRF_0.22-3_G.snv.bam	0.0582893259367	0.0633480511879	0.0672752975419	0.0712119413698	0.0605878905924	0.0407263911838	0.0603456774108	0.0461244545625	0.084831696297	0.0662750976495	0.0721491661463	0.0	0.0656667332197	0.0707833240813
TARA_150_DCM_0.22-3_G.snv.bam	0.0603716351766	0.0638867784714	0.0648051716916	0.0660727711566	0.0605486671183	0.0698246836778	0.0550744206781	0.0567082604724	0.0851067686404	0.0804844059726	0.08591931243	0.0656667332197	0.0	0.0453365285254
TARA_150_SRF_0.22-3_G.snv.bam	0.0671947532257	0.071140692325	0.0734359853519	0.0723094513525	0.0679308644545	0.0732680321045	0.0601802746867	0.0574111889622	0.0877387443013	0.081237893808	0.0859312925562	0.0707833240813	0.0453365285254	0.0
