	TARA_065_MES_0.22-3_G.snv.bam	TARA_068_DCM_0.22-3_G.snv.bam	TARA_068_MES_0.22-3_G.snv.bam	TARA_068_SRF_0.22-3_G.snv.bam	TARA_070_MES_0.22-3_G.snv.bam	TARA_070_SRF_0.22-3_G.snv.bam	TARA_072_DCM_0.22-3_G.snv.bam	TARA_072_MES_0.22-3_G.snv.bam	TARA_076_DCM_0.22-3_G.snv.bam	TARA_076_MES_0.22-3_G.snv.bam	TARA_100_DCM_0.22-3_G.snv.bam	TARA_100_MES_0.22-3_G.snv.bam	TARA_100_SRF_0.22-3_G.snv.bam	TARA_110_DCM_0.22-3_G.snv.bam	TARA_122_DCM_0.22-3_G.snv.bam	TARA_128_DCM_0.22-3_G.snv.bam	TARA_133_DCM_0.22-3_G.snv.bam	TARA_137_MES_0.22-3_G.snv.bam	TARA_142_MES_0.22-3_G.snv.bam	TARA_150_DCM_0.22-3_G.snv.bam
TARA_065_MES_0.22-3_G.snv.bam	0.0	0.357119892336	0.146302736796	0.228910184967	0.190384548852	0.400739928678	0.189904738492	0.257138652977	0.167540617763	0.190916996035	0.444913740776	0.462045510971	0.426146367245	0.471172155569	0.268585756898	0.456906837306	0.472010300575	0.468093017302	0.16591763582	0.46233272288
TARA_068_DCM_0.22-3_G.snv.bam	0.357119892336	0.0	0.298124811218	0.175879616216	0.252224987488	0.0725571576715	0.194410462081	0.121246150732	0.263239740943	0.20381922214	0.085573249662	0.0943099587791	0.0789027639264	0.102610931061	0.121136853226	0.09632693276	0.103092631275	0.101439397908	0.407085312239	0.0974215448836
TARA_068_MES_0.22-3_G.snv.bam	0.146302736796	0.298124811218	0.0	0.142557748143	0.0738849859157	0.337081896349	0.118310261712	0.221821342213	0.0951780958116	0.133768447417	0.386263786298	0.402400096531	0.363221205335	0.411336177938	0.236001990299	0.397047183684	0.411873426726	0.408297245325	0.286731691735	0.402496232141
TARA_068_SRF_0.22-3_G.snv.bam	0.228910184967	0.175879616216	0.142557748143	0.0	0.109129980523	0.203997542309	0.0824148824843	0.139703209292	0.108854532947	0.101816654629	0.256733598462	0.272928328457	0.239156667593	0.281887675747	0.150585630926	0.268432730836	0.282351535212	0.278794275406	0.351710170902	0.273155001984
TARA_070_MES_0.22-3_G.snv.bam	0.190384548852	0.252224987488	0.0738849859157	0.109129980523	0.0	0.287441133548	0.100826345877	0.219153974163	0.0922568629695	0.108011684413	0.334855854499	0.351187058836	0.307804079684	0.360088544886	0.222622305867	0.345716855559	0.360908951374	0.357146073638	0.325438662218	0.351581371575
TARA_070_SRF_0.22-3_G.snv.bam	0.400739928678	0.0725571576715	0.337081896349	0.203997542309	0.287441133548	0.0	0.232383253632	0.157289395805	0.297480714361	0.238145625556	0.0638300035736	0.0669360368822	0.0642691541513	0.0705428671959	0.154600213844	0.070314179831	0.0708735665073	0.07096882516	0.454193171741	0.0658420625094
TARA_072_DCM_0.22-3_G.snv.bam	0.189904738492	0.194410462081	0.118310261712	0.0824148824843	0.100826345877	0.232383253632	0.0	0.13354751825	0.0966102460767	0.0910059355237	0.27710772112	0.293184372333	0.248266043325	0.30231382359	0.137491810032	0.28796373675	0.30296529632	0.2994927943	0.30624625642	0.294002613438
TARA_072_MES_0.22-3_G.snv.bam	0.257138652977	0.121246150732	0.221821342213	0.139703209292	0.219153974163	0.157289395805	0.13354751825	0.0	0.184998234078	0.143189412194	0.188080313584	0.204369525816	0.170609139958	0.213271816949	0.0685690937583	0.201010582128	0.214031407284	0.210347649154	0.301563581556	0.204857468293
TARA_076_DCM_0.22-3_G.snv.bam	0.167540617763	0.263239740943	0.0951780958116	0.108854532947	0.0922568629695	0.297480714361	0.0966102460767	0.184998234078	0.0	0.103617770392	0.34743974225	0.364256179539	0.328223929331	0.373114532724	0.198095052497	0.35970869654	0.373657340439	0.370262400171	0.298704543442	0.36488599453
TARA_076_MES_0.22-3_G.snv.bam	0.190916996035	0.20381922214	0.133768447417	0.101816654629	0.108011684413	0.238145625556	0.0910059355237	0.143189412194	0.103617770392	0.0	0.284922996295	0.301222768503	0.257464388416	0.310144131381	0.15988137102	0.2953379882	0.310976663089	0.307028510061	0.304913717082	0.301500727772
TARA_100_DCM_0.22-3_G.snv.bam	0.444913740776	0.085573249662	0.386263786298	0.256733598462	0.334855854499	0.0638300035736	0.27710772112	0.188080313584	0.34743974225	0.284922996295	0.0	0.0250898564549	0.0195354876245	0.0260727562545	0.180040121068	0.0242825878597	0.0266431899733	0.0235331397314	0.454710657416	0.0210509515667
TARA_100_MES_0.22-3_G.snv.bam	0.462045510971	0.0943099587791	0.402400096531	0.272928328457	0.351187058836	0.0669360368822	0.293184372333	0.204369525816	0.364256179539	0.301222768503	0.0250898564549	0.0	0.0123956587807	0.0100350501659	0.196662683589	0.0137803509353	0.0100921595925	0.00993023385064	0.47287663786	0.0116782244356
TARA_100_SRF_0.22-3_G.snv.bam	0.426146367245	0.0789027639264	0.363221205335	0.239156667593	0.307804079684	0.0642691541513	0.248266043325	0.170609139958	0.328223929331	0.257464388416	0.0195354876245	0.0123956587807	0.0	0.00927171855454	0.154416066289	0.0145823537686	0.0095214584503	0.00983046814825	0.436239259451	0.0127311287656
TARA_110_DCM_0.22-3_G.snv.bam	0.471172155569	0.102610931061	0.411336177938	0.281887675747	0.360088544886	0.0705428671959	0.30231382359	0.213271816949	0.373114532724	0.310144131381	0.0260727562545	0.0100350501659	0.00927171855454	0.0	0.20513557078	0.0128317236317	0.00121431405098	0.00442284676385	0.479868699447	0.00951284527281
TARA_122_DCM_0.22-3_G.snv.bam	0.268585756898	0.121136853226	0.236001990299	0.150585630926	0.222622305867	0.154600213844	0.137491810032	0.0685690937583	0.198095052497	0.15988137102	0.180040121068	0.196662683589	0.154416066289	0.20513557078	0.0	0.190994275681	0.206038649225	0.202299000248	0.309018288581	0.197008959801
TARA_128_DCM_0.22-3_G.snv.bam	0.456906837306	0.09632693276	0.397047183684	0.268432730836	0.345716855559	0.070314179831	0.28796373675	0.201010582128	0.35970869654	0.2953379882	0.0242825878597	0.0137803509353	0.0145823537686	0.0128317236317	0.190994275681	0.0	0.0128067273979	0.0118627000443	0.465499373213	0.0139903061953
TARA_133_DCM_0.22-3_G.snv.bam	0.472010300575	0.103092631275	0.411873426726	0.282351535212	0.360908951374	0.0708735665073	0.30296529632	0.214031407284	0.373657340439	0.310976663089	0.0266431899733	0.0100921595925	0.0095214584503	0.00121431405098	0.206038649225	0.0128067273979	0.0	0.00434757205453	0.480579273523	0.00984811116675
TARA_137_MES_0.22-3_G.snv.bam	0.468093017302	0.101439397908	0.408297245325	0.278794275406	0.357146073638	0.07096882516	0.2994927943	0.210347649154	0.370262400171	0.307028510061	0.0235331397314	0.00993023385064	0.00983046814825	0.00442284676385	0.202299000248	0.0118627000443	0.00434757205453	0.0	0.476662747661	0.00859088919126
TARA_142_MES_0.22-3_G.snv.bam	0.16591763582	0.407085312239	0.286731691735	0.351710170902	0.325438662218	0.454193171741	0.30624625642	0.301563581556	0.298704543442	0.304913717082	0.454710657416	0.47287663786	0.436239259451	0.479868699447	0.309018288581	0.465499373213	0.480579273523	0.476662747661	0.0	0.472517315948
TARA_150_DCM_0.22-3_G.snv.bam	0.46233272288	0.0974215448836	0.402496232141	0.273155001984	0.351581371575	0.0658420625094	0.294002613438	0.204857468293	0.36488599453	0.301500727772	0.0210509515667	0.0116782244356	0.0127311287656	0.00951284527281	0.197008959801	0.0139903061953	0.00984811116675	0.00859088919126	0.472517315948	0.0
