	158499257-stool1.freeze11.snv.filtered.bam	158499257-stool2.freeze11.snv.filtered.bam	158802708-stool1.freeze11.snv.filtered.bam	158802708-stool2.freeze11.snv.filtered.bam	158802708-stool3.freeze11.snv.filtered.bam	158944319-stool1.freeze11.snv.filtered.bam	158944319-stool2.freeze11.snv.filtered.bam	158944319-stool3.freeze11.snv.filtered.bam	159227541-stool1.freeze11.snv.filtered.bam	159227541-stool2.freeze11.snv.filtered.bam	159227541-stool3.freeze11.snv.filtered.bam	159490532-stool1.freeze11.snv.filtered.bam	159490532-stool2.freeze11.snv.filtered.bam	159571453-stool1.freeze11.snv.filtered.bam	159611913-stool1.freeze11.snv.filtered.bam	159611913-stool2.freeze11.snv.filtered.bam	160158126-stool1.freeze11.snv.filtered.bam	160158126-stool2.freeze11.snv.filtered.bam	160319967-stool1.freeze11.snv.filtered.bam	160319967-stool2.freeze11.snv.filtered.bam	160319967-stool3.freeze11.snv.filtered.bam	160603188-stool1.freeze11.snv.filtered.bam	604812005-stool1.freeze11.snv.filtered.bam	604812005-stool2.freeze11.snv.filtered.bam	604812005-stool3.freeze11.snv.filtered.bam	675950834-stool1.freeze11.snv.filtered.bam	675950834-stool2.freeze11.snv.filtered.bam	686765762-stool1.freeze11.snv.filtered.bam	686765762-stool2.freeze11.snv.filtered.bam	686765762-stool3.freeze11.snv.filtered.bam	706846339-stool1.freeze11.snv.filtered.bam	763496533-stool2.freeze11.snv.filtered.bam	763577454-stool1.freeze11.snv.filtered.bam	763577454-stool2.freeze11.snv.filtered.bam	763678604-stool1.freeze11.snv.filtered.bam	763678604-stool2.freeze11.snv.filtered.bam	763961826-stool1.freeze11.snv.filtered.bam	763961826-stool2.freeze11.snv.filtered.bam	764042746-stool1.freeze11.snv.filtered.bam	764042746-stool2.freeze11.snv.filtered.bam	764143897-stool1.freeze11.snv.filtered.bam	764143897-stool2.freeze11.snv.filtered.bam	764487809-stool2.freeze11.snv.filtered.bam	764508039-stool1.freeze11.snv.filtered.bam	764508039-stool2.freeze11.snv.filtered.bam	764508039-stool3.freeze11.snv.filtered.bam	765074482-stool2.freeze11.snv.filtered.bam	765074482-stool3.freeze11.snv.filtered.bam
158499257-stool1.freeze11.snv.filtered.bam	0.0	0.0	0.327106693434	0.327057729031	0.322601968369	0.328355285707	0.329432502571	0.327645301866	0.206262547128	0.209420751114	0.20628702933	0.205821867502	0.204303971013	0.181731381286	0.326249816383	0.325882583362	0.326666013808	0.326739460412	0.325980512168	0.322822308182	0.317901385693	0.00448024286344	0.199064779905	0.200215443373	0.199407530725	0.203618469373	0.203691915977	0.328820447535	0.326984282427	0.329408020369	0.314743181707	0.310483278656	0.327155657837	0.329628360182	0.206752191157	0.207682514812	0.00377025902169	0.00296234637419	0.328698036527	0.330142486412	0.208588356265	0.208563874064	0.159109827156	0.328428732312	0.328453214513	0.328795965333	0.200607158596	0.198452724869
158499257-stool2.freeze11.snv.filtered.bam	0.0	0.0	0.327939088283	0.328453214513	0.323385398815	0.329065269549	0.329971111002	0.328281839103	0.207021495373	0.211648631445	0.207951819028	0.208539391862	0.205674974294	0.183371688782	0.326812907017	0.326666013808	0.327131175635	0.32720462224	0.327498408657	0.32380159624	0.319272388973	0.00462713607208	0.199701317142	0.202345394898	0.201855750869	0.205821867502	0.205307741272	0.329432502571	0.327522890858	0.33095039906	0.315428683347	0.311119815894	0.327816677276	0.330289379621	0.207290799589	0.208196641042	0.00695294520883	0.00364784801449	0.329359055966	0.330681094844	0.209200411301	0.209298340107	0.161190814278	0.328942858542	0.32891837634	0.329334573765	0.20288400333	0.200925427214
158802708-stool1.freeze11.snv.filtered.bam	0.327106693434	0.327939088283	0.0	0.0	0.0	0.0298193213534	0.0299172501591	0.0299172501591	0.313274249621	0.321010625275	0.315967291779	0.325539832542	0.325833618959	0.300641433678	0.0452431082603	0.0452675904617	0.0310923958282	0.0311413602311	0.0427459237135	0.0421828330804	0.0416197424472	0.326347745189	0.322920236988	0.321843020124	0.319933408412	0.320790285462	0.323777114038	0.0442883024042	0.0439945159869	0.045561376879	0.252582872252	0.229520638496	0.0154482691084	0.0170396122019	0.326053958772	0.327596337463	0.322553003966	0.324511580081	0.0163541105616	0.0167703079861	0.320716838858	0.32056994565	0.265925672036	0.0204181560006	0.0206140136121	0.020442638202	0.320300641434	0.318268618714
158802708-stool2.freeze11.snv.filtered.bam	0.327057729031	0.328453214513	0.0	0.0	0.0	0.0298927679577	0.0300641433678	0.0300886255692	0.312955981002	0.321157518484	0.315795916369	0.325295010527	0.325711207952	0.300372129462	0.0452186260589	0.0452675904617	0.0319492728786	0.0319737550801	0.0423052440875	0.0417666356559	0.0413749204328	0.326225334182	0.322993683592	0.321745091319	0.319933408412	0.320594427851	0.323581256427	0.0445331244185	0.0440189981883	0.0453655192675	0.252803212065	0.229569602899	0.0156441267199	0.0171865054106	0.326004994369	0.327816677276	0.322381628556	0.324364686873	0.0165254859717	0.0168927189933	0.320618910052	0.320398570239	0.265582921216	0.0207364246193	0.0209078000294	0.0208098712236	0.319835479606	0.317705528081
158802708-stool3.freeze11.snv.filtered.bam	0.322601968369	0.323385398815	0.0	0.0	0.0	0.0297703569505	0.0296969103462	0.0298193213534	0.308965382167	0.316750722225	0.31156049552	0.321010625275	0.321206482887	0.296038779807	0.0447779464329	0.0448269108358	0.0305537873966	0.0305293051951	0.042329726289	0.0416197424472	0.0410811340156	0.321916466729	0.318219654311	0.317142437448	0.315257307937	0.316407971405	0.319198942369	0.043945551584	0.0436028007638	0.0451206972531	0.250036723302	0.227292758165	0.0154237869069	0.0167703079861	0.3214268227	0.322969201391	0.3180237967	0.319762033002	0.0162806639573	0.0165499681731	0.315453165549	0.315281790139	0.261690251187	0.0202222983891	0.0203936737991	0.0202467805905	0.315428683347	0.313274249621
158944319-stool1.freeze11.snv.filtered.bam	0.328355285707	0.329065269549	0.0298193213534	0.0298927679577	0.0297703569505	0.0	2.44822014396e-05	9.79288057582e-05	0.31427801988	0.322087842139	0.316873133232	0.325931547765	0.325907065563	0.301229006512	0.0497967977281	0.0499436909367	0.0351074768643	0.0351564412672	0.0300641433678	0.0295989815404	0.0291827841159	0.32754737306	0.322748861578	0.32211232434	0.320447534642	0.322087842139	0.324266758067	0.0467120403467	0.0464672183323	0.0484747588503	0.252778729863	0.227611026784	0.019659207756	0.021446408461	0.32534397493	0.327106693434	0.323581256427	0.325882583362	0.0238456642021	0.024506683641	0.320839249865	0.32074132106	0.26734563972	0.0248494344611	0.0250697742741	0.0249473632669	0.32074132106	0.318464476326
158944319-stool2.freeze11.snv.filtered.bam	0.329432502571	0.329971111002	0.0299172501591	0.0300641433678	0.0296969103462	2.44822014396e-05	0.0	0.0	0.31547764775	0.323360916614	0.318121725506	0.326935318024	0.327131175635	0.302502080987	0.0495030113108	0.0497478333252	0.0339568133967	0.0340057777995	0.0299172501591	0.0295500171375	0.0290114087059	0.32857562552	0.324119864858	0.323507809822	0.321794055721	0.323214023405	0.325466385937	0.0465161827352	0.0463692895265	0.0485237232532	0.253758017921	0.22856583264	0.0194878323459	0.0211281398423	0.326592567204	0.327963570484	0.324854330901	0.326861871419	0.0237477353964	0.0242618616266	0.322185770945	0.322136806542	0.268618714195	0.0244822014396	0.0247759878568	0.0244822014396	0.322087842139	0.319810997405
158944319-stool3.freeze11.snv.filtered.bam	0.327645301866	0.328281839103	0.0299172501591	0.0300886255692	0.0298193213534	9.79288057582e-05	0.0	0.0	0.313568036038	0.321524751506	0.316261078196	0.325197081722	0.325148117319	0.300470058268	0.0498947265338	0.0501885129511	0.0353278166773	0.0354012632816	0.0301131077707	0.0297213925476	0.0292562307203	0.326910835822	0.32228369975	0.32159819811	0.319884444009	0.32125544729	0.323507809822	0.047177202174	0.0466630759438	0.0487440630662	0.252778729863	0.227904813201	0.019659207756	0.0214708906625	0.324756402096	0.326323262988	0.322944719189	0.32517259952	0.024114968418	0.0247270234539	0.319884444009	0.319835479606	0.266684620281	0.0251921852813	0.0254614894971	0.0252411496842	0.320104783822	0.317778974685
159227541-stool1.freeze11.snv.filtered.bam	0.206262547128	0.207021495373	0.313274249621	0.312955981002	0.308965382167	0.31427801988	0.31547764775	0.313568036038	0.0	4.89644028791e-05	0.0	0.197938598639	0.19762033002	0.179674876365	0.31258874798	0.311633942124	0.314498359693	0.314522841894	0.312564265779	0.309112275376	0.305170640944	0.205307741272	0.192356656711	0.191475297459	0.190055329775	0.199529941732	0.20136610684	0.316530382412	0.313788375851	0.315061450326	0.305342016354	0.298168731332	0.314155608872	0.315257307937	0.200313372178	0.202737110121	0.201268178035	0.202835038927	0.315575576556	0.316285560398	0.20271262792	0.202296430495	0.154090975861	0.315526612153	0.315281790139	0.316677275621	0.189786025559	0.188219164667
159227541-stool2.freeze11.snv.filtered.bam	0.209420751114	0.211648631445	0.321010625275	0.321157518484	0.316750722225	0.322087842139	0.323360916614	0.321524751506	4.89644028791e-05	0.0	0.0	0.20374088038	0.203202271948	0.184497870048	0.320202712628	0.319615139793	0.322479557362	0.322553003966	0.320716838858	0.317289330657	0.312833569995	0.209445233315	0.196494148754	0.196959310581	0.195563825099	0.204720168438	0.206335993733	0.323924007247	0.321402340498	0.323507809822	0.310556725261	0.304803407922	0.321402340498	0.323385398815	0.203789844783	0.206556333546	0.206923566567	0.207853890222	0.322895754786	0.324291240268	0.209592126524	0.209445233315	0.157420555256	0.322920236988	0.322846790383	0.32380159624	0.195637271703	0.193776624394
159227541-stool3.freeze11.snv.filtered.bam	0.20628702933	0.207951819028	0.315967291779	0.315795916369	0.31156049552	0.316873133232	0.318121725506	0.316261078196	0.0	0.0	0.0	0.19965235274	0.199089262106	0.180458306811	0.31496352152	0.314351466484	0.317583117074	0.317607599275	0.315379718944	0.312197032757	0.307839200901	0.205626009891	0.192503549919	0.192772854135	0.191377368653	0.200631640797	0.202394359301	0.319419282182	0.3163345248	0.318293100916	0.306957841649	0.300298682858	0.316359007002	0.318268618714	0.19999510356	0.203324682955	0.202565734711	0.203520540567	0.318097243304	0.319247906772	0.204059148999	0.203765362581	0.153797189443	0.317803456887	0.317730010283	0.318978602556	0.191450815257	0.189688096754
159490532-stool1.freeze11.snv.filtered.bam	0.205821867502	0.208539391862	0.325539832542	0.325295010527	0.321010625275	0.325931547765	0.326935318024	0.325197081722	0.197938598639	0.20374088038	0.19965235274	0.0	2.44822014396e-05	0.180140038192	0.325637761348	0.325197081722	0.326641531607	0.326714978211	0.323875042844	0.320472016844	0.316261078196	0.205111883661	0.195563825099	0.196151397934	0.195025216667	0.19796308084	0.200827498409	0.327743230671	0.325637761348	0.327449444254	0.313935269059	0.310336385448	0.326029476571	0.328355285707	0.101845957989	0.104979679773	0.20136610684	0.201978161876	0.327302551045	0.328844929736	0.207878372423	0.207535621603	0.149292464378	0.32771874847	0.327620819664	0.328453214513	0.194462126034	0.192993193948
159490532-stool2.freeze11.snv.filtered.bam	0.204303971013	0.205674974294	0.325833618959	0.325711207952	0.321206482887	0.325907065563	0.327131175635	0.325148117319	0.19762033002	0.203202271948	0.199089262106	2.44822014396e-05	0.0	0.179552465358	0.325319492729	0.324952259707	0.326298780786	0.326372227391	0.323850560642	0.320765803261	0.316187631592	0.204108113402	0.195270038682	0.196126915732	0.194927287862	0.197987563042	0.19965235274	0.327057729031	0.325392939333	0.32720462224	0.313029427606	0.310262938843	0.325980512168	0.32840425011	0.100744258924	0.101723546981	0.201880233071	0.202467805905	0.327008764628	0.328698036527	0.206678744553	0.206409440337	0.149219017774	0.327522890858	0.327498408657	0.327963570484	0.19456005484	0.192846300739
159571453-stool1.freeze11.snv.filtered.bam	0.181731381286	0.183371688782	0.300641433678	0.300372129462	0.296038779807	0.301229006512	0.302502080987	0.300470058268	0.179674876365	0.184497870048	0.180458306811	0.180140038192	0.179552465358	0.0	0.299123537188	0.298658375361	0.302085883563	0.302159330167	0.30034764726	0.297091514469	0.292782647016	0.182392400725	0.178964892523	0.179111785732	0.177838711257	0.0902658767076	0.0911717181609	0.30000489644	0.298168731332	0.299466288009	0.286417274641	0.281227047936	0.301302453117	0.303358958038	0.182588258336	0.184253048034	0.179650394163	0.180629682221	0.302648974196	0.304019977476	0.18111932625	0.180972433041	0.134578661313	0.302428634383	0.302257258973	0.302967242814	0.177300102825	0.17585565294
159611913-stool1.freeze11.snv.filtered.bam	0.326249816383	0.326812907017	0.0452431082603	0.0452186260589	0.0447779464329	0.0497967977281	0.0495030113108	0.0498947265338	0.31258874798	0.320202712628	0.31496352152	0.325637761348	0.325319492729	0.299123537188	0.0	0.0	0.0383146452529	0.0383636096558	0.0602262155413	0.0598589825197	0.0585614258434	0.325295010527	0.32074132106	0.320447534642	0.318831709347	0.319615139793	0.321745091319	0.061376879009	0.0613034324046	0.062992704304	0.257503794741	0.234637418597	0.0391470401018	0.0399549527494	0.324291240268	0.32585810116	0.322553003966	0.323948489448	0.0405425255839	0.0409587230084	0.319810997405	0.319688586398	0.267223228713	0.0427704059149	0.042941781325	0.0429172991235	0.318439994124	0.316677275621
159611913-stool2.freeze11.snv.filtered.bam	0.325882583362	0.326666013808	0.0452675904617	0.0452675904617	0.0448269108358	0.0499436909367	0.0497478333252	0.0501885129511	0.311633942124	0.319615139793	0.314351466484	0.325197081722	0.324952259707	0.298658375361	0.0	0.0	0.039489790922	0.0395632375263	0.059932429124	0.0593448562895	0.0583655682319	0.324878813103	0.320276159232	0.319908926211	0.31819517211	0.319101013563	0.32125544729	0.061376879009	0.0611810213974	0.0627478822896	0.257210008324	0.234441560985	0.0391960045047	0.0400039171522	0.323752631837	0.325490868139	0.322161288743	0.323458845419	0.0406159721882	0.041105616217	0.319517210988	0.319370317779	0.26648876267	0.0426724771091	0.0428438525192	0.0428193703178	0.317656563678	0.315795916369
160158126-stool1.freeze11.snv.filtered.bam	0.326666013808	0.327131175635	0.0310923958282	0.0319492728786	0.0305537873966	0.0351074768643	0.0339568133967	0.0353278166773	0.314498359693	0.322479557362	0.317583117074	0.326641531607	0.326298780786	0.302085883563	0.0383146452529	0.039489790922	0.0	0.0	0.0464672183323	0.0461244675121	0.0447779464329	0.325784654556	0.322699897175	0.323140576801	0.321720609117	0.323067130196	0.32397297165	0.0414728492386	0.0418645644616	0.0460020565049	0.253537678108	0.231209910395	0.0208098712236	0.0225725897273	0.325025706312	0.325760172355	0.324633991088	0.325392939333	0.0232580913676	0.024286343828	0.319247906772	0.319468246585	0.268936982813	0.0264407775547	0.0268569749792	0.0262449199432	0.321989913333	0.319786515203
160158126-stool2.freeze11.snv.filtered.bam	0.326739460412	0.32720462224	0.0311413602311	0.0319737550801	0.0305293051951	0.0351564412672	0.0340057777995	0.0354012632816	0.314522841894	0.322553003966	0.317607599275	0.326714978211	0.326372227391	0.302159330167	0.0383636096558	0.0395632375263	0.0	0.0	0.0464917005337	0.0461489497136	0.0448024286344	0.32585810116	0.322724379376	0.323140576801	0.321696126916	0.323116094599	0.324070900455	0.04149733144	0.0419135288645	0.0460755031092	0.253439749302	0.231209910395	0.0208343534251	0.022670518533	0.325123635117	0.32585810116	0.324756402096	0.325490868139	0.0232580913676	0.0243597904324	0.31922342457	0.319492728786	0.269034911619	0.0264897419576	0.0269304215835	0.0262694021446	0.322014395534	0.319859961808
160319967-stool1.freeze11.snv.filtered.bam	0.325980512168	0.327498408657	0.0427459237135	0.0423052440875	0.042329726289	0.0300641433678	0.0299172501591	0.0301131077707	0.312564265779	0.320716838858	0.315379718944	0.323875042844	0.323850560642	0.30034764726	0.0602262155413	0.059932429124	0.0464672183323	0.0464917005337	0.0	0.0	7.34466043187e-05	0.325417421535	0.322185770945	0.321402340498	0.319541693189	0.320202712628	0.323189541204	0.0575086911815	0.0553787396563	0.056480438721	0.254125250943	0.227953777604	0.0335161337707	0.0339812955981	0.323140576801	0.326323262988	0.321035107477	0.323091612398	0.0358419429075	0.0360133183176	0.319713068599	0.319443764383	0.265460510209	0.0375801792097	0.037653625814	0.0385594672673	0.318488958527	0.316554864613
160319967-stool2.freeze11.snv.filtered.bam	0.322822308182	0.32380159624	0.0421828330804	0.0417666356559	0.0416197424472	0.0295989815404	0.0295500171375	0.0297213925476	0.309112275376	0.317289330657	0.312197032757	0.320472016844	0.320765803261	0.297091514469	0.0598589825197	0.0593448562895	0.0461244675121	0.0461489497136	0.0	0.0	2.44822014396e-05	0.321622680311	0.318635851736	0.317730010283	0.31599177398	0.316873133232	0.319713068599	0.0574107623758	0.0552073642462	0.0558439014836	0.251970817216	0.225701415071	0.0334671693679	0.0335895803751	0.320202712628	0.323311952211	0.317166919649	0.319101013563	0.0357440141017	0.0357684963032	0.316310042599	0.315942809577	0.262204377418	0.0373353571953	0.0371394995838	0.0386573960731	0.314424913088	0.312735641189
160319967-stool3.freeze11.snv.filtered.bam	0.317901385693	0.319272388973	0.0416197424472	0.0413749204328	0.0410811340156	0.0291827841159	0.0290114087059	0.0292562307203	0.305170640944	0.312833569995	0.307839200901	0.316261078196	0.316187631592	0.292782647016	0.0585614258434	0.0583655682319	0.0447779464329	0.0448024286344	7.34466043187e-05	2.44822014396e-05	0.0	0.317460706067	0.313984233462	0.313274249621	0.311609459923	0.312735641189	0.315183861333	0.0557949370807	0.0542770405915	0.0556235616707	0.249057435245	0.223767321158	0.0324633991088	0.0332713117564	0.315624540959	0.318219654311	0.313347696225	0.315085932527	0.0348626548499	0.0351319590658	0.31104636929	0.310777065074	0.258629976007	0.0363315869363	0.0364784801449	0.0368457131665	0.310458796455	0.308769524556
160603188-stool1.freeze11.snv.filtered.bam	0.00448024286344	0.00462713607208	0.326347745189	0.326225334182	0.321916466729	0.32754737306	0.32857562552	0.326910835822	0.205307741272	0.209445233315	0.205626009891	0.205111883661	0.204108113402	0.182392400725	0.325295010527	0.324878813103	0.325784654556	0.32585810116	0.325417421535	0.321622680311	0.317460706067	0.0	0.200215443373	0.200949909416	0.19982372815	0.203520540567	0.204010184596	0.328281839103	0.326225334182	0.328600107722	0.315697987563	0.309161239779	0.326690496009	0.328893894139	0.207682514812	0.208710767272	0.00408852764041	0.00357440141017	0.327743230671	0.329212162758	0.20951867992	0.209469715517	0.158595700925	0.327571855261	0.327645301866	0.328134945894	0.20085198061	0.19847720707
604812005-stool1.freeze11.snv.filtered.bam	0.199064779905	0.199701317142	0.322920236988	0.322993683592	0.318219654311	0.322748861578	0.324119864858	0.32228369975	0.192356656711	0.196494148754	0.192503549919	0.195563825099	0.195270038682	0.178964892523	0.32074132106	0.320276159232	0.322699897175	0.322724379376	0.322185770945	0.318635851736	0.313984233462	0.200215443373	0.0	0.0	4.89644028791e-05	0.194780394653	0.195808647114	0.325368457132	0.323434363218	0.325466385937	0.310189492239	0.30578269598	0.322724379376	0.325246046124	0.2006806052	0.20153748225	0.197669294423	0.198795475689	0.324217793664	0.325466385937	0.202345394898	0.202345394898	0.149904519414	0.324119864858	0.324046418254	0.324707437693	0.00470058267639	0.00448024286344
604812005-stool2.freeze11.snv.filtered.bam	0.200215443373	0.202345394898	0.321843020124	0.321745091319	0.317142437448	0.32211232434	0.323507809822	0.32159819811	0.191475297459	0.196959310581	0.192772854135	0.196151397934	0.196126915732	0.179111785732	0.320447534642	0.319908926211	0.323140576801	0.323140576801	0.321402340498	0.317730010283	0.313274249621	0.200949909416	0.0	0.0	0.0	0.194657983646	0.196151397934	0.325490868139	0.323018165793	0.324976741909	0.310581207462	0.305562356167	0.322185770945	0.324805366499	0.201317142437	0.203961220193	0.197938598639	0.199334084121	0.323654703031	0.325074670714	0.20305537874	0.203079860941	0.149292464378	0.323752631837	0.323728149635	0.324536062283	0.00523919110806	0.00511678010087
604812005-stool3.freeze11.snv.filtered.bam	0.199407530725	0.201855750869	0.319933408412	0.319933408412	0.315257307937	0.320447534642	0.321794055721	0.319884444009	0.190055329775	0.195563825099	0.191377368653	0.195025216667	0.194927287862	0.177838711257	0.318831709347	0.31819517211	0.321720609117	0.321696126916	0.319541693189	0.31599177398	0.311609459923	0.19982372815	4.89644028791e-05	0.0	0.0	0.193238015962	0.195196592078	0.324070900455	0.321182000686	0.323189541204	0.309283650786	0.304044459678	0.320643392254	0.323091612398	0.200313372178	0.203471576164	0.196494148754	0.19796308084	0.322038877736	0.323409881017	0.201464035646	0.201488517848	0.148239729716	0.32211232434	0.322087842139	0.322920236988	0.00545953092102	0.00541056651814
675950834-stool1.freeze11.snv.filtered.bam	0.203618469373	0.205821867502	0.320790285462	0.320594427851	0.316407971405	0.322087842139	0.323214023405	0.32125544729	0.199529941732	0.204720168438	0.200631640797	0.19796308084	0.197987563042	0.0902658767076	0.319615139793	0.319101013563	0.323067130196	0.323116094599	0.320202712628	0.316873133232	0.312735641189	0.203520540567	0.194780394653	0.194657983646	0.193238015962	0.0	0.000122411007198	0.323018165793	0.32056994565	0.322087842139	0.308402291534	0.30357929785	0.320937178671	0.322871272585	0.198991333301	0.201757822063	0.200460265387	0.201464035646	0.321989913333	0.323434363218	0.203642951574	0.203251236351	0.147945943299	0.322822308182	0.322797825981	0.323630220829	0.192846300739	0.19149977966
675950834-stool2.freeze11.snv.filtered.bam	0.203691915977	0.205307741272	0.323777114038	0.323581256427	0.319198942369	0.324266758067	0.325466385937	0.323507809822	0.20136610684	0.206335993733	0.202394359301	0.200827498409	0.19965235274	0.0911717181609	0.321745091319	0.32125544729	0.32397297165	0.324070900455	0.323189541204	0.319713068599	0.315183861333	0.204010184596	0.195808647114	0.196151397934	0.195196592078	0.000122411007198	0.0	0.324340204671	0.322601968369	0.32448709788	0.309332615189	0.305537873966	0.323287470009	0.325490868139	0.199848210351	0.20119473143	0.202247466092	0.202957449934	0.323997453851	0.32517259952	0.204622239632	0.204646721833	0.149977966019	0.324927777506	0.3248298487	0.325319492729	0.194951770063	0.193507320178
686765762-stool1.freeze11.snv.filtered.bam	0.328820447535	0.329432502571	0.0442883024042	0.0445331244185	0.043945551584	0.0467120403467	0.0465161827352	0.047177202174	0.316530382412	0.323924007247	0.319419282182	0.327743230671	0.327057729031	0.30000489644	0.061376879009	0.061376879009	0.0414728492386	0.04149733144	0.0575086911815	0.0574107623758	0.0557949370807	0.328281839103	0.325368457132	0.325490868139	0.324070900455	0.323018165793	0.324340204671	0.0	7.34466043187e-05	0.00252166674827	0.256010380453	0.233021593302	0.037482250404	0.0386084316702	0.326739460412	0.328159428096	0.325539832542	0.326519120599	0.0374088037996	0.0377760368212	0.322234735347	0.32228369975	0.270797630123	0.0383146452529	0.0385349850659	0.0384125740587	0.323752631837	0.321818537923
686765762-stool2.freeze11.snv.filtered.bam	0.326984282427	0.327522890858	0.0439945159869	0.0440189981883	0.0436028007638	0.0464672183323	0.0463692895265	0.0466630759438	0.313788375851	0.321402340498	0.3163345248	0.325637761348	0.325392939333	0.298168731332	0.0613034324046	0.0611810213974	0.0418645644616	0.0419135288645	0.0553787396563	0.0552073642462	0.0542770405915	0.326225334182	0.323434363218	0.323018165793	0.321182000686	0.32056994565	0.322601968369	7.34466043187e-05	0.0	0.0	0.254516966166	0.231528179014	0.0373353571953	0.0386084316702	0.325148117319	0.326543602801	0.323214023405	0.324633991088	0.0374332860011	0.0379718944327	0.320153748225	0.320129266024	0.267419086324	0.0383636096558	0.0385594672673	0.0384615384615	0.320300641434	0.318415511923
686765762-stool3.freeze11.snv.filtered.bam	0.329408020369	0.33095039906	0.045561376879	0.0453655192675	0.0451206972531	0.0484747588503	0.0485237232532	0.0487440630662	0.315061450326	0.323507809822	0.318293100916	0.327449444254	0.32720462224	0.299466288009	0.062992704304	0.0627478822896	0.0460020565049	0.0460755031092	0.056480438721	0.0558439014836	0.0556235616707	0.328600107722	0.325466385937	0.324976741909	0.323189541204	0.322087842139	0.32448709788	0.00252166674827	0.0	0.0	0.256475542281	0.232556431474	0.0391960045047	0.0405670077853	0.32703324683	0.329652842384	0.324903295304	0.326445673995	0.0396122019292	0.0400528815551	0.322063359937	0.321916466729	0.268471820986	0.0405914899868	0.040713900994	0.04132595603	0.321745091319	0.319957890614
706846339-stool1.freeze11.snv.filtered.bam	0.314743181707	0.315428683347	0.252582872252	0.252803212065	0.250036723302	0.252778729863	0.253758017921	0.252778729863	0.305342016354	0.310556725261	0.306957841649	0.313935269059	0.313029427606	0.286417274641	0.257503794741	0.257210008324	0.253537678108	0.253439749302	0.254125250943	0.251970817216	0.249057435245	0.315697987563	0.310189492239	0.310581207462	0.309283650786	0.308402291534	0.309332615189	0.256010380453	0.254516966166	0.256475542281	0.0	0.23791803359	0.250771189345	0.252533907849	0.311707388728	0.312784605592	0.312025657347	0.313323214023	0.253806982324	0.254614894971	0.310874993879	0.310874993879	0.256842775302	0.253635606914	0.253635606914	0.254002839935	0.310972922685	0.308010576311
763496533-stool2.freeze11.snv.filtered.bam	0.310483278656	0.311119815894	0.229520638496	0.229569602899	0.227292758165	0.227611026784	0.22856583264	0.227904813201	0.298168731332	0.304803407922	0.300298682858	0.310336385448	0.310262938843	0.281227047936	0.234637418597	0.234441560985	0.231209910395	0.231209910395	0.227953777604	0.225701415071	0.223767321158	0.309161239779	0.30578269598	0.305562356167	0.304044459678	0.30357929785	0.305537873966	0.233021593302	0.231528179014	0.232556431474	0.23791803359	0.0	0.227072418352	0.228296528424	0.308108505117	0.309161239779	0.307129217059	0.308475738138	0.229153405474	0.23027958674	0.304509621505	0.304264799491	0.249351221662	0.228761690251	0.228810654654	0.229202369877	0.303383440239	0.301082113304
763577454-stool1.freeze11.snv.filtered.bam	0.327155657837	0.327816677276	0.0154482691084	0.0156441267199	0.0154237869069	0.019659207756	0.0194878323459	0.019659207756	0.314155608872	0.321402340498	0.316359007002	0.326029476571	0.325980512168	0.301302453117	0.0391470401018	0.0391960045047	0.0208098712236	0.0208343534251	0.0335161337707	0.0334671693679	0.0324633991088	0.326690496009	0.322724379376	0.322185770945	0.320643392254	0.320937178671	0.323287470009	0.037482250404	0.0373353571953	0.0391960045047	0.250771189345	0.227072418352	0.0	0.000171375410077	0.325417421535	0.326666013808	0.323556774225	0.324976741909	0.00954805856143	0.00989080938158	0.319835479606	0.319737550801	0.267296675317	0.0134162463889	0.0136610684033	0.0134652107918	0.320618910052	0.318439994124
763577454-stool2.freeze11.snv.filtered.bam	0.329628360182	0.330289379621	0.0170396122019	0.0171865054106	0.0167703079861	0.021446408461	0.0211281398423	0.0214708906625	0.315257307937	0.323385398815	0.318268618714	0.328355285707	0.32840425011	0.303358958038	0.0399549527494	0.0400039171522	0.0225725897273	0.022670518533	0.0339812955981	0.0335895803751	0.0332713117564	0.328893894139	0.325246046124	0.324805366499	0.323091612398	0.322871272585	0.325490868139	0.0386084316702	0.0386084316702	0.0405670077853	0.252533907849	0.228296528424	0.000171375410077	0.0	0.327449444254	0.328991822945	0.326053958772	0.327424962053	0.0104049356118	0.0107966508348	0.321965431132	0.321867502326	0.269377662439	0.0144444988493	0.0146648386623	0.0145179454537	0.322406110757	0.320374088038
763678604-stool1.freeze11.snv.filtered.bam	0.206752191157	0.207290799589	0.326053958772	0.326004994369	0.3214268227	0.32534397493	0.326592567204	0.324756402096	0.200313372178	0.203789844783	0.19999510356	0.101845957989	0.100744258924	0.182588258336	0.324291240268	0.323752631837	0.325025706312	0.325123635117	0.323140576801	0.320202712628	0.315624540959	0.207682514812	0.2006806052	0.201317142437	0.200313372178	0.198991333301	0.199848210351	0.326739460412	0.325148117319	0.32703324683	0.311707388728	0.308108505117	0.325417421535	0.327449444254	0.0	0.0	0.205821867502	0.206213582725	0.326714978211	0.328037017089	0.206482886941	0.206580815747	0.153552367429	0.327302551045	0.327278068844	0.327988052686	0.200949909416	0.199187190912
763678604-stool2.freeze11.snv.filtered.bam	0.207682514812	0.208196641042	0.327596337463	0.327816677276	0.322969201391	0.327106693434	0.327963570484	0.326323262988	0.202737110121	0.206556333546	0.203324682955	0.104979679773	0.101723546981	0.184253048034	0.32585810116	0.325490868139	0.325760172355	0.32585810116	0.326323262988	0.323311952211	0.318219654311	0.208710767272	0.20153748225	0.203961220193	0.203471576164	0.201757822063	0.20119473143	0.328159428096	0.326543602801	0.329652842384	0.312784605592	0.309161239779	0.326666013808	0.328991822945	0.0	0.0	0.208490427459	0.207290799589	0.327914606081	0.329359055966	0.207462174999	0.207560103805	0.157175733242	0.328942858542	0.328869411938	0.329481466974	0.204695686236	0.203104343143
763961826-stool1.freeze11.snv.filtered.bam	0.00377025902169	0.00695294520883	0.322553003966	0.322381628556	0.3180237967	0.323581256427	0.324854330901	0.322944719189	0.201268178035	0.206923566567	0.202565734711	0.20136610684	0.201880233071	0.179650394163	0.322553003966	0.322161288743	0.324633991088	0.324756402096	0.321035107477	0.317166919649	0.313347696225	0.00408852764041	0.197669294423	0.197938598639	0.196494148754	0.200460265387	0.202247466092	0.325539832542	0.323214023405	0.324903295304	0.312025657347	0.307129217059	0.323556774225	0.326053958772	0.205821867502	0.208490427459	0.0	0.000122411007198	0.32500122411	0.326519120599	0.207706997013	0.207388728394	0.154066493659	0.324854330901	0.324903295304	0.325466385937	0.19659207756	0.19456005484
763961826-stool2.freeze11.snv.filtered.bam	0.00296234637419	0.00364784801449	0.324511580081	0.324364686873	0.319762033002	0.325882583362	0.326861871419	0.32517259952	0.202835038927	0.207853890222	0.203520540567	0.201978161876	0.202467805905	0.180629682221	0.323948489448	0.323458845419	0.325392939333	0.325490868139	0.323091612398	0.319101013563	0.315085932527	0.00357440141017	0.198795475689	0.199334084121	0.19796308084	0.201464035646	0.202957449934	0.326519120599	0.324633991088	0.326445673995	0.313323214023	0.308475738138	0.324976741909	0.327424962053	0.206213582725	0.207290799589	0.000122411007198	0.0	0.326445673995	0.327767712873	0.208392498653	0.208343534251	0.155486461343	0.326200851981	0.326249816383	0.326739460412	0.198085491847	0.195955540322
764042746-stool1.freeze11.snv.filtered.bam	0.328698036527	0.329359055966	0.0163541105616	0.0165254859717	0.0162806639573	0.0238456642021	0.0237477353964	0.024114968418	0.315575576556	0.322895754786	0.318097243304	0.327302551045	0.327008764628	0.302648974196	0.0405425255839	0.0406159721882	0.0232580913676	0.0232580913676	0.0358419429075	0.0357440141017	0.0348626548499	0.327743230671	0.324217793664	0.323654703031	0.322038877736	0.321989913333	0.323997453851	0.0374088037996	0.0374332860011	0.0396122019292	0.253806982324	0.229153405474	0.00954805856143	0.0104049356118	0.326714978211	0.327914606081	0.32500122411	0.326445673995	0.0	0.000269304215835	0.321500269304	0.321353376096	0.269108358224	0.0126817803457	0.012975566763	0.0127062625471	0.32176957352	0.320031337218
764042746-stool2.freeze11.snv.filtered.bam	0.330142486412	0.330681094844	0.0167703079861	0.0168927189933	0.0165499681731	0.024506683641	0.0242618616266	0.0247270234539	0.316285560398	0.324291240268	0.319247906772	0.328844929736	0.328698036527	0.304019977476	0.0409587230084	0.041105616217	0.024286343828	0.0243597904324	0.0360133183176	0.0357684963032	0.0351319590658	0.329212162758	0.325466385937	0.325074670714	0.323409881017	0.323434363218	0.32517259952	0.0377760368212	0.0379718944327	0.0400528815551	0.254614894971	0.23027958674	0.00989080938158	0.0107966508348	0.328037017089	0.329359055966	0.326519120599	0.327767712873	0.000269304215835	0.0	0.322577486168	0.322406110757	0.270136610684	0.0130000489644	0.0132448709788	0.012975566763	0.322773343779	0.321010625275
764143897-stool1.freeze11.snv.filtered.bam	0.208588356265	0.209200411301	0.320716838858	0.320618910052	0.315453165549	0.320839249865	0.322185770945	0.319884444009	0.20271262792	0.209592126524	0.204059148999	0.207878372423	0.206678744553	0.18111932625	0.319810997405	0.319517210988	0.319247906772	0.31922342457	0.319713068599	0.316310042599	0.31104636929	0.20951867992	0.202345394898	0.20305537874	0.201464035646	0.203642951574	0.204622239632	0.322234735347	0.320153748225	0.322063359937	0.310874993879	0.304509621505	0.319835479606	0.321965431132	0.206482886941	0.207462174999	0.207706997013	0.208392498653	0.321500269304	0.322577486168	0.0	0.0	0.153283063213	0.321524751506	0.321524751506	0.322185770945	0.202002644078	0.199236155315
764143897-stool2.freeze11.snv.filtered.bam	0.208563874064	0.209298340107	0.32056994565	0.320398570239	0.315281790139	0.32074132106	0.322136806542	0.319835479606	0.202296430495	0.209445233315	0.203765362581	0.207535621603	0.206409440337	0.180972433041	0.319688586398	0.319370317779	0.319468246585	0.319492728786	0.319443764383	0.315942809577	0.310777065074	0.209469715517	0.202345394898	0.203079860941	0.201488517848	0.203251236351	0.204646721833	0.32228369975	0.320129266024	0.321916466729	0.310874993879	0.304264799491	0.319737550801	0.321867502326	0.206580815747	0.207560103805	0.207388728394	0.208343534251	0.321353376096	0.322406110757	0.0	0.0	0.152768936983	0.321353376096	0.321402340498	0.322063359937	0.201610928855	0.199211673114
764487809-stool2.freeze11.snv.filtered.bam	0.159109827156	0.161190814278	0.265925672036	0.265582921216	0.261690251187	0.26734563972	0.268618714195	0.266684620281	0.154090975861	0.157420555256	0.153797189443	0.149292464378	0.149219017774	0.134578661313	0.267223228713	0.26648876267	0.268936982813	0.269034911619	0.265460510209	0.262204377418	0.258629976007	0.158595700925	0.149904519414	0.149292464378	0.148239729716	0.147945943299	0.149977966019	0.270797630123	0.267419086324	0.268471820986	0.256842775302	0.249351221662	0.267296675317	0.269377662439	0.153552367429	0.157175733242	0.154066493659	0.155486461343	0.269108358224	0.270136610684	0.153283063213	0.152768936983	0.0	0.269965235274	0.269867306468	0.271238309749	0.147138030652	0.145693580767
764508039-stool1.freeze11.snv.filtered.bam	0.328428732312	0.328942858542	0.0204181560006	0.0207364246193	0.0202222983891	0.0248494344611	0.0244822014396	0.0251921852813	0.315526612153	0.322920236988	0.317803456887	0.32771874847	0.327522890858	0.302428634383	0.0427704059149	0.0426724771091	0.0264407775547	0.0264897419576	0.0375801792097	0.0373353571953	0.0363315869363	0.327571855261	0.324119864858	0.323752631837	0.32211232434	0.322822308182	0.324927777506	0.0383146452529	0.0383636096558	0.0405914899868	0.253635606914	0.228761690251	0.0134162463889	0.0144444988493	0.327302551045	0.328942858542	0.324854330901	0.326200851981	0.0126817803457	0.0130000489644	0.321524751506	0.321353376096	0.269965235274	0.0	9.79288057582e-05	9.79288057582e-05	0.322185770945	0.320006855016
764508039-stool2.freeze11.snv.filtered.bam	0.328453214513	0.32891837634	0.0206140136121	0.0209078000294	0.0203936737991	0.0250697742741	0.0247759878568	0.0254614894971	0.315281790139	0.322846790383	0.317730010283	0.327620819664	0.327498408657	0.302257258973	0.042941781325	0.0428438525192	0.0268569749792	0.0269304215835	0.037653625814	0.0371394995838	0.0364784801449	0.327645301866	0.324046418254	0.323728149635	0.322087842139	0.322797825981	0.3248298487	0.0385349850659	0.0385594672673	0.040713900994	0.253635606914	0.228810654654	0.0136610684033	0.0146648386623	0.327278068844	0.328869411938	0.324903295304	0.326249816383	0.012975566763	0.0132448709788	0.321524751506	0.321402340498	0.269867306468	9.79288057582e-05	0.0	2.44822014396e-05	0.321989913333	0.319957890614
764508039-stool3.freeze11.snv.filtered.bam	0.328795965333	0.329334573765	0.020442638202	0.0208098712236	0.0202467805905	0.0249473632669	0.0244822014396	0.0252411496842	0.316677275621	0.32380159624	0.318978602556	0.328453214513	0.327963570484	0.302967242814	0.0429172991235	0.0428193703178	0.0262449199432	0.0262694021446	0.0385594672673	0.0386573960731	0.0368457131665	0.328134945894	0.324707437693	0.324536062283	0.322920236988	0.323630220829	0.325319492729	0.0384125740587	0.0384615384615	0.04132595603	0.254002839935	0.229202369877	0.0134652107918	0.0145179454537	0.327988052686	0.329481466974	0.325466385937	0.326739460412	0.0127062625471	0.012975566763	0.322185770945	0.322063359937	0.271238309749	9.79288057582e-05	2.44822014396e-05	0.0	0.323458845419	0.321182000686
765074482-stool2.freeze11.snv.filtered.bam	0.200607158596	0.20288400333	0.320300641434	0.319835479606	0.315428683347	0.32074132106	0.322087842139	0.320104783822	0.189786025559	0.195637271703	0.191450815257	0.194462126034	0.19456005484	0.177300102825	0.318439994124	0.317656563678	0.321989913333	0.322014395534	0.318488958527	0.314424913088	0.310458796455	0.20085198061	0.00470058267639	0.00523919110806	0.00545953092102	0.192846300739	0.194951770063	0.323752631837	0.320300641434	0.321745091319	0.310972922685	0.303383440239	0.320618910052	0.322406110757	0.200949909416	0.204695686236	0.19659207756	0.198085491847	0.32176957352	0.322773343779	0.202002644078	0.201610928855	0.147138030652	0.322185770945	0.321989913333	0.323458845419	0.0	2.44822014396e-05
765074482-stool3.freeze11.snv.filtered.bam	0.198452724869	0.200925427214	0.318268618714	0.317705528081	0.313274249621	0.318464476326	0.319810997405	0.317778974685	0.188219164667	0.193776624394	0.189688096754	0.192993193948	0.192846300739	0.17585565294	0.316677275621	0.315795916369	0.319786515203	0.319859961808	0.316554864613	0.312735641189	0.308769524556	0.19847720707	0.00448024286344	0.00511678010087	0.00541056651814	0.19149977966	0.193507320178	0.321818537923	0.318415511923	0.319957890614	0.308010576311	0.301082113304	0.318439994124	0.320374088038	0.199187190912	0.203104343143	0.19456005484	0.195955540322	0.320031337218	0.321010625275	0.199236155315	0.199211673114	0.145693580767	0.320006855016	0.319957890614	0.321182000686	2.44822014396e-05	0.0
