	158337416-stool1.freeze11.snv.filtered.bam	158337416-stool2.freeze11.snv.filtered.bam	158944319-stool3.freeze11.snv.filtered.bam	159227541-stool2.freeze11.snv.filtered.bam	159571453-stool2.freeze11.snv.filtered.bam	159753524-stool2.freeze11.snv.filtered.bam	159753524-stool3.freeze11.snv.filtered.bam	159814214-stool1.freeze11.snv.filtered.bam	159814214-stool2.freeze11.snv.filtered.bam	160178356-stool1.freeze11.snv.filtered.bam	160178356-stool2.freeze11.snv.filtered.bam	160380657-stool1.freeze11.snv.filtered.bam	160380657-stool2.freeze11.snv.filtered.bam	160380657-stool3.freeze11.snv.filtered.bam	160502038-stool2.freeze11.snv.filtered.bam	160502038-stool3.freeze11.snv.filtered.bam	160603188-stool2.freeze11.snv.filtered.bam	338793263-stool1.freeze11.snv.filtered.bam	338793263-stool2.freeze11.snv.filtered.bam	508703490-stool2.freeze11.snv.filtered.bam	686765762-stool3.freeze11.snv.filtered.bam	737052003-stool2.freeze11.snv.filtered.bam	763496533-stool2.freeze11.snv.filtered.bam	763759525-stool2.freeze11.snv.filtered.bam	763820215-stool1.freeze11.snv.filtered.bam	763840445-stool1.freeze11.snv.filtered.bam	763840445-stool2.freeze11.snv.filtered.bam	763860675-stool2.freeze11.snv.filtered.bam	763961826-stool2.freeze11.snv.filtered.bam	764062976-stool1.freeze11.snv.filtered.bam	764062976-stool2.freeze11.snv.filtered.bam	764305738-stool1.freeze11.snv.filtered.bam	764305738-stool2.freeze11.snv.filtered.bam	764325968-stool1.freeze11.snv.filtered.bam	764447348-stool1.freeze11.snv.filtered.bam	764508039-stool1.freeze11.snv.filtered.bam	764508039-stool3.freeze11.snv.filtered.bam	764669880-stool2.freeze11.snv.filtered.bam	765013792-stool1.freeze11.snv.filtered.bam	765074482-stool3.freeze11.snv.filtered.bam	765094712-stool1.freeze11.snv.filtered.bam	765094712-stool2.freeze11.snv.filtered.bam	765094712-stool3.freeze11.snv.filtered.bam	765135172-stool3.freeze11.snv.filtered.bam
158337416-stool1.freeze11.snv.filtered.bam	0.0	0.00516494978692	0.15396257157	0.384912032287	0.418432567459	0.232667127564	0.232799387584	0.153865824778	0.153763187439	0.169088051412	0.346493676709	0.275233903614	0.280440535235	0.280297610309	0.146869884639	0.148660648344	0.264125944544	0.274354380611	0.274761011058	0.222634606261	0.122780568253	0.222290489004	0.141138246099	0.129255790575	0.155775218186	0.150492344384	0.150869647718	0.242180552963	0.147364571019	0.131001548337	0.201464260425	0.146128791364	0.146722362514	0.439683733563	0.23050370826	0.149080505327	0.148586177659	0.130608064996	0.156114395995	0.167676885061	0.151003358048	0.150640546554	0.151122690475	0.280374359749
158337416-stool2.freeze11.snv.filtered.bam	0.00516494978692	0.0	0.153703082703	0.385448592828	0.41923423625	0.232859267512	0.233043741325	0.153695991052	0.153610510097	0.169088944585	0.346901148487	0.27507299199	0.280178621443	0.280051220844	0.146610433191	0.148350186618	0.264223260992	0.274067354497	0.274574399142	0.222749856345	0.122706003984	0.222408624668	0.141289967351	0.129101450828	0.15566405275	0.150742295173	0.151088940772	0.242312594222	0.147506011144	0.131052505471	0.201555954212	0.146131130834	0.146714868708	0.440463906135	0.230456073814	0.148873810927	0.148439292802	0.13056695404	0.156417493362	0.168159663089	0.151339175052	0.151070161047	0.151520351269	0.280773646521
158944319-stool3.freeze11.snv.filtered.bam	0.15396257157	0.153703082703	0.0	0.377330630913	0.422327627077	0.229438809439	0.230418264729	0.170329299445	0.170171542613	0.182872096702	0.3469572287	0.257809799122	0.263742029435	0.26312136964	0.0965690662546	0.0981192861655	0.255294890455	0.261214745965	0.259296853573	0.214360099327	0.138560069753	0.212051457497	0.156623980278	0.145978038529	0.168779011916	0.162657270692	0.163579357149	0.242589537612	0.104262132681	0.149040789606	0.202620149343	0.159777272323	0.160645167108	0.445100808066	0.228898666795	0.162864570363	0.160282097469	0.147032030092	0.117507094671	0.12503091527	0.0462150240985	0.0467036861837	0.044324791942	0.267631121128
159227541-stool2.freeze11.snv.filtered.bam	0.384912032287	0.385448592828	0.377330630913	0.0	0.287968865761	0.39608882422	0.396091894365	0.36676562137	0.365974464479	0.362949473752	0.262483359685	0.384236723669	0.388490399494	0.388277277452	0.396295334824	0.399521916241	0.385202546892	0.384692588487	0.386015510658	0.384893076378	0.389110488289	0.38569468762	0.37176953844	0.390732643627	0.363827125627	0.371125616723	0.374178898629	0.373984803796	0.392998620503	0.384617687632	0.379591398431	0.373203849617	0.374194653897	0.275540888498	0.395849360329	0.368658568104	0.367483473545	0.390229004954	0.378879583101	0.37368224562	0.387891800426	0.388425218746	0.389958433573	0.371675500736
159571453-stool2.freeze11.snv.filtered.bam	0.418432567459	0.41923423625	0.422327627077	0.287968865761	0.0	0.407190267221	0.40711121303	0.414559643021	0.413912245413	0.400369891818	0.273206716874	0.418614973113	0.423487830373	0.423151476823	0.43055862292	0.433609365222	0.41691068116	0.420029349886	0.421757861342	0.398671592791	0.429718660741	0.40066399051	0.415516635564	0.427023446291	0.413956582169	0.413196662219	0.416064232225	0.412174639713	0.429492160096	0.420681483475	0.398442500442	0.414847362275	0.41581649566	0.0500405701014	0.408606136165	0.410834258076	0.409752009582	0.42723845668	0.424261121193	0.411374292325	0.426520852185	0.42728881425	0.42873652332	0.415137137605
159753524-stool2.freeze11.snv.filtered.bam	0.232667127564	0.232859267512	0.229438809439	0.39608882422	0.407190267221	0.0	0.00206086978522	0.234869984341	0.23462260122	0.240561086956	0.370129418134	0.239130545435	0.242323048917	0.242183734129	0.218222299024	0.219683351289	0.234644008968	0.238806945407	0.23720611266	0.0337246627015	0.216262994744	0.027238730281	0.222413722554	0.219221558043	0.23744748838	0.228537801433	0.228414749547	0.233404456585	0.225672288304	0.217570133307	0.0762287330993	0.230497422115	0.230343313339	0.456141411141	0.0233249660627	0.229352607147	0.227649747274	0.218345966468	0.233386062091	0.229537420854	0.229719161911	0.229947950625	0.229575789696	0.250018636554
159753524-stool3.freeze11.snv.filtered.bam	0.232799387584	0.233043741325	0.230418264729	0.396091894365	0.40711121303	0.00206086978522	0.0	0.235348182649	0.235150729489	0.240660393865	0.370802001625	0.239898122575	0.243052929286	0.242918714668	0.219238031017	0.22067432048	0.235453432023	0.238629741354	0.23792667618	0.0344834853911	0.217441574091	0.0280004668117	0.223014151306	0.219787041784	0.237711239327	0.229089214179	0.228820820054	0.233705126662	0.225932324328	0.217887777709	0.0766485723068	0.231332146694	0.231148667177	0.456262074354	0.0230370244018	0.229855036045	0.228756050532	0.218993165503	0.233843076346	0.230535126048	0.230309487037	0.230412984799	0.230558911207	0.250664115318
159814214-stool1.freeze11.snv.filtered.bam	0.153865824778	0.153695991052	0.170329299445	0.36676562137	0.414559643021	0.234869984341	0.235348182649	0.0	0.00432531413539	0.0869249908777	0.316973907199	0.266482378561	0.273210291566	0.27288246976	0.15722373972	0.159531966322	0.258687352151	0.266703359232	0.266651677964	0.220026125161	0.0671300266234	0.222335956273	0.0805040493585	0.0712810180327	0.0443038590917	0.0686259748911	0.0691386769189	0.2143075958	0.156357857675	0.080884465814	0.192237632929	0.0577445693626	0.0576204455504	0.43480596262	0.232623272982	0.0625952884546	0.0615560024325	0.0727688341083	0.160649896888	0.170809217896	0.166532264239	0.166185573173	0.167409170854	0.274641350178
159814214-stool2.freeze11.snv.filtered.bam	0.153763187439	0.153610510097	0.170171542613	0.365974464479	0.413912245413	0.23462260122	0.235150729489	0.00432531413539	0.0	0.0865311023522	0.31573851198	0.266160931692	0.273069180654	0.272723149037	0.15719871483	0.159549754214	0.259007791006	0.266757452291	0.266549809159	0.219052071774	0.0675189726682	0.221699591136	0.0803814273667	0.0716883055606	0.0445150738074	0.0688840138747	0.069547101968	0.214366835403	0.156411446812	0.0810933850932	0.191872238058	0.0580330498332	0.057971260808	0.434325566227	0.232568873747	0.0629228442295	0.0619212610744	0.0730611270924	0.160702920938	0.170366645447	0.16653555678	0.166282542735	0.167475469847	0.274596057351
160178356-stool1.freeze11.snv.filtered.bam	0.169088051412	0.169088944585	0.182872096702	0.362949473752	0.400369891818	0.240561086956	0.240660393865	0.0869249908777	0.0865311023522	0.0	0.272216441749	0.271012667478	0.277365950737	0.277047497367	0.170729188129	0.173493644152	0.264927261688	0.272343524918	0.273957723787	0.2272552557	0.0905036145507	0.22866048967	0.0924033716076	0.0940284337368	0.0963872811927	0.0919410653387	0.0928873136888	0.221231531203	0.169988122803	0.0908156500563	0.198640209769	0.08290938659	0.0832851440908	0.423516805121	0.236919694582	0.0857829867249	0.0855626210791	0.0935909158616	0.17563019295	0.173121708551	0.18167568075	0.181695914928	0.183820308052	0.280558240886
160178356-stool2.freeze11.snv.filtered.bam	0.346493676709	0.346901148487	0.3469572287	0.262483359685	0.273206716874	0.370129418134	0.370802001625	0.316973907199	0.31573851198	0.272216441749	0.0	0.36483419528	0.371327792285	0.371036407095	0.353874102528	0.357595261827	0.366111390889	0.371561060849	0.370788212521	0.356712554409	0.330885355582	0.35787720729	0.320108764361	0.330818547265	0.318663082083	0.317070908669	0.320389467831	0.348595613899	0.353019556819	0.326519517454	0.340336595301	0.314506706078	0.316033267809	0.286236861491	0.370961562524	0.314532392713	0.31175387732	0.329610096022	0.351192520629	0.334729059386	0.351879447329	0.352413449149	0.353010789388	0.366975740547
160380657-stool1.freeze11.snv.filtered.bam	0.275233903614	0.27507299199	0.257809799122	0.384236723669	0.418614973113	0.239130545435	0.239898122575	0.266482378561	0.266160931692	0.271012667478	0.36483419528	0.0	0.00107329346859	0.0010686196276	0.259955399882	0.260699681582	0.205453876832	0.0375528277642	0.0344052851376	0.238470078921	0.253331723141	0.23661761563	0.24366009053	0.250460167395	0.264500140637	0.258050242557	0.25885542219	0.212245222018	0.270123019737	0.255267987508	0.239893716304	0.256118373124	0.256363137006	0.439160107345	0.242778769165	0.258167092178	0.256355448296	0.249161389489	0.271701618144	0.252452752829	0.261490685508	0.261234100002	0.260886921469	0.220926280516
160380657-stool2.freeze11.snv.filtered.bam	0.280440535235	0.280178621443	0.263742029435	0.388490399494	0.423487830373	0.242323048917	0.243052929286	0.273210291566	0.273069180654	0.277365950737	0.371327792285	0.00107329346859	0.0	0.00103737380768	0.265252646027	0.26559497448	0.207612800527	0.0381294701578	0.0348256734265	0.244838682241	0.259656404395	0.242532209679	0.250836240419	0.256929739521	0.271417997125	0.265189432582	0.265554912323	0.21413772892	0.275640661075	0.261260295815	0.246561268616	0.263649454242	0.263659875746	0.443182518464	0.245635981135	0.2651879496	0.263414283505	0.256552504728	0.275613592071	0.258124076467	0.267103807636	0.267808479127	0.266140054306	0.222260259491
160380657-stool3.freeze11.snv.filtered.bam	0.280297610309	0.280051220844	0.26312136964	0.388277277452	0.423151476823	0.242183734129	0.242918714668	0.27288246976	0.272723149037	0.277047497367	0.371036407095	0.0010686196276	0.00103737380768	0.0	0.264882580509	0.265227744287	0.207358118915	0.0379737580115	0.0346468497031	0.244439003403	0.25929908652	0.242055275835	0.250473634218	0.256595590202	0.271023994175	0.264875613264	0.26526944304	0.213955306071	0.27531643652	0.260953158853	0.246162059508	0.263285756532	0.26327601412	0.442793199351	0.245522889639	0.264835487393	0.263029836411	0.256139830068	0.275201376091	0.257826456642	0.266603357074	0.267290877511	0.265630418948	0.222123393053
160502038-stool2.freeze11.snv.filtered.bam	0.146869884639	0.146610433191	0.0965690662546	0.396295334824	0.43055862292	0.218222299024	0.219238031017	0.15722373972	0.15719871483	0.170729188129	0.353874102528	0.259955399882	0.265252646027	0.264882580509	0.0	0.00102360390296	0.246340716436	0.260023037774	0.258029649941	0.202066455307	0.12628556755	0.198398762613	0.147538483697	0.130676475764	0.156788143372	0.148989352506	0.149386069925	0.232059939337	0.0647480900676	0.138282046837	0.188685775964	0.147337006574	0.147722672791	0.45669583413	0.215203570871	0.150708761705	0.148860163723	0.131423254974	0.0969629862863	0.110790952885	0.0978410384169	0.0981577473742	0.0964792678076	0.269961246243
160502038-stool3.freeze11.snv.filtered.bam	0.148660648344	0.148350186618	0.0981192861655	0.399521916241	0.433609365222	0.219683351289	0.22067432048	0.159531966322	0.159549754214	0.173493644152	0.357595261827	0.260699681582	0.26559497448	0.265227744287	0.00102360390296	0.0	0.247127489442	0.260325893015	0.258356116862	0.204374450808	0.128376000775	0.200652388647	0.149984341668	0.133126248494	0.159103959408	0.15176188665	0.152040822548	0.233457919263	0.0651474587474	0.14039868462	0.191047465189	0.150205616856	0.150512129761	0.459475552846	0.216723768937	0.153895161435	0.152059937061	0.133928349023	0.0978066097843	0.112584063915	0.0990135939462	0.099366453323	0.0976186794667	0.27082857614
160603188-stool2.freeze11.snv.filtered.bam	0.264125944544	0.264223260992	0.255294890455	0.385202546892	0.41691068116	0.234644008968	0.235453432023	0.258687352151	0.259007791006	0.264927261688	0.366111390889	0.205453876832	0.207612800527	0.207358118915	0.246340716436	0.247127489442	0.0	0.20700385111	0.204571407119	0.23831269986	0.24075285446	0.234997813287	0.250175009912	0.244705164856	0.26118869785	0.252317004917	0.252770147615	0.214265066329	0.252326270355	0.244916530992	0.237899265563	0.248095875017	0.248333528173	0.437443911611	0.236935807032	0.251746412066	0.250071653379	0.243664392145	0.259051360403	0.224386733333	0.256045037442	0.257038605052	0.255380055979	0.148034233007
338793263-stool1.freeze11.snv.filtered.bam	0.274354380611	0.274067354497	0.261214745965	0.384692588487	0.420029349886	0.238806945407	0.238629741354	0.266703359232	0.266757452291	0.272343524918	0.371561060849	0.0375528277642	0.0381294701578	0.0379737580115	0.260023037774	0.260325893015	0.20700385111	0.0	0.00399560472085	0.240927130866	0.257437054383	0.236570006105	0.248103642813	0.253565204428	0.265801812951	0.260743233912	0.260414253742	0.220862933441	0.271171777116	0.257091653679	0.240980841294	0.259406288036	0.259597298143	0.440804726766	0.239792063148	0.260917551856	0.260907848995	0.253084978122	0.267846581317	0.255105110136	0.264403376884	0.264848267155	0.264743021702	0.227745958936
338793263-stool2.freeze11.snv.filtered.bam	0.274761011058	0.274574399142	0.259296853573	0.386015510658	0.421757861342	0.23720611266	0.23792667618	0.266651677964	0.266549809159	0.273957723787	0.370788212521	0.0344052851376	0.0348256734265	0.0346468497031	0.258029649941	0.258356116862	0.204571407119	0.00399560472085	0.0	0.239153523712	0.255534923867	0.234691881787	0.247747796617	0.253452120626	0.26648949942	0.260702762577	0.26066068543	0.22081237214	0.271316028288	0.257716519905	0.241231776887	0.258344342296	0.2586005981	0.441712122041	0.240511578961	0.260899281121	0.259058913004	0.252728431255	0.267660440594	0.253347433213	0.263829705391	0.26445940583	0.262769553989	0.225605145141
508703490-stool2.freeze11.snv.filtered.bam	0.222634606261	0.222749856345	0.214360099327	0.384893076378	0.398671592791	0.0337246627015	0.0344834853911	0.220026125161	0.219052071774	0.2272552557	0.356712554409	0.238470078921	0.244838682241	0.244439003403	0.202066455307	0.204374450808	0.23831269986	0.240927130866	0.239153523712	0.0	0.201283191082	0.0189056101287	0.206715154035	0.205126245991	0.2217523999	0.2133026771	0.214874869811	0.236126313886	0.203810192171	0.202667429233	0.0567269663295	0.214860058671	0.215265144861	0.44718483453	0.0453870759865	0.215014591495	0.213159162953	0.203001200572	0.215986890643	0.211082330035	0.214808299949	0.214418006004	0.214755433625	0.251338392785
686765762-stool3.freeze11.snv.filtered.bam	0.122780568253	0.122706003984	0.138560069753	0.389110488289	0.429718660741	0.216262994744	0.217441574091	0.0671300266234	0.0675189726682	0.0905036145507	0.330885355582	0.253331723141	0.259656404395	0.25929908652	0.12628556755	0.128376000775	0.24075285446	0.257437054383	0.255534923867	0.201283191082	0.0	0.203070978442	0.0562310862876	0.0284532613279	0.0650683225524	0.0687506967912	0.0689038321343	0.195900287934	0.127083427029	0.040743208498	0.171336526268	0.05814676304	0.0579326911102	0.452753899913	0.214733629405	0.0646394705667	0.0621156245514	0.0290237474933	0.133712408934	0.142778555291	0.140479822903	0.140381572116	0.139915349514	0.263900081545
737052003-stool2.freeze11.snv.filtered.bam	0.222290489004	0.222408624668	0.212051457497	0.38569468762	0.40066399051	0.027238730281	0.0280004668117	0.222335956273	0.221699591136	0.22866048967	0.35787720729	0.23661761563	0.242532209679	0.242055275835	0.198398762613	0.200652388647	0.234997813287	0.236570006105	0.234691881787	0.0189056101287	0.203070978442	0.0	0.207929662481	0.205416270969	0.223556689103	0.215575680081	0.216188589643	0.235417773819	0.20484705586	0.202947962905	0.0590343990095	0.215638031682	0.216166898406	0.448987729822	0.0396498549814	0.215438597654	0.213384269952	0.204309077078	0.214040233407	0.211556675038	0.213216570114	0.213359416348	0.213228351869	0.252174992451
763496533-stool2.freeze11.snv.filtered.bam	0.141138246099	0.141289967351	0.156623980278	0.37176953844	0.415516635564	0.222413722554	0.223014151306	0.0805040493585	0.0803814273667	0.0924033716076	0.320108764361	0.24366009053	0.250836240419	0.250473634218	0.147538483697	0.149984341668	0.250175009912	0.248103642813	0.247747796617	0.206715154035	0.0562310862876	0.207929662481	0.0	0.0608526284783	0.0859238738128	0.0795808048072	0.080250272518	0.201444785337	0.146223884606	0.0656142483191	0.175273589062	0.0724404740987	0.072371153984	0.442286964233	0.220125757607	0.0781136551288	0.0770887747246	0.0627690994562	0.151741796039	0.15408224651	0.154859009283	0.15434580796	0.155474780679	0.267575518951
763759525-stool2.freeze11.snv.filtered.bam	0.129255790575	0.129101450828	0.145978038529	0.390732643627	0.427023446291	0.219221558043	0.219787041784	0.0712810180327	0.0716883055606	0.0940284337368	0.330818547265	0.250460167395	0.256929739521	0.256595590202	0.130676475764	0.133126248494	0.244705164856	0.253565204428	0.253452120626	0.205126245991	0.0284532613279	0.205416270969	0.0608526284783	0.0	0.0773745427607	0.0631808588311	0.0626592417272	0.196467510643	0.132995844318	0.0451998809496	0.171345549802	0.0529177759525	0.0526188968972	0.451368044567	0.215708161989	0.0587493578618	0.0580872398221	0.0126369998798	0.140429738338	0.151417787512	0.144788713981	0.144488989486	0.145508367499	0.267417183084
763820215-stool1.freeze11.snv.filtered.bam	0.155775218186	0.15566405275	0.168779011916	0.363827125627	0.413956582169	0.23744748838	0.237711239327	0.0443038590917	0.0445150738074	0.0963872811927	0.318663082083	0.264500140637	0.271417997125	0.271023994175	0.156788143372	0.159103959408	0.26118869785	0.265801812951	0.26648949942	0.2217523999	0.0650683225524	0.223556689103	0.0859238738128	0.0773745427607	0.0	0.0792200925105	0.0800175391577	0.216294640318	0.156129420661	0.085460405299	0.193694048407	0.0714315829708	0.0714710185312	0.432429257221	0.234259392444	0.0763530006791	0.075906775001	0.0788496650951	0.156808854615	0.167355721938	0.166033654059	0.16562112499	0.167091487702	0.274855641849
763840445-stool1.freeze11.snv.filtered.bam	0.150492344384	0.150742295173	0.162657270692	0.371125616723	0.413196662219	0.228537801433	0.229089214179	0.0686259748911	0.0688840138747	0.0919410653387	0.317070908669	0.258050242557	0.265189432582	0.264875613264	0.148989352506	0.15176188665	0.252317004917	0.260743233912	0.260702762577	0.2133026771	0.0687506967912	0.215575680081	0.0795808048072	0.0631808588311	0.0792200925105	0.0	0.00441787413562	0.21257959579	0.150902710145	0.0814774971344	0.185906725883	0.0212604717471	0.0213714321336	0.436090773931	0.227058230241	0.0293615392824	0.0284642035236	0.063804539524	0.153798550075	0.162717640929	0.156963776015	0.156142834216	0.158253449373	0.268387136324
763840445-stool2.freeze11.snv.filtered.bam	0.150869647718	0.151088940772	0.163579357149	0.374178898629	0.416064232225	0.228414749547	0.228820820054	0.0691386769189	0.069547101968	0.0928873136888	0.320389467831	0.25885542219	0.265554912323	0.26526944304	0.149386069925	0.152040822548	0.252770147615	0.260414253742	0.26066068543	0.214874869811	0.0689038321343	0.216188589643	0.080250272518	0.0626592417272	0.0800175391577	0.00441787413562	0.0	0.213363537527	0.151196327183	0.0812920340666	0.187140770551	0.0206807967749	0.0206385116067	0.438411257895	0.226558122553	0.028799728162	0.0279906223759	0.0641251850555	0.154227855615	0.164370285474	0.157773838643	0.15732086869	0.158981661364	0.269204367586
763860675-stool2.freeze11.snv.filtered.bam	0.242180552963	0.242312594222	0.242589537612	0.373984803796	0.412174639713	0.233404456585	0.233705126662	0.2143075958	0.214366835403	0.221231531203	0.348595613899	0.212245222018	0.21413772892	0.213955306071	0.232059939337	0.233457919263	0.214265066329	0.220862933441	0.22081237214	0.236126313886	0.195900287934	0.235417773819	0.201444785337	0.196467510643	0.216294640318	0.21257959579	0.213363537527	0.0	0.237295116317	0.197346427524	0.22642934592	0.208412643707	0.20787289353	0.432651841133	0.235931414277	0.209546527063	0.20905369949	0.196301204377	0.244267311325	0.232045404057	0.237903741578	0.23806899617	0.238406439399	0.23239493701
763961826-stool2.freeze11.snv.filtered.bam	0.147364571019	0.147506011144	0.104262132681	0.392998620503	0.429492160096	0.225672288304	0.225932324328	0.156357857675	0.156411446812	0.169988122803	0.353019556819	0.270123019737	0.275640661075	0.27531643652	0.0647480900676	0.0651474587474	0.252326270355	0.271171777116	0.271316028288	0.203810192171	0.127083427029	0.20484705586	0.146223884606	0.132995844318	0.156129420661	0.150902710145	0.151196327183	0.237295116317	0.0	0.138565403214	0.191549923725	0.149033070815	0.149149177037	0.455451238061	0.220599093492	0.15068111556	0.150711767715	0.13422898483	0.0951800001217	0.109257820151	0.102623559974	0.102628434926	0.10244968567	0.273444351776
764062976-stool1.freeze11.snv.filtered.bam	0.131001548337	0.131052505471	0.149040789606	0.384617687632	0.420681483475	0.217570133307	0.217887777709	0.080884465814	0.0810933850932	0.0908156500563	0.326519517454	0.255267987508	0.261260295815	0.260953158853	0.138282046837	0.14039868462	0.244916530992	0.257091653679	0.257716519905	0.202667429233	0.040743208498	0.202947962905	0.0656142483191	0.0451998809496	0.085460405299	0.0814774971344	0.0812920340666	0.197346427524	0.138565403214	0.0	0.165906384559	0.0734942451875	0.0733383942529	0.445644016435	0.214764983021	0.0769576420261	0.0765640551753	0.0464557523982	0.145094960314	0.151163969	0.151224620247	0.150728010547	0.152310120585	0.271316184646
764062976-stool2.freeze11.snv.filtered.bam	0.201464260425	0.201555954212	0.202620149343	0.379591398431	0.398442500442	0.0762287330993	0.0766485723068	0.192237632929	0.191872238058	0.198640209769	0.340336595301	0.239893716304	0.246561268616	0.246162059508	0.188685775964	0.191047465189	0.237899265563	0.240980841294	0.241231776887	0.0567269663295	0.171336526268	0.0590343990095	0.175273589062	0.171345549802	0.193694048407	0.185906725883	0.187140770551	0.22642934592	0.191549923725	0.165906384559	0.0	0.184917421294	0.185326927977	0.442577001459	0.081533438047	0.186432482787	0.185898725849	0.170459028313	0.201945358201	0.200657228615	0.200939051187	0.200042876626	0.202262127716	0.253941008008
764305738-stool1.freeze11.snv.filtered.bam	0.146128791364	0.146131130834	0.159777272323	0.373203849617	0.414847362275	0.230497422115	0.231332146694	0.0577445693626	0.0580330498332	0.08290938659	0.314506706078	0.256118373124	0.263649454242	0.263285756532	0.147337006574	0.150205616856	0.248095875017	0.259406288036	0.258344342296	0.214860058671	0.05814676304	0.215638031682	0.0724404740987	0.0529177759525	0.0714315829708	0.0212604717471	0.0206807967749	0.208412643707	0.149033070815	0.0734942451875	0.184917421294	0.0	0.00337953288275	0.436494860466	0.228777264086	0.0171007841255	0.0150826367491	0.0536594181567	0.152199917756	0.160099972826	0.156300893994	0.155785523413	0.156852785856	0.263926572481
764305738-stool2.freeze11.snv.filtered.bam	0.146722362514	0.146714868708	0.160645167108	0.374194653897	0.41581649566	0.230343313339	0.231148667177	0.0576204455504	0.057971260808	0.0832851440908	0.316033267809	0.256363137006	0.263659875746	0.26327601412	0.147722672791	0.150512129761	0.248333528173	0.259597298143	0.2586005981	0.215265144861	0.0579326911102	0.216166898406	0.072371153984	0.0526188968972	0.0714710185312	0.0213714321336	0.0206385116067	0.20787289353	0.149149177037	0.0733383942529	0.185326927977	0.00337953288275	0.0	0.437343369734	0.228345197393	0.0168740847566	0.0149369270633	0.0535056875321	0.152760931442	0.160638685118	0.156788659142	0.156344674938	0.157267594316	0.263763481421
764325968-stool1.freeze11.snv.filtered.bam	0.439683733563	0.440463906135	0.445100808066	0.275540888498	0.0500405701014	0.456141411141	0.456262074354	0.43480596262	0.434325566227	0.423516805121	0.286236861491	0.439160107345	0.443182518464	0.442793199351	0.45669583413	0.459475552846	0.437443911611	0.440804726766	0.441712122041	0.44718483453	0.452753899913	0.448987729822	0.442286964233	0.451368044567	0.432429257221	0.436090773931	0.438411257895	0.432651841133	0.455451238061	0.445644016435	0.442577001459	0.436494860466	0.437343369734	0.0	0.456384873692	0.432344777414	0.43105594102	0.452513099637	0.446344444553	0.438338729973	0.450255353252	0.45133824144	0.45207696524	0.437601445877
764447348-stool1.freeze11.snv.filtered.bam	0.23050370826	0.230456073814	0.228898666795	0.395849360329	0.408606136165	0.0233249660627	0.0230370244018	0.232623272982	0.232568873747	0.236919694582	0.370961562524	0.242778769165	0.245635981135	0.245522889639	0.215203570871	0.216723768937	0.236935807032	0.239792063148	0.240511578961	0.0453870759865	0.214733629405	0.0396498549814	0.220125757607	0.215708161989	0.234259392444	0.227058230241	0.226558122553	0.235931414277	0.220599093492	0.214764983021	0.081533438047	0.228777264086	0.228345197393	0.456384873692	0.0	0.227371509782	0.227443991542	0.216053147854	0.229703695789	0.22740659632	0.226980208144	0.227021540034	0.22801550532	0.251878880775
764508039-stool1.freeze11.snv.filtered.bam	0.149080505327	0.148873810927	0.162864570363	0.368658568104	0.410834258076	0.229352607147	0.229855036045	0.0625952884546	0.0629228442295	0.0857829867249	0.314532392713	0.258167092178	0.2651879496	0.264835487393	0.150708761705	0.153895161435	0.251746412066	0.260917551856	0.260899281121	0.215014591495	0.0646394705667	0.215438597654	0.0781136551288	0.0587493578618	0.0763530006791	0.0293615392824	0.028799728162	0.209546527063	0.15068111556	0.0769576420261	0.186432482787	0.0171007841255	0.0168740847566	0.432344777414	0.227371509782	0.0	0.00310324251306	0.0605886103595	0.154302933012	0.161250820812	0.159859016337	0.159526050943	0.160969882416	0.268808344276
764508039-stool3.freeze11.snv.filtered.bam	0.148586177659	0.148439292802	0.160282097469	0.367483473545	0.409752009582	0.227649747274	0.228756050532	0.0615560024325	0.0619212610744	0.0855626210791	0.31175387732	0.256355448296	0.263414283505	0.263029836411	0.148860163723	0.152059937061	0.250071653379	0.260907848995	0.259058913004	0.213159162953	0.0621156245514	0.213384269952	0.0770887747246	0.0580872398221	0.075906775001	0.0284642035236	0.0279906223759	0.20905369949	0.150711767715	0.0765640551753	0.185898725849	0.0150826367491	0.0149369270633	0.43105594102	0.227443991542	0.00310324251306	0.0	0.0595122182917	0.153627806968	0.159645702664	0.158577312212	0.15842641239	0.158544279653	0.26671427425
764669880-stool2.freeze11.snv.filtered.bam	0.130608064996	0.13056695404	0.147032030092	0.390229004954	0.42723845668	0.218345966468	0.218993165503	0.0727688341083	0.0730611270924	0.0935909158616	0.329610096022	0.249161389489	0.256552504728	0.256139830068	0.131423254974	0.133928349023	0.243664392145	0.253084978122	0.252728431255	0.203001200572	0.0290237474933	0.204309077078	0.0627690994562	0.0126369998798	0.0788496650951	0.063804539524	0.0641251850555	0.196301204377	0.13422898483	0.0464557523982	0.170459028313	0.0536594181567	0.0535056875321	0.452513099637	0.216053147854	0.0605886103595	0.0595122182917	0.0	0.143517663483	0.153145982503	0.146606678078	0.145481485395	0.147270362666	0.267438239517
765013792-stool1.freeze11.snv.filtered.bam	0.156114395995	0.156417493362	0.117507094671	0.378879583101	0.424261121193	0.233386062091	0.233843076346	0.160649896888	0.160702920938	0.17563019295	0.351192520629	0.271701618144	0.275613592071	0.275201376091	0.0969629862863	0.0978066097843	0.259051360403	0.267846581317	0.267660440594	0.215986890643	0.133712408934	0.214040233407	0.151741796039	0.140429738338	0.156808854615	0.153798550075	0.154227855615	0.244267311325	0.0951800001217	0.145094960314	0.201945358201	0.152199917756	0.152760931442	0.446344444553	0.229703695789	0.154302933012	0.153627806968	0.143517663483	0.0	0.0960820707829	0.114138671462	0.114879496907	0.1138163616	0.278218857451
765074482-stool3.freeze11.snv.filtered.bam	0.167676885061	0.168159663089	0.12503091527	0.37368224562	0.411374292325	0.229537420854	0.230535126048	0.170809217896	0.170366645447	0.173121708551	0.334729059386	0.252452752829	0.258124076467	0.257826456642	0.110790952885	0.112584063915	0.224386733333	0.255105110136	0.253347433213	0.211082330035	0.142778555291	0.211556675038	0.15408224651	0.151417787512	0.167355721938	0.162717640929	0.164370285474	0.232045404057	0.109257820151	0.151163969	0.200657228615	0.160099972826	0.160638685118	0.438338729973	0.22740659632	0.161250820812	0.159645702664	0.153145982503	0.0960820707829	0.0	0.128047214766	0.128696519125	0.127519545498	0.255320407184
765094712-stool1.freeze11.snv.filtered.bam	0.151003358048	0.151339175052	0.0462150240985	0.387891800426	0.426520852185	0.229719161911	0.230309487037	0.166532264239	0.16653555678	0.18167568075	0.351879447329	0.261490685508	0.267103807636	0.266603357074	0.0978410384169	0.0990135939462	0.256045037442	0.264403376884	0.263829705391	0.214808299949	0.140479822903	0.213216570114	0.154859009283	0.144788713981	0.166033654059	0.156963776015	0.157773838643	0.237903741578	0.102623559974	0.151224620247	0.200939051187	0.156300893994	0.156788659142	0.450255353252	0.226980208144	0.159859016337	0.158577312212	0.146606678078	0.114138671462	0.128047214766	0.0	0.00447980021984	0.00281066851645	0.265434893574
765094712-stool2.freeze11.snv.filtered.bam	0.150640546554	0.151070161047	0.0467036861837	0.388425218746	0.42728881425	0.229947950625	0.230412984799	0.166185573173	0.166282542735	0.181695914928	0.352413449149	0.261234100002	0.267808479127	0.267290877511	0.0981577473742	0.099366453323	0.257038605052	0.264848267155	0.26445940583	0.214418006004	0.140381572116	0.213359416348	0.15434580796	0.144488989486	0.16562112499	0.156142834216	0.15732086869	0.23806899617	0.102628434926	0.150728010547	0.200042876626	0.155785523413	0.156344674938	0.45133824144	0.227021540034	0.159526050943	0.15842641239	0.145481485395	0.114879496907	0.128696519125	0.00447980021984	0.0	0.0032359726478	0.266632179465
765094712-stool3.freeze11.snv.filtered.bam	0.151122690475	0.151520351269	0.044324791942	0.389958433573	0.42873652332	0.229575789696	0.230558911207	0.167409170854	0.167475469847	0.183820308052	0.353010789388	0.260886921469	0.266140054306	0.265630418948	0.0964792678076	0.0976186794667	0.255380055979	0.264743021702	0.262769553989	0.214755433625	0.139915349514	0.213228351869	0.155474780679	0.145508367499	0.167091487702	0.158253449373	0.158981661364	0.238406439399	0.10244968567	0.152310120585	0.202262127716	0.156852785856	0.157267594316	0.45207696524	0.22801550532	0.160969882416	0.158544279653	0.147270362666	0.1138163616	0.127519545498	0.00281066851645	0.0032359726478	0.0	0.264875683932
765135172-stool3.freeze11.snv.filtered.bam	0.280374359749	0.280773646521	0.267631121128	0.371675500736	0.415137137605	0.250018636554	0.250664115318	0.274641350178	0.274596057351	0.280558240886	0.366975740547	0.220926280516	0.222260259491	0.222123393053	0.269961246243	0.27082857614	0.148034233007	0.227745958936	0.225605145141	0.251338392785	0.263900081545	0.252174992451	0.267575518951	0.267417183084	0.274855641849	0.268387136324	0.269204367586	0.23239493701	0.273444351776	0.271316184646	0.253941008008	0.263926572481	0.263763481421	0.437601445877	0.251878880775	0.268808344276	0.26671427425	0.267438239517	0.278218857451	0.255320407184	0.265434893574	0.266632179465	0.264875683932	0.0
