	158499257-stool2.freeze11.snv.filtered.bam	159369152-stool1.freeze11.snv.filtered.bam	159490532-stool1.freeze11.snv.filtered.bam	159490532-stool2.freeze11.snv.filtered.bam	159551223-stool1.freeze11.snv.filtered.bam	159551223-stool2.freeze11.snv.filtered.bam	159571453-stool1.freeze11.snv.filtered.bam	159571453-stool2.freeze11.snv.filtered.bam	159591683-stool1.freeze11.snv.filtered.bam	159591683-stool2.freeze11.snv.filtered.bam	160421117-stool1.freeze11.snv.filtered.bam	160421117-stool2.freeze11.snv.filtered.bam	160421117-stool3.freeze11.snv.filtered.bam	246515023-stool1.freeze11.snv.filtered.bam	246515023-stool2.freeze11.snv.filtered.bam	246515023-stool3.freeze11.snv.filtered.bam	604812005-stool3.freeze11.snv.filtered.bam	763536994-stool2.freeze11.snv.filtered.bam	763860675-stool2.freeze11.snv.filtered.bam	764042746-stool2.freeze11.snv.filtered.bam	764325968-stool1.freeze11.snv.filtered.bam	764588959-stool1.freeze11.snv.filtered.bam	765074482-stool3.freeze11.snv.filtered.bam
158499257-stool2.freeze11.snv.filtered.bam	0.0	0.327528690683	0.270386745623	0.273371534373	0.273259804313	0.272413848143	0.271775390656	0.26414582369	0.27400999186	0.274951716653	0.306714976616	0.292844487718	0.290338542082	0.261991029672	0.262469872787	0.256580102472	0.263204098897	0.269397136518	0.271615776284	0.230866227195	0.227370672455	0.243220379563	0.242597883513
159369152-stool1.freeze11.snv.filtered.bam	0.327528690683	0.0	0.311503407767	0.314344543583	0.319053167547	0.318207211377	0.305869020447	0.304017493735	0.311519369204	0.312461093997	0.257027022713	0.252669550366	0.251839555634	0.304879411342	0.305326331583	0.298941756716	0.30449633685	0.313147435795	0.304959218528	0.276404207435	0.3033151905	0.309875341176	0.318638170181
159490532-stool1.freeze11.snv.filtered.bam	0.270386745623	0.311503407767	0.0	1.59614371678e-05	0.0427447287354	0.0419785797513	0.116678105697	0.121115385229	0.117587907615	0.118465786659	0.189286683373	0.17487350561	0.17251121291	0.12528132033	0.125552664762	0.1225199917	0.00486823833618	0.12804264896	0.116534452762	0.10256819524	0.211265582353	0.245710363761	0.202790059217
159490532-stool2.freeze11.snv.filtered.bam	0.273371534373	0.314344543583	1.59614371678e-05	0.0	0.0430001117301	0.042233962746	0.119375588578	0.123812868111	0.120141737562	0.121019616606	0.192351279309	0.177938101547	0.175559847409	0.128329954829	0.128569376387	0.125584587636	0.00490016121052	0.130708208967	0.119184051332	0.105074140876	0.214090756732	0.248631306763	0.205934462339
159551223-stool1.freeze11.snv.filtered.bam	0.273259804313	0.319053167547	0.0427447287354	0.0430001117301	0.0	0.0	0.149446936202	0.153836331423	0.150229046623	0.151106925668	0.200108537773	0.187435156662	0.185312285518	0.155193053583	0.155496320889	0.152399802078	0.0415316595106	0.161242438269	0.149191553207	0.134331455204	0.218815342133	0.216309396498	0.214234409666
159551223-stool2.freeze11.snv.filtered.bam	0.272413848143	0.318207211377	0.0419785797513	0.042233962746	0.0	0.0	0.148632902907	0.153038259565	0.149383090453	0.150292892372	0.199294504477	0.186637084803	0.18451421366	0.154379020287	0.154682287593	0.15160173022	0.0407974334009	0.160396482099	0.148425404223	0.133533383346	0.217953424526	0.215782669072	0.213388453496
159571453-stool1.freeze11.snv.filtered.bam	0.271775390656	0.305869020447	0.116678105697	0.119375588578	0.149446936202	0.148632902907	0.0	0.0127053039856	0.0383712949514	0.0392332125585	0.136182981916	0.122551914574	0.120141737562	0.106606438844	0.10668624603	0.104754912132	0.109607189031	0.0474373912627	0.00375093773443	0.0756891350497	0.191058402899	0.234377743372	0.17262294297
159571453-stool2.freeze11.snv.filtered.bam	0.26414582369	0.304017493735	0.121115385229	0.123812868111	0.153836331423	0.153038259565	0.0127053039856	0.0	0.0569982921262	0.0578442482961	0.147531563742	0.133868573526	0.131442435077	0.119487318638	0.119630971573	0.117045218751	0.114331774433	0.0661441956234	0.0230004309588	0.0832388948301	0.190116678106	0.233930823131	0.166557596846
159591683-stool1.freeze11.snv.filtered.bam	0.27400999186	0.311519369204	0.117587907615	0.120141737562	0.150229046623	0.149383090453	0.0383712949514	0.0569982921262	0.0	1.59614371678e-05	0.143972163254	0.130277250164	0.127739381654	0.104451644826	0.104595297761	0.102919346858	0.110485068076	0.0464637435955	0.037668991716	0.0722574260586	0.18761073247	0.237059264816	0.176246189207
159591683-stool2.freeze11.snv.filtered.bam	0.274951716653	0.312461093997	0.118465786659	0.121019616606	0.151106925668	0.150292892372	0.0392332125585	0.0578442482961	1.59614371678e-05	0.0	0.144850042298	0.131155129208	0.128617260698	0.105457215368	0.105600868302	0.103908955962	0.11136294712	0.0470064324592	0.0385149478859	0.0730076136055	0.188297074269	0.237841375237	0.177171952563
160421117-stool1.freeze11.snv.filtered.bam	0.306714976616	0.257027022713	0.189286683373	0.192351279309	0.200108537773	0.199294504477	0.136182981916	0.147531563742	0.143972163254	0.144850042298	0.0	0.0	0.0	0.177666757115	0.177906178672	0.174219086687	0.182550956888	0.141881214985	0.135544524429	0.128441684889	0.241017701234	0.268902331966	0.219804951238
160421117-stool2.freeze11.snv.filtered.bam	0.292844487718	0.252669550366	0.17487350561	0.177938101547	0.187435156662	0.186637084803	0.122551914574	0.133868573526	0.130277250164	0.131155129208	0.0	0.0	1.59614371678e-05	0.162407623182	0.16264704474	0.159055721377	0.168217586311	0.128393800578	0.121897495651	0.115209653477	0.227195096647	0.256771639718	0.206987917192
160421117-stool3.freeze11.snv.filtered.bam	0.290338542082	0.251839555634	0.17251121291	0.175559847409	0.185312285518	0.18451421366	0.120141737562	0.131442435077	0.127739381654	0.128617260698	0.0	1.59614371678e-05	0.0	0.159933600421	0.160173021979	0.15661362149	0.165839332173	0.126047469314	0.119503280075	0.11305485946	0.224816842508	0.254106079711	0.204928891797
246515023-stool1.freeze11.snv.filtered.bam	0.261991029672	0.304879411342	0.12528132033	0.128329954829	0.155193053583	0.154379020287	0.106606438844	0.119487318638	0.104451644826	0.105457215368	0.177666757115	0.162407623182	0.159933600421	0.0	0.0	1.59614371678e-05	0.11626310833	0.117571946178	0.104914526504	0.0939490191697	0.191233978707	0.232254872229	0.196453368661
246515023-stool2.freeze11.snv.filtered.bam	0.262469872787	0.305326331583	0.125552664762	0.128569376387	0.155496320889	0.154682287593	0.10668624603	0.119630971573	0.104595297761	0.105600868302	0.177906178672	0.16264704474	0.160173021979	0.0	0.0	0.0	0.116518491325	0.117699637675	0.105058179438	0.0941086335414	0.191680898948	0.232526216661	0.196804520279
246515023-stool3.freeze11.snv.filtered.bam	0.256580102472	0.298941756716	0.1225199917	0.125584587636	0.152399802078	0.15160173022	0.104754912132	0.117045218751	0.102919346858	0.103908955962	0.174219086687	0.159055721377	0.15661362149	1.59614371678e-05	0.0	0.0	0.113597548323	0.115337344975	0.103206652727	0.0920974924582	0.187866115465	0.227482402516	0.191648976074
604812005-stool3.freeze11.snv.filtered.bam	0.263204098897	0.30449633685	0.00486823833618	0.00490016121052	0.0415316595106	0.0407974334009	0.109607189031	0.114331774433	0.110485068076	0.11136294712	0.182550956888	0.168217586311	0.165839332173	0.11626310833	0.116518491325	0.113597548323	0.0	0.121003655169	0.109463536097	0.096454964805	0.204051012753	0.238128681106	0.195591451054
763536994-stool2.freeze11.snv.filtered.bam	0.269397136518	0.313147435795	0.12804264896	0.130708208967	0.161242438269	0.160396482099	0.0474373912627	0.0661441956234	0.0464637435955	0.0470064324592	0.141881214985	0.128393800578	0.126047469314	0.117571946178	0.117699637675	0.115337344975	0.121003655169	0.0	0.0472139311424	0.0833665863274	0.207482721744	0.24566247945	0.171649295303
763860675-stool2.freeze11.snv.filtered.bam	0.271615776284	0.304959218528	0.116534452762	0.119184051332	0.149191553207	0.148425404223	0.00375093773443	0.0230004309588	0.037668991716	0.0385149478859	0.135544524429	0.121897495651	0.119503280075	0.104914526504	0.105058179438	0.103206652727	0.109463536097	0.0472139311424	0.0	0.0751624076232	0.19077109703	0.233547748639	0.172447367161
764042746-stool2.freeze11.snv.filtered.bam	0.230866227195	0.276404207435	0.10256819524	0.105074140876	0.134331455204	0.133533383346	0.0756891350497	0.0832388948301	0.0722574260586	0.0730076136055	0.128441684889	0.115209653477	0.11305485946	0.0939490191697	0.0941086335414	0.0920974924582	0.096454964805	0.0833665863274	0.0751624076232	0.0	0.177379451246	0.21054731768	0.163413193724
764325968-stool1.freeze11.snv.filtered.bam	0.227370672455	0.3033151905	0.211265582353	0.214090756732	0.218815342133	0.217953424526	0.191058402899	0.190116678106	0.18761073247	0.188297074269	0.241017701234	0.227195096647	0.224816842508	0.191233978707	0.191680898948	0.187866115465	0.204051012753	0.207482721744	0.19077109703	0.177379451246	0.0	0.199613733221	0.236500614515
764588959-stool1.freeze11.snv.filtered.bam	0.243220379563	0.309875341176	0.245710363761	0.248631306763	0.216309396498	0.215782669072	0.234377743372	0.233930823131	0.237059264816	0.237841375237	0.268902331966	0.256771639718	0.254106079711	0.232254872229	0.232526216661	0.227482402516	0.238128681106	0.24566247945	0.233547748639	0.21054731768	0.199613733221	0.0	0.244289795853
765074482-stool3.freeze11.snv.filtered.bam	0.242597883513	0.318638170181	0.202790059217	0.205934462339	0.214234409666	0.213388453496	0.17262294297	0.166557596846	0.176246189207	0.177171952563	0.219804951238	0.206987917192	0.204928891797	0.196453368661	0.196804520279	0.191648976074	0.195591451054	0.171649295303	0.172447367161	0.163413193724	0.236500614515	0.244289795853	0.0
