	158499257-stool2.freeze11.snv.filtered.bam	159369152-stool1.freeze11.snv.filtered.bam	159490532-stool1.freeze11.snv.filtered.bam	159490532-stool2.freeze11.snv.filtered.bam	159551223-stool1.freeze11.snv.filtered.bam	159551223-stool2.freeze11.snv.filtered.bam	159571453-stool1.freeze11.snv.filtered.bam	159571453-stool2.freeze11.snv.filtered.bam	159591683-stool1.freeze11.snv.filtered.bam	159591683-stool2.freeze11.snv.filtered.bam	160421117-stool1.freeze11.snv.filtered.bam	160421117-stool2.freeze11.snv.filtered.bam	160421117-stool3.freeze11.snv.filtered.bam	246515023-stool1.freeze11.snv.filtered.bam	246515023-stool2.freeze11.snv.filtered.bam	246515023-stool3.freeze11.snv.filtered.bam	604812005-stool3.freeze11.snv.filtered.bam	763536994-stool2.freeze11.snv.filtered.bam	763860675-stool2.freeze11.snv.filtered.bam	764042746-stool2.freeze11.snv.filtered.bam	764325968-stool1.freeze11.snv.filtered.bam	764588959-stool1.freeze11.snv.filtered.bam	765074482-stool3.freeze11.snv.filtered.bam
158499257-stool2.freeze11.snv.filtered.bam	0.0	0.395716133986	0.28726150492	0.287884485966	0.286905513357	0.28721933527	0.284883175901	0.280768160083	0.287852891017	0.288246108521	0.321496569689	0.313792178883	0.312841100846	0.275476005858	0.277075261208	0.275358586927	0.282453375649	0.285536347048	0.286231828255	0.283259007561	0.256435239043	0.267664218043	0.261490430623
159369152-stool1.freeze11.snv.filtered.bam	0.395716133986	0.0	0.368086722278	0.368192260228	0.372296268422	0.372382683839	0.35780687111	0.35856680753	0.363801281406	0.364244501168	0.300584557409	0.302679085342	0.303253602009	0.356303001273	0.357393574007	0.357223311455	0.364559609641	0.369461425074	0.357437430737	0.372277607731	0.380018825532	0.378688257657	0.381893827995
159490532-stool1.freeze11.snv.filtered.bam	0.28726150492	0.368086722278	0.0	0.00339462869315	0.0467355066822	0.0471011529961	0.123796701014	0.127974538227	0.122423311205	0.122924503507	0.194714830035	0.183560934575	0.182053132563	0.130180505162	0.13187249322	0.129272662717	0.00731173139247	0.134019164667	0.121660368831	0.124048679603	0.232546900044	0.263704591497	0.214142503079
159490532-stool2.freeze11.snv.filtered.bam	0.287884485966	0.368192260228	0.00339462869315	0.0	0.0464947406902	0.04684456869	0.125379999237	0.129660891126	0.123821757917	0.124127728435	0.195937148029	0.185248918431	0.183733087834	0.132167078739	0.133610132801	0.131414283226	0.00757983439729	0.135712450379	0.123279104545	0.126159312245	0.233620917051	0.264356613726	0.215648607421
159551223-stool1.freeze11.snv.filtered.bam	0.286905513357	0.372296268422	0.0467355066822	0.0464947406902	0.0	0.003492810427	0.15508163669	0.159443455273	0.153572151449	0.153665566932	0.203206305849	0.194499438876	0.193350705142	0.158836249631	0.16031064603	0.158644595877	0.0451795174743	0.166149431022	0.153159131798	0.159997219444	0.238065786101	0.229899472035	0.223648239842
159551223-stool2.freeze11.snv.filtered.bam	0.28721933527	0.372382683839	0.0471011529961	0.04684456869	0.003492810427	0.0	0.155192008909	0.159653123303	0.153699041879	0.153923634823	0.203406896475	0.194956365797	0.193787036738	0.158892107741	0.160017330182	0.158974323965	0.0457516741772	0.16626559004	0.153398227701	0.159928713033	0.238289621993	0.230344818812	0.22404811139
159571453-stool1.freeze11.snv.filtered.bam	0.284883175901	0.35780687111	0.123796701014	0.125379999237	0.15508163669	0.155192008909	0.0	0.0212152306219	0.0475963785536	0.0480103682589	0.14327607541	0.132104168311	0.13031487641	0.114134461753	0.115351932835	0.113760368381	0.117551199033	0.0569926098447	0.0132011594106	0.095017502617	0.209423460463	0.249657126176	0.180420479401
159571453-stool2.freeze11.snv.filtered.bam	0.280768160083	0.35856680753	0.127974538227	0.129660891126	0.159443455273	0.159653123303	0.0212152306219	0.0	0.0614691302108	0.06212238523	0.152412520198	0.141092481117	0.139314348804	0.123698105368	0.125103016912	0.123052754272	0.121820751256	0.0709646665538	0.0277983163638	0.101602523441	0.209843291733	0.250638436944	0.176670316013
159591683-stool1.freeze11.snv.filtered.bam	0.287852891017	0.363801281406	0.122423311205	0.123821757917	0.153572151449	0.153699041879	0.0475963785536	0.0614691302108	0.0	0.00329163785608	0.147417868441	0.136122024225	0.134194072171	0.108156601415	0.109593116353	0.108031860413	0.115905025318	0.050362128427	0.0414477720059	0.0877568334474	0.204631941506	0.251680510666	0.184626346219
159591683-stool2.freeze11.snv.filtered.bam	0.288246108521	0.364244501168	0.122924503507	0.124127728435	0.153665566932	0.153923634823	0.0480103682589	0.06212238523	0.00329163785608	0.0	0.147658247884	0.13679024866	0.134882175685	0.108832993502	0.110102625271	0.108846052786	0.116630921369	0.0507660670574	0.0419444332606	0.0884559502396	0.205040658708	0.251816474982	0.1853089391
160421117-stool1.freeze11.snv.filtered.bam	0.321496569689	0.300584557409	0.194714830035	0.195937148029	0.203206305849	0.203406896475	0.14327607541	0.152412520198	0.147417868441	0.147658247884	0.0	0.00293493265264	0.00289757847874	0.181139380757	0.182343826752	0.180979407969	0.189701077848	0.146725226701	0.139431607326	0.153159926157	0.261830667568	0.284678455917	0.229431788454
160421117-stool2.freeze11.snv.filtered.bam	0.313792178883	0.302679085342	0.183560934575	0.185248918431	0.194499438876	0.194956365797	0.132104168311	0.141092481117	0.136122024225	0.13679024866	0.00293493265264	0.0	0.000708399316552	0.16898634779	0.171078779396	0.167866599644	0.177557119508	0.135231759041	0.127942482565	0.140123312095	0.252312764318	0.278217961748	0.219835656114
160421117-stool3.freeze11.snv.filtered.bam	0.312841100846	0.303253602009	0.182053132563	0.183733087834	0.193350705142	0.193787036738	0.13031487641	0.139314348804	0.134194072171	0.134882175685	0.00289757847874	0.000708399316552	0.0	0.167328231056	0.169430393195	0.166176405405	0.176015069472	0.133484288569	0.126131264494	0.138330674695	0.250905789351	0.276881937067	0.218794394548
246515023-stool1.freeze11.snv.filtered.bam	0.275476005858	0.356303001273	0.130180505162	0.132167078739	0.158836249631	0.158892107741	0.114134461753	0.123698105368	0.108156601415	0.108832993502	0.181139380757	0.16898634779	0.167328231056	0.0	0.00530057822449	0.00238214632871	0.12184817421	0.122182287422	0.108926372862	0.112816315	0.20855376446	0.246767061036	0.205450584336
246515023-stool2.freeze11.snv.filtered.bam	0.277075261208	0.357393574007	0.13187249322	0.133610132801	0.16031064603	0.160017330182	0.115351932835	0.125103016912	0.109593116353	0.110102625271	0.182343826752	0.171078779396	0.169430393195	0.00530057822449	0.0	0.00462857763735	0.124031842482	0.123776056778	0.110309944365	0.114254097967	0.210333701457	0.247984791767	0.207557940728
246515023-stool3.freeze11.snv.filtered.bam	0.275358586927	0.357223311455	0.129272662717	0.131414283226	0.158644595877	0.158974323965	0.113760368381	0.123052754272	0.108031860413	0.108846052786	0.180979407969	0.167866599644	0.166176405405	0.00238214632871	0.00462857763735	0.0	0.120246210777	0.121614878171	0.108619193999	0.11192552855	0.208894574418	0.246766860898	0.203815945433
604812005-stool3.freeze11.snv.filtered.bam	0.282453375649	0.364559609641	0.00731173139247	0.00757983439729	0.0451795174743	0.0457516741772	0.117551199033	0.121820751256	0.115905025318	0.116630921369	0.189701077848	0.177557119508	0.176015069472	0.12184817421	0.124031842482	0.120246210777	0.0	0.127630140228	0.115247445626	0.117606702149	0.226757981463	0.257867546332	0.208050049358
763536994-stool2.freeze11.snv.filtered.bam	0.285536347048	0.369461425074	0.134019164667	0.135712450379	0.166149431022	0.16626559004	0.0569926098447	0.0709646665538	0.050362128427	0.0507660670574	0.146725226701	0.135231759041	0.133484288569	0.122182287422	0.123776056778	0.121614878171	0.127630140228	0.0	0.0513094183817	0.10134880974	0.228205218119	0.263373570851	0.181298135218
763860675-stool2.freeze11.snv.filtered.bam	0.286231828255	0.357437430737	0.121660368831	0.123279104545	0.153159131798	0.153398227701	0.0132011594106	0.0277983163638	0.0414477720059	0.0419444332606	0.139431607326	0.127942482565	0.126131264494	0.108926372862	0.110309944365	0.108619193999	0.115247445626	0.0513094183817	0.0	0.0913286907191	0.208700362941	0.248869295529	0.181286544799
764042746-stool2.freeze11.snv.filtered.bam	0.283259007561	0.372277607731	0.124048679603	0.126159312245	0.159997219444	0.159928713033	0.095017502617	0.101602523441	0.0877568334474	0.0884559502396	0.153159926157	0.140123312095	0.138330674695	0.112816315	0.114254097967	0.11192552855	0.117606702149	0.10134880974	0.0913286907191	0.0	0.22490424608	0.261832259175	0.199616908805
764325968-stool1.freeze11.snv.filtered.bam	0.256435239043	0.380018825532	0.232546900044	0.233620917051	0.238065786101	0.238289621993	0.209423460463	0.209843291733	0.204631941506	0.205040658708	0.261830667568	0.252312764318	0.250905789351	0.20855376446	0.210333701457	0.208894574418	0.226757981463	0.228205218119	0.208700362941	0.22490424608	0.0	0.227062456438	0.264182611802
764588959-stool1.freeze11.snv.filtered.bam	0.267664218043	0.378688257657	0.263704591497	0.264356613726	0.229899472035	0.230344818812	0.249657126176	0.250638436944	0.251680510666	0.251816474982	0.284678455917	0.278217961748	0.276881937067	0.246767061036	0.247984791767	0.246766860898	0.257867546332	0.263373570851	0.248869295529	0.261832259175	0.227062456438	0.0	0.266521187658
765074482-stool3.freeze11.snv.filtered.bam	0.261490430623	0.381893827995	0.214142503079	0.215648607421	0.223648239842	0.22404811139	0.180420479401	0.176670316013	0.184626346219	0.1853089391	0.229431788454	0.219835656114	0.218794394548	0.205450584336	0.207557940728	0.203815945433	0.208050049358	0.181298135218	0.181286544799	0.199616908805	0.264182611802	0.266521187658	0.0
