	158499257-tonguedorsum2.freeze11.snv.filtered.bam	158883629-tonguedorsum1.freeze11.snv.filtered.bam	158883629-tonguedorsum2.freeze11.snv.filtered.bam	158883629-tonguedorsum3.freeze11.snv.filtered.bam	158944319-tonguedorsum1.freeze11.snv.filtered.bam	158944319-tonguedorsum2.freeze11.snv.filtered.bam	159207311-tonguedorsum3.freeze11.snv.filtered.bam	159227541-tonguedorsum2.freeze11.snv.filtered.bam	159227541-tonguedorsum3.freeze11.snv.filtered.bam	159551223-tonguedorsum1.freeze11.snv.filtered.bam	159551223-tonguedorsum2.freeze11.snv.filtered.bam	159591683-tonguedorsum1.freeze11.snv.filtered.bam	159611913-tonguedorsum1.freeze11.snv.filtered.bam	159611913-tonguedorsum2.freeze11.snv.filtered.bam	160319967-tonguedorsum1.freeze11.snv.filtered.bam	160319967-tonguedorsum2.freeze11.snv.filtered.bam	160319967-tonguedorsum3.freeze11.snv.filtered.bam	160380657-tonguedorsum1.freeze11.snv.filtered.bam	160421117-tonguedorsum2.freeze11.snv.filtered.bam	160421117-tonguedorsum3.freeze11.snv.filtered.bam	160502038-tonguedorsum3.freeze11.snv.filtered.bam	160582958-tonguedorsum2.freeze11.snv.filtered.bam	160582958-tonguedorsum3.freeze11.snv.filtered.bam	160603188-tonguedorsum1.freeze11.snv.filtered.bam	160603188-tonguedorsum2.freeze11.snv.filtered.bam	160603188-tonguedorsum3.freeze11.snv.filtered.bam	246515023-tonguedorsum1.freeze11.snv.filtered.bam	246515023-tonguedorsum2.freeze11.snv.filtered.bam	508703490-tonguedorsum1.freeze11.snv.filtered.bam	550534656-tonguedorsum1.freeze11.snv.filtered.bam	550534656-tonguedorsum2.freeze11.snv.filtered.bam	550534656-tonguedorsum3.freeze11.snv.filtered.bam	638754422-tonguedorsum1.freeze11.snv.filtered.bam	638754422-tonguedorsum3.freeze11.snv.filtered.bam	663835652-tonguedorsum2.freeze11.snv.filtered.bam	663835652-tonguedorsum3.freeze11.snv.filtered.bam	675950834-tonguedorsum1.freeze11.snv.filtered.bam	675950834-tonguedorsum2.freeze11.snv.filtered.bam	675950834-tonguedorsum3.freeze11.snv.filtered.bam	737052003-tonguedorsum1.freeze11.snv.filtered.bam	737052003-tonguedorsum2.freeze11.snv.filtered.bam	763536994-tonguedorsum2.freeze11.snv.filtered.bam	763536994-tonguedorsum3.freeze11.snv.filtered.bam	763577454-tonguedorsum1.freeze11.snv.filtered.bam	763577454-tonguedorsum2.freeze11.snv.filtered.bam	763820215-tonguedorsum2.freeze11.snv.filtered.bam	763901136-tonguedorsum1.freeze11.snv.filtered.bam	763901136-tonguedorsum2.freeze11.snv.filtered.bam	763901136-tonguedorsum3.freeze11.snv.filtered.bam	763982056-tonguedorsum1.freeze11.snv.filtered.bam	763982056-tonguedorsum2.freeze11.snv.filtered.bam	763982056-tonguedorsum3.freeze11.snv.filtered.bam	764143897-tonguedorsum1.freeze11.snv.filtered.bam	764143897-tonguedorsum2.freeze11.snv.filtered.bam	764224817-tonguedorsum1.freeze11.snv.filtered.bam	764285508-tonguedorsum2.freeze11.snv.filtered.bam	764305738-tonguedorsum1.freeze11.snv.filtered.bam	764325968-tonguedorsum1.freeze11.snv.filtered.bam	764325968-tonguedorsum2.freeze11.snv.filtered.bam	764366428-tonguedorsum2.freeze11.snv.filtered.bam	764811490-tonguedorsum1.freeze11.snv.filtered.bam	764811490-tonguedorsum2.freeze11.snv.filtered.bam	765013792-tonguedorsum3.freeze11.snv.filtered.bam	765074482-tonguedorsum1.freeze11.snv.filtered.bam	765074482-tonguedorsum3.freeze11.snv.filtered.bam	765094712-tonguedorsum1.freeze11.snv.filtered.bam	765094712-tonguedorsum2.freeze11.snv.filtered.bam	765135172-tonguedorsum1.freeze11.snv.filtered.bam	823052294-tonguedorsum1.freeze11.snv.filtered.bam	823052294-tonguedorsum3.freeze11.snv.filtered.bam	857980665-tonguedorsum2.freeze11.snv.filtered.bam	857980665-tonguedorsum3.freeze11.snv.filtered.bam
158499257-tonguedorsum2.freeze11.snv.filtered.bam	0.0	0.192858145082	0.188742341331	0.192378747486	0.134582105608	0.137119405079	0.180861512558	0.145187315841	0.168981806277	0.1842991441	0.187725083018	0.177201721154	0.183901594874	0.19827183013	0.173834245358	0.130641691221	0.186789673074	0.184404377719	0.211823581685	0.209672138815	0.196354239746	0.173471774005	0.180943360928	0.182860951312	0.175962302979	0.180919975679	0.188052476498	0.166888826528	0.181060287171	0.187912165006	0.192086431879	0.190250689865	0.167391609373	0.195769608531	0.18495393106	0.191969505636	0.166421121557	0.192647677845	0.171460642627	0.172816987045	0.171063093401	0.172466208316	0.181867078247	0.192647677845	0.192285206492	0.180919975679	0.18157476264	0.154833730883	0.167485150367	0.167660539732	0.161171133249	0.177552499883	0.225422103737	0.209029044479	0.14265001637	0.149992984425	0.160142182311	0.163837051588	0.164269678687	0.187666619896	0.19636593237	0.172770216547	0.238798465928	0.221972779571	0.259739956036	0.132582666854	0.135856601656	0.186906599317	0.145503016697	0.136908937842	0.173904401104	0.17065385155
158883629-tonguedorsum1.freeze11.snv.filtered.bam	0.192858145082	0.0	0.0	0.0	0.135505822927	0.138405593751	0.193290772181	0.148917262991	0.170957859782	0.182288012722	0.186064730368	0.194471727234	0.192273513867	0.207228380338	0.187444460035	0.137060941958	0.19149010804	0.192320284365	0.212840839998	0.211122024227	0.20322950283	0.189280202049	0.196108694635	0.0549319489266	0.0568378466863	0.0562181375988	0.0488751695431	0.0418712875918	0.188742341331	0.17776296712	0.182252934849	0.180171647725	0.171893269725	0.205041859595	0.0644731303494	0.0634558720359	0.158131050933	0.179867639493	0.160376034797	0.194085870633	0.19239044011	0.17272344605	0.181948926617	0.0590945231748	0.0593400682849	0.18677798045	0.190063607876	0.171238482765	0.177938356485	0.179867639493	0.172220663206	0.186824750947	0.233805715355	0.216898180628	0.153839857818	0.167251297881	0.169601515364	0.169566437491	0.170057527712	0.195173284692	0.201194986203	0.17800851223	0.24446938871	0.22273280015	0.261154763575	0.136698470605	0.13900191759	0.199815256536	0.154459566905	0.145362705206	0.189689443899	0.185994574622
158883629-tonguedorsum2.freeze11.snv.filtered.bam	0.188742341331	0.0	0.0	0.0	0.13156540854	0.134476871989	0.188917730695	0.144766381367	0.166678359291	0.178370983584	0.182089238109	0.19015714887	0.188461718348	0.20306580609	0.183024648052	0.132910060334	0.187701697769	0.187888779758	0.208877040363	0.207076376222	0.198575838361	0.184989008933	0.191875964642	0.0529558954212	0.0541953135962	0.0537860717459	0.0479982227211	0.0413451194986	0.184743463823	0.173495159254	0.177950049109	0.175868761985	0.167403301997	0.200844207474	0.0623567653524	0.0621229128666	0.153769702072	0.175389364389	0.15602637856	0.189736214396	0.188192787989	0.168584257051	0.177727889247	0.0577615640054	0.057983723867	0.183188344792	0.185678873766	0.166561433048	0.173495159254	0.175506290632	0.168186707825	0.182299705346	0.229046817268	0.212279594032	0.149653898321	0.163544735981	0.165064777139	0.165310322249	0.165544174735	0.19116271456	0.19702071933	0.174149946214	0.240447125953	0.21892100463	0.256840185211	0.1326528226	0.134944576961	0.19495112483	0.150051447547	0.141129975212	0.185176090922	0.181457836397
158883629-tonguedorsum3.freeze11.snv.filtered.bam	0.192378747486	0.0	0.0	0.0	0.134979654834	0.137902810907	0.192600907348	0.148402787522	0.17040830644	0.181785229877	0.185538562275	0.193945559141	0.191864272017	0.206807445863	0.186836443571	0.136593236986	0.191197792433	0.191747345774	0.212373135026	0.210712782377	0.202644871615	0.188812497077	0.195699452785	0.0544759365792	0.0563701417146	0.0556218137599	0.0490388662831	0.0421168327019	0.188391562602	0.177260184276	0.181750152004	0.179657172256	0.171460642627	0.204562461999	0.0645199008465	0.0636897245218	0.157593190216	0.179353164024	0.159803096207	0.193407698424	0.191829194144	0.172208970581	0.181399373275	0.0590477526776	0.0592816051635	0.186848136196	0.189432206164	0.170630466302	0.177306954773	0.179470090267	0.171799728731	0.18645058697	0.233291239886	0.216430475656	0.153337074973	0.166771900285	0.16918058089	0.169145503017	0.169379355503	0.19486927646	0.200598662364	0.17751742201	0.244258921472	0.222288480427	0.260640288106	0.136289228755	0.13851082737	0.199230625322	0.153839857818	0.144836537112	0.189058042187	0.185316402413
158944319-tonguedorsum1.freeze11.snv.filtered.bam	0.134582105608	0.135505822927	0.13156540854	0.134979654834	0.0	0.00208128712408	0.131471867546	0.0925588139002	0.111886721856	0.137832655161	0.141457368692	0.137762499415	0.138393901127	0.152448435527	0.126128338244	0.0774987138113	0.131881109396	0.112015340723	0.152027501052	0.146602123381	0.115277582901	0.127040362939	0.136616622235	0.119966325242	0.109653430616	0.115581591132	0.130618305973	0.111068238155	0.129121650063	0.134967962209	0.139107151209	0.137072634582	0.103666806978	0.136850474721	0.116236378093	0.134336560498	0.101129507507	0.123263645293	0.103678499602	0.13810158552	0.136394462373	0.0948154903887	0.10255600767	0.12908657219	0.1285136336	0.130068752631	0.121883915626	0.102906786399	0.107887844348	0.108203545204	0.10519854076	0.115347738646	0.174746270053	0.159580936345	0.0858823254291	0.108110004209	0.102275384687	0.0994106917357	0.0940320845611	0.135201814695	0.14404143866	0.109723586362	0.186742902577	0.163708432721	0.196810252093	0.0811000420934	0.0824914643843	0.124479678219	0.0839764276694	0.0860811000421	0.127929002385	0.124503063468
158944319-tonguedorsum2.freeze11.snv.filtered.bam	0.137119405079	0.138405593751	0.134476871989	0.137902810907	0.00208128712408	0.0	0.135973527899	0.0899864365558	0.109805434732	0.140931200599	0.144602684627	0.139259155325	0.141585987559	0.155441747346	0.130150601001	0.0725761189841	0.130887236331	0.0966980028998	0.154611571021	0.14777138581	0.0959379823208	0.127788690894	0.138335438006	0.121591600019	0.10751368037	0.114996959918	0.133892240775	0.113664000748	0.131600486413	0.137844347785	0.142065385155	0.139902249661	0.0993639212385	0.137715728918	0.114353865582	0.137598802675	0.0961133716851	0.12205930499	0.0996094663486	0.139305925822	0.137809269913	0.078843365605	0.0856835508161	0.130793695337	0.130092137879	0.132243580749	0.119907862121	0.0989663720125	0.104017585707	0.105292081755	0.105058229269	0.111699639867	0.1764533932	0.161100977503	0.0847130629999	0.113219681025	0.0994925401057	0.0967330807726	0.08975258407	0.137727421542	0.14619288153	0.0994925401057	0.190578083345	0.168794724288	0.203135961835	0.0779079556616	0.0796501566812	0.123380571535	0.0789018287264	0.0834268743277	0.130115523128	0.126666198962
159207311-tonguedorsum3.freeze11.snv.filtered.bam	0.180861512558	0.193290772181	0.188917730695	0.192600907348	0.131471867546	0.135973527899	0.0	0.145807024929	0.168736261166	0.183831439128	0.18751461578	0.172290818951	0.187362611665	0.201826387915	0.0829357841074	0.131015855199	0.185550254899	0.185725644264	0.215354754221	0.213179926103	0.199300781067	0.168268556195	0.175634909499	0.182779102942	0.176079229222	0.180195032973	0.188999579066	0.167952855339	0.182428324213	0.183714512885	0.187701697769	0.185865955755	0.166561433048	0.201346990319	0.187058603433	0.193664936158	0.165883260839	0.189560825032	0.169250736635	0.187725083018	0.186181656611	0.171390486881	0.180370422338	0.192846452458	0.192448903232	0.180709508442	0.183281885786	0.151700107572	0.167952855339	0.166350965811	0.159171694495	0.178406061456	0.225410411113	0.208865347739	0.137879425658	0.149256349095	0.161124362752	0.164830924653	0.166198961695	0.195360366681	0.198119826014	0.17454749544	0.238751695431	0.219493943221	0.256641410598	0.134055937515	0.13777419204	0.18462653758	0.151594873954	0.143024180347	0.172583134559	0.16934427763
159227541-tonguedorsum2.freeze11.snv.filtered.bam	0.145187315841	0.148917262991	0.144766381367	0.148402787522	0.0925588139002	0.0899864365558	0.145807024929	0.0	0.000222159861559	0.111699639867	0.114880033675	0.146917824236	0.152179505168	0.166292502689	0.141270286703	0.0909218464992	0.151361021468	0.152202890417	0.175997380852	0.170665544175	0.153442308592	0.139972405407	0.149560357327	0.132477433235	0.121638370516	0.128197932744	0.145666713437	0.125216313549	0.146122725785	0.147514148075	0.151629951826	0.149700668818	0.122515317338	0.157979046817	0.133377765306	0.149466816332	0.119159534166	0.14480145924	0.121918993499	0.154015247182	0.152039193677	0.137996351901	0.146929516861	0.146777512745	0.146251344652	0.147701230064	0.138300360133	0.113289836771	0.123357186287	0.126163416117	0.123497497778	0.131039240447	0.196237313503	0.17999625836	0.0983583555493	0.124818764323	0.123205182171	0.11949862027	0.114272017212	0.157242411487	0.163918899958	0.131962957766	0.209882606052	0.188391562602	0.224182685562	0.0661100977503	0.0670338150695	0.147256910341	0.103128946261	0.103678499602	0.139247462701	0.135727982788
159227541-tonguedorsum3.freeze11.snv.filtered.bam	0.168981806277	0.170957859782	0.166678359291	0.17040830644	0.111886721856	0.109805434732	0.168736261166	0.000222159861559	0.0	0.124386137225	0.127543145784	0.169940601469	0.175588139002	0.190320845611	0.164994621393	0.110822693045	0.176430007951	0.175681679996	0.202948879847	0.197932744025	0.177552499883	0.164772461531	0.173904401104	0.155909452317	0.143433422197	0.152413357654	0.167450072494	0.146648893878	0.170630466302	0.169437818624	0.173658855994	0.171916654974	0.144637762499	0.186462279594	0.159253542865	0.171881577101	0.142474627005	0.171834806604	0.147677844815	0.177365417894	0.175810298863	0.160609887283	0.169730134231	0.169847060474	0.169449511248	0.171998503344	0.164035826201	0.133564847294	0.144719610869	0.149104344979	0.147806463683	0.15289275525	0.220709976147	0.203779056171	0.118422898835	0.148052008793	0.144579299378	0.14156260231	0.137470183808	0.182428324213	0.186310275478	0.154740189888	0.234039567841	0.212419905524	0.25008184837	0.0786095131191	0.0799775501614	0.176348159581	0.124234133109	0.124000280623	0.162013002198	0.1582596698
159551223-tonguedorsum1.freeze11.snv.filtered.bam	0.1842991441	0.182288012722	0.178370983584	0.181785229877	0.137832655161	0.140931200599	0.183831439128	0.111699639867	0.124386137225	0.0	8.18483700482e-05	0.183387119405	0.191279640803	0.205568027688	0.178698377064	0.139878864412	0.195196669941	0.192086431879	0.215728918198	0.214173799167	0.200434965624	0.182896029185	0.189689443899	0.173705626491	0.168233478322	0.172980683785	0.178335905711	0.158481829662	0.183878209625	0.18702352556	0.191186099808	0.189397128291	0.173202843646	0.201370375567	0.175880454609	0.181761844628	0.162784715402	0.185070857303	0.165357092746	0.195149899443	0.193255694308	0.177494036762	0.186590898461	0.182358168467	0.182054160236	0.186520742715	0.188964501193	0.165894953463	0.175810298863	0.176511856321	0.168186707825	0.184614844956	0.228859735279	0.212805762125	0.145479631448	0.163521350732	0.165146625509	0.167578691361	0.167368224124	0.194764042842	0.199160469576	0.177833122866	0.239067396286	0.216465553529	0.252665918339	0.105525934241	0.108554323932	0.194565268229	0.153033066741	0.145795332304	0.182977877555	0.179727328001
159551223-tonguedorsum2.freeze11.snv.filtered.bam	0.187725083018	0.186064730368	0.182089238109	0.185538562275	0.141457368692	0.144602684627	0.18751461578	0.114880033675	0.127543145784	8.18483700482e-05	0.0	0.186672746831	0.194471727234	0.209064122352	0.182182779103	0.1433866517	0.198774612974	0.195676067537	0.219037930873	0.217365885599	0.204036293906	0.186415509097	0.193173845938	0.177610963005	0.172173892708	0.176874327674	0.181972311866	0.161732379215	0.18710537393	0.190893784201	0.195079743698	0.193314157429	0.17669893831	0.204761236612	0.17958701651	0.185374865535	0.166514662551	0.188707263458	0.168818109537	0.198751227726	0.196915485712	0.180873205182	0.190098685749	0.186181656611	0.185936111501	0.189934989009	0.192507366353	0.169531359618	0.179446705018	0.179937795239	0.171285253262	0.188134324868	0.23264814555	0.21644216828	0.149174500725	0.166795285534	0.168479023432	0.171051400776	0.170840933539	0.198002899771	0.202609793742	0.181071979795	0.242388101586	0.218991160376	0.255717693279	0.108671250175	0.111664561994	0.198306908002	0.156365464665	0.149197885974	0.186649361583	0.183328656284
159591683-tonguedorsum1.freeze11.snv.filtered.bam	0.177201721154	0.194471727234	0.19015714887	0.193945559141	0.137762499415	0.139259155325	0.172290818951	0.146917824236	0.169940601469	0.183387119405	0.186672746831	0.0	0.183211730041	0.197710584164	0.167485150367	0.133787007156	0.191139329311	0.188473410972	0.215202750105	0.213179926103	0.199815256536	0.055504887517	0.0643912819793	0.183223422665	0.176652167813	0.181235676535	0.187654927272	0.166561433048	0.183328656284	0.188590337215	0.192787989336	0.190776857958	0.170548617932	0.201452223937	0.186485664843	0.193127075441	0.168829802161	0.193091997568	0.172197277957	0.176254618587	0.175050278284	0.172384359946	0.181715074131	0.191875964642	0.191384874421	0.182182779103	0.169157195641	0.0669987371966	0.141995229409	0.167859314345	0.159896637201	0.176722323558	0.228520649175	0.211706655442	0.143503577943	0.15545343997	0.166222346944	0.164281371311	0.164947850896	0.193688321407	0.195898227398	0.172606519807	0.241078527665	0.226848603901	0.265188718956	0.132945138207	0.136745241102	0.187421074786	0.148297553903	0.139516393059	0.171261868014	0.168058088957
159611913-tonguedorsum1.freeze11.snv.filtered.bam	0.183901594874	0.192273513867	0.188461718348	0.191864272017	0.138393901127	0.141585987559	0.187362611665	0.152179505168	0.175588139002	0.191279640803	0.194471727234	0.183211730041	0.0	1.16926242926e-05	0.181995697114	0.13537720406	0.18710537393	0.187304148543	0.209695524063	0.207497310696	0.198482297367	0.178452831954	0.18528132454	0.182323090594	0.175377671765	0.179926102614	0.187385996913	0.16792947009	0.180814742061	0.188976193817	0.193091997568	0.191127636687	0.170455076937	0.200984518965	0.185655488518	0.192296899116	0.171144941771	0.19355970254	0.173693933867	0.189362050419	0.187806931388	0.17552967588	0.184334221973	0.192530751602	0.192027968757	0.181890463496	0.181785229877	0.159779710958	0.168806416912	0.17247790094	0.165474018989	0.180522426453	0.22387867733	0.208573032131	0.149665590945	0.163006875263	0.164105981947	0.16561433048	0.165731256723	0.193933866517	0.195535756045	0.174512417567	0.236962723914	0.221774004958	0.258243300126	0.138884991347	0.141995229409	0.191361489173	0.149712361442	0.141761376923	0.178990692671	0.175506290632
159611913-tonguedorsum2.freeze11.snv.filtered.bam	0.19827183013	0.207228380338	0.20306580609	0.206807445863	0.152448435527	0.155441747346	0.201826387915	0.166292502689	0.190320845611	0.205568027688	0.209064122352	0.197710584164	1.16926242926e-05	0.0	0.196237313503	0.149268041719	0.201428838689	0.201534072307	0.223574669099	0.221446611477	0.213215003975	0.192951686076	0.199838641785	0.196190543005	0.189876525887	0.19437818624	0.201826387915	0.180230110846	0.194612038726	0.203580281558	0.207918245171	0.205907113793	0.184848697442	0.215904307563	0.200481736121	0.207052990973	0.185316402413	0.20818717553	0.187163837052	0.203662129928	0.202071933025	0.189210046303	0.198400448997	0.207204995089	0.206737290117	0.195266825686	0.195652682288	0.174173331463	0.183188344792	0.18710537393	0.178441139329	0.195570833918	0.237909826481	0.222042935316	0.163521350732	0.176488471072	0.178686684439	0.179902717366	0.180113184603	0.208081941911	0.20933305271	0.188029091249	0.251204340302	0.23463589168	0.272929236238	0.15289275525	0.155383284224	0.205907113793	0.163977363079	0.155593751462	0.192542444226	0.18901127169
160319967-tonguedorsum1.freeze11.snv.filtered.bam	0.173834245358	0.187444460035	0.183024648052	0.186836443571	0.126128338244	0.130150601001	0.0829357841074	0.141270286703	0.164994621393	0.178698377064	0.182182779103	0.167485150367	0.181995697114	0.196237313503	0.0	0.123135026425	0.17694448342	0.180604274823	0.209812450306	0.207859782049	0.195360366681	0.164012440952	0.171121556522	0.177903278612	0.170688929423	0.174816425799	0.184532996586	0.163673354848	0.178090360601	0.180686123193	0.184860390066	0.182977877555	0.163041953136	0.195851456901	0.181142135541	0.18759646415	0.162679481783	0.184801926944	0.164643842664	0.182662176699	0.181036901922	0.165520789486	0.174149946214	0.187374304289	0.186789673074	0.176067536598	0.178791918058	0.148075394041	0.163322576119	0.162211776811	0.154938964501	0.173740704364	0.225118095505	0.208654880501	0.133576539919	0.143187877087	0.159651092091	0.160177260184	0.161638838221	0.18892942332	0.194261259997	0.171285253262	0.236635330434	0.216781254385	0.253870258641	0.131167859314	0.134336560498	0.181048594547	0.145982414293	0.13611383939	0.162784715402	0.15975632571
160319967-tonguedorsum2.freeze11.snv.filtered.bam	0.130641691221	0.137060941958	0.132910060334	0.136593236986	0.0774987138113	0.0725761189841	0.131015855199	0.0909218464992	0.110822693045	0.139878864412	0.1433866517	0.133787007156	0.13537720406	0.149268041719	0.123135026425	0.0	0.0320144053131	0.128291473738	0.155897759693	0.150916701745	0.133015293953	0.123275337917	0.13314391282	0.122679014078	0.111968570226	0.118130583228	0.133342687433	0.113359992517	0.126666198962	0.135026425331	0.139539778308	0.137388335438	0.104742528413	0.137096019831	0.1194167719	0.136640007483	0.106741967167	0.128712408213	0.107490295122	0.136464618119	0.134792572845	0.11206211122	0.121591600019	0.132056498761	0.131623871662	0.127063748188	0.122807632945	0.101842757589	0.109840512605	0.108355549319	0.105233618633	0.115102193536	0.177809737618	0.162036387447	0.0891328749825	0.107899536972	0.1024741593	0.101889528086	0.097984191572	0.13883822085	0.145795332304	0.112015340723	0.185947804125	0.16792947009	0.202644871615	0.0814508208222	0.0833099480847	0.126712969459	0.0856601655676	0.0861278705393	0.127765305645	0.124175669987
160319967-tonguedorsum3.freeze11.snv.filtered.bam	0.186789673074	0.19149010804	0.187701697769	0.191197792433	0.131881109396	0.130887236331	0.185550254899	0.151361021468	0.176430007951	0.195196669941	0.198774612974	0.191139329311	0.18710537393	0.201428838689	0.17694448342	0.0320144053131	0.0	0.174313642954	0.215307983724	0.212805762125	0.196295776624	0.18470838595	0.1913264113	0.182077545484	0.174886581544	0.179680557504	0.188227865862	0.16743837987	0.183422197278	0.188999579066	0.193021841822	0.191221177681	0.171168327019	0.199534633553	0.185211168795	0.191583649034	0.166830363407	0.190718394837	0.170139376082	0.192519058978	0.191443337543	0.161019129133	0.169952294093	0.188906038071	0.188508488845	0.180487348581	0.185082549928	0.165158318133	0.172419437819	0.169870445723	0.163603199102	0.178920536925	0.230765633039	0.214536270521	0.150753005004	0.162632711286	0.163673354848	0.164655535288	0.165146625509	0.192881530331	0.199838641785	0.174348720827	0.244352462467	0.22330573874	0.260827370095	0.139528085684	0.142498012254	0.1900753005	0.150776390253	0.141048126842	0.183258500538	0.179809176372
160380657-tonguedorsum1.freeze11.snv.filtered.bam	0.184404377719	0.192320284365	0.187888779758	0.191747345774	0.112015340723	0.0966980028998	0.185725644264	0.152202890417	0.175681679996	0.192086431879	0.195676067537	0.188473410972	0.187304148543	0.201534072307	0.180604274823	0.128291473738	0.174313642954	0.0	0.209777372433	0.207871474674	0.17686263505	0.185409943408	0.192086431879	0.180347037089	0.173308077265	0.177587577756	0.18628689023	0.165240166503	0.177575885132	0.183480660399	0.187912165006	0.185889341004	0.164620457415	0.197698891539	0.183305271035	0.189888218512	0.167052523268	0.185713951639	0.165520789486	0.189291894673	0.187502923156	0.108542631308	0.114318787709	0.1822295496	0.181843692998	0.17975071325	0.183223422665	0.166000187082	0.171098171274	0.170314765446	0.163041953136	0.175857069361	0.219844721949	0.204083064403	0.150788082877	0.162866563772	0.160142182311	0.159966792947	0.160072026566	0.188017398625	0.193442776297	0.165018006641	0.238856929049	0.217482811842	0.254431504607	0.134243019503	0.136733548478	0.187140451803	0.146099340536	0.136967400963	0.178604836069	0.175097048782
160421117-tonguedorsum2.freeze11.snv.filtered.bam	0.211823581685	0.212840839998	0.208877040363	0.212373135026	0.152027501052	0.154611571021	0.215354754221	0.175997380852	0.202948879847	0.215728918198	0.219037930873	0.215202750105	0.209695524063	0.223574669099	0.209812450306	0.155897759693	0.215307983724	0.209777372433	0.0	0.000257237734437	0.206105888406	0.207146531968	0.213671016323	0.202434404378	0.195652682288	0.200154342641	0.209403208456	0.187584771526	0.196471165988	0.209099200224	0.213355315467	0.211414339834	0.183936672747	0.214360881156	0.206211122024	0.213238389224	0.183387119405	0.206620363874	0.186076422992	0.206421589261	0.204866470231	0.1942144895	0.20355689631	0.211215565221	0.211122024227	0.196377624994	0.194167719003	0.185129320425	0.180195032973	0.187163837052	0.180300266592	0.192507366353	0.224404845424	0.209449978953	0.171133249146	0.190285767738	0.156926710631	0.175377671765	0.175553061129	0.195559141294	0.201346990319	0.180370422338	0.227094149011	0.205988962163	0.239020625789	0.154903886628	0.158855993639	0.207625929564	0.086396800898	0.0868878911183	0.206164351527	0.202890416725
160421117-tonguedorsum3.freeze11.snv.filtered.bam	0.209672138815	0.211122024227	0.207076376222	0.210712782377	0.146602123381	0.14777138581	0.213179926103	0.170665544175	0.197932744025	0.214173799167	0.217365885599	0.213179926103	0.207497310696	0.221446611477	0.207859782049	0.150916701745	0.212805762125	0.207871474674	0.000257237734437	0.0	0.200259576259	0.204597539872	0.21164819232	0.199464477807	0.190554698096	0.196167157757	0.207462232824	0.185620410645	0.194845891212	0.207450540199	0.21164819232	0.209683831439	0.177073102287	0.211285720967	0.202492867499	0.21132079884	0.178265749965	0.203895982414	0.181668303634	0.203615359431	0.20214208877	0.192215050746	0.201498994434	0.209029044479	0.208795191993	0.194436649362	0.188017398625	0.178148823722	0.172138814836	0.181715074131	0.177143258033	0.185421636032	0.222417099294	0.207532388569	0.166362658435	0.188625415088	0.15115055423	0.168783031664	0.16784762172	0.194120948506	0.199441092559	0.175810298863	0.225351947991	0.204281839016	0.237301810018	0.150788082877	0.153956784061	0.203732285674	0.0803867920116	0.0816846733081	0.204492306253	0.201148215706
160502038-tonguedorsum3.freeze11.snv.filtered.bam	0.196354239746	0.20322950283	0.198575838361	0.202644871615	0.115277582901	0.0959379823208	0.199300781067	0.153442308592	0.177552499883	0.200434965624	0.204036293906	0.199815256536	0.198482297367	0.213215003975	0.195360366681	0.133015293953	0.196295776624	0.17686263505	0.206105888406	0.200259576259	0.0	0.191303026051	0.199277395819	0.185994574622	0.171706187737	0.180908283055	0.196213928254	0.174652729059	0.180101491979	0.198178289135	0.202656564239	0.200551891867	0.156014685936	0.197324727562	0.185503484402	0.200423272999	0.164000748328	0.189736214396	0.163813666339	0.195699452785	0.194471727234	0.156868247509	0.165485711613	0.197909358776	0.197500116926	0.182463402086	0.172267433703	0.159966792947	0.159183387119	0.163556428605	0.163077031009	0.165345400122	0.166175576446	0.153185070857	0.145117160095	0.175798606239	0.139609934054	0.125251391422	0.120083251485	0.187292455919	0.175927225106	0.148730181002	0.222358636172	0.198833076096	0.232367522567	0.132524203732	0.134792572845	0.185047472055	0.124888920069	0.128642252467	0.190659931715	0.186731209953
160582958-tonguedorsum2.freeze11.snv.filtered.bam	0.173471774005	0.189280202049	0.184989008933	0.188812497077	0.127040362939	0.127788690894	0.168268556195	0.139972405407	0.164772461531	0.182896029185	0.186415509097	0.055504887517	0.178452831954	0.192951686076	0.164012440952	0.123275337917	0.18470838595	0.185409943408	0.207146531968	0.204597539872	0.191303026051	0.0	0.00266591833871	0.176792479304	0.169122117768	0.174582573313	0.183492353024	0.16182592021	0.179002385295	0.184568074459	0.188730648707	0.186754595201	0.160668350405	0.192975071325	0.179867639493	0.188485103597	0.160188952809	0.187339226416	0.165824797718	0.172980683785	0.171729572985	0.168899957907	0.178289135214	0.186906599317	0.186216734484	0.176125999719	0.164901080398	0.0665544174735	0.135119966325	0.159335391235	0.154272484917	0.165801412469	0.225305177494	0.208479491137	0.133167298068	0.149420045835	0.154482952154	0.155710677705	0.15512604649	0.185585332772	0.19157195641	0.166152191198	0.23479958842	0.217950516814	0.255846312146	0.125684018521	0.129098264815	0.181679996258	0.135821523783	0.128291473738	0.165064777139	0.161767457088
160582958-tonguedorsum3.freeze11.snv.filtered.bam	0.180943360928	0.196108694635	0.191875964642	0.195699452785	0.136616622235	0.138335438006	0.175634909499	0.149560357327	0.173904401104	0.189689443899	0.193173845938	0.0643912819793	0.18528132454	0.199838641785	0.171121556522	0.13314391282	0.1913264113	0.192086431879	0.213671016323	0.21164819232	0.199277395819	0.00266591833871	0.0	0.185105935176	0.178230672092	0.183164959544	0.190496234975	0.168818109537	0.185924418877	0.191630419531	0.195804686404	0.19388709602	0.170478462186	0.20091436322	0.188637107712	0.195629297039	0.169157195641	0.196377624994	0.174828118423	0.181832000374	0.180732893691	0.176032458725	0.185351480286	0.194354800992	0.193781862401	0.182942799682	0.173951171601	0.0790889107151	0.146999672607	0.168362097189	0.162363780927	0.175108741406	0.231864739722	0.215120901735	0.143562041064	0.156365464665	0.163825358964	0.164866002526	0.164667227913	0.191665497404	0.197570272672	0.174185024087	0.24016650297	0.223855292082	0.261727702165	0.135143351574	0.139095458585	0.189899911136	0.146040877415	0.137832655161	0.172524671437	0.169250736635
160603188-tonguedorsum1.freeze11.snv.filtered.bam	0.182860951312	0.0549319489266	0.0529558954212	0.0544759365792	0.119966325242	0.121591600019	0.182779102942	0.132477433235	0.155909452317	0.173705626491	0.177610963005	0.183223422665	0.182323090594	0.196190543005	0.177903278612	0.122679014078	0.182077545484	0.180347037089	0.202434404378	0.199464477807	0.185994574622	0.176792479304	0.185105935176	0.0	0.00105233618633	0.000420934474533	0.0417660539732	0.03644590992	0.177096487536	0.1673565315	0.171717880361	0.169695056358	0.153208456106	0.193618165661	0.0543122398391	0.0561129039802	0.144240213273	0.171425564754	0.149700668818	0.181972311866	0.180440578083	0.162819793274	0.171893269725	0.0561947523502	0.0562999859689	0.177248491651	0.174863196296	0.152378279781	0.158399981292	0.162878256396	0.159323698611	0.166128805949	0.220370890043	0.204001216033	0.136873859969	0.157651653337	0.151501332959	0.152015808428	0.150940086993	0.184638230204	0.189163275806	0.162796408026	0.233267854637	0.212127589916	0.248643655582	0.122690706702	0.125216313549	0.185971189374	0.134313175249	0.128583789346	0.17743557364	0.173764089612
160603188-tonguedorsum2.freeze11.snv.filtered.bam	0.175962302979	0.0568378466863	0.0541953135962	0.0563701417146	0.109653430616	0.10751368037	0.176079229222	0.121638370516	0.143433422197	0.168233478322	0.172173892708	0.176652167813	0.175377671765	0.189876525887	0.170688929423	0.111968570226	0.174886581544	0.173308077265	0.195652682288	0.190554698096	0.171706187737	0.169122117768	0.178230672092	0.00105233618633	0.0	0.00058463121463	0.0439876525887	0.0363172910528	0.170045835087	0.161323137365	0.165672793602	0.163544735981	0.140615499743	0.183001262803	0.0521607969693	0.0573990926524	0.132325429119	0.162352088303	0.138043122398	0.174477339694	0.172863757542	0.156131612179	0.165099855011	0.0565572237033	0.0564870679575	0.170209531827	0.161007436509	0.140147794771	0.144286983771	0.149700668818	0.148052008793	0.152845984753	0.213659323699	0.197219493943	0.125286469295	0.150285300033	0.140615499743	0.138966839718	0.134161171133	0.177903278612	0.182872643936	0.15074131238	0.226006734952	0.204761236612	0.241850240868	0.112751976054	0.114447406576	0.172898835415	0.119837706375	0.119603853889	0.170525232683	0.166830363407
160603188-tonguedorsum3.freeze11.snv.filtered.bam	0.180919975679	0.0562181375988	0.0537860717459	0.0556218137599	0.115581591132	0.114996959918	0.180195032973	0.128197932744	0.152413357654	0.172980683785	0.176874327674	0.181235676535	0.179926102614	0.19437818624	0.174816425799	0.118130583228	0.179680557504	0.177587577756	0.200154342641	0.196167157757	0.180908283055	0.174582573313	0.183164959544	0.000420934474533	0.00058463121463	0.0	0.0430054721482	0.0366563771573	0.174103175717	0.165228473879	0.169636593237	0.167660539732	0.148309246527	0.189853140639	0.0537860717459	0.0571184696693	0.139680089799	0.168537486553	0.146075955287	0.178791918058	0.177225106403	0.160528038913	0.169274121884	0.0568612319349	0.0569664655535	0.174313642954	0.169870445723	0.147397221832	0.152682288013	0.157055329498	0.154670034142	0.159744633085	0.217202188859	0.20083251485	0.131764183153	0.155137739114	0.146730742248	0.1462747299	0.144205135401	0.182381553716	0.187222300173	0.15801412469	0.229818530471	0.208818577241	0.245626958515	0.118797062813	0.120445722838	0.180475655956	0.128034236004	0.124655067583	0.174781347926	0.171063093401
246515023-tonguedorsum1.freeze11.snv.filtered.bam	0.188052476498	0.0488751695431	0.0479982227211	0.0490388662831	0.130618305973	0.133892240775	0.188999579066	0.145666713437	0.167450072494	0.178335905711	0.181972311866	0.187654927272	0.187385996913	0.201826387915	0.184532996586	0.133342687433	0.188227865862	0.18628689023	0.209403208456	0.207462232824	0.196213928254	0.183492353024	0.190496234975	0.0417660539732	0.0439876525887	0.0430054721482	0.0	0.0	0.184088676863	0.174816425799	0.179364856648	0.177318647397	0.166409428932	0.203159347084	0.0437304148543	0.0436134886114	0.153606005332	0.17784481549	0.158388288668	0.189970066882	0.188262943735	0.167964547963	0.176850942426	0.0418128244703	0.0421051400776	0.180674430569	0.183352041532	0.165275244376	0.171144941771	0.17503858566	0.167800851223	0.180452270708	0.227830784341	0.2111571021	0.149618820448	0.161779149712	0.165637715729	0.165509096862	0.165965109209	0.190496234975	0.195570833918	0.172571441934	0.239628642252	0.217868668444	0.254910902203	0.133693466162	0.136452925495	0.194109255881	0.148975726112	0.139902249661	0.183094803798	0.17942331977
246515023-tonguedorsum2.freeze11.snv.filtered.bam	0.166888826528	0.0418712875918	0.0413451194986	0.0421168327019	0.111068238155	0.113664000748	0.167952855339	0.125216313549	0.146648893878	0.158481829662	0.161732379215	0.166561433048	0.16792947009	0.180230110846	0.163673354848	0.113359992517	0.16743837987	0.165240166503	0.187584771526	0.185620410645	0.174652729059	0.16182592021	0.168818109537	0.03644590992	0.0363172910528	0.0366563771573	0.0	0.0	0.163556428605	0.154190636546	0.158446751789	0.156517468781	0.14496515598	0.180744586315	0.0360483606941	0.0372643936205	0.133974089145	0.157125485244	0.138943454469	0.169426126	0.167730695477	0.148613254759	0.156798091764	0.0365394509144	0.0366096066601	0.161568682475	0.162539170291	0.143164491839	0.149618820448	0.153570927459	0.148472943267	0.15817782143	0.205076937468	0.189362050419	0.129472428792	0.143889434545	0.143655582059	0.144555914129	0.144848229737	0.169426126	0.175915532482	0.153839857818	0.217096955241	0.199055235957	0.232694916047	0.112635049811	0.115780365745	0.172770216547	0.127730227772	0.119077685796	0.162784715402	0.159276928114
508703490-tonguedorsum1.freeze11.snv.filtered.bam	0.181060287171	0.188742341331	0.184743463823	0.188391562602	0.129121650063	0.131600486413	0.182428324213	0.146122725785	0.170630466302	0.183878209625	0.18710537393	0.183328656284	0.180814742061	0.194612038726	0.178090360601	0.126666198962	0.183422197278	0.177575885132	0.196471165988	0.194845891212	0.180101491979	0.179002385295	0.185924418877	0.177096487536	0.170045835087	0.174103175717	0.184088676863	0.163556428605	0.0	0.18380805388	0.187935550255	0.186216734484	0.140346569384	0.188099246995	0.178218979468	0.185012394182	0.161381600486	0.184661615453	0.163918899958	0.182323090594	0.18040550021	0.166690051915	0.175845376736	0.186637668958	0.186088115617	0.170805855666	0.166175576446	0.157102099995	0.155383284224	0.157499649221	0.155301435854	0.107618913989	0.206947757355	0.191934427763	0.141527524438	0.159978485571	0.141913381039	0.151922267434	0.151536410832	0.175494598008	0.178803610682	0.157090407371	0.213752864693	0.198283522754	0.232472756185	0.125578784902	0.129636125532	0.183796361255	0.132465740611	0.123941817502	0.1772718769	0.174430569197
550534656-tonguedorsum1.freeze11.snv.filtered.bam	0.187912165006	0.17776296712	0.173495159254	0.177260184276	0.134967962209	0.137844347785	0.183714512885	0.147514148075	0.169437818624	0.18702352556	0.190893784201	0.188590337215	0.188976193817	0.203580281558	0.180686123193	0.135026425331	0.188999579066	0.183480660399	0.209099200224	0.207450540199	0.198178289135	0.184568074459	0.191630419531	0.1673565315	0.161323137365	0.165228473879	0.174816425799	0.154190636546	0.18380805388	0.0	0.0	0.0	0.168104859455	0.195535756045	0.171402179505	0.17768111875	0.123462419906	0.153524156962	0.137797577288	0.190928862074	0.188952808568	0.171530798372	0.181013516674	0.178242364716	0.177891585988	0.178733454937	0.179364856648	0.164561994294	0.167882699593	0.169870445723	0.162258547308	0.178873766428	0.225796267714	0.20916935597	0.152635517516	0.163661662223	0.159779710958	0.163766895842	0.16430475656	0.183340348908	0.19454188298	0.172173892708	0.234495580188	0.217330807726	0.254361348861	0.134020859642	0.137552032178	0.187245685422	0.146730742248	0.138499134746	0.184123754736	0.180779664188
550534656-tonguedorsum2.freeze11.snv.filtered.bam	0.192086431879	0.182252934849	0.177950049109	0.181750152004	0.139107151209	0.142065385155	0.187701697769	0.151629951826	0.173658855994	0.191186099808	0.195079743698	0.192787989336	0.193091997568	0.207918245171	0.184860390066	0.139539778308	0.193021841822	0.187912165006	0.213355315467	0.21164819232	0.202656564239	0.188730648707	0.195804686404	0.171717880361	0.165672793602	0.169636593237	0.179364856648	0.158446751789	0.187935550255	0.0	0.0	0.0	0.172454515692	0.199616481923	0.176009073476	0.182124315981	0.126888358823	0.157219026238	0.14123520883	0.195044665825	0.193056919695	0.175751835742	0.185374865535	0.182603713577	0.182264627473	0.183083111173	0.183796361255	0.169215658762	0.172501286189	0.174524110191	0.166257424816	0.183504045648	0.230099153454	0.213378700716	0.156926710631	0.167637154483	0.164117674571	0.168303634068	0.168864880034	0.1871872223	0.19859922361	0.176383237454	0.23866984706	0.220955521257	0.258500537861	0.138487442122	0.141889995791	0.191560263786	0.151209017352	0.143094336093	0.188344792105	0.185012394182
550534656-tonguedorsum3.freeze11.snv.filtered.bam	0.190250689865	0.180171647725	0.175868761985	0.179657172256	0.137072634582	0.139902249661	0.185865955755	0.149700668818	0.171916654974	0.189397128291	0.193314157429	0.190776857958	0.191127636687	0.205907113793	0.182977877555	0.137388335438	0.191221177681	0.185889341004	0.211414339834	0.209683831439	0.200551891867	0.186754595201	0.19388709602	0.169695056358	0.163544735981	0.167660539732	0.177318647397	0.156517468781	0.186216734484	0.0	0.0	0.0	0.170443384313	0.197839203031	0.173834245358	0.180136569852	0.125192928301	0.155523595716	0.139680089799	0.193103690192	0.191139329311	0.173810860109	0.183340348908	0.180522426453	0.180183340349	0.181282447032	0.181679996258	0.166970674898	0.170349843319	0.17247790094	0.164445068051	0.181282447032	0.228216640943	0.211531266077	0.154892194004	0.165930031336	0.162036387447	0.166163883822	0.166631588794	0.185491791778	0.196903793087	0.174453954446	0.237021187035	0.219341939105	0.256793414714	0.13619568776	0.139797016042	0.189642673402	0.148987418736	0.140767503859	0.186427201721	0.183071418549
