	158337416-stool1.freeze11.snv.filtered.bam	158337416-stool2.freeze11.snv.filtered.bam	158479027-stool1.freeze11.snv.filtered.bam	158479027-stool2.freeze11.snv.filtered.bam	158802708-stool1.freeze11.snv.filtered.bam	158802708-stool2.freeze11.snv.filtered.bam	158802708-stool3.freeze11.snv.filtered.bam	158883629-stool1.freeze11.snv.filtered.bam	158883629-stool2.freeze11.snv.filtered.bam	158883629-stool3.freeze11.snv.filtered.bam	159207311-stool2.freeze11.snv.filtered.bam	159571453-stool2.freeze11.snv.filtered.bam	159753524-stool1.freeze11.snv.filtered.bam	159753524-stool2.freeze11.snv.filtered.bam	159753524-stool3.freeze11.snv.filtered.bam	160421117-stool3.freeze11.snv.filtered.bam	160582958-stool3.freeze11.snv.filtered.bam	160603188-stool2.freeze11.snv.filtered.bam	160603188-stool3.freeze11.snv.filtered.bam	508703490-stool1.freeze11.snv.filtered.bam	508703490-stool2.freeze11.snv.filtered.bam	550534656-stool2.freeze11.snv.filtered.bam	550534656-stool3.freeze11.snv.filtered.bam	638754422-stool1.freeze11.snv.filtered.bam	706846339-stool2.freeze11.snv.filtered.bam	763496533-stool1.freeze11.snv.filtered.bam	763496533-stool2.freeze11.snv.filtered.bam	763536994-stool1.freeze11.snv.filtered.bam	763860675-stool1.freeze11.snv.filtered.bam	764062976-stool1.freeze11.snv.filtered.bam	764143897-stool2.freeze11.snv.filtered.bam	764224817-stool1.freeze11.snv.filtered.bam	764224817-stool2.freeze11.snv.filtered.bam	764508039-stool2.freeze11.snv.filtered.bam	764588959-stool1.freeze11.snv.filtered.bam	764588959-stool2.freeze11.snv.filtered.bam	765094712-stool2.freeze11.snv.filtered.bam	765094712-stool3.freeze11.snv.filtered.bam	765337473-stool2.freeze11.snv.filtered.bam	809635352-stool2.freeze11.snv.filtered.bam
158337416-stool1.freeze11.snv.filtered.bam	0.0	0.0	0.167199058507	0.165538836584	0.153496973773	0.15360205111	0.153265803631	0.14483860121	0.143493611298	0.136390383322	0.157027572293	0.111781271015	0.154127437794	0.161777067922	0.161693006052	0.148453261601	0.155073133826	0.214420813719	0.181762777404	0.147822797579	0.150407700067	0.151584566241	0.151563550773	0.00184936112979	0.155661566913	0.160495124412	0.154989071957	0.148978648285	0.221250840619	0.136495460659	0.148978648285	0.159780598521	0.15938130464	0.152488231338	0.246469401479	0.245712844654	0.257292367182	0.22421402152	0.159654505716	0.137840450572
158337416-stool2.freeze11.snv.filtered.bam	0.0	0.0	0.161608944183	0.159990753194	0.14813802959	0.148243106927	0.147906859449	0.14002605918	0.138723100202	0.131766980498	0.15126933423	0.107031775387	0.148558338937	0.156060860794	0.155976798924	0.143766812374	0.149693174176	0.207695864156	0.176130632145	0.142610961668	0.145090786819	0.146057498319	0.146015467384	0.00178631472764	0.14990332885	0.154820948218	0.1494199731	0.143787827841	0.214126597176	0.13174596503	0.1435566577	0.15360205111	0.153202757229	0.146456792199	0.238462508406	0.237853059852	0.249558675185	0.21746805649	0.154022360457	0.13262861466
158479027-stool1.freeze11.snv.filtered.bam	0.167199058507	0.161608944183	0.0	0.0	0.147948890383	0.148032952253	0.147843813046	0.152761432414	0.151584566241	0.14404001345	0.164887357095	0.117329354405	0.16444603228	0.172431909886	0.172368863484	0.15753194351	0.144124075319	0.220284129119	0.18798335575	0.142337760592	0.145595158036	0.14862138534	0.14862138534	0.165664929388	0.165097511769	0.160158876933	0.154547747142	0.144670477471	0.226546738399	0.145721250841	0.144628446537	0.164130800269	0.163815568258	0.156565232011	0.252269670477	0.251008742434	0.263723100202	0.230266476126	0.159759583053	0.133069939475
158479027-stool2.freeze11.snv.filtered.bam	0.165538836584	0.159990753194	0.0	0.0	0.146351714862	0.146414761264	0.146246637525	0.151143241426	0.149924344317	0.142358776059	0.163416274378	0.115606086079	0.162890887693	0.170771687962	0.17070864156	0.156039845326	0.142947209146	0.218602891728	0.186596334902	0.140782616005	0.143997982515	0.147087256221	0.147087256221	0.164046738399	0.163521351715	0.158708809684	0.15311869536	0.143178379287	0.22469737727	0.144313214526	0.142926193679	0.162575655683	0.162260423672	0.155010087424	0.250273201076	0.248970242098	0.262041862811	0.228942501681	0.158267484869	0.131451748487
158802708-stool1.freeze11.snv.filtered.bam	0.153496973773	0.14813802959	0.147948890383	0.146351714862	0.0	0.0	0.0	0.116719905851	0.115353900471	0.108229657028	0.153097679892	0.0905136180229	0.148159045057	0.15616593813	0.156102891728	0.145532111634	0.144733523874	0.211184431742	0.178190147949	0.00844821788837	0.00886852723605	0.0184515803631	0.0184305648958	0.151773705447	0.152698386012	0.146877101547	0.141602219233	0.0842510087424	0.213811365165	0.129371217216	0.049911735037	0.15166862811	0.151395427034	0.144229152656	0.244325823806	0.243443174176	0.253551613988	0.220557330195	0.146793039677	0.00603143913921
158802708-stool2.freeze11.snv.filtered.bam	0.15360205111	0.148243106927	0.148032952253	0.146414761264	0.0	0.0	0.0	0.116761936785	0.115395931406	0.108271687962	0.153202757229	0.0908288500336	0.148243106927	0.15616593813	0.156102891728	0.145658204438	0.144817585743	0.211331540013	0.178358271688	0.0085322797579	0.0089315736382	0.0185356422327	0.0185146267653	0.151815736382	0.152740416947	0.146961163416	0.141728312038	0.0843140551446	0.213832380632	0.129455279085	0.0500168123739	0.15175268998	0.151521519839	0.144292199059	0.244388870208	0.243485205111	0.253572629455	0.220641392065	0.146835070612	0.00607347007397
158802708-stool3.freeze11.snv.filtered.bam	0.153265803631	0.147906859449	0.147843813046	0.146246637525	0.0	0.0	0.0	0.116488735709	0.11512273033	0.107998486886	0.152992602555	0.090576664425	0.147906859449	0.155871721587	0.155808675185	0.145448049765	0.144544384667	0.21112138534	0.178148117014	0.00842720242098	0.00876344989913	0.0184095494284	0.018388533961	0.151500504371	0.15255127774	0.146666946873	0.141455110962	0.0841459314055	0.213643241426	0.129224108944	0.0497856422327	0.151479488904	0.151227303295	0.144061028917	0.244094653665	0.243212004035	0.253362474781	0.220389206456	0.146582885003	0.00594737726967
158883629-stool1.freeze11.snv.filtered.bam	0.14483860121	0.14002605918	0.152761432414	0.151143241426	0.116719905851	0.116761936785	0.116488735709	0.0	0.0	0.0	0.155472427707	0.097469737727	0.153076664425	0.161251681237	0.161167619368	0.144334229993	0.147108271688	0.214546906523	0.182225117687	0.11094065232	0.112979152656	0.118905514459	0.118905514459	0.143535642233	0.155661566913	0.158162407532	0.152341123067	0.123255716207	0.219653665098	0.132103227976	0.113084229993	0.1572167115	0.157069603228	0.150260591796	0.244283792872	0.242875756557	0.254728480161	0.221650134499	0.157258742434	0.102807666443
158883629-stool2.freeze11.snv.filtered.bam	0.143493611298	0.138723100202	0.151584566241	0.149924344317	0.115353900471	0.115395931406	0.11512273033	0.0	0.0	0.0	0.154043375925	0.0960827168796	0.15166862811	0.159696536651	0.159633490249	0.142821116342	0.145847343645	0.212970746469	0.180733019502	0.109742770679	0.111655178211	0.117539509079	0.117518493611	0.142211667787	0.154148453262	0.156502185609	0.150806993948	0.121805648958	0.218014458642	0.1308633154	0.111739240081	0.155451412239	0.155325319435	0.148663416274	0.242812710155	0.241488735709	0.252921149966	0.219842804304	0.155535474109	0.101735877606
158883629-stool3.freeze11.snv.filtered.bam	0.136390383322	0.131766980498	0.14404001345	0.142358776059	0.108229657028	0.108271687962	0.107998486886	0.0	0.0	0.0	0.145595158036	0.0895679219906	0.144481338265	0.151479488904	0.151416442502	0.135066408877	0.137987558843	0.201937626093	0.170981842636	0.10282868191	0.104657027572	0.110331203766	0.110310188299	0.13504539341	0.146162575656	0.148411230666	0.143115332885	0.114534297243	0.207296570276	0.124411566913	0.105203429724	0.146751008742	0.146519838601	0.141076832549	0.231401311365	0.231002017485	0.240585070612	0.208431405514	0.14757061197	0.0965030262273
159207311-stool2.freeze11.snv.filtered.bam	0.157027572293	0.15126933423	0.164887357095	0.163416274378	0.153097679892	0.153202757229	0.152992602555	0.155472427707	0.154043375925	0.145595158036	0.0	0.109532616005	0.143367518494	0.150617854741	0.150449731002	0.12178463349	0.152299092132	0.209629287155	0.175710322798	0.146877101547	0.150029421654	0.151080195024	0.151101210491	0.15536735037	0.15496805649	0.155493443174	0.150176529926	0.146982178884	0.214588937458	0.134814223268	0.148516308003	0.155094149294	0.154905010087	0.14805396772	0.241446704775	0.240416946873	0.254224108944	0.222049428379	0.154337592468	0.137104909213
159571453-stool2.freeze11.snv.filtered.bam	0.111781271015	0.107031775387	0.117329354405	0.115606086079	0.0905136180229	0.0908288500336	0.090576664425	0.097469737727	0.0960827168796	0.0895679219906	0.109532616005	0.0	0.104867182246	0.11239071957	0.11239071957	0.101904001345	0.101988063215	0.161861129792	0.129329186281	0.0845872562206	0.0885801950235	0.0891265971755	0.0891055817081	0.109868863484	0.10917535306	0.105329522529	0.101651815736	0.0907658036315	0.16766139879	0.0902824478816	0.0873612979153	0.0163290181574	0.0141434095494	0.0184725958305	0.200424512441	0.200004203093	0.207170477471	0.175878446537	0.110772528581	0.0773999663753
159753524-stool1.freeze11.snv.filtered.bam	0.154127437794	0.148558338937	0.16444603228	0.162890887693	0.148159045057	0.148243106927	0.147906859449	0.153076664425	0.15166862811	0.144481338265	0.143367518494	0.104867182246	0.0	0.0	0.0	0.133973604573	0.146162575656	0.193531439139	0.140215198386	0.142737054472	0.145342972428	0.148579354405	0.148579354405	0.152425184936	0.149083725622	0.144061028917	0.139374579691	0.134246805649	0.207885003362	0.131493779422	0.144712508406	0.148768493611	0.148579354405	0.142043544048	0.232641223941	0.232304976463	0.246847679892	0.214567921991	0.142463853396	0.13359532616
159753524-stool2.freeze11.snv.filtered.bam	0.161777067922	0.156060860794	0.172431909886	0.170771687962	0.15616593813	0.15616593813	0.155871721587	0.161251681237	0.159696536651	0.151479488904	0.150617854741	0.11239071957	0.0	0.0	0.0	0.140614492266	0.153707128447	0.202084734364	0.147990921318	0.149966375252	0.153055648958	0.156565232011	0.156544216543	0.160011768662	0.156313046402	0.15166862811	0.146456792199	0.141202925353	0.21698470074	0.138281775387	0.152446200403	0.157721082717	0.157510928043	0.150155514459	0.241257565568	0.240374915938	0.256703934095	0.223835743107	0.149840282448	0.140278244788
159753524-stool3.freeze11.snv.filtered.bam	0.161693006052	0.155976798924	0.172368863484	0.17070864156	0.156102891728	0.156102891728	0.155808675185	0.161167619368	0.159633490249	0.151416442502	0.150449731002	0.11239071957	0.0	0.0	0.0	0.140530430397	0.153644082044	0.20195864156	0.147906859449	0.149924344317	0.152992602555	0.156502185609	0.156481170141	0.15994872226	0.156271015467	0.151605581708	0.146414761264	0.141202925353	0.216963685272	0.138218728985	0.152362138534	0.15761600538	0.157405850706	0.150071452589	0.241194519166	0.240311869536	0.256661903161	0.223772696705	0.149861297915	0.140152151984
160421117-stool3.freeze11.snv.filtered.bam	0.148453261601	0.143766812374	0.15753194351	0.156039845326	0.145532111634	0.145658204438	0.145448049765	0.144334229993	0.142821116342	0.135066408877	0.12178463349	0.101904001345	0.133973604573	0.140614492266	0.140530430397	0.0	0.145868359112	0.202000672495	0.167787491594	0.139626765299	0.142652992603	0.144985709482	0.144943678547	0.147108271688	0.144313214526	0.147864828514	0.142379791527	0.142358776059	0.205258069939	0.126786314728	0.142211667787	0.146793039677	0.146561869536	0.139668796234	0.23377605918	0.232830363147	0.243043880296	0.211541694687	0.14637273033	0.130695191661
160582958-stool3.freeze11.snv.filtered.bam	0.155073133826	0.149693174176	0.144124075319	0.142947209146	0.144733523874	0.144817585743	0.144544384667	0.147108271688	0.145847343645	0.137987558843	0.152299092132	0.101988063215	0.146162575656	0.153707128447	0.153644082044	0.145868359112	0.0	0.20195864156	0.170330363147	0.138765131137	0.141602219233	0.146309683927	0.146309683927	0.153686112979	0.150008406187	0.148894586416	0.143430564896	0.140530430397	0.204501513114	0.131136516476	0.141476126429	0.144733523874	0.144376260928	0.13760928043	0.232914425017	0.231422326833	0.244304808339	0.212256220578	0.148684431742	0.129434263618
160603188-stool2.freeze11.snv.filtered.bam	0.214420813719	0.207695864156	0.220284129119	0.218602891728	0.211184431742	0.211331540013	0.21112138534	0.214546906523	0.212970746469	0.201937626093	0.209629287155	0.161861129792	0.193531439139	0.202084734364	0.20195864156	0.202000672495	0.20195864156	0.0	0.00243779421654	0.204039172831	0.207464694015	0.210595998655	0.210532952253	0.2128866846	0.205237054472	0.197839609953	0.19248066577	0.20380800269	0.200445527909	0.189769670477	0.205762441157	0.204921822461	0.203997141896	0.197041022192	0.152362138534	0.151542535306	0.186890551446	0.167346166779	0.207485709482	0.191661062542
160603188-stool3.freeze11.snv.filtered.bam	0.181762777404	0.176130632145	0.18798335575	0.186596334902	0.178190147949	0.178358271688	0.178148117014	0.182225117687	0.180733019502	0.170981842636	0.175710322798	0.129329186281	0.140215198386	0.147990921318	0.147906859449	0.167787491594	0.170330363147	0.00243779421654	0.0	0.171612306658	0.174932750504	0.178169132482	0.178064055145	0.180207632818	0.173966039005	0.154799932751	0.152887525219	0.169952084734	0.181363483524	0.157847175521	0.173293544048	0.172116677875	0.170498486886	0.165833053127	0.148369199731	0.14725537996	0.178148117014	0.156144922663	0.174281271015	0.160999495629
508703490-stool1.freeze11.snv.filtered.bam	0.147822797579	0.142610961668	0.142337760592	0.140782616005	0.00844821788837	0.0085322797579	0.00842720242098	0.11094065232	0.109742770679	0.10282868191	0.146877101547	0.0845872562206	0.142737054472	0.149966375252	0.149924344317	0.139626765299	0.138765131137	0.204039172831	0.171612306658	0.0	2.1015467384e-05	0.0127143577673	0.0126933422999	0.146057498319	0.14717131809	0.145132817754	0.139899966375	0.0806363483524	0.206603059852	0.124306489576	0.0430606926698	0.144103059852	0.143808843309	0.13729404842	0.236886348352	0.236255884331	0.245208473436	0.212739576328	0.144964694015	0.00292114996638
508703490-stool2.freeze11.snv.filtered.bam	0.150407700067	0.145090786819	0.145595158036	0.143997982515	0.00886852723605	0.0089315736382	0.00876344989913	0.112979152656	0.111655178211	0.104657027572	0.150029421654	0.0885801950235	0.145342972428	0.153055648958	0.152992602555	0.142652992603	0.141602219233	0.207464694015	0.174932750504	2.1015467384e-05	0.0	0.0131556825824	0.013134667115	0.14862138534	0.149735205111	0.148117014122	0.142695023537	0.0825487558843	0.210280766644	0.126807330195	0.0441955279085	0.147927874916	0.14765467384	0.140887693342	0.240837256221	0.240143745797	0.248865164761	0.216123066577	0.14813802959	0.00311028917283
550534656-stool2.freeze11.snv.filtered.bam	0.151584566241	0.146057498319	0.14862138534	0.147087256221	0.0184515803631	0.0185356422327	0.0184095494284	0.118905514459	0.117539509079	0.110331203766	0.151080195024	0.0891265971755	0.148579354405	0.156565232011	0.156502185609	0.144985709482	0.146309683927	0.210595998655	0.178169132482	0.0127143577673	0.0131556825824	0.0	2.1015467384e-05	0.149840282448	0.152845494284	0.151878782784	0.146330699395	0.087235205111	0.213895427034	0.12909801614	0.0527067921991	0.144691492939	0.144544384667	0.137462172159	0.244220746469	0.243443174176	0.253173335575	0.220221082717	0.151857767317	0.0116425689307
550534656-stool3.freeze11.snv.filtered.bam	0.151563550773	0.146015467384	0.14862138534	0.147087256221	0.0184305648958	0.0185146267653	0.018388533961	0.118905514459	0.117518493611	0.110310188299	0.151101210491	0.0891055817081	0.148579354405	0.156544216543	0.156481170141	0.144943678547	0.146309683927	0.210532952253	0.178064055145	0.0126933422999	0.013134667115	2.1015467384e-05	0.0	0.14981926698	0.152824478816	0.151836751849	0.146246637525	0.0871721587088	0.213832380632	0.129077000672	0.0526437457969	0.144691492939	0.144544384667	0.137462172159	0.244178715535	0.243401143241	0.253152320108	0.220242098184	0.151773705447	0.0116215534633
638754422-stool1.freeze11.snv.filtered.bam	0.00184936112979	0.00178631472764	0.165664929388	0.164046738399	0.151773705447	0.151815736382	0.151500504371	0.143535642233	0.142211667787	0.13504539341	0.15536735037	0.109868863484	0.152425184936	0.160011768662	0.15994872226	0.147108271688	0.153686112979	0.2128866846	0.180207632818	0.146057498319	0.14862138534	0.149840282448	0.14981926698	0.0	0.153854236718	0.158813887021	0.153328850034	0.147402488231	0.219548587761	0.134940316073	0.14725537996	0.157510928043	0.15713264963	0.150218560861	0.244767148621	0.244157700067	0.255590114324	0.222574815064	0.158036314728	0.136306321453
706846339-stool2.freeze11.snv.filtered.bam	0.155661566913	0.14990332885	0.165097511769	0.163521351715	0.152698386012	0.152740416947	0.15255127774	0.155661566913	0.154148453262	0.146162575656	0.15496805649	0.10917535306	0.149083725622	0.156313046402	0.156271015467	0.144313214526	0.150008406187	0.205237054472	0.173966039005	0.14717131809	0.149735205111	0.152845494284	0.152824478816	0.153854236718	0.0	0.152194014795	0.146309683927	0.148222091459	0.208347343645	0.135297579018	0.146729993275	0.152593308675	0.152299092132	0.145574142569	0.236466039005	0.23545729657	0.246364324143	0.214315736382	0.151122225958	0.1367266308
763496533-stool1.freeze11.snv.filtered.bam	0.160495124412	0.154820948218	0.160158876933	0.158708809684	0.146877101547	0.146961163416	0.146666946873	0.158162407532	0.156502185609	0.148411230666	0.155493443174	0.105329522529	0.144061028917	0.15166862811	0.151605581708	0.147864828514	0.148894586416	0.197839609953	0.154799932751	0.145132817754	0.148117014122	0.151878782784	0.151836751849	0.158813887021	0.152194014795	0.0	0.0	0.136978816409	0.214946200403	0.136621553463	0.146015467384	0.158624747814	0.158183422999	0.152004875588	0.243716375252	0.243043880296	0.254119031607	0.221376933423	0.00737642905178	0.135759919301
763496533-stool2.freeze11.snv.filtered.bam	0.154989071957	0.1494199731	0.154547747142	0.15311869536	0.141602219233	0.141728312038	0.141455110962	0.152341123067	0.150806993948	0.143115332885	0.150176529926	0.101651815736	0.139374579691	0.146456792199	0.146414761264	0.142379791527	0.143430564896	0.19248066577	0.152887525219	0.139899966375	0.142695023537	0.146330699395	0.146246637525	0.153328850034	0.146309683927	0.0	0.0	0.13222932078	0.208515467384	0.131367686617	0.140929724277	0.151920813719	0.15126933423	0.145952420982	0.236634162744	0.236045729657	0.246616509751	0.214378782784	0.00712424344317	0.131136516476
763536994-stool1.freeze11.snv.filtered.bam	0.148978648285	0.143787827841	0.144670477471	0.143178379287	0.0842510087424	0.0843140551446	0.0841459314055	0.123255716207	0.121805648958	0.114534297243	0.146982178884	0.0907658036315	0.134246805649	0.141202925353	0.141202925353	0.142358776059	0.140530430397	0.20380800269	0.169952084734	0.0806363483524	0.0825487558843	0.087235205111	0.0871721587088	0.147402488231	0.148222091459	0.136978816409	0.13222932078	0.0	0.210112642905	0.127710995293	0.081876260928	0.147990921318	0.147612642905	0.140929724277	0.237937121722	0.236970410222	0.247877437794	0.215744788164	0.136285305985	0.074268661735
763860675-stool1.freeze11.snv.filtered.bam	0.221250840619	0.214126597176	0.226546738399	0.22469737727	0.213811365165	0.213832380632	0.213643241426	0.219653665098	0.218014458642	0.207296570276	0.214588937458	0.16766139879	0.207885003362	0.21698470074	0.216963685272	0.205258069939	0.204501513114	0.200445527909	0.181363483524	0.206603059852	0.210280766644	0.213895427034	0.213832380632	0.219548587761	0.208347343645	0.214946200403	0.208515467384	0.210112642905	0.0	0.193888702085	0.209061869536	0.208116173504	0.207842972428	0.198974445192	0.211562710155	0.209482178884	0.223940820444	0.200991930061	0.21152067922	0.193573470074
764062976-stool1.freeze11.snv.filtered.bam	0.136495460659	0.13174596503	0.145721250841	0.144313214526	0.129371217216	0.129455279085	0.129224108944	0.132103227976	0.1308633154	0.124411566913	0.134814223268	0.0902824478816	0.131493779422	0.138281775387	0.138218728985	0.126786314728	0.131136516476	0.189769670477	0.157847175521	0.124306489576	0.126807330195	0.12909801614	0.129077000672	0.134940316073	0.135297579018	0.136621553463	0.131367686617	0.127710995293	0.193888702085	0.0	0.124663752522	0.135297579018	0.13504539341	0.129413248151	0.221818258238	0.221040685945	0.229299764627	0.198491089442	0.135991089442	0.116824983188
764143897-stool2.freeze11.snv.filtered.bam	0.148978648285	0.1435566577	0.144628446537	0.142926193679	0.049911735037	0.0500168123739	0.0497856422327	0.113084229993	0.111739240081	0.105203429724	0.148516308003	0.0873612979153	0.144712508406	0.152446200403	0.152362138534	0.142211667787	0.141476126429	0.205762441157	0.173293544048	0.0430606926698	0.0441955279085	0.0527067921991	0.0526437457969	0.14725537996	0.146729993275	0.146015467384	0.140929724277	0.081876260928	0.209061869536	0.124663752522	0.0	0.146666946873	0.146351714862	0.139521687962	0.238315400134	0.237159549428	0.246427370545	0.214063550773	0.14637273033	0.0392989240081
764224817-stool1.freeze11.snv.filtered.bam	0.159780598521	0.15360205111	0.164130800269	0.162575655683	0.15166862811	0.15175268998	0.151479488904	0.1572167115	0.155451412239	0.146751008742	0.155094149294	0.0163290181574	0.148768493611	0.157721082717	0.15761600538	0.146793039677	0.144733523874	0.204921822461	0.172116677875	0.144103059852	0.147927874916	0.144691492939	0.144691492939	0.157510928043	0.152593308675	0.158624747814	0.151920813719	0.147990921318	0.208116173504	0.135297579018	0.146666946873	0.0	2.1015467384e-05	0.00195443846671	0.234427538668	0.23369199731	0.246700571621	0.212550437122	0.157994283793	0.132649630128
764224817-stool2.freeze11.snv.filtered.bam	0.15938130464	0.153202757229	0.163815568258	0.162260423672	0.151395427034	0.151521519839	0.151227303295	0.157069603228	0.155325319435	0.146519838601	0.154905010087	0.0141434095494	0.148579354405	0.157510928043	0.157405850706	0.146561869536	0.144376260928	0.203997141896	0.170498486886	0.143808843309	0.14765467384	0.144544384667	0.144544384667	0.15713264963	0.152299092132	0.158183422999	0.15126933423	0.147612642905	0.207842972428	0.13504539341	0.146351714862	2.1015467384e-05	0.0	0.00208053127102	0.234070275723	0.233313718897	0.246238231338	0.212067081372	0.157763113652	0.132397444519
764508039-stool2.freeze11.snv.filtered.bam	0.152488231338	0.146456792199	0.156565232011	0.155010087424	0.144229152656	0.144292199059	0.144061028917	0.150260591796	0.148663416274	0.141076832549	0.14805396772	0.0184725958305	0.142043544048	0.150155514459	0.150071452589	0.139668796234	0.13760928043	0.197041022192	0.165833053127	0.13729404842	0.140887693342	0.137462172159	0.137462172159	0.150218560861	0.145574142569	0.152004875588	0.145952420982	0.140929724277	0.198974445192	0.129413248151	0.139521687962	0.00195443846671	0.00208053127102	0.0	0.225390887693	0.225727135171	0.236676193679	0.203345662408	0.151038164089	0.127269670477
764588959-stool1.freeze11.snv.filtered.bam	0.246469401479	0.238462508406	0.252269670477	0.250273201076	0.244325823806	0.244388870208	0.244094653665	0.244283792872	0.242812710155	0.231401311365	0.241446704775	0.200424512441	0.232641223941	0.241257565568	0.241194519166	0.23377605918	0.232914425017	0.152362138534	0.148369199731	0.236886348352	0.240837256221	0.244220746469	0.244178715535	0.244767148621	0.236466039005	0.243716375252	0.236634162744	0.237937121722	0.211562710155	0.221818258238	0.238315400134	0.234427538668	0.234070275723	0.225390887693	0.0	0.0	0.18798335575	0.177181405514	0.240227807666	0.224487222596
764588959-stool2.freeze11.snv.filtered.bam	0.245712844654	0.237853059852	0.251008742434	0.248970242098	0.243443174176	0.243485205111	0.243212004035	0.242875756557	0.241488735709	0.231002017485	0.240416946873	0.200004203093	0.232304976463	0.240374915938	0.240311869536	0.232830363147	0.231422326833	0.151542535306	0.14725537996	0.236255884331	0.240143745797	0.243443174176	0.243401143241	0.244157700067	0.23545729657	0.243043880296	0.236045729657	0.236970410222	0.209482178884	0.221040685945	0.237159549428	0.23369199731	0.233313718897	0.225727135171	0.0	0.0	0.186953597848	0.176109616678	0.239471250841	0.224781439139
765094712-stool2.freeze11.snv.filtered.bam	0.257292367182	0.249558675185	0.263723100202	0.262041862811	0.253551613988	0.253572629455	0.253362474781	0.254728480161	0.252921149966	0.240585070612	0.254224108944	0.207170477471	0.246847679892	0.256703934095	0.256661903161	0.243043880296	0.244304808339	0.186890551446	0.178148117014	0.245208473436	0.248865164761	0.253173335575	0.253152320108	0.255590114324	0.246364324143	0.254119031607	0.246616509751	0.247877437794	0.223940820444	0.229299764627	0.246427370545	0.246700571621	0.246238231338	0.236676193679	0.18798335575	0.186953597848	0.0	0.0	0.251134835239	0.231254203093
765094712-stool3.freeze11.snv.filtered.bam	0.22421402152	0.21746805649	0.230266476126	0.228942501681	0.220557330195	0.220641392065	0.220389206456	0.221650134499	0.219842804304	0.208431405514	0.222049428379	0.175878446537	0.214567921991	0.223835743107	0.223772696705	0.211541694687	0.212256220578	0.167346166779	0.156144922663	0.212739576328	0.216123066577	0.220221082717	0.220242098184	0.222574815064	0.214315736382	0.221376933423	0.214378782784	0.215744788164	0.200991930061	0.198491089442	0.214063550773	0.212550437122	0.212067081372	0.203345662408	0.177181405514	0.176109616678	0.0	0.0	0.218960154674	0.199983187626
765337473-stool2.freeze11.snv.filtered.bam	0.159654505716	0.154022360457	0.159759583053	0.158267484869	0.146793039677	0.146835070612	0.146582885003	0.157258742434	0.155535474109	0.14757061197	0.154337592468	0.110772528581	0.142463853396	0.149840282448	0.149861297915	0.14637273033	0.148684431742	0.207485709482	0.174281271015	0.144964694015	0.14813802959	0.151857767317	0.151773705447	0.158036314728	0.151122225958	0.00737642905178	0.00712424344317	0.136285305985	0.21152067922	0.135991089442	0.14637273033	0.157994283793	0.157763113652	0.151038164089	0.240227807666	0.239471250841	0.251134835239	0.218960154674	0.0	0.135717888366
809635352-stool2.freeze11.snv.filtered.bam	0.137840450572	0.13262861466	0.133069939475	0.131451748487	0.00603143913921	0.00607347007397	0.00594737726967	0.102807666443	0.101735877606	0.0965030262273	0.137104909213	0.0773999663753	0.13359532616	0.140278244788	0.140152151984	0.130695191661	0.129434263618	0.191661062542	0.160999495629	0.00292114996638	0.00311028917283	0.0116425689307	0.0116215534633	0.136306321453	0.1367266308	0.135759919301	0.131136516476	0.074268661735	0.193573470074	0.116824983188	0.0392989240081	0.132649630128	0.132397444519	0.127269670477	0.224487222596	0.224781439139	0.231254203093	0.199983187626	0.135717888366	0.0
