	158479027-stool1.freeze11.snv.filtered.bam	158479027-stool2.freeze11.snv.filtered.bam	159166850-stool2.freeze11.snv.filtered.bam	159227541-stool2.freeze11.snv.filtered.bam	159814214-stool1.freeze11.snv.filtered.bam	159814214-stool2.freeze11.snv.filtered.bam	160178356-stool1.freeze11.snv.filtered.bam	160178356-stool2.freeze11.snv.filtered.bam	160178356-stool3.freeze11.snv.filtered.bam	160380657-stool2.freeze11.snv.filtered.bam	160380657-stool3.freeze11.snv.filtered.bam	160603188-stool2.freeze11.snv.filtered.bam	160603188-stool3.freeze11.snv.filtered.bam	763577454-stool1.freeze11.snv.filtered.bam	763759525-stool2.freeze11.snv.filtered.bam	763961826-stool1.freeze11.snv.filtered.bam	763961826-stool2.freeze11.snv.filtered.bam	764224817-stool1.freeze11.snv.filtered.bam	764305738-stool2.freeze11.snv.filtered.bam	764447348-stool1.freeze11.snv.filtered.bam	764487809-stool1.freeze11.snv.filtered.bam	764487809-stool2.freeze11.snv.filtered.bam	764508039-stool3.freeze11.snv.filtered.bam	765074482-stool1.freeze11.snv.filtered.bam	765074482-stool3.freeze11.snv.filtered.bam	765135172-stool3.freeze11.snv.filtered.bam	765640925-stool2.freeze11.snv.filtered.bam
158479027-stool1.freeze11.snv.filtered.bam	0.0	0.0877537573515	0.232007798439	0.22795588451	0.232814509834	0.232329401118	0.233628312802	0.230913317609	0.232248776721	0.229940598801	0.230856651015	0.231138553772	0.231601434004	0.20580227502	0.214382086739	0.216972984349	0.215874819951	0.227651774927	0.216311323586	0.214563610974	0.227162096448	0.226771584356	0.231273269067	0.228772758832	0.212240251126	0.22464505678	0.212902086683
158479027-stool2.freeze11.snv.filtered.bam	0.0877537573515	0.0	0.189864561529	0.185474077464	0.190579799006	0.190141836719	0.190718986549	0.188305797749	0.189783711779	0.181857967701	0.182951026344	0.188355147454	0.188840899556	0.205563150857	0.130491654367	0.135491753708	0.134508776492	0.183640903946	0.133469893511	0.131031905653	0.184882960575	0.190401811976	0.189974794734	0.18679969585	0.129138151617	0.182349715366	0.13209142102
159166850-stool2.freeze11.snv.filtered.bam	0.232007798439	0.189864561529	0.0	0.142137133875	0.14747497956	0.147242625339	0.146808310288	0.14439177882	0.145329197933	0.144492055895	0.145228788748	0.146656884608	0.147281931263	0.221648780501	0.144061530215	0.145466520646	0.145067255107	0.140999640218	0.145270111745	0.144333513461	0.146245484756	0.163321501396	0.146445908562	0.143922287124	0.14134314517	0.145865909953	0.144059354975
159227541-stool2.freeze11.snv.filtered.bam	0.22795588451	0.185474077464	0.142137133875	0.0	0.14448468221	0.144075315421	0.144505399646	0.14282189213	0.144175632979	0.140688144321	0.141891794002	0.1429241558	0.143501259539	0.216807033735	0.138656262866	0.140791346181	0.14034211929	0.141667020412	0.140003039334	0.138786783318	0.143540714429	0.157166489414	0.142868700952	0.142484198801	0.138690028324	0.139796923795	0.137602454737
159814214-stool1.freeze11.snv.filtered.bam	0.232814509834	0.190579799006	0.14747497956	0.14448468221	0.0	0.00265138339968	0.0840201197557	0.0824301665631	0.0830367775265	0.140402429051	0.141413783339	0.0873752503805	0.0880214382046	0.221968073261	0.140850657893	0.142163671622	0.141457167081	0.0894241347282	0.139786399482	0.143139360511	0.0905270036048	0.159099613806	0.0248987898963	0.129903882908	0.138972526152	0.141091665788	0.143045715255
159814214-stool2.freeze11.snv.filtered.bam	0.232329401118	0.190141836719	0.147242625339	0.144075315421	0.00265138339968	0.0	0.0837609286689	0.082219645186	0.0828344823836	0.139940746	0.140984434047	0.0871952186788	0.0878118455134	0.221317372365	0.140887161591	0.141943971302	0.141294392245	0.0892617271769	0.139720146439	0.142990370713	0.090195359143	0.15877122417	0.0250025013377	0.129064576595	0.138754845422	0.140970852169	0.14265240476
160178356-stool1.freeze11.snv.filtered.bam	0.233628312802	0.190718986549	0.146808310288	0.144505399646	0.0840201197557	0.0837609286689	0.0	0.0042152134008	0.00412183303684	0.136946094661	0.137864399974	0.0365667756269	0.0370583597195	0.223028509525	0.141296450098	0.139909245896	0.139460177684	0.0358810105048	0.143207038335	0.143714685007	0.0833018322093	0.159397556955	0.0806379524774	0.126015524816	0.139149095782	0.138067025345	0.143024215639
160178356-stool2.freeze11.snv.filtered.bam	0.230913317609	0.188305797749	0.14439177882	0.14282189213	0.0824301665631	0.082219645186	0.0042152134008	0.0	0.00327868801307	0.134321758275	0.135280167093	0.0352271316327	0.035788000978	0.220300870162	0.138633904835	0.137601996544	0.136860109492	0.0343998812318	0.140504722721	0.141337516181	0.0815880353178	0.156615312191	0.0784963956854	0.124163310672	0.136014854429	0.13552809385	0.1405037446
160178356-stool3.freeze11.snv.filtered.bam	0.232248776721	0.189783711779	0.145329197933	0.144175632979	0.0830367775265	0.0828344823836	0.00412183303684	0.00327868801307	0.0	0.135367844097	0.136246210821	0.0355910283208	0.0361302112109	0.221864477733	0.140083533353	0.139064380996	0.138337793113	0.0349617637153	0.141803262486	0.142698038724	0.0825531175026	0.158018278973	0.0791271115264	0.125187561362	0.137474193811	0.136613319385	0.141952443011
160380657-stool2.freeze11.snv.filtered.bam	0.229940598801	0.181857967701	0.144492055895	0.140688144321	0.140402429051	0.139940746	0.136946094661	0.134321758275	0.135367844097	0.0	0.000707681154515	0.129725802156	0.130400887492	0.221156365233	0.123359628861	0.12638741198	0.125785140957	0.136651729944	0.125731682091	0.123340570189	0.140055252075	0.159298003953	0.139059653082	0.142098038077	0.124036387628	0.139515474902	0.123204505106
160380657-stool3.freeze11.snv.filtered.bam	0.230856651015	0.182951026344	0.145228788748	0.141891794002	0.141413783339	0.140984434047	0.137864399974	0.135280167093	0.136246210821	0.000707681154515	0.0	0.130780299113	0.131430541265	0.222164466564	0.124530166764	0.127471202191	0.126886173106	0.137617389246	0.126851463996	0.124401052651	0.140988154406	0.160035758686	0.139987974645	0.143007672246	0.125147080339	0.14042368945	0.124318030305
160603188-stool2.freeze11.snv.filtered.bam	0.231138553772	0.188355147454	0.146656884608	0.1429241558	0.0873752503805	0.0871952186788	0.0365667756269	0.0352271316327	0.0355910283208	0.129725802156	0.130780299113	0.0	0.00453708886134	0.220049869732	0.139480507828	0.138081407258	0.13736535839	0.0516264822801	0.139501530173	0.140879812081	0.0878727848196	0.158382257724	0.0836507937259	0.128522220001	0.136964760469	0.138705166698	0.14019438349
160603188-stool3.freeze11.snv.filtered.bam	0.231601434004	0.188840899556	0.147281931263	0.143501259539	0.0880214382046	0.0878118455134	0.0370583597195	0.035788000978	0.0361302112109	0.130400887492	0.131430541265	0.00453708886134	0.0	0.22054110472	0.140388591533	0.138961920907	0.1382717829	0.0523805446853	0.140378857402	0.141694975122	0.088610827954	0.159179391302	0.084350925886	0.129183725336	0.137812951276	0.139345559543	0.140918112103
763577454-stool1.freeze11.snv.filtered.bam	0.20580227502	0.205563150857	0.221648780501	0.216807033735	0.221968073261	0.221317372365	0.223028509525	0.220300870162	0.221864477733	0.221156365233	0.222164466564	0.220049869732	0.22054110472	0.0	0.216980520202	0.218953127215	0.218019655951	0.218250074511	0.219066120334	0.217251010128	0.217936263434	0.215286003622	0.220448863695	0.218886147852	0.21527431113	0.214022716047	0.215106775548
763759525-stool2.freeze11.snv.filtered.bam	0.214382086739	0.130491654367	0.144061530215	0.138656262866	0.140850657893	0.140887161591	0.141296450098	0.138633904835	0.140083533353	0.123359628861	0.124530166764	0.139480507828	0.140388591533	0.216980520202	0.0	0.0214646133485	0.0213663602987	0.138439626481	0.0162428175542	0.014170382206	0.142367147778	0.154491441211	0.140686328827	0.140282558818	0.0286624094945	0.138700683893	0.0218811897456
763961826-stool1.freeze11.snv.filtered.bam	0.216972984349	0.135491753708	0.145466520646	0.140791346181	0.142163671622	0.141943971302	0.139909245896	0.137601996544	0.139064380996	0.12638741198	0.127471202191	0.138081407258	0.138961920907	0.218953127215	0.0214646133485	0.0	0.00340541089829	0.13790674224	0.0262523617032	0.0162277525912	0.142371244172	0.155855275509	0.141474533633	0.141511645045	0.0367032650552	0.13998364552	0.0239984159755
763961826-stool2.freeze11.snv.filtered.bam	0.215874819951	0.134508776492	0.145067255107	0.14034211929	0.141457167081	0.141294392245	0.139460177684	0.136860109492	0.138337793113	0.125785140957	0.126886173106	0.13736535839	0.1382717829	0.218019655951	0.0213663602987	0.00340541089829	0.0	0.137441910035	0.0259010630706	0.0161204210069	0.141974822864	0.155048595444	0.140742155924	0.140795897218	0.0362902867409	0.139196924013	0.0234295961568
764224817-stool1.freeze11.snv.filtered.bam	0.227651774927	0.183640903946	0.140999640218	0.141667020412	0.0894241347282	0.0892617271769	0.0358810105048	0.0343998812318	0.0349617637153	0.136651729944	0.137617389246	0.0516264822801	0.0523805446853	0.218250074511	0.138439626481	0.13790674224	0.137441910035	0.0	0.140276456085	0.140495726336	0.0840173001946	0.153989696763	0.0869053561396	0.125943425237	0.134530595543	0.135228784114	0.141405126809
764305738-stool2.freeze11.snv.filtered.bam	0.216311323586	0.133469893511	0.145270111745	0.140003039334	0.139786399482	0.139720146439	0.143207038335	0.140504722721	0.141803262486	0.125731682091	0.126851463996	0.139501530173	0.140378857402	0.219066120334	0.0162428175542	0.0262523617032	0.0259010630706	0.140276456085	0.0	0.0186449243602	0.143698907514	0.156612440035	0.138958640636	0.141877287123	0.0328855471602	0.139848306136	0.0260018577832
764447348-stool1.freeze11.snv.filtered.bam	0.214563610974	0.131031905653	0.144333513461	0.138786783318	0.143139360511	0.142990370713	0.143714685007	0.141337516181	0.142698038724	0.123340570189	0.124401052651	0.140879812081	0.141694975122	0.217251010128	0.014170382206	0.0162277525912	0.0161204210069	0.140495726336	0.0186449243602	0.0	0.143716640881	0.154569615372	0.142839640325	0.140996305157	0.0302144105249	0.139055624343	0.0161737130286
764487809-stool1.freeze11.snv.filtered.bam	0.227162096448	0.184882960575	0.146245484756	0.143540714429	0.0905270036048	0.090195359143	0.0833018322093	0.0815880353178	0.0825531175026	0.140055252075	0.140988154406	0.0878727848196	0.088610827954	0.217936263434	0.142367147778	0.142371244172	0.141974822864	0.0840173001946	0.143698907514	0.143716640881	0.0	0.138442507879	0.0893254236824	0.129372365805	0.138223733884	0.13968516186	0.143706877637
764487809-stool2.freeze11.snv.filtered.bam	0.226771584356	0.190401811976	0.163321501396	0.157166489414	0.159099613806	0.15877122417	0.159397556955	0.156615312191	0.158018278973	0.159298003953	0.160035758686	0.158382257724	0.159179391302	0.215286003622	0.154491441211	0.155855275509	0.155048595444	0.153989696763	0.156612440035	0.154569615372	0.138442507879	0.0	0.157402322414	0.158701954153	0.152408820544	0.154924707937	0.153820552357
764508039-stool3.freeze11.snv.filtered.bam	0.231273269067	0.189974794734	0.146445908562	0.142868700952	0.0248987898963	0.0250025013377	0.0806379524774	0.0784963956854	0.0791271115264	0.139059653082	0.139987974645	0.0836507937259	0.084350925886	0.220448863695	0.140686328827	0.141474533633	0.140742155924	0.0869053561396	0.138958640636	0.142839640325	0.0893254236824	0.157402322414	0.0	0.127744662102	0.138417119291	0.1391834961	0.142268562325
765074482-stool1.freeze11.snv.filtered.bam	0.228772758832	0.18679969585	0.143922287124	0.142484198801	0.129903882908	0.129064576595	0.126015524816	0.124163310672	0.125187561362	0.142098038077	0.143007672246	0.128522220001	0.129183725336	0.218886147852	0.140282558818	0.141511645045	0.140795897218	0.125943425237	0.141877287123	0.140996305157	0.129372365805	0.158701954153	0.127744662102	0.0	0.125481631252	0.139316429896	0.139585675889
765074482-stool3.freeze11.snv.filtered.bam	0.212240251126	0.129138151617	0.14134314517	0.138690028324	0.138972526152	0.138754845422	0.139149095782	0.136014854429	0.137474193811	0.124036387628	0.125147080339	0.136964760469	0.137812951276	0.21527431113	0.0286624094945	0.0367032650552	0.0362902867409	0.134530595543	0.0328855471602	0.0302144105249	0.138223733884	0.152408820544	0.138417119291	0.125481631252	0.0	0.135151330283	0.0358214766924
765135172-stool3.freeze11.snv.filtered.bam	0.22464505678	0.182349715366	0.145865909953	0.139796923795	0.141091665788	0.140970852169	0.138067025345	0.13552809385	0.136613319385	0.139515474902	0.14042368945	0.138705166698	0.139345559543	0.214022716047	0.138700683893	0.13998364552	0.139196924013	0.135228784114	0.139848306136	0.139055624343	0.13968516186	0.154924707937	0.1391834961	0.139316429896	0.135151330283	0.0	0.138794440199
765640925-stool2.freeze11.snv.filtered.bam	0.212902086683	0.13209142102	0.144059354975	0.137602454737	0.143045715255	0.14265240476	0.143024215639	0.1405037446	0.141952443011	0.123204505106	0.124318030305	0.14019438349	0.140918112103	0.215106775548	0.0218811897456	0.0239984159755	0.0234295961568	0.141405126809	0.0260018577832	0.0161737130286	0.143706877637	0.153820552357	0.142268562325	0.139585675889	0.0358214766924	0.138794440199	0.0
