	158479027-stool1.freeze11.snv.filtered.bam	158479027-stool2.freeze11.snv.filtered.bam	158499257-stool1.freeze11.snv.filtered.bam	158802708-stool1.freeze11.snv.filtered.bam	158802708-stool2.freeze11.snv.filtered.bam	158802708-stool3.freeze11.snv.filtered.bam	159166850-stool1.freeze11.snv.filtered.bam	159166850-stool2.freeze11.snv.filtered.bam	159247771-stool1.freeze11.snv.filtered.bam	159247771-stool2.freeze11.snv.filtered.bam	159490532-stool1.freeze11.snv.filtered.bam	159490532-stool2.freeze11.snv.filtered.bam	159510762-stool1.freeze11.snv.filtered.bam	159510762-stool2.freeze11.snv.filtered.bam	159551223-stool2.freeze11.snv.filtered.bam	159571453-stool1.freeze11.snv.filtered.bam	159591683-stool1.freeze11.snv.filtered.bam	159591683-stool2.freeze11.snv.filtered.bam	159611913-stool1.freeze11.snv.filtered.bam	159753524-stool2.freeze11.snv.filtered.bam	159753524-stool3.freeze11.snv.filtered.bam	160158126-stool1.freeze11.snv.filtered.bam	160158126-stool2.freeze11.snv.filtered.bam	160178356-stool1.freeze11.snv.filtered.bam	160178356-stool2.freeze11.snv.filtered.bam	160178356-stool3.freeze11.snv.filtered.bam	160421117-stool1.freeze11.snv.filtered.bam	160502038-stool1.freeze11.snv.filtered.bam	160582958-stool1.freeze11.snv.filtered.bam	160582958-stool2.freeze11.snv.filtered.bam	160582958-stool3.freeze11.snv.filtered.bam	160603188-stool2.freeze11.snv.filtered.bam	246515023-stool1.freeze11.snv.filtered.bam	246515023-stool2.freeze11.snv.filtered.bam	246515023-stool3.freeze11.snv.filtered.bam	370425937-stool1.freeze11.snv.filtered.bam	550534656-stool1.freeze11.snv.filtered.bam	550534656-stool2.freeze11.snv.filtered.bam	550534656-stool3.freeze11.snv.filtered.bam	604812005-stool1.freeze11.snv.filtered.bam	604812005-stool2.freeze11.snv.filtered.bam	638754422-stool1.freeze11.snv.filtered.bam	638754422-stool2.freeze11.snv.filtered.bam	706846339-stool1.freeze11.snv.filtered.bam	706846339-stool2.freeze11.snv.filtered.bam	763840445-stool1.freeze11.snv.filtered.bam	763840445-stool2.freeze11.snv.filtered.bam	764042746-stool1.freeze11.snv.filtered.bam	764062976-stool2.freeze11.snv.filtered.bam	764285508-stool1.freeze11.snv.filtered.bam	764305738-stool1.freeze11.snv.filtered.bam	764305738-stool2.freeze11.snv.filtered.bam	764325968-stool1.freeze11.snv.filtered.bam	764325968-stool2.freeze11.snv.filtered.bam	764366428-stool2.freeze11.snv.filtered.bam	764447348-stool1.freeze11.snv.filtered.bam	764588959-stool1.freeze11.snv.filtered.bam	764588959-stool2.freeze11.snv.filtered.bam	764669880-stool1.freeze11.snv.filtered.bam	764669880-stool2.freeze11.snv.filtered.bam	765074482-stool1.freeze11.snv.filtered.bam	765094712-stool1.freeze11.snv.filtered.bam	765094712-stool2.freeze11.snv.filtered.bam	765094712-stool3.freeze11.snv.filtered.bam	765135172-stool1.freeze11.snv.filtered.bam	765337473-stool2.freeze11.snv.filtered.bam	765701615-stool1.freeze11.snv.filtered.bam	809635352-stool3.freeze11.snv.filtered.bam	823052294-stool3.freeze11.snv.filtered.bam
158479027-stool1.freeze11.snv.filtered.bam	0.0	1.45759846078e-05	0.176602629508	0.236028918753	0.234075736816	0.229877853249	0.260837244556	0.256143777512	0.176558901554	0.178818179168	0.243593854765	0.235256391569	0.267381861645	0.267542197475	0.170495291957	0.192781972422	0.228653470542	0.241247121243	0.248768329301	0.16500014576	0.166035040667	0.168833629712	0.168760749789	0.264714456462	0.247179546978	0.257003760604	0.174518263709	0.152595982859	0.149986881614	0.164096434714	0.156400314841	0.158251464886	0.196251056759	0.232588986386	0.23317202577	0.212109728012	0.220578375069	0.218741801009	0.218931288809	0.168775325773	0.169941404542	0.240518322013	0.241276273212	0.214966620995	0.218319097455	0.196090720928	0.182680815089	0.147581844154	0.187039034487	0.173789464478	0.197111039851	0.197664927266	0.214777133195	0.220082791593	0.309244089438	0.210739585459	0.228566014634	0.226569104743	0.176296533831	0.175873830277	0.185464828149	0.229105326065	0.228449406757	0.22871177448	0.18711191441	0.147232020523	0.170436988019	0.183642830073	0.168760749789
158479027-stool2.freeze11.snv.filtered.bam	1.45759846078e-05	0.0	0.176179925954	0.235431303385	0.233507273416	0.229265661895	0.260239629187	0.255546162143	0.176383989739	0.178643267353	0.243010815381	0.2346587762	0.266769670291	0.266915430137	0.170276652188	0.192607060607	0.22817246305	0.24063492989	0.248170713932	0.164183890622	0.165626913098	0.168571261989	0.16851295805	0.264175145031	0.246669387517	0.256493601143	0.174314199924	0.152406495059	0.149666209952	0.163979826837	0.156137947118	0.158193160948	0.19565344139	0.231976795033	0.232574410401	0.211570416582	0.220024487654	0.218187913594	0.218377401393	0.168658717896	0.169737340757	0.239906130659	0.240707809813	0.21422324578	0.217706906102	0.19565344139	0.18227268752	0.147261172492	0.186630906918	0.173512520771	0.196979855989	0.197533743404	0.214179517826	0.219485176224	0.3086173221	0.210156546075	0.227939247296	0.225956913389	0.176194501939	0.17578637437	0.184852636796	0.228478558727	0.227822639419	0.228085007142	0.186980730548	0.147319476431	0.169955980526	0.183278430458	0.168600413958
158499257-stool1.freeze11.snv.filtered.bam	0.176602629508	0.176179925954	0.0	0.158149432994	0.156589802641	0.153208174212	0.192432148792	0.188350873101	0.178993090983	0.181456432382	0.170116316357	0.154928140396	0.196134448882	0.197766959158	0.159607031455	0.149462146168	0.160569046439	0.171661370726	0.114348599248	0.105034545084	0.108226685713	0.138501005743	0.139331836866	0.19603241699	0.179590706352	0.184502813165	0.174576567647	0.177418884646	0.140731131388	0.166851295805	0.146109669708	0.167478063143	0.117249220185	0.155977611288	0.153412237997	0.146444917354	0.162653412238	0.160700230301	0.16091887007	0.148879106784	0.156108795149	0.169664460834	0.169926828557	0.127875112964	0.137451534851	0.171807130572	0.156502346734	0.140760283357	0.157041658164	0.164664898114	0.176719237384	0.177448036615	0.155088476227	0.160408710608	0.2346587762	0.145045622832	0.15978194327	0.158353496779	0.163950674868	0.163630003207	0.0882430108154	0.160335830685	0.159767367286	0.160015159024	0.166588928082	0.164067282745	0.100166166225	0.138821677404	0.141663994403
158802708-stool1.freeze11.snv.filtered.bam	0.236028918753	0.235431303385	0.158149432994	0.0	0.0	0.0	0.22871177448	0.224032883421	0.230081917033	0.233492697432	0.126169722765	0.120251873014	0.234921143923	0.234935719908	0.219091624639	0.189968807393	0.113780135848	0.123968749089	0.21517068478	0.146313733493	0.159986007055	0.199530653296	0.197242223712	0.23003818908	0.21106025712	0.221584118007	0.22817246305	0.23263271434	0.198714398158	0.21254700755	0.201921114771	0.218246217532	0.0890592659534	0.0995977028248	0.100486837886	0.101303093024	0.128837127948	0.126577850334	0.126971401918	0.203028889601	0.207780660584	0.117409556016	0.117905139492	0.116301781185	0.1179925954	0.210608401598	0.191353525931	0.18765122584	0.18581465178	0.208786403522	0.228026703204	0.228770078419	0.118808850538	0.124493484535	0.264204297	0.104509809638	0.0912456636446	0.0896860332915	0.21441273358	0.213756814273	0.111622890126	0.0917995510597	0.0910853278139	0.091376847506	0.215841180072	0.216555403317	0.0927324140746	0.190493542839	0.188686120747
158802708-stool2.freeze11.snv.filtered.bam	0.234075736816	0.233507273416	0.156589802641	0.0	0.0	0.0	0.22722502405	0.222648164884	0.228143311081	0.231583243448	0.125207707781	0.119275282045	0.233346937586	0.233376089555	0.217094714748	0.188380025071	0.112949304726	0.123021310089	0.21387342215	0.144695799201	0.158251464886	0.197985598927	0.195799201236	0.228653470542	0.209733842521	0.220141095531	0.226481648835	0.231043932018	0.19695070402	0.210797889397	0.200055388742	0.21665743521	0.0878057312771	0.0986502638253	0.099481094948	0.100326502055	0.127904264933	0.125674139288	0.126067690873	0.201294347433	0.2060606944	0.116432965047	0.116870244585	0.115004518555	0.116622452847	0.209121651168	0.190070839285	0.186237355333	0.184298749381	0.207241349153	0.226423344897	0.227166720112	0.117788531615	0.123444013643	0.262688394601	0.103722706469	0.090487712445	0.0889426580766	0.212751071335	0.212095152028	0.110223595604	0.0910415998601	0.0903273766143	0.0906334722911	0.214004606011	0.214850013118	0.0915517593213	0.188846456578	0.187272250241
158802708-stool3.freeze11.snv.filtered.bam	0.229877853249	0.229265661895	0.153208174212	0.0	0.0	0.0	0.223828819637	0.219266536455	0.224178643267	0.227574847681	0.121286767921	0.115296038247	0.229936157187	0.23000903711	0.213130046935	0.184750604903	0.109101244789	0.119144098184	0.210652129551	0.140701979419	0.154184765181	0.193816867329	0.1915721657	0.225475905897	0.206643733784	0.21700725884	0.222662740868	0.226598256712	0.192796548407	0.2068186456	0.195828353205	0.212153455966	0.0830685362796	0.0951228755502	0.0959828586421	0.0966970818879	0.124187388858	0.121957263213	0.122350814798	0.197081887882	0.201804506894	0.112672361018	0.113167944495	0.109538524327	0.11112730665	0.205098679416	0.186062443518	0.181995743812	0.180334081567	0.202781097863	0.221963093607	0.222706468822	0.114348599248	0.119945777337	0.259875229572	0.0998017666093	0.0868728682623	0.085356965863	0.208903011398	0.208232516106	0.106084015975	0.087441331662	0.0867416844008	0.0870186281083	0.209704690552	0.210768737428	0.08677083637	0.184881788765	0.182826574935
159166850-stool1.freeze11.snv.filtered.bam	0.260837244556	0.260239629187	0.192432148792	0.22871177448	0.22722502405	0.223828819637	0.0	0.0	0.268387604583	0.27147771332	0.246654811533	0.240430866105	0.00771069585751	0.00704020056555	0.263009066262	0.22817246305	0.233434393493	0.244453837857	0.233390665539	0.183438766289	0.196979855989	0.234221496662	0.232472378509	0.0393114304871	0.0373436725651	0.039836165933	0.251071334869	0.26198874734	0.239002419613	0.252558085299	0.244176894149	0.252776725068	0.214150365857	0.236845173891	0.237646853045	0.225782001574	0.247106667055	0.244861965426	0.245182637087	0.239818674751	0.242631839781	0.241596944874	0.242005072443	0.227501967758	0.230475468618	0.230519196572	0.216118123779	0.220651254992	0.23206425094	0.248126985978	0.23876920386	0.239395971198	0.238404804245	0.244657901641	0.266201206892	0.221963093607	0.235212663615	0.233536425386	0.251129638807	0.250357111623	0.190974550331	0.235635367169	0.235023175816	0.235285543538	0.228114159111	0.250502871469	0.188044777425	0.230679532402	0.221584118007
159166850-stool2.freeze11.snv.filtered.bam	0.256143777512	0.255546162143	0.188350873101	0.224032883421	0.222648164884	0.219266536455	0.0	0.0	0.263140250124	0.26625951083	0.241524064951	0.235256391569	0.0073317202577	0.00685071276565	0.25806780748	0.223537299945	0.228420254788	0.239395971198	0.229819549311	0.179138850829	0.192082325161	0.229455149695	0.227749759496	0.0389470308719	0.0370958808267	0.0391365186718	0.246596507594	0.257120368481	0.233973704924	0.247733434393	0.23930851529	0.248331049762	0.208932163368	0.231816459202	0.23263271434	0.220534647115	0.241771856689	0.239527155059	0.239818674751	0.235066903769	0.238025828645	0.236437046322	0.236772293968	0.222123429438	0.224994898405	0.226190129143	0.211861936274	0.215258140687	0.227429087835	0.243331487042	0.233813369093	0.234440136431	0.233142873801	0.239381395213	0.263388041862	0.216730315133	0.229877853249	0.228245342973	0.246130076087	0.245313820949	0.186091595487	0.230300556803	0.229732093403	0.229965309157	0.223304084191	0.245751100487	0.183351310381	0.226102673236	0.216992682856
159247771-stool1.freeze11.snv.filtered.bam	0.176558901554	0.176383989739	0.178993090983	0.230081917033	0.228143311081	0.224178643267	0.268387604583	0.263140250124	0.0	0.0	0.242558959858	0.2350377518	0.274771885841	0.275034253564	0.0560738127861	0.204078360493	0.228216191004	0.240168498382	0.243331487042	0.173512520771	0.177039909046	0.18432790135	0.183511646212	0.270195026674	0.252922484914	0.26217823514	0.174008104247	0.17373116054	0.0574002273854	0.0517010174037	0.0605923680145	0.172914905402	0.196936128035	0.230213100895	0.230898172172	0.210069090167	0.221190566423	0.219237384485	0.219558056147	0.18840917704	0.19027490307	0.239264787336	0.239847826721	0.216715739148	0.220199399469	0.208217940122	0.194020931114	0.166268256421	0.194618546483	0.192446724776	0.218362825409	0.219033320701	0.213625630411	0.21906247267	0.29839955689	0.211920240212	0.226933504358	0.225111506282	0.195230737836	0.194822610267	0.186601754949	0.227545695712	0.226904352389	0.227108416174	0.203553625047	0.166370288313	0.174722327493	0.193510771653	0.180815089059
159247771-stool2.freeze11.snv.filtered.bam	0.178818179168	0.178643267353	0.181456432382	0.233492697432	0.231583243448	0.227574847681	0.27147771332	0.26625951083	0.0	0.0	0.245794828441	0.238142436522	0.278051482378	0.278299274116	0.0569337958779	0.207008133399	0.231422907617	0.243331487042	0.246377867825	0.1757572224	0.179663586275	0.187286826225	0.186470571087	0.27350377518	0.256202081451	0.265428679707	0.176573477538	0.176107046031	0.0587995219077	0.0526047284494	0.0623706381366	0.175465702708	0.199428621403	0.233434393493	0.234090312801	0.213188350873	0.22428067516	0.222342069207	0.222662740868	0.191062006239	0.193000612191	0.242646415765	0.243258607119	0.220199399469	0.223770515698	0.211395504766	0.197169343789	0.16835262222	0.197183919774	0.195099553975	0.221263446346	0.221933941638	0.216788619071	0.222181733376	0.300731714427	0.215010348949	0.230475468618	0.228624318573	0.198043902866	0.197606623327	0.189356616039	0.231087659971	0.230431740664	0.230635804449	0.206177302277	0.168760749789	0.176981605107	0.196542576451	0.183263854473
159490532-stool1.freeze11.snv.filtered.bam	0.243593854765	0.243010815381	0.170116316357	0.126169722765	0.125207707781	0.121286767921	0.246654811533	0.241524064951	0.242558959858	0.245794828441	0.0	0.000437279538233	0.252732997114	0.252805877037	0.230111069003	0.198641518235	0.000670495291957	0.000655919307349	0.231422907617	0.1469696528	0.159111447978	0.207445412938	0.206148150308	0.247616826517	0.228216191004	0.238987843629	0.237807188876	0.240999329505	0.208640643675	0.227749759496	0.213800542227	0.226700288604	0.107177214821	0.124741276273	0.125703291257	0.125440923534	0.150118065475	0.148004547707	0.148223187476	0.210987377197	0.216744891117	0.0190799638516	0.0191528437746	0.13877794945	0.141926362126	0.223245780252	0.204544792001	0.199122525727	0.198175086727	0.222050549515	0.233303209632	0.234002856893	0.141678570387	0.1473486284	0.263708713524	0.123822989243	0.116170597324	0.114727574848	0.228682622511	0.228128735096	0.123006734105	0.116680756785	0.116097717401	0.116330933155	0.223551875929	0.224907442498	0.102221380054	0.211410080751	0.198495758388
159490532-stool2.freeze11.snv.filtered.bam	0.235256391569	0.2346587762	0.154928140396	0.120251873014	0.119275282045	0.115296038247	0.240430866105	0.235256391569	0.2350377518	0.238142436522	0.000437279538233	0.0	0.246086348133	0.246348715856	0.207722356645	0.191076582223	0.00110777483019	0.00182199807597	0.224878290529	0.131125557531	0.136679007667	0.188321721132	0.189866775501	0.241494912981	0.222050549515	0.232049674956	0.229863277264	0.233215753724	0.194968370113	0.219266536455	0.200186572603	0.218843832901	0.0940734046585	0.118415298953	0.118823426522	0.119260706061	0.14380666414	0.141693146372	0.141926362126	0.195886657144	0.205929510538	0.0194589394514	0.0197796111127	0.125091099904	0.131781476839	0.215287292657	0.196498848497	0.190945398362	0.190959974346	0.21292598315	0.22611724922	0.226860624435	0.135119377314	0.140935195172	0.260210477218	0.116301781185	0.110383931435	0.108940908958	0.219179080547	0.218625193132	0.109144972743	0.110966970819	0.110398507419	0.110646299158	0.215972363933	0.21646794741	0.0864064367548	0.202751945894	0.19065387867
159510762-stool1.freeze11.snv.filtered.bam	0.267381861645	0.266769670291	0.196134448882	0.234921143923	0.233346937586	0.229936157187	0.00771069585751	0.0073317202577	0.274771885841	0.278051482378	0.252732997114	0.246086348133	0.0	0.000102031892254	0.269509955397	0.234046584847	0.23930851529	0.250488295484	0.239614610967	0.184750604903	0.198758126111	0.240124770428	0.238273620383	0.042474419147	0.0391073667026	0.0414541002245	0.256741392881	0.268052356937	0.244045710288	0.259161006326	0.249978136023	0.259263038218	0.218945864793	0.24338979098	0.244235198088	0.23187476314	0.254030259744	0.251785558114	0.252091653791	0.246130076087	0.24898696907	0.247456490686	0.24787919424	0.234250648631	0.237399061307	0.236743141999	0.222065125499	0.225782001574	0.237836340845	0.254307203452	0.244949421333	0.245517884733	0.245124333149	0.251377430545	0.272527184211	0.228303646911	0.241655248812	0.239920706644	0.257411888173	0.256624785004	0.194093811037	0.242077952366	0.241465761012	0.241728128735	0.233594729324	0.256974608635	0.192854852345	0.235664519138	0.22722502405
159510762-stool2.freeze11.snv.filtered.bam	0.267542197475	0.266915430137	0.197766959158	0.234935719908	0.233376089555	0.23000903711	0.00704020056555	0.00685071276565	0.275034253564	0.278299274116	0.252805877037	0.246348715856	0.000102031892254	0.0	0.270326210536	0.234236072647	0.239381395213	0.250517447454	0.239352243244	0.188525784917	0.202504154156	0.240401714136	0.238594292044	0.0414395242399	0.0389470308719	0.0412208844707	0.256814272804	0.268270996706	0.246042620179	0.259671165787	0.251464886453	0.259481677987	0.220403463254	0.243564702796	0.244366381949	0.232005947002	0.254248899513	0.252004197884	0.25231029356	0.246465323733	0.249263912777	0.247412762732	0.247835466286	0.234702504154	0.237719732968	0.23709296563	0.222429525114	0.225942337405	0.238113284552	0.254627875113	0.244949421333	0.245532460718	0.24544500481	0.251683526222	0.271973296796	0.228478558727	0.241873888581	0.240124770428	0.257761711804	0.25696003265	0.196061568959	0.24228201615	0.241669824797	0.24193219252	0.233711337201	0.257236976358	0.194341602775	0.235897734892	0.227487391773
159551223-stool2.freeze11.snv.filtered.bam	0.170495291957	0.170276652188	0.159607031455	0.219091624639	0.217094714748	0.213130046935	0.263009066262	0.25806780748	0.0560738127861	0.0569337958779	0.230111069003	0.207722356645	0.269509955397	0.270326210536	0.0	0.19770865522	0.217940121855	0.230052765064	0.242048800396	0.142217881818	0.148208611492	0.17205492231	0.173629128648	0.266434422645	0.248520537562	0.256653936973	0.167536367082	0.169679036819	0.0119085794245	0.00739002419613	0.0134827857622	0.166924175728	0.137772206513	0.214573069411	0.212226335889	0.199603533219	0.208626067691	0.206585429846	0.206964405446	0.179342914614	0.18208319972	0.228274494942	0.228959566219	0.185450252165	0.205404775093	0.203597353001	0.189312888086	0.16053989447	0.185333644288	0.185800075795	0.211861936274	0.212459551643	0.201396379325	0.206891525523	0.295761303676	0.197227647728	0.216205579687	0.214427309565	0.188146809317	0.187826137656	0.160977174008	0.216992682856	0.216293035595	0.216540827333	0.198320846573	0.160714806285	0.144433431478	0.187388858117	0.174372503863
159571453-stool1.freeze11.snv.filtered.bam	0.192781972422	0.192607060607	0.149462146168	0.189968807393	0.188380025071	0.184750604903	0.22817246305	0.223537299945	0.204078360493	0.207008133399	0.198641518235	0.191076582223	0.234046584847	0.234236072647	0.19770865522	0.0	0.186426843133	0.196630032359	0.216642859225	0.140701979419	0.144506311401	0.150599072967	0.149535026091	0.231364603679	0.214339853657	0.223814243652	0.200696732064	0.194603970498	0.171384427018	0.191411829869	0.178686995307	0.18746173804	0.15848468064	0.182564207212	0.183278430458	0.180829665044	0.197271375681	0.195157857913	0.195376497682	0.158193160948	0.160058886978	0.19343789173	0.193816867329	0.174518263709	0.177083637	0.171982042387	0.158426376702	0.148121155584	0.163119843745	0.168075678512	0.175538582631	0.176267381862	0.190566422762	0.196323936682	0.278619945777	0.166341136344	0.193044340145	0.191251494038	0.169751916742	0.169212605311	0.146197125616	0.193539923622	0.192884004314	0.193233827945	0.16500014576	0.182505903274	0.108080925867	0.132218756377	0.142451097572
159591683-stool1.freeze11.snv.filtered.bam	0.228653470542	0.22817246305	0.160569046439	0.113780135848	0.112949304726	0.109101244789	0.233434393493	0.228420254788	0.228216191004	0.231422907617	0.000670495291957	0.00110777483019	0.23930851529	0.239381395213	0.217940121855	0.186426843133	0.0	0.0	0.217940121855	0.14326735271	0.15718741801	0.195187009883	0.193641955514	0.234381832493	0.215403900533	0.225811153543	0.223726787745	0.226714864589	0.197227647728	0.213465294581	0.200973675772	0.212969711104	0.0988251756406	0.112089321634	0.113109640556	0.113794711833	0.137262047051	0.135177681252	0.135410897006	0.198102206804	0.202839401802	0.0176952453138	0.0177389732676	0.123866717197	0.125849051103	0.209442322829	0.191222342069	0.187068186456	0.184983820657	0.207838964522	0.2197912719	0.220505495146	0.129201527563	0.134609217853	0.252630965222	0.11258490511	0.104509809638	0.103110515115	0.214529341457	0.214019181996	0.115296038247	0.105019969099	0.104451505699	0.104670145468	0.209704690552	0.210739585459	0.0953706672886	0.197373407574	0.185202460426
159591683-stool2.freeze11.snv.filtered.bam	0.241247121243	0.24063492989	0.171661370726	0.123968749089	0.123021310089	0.119144098184	0.244453837857	0.239395971198	0.240168498382	0.243331487042	0.000655919307349	0.00182199807597	0.250488295484	0.250517447454	0.230052765064	0.196630032359	0.0	0.0	0.228988718188	0.155088476227	0.168906509635	0.207051861353	0.205244439262	0.245415852841	0.226000641343	0.23690347783	0.235358423462	0.238740051891	0.209340290937	0.225228114159	0.212853103227	0.224528466898	0.11017986765	0.122409118736	0.123444013643	0.123152493951	0.147946243769	0.145847301985	0.146036789785	0.209748418506	0.214704253272	0.0188175961286	0.0188613240824	0.136985103344	0.139215228989	0.221030230592	0.202416698248	0.197183919774	0.196061568959	0.219660088039	0.23114596391	0.231845611171	0.139492172696	0.145089350786	0.261930443401	0.121957263213	0.11388216774	0.112453721249	0.226583680728	0.226015217328	0.125630411334	0.114406903186	0.113838439787	0.11407165554	0.220957350669	0.222589860945	0.106331807714	0.209136227152	0.196236480774
159611913-stool1.freeze11.snv.filtered.bam	0.248768329301	0.248170713932	0.114348599248	0.21517068478	0.21387342215	0.210652129551	0.233390665539	0.229819549311	0.243331487042	0.246377867825	0.231422907617	0.224878290529	0.239614610967	0.239352243244	0.242048800396	0.216642859225	0.217940121855	0.228988718188	0.0	0.175159607031	0.188875608547	0.218814680932	0.216147275748	0.234585896277	0.220213975454	0.229717517418	0.237588549106	0.247616826517	0.220811590823	0.233536425386	0.225665393697	0.235343847477	0.197242223712	0.219703815993	0.220680406961	0.202883129755	0.225038626359	0.223041716468	0.223304084191	0.222939684576	0.225796577559	0.226700288604	0.22722502405	0.211147713028	0.213232078827	0.228318222896	0.213202926858	0.202868553771	0.217080138763	0.229877853249	0.238754627875	0.239395971198	0.218129609655	0.223478996006	0.261157916217	0.202853977786	0.215957787949	0.214369005626	0.229673789464	0.229061598111	0.142421945602	0.21646794741	0.21589948401	0.216074395825	0.232603562371	0.234032008862	0.174868087339	0.210725009474	0.205623414862
159753524-stool2.freeze11.snv.filtered.bam	0.16500014576	0.164183890622	0.105034545084	0.146313733493	0.144695799201	0.140701979419	0.183438766289	0.179138850829	0.173512520771	0.1757572224	0.1469696528	0.131125557531	0.184750604903	0.188525784917	0.142217881818	0.140701979419	0.14326735271	0.155088476227	0.175159607031	0.0	5.8303938431e-05	0.11388216774	0.113255400402	0.189429495962	0.170466139988	0.170451564003	0.164985569775	0.163484243361	0.12561583535	0.152785470659	0.13042591027	0.155496603796	0.109436492435	0.138573885666	0.135848176544	0.132947555607	0.151910911582	0.149986881614	0.150176369414	0.0920619187826	0.0988543276098	0.151386176136	0.152246159228	0.114567239017	0.119872897414	0.152566830889	0.136722735621	0.108445325482	0.141153834942	0.114625542955	0.153281054135	0.154068157304	0.143136168848	0.149199778445	0.200900795849	0.125105675888	0.145570358278	0.144229367694	0.128122904702	0.127918840918	0.0987814476868	0.146546949246	0.145963909862	0.146372037431	0.145643238201	0.148616739061	0.0922951345363	0.134303122176	0.132758067807
159753524-stool3.freeze11.snv.filtered.bam	0.166035040667	0.165626913098	0.108226685713	0.159986007055	0.158251464886	0.154184765181	0.196979855989	0.192082325161	0.177039909046	0.179663586275	0.159111447978	0.136679007667	0.198758126111	0.202504154156	0.148208611492	0.144506311401	0.15718741801	0.168906509635	0.188875608547	5.8303938431e-05	0.0	0.111870681865	0.111550010203	0.20289770574	0.183234702504	0.183715709996	0.169198029327	0.165524881206	0.123079614028	0.155292540011	0.128603912194	0.158703320409	0.11464011894	0.151167536367	0.145701542139	0.145220534647	0.161691397254	0.159796519255	0.160088038947	0.0916100632598	0.0968282657494	0.165699793021	0.166559776113	0.120995248229	0.130411334286	0.156385738857	0.140512491619	0.107483310498	0.1469696528	0.110354779465	0.156108795149	0.15683759438	0.153149870274	0.15924263184	0.229134478034	0.135061073376	0.158499256625	0.156968778241	0.125353467627	0.124974492027	0.107847710113	0.15924263184	0.158717896394	0.159184327901	0.149637057983	0.150365857214	0.0986356878407	0.136795615544	0.136766463575
160158126-stool1.freeze11.snv.filtered.bam	0.168833629712	0.168571261989	0.138501005743	0.199530653296	0.197985598927	0.193816867329	0.234221496662	0.229455149695	0.18432790135	0.187286826225	0.207445412938	0.188321721132	0.240124770428	0.240401714136	0.17205492231	0.150599072967	0.195187009883	0.207051861353	0.218814680932	0.11388216774	0.111870681865	0.0	0.000204063784509	0.237559397137	0.219281112439	0.228653470542	0.181645920182	0.172142378218	0.131315045331	0.17056817188	0.144112759817	0.170276652188	0.152625134828	0.19454566656	0.194268722852	0.177316852753	0.191164038131	0.189108824301	0.189385768009	0.114581815002	0.117424132	0.205608838877	0.206308486138	0.171049179372	0.178031075999	0.163046963822	0.149141474507	0.110150715681	0.160569046439	0.117817683585	0.169416669096	0.170160044311	0.184969244672	0.1906247267	0.288619071218	0.174970119232	0.193102644084	0.191353525931	0.12356062152	0.123079614028	0.137349502959	0.193612803545	0.193015188176	0.193233827945	0.15886365624	0.159767367286	0.121097280121	0.134871585576	0.142436521587
160158126-stool2.freeze11.snv.filtered.bam	0.168760749789	0.16851295805	0.139331836866	0.197242223712	0.195799201236	0.1915721657	0.232472378509	0.227749759496	0.183511646212	0.186470571087	0.206148150308	0.189866775501	0.238273620383	0.238594292044	0.173629128648	0.149535026091	0.193641955514	0.205244439262	0.216147275748	0.113255400402	0.111550010203	0.000204063784509	0.0	0.2354167274	0.217488266332	0.226729440574	0.181368976474	0.171880010495	0.134128210361	0.170772235665	0.146984228785	0.169926828557	0.152625134828	0.192636212576	0.192694516515	0.175873830277	0.189240008163	0.187213946302	0.187432586071	0.115106550447	0.117190916246	0.203728536863	0.20438445617	0.171282395126	0.176602629508	0.1622161327	0.148587587092	0.109728012127	0.159461271609	0.117001428446	0.169125149404	0.169853948634	0.183147246597	0.188802728624	0.285601842404	0.174037256217	0.191295221992	0.189604407778	0.122686062444	0.122205054951	0.136664431682	0.191790805469	0.191134886162	0.191368101915	0.158455528671	0.159986007055	0.120849488383	0.133370259161	0.141459930618
160178356-stool1.freeze11.snv.filtered.bam	0.264714456462	0.264175145031	0.19603241699	0.23003818908	0.228653470542	0.225475905897	0.0393114304871	0.0389470308719	0.270195026674	0.27350377518	0.247616826517	0.241494912981	0.042474419147	0.0414395242399	0.266434422645	0.231364603679	0.234381832493	0.245415852841	0.234585896277	0.189429495962	0.20289770574	0.237559397137	0.2354167274	0.0	0.0	0.00164708626068	0.253432644375	0.264466664723	0.243448094919	0.255619042066	0.248199865901	0.256566481066	0.220039063639	0.241392881089	0.242340320089	0.230460892633	0.250109319885	0.247966650147	0.248258169839	0.244424685888	0.246844299332	0.243477246888	0.243754190596	0.231568667463	0.23411946477	0.233682185232	0.219120776608	0.224411859021	0.238157012506	0.252718421129	0.243987406349	0.244555869749	0.242005072443	0.248156137947	0.267921173075	0.224601346821	0.238215316445	0.236437046322	0.255633618051	0.254963122759	0.194122963006	0.23857971606	0.237952948722	0.238288196368	0.232516106463	0.25493397079	0.193860595283	0.235096055739	0.229863277264
160178356-stool2.freeze11.snv.filtered.bam	0.247179546978	0.246669387517	0.179590706352	0.21106025712	0.209733842521	0.206643733784	0.0373436725651	0.0370958808267	0.252922484914	0.256202081451	0.228216191004	0.222050549515	0.0391073667026	0.0389470308719	0.248520537562	0.214339853657	0.215403900533	0.226000641343	0.220213975454	0.170466139988	0.183234702504	0.219281112439	0.217488266332	0.0	0.0	0.000204063784509	0.236874325861	0.247062939102	0.225475905897	0.238477684168	0.230169372941	0.239789522782	0.198539486342	0.221336326269	0.222269189284	0.21124974492	0.230533772556	0.22836195085	0.228653470542	0.226219281112	0.228726350465	0.224236947206	0.224513890913	0.210156546075	0.212765647319	0.216788619071	0.202577034079	0.207285077107	0.221059382561	0.234192344693	0.227210448066	0.227749759496	0.222502405037	0.22855143865	0.257572224004	0.205419351077	0.218289945486	0.216569979302	0.237573973122	0.236947205784	0.174751479462	0.218698073055	0.218085881701	0.218377401393	0.215928635979	0.237603125091	0.17354167274	0.217794362009	0.213188350873
160178356-stool3.freeze11.snv.filtered.bam	0.257003760604	0.256493601143	0.184502813165	0.221584118007	0.220141095531	0.21700725884	0.039836165933	0.0391365186718	0.26217823514	0.265428679707	0.238987843629	0.232049674956	0.0414541002245	0.0412208844707	0.256653936973	0.223814243652	0.225811153543	0.23690347783	0.229717517418	0.170451564003	0.183715709996	0.228653470542	0.226729440574	0.00164708626068	0.000204063784509	0.0	0.244949421333	0.256653936973	0.231466635571	0.247514794624	0.237501093199	0.249191032854	0.205608838877	0.232341194648	0.233084569863	0.221817333761	0.241465761012	0.239293939306	0.239585458998	0.235577063231	0.238638019998	0.234979447862	0.2352272396	0.220680406961	0.224426435006	0.226175553159	0.211468384689	0.216453371425	0.230460892633	0.244176894149	0.236757717984	0.237340757368	0.233230329709	0.239323091275	0.264903944261	0.215739148179	0.229338541818	0.22760399965	0.247514794624	0.246844299332	0.179255458706	0.229746669388	0.229105326065	0.229425997726	0.225111506282	0.246858875317	0.179838498091	0.228026703204	0.222210885345
160421117-stool1.freeze11.snv.filtered.bam	0.174518263709	0.174314199924	0.174576567647	0.22817246305	0.226481648835	0.222662740868	0.251071334869	0.246596507594	0.174008104247	0.176573477538	0.237807188876	0.229863277264	0.256741392881	0.256814272804	0.167536367082	0.200696732064	0.223726787745	0.235358423462	0.237588549106	0.164985569775	0.169198029327	0.181645920182	0.181368976474	0.253432644375	0.236874325861	0.244949421333	0.0	0.173337608955	0.150569920998	0.162245284669	0.155715243565	0.170262076203	0.192548756669	0.226700288604	0.227210448066	0.207139317261	0.217284202548	0.215418476518	0.215666268256	0.186878698656	0.188205113255	0.234075736816	0.2346587762	0.207678628691	0.210841617351	0.199239133603	0.185654315949	0.161997492931	0.192694516515	0.189021368393	0.206585429846	0.207124741276	0.209996210244	0.215287292657	0.293137626447	0.207664052707	0.22406203539	0.222196309361	0.191324373961	0.190959974346	0.18059644929	0.224543042883	0.223916275544	0.22409118736	0.193539923622	0.161939188992	0.171399003003	0.190129143224	0.175844678308
160502038-stool1.freeze11.snv.filtered.bam	0.152595982859	0.152406495059	0.177418884646	0.23263271434	0.231043932018	0.226598256712	0.26198874734	0.257120368481	0.17373116054	0.176107046031	0.240999329505	0.233215753724	0.268052356937	0.268270996706	0.169679036819	0.194603970498	0.226714864589	0.238740051891	0.247616826517	0.163484243361	0.165524881206	0.172142378218	0.171880010495	0.264466664723	0.247062939102	0.256653936973	0.173337608955	0.0	0.149126898522	0.1618371571	0.155613211672	0.148573011107	0.195609713436	0.230752412325	0.231073083987	0.208742675568	0.216584555287	0.21479170918	0.215024924934	0.172842025479	0.173789464478	0.237559397137	0.23820074046	0.213713086319	0.217473690348	0.198408302481	0.184736028919	0.153878669504	0.187578345917	0.175655190508	0.201134011602	0.201673323033	0.20995248229	0.215097804857	0.300906626243	0.209427746844	0.227633151619	0.225782001574	0.180319505583	0.179809346121	0.185391948226	0.22817246305	0.227487391773	0.227851791389	0.190683030639	0.14307786491	0.17113663528	0.184925516719	0.169023117512
160582958-stool1.freeze11.snv.filtered.bam	0.149986881614	0.149666209952	0.140731131388	0.198714398158	0.19695070402	0.192796548407	0.239002419613	0.233973704924	0.0574002273854	0.0587995219077	0.208640643675	0.194968370113	0.244045710288	0.246042620179	0.0119085794245	0.171384427018	0.197227647728	0.209340290937	0.220811590823	0.12561583535	0.123079614028	0.131315045331	0.134128210361	0.243448094919	0.225475905897	0.231466635571	0.150569920998	0.149126898522	0.0	0.00479549893595	0.00132641459931	0.146751013031	0.147508964231	0.19492464216	0.191630469638	0.179095122876	0.190289479054	0.188205113255	0.188554936886	0.138763373466	0.14475410314	0.207722356645	0.208349123983	0.167755006851	0.180290353613	0.176456869662	0.162245284669	0.127088009795	0.164300498499	0.152114975367	0.184021805673	0.184692300965	0.183307582427	0.189152552255	0.280529399761	0.176048742093	0.196877824097	0.195143281929	0.148208611492	0.147946243769	0.1465906772	0.197577471358	0.196936128035	0.197227647728	0.172011194356	0.137947118328	0.133472291053	0.162201556715	0.149724513891
160582958-stool2.freeze11.snv.filtered.bam	0.164096434714	0.163979826837	0.166851295805	0.21254700755	0.210797889397	0.2068186456	0.252558085299	0.247733434393	0.0517010174037	0.0526047284494	0.227749759496	0.219266536455	0.259161006326	0.259671165787	0.00739002419613	0.191411829869	0.213465294581	0.225228114159	0.233536425386	0.152785470659	0.155292540011	0.17056817188	0.170772235665	0.255619042066	0.238477684168	0.247514794624	0.162245284669	0.1618371571	0.00479549893595	0.0	0.00418330758243	0.160277526747	0.17502842317	0.212619887473	0.213144622919	0.196294784713	0.2060606944	0.204122088447	0.204457336093	0.172156954202	0.174095560155	0.223960003498	0.224601346821	0.198029326881	0.201935690756	0.195172433898	0.181194064659	0.153470541935	0.179853074075	0.177258548815	0.203801416786	0.204340728216	0.199763869049	0.205229863277	0.284960499082	0.195857505174	0.21273649535	0.21089992129	0.180100865813	0.179809346121	0.16832347025	0.213421566627	0.212780223304	0.212955135119	0.191513861761	0.154155613212	0.15718741801	0.181019152844	0.168031950558
160582958-stool3.freeze11.snv.filtered.bam	0.156400314841	0.156137947118	0.146109669708	0.201921114771	0.200055388742	0.195828353205	0.244176894149	0.23930851529	0.0605923680145	0.0623706381366	0.213800542227	0.200186572603	0.249978136023	0.251464886453	0.0134827857622	0.178686995307	0.200973675772	0.212853103227	0.225665393697	0.13042591027	0.128603912194	0.144112759817	0.146984228785	0.248199865901	0.230169372941	0.237501093199	0.155715243565	0.155613211672	0.00132641459931	0.00418330758243	0.0	0.152741742705	0.149287234353	0.199049645804	0.197592047343	0.182126927674	0.19435617876	0.192242660992	0.192650788561	0.150846864706	0.155467451826	0.211191440982	0.211745328397	0.17243389791	0.183963501735	0.183861469842	0.168993965542	0.136270880098	0.169518700988	0.161283269685	0.190857942454	0.191499285777	0.187315978194	0.193175524007	0.283109349037	0.180290353613	0.199588957234	0.197694079235	0.159767367286	0.15940296767	0.150016033583	0.200259452526	0.199574381249	0.199822172988	0.178628691368	0.144929014955	0.135891904498	0.168206862374	0.155933883334
160603188-stool2.freeze11.snv.filtered.bam	0.158251464886	0.158193160948	0.167478063143	0.218246217532	0.21665743521	0.212153455966	0.252776725068	0.248331049762	0.172914905402	0.175465702708	0.226700288604	0.218843832901	0.259263038218	0.259481677987	0.166924175728	0.18746173804	0.212969711104	0.224528466898	0.235343847477	0.155496603796	0.158703320409	0.170276652188	0.169926828557	0.256566481066	0.239789522782	0.249191032854	0.170262076203	0.148573011107	0.146751013031	0.160277526747	0.152741742705	0.0	0.182054047751	0.216832347025	0.217357082471	0.195595137452	0.205900358569	0.20400548057	0.204326152232	0.170772235665	0.172565081771	0.224207795237	0.224513890913	0.201075707664	0.204442760108	0.192213509023	0.17892021106	0.151152960382	0.181879135936	0.174241320001	0.19751916742	0.198131358773	0.199253709588	0.204180392386	0.289333294464	0.201090283649	0.215666268256	0.213858846165	0.17724397283	0.176617205492	0.17224441011	0.216220155672	0.215462204472	0.215812028102	0.186077019503	0.14307786491	0.159228055855	0.178074803953	0.16313441973
246515023-stool1.freeze11.snv.filtered.bam	0.196251056759	0.19565344139	0.117249220185	0.0890592659534	0.0878057312771	0.0830685362796	0.214150365857	0.208932163368	0.196936128035	0.199428621403	0.107177214821	0.0940734046585	0.218945864793	0.220403463254	0.137772206513	0.15848468064	0.0988251756406	0.11017986765	0.197242223712	0.109436492435	0.11464011894	0.152625134828	0.152625134828	0.220039063639	0.198539486342	0.205608838877	0.192548756669	0.195609713436	0.147508964231	0.17502842317	0.149287234353	0.182054047751	0.0	0.00677783284261	0.0052619304434	0.081829577588	0.111520858234	0.109232428651	0.109523948343	0.146707285077	0.161997492931	0.102425443839	0.103110515115	0.0713785966242	0.0741480336997	0.180159169752	0.160481590531	0.153266478151	0.149126898522	0.175276214908	0.198714398158	0.199574381249	0.09996210244	0.106769087252	0.251319126607	0.0789872605895	0.0784916771128	0.077034078652	0.180202897706	0.179751042183	0.0801387633735	0.0792933562662	0.0785499810512	0.0790018365741	0.181339824505	0.176864997231	0.0313092149375	0.158251464886	0.155307115996
246515023-stool2.freeze11.snv.filtered.bam	0.232588986386	0.231976795033	0.155977611288	0.0995977028248	0.0986502638253	0.0951228755502	0.236845173891	0.231816459202	0.230213100895	0.233434393493	0.124741276273	0.118415298953	0.24338979098	0.243564702796	0.214573069411	0.182564207212	0.112089321634	0.122409118736	0.219703815993	0.138573885666	0.151167536367	0.19454566656	0.192636212576	0.241392881089	0.221336326269	0.232341194648	0.226700288604	0.230752412325	0.19492464216	0.212619887473	0.199049645804	0.216832347025	0.00677783284261	0.0	0.000116607876862	0.0971780893799	0.128093752733	0.125688715273	0.126053114888	0.197417135528	0.202475002186	0.113998775617	0.114334023263	0.108561933359	0.110442235373	0.208990467306	0.189575255809	0.183511646212	0.172652537679	0.205754598723	0.229032446142	0.229790397341	0.117132612308	0.122963006151	0.265210039938	0.0979651925488	0.0906917762295	0.0892779057225	0.212124303997	0.211497536659	0.105690464391	0.091303967583	0.0904731364604	0.0908375360756	0.213217502842	0.215024924934	0.0512928898347	0.188613240824	0.185231612395
