	158944319-anteriornares3.freeze11.snv.filtered.bam	159207311-anteriornares2.freeze11.snv.filtered.bam	159591683-leftretroauricularcrease1.freeze11.snv.filtered.bam	159591683-leftretroauricularcrease2.freeze11.snv.filtered.bam	159591683-rightretroauricularcrease1.freeze11.snv.filtered.bam	159591683-rightretroauricularcrease2.freeze11.snv.filtered.bam	159753524-lretroauricularcrease2.freeze11.snv.filtered.bam	159753524-lretroauricularcrease3.freeze11.snv.filtered.bam	159753524-rretroauricularcrease2.freeze11.snv.filtered.bam	159753524-rretroauricularcrease3.freeze11.snv.filtered.bam	160178356-lretroauricularcrease2.freeze11.snv.filtered.bam	160178356-lretroauricularcrease3.freeze11.snv.filtered.bam	160319967-anteriornares2.freeze11.snv.filtered.bam	160319967-anteriornares3.freeze11.snv.filtered.bam	160319967-lretroauricularcrease2.freeze11.snv.filtered.bam	160319967-lretroauricularcrease3.freeze11.snv.filtered.bam	160421117-anteriornares2.freeze11.snv.filtered.bam	160502038-anteriornares3.freeze11.snv.filtered.bam	160502038-lretroauricularcrease2.freeze11.snv.filtered.bam	160502038-lretroauricularcrease3.freeze11.snv.filtered.bam	160603188-lretroauricularcrease2.freeze11.snv.filtered.bam	160603188-lretroauricularcrease3.freeze11.snv.filtered.bam	604812005-anteriornares1.freeze11.snv.filtered.bam	686765762-anteriornares1.freeze11.snv.filtered.bam	686765762-anteriornares3.freeze11.snv.filtered.bam	764325968-anteriornares1.freeze11.snv.filtered.bam
158944319-anteriornares3.freeze11.snv.filtered.bam	0.0	0.0311200988653	0.0634479271992	0.083558027188	0.121727895742	0.117964273677	0.0492641276261	0.10664532075	0.0210931356027	0.0391809908999	0.109875294911	0.123272665993	0.0510055049994	0.0623525446579	0.0878552971576	0.0967026176834	0.050752724413	0.0330299966296	0.0990057296933	0.098724862375	0.0513425457814	0.0810021345916	0.0130603303	0.102769351758	0.0950455005056	0.00859453993933
159207311-anteriornares2.freeze11.snv.filtered.bam	0.0311200988653	0.0	0.00598247387934	0.0132007639591	0.080608920346	0.0731940231435	0.0277216043141	0.0699078755196	0.0260364004044	0.0242388495675	0.0160375238737	0.0167396921694	0.0199977530615	0.0257555330862	0.0187057633974	0.0401640265139	0.0292944612965	0.00230311200989	0.00814515223009	0.00367936186945	0.0228345129761	0.0454443320975	0.0178069879789	0.0627176721717	0.054010785305	0.0136220649365
159591683-leftretroauricularcrease1.freeze11.snv.filtered.bam	0.0634479271992	0.00598247387934	0.0	0.0	0.0282833389507	0.0124705089316	0.0325244354567	0.067239635996	0.0461465003932	0.0432254802831	0.00589821368386	0.0053364790473	0.0166835187058	0.0202224469161	0.0121615548815	0.0313447927199	0.0333670374115	0.00269632625548	0.00244354566903	0.00112346927312	0.00578586675654	0.0105606111673	0.0259802269408	0.0606673407482	0.0481968318166	0.0263172677227
159591683-leftretroauricularcrease2.freeze11.snv.filtered.bam	0.083558027188	0.0132007639591	0.0	0.0	0.00308954050107	0.0012077294686	0.0475508369846	0.0830243792832	0.0733625435344	0.0768733850129	0.00325806089203	0.00356701494214	0.0228625997079	0.0250814515223	0.0155319627008	0.0369902258173	0.0544320862824	0.00752724412987	0.00216267835075	0.00174137737333	0.0126109425907	0.0191551511066	0.0449949443883	0.0767891248174	0.0618188967532	0.032468261993
159591683-rightretroauricularcrease1.freeze11.snv.filtered.bam	0.121727895742	0.080608920346	0.0282833389507	0.00308954050107	0.0	0.0	0.0903550162903	0.135181440288	0.113975957758	0.122233456915	0.0891753735535	0.0949331535782	0.0888383327716	0.0927704752275	0.0937815975733	0.122739018088	0.0953825412875	0.0778283338951	0.0856083586114	0.0788675429727	0.00542073924278	0.0048309178744	0.0928266486912	0.131193124368	0.120604426469	0.10279743849
159591683-rightretroauricularcrease2.freeze11.snv.filtered.bam	0.117964273677	0.0731940231435	0.0124705089316	0.0012077294686	0.0	0.0	0.0849342770475	0.131670598809	0.107937310415	0.117318278845	0.0808897876643	0.0869565217391	0.0841759352882	0.0865633074935	0.0879957308168	0.117964273677	0.0903550162903	0.0700763959106	0.0765082574992	0.068868666442	0.00339849455117	0.00398831591956	0.0871812155938	0.127429502303	0.11723401865	0.0983316481294
159753524-lretroauricularcrease2.freeze11.snv.filtered.bam	0.0492641276261	0.0277216043141	0.0325244354567	0.0475508369846	0.0903550162903	0.0849342770475	0.0	0.0	0.0247724974722	0.0228906864397	0.0679698910235	0.0764520840355	0.00303336703741	0.00275249971913	0.0174137737333	0.0022188518144	0.00193798449612	0.0258397932817	0.0745140995394	0.0691776204921	0.0292663745647	0.0536456577913	0.00536456577913	0.00199415795978	0.00275249971913	0.0303336703741
159753524-lretroauricularcrease3.freeze11.snv.filtered.bam	0.10664532075	0.0699078755196	0.067239635996	0.0830243792832	0.135181440288	0.131670598809	0.0	0.0	0.086647567689	0.0984439950567	0.0915346590271	0.0953263678238	0.00662846871138	0.00581395348837	0.0247444107404	0.00598247387934	0.0183968093473	0.0664812942366	0.107319402314	0.1044826424	0.0786428491181	0.10187057634	0.050752724413	0.00424109650601	0.00387596899225	0.0839231547017
159753524-rretroauricularcrease2.freeze11.snv.filtered.bam	0.0210931356027	0.0260364004044	0.0461465003932	0.0733625435344	0.113975957758	0.107937310415	0.0247724974722	0.086647567689	0.0	2.80867318279e-05	0.117177845186	0.129339400067	0.0571003258061	0.0663970340411	0.0907763172677	0.0943433322099	0.0172452533423	0.026766655432	0.10248848444	0.0981631277385	0.0322716548702	0.0589540501067	0.00570160656106	0.0867599146163	0.082406471183	0.0370744860128
159753524-rretroauricularcrease3.freeze11.snv.filtered.bam	0.0391809908999	0.0242388495675	0.0432254802831	0.0768733850129	0.122233456915	0.117318278845	0.0228906864397	0.0984439950567	2.80867318279e-05	0.0	0.121587462083	0.132794068082	0.0623525446579	0.0716773396248	0.0932479496686	0.0992304235479	0.0149140546006	0.0236771149309	0.108246264465	0.103387259858	0.031176272329	0.0593191776205	0.00637568812493	0.096112796315	0.0897932816537	0.0485057858668
160178356-lretroauricularcrease2.freeze11.snv.filtered.bam	0.109875294911	0.0160375238737	0.00589821368386	0.00325806089203	0.0891753735535	0.0808897876643	0.0679698910235	0.0915346590271	0.117177845186	0.121587462083	0.0	2.80867318279e-05	0.0256431861589	0.0279182114369	0.00671272890686	0.0180878552972	0.0787832827772	0.00971800921245	0.00129198966408	0.0017132906415	0.0648522637906	0.0870407819346	0.0730255027525	0.0823222109875	0.0641500954949	0.038843950118
160178356-lretroauricularcrease3.freeze11.snv.filtered.bam	0.123272665993	0.0167396921694	0.0053364790473	0.00356701494214	0.0949331535782	0.0869565217391	0.0764520840355	0.0953263678238	0.129339400067	0.132794068082	2.80867318279e-05	0.0	0.0288450735872	0.0296595888102	0.00387596899225	0.0107010448264	0.0883889450624	0.00904392764858	0.000954948882148	0.00146051005505	0.0760588697899	0.0984720817886	0.0840916750927	0.0882204246714	0.0692899674194	0.0477193573756
160319967-anteriornares2.freeze11.snv.filtered.bam	0.0510055049994	0.0199977530615	0.0166835187058	0.0228625997079	0.0888383327716	0.0841759352882	0.00303336703741	0.00662846871138	0.0571003258061	0.0623525446579	0.0256431861589	0.0288450735872	0.0	0.000814515223009	0.00227502527806	0.000617908100213	0.0133973710819	0.016486911583	0.0295753286148	0.0210931356027	0.0305021907651	0.0508650713403	0.0174418604651	0.0048309178744	0.00401640265139	0.026766655432
160319967-anteriornares3.freeze11.snv.filtered.bam	0.0623525446579	0.0257555330862	0.0202224469161	0.0250814515223	0.0927704752275	0.0865633074935	0.00275249971913	0.00581395348837	0.0663970340411	0.0716773396248	0.0279182114369	0.0296595888102	0.000814515223009	0.0	0.0022188518144	0.000477474441074	0.015335355578	0.0235085945399	0.0353050219077	0.0241265026402	0.0327772160431	0.0491517806988	0.022357038535	0.00474665767891	0.00370744860128	0.0364284911808
160319967-lretroauricularcrease2.freeze11.snv.filtered.bam	0.0878552971576	0.0187057633974	0.0121615548815	0.0155319627008	0.0937815975733	0.0879957308168	0.0174137737333	0.0247444107404	0.0907763172677	0.0932479496686	0.00671272890686	0.00387596899225	0.00227502527806	0.0022188518144	0.0	0.0	0.0281709920234	0.0148297944051	0.00898775418492	0.0019098977643	0.0451915515111	0.0689810133693	0.0432535670149	0.0183125491518	0.0105044377036	0.0475227502528
160319967-lretroauricularcrease3.freeze11.snv.filtered.bam	0.0967026176834	0.0401640265139	0.0313447927199	0.0369902258173	0.122739018088	0.117964273677	0.0022188518144	0.00598247387934	0.0943433322099	0.0992304235479	0.0180878552972	0.0107010448264	0.000617908100213	0.000477474441074	0.0	0.0	0.0197730592068	0.0360914503988	0.0307830580834	0.0140714526458	0.0633355802719	0.0847095831929	0.0425233119874	0.00365127513762	0.0017132906415	0.0667340748231
160421117-anteriornares2.freeze11.snv.filtered.bam	0.050752724413	0.0292944612965	0.0333670374115	0.0544320862824	0.0953825412875	0.0903550162903	0.00193798449612	0.0183968093473	0.0172452533423	0.0149140546006	0.0787832827772	0.0883889450624	0.0133973710819	0.015335355578	0.0281709920234	0.0197730592068	0.0	0.0277216043141	0.0791764970228	0.0761431299854	0.0342096393664	0.0576901471745	0.00741489720256	0.0157847432873	0.0149140546006	0.04210201101
160502038-anteriornares3.freeze11.snv.filtered.bam	0.0330299966296	0.00230311200989	0.00269632625548	0.00752724412987	0.0778283338951	0.0700763959106	0.0258397932817	0.0664812942366	0.026766655432	0.0236771149309	0.00971800921245	0.00904392764858	0.016486911583	0.0235085945399	0.0148297944051	0.0360914503988	0.0277216043141	0.0	0.00247163240085	0.000505561172902	0.0179193349062	0.0410347152005	0.0167396921694	0.0590383103022	0.0495730816762	0.0103920907763
160502038-lretroauricularcrease2.freeze11.snv.filtered.bam	0.0990057296933	0.00814515223009	0.00244354566903	0.00216267835075	0.0856083586114	0.0765082574992	0.0745140995394	0.107319402314	0.10248848444	0.108246264465	0.00129198966408	0.000954948882148	0.0295753286148	0.0353050219077	0.00898775418492	0.0307830580834	0.0791764970228	0.00247163240085	0.0	0.0	0.0592630041568	0.084850016852	0.0693180541512	0.0997921581845	0.0783900685316	0.0338725985844
160502038-lretroauricularcrease3.freeze11.snv.filtered.bam	0.098724862375	0.00367936186945	0.00112346927312	0.00174137737333	0.0788675429727	0.068868666442	0.0691776204921	0.1044826424	0.0981631277385	0.103387259858	0.0017132906415	0.00146051005505	0.0210931356027	0.0241265026402	0.0019098977643	0.0140714526458	0.0761431299854	0.000505561172902	0.0	0.0	0.0579710144928	0.0858611391978	0.0666779013594	0.0927985619593	0.0699640489833	0.0304741040333
160603188-lretroauricularcrease2.freeze11.snv.filtered.bam	0.0513425457814	0.0228345129761	0.00578586675654	0.0126109425907	0.00542073924278	0.00339849455117	0.0292663745647	0.0786428491181	0.0322716548702	0.031176272329	0.0648522637906	0.0760588697899	0.0305021907651	0.0327772160431	0.0451915515111	0.0633355802719	0.0342096393664	0.0179193349062	0.0592630041568	0.0579710144928	0.0	0.0	0.0206437478935	0.0758060892035	0.0643747893495	0.0298842826649
160603188-lretroauricularcrease3.freeze11.snv.filtered.bam	0.0810021345916	0.0454443320975	0.0105606111673	0.0191551511066	0.0048309178744	0.00398831591956	0.0536456577913	0.10187057634	0.0589540501067	0.0593191776205	0.0870407819346	0.0984720817886	0.0508650713403	0.0491517806988	0.0689810133693	0.0847095831929	0.0576901471745	0.0410347152005	0.084850016852	0.0858611391978	0.0	0.0	0.0440399955061	0.101533535558	0.0876025165712	0.056622851365
604812005-anteriornares1.freeze11.snv.filtered.bam	0.0130603303	0.0178069879789	0.0259802269408	0.0449949443883	0.0928266486912	0.0871812155938	0.00536456577913	0.050752724413	0.00570160656106	0.00637568812493	0.0730255027525	0.0840916750927	0.0174418604651	0.022357038535	0.0432535670149	0.0425233119874	0.00741489720256	0.0167396921694	0.0693180541512	0.0666779013594	0.0206437478935	0.0440399955061	0.0	0.0454162453657	0.043899561847	0.013537804741
686765762-anteriornares1.freeze11.snv.filtered.bam	0.102769351758	0.0627176721717	0.0606673407482	0.0767891248174	0.131193124368	0.127429502303	0.00199415795978	0.00424109650601	0.0867599146163	0.096112796315	0.0823222109875	0.0882204246714	0.0048309178744	0.00474665767891	0.0183125491518	0.00365127513762	0.0157847432873	0.0590383103022	0.0997921581845	0.0927985619593	0.0758060892035	0.101533535558	0.0454162453657	0.0	0.000252780586451	0.0768452982811
686765762-anteriornares3.freeze11.snv.filtered.bam	0.0950455005056	0.054010785305	0.0481968318166	0.0618188967532	0.120604426469	0.11723401865	0.00275249971913	0.00387596899225	0.082406471183	0.0897932816537	0.0641500954949	0.0692899674194	0.00401640265139	0.00370744860128	0.0105044377036	0.0017132906415	0.0149140546006	0.0495730816762	0.0783900685316	0.0699640489833	0.0643747893495	0.0876025165712	0.043899561847	0.000252780586451	0.0	0.07114369172
764325968-anteriornares1.freeze11.snv.filtered.bam	0.00859453993933	0.0136220649365	0.0263172677227	0.032468261993	0.10279743849	0.0983316481294	0.0303336703741	0.0839231547017	0.0370744860128	0.0485057858668	0.038843950118	0.0477193573756	0.026766655432	0.0364284911808	0.0475227502528	0.0667340748231	0.04210201101	0.0103920907763	0.0338725985844	0.0304741040333	0.0298842826649	0.056622851365	0.013537804741	0.0768452982811	0.07114369172	0.0
