	158479027-stool1.freeze11.snv.filtered.bam	158479027-stool2.freeze11.snv.filtered.bam	158883629-stool1.freeze11.snv.filtered.bam	158883629-stool2.freeze11.snv.filtered.bam	158883629-stool3.freeze11.snv.filtered.bam	159207311-stool2.freeze11.snv.filtered.bam	159369152-stool1.freeze11.snv.filtered.bam	159369152-stool2.freeze11.snv.filtered.bam	159510762-stool2.freeze11.snv.filtered.bam	159591683-stool1.freeze11.snv.filtered.bam	159591683-stool2.freeze11.snv.filtered.bam	159753524-stool2.freeze11.snv.filtered.bam	159753524-stool3.freeze11.snv.filtered.bam	159814214-stool2.freeze11.snv.filtered.bam	160380657-stool1.freeze11.snv.filtered.bam	160380657-stool2.freeze11.snv.filtered.bam	160502038-stool1.freeze11.snv.filtered.bam	160502038-stool2.freeze11.snv.filtered.bam	160502038-stool3.freeze11.snv.filtered.bam	246515023-stool1.freeze11.snv.filtered.bam	246515023-stool2.freeze11.snv.filtered.bam	763577454-stool1.freeze11.snv.filtered.bam	763759525-stool1.freeze11.snv.filtered.bam	763759525-stool2.freeze11.snv.filtered.bam	763820215-stool2.freeze11.snv.filtered.bam	763820215-stool3.freeze11.snv.filtered.bam	763840445-stool2.freeze11.snv.filtered.bam	764285508-stool1.freeze11.snv.filtered.bam	764305738-stool1.freeze11.snv.filtered.bam	764305738-stool2.freeze11.snv.filtered.bam	764325968-stool1.freeze11.snv.filtered.bam	764325968-stool2.freeze11.snv.filtered.bam	764669880-stool1.freeze11.snv.filtered.bam	764669880-stool2.freeze11.snv.filtered.bam	765013792-stool1.freeze11.snv.filtered.bam	765034022-stool1.freeze11.snv.filtered.bam	765034022-stool2.freeze11.snv.filtered.bam	765135172-stool1.freeze11.snv.filtered.bam	765135172-stool3.freeze11.snv.filtered.bam	809635352-stool3.freeze11.snv.filtered.bam
158479027-stool1.freeze11.snv.filtered.bam	0.0	0.0	0.191367693126	0.191352916839	0.175143329984	0.239774809386	0.17753708848	0.177876943082	0.188781842899	0.19169277144	0.192136060051	0.235356699569	0.237011643714	0.222885513328	0.233657426562	0.233997281163	0.193451149595	0.192165612625	0.19209173119	0.217905904604	0.223284473078	0.165656953721	0.176931260713	0.172468822034	0.174507949642	0.176207222649	0.231751285537	0.173089426089	0.189609314971	0.189845735564	0.1868461493	0.191707547727	0.192549796087	0.190451563331	0.180891305633	0.229505289911	0.227037649979	0.182295052899	0.179443229505	0.18090608192
158479027-stool2.freeze11.snv.filtered.bam	0.0	0.0	0.190865299368	0.190850523081	0.174640936226	0.238888232165	0.17724156274	0.177743956499	0.188530646019	0.191219930256	0.191677995153	0.234736095514	0.236331934511	0.222516106153	0.232992493646	0.233332348248	0.192830545541	0.19154500857	0.191471127135	0.21743306342	0.222737750458	0.165198888823	0.176458419528	0.172010757137	0.174035108458	0.175867368048	0.231204562917	0.172779124062	0.189151250074	0.189387670666	0.186388084402	0.19124948283	0.192180388912	0.190052603582	0.180743542763	0.228840356995	0.226417045925	0.181836988002	0.178985164608	0.180625332466
158883629-stool1.freeze11.snv.filtered.bam	0.191367693126	0.190865299368	0.0	0.0	0.183491932147	0.246808322005	0.183669247591	0.183580589869	0.194574147408	0.0186772267865	0.0188397659436	0.242153791595	0.243823512028	0.230761274307	0.241281990661	0.241547963828	0.199154796383	0.197795377977	0.197662391394	0.227067202553	0.232357113305	0.171803889119	0.194692357704	0.189934393286	0.18303386725	0.184659258821	0.236376263373	0.183565813582	0.200824516815	0.20100183226	0.0126928305455	0.0129735799988	0.199376440688	0.197219102784	0.186624504994	0.236922985992	0.234204149181	0.196302972989	0.193510254743	0.188944382056
158883629-stool2.freeze11.snv.filtered.bam	0.191352916839	0.190850523081	0.0	0.0	0.183491932147	0.246808322005	0.183595366156	0.183536261008	0.194559371121	0.0186624504994	0.0188249896566	0.242153791595	0.243808735741	0.230687392872	0.241281990661	0.241547963828	0.199154796383	0.197795377977	0.197677167681	0.22708197884	0.232371889592	0.171774336545	0.194633252556	0.189890064425	0.183004314676	0.184629706247	0.236361487086	0.183536261008	0.200794964241	0.200972279686	0.0126485016845	0.0129440274248	0.199332111827	0.197174773923	0.186609728707	0.236922985992	0.234218925468	0.196273420415	0.193480702169	0.188914829482
158883629-stool3.freeze11.snv.filtered.bam	0.175143329984	0.174640936226	0.183491932147	0.183491932147	0.0	0.237853892074	0.171020745907	0.171212837638	0.181704001419	0.183506708434	0.183949997045	0.231101128908	0.23287428335	0.219679059046	0.230229327974	0.230436195993	0.182073408594	0.180817424198	0.180728766476	0.21431526686	0.219457414741	0.157781192742	0.178275902831	0.174005555884	0.0146433004315	0.0147024055795	0.226047638749	0.171685678823	0.182590578639	0.18273834151	0.17793604823	0.182679236361	0.182620131213	0.180684437615	0.17368047757	0.226165849045	0.223801643123	0.183462379573	0.180699213902	0.175143329984
159207311-stool2.freeze11.snv.filtered.bam	0.239774809386	0.238888232165	0.246808322005	0.246808322005	0.237853892074	0.0	0.235120278976	0.235135055263	0.243542762575	0.246468467404	0.246911756014	0.215083633785	0.216250960459	0.2047106803	0.215984987292	0.216310065607	0.249748803121	0.248522371299	0.248433713576	0.210266564218	0.213783320527	0.22282640818	0.244148590342	0.23965659909	0.237543590047	0.239154205331	0.203543353626	0.235918198475	0.250753590638	0.250960458656	0.240853478338	0.245493232461	0.247458478633	0.245434127312	0.235445357291	0.213103611325	0.211138365152	0.246365033394	0.243291565695	0.234263254329
159369152-stool1.freeze11.snv.filtered.bam	0.17753708848	0.17724156274	0.183669247591	0.183595366156	0.171020745907	0.235120278976	0.0	2.95525740292e-05	0.180728766476	0.18372835274	0.18417164135	0.233465334831	0.235061173828	0.21857083752	0.230465748567	0.230716945446	0.184142088776	0.182900880667	0.182753117797	0.215393935812	0.220151900231	0.160898989302	0.179472782079	0.175069448549	0.170267155269	0.171656126249	0.227554820025	0.168848631716	0.188397659436	0.188560198593	0.179295466635	0.184053431054	0.186787044152	0.184703587682	0.173178083811	0.226372717064	0.223993734854	0.188013475974	0.185220757728	0.179029493469
159369152-stool2.freeze11.snv.filtered.bam	0.177876943082	0.177743956499	0.183580589869	0.183536261008	0.171212837638	0.235135055263	2.95525740292e-05	0.0	0.181098173651	0.183521484721	0.183994325906	0.233288019386	0.234869082097	0.21871860039	0.231012471186	0.231263668065	0.183595366156	0.182354158047	0.182235947751	0.215512146108	0.220196229092	0.160987647024	0.179310242922	0.175025119688	0.17056268101	0.171892546841	0.22708197884	0.169070276021	0.188397659436	0.188604527454	0.179088598617	0.183905668184	0.186727939003	0.184659258821	0.173606596135	0.226830781961	0.224466576039	0.187717950233	0.184984337136	0.179044269756
159510762-stool2.freeze11.snv.filtered.bam	0.188781842899	0.188530646019	0.194574147408	0.194559371121	0.181704001419	0.243542762575	0.180728766476	0.181098173651	0.0	0.194692357704	0.195106093741	0.240676162894	0.242449317336	0.227746911756	0.238903008452	0.239124652757	0.198415982032	0.197100892488	0.197012234766	0.223919853419	0.229298421893	0.170001182103	0.185427625746	0.18120160766	0.181260712808	0.183211182694	0.238075536379	0.181039068503	0.19946509841	0.199657190141	0.189845735564	0.194411608251	0.196628051303	0.194500265973	0.00113777410012	0.23455878007	0.232105916425	0.193687570187	0.190924404516	0.159510018323
159591683-stool1.freeze11.snv.filtered.bam	0.19169277144	0.191219930256	0.0186772267865	0.0186624504994	0.183506708434	0.246468467404	0.18372835274	0.183521484721	0.194692357704	0.0	0.0	0.242597080206	0.244296353212	0.231381878362	0.240927359773	0.241208109226	0.198859270642	0.197529404811	0.197440747089	0.226520479934	0.231795614398	0.170991193333	0.19436727939	0.18971274898	0.182871328093	0.184511495951	0.236863880844	0.18273834151	0.201238252852	0.20144512087	0.020287842071	0.0207606832555	0.198711507772	0.196554169868	0.186535847272	0.236583131391	0.233879070867	0.19634730185	0.193554583604	0.189047816065
159591683-stool2.freeze11.snv.filtered.bam	0.192136060051	0.191677995153	0.0188397659436	0.0188249896566	0.183949997045	0.246911756014	0.18417164135	0.183994325906	0.195106093741	0.0	0.0	0.242996039955	0.244680536675	0.23173650925	0.241400200958	0.241680950411	0.199228677818	0.197898811987	0.197810154264	0.226993321118	0.232268455582	0.171404929369	0.194825344287	0.190170813878	0.183299840416	0.184940008275	0.23738105089	0.183166853833	0.20159288374	0.201799751758	0.0204799338022	0.0209527749867	0.199184348957	0.197027011053	0.186949583309	0.237055972575	0.234366688339	0.19679059046	0.193997872215	0.189476328388
159753524-stool2.freeze11.snv.filtered.bam	0.235356699569	0.234736095514	0.242153791595	0.242153791595	0.231101128908	0.215083633785	0.233465334831	0.233288019386	0.240676162894	0.242597080206	0.242996039955	0.0	0.0	0.20441515456	0.220122347656	0.220314439388	0.244946509841	0.243572315149	0.243483657427	0.208286541758	0.21178852178	0.219161889001	0.240291979431	0.2355487913	0.231115905195	0.232445771027	0.211153141439	0.230820379455	0.246453691116	0.246601453987	0.236863880844	0.241547963828	0.246571901413	0.244517997518	0.233243690525	0.216871564513	0.214743779183	0.244710089249	0.241946923577	0.230716945446
159753524-stool3.freeze11.snv.filtered.bam	0.237011643714	0.236331934511	0.243823512028	0.243808735741	0.23287428335	0.216250960459	0.235061173828	0.234869082097	0.242449317336	0.244296353212	0.244680536675	0.0	0.0	0.205626810095	0.221481766062	0.221659081506	0.246660559135	0.245256811868	0.245168154146	0.209527749867	0.213044506176	0.220861162007	0.241961699864	0.237218511732	0.232844730776	0.234248478042	0.212320468113	0.232563981323	0.248182516697	0.248345055854	0.238548377564	0.243262013121	0.248152964123	0.246084283941	0.234913410958	0.218201430345	0.216073645014	0.246468467404	0.243690525445	0.232342337018
159814214-stool2.freeze11.snv.filtered.bam	0.222885513328	0.222516106153	0.230761274307	0.230687392872	0.219679059046	0.2047106803	0.21857083752	0.21871860039	0.227746911756	0.231381878362	0.23173650925	0.20441515456	0.205626810095	0.0	0.19704178734	0.197411194515	0.231160234056	0.229919025947	0.229874697086	0.195120870028	0.198356876884	0.207326083102	0.226683019091	0.222191027839	0.219885927064	0.221629528932	0.203055736155	0.216398723329	0.233406229683	0.233598321414	0.225589573852	0.230037236243	0.23074649802	0.228603936403	0.220417873397	0.194027424789	0.192254270347	0.233893847154	0.230997694899	0.219619953898
160380657-stool1.freeze11.snv.filtered.bam	0.233657426562	0.232992493646	0.241281990661	0.241281990661	0.230229327974	0.215984987292	0.230465748567	0.231012471186	0.238903008452	0.240927359773	0.241400200958	0.220122347656	0.221481766062	0.19704178734	0.0	1.47762870146e-05	0.244532773805	0.243262013121	0.243188131686	0.209379986997	0.213443465926	0.217743365447	0.236612683965	0.232120692712	0.228707370412	0.23030320941	0.211862403215	0.229845144512	0.244266800638	0.244429339795	0.235061173828	0.239863467108	0.242833500798	0.240690939181	0.231278444353	0.000517170045511	0.00054672261954	0.244266800638	0.241208109226	0.229786039364
160380657-stool2.freeze11.snv.filtered.bam	0.233997281163	0.233332348248	0.241547963828	0.241547963828	0.230436195993	0.216310065607	0.230716945446	0.231263668065	0.239124652757	0.241208109226	0.241680950411	0.220314439388	0.221659081506	0.197411194515	1.47762870146e-05	0.0	0.244739641823	0.24346888114	0.243394999704	0.209572078728	0.213679886518	0.218038891187	0.236863880844	0.232371889592	0.228929014717	0.230583958863	0.212113600095	0.230140670252	0.244695312962	0.244857852119	0.235312370707	0.240114663987	0.243114250251	0.240956912347	0.231500088658	0.000517170045511	0.00054672261954	0.244488444944	0.241414977245	0.229963354808
160502038-stool1.freeze11.snv.filtered.bam	0.193451149595	0.192830545541	0.199154796383	0.199154796383	0.182073408594	0.249748803121	0.184142088776	0.183595366156	0.198415982032	0.198859270642	0.199228677818	0.244946509841	0.246660559135	0.231160234056	0.244532773805	0.244739641823	0.0	1.47762870146e-05	4.43288610438e-05	0.227702582895	0.232770849341	0.173163307524	0.193170400142	0.189003487204	0.181674448844	0.183358945564	0.24049884745	0.182826999232	0.195844908091	0.196022223536	0.193776227909	0.198445534606	0.201031384834	0.198844494355	0.189978722147	0.240439742302	0.238045983805	0.198681955198	0.195859684379	0.188087357409
160502038-stool2.freeze11.snv.filtered.bam	0.192165612625	0.19154500857	0.197795377977	0.197795377977	0.180817424198	0.248522371299	0.182900880667	0.182354158047	0.197100892488	0.197529404811	0.197898811987	0.243572315149	0.245256811868	0.229919025947	0.243262013121	0.24346888114	1.47762870146e-05	0.0	0.0	0.22649092736	0.231544417519	0.171818665406	0.191796205449	0.187688397659	0.180462793309	0.182176842603	0.239464507359	0.181526685974	0.194677581417	0.194854896862	0.192446362078	0.197100892488	0.199775400437	0.197603286246	0.18872273775	0.239198534192	0.236775223122	0.197425970802	0.194603699982	0.186816596726
160502038-stool3.freeze11.snv.filtered.bam	0.19209173119	0.191471127135	0.197662391394	0.197677167681	0.180728766476	0.248433713576	0.182753117797	0.182235947751	0.197012234766	0.197440747089	0.197810154264	0.243483657427	0.245168154146	0.229874697086	0.243188131686	0.243394999704	4.43288610438e-05	0.0	0.0	0.226431822212	0.231500088658	0.171803889119	0.191604113718	0.187496305928	0.180374135587	0.182088184881	0.239420178498	0.181452804539	0.194544594834	0.194721910278	0.192357704356	0.196997458479	0.19961286128	0.197440747089	0.188604527454	0.239124652757	0.236701341687	0.197352089367	0.194544594834	0.186698386429
246515023-stool1.freeze11.snv.filtered.bam	0.217905904604	0.21743306342	0.227067202553	0.22708197884	0.21431526686	0.210266564218	0.215393935812	0.215512146108	0.223919853419	0.226520479934	0.226993321118	0.208286541758	0.209527749867	0.195120870028	0.209379986997	0.209572078728	0.227702582895	0.22649092736	0.226431822212	0.0	0.0	0.202361250665	0.222486553579	0.21787635203	0.213591228796	0.215423488386	0.20753295112	0.212556888705	0.228057213783	0.228234529227	0.221466989775	0.225722560435	0.226668242804	0.22465866777	0.216310065607	0.206055322419	0.204282167977	0.227037649979	0.224097168863	0.212054494947
246515023-stool2.freeze11.snv.filtered.bam	0.223284473078	0.222737750458	0.232357113305	0.232371889592	0.219457414741	0.213783320527	0.220151900231	0.220196229092	0.229298421893	0.231795614398	0.232268455582	0.21178852178	0.213044506176	0.198356876884	0.213443465926	0.213679886518	0.232770849341	0.231544417519	0.231500088658	0.0	0.0	0.207562503694	0.227643477747	0.222944618476	0.218748152964	0.220476978545	0.211315680596	0.217566050003	0.232785625628	0.232962941072	0.226623913943	0.231012471186	0.231618298954	0.229593947633	0.221496542349	0.2100596962	0.208256989184	0.231943377268	0.228973343578	0.217093208818
763577454-stool1.freeze11.snv.filtered.bam	0.165656953721	0.165198888823	0.171803889119	0.171774336545	0.157781192742	0.22282640818	0.160898989302	0.160987647024	0.170001182103	0.170991193333	0.171404929369	0.219161889001	0.220861162007	0.207326083102	0.217743365447	0.218038891187	0.173163307524	0.171818665406	0.171803889119	0.202361250665	0.207562503694	0.0	0.164519179621	0.16011584609	0.157869850464	0.159465689462	0.214788108044	0.155402210533	0.174094213606	0.174227200189	0.165568295999	0.170001182103	0.176310656658	0.174168095041	0.163056327206	0.21391630711	0.211330456883	0.170119392399	0.167518765885	0.163942904427
763759525-stool1.freeze11.snv.filtered.bam	0.176931260713	0.176458419528	0.194692357704	0.194633252556	0.178275902831	0.244148590342	0.179472782079	0.179310242922	0.185427625746	0.19436727939	0.194825344287	0.240291979431	0.241961699864	0.226683019091	0.236612683965	0.236863880844	0.193170400142	0.191796205449	0.191604113718	0.222486553579	0.227643477747	0.164519179621	0.0	0.0	0.177522312193	0.178911283173	0.234514451209	0.17100596962	0.193717122761	0.193968319641	0.189550209823	0.194293397955	0.191574561144	0.189387670666	0.177714403925	0.232238903008	0.229815591938	0.192815769254	0.190067379869	0.186402860689
763759525-stool2.freeze11.snv.filtered.bam	0.172468822034	0.172010757137	0.189934393286	0.189890064425	0.174005555884	0.23965659909	0.175069448549	0.175025119688	0.18120160766	0.18971274898	0.190170813878	0.2355487913	0.237218511732	0.222191027839	0.232120692712	0.232371889592	0.189003487204	0.187688397659	0.187496305928	0.21787635203	0.222944618476	0.16011584609	0.0	0.0	0.173237188959	0.174729593948	0.230066788817	0.167001595839	0.189431999527	0.189683196406	0.184895679414	0.189446775814	0.187171227614	0.185058218571	0.173710030144	0.227850345765	0.225397482121	0.188397659436	0.185678822625	0.181881316863
763820215-stool2.freeze11.snv.filtered.bam	0.174507949642	0.174035108458	0.18303386725	0.183004314676	0.0146433004315	0.237543590047	0.170267155269	0.17056268101	0.181260712808	0.182871328093	0.183299840416	0.231115905195	0.232844730776	0.219885927064	0.228707370412	0.228929014717	0.181674448844	0.180462793309	0.180374135587	0.213591228796	0.218748152964	0.157869850464	0.177522312193	0.173237188959	0.0	0.0	0.225870323305	0.171227613925	0.180743542763	0.180891305633	0.177359773036	0.182073408594	0.182501920917	0.180448017022	0.17342928069	0.224762101779	0.222412672144	0.182708788936	0.179989952125	0.17496601454
763820215-stool3.freeze11.snv.filtered.bam	0.176207222649	0.175867368048	0.184659258821	0.184629706247	0.0147024055795	0.239154205331	0.171656126249	0.171892546841	0.183211182694	0.184511495951	0.184940008275	0.232445771027	0.234248478042	0.221629528932	0.23030320941	0.230583958863	0.183358945564	0.182176842603	0.182088184881	0.215423488386	0.220476978545	0.159465689462	0.178911283173	0.174729593948	0.0	0.0	0.227540043738	0.172926886932	0.181733553993	0.18189609315	0.179029493469	0.183757905314	0.183743129027	0.181704001419	0.175187658845	0.226269283055	0.223801643123	0.183920444471	0.181157278799	0.176532300963
763840445-stool2.freeze11.snv.filtered.bam	0.231751285537	0.231204562917	0.236376263373	0.236361487086	0.226047638749	0.203543353626	0.227554820025	0.22708197884	0.238075536379	0.236863880844	0.23738105089	0.211153141439	0.212320468113	0.203055736155	0.211862403215	0.212113600095	0.24049884745	0.239464507359	0.239420178498	0.20753295112	0.211315680596	0.214788108044	0.234514451209	0.230066788817	0.225870323305	0.227540043738	0.0	0.226771676813	0.24163662155	0.241858265855	0.230332761984	0.235120278976	0.240291979431	0.238193746675	0.230244104261	0.208759382942	0.206823689343	0.240321532005	0.237336722028	0.22609196761
764285508-stool1.freeze11.snv.filtered.bam	0.173089426089	0.172779124062	0.183565813582	0.183536261008	0.171685678823	0.235918198475	0.168848631716	0.169070276021	0.181039068503	0.18273834151	0.183166853833	0.230820379455	0.232563981323	0.216398723329	0.229845144512	0.230140670252	0.182826999232	0.181526685974	0.181452804539	0.212556888705	0.217566050003	0.155402210533	0.17100596962	0.167001595839	0.171227613925	0.172926886932	0.226771676813	0.0	0.183580589869	0.18372835274	0.177714403925	0.182442815769	0.183403274425	0.181157278799	0.172853005497	0.225737336722	0.223195815356	0.183122524972	0.180270701578	0.17269046634
764305738-stool1.freeze11.snv.filtered.bam	0.189609314971	0.189151250074	0.200824516815	0.200794964241	0.182590578639	0.250753590638	0.188397659436	0.188397659436	0.19946509841	0.201238252852	0.20159288374	0.246453691116	0.248182516697	0.233406229683	0.244266800638	0.244695312962	0.195844908091	0.194677581417	0.194544594834	0.228057213783	0.232785625628	0.174094213606	0.193717122761	0.189431999527	0.180743542763	0.181733553993	0.24163662155	0.183580589869	0.0	0.0	0.19520952775	0.200041373604	0.200780187954	0.198652402624	0.190998285951	0.240129440274	0.237927773509	0.19679059046	0.194101306224	0.188057804835
764305738-stool2.freeze11.snv.filtered.bam	0.189845735564	0.189387670666	0.20100183226	0.200972279686	0.18273834151	0.250960458656	0.188560198593	0.188604527454	0.199657190141	0.20144512087	0.201799751758	0.246601453987	0.248345055854	0.233598321414	0.244429339795	0.244857852119	0.196022223536	0.194854896862	0.194721910278	0.228234529227	0.232962941072	0.174227200189	0.193968319641	0.189683196406	0.180891305633	0.18189609315	0.241858265855	0.18372835274	0.0	0.0	0.195386843194	0.200218689048	0.201046161121	0.198903599504	0.191175601395	0.240306755718	0.238075536379	0.196953129618	0.194249069094	0.188161238844
764325968-stool1.freeze11.snv.filtered.bam	0.1868461493	0.186388084402	0.0126928305455	0.0126485016845	0.17793604823	0.240853478338	0.179295466635	0.179088598617	0.189845735564	0.020287842071	0.0204799338022	0.236863880844	0.238548377564	0.225589573852	0.235061173828	0.235312370707	0.193776227909	0.192446362078	0.192357704356	0.221466989775	0.226623913943	0.165568295999	0.189550209823	0.184895679414	0.177359773036	0.179029493469	0.230332761984	0.177714403925	0.19520952775	0.195386843194	0.0	4.43288610438e-05	0.194308174242	0.192195165199	0.181910869437	0.230761274307	0.228175424079	0.191633666292	0.188914829482	0.183861339323
764325968-stool2.freeze11.snv.filtered.bam	0.191707547727	0.19124948283	0.0129735799988	0.0129440274248	0.182679236361	0.245493232461	0.184053431054	0.183905668184	0.194411608251	0.0207606832555	0.0209527749867	0.241547963828	0.243262013121	0.230037236243	0.239863467108	0.240114663987	0.198445534606	0.197100892488	0.196997458479	0.225722560435	0.231012471186	0.170001182103	0.194293397955	0.189446775814	0.182073408594	0.183757905314	0.235120278976	0.182442815769	0.200041373604	0.200218689048	4.43288610438e-05	0.0	0.198696731485	0.196568946155	0.186358531828	0.235519238726	0.232829954489	0.195948342101	0.193126071281	0.188560198593
764669880-stool1.freeze11.snv.filtered.bam	0.192549796087	0.192180388912	0.199376440688	0.199332111827	0.182620131213	0.247458478633	0.186787044152	0.186727939003	0.196628051303	0.198711507772	0.199184348957	0.246571901413	0.248152964123	0.23074649802	0.242833500798	0.243114250251	0.201031384834	0.199775400437	0.19961286128	0.226668242804	0.231618298954	0.176310656658	0.191574561144	0.187171227614	0.182501920917	0.183743129027	0.240291979431	0.183403274425	0.200780187954	0.201046161121	0.194308174242	0.198696731485	0.0	0.0	0.188382883149	0.238459719842	0.236065961345	0.200336899344	0.197455523376	0.188545422306
764669880-stool2.freeze11.snv.filtered.bam	0.190451563331	0.190052603582	0.197219102784	0.197174773923	0.180684437615	0.245434127312	0.184703587682	0.184659258821	0.194500265973	0.196554169868	0.197027011053	0.244517997518	0.246084283941	0.228603936403	0.240690939181	0.240956912347	0.198844494355	0.197603286246	0.197440747089	0.22465866777	0.229593947633	0.174168095041	0.189387670666	0.185058218571	0.180448017022	0.181704001419	0.238193746675	0.181157278799	0.198652402624	0.198903599504	0.192195165199	0.196568946155	0.0	0.0	0.18629942668	0.236361487086	0.233938176015	0.198194337727	0.19535729062	0.18659495242
765013792-stool1.freeze11.snv.filtered.bam	0.180891305633	0.180743542763	0.186624504994	0.186609728707	0.17368047757	0.235445357291	0.173178083811	0.173606596135	0.00113777410012	0.186535847272	0.186949583309	0.233243690525	0.234913410958	0.220417873397	0.231278444353	0.231500088658	0.189978722147	0.18872273775	0.188604527454	0.216310065607	0.221496542349	0.163056327206	0.177714403925	0.173710030144	0.17342928069	0.175187658845	0.230244104261	0.172853005497	0.190998285951	0.191175601395	0.181910869437	0.186358531828	0.188382883149	0.18629942668	0.0	0.22708197884	0.224673444057	0.185767480348	0.183122524972	0.153658608665
765034022-stool1.freeze11.snv.filtered.bam	0.229505289911	0.228840356995	0.236922985992	0.236922985992	0.226165849045	0.213103611325	0.226372717064	0.226830781961	0.23455878007	0.236583131391	0.237055972575	0.216871564513	0.218201430345	0.194027424789	0.000517170045511	0.000517170045511	0.240439742302	0.239198534192	0.239124652757	0.206055322419	0.2100596962	0.21391630711	0.232238903008	0.227850345765	0.224762101779	0.226269283055	0.208759382942	0.225737336722	0.240129440274	0.240306755718	0.230761274307	0.235519238726	0.238459719842	0.236361487086	0.22708197884	0.0	0.0	0.239863467108	0.236849104557	0.225693007861
765034022-stool2.freeze11.snv.filtered.bam	0.227037649979	0.226417045925	0.234204149181	0.234218925468	0.223801643123	0.211138365152	0.223993734854	0.224466576039	0.232105916425	0.233879070867	0.234366688339	0.214743779183	0.216073645014	0.192254270347	0.00054672261954	0.00054672261954	0.238045983805	0.236775223122	0.236701341687	0.204282167977	0.208256989184	0.211330456883	0.229815591938	0.225397482121	0.222412672144	0.223801643123	0.206823689343	0.223195815356	0.237927773509	0.238075536379	0.228175424079	0.232829954489	0.236065961345	0.233938176015	0.224673444057	0.0	0.0	0.237440156038	0.234440569774	0.223181039069
765135172-stool1.freeze11.snv.filtered.bam	0.182295052899	0.181836988002	0.196302972989	0.196273420415	0.183462379573	0.246365033394	0.188013475974	0.187717950233	0.193687570187	0.19634730185	0.19679059046	0.244710089249	0.246468467404	0.233893847154	0.244266800638	0.244488444944	0.198681955198	0.197425970802	0.197352089367	0.227037649979	0.231943377268	0.170119392399	0.192815769254	0.188397659436	0.182708788936	0.183920444471	0.240321532005	0.183122524972	0.19679059046	0.196953129618	0.191633666292	0.195948342101	0.200336899344	0.198194337727	0.185767480348	0.239863467108	0.237440156038	0.0	0.0	0.186033453514
765135172-stool3.freeze11.snv.filtered.bam	0.179443229505	0.178985164608	0.193510254743	0.193480702169	0.180699213902	0.243291565695	0.185220757728	0.184984337136	0.190924404516	0.193554583604	0.193997872215	0.241946923577	0.243690525445	0.230997694899	0.241208109226	0.241414977245	0.195859684379	0.194603699982	0.194544594834	0.224097168863	0.228973343578	0.167518765885	0.190067379869	0.185678822625	0.179989952125	0.181157278799	0.237336722028	0.180270701578	0.194101306224	0.194249069094	0.188914829482	0.193126071281	0.197455523376	0.19535729062	0.183122524972	0.236849104557	0.234440569774	0.0	0.0	0.183432826999
809635352-stool3.freeze11.snv.filtered.bam	0.18090608192	0.180625332466	0.188944382056	0.188914829482	0.175143329984	0.234263254329	0.179029493469	0.179044269756	0.159510018323	0.189047816065	0.189476328388	0.230716945446	0.232342337018	0.219619953898	0.229786039364	0.229963354808	0.188087357409	0.186816596726	0.186698386429	0.212054494947	0.217093208818	0.163942904427	0.186402860689	0.181881316863	0.17496601454	0.176532300963	0.22609196761	0.17269046634	0.188057804835	0.188161238844	0.183861339323	0.188560198593	0.188545422306	0.18659495242	0.153658608665	0.225693007861	0.223181039069	0.186033453514	0.183432826999	0.0
