	158499257-stool1.freeze11.snv.filtered.bam	159268001-stool1.freeze11.snv.filtered.bam	159551223-stool1.freeze11.snv.filtered.bam	159753524-stool2.freeze11.snv.filtered.bam	159753524-stool3.freeze11.snv.filtered.bam	160380657-stool2.freeze11.snv.filtered.bam	370425937-stool1.freeze11.snv.filtered.bam	550534656-stool3.freeze11.snv.filtered.bam	763536994-stool3.freeze11.snv.filtered.bam	763901136-stool1.freeze11.snv.filtered.bam	763901136-stool2.freeze11.snv.filtered.bam	764062976-stool1.freeze11.snv.filtered.bam	764062976-stool2.freeze11.snv.filtered.bam	764366428-stool3.freeze11.snv.filtered.bam	764487809-stool1.freeze11.snv.filtered.bam	764649650-stool2.freeze11.snv.filtered.bam	764669880-stool2.freeze11.snv.filtered.bam	765013792-stool2.freeze11.snv.filtered.bam	765074482-stool3.freeze11.snv.filtered.bam	765640925-stool1.freeze11.snv.filtered.bam
158499257-stool1.freeze11.snv.filtered.bam	0.0	0.284584240212	0.198647288727	0.296285894826	0.293992370521	0.176741791289	0.167778323855	0.200238713754	0.139179479978	0.187179667205	0.186290341454	0.0296987994102	0.026188303026	0.0278031313628	0.187671136699	0.27220388963	0.00250415408739	0.214444522455	0.178590652718	0.187437103606
159268001-stool1.freeze11.snv.filtered.bam	0.284584240212	0.0	0.313019260923	0.208523485221	0.206323574153	0.279458915491	0.260572444944	0.317278663203	0.265346720026	0.298766645604	0.297643286761	0.299749584591	0.271337967189	0.297807109925	0.28856280278	0.181445856444	0.298626225748	0.316693580472	0.286690538042	0.289101078893
159551223-stool1.freeze11.snv.filtered.bam	0.198647288727	0.313019260923	0.0	0.329354770765	0.326663390203	0.0106953123172	0.177397083948	0.017763111704	0.193358140841	0.211472302184	0.210465959887	0.213578600014	0.196283554495	0.210746799597	0.211402092256	0.300217650776	0.208874534859	0.228650331157	0.208195838892	0.218352875097
159753524-stool2.freeze11.snv.filtered.bam	0.296285894826	0.208523485221	0.329354770765	0.0	0.0	0.295490182312	0.273514474947	0.333543963116	0.28371831777	0.310889559784	0.310234267125	0.311872498771	0.282828992019	0.30857263217	0.303166467739	0.18125862997	0.310187460507	0.330150483278	0.300475087177	0.306115284701
159753524-stool3.freeze11.snv.filtered.bam	0.293992370521	0.206323574153	0.326663390203	0.0	0.0	0.292962624915	0.271618806899	0.330829179246	0.28128437361	0.308315195769	0.30765990311	0.309438554612	0.280418451169	0.306185494629	0.300498490487	0.179058718903	0.307776919656	0.327576119263	0.298064546327	0.303517517377
160380657-stool2.freeze11.snv.filtered.bam	0.176741791289	0.279458915491	0.0106953123172	0.295490182312	0.292962624915	0.0	0.159329729224	0.0183481944347	0.17096117391	0.187437103606	0.186407358	0.190877390063	0.174401460366	0.187834959863	0.186524374547	0.266727515271	0.186477567928	0.207142689976	0.184558496571	0.195909101547
370425937-stool1.freeze11.snv.filtered.bam	0.167778323855	0.260572444944	0.177397083948	0.273514474947	0.271618806899	0.159329729224	0.0	0.177888553441	0.164361440708	0.178497039481	0.17763111704	0.175290786117	0.162793418989	0.177865150132	0.171405836785	0.252334480095	0.174963139788	0.199606824405	0.168176180112	0.175548222519
550534656-stool3.freeze11.snv.filtered.bam	0.200238713754	0.317278663203	0.017763111704	0.333543963116	0.330829179246	0.0183481944347	0.177888553441	0.0	0.194013433499	0.212314821316	0.2112616724	0.215591284608	0.198670692036	0.213016920593	0.208734115004	0.304383439818	0.210114910248	0.229680076763	0.204802359054	0.215918930937
763536994-stool3.freeze11.snv.filtered.bam	0.139179479978	0.265346720026	0.193358140841	0.28371831777	0.28128437361	0.17096117391	0.164361440708	0.194013433499	0.0	0.180626740621	0.179573591706	0.146902572024	0.132907393105	0.143017622692	0.18884130216	0.254604601091	0.146387699221	0.211448898874	0.189402981582	0.176812001217
763901136-stool1.freeze11.snv.filtered.bam	0.187179667205	0.298766645604	0.211472302184	0.310889559784	0.308315195769	0.187437103606	0.178497039481	0.212314821316	0.180626740621	0.0	0.0	0.196704814061	0.179994851272	0.193873013644	0.203070514171	0.286011842074	0.197500526574	0.196330361113	0.203140724098	0.204989585527
763901136-stool2.freeze11.snv.filtered.bam	0.186290341454	0.297643286761	0.210465959887	0.310234267125	0.30765990311	0.186407358	0.17763111704	0.2112616724	0.179573591706	0.0	0.0	0.19581548831	0.179128928831	0.19307730113	0.202438624822	0.285192726251	0.196494184278	0.195370825435	0.202204591729	0.204240679632
764062976-stool1.freeze11.snv.filtered.bam	0.0296987994102	0.299749584591	0.213578600014	0.311872498771	0.309438554612	0.190877390063	0.175290786117	0.215591284608	0.146902572024	0.196704814061	0.19581548831	0.0	0.0	0.0304008986871	0.196283554495	0.287392637319	0.0317348873131	0.224741978516	0.193053897821	0.200683376629
764062976-stool2.freeze11.snv.filtered.bam	0.026188303026	0.271337967189	0.196283554495	0.282828992019	0.280418451169	0.174401460366	0.162793418989	0.198670692036	0.132907393105	0.179994851272	0.179128928831	0.0	0.0	0.026492546046	0.179222542067	0.259940555595	0.0282477942381	0.206885253575	0.175290786117	0.182896861616
764366428-stool3.freeze11.snv.filtered.bam	0.0278031313628	0.297807109925	0.210746799597	0.30857263217	0.306185494629	0.187834959863	0.177865150132	0.213016920593	0.143017622692	0.193873013644	0.19307730113	0.0304008986871	0.026492546046	0.0	0.196447377659	0.284748063376	0.0309625781085	0.22432071895	0.190573147043	0.202883287697
764487809-stool1.freeze11.snv.filtered.bam	0.187671136699	0.28856280278	0.211402092256	0.303166467739	0.300498490487	0.186524374547	0.171405836785	0.208734115004	0.18884130216	0.203070514171	0.202438624822	0.196283554495	0.179222542067	0.196447377659	0.0	0.277984507009	0.197289896791	0.2252100447	0.144328208009	0.113693276229
764649650-stool2.freeze11.snv.filtered.bam	0.27220388963	0.181445856444	0.300217650776	0.18125862997	0.179058718903	0.266727515271	0.252334480095	0.304383439818	0.254604601091	0.286011842074	0.285192726251	0.287392637319	0.259940555595	0.284748063376	0.277984507009	0.0	0.285965035456	0.300755926888	0.276369678673	0.281822649723
764669880-stool2.freeze11.snv.filtered.bam	0.00250415408739	0.298626225748	0.208874534859	0.310187460507	0.307776919656	0.186477567928	0.174963139788	0.210114910248	0.146387699221	0.197500526574	0.196494184278	0.0317348873131	0.0282477942381	0.0309625781085	0.197289896791	0.285965035456	0.0	0.225444077793	0.187296683751	0.197102670318
765013792-stool2.freeze11.snv.filtered.bam	0.214444522455	0.316693580472	0.228650331157	0.330150483278	0.327576119263	0.207142689976	0.199606824405	0.229680076763	0.211448898874	0.196330361113	0.195370825435	0.224741978516	0.206885253575	0.22432071895	0.2252100447	0.300755926888	0.225444077793	0.0	0.228322684828	0.228112055045
765074482-stool3.freeze11.snv.filtered.bam	0.178590652718	0.286690538042	0.208195838892	0.300475087177	0.298064546327	0.184558496571	0.168176180112	0.204802359054	0.189402981582	0.203140724098	0.202204591729	0.193053897821	0.175290786117	0.190573147043	0.144328208009	0.276369678673	0.187296683751	0.228322684828	0.0	0.151583233869
765640925-stool1.freeze11.snv.filtered.bam	0.187437103606	0.289101078893	0.218352875097	0.306115284701	0.303517517377	0.195909101547	0.175548222519	0.215918930937	0.176812001217	0.204989585527	0.204240679632	0.200683376629	0.182896861616	0.202883287697	0.113693276229	0.281822649723	0.197102670318	0.228112055045	0.151583233869	0.0
