	158337416-stool1.freeze11.snv.filtered.bam	158337416-stool2.freeze11.snv.filtered.bam	158479027-stool1.freeze11.snv.filtered.bam	158479027-stool2.freeze11.snv.filtered.bam	158499257-stool1.freeze11.snv.filtered.bam	158499257-stool2.freeze11.snv.filtered.bam	158802708-stool1.freeze11.snv.filtered.bam	158802708-stool2.freeze11.snv.filtered.bam	158802708-stool3.freeze11.snv.filtered.bam	159166850-stool1.freeze11.snv.filtered.bam	159166850-stool2.freeze11.snv.filtered.bam	159207311-stool1.freeze11.snv.filtered.bam	159207311-stool2.freeze11.snv.filtered.bam	159207311-stool3.freeze11.snv.filtered.bam	159247771-stool1.freeze11.snv.filtered.bam	159247771-stool2.freeze11.snv.filtered.bam	159369152-stool1.freeze11.snv.filtered.bam	159369152-stool2.freeze11.snv.filtered.bam	159490532-stool1.freeze11.snv.filtered.bam	159490532-stool2.freeze11.snv.filtered.bam	159510762-stool2.freeze11.snv.filtered.bam	159551223-stool1.freeze11.snv.filtered.bam	159551223-stool2.freeze11.snv.filtered.bam	159571453-stool1.freeze11.snv.filtered.bam	159571453-stool2.freeze11.snv.filtered.bam	159591683-stool1.freeze11.snv.filtered.bam	159591683-stool2.freeze11.snv.filtered.bam	159611913-stool1.freeze11.snv.filtered.bam	159611913-stool2.freeze11.snv.filtered.bam	159753524-stool2.freeze11.snv.filtered.bam	159753524-stool3.freeze11.snv.filtered.bam	159814214-stool1.freeze11.snv.filtered.bam	159814214-stool2.freeze11.snv.filtered.bam	160158126-stool1.freeze11.snv.filtered.bam	160158126-stool2.freeze11.snv.filtered.bam	160178356-stool1.freeze11.snv.filtered.bam	160178356-stool2.freeze11.snv.filtered.bam	160178356-stool3.freeze11.snv.filtered.bam	160319967-stool1.freeze11.snv.filtered.bam	160319967-stool2.freeze11.snv.filtered.bam	160421117-stool1.freeze11.snv.filtered.bam	160421117-stool2.freeze11.snv.filtered.bam	160421117-stool3.freeze11.snv.filtered.bam	160582958-stool1.freeze11.snv.filtered.bam	160582958-stool2.freeze11.snv.filtered.bam	160582958-stool3.freeze11.snv.filtered.bam	160603188-stool1.freeze11.snv.filtered.bam	160603188-stool2.freeze11.snv.filtered.bam	160603188-stool3.freeze11.snv.filtered.bam	246515023-stool1.freeze11.snv.filtered.bam	246515023-stool2.freeze11.snv.filtered.bam	338793263-stool1.freeze11.snv.filtered.bam	338793263-stool2.freeze11.snv.filtered.bam	550534656-stool1.freeze11.snv.filtered.bam	550534656-stool2.freeze11.snv.filtered.bam	550534656-stool3.freeze11.snv.filtered.bam	638754422-stool1.freeze11.snv.filtered.bam	638754422-stool2.freeze11.snv.filtered.bam	638754422-stool3.freeze11.snv.filtered.bam	675950834-stool1.freeze11.snv.filtered.bam	675950834-stool2.freeze11.snv.filtered.bam	686765762-stool3.freeze11.snv.filtered.bam	763496533-stool1.freeze11.snv.filtered.bam	763496533-stool2.freeze11.snv.filtered.bam	763536994-stool2.freeze11.snv.filtered.bam	763577454-stool2.freeze11.snv.filtered.bam	763678604-stool1.freeze11.snv.filtered.bam	763678604-stool2.freeze11.snv.filtered.bam	763820215-stool2.freeze11.snv.filtered.bam	763820215-stool3.freeze11.snv.filtered.bam	763840445-stool1.freeze11.snv.filtered.bam	763840445-stool2.freeze11.snv.filtered.bam	763860675-stool1.freeze11.snv.filtered.bam	763860675-stool2.freeze11.snv.filtered.bam	763901136-stool1.freeze11.snv.filtered.bam	763901136-stool2.freeze11.snv.filtered.bam	763961826-stool1.freeze11.snv.filtered.bam	763961826-stool2.freeze11.snv.filtered.bam	763982056-stool1.freeze11.snv.filtered.bam	763982056-stool2.freeze11.snv.filtered.bam	763982056-stool3.freeze11.snv.filtered.bam	764042746-stool1.freeze11.snv.filtered.bam	764062976-stool2.freeze11.snv.filtered.bam	764285508-stool1.freeze11.snv.filtered.bam	764305738-stool1.freeze11.snv.filtered.bam	764305738-stool2.freeze11.snv.filtered.bam	764325968-stool1.freeze11.snv.filtered.bam	764325968-stool2.freeze11.snv.filtered.bam	764447348-stool1.freeze11.snv.filtered.bam	764447348-stool2.freeze11.snv.filtered.bam	764487809-stool2.freeze11.snv.filtered.bam	765074482-stool2.freeze11.snv.filtered.bam	765074482-stool3.freeze11.snv.filtered.bam	765094712-stool1.freeze11.snv.filtered.bam	765094712-stool2.freeze11.snv.filtered.bam	765094712-stool3.freeze11.snv.filtered.bam	765337473-stool2.freeze11.snv.filtered.bam	765640925-stool1.freeze11.snv.filtered.bam	809635352-stool2.freeze11.snv.filtered.bam	809635352-stool3.freeze11.snv.filtered.bam
158337416-stool1.freeze11.snv.filtered.bam	0.0	0.00952160850474	0.532955858563	0.527963947308	0.205870117865	0.076819967645	0.515368615669	0.525005777675	0.417425467992	0.474740004622	0.497665819274	0.0668130344349	0.0667668130344	0.0666974809337	0.542546799168	0.537809105616	0.539865957939	0.539033972729	0.542408134966	0.538571758724	0.530644788537	0.31638548648	0.328403050612	0.0781372775595	0.0783683845621	0.0770279639473	0.0770741853478	0.526253755489	0.532239426855	0.548301363531	0.544719204992	0.391957476312	0.212248671135	0.0751097758262	0.0753408828287	0.529581696325	0.398890686388	0.446452507511	0.534827825283	0.526739080194	0.562976658193	0.53542870349	0.536006470996	0.472428934597	0.45003466605	0.468546336954	0.095816963254	0.0716662814883	0.0738386873122	0.0656806101225	0.0664663739311	0.0740235729143	0.0739773515138	0.0797088051768	0.0794083660735	0.0792465911717	0.147723596025	0.170372082274	0.193089900624	0.494152992836	0.522995146753	0.523503582159	0.0677143517449	0.069632539866	0.440050843541	0.534434943379	0.174254679917	0.0666050381327	0.537716662815	0.520591633927	0.0804021261844	0.0796856944765	0.0656806101225	0.0660734920268	0.0702796394731	0.0704414143749	0.514074416455	0.549480009244	0.295608966952	0.191541483707	0.461613126878	0.531453663046	0.378553270164	0.529188814421	0.0753871042293	0.075363993529	0.286202911948	0.248255142131	0.0564594407211	0.0654957245205	0.475155997227	0.519366766813	0.492974347123	0.0270626299977	0.0269932978969	0.0267853015946	0.398104922579	0.480540790386	0.0738386873122	0.501941298821
158337416-stool2.freeze11.snv.filtered.bam	0.00952160850474	0.0	0.464386410908	0.465726831523	0.0536861566905	0.043817887682	0.433418072568	0.460781141669	0.353917263693	0.299907557199	0.383383406517	0.0720129419921	0.0715276172868	0.0715738386873	0.478553270164	0.475109775826	0.485301594638	0.484816269933	0.476958631847	0.47092673908	0.467413912642	0.0759648717356	0.0797088051768	0.0753871042293	0.0879362144673	0.0885139819737	0.0884908712734	0.463716200601	0.464802403513	0.490385948694	0.486896232956	0.104668361451	0.0671596949388	0.0860411370465	0.0863877975503	0.468338340652	0.194222324936	0.340651721747	0.471388953085	0.465357060319	0.500231107003	0.473492026808	0.468523226254	0.261312687774	0.297480933672	0.345019644095	0.0521377397735	0.0804252368847	0.0829443032124	0.0752946614282	0.0772128495493	0.0848856020337	0.0849549341345	0.0894846313843	0.0900161774902	0.0896232955859	0.0888606424775	0.0913334874047	0.0905939449965	0.429604807026	0.455812341114	0.459648717356	0.0612202449734	0.0607349202681	0.291009937601	0.46725213774	0.060365149064	0.0657037208227	0.477074185348	0.447931592327	0.0896926276866	0.0887450889762	0.0647330714121	0.0593944996533	0.0648024035128	0.0627917725907	0.452160850474	0.486041137046	0.088814421077	0.0622371157846	0.33274786226	0.456875433326	0.167413912642	0.461220244973	0.0865957938526	0.0865957938526	0.0540328171944	0.0369771204067	0.0634388721978	0.0716200600878	0.407672752484	0.459463831754	0.431522995147	0.0428010168708	0.0427085740698	0.0424081349665	0.179339033973	0.41640859718	0.0532239426855	0.305176796857
158479027-stool1.freeze11.snv.filtered.bam	0.532955858563	0.464386410908	0.0	0.000184885602034	0.181650103998	0.318049456899	0.0616131268777	0.0596949387566	0.0534088282875	0.0657961636238	0.0622371157846	0.531707880749	0.531291888144	0.531430552346	0.0715276172868	0.0679685694477	0.0936907788306	0.0930436792235	0.0894384099838	0.0860411370465	0.0729373700023	0.134689161082	0.13087589554	0.532077651953	0.544696094292	0.534342500578	0.534596718281	0.0548416917033	0.0543101455974	0.0835220707187	0.0826669748093	0.110977582621	0.208874508898	0.543124566674	0.543517448579	0.047816038826	0.0819274324012	0.0428241275711	0.0406979431477	0.0399815114398	0.0853015946383	0.0764964178415	0.0770972960481	0.0771897388491	0.0831291888144	0.0653339496187	0.268107233649	0.536538017102	0.539519297435	0.534365611278	0.537855327016	0.541922810261	0.541992142362	0.541391264155	0.542061474463	0.541645481858	0.298520915184	0.28359140282	0.269586318465	0.0429859024728	0.0576149757338	0.0650566212156	0.495840073954	0.468592558355	0.108134966489	0.0745088976196	0.263461982898	0.523064478854	0.0815807718974	0.0847700485325	0.543956551884	0.542662352669	0.520083198521	0.493552114629	0.515830829674	0.491980587012	0.0443956551884	0.0629766581927	0.175202218627	0.251005315461	0.107580309683	0.0683152299515	0.111070025422	0.0686850011555	0.54365611278	0.54367922348	0.187520221863	0.173561358909	0.526970187197	0.517980124798	0.0568754333256	0.029905246129	0.0274324012018	0.539288190432	0.53910330483	0.538548648024	0.140120175641	0.0442107695863	0.370256528773	0.0908250519991
158479027-stool2.freeze11.snv.filtered.bam	0.527963947308	0.465726831523	0.000184885602034	0.0	0.190316616593	0.325398659579	0.0626299976889	0.0612664663739	0.0538941529928	0.061451351976	0.0544488097989	0.526022648486	0.525583545181	0.525699098683	0.0661428241276	0.0620291194823	0.0913334874047	0.0906863877976	0.0783683845621	0.0752253293275	0.0723133810954	0.143401895077	0.139449965334	0.529581696325	0.53910330483	0.528241275711	0.528403050612	0.0529697249827	0.0510977582621	0.0832447423157	0.0822047608043	0.118627224405	0.219181881211	0.536746013404	0.537115784608	0.0589553963485	0.0904090593945	0.0468916108158	0.0480471458285	0.0473538248209	0.0842153917264	0.0755951005315	0.0762422001387	0.0760110931361	0.0823434250058	0.0631615437948	0.276057314537	0.530228795933	0.533094522764	0.528795932517	0.532239426855	0.53549803559	0.535613589092	0.535590478391	0.536145135198	0.535729142593	0.304367922348	0.290131730991	0.274971111625	0.0403512826439	0.0509822047608	0.0622833371851	0.493783221632	0.470603189277	0.109475387104	0.0741160157153	0.270395192974	0.520198752022	0.0801016870811	0.0824127571065	0.537208227409	0.535798474694	0.515553501271	0.4908712734	0.513542870349	0.492096140513	0.0427547954703	0.057360758031	0.179916801479	0.2545643633	0.103374162237	0.0681534550497	0.114744626762	0.064455743009	0.53730067021	0.53723133811	0.193875664433	0.183129188814	0.521677836838	0.511994453432	0.0558585625144	0.0440258839843	0.0416917032586	0.533325629767	0.533233186966	0.532655419459	0.144233880287	0.0391033048301	0.374324012018	0.0911948232031
158499257-stool1.freeze11.snv.filtered.bam	0.205870117865	0.0536861566905	0.181650103998	0.190316616593	0.0	0.00224173792466	0.137809105616	0.173076034204	0.106193667668	0.0838687312226	0.107464756182	0.218719667206	0.2181650104	0.218003235498	0.207557198983	0.203859486942	0.221192512133	0.220198752022	0.201987520222	0.199422232494	0.181904321701	0.0638317541021	0.0651028426161	0.116177490178	0.225537323781	0.227039519297	0.227155072799	0.180587011786	0.177998613358	0.211301132424	0.208920730298	0.0620984515831	0.0495955627456	0.221608504738	0.222047608043	0.190848162699	0.0487635775364	0.0969031661659	0.187635775364	0.181003004391	0.224104460365	0.202495955627	0.194707649642	0.0953778599492	0.0907557198983	0.1000231107	0.0529235035822	0.214698405362	0.217633464294	0.221908943841	0.223988906864	0.220499191125	0.220753408828	0.231453663046	0.232054541253	0.231615437948	0.0769817425468	0.0786919343656	0.0795239195748	0.166674370233	0.190062398891	0.188259764271	0.0743240120176	0.0479315923272	0.0761035359371	0.185810030044	0.0596718280564	0.131361220245	0.189276635082	0.167136584239	0.23274786226	0.231615437948	0.162976658193	0.0820198752022	0.104922579154	0.0695863184654	0.179223480471	0.210677143517	0.0544025883984	0.0528541714814	0.108134966489	0.182458978507	0.0576149757338	0.181141668593	0.222394268546	0.222324936446	0.0535937138895	0.0476311532239	0.20367460134	0.208597180495	0.14092905015	0.179593251676	0.168453894153	0.229928356829	0.229581696325	0.229327478623	0.0616824589785	0.148786688237	0.0448809798937	0.0776750635544
158499257-stool2.freeze11.snv.filtered.bam	0.076819967645	0.043817887682	0.318049456899	0.325398659579	0.00224173792466	0.0	0.273723133811	0.313473538248	0.216616593483	0.141160157153	0.205916339265	0.071088513982	0.0706031892766	0.0703258608736	0.341021492951	0.338109544719	0.347977813728	0.347631153224	0.330737231338	0.326600415993	0.319251213312	0.0555581234111	0.0574994222325	0.0599260457592	0.0893690778831	0.0907326091981	0.0908712733996	0.318673445805	0.317333025191	0.347515599723	0.344441876589	0.0655188352207	0.0455280795008	0.0520452969725	0.0523457360758	0.323549803559	0.0770279639473	0.18909174948	0.328495493413	0.322232493645	0.357776750636	0.332193205454	0.322556043448	0.133787843772	0.157661197134	0.192073029813	0.0364455743009	0.0464062861105	0.0489715738387	0.079269701872	0.0812572220938	0.0507048763578	0.0510515368616	0.0915877051075	0.091633926508	0.0913797088052	0.0624682227872	0.0650103998151	0.0645019644095	0.293205454125	0.3182112318	0.321123180032	0.0429859024728	0.0389415299284	0.134273168477	0.323827131962	0.0444418765889	0.0530390570834	0.328495493413	0.295632077652	0.0917032586087	0.0908481626993	0.0565518835221	0.0428934596718	0.0507048763578	0.0445805407904	0.314837069563	0.3454818581	0.0414143748556	0.0268546336954	0.174716893922	0.322902703952	0.0689623295586	0.315877051075	0.0524844002773	0.0524381788768	0.052183961174	0.0456436330021	0.0639704183037	0.0717818349896	0.267113473538	0.316870811186	0.294199214236	0.087543332563	0.0874277790617	0.0870348971574	0.0724982666975	0.277628842154	0.0353131499884	0.140790385949
158802708-stool1.freeze11.snv.filtered.bam	0.515368615669	0.433418072568	0.0616131268777	0.0626299976889	0.137809105616	0.273723133811	0.0	0.000924428010169	0.000346660503813	0.0647330714121	0.0528079500809	0.513196209845	0.51273399584	0.512941992142	0.0720360526924	0.0657499422232	0.0698867575688	0.0692165472614	0.0965333949619	0.0930436792235	0.0591171712503	0.115322394269	0.111925121331	0.514351744858	0.525791541484	0.514883290964	0.515021955165	0.056089669517	0.0547492489022	0.0774670672521	0.0761728680379	0.0917494800092	0.164293968107	0.52364224636	0.524081349665	0.0646868500116	0.0703720822741	0.0462445112087	0.0522532932748	0.0438409983823	0.0653570603189	0.0569447654264	0.0569216547261	0.0920961405131	0.0837069563208	0.0675063554426	0.225606655882	0.51730991449	0.520129419921	0.515345504969	0.518604113705	0.522486711347	0.522602264849	0.523965796164	0.524474231569	0.524173792466	0.25093598336	0.234781603883	0.222047608043	0.0513057545644	0.0691934365611	0.0647561821123	0.473307141206	0.44095216085	0.0865957938526	0.0609429165704	0.22911948232	0.506239889069	0.0666512595332	0.0687081118558	0.524659117171	0.523318696557	0.502426623527	0.468061012249	0.498705800786	0.470348971574	0.0403743933441	0.0720360526924	0.151606193668	0.220268084123	0.100508435406	0.0583545181419	0.0987058007858	0.0569678761266	0.524220013866	0.524196903166	0.149664894846	0.127478622602	0.507834527386	0.500069332101	0.0425699098683	0.049272012942	0.0571296510284	0.520476080425	0.520383637624	0.519828980818	0.107765195285	0.0456898544026	0.336168245898	0.0707187427779
158802708-stool2.freeze11.snv.filtered.bam	0.525005777675	0.460781141669	0.0596949387566	0.0612664663739	0.173076034204	0.313473538248	0.000924428010169	0.0	0.000485324705339	0.0707880748787	0.0556274555119	0.522972036053	0.522532932748	0.52271781835	0.071180956783	0.0652183961174	0.0659810492258	0.0654726138202	0.0919343656113	0.0883290963716	0.0545412526	0.139473076034	0.135290039288	0.525883984285	0.535798474694	0.524751559972	0.524913334874	0.053455049688	0.0523919574763	0.0715507279871	0.0702103073723	0.107580309683	0.208134966489	0.533325629767	0.533579847469	0.0612664663739	0.0904783914953	0.0498266697481	0.0498035590478	0.0419459209614	0.0616593482783	0.05636699792	0.0563438872198	0.0970187196672	0.0966720591634	0.076450196441	0.269771204067	0.527016408597	0.529627917726	0.524844002773	0.52819505431	0.532123873353	0.532170094754	0.533464293968	0.533995840074	0.53362606887	0.284469609429	0.270348971574	0.253686156691	0.053177721285	0.0684076727525	0.0624451120869	0.489484631384	0.462791772591	0.0937832216316	0.0543332562977	0.263069100994	0.51724058239	0.0607349202681	0.06454818581	0.534250057777	0.532955858563	0.512895770742	0.48544025884	0.510399815114	0.487474000462	0.0411139357523	0.0690316616593	0.181095447192	0.253085278484	0.109937601109	0.0548416917033	0.122116940143	0.0555350127109	0.533764733071	0.533741622371	0.178738155766	0.165588167321	0.518927663508	0.509406055003	0.0424312456667	0.0473076034204	0.0546568061012	0.530298128033	0.530159463832	0.529558585625	0.12632308759	0.0472382713196	0.3636468685	0.0685001155535
158802708-stool3.freeze11.snv.filtered.bam	0.417425467992	0.353917263693	0.0534088282875	0.0538941529928	0.106193667668	0.216616593483	0.000346660503813	0.000485324705339	0.0	0.0581927432401	0.0461520684077	0.412456667437	0.411948232031	0.412179339034	0.0650797319159	0.0605038132655	0.062999768893	0.0626993297897	0.0832447423157	0.080633233187	0.0496880055466	0.0935983360296	0.0902935058932	0.417910792697	0.426438641091	0.416524150682	0.416685925584	0.0470302750173	0.0470071643171	0.0666281488329	0.065726831523	0.0751097758262	0.127108851398	0.424150681766	0.424428010169	0.0579385255373	0.0447192049919	0.0394730760342	0.0455511902011	0.0366997920037	0.0603189276635	0.0514675294661	0.051906632771	0.079639473076	0.0635082042986	0.053177721285	0.179755026577	0.418234342501	0.421030737231	0.416246822279	0.419204991911	0.423018257453	0.423064478854	0.424820892073	0.425306216778	0.425005777675	0.185602033742	0.172891148602	0.158770510746	0.0432863415761	0.0589553963485	0.0553963485094	0.383799399122	0.355095909406	0.0580771897388	0.0527617286804	0.164894846314	0.409498497804	0.0563438872198	0.0550496880055	0.42546799168	0.424381788768	0.406794545875	0.379223480471	0.401502195517	0.378252831061	0.0353131499884	0.0639010862029	0.101640859718	0.156043448116	0.0763808643402	0.0511208689623	0.066905477236	0.047723596025	0.42456667437	0.42456667437	0.0953778599492	0.0931361220245	0.410122486711	0.403443494338	0.0366073492027	0.0411601571528	0.0493413450428	0.420822740929	0.420730298128	0.420175641322	0.0687543332563	0.0376704414144	0.257545643633	0.0587011786457
159166850-stool1.freeze11.snv.filtered.bam	0.474740004622	0.299907557199	0.0657961636238	0.061451351976	0.0838687312226	0.141160157153	0.0647330714121	0.0707880748787	0.0581927432401	0.0	0.000739542408135	0.472059163393	0.471620060088	0.471712502889	0.0369771204067	0.0372544488098	0.0959556274555	0.0951236422464	0.0963022879593	0.0935983360296	0.0951236422464	0.0780448347585	0.0784608273631	0.464432632309	0.486457129651	0.477582620753	0.477767506355	0.0714351744858	0.0712965102843	0.105754564363	0.104437254449	0.0802403512826	0.0915877051075	0.480240351283	0.480656343887	0.0886526461752	0.0549341345043	0.0573376473307	0.0815807718974	0.0739311301132	0.0823896464063	0.0689392188583	0.0685694476543	0.0156921654726	0.0220707187428	0.0222787150451	0.112294892535	0.473861798012	0.476496417841	0.476219089438	0.479454587474	0.47913103767	0.479200369771	0.484146059626	0.484631384331	0.484307834527	0.158678067945	0.14996533395	0.151282643864	0.0415992604576	0.0360989137971	0.0826900855096	0.401525306217	0.318765888606	0.0961174023573	0.0931592327248	0.144996533395	0.458539403744	0.101617749018	0.0979662583776	0.484330945228	0.483059856714	0.459764270857	0.390755719898	0.444210769586	0.381395886295	0.057360758031	0.080818118789	0.0907094984978	0.123087589554	0.0844927201294	0.0900855095909	0.0670210307372	0.0687081118558	0.480818118789	0.480795008089	0.114005084354	0.0854171481396	0.463831754102	0.459902935059	0.064640628611	0.0798243586781	0.0807950080887	0.480448347585	0.480355904784	0.479755026577	0.102542177028	0.042454356367	0.216246822279	0.0907326091981
159166850-stool2.freeze11.snv.filtered.bam	0.497665819274	0.383383406517	0.0622371157846	0.0544488097989	0.107464756182	0.205916339265	0.0528079500809	0.0556274555119	0.0461520684077	0.000739542408135	0.0	0.495169863647	0.494776981743	0.494938756644	0.0354287034897	0.0346429396811	0.0629535474925	0.0620522301826	0.0902935058932	0.0865726831523	0.0794776981743	0.0879362144673	0.0859949156459	0.496417841461	0.508874508898	0.498035590478	0.49817425468	0.064363300208	0.0647561821123	0.0912641553039	0.0899468453894	0.0818812110007	0.116431707881	0.504367922348	0.504714582852	0.0785301594638	0.0606655881673	0.0532239426855	0.0704645250751	0.0633002079963	0.0509590940606	0.0448116477929	0.0442338802866	0.0262306447885	0.0336954009706	0.0310607811417	0.160203374162	0.498081811879	0.500670210307	0.498312918881	0.501571527617	0.503143055235	0.503351051537	0.506216778368	0.506863877976	0.506470996071	0.204691472152	0.18909174948	0.185740697943	0.0408366073492	0.0354287034897	0.0721516061937	0.449318234343	0.398636468685	0.0917957014098	0.079269701872	0.185810030044	0.487358446961	0.0852091518373	0.082274092905	0.50635544257	0.505084354056	0.483706956321	0.440674832447	0.478715045066	0.438779755027	0.0476542639242	0.0715738386873	0.113265541946	0.16635082043	0.0861566905477	0.0776057314537	0.0755719898313	0.0643170788075	0.504922579154	0.504922579154	0.132863415761	0.100485324705	0.488537092674	0.482574532008	0.0594407210538	0.0684076727525	0.0698867575688	0.502264848625	0.502195516524	0.501640859718	0.104437254449	0.0428241275711	0.287427779062	0.0808412294893
159207311-stool1.freeze11.snv.filtered.bam	0.0668130344349	0.0720129419921	0.531707880749	0.526022648486	0.218719667206	0.071088513982	0.513196209845	0.522972036053	0.412456667437	0.472059163393	0.495169863647	0.0	0.0	0.0	0.540975271551	0.536930899006	0.536584238502	0.535914028195	0.539542408135	0.536214467298	0.52819505431	0.310446036515	0.323203143055	0.0765888606425	0.0781603882598	0.0765195285417	0.0766813034435	0.524844002773	0.531176334643	0.546452507511	0.542893459672	0.393921885833	0.219898312919	0.0626993297897	0.062907326092	0.527663508204	0.395955627456	0.444095216085	0.532886526462	0.523988906864	0.559810492258	0.532193205454	0.532609198059	0.47088051768	0.448370695632	0.467760573145	0.105153686157	0.0575918650335	0.0611046914722	0.0605038132655	0.0621677836838	0.0610122486711	0.0610122486711	0.076450196441	0.0756182112318	0.075363993529	0.153986595794	0.175941761035	0.195793852554	0.492026808412	0.520637855327	0.521469840536	0.0584700716432	0.0612202449734	0.433834065172	0.531268777444	0.17820660966	0.0590709498498	0.535405592789	0.517980124798	0.0741160157153	0.0729604807026	0.0599029350589	0.0598104922579	0.0594638317541	0.0626299976889	0.51273399584	0.548024035128	0.295146752947	0.192257915415	0.459694938757	0.529905246129	0.377721284955	0.526808412295	0.0629535474925	0.0629304367922	0.299722671597	0.271088513982	0.0460365149064	0.0578923041368	0.471504506587	0.516940143286	0.489715738387	0.0672290270395	0.0670441414375	0.0665125953316	0.39544719205	0.478946152068	0.07000231107	0.499168014791
159207311-stool2.freeze11.snv.filtered.bam	0.0667668130344	0.0715276172868	0.531291888144	0.525583545181	0.2181650104	0.0706031892766	0.51273399584	0.522532932748	0.411948232031	0.471620060088	0.494776981743	0.0	0.0	0.0	0.540628611047	0.536584238502	0.536168245898	0.53549803559	0.53910330483	0.535775363994	0.527755951005	0.309914490409	0.322671596949	0.0764733071412	0.07818349896	0.0765195285417	0.0766813034435	0.524451120869	0.530691009938	0.545967182806	0.542408134966	0.393482782528	0.219343656113	0.0626993297897	0.062907326092	0.5272475156	0.395516524151	0.44365611278	0.532378091056	0.523503582159	0.559417610354	0.53177721285	0.532193205454	0.470510746476	0.447931592327	0.467321469841	0.104737693552	0.0575918650335	0.0611046914722	0.0604807025653	0.0621446729836	0.0610122486711	0.0610122486711	0.0764733071412	0.0756644326323	0.0753871042293	0.153524381789	0.175571989831	0.195331638549	0.491610815808	0.520106309221	0.521030737231	0.0583545181419	0.0608042523688	0.433394961867	0.530737231338	0.177813727756	0.0590247284493	0.534920268084	0.517494800092	0.0740697943148	0.0729142593021	0.0598336029582	0.0594638317541	0.0592096140513	0.0621446729836	0.512179339034	0.547608042524	0.294776981743	0.19184192281	0.459209614051	0.529396810723	0.37723596025	0.52639241969	0.0629766581927	0.0629535474925	0.299283568292	0.270649410677	0.0459440721054	0.0578691934366	0.471065403282	0.516501039982	0.489276635082	0.0672059163393	0.0670210307372	0.0664663739311	0.394938756644	0.478460827363	0.0695400970649	0.498659579385
159207311-stool3.freeze11.snv.filtered.bam	0.0666974809337	0.0715738386873	0.531430552346	0.525699098683	0.218003235498	0.0703258608736	0.512941992142	0.52271781835	0.412179339034	0.471712502889	0.494938756644	0.0	0.0	0.0	0.540767275248	0.536676681303	0.5363762422	0.535706031893	0.539288190432	0.535983360296	0.527963947308	0.309914490409	0.322463600647	0.0764039750404	0.0780448347585	0.0764039750404	0.0765657499422	0.52458978507	0.53087589554	0.546175179108	0.542616131269	0.393390339727	0.218765888606	0.0626299976889	0.0628379939912	0.527363069101	0.395539634851	0.443794776982	0.532632308759	0.523711578461	0.559671828056	0.532077651953	0.532447423157	0.470626299977	0.448024035128	0.467460134042	0.103928819043	0.057545643633	0.0610353593714	0.060457591865	0.0620984515831	0.0609429165704	0.0609429165704	0.0763577536399	0.075548879131	0.075271550728	0.153015946383	0.174994222325	0.194961867345	0.491726369309	0.520360526924	0.521215622833	0.0582851860411	0.0605962560666	0.43360295817	0.531037670441	0.17728218165	0.058909174948	0.535197596487	0.517749017795	0.0739773515138	0.072821816501	0.0598104922579	0.0594638317541	0.0592327247516	0.0620522301826	0.512433556737	0.547700485325	0.29452276404	0.191310376704	0.459394499653	0.529627917726	0.37723596025	0.526623526693	0.0628842153917	0.0628611046915	0.299214236191	0.270279639473	0.0456205223018	0.0577767506355	0.471319620985	0.516685925584	0.489438409984	0.067090362838	0.066905477236	0.0663508204299	0.394892535244	0.478645712965	0.0691241044604	0.498867575688
159247771-stool1.freeze11.snv.filtered.bam	0.542546799168	0.478553270164	0.0715276172868	0.0661428241276	0.207557198983	0.341021492951	0.0720360526924	0.071180956783	0.0650797319159	0.0369771204067	0.0354287034897	0.540975271551	0.540628611047	0.540767275248	0.0	6.93321007627e-05	0.101294199214	0.100647099607	0.0990062398891	0.0956089669517	0.0912872660042	0.166743702334	0.162606886989	0.544788537093	0.553940374393	0.542824127571	0.543009013173	0.0700485324705	0.0706725213774	0.0976658192743	0.0967413912642	0.144927201294	0.237323780911	0.551120868962	0.551375086665	0.0894615206841	0.116801479085	0.0752253293275	0.0817425467992	0.0742546799168	0.0988675756875	0.0877744395655	0.0893228564826	0.0522995146753	0.0643864109083	0.0500577767506	0.292835682921	0.54455743009	0.547469378322	0.542985902473	0.546313843309	0.549803559048	0.549872891149	0.551051536862	0.551606193668	0.551190201063	0.31455974116	0.300346660504	0.284839380633	0.0414143748556	0.038271319621	0.0832216316154	0.506863877976	0.482435867807	0.135243817888	0.0906170556968	0.286711347354	0.535058932286	0.0963716200601	0.101340420615	0.55093598336	0.549572452045	0.531869655651	0.505338571759	0.52817194361	0.505639010862	0.0596487173561	0.0761035359371	0.197111162468	0.268892997458	0.12186272244	0.0853478160388	0.137924659117	0.0718280563901	0.551559972267	0.551583082967	0.214374855558	0.201340420615	0.537046452508	0.526276866189	0.0670672521377	0.0757799861336	0.0828518604114	0.547007164317	0.546868500116	0.546267621909	0.167437023342	0.0468916108158	0.388282874971	0.113357984747
159247771-stool2.freeze11.snv.filtered.bam	0.537809105616	0.475109775826	0.0679685694477	0.0620291194823	0.203859486942	0.338109544719	0.0657499422232	0.0652183961174	0.0605038132655	0.0372544488098	0.0346429396811	0.536930899006	0.536584238502	0.536676681303	6.93321007627e-05	0.0	0.0948925352438	0.0947076496418	0.0955396348509	0.0919574763115	0.0861566905477	0.160365149064	0.156182112318	0.538017101918	0.549711116247	0.538710422926	0.538964640629	0.067367691241	0.0673445805408	0.0936445574301	0.0927663508204	0.135590478391	0.234250057777	0.547423156922	0.547677374624	0.0835682921193	0.111393575225	0.0706494106771	0.0771204067483	0.07000231107	0.0843540559279	0.0766119713427	0.0772590709498	0.0521146290733	0.0648948463138	0.0507973191588	0.290409059394	0.540836607349	0.543540559279	0.539010862029	0.542246360065	0.546152068408	0.546198289808	0.546960942917	0.547492489022	0.547099607118	0.311347353825	0.297134273168	0.280633233187	0.0387104229258	0.037185116709	0.0776288421539	0.502773284031	0.48003235498	0.129027039519	0.0849549341345	0.283776288422	0.529027039519	0.0923272475156	0.0970418303675	0.546937832216	0.545597411602	0.526600415993	0.501016870811	0.522972036053	0.502056852323	0.0552807950081	0.0710191818812	0.192073029813	0.265565056621	0.116685925584	0.0804021261844	0.134296279177	0.0611278021724	0.547885370927	0.547885370927	0.208273630691	0.197064941068	0.533002079963	0.522394268546	0.0605500346661	0.0728911486018	0.076912410446	0.543332562977	0.543217009475	0.542616131269	0.159833602958	0.0418072567599	0.385833140744	0.104159926046
159369152-stool1.freeze11.snv.filtered.bam	0.539865957939	0.485301594638	0.0936907788306	0.0913334874047	0.221192512133	0.347977813728	0.0698867575688	0.0659810492258	0.062999768893	0.0959556274555	0.0629535474925	0.536584238502	0.536168245898	0.5363762422	0.101294199214	0.0948925352438	0.0	0.0	0.11728680379	0.113450427548	0.096995608967	0.187081118558	0.182805639011	0.542662352669	0.548671134735	0.54090593945	0.541067714352	0.0898312918881	0.0914259302057	0.104414143749	0.103489715738	0.158701178646	0.251583082967	0.546822278715	0.547145828519	0.100485324705	0.137970880518	0.0932516755258	0.0934134504275	0.0851167090363	0.0612433556737	0.0617749017795	0.0622371157846	0.132609198059	0.135151375087	0.114652183961	0.304391033048	0.540397504044	0.543055234574	0.539357522533	0.54275479547	0.545528079501	0.545620522302	0.547145828519	0.547792928126	0.547423156922	0.311324243125	0.297504044373	0.281303443494	0.087913103767	0.101317309914	0.0988444649873	0.5091056159	0.487612664664	0.141969031662	0.102218627224	0.299260457592	0.533233186966	0.0982435867807	0.105061243356	0.546660503813	0.545412526	0.528911486018	0.503998151144	0.527409290502	0.50730298128	0.0826669748093	0.103027501733	0.220314305523	0.28909174948	0.146706725214	0.0955627455512	0.161613126878	0.0944996533395	0.54726138202	0.547215160619	0.227432401202	0.217078807488	0.533764733071	0.52269470765	0.085186041137	0.0910792697019	0.0964178414606	0.544395655188	0.544303212387	0.543817887682	0.177651952854	0.0859949156459	0.393921885833	0.1182112318
159369152-stool2.freeze11.snv.filtered.bam	0.539033972729	0.484816269933	0.0930436792235	0.0906863877976	0.220198752022	0.347631153224	0.0692165472614	0.0654726138202	0.0626993297897	0.0951236422464	0.0620522301826	0.535914028195	0.53549803559	0.535706031893	0.100647099607	0.0947076496418	0.0	0.0	0.116662814883	0.112872660042	0.0962098451583	0.185948694245	0.182066096603	0.541922810261	0.548093367229	0.540235729143	0.540374393344	0.0889761959787	0.0905708342963	0.103836376242	0.102888837532	0.157938525537	0.251282643864	0.546244511209	0.546568061012	0.0995377859949	0.136792234805	0.0925583545181	0.0927201294199	0.0843771666281	0.058909174948	0.0593713889531	0.0600415992605	0.131291888144	0.133949618673	0.113519759649	0.303720822741	0.539796625838	0.542477467067	0.538687312226	0.542107695863	0.544950311994	0.545042754795	0.546591171713	0.54723827132	0.546868500116	0.310723364918	0.296787612665	0.280725675988	0.0870117864571	0.100138664202	0.0980124797781	0.508527848394	0.487219782759	0.141206378553	0.101479084816	0.298659579385	0.532493644557	0.0977351513751	0.104344811648	0.546059625607	0.544765426392	0.528125722209	0.503212387335	0.526484862491	0.506771435174	0.0820660966027	0.102380402126	0.219043217009	0.28819043217	0.145528079501	0.0949618673446	0.160711809568	0.0938063323319	0.546683614514	0.546637393113	0.226461751791	0.216639704183	0.533094522764	0.522047608043	0.0844696094292	0.090455280795	0.0955165241507	0.543817887682	0.543725444881	0.543240120176	0.176681303443	0.0849780448348	0.393043679223	0.117541021493
159490532-stool1.freeze11.snv.filtered.bam	0.542408134966	0.476958631847	0.0894384099838	0.0783683845621	0.201987520222	0.330737231338	0.0965333949619	0.0919343656113	0.0832447423157	0.0963022879593	0.0902935058932	0.539542408135	0.53910330483	0.539288190432	0.0990062398891	0.0955396348509	0.11728680379	0.116662814883	0.0	0.000392881904322	0.100739542408	0.159718049457	0.1545412526	0.545782297204	0.552553732378	0.541876588861	0.542107695863	0.0894384099838	0.0907094984978	0.105269239658	0.10452969725	0.136722902704	0.2272706263	0.548578691934	0.548902241738	0.103882597643	0.126022648486	0.0936214467298	0.0949618673446	0.0887219782759	0.115715276173	0.107811416686	0.108597180495	0.111994453432	0.121123180032	0.105662121562	0.274462676219	0.541922810261	0.544765426392	0.541113935752	0.54451120869	0.54728449272	0.54728449272	0.54813958863	0.548601802635	0.548278252831	0.318465449503	0.304252368847	0.291472151606	0.0623295585856	0.0890224173792	0.0970649410677	0.509336722903	0.481673214698	0.134342500578	0.104460365149	0.282019875202	0.53542870349	0.105985671366	0.111717125029	0.549872891149	0.548578691934	0.530251906633	0.50543101456	0.529443032124	0.505985671366	0.0398659579385	0.0261382019875	0.165380171019	0.238733533626	0.0938987751329	0.102010630922	0.137716662815	0.103004391033	0.548971573839	0.548925352438	0.211324243125	0.193968107234	0.534666050381	0.52458978507	0.0957707418535	0.0931592327248	0.098359140282	0.545851629304	0.545666743702	0.545042754795	0.169262768662	0.0784839380633	0.384307834527	0.121585394037
159490532-stool2.freeze11.snv.filtered.bam	0.538571758724	0.47092673908	0.0860411370465	0.0752253293275	0.199422232494	0.326600415993	0.0930436792235	0.0883290963716	0.080633233187	0.0935983360296	0.0865726831523	0.536214467298	0.535775363994	0.535983360296	0.0956089669517	0.0919574763115	0.113450427548	0.112872660042	0.000392881904322	0.0	0.0975040443725	0.157730529235	0.153478160388	0.542130806563	0.548809798937	0.538895308528	0.53910330483	0.0858562514444	0.0867575687543	0.102010630922	0.101247977814	0.138040212618	0.224266235267	0.5454356367	0.545782297204	0.100207996302	0.123873353363	0.0910561590016	0.091541483707	0.0852784839381	0.111624682228	0.104113704645	0.104830136353	0.110099376011	0.117448578692	0.101710191819	0.271504506587	0.538802865727	0.541668592558	0.537370002311	0.540790385949	0.544141437486	0.544164548186	0.544719204992	0.545181418997	0.544904090594	0.313311763346	0.300392881904	0.287450889762	0.0596256066559	0.086087358447	0.0936214467298	0.504760804252	0.476242200139	0.131222556043	0.101317309914	0.278530159464	0.532170094754	0.102403512826	0.108042523688	0.545897850705	0.544672983591	0.526854633695	0.500670210307	0.525375548879	0.501109313612	0.036907788306	0.0232955858563	0.163854864802	0.237439334412	0.0912872660042	0.098359140282	0.135960249596	0.0997226715969	0.545874740005	0.545805407904	0.208504737694	0.191518373007	0.531361220245	0.521238733534	0.0923734689161	0.0894846313843	0.0949156459441	0.542454356367	0.542269470765	0.541645481858	0.166420152531	0.0752946614282	0.378969262769	0.1181881211
159510762-stool2.freeze11.snv.filtered.bam	0.530644788537	0.467413912642	0.0729373700023	0.0723133810954	0.181904321701	0.319251213312	0.0591171712503	0.0545412526	0.0496880055466	0.0951236422464	0.0794776981743	0.52819505431	0.527755951005	0.527963947308	0.0912872660042	0.0861566905477	0.096995608967	0.0962098451583	0.100739542408	0.0975040443725	0.0	0.155188352207	0.150080887451	0.53362606887	0.540674832447	0.528795932517	0.528980818119	0.0568523226254	0.0579847469378	0.0768661890455	0.0757337647331	0.119412988214	0.212410446037	0.53817887682	0.538479315923	0.0754795470303	0.101294199214	0.062907326092	0.0560665588167	0.04090593945	0.096001848856	0.0862491333487	0.0869424543564	0.117402357291	0.11090825052	0.0890686387798	0.282435867807	0.53180032355	0.53452738618	0.52911948232	0.532840305061	0.536861566905	0.536930899006	0.538017101918	0.538641090825	0.538271319621	0.302888837532	0.28999306679	0.274924890224	0.0679916801479	0.0829443032124	0.0711578460827	0.496764501964	0.471273399584	0.0909868269009	0.0631615437948	0.270210307372	0.522995146753	0.0215160619367	0.0252368846776	0.538756644326	0.537370002311	0.519852091518	0.494638317541	0.515715276173	0.492119251213	0.0613357984747	0.0856251444419	0.19724982667	0.26822278715	0.125699098683	0.0547492489022	0.133995840074	0.063184654495	0.538710422926	0.538664201525	0.176542639242	0.166443263231	0.524312456667	0.513565981049	0.0524844002773	0.0512364224636	0.0664663739311	0.534481164779	0.534319389878	0.533695400971	0.113589091749	0.0372775595101	0.369724982667	0.0832447423157
159551223-stool1.freeze11.snv.filtered.bam	0.31638548648	0.0759648717356	0.134689161082	0.143401895077	0.0638317541021	0.0555581234111	0.115322394269	0.139473076034	0.0935983360296	0.0780448347585	0.0879362144673	0.310446036515	0.309914490409	0.309914490409	0.166743702334	0.160365149064	0.187081118558	0.185948694245	0.159718049457	0.157730529235	0.155188352207	0.0	0.0	0.228102611509	0.334989600185	0.334018950774	0.334018950774	0.112156228334	0.109174948001	0.165218396117	0.162861104691	0.0791541483707	0.0670672521377	0.334850935983	0.335197596487	0.147053385718	0.0465218396117	0.0738849087127	0.144904090594	0.139473076034	0.187843771666	0.170649410677	0.164779292813	0.0857869193437	0.0693089900624	0.0654726138202	0.0706725213774	0.327640397504	0.330506124336	0.328449272013	0.331199445343	0.333718511671	0.334111393575	0.339241969032	0.339889068639	0.339727293737	0.103859486942	0.104899468454	0.107025652877	0.128079500809	0.147515599723	0.137577998613	0.135220707187	0.0795008088745	0.0840767275248	0.152969724983	0.0651952854171	0.240605500347	0.162214005084	0.148093367229	0.339796625838	0.338710422926	0.281326554195	0.143193898775	0.191772590709	0.121238733534	0.136538017102	0.165541945921	0.0707649641784	0.0774670672521	0.0991680147908	0.148440027733	0.0500115553501	0.154425699099	0.335590478391	0.335567367691	0.0769817425468	0.0669285879362	0.312294892535	0.312849549341	0.116593482783	0.139311301132	0.134874046684	0.333579847469	0.333279408366	0.333071412064	0.0833834065172	0.118234342501	0.079362144673	0.0949156459441
