	158479027-tonguedorsum1.freeze11.snv.filtered.bam	158479027-tonguedorsum2.freeze11.snv.filtered.bam	158883629-tonguedorsum1.freeze11.snv.filtered.bam	158883629-tonguedorsum3.freeze11.snv.filtered.bam	158944319-tonguedorsum3.freeze11.snv.filtered.bam	159207311-tonguedorsum2.freeze11.snv.filtered.bam	159207311-tonguedorsum3.freeze11.snv.filtered.bam	159227541-tonguedorsum3.freeze11.snv.filtered.bam	159268001-tonguedorsum1.freeze11.snv.filtered.bam	160582958-tonguedorsum3.freeze11.snv.filtered.bam	160603188-tonguedorsum3.freeze11.snv.filtered.bam	246515023-tonguedorsum1.freeze11.snv.filtered.bam	508703490-tonguedorsum1.freeze11.snv.filtered.bam	508703490-tonguedorsum2.freeze11.snv.filtered.bam	550534656-tonguedorsum1.freeze11.snv.filtered.bam	550534656-tonguedorsum2.freeze11.snv.filtered.bam	550534656-tonguedorsum3.freeze11.snv.filtered.bam	638754422-tonguedorsum3.freeze11.snv.filtered.bam	663835652-tonguedorsum2.freeze11.snv.filtered.bam	675950834-tonguedorsum2.freeze11.snv.filtered.bam	737052003-tonguedorsum1.freeze11.snv.filtered.bam	737052003-tonguedorsum2.freeze11.snv.filtered.bam	763577454-tonguedorsum1.freeze11.snv.filtered.bam	763901136-tonguedorsum1.freeze11.snv.filtered.bam	763901136-tonguedorsum2.freeze11.snv.filtered.bam	763901136-tonguedorsum3.freeze11.snv.filtered.bam	763961826-tonguedorsum1.freeze11.snv.filtered.bam	763982056-tonguedorsum3.freeze11.snv.filtered.bam	764143897-tonguedorsum2.freeze11.snv.filtered.bam	764224817-tonguedorsum1.freeze11.snv.filtered.bam	764285508-tonguedorsum2.freeze11.snv.filtered.bam	764305738-tonguedorsum1.freeze11.snv.filtered.bam	764325968-tonguedorsum1.freeze11.snv.filtered.bam	764325968-tonguedorsum2.freeze11.snv.filtered.bam	764366428-tonguedorsum2.freeze11.snv.filtered.bam	764447348-tonguedorsum1.freeze11.snv.filtered.bam	764588959-tonguedorsum1.freeze11.snv.filtered.bam	764588959-tonguedorsum2.freeze11.snv.filtered.bam	764811490-tonguedorsum1.freeze11.snv.filtered.bam	764811490-tonguedorsum2.freeze11.snv.filtered.bam	765013792-tonguedorsum2.freeze11.snv.filtered.bam	765013792-tonguedorsum3.freeze11.snv.filtered.bam	765074482-tonguedorsum1.freeze11.snv.filtered.bam	765074482-tonguedorsum3.freeze11.snv.filtered.bam	765094712-tonguedorsum1.freeze11.snv.filtered.bam	765094712-tonguedorsum2.freeze11.snv.filtered.bam	765135172-tonguedorsum1.freeze11.snv.filtered.bam	765701615-tonguedorsum2.freeze11.snv.filtered.bam	823052294-tonguedorsum1.freeze11.snv.filtered.bam	823052294-tonguedorsum3.freeze11.snv.filtered.bam	861967750-tonguedorsum1.freeze11.snv.filtered.bam
158479027-tonguedorsum1.freeze11.snv.filtered.bam	0.0	0.00211913608918	0.0757228286112	0.0694525081282	0.0429197631212	0.0403942173711	0.0543427775197	0.0303355782629	0.0268375522527	0.0437761263353	0.0356479331166	0.0376509521598	0.0368091035764	0.0295372735718	0.0706572224803	0.0613388295402	0.0633999071064	0.0274036228518	0.0627467487227	0.032919182536	0.0427310729215	0.0582907570831	0.024399094287	0.0364026939155	0.0392185322805	0.0375493497445	0.0338626335346	0.0352560380864	0.0369252206224	0.0273455643288	0.0632983046911	0.056055503948	0.0286809103576	0.0420779145379	0.0354302136554	0.0423536925221	0.0331369019972	0.039189503019	0.0306694147701	0.0288696005574	0.0532832094752	0.0320918485834	0.0576230840687	0.06715919647	0.0668108453321	0.0755196237808	0.0405248490478	0.0304371806781	0.0252264282397	0.029348583372	0.0496835810497
158479027-tonguedorsum2.freeze11.snv.filtered.bam	0.00211913608918	0.0	0.085520204366	0.0790321644217	0.0539218532281	0.0519623780771	0.0651126335346	0.0408441709243	0.0363591500232	0.0549378773804	0.046156525778	0.0479273107292	0.0477966790525	0.0402490710636	0.0809626103112	0.0728199024617	0.0745616581514	0.0370123084069	0.0737052949373	0.0431519972132	0.0540815141663	0.067507547608	0.0300888295402	0.0463016720855	0.049552949373	0.0480289131444	0.0434132605667	0.0464468183929	0.04794182536	0.0357495355318	0.074242336275	0.0662738039944	0.039363678588	0.0526445657222	0.0459533209475	0.0604824663261	0.0436164653971	0.0495674640037	0.0404667905248	0.0403942173711	0.0641256386438	0.0424407803065	0.0684509986066	0.0783790060381	0.0782774036229	0.0877119136089	0.0513527635857	0.0399442638179	0.0364607524385	0.0400603808639	0.0590890617743
158883629-tonguedorsum1.freeze11.snv.filtered.bam	0.0757228286112	0.085520204366	0.0	0.000740246168137	0.0827188806317	0.0795692057594	0.0932710171853	0.0686396888063	0.065548072457	0.0829801439851	0.0748809800279	0.0773774965165	0.0755776823038	0.0697718300046	0.109295169531	0.102066883418	0.103895726893	0.0658238504412	0.101878193219	0.0727037854157	0.0804110543428	0.0952595215978	0.085346028797	0.0757518578727	0.0795546911287	0.0776677891314	0.0730956804459	0.0739955875523	0.0772178355783	0.0708313980492	0.101776590804	0.0946644217371	0.0685961449141	0.0826317928472	0.0732698560149	0.0893665815142	0.0743294240595	0.0780887134231	0.0705411054343	0.0702217835578	0.0933000464468	0.0713248954947	0.0982930794241	0.107292150488	0.105506850906	0.116596028797	0.0815867394333	0.0692057594055	0.0663318625174	0.0704830469113	0.0864781699954
158883629-tonguedorsum3.freeze11.snv.filtered.bam	0.0694525081282	0.0790321644217	0.000740246168137	0.0	0.0763614723641	0.0731972828611	0.0874071063632	0.0621226196006	0.0588713423131	0.0755196237808	0.0681026474686	0.0715135856944	0.0696847422202	0.0632692754296	0.101863678588	0.0946934509986	0.0965658383651	0.058987459359	0.0940838365072	0.0672607988853	0.0745471435207	0.0894536692987	0.0791047375755	0.0695686251742	0.0728634463539	0.0711216906642	0.0654754993033	0.0668834184858	0.0708604273107	0.0645030190432	0.0952595215978	0.088742452392	0.0617452392011	0.075563167673	0.0662883186252	0.0808319786345	0.0672462842545	0.0716297027404	0.0635305387831	0.0628483511379	0.0868700650255	0.0650545750116	0.0910938225732	0.100876683697	0.0995268230376	0.11004993033	0.0747648629819	0.0630370413377	0.059451927543	0.0636466558291	0.080454598235
158944319-tonguedorsum3.freeze11.snv.filtered.bam	0.0429197631212	0.0539218532281	0.0827188806317	0.0763614723641	0.0	0.0440954482118	0.0557797259638	0.0335287970274	0.0288550859266	0.0467225963771	0.034762540641	0.0406409660938	0.0382605666512	0.0306839294008	0.0717313051556	0.0622387366465	0.0630370413377	0.027969693451	0.0687558058523	0.0337029725964	0.044545401765	0.0617887830934	0.0522236414306	0.0390153274501	0.0405538783093	0.0398862052949	0.0358946818393	0.0387830933581	0.0371139108221	0.0365333255922	0.0639514630748	0.0569699256851	0.0295372735718	0.0455904551788	0.0370413376684	0.0535880167209	0.0349947747329	0.0417440780307	0.0316709242917	0.029348583372	0.0541976312123	0.0320773339526	0.0575069670228	0.0670575940548	0.0651126335346	0.0749970970739	0.040800627032	0.0316273803994	0.0273310496981	0.0304662099396	0.0522526706921
159207311-tonguedorsum2.freeze11.snv.filtered.bam	0.0403942173711	0.0519623780771	0.0795692057594	0.0731972828611	0.0440954482118	0.0	0.0169385740827	0.0322369948908	0.0277664886205	0.0443857408268	0.0353576405016	0.0400894101254	0.0374187180678	0.02659080353	0.0724134928007	0.0642417556897	0.0650981189039	0.0292324663261	0.0664044356712	0.034762540641	0.0428471899675	0.0617887830934	0.0487691593126	0.0370993961914	0.039653971203	0.0381154203437	0.0348786576869	0.029754993033	0.0376509521598	0.0337174872271	0.0650545750116	0.0565054575012	0.0285647933117	0.0442841384115	0.0305387830934	0.052775197399	0.0301759173247	0.0401910125406	0.0314967487227	0.0297114491407	0.0547782164422	0.0325853460288	0.0563457965629	0.0640820947515	0.0668253599628	0.0757518578727	0.0401184393869	0.0316418950302	0.0227153971203	0.0287825127729	0.0516575708314
159207311-tonguedorsum3.freeze11.snv.filtered.bam	0.0543427775197	0.0651126335346	0.0932710171853	0.0874071063632	0.0557797259638	0.0169385740827	0.0	0.0471435206688	0.0416715048769	0.0576521133302	0.0484788666976	0.0551991407339	0.0520494658616	0.0418747097074	0.0851428239666	0.0781612865769	0.0782048304691	0.042585926614	0.0787563864375	0.0489578495123	0.0563603111937	0.0739810729215	0.0639659777055	0.0520059219693	0.0547637018114	0.052949372968	0.0481740594519	0.0470128889921	0.051280190432	0.0486385276359	0.0783209475151	0.0705265908035	0.0426004412448	0.0583633302369	0.0481450301904	0.0656206456108	0.0479127960985	0.0548943334882	0.0464613330237	0.044371226196	0.0666947282861	0.0451114723641	0.0701056665118	0.0754760798885	0.0781903158384	0.0875377380399	0.0552571992569	0.044603460288	0.0367075011612	0.0419763121226	0.0646771946122
159227541-tonguedorsum3.freeze11.snv.filtered.bam	0.0303355782629	0.0408441709243	0.0686396888063	0.0621226196006	0.0335287970274	0.0322369948908	0.0471435206688	0.0	0.0157338597306	0.0349512308407	0.026416627961	0.0271278448676	0.026532745007	0.0179981421273	0.0631241291222	0.0535154435671	0.0551265675801	0.0155306549001	0.0550104505341	0.0231218067812	0.0334852531352	0.0495239201115	0.0372300278681	0.0257054110543	0.0276068276823	0.0264311425917	0.0230927775197	0.024747445425	0.0274616813748	0.0224105898746	0.0549523920111	0.0456920575941	0.0169095448212	0.0308871342313	0.0247184161635	0.0434713190896	0.0239781699954	0.0302775197399	0.0176788202508	0.0164741058987	0.0433842313052	0.0215687412912	0.0473322108686	0.0605114955876	0.0609324198792	0.0697863446354	0.0314677194612	0.0200447050627	0.0142098235021	0.0182884347422	0.0393927078495
159268001-tonguedorsum1.freeze11.snv.filtered.bam	0.0268375522527	0.0363591500232	0.065548072457	0.0588713423131	0.0288550859266	0.0277664886205	0.0416715048769	0.0157338597306	0.0	0.0299001393405	0.0220912679981	0.0221348118904	0.023194379935	0.0161257547608	0.0568247793776	0.0470128889921	0.0485369252206	0.0114665582908	0.0507866929865	0.0190141662796	0.0291598931723	0.0454162796098	0.032745006967	0.0227734556433	0.0236298188574	0.023020204366	0.0183900371575	0.0213074779378	0.0227153971203	0.0177949372968	0.0507286344635	0.0410764050163	0.0142823966558	0.0266924059452	0.0198705294937	0.0409457733395	0.0207414073386	0.0269972131909	0.0157483743614	0.0150661867162	0.0381734788667	0.0172143520669	0.0423972364143	0.0550104505341	0.0546766140269	0.0643578727357	0.0267069205759	0.0167789131444	0.0115971899675	0.0155306549001	0.0326579191825
160582958-tonguedorsum3.freeze11.snv.filtered.bam	0.0437761263353	0.0549378773804	0.0829801439851	0.0755196237808	0.0467225963771	0.0443857408268	0.0576521133302	0.0349512308407	0.0299001393405	0.0	0.039770088249	0.0338916627961	0.0364607524385	0.0311048536925	0.0764630747794	0.0683348815606	0.0694089642359	0.0320192754296	0.0685526010218	0.0375058058523	0.0449372967952	0.0628193218765	0.0523978169995	0.0389137250348	0.0410038318625	0.0401184393869	0.0350528332559	0.0331804458895	0.0411634928007	0.037578379006	0.0681461913609	0.0604824663261	0.0307710171853	0.0462290989317	0.0401184393869	0.0593503251277	0.0389137250348	0.0450679284719	0.0332675336739	0.027795517882	0.0570570134696	0.0343851602415	0.0597567347887	0.0670575940548	0.069118671621	0.0785967254993	0.0443276823038	0.0338771481654	0.0289566883418	0.0317725267069	0.0535154435671
160603188-tonguedorsum3.freeze11.snv.filtered.bam	0.0356479331166	0.046156525778	0.0748809800279	0.0681026474686	0.034762540641	0.0353576405016	0.0484788666976	0.026416627961	0.0220912679981	0.039770088249	0.0	0.0322515095216	0.0310322805388	0.023078262889	0.0678994426382	0.05784080353	0.0584794472829	0.0230927775197	0.0592632373432	0.0283615884812	0.0378977008825	0.054386321412	0.044603460288	0.0322660241523	0.0339061774268	0.032686948444	0.0291163492801	0.0312935438922	0.0317870413377	0.028085810497	0.059335810497	0.0485659544821	0.0234120993962	0.037520320483	0.029406641895	0.04794182536	0.0282309568045	0.0349802601022	0.0251393404552	0.023252438458	0.0482321179749	0.026126335346	0.0511350441245	0.0618323269856	0.0612807710172	0.0723264050163	0.0352995819786	0.0248780771017	0.0208865536461	0.0243555503948	0.044719577334
246515023-tonguedorsum1.freeze11.snv.filtered.bam	0.0376509521598	0.0479273107292	0.0773774965165	0.0715135856944	0.0406409660938	0.0400894101254	0.0551991407339	0.0271278448676	0.0221348118904	0.0338916627961	0.0322515095216	0.0	0.027795517882	0.024631328379	0.0710781467719	0.0592342080817	0.0636176265676	0.0228169995355	0.0647642823967	0.0284631908964	0.039770088249	0.0575795401765	0.0449808406874	0.0342545285648	0.0355753599628	0.0346609382257	0.0306113562471	0.0315257779842	0.0354592429169	0.0267940083604	0.0642562703205	0.054096028797	0.0252554575012	0.0397991175105	0.0337029725964	0.0529638875987	0.0317289828147	0.03804284719	0.026358569438	0.0185061542034	0.0516285415699	0.0285793079424	0.0568247793776	0.0690170692058	0.0673188574083	0.0779871110079	0.0399297491872	0.0223960752438	0.0220477241059	0.0265472596377	0.0467225963771
508703490-tonguedorsum1.freeze11.snv.filtered.bam	0.0368091035764	0.0477966790525	0.0755776823038	0.0696847422202	0.0382605666512	0.0374187180678	0.0520494658616	0.026532745007	0.023194379935	0.0364607524385	0.0310322805388	0.027795517882	0.0	0.00222073850441	0.0689880399443	0.0597131908964	0.061004993033	0.0241233163028	0.0596551323734	0.0291018346493	0.0386814909429	0.0553297724106	0.0447921504877	0.0314096609382	0.0337465164886	0.0322224802601	0.0289421737111	0.0314096609382	0.0328901532745	0.0296679052485	0.0606421272643	0.0512511611705	0.0228605434278	0.0338916627961	0.0309306781235	0.049436832327	0.0278390617743	0.0335723409196	0.0259811890386	0.0214816535067	0.0491320250813	0.0275777984208	0.0519188341849	0.0635305387831	0.0626016024152	0.0726747561542	0.0367655596842	0.0254876915931	0.0208139804923	0.0249941941477	0.0448937529029
508703490-tonguedorsum2.freeze11.snv.filtered.bam	0.0295372735718	0.0402490710636	0.0697718300046	0.0632692754296	0.0306839294008	0.02659080353	0.0418747097074	0.0179981421273	0.0161257547608	0.0311048536925	0.023078262889	0.024631328379	0.00222073850441	0.0	0.0618178123549	0.0514979098932	0.0529348583372	0.0162128425453	0.0514688806317	0.0214526242452	0.0303210636321	0.0480724570367	0.0380573618207	0.0236733627497	0.0252699721319	0.0246022991175	0.0213655364608	0.022729911751	0.0251103111937	0.0218735485369	0.0531090339062	0.042876219229	0.014732350209	0.0234556432884	0.0232669530887	0.0410038318625	0.0209591267998	0.0274036228518	0.0185061542034	0.0160822108686	0.0409893172318	0.0186658151417	0.0432390849977	0.0548072457037	0.0566796330701	0.0664189503019	0.0290437761263	0.0184771249419	0.0119310264747	0.0153855085927	0.0373606595448
550534656-tonguedorsum1.freeze11.snv.filtered.bam	0.0706572224803	0.0809626103112	0.109295169531	0.101863678588	0.0717313051556	0.0724134928007	0.0851428239666	0.0631241291222	0.0568247793776	0.0764630747794	0.0678994426382	0.0710781467719	0.0689880399443	0.0618178123549	0.0	0.00072573153739	0.00124825824431	0.0476225034835	0.0979447282861	0.0628628657687	0.0726021830005	0.092254993033	0.0815722248026	0.069118671621	0.0713539247562	0.0697428007431	0.0664915234556	0.0696411983279	0.069118671621	0.062383882954	0.0937645146307	0.087305503948	0.0614694612169	0.0781758012076	0.0629934974454	0.083967138876	0.0664189503019	0.0723264050163	0.0628628657687	0.0618178123549	0.0859411286577	0.0638353460288	0.0906148397585	0.0992945889457	0.0980898745936	0.10830817464	0.072166744078	0.0541686019508	0.05939386902	0.0636321411983	0.0831543195541
550534656-tonguedorsum2.freeze11.snv.filtered.bam	0.0613388295402	0.0728199024617	0.102066883418	0.0946934509986	0.0622387366465	0.0642417556897	0.0781612865769	0.0535154435671	0.0470128889921	0.0683348815606	0.05784080353	0.0592342080817	0.0597131908964	0.0514979098932	0.00072573153739	0.0	0.000319321876451	0.0392185322805	0.0902519739898	0.0496980956804	0.0641401532745	0.0834591267998	0.0714264979099	0.0599744542499	0.0625725731537	0.060772758941	0.0569699256851	0.0599454249884	0.0598002786809	0.0510769856015	0.0864346261031	0.0771307477938	0.0511785880167	0.0683493961914	0.0532251509522	0.0746052020437	0.0558087552253	0.0632112169066	0.0532396655829	0.0518607756619	0.0778129354389	0.054212145843	0.0813980492336	0.0913405712959	0.088916627961	0.0995123084069	0.0616000928936	0.0386669763121	0.0490013934046	0.053979911751	0.0738649558755
550534656-tonguedorsum3.freeze11.snv.filtered.bam	0.0633999071064	0.0745616581514	0.103895726893	0.0965658383651	0.0630370413377	0.0650981189039	0.0782048304691	0.0551265675801	0.0485369252206	0.0694089642359	0.0584794472829	0.0636176265676	0.061004993033	0.0529348583372	0.00124825824431	0.000319321876451	0.0	0.0396104273107	0.0912970274036	0.0535735020901	0.065838365072	0.0851283093358	0.0736617510451	0.0613098002787	0.0636756850906	0.0619919879238	0.0581456107757	0.0617162099396	0.0615855782629	0.0549523920111	0.0874361356247	0.0796708081746	0.0520494658616	0.0703524152346	0.0544008360427	0.0763179284719	0.0576956572225	0.0651271481654	0.0543137482582	0.052833255922	0.0790321644217	0.0553297724106	0.0825882489549	0.0920663028333	0.0905132373432	0.101108917789	0.0636611704598	0.0448937529029	0.0512366465397	0.0551555968416	0.0756647700882
638754422-tonguedorsum3.freeze11.snv.filtered.bam	0.0274036228518	0.0370123084069	0.0658238504412	0.058987459359	0.027969693451	0.0292324663261	0.042585926614	0.0155306549001	0.0114665582908	0.0320192754296	0.0230927775197	0.0228169995355	0.0241233163028	0.0162128425453	0.0476225034835	0.0392185322805	0.0396104273107	0.0	0.0523978169995	0.0185932419879	0.0241088016721	0.0460258941013	0.0336884579656	0.023194379935	0.0244716674408	0.0235282164422	0.0192754296331	0.0228169995355	0.0223525313516	0.0189996516489	0.0534138411519	0.0398862052949	0.0150516720855	0.0274181374826	0.0168369716674	0.0422811193683	0.0210752438458	0.0269826985601	0.0156612865769	0.0160967254993	0.0394652810033	0.0179255689735	0.0432100557362	0.0566215745471	0.0555184626103	0.0656787041338	0.0281148397585	0.0147758941013	0.0121342313052	0.0159370645611	0.0358946818393
663835652-tonguedorsum2.freeze11.snv.filtered.bam	0.0627467487227	0.0737052949373	0.101878193219	0.0940838365072	0.0687558058523	0.0664044356712	0.0787563864375	0.0550104505341	0.0507866929865	0.0685526010218	0.0592632373432	0.0647642823967	0.0596551323734	0.0514688806317	0.0979447282861	0.0902519739898	0.0912970274036	0.0523978169995	0.0	0.058987459359	0.0681607059916	0.0835171853228	0.0755486530423	0.0598002786809	0.0621081049698	0.0603228053878	0.0571876451463	0.0598002786809	0.0617597538319	0.0581456107757	0.0903390617743	0.0823124709707	0.0527316535067	0.0692493032977	0.0601196005574	0.0755196237808	0.0590600325128	0.06405306549	0.0555474918718	0.0539944263818	0.0773339526242	0.0540524849048	0.0846638411519	0.0942725267069	0.0930678123549	0.104026358569	0.0671301672085	0.0547056432884	0.0497561542034	0.0542266604738	0.0745181142592
675950834-tonguedorsum2.freeze11.snv.filtered.bam	0.032919182536	0.0431519972132	0.0727037854157	0.0672607988853	0.0337029725964	0.034762540641	0.0489578495123	0.0231218067812	0.0190141662796	0.0375058058523	0.0283615884812	0.0284631908964	0.0291018346493	0.0214526242452	0.0628628657687	0.0496980956804	0.0535735020901	0.0185932419879	0.058987459359	0.0	0.0357350209011	0.0357350209011	0.0400894101254	0.0306113562471	0.0323095680446	0.0307274732931	0.0265472596377	0.0284631908964	0.0292469809568	0.0173449837436	0.0575359962843	0.0448937529029	0.0202769391547	0.0350963771482	0.0281728982815	0.0419327682304	0.0263440548072	0.0325418021366	0.0225992800743	0.0209010682768	0.0286663957269	0.016575708314	0.0304516953089	0.0508882954018	0.0602937761263	0.0701056665118	0.032977241059	0.0117133070135	0.0133824895495	0.0179400836043	0.0391314444961
737052003-tonguedorsum1.freeze11.snv.filtered.bam	0.0427310729215	0.0540815141663	0.0804110543428	0.0745471435207	0.044545401765	0.0428471899675	0.0563603111937	0.0334852531352	0.0291598931723	0.0449372967952	0.0378977008825	0.039770088249	0.0386814909429	0.0303210636321	0.0726021830005	0.0641401532745	0.065838365072	0.0241088016721	0.0681607059916	0.0357350209011	0.0	0.0567812354854	0.051106014863	0.0388556665118	0.0414537854157	0.0400023223409	0.0377090106828	0.0377815838365	0.0384492568509	0.0340948676266	0.0652432652113	0.0556781235485	0.0302775197399	0.0307129586623	0.0384202275894	0.0548217603344	0.0368236182072	0.0418166511844	0.0325853460288	0.0309742220158	0.0548072457037	0.0330643288435	0.0481740594519	0.0428471899675	0.0490013934046	0.0534573850441	0.0371429400836	0.0321934509986	0.0274616813748	0.0328466093823	0.0529203437065
737052003-tonguedorsum2.freeze11.snv.filtered.bam	0.0582907570831	0.067507547608	0.0952595215978	0.0894536692987	0.0617887830934	0.0617887830934	0.0739810729215	0.0495239201115	0.0454162796098	0.0628193218765	0.054386321412	0.0575795401765	0.0553297724106	0.0480724570367	0.092254993033	0.0834591267998	0.0851283093358	0.0460258941013	0.0835171853228	0.0357350209011	0.0567812354854	0.0	0.0680155596842	0.0558958430098	0.0591180910358	0.0566796330701	0.0521655829076	0.0550539944264	0.0555474918718	0.0509028100325	0.0830527171389	0.0747213190896	0.0470274036229	0.059219693451	0.0540234556433	0.0740826753367	0.0543427775197	0.0590890617743	0.0485369252206	0.0485224105899	0.0487256154203	0.0389572689271	0.0436454946586	0.0703379006038	0.0854186019508	0.0965803529958	0.060598583372	0.0389427542963	0.0380138179285	0.0446179749187	0.0324982582443
763577454-tonguedorsum1.freeze11.snv.filtered.bam	0.024399094287	0.0300888295402	0.085346028797	0.0791047375755	0.0522236414306	0.0487691593126	0.0639659777055	0.0372300278681	0.032745006967	0.0523978169995	0.044603460288	0.0449808406874	0.0447921504877	0.0380573618207	0.0815722248026	0.0714264979099	0.0736617510451	0.0336884579656	0.0755486530423	0.0400894101254	0.051106014863	0.0680155596842	0.0	0.044603460288	0.0464177891314	0.0450679284719	0.040858685555	0.042876219229	0.0455178820251	0.0306258708778	0.0736036925221	0.0660996284255	0.0351399210404	0.0504528564793	0.0430358801672	0.0634579656294	0.0419472828611	0.049030422666	0.0369832791454	0.0355898745936	0.0626596609382	0.0397265443567	0.066012540641	0.0775952159777	0.0780161402694	0.0888295401765	0.0495094054807	0.0370268230376	0.0321208778449	0.0370703669299	0.0574053646075
763901136-tonguedorsum1.freeze11.snv.filtered.bam	0.0364026939155	0.0463016720855	0.0757518578727	0.0695686251742	0.0390153274501	0.0370993961914	0.0520059219693	0.0257054110543	0.0227734556433	0.0389137250348	0.0322660241523	0.0342545285648	0.0314096609382	0.0236733627497	0.069118671621	0.0599744542499	0.0613098002787	0.023194379935	0.0598002786809	0.0306113562471	0.0388556665118	0.0558958430098	0.044603460288	0.0	0.000159660938226	0.000290292614956	0.0296243613562	0.0305532977241	0.0340077798421	0.0280567812355	0.0596551323734	0.0506270320483	0.0215106827682	0.0371284254529	0.0292760102183	0.0492771713888	0.0282890153275	0.0348786576869	0.0254151184394	0.0243265211333	0.0500464468184	0.0279842080817	0.0547346725499	0.0654609846725	0.0649094287041	0.0745761727822	0.0378541569902	0.0266053181607	0.019972131909	0.0243120065026	0.0444147700882
763901136-tonguedorsum2.freeze11.snv.filtered.bam	0.0392185322805	0.049552949373	0.0795546911287	0.0728634463539	0.0405538783093	0.039653971203	0.0547637018114	0.0276068276823	0.0236298188574	0.0410038318625	0.0339061774268	0.0355753599628	0.0337465164886	0.0252699721319	0.0713539247562	0.0625725731537	0.0636756850906	0.0244716674408	0.0621081049698	0.0323095680446	0.0414537854157	0.0591180910358	0.0464177891314	0.000159660938226	0.0	0.000116117045982	0.0312645146307	0.0327740362285	0.0356769623781	0.02969693451	0.0627757779842	0.052949372968	0.0235282164422	0.0387540640966	0.0319612169066	0.0517301439851	0.0302775197399	0.0378977008825	0.0278826056665	0.0261698792383	0.0529784022294	0.0297840222945	0.0574489084998	0.0687267765908	0.0681607059916	0.0776387598699	0.0390879006038	0.0285067347887	0.0220767533674	0.0263440548072	0.0472596377148
763901136-tonguedorsum3.freeze11.snv.filtered.bam	0.0375493497445	0.0480289131444	0.0776677891314	0.0711216906642	0.0398862052949	0.0381154203437	0.052949372968	0.0264311425917	0.023020204366	0.0401184393869	0.032686948444	0.0346609382257	0.0322224802601	0.0246022991175	0.0697428007431	0.060772758941	0.0619919879238	0.0235282164422	0.0603228053878	0.0307274732931	0.0400023223409	0.0566796330701	0.0450679284719	0.000290292614956	0.000116117045982	0.0	0.0306403855086	0.0316128657687	0.034414189503	0.0287825127729	0.0603228053878	0.0515559684162	0.0218590339062	0.0375928936368	0.0299872271249	0.0498577566187	0.0286373664654	0.0362140037157	0.0258360427311	0.0251248258244	0.0515704830469	0.0283906177427	0.0555620065026	0.0663028332559	0.0664624941941	0.0762163260567	0.0386379470506	0.0268375522527	0.0206252902926	0.0252990013934	0.0450243845797
763961826-tonguedorsum1.freeze11.snv.filtered.bam	0.0338626335346	0.0434132605667	0.0730956804459	0.0654754993033	0.0358946818393	0.0348786576869	0.0481740594519	0.0230927775197	0.0183900371575	0.0350528332559	0.0291163492801	0.0306113562471	0.0289421737111	0.0213655364608	0.0664915234556	0.0569699256851	0.0581456107757	0.0192754296331	0.0571876451463	0.0265472596377	0.0377090106828	0.0521655829076	0.040858685555	0.0296243613562	0.0312645146307	0.0306403855086	0.0	0.0281874129122	0.0315257779842	0.0262859962843	0.059277751974	0.0495239201115	0.0207849512308	0.03435613098	0.028201927543	0.0472451230841	0.028085810497	0.0349512308407	0.0210897584765	0.0223235020901	0.0460113794705	0.0245587552253	0.0499883882954	0.062790292615	0.0634289363679	0.0741117045982	0.0327595215978	0.0232814677195	0.0168369716674	0.0198415002322	0.0415553878309
763982056-tonguedorsum3.freeze11.snv.filtered.bam	0.0352560380864	0.0464468183929	0.0739955875523	0.0668834184858	0.0387830933581	0.029754993033	0.0470128889921	0.024747445425	0.0213074779378	0.0331804458895	0.0312935438922	0.0315257779842	0.0314096609382	0.022729911751	0.0696411983279	0.0599454249884	0.0617162099396	0.0228169995355	0.0598002786809	0.0284631908964	0.0377815838365	0.0550539944264	0.042876219229	0.0305532977241	0.0327740362285	0.0316128657687	0.0281874129122	0.0	0.0323966558291	0.027679400836	0.0613533441709	0.0517156293544	0.0225557361821	0.0372445424988	0.0254586623316	0.0472160938226	0.0259521597771	0.0349367162099	0.0231798653042	0.0234411286577	0.047593474222	0.0257054110543	0.0521220390153	0.0629644681839	0.0649239433349	0.0744600557362	0.0359962842545	0.0251538550859	0.0179836274965	0.0223815606131	0.0439938457966
764143897-tonguedorsum2.freeze11.snv.filtered.bam	0.0369252206224	0.04794182536	0.0772178355783	0.0708604273107	0.0371139108221	0.0376509521598	0.051280190432	0.0274616813748	0.0227153971203	0.0411634928007	0.0317870413377	0.0354592429169	0.0328901532745	0.0251103111937	0.069118671621	0.0598002786809	0.0615855782629	0.0223525313516	0.0617597538319	0.0292469809568	0.0384492568509	0.0555474918718	0.0455178820251	0.0340077798421	0.0356769623781	0.034414189503	0.0315257779842	0.0323966558291	0.0	0.0303210636321	0.0595390153275	0.0421940315838	0.0249071063632	0.0397410589875	0.0320483046911	0.0503222248026	0.0297695076637	0.036199489085	0.0265617742685	0.0191447979563	0.0472886669763	0.0256618671621	0.0519623780771	0.0626016024152	0.0614259173247	0.0712087784487	0.0372880863911	0.0259811890386	0.0217138875987	0.0256183232699	0.0463161867162
764224817-tonguedorsum1.freeze11.snv.filtered.bam	0.0273455643288	0.0357495355318	0.0708313980492	0.0645030190432	0.0365333255922	0.0337174872271	0.0486385276359	0.0224105898746	0.0177949372968	0.037578379006	0.028085810497	0.0267940083604	0.0296679052485	0.0218735485369	0.062383882954	0.0510769856015	0.0549523920111	0.0189996516489	0.0581456107757	0.0173449837436	0.0340948676266	0.0509028100325	0.0306258708778	0.0280567812355	0.02969693451	0.0287825127729	0.0262859962843	0.027679400836	0.0303210636321	0.0	0.0577682303762	0.0451259869949	0.0194205759405	0.0304807245704	0.0278680910358	0.0426004412448	0.0264456572225	0.0318015559684	0.0224831630283	0.0218735485369	0.0464177891314	0.024863562471	0.0488707617278	0.0616000928936	0.060888875987	0.0700185787274	0.0332530190432	0.0184480956804	0.0172869252206	0.0217574314909	0.0422085462146
764285508-tonguedorsum2.freeze11.snv.filtered.bam	0.0632983046911	0.074242336275	0.101776590804	0.0952595215978	0.0639514630748	0.0650545750116	0.0783209475151	0.0549523920111	0.0507286344635	0.0681461913609	0.059335810497	0.0642562703205	0.0606421272643	0.0531090339062	0.0937645146307	0.0864346261031	0.0874361356247	0.0534138411519	0.0903390617743	0.0575359962843	0.0652432652113	0.0830527171389	0.0736036925221	0.0596551323734	0.0627757779842	0.0603228053878	0.059277751974	0.0613533441709	0.0595390153275	0.0577682303762	0.0	0.0802223641431	0.0514979098932	0.0681316767301	0.0593212958662	0.073835926614	0.0512511611705	0.0578553181607	0.0544879238272	0.0512366465397	0.0786402693915	0.0550394797956	0.0802949372968	0.0872764746865	0.0847509289364	0.0951143752903	0.0629644681839	0.0532396655829	0.0505544588946	0.0540524849048	0.0746487459359
764305738-tonguedorsum1.freeze11.snv.filtered.bam	0.056055503948	0.0662738039944	0.0946644217371	0.088742452392	0.0569699256851	0.0565054575012	0.0705265908035	0.0456920575941	0.0410764050163	0.0604824663261	0.0485659544821	0.054096028797	0.0512511611705	0.042876219229	0.087305503948	0.0771307477938	0.0796708081746	0.0398862052949	0.0823124709707	0.0448937529029	0.0556781235485	0.0747213190896	0.0660996284255	0.0506270320483	0.052949372968	0.0515559684162	0.0495239201115	0.0517156293544	0.0421940315838	0.0451259869949	0.0802223641431	0.0	0.0428617045982	0.0597567347887	0.0509173246633	0.0676091500232	0.0473902693915	0.0538928239666	0.0438341848583	0.0425133534603	0.0689009521598	0.0450098699489	0.0750406409661	0.0845622387366	0.0752438457966	0.0877990013934	0.0545895262425	0.0407135392476	0.0404377612634	0.0441099628425	0.0651126335346
764325968-tonguedorsum1.freeze11.snv.filtered.bam	0.0286809103576	0.039363678588	0.0685961449141	0.0617452392011	0.0295372735718	0.0285647933117	0.0426004412448	0.0169095448212	0.0142823966558	0.0307710171853	0.0234120993962	0.0252554575012	0.0228605434278	0.014732350209	0.0614694612169	0.0511785880167	0.0520494658616	0.0150516720855	0.0527316535067	0.0202769391547	0.0302775197399	0.0470274036229	0.0351399210404	0.0215106827682	0.0235282164422	0.0218590339062	0.0207849512308	0.0225557361821	0.0249071063632	0.0194205759405	0.0514979098932	0.0428617045982	0.0	0.0220622387366	0.0214961681375	0.0418747097074	0.0201898513702	0.026300510915	0.0170546911287	0.0152258476544	0.0396249419415	0.0179255689735	0.0441680213655	0.0552281699954	0.0560409893172	0.0656496748723	0.0275487691593	0.01669182536	0.0109730608453	0.0150516720855	0.0360978866698
764325968-tonguedorsum2.freeze11.snv.filtered.bam	0.0420779145379	0.0526445657222	0.0826317928472	0.075563167673	0.0455904551788	0.0442841384115	0.0583633302369	0.0308871342313	0.0266924059452	0.0462290989317	0.037520320483	0.0397991175105	0.0338916627961	0.0234556432884	0.0781758012076	0.0683493961914	0.0703524152346	0.0274181374826	0.0692493032977	0.0350963771482	0.0307129586623	0.059219693451	0.0504528564793	0.0371284254529	0.0387540640966	0.0375928936368	0.03435613098	0.0372445424988	0.0397410589875	0.0304807245704	0.0681316767301	0.0597567347887	0.0220622387366	0.0	0.0373896888063	0.0585520204366	0.036257547608	0.0422666047376	0.0299146539712	0.0297259637715	0.056229679517	0.0331659312587	0.0596115884812	0.0721957733395	0.0729940780307	0.0831833488156	0.0431084533209	0.0313370877845	0.0259231305156	0.0314386901997	0.0521655829076
764366428-tonguedorsum2.freeze11.snv.filtered.bam	0.0354302136554	0.0459533209475	0.0732698560149	0.0662883186252	0.0370413376684	0.0305387830934	0.0481450301904	0.0247184161635	0.0198705294937	0.0401184393869	0.029406641895	0.0337029725964	0.0309306781235	0.0232669530887	0.0629934974454	0.0532251509522	0.0544008360427	0.0168369716674	0.0601196005574	0.0281728982815	0.0384202275894	0.0540234556433	0.0430358801672	0.0292760102183	0.0319612169066	0.0299872271249	0.028201927543	0.0254586623316	0.0320483046911	0.0278680910358	0.0593212958662	0.0509173246633	0.0214961681375	0.0373896888063	0.0	0.0490739665583	0.0221348118904	0.0342109846725	0.0247184161635	0.0235717603344	0.0491610543428	0.0270262424524	0.0525284486763	0.0645465629354	0.0633563632141	0.0734875754761	0.0352415234556	0.0257924988388	0.0200737343242	0.0237459359034	0.0437761263353
764447348-tonguedorsum1.freeze11.snv.filtered.bam	0.0423536925221	0.0604824663261	0.0893665815142	0.0808319786345	0.0535880167209	0.052775197399	0.0656206456108	0.0434713190896	0.0409457733395	0.0593503251277	0.04794182536	0.0529638875987	0.049436832327	0.0410038318625	0.083967138876	0.0746052020437	0.0763179284719	0.0422811193683	0.0755196237808	0.0419327682304	0.0548217603344	0.0740826753367	0.0634579656294	0.0492771713888	0.0517301439851	0.0498577566187	0.0472451230841	0.0472160938226	0.0503222248026	0.0426004412448	0.073835926614	0.0676091500232	0.0418747097074	0.0585520204366	0.0490739665583	0.0	0.0445599163957	0.0502496516489	0.0436164653971	0.0408877148165	0.067565606131	0.0436890385509	0.0715135856944	0.0797869252206	0.0772033209475	0.0876828843474	0.0534283557826	0.0411780074315	0.0391749883883	0.0429197631212	0.0639079191825
764588959-tonguedorsum1.freeze11.snv.filtered.bam	0.0331369019972	0.0436164653971	0.0743294240595	0.0672462842545	0.0349947747329	0.0301759173247	0.0479127960985	0.0239781699954	0.0207414073386	0.0389137250348	0.0282309568045	0.0317289828147	0.0278390617743	0.0209591267998	0.0664189503019	0.0558087552253	0.0576956572225	0.0210752438458	0.0590600325128	0.0263440548072	0.0368236182072	0.0543427775197	0.0419472828611	0.0282890153275	0.0302775197399	0.0286373664654	0.028085810497	0.0259521597771	0.0297695076637	0.0264456572225	0.0512511611705	0.0473902693915	0.0201898513702	0.036257547608	0.0221348118904	0.0445599163957	0.0	0.00577682303762	0.023136321412	0.0214381096145	0.0470564328843	0.0240797724106	0.0505399442638	0.0611501393405	0.0585665350673	0.0682913376684	0.0333255921969	0.0207704366001	0.0187093590339	0.0223235020901	0.0431084533209
764588959-tonguedorsum2.freeze11.snv.filtered.bam	0.039189503019	0.0495674640037	0.0780887134231	0.0716297027404	0.0417440780307	0.0401910125406	0.0548943334882	0.0302775197399	0.0269972131909	0.0450679284719	0.0349802601022	0.03804284719	0.0335723409196	0.0274036228518	0.0723264050163	0.0632112169066	0.0651271481654	0.0269826985601	0.06405306549	0.0325418021366	0.0418166511844	0.0590890617743	0.049030422666	0.0348786576869	0.0378977008825	0.0362140037157	0.0349512308407	0.0349367162099	0.036199489085	0.0318015559684	0.0578553181607	0.0538928239666	0.026300510915	0.0422666047376	0.0342109846725	0.0502496516489	0.00577682303762	0.0	0.0301468880632	0.0273165350673	0.0536460752438	0.0304952392011	0.0570134695773	0.0672607988853	0.0654754993033	0.0746197166744	0.0402781003251	0.0268665815142	0.0251683697167	0.0295663028333	0.0496835810497
764811490-tonguedorsum1.freeze11.snv.filtered.bam	0.0306694147701	0.0404667905248	0.0705411054343	0.0635305387831	0.0316709242917	0.0314967487227	0.0464613330237	0.0176788202508	0.0157483743614	0.0332675336739	0.0251393404552	0.026358569438	0.0259811890386	0.0185061542034	0.0628628657687	0.0532396655829	0.0543137482582	0.0156612865769	0.0555474918718	0.0225992800743	0.0325853460288	0.0485369252206	0.0369832791454	0.0254151184394	0.0278826056665	0.0258360427311	0.0210897584765	0.0231798653042	0.0265617742685	0.0224831630283	0.0544879238272	0.0438341848583	0.0170546911287	0.0299146539712	0.0247184161635	0.0436164653971	0.023136321412	0.0301468880632	0.0	0.0132808871342	0.036315606131	0.0185932419879	0.0464032745007	0.0591471202973	0.0555474918718	0.0673769159313	0.0247909893172	0.0190286809104	0.0136872967952	0.0177513934046	0.0384492568509
764811490-tonguedorsum2.freeze11.snv.filtered.bam	0.0288696005574	0.0403942173711	0.0702217835578	0.0628483511379	0.029348583372	0.0297114491407	0.044371226196	0.0164741058987	0.0150661867162	0.027795517882	0.023252438458	0.0185061542034	0.0214816535067	0.0160822108686	0.0618178123549	0.0518607756619	0.052833255922	0.0160967254993	0.0539944263818	0.0209010682768	0.0309742220158	0.0485224105899	0.0355898745936	0.0243265211333	0.0261698792383	0.0251248258244	0.0223235020901	0.0234411286577	0.0191447979563	0.0218735485369	0.0512366465397	0.0425133534603	0.0152258476544	0.0297259637715	0.0235717603344	0.0408877148165	0.0214381096145	0.0273165350673	0.0132808871342	0.0	0.0410183464933	0.0197108685555	0.0443421969345	0.0552571992569	0.0546330701347	0.0644304458895	0.0287679981421	0.0178239665583	0.0123664653971	0.0165031351602	0.0390153274501
765013792-tonguedorsum2.freeze11.snv.filtered.bam	0.0532832094752	0.0641256386438	0.0933000464468	0.0868700650255	0.0541976312123	0.0547782164422	0.0666947282861	0.0433842313052	0.0381734788667	0.0570570134696	0.0482321179749	0.0516285415699	0.0491320250813	0.0409893172318	0.0859411286577	0.0778129354389	0.0790321644217	0.0394652810033	0.0773339526242	0.0286663957269	0.0548072457037	0.0487256154203	0.0626596609382	0.0500464468184	0.0529784022294	0.0515704830469	0.0460113794705	0.047593474222	0.0472886669763	0.0464177891314	0.0786402693915	0.0689009521598	0.0396249419415	0.056229679517	0.0491610543428	0.067565606131	0.0470564328843	0.0536460752438	0.036315606131	0.0410183464933	0.0	0.00272875058059	0.033035299582	0.0568973525314	0.078669298653	0.0909922201579	0.0486675568974	0.0266778913144	0.0240797724106	0.0322515095216	0.0634579656294
765013792-tonguedorsum3.freeze11.snv.filtered.bam	0.0320918485834	0.0424407803065	0.0713248954947	0.0650545750116	0.0320773339526	0.0325853460288	0.0451114723641	0.0215687412912	0.0172143520669	0.0343851602415	0.026126335346	0.0285793079424	0.0275777984208	0.0186658151417	0.0638353460288	0.054212145843	0.0553297724106	0.0179255689735	0.0540524849048	0.016575708314	0.0330643288435	0.0389572689271	0.0397265443567	0.0279842080817	0.0297840222945	0.0283906177427	0.0245587552253	0.0257054110543	0.0256618671621	0.024863562471	0.0550394797956	0.0450098699489	0.0179255689735	0.0331659312587	0.0270262424524	0.0436890385509	0.0240797724106	0.0304952392011	0.0185932419879	0.0197108685555	0.00272875058059	0.0	0.0266343474222	0.0463597306085	0.0584504180214	0.0683493961914	0.0303065490014	0.0150661867162	0.0113649558755	0.0160531816071	0.0397410589875
765074482-tonguedorsum1.freeze11.snv.filtered.bam	0.0576230840687	0.0684509986066	0.0982930794241	0.0910938225732	0.0575069670228	0.0563457965629	0.0701056665118	0.0473322108686	0.0423972364143	0.0597567347887	0.0511350441245	0.0568247793776	0.0519188341849	0.0432390849977	0.0906148397585	0.0813980492336	0.0825882489549	0.0432100557362	0.0846638411519	0.0304516953089	0.0481740594519	0.0436454946586	0.066012540641	0.0547346725499	0.0574489084998	0.0555620065026	0.0499883882954	0.0521220390153	0.0519623780771	0.0488707617278	0.0802949372968	0.0750406409661	0.0441680213655	0.0596115884812	0.0525284486763	0.0715135856944	0.0505399442638	0.0570134695773	0.0464032745007	0.0443421969345	0.033035299582	0.0266343474222	0.0	0.00526881096145	0.0702798420808	0.0775661867162	0.0535880167209	0.0285793079424	0.0263730840687	0.0361849744542	0.0675365768695
765074482-tonguedorsum3.freeze11.snv.filtered.bam	0.06715919647	0.0783790060381	0.107292150488	0.100876683697	0.0670575940548	0.0640820947515	0.0754760798885	0.0605114955876	0.0550104505341	0.0670575940548	0.0618323269856	0.0690170692058	0.0635305387831	0.0548072457037	0.0992945889457	0.0913405712959	0.0920663028333	0.0566215745471	0.0942725267069	0.0508882954018	0.0428471899675	0.0703379006038	0.0775952159777	0.0654609846725	0.0687267765908	0.0663028332559	0.062790292615	0.0629644681839	0.0626016024152	0.0616000928936	0.0872764746865	0.0845622387366	0.0552281699954	0.0721957733395	0.0645465629354	0.0797869252206	0.0611501393405	0.0672607988853	0.0591471202973	0.0552571992569	0.0568973525314	0.0463597306085	0.00526881096145	0.0	0.0595680445889	0.0629354389224	0.0582617278216	0.0484353228054	0.0438922433813	0.0531380631677	0.0797433813284
