	158337416-stool1.freeze11.snv.filtered.bam	158337416-stool2.freeze11.snv.filtered.bam	158479027-stool1.freeze11.snv.filtered.bam	158479027-stool2.freeze11.snv.filtered.bam	158499257-stool1.freeze11.snv.filtered.bam	158499257-stool2.freeze11.snv.filtered.bam	158802708-stool1.freeze11.snv.filtered.bam	158802708-stool2.freeze11.snv.filtered.bam	158802708-stool3.freeze11.snv.filtered.bam	158944319-stool1.freeze11.snv.filtered.bam	158944319-stool2.freeze11.snv.filtered.bam	158944319-stool3.freeze11.snv.filtered.bam	159166850-stool1.freeze11.snv.filtered.bam	159166850-stool2.freeze11.snv.filtered.bam	159207311-stool1.freeze11.snv.filtered.bam	159207311-stool2.freeze11.snv.filtered.bam	159207311-stool3.freeze11.snv.filtered.bam	159227541-stool2.freeze11.snv.filtered.bam	159227541-stool3.freeze11.snv.filtered.bam	159247771-stool1.freeze11.snv.filtered.bam	159247771-stool2.freeze11.snv.filtered.bam	159268001-stool1.freeze11.snv.filtered.bam	159268001-stool2.freeze11.snv.filtered.bam	159369152-stool1.freeze11.snv.filtered.bam	159369152-stool2.freeze11.snv.filtered.bam	159490532-stool1.freeze11.snv.filtered.bam	159490532-stool2.freeze11.snv.filtered.bam	159510762-stool2.freeze11.snv.filtered.bam	159551223-stool1.freeze11.snv.filtered.bam	159551223-stool2.freeze11.snv.filtered.bam	159571453-stool1.freeze11.snv.filtered.bam	159571453-stool2.freeze11.snv.filtered.bam	159611913-stool1.freeze11.snv.filtered.bam	159611913-stool2.freeze11.snv.filtered.bam	159753524-stool1.freeze11.snv.filtered.bam	159753524-stool2.freeze11.snv.filtered.bam	159753524-stool3.freeze11.snv.filtered.bam	160158126-stool1.freeze11.snv.filtered.bam	160158126-stool2.freeze11.snv.filtered.bam	160178356-stool1.freeze11.snv.filtered.bam	160178356-stool2.freeze11.snv.filtered.bam	160178356-stool3.freeze11.snv.filtered.bam	160319967-stool1.freeze11.snv.filtered.bam	160319967-stool2.freeze11.snv.filtered.bam	160319967-stool3.freeze11.snv.filtered.bam	160421117-stool1.freeze11.snv.filtered.bam	160421117-stool2.freeze11.snv.filtered.bam	160421117-stool3.freeze11.snv.filtered.bam	160502038-stool1.freeze11.snv.filtered.bam	160502038-stool2.freeze11.snv.filtered.bam	160502038-stool3.freeze11.snv.filtered.bam	160582958-stool1.freeze11.snv.filtered.bam	160582958-stool2.freeze11.snv.filtered.bam	160582958-stool3.freeze11.snv.filtered.bam	160603188-stool1.freeze11.snv.filtered.bam	370425937-stool1.freeze11.snv.filtered.bam	370425937-stool2.freeze11.snv.filtered.bam	508703490-stool1.freeze11.snv.filtered.bam	508703490-stool2.freeze11.snv.filtered.bam	508703490-stool3.freeze11.snv.filtered.bam	550534656-stool1.freeze11.snv.filtered.bam	550534656-stool2.freeze11.snv.filtered.bam	550534656-stool3.freeze11.snv.filtered.bam	604812005-stool1.freeze11.snv.filtered.bam	604812005-stool2.freeze11.snv.filtered.bam	604812005-stool3.freeze11.snv.filtered.bam	638754422-stool1.freeze11.snv.filtered.bam	638754422-stool2.freeze11.snv.filtered.bam	638754422-stool3.freeze11.snv.filtered.bam	686765762-stool1.freeze11.snv.filtered.bam	686765762-stool2.freeze11.snv.filtered.bam	686765762-stool3.freeze11.snv.filtered.bam	706846339-stool1.freeze11.snv.filtered.bam	706846339-stool2.freeze11.snv.filtered.bam	737052003-stool1.freeze11.snv.filtered.bam	737052003-stool2.freeze11.snv.filtered.bam	763496533-stool1.freeze11.snv.filtered.bam	763496533-stool2.freeze11.snv.filtered.bam	763536994-stool2.freeze11.snv.filtered.bam	763536994-stool3.freeze11.snv.filtered.bam	763577454-stool1.freeze11.snv.filtered.bam	763577454-stool2.freeze11.snv.filtered.bam	763678604-stool1.freeze11.snv.filtered.bam	763678604-stool2.freeze11.snv.filtered.bam	763759525-stool1.freeze11.snv.filtered.bam	763759525-stool2.freeze11.snv.filtered.bam	763820215-stool1.freeze11.snv.filtered.bam	763820215-stool2.freeze11.snv.filtered.bam	763820215-stool3.freeze11.snv.filtered.bam	763840445-stool1.freeze11.snv.filtered.bam	763840445-stool2.freeze11.snv.filtered.bam	763860675-stool1.freeze11.snv.filtered.bam	763860675-stool2.freeze11.snv.filtered.bam	763961826-stool1.freeze11.snv.filtered.bam	763961826-stool2.freeze11.snv.filtered.bam	763982056-stool1.freeze11.snv.filtered.bam	763982056-stool2.freeze11.snv.filtered.bam	763982056-stool3.freeze11.snv.filtered.bam	764042746-stool1.freeze11.snv.filtered.bam	764042746-stool2.freeze11.snv.filtered.bam	764062976-stool1.freeze11.snv.filtered.bam	764062976-stool2.freeze11.snv.filtered.bam	764143897-stool1.freeze11.snv.filtered.bam	764143897-stool2.freeze11.snv.filtered.bam	764224817-stool1.freeze11.snv.filtered.bam	764285508-stool1.freeze11.snv.filtered.bam	764285508-stool2.freeze11.snv.filtered.bam	764305738-stool1.freeze11.snv.filtered.bam	764305738-stool2.freeze11.snv.filtered.bam	764325968-stool1.freeze11.snv.filtered.bam	764325968-stool2.freeze11.snv.filtered.bam	764366428-stool2.freeze11.snv.filtered.bam	764366428-stool3.freeze11.snv.filtered.bam	764447348-stool1.freeze11.snv.filtered.bam	764447348-stool2.freeze11.snv.filtered.bam	764487809-stool2.freeze11.snv.filtered.bam	764508039-stool1.freeze11.snv.filtered.bam	764508039-stool2.freeze11.snv.filtered.bam	764508039-stool3.freeze11.snv.filtered.bam	764588959-stool2.freeze11.snv.filtered.bam	764649650-stool1.freeze11.snv.filtered.bam	764649650-stool2.freeze11.snv.filtered.bam	765034022-stool1.freeze11.snv.filtered.bam	765034022-stool2.freeze11.snv.filtered.bam	765074482-stool1.freeze11.snv.filtered.bam	765074482-stool2.freeze11.snv.filtered.bam	765074482-stool3.freeze11.snv.filtered.bam	765094712-stool1.freeze11.snv.filtered.bam	765094712-stool2.freeze11.snv.filtered.bam	765094712-stool3.freeze11.snv.filtered.bam	765135172-stool1.freeze11.snv.filtered.bam	765337473-stool2.freeze11.snv.filtered.bam	765640925-stool1.freeze11.snv.filtered.bam	765640925-stool2.freeze11.snv.filtered.bam	809635352-stool1.freeze11.snv.filtered.bam	809635352-stool2.freeze11.snv.filtered.bam	809635352-stool3.freeze11.snv.filtered.bam	823052294-stool3.freeze11.snv.filtered.bam
158337416-stool1.freeze11.snv.filtered.bam	0.0	0.00186140977041	0.1894470374	0.189619062648	0.172551345729	0.175935374086	0.143307730221	0.168317308897	0.144854775216	0.159002129224	0.156821185054	0.155062455637	0.182394966683	0.168604435143	0.180204999788	0.181169056449	0.171237084787	0.121175852845	0.148125613966	0.178585100898	0.179838724445	0.165423137303	0.149845582005	0.188390721307	0.189919085603	0.169975768426	0.162729973348	0.195980144351	0.173825381194	0.17126450235	0.196361520838	0.188304931689	0.181158877532	0.180993170976	0.154195474245	0.157679095813	0.169070090894	0.204602249402	0.209624441066	0.111979120422	0.115894338284	0.113142810502	0.180408516663	0.146834684398	0.108151054771	0.183996542177	0.181353832738	0.179184664279	0.200214472833	0.186808203798	0.195284947577	0.180102309738	0.163108945439	0.182821124433	0.182389092031	0.140867780929	0.138697238525	0.174474857244	0.175707178299	0.17525382462	0.219214114287	0.216623240759	0.216634505399	0.163600510972	0.162732513332	0.159063742603	0.17680042176	0.176515620135	0.175214491529	0.00220980282038	0.00191859707413	0.00177864161793	0.203070051647	0.200747519309	0.162023703613	0.159029211848	0.183415881547	0.18943926003	0.1615844792	0.150326375667	0.149858334089	0.168478201058	0.180097089019	0.181985992314	0.208401434004	0.196710177035	0.147539837682	0.14878006094	0.144664599813	0.165566132729	0.157701727182	0.170607396646	0.180290166991	0.179492252834	0.180149425396	0.103507481182	0.104185118852	0.103541331761	0.185782750272	0.188008926948	0.181109833578	0.185536757807	0.294052512644	0.175452382482	0.197587729412	0.182972576024	0.182910064616	0.191296867894	0.191405252362	0.180088159298	0.181569312537	0.205702631014	0.205499473963	0.122119255032	0.105401638652	0.165667416952	0.176526418654	0.177753025236	0.175545578643	0.197184549165	0.012758406078	0.0125251053469	0.199618484848	0.206369818443	0.18000564202	0.185195810991	0.178611674777	0.128413245967	0.133010007232	0.143544357705	0.360288459894	0.355689679901	0.180501676769	0.196599715029	0.17594439661	0.180561995686	0.18404750471	0.151625597397
158337416-stool2.freeze11.snv.filtered.bam	0.00186140977041	0.0	0.189217282644	0.189118075755	0.172102362115	0.17558003729	0.143131200638	0.167978183585	0.14475482871	0.158722157002	0.156646581858	0.155006084502	0.181927210756	0.168443614094	0.179909446178	0.180810567175	0.171060160743	0.120749473509	0.147910338253	0.178200159662	0.17928058244	0.164949863364	0.149786806478	0.18813362848	0.189501688333	0.16944026195	0.162311249031	0.1953785401	0.173246641552	0.170765187232	0.195927730949	0.188232541508	0.180773067062	0.180672618964	0.153958329387	0.157412998188	0.168639512021	0.20409058542	0.209009224257	0.111840434561	0.115821582688	0.113105501902	0.179867613704	0.146767610514	0.108163401585	0.183587414183	0.181113590755	0.178950814717	0.199701927161	0.186666706486	0.195092669348	0.179607928992	0.163024808006	0.182682222101	0.18181055553	0.140770263974	0.138649726126	0.174037912488	0.175520184406	0.175077673524	0.218598033853	0.21621425114	0.216229922136	0.163171941205	0.162276184866	0.158874214204	0.176276349848	0.176017323149	0.175077138859	0.0021421468339	0.00181540275215	0.00172823528927	0.202463838103	0.200477643002	0.161671371859	0.158956913056	0.183204946001	0.189055801451	0.16120578787	0.150261746947	0.149809087043	0.168246057002	0.179580206604	0.181513954724	0.208203307492	0.196308609537	0.14712520188	0.148343549466	0.144546000274	0.165008957838	0.157276782494	0.170356102503	0.179696982396	0.178976459992	0.179724246172	0.103092191116	0.10376764002	0.103487320821	0.185698395589	0.187752373404	0.180726833615	0.185106171626	0.293674212473	0.175464731043	0.197443355775	0.182605936508	0.182803196251	0.190714656926	0.190789512635	0.179562648111	0.1811287427	0.205466614338	0.205289093406	0.121591805029	0.105315985285	0.165147848217	0.175962867329	0.177548287697	0.175391948402	0.196937374445	0.0124398797087	0.0124701571407	0.199042174035	0.205991558785	0.17970537204	0.184872174791	0.178535240327	0.128141297131	0.132689364546	0.14349153547	0.359660617887	0.355416716263	0.180361711323	0.196423859555	0.175675910371	0.180357762912	0.183918294864	0.15158166267
158479027-stool1.freeze11.snv.filtered.bam	0.1894470374	0.189217282644	0.0	0.00192791498145	0.206327698594	0.208587504908	0.177114080256	0.17494405409	0.164020703276	0.182874898863	0.180940205211	0.177920990214	0.186181342364	0.178704608815	0.174552230225	0.174704124837	0.17024428514	0.179522909889	0.166209018681	0.20446508865	0.205308555265	0.200943147524	0.194486005119	0.0407024214394	0.0407061556141	0.178050140904	0.187640334201	0.215220154702	0.201844693082	0.200677874081	0.215982692153	0.211431071639	0.205001222071	0.204749721437	0.179532513915	0.180470679247	0.180933921275	0.214184011701	0.217234426579	0.200831597965	0.201358096627	0.200131961237	0.188754116747	0.186468357533	0.185296896721	0.202382690666	0.199847613058	0.198773472976	0.194291912861	0.186000860071	0.19060736816	0.186447830849	0.183108154176	0.184255394789	0.176177026461	0.185307578495	0.185106690021	0.200301387018	0.200504883763	0.199907439629	0.228548947931	0.22658440669	0.226664512606	0.19058847413	0.190538208311	0.18758711707	0.201554169096	0.201399306034	0.199909866269	0.191528473059	0.190266009268	0.188985105719	0.187150487947	0.185288776407	0.201636103928	0.199606129812	0.037393186851	0.0339041251191	0.172977044955	0.188151240842	0.185888530077	0.197813313076	0.174693461286	0.175710678947	0.219641759258	0.207023893715	0.19859666357	0.198974055158	0.196473154307	0.181635782008	0.182642975992	0.170533301332	0.174847246432	0.194419213129	0.194807205976	0.198344013838	0.198795464002	0.197718749303	0.0409420090025	0.0413048206167	0.0352275517814	0.0358299886991	0.328203787249	0.274431242515	0.266095963783	0.18213066173	0.181512257108	0.187147913125	0.187173556219	0.20745180422	0.208682918144	0.219007076375	0.218788891874	0.202527787453	0.196317081146	0.189645985524	0.201976439714	0.202099886437	0.200601931244	0.212356534674	0.191666937701	0.191502303468	0.206638512512	0.208353427	0.2031706161	0.206627456323	0.202321432657	0.192388411987	0.192599454391	0.191136251018	0.374731631533	0.372503496124	0.204156703586	0.21191530641	0.0524376436444	0.0507726811144	0.0489714012357	0.189956311132
158479027-stool2.freeze11.snv.filtered.bam	0.189619062648	0.189118075755	0.00192791498145	0.0	0.206008521999	0.208617508813	0.177467782347	0.174998475262	0.164686707892	0.182918758258	0.181223188175	0.178551723959	0.1862384695	0.179439119038	0.17491032656	0.174929699809	0.170980590342	0.179234763949	0.166324947722	0.204410562979	0.204980073377	0.2009483178	0.194818479975	0.0410083600735	0.0408416073376	0.177808285477	0.187667010717	0.215005081235	0.201841416799	0.200621254031	0.21587789124	0.211687547378	0.204904688531	0.204913023108	0.179713986183	0.180868297235	0.180873978768	0.214132225402	0.217134540799	0.200981131725	0.202057910742	0.200835608458	0.188352394928	0.187057713679	0.185908862702	0.202423920326	0.200608093953	0.199546475446	0.194293932261	0.186827671833	0.191375261438	0.186083263485	0.183760566	0.184897367385	0.175893348996	0.185927719023	0.185690612786	0.199937148397	0.201094986538	0.200540728993	0.228699758167	0.227324912819	0.227403165615	0.190716438188	0.190291781222	0.188344440538	0.201332496138	0.201209319905	0.200629309977	0.191883409084	0.19075035977	0.189674952799	0.18709187928	0.185882832656	0.201614511658	0.200307102092	0.0375312452972	0.0337949283788	0.173061296446	0.188432833358	0.18601689395	0.197883937249	0.174583486867	0.175730340981	0.219553429971	0.206821504173	0.198574339926	0.199071920197	0.197172844722	0.181389721005	0.182611285557	0.170695887816	0.174645840122	0.194409006769	0.194825710909	0.198259447402	0.198696580366	0.198433356325	0.0414925455574	0.0414439340135	0.0352744873737	0.0355618872691	0.328210206841	0.274442572839	0.266084245852	0.182074384007	0.182205776215	0.187278351097	0.187312367341	0.207453681901	0.208754755151	0.219612212558	0.219391396432	0.202290757102	0.196574009364	0.189321488747	0.201728431329	0.202804766964	0.201461636577	0.213003978542	0.191765355505	0.192101282831	0.206396943165	0.209001886545	0.203094939898	0.206677256932	0.202886111066	0.192459137755	0.192486488374	0.191751039607	0.374831704607	0.372955442634	0.204385699441	0.212632502209	0.0529188705628	0.0508804566227	0.0496901888516	0.190494261659
158499257-stool1.freeze11.snv.filtered.bam	0.172551345729	0.172102362115	0.206327698594	0.206008521999	0.0	0.02928047256	0.167506470323	0.183054259118	0.171932559879	0.172668207331	0.173450100592	0.173034547016	0.202127854851	0.192978588072	0.201802612779	0.202013792653	0.196107613365	0.166588361387	0.176565888157	0.200158162088	0.20106582303	0.190935578605	0.183289663747	0.205251680733	0.206258331804	0.178182489335	0.154526364482	0.192697602152	0.159161888854	0.158383071991	0.176894108356	0.178142791789	0.20361044476	0.203575353199	0.175590673073	0.175698898151	0.186948993706	0.19431482352	0.197844350579	0.181992343752	0.183736141119	0.182173739788	0.194787440184	0.179344006116	0.167803597384	0.189056138097	0.187601483011	0.186495705616	0.207910613887	0.199323234531	0.204624200535	0.184580369723	0.172504225177	0.190844434328	0.192293654525	0.177279421231	0.176430495295	0.198876048694	0.200348395055	0.199952729623	0.192578238415	0.191348874116	0.191351956483	0.195498517681	0.194947118758	0.192825234455	0.19950689338	0.199286775281	0.198620866974	0.173758659788	0.17302076057	0.172333014966	0.206759784076	0.205565270695	0.189587646918	0.18825327637	0.201324185823	0.206314691541	0.179053824918	0.184335405406	0.175527109584	0.192354902002	0.201512754072	0.202896990077	0.211968699867	0.203732968148	0.186666973554	0.187280805231	0.184903916047	0.167971540934	0.162993982655	0.192068626111	0.197487065631	0.199715655865	0.200203242337	0.183108539224	0.183521584577	0.183431124448	0.204196598505	0.20521029275	0.200928913884	0.203970227399	0.317666464157	0.248434178768	0.225009380845	0.188017317779	0.18765421595	0.208169299595	0.208219639569	0.183893817382	0.184792924862	0.196683699395	0.196602537498	0.186687041206	0.178999178076	0.187956172563	0.197992744091	0.199443250654	0.197870640598	0.190306204675	0.170880948385	0.171125570061	0.190007751115	0.196064644562	0.157571937627	0.153151780313	0.155304908492	0.168792595424	0.17153657208	0.179227985473	0.369605511948	0.365600217831	0.167073570902	0.175767138925	0.1949674416	0.198899343041	0.200939275493	0.157399953802
158499257-stool2.freeze11.snv.filtered.bam	0.175935374086	0.17558003729	0.208587504908	0.208617508813	0.02928047256	0.0	0.1752104942	0.186379217729	0.175676170145	0.181364226607	0.18174416725	0.180462916645	0.204650320296	0.19535171411	0.204409477113	0.204648493701	0.198588193636	0.172926875751	0.179291992188	0.204275206797	0.20527434463	0.196197659125	0.188642082577	0.207899762072	0.208898576947	0.181348267679	0.160841888032	0.19147538329	0.176600113514	0.175427363503	0.174912595502	0.176298628345	0.207602852475	0.207495169507	0.182323192486	0.182897457747	0.190323571583	0.193498232441	0.196981202077	0.186135465878	0.18757228121	0.186038756507	0.19469284038	0.180142029639	0.172857059799	0.188741536798	0.187009354686	0.18598326728	0.209001373396	0.200237436907	0.205372700234	0.18611873073	0.177164711329	0.191532088811	0.194820419522	0.181958413679	0.181073388686	0.203303776648	0.204267323693	0.20387133945	0.188007961806	0.186423749689	0.186428094901	0.199284420916	0.19890445939	0.196340090753	0.203934367205	0.203731888477	0.202700389499	0.177035262259	0.17614466463	0.175373273836	0.207370585248	0.205856511958	0.195159891599	0.19355661186	0.203903114241	0.208968785266	0.184500025225	0.188859885954	0.181098790086	0.196601972198	0.204253707845	0.205628815346	0.216693459124	0.207196719798	0.191822099115	0.192358224016	0.189703685573	0.17188260516	0.16947617461	0.194953727374	0.200476304241	0.203464862721	0.203956959942	0.187319780454	0.187654917775	0.187226225888	0.206868064385	0.207975853298	0.203776831363	0.206912044445	0.318217804815	0.251800391406	0.228839019556	0.189761533236	0.189169277443	0.210179255226	0.21026237565	0.183377179503	0.184218739794	0.194653074164	0.194549739541	0.190579915725	0.182880443508	0.193099236697	0.202263734274	0.203307981061	0.201713289802	0.188518257613	0.173832715609	0.173834462066	0.188790953291	0.194545766471	0.156922836247	0.152030467431	0.158875862159	0.176436830905	0.178492799618	0.183862974188	0.369731840391	0.365587149829	0.163890995362	0.171920954151	0.197744734577	0.201850685016	0.20347541252	0.164075138995
158802708-stool1.freeze11.snv.filtered.bam	0.143307730221	0.143131200638	0.177114080256	0.177467782347	0.167506470323	0.1752104942	0.0	0.0814589714048	0.0719841868296	0.138747083649	0.13802770397	0.137542790866	0.166297290346	0.155610007587	0.165047728281	0.165453873703	0.158237826079	0.130067780371	0.141700490995	0.177095729315	0.178289843971	0.166847154983	0.157548292445	0.17664001561	0.177856569632	0.150036270307	0.144270007833	0.201157222037	0.166595064482	0.163867235607	0.194474736863	0.191593186574	0.180687731901	0.180440518172	0.138094796721	0.138265546705	0.15220549343	0.200930084545	0.204922851077	0.156308383076	0.157823623896	0.155987878239	0.171356590555	0.154960399211	0.139398731744	0.183736536215	0.181315749889	0.179673878541	0.183906466745	0.172741614079	0.179244118698	0.163304745167	0.148300108791	0.167616939687	0.160602558179	0.152145733243	0.151389118104	0.174273113242	0.174953796498	0.174501069606	0.220028444493	0.217934269049	0.217963933342	0.120728497767	0.1204938246	0.11737963269	0.174952324974	0.174747994739	0.173230202056	0.143835661251	0.143109972546	0.142253900614	0.18439209354	0.182250538208	0.164631618127	0.16222499839	0.170864322148	0.176530677555	0.138541357298	0.15732283151	0.145972714289	0.166153551921	0.16516330418	0.166675777084	0.192643005448	0.183286602571	0.159455831705	0.160101033247	0.156929913974	0.152564077355	0.143807885983	0.15597600093	0.162454860868	0.170716462805	0.171218396203	0.154536708152	0.15500458309	0.154243685353	0.175470131658	0.176764119831	0.170859975054	0.174546948365	0.312701231533	0.235537414311	0.222059651574	0.164944402328	0.163895828654	0.173151422888	0.173258130617	0.190120151119	0.19128566044	0.205924130673	0.205724970994	0.161467683005	0.152067228342	0.158380509849	0.175171032125	0.175850114087	0.173979112779	0.195864865332	0.143912094436	0.143674697636	0.192624678507	0.199272610616	0.176806024984	0.181949014513	0.169401619673	0.140724838249	0.144417276392	0.151434356954	0.366293990834	0.362205005986	0.186909663798	0.198021953588	0.162875150788	0.167483954534	0.169268752294	0.130208976476
158802708-stool2.freeze11.snv.filtered.bam	0.168317308897	0.167978183585	0.17494405409	0.174998475262	0.183054259118	0.186379217729	0.0814589714048	0.0	0.0181628383426	0.160192106731	0.158497859871	0.15559790204	0.165266801907	0.157055590776	0.162839420562	0.163260217529	0.157746890619	0.153943308274	0.14456700014	0.18945304224	0.190376400112	0.181320801615	0.173627814964	0.174353479828	0.175359097242	0.156526982065	0.165322681134	0.209482665235	0.17643360165	0.174870373618	0.199822165281	0.19703871732	0.193149138896	0.193001473139	0.151029814084	0.152221850347	0.153804142535	0.201298722909	0.205167291011	0.177519177966	0.178965059641	0.17733803078	0.171959369758	0.16456652202	0.161386016487	0.191006682792	0.189119042138	0.1877646999	0.180309619167	0.171289501696	0.176671007503	0.167705566911	0.162229580463	0.169380954725	0.158420491865	0.168947859674	0.168446995252	0.186985751857	0.18787409674	0.187466057434	0.220404745394	0.218640115408	0.21870983036	0.167652576048	0.16729673921	0.165052675216	0.18252090623	0.182289110624	0.181288826489	0.169361804819	0.168562041021	0.167674866649	0.18168652575	0.179938549204	0.179948703045	0.178124778118	0.168561010665	0.173324858019	0.148106374009	0.168386758839	0.162189139784	0.175748621086	0.163046112927	0.164356373889	0.202783057704	0.190595150821	0.175824419559	0.176197192682	0.173964523983	0.16158337903	0.161353024045	0.153376164932	0.158178759808	0.178743779144	0.179237514235	0.175347189094	0.175891231382	0.175457653636	0.173823836979	0.174726764639	0.168871107482	0.171761054212	0.318866676827	0.255534192369	0.24370168616	0.16829341628	0.167701429676	0.17225262702	0.17234812323	0.198415979318	0.199479765366	0.20805541428	0.207782870003	0.180657352684	0.173386514484	0.174129601433	0.182830201534	0.183806413287	0.182086547288	0.198736599961	0.168996399439	0.169110530124	0.191168332737	0.196820904458	0.187451688336	0.189987195836	0.18480366401	0.168273520669	0.169274752905	0.17043963857	0.371282537347	0.36374128788	0.193247128551	0.202905408929	0.162487231932	0.165924070778	0.167436304753	0.164929806111
158802708-stool3.freeze11.snv.filtered.bam	0.144854775216	0.14475482871	0.164020703276	0.164686707892	0.171932559879	0.175676170145	0.0719841868296	0.0181628383426	0.0	0.148749631259	0.146541827951	0.142452380988	0.155208926768	0.14555629145	0.152323255498	0.152877406266	0.146128850053	0.138101010772	0.132434136566	0.178075319035	0.179085268394	0.169323112581	0.159924871387	0.164022159216	0.165144996594	0.146997432163	0.153429634844	0.199519414516	0.166233230698	0.164654667915	0.191481739199	0.187099681605	0.181644578457	0.181265358558	0.137835416356	0.139093706696	0.142975718624	0.192049014089	0.19582328402	0.160868967344	0.161941173263	0.160243764007	0.162707066608	0.151181904348	0.143450692785	0.180453175749	0.177618055979	0.176225562513	0.171426879663	0.160609448987	0.166434630867	0.158653634329	0.149449779943	0.159047913665	0.150174372837	0.154548982699	0.153732009023	0.175653411381	0.175669904891	0.175186598742	0.210395437274	0.207947265949	0.208069103273	0.156972569868	0.157026057134	0.153575951717	0.170494249705	0.170270306305	0.168405471739	0.145413616102	0.144497836961	0.143637613782	0.172373604926	0.169808047534	0.167487772033	0.164905218278	0.158513544722	0.163442827086	0.135687994785	0.154618937727	0.148326604026	0.163791181743	0.152877702665	0.154066625376	0.192733232981	0.179794075074	0.161908933303	0.162387196462	0.159131783819	0.149223979586	0.14787115458	0.143324281232	0.148784021339	0.168403400717	0.168778534912	0.15906505417	0.159633695831	0.158283586715	0.162953919877	0.164291816225	0.15807621462	0.161404700854	0.314223790435	0.243078297173	0.232526434616	0.157863376662	0.156476736712	0.162625989783	0.162728858949	0.187642323069	0.188884802802	0.196840556003	0.196658118078	0.165032130168	0.156225335401	0.162646876142	0.171081951262	0.171253300356	0.169297480525	0.187630824427	0.145940723526	0.145460646581	0.182098358598	0.186749368074	0.176404854722	0.179438837252	0.172549079238	0.152516230492	0.154149482286	0.155765555548	0.369650944217	0.361321288906	0.181062804427	0.191501360677	0.152060879235	0.156038808801	0.157173585674	0.151415058004
158944319-stool1.freeze11.snv.filtered.bam	0.159002129224	0.158722157002	0.182874898863	0.182918758258	0.172668207331	0.181364226607	0.138747083649	0.160192106731	0.148749631259	0.0	0.0225250374552	0.0283886793852	0.176958731755	0.167665226064	0.0901847675271	0.0905253200347	0.0857238353101	0.132405432452	0.134659217072	0.180682127819	0.181711216523	0.169572886616	0.161039847517	0.181879117208	0.182914763054	0.087495836547	0.116715062956	0.208166409387	0.176205929737	0.17304285941	0.202260502303	0.198925629265	0.183995687048	0.183903804796	0.144811059698	0.144759207405	0.157607065511	0.207425109328	0.211463826977	0.169570173239	0.17151001472	0.169770531433	0.181991990424	0.165752776471	0.150568683864	0.196548095105	0.19452038325	0.193083957354	0.189353779507	0.179513580276	0.185512407331	0.168140478119	0.154514083252	0.173176266284	0.148922691609	0.16449697178	0.164121879381	0.179449180105	0.180458848988	0.180054124809	0.224804984023	0.22301825339	0.222973696773	0.173536668623	0.172929018539	0.170386612235	0.183895127913	0.183597286671	0.182483350701	0.159784855019	0.159447337415	0.158575349672	0.188850177269	0.187113519159	0.175433068876	0.173582168578	0.175858915417	0.181731723413	0.139934837262	0.167658133818	0.155641794238	0.175715035526	0.0906680571948	0.0921045012689	0.20185061111	0.193490731058	0.172243879794	0.172710210051	0.170169727041	0.16059109179	0.152525533005	0.143511447619	0.148965492106	0.179486063821	0.179896660102	0.17113142703	0.171527185973	0.171125207576	0.180334671656	0.181583377374	0.176666914684	0.180042458869	0.317218441337	0.243013440739	0.228865881106	0.170604154257	0.170077786411	0.183097784454	0.183200634827	0.194768504731	0.195980830833	0.206461142716	0.2063148357	0.168342289704	0.160451744853	0.163910655001	0.183549865998	0.184681646543	0.182937559979	0.199931089996	0.159961522326	0.160119892947	0.199130188307	0.204922793347	0.182529828532	0.188242494278	0.175215321267	0.150532576923	0.153877296996	0.161177178829	0.37062754844	0.366665826426	0.193660693536	0.203851631941	0.165300344393	0.171587454672	0.17276072428	0.154117255442
158944319-stool2.freeze11.snv.filtered.bam	0.156821185054	0.156646581858	0.180940205211	0.181223188175	0.173450100592	0.18174416725	0.13802770397	0.158497859871	0.146541827951	0.0225250374552	0.0	0.0197001534082	0.174757084273	0.165242729342	0.0802564684617	0.0806553977305	0.0756746246825	0.13077058951	0.131358635808	0.181759297142	0.182908444522	0.17045712738	0.161822068386	0.180171072349	0.18123957856	0.0786929889808	0.114473602061	0.207735364617	0.176422277322	0.173267794547	0.202472996456	0.198725842074	0.184833759628	0.184631911889	0.143190416401	0.143356679703	0.155845988457	0.20627393756	0.210270299321	0.169703201899	0.17139077022	0.169632296886	0.179945610462	0.163515322692	0.148454664589	0.196141735172	0.19384983558	0.192348106852	0.187388196931	0.177252243391	0.183298049966	0.16641275281	0.15273524551	0.171045126015	0.145238711835	0.164767254166	0.164390222815	0.180378700218	0.181179498517	0.180741816327	0.223807167309	0.221977127603	0.221911739336	0.172559163458	0.172185658647	0.169262295099	0.18292067693	0.182624184283	0.181219093766	0.157468139323	0.157150027125	0.156209092155	0.186521394846	0.184653807979	0.17627853276	0.174244308825	0.174223263093	0.180010156279	0.138015868237	0.166523200881	0.154723958426	0.174863644819	0.0808067370561	0.082092302237	0.200493716258	0.191961211629	0.172250967265	0.172696718852	0.169867624701	0.159026805883	0.152035012706	0.139254862125	0.144884149861	0.17900535189	0.179449930625	0.170939613293	0.171287718981	0.170633161928	0.178490289572	0.179752295002	0.174839341035	0.17831756014	0.317102887766	0.242441453932	0.228548628584	0.168610434288	0.16788543374	0.181063044523	0.181196556844	0.194570902162	0.195733849079	0.205186995692	0.205063424598	0.167374927754	0.159232617391	0.165041398383	0.182693787267	0.183516298143	0.181668926038	0.198785451592	0.157970373808	0.157913259032	0.19868766705	0.204212640267	0.182666944079	0.188474885935	0.175305597241	0.151690789976	0.154832489708	0.161915325936	0.37018601424	0.365778540493	0.192946191714	0.20311876654	0.163241675078	0.169534354639	0.170609724313	0.153886267058
158944319-stool3.freeze11.snv.filtered.bam	0.155062455637	0.155006084502	0.177920990214	0.178551723959	0.173034547016	0.180462916645	0.137542790866	0.15559790204	0.142452380988	0.0283886793852	0.0197001534082	0.0	0.172737693891	0.16243611522	0.0710622775369	0.0715256065826	0.0648157854852	0.129334243669	0.126557920288	0.181897447041	0.183046205617	0.170758849166	0.161834836697	0.177356054701	0.178454380753	0.0705345885228	0.112688329647	0.206530718207	0.17596012296	0.172940410781	0.201288925893	0.197319127867	0.184847418905	0.184470607129	0.141131957846	0.141190907184	0.153313917524	0.204410958564	0.208423193165	0.169001484518	0.170226650882	0.168351054964	0.177275077655	0.160250637132	0.145098005718	0.194614636918	0.191655620414	0.190124791569	0.184301229437	0.173227030689	0.179370653269	0.163540766168	0.148848970885	0.167224154649	0.141541479809	0.163647294389	0.163245059419	0.180864628155	0.181034181418	0.180553129807	0.222503837454	0.220091114105	0.220051176307	0.171706836138	0.171562756744	0.167799335708	0.181259032387	0.180987032058	0.178945070275	0.155744364684	0.155130773802	0.154053808555	0.183397577364	0.18101734811	0.176344407796	0.17377026157	0.171575857231	0.177487048217	0.135481856102	0.164160952552	0.153001014762	0.173188482465	0.0711523658483	0.0727410522915	0.199052719502	0.189591594784	0.171313232201	0.171769855562	0.168417607083	0.156436376796	0.151323519977	0.134673400912	0.140726297018	0.177502177547	0.17793563058	0.169954769127	0.170314503995	0.169107899223	0.17553965381	0.176954682682	0.172011749377	0.17584902328	0.316251132412	0.242135719701	0.228145440806	0.165224703794	0.163936858818	0.178772618739	0.178894245054	0.193504722556	0.194832680634	0.20283114924	0.202730827206	0.165864602742	0.157322551751	0.165048660173	0.181244609595	0.181596962492	0.179622583032	0.196284999744	0.156210637763	0.155858604514	0.196766403021	0.201615358686	0.180688842763	0.186506809219	0.173023130146	0.152032766067	0.155161933023	0.161454655244	0.369285164699	0.364486100602	0.190793316539	0.200738022915	0.160004200694	0.166728507935	0.1673496959	0.153359517748
159166850-stool1.freeze11.snv.filtered.bam	0.182394966683	0.181927210756	0.186181342364	0.1862384695	0.202127854851	0.204650320296	0.166297290346	0.165266801907	0.155208926768	0.176958731755	0.174757084273	0.172737693891	0.0	0.00386218097543	0.171167285964	0.171468694174	0.167005461509	0.173857248063	0.165356147593	0.199564007202	0.200668304347	0.191512069127	0.184808564761	0.184293588169	0.185444386609	0.173837801589	0.182495917424	0.21434007438	0.196882742053	0.195484867506	0.210344852107	0.204908501221	0.202026251534	0.201965264303	0.166490114355	0.167727675144	0.167214611103	0.204549791195	0.207577889117	0.195109239199	0.196712297589	0.195061760344	0.175524100208	0.175092776811	0.175067082052	0.197058193454	0.195407495128	0.194091614932	0.17804665036	0.170954662379	0.175173984116	0.174837915799	0.172274630934	0.173279805912	0.169848233289	0.184734196443	0.184498136809	0.197964123221	0.19899825803	0.198546262782	0.226872829755	0.225340751848	0.2254138824	0.176879568016	0.176599185957	0.174787265682	0.18844018664	0.188204057697	0.187581321729	0.184165726682	0.182912232974	0.181951584931	0.180724063697	0.179452927343	0.189939766446	0.188223225858	0.181472216349	0.184684168971	0.141070131169	0.175203586906	0.173152342313	0.182797732877	0.171530485835	0.172719887656	0.208161897016	0.195725054718	0.185992900277	0.186198962206	0.184678168517	0.180688007402	0.179638184008	0.162010034836	0.165491618849	0.188801612955	0.18919102951	0.187806390963	0.188239162666	0.187699659899	0.183941111312	0.184561084598	0.180017141639	0.182807441011	0.321256343939	0.267758980942	0.260475602929	0.170592332098	0.170401575447	0.0960072537204	0.0960309203668	0.207035715542	0.208236560407	0.214962164298	0.214825763248	0.193056692505	0.186843700021	0.188633777732	0.188247917604	0.18926187714	0.187751490361	0.207625181164	0.182938639942	0.18322545175	0.201420488174	0.204013976379	0.200593367787	0.204275294366	0.198293727062	0.187659977941	0.188269777634	0.187839117758	0.368586714775	0.366203242672	0.195869851696	0.203893850481	0.175733587385	0.178152595061	0.179369466892	0.184183909371
159166850-stool2.freeze11.snv.filtered.bam	0.168604435143	0.168443614094	0.178704608815	0.179439119038	0.192978588072	0.19535171411	0.155610007587	0.157055590776	0.14555629145	0.167665226064	0.165242729342	0.16243611522	0.00386218097543	0.0	0.16451696566	0.165002822349	0.159118538836	0.163350233037	0.15612702617	0.192218621538	0.193327592235	0.183461247321	0.17548096996	0.177218018562	0.178416276985	0.165225464206	0.172689928012	0.207960315873	0.188954024586	0.187386688816	0.203189786235	0.197264835488	0.194869578143	0.19450780563	0.157186173614	0.158293046367	0.159116902315	0.198289123644	0.201559068013	0.183903243953	0.185133922084	0.183386158442	0.168802641305	0.164817037693	0.162802382452	0.190502816743	0.187951489117	0.186494952866	0.173376449152	0.164431942928	0.169321111355	0.16777256448	0.162671601151	0.165552594757	0.163068578812	0.174543734886	0.174153838941	0.190677788434	0.190659047011	0.190147077575	0.220435030778	0.218065675242	0.218152445273	0.168717721728	0.16887775715	0.165634233318	0.181501024261	0.181238897184	0.17956186992	0.169856726409	0.16854174248	0.167636719933	0.176076905975	0.173949646843	0.181890337665	0.179354171398	0.173827849341	0.177733537323	0.132447052671	0.166503410317	0.163624082507	0.174968391394	0.165187085169	0.16637291334	0.201266603076	0.188401626453	0.177222505841	0.177451829655	0.174898110811	0.171941979665	0.170226023175	0.155129759299	0.159293710134	0.181932377223	0.18229704372	0.177814322299	0.178223448621	0.176831108882	0.176387162023	0.177448612818	0.17268224769	0.176118389098	0.316809292667	0.258373349551	0.251430092675	0.163965452781	0.162783295262	0.0937712417445	0.0937949854505	0.199735368499	0.201122781946	0.207714360613	0.207584604152	0.183315657555	0.175623020724	0.18092764924	0.18143866506	0.181571031635	0.17980820148	0.199913396734	0.169431702166	0.169202406553	0.194254463984	0.196476704996	0.191884487131	0.195605615683	0.188739448443	0.176455690946	0.177590512475	0.177171469796	0.367763139827	0.36484440111	0.188104162327	0.196505209681	0.167181026094	0.170529578687	0.171081221916	0.173499841349
159207311-stool1.freeze11.snv.filtered.bam	0.180204999788	0.179909446178	0.174552230225	0.17491032656	0.201802612779	0.204409477113	0.165047728281	0.162839420562	0.152323255498	0.0901847675271	0.0802564684617	0.0710622775369	0.171167285964	0.16451696566	0.0	0.00193647738159	0.00214271817613	0.153676370648	0.126036124721	0.201787675791	0.202874295678	0.192334422096	0.185948709781	0.173985612272	0.174969412458	0.0487265621059	0.12972954323	0.217327836911	0.194127194507	0.192643179503	0.214132367838	0.209277754968	0.203921799347	0.203724852989	0.164568339428	0.166057536606	0.164343646618	0.207048293761	0.210238982813	0.19202607854	0.192878548582	0.191537929741	0.179177116859	0.176487583605	0.174939369027	0.20222698917	0.200173764871	0.198893793189	0.182199442952	0.173717862016	0.178474166535	0.173852887048	0.171266360367	0.171168652731	0.126942194986	0.185925373731	0.185894415937	0.201264488589	0.201935880987	0.201407740536	0.228931917263	0.227099828401	0.227051747896	0.182260166163	0.18202502224	0.179528237611	0.190455253594	0.190236694958	0.188974992157	0.181674343197	0.180932190518	0.179655193726	0.176196651326	0.174431442343	0.19680480339	0.194865508459	0.169223436579	0.173346995322	0.14596650052	0.177257630608	0.174651388206	0.185569926445	0.00350855258237	0.0033004898729	0.214879007865	0.202777593832	0.190631371756	0.190819009866	0.188520902247	0.176156339034	0.177891616188	0.118517026758	0.121713489452	0.185147224444	0.185405753103	0.190789666144	0.191163700023	0.190299168664	0.172395318977	0.173484950765	0.168786294184	0.171396879903	0.325673720422	0.268593176705	0.259704051099	0.170282803437	0.170052390732	0.178248413303	0.17833341897	0.203838179372	0.204764627271	0.207390388139	0.207235872809	0.178763191982	0.173595885343	0.185400481971	0.190997909487	0.191529382223	0.189835896391	0.202128055705	0.181226445338	0.181282513592	0.20408323854	0.206660320727	0.202593564868	0.205888099416	0.199374241971	0.189503362057	0.19044902186	0.190960940428	0.37254280887	0.364735124063	0.199703712391	0.207873828802	0.166753546999	0.168755184955	0.169477796667	0.185184404063
159207311-stool2.freeze11.snv.filtered.bam	0.181169056449	0.180810567175	0.174704124837	0.174929699809	0.202013792653	0.204648493701	0.165453873703	0.163260217529	0.152877406266	0.0905253200347	0.0806553977305	0.0715256065826	0.171468694174	0.165002822349	0.00193647738159	0.0	0.00229542450662	0.154225797851	0.126464305657	0.201845472371	0.202853139592	0.192332954639	0.186198208162	0.174162829674	0.175103847278	0.0489259904345	0.130196064502	0.217471618352	0.194346509047	0.192873459936	0.214441924747	0.209683968069	0.204042852257	0.203939733691	0.165112490228	0.166540784212	0.164696653038	0.20729460759	0.210458184632	0.192457355834	0.193480331555	0.192118086171	0.179411288515	0.177085014175	0.175725754867	0.202770564869	0.200867449524	0.199594711702	0.182405957408	0.17419959487	0.178915796532	0.174140760966	0.171825288949	0.171654964667	0.127135924847	0.186514628593	0.18634927935	0.201361002682	0.202209082761	0.201692578254	0.229170332817	0.227430289616	0.227381088275	0.18247223767	0.182121506838	0.179888794403	0.190874177677	0.190652682668	0.189599316868	0.182619643019	0.18194500335	0.180714121742	0.176292572718	0.174689005274	0.197265813406	0.195483105452	0.169401155502	0.173453141415	0.146135111145	0.177902075517	0.175215073091	0.186081714401	0.00345387950704	0.00329130774315	0.215020295506	0.202847023304	0.191149382142	0.191387720257	0.189213550981	0.176382569827	0.17815628283	0.118840685921	0.122010028153	0.185403033837	0.185640395057	0.191245395029	0.19163589661	0.190977935065	0.172837259953	0.173680841934	0.168872713392	0.17140163982	0.325264083528	0.268948498976	0.260078343322	0.170517861194	0.170410209233	0.178444191848	0.178528084236	0.204068472981	0.205069598375	0.207671165369	0.207518927419	0.179119444762	0.174107287565	0.185508203855	0.19143185411	0.192112907518	0.190475858545	0.202469354411	0.182099572698	0.182292565264	0.20427463723	0.206997713196	0.203043840154	0.20641921641	0.199929229984	0.189869504255	0.190847716454	0.191473929858	0.37192994096	0.364404382421	0.199913163158	0.208138660076	0.167047163963	0.168943603155	0.169734428407	0.185620480931
