	158802708-stool1.freeze11.snv.filtered.bam	158802708-stool2.freeze11.snv.filtered.bam	158802708-stool3.freeze11.snv.filtered.bam	159166850-stool1.freeze11.snv.filtered.bam	159166850-stool2.freeze11.snv.filtered.bam	159207311-stool1.freeze11.snv.filtered.bam	159207311-stool2.freeze11.snv.filtered.bam	159207311-stool3.freeze11.snv.filtered.bam	159227541-stool1.freeze11.snv.filtered.bam	159227541-stool2.freeze11.snv.filtered.bam	159227541-stool3.freeze11.snv.filtered.bam	159247771-stool1.freeze11.snv.filtered.bam	159247771-stool2.freeze11.snv.filtered.bam	159268001-stool1.freeze11.snv.filtered.bam	159268001-stool2.freeze11.snv.filtered.bam	159510762-stool1.freeze11.snv.filtered.bam	159510762-stool2.freeze11.snv.filtered.bam	159551223-stool1.freeze11.snv.filtered.bam	159551223-stool2.freeze11.snv.filtered.bam	159571453-stool1.freeze11.snv.filtered.bam	159571453-stool2.freeze11.snv.filtered.bam	160158126-stool2.freeze11.snv.filtered.bam	160421117-stool1.freeze11.snv.filtered.bam	160421117-stool2.freeze11.snv.filtered.bam	160421117-stool3.freeze11.snv.filtered.bam	160502038-stool1.freeze11.snv.filtered.bam	160502038-stool2.freeze11.snv.filtered.bam	160502038-stool3.freeze11.snv.filtered.bam	160582958-stool1.freeze11.snv.filtered.bam	160582958-stool2.freeze11.snv.filtered.bam	160582958-stool3.freeze11.snv.filtered.bam	160603188-stool1.freeze11.snv.filtered.bam	160603188-stool2.freeze11.snv.filtered.bam	160603188-stool3.freeze11.snv.filtered.bam	604812005-stool1.freeze11.snv.filtered.bam	604812005-stool2.freeze11.snv.filtered.bam	638754422-stool1.freeze11.snv.filtered.bam	638754422-stool2.freeze11.snv.filtered.bam	638754422-stool3.freeze11.snv.filtered.bam	675950834-stool1.freeze11.snv.filtered.bam	675950834-stool2.freeze11.snv.filtered.bam	706846339-stool1.freeze11.snv.filtered.bam	706846339-stool2.freeze11.snv.filtered.bam	763496533-stool2.freeze11.snv.filtered.bam	763536994-stool2.freeze11.snv.filtered.bam	763536994-stool3.freeze11.snv.filtered.bam	763678604-stool1.freeze11.snv.filtered.bam	763840445-stool1.freeze11.snv.filtered.bam	763840445-stool2.freeze11.snv.filtered.bam	763860675-stool2.freeze11.snv.filtered.bam	763901136-stool2.freeze11.snv.filtered.bam	763961826-stool1.freeze11.snv.filtered.bam	763961826-stool2.freeze11.snv.filtered.bam	764062976-stool2.freeze11.snv.filtered.bam	764143897-stool2.freeze11.snv.filtered.bam	764224817-stool1.freeze11.snv.filtered.bam	764224817-stool2.freeze11.snv.filtered.bam	764366428-stool2.freeze11.snv.filtered.bam	764366428-stool3.freeze11.snv.filtered.bam	764447348-stool1.freeze11.snv.filtered.bam	764487809-stool1.freeze11.snv.filtered.bam	764508039-stool1.freeze11.snv.filtered.bam	764649650-stool2.freeze11.snv.filtered.bam	765094712-stool1.freeze11.snv.filtered.bam	765094712-stool2.freeze11.snv.filtered.bam	765094712-stool3.freeze11.snv.filtered.bam	765337473-stool2.freeze11.snv.filtered.bam	765640925-stool1.freeze11.snv.filtered.bam	765640925-stool2.freeze11.snv.filtered.bam	765701615-stool1.freeze11.snv.filtered.bam	765701615-stool2.freeze11.snv.filtered.bam	809635352-stool2.freeze11.snv.filtered.bam	809635352-stool3.freeze11.snv.filtered.bam	823052294-stool3.freeze11.snv.filtered.bam
158802708-stool1.freeze11.snv.filtered.bam	0.0	0.00061741651455	0.000966391066251	0.156662729518	0.158273381295	0.149065821969	0.155535273274	0.151401267046	0.191372275314	0.191694405669	0.188902609256	0.185412863739	0.185600773113	0.189036830237	0.190271663266	0.185708149898	0.184312251691	0.273864490497	0.284092129282	0.172581337915	0.172608182111	0.175910018254	0.175695264684	0.174165145496	0.171400193278	0.190191130678	0.188902609256	0.189734779341	0.200338236873	0.17153441426	0.191050144959	0.159266616558	0.161843659401	0.161870503597	0.196714270375	0.197573284656	0.182245248577	0.180178245463	0.185520240524	0.189036830237	0.188661011489	0.188043594975	0.189412648985	0.171319660689	0.122516911844	0.188768388274	0.155588961666	0.194754644046	0.193895629765	0.15910555138	0.125630838613	0.15859551165	0.13937506711	0.172715558896	0.187345645871	0.183157951251	0.179775582519	0.166890368302	0.164152260281	0.170729088371	0.185278642757	0.197492752067	0.291071620316	0.306238591217	0.305943305057	0.29848061849	0.182272092774	0.284145817674	0.285488027488	0.109739074412	0.13193922474	0.158863953613	0.1719639214	0.187238269086
158802708-stool2.freeze11.snv.filtered.bam	0.00061741651455	0.0	0.000590572318265	0.156260066574	0.157629120584	0.14877053581	0.15556211747	0.154864168367	0.191479652099	0.191882315043	0.189412648985	0.187963062386	0.18815097176	0.189842156126	0.190862235585	0.18815097176	0.186889294535	0.274374530227	0.282937828841	0.176473746376	0.176634811554	0.175668420487	0.176017395039	0.17456780844	0.171829700419	0.190137442285	0.188983141845	0.189761623537	0.202083109632	0.17478256201	0.192741329325	0.158541823258	0.161038333512	0.161065177709	0.197653817245	0.19848598733	0.181681520455	0.179668205734	0.184875979813	0.189144207022	0.188661011489	0.188499946312	0.190164286481	0.173574573177	0.125013422098	0.189842156126	0.156152689788	0.197143777515	0.196284763234	0.158783421024	0.125899280576	0.163695908944	0.14313325459	0.173145066037	0.188419413723	0.184956512402	0.181198324922	0.167588317406	0.164903897777	0.171104907119	0.186191345431	0.198834961881	0.287581874799	0.302883066681	0.302587780522	0.295608289488	0.185010200795	0.281702995812	0.283045205627	0.114222055192	0.136905401052	0.159481370128	0.172554493718	0.188177815956
158802708-stool3.freeze11.snv.filtered.bam	0.000966391066251	0.000590572318265	0.0	0.159696123698	0.161011489316	0.15252872329	0.16119939869	0.163588532159	0.195533125738	0.196016321271	0.193573499409	0.192956082895	0.19306345968	0.194620423065	0.195130462794	0.19327821325	0.19190915924	0.286024911414	0.290883710942	0.185224954365	0.184741758832	0.179346075379	0.179802426715	0.178352840116	0.175641576291	0.19421776012	0.193036615484	0.193841941372	0.211747020294	0.186083968646	0.201385160528	0.162729517878	0.16517233974	0.165199183936	0.202109953828	0.202995812305	0.185842370879	0.183909588747	0.189063674434	0.193331901643	0.192875550306	0.193197680661	0.194835176635	0.184312251691	0.130758080103	0.193734564587	0.159293460754	0.202351551595	0.201465693117	0.162407387523	0.127724685923	0.17529260174	0.152152904542	0.178379684312	0.193009771287	0.191425963707	0.186701385161	0.171104907119	0.168366799098	0.17499731558	0.190405884248	0.203640073016	0.294239235477	0.308949855041	0.30860088049	0.301540856867	0.189869000322	0.287098679266	0.288628798454	0.124047031032	0.14949532911	0.163320090196	0.176420057983	0.192821861913
159166850-stool1.freeze11.snv.filtered.bam	0.156662729518	0.156260066574	0.159696123698	0.0	0.0	0.0907065392462	0.0972028347471	0.164662300011	0.210700096639	0.21112960378	0.208364651562	0.199398690003	0.199506066788	0.210995382798	0.211424889939	0.199881885536	0.198620208311	0.29378288414	0.298104799742	0.194432513691	0.193868785569	0.185439707935	0.18020508966	0.178889724042	0.176312681198	0.207827767637	0.20643186943	0.207237195318	0.222189412649	0.198727585096	0.211263824761	0.0923440352196	0.0938741544078	0.0940620637818	0.212740255557	0.213411360464	0.187399334264	0.185251798561	0.190996456566	0.206673467196	0.206324492645	0.205519166756	0.207264039515	0.199022871255	0.147508858585	0.202539460969	0.167427252228	0.209331042629	0.208633093525	0.0683721679373	0.151991839364	0.18836572533	0.16538709331	0.185037044991	0.20100934178	0.197090089123	0.192660796736	0.183265328036	0.180070868678	0.174514120047	0.206324492645	0.207693546655	0.303044131859	0.320385482659	0.319982819714	0.313030172877	0.195801567701	0.300789219371	0.301862987222	0.141119939869	0.16568237947	0.165333404918	0.17854074949	0.206056050682
159166850-stool2.freeze11.snv.filtered.bam	0.158273381295	0.157629120584	0.161011489316	0.0	0.0	0.0912434231719	0.0979276280468	0.166380328573	0.21228390422	0.21271341136	0.209948459143	0.201304627939	0.201412004725	0.212525501986	0.212928164931	0.201787823473	0.200472457855	0.295903575647	0.299715451519	0.19682164716	0.196257919038	0.186916138731	0.181547299474	0.180231933856	0.17760120262	0.209438419414	0.208042521207	0.208847847095	0.223746376034	0.200606678836	0.212659722968	0.0930688285193	0.0946257919038	0.0948405454741	0.214189842156	0.214914635456	0.188607323097	0.186459787394	0.192231289595	0.208257274777	0.207908300225	0.207076130141	0.208874691292	0.200982497584	0.149361108128	0.203962203372	0.168688929453	0.211290668957	0.210592719854	0.0689895844518	0.153199828197	0.190889079781	0.167507784817	0.186325566413	0.202619993557	0.19819070117	0.193841941372	0.184795447224	0.18157414367	0.17593686245	0.207774079244	0.209438419414	0.304654783636	0.321996134436	0.321566627295	0.314533447869	0.197680661441	0.302158273381	0.303258885429	0.144099645657	0.168474175883	0.166648770536	0.1799098035	0.207935144422
159207311-stool1.freeze11.snv.filtered.bam	0.149065821969	0.14877053581	0.15252872329	0.0907065392462	0.0912434231719	0.0	0.000187909373993	0.151991839364	0.198727585096	0.199157092237	0.196580049393	0.18229893697	0.18229893697	0.198620208311	0.199049715452	0.182594223129	0.181762053044	0.281810372597	0.286212820788	0.178352840116	0.177359604853	0.176258992806	0.171802856222	0.170353269623	0.168178889724	0.19045957264	0.189009986041	0.189949532911	0.189627402556	0.169467411146	0.179721894126	0.0670299581231	0.0683721679373	0.0684258563299	0.196660581982	0.197358531086	0.174970471384	0.172930312466	0.178191774938	0.189654246752	0.1893052722	0.188124127564	0.189707935144	0.185922903468	0.1387308064	0.18764093203	0.165333404918	0.19118436594	0.190325351659	0.0728014603243	0.154300440245	0.173359819607	0.157924406743	0.163239557608	0.188822076667	0.183936432943	0.179319231182	0.172232363363	0.169413722753	0.163830129926	0.193734564587	0.195801567701	0.288789863631	0.30621174702	0.305970149254	0.298802748846	0.179319231182	0.285756469451	0.287152367658	0.129281649307	0.15158917642	0.15816600451	0.168769462042	0.193090303876
159207311-stool2.freeze11.snv.filtered.bam	0.155535273274	0.15556211747	0.16119939869	0.0972028347471	0.0979276280468	0.000187909373993	0.0	0.142220551917	0.210888006013	0.211317513154	0.208633093525	0.195130462794	0.19515730699	0.21019005691	0.210861161817	0.195506281542	0.194432513691	0.29313862343	0.299742295716	0.185198110169	0.185359175346	0.187184580694	0.182594223129	0.181171480726	0.17875550306	0.20245892838	0.200982497584	0.201922044454	0.199586599377	0.174540964244	0.188822076667	0.0715666272952	0.0733115000537	0.0733115000537	0.208874691292	0.209894770751	0.184580693654	0.182191560185	0.18793621819	0.201573069902	0.201116718565	0.199962418125	0.201573069902	0.195210995383	0.139401911307	0.198781273489	0.173252442822	0.204740685064	0.203881670783	0.0784924299366	0.163239557608	0.179050789219	0.159964565661	0.17080962096	0.20057983464	0.194325136905	0.1893052722	0.183319016429	0.180231933856	0.173279287018	0.205411789971	0.207827767637	0.304225276495	0.322908837109	0.322640395147	0.315258241168	0.191533340492	0.301406635885	0.302775689896	0.129818533233	0.154891012563	0.166460861162	0.179131321808	0.205384945775
159207311-stool3.freeze11.snv.filtered.bam	0.151401267046	0.154864168367	0.163588532159	0.164662300011	0.166380328573	0.151991839364	0.142220551917	0.0	0.197841726619	0.198137012778	0.195425748953	0.184339095887	0.184500161065	0.1972511543	0.198593364115	0.184768603028	0.183802211962	0.282615698486	0.291125308708	0.170863309353	0.170380113819	0.169977450875	0.0647482014388	0.063916031354	0.0621980027918	0.197358531086	0.195989477075	0.196848491356	0.191533340492	0.164581767422	0.182567378933	0.162031568775	0.164340169655	0.164662300011	0.1994255342	0.200257704284	0.178030709761	0.175910018254	0.181708364652	0.196392140019	0.196016321271	0.194620423065	0.196016321271	0.179426607967	0.116423279287	0.184714914635	0.161628905831	0.194164071728	0.193305057447	0.170943841941	0.162756362075	0.158649200043	0.137764415333	0.1553473639	0.188607323097	0.187345645871	0.183694835177	0.139616664877	0.136878556856	0.0321325029529	0.192929238699	0.19754644046	0.298077955546	0.312922796091	0.312708042521	0.305245355954	0.181252013315	0.289407280146	0.290910555138	0.111752389133	0.136368517127	0.0708686781918	0.0780629227961	0.194593578868
159227541-stool1.freeze11.snv.filtered.bam	0.191372275314	0.191479652099	0.195533125738	0.210700096639	0.21228390422	0.198727585096	0.210888006013	0.197841726619	0.0	2.68441962848e-05	8.05325888543e-05	0.106544615054	0.106625147643	0.0178513905294	0.0180929882959	0.106920433802	0.106007731129	0.275045635134	0.284951143563	0.103672286052	0.103189090519	0.209841082358	0.212391281005	0.210646408247	0.207317727907	0.0499302050897	0.049393321164	0.049769139912	0.21271341136	0.183319016429	0.200230860088	0.213062385912	0.215666272952	0.216230001074	0.154515193815	0.155213142919	0.208445184151	0.205841297112	0.213062385912	0.0487490604531	0.0485343068829	0.0470310318909	0.0474873832277	0.186406099001	0.161709438419	0.16705143348	0.176769032535	0.116020616343	0.115456888221	0.212176527435	0.190942768174	0.10896059272	0.148716847418	0.174433587458	0.198727585096	0.199076559648	0.193976162354	0.207049285944	0.203720605605	0.209867926554	0.0169118436594	0.143294319768	0.290615268979	0.303285729625	0.303070976055	0.295393535918	0.104450767744	0.284172661871	0.285971223022	0.0573660474605	0.0471115644798	0.192446043165	0.210109524321	0.193090303876
159227541-stool2.freeze11.snv.filtered.bam	0.191694405669	0.191882315043	0.196016321271	0.21112960378	0.21271341136	0.199157092237	0.211317513154	0.198137012778	2.68441962848e-05	0.0	0.000107376785139	0.107027810587	0.107108343176	0.0180661440996	0.0183077418662	0.107376785139	0.106464082465	0.275475142274	0.285300118114	0.103591753463	0.103081713733	0.210297433695	0.212847632342	0.211102759583	0.207774079244	0.0503597122302	0.0498228283045	0.0501718028562	0.213116074305	0.183345860625	0.200633523032	0.213518737249	0.216122624289	0.216686352411	0.154891012563	0.155615805863	0.208901535488	0.206297648448	0.213545581445	0.0491517233974	0.0489101256308	0.0473800064426	0.0478363577794	0.186781917749	0.161118866101	0.167534629013	0.177198539676	0.116503811876	0.115940083754	0.212552346183	0.191345431118	0.108826371738	0.14855578224	0.174755717814	0.199291313218	0.1994255342	0.194405669494	0.207451948889	0.204123268549	0.210297433695	0.0171265972297	0.143777515301	0.291071620316	0.30368839257	0.303446794803	0.295796198862	0.104933963277	0.284494792226	0.286266509181	0.0567217867497	0.0468699667132	0.19284870611	0.210565875658	0.193627187802
159227541-stool3.freeze11.snv.filtered.bam	0.188902609256	0.189412648985	0.193573499409	0.208364651562	0.209948459143	0.196580049393	0.208633093525	0.195425748953	8.05325888543e-05	0.000107376785139	0.0	0.103752818641	0.103833351229	0.0174755717814	0.0177708579405	0.104101793192	0.103189090519	0.272146461935	0.282535165897	0.0977397186728	0.0975249651025	0.207425104692	0.210512187265	0.208767314507	0.205438634167	0.0492591001825	0.0486685278643	0.0489906582197	0.210055835928	0.179587673145	0.197626973048	0.210780629228	0.213384516268	0.21394824439	0.152421346505	0.153119295608	0.206297648448	0.203666917212	0.210888006013	0.0480511113497	0.0478632019757	0.0462793943949	0.0466283689466	0.184016965532	0.157145925051	0.165038118759	0.174755717814	0.113201975733	0.112638247611	0.210002147536	0.189063674434	0.103699130248	0.145200257704	0.172500805326	0.196875335552	0.197090089123	0.191989691829	0.205062815419	0.20173413508	0.207961988618	0.0164823365188	0.140932030495	0.288118758724	0.30108450553	0.300816063567	0.293246000215	0.101712659723	0.281998281971	0.283769998926	0.0521045849887	0.0435681305702	0.190566949426	0.208149897992	0.19118436594
159247771-stool1.freeze11.snv.filtered.bam	0.185412863739	0.187963062386	0.192956082895	0.199398690003	0.201304627939	0.18229893697	0.195130462794	0.184339095887	0.106544615054	0.107027810587	0.103752818641	0.0	0.0	0.103725974444	0.104209169977	0.00198647052507	0.0019327821325	0.260469236551	0.273757113712	0.00416085042414	0.00434875979813	0.203908514979	0.205035971223	0.203103189091	0.199103403844	0.107698915494	0.105980886932	0.10708149898	0.204123268549	0.169977450875	0.190164286481	0.198942338666	0.201814667669	0.202351551595	0.144314399227	0.145092880919	0.202136798024	0.199479222592	0.207290883711	0.107108343176	0.106786212821	0.104128637389	0.105685600773	0.175668420487	0.149119510362	0.153548802749	0.173896703533	0.0112745624396	0.0111940298507	0.199801352947	0.183426393214	0.0263878449479	0.124047031032	0.166272951788	0.193331901643	0.196070009664	0.190432728444	0.199908729733	0.196231074842	0.200150327499	0.0981423816171	0.114624718136	0.280521851176	0.295259314936	0.294964028777	0.287179211854	0.00510039729411	0.273515515945	0.275314077097	0.0700365081069	0.0769891549447	0.177950177172	0.197412219478	0.18302373027
159247771-stool2.freeze11.snv.filtered.bam	0.185600773113	0.18815097176	0.19306345968	0.199506066788	0.201412004725	0.18229893697	0.19515730699	0.184500161065	0.106625147643	0.107108343176	0.103833351229	0.0	0.0	0.103806507033	0.104289702566	0.00198647052507	0.0019327821325	0.260737678514	0.273998711479	0.00413400622785	0.00432191560185	0.204069580157	0.205197036401	0.203264254268	0.199264469022	0.107725759691	0.106034575325	0.107108343176	0.204311177923	0.170165360249	0.190271663266	0.199022871255	0.201895200258	0.202432084183	0.144502308601	0.145307634489	0.202271019006	0.19964028777	0.207425104692	0.107135187372	0.106813057017	0.104155481585	0.105712444969	0.175829485665	0.149307419736	0.153548802749	0.173977236122	0.011220874047	0.0111671856545	0.200016106518	0.183614302588	0.0264415333405	0.124369161387	0.166353484377	0.193385590035	0.196257919038	0.190593793622	0.200096639107	0.196418984216	0.200284548481	0.0982229142059	0.114785783314	0.280790293139	0.295420380114	0.295151938151	0.287340277032	0.00507355309782	0.273783957908	0.275501986471	0.0700901964995	0.0771233759261	0.178111242349	0.197626973048	0.183184795447
159268001-stool1.freeze11.snv.filtered.bam	0.189036830237	0.189842156126	0.194620423065	0.210995382798	0.212525501986	0.198620208311	0.21019005691	0.1972511543	0.0178513905294	0.0180661440996	0.0174755717814	0.103725974444	0.103806507033	0.0	5.36883925695e-05	0.104021260603	0.103189090519	0.268361430259	0.284172661871	0.0976860302803	0.0979276280468	0.210163212713	0.215719961344	0.213975088586	0.210592719854	0.0419574787931	0.0415011274562	0.0418232578117	0.212391281005	0.181681520455	0.199667131966	0.2145925051	0.217169547944	0.217786964458	0.154488349619	0.155159454526	0.208552560936	0.206029206486	0.213169762697	0.0401052292494	0.0399441640717	0.0368033931064	0.0369913024804	0.183963277139	0.159025018791	0.166997745088	0.178648126275	0.113255664125	0.112691936003	0.212471813594	0.189976377107	0.102679050789	0.140878342102	0.174621496832	0.19891549447	0.200687211425	0.195613658327	0.208337807366	0.205035971223	0.210700096639	0.000912702673682	0.141683667991	0.291850102008	0.304252120692	0.303876301944	0.296252550199	0.101685815527	0.284575324815	0.285971223022	0.0474068506389	0.0383335122946	0.192204445399	0.209599484591	0.192204445399
159268001-stool2.freeze11.snv.filtered.bam	0.190271663266	0.190862235585	0.195130462794	0.211424889939	0.212928164931	0.199049715452	0.210861161817	0.198593364115	0.0180929882959	0.0183077418662	0.0177708579405	0.104209169977	0.104289702566	5.36883925695e-05	0.0	0.104504456137	0.103699130248	0.274481907012	0.285702781059	0.100155696338	0.100048319553	0.210592719854	0.216095780092	0.214350907334	0.210968538602	0.0420916997745	0.0416890368302	0.0419574787931	0.212793943949	0.18366799098	0.200311392677	0.21510254483	0.217652743477	0.218270159991	0.154891012563	0.15556211747	0.208955223881	0.20643186943	0.213599269838	0.0402931386234	0.0401052292494	0.0370181466767	0.037232900247	0.185278642757	0.161736282616	0.167427252228	0.179158166005	0.113738859659	0.113175131537	0.212847632342	0.190325351659	0.105766133362	0.145871362611	0.174943627188	0.199345001611	0.201358316332	0.196257919038	0.208767314507	0.205465478364	0.211156447976	0.000939546869967	0.142059486739	0.292360141737	0.304574251047	0.304252120692	0.296574680554	0.10216901106	0.285058520348	0.286481262751	0.0514871684742	0.0405078921937	0.192553419951	0.209948459143	0.192633952539
159510762-stool1.freeze11.snv.filtered.bam	0.185708149898	0.18815097176	0.19327821325	0.199881885536	0.201787823473	0.182594223129	0.195506281542	0.184768603028	0.106920433802	0.107376785139	0.104101793192	0.00198647052507	0.00198647052507	0.104021260603	0.104504456137	0.0	0.0	0.261355095028	0.274616127993	0.00383872006872	0.004053473639	0.204069580157	0.205546010952	0.20361322882	0.19964028777	0.107886824868	0.106195640503	0.107269408354	0.20455277569	0.170272737034	0.190593793622	0.199479222592	0.202351551595	0.20288843552	0.144663373779	0.145468699667	0.202244174809	0.199559755181	0.207505637281	0.10729625255	0.106947277998	0.104370235155	0.105873510147	0.176205304413	0.148904756792	0.153844088908	0.173655105766	0.0108987436916	0.0108182111028	0.200445613658	0.184016965532	0.0260388703962	0.123993342639	0.16662192634	0.194137227531	0.196472672608	0.190728014603	0.200418769462	0.196687426178	0.200633523032	0.0983839793837	0.115054225276	0.281756684205	0.296440459573	0.29617201761	0.28844088908	0.00467089015355	0.274777193171	0.276522065929	0.0699291313218	0.0770965317298	0.178433372705	0.198029635993	0.183909588747
159510762-stool2.freeze11.snv.filtered.bam	0.184312251691	0.186889294535	0.19190915924	0.198620208311	0.200472457855	0.181762053044	0.194432513691	0.183802211962	0.106007731129	0.106464082465	0.103189090519	0.0019327821325	0.0019327821325	0.103189090519	0.103699130248	0.0	0.0	0.259153870933	0.272656501664	0.00362396649844	0.00375818747987	0.202861591324	0.204499087297	0.202539460969	0.198566519918	0.106759368625	0.105095028455	0.10614195211	0.203237410072	0.169172124987	0.189332116396	0.198083324385	0.200955653388	0.201465693117	0.143670138516	0.144502308601	0.200821432406	0.198137012778	0.205948673897	0.106168796306	0.105846665951	0.103242778911	0.104746053903	0.175077848169	0.147884677333	0.152582411683	0.172769247289	0.0107645227102	0.0107376785139	0.199076559648	0.182916353484	0.0256362074519	0.122892730592	0.165413937507	0.192714485128	0.195184151187	0.189573714163	0.198942338666	0.195264683775	0.199613443573	0.0976323418877	0.113738859659	0.279716525287	0.294480833244	0.294185547085	0.286481262751	0.00464404595726	0.272924943627	0.274589283797	0.0691774938258	0.0760496080747	0.177440137442	0.196955868141	0.182835820896
159551223-stool1.freeze11.snv.filtered.bam	0.273864490497	0.274374530227	0.286024911414	0.29378288414	0.295903575647	0.281810372597	0.29313862343	0.282615698486	0.275045635134	0.275475142274	0.272146461935	0.260469236551	0.260737678514	0.268361430259	0.274481907012	0.261355095028	0.259153870933	0.0	0.00118114463653	0.255207774079	0.253382368732	0.283421024375	0.303715236766	0.302211961774	0.299447009557	0.277998496725	0.27644153334	0.27738108021	0.26409320305	0.204123268549	0.259744443251	0.299876516697	0.302909910877	0.302883066681	0.275475142274	0.275824116826	0.288172447117	0.285783313648	0.292950714056	0.277220015033	0.276656286911	0.273757113712	0.2752872329	0.272575969075	0.244067432621	0.268629872222	0.264710619564	0.270455277569	0.269247288736	0.298373241705	0.287474498014	0.229517878235	0.242591001825	0.256442607108	0.291554815849	0.294051326103	0.289326747557	0.299124879201	0.295796198862	0.299366476968	0.268334586062	0.257865349511	0.0247503489746	0.139643509073	0.139589820681	0.137254375604	0.253999785246	0.124154407817	0.124879201117	0.211747020294	0.221867282294	0.279635992698	0.296682057339	0.289863631483
159551223-stool2.freeze11.snv.filtered.bam	0.284092129282	0.282937828841	0.290883710942	0.298104799742	0.299715451519	0.286212820788	0.299742295716	0.291125308708	0.284951143563	0.285300118114	0.282535165897	0.273757113712	0.273998711479	0.284172661871	0.285702781059	0.274616127993	0.272656501664	0.00118114463653	0.0	0.27015999141	0.268898314184	0.288091914528	0.306909696124	0.305299044347	0.302668313111	0.287340277032	0.285944378825	0.286749704714	0.287957693547	0.233410286696	0.277568989584	0.304735316225	0.307580801031	0.307741866209	0.285863846236	0.286239664984	0.292306453345	0.289729410501	0.296950499302	0.286964458284	0.286481262751	0.284521636422	0.286293353377	0.286937614088	0.25700633523	0.277542145388	0.269247288736	0.283072049823	0.281944593579	0.301943519811	0.29147428326	0.253838720069	0.254026629443	0.262240953506	0.296789434124	0.301487168474	0.295849887254	0.302722001503	0.299554386342	0.303205197036	0.28092451412	0.27861591324	0.0206163427467	0.132449264469	0.132529797058	0.130945989477	0.26712659723	0.119751959626	0.120315687748	0.230886932245	0.243718458069	0.284118973478	0.300708686782	0.296064640825
159571453-stool1.freeze11.snv.filtered.bam	0.172581337915	0.176473746376	0.185224954365	0.194432513691	0.19682164716	0.178352840116	0.185198110169	0.170863309353	0.103672286052	0.103591753463	0.0977397186728	0.00416085042414	0.00413400622785	0.0976860302803	0.100155696338	0.00383872006872	0.00362396649844	0.255207774079	0.27015999141	0.0	0.0	0.199479222592	0.201895200258	0.199989262321	0.196070009664	0.104531300333	0.102813271771	0.103779662837	0.186701385161	0.154219907656	0.175856329861	0.19494255342	0.197895415011	0.19848598733	0.138569741222	0.139643509073	0.19754644046	0.194835176635	0.202861591324	0.1033233115	0.103001181145	0.0989477075056	0.100128852142	0.160447761194	0.136234296145	0.148502093847	0.169172124987	0.0113014066359	0.0111940298507	0.195935788682	0.179963491893	0.0252067003114	0.0982766025985	0.161253087083	0.189036830237	0.18345323741	0.179507140556	0.196043165468	0.192258133791	0.196043165468	0.0943841941372	0.101632127134	0.278186406099	0.292870181467	0.292735960485	0.285058520348	0.00654998389348	0.270938473102	0.272790722646	0.0590035434339	0.0647750456351	0.173869859336	0.193761408783	0.179050789219
159571453-stool2.freeze11.snv.filtered.bam	0.172608182111	0.176634811554	0.184741758832	0.193868785569	0.196257919038	0.177359604853	0.185359175346	0.170380113819	0.103189090519	0.103081713733	0.0975249651025	0.00434875979813	0.00432191560185	0.0979276280468	0.100048319553	0.004053473639	0.00375818747987	0.253382368732	0.268898314184	0.0	0.0	0.198002791796	0.200445613658	0.19848598733	0.194674111457	0.104236014174	0.102491141415	0.103618597659	0.187238269086	0.153763556319	0.175963706647	0.193761408783	0.196929023945	0.197385375282	0.1380060131	0.138918715774	0.196392140019	0.193815097176	0.201680446687	0.103350155696	0.102974336948	0.0991356168796	0.100397294105	0.160179319231	0.135053151509	0.14761623537	0.16820573392	0.0114356276173	0.0113550950285	0.195023086009	0.178621282079	0.0247235047783	0.0970417695694	0.160689358961	0.187667776227	0.183802211962	0.17969504993	0.194298292709	0.190593793622	0.195425748953	0.0939546869967	0.100155696338	0.276871040481	0.291366906475	0.291071620316	0.283340491786	0.00676473746376	0.269623107484	0.271475357028	0.0586277246859	0.0650166434017	0.173225598626	0.19284870611	0.177869644583
160158126-stool2.freeze11.snv.filtered.bam	0.175910018254	0.175668420487	0.179346075379	0.185439707935	0.186916138731	0.176258992806	0.187184580694	0.169977450875	0.209841082358	0.210297433695	0.207425104692	0.203908514979	0.204069580157	0.210163212713	0.210592719854	0.204069580157	0.202861591324	0.283421024375	0.288091914528	0.199479222592	0.198002791796	0.0	0.179507140556	0.178245463331	0.176044239235	0.21228390422	0.210834317621	0.211720176098	0.219424460432	0.196741114571	0.20831096317	0.187453022657	0.189761623537	0.190083753892	0.211800708687	0.212471813594	0.195935788682	0.193841941372	0.199345001611	0.211532266724	0.211210136369	0.210673252443	0.212257060024	0.202593149361	0.14031461398	0.202995812305	0.182057339203	0.213196606894	0.212444969398	0.188392569526	0.176339525395	0.178003865564	0.166138730806	0.183372704821	0.209599484591	0.216632664018	0.211612799313	0.175453666917	0.172715558896	0.173735638355	0.205116503812	0.209894770751	0.290373671212	0.308332438527	0.307983463975	0.300816063567	0.19985504134	0.28959518952	0.290293138623	0.141442070224	0.169709008912	0.165628691077	0.177279072265	0.209357886825
160421117-stool1.freeze11.snv.filtered.bam	0.175695264684	0.176017395039	0.179802426715	0.18020508966	0.181547299474	0.171802856222	0.182594223129	0.0647482014388	0.212391281005	0.212847632342	0.210512187265	0.205035971223	0.205197036401	0.215719961344	0.216095780092	0.205546010952	0.204499087297	0.303715236766	0.306909696124	0.201895200258	0.200445613658	0.179507140556	0.0	0.0	0.0	0.214807258671	0.213303983679	0.214216686352	0.222994738538	0.199183936433	0.21228390422	0.180285622248	0.182272092774	0.18272844411	0.215022012241	0.215693117148	0.1907548588	0.188553634704	0.194432513691	0.214995168045	0.2145925051	0.214136153764	0.21553205197	0.20339847525	0.143723826909	0.199747664555	0.174943627188	0.214968323848	0.214189842156	0.183963277139	0.171480725867	0.193009771287	0.163695908944	0.185090733383	0.20288843552	0.203183721679	0.198647052507	0.147106195641	0.144636529582	0.0541715881027	0.21061956405	0.216337377859	0.31047997423	0.326908622356	0.326747557178	0.319445935789	0.201760979276	0.303715236766	0.305111134973	0.14176420058	0.171292816493	0.0792172232363	0.0850961022227	0.210136368517
160421117-stool2.freeze11.snv.filtered.bam	0.174165145496	0.17456780844	0.178352840116	0.178889724042	0.180231933856	0.170353269623	0.181171480726	0.063916031354	0.210646408247	0.211102759583	0.208767314507	0.203103189091	0.203264254268	0.213975088586	0.214350907334	0.20361322882	0.202539460969	0.302211961774	0.305299044347	0.199989262321	0.19848598733	0.178245463331	0.0	0.0	0.0	0.213035541716	0.211532266724	0.212444969398	0.221437775153	0.197492752067	0.210834317621	0.178889724042	0.180876194567	0.181386234296	0.213599269838	0.214270374745	0.189493181574	0.187238269086	0.193090303876	0.213250295286	0.212847632342	0.212391281005	0.213787179212	0.201868356061	0.142354772898	0.198298077956	0.173681949962	0.213035541716	0.212257060024	0.182540534736	0.170245892838	0.19118436594	0.162219478149	0.183829056158	0.201465693117	0.201787823473	0.197224310104	0.146059271985	0.143562761731	0.053822613551	0.208874691292	0.214834102867	0.309003543434	0.325459035756	0.325297970579	0.317996349189	0.199801352947	0.302158273381	0.303607859981	0.14009986041	0.169574787931	0.0783850531515	0.0842907763342	0.208659937721
160421117-stool3.freeze11.snv.filtered.bam	0.171400193278	0.171829700419	0.175641576291	0.176312681198	0.17760120262	0.168178889724	0.17875550306	0.0621980027918	0.207317727907	0.207774079244	0.205438634167	0.199103403844	0.199264469022	0.210592719854	0.210968538602	0.19964028777	0.198566519918	0.299447009557	0.302668313111	0.196070009664	0.194674111457	0.176044239235	0.0	0.0	0.0	0.209653172984	0.208149897992	0.209062600666	0.218270159991	0.194298292709	0.207559325674	0.176527434769	0.178433372705	0.178836035649	0.210297433695	0.210968538602	0.18699667132	0.184741758832	0.190566949426	0.209841082358	0.209438419414	0.208955223881	0.210377966284	0.199103403844	0.139536132288	0.195184151187	0.170970686138	0.209035756469	0.208257274777	0.180070868678	0.16799098035	0.187479866853	0.159025018791	0.181198324922	0.198888650274	0.198834961881	0.194378825298	0.143750671105	0.14125416085	0.0529367550736	0.20549232256	0.21134435735	0.306184902824	0.322291420595	0.322130355417	0.31488242242	0.195962632879	0.299178567594	0.300708686782	0.137093310426	0.16632664018	0.077203908515	0.0829754107162	0.205975518093
160502038-stool1.freeze11.snv.filtered.bam	0.190191130678	0.190137442285	0.19421776012	0.207827767637	0.209438419414	0.19045957264	0.20245892838	0.197358531086	0.0499302050897	0.0503597122302	0.0492591001825	0.107698915494	0.107725759691	0.0419574787931	0.0420916997745	0.107886824868	0.106759368625	0.277998496725	0.287340277032	0.104531300333	0.104236014174	0.21228390422	0.214807258671	0.213035541716	0.209653172984	0.0	5.36883925695e-05	0.0	0.214404595726	0.185681305702	0.201707290884	0.208203586385	0.210780629228	0.21134435735	0.158327069688	0.159078707184	0.209169977451	0.206753999785	0.213975088586	0.00394609685386	0.00386556426501	0.00748953076345	0.00781166111887	0.187157736497	0.160823579942	0.16517233974	0.179882959304	0.11712122839	0.116557500268	0.209223665843	0.18981531193	0.110249114142	0.149012133577	0.174138301299	0.199559755181	0.202754214539	0.197814882422	0.207881456029	0.204364866316	0.209653172984	0.0398636314829	0.143321163964	0.293433909589	0.306775475142	0.306265435413	0.29848061849	0.10541715881	0.287420809621	0.288897240417	0.0356759368625	0.0158112316117	0.191667561473	0.209116289058	0.193841941372
160502038-stool2.freeze11.snv.filtered.bam	0.188902609256	0.188983141845	0.193036615484	0.20643186943	0.208042521207	0.189009986041	0.200982497584	0.195989477075	0.049393321164	0.0498228283045	0.0486685278643	0.105980886932	0.106034575325	0.0415011274562	0.0416890368302	0.106195640503	0.105095028455	0.27644153334	0.285944378825	0.102813271771	0.102491141415	0.210834317621	0.213303983679	0.211532266724	0.208149897992	5.36883925695e-05	0.0	0.0	0.212928164931	0.184151186513	0.200257704284	0.206753999785	0.209357886825	0.209921614947	0.156984859873	0.157736497369	0.207908300225	0.205519166756	0.21271341136	0.00381187587244	0.0037044990873	0.00746268656716	0.00759690754859	0.185842370879	0.159588746913	0.163910662515	0.178648126275	0.115376355632	0.11481262751	0.20780092344	0.188607323097	0.108638462364	0.14761623537	0.172930312466	0.198351766348	0.201438848921	0.196418984216	0.206566090411	0.203049500698	0.208284118973	0.0394341243423	0.141737356384	0.291984322989	0.305379576935	0.304869537206	0.297084720283	0.103779662837	0.286185976592	0.28771609578	0.0343605712445	0.0147643079566	0.190352195855	0.207720390851	0.192446043165
160502038-stool3.freeze11.snv.filtered.bam	0.189734779341	0.189761623537	0.193841941372	0.207237195318	0.208847847095	0.189949532911	0.201922044454	0.196848491356	0.049769139912	0.0501718028562	0.0489906582197	0.10708149898	0.107108343176	0.0418232578117	0.0419574787931	0.107269408354	0.10614195211	0.27738108021	0.286749704714	0.103779662837	0.103618597659	0.211720176098	0.214216686352	0.212444969398	0.209062600666	0.0	0.0	0.0	0.213867711801	0.185090733383	0.201143562762	0.207613014066	0.21019005691	0.210780629228	0.157790185762	0.158514979062	0.208633093525	0.20621711586	0.21343820466	0.00391925265758	0.00383872006872	0.0075700633523	0.00770428433373	0.186647696768	0.160286696016	0.164823365188	0.179346075379	0.11647696768	0.115913239558	0.208659937721	0.1893052722	0.109658541823	0.14855578224	0.173708794159	0.199022871255	0.202351551595	0.197331686889	0.207317727907	0.203801138194	0.209116289058	0.0397294105014	0.142730591646	0.292789648878	0.306238591217	0.305701707291	0.297890046172	0.104799742296	0.286803393106	0.288279823902	0.0352464297219	0.0153817244712	0.191211210136	0.208659937721	0.193251369054
160582958-stool1.freeze11.snv.filtered.bam	0.200338236873	0.202083109632	0.211747020294	0.222189412649	0.223746376034	0.189627402556	0.199586599377	0.191533340492	0.21271341136	0.213116074305	0.210055835928	0.204123268549	0.204311177923	0.212391281005	0.212793943949	0.20455277569	0.203237410072	0.26409320305	0.287957693547	0.186701385161	0.187238269086	0.219424460432	0.222994738538	0.221437775153	0.218270159991	0.214404595726	0.212928164931	0.213867711801	0.0	0.00214753570278	0.000510039729411	0.222189412649	0.224685922903	0.225088585848	0.21019005691	0.210243745302	0.214243530549	0.212257060024	0.21835069258	0.213411360464	0.213035541716	0.211881241276	0.213116074305	0.197895415011	0.166595082143	0.203962203372	0.199371845807	0.213733490819	0.212767099753	0.219853967572	0.209196821647	0.18041984323	0.173091377644	0.0871631053366	0.207827767637	0.216444754644	0.211881241276	0.215988403307	0.212928164931	0.220793514442	0.207344572104	0.20455277569	0.302185117578	0.316627295179	0.31633200902	0.309164608612	0.200821432406	0.293997637711	0.295259314936	0.144394931816	0.160286696016	0.200606678836	0.215075700634	0.21019005691
160582958-stool2.freeze11.snv.filtered.bam	0.17153441426	0.17478256201	0.186083968646	0.198727585096	0.200606678836	0.169467411146	0.174540964244	0.164581767422	0.183319016429	0.183345860625	0.179587673145	0.169977450875	0.170165360249	0.181681520455	0.18366799098	0.170272737034	0.169172124987	0.204123268549	0.233410286696	0.154219907656	0.153763556319	0.196741114571	0.199183936433	0.197492752067	0.194298292709	0.185681305702	0.184151186513	0.185090733383	0.00214753570278	0.0	0.00147643079566	0.199828197144	0.202056265435	0.202512616772	0.184983356598	0.185412863739	0.192231289595	0.189627402556	0.196257919038	0.184285407495	0.183641146784	0.181332545904	0.182647911522	0.169923762483	0.142972189413	0.178728658864	0.177359604853	0.179185010201	0.178352840116	0.197412219478	0.186781917749	0.147992054118	0.146247181359	0.0785192741329	0.186406099001	0.189707935144	0.186781917749	0.193976162354	0.19096961237	0.19682164716	0.178218619135	0.177708579405	0.263502630731	0.2760120262	0.275850961022	0.269300977129	0.167319875443	0.245704928594	0.247422957157	0.11741651455	0.131268119832	0.177977021368	0.192472887362	0.188204660152
160582958-stool3.freeze11.snv.filtered.bam	0.191050144959	0.192741329325	0.201385160528	0.211263824761	0.212659722968	0.179721894126	0.188822076667	0.182567378933	0.200230860088	0.200633523032	0.197626973048	0.190164286481	0.190271663266	0.199667131966	0.200311392677	0.190593793622	0.189332116396	0.259744443251	0.277568989584	0.175856329861	0.175963706647	0.20831096317	0.21228390422	0.210834317621	0.207559325674	0.201707290884	0.200257704284	0.201143562762	0.000510039729411	0.00147643079566	0.0	0.211210136369	0.213411360464	0.213894555997	0.198727585096	0.198781273489	0.204096424353	0.201895200258	0.208042521207	0.20079458821	0.200365081069	0.19913024804	0.200365081069	0.189197895415	0.158192848706	0.19306345968	0.189036830237	0.199345001611	0.198405454741	0.209008912273	0.198808117685	0.171776012026	0.164796520992	0.0828680339311	0.197439063674	0.205787608719	0.201358316332	0.205197036401	0.202136798024	0.210028991732	0.195023086009	0.192499731558	0.291420594867	0.304815848813	0.304493718458	0.29754107162	0.186808761946	0.283233115001	0.284709545796	0.135751100612	0.15180392999	0.190620637818	0.204525931494	0.199935573929
160603188-stool1.freeze11.snv.filtered.bam	0.159266616558	0.158541823258	0.162729517878	0.0923440352196	0.0930688285193	0.0670299581231	0.0715666272952	0.162031568775	0.213062385912	0.213518737249	0.210780629228	0.198942338666	0.199022871255	0.2145925051	0.21510254483	0.199479222592	0.198083324385	0.299876516697	0.304735316225	0.19494255342	0.193761408783	0.187453022657	0.180285622248	0.178889724042	0.176527434769	0.208203586385	0.206753999785	0.207613014066	0.222189412649	0.199828197144	0.211210136369	0.0	0.000483195533126	0.000483195533126	0.212230215827	0.212901320734	0.185627617309	0.183480081606	0.188929453452	0.2073714163	0.207022441748	0.205653387738	0.2073714163	0.201143562762	0.149361108128	0.200901964995	0.172742403092	0.20874047031	0.208042521207	0.0729356813057	0.158300225491	0.188043594975	0.16683667991	0.183265328036	0.20498228283	0.196016321271	0.191318586922	0.177359604853	0.174111457103	0.171507570063	0.209599484591	0.212686567164	0.307366047461	0.324653709868	0.324626865672	0.317298400086	0.195049930205	0.302426715344	0.303795769355	0.14103940728	0.166219263395	0.163561687963	0.176527434769	0.209411575217
