	158337416-stool1.freeze11.snv.filtered.bam	158337416-stool2.freeze11.snv.filtered.bam	158479027-stool1.freeze11.snv.filtered.bam	158479027-stool2.freeze11.snv.filtered.bam	158499257-stool1.freeze11.snv.filtered.bam	158802708-stool1.freeze11.snv.filtered.bam	158802708-stool2.freeze11.snv.filtered.bam	158802708-stool3.freeze11.snv.filtered.bam	158944319-stool2.freeze11.snv.filtered.bam	159207311-stool1.freeze11.snv.filtered.bam	159207311-stool2.freeze11.snv.filtered.bam	159227541-stool2.freeze11.snv.filtered.bam	159227541-stool3.freeze11.snv.filtered.bam	159268001-stool1.freeze11.snv.filtered.bam	159268001-stool2.freeze11.snv.filtered.bam	159551223-stool1.freeze11.snv.filtered.bam	159551223-stool2.freeze11.snv.filtered.bam	159611913-stool2.freeze11.snv.filtered.bam	159814214-stool1.freeze11.snv.filtered.bam	159814214-stool2.freeze11.snv.filtered.bam	160158126-stool1.freeze11.snv.filtered.bam	160158126-stool2.freeze11.snv.filtered.bam	160178356-stool3.freeze11.snv.filtered.bam	160319967-stool1.freeze11.snv.filtered.bam	160319967-stool3.freeze11.snv.filtered.bam	160380657-stool1.freeze11.snv.filtered.bam	160380657-stool2.freeze11.snv.filtered.bam	160380657-stool3.freeze11.snv.filtered.bam	160582958-stool1.freeze11.snv.filtered.bam	160603188-stool1.freeze11.snv.filtered.bam	550534656-stool1.freeze11.snv.filtered.bam	550534656-stool2.freeze11.snv.filtered.bam	550534656-stool3.freeze11.snv.filtered.bam	604812005-stool1.freeze11.snv.filtered.bam	604812005-stool2.freeze11.snv.filtered.bam	675950834-stool1.freeze11.snv.filtered.bam	675950834-stool2.freeze11.snv.filtered.bam	763496533-stool2.freeze11.snv.filtered.bam	763536994-stool1.freeze11.snv.filtered.bam	763536994-stool2.freeze11.snv.filtered.bam	763536994-stool3.freeze11.snv.filtered.bam	763678604-stool1.freeze11.snv.filtered.bam	763678604-stool2.freeze11.snv.filtered.bam	763820215-stool1.freeze11.snv.filtered.bam	763820215-stool2.freeze11.snv.filtered.bam	763820215-stool3.freeze11.snv.filtered.bam	763840445-stool1.freeze11.snv.filtered.bam	763840445-stool2.freeze11.snv.filtered.bam	763860675-stool2.freeze11.snv.filtered.bam	763961826-stool1.freeze11.snv.filtered.bam	763961826-stool2.freeze11.snv.filtered.bam	763982056-stool1.freeze11.snv.filtered.bam	763982056-stool2.freeze11.snv.filtered.bam	764042746-stool2.freeze11.snv.filtered.bam	764062976-stool2.freeze11.snv.filtered.bam	764143897-stool2.freeze11.snv.filtered.bam	764224817-stool1.freeze11.snv.filtered.bam	764224817-stool2.freeze11.snv.filtered.bam	764285508-stool2.freeze11.snv.filtered.bam	764325968-stool1.freeze11.snv.filtered.bam	764325968-stool2.freeze11.snv.filtered.bam	764447348-stool1.freeze11.snv.filtered.bam	764487809-stool1.freeze11.snv.filtered.bam	764588959-stool2.freeze11.snv.filtered.bam	764649650-stool1.freeze11.snv.filtered.bam	764649650-stool2.freeze11.snv.filtered.bam	765034022-stool1.freeze11.snv.filtered.bam	765034022-stool2.freeze11.snv.filtered.bam	765074482-stool1.freeze11.snv.filtered.bam	765074482-stool2.freeze11.snv.filtered.bam	765074482-stool3.freeze11.snv.filtered.bam	765337473-stool2.freeze11.snv.filtered.bam	765640925-stool1.freeze11.snv.filtered.bam	765640925-stool2.freeze11.snv.filtered.bam	823052294-stool3.freeze11.snv.filtered.bam
158337416-stool1.freeze11.snv.filtered.bam	0.0	4.42889410514e-05	0.264028522078	0.26285486514	0.281411931441	0.271845520174	0.272354842996	0.268258115948	0.0125559147881	0.0125559147881	0.0128216484344	0.00538110633775	0.0053368173967	0.286527304132	0.284047123433	0.286992338013	0.285353647194	0.248128792241	0.222773373489	0.22239691749	0.00564683998406	0.00562469551353	0.270162540414	0.00538110633775	0.0054253952788	0.295894415165	0.293303512113	0.293702112582	0.189335222995	0.00422959387041	0.214867797511	0.213229106692	0.212941228575	0.196044997564	0.197882988618	0.217923734444	0.207914433766	0.194959918508	0.193055494043	0.180388856902	0.204614907658	0.273462066522	0.269232472652	0.0133309712565	0.0133309712565	0.013308826786	0.00522609504407	0.00515966163249	0.192302582045	0.0178484432437	0.0177155764206	0.0120023030249	0.0121573143186	0.012511625847	0.181186057841	0.00480535010408	0.0134195491386	0.0134416936091	0.18240400372	0.281434075911	0.285685814252	0.226537933478	0.158155808495	0.178528721378	0.198968067674	0.2000752912	0.19504849639	0.194937774038	0.186545019709	0.177510075734	0.181473935958	0.287634527658	0.211856149519	0.212564772576	0.23041321582
158337416-stool2.freeze11.snv.filtered.bam	4.42889410514e-05	0.0	0.263430621374	0.2624341202	0.280636874972	0.271225474999	0.271734797821	0.267660215244	0.0124230479649	0.0124230479649	0.0126666371407	0.00522609504407	0.00518180610302	0.285929403428	0.283449222729	0.286261570486	0.284711457549	0.247508747066	0.221954028079	0.22157757208	0.00546968421985	0.00549182869038	0.269564639709	0.00522609504407	0.00529252845564	0.295185792108	0.292594889056	0.292993489526	0.188803755702	0.00409672704726	0.214292041277	0.212653350458	0.212343327871	0.195579963683	0.197351521325	0.217170822446	0.207161521768	0.194339873334	0.192524026751	0.179702378316	0.203994862483	0.272709154524	0.268656716418	0.0131538154923	0.0131538154923	0.0131316710217	0.00500465033881	0.00500465033881	0.191616103459	0.0176269985385	0.0174941317153	0.0118694362018	0.012046591966	0.0123787590239	0.180566012667	0.00469462775145	0.0133309712565	0.0133309712565	0.181739669604	0.280614730502	0.284844324372	0.225829310421	0.157491474379	0.178085831968	0.198436600381	0.199521679437	0.194450595686	0.194339873334	0.186057841357	0.177089330794	0.181163913371	0.286793037778	0.211280393286	0.212011160813	0.22954958147
158479027-stool1.freeze11.snv.filtered.bam	0.264028522078	0.263430621374	0.0	0.0	0.195956419682	0.212941228575	0.213317684574	0.210771070464	0.26580007972	0.259732494796	0.267305903716	0.26577793525	0.264759289605	0.199366668143	0.198325878028	0.192989060632	0.192302582045	0.127817883874	0.252446963993	0.25233624164	0.266110102307	0.266331547013	0.211966871872	0.265246467957	0.261194029851	0.223991319368	0.222197617255	0.222551928783	0.265091456663	0.26493644537	0.256233668453	0.254949289162	0.254550688693	0.257983081625	0.259865361619	0.234908543337	0.225541432304	0.270627574295	0.254506399752	0.264382833606	0.266242969131	0.191748970282	0.188936622525	0.268058815714	0.268080960184	0.268036671243	0.265999379955	0.266907303246	0.269011027946	0.267394481598	0.267195181363	0.257252314097	0.257628770096	0.266420124895	0.265002878781	0.266242969131	0.268125249125	0.266752291953	0.266375835954	0.189778112405	0.191859692635	0.20764870012	0.233203419106	0.242814119314	0.260861862793	0.261725497143	0.270671863236	0.270516851942	0.263917799725	0.253642765401	0.258448115506	0.193697683688	0.253000575756	0.253332742814	0.241618317906
158479027-stool2.freeze11.snv.filtered.bam	0.26285486514	0.2624341202	0.0	0.0	0.1958678418	0.212631205988	0.212985517516	0.21061605917	0.264759289605	0.258558837858	0.266176535719	0.264559989371	0.263563488197	0.199433101555	0.198370166969	0.192900482749	0.19250188228	0.127596439169	0.251206873644	0.251096151291	0.264870011958	0.265135745604	0.211546126932	0.264205677842	0.260374684441	0.223149829488	0.221422560787	0.221776872315	0.264227822313	0.263829221843	0.254882855751	0.253620620931	0.253244164932	0.257208025156	0.258979582798	0.234332787103	0.224899242659	0.269608928651	0.253642765401	0.263452765844	0.265423623721	0.191638247929	0.188892333584	0.266863014305	0.266907303246	0.266840869835	0.264825723017	0.265733646309	0.268036671243	0.26622082466	0.265999379955	0.255901501395	0.256410824217	0.265246467957	0.264050666549	0.265047167722	0.266951592187	0.265578635015	0.265490057133	0.189512378759	0.191616103459	0.207139377297	0.232494796049	0.242260507551	0.259754639267	0.260596129147	0.269542495239	0.269387483945	0.263054165375	0.252690553169	0.257828070331	0.193409805572	0.252491252934	0.252889853404	0.240555383321
158499257-stool1.freeze11.snv.filtered.bam	0.281411931441	0.280636874972	0.195956419682	0.1958678418	0.0	0.197262943443	0.19757296603	0.195114929802	0.280238274503	0.273727800168	0.28181053191	0.280171841091	0.279374640152	0.194162717569	0.192479737809	0.150604544045	0.150095221223	0.169626644227	0.258514548917	0.258293104212	0.280769741795	0.281035475442	0.200053146729	0.280393285797	0.27589795828	0.23293768546	0.230988972054	0.231387572523	0.272864165818	0.279640373799	0.267106603481	0.265733646309	0.265312901369	0.255458611985	0.256853713628	0.233291996988	0.224301341955	0.277669515922	0.258359537623	0.272997032641	0.269121750299	0.0172062535985	0.183134771248	0.282386288144	0.282386288144	0.282364143673	0.280282563444	0.281212631206	0.276407281102	0.282851322025	0.282674166261	0.270893307941	0.271867664644	0.280791886266	0.274990034988	0.280592586031	0.282519154967	0.281146197794	0.274879312636	0.0277248770982	0.0282563443908	0.186744319943	0.239780326852	0.253266309403	0.259998228442	0.260884007263	0.272000531467	0.271889809115	0.276894459453	0.265955091014	0.270959741353	0.028854245095	0.2582266708	0.258780282563	0.246268656716
158802708-stool1.freeze11.snv.filtered.bam	0.271845520174	0.271225474999	0.212941228575	0.212631205988	0.197262943443	0.0	0.0	0.0	0.271026174764	0.264715000664	0.272576287701	0.270538996413	0.270096107002	0.161566056956	0.160126666371	0.182780459719	0.182160414544	0.185592807476	0.250763984233	0.250476106116	0.271314052881	0.271601930998	0.102528898534	0.270361840648	0.266043668896	0.242304796492	0.240378227557	0.240798972497	0.261216174321	0.269918951238	0.255502900926	0.254307099517	0.253974932459	0.258381682094	0.260418973382	0.238518092032	0.228995969706	0.266663714071	0.256499402099	0.263076309845	0.267970237832	0.191394658754	0.152176801453	0.273174188405	0.273174188405	0.273152043935	0.270738296647	0.271601930998	0.264670711723	0.272199831702	0.272066964879	0.261769786084	0.26283272067	0.271469064175	0.264404978077	0.270959741353	0.273129899464	0.271934098056	0.265069312193	0.194406306745	0.196775765091	0.201248948138	0.230479649232	0.242481952257	0.250387528234	0.251295451526	0.268147393596	0.268058815714	0.264582133841	0.254329243988	0.258846715975	0.198436600381	0.248239514593	0.248638115063	0.245493600248
158802708-stool2.freeze11.snv.filtered.bam	0.272354842996	0.271734797821	0.213317684574	0.212985517516	0.19757296603	0.0	0.0	0.0	0.271535497586	0.265180034545	0.273063466053	0.271048319235	0.270605429824	0.161721068249	0.160281677665	0.182935471013	0.182315425838	0.185924974534	0.251295451526	0.251007573409	0.271867664644	0.272177687231	0.102595331946	0.270893307941	0.266508702777	0.242703396962	0.240754683556	0.241153284025	0.261791930555	0.27042827406	0.256034368218	0.254882855751	0.254506399752	0.258868860446	0.260972585145	0.239027414855	0.229461003587	0.267283759245	0.257030869392	0.26369635502	0.268479560654	0.191771114753	0.152376101687	0.273683511227	0.273683511227	0.273661366757	0.271247619469	0.27213339829	0.265290756898	0.272753443465	0.272598432171	0.262234819965	0.263342043492	0.271956242526	0.265047167722	0.271491208645	0.273639222286	0.272465565348	0.265689357367	0.194694184862	0.197041498738	0.201581115196	0.230988972054	0.242924841667	0.250941139997	0.251826918818	0.2687452943	0.268656716418	0.265157890075	0.254905000221	0.259422472209	0.198724478498	0.248770981886	0.249191726826	0.246025067541
158802708-stool3.freeze11.snv.filtered.bam	0.268258115948	0.267660215244	0.210771070464	0.21061605917	0.195114929802	0.0	0.0	0.0	0.267527348421	0.261194029851	0.269033172417	0.266995881128	0.266530847247	0.160259533195	0.158842287081	0.180986757607	0.180521723726	0.183821249834	0.247575180477	0.247331591302	0.267793082067	0.268058815714	0.101377386067	0.266796580894	0.262633420435	0.239713893441	0.237765180035	0.238185924975	0.25780592586	0.266375835954	0.252624119757	0.251450462819	0.25107400682	0.255237167279	0.257230169627	0.235218565924	0.225740732539	0.26325346561	0.253709198813	0.259422472209	0.265002878781	0.189091633819	0.150958855574	0.269631073121	0.269631073121	0.269608928651	0.267173036893	0.268036671243	0.261238318792	0.268678860888	0.268545994065	0.258381682094	0.259356038797	0.267925948891	0.260662562558	0.267372337127	0.26958678418	0.268390982772	0.261415474556	0.192369015457	0.194694184862	0.198658045086	0.227423712299	0.239492448736	0.247220868949	0.24810664777	0.264781434076	0.264692856194	0.261238318792	0.251118295762	0.255569334337	0.196377164622	0.245250011072	0.245670756012	0.24219407414
158944319-stool2.freeze11.snv.filtered.bam	0.0125559147881	0.0124230479649	0.26580007972	0.264759289605	0.280238274503	0.271026174764	0.271535497586	0.267527348421	0.0	0.00104079011471	0.00106293458523	0.00972142256079	0.00954426679658	0.285397936135	0.282984188848	0.286084414722	0.284534301785	0.24726515789	0.220625359848	0.220248903849	0.0100314451481	0.0100093006776	0.268767438771	0.00985428938394	0.00985428938394	0.294344302228	0.291753399176	0.292151999646	0.189689534523	0.00817130962399	0.214137029984	0.212520483635	0.212232605518	0.194406306745	0.196089286505	0.216595066212	0.206652198946	0.1937641171	0.192147570752	0.179170911024	0.203574117543	0.272244120643	0.268390982772	0.0015501129368	0.00159440187785	0.0015501129368	0.00943354444395	0.00952212232606	0.192457593339	0.0222330484078	0.0221223260552	0.000664334115771	0.000708623056823	0.000885778821028	0.179702378316	0.00914566632712	0.00168297975995	0.00168297975995	0.181163913371	0.280415430267	0.284689313079	0.225009965012	0.156494973205	0.177642942557	0.197329376855	0.19839231144	0.195535674742	0.195424952389	0.186810753355	0.177952965145	0.18196111431	0.286615882014	0.210106736348	0.210748925993	0.228508791355
159207311-stool1.freeze11.snv.filtered.bam	0.0125559147881	0.0124230479649	0.259732494796	0.258558837858	0.273727800168	0.264715000664	0.265180034545	0.261194029851	0.00104079011471	0.0	0.0	0.00967713361974	0.00952212232606	0.278134549803	0.275787235927	0.279219628859	0.277713804863	0.242747685903	0.214912086452	0.214579919394	0.0099871562071	0.0100314451481	0.262124097613	0.00985428938394	0.00989857832499	0.287435227424	0.284910757784	0.285265069312	0.184751317596	0.00814916515346	0.208689490234	0.207095088356	0.206851499181	0.189180211701	0.19081890252	0.211236104345	0.202223304841	0.188405155233	0.187740821117	0.173656937863	0.198348022499	0.265866513132	0.262367686789	0.00168297975995	0.00168297975995	0.00166083528943	0.00936711103238	0.00954426679658	0.187231498295	0.021989459232	0.0218787368794	0.000996501173657	0.000974356703131	0.00104079011471	0.174077682803	0.00918995526817	0.00201514681784	0.00201514681784	0.175561362328	0.273860666991	0.278068116391	0.21947384738	0.152176801453	0.173479782098	0.192147570752	0.193188360866	0.190198857345	0.190088134993	0.181473935958	0.173856238097	0.17691217503	0.279906107445	0.204814207892	0.205456397538	0.222861951371
159207311-stool2.freeze11.snv.filtered.bam	0.0128216484344	0.0126666371407	0.267305903716	0.266176535719	0.28181053191	0.272576287701	0.273063466053	0.269033172417	0.00106293458523	0.0	0.0	0.00994286726604	0.00978785597236	0.286970193543	0.284534301785	0.287855972364	0.286172992604	0.248305948005	0.221843305727	0.221511138669	0.0102528898534	0.0102528898534	0.270361840648	0.0100093006776	0.0100535896187	0.295982993047	0.293392089995	0.293790690465	0.190641746756	0.00834846538819	0.215399264804	0.213760573985	0.213472695868	0.195712830506	0.197440099207	0.217901589973	0.207781566943	0.194782762744	0.193321227689	0.18030027902	0.204947074715	0.273705655698	0.269741795474	0.00174941317153	0.00174941317153	0.00172726870101	0.00961070020816	0.00974356703131	0.193498383454	0.0225873599362	0.0224766375836	0.00104079011471	0.00101864564418	0.00104079011471	0.180986757607	0.00941139997343	0.00190442446521	0.00190442446521	0.182337570309	0.281987687674	0.286239426015	0.226582222419	0.157580052261	0.178728021613	0.198724478498	0.199809557553	0.196886487444	0.196775765091	0.188139421586	0.1790380442	0.183134771248	0.288188139422	0.211391115638	0.212055449754	0.229859604057
159227541-stool2.freeze11.snv.filtered.bam	0.00538110633775	0.00522609504407	0.26577793525	0.264559989371	0.280171841091	0.270538996413	0.271048319235	0.266995881128	0.00972142256079	0.00967713361974	0.00994286726604	0.0	0.0	0.285198635901	0.282740599672	0.286106559192	0.284423579432	0.247065857655	0.221245405022	0.220868949023	0.00292307010939	0.00287878116834	0.268523849595	0.00274591434519	0.00287878116834	0.29445502458	0.291864121529	0.292262721998	0.187718676646	0.00137295717259	0.213295540104	0.211612560344	0.211324682227	0.194406306745	0.196200008858	0.217259400328	0.207117232827	0.193232649807	0.191062491696	0.178307276673	0.202577616369	0.272221976173	0.268103104655	0.0104521900881	0.0104521900881	0.0104300456176	0.00234731387573	0.00230302493467	0.190575313344	0.0150139510164	0.0149253731343	0.00932282209132	0.00936711103238	0.00969927809026	0.179082333141	0.00197085787679	0.0105407679702	0.0105629124408	0.18030027902	0.280260418973	0.284490012844	0.225319987599	0.155897072501	0.17735506444	0.197750121795	0.198857345321	0.194007706276	0.193896983923	0.185216351477	0.176269985385	0.180255990079	0.286460870721	0.210483192347	0.211213959874	0.228995969706
159227541-stool3.freeze11.snv.filtered.bam	0.0053368173967	0.00518180610302	0.264759289605	0.263563488197	0.279374640152	0.270096107002	0.270605429824	0.266530847247	0.00954426679658	0.00952212232606	0.00978785597236	0.0	0.0	0.284490012844	0.282098410027	0.285220780371	0.283559945082	0.24642366801	0.220558926436	0.220204614908	0.00285663669782	0.00281234775677	0.267815226538	0.00263519199256	0.00279020328624	0.293547101289	0.290956198237	0.291354798707	0.186655742061	0.00132866823154	0.212564772576	0.210926081757	0.210638203641	0.193631250277	0.195402807919	0.21650648833	0.206320031888	0.192214004163	0.190708180167	0.177510075734	0.20220116037	0.271358341822	0.267394481598	0.0102971787945	0.0102971787945	0.0102750343239	0.00230302493467	0.00225873599362	0.189578812171	0.015080384428	0.0149696620754	0.00916781079764	0.0092120997387	0.00956641126711	0.178285132202	0.00194871340626	0.0104743345587	0.0104964790292	0.179503078081	0.279463218034	0.283670667434	0.224633509013	0.155365605208	0.176890030559	0.197063643208	0.198126577794	0.193232649807	0.193121927455	0.184308428185	0.175428495505	0.179303777847	0.285641525311	0.20975242482	0.210505336817	0.228464502414
159268001-stool1.freeze11.snv.filtered.bam	0.286527304132	0.285929403428	0.199366668143	0.199433101555	0.194162717569	0.161566056956	0.161721068249	0.160259533195	0.285397936135	0.278134549803	0.286970193543	0.285198635901	0.284490012844	0.0	0.0	0.157712919084	0.157181451791	0.172771159042	0.261836219496	0.26159263032	0.285951547898	0.286084414722	0.160724567076	0.284999335666	0.280149696621	0.229084547588	0.227312989946	0.227689445945	0.277935249568	0.284866468843	0.271203330528	0.269918951238	0.269631073121	0.268501705124	0.270273262766	0.245382877895	0.235949333451	0.283205633553	0.266575136188	0.278754594978	0.278400283449	0.183068337836	0.000686478586297	0.287501660835	0.287523805306	0.287457371894	0.285707958723	0.286483015191	0.281544798264	0.286549448603	0.286394437309	0.275565791222	0.277115904159	0.285973692369	0.279928251915	0.285707958723	0.287723105541	0.286460870721	0.280814030737	0.185415651712	0.187607954294	0.205766420125	0.248438814828	0.254993578104	0.26619868019	0.267018025599	0.284113556845	0.284024978963	0.283094911201	0.271867664644	0.276650870278	0.189246645113	0.251229018114	0.251671907525	0.254307099517
159268001-stool2.freeze11.snv.filtered.bam	0.284047123433	0.283449222729	0.198325878028	0.198370166969	0.192479737809	0.160126666371	0.160281677665	0.158842287081	0.282984188848	0.275787235927	0.284534301785	0.282740599672	0.282098410027	0.0	0.0	0.156229239559	0.155786350148	0.171973958103	0.259688205855	0.259444616679	0.2834713672	0.283604234023	0.159174454139	0.282563443908	0.277890960627	0.227556579122	0.225807165951	0.22618362195	0.275720802516	0.282408432614	0.268944594535	0.267660215244	0.267372337127	0.266530847247	0.268235971478	0.243345586607	0.234067053457	0.280924753089	0.264493555959	0.27634084769	0.276207980867	0.181341069135	0.000642189645246	0.285087913548	0.285087913548	0.285021480136	0.283249922494	0.284024978963	0.279241773329	0.284069267904	0.28389211214	0.273351344169	0.274768590283	0.283582089552	0.27760308251	0.283249922494	0.285287213783	0.284047123433	0.278400283449	0.183821249834	0.186013552416	0.203640550954	0.246711546127	0.252956286815	0.264183533372	0.265002878781	0.281899109792	0.28181053191	0.280858319678	0.269896806767	0.274967890518	0.187674387705	0.249213871296	0.249634616236	0.252092652465
159551223-stool1.freeze11.snv.filtered.bam	0.286992338013	0.286261570486	0.192989060632	0.192900482749	0.150604544045	0.182780459719	0.182935471013	0.180986757607	0.286084414722	0.279219628859	0.287855972364	0.286106559192	0.285220780371	0.157712919084	0.156229239559	0.0	0.0	0.164201248948	0.25820452633	0.257983081625	0.28683732672	0.286992338013	0.181274635723	0.285641525311	0.28094689756	0.225098542894	0.223371274193	0.223725585721	0.279374640152	0.285619380841	0.27255414323	0.27126976394	0.271070463705	0.266840869835	0.268390982772	0.233269852518	0.224345630896	0.283117055671	0.264692856194	0.28223127685	0.275765091457	0.145754905	0.148545108286	0.288431728597	0.288431728597	0.288365295186	0.28641658178	0.28728021613	0.282497010496	0.288232428363	0.288055272598	0.276960892865	0.27842242792	0.286815182249	0.28391425661	0.286483015191	0.288608884362	0.287413082953	0.28431285708	0.142411089951	0.143584746889	0.183356215953	0.248328092475	0.259931795031	0.269188183711	0.269985384649	0.284667168608	0.284534301785	0.28391425661	0.272664865583	0.278311705567	0.145223437708	0.257429469861	0.258005226095	0.242769830373
159551223-stool2.freeze11.snv.filtered.bam	0.285353647194	0.284711457549	0.192302582045	0.19250188228	0.150095221223	0.182160414544	0.182315425838	0.180521723726	0.284534301785	0.277713804863	0.286172992604	0.284423579432	0.283559945082	0.157181451791	0.155786350148	0.0	0.0	0.163691926126	0.256787280216	0.256587979981	0.28515434696	0.285309358253	0.180588157137	0.284024978963	0.279529651446	0.224301341955	0.222640506665	0.222994818194	0.277824527216	0.283936401081	0.271092608176	0.269808228885	0.269608928651	0.265622923956	0.267084459011	0.232140484521	0.22326055184	0.281522653793	0.263607777138	0.28054829709	0.274547145578	0.145289871119	0.148146507817	0.286704459896	0.286704459896	0.286660170955	0.28473360202	0.285619380841	0.280880464148	0.286505159662	0.286328003897	0.275322202046	0.276717303689	0.285132202489	0.282120554498	0.284822179902	0.286881615661	0.285685814252	0.282563443908	0.142123211834	0.143296868772	0.18238185925	0.246733690597	0.258735993622	0.267571637362	0.268368838301	0.283227778024	0.28307276673	0.282297710262	0.271181186058	0.276872314983	0.144935559591	0.256255812924	0.256831569157	0.241574028965
159611913-stool2.freeze11.snv.filtered.bam	0.248128792241	0.247508747066	0.127817883874	0.127596439169	0.169626644227	0.185592807476	0.185924974534	0.183821249834	0.24726515789	0.242747685903	0.248305948005	0.247065857655	0.24642366801	0.172771159042	0.171973958103	0.164201248948	0.163691926126	0.0	0.230191771115	0.230014615351	0.247641613889	0.247929492006	0.184397006068	0.247220868949	0.24305770849	0.188493733115	0.187098631472	0.187497231941	0.241330439789	0.246711546127	0.227689445945	0.226670800301	0.226338633243	0.230811816289	0.231830461934	0.206253598476	0.199344523672	0.242880552726	0.22954958147	0.23927100403	0.239337437442	0.163935515302	0.164223393419	0.248970282121	0.248992426591	0.24892599318	0.247353735772	0.248195225652	0.244054209664	0.249634616236	0.249280304708	0.23924885956	0.239536737677	0.247641613889	0.238296647327	0.247420169184	0.24894813765	0.247818769653	0.240909694849	0.164090526596	0.165773506355	0.188117277116	0.20893307941	0.219562425262	0.232140484521	0.232981974401	0.243412020019	0.243301297666	0.241972629434	0.23251694052	0.234554231808	0.166747863059	0.226515789007	0.226980822889	0.22029319279
159814214-stool1.freeze11.snv.filtered.bam	0.222773373489	0.221954028079	0.252446963993	0.251206873644	0.258514548917	0.250763984233	0.251295451526	0.247575180477	0.220625359848	0.214912086452	0.221843305727	0.221245405022	0.220558926436	0.261836219496	0.259688205855	0.25820452633	0.256787280216	0.230191771115	0.0	0.0	0.222374773019	0.222751229018	0.245604322601	0.221356127375	0.217480845033	0.276938748395	0.274547145578	0.275034323929	0.214557774924	0.220935382435	0.225718588069	0.224389919837	0.224013463838	0.20725009965	0.208977368351	0.146751406174	0.140418087604	0.216661499624	0.219584569733	0.213915585278	0.230900394172	0.251605474113	0.246512245892	0.222551928783	0.222574073254	0.222529784313	0.221511138669	0.222219761725	0.217879445502	0.225319987599	0.225164976305	0.212564772576	0.213428406927	0.220758226671	0.214624208335	0.221621861021	0.222574073254	0.221378271846	0.215908587626	0.255967934807	0.259710350326	0.211501837991	0.188006554763	0.187740821117	0.21821161256	0.219230258205	0.22241906196	0.222264050667	0.216971522211	0.207803711413	0.212409761283	0.261791930555	0.217215111387	0.217835156561	0.12214889942
159814214-stool2.freeze11.snv.filtered.bam	0.22239691749	0.22157757208	0.25233624164	0.251096151291	0.258293104212	0.250476106116	0.251007573409	0.247331591302	0.220248903849	0.214579919394	0.221511138669	0.220868949023	0.220204614908	0.26159263032	0.259444616679	0.257983081625	0.256587979981	0.230014615351	0.0	0.0	0.22199831702	0.222374773019	0.245338588954	0.221001815847	0.217170822446	0.276562292396	0.27421497852	0.274746445812	0.214181318925	0.220558926436	0.225452854422	0.224124186191	0.223769874662	0.206940077063	0.208623056823	0.146529961469	0.140196642898	0.216240754684	0.219208113734	0.213428406927	0.230501793702	0.251428318349	0.246290801187	0.222219761725	0.222241906196	0.222197617255	0.22113468267	0.221843305727	0.217480845033	0.22492138713	0.224744231365	0.212232605518	0.213096239869	0.220426059613	0.214114885513	0.221245405022	0.222241906196	0.221046104788	0.215421409274	0.255768634572	0.259511050091	0.211280393286	0.187541520882	0.187408654059	0.217857301032	0.218875946676	0.222109039373	0.221954028079	0.216683644094	0.207471544355	0.212077594225	0.26157048585	0.216905088799	0.217525133974	0.121927454715
160158126-stool1.freeze11.snv.filtered.bam	0.00564683998406	0.00546968421985	0.266110102307	0.264870011958	0.280769741795	0.271314052881	0.271867664644	0.267793082067	0.0100314451481	0.0099871562071	0.0102528898534	0.00292307010939	0.00285663669782	0.285951547898	0.2834713672	0.28683732672	0.28515434696	0.247641613889	0.222374773019	0.22199831702	0.0	0.0	0.269276761593	0.00287878116834	0.00303379246202	0.294897913991	0.29232915541	0.292727755879	0.188139421586	0.00168297975995	0.213937729749	0.21229903893	0.212011160813	0.195004207449	0.196864342974	0.217945878914	0.207870144825	0.193631250277	0.191505381106	0.179148766553	0.20304265025	0.272709154524	0.268723149829	0.0107622126755	0.010740068205	0.010740068205	0.00254661411046	0.00261304752203	0.190973913814	0.0154125514859	0.0153018291333	0.00958855573763	0.00972142256079	0.00992072279552	0.179923823021	0.00228088046415	0.0108950794986	0.0109172239692	0.1811417689	0.280791886266	0.285043624607	0.22576287701	0.156672128969	0.178019398556	0.198724478498	0.199809557553	0.194716329333	0.19460560698	0.185614951946	0.176557863501	0.180543868196	0.287036626954	0.210992515169	0.211701138226	0.22954958147
160158126-stool2.freeze11.snv.filtered.bam	0.00562469551353	0.00549182869038	0.266331547013	0.265135745604	0.281035475442	0.271601930998	0.272177687231	0.268058815714	0.0100093006776	0.0100314451481	0.0102528898534	0.00287878116834	0.00281234775677	0.286084414722	0.283604234023	0.286992338013	0.285309358253	0.247929492006	0.222751229018	0.222374773019	0.0	0.0	0.269476061827	0.00285663669782	0.00303379246202	0.29529651446	0.292705611409	0.293104211878	0.188582310997	0.00168297975995	0.214225607866	0.212586917047	0.21229903893	0.195269941096	0.197107932149	0.218255901501	0.208135878471	0.194096284158	0.191881837105	0.179658089375	0.20344125072	0.2729527437	0.268833872182	0.010740068205	0.010740068205	0.0107179237344	0.00256875858098	0.00261304752203	0.191416803224	0.0154346959564	0.0153461180743	0.00963284467868	0.00972142256079	0.0099871562071	0.180499579255	0.00225873599362	0.0108729350281	0.0108950794986	0.181651091722	0.281146197794	0.285375791665	0.226072899597	0.157092873909	0.178262987732	0.198879489791	0.199986713318	0.194959918508	0.194849196156	0.185991407945	0.1769343195	0.180942468666	0.287324505071	0.211324682227	0.212033305284	0.229903892998
160178356-stool3.freeze11.snv.filtered.bam	0.270162540414	0.269564639709	0.211966871872	0.211546126932	0.200053146729	0.102528898534	0.102595331946	0.101377386067	0.268767438771	0.262124097613	0.270361840648	0.268523849595	0.267815226538	0.160724567076	0.159174454139	0.181274635723	0.180588157137	0.184397006068	0.245604322601	0.245338588954	0.269276761593	0.269476061827	0.0	0.268656716418	0.264161388901	0.241485451083	0.239780326852	0.240201071792	0.263408476903	0.268080960184	0.257053013862	0.25568005669	0.255502900926	0.247553036007	0.249058860003	0.23293768546	0.223725585721	0.269011027946	0.254284955047	0.263873510784	0.26577793525	0.192767615926	0.151069577926	0.271048319235	0.271048319235	0.271026174764	0.268590283006	0.269564639709	0.266863014305	0.272664865583	0.27255414323	0.259599627973	0.260507551264	0.269276761593	0.264781434076	0.268811727712	0.271092608176	0.269675362062	0.265844368661	0.193896983923	0.196044997564	0.194140573099	0.232649807343	0.240356083086	0.257518047743	0.258403826565	0.25946676115	0.259356038797	0.268922450064	0.258027370566	0.261504052438	0.197661543912	0.243677753665	0.244164932016	0.234864254396
160319967-stool1.freeze11.snv.filtered.bam	0.00538110633775	0.00522609504407	0.265246467957	0.264205677842	0.280393285797	0.270361840648	0.270893307941	0.266796580894	0.00985428938394	0.00985428938394	0.0100093006776	0.00274591434519	0.00263519199256	0.284999335666	0.282563443908	0.285641525311	0.284024978963	0.247220868949	0.221356127375	0.221001815847	0.00287878116834	0.00285663669782	0.268656716418	0.0	0.0	0.294587891404	0.291974843881	0.292373444351	0.187342220648	0.0014615350547	0.213029806457	0.211368971168	0.211125381992	0.194339873334	0.196200008858	0.217082244564	0.207117232827	0.192966916161	0.190553168874	0.178130120909	0.201979715665	0.272266265114	0.267859515479	0.0106293458523	0.0106072013818	0.0105850569113	0.00239160281678	0.0024137472873	0.190309579698	0.0150139510164	0.0149475176049	0.0093006776208	0.00934496656185	0.00974356703131	0.178949466318	0.00217015811152	0.0107179237344	0.010740068205	0.180145267727	0.280348996855	0.284578590726	0.225187120776	0.156029939324	0.177244342088	0.19799371097	0.199100934497	0.194229150981	0.194118428628	0.184839895478	0.175893529386	0.179901678551	0.286505159662	0.210638203641	0.211391115638	0.228973825236
160319967-stool3.freeze11.snv.filtered.bam	0.0054253952788	0.00529252845564	0.261194029851	0.260374684441	0.27589795828	0.266043668896	0.266508702777	0.262633420435	0.00985428938394	0.00989857832499	0.0100535896187	0.00287878116834	0.00279020328624	0.280149696621	0.277890960627	0.28094689756	0.279529651446	0.24305770849	0.217480845033	0.217170822446	0.00303379246202	0.00303379246202	0.264161388901	0.0	0.0	0.290026130475	0.287568094247	0.287900261305	0.183688383011	0.00168297975995	0.209176668586	0.207515833296	0.207205810709	0.190265290757	0.192103281811	0.213096239869	0.203241950485	0.18911377829	0.187120775942	0.172837592453	0.198303733558	0.267638070774	0.263364187962	0.0106293458523	0.0106072013818	0.0105850569113	0.00259090305151	0.00267948093361	0.186456441826	0.0149253731343	0.0148810841933	0.00932282209132	0.00941139997343	0.00983214491342	0.173501926569	0.00225873599362	0.0108286460871	0.0108507905576	0.17480845033	0.275809380398	0.280038974268	0.221356127375	0.152663979804	0.173479782098	0.194007706276	0.195070640861	0.189933123699	0.189800256876	0.181008902077	0.172195402808	0.176358563267	0.281943398733	0.206098587183	0.206851499181	0.225386421011
160380657-stool1.freeze11.snv.filtered.bam	0.295894415165	0.295185792108	0.223991319368	0.223149829488	0.23293768546	0.242304796492	0.242703396962	0.239713893441	0.294344302228	0.287435227424	0.295982993047	0.29445502458	0.293547101289	0.229084547588	0.227556579122	0.225098542894	0.224301341955	0.188493733115	0.276938748395	0.276562292396	0.294897913991	0.29529651446	0.241485451083	0.294587891404	0.290026130475	0.0	0.0	0.0	0.28599583684	0.29401213517	0.284645024137	0.283537800611	0.283338500376	0.279175339918	0.281013330971	0.262566987023	0.252491252934	0.291199787413	0.276717303689	0.287612383188	0.288786040126	0.226360777714	0.217502989504	0.296647327162	0.296669471633	0.296625182692	0.294565746933	0.295495814695	0.289561096594	0.295982993047	0.295805837282	0.285065769077	0.285265069312	0.295008636344	0.288453873068	0.294765047168	0.296713760574	0.295141503167	0.289671818947	0.225187120776	0.227623012534	0.236392222862	0.253642765401	0.26327561008	0.281544798264	0.282452721555	0.292528455645	0.292417733292	0.291775543647	0.281146197794	0.285818681075	0.229903892998	0.274414278755	0.274901457106	0.27042827406
160380657-stool2.freeze11.snv.filtered.bam	0.293303512113	0.292594889056	0.222197617255	0.221422560787	0.230988972054	0.240378227557	0.240754683556	0.237765180035	0.291753399176	0.284910757784	0.293392089995	0.291864121529	0.290956198237	0.227312989946	0.225807165951	0.223371274193	0.222640506665	0.187098631472	0.274547145578	0.27421497852	0.29232915541	0.292705611409	0.239780326852	0.291974843881	0.287568094247	0.0	0.0	0.0	0.283360644847	0.291421232118	0.282341999203	0.281234775677	0.281035475442	0.276872314983	0.278688161566	0.260286106559	0.25021037247	0.288586739891	0.274192834049	0.284689313079	0.286239426015	0.224367775366	0.215775720803	0.29401213517	0.29403427964	0.293989990699	0.291974843881	0.292904911644	0.286948049072	0.293436378936	0.293259223172	0.28262987732	0.282718455202	0.292395588821	0.285619380841	0.292196288587	0.294122857522	0.292550600115	0.286793037778	0.223282696311	0.225696443598	0.234443509456	0.251339740467	0.260928296204	0.279197484388	0.28010540768	0.29022543071	0.290114708357	0.289251074007	0.278710306037	0.283427078259	0.227977324062	0.272221976173	0.272687010054	0.268147393596
160380657-stool3.freeze11.snv.filtered.bam	0.293702112582	0.292993489526	0.222551928783	0.221776872315	0.231387572523	0.240798972497	0.241153284025	0.238185924975	0.292151999646	0.285265069312	0.293790690465	0.292262721998	0.291354798707	0.227689445945	0.22618362195	0.223725585721	0.222994818194	0.187497231941	0.275034323929	0.274746445812	0.292727755879	0.293104211878	0.240201071792	0.292373444351	0.287900261305	0.0	0.0	0.0	0.283803534257	0.291819832588	0.282917755436	0.28181053191	0.281611231675	0.277226626511	0.279064617565	0.260795429381	0.250719695292	0.289029629302	0.274702156871	0.28517649143	0.286748748837	0.224788520306	0.216130032331	0.294410735639	0.29443288011	0.294388591169	0.292373444351	0.293303512113	0.287390938483	0.293834979406	0.293657823641	0.282962044378	0.283094911201	0.292816333761	0.286106559192	0.292594889056	0.294521457992	0.292949200585	0.287302360601	0.22368129678	0.226095044067	0.234775676514	0.251694051995	0.261393330085	0.279551795917	0.280459719208	0.29064617565	0.290535453297	0.289605385535	0.279086762036	0.283781389787	0.228375924532	0.272509854289	0.27297488817	0.268612427477
160582958-stool1.freeze11.snv.filtered.bam	0.189335222995	0.188803755702	0.265091456663	0.264227822313	0.272864165818	0.261216174321	0.261791930555	0.25780592586	0.189689534523	0.184751317596	0.190641746756	0.187718676646	0.186655742061	0.277935249568	0.275720802516	0.279374640152	0.277824527216	0.241330439789	0.214557774924	0.214181318925	0.188139421586	0.188582310997	0.263408476903	0.187342220648	0.183688383011	0.28599583684	0.283360644847	0.283803534257	0.0	0.187342220648	0.20178041543	0.200230302493	0.199920279906	0.182780459719	0.18448558395	0.218300190442	0.208135878471	0.0055139731609	0.184330572656	0.163935515302	0.195137074273	0.266420124895	0.260972585145	0.191173214048	0.191173214048	0.191151069578	0.187740821117	0.18871517782	0.00108507905576	0.1853492183	0.185238495948	0.182005403251	0.182271136897	0.189755967935	0.16513131671	0.188050843704	0.191416803224	0.190065990522	0.165662784003	0.27379423358	0.277558793569	0.214447052571	0.154612693211	0.16426768236	0.189623101112	0.190619602285	0.168674431994	0.168519420701	0.185792107711	0.178085831968	0.181518224899	0.279662518269	0.185659240888	0.186234997121	0.221887594668
160603188-stool1.freeze11.snv.filtered.bam	0.00422959387041	0.00409672704726	0.26493644537	0.263829221843	0.279640373799	0.269918951238	0.27042827406	0.266375835954	0.00817130962399	0.00814916515346	0.00834846538819	0.00137295717259	0.00132866823154	0.284866468843	0.282408432614	0.285619380841	0.283936401081	0.246711546127	0.220935382435	0.220558926436	0.00168297975995	0.00168297975995	0.268080960184	0.0014615350547	0.00168297975995	0.29401213517	0.291421232118	0.291819832588	0.187342220648	0.0	0.212542628106	0.210903937287	0.21061605917	0.193985561805	0.195779263918	0.216816510917	0.206740776828	0.192966916161	0.190730324638	0.178152265379	0.20220116037	0.27169050888	0.267726648656	0.00890207715134	0.00890207715134	0.00887993268081	0.00115151246734	0.00119580140839	0.190331724168	0.0139288719607	0.013818149608	0.007750564684	0.0078391425661	0.00810487621241	0.178949466318	0.000797200938926	0.00905708844502	0.00907923291554	0.180167412197	0.279795385092	0.284047123433	0.224722086895	0.155653483325	0.176735019266	0.197285087914	0.19841445591	0.193542672395	0.193431950042	0.184153416892	0.175207050799	0.179281633376	0.285973692369	0.210217458701	0.210926081757	0.228508791355
550534656-stool1.freeze11.snv.filtered.bam	0.214867797511	0.214292041277	0.256233668453	0.254882855751	0.267106603481	0.255502900926	0.256034368218	0.252624119757	0.214137029984	0.208689490234	0.215399264804	0.213295540104	0.212564772576	0.271203330528	0.268944594535	0.27255414323	0.271092608176	0.227689445945	0.225718588069	0.225452854422	0.213937729749	0.214225607866	0.257053013862	0.213029806457	0.209176668586	0.284645024137	0.282341999203	0.282917755436	0.20178041543	0.212542628106	0.0	0.0	0.0	0.208445901059	0.210328181053	0.225940032774	0.215908587626	0.207360822003	0.157314318615	0.200451747199	0.16595066212	0.261614774791	0.255192878338	0.216019309978	0.216041454449	0.215997165508	0.213051950928	0.214026307631	0.20470348554	0.21440276363	0.214225607866	0.206652198946	0.207515833296	0.214269896807	0.201691837548	0.213539129279	0.215997165508	0.214867797511	0.20220116037	0.270538996413	0.274325700872	0.220160325967	0.1790380442	0.168940165641	0.212985517516	0.213804862926	0.20346339519	0.203352672838	0.206142876124	0.197816555206	0.202090438018	0.276495858984	0.216971522211	0.21779086762	0.226272199832
