	158337416-stool1.freeze11.snv.filtered.bam	158337416-stool2.freeze11.snv.filtered.bam	158479027-stool1.freeze11.snv.filtered.bam	158499257-stool1.freeze11.snv.filtered.bam	158499257-stool2.freeze11.snv.filtered.bam	158802708-stool1.freeze11.snv.filtered.bam	158802708-stool2.freeze11.snv.filtered.bam	158802708-stool3.freeze11.snv.filtered.bam	158883629-stool3.freeze11.snv.filtered.bam	158944319-stool3.freeze11.snv.filtered.bam	159207311-stool2.freeze11.snv.filtered.bam	159207311-stool3.freeze11.snv.filtered.bam	159369152-stool2.freeze11.snv.filtered.bam	159490532-stool2.freeze11.snv.filtered.bam	159551223-stool1.freeze11.snv.filtered.bam	159571453-stool1.freeze11.snv.filtered.bam	159571453-stool2.freeze11.snv.filtered.bam	159753524-stool2.freeze11.snv.filtered.bam	159753524-stool3.freeze11.snv.filtered.bam	159814214-stool1.freeze11.snv.filtered.bam	159814214-stool2.freeze11.snv.filtered.bam	160158126-stool2.freeze11.snv.filtered.bam	160178356-stool2.freeze11.snv.filtered.bam	160380657-stool1.freeze11.snv.filtered.bam	160380657-stool3.freeze11.snv.filtered.bam	160582958-stool1.freeze11.snv.filtered.bam	160582958-stool2.freeze11.snv.filtered.bam	160582958-stool3.freeze11.snv.filtered.bam	338793263-stool1.freeze11.snv.filtered.bam	338793263-stool2.freeze11.snv.filtered.bam	675950834-stool1.freeze11.snv.filtered.bam	675950834-stool2.freeze11.snv.filtered.bam	686765762-stool1.freeze11.snv.filtered.bam	686765762-stool2.freeze11.snv.filtered.bam	686765762-stool3.freeze11.snv.filtered.bam	763536994-stool1.freeze11.snv.filtered.bam	763536994-stool2.freeze11.snv.filtered.bam	763577454-stool1.freeze11.snv.filtered.bam	763577454-stool2.freeze11.snv.filtered.bam	763678604-stool1.freeze11.snv.filtered.bam	763678604-stool2.freeze11.snv.filtered.bam	763759525-stool1.freeze11.snv.filtered.bam	763759525-stool2.freeze11.snv.filtered.bam	763820215-stool1.freeze11.snv.filtered.bam	763820215-stool2.freeze11.snv.filtered.bam	763820215-stool3.freeze11.snv.filtered.bam	763982056-stool1.freeze11.snv.filtered.bam	763982056-stool2.freeze11.snv.filtered.bam	763982056-stool3.freeze11.snv.filtered.bam	764042746-stool1.freeze11.snv.filtered.bam	764042746-stool2.freeze11.snv.filtered.bam	764062976-stool2.freeze11.snv.filtered.bam	764143897-stool1.freeze11.snv.filtered.bam	764143897-stool2.freeze11.snv.filtered.bam	764305738-stool1.freeze11.snv.filtered.bam	764305738-stool2.freeze11.snv.filtered.bam	764325968-stool1.freeze11.snv.filtered.bam	764325968-stool2.freeze11.snv.filtered.bam	764487809-stool1.freeze11.snv.filtered.bam	764508039-stool1.freeze11.snv.filtered.bam	764588959-stool1.freeze11.snv.filtered.bam	764588959-stool2.freeze11.snv.filtered.bam	764669880-stool1.freeze11.snv.filtered.bam	764669880-stool2.freeze11.snv.filtered.bam	765013792-stool1.freeze11.snv.filtered.bam	765034022-stool1.freeze11.snv.filtered.bam	765034022-stool2.freeze11.snv.filtered.bam	765074482-stool2.freeze11.snv.filtered.bam	765074482-stool3.freeze11.snv.filtered.bam	765094712-stool1.freeze11.snv.filtered.bam	765094712-stool2.freeze11.snv.filtered.bam	765094712-stool3.freeze11.snv.filtered.bam	765640925-stool1.freeze11.snv.filtered.bam	765640925-stool2.freeze11.snv.filtered.bam	809635352-stool2.freeze11.snv.filtered.bam	823052294-stool3.freeze11.snv.filtered.bam
158337416-stool1.freeze11.snv.filtered.bam	0.0	0.0	0.330301259102	0.327768442074	0.326989113758	0.260076471591	0.261963907357	0.284272180415	0.317612819951	0.3221670198	0.326696865639	0.307859038991	0.216470616887	0.332420057963	0.208506855654	0.276235357152	0.302951705998	0.204561506052	0.2049268162	0.321521638538	0.327975451158	0.30918633253	0.284333065439	0.275918755023	0.273799956163	0.328462531356	0.325284333065	0.326319378486	0.324821606878	0.324675482818	0.284308711429	0.282360390638	0.328925257544	0.32329948126	0.331031879399	0.312157521736	0.308869730401	0.325381749105	0.326392440515	0.326282847471	0.325600935194	0.326635980614	0.325771413263	0.331324127518	0.331275419498	0.330605684226	0.321533815543	0.326684688634	0.326185431431	0.287194661601	0.322568860963	0.323055941161	0.305350575972	0.326916051728	0.327001290763	0.326891697718	0.319804680841	0.319390662673	0.282920532866	0.321424222498	0.332042570809	0.326562918585	0.325673997224	0.32546698814	0.322617568983	0.322033072745	0.327731911059	0.290920825114	0.287852219868	0.321619054577	0.32219137381	0.3209371423	0.313229098171	0.315165241957	0.299237719491	0.281325345218
158337416-stool2.freeze11.snv.filtered.bam	0.0	0.0	0.345766055381	0.342965344244	0.342210369937	0.275285550766	0.276174472127	0.299797861718	0.332480942987	0.33736392197	0.342514795061	0.323214242225	0.220756922627	0.347982270281	0.213024524488	0.292053286574	0.318562626336	0.208689510728	0.209079174886	0.336986434816	0.343781203575	0.323652614403	0.297058035606	0.284929738681	0.282786585811	0.344280460778	0.341053554468	0.342112953898	0.340006332043	0.339860207983	0.300041401817	0.297691239863	0.344402230827	0.338764277538	0.346594091717	0.326830812693	0.324517181754	0.34059082828	0.341589342685	0.341662404715	0.340980492438	0.341382333601	0.34051776625	0.346715861767	0.346679330752	0.34600959548	0.336682009693	0.341966829839	0.341467572636	0.300175348871	0.337729232118	0.338861693578	0.320109105964	0.342161661918	0.342234723947	0.342112953898	0.336170575485	0.335683495287	0.298373152139	0.337156912886	0.347629137137	0.342076422883	0.340286403156	0.340079394072	0.337899710187	0.337765763133	0.343549840481	0.304218114513	0.301100801247	0.336450646599	0.337096027861	0.335817442342	0.32869389445	0.330666569251	0.314276320596	0.296741433477
158479027-stool1.freeze11.snv.filtered.bam	0.330301259102	0.345766055381	0.0	0.172560337059	0.171878424783	0.120832420058	0.167409463968	0.133934877378	0.158642020409	0.163196220258	0.170928618397	0.153223253209	0.334514502813	0.159445702735	0.337753586128	0.119614719564	0.143725189352	0.340067217067	0.341528457661	0.16704415382	0.172280265946	0.166325710528	0.209347068995	0.25702004335	0.251065487933	0.173205718322	0.169199483695	0.170331945155	0.183897128662	0.183775358613	0.116814008426	0.121636102384	0.156011787341	0.150337303037	0.157789630063	0.177613794111	0.148815177419	0.184676456979	0.186064635542	0.160785173279	0.16041986313	0.150909622269	0.149387496651	0.172548160055	0.172499452035	0.171732300723	0.137880226979	0.142592727893	0.142008231655	0.150386011057	0.174910499014	0.143639950318	0.16041986313	0.182411534059	0.186807432844	0.186588246755	0.151652419571	0.151421056477	0.154514015733	0.142580550888	0.159287401671	0.154294829644	0.181546966708	0.18113294854	0.163159689243	0.166118701444	0.172292442951	0.196695160858	0.191787827866	0.188682691605	0.189425488907	0.18753805314	0.165473320182	0.168042668225	0.144650641728	0.109045079272
158499257-stool1.freeze11.snv.filtered.bam	0.327768442074	0.342965344244	0.172560337059	0.0	0.0	0.127517595772	0.173290957356	0.141667275517	0.167226808894	0.0144053968486	0.176067314483	0.158678551423	0.335293831129	0.166325710528	0.339239180731	0.0939577701469	0.0190204817223	0.33724215192	0.338605976474	0.172182849906	0.177431139037	0.168420155379	0.197949392367	0.246633058133	0.240654148706	0.178137405324	0.173972869633	0.175263632157	0.185735856409	0.185577555344	0.119164170381	0.123450476121	0.163135335233	0.157594797983	0.164584398821	0.180365797229	0.150337303037	0.186442122696	0.187866832274	0.170039697036	0.169637855873	0.173838922579	0.172134141886	0.0157813984072	0.0158179294221	0.0156474513529	0.163062273203	0.168541925428	0.167847836146	0.0123840140279	0.0146124059326	0.164365212732	0.161491439566	0.182618543143	0.188597452571	0.188366089477	0.170989503422	0.170551131244	0.154623608777	0.162770025085	0.165655975256	0.16046857115	0.183604880544	0.18322739339	0.0143323348189	0.170916441392	0.177248483963	0.182472419084	0.178441830447	0.190825844475	0.191617349797	0.189595966976	0.172146318891	0.175080977083	0.14756094591	0.112941720854
158499257-stool2.freeze11.snv.filtered.bam	0.326989113758	0.342210369937	0.171878424783	0.0	0.0	0.124643822605	0.166398772558	0.138951803414	0.166362241543	0.0143445118239	0.175080977083	0.157789630063	0.334563210833	0.165595090232	0.338484206425	0.0870047003239	0.01736440905	0.336487177614	0.337863179172	0.171257397531	0.176444801637	0.167616473052	0.197048294002	0.246048561896	0.240106183483	0.177151067923	0.172986532233	0.174277294757	0.184919997078	0.184761696013	0.116205158179	0.120357516865	0.162380360926	0.156852000682	0.16381724751	0.179428167848	0.149424027666	0.185626263364	0.187050972943	0.169126421665	0.168748934512	0.173144833297	0.17145222961	0.0157083363776	0.0157448673924	0.0155743893232	0.162368183921	0.167835659141	0.16711721585	0.0122865979884	0.0145028128881	0.163488468376	0.160663403229	0.181790506807	0.187781593239	0.187550230145	0.169942280997	0.169503908819	0.152407393877	0.161881103724	0.16492535496	0.159750127859	0.182874260247	0.182496773094	0.0142714497942	0.169917926987	0.176249969557	0.181644382748	0.177601617106	0.18980297606	0.190643189401	0.18862180658	0.171257397531	0.174192055722	0.146696378559	0.109800053579
158802708-stool1.freeze11.snv.filtered.bam	0.260076471591	0.275285550766	0.120832420058	0.127517595772	0.124643822605	0.0	0.000133947054383	3.65310148316e-05	0.121319500256	0.119736489613	0.132656291858	0.115425829863	0.266907771365	0.118993692311	0.268770853121	0.0675458464236	0.0873456564623	0.271011422031	0.27226565354	0.128808358296	0.133983585397	0.103541073038	0.156291858454	0.194466768954	0.188341735467	0.134543727625	0.130768856092	0.131840432527	0.110579381895	0.110822921994	0.0706022746645	0.0693967511751	0.116838362436	0.110384549816	0.118640559168	0.113562748106	0.111395241226	0.111565719296	0.112442463652	0.122244952631	0.122086651567	0.12374272424	0.122196244612	0.128223862059	0.128211685054	0.127554126787	0.111090816103	0.116217335184	0.115815494021	0.10842405202	0.128041206985	0.105757287937	0.0880397457441	0.107206351526	0.113453155062	0.113331385013	0.100776892915	0.100411582767	0.0890382601495	0.104052507245	0.119675604588	0.114500377487	0.137441854801	0.137027836633	0.118494435109	0.127067046589	0.134081001437	0.146939918658	0.143408587224	0.124229804437	0.124996955749	0.123499184141	0.128601349212	0.131767370498	0.106658386303	0.071369425976
158802708-stool2.freeze11.snv.filtered.bam	0.261963907357	0.276174472127	0.167409463968	0.173290957356	0.166398772558	0.000133947054383	0.0	0.00159518764765	0.166350064538	0.167105038845	0.174167701712	0.157546089964	0.263534740995	0.164584398821	0.266786001315	0.0924234675239	0.115352767833	0.270183385694	0.271474148219	0.169832687952	0.175178393122	0.157667860013	0.187879009279	0.21581305862	0.210698716544	0.175775066365	0.172755169139	0.173607559485	0.168517571418	0.16908989065	0.113574925111	0.111857967414	0.164231265678	0.15844718833	0.166179586469	0.163622415431	0.155987433331	0.169589147853	0.170563308249	0.16807919924	0.167981783201	0.169309076739	0.167786951122	0.175555880276	0.17568982733	0.175141862108	0.158459365335	0.162928326149	0.163037919193	0.151165339373	0.174776551959	0.1539416965	0.14743917586	0.16692238377	0.171598353669	0.171549645649	0.153552032342	0.152967536105	0.113708872166	0.152577871947	0.166934560775	0.162222059862	0.179135919729	0.178855848615	0.166203940479	0.169102067655	0.17568982733	0.176103845498	0.173692798519	0.173534497455	0.17455736587	0.173071771267	0.168517571418	0.171598353669	0.149083071528	0.11273471177
158802708-stool3.freeze11.snv.filtered.bam	0.284272180415	0.299797861718	0.133934877378	0.141667275517	0.138951803414	3.65310148316e-05	0.00159518764765	0.0	0.1344828426	0.1334965052	0.147987141083	0.130208713865	0.292138525608	0.132985070992	0.293490173157	0.0775188134726	0.0977204646745	0.295341077908	0.296485716373	0.144078322496	0.149253549597	0.114768271596	0.173741506539	0.214388349042	0.20834855459	0.149850222839	0.145941404252	0.147073865712	0.119699958598	0.119955675702	0.0794914882735	0.0783955578286	0.130598378023	0.123974087333	0.13224227369	0.125544920971	0.126287718273	0.120540171939	0.121611748374	0.13554224203	0.135408294976	0.137843695965	0.136285039332	0.142081293685	0.142130001705	0.141435912423	0.12480212367	0.129904288741	0.129405031538	0.121392562285	0.142507488858	0.1192128784	0.0972820924965	0.1160103261	0.12263461679	0.122451961715	0.116290397214	0.1160103261	0.100241104698	0.117410681669	0.13342344317	0.128162977034	0.153503324322	0.153040598134	0.132157034656	0.142385718809	0.149363142641	0.164693991866	0.160882589318	0.136102384258	0.136784296534	0.135262170916	0.143713012347	0.147012980687	0.121282969241	0.0810501449064
158883629-stool3.freeze11.snv.filtered.bam	0.317612819951	0.332480942987	0.158642020409	0.167226808894	0.166362241543	0.121319500256	0.166350064538	0.1344828426	0.0	0.158593312389	0.168042668225	0.150726967195	0.32426146465	0.144942889847	0.327390954921	0.115462360878	0.139037042449	0.326891697718	0.328279876282	0.164401743747	0.169333430749	0.150191178978	0.190801490465	0.249592070334	0.243308735783	0.170064051046	0.165850807335	0.16706850783	0.177406785027	0.177126713913	0.0996809624705	0.0947249214583	0.142081293685	0.136248508317	0.14317722413	0.130878449137	0.145040305886	0.17793039624	0.179282043789	0.00867002752003	0.00868220452498	0.166277002508	0.164596575826	0.167579942037	0.167543411023	0.166678843672	0.152504809917	0.157801807068	0.157059009766	0.146757263583	0.168091376245	0.14327464017	0.156328389469	0.178490538467	0.180183142154	0.18007354911	0.144955066852	0.144796765787	0.116631353352	0.142008231655	0.144200092545	0.139536299652	0.155171574	0.154769732837	0.158179294221	0.162818733104	0.169199483695	0.185918511483	0.180974647476	0.139402352597	0.13987725579	0.138476900222	0.153759041426	0.156316212464	0.14202040866	0.0987920411096
158944319-stool3.freeze11.snv.filtered.bam	0.3221670198	0.33736392197	0.163196220258	0.0144053968486	0.0143445118239	0.119736489613	0.167105038845	0.1334965052	0.158593312389	0.0	0.167726066097	0.15076349821	0.329132266628	0.156437982514	0.333601227442	0.0854460436911	0.00561359927912	0.332006039794	0.333418572368	0.163890309539	0.169077713646	0.161113952412	0.188682691605	0.238815420959	0.232946104576	0.169662209883	0.165509851197	0.166788436716	0.174947030028	0.174849613989	0.111383064222	0.115632838947	0.153345023258	0.147780131999	0.154745378827	0.172243734931	0.142361364799	0.175628942305	0.177041474879	0.161089598402	0.160785173279	0.16367112345	0.161978519763	0.000876744355958	0.000876744355958	0.000876744355958	0.153052775139	0.1583741263	0.157728745038	0.0215289447408	0.024719320036	0.154209590609	0.151140985363	0.171683592704	0.177772095175	0.177540732082	0.159981490952	0.159567472784	0.147256520786	0.152784881031	0.155816955262	0.150726967195	0.176578748691	0.176213438543	0.000401841163148	0.162465599961	0.168761111517	0.17576288936	0.171890601788	0.182789021212	0.183653588563	0.181693090767	0.163622415431	0.166496188597	0.13884221037	0.104271693334
159207311-stool2.freeze11.snv.filtered.bam	0.326696865639	0.342514795061	0.170928618397	0.176067314483	0.175080977083	0.132656291858	0.174167701712	0.147987141083	0.168042668225	0.167726066097	0.0	0.0	0.33406395363	0.171793185748	0.332602713037	0.0261318526095	0.133971408392	0.335939212391	0.33738827598	0.0	0.0	0.176347385597	0.195818416502	0.262280509486	0.256094590974	0.00375051752271	0.00348262341395	0.00362874747327	0.19192177492	0.191726942841	0.0405250724532	0.0831811207715	0.16812790726	0.161564501595	0.169881395972	0.188548744551	0.0413531087894	0.192530625167	0.194052750785	0.168249677309	0.167677358077	0.171013857432	0.169175129685	0.177394608022	0.177345900002	0.176396093617	0.156718053628	0.162441245951	0.16167409464	0.145770926183	0.168493217408	0.161491439566	0.174910499014	0.198034631402	0.194905141131	0.194649424028	0.165436789167	0.165071479019	0.159920605928	0.159591826794	0.171123450476	0.165363727138	0.19524609727	0.194771194077	0.166861498746	0.00350697742383	0.00375051752271	0.1985217116	0.193760502667	0.200141253257	0.200932758579	0.198972260783	0.0761549889189	0.0780302476803	0.0181924453861	0.12046710991
159207311-stool3.freeze11.snv.filtered.bam	0.307859038991	0.323214242225	0.153223253209	0.158678551423	0.157789630063	0.115425829863	0.157546089964	0.130208713865	0.150726967195	0.15076349821	0.0	0.0	0.316188110372	0.154136528579	0.31462945374	0.0177175421933	0.117885584862	0.317795475025	0.319195830594	0.0	0.0	0.159835366893	0.179476875868	0.244441197243	0.23857188086	0.00348262341395	0.00322690631012	0.00336085336451	0.174484303841	0.174313825771	0.0281045274104	0.0686174228587	0.150617374151	0.144480163659	0.152285623828	0.171026034437	0.0344122159714	0.175080977083	0.176603102701	0.15076349821	0.150057231923	0.153503324322	0.151737658605	0.160042375977	0.159981490952	0.159080392587	0.139731131731	0.145308199995	0.144541048684	0.130647086043	0.151835074645	0.143907844427	0.157923577117	0.180037018095	0.177443316042	0.177236306958	0.142848444996	0.142507488858	0.142349187794	0.14214217871	0.153503324322	0.148060203112	0.17687099681	0.176432624632	0.149911107864	0.00326343732496	0.00349480041889	0.181449550669	0.17689535082	0.18216799396	0.182862083242	0.181011178491	0.0663281459292	0.068105988651	0.0142958038041	0.103151408879
159369152-stool2.freeze11.snv.filtered.bam	0.216470616887	0.220756922627	0.334514502813	0.335293831129	0.334563210833	0.266907771365	0.263534740995	0.292138525608	0.32426146465	0.329132266628	0.33406395363	0.316188110372	0.0	0.338143250286	0.213450719661	0.285489880909	0.311317308395	0.212707922359	0.213097586518	0.329071381603	0.335318185139	0.314751223789	0.289179513407	0.273592947079	0.271340201164	0.335963566401	0.332797545116	0.333783882516	0.330654392246	0.330617861231	0.293380580113	0.291127834198	0.334758042912	0.32972893987	0.336913372787	0.318538272327	0.316638659555	0.331214534473	0.332176517864	0.331957331775	0.331518959597	0.332103455834	0.331372835537	0.338593799469	0.338569445459	0.337887533182	0.327123060812	0.331786853705	0.331251065488	0.294793112686	0.330483914176	0.330654392246	0.312815080003	0.333394218358	0.332700129076	0.332529651007	0.329339275712	0.328925257544	0.292126348603	0.328876549524	0.338240666326	0.33293149217	0.329156620638	0.328913080539	0.329850709919	0.329716762865	0.335257300114	0.295036652785	0.292272472663	0.32751272497	0.328060690193	0.326733396654	0.320523124132	0.322495798933	0.307432843818	0.288643725189
159490532-stool2.freeze11.snv.filtered.bam	0.332420057963	0.347982270281	0.159445702735	0.166325710528	0.165595090232	0.118993692311	0.164584398821	0.132985070992	0.144942889847	0.156437982514	0.171793185748	0.154136528579	0.338143250286	0.0	0.341540634665	0.116241689194	0.13763668688	0.340907430408	0.342319962982	0.16805484523	0.173157010302	0.162879618129	0.203830885755	0.255680572806	0.24940941526	0.173875453593	0.169613501863	0.170989503422	0.183921482672	0.183763181608	0.112478994666	0.115718077982	0.000791505321351	0.000803682326295	0.000791505321351	0.170417184189	0.149667567765	0.184554686929	0.185967219503	0.146781617593	0.146720732569	0.165424612162	0.163732008475	0.165729037286	0.165729037286	0.16494970897	0.153162368184	0.158264533255	0.157558266969	0.143286817174	0.166496188597	0.144699349748	0.15830106427	0.180572806313	0.186770901829	0.18655171574	0.153527678332	0.153247607219	0.146879033633	0.143688658338	0.00221621489978	0.00224056890967	0.179659530942	0.179221158764	0.156291858454	0.166423126568	0.172986532233	0.197620613234	0.192871581306	0.181413019654	0.18221670198	0.180207496164	0.165716860281	0.168773288522	0.14418791554	0.0510947127445
159551223-stool1.freeze11.snv.filtered.bam	0.208506855654	0.213024524488	0.337753586128	0.339239180731	0.338484206425	0.268770853121	0.266786001315	0.293490173157	0.327390954921	0.333601227442	0.332602713037	0.31462945374	0.213450719661	0.341540634665	0.0	0.28519763279	0.313898833443	0.204780692141	0.2049268162	0.327597964005	0.33411266165	0.318185139183	0.292187233628	0.277075570493	0.275273373761	0.334806750932	0.331543313607	0.332480942987	0.333101970239	0.3330045542	0.293319695088	0.291176542218	0.338191958306	0.333272448309	0.340347288181	0.321692116607	0.316541243516	0.333698643482	0.334721511897	0.33509899905	0.334575387838	0.33403959962	0.333296802319	0.342539149071	0.342539149071	0.341857236794	0.328511239376	0.333455103383	0.33295584618	0.296607486423	0.333747351501	0.332968023185	0.314970409878	0.336815956747	0.33519641509	0.33509899905	0.330264728087	0.329984656974	0.29172450744	0.331531136602	0.341540634665	0.336036628431	0.333333333333	0.333101970239	0.333881298556	0.328499062371	0.33403959962	0.298957648377	0.295560263997	0.330483914176	0.330958817369	0.329911594944	0.322349674874	0.324456296729	0.305216628918	0.29177321546
159571453-stool1.freeze11.snv.filtered.bam	0.276235357152	0.292053286574	0.119614719564	0.0939577701469	0.0870047003239	0.0675458464236	0.0924234675239	0.0775188134726	0.115462360878	0.0854460436911	0.0261318526095	0.0177175421933	0.285489880909	0.116241689194	0.28519763279	0.0	0.000340956138428	0.285611650958	0.287060714547	0.0242565938482	0.0269111809259	0.118530966124	0.143944375441	0.208482501644	0.202284406127	0.029066510801	0.0261927376343	0.0269720659507	0.136455517401	0.136784296534	0.0057475463335	0.0197145710041	0.114171598354	0.108070918877	0.1160103261	0.129417208543	0.0222839190473	0.137405323787	0.13881785636	0.115230997784	0.114573439517	0.116838362436	0.115170112759	0.0936533450233	0.0940186551716	0.0934341589343	0.103528896033	0.108655415114	0.108326635981	0.0762889359733	0.0918876793064	0.108691946129	0.118348311049	0.140035556854	0.13985290178	0.139694600716	0.103942914201	0.103528896033	0.0805995957234	0.106962811427	0.117021017511	0.111931029444	0.140425221013	0.140035556854	0.084386644261	0.0243661868927	0.0285916076082	0.14416356153	0.140668761112	0.140741823141	0.141435912423	0.139755485741	0.0528969094761	0.05532013346	0.00476120893305	0.0586201017998
159571453-stool2.freeze11.snv.filtered.bam	0.302951705998	0.318562626336	0.143725189352	0.0190204817223	0.01736440905	0.0873456564623	0.115352767833	0.0977204646745	0.139037042449	0.00561359927912	0.133971408392	0.117885584862	0.311317308395	0.13763668688	0.313898833443	0.000340956138428	0.0	0.31238888483	0.313752709384	0.130452253964	0.135249993911	0.140145149899	0.169552616838	0.223387155695	0.217274299213	0.136090207253	0.132108326636	0.133240788096	0.156243150435	0.156243150435	0.0593994301162	0.074182314118	0.135176931882	0.129331969509	0.13660164146	0.150593020141	0.11066462093	0.157010301746	0.15825235625	0.140522637052	0.140169503909	0.143006746061	0.141423735418	0.00901098365846	0.00915710771779	0.00880397457441	0.131743016488	0.136954774604	0.13655293344	0.0215411217457	0.0268624729062	0.132936362972	0.133155549061	0.154209590609	0.159116923601	0.159007330557	0.135042984827	0.13458025864	0.105550278853	0.131353352329	0.137587978861	0.132473636784	0.15830106427	0.157935754122	0.00487080197755	0.128832712306	0.13556659604	0.157935754122	0.154574900757	0.161479262561	0.162380360926	0.160553810185	0.134373249556	0.137478385816	0.105525924844	0.0741214290933
159753524-stool2.freeze11.snv.filtered.bam	0.204561506052	0.208689510728	0.340067217067	0.33724215192	0.336487177614	0.271011422031	0.270183385694	0.295341077908	0.326891697718	0.332006039794	0.335939212391	0.317795475025	0.212707922359	0.340907430408	0.204780692141	0.285611650958	0.31238888483	0.0	1.21770049439e-05	0.33073963128	0.337376098975	0.316370765447	0.293952899345	0.273629478094	0.271729865322	0.338082365261	0.334745865907	0.335768734322	0.334879812961	0.334806750932	0.294086846399	0.291882808504	0.337083850856	0.33184773873	0.33953142885	0.322081780765	0.31788071406	0.335622610263	0.336560239643	0.335001583011	0.334441440783	0.335610433258	0.334733688902	0.341077908478	0.341053554468	0.340274226151	0.329168797643	0.334356201749	0.333759528506	0.295061006795	0.332054747814	0.334368378754	0.316407296461	0.338861693578	0.337059496846	0.337035142836	0.330605684226	0.330118604028	0.287852219868	0.332797545116	0.340883076399	0.335318185139	0.334149192665	0.333942183581	0.332273933903	0.331786853705	0.33729085994	0.300918146173	0.297398991744	0.331421543557	0.331859915735	0.33083704732	0.322300966854	0.323786561457	0.307895570006	0.292357711697
159753524-stool3.freeze11.snv.filtered.bam	0.2049268162	0.209079174886	0.341528457661	0.338605976474	0.337863179172	0.27226565354	0.271474148219	0.296485716373	0.328279876282	0.333418572368	0.33738827598	0.319195830594	0.213097586518	0.342319962982	0.2049268162	0.287060714547	0.313752709384	1.21770049439e-05	0.0	0.332225225883	0.338837339568	0.31778329802	0.295061006795	0.274591461484	0.272667494703	0.339567959865	0.336243637515	0.33726650593	0.33618275249	0.336121867465	0.295633326027	0.293307518083	0.338484206425	0.333211563284	0.340956138428	0.323433428314	0.319220184603	0.336913372787	0.337863179172	0.336401938579	0.335853973357	0.336949903802	0.336073159446	0.342466087041	0.342453910036	0.341686758725	0.330569153211	0.335756557317	0.33517206108	0.296229999269	0.333382041353	0.335768734322	0.317673704976	0.340164633107	0.338386790385	0.33835025937	0.332066924819	0.331579844621	0.289130805387	0.334173546674	0.342307785977	0.336706363703	0.335439955189	0.335208592095	0.333710820487	0.333235917294	0.338776454543	0.302245439712	0.298738462288	0.332761014101	0.333199386279	0.332176517864	0.323664791408	0.325162563016	0.309332456589	0.293672828231
159814214-stool1.freeze11.snv.filtered.bam	0.321521638538	0.336986434816	0.16704415382	0.172182849906	0.171257397531	0.128808358296	0.169832687952	0.144078322496	0.164401743747	0.163890309539	0.0	0.0	0.329071381603	0.16805484523	0.327597964005	0.0242565938482	0.130452253964	0.33073963128	0.332225225883	0.0	0.0	0.172633399089	0.192080075985	0.257738486642	0.251564745135	0.00365310148316	0.00339738437934	0.00353133143372	0.187927717299	0.18773288522	0.0382114415138	0.0804291176542	0.164438274762	0.157923577117	0.166155232459	0.18438420886	0.0400745232703	0.188524390541	0.190022162149	0.164304327708	0.163780716495	0.166776259711	0.164961885975	0.17344925842	0.173388373396	0.17246292102	0.152845766055	0.158313241275	0.157594797983	0.142970215046	0.16480358491	0.157667860013	0.171111273471	0.193991865761	0.1908867295	0.190631012396	0.160712111249	0.160322447091	0.155975256326	0.155768247242	0.167409463968	0.161795864689	0.19093543752	0.190448357322	0.162964857164	0.00342173838923	0.0036652784881	0.194393706924	0.189766445045	0.195757531478	0.196561213804	0.194564184993	0.0740240130537	0.0758749178052	0.0174374710796	0.116716592387
159814214-stool2.freeze11.snv.filtered.bam	0.327975451158	0.343781203575	0.172280265946	0.177431139037	0.176444801637	0.133983585397	0.175178393122	0.149253549597	0.169333430749	0.169077713646	0.0	0.0	0.335318185139	0.173157010302	0.33411266165	0.0269111809259	0.135249993911	0.337376098975	0.338837339568	0.0	0.0	0.177662502131	0.197048294002	0.263778281094	0.257604539587	0.00373834051777	0.00348262341395	0.00361657046833	0.193346484499	0.19315165242	0.0414018168091	0.0841309271572	0.169443023794	0.162928326149	0.171257397531	0.189949100119	0.0420715520811	0.193955334746	0.195465283359	0.169601324858	0.169016828621	0.172402035995	0.170563308249	0.178782786586	0.178734078566	0.177796449185	0.158081878181	0.16384160152	0.163086627213	0.146623316529	0.169723094908	0.162867441124	0.176335208592	0.199593288035	0.196317673705	0.196061956601	0.167031976815	0.166630135652	0.161369669516	0.160992182363	0.17248727503	0.166751905701	0.196682983853	0.19620808066	0.168225323299	0.00349480041889	0.00373834051777	0.199861182144	0.195087796206	0.201578139841	0.202357468157	0.200409147366	0.0769830252551	0.0788582840165	0.0184846935048	0.121648279389
160158126-stool2.freeze11.snv.filtered.bam	0.30918633253	0.323652614403	0.166325710528	0.168420155379	0.167616473052	0.103541073038	0.157667860013	0.114768271596	0.150191178978	0.161113952412	0.176347385597	0.159835366893	0.314751223789	0.162879618129	0.318185139183	0.118530966124	0.140145149899	0.316370765447	0.31778329802	0.172633399089	0.177662502131	0.0	0.192749811256	0.23529626653	0.229451304157	0.178320060398	0.174545188865	0.175458464236	0.141143664304	0.140948832225	0.0886485959913	0.0667056330825	0.15953094177	0.15391734249	0.161272253477	0.070285672536	0.154197413604	0.141630744502	0.142970215046	0.152236915808	0.151664596576	0.172158495896	0.170660724288	0.169589147853	0.169564793843	0.168712403497	0.159299578676	0.164596575826	0.163999902584	0.145990112272	0.167324224934	0.156462336524	0.121343854266	0.13775845693	0.143773897372	0.143664304328	0.155061980955	0.154769732837	0.0753269525827	0.155135042985	0.16261172402	0.157619151993	0.173412727406	0.173023063247	0.159555295779	0.171147804486	0.177528555077	0.185528847325	0.181851391832	0.0750955894888	0.0756435547113	0.0745598012713	0.169053359636	0.171829716763	0.149058717518	0.111979737464
160178356-stool2.freeze11.snv.filtered.bam	0.284333065439	0.297058035606	0.209347068995	0.197949392367	0.197048294002	0.156291858454	0.187879009279	0.173741506539	0.190801490465	0.188682691605	0.195818416502	0.179476875868	0.289179513407	0.203830885755	0.292187233628	0.143944375441	0.169552616838	0.293952899345	0.295061006795	0.192080075985	0.197048294002	0.192749811256	0.0	0.236319134946	0.231338739924	0.198095516427	0.194503299968	0.195465283359	0.215703465576	0.215508633497	0.146075351307	0.1485229293	0.200603979445	0.194868610117	0.202186990088	0.19857041962	0.177309368988	0.216202722778	0.217542193322	0.194600716008	0.19413798982	0.208969581842	0.207483987238	0.197681498259	0.197681498259	0.196853461923	0.199958598183	0.20499987823	0.204391027983	0.169881395972	0.194807725092	0.199788120114	0.194868610117	0.215374686442	0.218309344634	0.218211928594	0.199885536154	0.199544580015	0.171099096466	0.19849735759	0.203465575607	0.198290348506	0.205401719393	0.20507294026	0.188548744551	0.191507756752	0.19731618811	0.120735004018	0.11928594043	0.208031952461	0.208884342807	0.207325686174	0.185796741433	0.187866832274	0.168846350552	0.15081220623
160380657-stool1.freeze11.snv.filtered.bam	0.275918755023	0.284929738681	0.25702004335	0.246633058133	0.246048561896	0.194466768954	0.21581305862	0.214388349042	0.249592070334	0.238815420959	0.262280509486	0.244441197243	0.273592947079	0.255680572806	0.277075570493	0.208482501644	0.223387155695	0.273629478094	0.274591461484	0.257738486642	0.263778281094	0.23529626653	0.236319134946	0.0	0.0	0.263912228148	0.26019824164	0.26128199508	0.258517814958	0.258274274859	0.210796132583	0.208616448698	0.252490197511	0.246681766153	0.254207155208	0.242237159348	0.242785124571	0.25921190424	0.260173887631	0.254304571248	0.253805314045	0.256240715034	0.25482818246	0.2472906164	0.24731497041	0.246620881128	0.248021236697	0.252745914615	0.252051825333	0.219234797009	0.246097269915	0.250200920582	0.236440904995	0.257348822484	0.260928861937	0.260904507927	0.24839872385	0.248021236697	0.220903046687	0.248824919023	0.255437032707	0.250115681547	0.255254377633	0.25497430652	0.239375563186	0.25704439736	0.263023306787	0.226735832055	0.223533279755	0.251333382041	0.251747400209	0.25051752271	0.249957380483	0.251990940308	0.234638708263	0.202515769221
160380657-stool3.freeze11.snv.filtered.bam	0.273799956163	0.282786585811	0.251065487933	0.240654148706	0.240106183483	0.188341735467	0.210698716544	0.20834855459	0.243308735783	0.232946104576	0.256094590974	0.23857188086	0.271340201164	0.24940941526	0.275273373761	0.202284406127	0.217274299213	0.271729865322	0.272667494703	0.251564745135	0.257604539587	0.229451304157	0.231338739924	0.0	0.0	0.257738486642	0.254048854144	0.255132607584	0.253086870753	0.252843330654	0.204561506052	0.202260052118	0.246243393975	0.240520201651	0.247935997662	0.236453082	0.236392196975	0.253780960035	0.254718589416	0.24842307786	0.247887289642	0.250225274591	0.248812742018	0.241262998953	0.241287352963	0.240593263681	0.242030150264	0.246767005187	0.245999853876	0.21261050632	0.240094006478	0.24399064806	0.230973429775	0.251808285234	0.255424855702	0.255400501693	0.241518716057	0.241141228903	0.214887606244	0.242590292492	0.249141521151	0.243868878011	0.24948247729	0.249214583181	0.233445361779	0.250931540878	0.256837388276	0.221901561092	0.218796424831	0.245683251747	0.24610944692	0.244891746426	0.243661868927	0.245683251747	0.228221426658	0.19628114269
160582958-stool1.freeze11.snv.filtered.bam	0.328462531356	0.344280460778	0.173205718322	0.178137405324	0.177151067923	0.134543727625	0.175775066365	0.149850222839	0.170064051046	0.169662209883	0.00375051752271	0.00348262341395	0.335963566401	0.173875453593	0.334806750932	0.029066510801	0.136090207253	0.338082365261	0.339567959865	0.00365310148316	0.00373834051777	0.178320060398	0.198095516427	0.263912228148	0.257738486642	0.0	0.0	1.21770049439e-05	0.193626555612	0.193431723533	0.0432283675507	0.085239034607	0.170185821095	0.163634592436	0.171988017827	0.190424003312	0.0447504931687	0.194247582865	0.195745354473	0.170392830179	0.169820510947	0.173071771267	0.171245220526	0.179415990843	0.179379459828	0.178417476437	0.158751613453	0.164547867806	0.163780716495	0.147280874796	0.170441538199	0.163683300455	0.176615279706	0.199922067168	0.196597744819	0.196342027715	0.167726066097	0.167336401939	0.161868926719	0.161771510679	0.173193541317	0.167433817978	0.197304011105	0.196829107913	0.168870704562	0.00037748715326	0.000426195173035	0.201225006697	0.196390735735	0.202004335014	0.20278366333	0.200884050559	0.0798080904021	0.0817198801783	0.0212245196172	0.122025766542
160582958-stool2.freeze11.snv.filtered.bam	0.325284333065	0.341053554468	0.169199483695	0.173972869633	0.172986532233	0.130768856092	0.172755169139	0.145941404252	0.165850807335	0.165509851197	0.00348262341395	0.00322690631012	0.332797545116	0.169613501863	0.331543313607	0.0261927376343	0.132108326636	0.334745865907	0.336243637515	0.00339738437934	0.00348262341395	0.174545188865	0.194503299968	0.26019824164	0.254048854144	0.0	0.0	1.21770049439e-05	0.18980297606	0.189595966976	0.0397822751516	0.0818294732228	0.165923869365	0.159396994715	0.167713889092	0.186515184725	0.0421080830959	0.190424003312	0.191909597915	0.166167409464	0.165595090232	0.168943766591	0.16711721585	0.175239278147	0.175202747132	0.174240763742	0.154672316797	0.160456394145	0.159701419839	0.143359879204	0.166350064538	0.159421348725	0.172718638124	0.195964540562	0.192774165266	0.192518448162	0.163025742188	0.162623901025	0.157923577117	0.157546089964	0.168919412581	0.163196220258	0.193261245464	0.192786342271	0.16475487689	0.000267894108765	0.00031660212854	0.197596259224	0.192737634251	0.198095516427	0.198874844743	0.196975231972	0.0767638391661	0.0786634519374	0.0193979688756	0.118165655975
160582958-stool3.freeze11.snv.filtered.bam	0.326319378486	0.342112953898	0.170331945155	0.175263632157	0.174277294757	0.131840432527	0.173607559485	0.147073865712	0.16706850783	0.166788436716	0.00362874747327	0.00336085336451	0.333783882516	0.170989503422	0.332480942987	0.0269720659507	0.133240788096	0.335768734322	0.33726650593	0.00353133143372	0.00361657046833	0.175458464236	0.195465283359	0.26128199508	0.255132607584	1.21770049439e-05	1.21770049439e-05	0.0	0.190825844475	0.190643189401	0.040561603468	0.0824626774798	0.167299870924	0.160772996274	0.169102067655	0.187416283091	0.0426925793332	0.191459048732	0.19295682034	0.167409463968	0.166837144736	0.170149290081	0.168322739339	0.176505686661	0.176469155646	0.175507172256	0.155853486277	0.161637563625	0.160882589318	0.144662818733	0.167653004067	0.160748642264	0.173802391564	0.197060471007	0.193809210687	0.193553493583	0.164523513797	0.164121672633	0.158946445532	0.158873383503	0.170307591145	0.164547867806	0.194430237939	0.193955334746	0.1660091084	0.00037748715326	0.000426195173035	0.19854606561	0.193723971652	0.198984437788	0.199775943109	0.197876330338	0.0775431674825	0.0794549572587	0.0198606950634	0.11933464845
338793263-stool1.freeze11.snv.filtered.bam	0.324821606878	0.340006332043	0.183897128662	0.185735856409	0.184919997078	0.110579381895	0.168517571418	0.119699958598	0.177406785027	0.174947030028	0.19192177492	0.174484303841	0.330654392246	0.183921482672	0.333101970239	0.136455517401	0.156243150435	0.334879812961	0.33618275249	0.187927717299	0.193346484499	0.141143664304	0.215703465576	0.258517814958	0.253086870753	0.193626555612	0.18980297606	0.190825844475	0.0	0.0	0.12369401622	0.116363459244	0.180377974233	0.174374710796	0.182155816955	0.151445410487	0.17024670612	0.000767151311463	0.000767151311463	0.180037018095	0.179501229877	0.18980297606	0.188207788412	0.184615571954	0.184652102969	0.183763181608	0.177467670052	0.182813375222	0.18224105599	0.159104746597	0.183154331361	0.173485789435	0.0287742626824	0.0323055941161	0.000779328316407	0.000779328316407	0.177090182899	0.176712695745	0.137819341955	0.171866247778	0.183665765568	0.178283529383	0.191824358881	0.191410340713	0.175020092058	0.186174228587	0.192749811256	0.208044129466	0.203148973478	0.160858235308	0.161661917635	0.160188500037	0.192421032123	0.195331336305	0.163890309539	0.131097635226
338793263-stool2.freeze11.snv.filtered.bam	0.324675482818	0.339860207983	0.183775358613	0.185577555344	0.184761696013	0.110822921994	0.16908989065	0.119955675702	0.177126713913	0.174849613989	0.191726942841	0.174313825771	0.330617861231	0.183763181608	0.3330045542	0.136784296534	0.156243150435	0.334806750932	0.336121867465	0.18773288522	0.19315165242	0.140948832225	0.215508633497	0.258274274859	0.252843330654	0.193431723533	0.189595966976	0.190643189401	0.0	0.0	0.123791432259	0.116314751224	0.180219673169	0.174240763742	0.181997515891	0.151177516378	0.170064051046	0.000742797301576	0.000742797301576	0.179756946981	0.179233335769	0.18970556002	0.188110372373	0.184493801904	0.184530332919	0.183641411558	0.177345900002	0.182703782178	0.182131462945	0.158958622537	0.183032561311	0.173303134361	0.0287377316675	0.0322690631012	0.000742797301576	0.000742797301576	0.17677358077	0.176396093617	0.137794987945	0.171695769708	0.183507464504	0.178113051314	0.191666057816	0.191239862643	0.174898322009	0.185979396508	0.192554979177	0.207934536421	0.203039380434	0.1605903412	0.161394023526	0.159920605928	0.192214023039	0.19512432722	0.16369547746	0.13132899832
675950834-stool1.freeze11.snv.filtered.bam	0.284308711429	0.300041401817	0.116814008426	0.119164170381	0.116205158179	0.0706022746645	0.113574925111	0.0794914882735	0.0996809624705	0.111383064222	0.0405250724532	0.0281045274104	0.293380580113	0.112478994666	0.293319695088	0.0057475463335	0.0593994301162	0.294086846399	0.295633326027	0.0382114415138	0.0414018168091	0.0886485959913	0.146075351307	0.210796132583	0.204561506052	0.0432283675507	0.0397822751516	0.040561603468	0.12369401622	0.123791432259	0.0	0.000645381262025	0.109787876574	0.103139231875	0.11177272838	0.088928667105	0.0331701614671	0.124424636516	0.12581281508	0.0992547672974	0.0987311560848	0.117654221768	0.1160103261	0.120722827013	0.120771535033	0.120028737732	0.103601958062	0.109032902267	0.108691946129	0.0972455614817	0.116144273155	0.102396434573	0.104308224349	0.126214656243	0.126786975476	0.126628674411	0.0939577701469	0.0936289910134	0.0523732982636	0.100314166728	0.11288083583	0.107608192689	0.133545213219	0.133094664036	0.110189717737	0.036884147975	0.0427169333431	0.143445118239	0.139365821583	0.100082803634	0.100983901999	0.0993765373469	0.0617008840506	0.0647694892964	0.0154891502886	0.0623584423175
