	158337416-stool1.freeze11.snv.filtered.bam	158337416-stool2.freeze11.snv.filtered.bam	158479027-stool1.freeze11.snv.filtered.bam	158499257-stool1.freeze11.snv.filtered.bam	158499257-stool2.freeze11.snv.filtered.bam	158802708-stool1.freeze11.snv.filtered.bam	158802708-stool2.freeze11.snv.filtered.bam	158802708-stool3.freeze11.snv.filtered.bam	158883629-stool3.freeze11.snv.filtered.bam	158944319-stool3.freeze11.snv.filtered.bam	159207311-stool2.freeze11.snv.filtered.bam	159207311-stool3.freeze11.snv.filtered.bam	159369152-stool2.freeze11.snv.filtered.bam	159490532-stool2.freeze11.snv.filtered.bam	159551223-stool1.freeze11.snv.filtered.bam	159571453-stool1.freeze11.snv.filtered.bam	159571453-stool2.freeze11.snv.filtered.bam	159753524-stool2.freeze11.snv.filtered.bam	159753524-stool3.freeze11.snv.filtered.bam	159814214-stool1.freeze11.snv.filtered.bam	159814214-stool2.freeze11.snv.filtered.bam	160158126-stool2.freeze11.snv.filtered.bam	160178356-stool2.freeze11.snv.filtered.bam	160380657-stool1.freeze11.snv.filtered.bam	160380657-stool3.freeze11.snv.filtered.bam	160582958-stool1.freeze11.snv.filtered.bam	160582958-stool2.freeze11.snv.filtered.bam	160582958-stool3.freeze11.snv.filtered.bam	338793263-stool1.freeze11.snv.filtered.bam	338793263-stool2.freeze11.snv.filtered.bam	675950834-stool1.freeze11.snv.filtered.bam	675950834-stool2.freeze11.snv.filtered.bam	686765762-stool1.freeze11.snv.filtered.bam	686765762-stool2.freeze11.snv.filtered.bam	686765762-stool3.freeze11.snv.filtered.bam	763536994-stool1.freeze11.snv.filtered.bam	763536994-stool2.freeze11.snv.filtered.bam	763577454-stool1.freeze11.snv.filtered.bam	763577454-stool2.freeze11.snv.filtered.bam	763678604-stool1.freeze11.snv.filtered.bam	763678604-stool2.freeze11.snv.filtered.bam	763759525-stool1.freeze11.snv.filtered.bam	763759525-stool2.freeze11.snv.filtered.bam	763820215-stool1.freeze11.snv.filtered.bam	763820215-stool2.freeze11.snv.filtered.bam	763820215-stool3.freeze11.snv.filtered.bam	763982056-stool1.freeze11.snv.filtered.bam	763982056-stool2.freeze11.snv.filtered.bam	763982056-stool3.freeze11.snv.filtered.bam	764042746-stool1.freeze11.snv.filtered.bam	764042746-stool2.freeze11.snv.filtered.bam	764062976-stool2.freeze11.snv.filtered.bam	764143897-stool1.freeze11.snv.filtered.bam	764143897-stool2.freeze11.snv.filtered.bam	764305738-stool1.freeze11.snv.filtered.bam	764305738-stool2.freeze11.snv.filtered.bam	764325968-stool1.freeze11.snv.filtered.bam	764325968-stool2.freeze11.snv.filtered.bam	764487809-stool1.freeze11.snv.filtered.bam	764508039-stool1.freeze11.snv.filtered.bam	764588959-stool1.freeze11.snv.filtered.bam	764588959-stool2.freeze11.snv.filtered.bam	764669880-stool1.freeze11.snv.filtered.bam	764669880-stool2.freeze11.snv.filtered.bam	765013792-stool1.freeze11.snv.filtered.bam	765034022-stool1.freeze11.snv.filtered.bam	765034022-stool2.freeze11.snv.filtered.bam	765074482-stool2.freeze11.snv.filtered.bam	765074482-stool3.freeze11.snv.filtered.bam	765094712-stool1.freeze11.snv.filtered.bam	765094712-stool2.freeze11.snv.filtered.bam	765094712-stool3.freeze11.snv.filtered.bam	765640925-stool1.freeze11.snv.filtered.bam	765640925-stool2.freeze11.snv.filtered.bam	809635352-stool2.freeze11.snv.filtered.bam	823052294-stool3.freeze11.snv.filtered.bam
158337416-stool1.freeze11.snv.filtered.bam	0.0	0.00225381476987	0.350391174914	0.346211036261	0.343035954728	0.330728081788	0.325593536492	0.333687237112	0.350195054973	0.348745122271	0.34742626277	0.344722712628	0.238781390614	0.3511001719	0.229043010235	0.330678830646	0.336129491255	0.22387929332	0.224040076311	0.347530725377	0.34727587084	0.342259556494	0.310661148477	0.304802711204	0.304761827843	0.347849517631	0.346808748845	0.346782233267	0.34549000831	0.345110183144	0.34339611476	0.345103600667	0.352227348091	0.349872230917	0.35166546387	0.341753022055	0.3386845401	0.345779545994	0.346316804882	0.350834841388	0.350866343222	0.346291758418	0.346048725838	0.351500947097	0.351356804228	0.350893668442	0.348828694308	0.349834004454	0.349486482386	0.348212485639	0.344415098745	0.347004255848	0.346223580439	0.348181138095	0.346299212576	0.346467719832	0.338626836505	0.339046158244	0.311727934739	0.34629030023	0.352324666118	0.351422451485	0.34739430827	0.347427241887	0.348987488426	0.346521057735	0.347211871695	0.318732819001	0.318660547887	0.343825047934	0.34415503791	0.343660264689	0.335164000157	0.335064848237	0.344039444342	0.346750166602
158337416-stool2.freeze11.snv.filtered.bam	0.00225381476987	0.0	0.358361897488	0.35381811455	0.350861318042	0.338814132755	0.332855668967	0.342075406969	0.358358831783	0.356878855662	0.355834439571	0.353616406414	0.238734499823	0.358945539452	0.228933949068	0.338993195186	0.344334192991	0.223803586257	0.223780322014	0.355841006571	0.355539848012	0.350234756858	0.317910590139	0.309053915869	0.309108652065	0.356104349708	0.355276289216	0.355225311383	0.353081338219	0.352979094316	0.352004787654	0.35369044792	0.360273067479	0.358140361852	0.359741540726	0.349781778197	0.347668784675	0.353433331835	0.35401433722	0.358981027916	0.359061481076	0.353550042243	0.353320849231	0.359079742565	0.359028470024	0.358823027661	0.35690188595	0.357642696417	0.357498478454	0.35626613569	0.352325768241	0.35563099667	0.354660045158	0.355944296258	0.353953743036	0.354108329018	0.347690036812	0.348203404967	0.319890294663	0.35489490357	0.360173784487	0.359696350121	0.354536588067	0.35462781659	0.3570904441	0.355066670151	0.355598597101	0.32636206205	0.326368862727	0.351395760792	0.351789914883	0.351433586933	0.343641538965	0.34359547841	0.353205865974	0.355062397864
158479027-stool1.freeze11.snv.filtered.bam	0.350391174914	0.358361897488	0.0	0.175394402533	0.176779151777	0.192794933728	0.211087154125	0.185359810133	0.166495420096	0.168162469087	0.173467898808	0.163231633247	0.353599097911	0.162354199697	0.355949589275	0.183648015649	0.181798776527	0.35864357559	0.359681501355	0.17235185261	0.174125607058	0.17570301501	0.217994128029	0.272198572535	0.268015922368	0.175371679747	0.171709089065	0.172281505261	0.186840150196	0.185974941967	0.165814953308	0.167759320875	0.159698596691	0.155199937682	0.159652326399	0.185752547037	0.155798605707	0.18737636554	0.188586425833	0.165374532169	0.165162032756	0.153038509424	0.151697104509	0.1750263156	0.174716556576	0.173522264366	0.143175276575	0.146197633606	0.14491910991	0.17397973004	0.17833855473	0.147990084721	0.173710293907	0.185480069587	0.188578311041	0.188510641733	0.153559511209	0.153854047997	0.209946012046	0.147068490738	0.16164158103	0.158109533027	0.185058797925	0.184732735091	0.168318119955	0.170957898489	0.173757454106	0.206811937498	0.202971152967	0.192473160632	0.193196421771	0.191215100204	0.169348997771	0.170218434468	0.159159780799	0.161963183971
158499257-stool1.freeze11.snv.filtered.bam	0.346211036261	0.35381811455	0.175394402533	0.0	0.0102404183818	0.200123792428	0.218984460463	0.193577285168	0.176506381281	0.018598255542	0.179293634931	0.170072368669	0.353521441901	0.169455125927	0.355958436667	0.139855791764	0.0871029693291	0.35441804075	0.355093644927	0.178272535202	0.179882260934	0.17856841235	0.206864614751	0.261552848477	0.257265495978	0.180674729761	0.177571739616	0.178286571552	0.188934703323	0.188800349154	0.16861439086	0.17062152357	0.167652510116	0.16365876382	0.167668654828	0.189002733257	0.158243914226	0.189503158626	0.190751816111	0.175274877013	0.175204410518	0.176575040197	0.175146495005	0.0199996398765	0.0197266301271	0.0194471730708	0.169702212302	0.173036199611	0.172313615771	0.0183304301447	0.0188386084032	0.169309631313	0.175469524432	0.18610160484	0.191047182587	0.190946202536	0.173005506948	0.173188091519	0.208255960747	0.168171175193	0.168467727887	0.165625348502	0.187473977265	0.1872291781	0.0185873083786	0.176252258355	0.179779694019	0.192456926447	0.189719543585	0.195079164129	0.195810625034	0.194214624747	0.176564335209	0.178310491683	0.163126461749	0.166585648487
158499257-stool2.freeze11.snv.filtered.bam	0.343035954728	0.350861318042	0.176779151777	0.0102404183818	0.0	0.198264342971	0.217522947323	0.191887274724	0.177651683468	0.0235702214545	0.18035217824	0.170989020912	0.350923448456	0.170537106374	0.352896056134	0.135999243239	0.0840489959633	0.351283230017	0.352127841661	0.179356209656	0.180964758401	0.179589545694	0.206920446101	0.260909472415	0.256628497879	0.181694412374	0.178401346398	0.179137936871	0.190218785961	0.189765066519	0.168268711997	0.170139644271	0.169223055131	0.16509231266	0.169084754247	0.189857573757	0.15951699742	0.190740543576	0.191916848542	0.17649083701	0.17644023348	0.178061182182	0.176610965332	0.0255413606512	0.0252519023457	0.0246505613699	0.171068258726	0.174371945472	0.173506834897	0.0234237599161	0.0241119190851	0.170640845621	0.176622635042	0.187474486396	0.192156573326	0.192083767988	0.173657488057	0.173800718178	0.204463643973	0.169364942861	0.170232753429	0.167079371604	0.188803602566	0.188546706855	0.0236606652229	0.177350038145	0.180700762849	0.192471733899	0.189868789418	0.195889588586	0.196676339121	0.194860521298	0.177534892524	0.179120022125	0.164215081095	0.166274750471
158802708-stool1.freeze11.snv.filtered.bam	0.330728081788	0.338814132755	0.192794933728	0.200123792428	0.198264342971	0.0	0.050075584563	0.0292145222517	0.199072225619	0.195409193864	0.204726362515	0.195136519292	0.33539372083	0.19195389789	0.336241413386	0.175829524066	0.179596948091	0.339469189724	0.340220755946	0.203400482649	0.205218111489	0.181801608326	0.229596525816	0.269341406429	0.265289278311	0.206058831944	0.203146802827	0.203531669024	0.183085011051	0.182705799068	0.165882622973	0.165142740173	0.191140409473	0.186340938203	0.191337269731	0.189731513199	0.189042180181	0.183615309792	0.184566776583	0.197157066262	0.19712667751	0.196215866615	0.195000354512	0.2008527455	0.200771816543	0.200017714012	0.187650339242	0.190657148261	0.189857586766	0.198200850733	0.20152005648	0.181920622898	0.169946146941	0.180099803273	0.184835236242	0.184839557427	0.180103938518	0.180316039604	0.18332027746	0.1807183031	0.192539622337	0.189441638591	0.210025940887	0.209748966421	0.194383499425	0.2016660404	0.205163232945	0.221691965432	0.219355650327	0.195927776389	0.196613451412	0.19518673489	0.201146057267	0.202726831783	0.190739970259	0.171909500534
158802708-stool2.freeze11.snv.filtered.bam	0.325593536492	0.332855668967	0.211087154125	0.218984460463	0.217522947323	0.050075584563	0.0	0.0646700172056	0.217808478908	0.215110123999	0.220965503644	0.212708256306	0.327087412224	0.211084434474	0.328828531628	0.194345183034	0.199329402305	0.33287249671	0.333390593607	0.21979715862	0.221332453813	0.204308024135	0.241047133317	0.275305895397	0.271892586863	0.222162098574	0.219872522472	0.220162012363	0.206236911876	0.206289269224	0.186925406035	0.187151559849	0.210376755788	0.206193315503	0.210668570889	0.209999345881	0.207356493974	0.206771496645	0.207693770612	0.215643989674	0.21576241437	0.213573301309	0.212516089411	0.219635544303	0.219589806031	0.219223459366	0.206385488133	0.208969201118	0.208551676889	0.217651552552	0.220181040564	0.201323209266	0.195433909773	0.204081968127	0.20800405529	0.208038808642	0.201828941423	0.202127160109	0.203572477268	0.200265308155	0.211372718218	0.208946513953	0.225855506691	0.225654121398	0.214048549605	0.218297095526	0.221596315041	0.232662873231	0.230896841825	0.215461775705	0.216044451451	0.21501916801	0.216767379691	0.218439626426	0.209060418118	0.19237381715
158802708-stool3.freeze11.snv.filtered.bam	0.333687237112	0.342075406969	0.185359810133	0.193577285168	0.191887274724	0.0292145222517	0.0646700172056	0.0	0.191191429049	0.187722772415	0.198525148177	0.188338362757	0.339194593659	0.185120639591	0.339799985327	0.173719413458	0.176022189018	0.342668699953	0.34366687151	0.197126457329	0.199125349961	0.173259162171	0.225378658972	0.26745500408	0.263244926268	0.200113178683	0.196583230453	0.197022269656	0.174022255477	0.173031914433	0.161330851655	0.159541155257	0.183961990353	0.178729630059	0.183731584758	0.18193446273	0.182182247437	0.174534532694	0.175486427495	0.189743965863	0.189602931935	0.18980195738	0.188447336664	0.194022163322	0.193853369088	0.192501717864	0.180600886185	0.18377392198	0.182477165286	0.191017022116	0.194944569141	0.174315955126	0.159800664315	0.170610465342	0.175634096664	0.175625884458	0.172669938511	0.172864217138	0.180491221709	0.1728886238	0.185585733756	0.181760420627	0.204358141913	0.204060344137	0.186815696836	0.195468545035	0.198752462172	0.217951360995	0.215008726562	0.188339547014	0.189169288825	0.187222767332	0.19527274696	0.196490489478	0.183918810346	0.167231141401
158883629-stool3.freeze11.snv.filtered.bam	0.350195054973	0.358358831783	0.166495420096	0.176506381281	0.177651683468	0.199072225619	0.217808478908	0.191191429049	0.0	0.169770285646	0.177113081865	0.166615891456	0.356843722522	0.153590485013	0.358934853045	0.18260893864	0.181336349071	0.358568885715	0.359638579446	0.175710684399	0.177869770348	0.16451759016	0.206340720115	0.274503772605	0.270171775122	0.178937892909	0.174844165934	0.175549740815	0.187404758259	0.186152781097	0.149813540981	0.146355312254	0.15091656763	0.14605137997	0.150481324312	0.142345194582	0.15744058428	0.187717969148	0.188845364244	0.0111183364588	0.0108728642069	0.175059689947	0.173565059197	0.17672024238	0.176443266322	0.174957356714	0.164172981559	0.167972859224	0.166369877379	0.173059551965	0.17797472499	0.153240183782	0.1751654655	0.188564586243	0.189032635271	0.18905637531	0.15265941281	0.152855128098	0.181653714395	0.15207762877	0.152229169739	0.148158194287	0.164544450768	0.164192611012	0.169428594645	0.17393831919	0.177293141872	0.202915825644	0.199004946761	0.148146566763	0.148675447814	0.14684360378	0.163540056473	0.164465243994	0.160894365105	0.155801518457
158944319-stool3.freeze11.snv.filtered.bam	0.348745122271	0.356878855662	0.168162469087	0.018598255542	0.0235702214545	0.195409193864	0.215110123999	0.187722772415	0.169770285646	0.0	0.173599166076	0.163549863969	0.35572711991	0.162566343885	0.358860601722	0.133084891666	0.0763636309071	0.357138096639	0.358307039177	0.172397336761	0.174356303966	0.17345959819	0.200374799186	0.258071443252	0.253548336075	0.175229653745	0.171129357123	0.171907207418	0.181543764579	0.180408340903	0.162556615074	0.163968151639	0.16018161991	0.155423574534	0.15958313877	0.183723943544	0.151990198102	0.182015885172	0.18322883206	0.169060838305	0.168844326339	0.169350326827	0.16781252886	0.00323947232065	0.00266256496734	0.00148237871647	0.16191536534	0.165523497023	0.164013748436	0.0266028175982	0.0270986046685	0.161814029122	0.16660240465	0.178258970553	0.183226726371	0.183139490835	0.165227159084	0.165350300058	0.205701031479	0.160465733401	0.161447161672	0.157523853486	0.183801823465	0.183483165115	0.00166026803499	0.170550399707	0.173508873776	0.188814046987	0.185361813985	0.190206722727	0.191171675021	0.188833667217	0.170795643576	0.171823104862	0.155962917785	0.159229112583
159207311-stool2.freeze11.snv.filtered.bam	0.34742626277	0.355834439571	0.173467898808	0.179293634931	0.18035217824	0.204726362515	0.220965503644	0.198525148177	0.177113081865	0.173599166076	0.0	0.00163141522896	0.354516126216	0.175242533762	0.351481106473	0.111873824562	0.150657149622	0.355281207248	0.356220883968	0.00215592249014	0.00212698786031	0.186811461293	0.204859258105	0.278833307413	0.274428254886	0.00627177057413	0.0051699907224	0.00541045516775	0.195412821737	0.194842629644	0.0946473942966	0.116219217718	0.172508944111	0.167467333639	0.172654726667	0.197645479854	0.0448768639386	0.195820937786	0.197161041108	0.173500039614	0.173040089775	0.173785043307	0.172282039276	0.18038334431	0.180121356287	0.179029551096	0.163093458483	0.16692320629	0.165792625867	0.169012806785	0.172303106577	0.166427895264	0.189608072558	0.201710920686	0.197434179741	0.197345458368	0.167850212408	0.168018912186	0.2137922176	0.164887942968	0.174067569983	0.17029846071	0.199369303329	0.19902095451	0.17276518567	0.00625148028858	0.00517829778241	0.209385270967	0.205906229154	0.204820443015	0.205346254352	0.20373878478	0.079558544423	0.0802023427436	0.0230208367523	0.174889771205
159207311-stool3.freeze11.snv.filtered.bam	0.344722712628	0.353616406414	0.163231633247	0.170072368669	0.170989020912	0.195136519292	0.212708256306	0.188338362757	0.166615891456	0.163549863969	0.00163141522896	0.0	0.352984540557	0.16533780745	0.349997295193	0.104235575186	0.141927132542	0.353532092958	0.354707449449	0.00174933767564	0.0017852254498	0.177402243698	0.196916274946	0.273084585977	0.268494387174	0.00594715332638	0.00431961764349	0.00455727411037	0.186931906679	0.18585501812	0.0854756777257	0.106273272893	0.162538783164	0.156961068208	0.162320246509	0.188452510501	0.0388837218739	0.187371471394	0.188762166916	0.163384314354	0.162880145089	0.164256328335	0.1625873538	0.17130874633	0.170977054622	0.169399603495	0.152776804143	0.157041782892	0.155471672552	0.159174201009	0.163396410015	0.156157861934	0.179503929259	0.192940304943	0.188883646544	0.188816517086	0.152577167572	0.152738463713	0.204828154377	0.154317571897	0.164316441206	0.159867559507	0.190066322383	0.189734786191	0.162901348766	0.00597165626541	0.00443387697224	0.201222146122	0.196928281875	0.195942888775	0.19666347555	0.194466629044	0.072780600213	0.0730972219821	0.0190385604666	0.163921601567
159369152-stool2.freeze11.snv.filtered.bam	0.238781390614	0.238734499823	0.353599097911	0.353521441901	0.350923448456	0.33539372083	0.327087412224	0.339194593659	0.356843722522	0.35572711991	0.354516126216	0.352984540557	0.0	0.356177354955	0.233474043038	0.339073651452	0.344243793885	0.233745932367	0.233837115797	0.354896681758	0.354254749592	0.347735108627	0.315622705408	0.302725605707	0.302606866696	0.355049247835	0.354016694973	0.353913409166	0.350871206523	0.350639279527	0.351242650649	0.352859872595	0.357797727359	0.35619558596	0.357184256947	0.348255774107	0.346225733695	0.351169891819	0.351694670471	0.356191059677	0.356490219907	0.351415382895	0.351362548959	0.358493748812	0.358387102026	0.357952977114	0.354424298071	0.354654565062	0.354285200122	0.35691209662	0.352212268095	0.354613932135	0.353804603662	0.354265072384	0.351548145736	0.351615012281	0.348023905032	0.348550401661	0.321389963472	0.353763773402	0.35819177979	0.357622642004	0.350534100043	0.350549433982	0.356205204369	0.354115340884	0.35444882856	0.323019803154	0.323150262166	0.349515216141	0.349775041505	0.349213242988	0.342428100036	0.342408885241	0.352570007259	0.352501493759
159490532-stool2.freeze11.snv.filtered.bam	0.3511001719	0.358945539452	0.162354199697	0.169455125927	0.170537106374	0.19195389789	0.211084434474	0.185120639591	0.153590485013	0.162566343885	0.175242533762	0.16533780745	0.356177354955	0.0	0.358234336782	0.179129541831	0.175766359131	0.357969243951	0.358744548231	0.174289545231	0.175754840464	0.173070681354	0.212772166699	0.270765095952	0.266254316503	0.176683097446	0.17329694022	0.174056187356	0.187224020676	0.186879628199	0.16266073651	0.164231222211	0.00557411654405	0.00505711235222	0.00497626885129	0.179096700661	0.157716283527	0.187720969188	0.188947396314	0.152210534259	0.152293206125	0.168316202358	0.166825647505	0.168820676724	0.168686418947	0.167963941315	0.15973076888	0.162859755131	0.161941986941	0.16693013108	0.170712358089	0.150110083648	0.172255630739	0.184212420249	0.189217816115	0.189139189727	0.156055794318	0.156363624353	0.20266878298	0.149348632023	0.00683108033452	0.00633935832569	0.183551829485	0.18326823231	0.162365319359	0.172012104539	0.175573893919	0.207937128457	0.20461867773	0.185761284808	0.186551816481	0.184846932878	0.170316501556	0.172040970079	0.159714006653	0.0975126405407
159551223-stool1.freeze11.snv.filtered.bam	0.229043010235	0.228933949068	0.355949589275	0.355958436667	0.352896056134	0.336241413386	0.328828531628	0.339799985327	0.358934853045	0.358860601722	0.351481106473	0.349997295193	0.233474043038	0.358234336782	0.0	0.336709217264	0.343846816825	0.223466656962	0.223338371889	0.351829129785	0.351526169481	0.349949749345	0.317136726374	0.305210478549	0.305531066406	0.352284121942	0.351140086244	0.351082529153	0.351864485476	0.351600744525	0.34977180538	0.351746771983	0.359759965593	0.358301147244	0.359162952797	0.350260242887	0.344903803038	0.352229827847	0.352803699462	0.358192716309	0.358377001571	0.351962629386	0.351859060755	0.361003912198	0.360921415405	0.360554709628	0.354261810667	0.35482893893	0.354486101346	0.357901343967	0.354034594638	0.355540819101	0.354894508338	0.356304555499	0.35258392445	0.352738306212	0.347582723769	0.348277339099	0.317692962614	0.355064956006	0.359994800405	0.359340728872	0.353045744798	0.353063690768	0.358834630291	0.351334811537	0.35168441367	0.32588527538	0.32540458547	0.35115927275	0.351318047317	0.351024774017	0.342759630223	0.342777036995	0.348878572676	0.354276161383
159571453-stool1.freeze11.snv.filtered.bam	0.330678830646	0.338993195186	0.183648015649	0.139855791764	0.135999243239	0.175829524066	0.194345183034	0.173719413458	0.18260893864	0.133084891666	0.111873824562	0.104235575186	0.339073651452	0.179129541831	0.336709217264	0.0	0.0674218227223	0.335597989317	0.336306563648	0.110745531289	0.112268785884	0.184175281605	0.207575386826	0.268217564239	0.263843346381	0.11409448854	0.111687518059	0.112138174745	0.196970653827	0.197341672524	0.0930850082427	0.11097077881	0.17920344992	0.174582540369	0.179755299258	0.190686436908	0.106482195512	0.197639355239	0.198846042023	0.179901151685	0.179715684367	0.18148215671	0.18012860001	0.138128169608	0.138221631284	0.137955910116	0.172692600918	0.175883735537	0.175685915332	0.137331140702	0.140651191429	0.174894769276	0.187894620477	0.199779865925	0.199357619493	0.199318399667	0.170638426946	0.170829719491	0.157570746317	0.173609055668	0.180373135446	0.177564985548	0.200784104611	0.200580137047	0.132088774643	0.110289337609	0.113631110353	0.205602272419	0.203738021441	0.197488269651	0.198163195491	0.196950273209	0.13229238749	0.134223726431	0.0923599973631	0.155748656622
159571453-stool2.freeze11.snv.filtered.bam	0.336129491255	0.344334192991	0.181798776527	0.0871029693291	0.0840489959633	0.179596948091	0.199329402305	0.176022189018	0.181336349071	0.0763636309071	0.150657149622	0.141927132542	0.344243793885	0.175766359131	0.343846816825	0.0674218227223	0.0	0.342191029437	0.342921757243	0.149457572359	0.15116214169	0.182590095481	0.208113979744	0.264889703441	0.260534074249	0.152330578036	0.149612627948	0.150189550182	0.194011907264	0.194232701303	0.127234080056	0.132183652175	0.175820873048	0.171302547346	0.176170862024	0.19012976253	0.136767244568	0.194694750729	0.195797835525	0.179371839267	0.17925489106	0.180838882521	0.179503698361	0.0802151126792	0.0803069606431	0.0800466301488	0.172798175507	0.176119614235	0.175768098918	0.0901731776068	0.0927549671436	0.173561379206	0.182354073546	0.194034314732	0.196355276959	0.196288323773	0.171961493506	0.172098101113	0.168764188246	0.172320523147	0.176806229896	0.173972998599	0.197048638983	0.196853084805	0.0755577072485	0.14808193521	0.151756756713	0.200334310287	0.198518293046	0.196875943934	0.19760321928	0.19628948121	0.15830705937	0.160286118646	0.132278537132	0.15622088702
159753524-stool2.freeze11.snv.filtered.bam	0.22387929332	0.223803586257	0.35864357559	0.35441804075	0.351283230017	0.339469189724	0.33287249671	0.342668699953	0.358568885715	0.357138096639	0.355281207248	0.353532092958	0.233745932367	0.357969243951	0.223466656962	0.335597989317	0.342191029437	0.0	0.00173570504323	0.355587057644	0.355268184936	0.348020647892	0.319273944774	0.300734568347	0.300930625662	0.356129234413	0.354646250044	0.354615675577	0.3542205033	0.353569054963	0.350886958544	0.352111050775	0.359016522055	0.357156052173	0.358438641145	0.351114896662	0.346615816409	0.354749912787	0.355187951626	0.358304813332	0.358374380738	0.354030739356	0.353788764839	0.359937554091	0.359799519298	0.358940135266	0.355362138116	0.356126855878	0.355392782808	0.356617641455	0.352632439374	0.357520179628	0.356985853844	0.358949278483	0.354863209177	0.355125983028	0.348330521566	0.348736731855	0.310244959891	0.356812787085	0.359821610765	0.358737831194	0.354856623893	0.354856603106	0.357381762446	0.355206394022	0.355124673391	0.328440335794	0.3275227522	0.352395989618	0.352661377837	0.352022414797	0.342794326005	0.341905922783	0.352286455939	0.355159536461
159753524-stool3.freeze11.snv.filtered.bam	0.224040076311	0.223780322014	0.359681501355	0.355093644927	0.352127841661	0.340220755946	0.333390593607	0.34366687151	0.359638579446	0.358307039177	0.356220883968	0.354707449449	0.233837115797	0.358744548231	0.223338371889	0.336306563648	0.342921757243	0.00173570504323	0.0	0.356598733816	0.356153728311	0.348965114223	0.320235826194	0.301627365019	0.301828204133	0.356956177444	0.355843689848	0.35580735764	0.35476167749	0.354585502157	0.351696259542	0.353110405037	0.359841090242	0.358179211091	0.35951653078	0.351919386088	0.347576016662	0.355257065235	0.355783078383	0.359041648322	0.359252619335	0.35461639167	0.354440741399	0.360549408504	0.360446738092	0.360057821998	0.356186993033	0.356904379558	0.356485003688	0.357556642414	0.353438794605	0.358244061727	0.35780248534	0.359544881849	0.355594917397	0.355862466508	0.349094707335	0.349490061205	0.311058028761	0.357626964194	0.360416797575	0.359770966037	0.355371923106	0.355418975985	0.358418516852	0.356040624876	0.356275965685	0.329375824212	0.328704798338	0.353172654295	0.353331793209	0.353036206864	0.343613961391	0.343054098188	0.353286005132	0.356122338137
159814214-stool1.freeze11.snv.filtered.bam	0.347530725377	0.355841006571	0.17235185261	0.178272535202	0.179356209656	0.203400482649	0.21979715862	0.197126457329	0.175710684399	0.172397336761	0.00215592249014	0.00174933767564	0.354896681758	0.174289545231	0.351829129785	0.110745531289	0.149457572359	0.355587057644	0.356598733816	0.0	0.00226509461024	0.185525488589	0.204183648534	0.278410498997	0.273964289941	0.00639745652102	0.00524760069444	0.00549234295781	0.194522537246	0.193862825027	0.0934425396626	0.114828217455	0.171586161116	0.166321930313	0.171636260447	0.196427896121	0.0442589576822	0.194944383074	0.196264221844	0.172237875092	0.171881930504	0.172448318595	0.170810711874	0.179349469186	0.179094055567	0.1779174169	0.16166875155	0.165443350811	0.164287751002	0.167826066576	0.171480143798	0.165304714438	0.188411121797	0.200932877856	0.196513772463	0.196430682979	0.1658193896	0.165965522767	0.212723759498	0.163588067215	0.173198508021	0.169256945883	0.198249336982	0.197904558584	0.17153534277	0.00645015747583	0.00528497202504	0.208407949049	0.204853982234	0.203624771336	0.204241405333	0.202449481151	0.0787786951977	0.0793482275181	0.0226330104724	0.173457391147
159814214-stool2.freeze11.snv.filtered.bam	0.34727587084	0.355539848012	0.174125607058	0.179882260934	0.180964758401	0.205218111489	0.221332453813	0.199125349961	0.177869770348	0.174356303966	0.00212698786031	0.0017852254498	0.354254749592	0.175754840464	0.351526169481	0.112268785884	0.15116214169	0.355268184936	0.356153728311	0.00226509461024	0.0	0.187506654517	0.205324458809	0.279290134796	0.274915666337	0.00628407303461	0.00531715697925	0.0055577969023	0.195928616993	0.195500315965	0.0952999731214	0.116831081404	0.173272133762	0.168205577476	0.17335128614	0.198346952122	0.0456825999699	0.196324867258	0.197697547494	0.174178159423	0.173854018886	0.174521009835	0.172906564868	0.180964199147	0.180754747811	0.179784789077	0.16391220443	0.167617495396	0.166594059577	0.169695045489	0.173021190777	0.167262589921	0.190564094012	0.202467708997	0.197938681357	0.197856607852	0.168719396382	0.168948429355	0.214262205909	0.165690823746	0.174661740411	0.171041148253	0.199960094564	0.199683871966	0.173501097586	0.00640379069525	0.00528991200324	0.210023230826	0.206481652579	0.205369472599	0.205982744627	0.20435413805	0.0801662422657	0.0808446981541	0.0234721598626	0.175495107071
160158126-stool2.freeze11.snv.filtered.bam	0.342259556494	0.350234756858	0.17570301501	0.17856841235	0.179589545694	0.181801608326	0.204308024135	0.173259162171	0.16451759016	0.17345959819	0.186811461293	0.177402243698	0.347735108627	0.173070681354	0.349949749345	0.184175281605	0.182590095481	0.348020647892	0.348965114223	0.185525488589	0.187506654517	0.0	0.209418454844	0.260060786618	0.255576021965	0.18836114431	0.185063197773	0.185496584873	0.150294864391	0.149463048178	0.132657352186	0.120522527545	0.170543531653	0.165873839152	0.17064707772	0.0775472409424	0.168333990377	0.150557730144	0.151869359655	0.163385478164	0.162993407116	0.182167104681	0.180859245197	0.179596502725	0.179357056847	0.178272059869	0.172357268229	0.175976688288	0.174929197523	0.17584062207	0.178219503157	0.167850269336	0.13671689258	0.146732327085	0.1520994155	0.152075572379	0.163946794137	0.164151851371	0.143052653861	0.166668477437	0.172362908016	0.168869832227	0.184615338892	0.184326095997	0.171843878224	0.183697249465	0.187156852144	0.203511118892	0.200628039651	0.0811309926418	0.0816451974231	0.0801009681609	0.180517136408	0.181940166726	0.17084004146	0.170721544307
160178356-stool2.freeze11.snv.filtered.bam	0.310661148477	0.317910590139	0.217994128029	0.206864614751	0.206920446101	0.229596525816	0.241047133317	0.225378658972	0.206340720115	0.200374799186	0.204859258105	0.196916274946	0.315622705408	0.212772166699	0.317136726374	0.207575386826	0.208113979744	0.319273944774	0.320235826194	0.204183648534	0.205324458809	0.209418454844	0.0	0.25743875291	0.253626459567	0.206729059099	0.203419998707	0.203524644753	0.225846964597	0.224687031381	0.197425313347	0.199140595469	0.211397940555	0.207034096326	0.210703321289	0.213786524352	0.191094308721	0.226147368958	0.227189690302	0.205954566751	0.205746491691	0.218186864518	0.216943619249	0.206770143355	0.206504862595	0.205024513708	0.21342352351	0.216088221719	0.214764673123	0.202639890896	0.20471748531	0.211556209504	0.216890063523	0.225697528455	0.227240014353	0.227326413734	0.208396399021	0.208676546723	0.221582961525	0.210534568712	0.212683343809	0.209395152496	0.215880012769	0.215622086878	0.200370608834	0.203091311442	0.20513908696	0.131422092645	0.129324714161	0.218793468143	0.219638012945	0.217802500292	0.195898445605	0.196037235641	0.191282812565	0.207631628889
160380657-stool1.freeze11.snv.filtered.bam	0.304802711204	0.309053915869	0.272198572535	0.261552848477	0.260909472415	0.269341406429	0.275305895397	0.26745500408	0.274503772605	0.258071443252	0.278833307413	0.273084585977	0.302725605707	0.270765095952	0.305210478549	0.268217564239	0.264889703441	0.300734568347	0.301627365019	0.278410498997	0.279290134796	0.260060786618	0.25743875291	0.0	0.0010120760651	0.279607755123	0.27687536122	0.277127437067	0.27527789413	0.274087371514	0.266398346167	0.266389654415	0.270281646851	0.266788505021	0.269616943651	0.265294910239	0.265903933975	0.275738826992	0.276320682708	0.273649346571	0.273395880256	0.271909188419	0.270895862482	0.262745931894	0.26252997965	0.261320137659	0.269164864696	0.270849516257	0.269587892056	0.265003652891	0.262706637251	0.269108416486	0.267946436414	0.274140588619	0.276210067273	0.276220599925	0.263189479045	0.263496579316	0.266262083401	0.268327074996	0.271386442182	0.268741230149	0.272469248436	0.272291129172	0.258668087715	0.276716994872	0.278221630574	0.248885037856	0.24696948889	0.268762822969	0.269126170009	0.267865759229	0.267551723265	0.2674931178	0.269643095856	0.264735255854
160380657-stool3.freeze11.snv.filtered.bam	0.304761827843	0.309108652065	0.268015922368	0.257265495978	0.256628497879	0.265289278311	0.271892586863	0.263244926268	0.270171775122	0.253548336075	0.274428254886	0.268494387174	0.302606866696	0.266254316503	0.305531066406	0.263843346381	0.260534074249	0.300930625662	0.301828204133	0.273964289941	0.274915666337	0.255576021965	0.253626459567	0.0010120760651	0.0	0.275254058453	0.27237746338	0.27268654288	0.271534502571	0.270350424145	0.261791176121	0.26171029837	0.265815860824	0.26221137175	0.265035565742	0.261000351022	0.261119188719	0.272014974513	0.272661059141	0.269438315865	0.269226795365	0.267659780033	0.26658011446	0.258398335303	0.258162656108	0.256880833844	0.264705617382	0.266477165391	0.265142076283	0.25990491018	0.258428115988	0.26451479452	0.263768605773	0.270317997288	0.272531949195	0.272548179496	0.257932060548	0.258254014437	0.262128561571	0.263641477801	0.266842403524	0.264082329302	0.268448176226	0.268297767641	0.254138696436	0.272321471276	0.273805045853	0.245437322615	0.243356923905	0.264746834182	0.265161727473	0.263753360097	0.262855754215	0.262790232142	0.264740559046	0.260111977415
160582958-stool1.freeze11.snv.filtered.bam	0.347849517631	0.356104349708	0.175371679747	0.180674729761	0.181694412374	0.206058831944	0.222162098574	0.200113178683	0.178937892909	0.175229653745	0.00627177057413	0.00594715332638	0.355049247835	0.176683097446	0.352284121942	0.11409448854	0.152330578036	0.356129234413	0.356956177444	0.00639745652102	0.00628407303461	0.18836114431	0.206729059099	0.279607755123	0.275254058453	0.0	0.00225742105998	0.00243935596395	0.196342850266	0.196080030311	0.0973298533471	0.118663193276	0.174231596268	0.16917914512	0.17442334232	0.198965900366	0.0488314523795	0.196737610746	0.198120174314	0.175150152977	0.174888877628	0.175364167995	0.173749291724	0.181670527729	0.181476443644	0.180661906719	0.16475657379	0.168524655215	0.167643508658	0.170676851051	0.173944996031	0.168208499116	0.190982172919	0.202864982447	0.198461785168	0.198353300488	0.169537869131	0.169787519544	0.214812603171	0.166628022881	0.175516068785	0.17206569555	0.20073902303	0.200479786355	0.174378769962	0.00359128423266	0.00246900558275	0.211529364078	0.208148193876	0.205934196162	0.206535168213	0.205045776056	0.0831447240461	0.0839939872416	0.0267790419225	0.176379525296
160582958-stool2.freeze11.snv.filtered.bam	0.346808748845	0.355276289216	0.171709089065	0.177571739616	0.178401346398	0.203146802827	0.219872522472	0.196583230453	0.174844165934	0.171129357123	0.0051699907224	0.00431961764349	0.354016694973	0.17329694022	0.351140086244	0.111687518059	0.149612627948	0.354646250044	0.355843689848	0.00524760069444	0.00531715697925	0.185063197773	0.203419998707	0.27687536122	0.27237746338	0.00225742105998	0.0	0.00101735825248	0.193700318335	0.192566597385	0.0939515311732	0.114767241504	0.170635882406	0.165220241158	0.170299136208	0.195899675639	0.0453860966825	0.194113612884	0.195392870765	0.171713544906	0.171253877942	0.172156601049	0.170526014409	0.178636209144	0.178311274628	0.176697966432	0.161258452608	0.165179314868	0.163616535836	0.166711037882	0.170482106768	0.164834152285	0.187620150093	0.200037376254	0.195472816959	0.195380471411	0.165815585698	0.165964027526	0.212325566648	0.163066816429	0.172300124513	0.168007612302	0.197884910286	0.197550989015	0.170689714397	0.00285156109104	0.00105922132249	0.20871885064	0.204701929197	0.202993608021	0.203718628894	0.201542146438	0.0800981477521	0.0803120814271	0.024042670024	0.172599440477
160582958-stool3.freeze11.snv.filtered.bam	0.346782233267	0.355225311383	0.172281505261	0.178286571552	0.179137936871	0.203531669024	0.220162012363	0.197022269656	0.175549740815	0.171907207418	0.00541045516775	0.00455727411037	0.353913409166	0.174056187356	0.351082529153	0.112138174745	0.150189550182	0.354615675577	0.35580735764	0.00549234295781	0.0055577969023	0.185496584873	0.203524644753	0.277127437067	0.27268654288	0.00243935596395	0.00101735825248	0.0	0.194126556482	0.192987688045	0.0944264943546	0.115202385942	0.171420533753	0.166060256003	0.171110595745	0.196205758455	0.0459422979976	0.194539966219	0.195824382479	0.172394562334	0.171947321367	0.172804195593	0.171193161923	0.179330781001	0.179014192439	0.177395508263	0.161962376398	0.165837839714	0.164262535833	0.167636241208	0.17125131582	0.165633439275	0.188228175577	0.200516302043	0.195902349942	0.195799496889	0.166773940947	0.166921474029	0.212652255636	0.163919354473	0.173092813583	0.168791193397	0.198385966409	0.198063280289	0.171418889025	0.00303691336367	0.00125391723073	0.209000294548	0.20504307443	0.203282198053	0.203988870614	0.201820882613	0.0806615885877	0.0808910233869	0.0245048300943	0.173321511689
338793263-stool1.freeze11.snv.filtered.bam	0.34549000831	0.353081338219	0.186840150196	0.188934703323	0.190218785961	0.183085011051	0.206236911876	0.174022255477	0.187404758259	0.181543764579	0.195412821737	0.186931906679	0.350871206523	0.187224020676	0.351864485476	0.196970653827	0.194011907264	0.3542205033	0.35476167749	0.194522537246	0.195928616993	0.150294864391	0.225846964597	0.27527789413	0.271534502571	0.196342850266	0.193700318335	0.194126556482	0.0	0.00202126474536	0.16881098393	0.165243699487	0.185133977352	0.180872794686	0.185371542303	0.15937931168	0.178934811403	0.00290586069442	0.00332597056268	0.185597026564	0.185486629446	0.19261541127	0.191275121658	0.187465744247	0.187386639031	0.186915792079	0.184474134805	0.187483699898	0.187007630903	0.185037010665	0.18744382135	0.178804045078	0.0332416549901	0.0347300765681	0.00280781429556	0.00280624057881	0.179503523765	0.179782854221	0.194878324677	0.177658142964	0.186533317678	0.183787889278	0.195861860662	0.195611039519	0.181456938986	0.191915679752	0.195473737726	0.219441207175	0.216203790607	0.165116933239	0.165708859532	0.164633488312	0.197244099451	0.198910589402	0.180935297533	0.184880545877
338793263-stool2.freeze11.snv.filtered.bam	0.345110183144	0.352979094316	0.185974941967	0.188800349154	0.189765066519	0.182705799068	0.206289269224	0.173031914433	0.186152781097	0.180408340903	0.194842629644	0.18585501812	0.350639279527	0.186879628199	0.351600744525	0.197341672524	0.194232701303	0.353569054963	0.354585502157	0.193862825027	0.195500315965	0.149463048178	0.224687031381	0.274087371514	0.270350424145	0.196080030311	0.192566597385	0.192987688045	0.00202126474536	0.0	0.168472217193	0.16429075133	0.184575652161	0.179982606928	0.18417587213	0.158656046507	0.178206302076	0.00245258425044	0.00264490987333	0.185094657348	0.184752972931	0.192482230722	0.191158561285	0.187548279717	0.187286708407	0.185754118332	0.184078944818	0.187253725647	0.185886478649	0.184210821941	0.186940955606	0.178543325823	0.0322798227361	0.0340981659899	0.00186955955533	0.00183667806121	0.179336554488	0.179507986255	0.19475420721	0.177197394503	0.186465729475	0.182707619459	0.195763060682	0.195435506643	0.180707581331	0.19158046576	0.194409642352	0.218871802073	0.215129424826	0.164342138312	0.165139379457	0.163231723231	0.196848311228	0.197765947372	0.18031250569	0.184098331716
675950834-stool1.freeze11.snv.filtered.bam	0.34339611476	0.352004787654	0.165814953308	0.16861439086	0.168268711997	0.165882622973	0.186925406035	0.161330851655	0.149813540981	0.162556615074	0.0946473942966	0.0854756777257	0.351242650649	0.16266073651	0.34977180538	0.0930850082427	0.127234080056	0.350886958544	0.351696259542	0.0934425396626	0.0952999731214	0.132657352186	0.197425313347	0.266398346167	0.261791176121	0.0973298533471	0.0939515311732	0.0944264943546	0.16881098393	0.168472217193	0.0	0.0318837184156	0.160554118306	0.155113144483	0.160968751072	0.127315023494	0.0893912995336	0.169270144881	0.170572754852	0.147239308937	0.146929394637	0.167064063836	0.165627859948	0.169248924775	0.169128419765	0.16826539064	0.156484646103	0.160301013705	0.159581903721	0.161130384885	0.165515266172	0.153819013309	0.157858259607	0.171024729522	0.171020622606	0.170966107042	0.149048510206	0.149195556716	0.140808891845	0.152306969058	0.162359890419	0.158620125511	0.181099585749	0.18080012338	0.161449014255	0.0925700605746	0.0960877974475	0.196749710972	0.193476233386	0.134657271367	0.135320152964	0.133670736105	0.11554318784	0.117266655488	0.0742212893148	0.14287281936
