	158337416-tonguedorsum1.freeze11.snv.filtered.bam	158458797-tonguedorsum1.freeze11.snv.filtered.bam	158458797-tonguedorsum2.freeze11.snv.filtered.bam	158883629-tonguedorsum1.freeze11.snv.filtered.bam	158883629-tonguedorsum3.freeze11.snv.filtered.bam	159227541-tonguedorsum3.freeze11.snv.filtered.bam	159268001-tonguedorsum1.freeze11.snv.filtered.bam	159268001-tonguedorsum2.freeze11.snv.filtered.bam	159268001-tonguedorsum3.freeze11.snv.filtered.bam	159551223-tonguedorsum1.freeze11.snv.filtered.bam	159551223-tonguedorsum2.freeze11.snv.filtered.bam	160178356-tonguedorsum2.freeze11.snv.filtered.bam	160178356-tonguedorsum3.freeze11.snv.filtered.bam	160502038-tonguedorsum1.freeze11.snv.filtered.bam	160502038-tonguedorsum2.freeze11.snv.filtered.bam	160502038-tonguedorsum3.freeze11.snv.filtered.bam	160582958-tonguedorsum1.freeze11.snv.filtered.bam	160582958-tonguedorsum2.freeze11.snv.filtered.bam	160582958-tonguedorsum3.freeze11.snv.filtered.bam	160603188-tonguedorsum2.freeze11.snv.filtered.bam	160603188-tonguedorsum3.freeze11.snv.filtered.bam	246515023-tonguedorsum1.freeze11.snv.filtered.bam	338793263-tonguedorsum2.freeze11.snv.filtered.bam	508703490-tonguedorsum1.freeze11.snv.filtered.bam	508703490-tonguedorsum2.freeze11.snv.filtered.bam	550534656-tonguedorsum2.freeze11.snv.filtered.bam	550534656-tonguedorsum3.freeze11.snv.filtered.bam	604812005-tonguedorsum3.freeze11.snv.filtered.bam	638754422-tonguedorsum1.freeze11.snv.filtered.bam	638754422-tonguedorsum2.freeze11.snv.filtered.bam	638754422-tonguedorsum3.freeze11.snv.filtered.bam	663835652-tonguedorsum2.freeze11.snv.filtered.bam	663835652-tonguedorsum3.freeze11.snv.filtered.bam	675950834-tonguedorsum1.freeze11.snv.filtered.bam	675950834-tonguedorsum2.freeze11.snv.filtered.bam	675950834-tonguedorsum3.freeze11.snv.filtered.bam	686765762-tonguedorsum3.freeze11.snv.filtered.bam	737052003-tonguedorsum1.freeze11.snv.filtered.bam	737052003-tonguedorsum2.freeze11.snv.filtered.bam	763577454-tonguedorsum1.freeze11.snv.filtered.bam	763577454-tonguedorsum2.freeze11.snv.filtered.bam	763820215-tonguedorsum2.freeze11.snv.filtered.bam	763901136-tonguedorsum2.freeze11.snv.filtered.bam	763961826-tonguedorsum2.freeze11.snv.filtered.bam	764083206-tonguedorsum1.freeze11.snv.filtered.bam	764143897-tonguedorsum1.freeze11.snv.filtered.bam	764285508-tonguedorsum2.freeze11.snv.filtered.bam	764305738-tonguedorsum1.freeze11.snv.filtered.bam	764325968-tonguedorsum1.freeze11.snv.filtered.bam	764325968-tonguedorsum2.freeze11.snv.filtered.bam	764366428-tonguedorsum2.freeze11.snv.filtered.bam	764366428-tonguedorsum3.freeze11.snv.filtered.bam	764447348-tonguedorsum1.freeze11.snv.filtered.bam	764487809-tonguedorsum2.freeze11.snv.filtered.bam	764588959-tonguedorsum2.freeze11.snv.filtered.bam	764649650-tonguedorsum2.freeze11.snv.filtered.bam	764811490-tonguedorsum1.freeze11.snv.filtered.bam	764811490-tonguedorsum2.freeze11.snv.filtered.bam	765013792-tonguedorsum2.freeze11.snv.filtered.bam	765013792-tonguedorsum3.freeze11.snv.filtered.bam	765074482-tonguedorsum1.freeze11.snv.filtered.bam	765074482-tonguedorsum3.freeze11.snv.filtered.bam	765094712-tonguedorsum1.freeze11.snv.filtered.bam	765094712-tonguedorsum2.freeze11.snv.filtered.bam	765135172-tonguedorsum1.freeze11.snv.filtered.bam	765337473-tonguedorsum1.freeze11.snv.filtered.bam	823052294-tonguedorsum1.freeze11.snv.filtered.bam	823052294-tonguedorsum3.freeze11.snv.filtered.bam	857980665-tonguedorsum2.freeze11.snv.filtered.bam	857980665-tonguedorsum3.freeze11.snv.filtered.bam	861967750-tonguedorsum1.freeze11.snv.filtered.bam	861967750-tonguedorsum2.freeze11.snv.filtered.bam
158337416-tonguedorsum1.freeze11.snv.filtered.bam	0.0	0.148403605363	0.157439422412	0.182364267364	0.180860470809	0.147111658785	0.156940670911	0.157824583986	0.156517352178	0.162142455389	0.160020283823	0.153751901651	0.159891456024	0.157429840962	0.156818104625	0.154511488398	0.178742670632	0.183118402305	0.182770114987	0.153091118045	0.154681337872	0.161638417961	0.148940563931	0.18045718352	0.182834905124	0.155537419031	0.154090634988	0.148161960782	0.150485942075	0.152542753488	0.152186481951	0.162032073191	0.159715177342	0.156038792433	0.157019642454	0.155057943479	0.155191015825	0.184298991219	0.161416615607	0.219795242767	0.22472266316	0.150253737409	0.16018661179	0.168337267681	0.145288955838	0.232673757038	0.148976273006	0.159842829348	0.151388249075	0.150869098046	0.154045152312	0.150343690732	0.152267670621	0.157292903777	0.154871292987	0.157229015313	0.15318628068	0.151395446068	0.156093560221	0.153367293745	0.154935095519	0.165214925671	0.205020186535	0.205083921802	0.157610347342	0.148837649403	0.154044337079	0.156884484684	0.213546586658	0.203091973951	0.164290972037	0.165418319704
158458797-tonguedorsum1.freeze11.snv.filtered.bam	0.148403605363	0.0	0.112256808129	0.179314773171	0.177945483017	0.135427899335	0.152849022666	0.151569079373	0.152409615747	0.149729386833	0.146568981981	0.141808435302	0.151666780564	0.151779991983	0.147836679869	0.147662047701	0.176684937745	0.181029369739	0.180606488244	0.145724132788	0.149259374391	0.150981257285	0.138908665544	0.172770028509	0.175299996365	0.152979386048	0.149966605947	0.136217266852	0.143334666496	0.146368589806	0.145346242886	0.152757725786	0.154487714997	0.145225477503	0.145965040693	0.144954019871	0.149121365374	0.180051000603	0.155118448958	0.21262958888	0.217955039616	0.135478237341	0.153966914085	0.165043747348	0.135070612727	0.228264098307	0.140285752452	0.151377676262	0.142710081902	0.141918531354	0.142644309862	0.140003488051	0.149686404135	0.161061015561	0.151278604565	0.148526047144	0.143442483384	0.142227697386	0.14841120791	0.14622344188	0.141964447159	0.144924784256	0.199029673185	0.199368836561	0.153980488631	0.138924345048	0.143321050467	0.144893955955	0.205387720384	0.19365151948	0.154987774249	0.15660841572
158458797-tonguedorsum2.freeze11.snv.filtered.bam	0.157439422412	0.112256808129	0.0	0.184837042828	0.183713531402	0.143960478907	0.160623262418	0.15965060629	0.158342998862	0.156168903984	0.153403719786	0.149798139571	0.159423316742	0.157159459561	0.154872225788	0.154045907921	0.182529047531	0.18684281738	0.186342867012	0.152593788241	0.155754441566	0.158916088874	0.144326159122	0.180585488176	0.183067392789	0.161501982674	0.158839028529	0.146624253893	0.150391869607	0.153509765082	0.152567522044	0.162709955004	0.16230816122	0.153576199629	0.154800578605	0.152802384077	0.153858260794	0.185623357124	0.159525292928	0.218447889081	0.223833205673	0.145227014514	0.163099393318	0.170479417746	0.14312148127	0.231350896986	0.148749072687	0.155027712593	0.150448030983	0.148803099382	0.14938755697	0.147539936501	0.156552050074	0.164607302012	0.157549811451	0.156051057915	0.151620311883	0.149885178632	0.155271338402	0.153938540037	0.14875722329	0.127703206138	0.205171275164	0.204057856344	0.163817776932	0.147121325546	0.150379232501	0.152366330122	0.213538251671	0.202346380587	0.160414042804	0.162526424306
158883629-tonguedorsum1.freeze11.snv.filtered.bam	0.182364267364	0.179314773171	0.184837042828	0.0	0.00824006597216	0.179947249546	0.189982944945	0.185720209095	0.182852491696	0.187055880635	0.185426221385	0.183794397763	0.189571661763	0.184761206257	0.184651821658	0.183138503626	0.201245283445	0.204763721923	0.204386674644	0.185664450141	0.186752942819	0.192887378537	0.175814935539	0.202333904558	0.204416009202	0.185696031828	0.184687959623	0.179847528798	0.181860367442	0.184218058382	0.183609427527	0.191149022691	0.188535125682	0.189232872821	0.189266961769	0.188554463738	0.180868328061	0.208145728351	0.19157280593	0.238176164657	0.242171422271	0.179327519381	0.194232933948	0.196045356845	0.178488373115	0.244943012613	0.178283912643	0.185891648886	0.180631505337	0.180255196468	0.184998508879	0.181853598055	0.181114871505	0.186049971443	0.183655730535	0.182453555678	0.180902213598	0.17811486084	0.184920504581	0.183222774547	0.183226463374	0.19091636545	0.222200209014	0.221996157475	0.189391993439	0.177743982285	0.182435891717	0.185136122302	0.235161253565	0.226267933849	0.192465512831	0.192994807281
158883629-tonguedorsum3.freeze11.snv.filtered.bam	0.180860470809	0.177945483017	0.183713531402	0.00824006597216	0.0	0.177806937667	0.188810165582	0.183827105587	0.181156398189	0.185239171741	0.183688815436	0.182277116426	0.187960185618	0.18348497577	0.183227531083	0.181817242196	0.200631700122	0.204135573995	0.203807706361	0.184366999449	0.185674355078	0.190995513552	0.174692301282	0.201647126876	0.203630919698	0.18440685615	0.183262338779	0.178113419594	0.179903715735	0.182460725774	0.181777130553	0.189206134507	0.187171714294	0.187527973602	0.187557052568	0.186941156164	0.179635544779	0.207518840639	0.190036137796	0.237204803351	0.24140245001	0.177921365716	0.192991909955	0.195246451032	0.176745970348	0.244346357983	0.176111055487	0.184516806592	0.179114018545	0.178973196483	0.183186030818	0.180116755525	0.179863003783	0.184899198763	0.18251098844	0.181140774299	0.179054811075	0.17663856888	0.183296625234	0.181411559914	0.18146486231	0.189480072176	0.221312577367	0.221188143673	0.188185227474	0.176089167428	0.180215278489	0.183234374204	0.234167025725	0.22508989634	0.190562533358	0.191459003801
159227541-tonguedorsum3.freeze11.snv.filtered.bam	0.147111658785	0.135427899335	0.143960478907	0.179947249546	0.177806937667	0.0	0.153909457142	0.150545007727	0.153562289751	0.139498605015	0.135575975523	0.124921828374	0.144037089119	0.14083578396	0.132465577736	0.134145288771	0.173482468942	0.178784798004	0.178620803478	0.130409286699	0.141040621561	0.129344810803	0.132697076937	0.173211308639	0.17575040071	0.151234803778	0.147377853519	0.122593168753	0.128275673293	0.13752033818	0.131208875698	0.143787055953	0.155960048638	0.11812470207	0.121108506541	0.121497508991	0.15251451407	0.170458043766	0.157635391879	0.196731907093	0.203548834062	0.123651243182	0.149879314733	0.162523739689	0.123454345443	0.220261553768	0.131594406394	0.145869850224	0.13300304375	0.127464055256	0.122175288633	0.12251028193	0.146437953033	0.159810601344	0.151444812843	0.146399609831	0.134981012303	0.137285283339	0.13528379034	0.137380494105	0.141277462421	0.162931799538	0.192178008828	0.19283309653	0.148444827599	0.127593814725	0.126858350603	0.133751448198	0.194155422986	0.181527091262	0.140084813349	0.148599277483
159268001-tonguedorsum1.freeze11.snv.filtered.bam	0.156940670911	0.152849022666	0.160623262418	0.189982944945	0.188810165582	0.153909457142	0.0	0.128121475672	0.118408502487	0.163942696308	0.161896537479	0.159817976302	0.163949158093	0.165958883854	0.164539873388	0.163562330894	0.184758797308	0.188659597299	0.188222552636	0.160706965204	0.161867312867	0.167638125432	0.148915236593	0.185879242319	0.188298887993	0.156243500128	0.154896400267	0.150266156811	0.156059490516	0.157491447547	0.159146459544	0.168163584544	0.163394374043	0.163578849568	0.163927716242	0.163094669084	0.15685929188	0.188818143123	0.161353657813	0.226525778205	0.231926249369	0.157639685764	0.166309023744	0.172384155629	0.148897131746	0.237525438545	0.154404225281	0.161260210806	0.153339396033	0.155292150635	0.161588925526	0.15857159266	0.155592918976	0.165119558474	0.159992669344	0.162110255856	0.157330683796	0.156658715776	0.160303770992	0.157904547044	0.156117552835	0.169478307838	0.207838503229	0.207827820132	0.16499664014	0.152226605545	0.160037863289	0.160247638357	0.220197324731	0.209645449884	0.166840373861	0.166212358864
159268001-tonguedorsum2.freeze11.snv.filtered.bam	0.157824583986	0.151569079373	0.15965060629	0.185720209095	0.183827105587	0.150545007727	0.128121475672	0.0	0.0264095301898	0.155982827038	0.152852369576	0.156854144161	0.165096707455	0.159508832556	0.158299180535	0.157467253281	0.182941833426	0.187021093739	0.186855083151	0.15764936019	0.162517546815	0.162834248776	0.146935715602	0.187328280251	0.189732781243	0.159105280694	0.157360012889	0.143932519654	0.154241527102	0.156758924773	0.155341449869	0.160140439387	0.157489282502	0.158389570003	0.160173045953	0.158052715456	0.155626752734	0.190732424928	0.165602089363	0.222741888223	0.227906105218	0.149445871034	0.165789331526	0.172007683227	0.145703353407	0.233628505875	0.152931150198	0.161367609893	0.149353240991	0.151682880981	0.156302300594	0.152946039248	0.157544486573	0.162929954591	0.160550932329	0.161172763907	0.153580409042	0.15144055739	0.160406076731	0.1570504905	0.153781007794	0.167636339306	0.209345238675	0.210176021931	0.167295271059	0.143458222292	0.148151734158	0.150925887134	0.218629242745	0.207442009064	0.166028002606	0.167395804789
159268001-tonguedorsum3.freeze11.snv.filtered.bam	0.156517352178	0.152409615747	0.158342998862	0.182852491696	0.181156398189	0.153562289751	0.118408502487	0.0264095301898	0.0	0.15605537901	0.153242504538	0.158346030894	0.164292266198	0.15972634702	0.159981421242	0.158367322747	0.180119745655	0.184115420918	0.183859325219	0.158989234203	0.162898422401	0.1646697291	0.146363747997	0.184380628823	0.186851301445	0.155842489685	0.154524129532	0.145254437617	0.154401800233	0.155958522667	0.155902621309	0.159996117164	0.155171189905	0.160964989218	0.161712165628	0.1593791858	0.152242787808	0.189841236525	0.162969092438	0.221806034832	0.227004023977	0.15084559955	0.163836429362	0.16999371732	0.146111714646	0.229684107855	0.152466322089	0.161203633619	0.149994653949	0.152832410382	0.158150350231	0.153811532084	0.154542264863	0.159240863554	0.158294386822	0.159047498731	0.15373872901	0.150222252107	0.160550721956	0.156841700529	0.151658724052	0.165401450521	0.207088639486	0.207720035674	0.164538220343	0.144075723176	0.150008115146	0.151156531387	0.216666590698	0.205369510535	0.166624190264	0.16590528062
159551223-tonguedorsum1.freeze11.snv.filtered.bam	0.162142455389	0.149729386833	0.156168903984	0.187055880635	0.185239171741	0.139498605015	0.163942696308	0.155982827038	0.15605537901	0.0	0.0221936120215	0.142726084657	0.153157831368	0.15601920043	0.149617260004	0.150045800733	0.181765404138	0.18660338767	0.186344724425	0.144958336269	0.152346916588	0.150531189759	0.14582949225	0.182964287325	0.185476458198	0.158826905967	0.156613738554	0.142022973775	0.143582713192	0.150904970536	0.144016550001	0.159038107074	0.163548117984	0.148995138928	0.149426893813	0.149926017988	0.15723758004	0.186539760936	0.166492391844	0.215576265356	0.221718254074	0.14126957366	0.162997431668	0.172111668389	0.139022190148	0.230624595366	0.148655211379	0.154504641385	0.140637772969	0.140779807001	0.144962565	0.143741824826	0.156715257648	0.16578802409	0.159774999582	0.15396188964	0.152727856356	0.15199498819	0.148730525832	0.151878047211	0.152518097898	0.168500945107	0.206178115253	0.206473471413	0.164480131975	0.143972476113	0.127818659043	0.12896164395	0.211198529468	0.199457714569	0.150878686054	0.154750361683
159551223-tonguedorsum2.freeze11.snv.filtered.bam	0.160020283823	0.146568981981	0.153403719786	0.185426221385	0.183688815436	0.135575975523	0.161896537479	0.152852369576	0.153242504538	0.0221936120215	0.0	0.138958275475	0.151072530602	0.152977477572	0.146275042753	0.146859851719	0.179660001984	0.184583412989	0.184335065248	0.141745087232	0.149855635792	0.14770462935	0.14339616655	0.180832922169	0.183325378379	0.155547134935	0.153203067214	0.138290930696	0.14074224304	0.148479797584	0.14123175431	0.156239181065	0.161034560758	0.14528595691	0.145910684162	0.146561372982	0.154799228966	0.183681651039	0.164220822278	0.213055352854	0.219268076085	0.137001963215	0.159521148869	0.17011175787	0.135799264882	0.229331144495	0.145327280402	0.152967669219	0.136264449523	0.137257239298	0.140782030793	0.139587383133	0.15445315622	0.164116743659	0.158179576052	0.152689691078	0.149110831444	0.149396092338	0.145118949038	0.148426337438	0.149762970952	0.166747810695	0.203772280938	0.20428402847	0.16092336141	0.140542164549	0.121150658052	0.122355353726	0.208321631806	0.196392843236	0.148728709185	0.153770519488
160178356-tonguedorsum2.freeze11.snv.filtered.bam	0.153751901651	0.141808435302	0.149798139571	0.183794397763	0.182277116426	0.124921828374	0.159817976302	0.156854144161	0.158346030894	0.142726084657	0.138958275475	0.0	0.0523592114407	0.148992859804	0.140705948691	0.142551219979	0.177192835586	0.181826620818	0.181753975057	0.138704378047	0.148022153187	0.139574539796	0.140591044542	0.178607819233	0.181001993654	0.156980244672	0.153134165483	0.129163026101	0.131331970619	0.138917841464	0.132215448596	0.153245732665	0.162225399233	0.130328425486	0.133342749649	0.132272430077	0.153457448916	0.179001340128	0.162357056533	0.20606115272	0.213141743045	0.132629890727	0.155254272623	0.166882108676	0.128239167929	0.22772635813	0.135441102584	0.147946045031	0.137680139004	0.132271997897	0.130810235335	0.130648324853	0.152239418016	0.162131986228	0.156374600378	0.147756809816	0.141451339357	0.143888578093	0.140341702895	0.142803154938	0.148252025054	0.16696650275	0.195065535209	0.195510555036	0.155564343847	0.134494275451	0.132735026668	0.140346288471	0.200245440664	0.188520849207	0.146294502751	0.153793409834
160178356-tonguedorsum3.freeze11.snv.filtered.bam	0.159891456024	0.151666780564	0.159423316742	0.189571661763	0.187960185618	0.144037089119	0.163949158093	0.165096707455	0.164292266198	0.153157831368	0.151072530602	0.0523592114407	0.0	0.160553959461	0.155355091223	0.155711596693	0.180686022825	0.184819685693	0.184728446618	0.153142658233	0.158647280755	0.154391699577	0.148753816131	0.184509297313	0.186268909084	0.161384429285	0.158089453262	0.144974101752	0.14528262685	0.149473815768	0.146416791811	0.162798624751	0.166315213402	0.151129091068	0.152595941385	0.150826896161	0.157225292684	0.186725092575	0.166863242758	0.215400684126	0.221352666677	0.146338292852	0.163444616718	0.171828006718	0.14178383125	0.233220064947	0.148100927816	0.15448634116	0.149773614863	0.145511084819	0.14918736411	0.147708572302	0.158794696233	0.164930991864	0.16293054859	0.152888247805	0.153971448927	0.15430421232	0.152341468739	0.152727553264	0.15774892969	0.172447192963	0.200974427772	0.200595052424	0.164140875443	0.146533367221	0.148739158751	0.152042858461	0.209866177349	0.199300647154	0.157977522043	0.160042643867
160502038-tonguedorsum1.freeze11.snv.filtered.bam	0.157429840962	0.151779991983	0.157159459561	0.184761206257	0.18348497577	0.14083578396	0.165958883854	0.159508832556	0.15972634702	0.15601920043	0.152977477572	0.148992859804	0.160553959461	0.0	0.046402176841	0.0390873953403	0.183178690524	0.18801959864	0.187820764669	0.151067195102	0.156127524866	0.154134203708	0.14771248018	0.184329883219	0.186640961014	0.161575260848	0.158790790465	0.145233835512	0.149647338422	0.154979998683	0.151805779206	0.159071650182	0.163030343078	0.145870771844	0.147758601379	0.145817266638	0.159950386119	0.184432530962	0.165582669347	0.214690457936	0.219847969316	0.146814089805	0.162540110592	0.175618934733	0.141367900424	0.228982844294	0.149574345618	0.157639453763	0.149043332653	0.148786232119	0.147424285286	0.144605417289	0.158364628622	0.166945626991	0.162038895527	0.158163945248	0.153705923741	0.152851803713	0.155202310114	0.154620683284	0.151450956643	0.169107041453	0.20607030891	0.205608214668	0.160775642134	0.147031739668	0.147851947179	0.149737292808	0.21083062632	0.199198288813	0.1591185334	0.162424072905
160502038-tonguedorsum2.freeze11.snv.filtered.bam	0.156818104625	0.147836679869	0.154872225788	0.184651821658	0.183227531083	0.132465577736	0.164539873388	0.158299180535	0.159981421242	0.149617260004	0.146275042753	0.140705948691	0.155355091223	0.046402176841	0.0	0.034864888809	0.182065831525	0.187290836605	0.187130006913	0.144142417238	0.15166325785	0.145729116379	0.145191355913	0.183197096458	0.185925197625	0.161105204622	0.157784789151	0.137251228076	0.142537697209	0.149790980298	0.143775536837	0.155790661216	0.163851381897	0.136618337388	0.138933852988	0.137576408244	0.158953059805	0.181689379234	0.165306162326	0.209663985749	0.215692481344	0.140909706921	0.159998117228	0.173277520386	0.13601176745	0.228135694032	0.144028478666	0.151803068662	0.144440764478	0.142511015347	0.138562723123	0.13688850514	0.157092122696	0.166251984209	0.160628541444	0.154276921043	0.149640476452	0.150128962725	0.148856609256	0.149429003419	0.149026539518	0.169053996347	0.203527049123	0.20286593136	0.158197398241	0.142067454733	0.140768003018	0.145103967584	0.206076669826	0.194396966595	0.151849647565	0.15656523597
160502038-tonguedorsum3.freeze11.snv.filtered.bam	0.154511488398	0.147662047701	0.154045907921	0.183138503626	0.181817242196	0.134145288771	0.163562330894	0.157467253281	0.158367322747	0.150045800733	0.146859851719	0.142551219979	0.155711596693	0.0390873953403	0.034864888809	0.0	0.180715329718	0.185711607778	0.185532310449	0.144313280174	0.150923704272	0.147005086073	0.144246045152	0.182861993718	0.185509316385	0.15986735874	0.156374338771	0.138376259732	0.143610747627	0.149899647984	0.145347678473	0.156369755665	0.162541121943	0.138569480984	0.140445406247	0.139122890184	0.156991930115	0.180921277988	0.163323733931	0.211474956093	0.217338710279	0.141059110748	0.1598490148	0.171972129774	0.136098397125	0.228174398175	0.14446668072	0.151302199124	0.144174468339	0.142420978058	0.139411690419	0.137693738889	0.155937325336	0.164812020703	0.15926056655	0.153757190866	0.14898510022	0.149271227734	0.14898245805	0.149066603109	0.147756449526	0.167365141063	0.204154499744	0.203604183983	0.157505665894	0.142116193948	0.141741430246	0.144148291933	0.207499114437	0.195832212841	0.153012730792	0.156648403694
160582958-tonguedorsum1.freeze11.snv.filtered.bam	0.178742670632	0.176684937745	0.182529047531	0.201245283445	0.200631700122	0.173482468942	0.184758797308	0.182941833426	0.180119745655	0.181765404138	0.179660001984	0.177192835586	0.180686022825	0.183178690524	0.182065831525	0.180715329718	0.0	0.00319451799073	0.00348000407183	0.180406908679	0.182848254119	0.183065277749	0.167010894468	0.169855834048	0.172322275532	0.183378955184	0.182529788726	0.175248894384	0.178113246456	0.180938012867	0.179834306664	0.186017456996	0.184802312952	0.182270646958	0.182116561469	0.180445177675	0.179493433224	0.190626190058	0.183744623809	0.226302199291	0.231662384955	0.17536083106	0.187105386283	0.188014253619	0.172618744059	0.236110743959	0.177270634136	0.181052083017	0.177126826348	0.176136686459	0.179153494878	0.176296846582	0.177618052015	0.181252358909	0.180161539778	0.179555270888	0.177631438787	0.17536274137	0.180610481933	0.178943391213	0.181655599617	0.19059550989	0.211343859873	0.210398456587	0.18627295426	0.174368843451	0.177113971572	0.178735518087	0.228982407439	0.218749328849	0.185494087501	0.186632518557
160582958-tonguedorsum2.freeze11.snv.filtered.bam	0.183118402305	0.181029369739	0.18684281738	0.204763721923	0.204135573995	0.178784798004	0.188659597299	0.187021093739	0.184115420918	0.18660338767	0.184583412989	0.181826620818	0.184819685693	0.18801959864	0.187290836605	0.185711607778	0.00319451799073	0.0	0.00111097775024	0.185307088448	0.187062387069	0.18857358124	0.171336713213	0.173567553698	0.1755969202	0.187679032664	0.186922720883	0.180286335436	0.182835051748	0.185450117499	0.184743951007	0.19108121415	0.189290501458	0.188033488011	0.187747755643	0.18602324501	0.183388555569	0.19470704198	0.187396329544	0.230902824893	0.236055338783	0.179995803674	0.192007045651	0.192079402798	0.176926956392	0.239205432885	0.182411669175	0.185483495923	0.182125904207	0.181297091647	0.184115780303	0.181255962122	0.181929398482	0.184959156827	0.184231250946	0.183783835553	0.182744144167	0.180231896249	0.1851373975	0.183489542393	0.186036186209	0.194087656866	0.214878617528	0.213692353356	0.190396829203	0.179424870242	0.182192969625	0.183449394733	0.232635030937	0.222889068697	0.19041208482	0.191170002774
160582958-tonguedorsum3.freeze11.snv.filtered.bam	0.182770114987	0.180606488244	0.186342867012	0.204386674644	0.203807706361	0.178620803478	0.188222552636	0.186855083151	0.183859325219	0.186344724425	0.184335065248	0.181753975057	0.184728446618	0.187820764669	0.187130006913	0.185532310449	0.00348000407183	0.00111097775024	0.0	0.184685435547	0.186338049822	0.188301375634	0.170817375723	0.172843841193	0.174970256995	0.187546515198	0.186803658565	0.180069887401	0.182633501705	0.185255347182	0.184633719312	0.190917566259	0.189037342443	0.187567762339	0.187294914392	0.185640120432	0.183063895117	0.194464375611	0.187159621799	0.23074015915	0.235839053331	0.179762046383	0.191671753497	0.191410551399	0.176775639179	0.239516994109	0.181949041582	0.185358072522	0.181779020217	0.180925934528	0.183869882952	0.181005136471	0.181356343228	0.184700095158	0.184038906189	0.183682074069	0.182550180758	0.180066496749	0.184667761399	0.182927724083	0.185821666021	0.193827852593	0.214620734706	0.21345225738	0.190042940053	0.179282145889	0.181852151899	0.183008142742	0.232415935667	0.222771957849	0.190155175741	0.190852628658
160603188-tonguedorsum2.freeze11.snv.filtered.bam	0.153091118045	0.145724132788	0.152593788241	0.185664450141	0.184366999449	0.130409286699	0.160706965204	0.15764936019	0.158989234203	0.144958336269	0.141745087232	0.138704378047	0.153142658233	0.151067195102	0.144142417238	0.144313280174	0.180406908679	0.185307088448	0.184685435547	0.0	0.0639141526686	0.142142772592	0.143702221731	0.17712314282	0.179731905567	0.158871103674	0.15564704804	0.13518035996	0.138982192299	0.146287444681	0.139751103789	0.152884690866	0.159768113976	0.134259590215	0.131419703134	0.135195194526	0.157194343403	0.178817374526	0.16373334074	0.204439923846	0.210750718681	0.13605820634	0.155872912447	0.168519498698	0.135097745968	0.226023736671	0.139873470367	0.150933845388	0.14068281309	0.137396880297	0.130357770072	0.131149898991	0.151183944175	0.165763655838	0.157953773687	0.151854008404	0.146276548072	0.147287029018	0.144580740293	0.145182452986	0.150905370121	0.167289255273	0.199873842447	0.200097993818	0.155160774145	0.140306337829	0.138724076773	0.144694936778	0.200948677801	0.18949576473	0.149343462173	0.155211294651
160603188-tonguedorsum3.freeze11.snv.filtered.bam	0.154681337872	0.149259374391	0.155754441566	0.186752942819	0.185674355078	0.141040621561	0.161867312867	0.162517546815	0.162898422401	0.152346916588	0.149855635792	0.148022153187	0.158647280755	0.156127524866	0.15166325785	0.150923704272	0.182848254119	0.187062387069	0.186338049822	0.0639141526686	0.0	0.152633719638	0.146507124898	0.179716525355	0.182263720163	0.159930618138	0.157047885289	0.145385026759	0.14578631031	0.150466551667	0.147226095959	0.159192194317	0.161694400085	0.145364927983	0.144782176688	0.145289738268	0.158574514409	0.183055093985	0.165267957992	0.211533448657	0.217137532199	0.143656610402	0.159824363672	0.172165788579	0.14332525939	0.229312597043	0.145654712721	0.15646486536	0.14778743693	0.146009967877	0.14507301672	0.14379282193	0.152160161663	0.16623579997	0.160351592005	0.156785781383	0.151802825794	0.151852625346	0.152372519056	0.151223359817	0.154119163475	0.169628804287	0.20349094805	0.203758121661	0.158090278954	0.14632767308	0.147678392311	0.151099265272	0.20734151857	0.197069151116	0.156383982306	0.160154960901
246515023-tonguedorsum1.freeze11.snv.filtered.bam	0.161638417961	0.150981257285	0.158916088874	0.192887378537	0.190995513552	0.129344810803	0.167638125432	0.162834248776	0.1646697291	0.150531189759	0.14770462935	0.139574539796	0.154391699577	0.154134203708	0.145729116379	0.147005086073	0.183065277749	0.18857358124	0.188301375634	0.142142772592	0.152633719638	0.0	0.147384859395	0.18089758549	0.183498984884	0.166743423441	0.162008925458	0.139879196295	0.141333789451	0.149928412903	0.142071299666	0.155338899841	0.16862821392	0.131584998572	0.133856510394	0.134998440239	0.163235845595	0.17875511483	0.169349286107	0.196140081159	0.203119282797	0.138281770075	0.158715950017	0.169732972708	0.136816278544	0.218111334109	0.147546345786	0.152017888518	0.147234072899	0.143009232852	0.134005864743	0.13573723378	0.160257683636	0.17175965368	0.163765094621	0.157148919565	0.151776209273	0.153238064831	0.144728866707	0.148807161072	0.156020551512	0.177837082422	0.197399033363	0.199086777732	0.157686622951	0.142022815329	0.140457147172	0.147054132019	0.191686549763	0.180710606372	0.151111043492	0.156236734026
338793263-tonguedorsum2.freeze11.snv.filtered.bam	0.148940563931	0.138908665544	0.144326159122	0.175814935539	0.174692301282	0.132697076937	0.148915236593	0.146935715602	0.146363747997	0.14582949225	0.14339616655	0.140591044542	0.148753816131	0.14771248018	0.145191355913	0.144246045152	0.167010894468	0.171336713213	0.170817375723	0.143702221731	0.146507124898	0.147384859395	0.0	0.172259735324	0.174965461652	0.148279116256	0.145686162705	0.134786236102	0.138015289126	0.141538480698	0.140391309089	0.15040059584	0.150772284668	0.1419117417	0.143180040604	0.140988964016	0.145970633234	0.175364654368	0.154417961026	0.206069992914	0.211689699804	0.134882547924	0.151580348357	0.15958971258	0.132866870176	0.219498088384	0.138601197526	0.149826278182	0.139786372383	0.137852652129	0.140905259436	0.13847932189	0.142541915424	0.152578718474	0.150606476994	0.148683927437	0.140453208398	0.139133849816	0.144323773075	0.141522961262	0.140505256742	0.154261439741	0.19525313533	0.195650194494	0.152539675744	0.135522954589	0.138984719353	0.14254227402	0.200168412838	0.188437240372	0.151159964147	0.151701894318
508703490-tonguedorsum1.freeze11.snv.filtered.bam	0.18045718352	0.172770028509	0.180585488176	0.202333904558	0.201647126876	0.173211308639	0.185879242319	0.187328280251	0.184380628823	0.182964287325	0.180832922169	0.178607819233	0.184509297313	0.184329883219	0.183197096458	0.182861993718	0.169855834048	0.173567553698	0.172843841193	0.17712314282	0.179716525355	0.18089758549	0.172259735324	0.0	0.00252960091744	0.182461689184	0.180760477544	0.177760008159	0.175523697324	0.178321660391	0.177469192811	0.183615913164	0.184699805431	0.180317854929	0.18174253353	0.179277350604	0.177102215449	0.189533756527	0.18269320584	0.21040959223	0.214962772963	0.175627552798	0.181619270536	0.190302120363	0.170783516276	0.224516373717	0.176357911048	0.182662030207	0.175651493212	0.178295405726	0.178656234417	0.175928330305	0.174547946744	0.185857473524	0.182665071529	0.180580391525	0.178556007559	0.17423310822	0.182184687704	0.180934755856	0.179780511786	0.188643073276	0.201819717861	0.201559837383	0.182037842639	0.174090133778	0.177055457141	0.181126213205	0.214556861322	0.204948024395	0.184279383196	0.184442975796
508703490-tonguedorsum2.freeze11.snv.filtered.bam	0.182834905124	0.175299996365	0.183067392789	0.204416009202	0.203630919698	0.17575040071	0.188298887993	0.189732781243	0.186851301445	0.185476458198	0.183325378379	0.181001993654	0.186268909084	0.186640961014	0.185925197625	0.185509316385	0.172322275532	0.1755969202	0.174970256995	0.179731905567	0.182263720163	0.183498984884	0.174965461652	0.00252960091744	0.0	0.184747374878	0.18325107939	0.180538474779	0.178634723771	0.18156867764	0.180478242278	0.185876114692	0.186922709847	0.182829430491	0.183841017759	0.181750618204	0.179143709255	0.191814027457	0.185429042445	0.214043908842	0.218121839473	0.178366303154	0.184872693051	0.193081447115	0.173703689884	0.227368734912	0.179225668791	0.185326650743	0.178362812788	0.181056267714	0.181254637209	0.178609927231	0.177284543438	0.187806272741	0.18496840748	0.183641182021	0.181306786886	0.17726589575	0.184465324862	0.182860214973	0.182649434362	0.191807839893	0.20525701308	0.204644374467	0.185176573807	0.177512001664	0.180072878989	0.183237776585	0.217138699062	0.207845208775	0.186824919949	0.186649274862
550534656-tonguedorsum2.freeze11.snv.filtered.bam	0.155537419031	0.152979386048	0.161501982674	0.185696031828	0.18440685615	0.151234803778	0.156243500128	0.159105280694	0.155842489685	0.158826905967	0.155547134935	0.156980244672	0.161384429285	0.161575260848	0.161105204622	0.15986735874	0.183378955184	0.187679032664	0.187546515198	0.158871103674	0.159930618138	0.166743423441	0.148279116256	0.182461689184	0.184747374878	0.0	0.00766983920481	0.150987413862	0.155097964522	0.157129612817	0.157705255562	0.160923183189	0.158022375077	0.156138499501	0.158015034292	0.155736330256	0.152132905415	0.187024857528	0.163429730228	0.221124333909	0.225815479196	0.152928183665	0.166014787077	0.170715115219	0.148240117597	0.232547102584	0.139265108418	0.155747456699	0.15030885184	0.15180328965	0.157551043082	0.154022318928	0.150151304671	0.162389897129	0.158620241871	0.158937453573	0.154423432743	0.152698822923	0.158856589924	0.154964936792	0.155032837719	0.167588968121	0.205687002696	0.205708575512	0.15884864584	0.150160428023	0.155381135085	0.153557949141	0.21438277573	0.203578651374	0.164888955306	0.16209068146
550534656-tonguedorsum3.freeze11.snv.filtered.bam	0.154090634988	0.149966605947	0.158839028529	0.184687959623	0.183262338779	0.147377853519	0.154896400267	0.157360012889	0.154524129532	0.156613738554	0.153203067214	0.153134165483	0.158089453262	0.158790790465	0.157784789151	0.156374338771	0.182529788726	0.186922720883	0.186803658565	0.15564704804	0.157047885289	0.162008925458	0.145686162705	0.180760477544	0.18325107939	0.00766983920481	0.0	0.147722611552	0.151643958432	0.154117869218	0.15434844795	0.158246944371	0.157136387155	0.151599812842	0.153640419262	0.151121657289	0.150750747415	0.184191338228	0.16183293543	0.217424513648	0.222551948735	0.149957907409	0.163808480729	0.16937499945	0.144866515643	0.230323823595	0.136754054437	0.153311630419	0.147414721178	0.148900351323	0.151672816212	0.148326486002	0.148337459284	0.161340582266	0.15738327035	0.157391453515	0.151472287435	0.150134665223	0.15576245102	0.151947696515	0.15250444127	0.16603786423	0.203289647674	0.203641190786	0.156339514972	0.146970582394	0.151912024396	0.150355881594	0.210832426766	0.199939850256	0.16151993028	0.159620131036
604812005-tonguedorsum3.freeze11.snv.filtered.bam	0.148161960782	0.136217266852	0.146624253893	0.179847528798	0.178113419594	0.122593168753	0.150266156811	0.143932519654	0.145254437617	0.142022973775	0.138290930696	0.129163026101	0.144974101752	0.145233835512	0.137251228076	0.138376259732	0.175248894384	0.180286335436	0.180069887401	0.13518035996	0.145385026759	0.139879196295	0.134786236102	0.177760008159	0.180538474779	0.150987413862	0.147722611552	0.0	0.133431268624	0.139916567794	0.13456534467	0.148089386256	0.154813339776	0.131257537127	0.132660517622	0.132775556908	0.147897285524	0.176637161096	0.156942955146	0.206788655102	0.214068988903	0.129208636203	0.151237926086	0.162052414195	0.124561154014	0.226962754713	0.132843776435	0.143614810782	0.132608168528	0.126274617347	0.129733249083	0.128998094498	0.146483272153	0.158526748334	0.150841210586	0.146911278101	0.137584405164	0.138483666991	0.140023150987	0.14046660101	0.143427339179	0.1631395019	0.196773441782	0.196847485664	0.153566614741	0.127258832484	0.125352009217	0.133146354142	0.20119483461	0.189242695941	0.144554310787	0.149760014472
638754422-tonguedorsum1.freeze11.snv.filtered.bam	0.150485942075	0.143334666496	0.150391869607	0.181860367442	0.179903715735	0.128275673293	0.156059490516	0.154241527102	0.154401800233	0.143582713192	0.14074224304	0.131331970619	0.14528262685	0.149647338422	0.142537697209	0.143610747627	0.178113246456	0.182835051748	0.182633501705	0.138982192299	0.14578631031	0.141333789451	0.138015289126	0.175523697324	0.178634723771	0.155097964522	0.151643958432	0.133431268624	0.0	0.0423476252303	0.0458722341668	0.150166988146	0.157084167941	0.135585337408	0.136800793566	0.136815103569	0.15582231138	0.176984767654	0.159674565311	0.206298347481	0.213414403683	0.134290263486	0.154901716485	0.165785749394	0.131483299199	0.224316359111	0.139171484806	0.146198692186	0.139638484834	0.137046079403	0.135502851912	0.134387604806	0.149370150957	0.15983478199	0.148412167109	0.145861900421	0.14238580191	0.144407679747	0.138386866161	0.140249497531	0.147157110792	0.168162538844	0.198576556162	0.198897591996	0.154031590456	0.134825217634	0.135209813064	0.141292224978	0.201601942671	0.189673617365	0.144165521652	0.150426828081
638754422-tonguedorsum2.freeze11.snv.filtered.bam	0.152542753488	0.146368589806	0.153509765082	0.184218058382	0.182460725774	0.13752033818	0.157491447547	0.156758924773	0.155958522667	0.150904970536	0.148479797584	0.138917841464	0.149473815768	0.154979998683	0.149790980298	0.149899647984	0.180938012867	0.185450117499	0.185255347182	0.146287444681	0.150466551667	0.149928412903	0.141538480698	0.178321660391	0.18156867764	0.157129612817	0.154117869218	0.139916567794	0.0423476252303	0.0	0.0636826895262	0.154905181657	0.158778783357	0.144179770446	0.145575211437	0.14484517678	0.156912387053	0.180164838959	0.160816084439	0.211517080344	0.217953490834	0.140572180429	0.157596711354	0.167012211317	0.137260415842	0.227452466167	0.142808816426	0.151709194107	0.144143746119	0.14364361799	0.143704979085	0.141472004742	0.151370180117	0.160900621718	0.147723304118	0.153585739065	0.147540726471	0.148291928197	0.146492352864	0.1448633942	0.15022875545	0.170180878599	0.202216044105	0.202528433922	0.156703978705	0.139577786214	0.142078489507	0.144702423222	0.206117572448	0.194963350263	0.15455646139	0.15901017826
638754422-tonguedorsum3.freeze11.snv.filtered.bam	0.152186481951	0.145346242886	0.152567522044	0.183609427527	0.181777130553	0.131208875698	0.159146459544	0.155341449869	0.155902621309	0.144016550001	0.14123175431	0.132215448596	0.146416791811	0.151805779206	0.143775536837	0.145347678473	0.179834306664	0.184743951007	0.184633719312	0.139751103789	0.147226095959	0.142071299666	0.140391309089	0.177469192811	0.180478242278	0.157705255562	0.15434844795	0.13456534467	0.0458722341668	0.0636826895262	0.0	0.153092468801	0.159430051946	0.137544947439	0.138630848159	0.138993570106	0.156839001851	0.180038367914	0.161050409792	0.208377386638	0.215248933615	0.136602472573	0.157838992598	0.167139238862	0.133836570335	0.226831080699	0.140985513709	0.146813018303	0.141739827351	0.138506269498	0.136608284318	0.136017770841	0.150039948138	0.161787189448	0.148664004356	0.145494493973	0.144362265869	0.146229551249	0.138462418109	0.142039602283	0.150389751473	0.168000889981	0.200874019204	0.201551595247	0.155851421903	0.137849446671	0.136796612275	0.14453188356	0.20439879463	0.192573154563	0.14410272638	0.149936074914
663835652-tonguedorsum2.freeze11.snv.filtered.bam	0.162032073191	0.152757725786	0.162709955004	0.191149022691	0.189206134507	0.143787055953	0.168163584544	0.160140439387	0.159996117164	0.159038107074	0.156239181065	0.153245732665	0.162798624751	0.159071650182	0.155790661216	0.156369755665	0.186017456996	0.19108121415	0.190917566259	0.152884690866	0.159192194317	0.155338899841	0.15040059584	0.183615913164	0.185876114692	0.160923183189	0.158246944371	0.148089386256	0.150166988146	0.154905181657	0.153092468801	0.0	0.0373494595873	0.14949478309	0.15072099897	0.148676897798	0.162530613265	0.184711647071	0.168755366507	0.20470612664	0.209087823705	0.149289094982	0.163245328616	0.173404601602	0.148473920774	0.22308749153	0.151488987323	0.158866027798	0.148928785245	0.150869924544	0.152761641513	0.150000272906	0.160522792377	0.169009991305	0.161123503492	0.160317317358	0.156858675125	0.155690349722	0.158365462549	0.155366467025	0.157746132324	0.173102190875	0.199782827729	0.200191886638	0.160833958789	0.145029421113	0.148529269032	0.152970921227	0.203691293215	0.192027500928	0.163417221869	0.165451284527
