	158337416-stool1.freeze11.snv.filtered.bam	158337416-stool2.freeze11.snv.filtered.bam	158479027-stool1.freeze11.snv.filtered.bam	158479027-stool2.freeze11.snv.filtered.bam	158802708-stool1.freeze11.snv.filtered.bam	158802708-stool2.freeze11.snv.filtered.bam	158802708-stool3.freeze11.snv.filtered.bam	158944319-stool1.freeze11.snv.filtered.bam	158944319-stool2.freeze11.snv.filtered.bam	158944319-stool3.freeze11.snv.filtered.bam	159166850-stool1.freeze11.snv.filtered.bam	159166850-stool2.freeze11.snv.filtered.bam	159227541-stool2.freeze11.snv.filtered.bam	159268001-stool1.freeze11.snv.filtered.bam	159369152-stool1.freeze11.snv.filtered.bam	159510762-stool1.freeze11.snv.filtered.bam	159510762-stool2.freeze11.snv.filtered.bam	159551223-stool1.freeze11.snv.filtered.bam	159551223-stool2.freeze11.snv.filtered.bam	159571453-stool1.freeze11.snv.filtered.bam	159611913-stool1.freeze11.snv.filtered.bam	159611913-stool2.freeze11.snv.filtered.bam	160158126-stool1.freeze11.snv.filtered.bam	160158126-stool2.freeze11.snv.filtered.bam	160319967-stool1.freeze11.snv.filtered.bam	160319967-stool2.freeze11.snv.filtered.bam	160319967-stool3.freeze11.snv.filtered.bam	160421117-stool2.freeze11.snv.filtered.bam	160421117-stool3.freeze11.snv.filtered.bam	160502038-stool1.freeze11.snv.filtered.bam	160502038-stool2.freeze11.snv.filtered.bam	160502038-stool3.freeze11.snv.filtered.bam	160603188-stool1.freeze11.snv.filtered.bam	370425937-stool1.freeze11.snv.filtered.bam	370425937-stool2.freeze11.snv.filtered.bam	550534656-stool1.freeze11.snv.filtered.bam	550534656-stool2.freeze11.snv.filtered.bam	550534656-stool3.freeze11.snv.filtered.bam	604812005-stool1.freeze11.snv.filtered.bam	604812005-stool2.freeze11.snv.filtered.bam	604812005-stool3.freeze11.snv.filtered.bam	638754422-stool1.freeze11.snv.filtered.bam	638754422-stool2.freeze11.snv.filtered.bam	638754422-stool3.freeze11.snv.filtered.bam	675950834-stool1.freeze11.snv.filtered.bam	675950834-stool2.freeze11.snv.filtered.bam	686765762-stool1.freeze11.snv.filtered.bam	686765762-stool2.freeze11.snv.filtered.bam	686765762-stool3.freeze11.snv.filtered.bam	706846339-stool1.freeze11.snv.filtered.bam	706846339-stool2.freeze11.snv.filtered.bam	763577454-stool1.freeze11.snv.filtered.bam	763577454-stool2.freeze11.snv.filtered.bam	763678604-stool1.freeze11.snv.filtered.bam	763860675-stool1.freeze11.snv.filtered.bam	763860675-stool2.freeze11.snv.filtered.bam	763961826-stool1.freeze11.snv.filtered.bam	763961826-stool2.freeze11.snv.filtered.bam	764224817-stool1.freeze11.snv.filtered.bam	764325968-stool1.freeze11.snv.filtered.bam	764325968-stool2.freeze11.snv.filtered.bam	764487809-stool1.freeze11.snv.filtered.bam	764508039-stool1.freeze11.snv.filtered.bam	764508039-stool2.freeze11.snv.filtered.bam	764508039-stool3.freeze11.snv.filtered.bam	764649650-stool2.freeze11.snv.filtered.bam	765074482-stool1.freeze11.snv.filtered.bam	765074482-stool2.freeze11.snv.filtered.bam	765074482-stool3.freeze11.snv.filtered.bam	765135172-stool1.freeze11.snv.filtered.bam	765135172-stool3.freeze11.snv.filtered.bam	765337473-stool2.freeze11.snv.filtered.bam	765640925-stool1.freeze11.snv.filtered.bam	765640925-stool2.freeze11.snv.filtered.bam	823052294-stool3.freeze11.snv.filtered.bam
158337416-stool1.freeze11.snv.filtered.bam	0.0	0.00202372659967	0.241156739799	0.241310254678	0.224059658616	0.225875384459	0.220098645104	0.242909350551	0.24286835838	0.241316143015	0.234812960603	0.235168541737	0.230735183805	0.228925146305	0.230526334182	0.239095039973	0.239629992385	0.241519260424	0.241575924674	0.228771152787	0.212638251201	0.211922422896	0.232195234866	0.232726063688	0.241028363008	0.240728950507	0.239115341001	0.231887299486	0.233944161393	0.245373343734	0.243474654478	0.243133807856	0.22405920134	0.0543353198929	0.0543215446865	0.240311308832	0.239721524858	0.240319735274	0.231500735401	0.231783852283	0.231315202925	0.236155839885	0.236204132437	0.235131781032	0.22350261616	0.22412472653	0.22393519667	0.222507256803	0.223466793623	0.251818722618	0.248314651042	0.208117612912	0.210438419669	0.226779221174	0.224456201808	0.225983024467	0.236677702585	0.236637682352	0.219898152085	0.241403633029	0.248584631088	0.231657140331	0.238262592723	0.238514332991	0.237844889535	0.220283523691	0.247109139599	0.248427024181	0.245623764571	0.245176147367	0.244889731295	0.229520802359	0.216956488062	0.217760974209	0.236063672034
158337416-stool2.freeze11.snv.filtered.bam	0.00202372659967	0.0	0.24293295202	0.242878545373	0.225081167817	0.226778963295	0.221172702962	0.244556682205	0.24447758636	0.242989774879	0.236563190008	0.236952041576	0.232332059933	0.230559853493	0.232124724557	0.240642512495	0.241078792429	0.242958385249	0.243075064674	0.230421354879	0.212988835248	0.212442629361	0.233838071045	0.234166771819	0.242384501387	0.242344658265	0.240771750419	0.233590804173	0.235578798679	0.247025529686	0.245307226237	0.245004129892	0.224494449274	0.0545604803893	0.0545644350312	0.241995174419	0.241555621039	0.242121309404	0.232817578693	0.233152757575	0.232778441294	0.237615505241	0.237666499012	0.23692981941	0.225391500834	0.226066390151	0.225722871852	0.224140705582	0.225071758747	0.251975810099	0.248853983248	0.20902684032	0.211317980116	0.228554147252	0.225327327058	0.226608795206	0.238111381177	0.238109785498	0.221400211593	0.242287746312	0.249051661373	0.233351900425	0.239777911911	0.240303474106	0.239659405482	0.222058118527	0.248565495125	0.249799689666	0.247122985016	0.246547461086	0.246400401491	0.231469788813	0.218852757633	0.219607491648	0.237780472842
158479027-stool1.freeze11.snv.filtered.bam	0.241156739799	0.24293295202	0.0	0.00170983052199	0.251736689608	0.257832693261	0.246230003038	0.183431014046	0.184125634411	0.182160632513	0.159742512038	0.159944474008	0.181049387688	0.166867906082	0.189221715456	0.159625728954	0.160101195543	0.0947220806045	0.0950719933477	0.174518390426	0.256451797589	0.255221646665	0.169047923739	0.169738031965	0.153305041557	0.152460621088	0.150443259788	0.18311581785	0.186112810536	0.201299847608	0.198736043224	0.19819658576	0.246601397017	0.251500547331	0.251032382072	0.0122186339707	0.0115092846632	0.0116531932884	0.19530594258	0.195757595606	0.196917725798	0.161515513695	0.161615181538	0.159945621651	0.182745937557	0.182514052693	0.208831364085	0.21429828609	0.224707018169	0.28871493721	0.28276748123	0.251199665468	0.254406786171	0.137554972281	0.254029719566	0.256750793323	0.166013378772	0.166004201247	0.205319297489	0.257951723392	0.268679602604	0.158331195446	0.0161106475572	0.0155996527285	0.0152057703964	0.18605957241	0.222571255854	0.224309203604	0.219510623365	0.199132846185	0.198574744791	0.14242783744	0.178537538564	0.180199913047	0.164175024573
158479027-stool2.freeze11.snv.filtered.bam	0.241310254678	0.242878545373	0.00170983052199	0.0	0.252078748558	0.257991324961	0.246861899176	0.183670332192	0.184476577238	0.182850944953	0.160009825728	0.160630645902	0.181150505927	0.167082870668	0.189391402774	0.159546018684	0.159885764424	0.0947669496214	0.0950533709751	0.174547704801	0.256490261117	0.255550035908	0.169100873911	0.169669145551	0.153147900841	0.153152653165	0.151135306923	0.183774711472	0.186771180483	0.201231379946	0.199374762654	0.198842426432	0.246499659984	0.252097076305	0.251603082358	0.0125074806706	0.0122875052257	0.0124392983679	0.195428611517	0.19551674809	0.197517674851	0.16137378115	0.161406415442	0.160637867377	0.182948461788	0.183076433934	0.209046484463	0.214743387288	0.225286941481	0.288841294903	0.283289338856	0.251227045601	0.254492819883	0.137905749431	0.254150150302	0.256716721684	0.165810569649	0.165805999309	0.205537742747	0.25819691064	0.268691414025	0.158615265292	0.0161288587546	0.0164070444829	0.0160856852397	0.186669685654	0.222730492415	0.224550935436	0.220172476663	0.199313342962	0.19914035903	0.143037361893	0.178835579572	0.180859459303	0.164746702003
158802708-stool1.freeze11.snv.filtered.bam	0.224059658616	0.225081167817	0.251736689608	0.252078748558	0.0	0.0145242116733	0.0141934723458	0.25261020701	0.253196797478	0.251787988495	0.248699252458	0.248290650981	0.234660182266	0.237141192523	0.239804458654	0.252926986568	0.253416730907	0.256127461875	0.256177795413	0.241262063982	0.233391255027	0.232669218964	0.245780729123	0.246085735243	0.252208653845	0.251650066093	0.249904991499	0.234797282645	0.23671682697	0.257868533185	0.255690394752	0.255352703942	0.226404473804	0.216399906962	0.216246775483	0.251274625809	0.250587893606	0.251214081233	0.244007505092	0.244650813135	0.245257557259	0.249702963902	0.249706746619	0.24818293044	0.233073840697	0.233581361404	0.161554221922	0.140158383634	0.119441032421	0.232627360447	0.229639352819	0.20898975454	0.211041760061	0.238840798911	0.174203962313	0.176090506716	0.250012346799	0.250016889541	0.22133949365	0.232348928466	0.238678312551	0.245323301103	0.249552491921	0.249536261895	0.24887283301	0.238845090752	0.255352237167	0.256223217579	0.253945692345	0.256305815722	0.255982597848	0.24209684732	0.236061745447	0.236702217517	0.24817652278
158802708-stool2.freeze11.snv.filtered.bam	0.225875384459	0.226778963295	0.257832693261	0.257991324961	0.0145242116733	0.0	0.0144257106778	0.257483578569	0.258073309429	0.256874620731	0.25282877109	0.25255815982	0.239182129757	0.241927654965	0.243531985225	0.25701493174	0.257454618551	0.261181129773	0.261196579186	0.246610228903	0.2344093931	0.233812817405	0.249807736103	0.250039036175	0.256791014018	0.25649419545	0.254882104805	0.239388227685	0.241281176324	0.262140922037	0.260301900972	0.259965076123	0.228144812294	0.218033533209	0.217979097248	0.257161362349	0.25655320733	0.257160795345	0.248990364236	0.249327020402	0.249901021827	0.253641719026	0.253673117973	0.252489933461	0.2380622493	0.238744856911	0.166411256739	0.145213725224	0.124738702123	0.232673355968	0.230278180832	0.210246576191	0.212042589208	0.244318959143	0.174594493542	0.176209189955	0.25396553181	0.253945414989	0.226688197555	0.233818233688	0.23947251358	0.249871333904	0.255235094689	0.255439409517	0.25484460757	0.243211823764	0.258742091925	0.259483347497	0.257661037761	0.260332314488	0.260063450733	0.247525680686	0.241272346101	0.241969500281	0.252277873956
158802708-stool3.freeze11.snv.filtered.bam	0.220098645104	0.221172702962	0.246230003038	0.246861899176	0.0141934723458	0.0144257106778	0.0	0.247543413618	0.248132416004	0.246464900151	0.242945238531	0.242359374438	0.229625781755	0.231707331413	0.235055770973	0.24740365063	0.247959253437	0.250959365309	0.251054466891	0.235646900678	0.230692191388	0.229789049544	0.2403548369	0.240782062083	0.246864318501	0.245857191617	0.244067478054	0.229368427484	0.231542973101	0.252886850763	0.25031412532	0.249810956693	0.224096105471	0.213008076683	0.212731127259	0.24604193789	0.245123963728	0.245748346939	0.239234483751	0.240025951424	0.240202580412	0.244284730059	0.244325658474	0.242233700364	0.227442047889	0.227630069427	0.155137384929	0.133669386569	0.112919323161	0.232264796466	0.228663571904	0.206460729445	0.20877424737	0.232951965474	0.171847304872	0.173910256722	0.244669585112	0.244681535606	0.216463907067	0.229773383902	0.23695295852	0.239196847964	0.244282595697	0.24395553787	0.243203245495	0.233077437692	0.251282151218	0.252186285784	0.249309347107	0.250734851308	0.250221167381	0.236396986629	0.229396160163	0.230033200191	0.242287755659
158944319-stool1.freeze11.snv.filtered.bam	0.242909350551	0.244556682205	0.183431014046	0.183670332192	0.25261020701	0.257483578569	0.247543413618	0.0	0.00695368908035	0.0064867993125	0.185537122307	0.18647880974	0.197644650563	0.172974921287	0.203033344595	0.18761260236	0.188187603884	0.184335407556	0.184439033374	0.182601160067	0.253336698276	0.25212497202	0.191794063451	0.192814445304	0.193605756602	0.193171957397	0.191344717196	0.200112093333	0.203139956905	0.18905853788	0.186667007347	0.186347637078	0.246565449158	0.25193664277	0.251410676788	0.185867499258	0.185030661731	0.185675752471	0.188811887113	0.188930218554	0.190380598094	0.188113605721	0.188201220969	0.186506686019	0.187669051189	0.187603174294	0.206892018675	0.21133423942	0.221431428131	0.284395158572	0.278763326448	0.248505386939	0.251659227204	0.167965922683	0.253576273998	0.256204441701	0.188681848517	0.188647280796	0.208093410954	0.259512038811	0.270061313489	0.182293636646	0.18711562895	0.187425328075	0.186630676243	0.175093730146	0.21739841045	0.219212778783	0.214722835656	0.191549161074	0.190909442044	0.169305490397	0.179987954441	0.181215588937	0.189184946203
158944319-stool2.freeze11.snv.filtered.bam	0.24286835838	0.24447758636	0.184125634411	0.184476577238	0.253196797478	0.258073309429	0.248132416004	0.00695368908035	0.0	0.00177842823222	0.186097843569	0.186833352662	0.198656756439	0.17362774324	0.2037984291	0.1880538954	0.188579972845	0.184445510334	0.18451330151	0.183520110896	0.253772399743	0.252530644197	0.192014924687	0.192788831308	0.193594537639	0.19300205747	0.191254320568	0.200723278749	0.203416038705	0.188361797634	0.185990022954	0.185697398676	0.247321282011	0.251639888878	0.251123408501	0.186562565826	0.185789993035	0.186450304012	0.18913719305	0.189464497305	0.190195511492	0.188562631329	0.188633138757	0.186831708961	0.187939392108	0.187917022938	0.208741506305	0.21319715178	0.222924326857	0.28707538229	0.281585897529	0.24851418662	0.251648793917	0.168911552501	0.254001481813	0.256653043406	0.189005579393	0.188980616076	0.21099085048	0.259732368751	0.269990400351	0.183304161232	0.187832334727	0.187982961368	0.187167631024	0.174316632902	0.217484567934	0.219141378612	0.214819441482	0.191065716086	0.190403043693	0.169820149513	0.181040567518	0.181951479301	0.189385826631
158944319-stool3.freeze11.snv.filtered.bam	0.241316143015	0.242989774879	0.182160632513	0.182850944953	0.251787988495	0.256874620731	0.246464900151	0.0064867993125	0.00177842823222	0.0	0.184009187845	0.18443699744	0.196853694335	0.171929130434	0.202137691641	0.186260066867	0.186899511283	0.182881597832	0.183078981423	0.181194188541	0.252430141692	0.251059711851	0.190150658943	0.190935075902	0.192201616587	0.191063174687	0.18922428535	0.198547850162	0.201317651887	0.186814239893	0.183817780405	0.183471428136	0.24599494442	0.249838995737	0.249339336644	0.184914784352	0.183723343843	0.184424045704	0.187315867447	0.187798154658	0.187942682259	0.186683655582	0.186807877492	0.184448442427	0.18586337178	0.185510727213	0.206580516917	0.210898885761	0.22070287516	0.285671879893	0.279844343922	0.247202432109	0.250375222508	0.166560628289	0.252652303931	0.255288897564	0.18724003866	0.187207572235	0.209076706381	0.258275105199	0.268921431812	0.180997547853	0.186203408544	0.185996061803	0.185071897689	0.172421496334	0.215738239331	0.217429251026	0.212538760932	0.189400898608	0.188402603866	0.167665698136	0.178548857108	0.179319626303	0.187111814824
159166850-stool1.freeze11.snv.filtered.bam	0.234812960603	0.236563190008	0.159742512038	0.160009825728	0.248699252458	0.25282877109	0.242945238531	0.185537122307	0.186097843569	0.184009187845	0.0	0.001829001607	0.178694859904	0.166134206393	0.180016864969	0.0245856300484	0.0248487679851	0.160547455695	0.160557828826	0.171354553981	0.251675236554	0.250413739369	0.0462531310497	0.0465310351755	0.172279151827	0.17176607037	0.169464358369	0.181046962029	0.184384811872	0.200302045256	0.197984068607	0.197635998042	0.234244789404	0.241696513159	0.241114432696	0.162421435517	0.161483915642	0.162217715758	0.192402686813	0.192403007781	0.194195187633	0.00450792719636	0.00459130991767	0.00409277526375	0.177822983752	0.177194771858	0.203379513316	0.208289276338	0.219309862305	0.28389945738	0.277681475067	0.243895879939	0.247125132016	0.130626595659	0.249434597608	0.252443939598	0.0156340010123	0.0154844269134	0.196486053902	0.255190744977	0.266246640123	0.0145873172728	0.164293889533	0.164465926861	0.163516343205	0.181568371845	0.222067089902	0.224279679244	0.218939441096	0.197409506848	0.19690008791	0.138224584088	0.172276541034	0.173844820612	0.0124989943351
159166850-stool2.freeze11.snv.filtered.bam	0.235168541737	0.236952041576	0.159944474008	0.160630645902	0.248290650981	0.25255815982	0.242359374438	0.18647880974	0.186833352662	0.18443699744	0.001829001607	0.0	0.179875193669	0.166656050772	0.180811661666	0.0242889798867	0.0246561452241	0.160851757651	0.161022113905	0.172342889425	0.252034554666	0.250548487097	0.0465095324199	0.0465817145533	0.172867981184	0.17170264845	0.16944440838	0.181647207423	0.18479783263	0.200563836134	0.197691415091	0.197356044737	0.234191722581	0.241498745768	0.240955062398	0.162964838016	0.161645099509	0.162417926786	0.193427313167	0.193845398586	0.194747099925	0.00412200569212	0.00424561173682	0.00300470356407	0.17853954879	0.177713907613	0.204478043431	0.208921698212	0.219579816011	0.283313075145	0.276894176906	0.243899868383	0.247012626857	0.131904216121	0.249471437757	0.25258669569	0.0154022894374	0.0152859732337	0.197523538862	0.254762942898	0.265739704822	0.0142502044862	0.165153711303	0.16484218234	0.163770312182	0.181875601176	0.222379082137	0.224422923837	0.218620552615	0.198027783715	0.197221764165	0.13909344382	0.173725307435	0.174581974984	0.0117108275951
159227541-stool2.freeze11.snv.filtered.bam	0.230735183805	0.232332059933	0.181049387688	0.181150505927	0.234660182266	0.239182129757	0.229625781755	0.197644650563	0.198656756439	0.196853694335	0.178694859904	0.179875193669	0.0	0.175541533944	0.100074821182	0.176315839122	0.177276373689	0.184615574482	0.184697746447	0.175046884192	0.237908498149	0.236642723207	0.183665902408	0.184802340901	0.174379342711	0.174093995259	0.172229966429	0.00353128665102	0.00319230595572	0.207730515375	0.205192555173	0.204559068982	0.235053228381	0.235395745186	0.234672234829	0.182920935307	0.182147150115	0.182783427005	0.200012885941	0.199759442904	0.20150675942	0.18084126188	0.180937312528	0.179673964368	0.186382031108	0.185827412542	0.200263485505	0.203356975967	0.211830615645	0.262045518579	0.256175543531	0.220537255649	0.224198619056	0.156720595876	0.237729502125	0.240466691472	0.182198444461	0.18212857537	0.137913991534	0.242028754987	0.252561095	0.173319887737	0.180538292476	0.18093389229	0.180292237204	0.192295557292	0.222218070725	0.223885416201	0.219118956087	0.206851801856	0.206208586149	0.16332562204	0.17905329227	0.180734845743	0.181752509034
159268001-stool1.freeze11.snv.filtered.bam	0.228925146305	0.230559853493	0.166867906082	0.167082870668	0.237141192523	0.241927654965	0.231707331413	0.172974921287	0.17362774324	0.171929130434	0.166134206393	0.166656050772	0.175541533944	0.0	0.179206426243	0.16719511044	0.168010089401	0.168960033751	0.169039609345	0.157731363548	0.238435109386	0.237138272485	0.172445196151	0.173397209577	0.174538200656	0.17409723549	0.172220689321	0.177596597115	0.180705648106	0.179639645683	0.177460418612	0.177150324028	0.228725311713	0.236153581186	0.235407178645	0.168832153952	0.168159379774	0.168789349885	0.173638314446	0.173358682281	0.179621139191	0.167922932333	0.167950656806	0.166457680191	0.17074338096	0.170641835232	0.190316248502	0.194901210462	0.205194206028	0.268113533027	0.26238844039	0.23409219138	0.237410244232	0.144831424476	0.235942217498	0.238965787497	0.16888933526	0.168909225289	0.187560550445	0.239240272861	0.250302349894	0.16180723225	0.169395900097	0.169535352049	0.168797389481	0.169742034276	0.205345576257	0.207168378306	0.202132711304	0.18349179835	0.183016306367	0.14418637117	0.161805258771	0.163209421921	0.169932721152
159369152-stool1.freeze11.snv.filtered.bam	0.230526334182	0.232124724557	0.189221715456	0.189391402774	0.239804458654	0.243531985225	0.235055770973	0.203033344595	0.2037984291	0.202137691641	0.180016864969	0.180811661666	0.100074821182	0.179206426243	0.0	0.179813894396	0.180601234809	0.188442687597	0.188388440012	0.182010148891	0.239437707448	0.23818453923	0.18572921074	0.186697742104	0.188157926293	0.18778558938	0.185941813737	0.10045596985	0.101805546424	0.211331535507	0.209033952894	0.20870887759	0.231474179878	0.232978790108	0.232203285244	0.191811494008	0.191093429835	0.191670284221	0.203763544594	0.203884721796	0.20535567249	0.181701260467	0.181744676681	0.180160125821	0.191406108382	0.191350044535	0.209090835331	0.212158958449	0.219541329942	0.25363989492	0.248579922214	0.238525263791	0.241524282089	0.162175329765	0.23673088859	0.239597142813	0.183412899936	0.183384928143	0.171027545851	0.235186674059	0.244155239326	0.175997811298	0.191637618671	0.191927526487	0.191108837812	0.195179280755	0.226107552231	0.227786187982	0.223749099791	0.209209264529	0.208781899279	0.167044839599	0.188658034475	0.189994846802	0.184775121987
159510762-stool1.freeze11.snv.filtered.bam	0.239095039973	0.240642512495	0.159625728954	0.159546018684	0.252926986568	0.25701493174	0.24740365063	0.18761260236	0.1880538954	0.186260066867	0.0245856300484	0.0242889798867	0.176315839122	0.16719511044	0.179813894396	0.0	0.00293925213774	0.161822537555	0.16186189819	0.17226793337	0.251509969648	0.25038301524	0.0610691926491	0.0613638546174	0.172025547922	0.171905421326	0.169749761794	0.179126347744	0.182130901408	0.201308763103	0.199428515649	0.199096972801	0.240050750601	0.247307458749	0.246676214712	0.162305148406	0.161356280694	0.162187910466	0.192737237302	0.192588342999	0.194637791852	0.022813242564	0.0229392721557	0.0228516732614	0.178328844771	0.17787476312	0.205039058371	0.210007080161	0.221415132971	0.283745822325	0.277696398445	0.245112997134	0.24834145496	0.133610160912	0.251961456466	0.254810529056	0.0312816654914	0.0311433110613	0.199393827044	0.254324366605	0.264623780997	0.032354433437	0.163658642543	0.164188770861	0.163394440289	0.186868878734	0.223087760214	0.225285147265	0.220244068097	0.198929964296	0.198430934771	0.140951431178	0.174800034741	0.176235804664	0.0311314470273
159510762-stool2.freeze11.snv.filtered.bam	0.239629992385	0.241078792429	0.160101195543	0.159885764424	0.253416730907	0.257454618551	0.247959253437	0.188187603884	0.188579972845	0.186899511283	0.0248487679851	0.0246561452241	0.177276373689	0.168010089401	0.180601234809	0.00293925213774	0.0	0.162369643239	0.162377198425	0.173090998038	0.251751919615	0.250690057471	0.0614054494354	0.0615866598523	0.17270417112	0.172759599944	0.170654889342	0.180090019362	0.183100270651	0.202031042376	0.200324039483	0.199984282867	0.240461918153	0.247729873372	0.247134576075	0.162653207698	0.161885280361	0.162690092252	0.193126802754	0.19294540965	0.195215977083	0.0229143873548	0.0229885519668	0.0231473910228	0.179124612722	0.178748332731	0.205729218724	0.210933512608	0.22217929066	0.284180474876	0.27826410404	0.245550532475	0.248727098377	0.134499309655	0.252326534028	0.255112330812	0.0313935602997	0.0312569057673	0.200186817766	0.254728377275	0.264851295853	0.0326388304005	0.164060983621	0.164709334889	0.16392668404	0.187688625564	0.223752453653	0.225853396991	0.221084432055	0.199595989302	0.199228209938	0.141773604316	0.175814978929	0.177225854393	0.0314595812266
159551223-stool1.freeze11.snv.filtered.bam	0.241519260424	0.242958385249	0.0947220806045	0.0947669496214	0.256127461875	0.261181129773	0.250959365309	0.184335407556	0.184445510334	0.182881597832	0.160547455695	0.160851757651	0.184615574482	0.168960033751	0.188442687597	0.161822537555	0.162369643239	0.0	0.00169686595723	0.172349273281	0.255527930247	0.254467794566	0.171901891817	0.17252931977	0.150366235022	0.150171076702	0.148297076828	0.186753212765	0.189827002625	0.199440959678	0.197260354927	0.196858901471	0.244139915733	0.253035148774	0.252112370812	0.0987659467739	0.0985192702232	0.0988802148791	0.196057751342	0.196153782802	0.19786518817	0.162518706488	0.162560315475	0.161363036414	0.180763944647	0.180651573062	0.208292391454	0.21418510176	0.22496401406	0.289677363688	0.284235522783	0.251691453848	0.254789615048	0.143752960801	0.254591460798	0.257062794875	0.166150655193	0.166162433075	0.204962226871	0.25963605602	0.27080339097	0.158534896601	0.10164331307	0.102037192699	0.101430870999	0.185060248532	0.223163407205	0.22503514918	0.220694838965	0.194692101401	0.194519669148	0.145776456871	0.174641019491	0.176324776871	0.165704056569
159551223-stool2.freeze11.snv.filtered.bam	0.241575924674	0.243075064674	0.0950719933477	0.0950533709751	0.256177795413	0.261196579186	0.251054466891	0.184439033374	0.18451330151	0.183078981423	0.160557828826	0.161022113905	0.184697746447	0.169039609345	0.188388440012	0.16186189819	0.162377198425	0.00169686595723	0.0	0.172377768268	0.255505050907	0.25448433222	0.171958616441	0.172597824459	0.150449982178	0.15039316557	0.148512641414	0.186990120169	0.190064809087	0.199480776182	0.19744870618	0.197051090324	0.244203162217	0.253110481063	0.25219354349	0.0989365061597	0.0987986416541	0.0991601177448	0.196036298201	0.196004916263	0.198007697119	0.162579957105	0.162606478811	0.16155659297	0.180893614423	0.180833039279	0.208137653371	0.214297849921	0.225059512769	0.289812820447	0.284377255311	0.251729474909	0.254791988358	0.143859713701	0.25462229148	0.257166660571	0.166177352502	0.166176396688	0.205032200745	0.259774769468	0.270792671319	0.158612801591	0.101948637596	0.102328938505	0.101743627608	0.185205035657	0.223235183394	0.225050436291	0.220868524821	0.194804703018	0.194661564062	0.145992248768	0.174740644417	0.176484877214	0.165826809917
159571453-stool1.freeze11.snv.filtered.bam	0.228771152787	0.230421354879	0.174518390426	0.174547704801	0.241262063982	0.246610228903	0.235646900678	0.182601160067	0.183520110896	0.181194188541	0.171354553981	0.172342889425	0.175046884192	0.157731363548	0.182010148891	0.17226793337	0.173090998038	0.172349273281	0.172377768268	0.0	0.245638753349	0.244103392533	0.175984020174	0.177315582828	0.169438031906	0.169182669561	0.166693432977	0.178671230485	0.182937970574	0.189586678973	0.186953821218	0.186507239887	0.235073720706	0.241355346605	0.240603888444	0.176526498463	0.175706114041	0.176430163203	0.178810918692	0.17872030116	0.182573853863	0.17332475724	0.173338077985	0.171822125216	0.131765057426	0.131455609568	0.16319259488	0.174020445429	0.189748076508	0.278934296624	0.272852004934	0.237222074955	0.240822870133	0.149669546569	0.23220583831	0.23545434659	0.17596515404	0.175955784257	0.190367606582	0.250337155309	0.262281643879	0.16516916315	0.176525729773	0.177025684991	0.176235321335	0.177806253663	0.214843921431	0.217411389261	0.211716243597	0.19070401895	0.190376025581	0.15583616045	0.113959966829	0.115598738736	0.175187504837
159611913-stool1.freeze11.snv.filtered.bam	0.212638251201	0.212988835248	0.256451797589	0.256490261117	0.233391255027	0.2344093931	0.230692191388	0.253336698276	0.253772399743	0.252430141692	0.251675236554	0.252034554666	0.237908498149	0.238435109386	0.239437707448	0.251509969648	0.251751919615	0.255527930247	0.255505050907	0.245638753349	0.0	0.00237426298227	0.249252079462	0.249183522417	0.245976948595	0.245755697429	0.244323926715	0.238933079441	0.240466536451	0.254948933764	0.253375770469	0.253161460957	0.180771277604	0.205841492095	0.205988234311	0.256620341174	0.256284682367	0.256732177731	0.245617697542	0.246018548667	0.24576856678	0.252666533593	0.252613594134	0.251650038337	0.241558342935	0.242423105955	0.236789982212	0.234752666333	0.234905811358	0.245164158132	0.243041170202	0.205414941379	0.206828920308	0.243386406002	0.223161349242	0.224260984716	0.251302368001	0.251283870053	0.205102181461	0.245416938742	0.250124252449	0.249462522054	0.250728959175	0.250887408629	0.250396416446	0.238237876558	0.255442821385	0.25639651057	0.254469895752	0.255493083738	0.255476944089	0.246117814653	0.234617387924	0.234717785831	0.252856945737
159611913-stool2.freeze11.snv.filtered.bam	0.211922422896	0.212442629361	0.255221646665	0.255550035908	0.232669218964	0.233812817405	0.229789049544	0.25212497202	0.252530644197	0.251059711851	0.250413739369	0.250548487097	0.236642723207	0.237138272485	0.23818453923	0.25038301524	0.250690057471	0.254467794566	0.25448433222	0.244103392533	0.00237426298227	0.0	0.248111872785	0.248167007109	0.244939475774	0.244362000637	0.242889940988	0.237480047097	0.239019610427	0.253824760173	0.251885823209	0.251659962005	0.18037164636	0.20491830328	0.205011160853	0.255560416991	0.255143931404	0.255603006039	0.244383797183	0.24508454474	0.244451412122	0.251567617592	0.251588553272	0.250143048563	0.24015426058	0.240910667202	0.235282671008	0.233239499917	0.233473074441	0.245132792614	0.242779823178	0.204887230549	0.206294362343	0.241814135381	0.222479809788	0.223774295689	0.250268678067	0.250243190162	0.203815417924	0.244607707712	0.249742330809	0.248119452314	0.249750774057	0.249645156468	0.249047976504	0.236854376232	0.254149858857	0.255128074992	0.252915038032	0.25431320742	0.254191764862	0.244552583769	0.233069151381	0.233099521149	0.25147505056
160158126-stool1.freeze11.snv.filtered.bam	0.232195234866	0.233838071045	0.169047923739	0.169100873911	0.245780729123	0.249807736103	0.2403548369	0.191794063451	0.192014924687	0.190150658943	0.0462531310497	0.0465095324199	0.183665902408	0.172445196151	0.18572921074	0.0610691926491	0.0614054494354	0.171901891817	0.171958616441	0.175984020174	0.249252079462	0.248111872785	0.0	0.0036199811778	0.178373006264	0.178169753942	0.176058207481	0.185856752507	0.189229786569	0.202895625057	0.200855945093	0.200370726097	0.233864366454	0.24342682388	0.242909685691	0.171448411679	0.170550261943	0.171304234028	0.191150896898	0.19125311783	0.192673182686	0.0463608015369	0.0463749738126	0.0460258050582	0.180324477709	0.180171836486	0.205094931552	0.208954618354	0.219273610512	0.283683251701	0.277864137138	0.243535420831	0.246685678316	0.142513192384	0.250402490014	0.253233648429	0.0530537168151	0.0529764583279	0.199444882506	0.256343293068	0.266945111972	0.0341653597809	0.172539931645	0.172928256768	0.172189283871	0.166616603089	0.222902243222	0.224973660946	0.219972350047	0.199118102367	0.198592451292	0.150992147284	0.179403188869	0.180874359156	0.0453750129902
160158126-stool2.freeze11.snv.filtered.bam	0.232726063688	0.234166771819	0.169738031965	0.169669145551	0.246085735243	0.250039036175	0.240782062083	0.192814445304	0.192788831308	0.190935075902	0.0465310351755	0.0465817145533	0.184802340901	0.173397209577	0.186697742104	0.0613638546174	0.0615866598523	0.17252931977	0.172597824459	0.177315582828	0.249183522417	0.248167007109	0.0036199811778	0.0	0.1792320586	0.179116717731	0.177013445372	0.186786077285	0.190068825969	0.203635176063	0.201694683761	0.201239218009	0.23382176271	0.243729745647	0.243187800721	0.17207884606	0.171421044886	0.172152563268	0.191931202192	0.192190870083	0.193564635981	0.0462202413193	0.0461695379011	0.046062217034	0.181380698751	0.181266350779	0.206288805105	0.21025947648	0.220390177744	0.283626419677	0.278036205245	0.2439331221	0.247028987301	0.143524097275	0.250703132636	0.253430301295	0.0528344799744	0.0527881394557	0.200704824447	0.256792728387	0.26713886122	0.0343577209033	0.173215904482	0.173738192641	0.172946640751	0.167251663577	0.223654602312	0.225533496075	0.220687118155	0.199579101717	0.199259935413	0.151834937595	0.180713246706	0.182109661399	0.0453575596689
160319967-stool1.freeze11.snv.filtered.bam	0.241028363008	0.242384501387	0.153305041557	0.153147900841	0.252208653845	0.256791014018	0.246864318501	0.193605756602	0.193594537639	0.192201616587	0.172279151827	0.172867981184	0.174379342711	0.174538200656	0.188157926293	0.172025547922	0.17270417112	0.150366235022	0.150449982178	0.169438031906	0.245976948595	0.244939475774	0.178373006264	0.1792320586	0.0	0.00192523670015	0.00218177380037	0.176083015938	0.179783243228	0.201386667173	0.199423797472	0.199288143263	0.243093747019	0.249033709452	0.248809348906	0.157020930741	0.156590831507	0.157263612185	0.198058920414	0.198071749267	0.199859186925	0.173550471722	0.173557780447	0.172549917354	0.185375348774	0.185215950872	0.209513615954	0.214469804156	0.225022928868	0.286444250439	0.281109839818	0.243344538131	0.246681657486	0.157498987285	0.24849823226	0.251360901548	0.177322200137	0.177289280681	0.200958695086	0.259143527415	0.269227796005	0.169156349825	0.15501835957	0.155800007036	0.155053680703	0.191156905459	0.226552992186	0.2285520257	0.223843967636	0.202920824501	0.202637847256	0.158089277494	0.178996624071	0.181129631942	0.176529204499
160319967-stool2.freeze11.snv.filtered.bam	0.240728950507	0.242344658265	0.152460621088	0.153152653165	0.251650066093	0.25649419545	0.245857191617	0.193171957397	0.19300205747	0.191063174687	0.17176607037	0.17170264845	0.174093995259	0.17409723549	0.18778558938	0.171905421326	0.172759599944	0.150171076702	0.15039316557	0.169182669561	0.245755697429	0.244362000637	0.178169753942	0.179116717731	0.00192523670015	0.0	0.000951157724596	0.174879541179	0.178609106034	0.201325074398	0.198321945605	0.198187025674	0.243095664274	0.248057106668	0.247870376873	0.156704392088	0.155669079048	0.1563568947	0.197748042134	0.198257534427	0.198777533278	0.173548187284	0.173618979605	0.171375364751	0.184925613613	0.184244602745	0.20911347454	0.213708656894	0.224062148554	0.286186188113	0.28028477089	0.243228219205	0.246444762885	0.156942659821	0.248267546334	0.251274371293	0.177361810401	0.177311693609	0.200509525613	0.258734655007	0.269199672127	0.168645905183	0.155083042235	0.154877391797	0.153930319748	0.190183306198	0.226209123846	0.228074152469	0.222750301367	0.202449067646	0.201687724499	0.157117417606	0.178359231622	0.179938778982	0.175573928859
160319967-stool3.freeze11.snv.filtered.bam	0.239115341001	0.240771750419	0.150443259788	0.151135306923	0.249904991499	0.254882104805	0.244067478054	0.191344717196	0.191254320568	0.18922428535	0.169464358369	0.16944440838	0.172229966429	0.172220689321	0.185941813737	0.169749761794	0.170654889342	0.148297076828	0.148512641414	0.166693432977	0.244323926715	0.242889940988	0.176058207481	0.177013445372	0.00218177380037	0.000951157724596	0.0	0.173088091774	0.176857781898	0.199174438678	0.196122979565	0.195950348897	0.241602265671	0.246616396292	0.246393069737	0.154633320923	0.153535968979	0.154266941596	0.195598340676	0.196096599567	0.196739566738	0.171329390665	0.171407261601	0.169110981099	0.182565370721	0.18184424376	0.206872310844	0.211515500475	0.221979423211	0.284574167897	0.278584702178	0.241396731879	0.244653844563	0.154427160966	0.246483921686	0.24954484793	0.175161063187	0.175101809446	0.19842066774	0.257006514528	0.267762898576	0.166123289524	0.153107370927	0.152918742041	0.151938043911	0.188192430408	0.224433643843	0.226328332196	0.220950104338	0.200503336354	0.19973501384	0.154975702037	0.175796767991	0.177477795669	0.173359308184
160421117-stool2.freeze11.snv.filtered.bam	0.231887299486	0.233590804173	0.18311581785	0.183774711472	0.234797282645	0.239388227685	0.229368427484	0.200112093333	0.200723278749	0.198547850162	0.181046962029	0.181647207423	0.00353128665102	0.177596597115	0.10045596985	0.179126347744	0.180090019362	0.186753212765	0.186990120169	0.178671230485	0.238933079441	0.237480047097	0.185856752507	0.186786077285	0.176083015938	0.174879541179	0.173088091774	0.0	0.00130660695037	0.209502117067	0.206253512837	0.205682890477	0.236420093994	0.235676053653	0.235016223498	0.185118445136	0.184063289432	0.184721155116	0.201932906353	0.2023957676	0.202885367396	0.183416624536	0.18350936654	0.18121562062	0.188962164308	0.188343406662	0.20269479729	0.205460891273	0.213106464771	0.261570437649	0.255511008554	0.221323980636	0.224778428683	0.159502138802	0.238278161556	0.241079901293	0.184578981469	0.184524702403	0.140070034284	0.242253545575	0.252675924747	0.175906366428	0.183031542414	0.182694038944	0.181792530396	0.193807661818	0.223941899854	0.225440852845	0.22063672215	0.208276871449	0.207501533177	0.165974837756	0.182345027312	0.183547875578	0.183431184572
160421117-stool3.freeze11.snv.filtered.bam	0.233944161393	0.235578798679	0.186112810536	0.186771180483	0.23671682697	0.241281176324	0.231542973101	0.203139956905	0.203416038705	0.201317651887	0.184384811872	0.18479783263	0.00319230595572	0.180705648106	0.101805546424	0.182130901408	0.183100270651	0.189827002625	0.190064809087	0.182937970574	0.240466536451	0.239019610427	0.189229786569	0.190068825969	0.179783243228	0.178609106034	0.176857781898	0.00130660695037	0.0	0.212736976603	0.209497893534	0.208966129047	0.238074748162	0.23725218419	0.236634202874	0.187998051126	0.186954261531	0.187597719529	0.204945561321	0.205379034561	0.205711200925	0.186567949214	0.186646634798	0.184408432721	0.192343691961	0.19179187966	0.206450467226	0.209233918025	0.216475052918	0.261964536927	0.256031053285	0.222759260901	0.22617013359	0.16343837546	0.240237786156	0.242873650596	0.187709385792	0.187658102868	0.142904679421	0.243885337103	0.253929556693	0.179557064	0.186048730275	0.185716906177	0.184834457905	0.197004594275	0.226208845812	0.227546026363	0.222937214989	0.211390716093	0.210644461613	0.1697085664	0.186422486972	0.18758423723	0.186671749169
160502038-stool1.freeze11.snv.filtered.bam	0.245373343734	0.247025529686	0.201299847608	0.201231379946	0.257868533185	0.262140922037	0.252886850763	0.18905853788	0.188361797634	0.186814239893	0.200302045256	0.200563836134	0.207730515375	0.179639645683	0.211331535507	0.201308763103	0.202031042376	0.199440959678	0.199480776182	0.189586678973	0.254948933764	0.253824760173	0.202895625057	0.203635176063	0.201386667173	0.201325074398	0.199174438678	0.209502117067	0.212736976603	0.0	0.00185294195199	0.00189546922148	0.247480651688	0.254081294858	0.253423570897	0.202416172592	0.201851163824	0.202464800921	0.194525340848	0.194544116734	0.195731465741	0.201371711944	0.201409741541	0.200396444591	0.193060932158	0.193103595727	0.213198533695	0.217772789428	0.227054866149	0.289328102764	0.284097575541	0.252400543268	0.25565994299	0.18641486819	0.254154212974	0.256799249376	0.201408041032	0.201367370873	0.214582522672	0.263955259786	0.273805075429	0.194116665155	0.202423544932	0.202971815588	0.202177931744	0.178464761239	0.218407420756	0.219857969561	0.215960426191	0.19100773145	0.190801246612	0.188097835912	0.186061736506	0.186779844852	0.201977326102
160502038-stool2.freeze11.snv.filtered.bam	0.243474654478	0.245307226237	0.198736043224	0.199374762654	0.255690394752	0.260301900972	0.25031412532	0.186667007347	0.185990022954	0.183817780405	0.197984068607	0.197691415091	0.205192555173	0.177460418612	0.209033952894	0.199428515649	0.200324039483	0.197260354927	0.19744870618	0.186953821218	0.253375770469	0.251885823209	0.200855945093	0.201694683761	0.199423797472	0.198321945605	0.196122979565	0.206253512837	0.209497893534	0.00185294195199	0.0	0.000848981748385	0.245989624954	0.251616566779	0.250947291625	0.20034369517	0.199230123295	0.199879505112	0.192286063251	0.192837321064	0.192893258778	0.199503259534	0.199609361184	0.197462119636	0.190362226307	0.189947090615	0.210602564543	0.214912609529	0.224037804671	0.287407154814	0.281604195159	0.250680603734	0.253897494772	0.183696562611	0.252402042105	0.25524468591	0.199599984327	0.199582868681	0.21198343222	0.261797498456	0.272196097315	0.191651964308	0.200539837023	0.200305850066	0.199327500434	0.175969328812	0.216512944027	0.217915755806	0.213432782243	0.189286246766	0.18862062209	0.185269788624	0.183048364626	0.183323244467	0.199238463364
