	158499257-stool1.freeze11.snv.filtered.bam	158499257-stool2.freeze11.snv.filtered.bam	158802708-stool1.freeze11.snv.filtered.bam	158802708-stool2.freeze11.snv.filtered.bam	158802708-stool3.freeze11.snv.filtered.bam	159166850-stool1.freeze11.snv.filtered.bam	159166850-stool2.freeze11.snv.filtered.bam	159207311-stool2.freeze11.snv.filtered.bam	159207311-stool3.freeze11.snv.filtered.bam	159227541-stool1.freeze11.snv.filtered.bam	159227541-stool2.freeze11.snv.filtered.bam	159227541-stool3.freeze11.snv.filtered.bam	159268001-stool1.freeze11.snv.filtered.bam	159268001-stool2.freeze11.snv.filtered.bam	675950834-stool1.freeze11.snv.filtered.bam	675950834-stool2.freeze11.snv.filtered.bam	764224817-stool1.freeze11.snv.filtered.bam	764224817-stool2.freeze11.snv.filtered.bam	765640925-stool1.freeze11.snv.filtered.bam	765640925-stool2.freeze11.snv.filtered.bam	765701615-stool1.freeze11.snv.filtered.bam	765701615-stool2.freeze11.snv.filtered.bam	823052294-stool1.freeze11.snv.filtered.bam	823052294-stool3.freeze11.snv.filtered.bam
158499257-stool1.freeze11.snv.filtered.bam	0.0	1.332001332e-05	0.334225774226	0.33014985015	0.326726606727	0.306253746254	0.306346986347	0.319627039627	0.328058608059	0.312194472194	0.308478188478	0.312074592075	0.308691308691	0.305934065934	0.308251748252	0.310809190809	0.31048951049	0.324075924076	0.3198001998	0.320053280053	0.253106893107	0.238907758908	0.329577089577	0.328857808858
158499257-stool2.freeze11.snv.filtered.bam	1.332001332e-05	0.0	0.336876456876	0.332733932734	0.329297369297	0.308571428571	0.308664668665	0.322104562105	0.330536130536	0.314592074592	0.310862470862	0.314485514486	0.310782550783	0.308091908092	0.310862470862	0.31341991342	0.3131002331	0.326806526807	0.322437562438	0.322690642691	0.255211455211	0.241265401265	0.332227772228	0.331495171495
158802708-stool1.freeze11.snv.filtered.bam	0.334225774226	0.336876456876	0.0	0.000999000999001	0.00102564102564	0.309716949717	0.30973026973	0.120146520147	0.12333000333	0.315591075591	0.312327672328	0.315444555445	0.297529137529	0.293972693973	0.0970629370629	0.0975024975025	0.104961704962	0.112087912088	0.10977022977	0.11016983017	0.251295371295	0.234791874792	0.11333999334	0.113206793207
158802708-stool2.freeze11.snv.filtered.bam	0.33014985015	0.332733932734	0.000999000999001	0.0	0.00042624042624	0.305947385947	0.306013986014	0.12035964036	0.123822843823	0.311155511156	0.308051948052	0.311035631036	0.293666333666	0.290096570097	0.0975824175824	0.0981285381285	0.105854145854	0.112927072927	0.110223110223	0.110596070596	0.2463003663	0.230889110889	0.114245754246	0.114099234099
158802708-stool3.freeze11.snv.filtered.bam	0.326726606727	0.329297369297	0.00102564102564	0.00042624042624	0.0	0.302111222111	0.302137862138	0.116376956377	0.119693639694	0.307705627706	0.304602064602	0.307545787546	0.289976689977	0.28658008658	0.0931335331335	0.0936663336663	0.101005661006	0.108051948052	0.105414585415	0.105827505828	0.242957042957	0.22683982684	0.10969030969	0.109437229437
159166850-stool1.freeze11.snv.filtered.bam	0.306253746254	0.308571428571	0.309716949717	0.305947385947	0.302111222111	0.0	1.332001332e-05	0.294212454212	0.302191142191	0.257702297702	0.254705294705	0.257715617716	0.255078255078	0.25328005328	0.280346320346	0.282863802864	0.284382284382	0.298474858475	0.292214452214	0.292654012654	0.204515484515	0.188251748252	0.302457542458	0.301991341991
159166850-stool2.freeze11.snv.filtered.bam	0.306346986347	0.308664668665	0.30973026973	0.306013986014	0.302137862138	1.332001332e-05	0.0	0.294319014319	0.302244422244	0.257742257742	0.254758574759	0.257728937729	0.255038295038	0.253266733267	0.280333000333	0.282783882784	0.284355644356	0.298474858475	0.292201132201	0.292614052614	0.204395604396	0.188278388278	0.302430902431	0.301991341991
159207311-stool2.freeze11.snv.filtered.bam	0.319627039627	0.322104562105	0.120146520147	0.12035964036	0.116376956377	0.294212454212	0.294319014319	0.0	1.332001332e-05	0.303656343656	0.300273060273	0.303603063603	0.284608724609	0.281145521146	0.0843023643024	0.0859140859141	0.0958907758908	0.10299034299	0.100526140526	0.100512820513	0.241691641692	0.223376623377	0.104562104562	0.104149184149
159207311-stool3.freeze11.snv.filtered.bam	0.328058608059	0.330536130536	0.12333000333	0.123822843823	0.119693639694	0.302191142191	0.302244422244	1.332001332e-05	0.0	0.311328671329	0.307612387612	0.311302031302	0.291961371961	0.288418248418	0.0874858474858	0.0891375291375	0.0989144189144	0.106000666001	0.10362970363	0.103603063603	0.248604728605	0.23020979021	0.107452547453	0.107012987013
159227541-stool1.freeze11.snv.filtered.bam	0.312194472194	0.314592074592	0.315591075591	0.311155511156	0.307705627706	0.257702297702	0.257742257742	0.303656343656	0.311328671329	0.0	0.00022644022644	2.664002664e-05	0.257022977023	0.254731934732	0.288098568099	0.289976689977	0.292760572761	0.306653346653	0.300046620047	0.300819180819	0.202157842158	0.187052947053	0.311395271395	0.310702630703
159227541-stool2.freeze11.snv.filtered.bam	0.308478188478	0.310862470862	0.312327672328	0.308051948052	0.304602064602	0.254705294705	0.254758574759	0.300273060273	0.307612387612	0.00022644022644	0.0	0.00042624042624	0.254065934066	0.251788211788	0.284995004995	0.2866999667	0.289190809191	0.30303030303	0.29668997669	0.297369297369	0.200492840493	0.184655344655	0.307798867799	0.307092907093
159227541-stool3.freeze11.snv.filtered.bam	0.312074592075	0.314485514486	0.315444555445	0.311035631036	0.307545787546	0.257715617716	0.257728937729	0.303603063603	0.311302031302	2.664002664e-05	0.00042624042624	0.0	0.257076257076	0.254758574759	0.288005328005	0.289963369963	0.292667332667	0.306546786547	0.299846819847	0.300606060606	0.201758241758	0.186746586747	0.311395271395	0.310702630703
159268001-stool1.freeze11.snv.filtered.bam	0.308691308691	0.310782550783	0.297529137529	0.293666333666	0.289976689977	0.255078255078	0.255038295038	0.284608724609	0.291961371961	0.257022977023	0.254065934066	0.257076257076	0.0	0.00015984015984	0.265268065268	0.268691308691	0.27016983017	0.283782883783	0.278801198801	0.279307359307	0.183536463536	0.163849483849	0.290243090243	0.28955044955
159268001-stool2.freeze11.snv.filtered.bam	0.305934065934	0.308091908092	0.293972693973	0.290096570097	0.28658008658	0.25328005328	0.253266733267	0.281145521146	0.288418248418	0.254731934732	0.251788211788	0.254758574759	0.00015984015984	0.0	0.261125541126	0.264588744589	0.26628038628	0.279627039627	0.274578754579	0.275204795205	0.181338661339	0.161278721279	0.286486846487	0.285900765901
675950834-stool1.freeze11.snv.filtered.bam	0.308251748252	0.310862470862	0.0970629370629	0.0975824175824	0.0931335331335	0.280346320346	0.280333000333	0.0843023643024	0.0874858474858	0.288098568099	0.284995004995	0.288005328005	0.265268065268	0.261125541126	0.0	0.00037296037296	0.0669064269064	0.0733533133533	0.0669597069597	0.0667332667333	0.22382950383	0.204715284715	0.0803063603064	0.0801465201465
675950834-stool2.freeze11.snv.filtered.bam	0.310809190809	0.31341991342	0.0975024975025	0.0981285381285	0.0936663336663	0.282863802864	0.282783882784	0.0859140859141	0.0891375291375	0.289976689977	0.2866999667	0.289963369963	0.268691308691	0.264588744589	0.00037296037296	0.0	0.0687445887446	0.0754179154179	0.0689310689311	0.0688644688645	0.226386946387	0.207432567433	0.0807592407592	0.080626040626
764224817-stool1.freeze11.snv.filtered.bam	0.31048951049	0.3131002331	0.104961704962	0.105854145854	0.101005661006	0.284382284382	0.284355644356	0.0958907758908	0.0989144189144	0.292760572761	0.289190809191	0.292667332667	0.27016983017	0.26628038628	0.0669064269064	0.0687445887446	0.0	0.00015984015984	0.0794005994006	0.079627039627	0.228944388944	0.20967032967	0.0870063270063	0.0866999667
764224817-stool2.freeze11.snv.filtered.bam	0.324075924076	0.326806526807	0.112087912088	0.112927072927	0.108051948052	0.298474858475	0.298474858475	0.10299034299	0.106000666001	0.306653346653	0.30303030303	0.306546786547	0.283782883783	0.279627039627	0.0733533133533	0.0754179154179	0.00015984015984	0.0	0.0872993672994	0.087286047286	0.242224442224	0.22311022311	0.0919214119214	0.0916150516151
765640925-stool1.freeze11.snv.filtered.bam	0.3198001998	0.322437562438	0.10977022977	0.110223110223	0.105414585415	0.292214452214	0.292201132201	0.100526140526	0.10362970363	0.300046620047	0.29668997669	0.299846819847	0.278801198801	0.274578754579	0.0669597069597	0.0689310689311	0.0794005994006	0.0872993672994	0.0	7.99200799201e-05	0.23619047619	0.217036297036	0.0917615717616	0.0915084915085
765640925-stool2.freeze11.snv.filtered.bam	0.320053280053	0.322690642691	0.11016983017	0.110596070596	0.105827505828	0.292654012654	0.292614052614	0.100512820513	0.103603063603	0.300819180819	0.297369297369	0.300606060606	0.279307359307	0.275204795205	0.0667332667333	0.0688644688645	0.079627039627	0.087286047286	7.99200799201e-05	0.0	0.23678987679	0.217635697636	0.0915351315351	0.0914152514153
765701615-stool1.freeze11.snv.filtered.bam	0.253106893107	0.255211455211	0.251295371295	0.2463003663	0.242957042957	0.204515484515	0.204395604396	0.241691641692	0.248604728605	0.202157842158	0.200492840493	0.201758241758	0.183536463536	0.181338661339	0.22382950383	0.226386946387	0.228944388944	0.242224442224	0.23619047619	0.23678987679	0.0	0.0158774558775	0.247898767899	0.247525807526
765701615-stool2.freeze11.snv.filtered.bam	0.238907758908	0.241265401265	0.234791874792	0.230889110889	0.22683982684	0.188251748252	0.188278388278	0.223376623377	0.23020979021	0.187052947053	0.184655344655	0.186746586747	0.163849483849	0.161278721279	0.204715284715	0.207432567433	0.20967032967	0.22311022311	0.217036297036	0.217635697636	0.0158774558775	0.0	0.230822510823	0.230422910423
823052294-stool1.freeze11.snv.filtered.bam	0.329577089577	0.332227772228	0.11333999334	0.114245754246	0.10969030969	0.302457542458	0.302430902431	0.104562104562	0.107452547453	0.311395271395	0.307798867799	0.311395271395	0.290243090243	0.286486846487	0.0803063603064	0.0807592407592	0.0870063270063	0.0919214119214	0.0917615717616	0.0915351315351	0.247898767899	0.230822510823	0.0	3.996003996e-05
823052294-stool3.freeze11.snv.filtered.bam	0.328857808858	0.331495171495	0.113206793207	0.114099234099	0.109437229437	0.301991341991	0.301991341991	0.104149184149	0.107012987013	0.310702630703	0.307092907093	0.310702630703	0.28955044955	0.285900765901	0.0801465201465	0.080626040626	0.0866999667	0.0916150516151	0.0915084915085	0.0914152514153	0.247525807526	0.230422910423	3.996003996e-05	0.0
