	158499257-stool1.freeze11.snv.filtered.bam	158499257-stool2.freeze11.snv.filtered.bam	158802708-stool1.freeze11.snv.filtered.bam	158802708-stool2.freeze11.snv.filtered.bam	158802708-stool3.freeze11.snv.filtered.bam	159166850-stool1.freeze11.snv.filtered.bam	159166850-stool2.freeze11.snv.filtered.bam	159207311-stool2.freeze11.snv.filtered.bam	159207311-stool3.freeze11.snv.filtered.bam	159227541-stool1.freeze11.snv.filtered.bam	159227541-stool2.freeze11.snv.filtered.bam	159227541-stool3.freeze11.snv.filtered.bam	159268001-stool1.freeze11.snv.filtered.bam	159268001-stool2.freeze11.snv.filtered.bam	675950834-stool1.freeze11.snv.filtered.bam	675950834-stool2.freeze11.snv.filtered.bam	764224817-stool1.freeze11.snv.filtered.bam	764224817-stool2.freeze11.snv.filtered.bam	765640925-stool1.freeze11.snv.filtered.bam	765640925-stool2.freeze11.snv.filtered.bam	765701615-stool1.freeze11.snv.filtered.bam	765701615-stool2.freeze11.snv.filtered.bam	823052294-stool1.freeze11.snv.filtered.bam	823052294-stool3.freeze11.snv.filtered.bam
158499257-stool1.freeze11.snv.filtered.bam	0.0	0.00225364338	0.357007341377	0.360708398012	0.355316098997	0.32847188973	0.328659205867	0.350179899957	0.351789823537	0.332462851379	0.331065646599	0.33263433436	0.329711249239	0.329583409462	0.343783016119	0.345116384536	0.345007507749	0.346998987426	0.346366662442	0.346680517641	0.297503836769	0.286505656131	0.353033558841	0.353123146712
158499257-stool2.freeze11.snv.filtered.bam	0.00225364338	0.0	0.357392617046	0.36108690361	0.355700460936	0.328773849298	0.328855477205	0.350547088393	0.352043605342	0.332735286801	0.331416956274	0.332886170869	0.329816481878	0.329791328274	0.344327289466	0.345563044363	0.345603963794	0.347599288273	0.346819877302	0.347074490636	0.298036379606	0.287055216793	0.353503514819	0.353464495936
158802708-stool1.freeze11.snv.filtered.bam	0.357007341377	0.357392617046	0.0	0.0151071823236	0.0104154083477	0.318539497995	0.318597059512	0.131601290634	0.132263065748	0.322199116777	0.321052780662	0.322375758421	0.294812698391	0.291565604134	0.120765451267	0.120125417839	0.123514797344	0.123378345178	0.12440984934	0.12407999974	0.283306273878	0.272459644208	0.122477491485	0.122135647151
158802708-stool2.freeze11.snv.filtered.bam	0.360708398012	0.36108690361	0.0151071823236	0.0	0.0120755711111	0.322663835952	0.322840034892	0.139791252232	0.140722093033	0.325365538368	0.324448554657	0.325466376257	0.299266028558	0.296027136209	0.128690269033	0.128352383483	0.131703657509	0.131850369816	0.132539879716	0.132351618065	0.283893400388	0.275415062896	0.131120906803	0.130692249273
158802708-stool3.freeze11.snv.filtered.bam	0.355316098997	0.355700460936	0.0104154083477	0.0120755711111	0.0	0.317054423483	0.31671233914	0.131541951893	0.1321468446	0.320352443297	0.319191988447	0.320480937658	0.293506989068	0.290092032423	0.120504879521	0.119820303854	0.122946055506	0.123597896665	0.123920631329	0.123315747021	0.279221177838	0.268962814787	0.122895283977	0.121951634376
159166850-stool1.freeze11.snv.filtered.bam	0.32847188973	0.328773849298	0.318539497995	0.322663835952	0.317054423483	0.0	0.00198153432539	0.309789624849	0.311570401803	0.264706516448	0.263327468955	0.265100117396	0.264806227117	0.265269653168	0.303110108649	0.304254651727	0.305370153797	0.307731756833	0.305358761114	0.305764533425	0.234262579037	0.223110298774	0.3114727761	0.311831026432
159166850-stool2.freeze11.snv.filtered.bam	0.328659205867	0.328855477205	0.318597059512	0.322840034892	0.31671233914	0.00198153432539	0.0	0.309653117645	0.311156608047	0.264951661301	0.263529348085	0.265281559285	0.264871318626	0.265258861481	0.303123065633	0.303902738884	0.30525781814	0.307869654699	0.305326474512	0.30532570423	0.234159044605	0.222649750493	0.311717374032	0.311441917727
159207311-stool2.freeze11.snv.filtered.bam	0.350179899957	0.350547088393	0.131601290634	0.139791252232	0.131541951893	0.309789624849	0.309653117645	0.0	0.00195179309172	0.317661398501	0.31606272641	0.317919335706	0.287746646561	0.284180685392	0.104969874561	0.105395877912	0.111956357494	0.112233909185	0.112935152852	0.112192534471	0.279667901038	0.265369261152	0.111935702752	0.110859009689
159207311-stool3.freeze11.snv.filtered.bam	0.351789823537	0.352043605342	0.132263065748	0.140722093033	0.1321468446	0.311570401803	0.311156608047	0.00195179309172	0.0	0.319105958391	0.317386119538	0.319336434061	0.289180287424	0.285696623756	0.106279901243	0.106471763727	0.113082490794	0.11309194272	0.113897545727	0.113012928131	0.281663147709	0.2674274297	0.112612301702	0.111401170233
159227541-stool1.freeze11.snv.filtered.bam	0.332462851379	0.332735286801	0.322199116777	0.325365538368	0.320352443297	0.264706516448	0.264951661301	0.317661398501	0.319105958391	0.0	0.00588636130002	0.00310613020435	0.265844514782	0.266265125959	0.30954190617	0.310292755586	0.312012020484	0.314060999853	0.311644952068	0.312337829352	0.230571951567	0.220741639868	0.318562973373	0.318739078311
159227541-stool2.freeze11.snv.filtered.bam	0.331065646599	0.331416956274	0.321052780662	0.324448554657	0.319191988447	0.263327468955	0.263529348085	0.31606272641	0.317386119538	0.00588636130002	0.0	0.00633821348023	0.264178194348	0.264584883521	0.308082543076	0.308865379186	0.310364281825	0.312501228295	0.310097924058	0.310786698102	0.229929977868	0.219546476561	0.317100646562	0.317176906233
159227541-stool3.freeze11.snv.filtered.bam	0.33263433436	0.332886170869	0.322375758421	0.325466376257	0.320480937658	0.265100117396	0.265281559285	0.317919335706	0.319336434061	0.00310613020435	0.00633821348023	0.0	0.266152289241	0.266564833899	0.309761836489	0.310487524262	0.312286511121	0.3143901646	0.311824697062	0.312470212249	0.230126667728	0.220562695466	0.318968721387	0.31905720326
159268001-stool1.freeze11.snv.filtered.bam	0.329711249239	0.329816481878	0.294812698391	0.299266028558	0.293506989068	0.264806227117	0.264871318626	0.287746646561	0.289180287424	0.265844514782	0.264178194348	0.266152289241	0.0	0.0135326009165	0.276487826342	0.277817178371	0.279032595352	0.281340701158	0.279852484599	0.28042599954	0.214937025451	0.201068602178	0.286919545885	0.286959391365
159268001-stool2.freeze11.snv.filtered.bam	0.329583409462	0.329791328274	0.291565604134	0.296027136209	0.290092032423	0.265269653168	0.265258861481	0.284180685392	0.285696623756	0.266265125959	0.264584883521	0.266564833899	0.0135326009165	0.0	0.272548997854	0.273904486196	0.275000630109	0.277512572106	0.276134402096	0.276634536352	0.215440283278	0.20088067968	0.28344636072	0.283342473517
675950834-stool1.freeze11.snv.filtered.bam	0.343783016119	0.344327289466	0.120765451267	0.128690269033	0.120504879521	0.303110108649	0.303123065633	0.104969874561	0.106279901243	0.30954190617	0.308082543076	0.309761836489	0.276487826342	0.272548997854	0.0	0.0168491888378	0.0937535689349	0.0956748091904	0.0931026940241	0.0927178180382	0.269469124531	0.255151292458	0.0999145564764	0.0994382194854
675950834-stool2.freeze11.snv.filtered.bam	0.345116384536	0.345563044363	0.120125417839	0.128352383483	0.119820303854	0.304254651727	0.303902738884	0.105395877912	0.106471763727	0.310292755586	0.308865379186	0.310487524262	0.277817178371	0.273904486196	0.0168491888378	0.0	0.0945843412048	0.0962680496416	0.0938928544324	0.0928900838729	0.270655567117	0.256222458694	0.0997163725187	0.0984603824571
764224817-stool1.freeze11.snv.filtered.bam	0.345007507749	0.345603963794	0.123514797344	0.131703657509	0.122946055506	0.305370153797	0.30525781814	0.111956357494	0.113082490794	0.312012020484	0.310364281825	0.312286511121	0.279032595352	0.275000630109	0.0937535689349	0.0945843412048	0.0	0.0111788301789	0.0993520314	0.0989606310286	0.272129224319	0.257642692183	0.101439672279	0.100624794686
764224817-stool2.freeze11.snv.filtered.bam	0.346998987426	0.347599288273	0.123378345178	0.131850369816	0.123597896665	0.307731756833	0.307869654699	0.112233909185	0.11309194272	0.314060999853	0.312501228295	0.3143901646	0.281340701158	0.277512572106	0.0956748091904	0.0962680496416	0.0111788301789	0.0	0.100293156986	0.100022068275	0.275431408894	0.261396142532	0.0996596439286	0.0993830303402
765640925-stool1.freeze11.snv.filtered.bam	0.346366662442	0.346819877302	0.12440984934	0.132539879716	0.123920631329	0.305358761114	0.305326474512	0.112935152852	0.113897545727	0.311644952068	0.310097924058	0.311824697062	0.279852484599	0.276134402096	0.0931026940241	0.0938928544324	0.0993520314	0.100293156986	0.0	0.00870000125034	0.272667329857	0.25870861205	0.102700286308	0.102140885453
765640925-stool2.freeze11.snv.filtered.bam	0.346680517641	0.347074490636	0.12407999974	0.132351618065	0.123315747021	0.305764533425	0.30532570423	0.112192534471	0.113012928131	0.312337829352	0.310786698102	0.312470212249	0.28042599954	0.276634536352	0.0927178180382	0.0928900838729	0.0989606310286	0.100022068275	0.00870000125034	0.0	0.273274771077	0.258808380545	0.102356931273	0.101140332198
765701615-stool1.freeze11.snv.filtered.bam	0.297503836769	0.298036379606	0.283306273878	0.283893400388	0.279221177838	0.234262579037	0.234159044605	0.279667901038	0.281663147709	0.230571951567	0.229929977868	0.230126667728	0.214937025451	0.215440283278	0.269469124531	0.270655567117	0.272129224319	0.275431408894	0.272667329857	0.273274771077	0.0	0.0597869133603	0.281105757512	0.281286283415
765701615-stool2.freeze11.snv.filtered.bam	0.286505656131	0.287055216793	0.272459644208	0.275415062896	0.268962814787	0.223110298774	0.222649750493	0.265369261152	0.2674274297	0.220741639868	0.219546476561	0.220562695466	0.201068602178	0.20088067968	0.255151292458	0.256222458694	0.257642692183	0.261396142532	0.25870861205	0.258808380545	0.0597869133603	0.0	0.26808042829	0.267782233916
823052294-stool1.freeze11.snv.filtered.bam	0.353033558841	0.353503514819	0.122477491485	0.131120906803	0.122895283977	0.3114727761	0.311717374032	0.111935702752	0.112612301702	0.318562973373	0.317100646562	0.318968721387	0.286919545885	0.28344636072	0.0999145564764	0.0997163725187	0.101439672279	0.0996596439286	0.102700286308	0.102356931273	0.281105757512	0.26808042829	0.0	0.00264187148896
823052294-stool3.freeze11.snv.filtered.bam	0.353123146712	0.353464495936	0.122135647151	0.130692249273	0.121951634376	0.311831026432	0.311441917727	0.110859009689	0.111401170233	0.318739078311	0.317176906233	0.31905720326	0.286959391365	0.283342473517	0.0994382194854	0.0984603824571	0.100624794686	0.0993830303402	0.102140885453	0.101140332198	0.281286283415	0.267782233916	0.00264187148896	0.0
