	158802708-supragingivalplaque1.freeze11.snv.filtered.bam	158802708-supragingivalplaque2.freeze11.snv.filtered.bam	158802708-supragingivalplaque3.freeze11.snv.filtered.bam	158883629-supragingivalplaque3.freeze11.snv.filtered.bam	159268001-supragingivalplaque2.freeze11.snv.filtered.bam	159268001-supragingivalplaque3.freeze11.snv.filtered.bam	159551223-supragingivalplaque2.freeze11.snv.filtered.bam	159591683-supragingivalplaque2.freeze11.snv.filtered.bam	159814214-supragingivalplaque1.freeze11.snv.filtered.bam	160158126-supragingivalplaque1.freeze11.snv.filtered.bam	160178356-supragingivalplaque1.freeze11.snv.filtered.bam	160178356-supragingivalplaque3.freeze11.snv.filtered.bam	160380657-supragingivalplaque3.freeze11.snv.filtered.bam	160421117-supragingivalplaque2.freeze11.snv.filtered.bam	160502038-supragingivalplaque3.freeze11.snv.filtered.bam	160582958-supragingivalplaque1.freeze11.snv.filtered.bam	160582958-supragingivalplaque3.freeze11.snv.filtered.bam	160603188-supragingivalplaque2.freeze11.snv.filtered.bam	338793263-supragingivalplaque2.freeze11.snv.filtered.bam	370425937-supragingivalplaque2.freeze11.snv.filtered.bam	604812005-supragingivalplaque3.freeze11.snv.filtered.bam	638754422-supragingivalplaque2.freeze11.snv.filtered.bam	675950834-supragingivalplaque3.freeze11.snv.filtered.bam	706846339-supragingivalplaque2.freeze11.snv.filtered.bam	763496533-supragingivalplaque1.freeze11.snv.filtered.bam	763496533-supragingivalplaque2.freeze11.snv.filtered.bam	763901136-supragingivalplaque3.freeze11.snv.filtered.bam	764224817-supragingivalplaque2.freeze11.snv.filtered.bam	764305738-supragingivalplaque1.freeze11.snv.filtered.bam	764811490-supragingivalplaque1.freeze11.snv.filtered.bam	765013792-supragingivalplaque3.freeze11.snv.filtered.bam	765074482-supragingivalplaque3.freeze11.snv.filtered.bam	765094712-supragingivalplaque1.freeze11.snv.filtered.bam	765094712-supragingivalplaque3.freeze11.snv.filtered.bam
158802708-supragingivalplaque1.freeze11.snv.filtered.bam	0.0	0.00135187075055	0.000371101774662	0.12026348226	0.100515566394	0.0823580867053	0.0699659381585	0.121482816662	0.0938754953546	0.0578521159428	0.0752011239082	0.128560257651	0.0735311659223	0.0804230560231	0.12164186028	0.0832328266027	0.137678758399	0.101430067196	0.0992564710872	0.10011795735	0.099203456548	0.0407416734039	0.10427959868	0.0902439994168	0.0832195729679	0.106983340181	0.104425388663	0.0848232627798	0.126558958794	0.121151475792	0.0912380220275	0.0698201481756	0.108679805437	0.0958370333064
158802708-supragingivalplaque2.freeze11.snv.filtered.bam	0.00135187075055	0.0	0.00124584167208	0.12478297173	0.106917072007	0.0896475858504	0.0805158314668	0.125008283522	0.101708393527	0.0686935892168	0.0873016924892	0.136088322222	0.0841738346742	0.089051172284	0.127751785927	0.0924043418908	0.143046480497	0.109315979907	0.105618215796	0.10844124001	0.109607559873	0.0469841353991	0.112642642245	0.0974274694835	0.107712290096	0.129169924852	0.108321957297	0.0923645809863	0.132509840824	0.124199811798	0.0999854210017	0.0794953015865	0.112682403149	0.104955534055
158802708-supragingivalplaque3.freeze11.snv.filtered.bam	0.000371101774662	0.00124584167208	0.0	0.117639262568	0.0966455050298	0.0785675471498	0.0661356376986	0.118620031544	0.0895680640416	0.0540748300221	0.0708141707863	0.124531152669	0.0695948363839	0.0764602192151	0.117334428967	0.0793362579687	0.13417979881	0.0973877085791	0.094405640747	0.0956382287842	0.0938622417198	0.0382234827902	0.0994155147049	0.0867848007316	0.0768578282594	0.0992564710872	0.101973466223	0.0805555923712	0.122397317464	0.117798306185	0.0861618798956	0.0656187459411	0.105591708526	0.0913042902016
158883629-supragingivalplaque3.freeze11.snv.filtered.bam	0.12026348226	0.12478297173	0.117639262568	0.0	0.1293024612	0.107341188321	0.101748154431	0.136658228519	0.121204490331	0.0966720122994	0.106718267485	0.147897310837	0.101986719858	0.110429285231	0.135677459543	0.109607559873	0.154206041007	0.1272083869	0.127844561371	0.12583000888	0.126704748777	0.0990709201999	0.127036089648	0.120793627652	0.125154073505	0.143072987767	0.122808180143	0.112457091357	0.14564419292	0.13801009927	0.113133026733	0.102291553459	0.13070734649	0.121111714888
159268001-supragingivalplaque2.freeze11.snv.filtered.bam	0.100515566394	0.106917072007	0.0966455050298	0.1293024612	0.0	0.000185550887331	0.0540350691177	0.12932896847	0.0876462869942	0.0568050787929	0.0754794502392	0.121893679342	0.0557182807385	0.0707346489775	0.116088587295	0.0636837152589	0.127036089648	0.0988588620429	0.0957442578627	0.0956647360539	0.0999058991929	0.0758107911095	0.107182144703	0.085578719964	0.0985142675379	0.119335727823	0.0952803806444	0.0749890657513	0.121655113915	0.103351844243	0.0892764840758	0.0632463453102	0.100025181906	0.0961153596374
159268001-supragingivalplaque3.freeze11.snv.filtered.bam	0.0823580867053	0.0896475858504	0.0785675471498	0.107341188321	0.000185550887331	0.0	0.0340220805556	0.106811042929	0.0714105843528	0.0427297186253	0.0579316377517	0.0997070946707	0.0287736411711	0.0442273793588	0.0949755470438	0.0361824230295	0.107049608355	0.0793230043339	0.0755589720481	0.0711455116566	0.0788591271156	0.0568315860625	0.0864004453221	0.0686008137732	0.0745384421678	0.0957310042279	0.0778783581397	0.0601715020344	0.0993359928961	0.0878848524208	0.0687598573909	0.0479781580098	0.0815496149819	0.0744986812633
159551223-supragingivalplaque2.freeze11.snv.filtered.bam	0.0699659381585	0.0805158314668	0.0661356376986	0.101748154431	0.0540350691177	0.0340220805556	0.0	0.0991636956435	0.0612715537236	0.0244264489536	0.0415368914925	0.0933983645015	0.0199334667533	0.0178128851838	0.0810327232243	0.023498694517	0.103418112417	0.0646777378696	0.062358351778	0.0476733244092	0.0547640190322	0.0405428688818	0.0673814793707	0.059508820294	0.05213979934	0.0795483161257	0.0760228492664	0.0532398510291	0.0903367748605	0.0931465454401	0.0509734794767	0.0368318511352	0.0843858928311	0.056791825158
159591683-supragingivalplaque2.freeze11.snv.filtered.bam	0.121482816662	0.125008283522	0.118620031544	0.136658228519	0.12932896847	0.106811042929	0.0991636956435	0.0	0.120687598574	0.0952008588355	0.104624193185	0.145697207459	0.101257769943	0.108706312706	0.136459423997	0.107473724669	0.154232548276	0.125074551696	0.122781672874	0.125034790791	0.126903553299	0.0982226875721	0.126267378829	0.11855376337	0.124690196286	0.143033226862	0.124968522617	0.109448516256	0.143033226862	0.136724496693	0.112364315914	0.100131210985	0.128533750381	0.119892380485
159814214-supragingivalplaque1.freeze11.snv.filtered.bam	0.0938754953546	0.101708393527	0.0895680640416	0.121204490331	0.0876462869942	0.0714105843528	0.0612715537236	0.120687598574	0.0	0.0519675020874	0.0585943194921	0.100383030046	0.0640018024943	0.077997640853	0.104955534055	0.0741673403931	0.118951372414	0.0879113596904	0.0866390107487	0.086824561636	0.0888523677619	0.0671826748486	0.097255172231	0.0790446780029	0.0813508104598	0.096075598733	0.0858040317557	0.0721262806325	0.11158235146	0.103630170574	0.0779578799486	0.0595353275636	0.0941405680508	0.0842798637526
160158126-supragingivalplaque1.freeze11.snv.filtered.bam	0.0578521159428	0.0686935892168	0.0540748300221	0.0966720122994	0.0568050787929	0.0427297186253	0.0244264489536	0.0952008588355	0.0519675020874	0.0	0.0359438576029	0.0852341254589	0.0341148559993	0.0471829399213	0.0755192111437	0.0427164649905	0.0920597473857	0.0573087169156	0.0584087686048	0.0504168268148	0.0530145392374	0.0358510821593	0.064439172443	0.0527759738108	0.0584485295092	0.0774277345562	0.0650620932791	0.0440815893759	0.0831930656983	0.0828749784628	0.0467720772422	0.0298074246862	0.0740878185842	0.0524313793058
160178356-supragingivalplaque1.freeze11.snv.filtered.bam	0.0752011239082	0.0873016924892	0.0708141707863	0.106718267485	0.0754794502392	0.0579316377517	0.0415368914925	0.104624193185	0.0585943194921	0.0359438576029	0.0	0.0107619514652	0.0359703648726	0.0547905263018	0.0784482644365	0.0529482710633	0.106903818372	0.0688261255649	0.0703237862984	0.0681501901897	0.0611655246451	0.0463479609283	0.0714503452572	0.0656585068455	0.0598004002598	0.0755192111437	0.0812050204769	0.0576400577858	0.094405640747	0.0951743515659	0.0475407880611	0.0425971822772	0.0903235212257	0.0627824680919
160178356-supragingivalplaque3.freeze11.snv.filtered.bam	0.128560257651	0.136088322222	0.124531152669	0.147897310837	0.121893679342	0.0997070946707	0.0933983645015	0.145697207459	0.100383030046	0.0852341254589	0.0107619514652	0.0	0.0863209235133	0.105750752144	0.133994247922	0.101642125353	0.149607029728	0.114458390214	0.122529853812	0.118699553353	0.11781155982	0.0990576665651	0.123113013744	0.114113795708	0.100290254602	0.115492173729	0.119985155929	0.103669931479	0.139110150959	0.134577407854	0.106665252946	0.0930670236312	0.131343520961	0.113901737552
160380657-supragingivalplaque3.freeze11.snv.filtered.bam	0.0735311659223	0.0841738346742	0.0695948363839	0.101986719858	0.0557182807385	0.0287736411711	0.0199334667533	0.101257769943	0.0640018024943	0.0341148559993	0.0359703648726	0.0863209235133	0.0	0.0287736411711	0.0842931173874	0.0193768140913	0.104518164107	0.0657777895588	0.0676465520669	0.0520602775311	0.0627957217267	0.0455659964745	0.0744854276285	0.0633126134842	0.0526036765583	0.0796941061086	0.0801314760573	0.0584882904136	0.0895017958675	0.0956779896887	0.0551881353461	0.0417622032843	0.0839485228824	0.0343004068866
160421117-supragingivalplaque2.freeze11.snv.filtered.bam	0.0804230560231	0.089051172284	0.0764602192151	0.110429285231	0.0707346489775	0.0442273793588	0.0178128851838	0.108706312706	0.077997640853	0.0471829399213	0.0547905263018	0.105750752144	0.0287736411711	0.0	0.0978515857974	0.0324448980133	0.117056102636	0.0817881804085	0.0796808524738	0.0635114180064	0.0773879736518	0.0552809107898	0.0867185325576	0.0735576731919	0.0645319478867	0.0937429590065	0.0923513273515	0.0689189010086	0.105313382195	0.106294151171	0.0689984228175	0.053663967343	0.0946972207128	0.073133556878
160502038-supragingivalplaque3.freeze11.snv.filtered.bam	0.12164186028	0.127751785927	0.117334428967	0.135677459543	0.116088587295	0.0949755470438	0.0810327232243	0.136459423997	0.104955534055	0.0755192111437	0.0784482644365	0.133994247922	0.0842931173874	0.0978515857974	0.0	0.0896475858504	0.140170441744	0.108666551802	0.110349763423	0.10882559542	0.0952273661052	0.0781699381055	0.107606261017	0.106545970232	0.108759327245	0.129236193026	0.11541265192	0.0973479476746	0.13244357265	0.130389259254	0.030311062809	0.085300393633	0.126797524221	0.101072219056
160582958-supragingivalplaque1.freeze11.snv.filtered.bam	0.0832328266027	0.0924043418908	0.0793362579687	0.109607559873	0.0636837152589	0.0361824230295	0.023498694517	0.107473724669	0.0741673403931	0.0427164649905	0.0529482710633	0.101642125353	0.0193768140913	0.0324448980133	0.0896475858504	0.0	0.100104703715	0.0758505520139	0.0750950948298	0.0588726458231	0.0688791401042	0.0528952565241	0.0798664033611	0.0706153662642	0.0618149527508	0.090164477608	0.0878981060556	0.0640018024943	0.0998793919232	0.100396283681	0.0611920319148	0.0488396442724	0.090787398444	0.0684682774251
160582958-supragingivalplaque3.freeze11.snv.filtered.bam	0.137678758399	0.143046480497	0.13417979881	0.154206041007	0.127036089648	0.107049608355	0.103418112417	0.154232548276	0.118951372414	0.0920597473857	0.106903818372	0.149607029728	0.104518164107	0.117056102636	0.140170441744	0.100104703715	0.0	0.124385362686	0.130455527428	0.12583000888	0.129925382036	0.107791811904	0.133901472479	0.121151475792	0.127791546832	0.14633338193	0.124955268983	0.0985407748075	0.148255158977	0.139772832699	0.116247630913	0.10149633537	0.133636399783	0.125260102583
160603188-supragingivalplaque2.freeze11.snv.filtered.bam	0.101430067196	0.109315979907	0.0973877085791	0.1272083869	0.0988588620429	0.0793230043339	0.0646777378696	0.125074551696	0.0879113596904	0.0573087169156	0.0688261255649	0.114458390214	0.0657777895588	0.0817881804085	0.108666551802	0.0758505520139	0.124385362686	0.0	0.0946176989039	0.0530808074114	0.0900849557991	0.0694225391314	0.0990576665651	0.0869305907145	0.0922055373686	0.108997892672	0.0993890074353	0.0806881287193	0.0948297570609	0.114909013797	0.0809266941459	0.0663609494904	0.106797789294	0.0832195729679
338793263-supragingivalplaque2.freeze11.snv.filtered.bam	0.0992564710872	0.105618215796	0.094405640747	0.127844561371	0.0957442578627	0.0755589720481	0.062358351778	0.122781672874	0.0866390107487	0.0584087686048	0.0703237862984	0.122529853812	0.0676465520669	0.0796808524738	0.110349763423	0.0750950948298	0.130455527428	0.0946176989039	0.0	0.0927091754914	0.0881896860214	0.068958661913	0.0968840704563	0.074803514864	0.0949092788697	0.116194616374	0.0993890074353	0.0776132854435	0.120846642192	0.110230480709	0.0809532014155	0.0632198380406	0.102450597076	0.087871598786
370425937-supragingivalplaque2.freeze11.snv.filtered.bam	0.10011795735	0.10844124001	0.0956382287842	0.12583000888	0.0956647360539	0.0711455116566	0.0476733244092	0.125034790791	0.086824561636	0.0504168268148	0.0681501901897	0.118699553353	0.0520602775311	0.0635114180064	0.10882559542	0.0588726458231	0.12583000888	0.0530808074114	0.0927091754914	0.0	0.0874739897417	0.0692237346092	0.0973081867702	0.0885872950657	0.0883884905435	0.111807663252	0.100237240063	0.0779048654093	0.114604180196	0.117533233489	0.0782494599144	0.0646114696956	0.10915693629	0.0845184291792
604812005-supragingivalplaque3.freeze11.snv.filtered.bam	0.099203456548	0.109607559873	0.0938622417198	0.126704748777	0.0999058991929	0.0788591271156	0.0547640190322	0.126903553299	0.0888523677619	0.0530145392374	0.0611655246451	0.11781155982	0.0627957217267	0.0773879736518	0.0952273661052	0.0688791401042	0.129925382036	0.0900849557991	0.0881896860214	0.0874739897417	0.0	0.0616824164027	0.0854726908855	0.0848365164146	0.088216193291	0.11125101059	0.102344567998	0.0781699381055	0.114736716545	0.119097162397	0.0629547653444	0.059018435806	0.114948774701	0.0757445229354
638754422-supragingivalplaque2.freeze11.snv.filtered.bam	0.0407416734039	0.0469841353991	0.0382234827902	0.0990709201999	0.0758107911095	0.0568315860625	0.0405428688818	0.0982226875721	0.0671826748486	0.0358510821593	0.0463479609283	0.0990576665651	0.0455659964745	0.0552809107898	0.0781699381055	0.0528952565241	0.107791811904	0.0694225391314	0.068958661913	0.0692237346092	0.0616824164027	0.0	0.0685477992339	0.0637234761633	0.071741925223	0.0924308491604	0.0799061642655	0.0506421386065	0.0969503386304	0.0913307974712	0.0441611111847	0.0378788882851	0.0858305390253	0.060065472956
675950834-supragingivalplaque3.freeze11.snv.filtered.bam	0.10427959868	0.112642642245	0.0994155147049	0.127036089648	0.107182144703	0.0864004453221	0.0673814793707	0.126267378829	0.097255172231	0.064439172443	0.0714503452572	0.123113013744	0.0744854276285	0.0867185325576	0.107606261017	0.0798664033611	0.133901472479	0.0990576665651	0.0968840704563	0.0973081867702	0.0854726908855	0.0685477992339	0.0	0.0979311076063	0.0983287166505	0.117586248029	0.108693059071	0.0876330333594	0.121800903898	0.122476839273	0.0803832951187	0.0721395342673	0.117029595367	0.0881234178473
706846339-supragingivalplaque2.freeze11.snv.filtered.bam	0.0902439994168	0.0974274694835	0.0867848007316	0.120793627652	0.085578719964	0.0686008137732	0.059508820294	0.11855376337	0.0790446780029	0.0527759738108	0.0656585068455	0.114113795708	0.0633126134842	0.0735576731919	0.106545970232	0.0706153662642	0.121151475792	0.0869305907145	0.074803514864	0.0885872950657	0.0848365164146	0.0637234761633	0.0979311076063	0.0	0.0910789784098	0.11119799605	0.0944454016514	0.0689851691826	0.114206571152	0.100767385455	0.0782627135492	0.0561291434176	0.0930272627268	0.0835244065685
763496533-supragingivalplaque1.freeze11.snv.filtered.bam	0.0832195729679	0.107712290096	0.0768578282594	0.125154073505	0.0985142675379	0.0745384421678	0.05213979934	0.124690196286	0.0813508104598	0.0584485295092	0.0598004002598	0.100290254602	0.0526036765583	0.0645319478867	0.108759327245	0.0618149527508	0.127791546832	0.0922055373686	0.0949092788697	0.0883884905435	0.088216193291	0.071741925223	0.0983287166505	0.0910789784098	0.0	0.00103378351513	0.10152284264	0.0809134405111	0.117003088097	0.116963327192	0.0801844905965	0.06743449391	0.11017746617	0.0848762773191
763496533-supragingivalplaque2.freeze11.snv.filtered.bam	0.106983340181	0.129169924852	0.0992564710872	0.143072987767	0.119335727823	0.0957310042279	0.0795483161257	0.143033226862	0.096075598733	0.0774277345562	0.0755192111437	0.115492173729	0.0796941061086	0.0937429590065	0.129236193026	0.090164477608	0.14633338193	0.108997892672	0.116194616374	0.111807663252	0.11125101059	0.0924308491604	0.117586248029	0.11119799605	0.00103378351513	0.0	0.119958648659	0.0989648911214	0.137546222051	0.134034008827	0.10113848723	0.0871956634107	0.128931359425	0.106095346649
763901136-supragingivalplaque3.freeze11.snv.filtered.bam	0.104425388663	0.108321957297	0.101973466223	0.122808180143	0.0952803806444	0.0778783581397	0.0760228492664	0.124968522617	0.0858040317557	0.0650620932791	0.0812050204769	0.119985155929	0.0801314760573	0.0923513273515	0.11541265192	0.0878981060556	0.124955268983	0.0993890074353	0.0993890074353	0.100237240063	0.102344567998	0.0799061642655	0.108693059071	0.0944454016514	0.10152284264	0.119958648659	0.0	0.0838557474387	0.121257504871	0.108123152775	0.0930670236312	0.0747770075943	0.102013227128	0.0985010139031
764224817-supragingivalplaque2.freeze11.snv.filtered.bam	0.0848232627798	0.0923645809863	0.0805555923712	0.112457091357	0.0749890657513	0.0601715020344	0.0532398510291	0.109448516256	0.0721262806325	0.0440815893759	0.0576400577858	0.103669931479	0.0584882904136	0.0689189010086	0.0973479476746	0.0640018024943	0.0985407748075	0.0806881287193	0.0776132854435	0.0779048654093	0.0781699381055	0.0506421386065	0.0876330333594	0.0689851691826	0.0809134405111	0.0989648911214	0.0838557474387	0.0	0.10494228042	0.0231010854727	0.068335741077	0.0237372599435	0.0855919735988	0.0762746683278
764305738-supragingivalplaque1.freeze11.snv.filtered.bam	0.126558958794	0.132509840824	0.122397317464	0.14564419292	0.121655113915	0.0993359928961	0.0903367748605	0.143033226862	0.11158235146	0.0831930656983	0.094405640747	0.139110150959	0.0895017958675	0.105313382195	0.13244357265	0.0998793919232	0.148255158977	0.0948297570609	0.120846642192	0.114604180196	0.114736716545	0.0969503386304	0.121800903898	0.114206571152	0.117003088097	0.137546222051	0.121257504871	0.10494228042	0.0	0.134497886045	0.10563146943	0.0925501318737	0.129766338418	0.107248412877
764811490-supragingivalplaque1.freeze11.snv.filtered.bam	0.121151475792	0.124199811798	0.117798306185	0.13801009927	0.103351844243	0.0878848524208	0.0931465454401	0.136724496693	0.103630170574	0.0828749784628	0.0951743515659	0.134577407854	0.0956779896887	0.106294151171	0.130389259254	0.100396283681	0.139772832699	0.114909013797	0.110230480709	0.117533233489	0.119097162397	0.0913307974712	0.122476839273	0.100767385455	0.116963327192	0.134034008827	0.108123152775	0.0231010854727	0.134497886045	0.0	0.106135107553	0.0436177121576	0.107023101085	0.113954752091
765013792-supragingivalplaque3.freeze11.snv.filtered.bam	0.0912380220275	0.0999854210017	0.0861618798956	0.113133026733	0.0892764840758	0.0687598573909	0.0509734794767	0.112364315914	0.0779578799486	0.0467720772422	0.0475407880611	0.106665252946	0.0551881353461	0.0689984228175	0.030311062809	0.0611920319148	0.116247630913	0.0809266941459	0.0809532014155	0.0782494599144	0.0629547653444	0.0441611111847	0.0803832951187	0.0782627135492	0.0801844905965	0.10113848723	0.0930670236312	0.068335741077	0.10563146943	0.106135107553	0.0	0.0537434891519	0.101045711786	0.0704033081072
765074482-supragingivalplaque3.freeze11.snv.filtered.bam	0.0698201481756	0.0794953015865	0.0656187459411	0.102291553459	0.0632463453102	0.0479781580098	0.0368318511352	0.100131210985	0.0595353275636	0.0298074246862	0.0425971822772	0.0930670236312	0.0417622032843	0.053663967343	0.085300393633	0.0488396442724	0.10149633537	0.0663609494904	0.0632198380406	0.0646114696956	0.059018435806	0.0378788882851	0.0721395342673	0.0561291434176	0.06743449391	0.0871956634107	0.0747770075943	0.0237372599435	0.0925501318737	0.0436177121576	0.0537434891519	0.0	0.0781566844707	0.0598799220686
765094712-supragingivalplaque1.freeze11.snv.filtered.bam	0.108679805437	0.112682403149	0.105591708526	0.13070734649	0.100025181906	0.0815496149819	0.0843858928311	0.128533750381	0.0941405680508	0.0740878185842	0.0903235212257	0.131343520961	0.0839485228824	0.0946972207128	0.126797524221	0.090787398444	0.133636399783	0.106797789294	0.102450597076	0.10915693629	0.114948774701	0.0858305390253	0.117029595367	0.0930272627268	0.11017746617	0.128931359425	0.102013227128	0.0855919735988	0.129766338418	0.107023101085	0.101045711786	0.0781566844707	0.0	0.105591708526
765094712-supragingivalplaque3.freeze11.snv.filtered.bam	0.0958370333064	0.104955534055	0.0913042902016	0.121111714888	0.0961153596374	0.0744986812633	0.056791825158	0.119892380485	0.0842798637526	0.0524313793058	0.0627824680919	0.113901737552	0.0343004068866	0.073133556878	0.101072219056	0.0684682774251	0.125260102583	0.0832195729679	0.087871598786	0.0845184291792	0.0757445229354	0.060065472956	0.0881234178473	0.0835244065685	0.0848762773191	0.106095346649	0.0985010139031	0.0762746683278	0.107248412877	0.113954752091	0.0704033081072	0.0598799220686	0.105591708526	0.0
