	158458797-tonguedorsum1.freeze11.snv.filtered.bam	158499257-tonguedorsum2.freeze11.snv.filtered.bam	158802708-tonguedorsum2.freeze11.snv.filtered.bam	158883629-tonguedorsum2.freeze11.snv.filtered.bam	158883629-tonguedorsum3.freeze11.snv.filtered.bam	158944319-tonguedorsum1.freeze11.snv.filtered.bam	158944319-tonguedorsum2.freeze11.snv.filtered.bam	159207311-tonguedorsum3.freeze11.snv.filtered.bam	159227541-tonguedorsum2.freeze11.snv.filtered.bam	159227541-tonguedorsum3.freeze11.snv.filtered.bam	159551223-tonguedorsum1.freeze11.snv.filtered.bam	159551223-tonguedorsum2.freeze11.snv.filtered.bam	159591683-tonguedorsum1.freeze11.snv.filtered.bam	159591683-tonguedorsum2.freeze11.snv.filtered.bam	159611913-tonguedorsum1.freeze11.snv.filtered.bam	159611913-tonguedorsum2.freeze11.snv.filtered.bam	160582958-tonguedorsum2.freeze11.snv.filtered.bam	160582958-tonguedorsum3.freeze11.snv.filtered.bam	246515023-tonguedorsum1.freeze11.snv.filtered.bam	246515023-tonguedorsum2.freeze11.snv.filtered.bam	508703490-tonguedorsum1.freeze11.snv.filtered.bam	508703490-tonguedorsum2.freeze11.snv.filtered.bam	550534656-tonguedorsum1.freeze11.snv.filtered.bam	550534656-tonguedorsum2.freeze11.snv.filtered.bam	638754422-tonguedorsum1.freeze11.snv.filtered.bam	638754422-tonguedorsum3.freeze11.snv.filtered.bam	675950834-tonguedorsum1.freeze11.snv.filtered.bam	675950834-tonguedorsum2.freeze11.snv.filtered.bam	675950834-tonguedorsum3.freeze11.snv.filtered.bam	763577454-tonguedorsum1.freeze11.snv.filtered.bam	763577454-tonguedorsum2.freeze11.snv.filtered.bam	763961826-throat1.freeze11.snv.filtered.bam	763961826-throat2.freeze11.snv.filtered.bam	763961826-tonguedorsum1.freeze11.snv.filtered.bam	763961826-tonguedorsum2.freeze11.snv.filtered.bam	764143897-tonguedorsum1.freeze11.snv.filtered.bam	764285508-tonguedorsum2.freeze11.snv.filtered.bam	764305738-tonguedorsum1.freeze11.snv.filtered.bam	764325968-tonguedorsum1.freeze11.snv.filtered.bam	764325968-tonguedorsum2.freeze11.snv.filtered.bam	764588959-tonguedorsum1.freeze11.snv.filtered.bam	764588959-tonguedorsum2.freeze11.snv.filtered.bam	764811490-tonguedorsum1.freeze11.snv.filtered.bam	764811490-tonguedorsum2.freeze11.snv.filtered.bam	765013792-tonguedorsum2.freeze11.snv.filtered.bam	765013792-tonguedorsum3.freeze11.snv.filtered.bam	765074482-tonguedorsum3.freeze11.snv.filtered.bam	765135172-tonguedorsum1.freeze11.snv.filtered.bam	823052294-tonguedorsum1.freeze11.snv.filtered.bam	823052294-tonguedorsum2.freeze11.snv.filtered.bam	823052294-tonguedorsum3.freeze11.snv.filtered.bam	861967750-tonguedorsum1.freeze11.snv.filtered.bam	861967750-tonguedorsum2.freeze11.snv.filtered.bam
158458797-tonguedorsum1.freeze11.snv.filtered.bam	0.0	0.169843375712	0.164243921227	0.173787026822	0.176892134892	0.163105393242	0.1710412471	0.174372280687	0.165907631658	0.168378857844	0.183129235363	0.1711135882	0.169184555757	0.178284669879	0.171180578938	0.168421246452	0.165098028336	0.182253774254	0.151537126196	0.154731562288	0.171828776048	0.175370535691	0.163732821606	0.168001339757	0.165387308447	0.169232742344	0.169888483407	0.169999607974	0.171911471248	0.161655349497	0.160011486206	0.165953443403	0.166454226285	0.165014168302	0.166431316908	0.163432557993	0.161982470551	0.157431625251	0.16289065862	0.16115083916	0.16273791793	0.166076937691	0.167217133616	0.161914684132	0.165017302509	0.165872651762	0.160185115869	0.173083323434	0.162562375691	0.160354132835	0.156639707284	0.165543082171	0.167411112898
158499257-tonguedorsum2.freeze11.snv.filtered.bam	0.169843375712	0.0	0.144229979442	0.15632180323	0.156698481613	0.144904010816	0.154991275589	0.153254071051	0.149814873058	0.149201652346	0.185169246561	0.171166903109	0.137818935485	0.148639602855	0.166061051546	0.166677434954	0.142033881012	0.158205460173	0.133816553098	0.14091448741	0.151770508221	0.155639645226	0.141424190975	0.14732892462	0.145543125012	0.155870685579	0.150482134299	0.154302972758	0.155422774599	0.141435728137	0.139916141977	0.159918898954	0.161289559009	0.159425106394	0.1633259208	0.141830782888	0.144222033388	0.137146401215	0.143779470616	0.13390474106	0.141830594941	0.144095762927	0.146331974717	0.140786055653	0.145008620005	0.153902521092	0.139861752404	0.152051478909	0.140176842661	0.140387522273	0.131928856625	0.145945251173	0.148161357047
158802708-tonguedorsum2.freeze11.snv.filtered.bam	0.164243921227	0.144229979442	0.0	0.149625023577	0.149211451746	0.136412236814	0.136865694856	0.156119051384	0.151443105845	0.150021720458	0.193387625584	0.179128493754	0.1423859141	0.156799337564	0.16944921087	0.169891217496	0.148476410588	0.166448614227	0.131434780265	0.136823996276	0.144336920695	0.144282434268	0.132149609812	0.138109781795	0.135446058471	0.143076102557	0.142631677027	0.148746384481	0.149581747243	0.13237062718	0.130507823063	0.156543125737	0.160888554991	0.158126334094	0.163368552335	0.139109045004	0.138080089104	0.134181441688	0.132263480207	0.12653162985	0.135645063442	0.141329936281	0.145892274846	0.138478718174	0.144919586026	0.153688879194	0.131431232726	0.135559939732	0.131876827121	0.129361017322	0.124924329584	0.134998539644	0.133934230826
158883629-tonguedorsum2.freeze11.snv.filtered.bam	0.173787026822	0.15632180323	0.149625023577	0.0	0.030901146326	0.146224241603	0.15346083932	0.168502756616	0.163065496694	0.155467042355	0.194652845745	0.180238176343	0.155954862469	0.170615714611	0.180292511893	0.179764076831	0.15321433863	0.17177507898	0.136637886121	0.137336066631	0.158032642477	0.160202407285	0.137054926964	0.143158194012	0.137047500897	0.148773882323	0.151000990203	0.154081853864	0.155958670416	0.13647448547	0.135389552543	0.158846065987	0.164460726039	0.162063745919	0.169450968595	0.142959335442	0.142198916898	0.130757778731	0.142707458809	0.138577336627	0.156238523445	0.159659591411	0.147826045708	0.143576927324	0.148451503668	0.156227481752	0.136294269846	0.150463863837	0.151550153876	0.152324418596	0.144413424164	0.148264393839	0.151470322299
158883629-tonguedorsum3.freeze11.snv.filtered.bam	0.176892134892	0.156698481613	0.149211451746	0.030901146326	0.0	0.145457064354	0.152939818266	0.168848759183	0.163935282725	0.153295803009	0.199475677051	0.183913431594	0.156849605666	0.171318541032	0.18662928299	0.186452227584	0.154498108148	0.173136813674	0.140092349499	0.140410652084	0.160286416045	0.160832252623	0.13539650912	0.140155761819	0.135502461502	0.146825211701	0.152809126079	0.157715887094	0.159338906369	0.133862678593	0.13323134296	0.164563406307	0.172330249211	0.169862341673	0.178245446399	0.140729677125	0.138992170916	0.127291662941	0.142273235518	0.138506739147	0.158206345529	0.162491453136	0.1465837143	0.141727811003	0.149226598167	0.157099155849	0.134667617268	0.149312730602	0.152464818988	0.154421498814	0.145677594468	0.148119922077	0.151498293611
158944319-tonguedorsum1.freeze11.snv.filtered.bam	0.163105393242	0.144904010816	0.136412236814	0.146224241603	0.145457064354	0.0	0.0888809830854	0.149931057262	0.149607534616	0.142951726507	0.191648360025	0.181356581424	0.138832151914	0.153747660629	0.172645143218	0.173732803962	0.145023148892	0.162626868247	0.130545914505	0.137948349124	0.151701199391	0.153227893456	0.116517659233	0.120623460025	0.131914542712	0.144884488962	0.146280100754	0.152902551876	0.153644422272	0.130201170525	0.128936593021	0.156332220213	0.162771005084	0.159423435348	0.168057583152	0.118088780658	0.115552806232	0.124154417064	0.137208194891	0.130831017504	0.143334376894	0.148946215654	0.141515237045	0.134380174617	0.139369142839	0.150463576588	0.124707764482	0.139556949881	0.142770239621	0.142897333843	0.132461324212	0.142697345037	0.144929663174
158944319-tonguedorsum2.freeze11.snv.filtered.bam	0.1710412471	0.154991275589	0.136865694856	0.15346083932	0.152939818266	0.0888809830854	0.0	0.160295866764	0.157194201665	0.148507839777	0.198307280909	0.185924210924	0.148423074998	0.161056897526	0.177907968302	0.179692109302	0.153629148926	0.169234576817	0.140975215867	0.145575185035	0.157876385544	0.15865885283	0.134896812582	0.138940398175	0.138207036291	0.147734198667	0.153928591281	0.160266941682	0.161082315356	0.140096831575	0.138906867869	0.163215396221	0.171373539444	0.168051196137	0.176790556204	0.13775873525	0.13753713464	0.133059943405	0.140174377994	0.135583348564	0.147136411719	0.154618699284	0.150501302712	0.141734714153	0.147804686736	0.156946172196	0.13507386249	0.145426444053	0.145294801862	0.148886584347	0.139493570621	0.146258272444	0.147731872814
159207311-tonguedorsum3.freeze11.snv.filtered.bam	0.174372280687	0.153254071051	0.156119051384	0.168502756616	0.168848759183	0.149931057262	0.160295866764	0.0	0.151309257967	0.160406493408	0.187681256324	0.182911565564	0.139480551724	0.147796062056	0.165101119544	0.165579922263	0.147579275901	0.163635165146	0.149039219647	0.158731884498	0.15421322116	0.157187396383	0.153845434465	0.159080570379	0.155823878112	0.166340805915	0.165682002544	0.170269957083	0.171976000166	0.1522412436	0.150255031648	0.174261139201	0.174478500291	0.173868953379	0.177836247788	0.15068422406	0.156009939935	0.148563883482	0.158757824105	0.150144898631	0.149463047344	0.153564331763	0.153388084472	0.149376064509	0.156110629028	0.1612189273	0.147488658105	0.164159608824	0.159007852894	0.152967828662	0.149168947531	0.16100930198	0.16133883568
159227541-tonguedorsum2.freeze11.snv.filtered.bam	0.165907631658	0.149814873058	0.151443105845	0.163065496694	0.163935282725	0.149607534616	0.157194201665	0.151309257967	0.0	0.1051893019	0.177006635104	0.174693367842	0.136858722902	0.144268792138	0.156193691214	0.156122018164	0.13170845433	0.152137764041	0.140830447238	0.142866799975	0.146402630173	0.149981925788	0.145845883465	0.152347480863	0.148682114042	0.162430748422	0.157372856263	0.160652086561	0.161502203489	0.149124748464	0.145924066516	0.162442637154	0.161903075185	0.160945283925	0.159603627346	0.145786052791	0.146441922242	0.140794613206	0.153428330045	0.148279903217	0.142044693373	0.14460773873	0.148912602083	0.143181344298	0.150944722205	0.155674425657	0.14421190241	0.16027951382	0.145498724527	0.143096332183	0.136220110337	0.150447925382	0.153169753779
159227541-tonguedorsum3.freeze11.snv.filtered.bam	0.168378857844	0.149201652346	0.150021720458	0.155467042355	0.153295803009	0.142951726507	0.148507839777	0.160406493408	0.1051893019	0.0	0.189318634837	0.177528682787	0.146370900338	0.157290927945	0.172147101273	0.173598142246	0.138747146946	0.16020858202	0.135679930879	0.136383829961	0.151315204021	0.151266597365	0.135032648229	0.1380346866	0.137516087403	0.148562376567	0.152560681816	0.1549741593	0.155891011281	0.137043732041	0.134648292612	0.158573841596	0.167476587749	0.163777320054	0.16844604305	0.134177002093	0.135300849869	0.130241412784	0.143824907459	0.141755220015	0.148201393847	0.151746547807	0.141877636769	0.137428018931	0.140031168506	0.146145596139	0.136340176137	0.150031563374	0.147364866101	0.148256289091	0.139136745895	0.148603057102	0.150150532967
159551223-tonguedorsum1.freeze11.snv.filtered.bam	0.183129235363	0.185169246561	0.193387625584	0.194652845745	0.199475677051	0.191648360025	0.198307280909	0.187681256324	0.177006635104	0.189318634837	0.0	0.100253153309	0.180421363892	0.184983731301	0.175515323478	0.17208370174	0.177288826993	0.190502546993	0.177437941895	0.181288482325	0.185595368889	0.191375386523	0.188429484543	0.192755397756	0.191285494592	0.196884481845	0.195284591968	0.193089952672	0.194649846155	0.187945290366	0.186014618179	0.191273808367	0.186548438916	0.18635414178	0.182132678867	0.190825086747	0.185571635945	0.183911763414	0.196074897278	0.190475171754	0.185911408489	0.186701302257	0.186329667457	0.183139729648	0.18655940204	0.189343104934	0.186465652392	0.202304609051	0.188907655193	0.185884744509	0.182449941293	0.189507807499	0.189986548895
159551223-tonguedorsum2.freeze11.snv.filtered.bam	0.1711135882	0.171166903109	0.179128493754	0.180238176343	0.183913431594	0.181356581424	0.185924210924	0.182911565564	0.174693367842	0.177528682787	0.100253153309	0.0	0.174967220989	0.18020896047	0.173682721857	0.169211413596	0.170893404571	0.189174538947	0.162973056083	0.167349360749	0.179354559809	0.184869240678	0.176577252186	0.181377034726	0.174553587797	0.181130582569	0.182120137337	0.179428939655	0.181715546913	0.172887094104	0.169750968809	0.177952001089	0.173153128304	0.173369434727	0.168028918657	0.177990104462	0.175792465696	0.168591283301	0.179778935356	0.174483546118	0.174463572916	0.174830576188	0.178085816149	0.172324179109	0.173212905224	0.177562359463	0.169952560602	0.187282597358	0.176573789625	0.174481623751	0.169355988001	0.174734478298	0.175490710857
159591683-tonguedorsum1.freeze11.snv.filtered.bam	0.169184555757	0.137818935485	0.1423859141	0.155954862469	0.156849605666	0.138832151914	0.148423074998	0.139480551724	0.136858722902	0.146370900338	0.180421363892	0.174967220989	0.0	0.0530921265704	0.154407341382	0.155342740664	0.134653440828	0.155340721395	0.13369901314	0.141463040131	0.142564932193	0.144703546406	0.13974366755	0.146985541083	0.146195831044	0.15517428623	0.151967895919	0.160103994766	0.161494416524	0.1388688081	0.136198706986	0.161064435225	0.160517401046	0.159334962217	0.162096633778	0.136241757671	0.142358659515	0.134913062403	0.143528507547	0.136801102501	0.13549749491	0.140153421124	0.147076762061	0.139794090078	0.145184418965	0.152315449669	0.138241261021	0.14334804403	0.140285050575	0.133675368237	0.12866381253	0.145066077552	0.146738852131
159591683-tonguedorsum2.freeze11.snv.filtered.bam	0.178284669879	0.148639602855	0.156799337564	0.170615714611	0.171318541032	0.153747660629	0.161056897526	0.147796062056	0.144268792138	0.157290927945	0.184983731301	0.18020896047	0.0530921265704	0.0	0.159161357984	0.161443916663	0.144166431775	0.161460204253	0.148979909771	0.156234371681	0.153506285458	0.156027180405	0.154990804783	0.160572919873	0.160890516531	0.168198242657	0.165976804307	0.171743487203	0.173199801122	0.156864607055	0.153839812317	0.172628371563	0.173332397573	0.171856004634	0.172826934067	0.152717068714	0.155376576156	0.150222353389	0.157821739901	0.153251834136	0.145311507059	0.147967859858	0.157670001983	0.152396704936	0.158296798077	0.162792747694	0.152509718034	0.156805009905	0.15270263031	0.147275868421	0.143351049921	0.159661984954	0.159808329638
159611913-tonguedorsum1.freeze11.snv.filtered.bam	0.171180578938	0.166061051546	0.16944921087	0.180292511893	0.18662928299	0.172645143218	0.177907968302	0.165101119544	0.156193691214	0.172147101273	0.175515323478	0.173682721857	0.154407341382	0.159161357984	0.0	0.0434081808673	0.1558486037	0.170197721682	0.158148593861	0.16128589063	0.168720556499	0.173155003282	0.174404936069	0.180397950816	0.175331104489	0.183062509876	0.174652759337	0.17326856524	0.17613875765	0.172643605364	0.169927147032	0.175717000512	0.170076660511	0.169536314332	0.16666387476	0.172362218742	0.174923757604	0.170978917787	0.173583180361	0.169785338895	0.154348235547	0.157701359345	0.169254515166	0.165641490602	0.168342856259	0.169007068571	0.169718969407	0.179421472693	0.167501476825	0.160627566807	0.158957371206	0.174984655458	0.175109332584
159611913-tonguedorsum2.freeze11.snv.filtered.bam	0.168421246452	0.166677434954	0.169891217496	0.179764076831	0.186452227584	0.173732803962	0.179692109302	0.165579922263	0.156122018164	0.173598142246	0.17208370174	0.169211413596	0.155342740664	0.161443916663	0.0434081808673	0.0	0.155927279305	0.171175494356	0.155830318303	0.159503318719	0.168923138435	0.173832447813	0.174269124544	0.180727376309	0.175723807973	0.184061310359	0.172562812359	0.171117603074	0.174160578317	0.17271352905	0.170040415682	0.172319881354	0.164267413321	0.164678791536	0.159972600692	0.17287249151	0.17620040559	0.171008207589	0.173892997859	0.168717786558	0.153878929647	0.157656453392	0.170912654031	0.166465649788	0.167715212682	0.169953578185	0.169844266619	0.180191599927	0.167436811986	0.160267098952	0.15803677297	0.174074804617	0.174554819794
160582958-tonguedorsum2.freeze11.snv.filtered.bam	0.165098028336	0.142033881012	0.148476410588	0.15321433863	0.154498108148	0.145023148892	0.153629148926	0.147579275901	0.13170845433	0.138747146946	0.177288826993	0.170893404571	0.134653440828	0.144166431775	0.1558486037	0.155927279305	0.0	0.0749770798362	0.129052381582	0.130871707318	0.143186156582	0.146831370354	0.13460747335	0.140417653135	0.136155249627	0.152643015667	0.148599022061	0.150465686377	0.1521711045	0.135688342759	0.133795072076	0.150192190197	0.152511492515	0.15052027761	0.151073832698	0.139635487545	0.135493079457	0.129539736005	0.143480950277	0.13921789493	0.133022903795	0.137246149895	0.140109349567	0.1340206422	0.137343134875	0.143521920626	0.134284056317	0.150152477111	0.136596743862	0.13846230178	0.125930505069	0.144538198452	0.145347857234
160582958-tonguedorsum3.freeze11.snv.filtered.bam	0.182253774254	0.158205460173	0.166448614227	0.17177507898	0.173136813674	0.162626868247	0.169234576817	0.163635165146	0.152137764041	0.16020858202	0.190502546993	0.189174538947	0.155340721395	0.161460204253	0.170197721682	0.171175494356	0.0749770798362	0.0	0.154379768626	0.15504320843	0.164392459171	0.166320931745	0.158015503013	0.161917789059	0.156512305948	0.172432453619	0.170397624905	0.171407812117	0.172211850001	0.158529209057	0.156744672206	0.170676977591	0.171642242329	0.170307822227	0.171268636117	0.163012995519	0.160243838024	0.155051917893	0.163722318912	0.159091018961	0.151281265153	0.15611608352	0.160953141729	0.15824693152	0.162104043043	0.167097946377	0.158402397375	0.167933338591	0.15589038671	0.156526182058	0.149332028002	0.164204160567	0.164949779736
246515023-tonguedorsum1.freeze11.snv.filtered.bam	0.151537126196	0.133816553098	0.131434780265	0.136637886121	0.140092349499	0.130545914505	0.140975215867	0.149039219647	0.140830447238	0.135679930879	0.177437941895	0.162973056083	0.13369901314	0.148979909771	0.158148593861	0.155830318303	0.129052381582	0.154379768626	0.0	0.0771120305694	0.137192707888	0.141906462019	0.112259377175	0.121845306791	0.115495753786	0.133918729419	0.114558343497	0.116118055198	0.11812854397	0.120228390241	0.117358817167	0.119837440497	0.122681171006	0.119608120891	0.124169141141	0.123970654398	0.12281718861	0.109815513716	0.122269427949	0.114435352175	0.128496041254	0.132157342177	0.129376973264	0.120837881026	0.119997932604	0.130125986527	0.112404020002	0.133974506789	0.121545726202	0.12364031606	0.107428481532	0.122714535765	0.124590585385
246515023-tonguedorsum2.freeze11.snv.filtered.bam	0.154731562288	0.14091448741	0.136823996276	0.137336066631	0.140410652084	0.137948349124	0.145575185035	0.158731884498	0.142866799975	0.136383829961	0.181288482325	0.167349360749	0.141463040131	0.156234371681	0.16128589063	0.159503318719	0.130871707318	0.15504320843	0.0771120305694	0.0	0.142529237573	0.147573857026	0.116344752998	0.124152378671	0.119534723771	0.138076982898	0.12064721074	0.118666296345	0.122799963859	0.124465363168	0.120923943808	0.121460593199	0.122717028037	0.120327230791	0.123383077468	0.130552909863	0.128712300221	0.115663040517	0.124952977219	0.120400807759	0.135153128033	0.137265349144	0.136849439012	0.127897557337	0.122754661279	0.131051290022	0.120250800457	0.142784548372	0.128981085495	0.130539655765	0.116074366513	0.130822137999	0.130489076009
508703490-tonguedorsum1.freeze11.snv.filtered.bam	0.171828776048	0.151770508221	0.144336920695	0.158032642477	0.160286416045	0.151701199391	0.157876385544	0.15421322116	0.146402630173	0.151315204021	0.185595368889	0.179354559809	0.142564932193	0.153506285458	0.168720556499	0.168923138435	0.143186156582	0.164392459171	0.137192707888	0.142529237573	0.0	0.0353453099902	0.139167994339	0.1466140813	0.144002378556	0.156290720645	0.15513204139	0.15870459331	0.159559429758	0.142260472193	0.140767603904	0.160982453272	0.163139640695	0.161418676546	0.162459233225	0.147706519872	0.142326155696	0.1373609113	0.142374882255	0.137364612567	0.134461923378	0.130010827492	0.146894652433	0.142372040745	0.152207761185	0.158247279842	0.136715937767	0.149798111761	0.143766335587	0.14641129534	0.13464565685	0.148736790938	0.148854579071
508703490-tonguedorsum2.freeze11.snv.filtered.bam	0.175370535691	0.155639645226	0.144282434268	0.160202407285	0.160832252623	0.153227893456	0.15865885283	0.157187396383	0.149981925788	0.151266597365	0.191375386523	0.184869240678	0.144703546406	0.156027180405	0.173155003282	0.173832447813	0.146831370354	0.166320931745	0.141906462019	0.147573857026	0.0353453099902	0.0	0.140334308608	0.146978484456	0.14567720339	0.156793126948	0.159315878881	0.162850735163	0.16387339669	0.14509704981	0.143515846263	0.16576438282	0.169313617467	0.167444685933	0.168901539951	0.149490448895	0.143634416347	0.140769353322	0.14525340846	0.140018508245	0.138005073781	0.135516073893	0.148618968039	0.145565486655	0.154985946071	0.160246721694	0.138498910672	0.148784454023	0.146261031695	0.148805864227	0.137331293999	0.149521279591	0.148595491082
550534656-tonguedorsum1.freeze11.snv.filtered.bam	0.163732821606	0.141424190975	0.132149609812	0.137054926964	0.13539650912	0.116517659233	0.134896812582	0.153845434465	0.145845883465	0.135032648229	0.188429484543	0.176577252186	0.13974366755	0.154990804783	0.174404936069	0.174269124544	0.13460747335	0.158015503013	0.112259377175	0.116344752998	0.139167994339	0.140334308608	0.0	0.0366546088785	0.112611047622	0.12944549016	0.133620105458	0.139202284198	0.140504203278	0.115662367118	0.113877381536	0.144131213277	0.152011514143	0.148970066321	0.156071030459	0.107182259329	0.104329830546	0.106236044033	0.12143020117	0.118720549448	0.13675427588	0.141613244765	0.131841645534	0.121479422896	0.13024991714	0.140307997991	0.107001045893	0.131372980005	0.129662048899	0.134215880951	0.118238663159	0.130094826694	0.132028125035
550534656-tonguedorsum2.freeze11.snv.filtered.bam	0.168001339757	0.14732892462	0.138109781795	0.143158194012	0.140155761819	0.120623460025	0.138940398175	0.159080570379	0.152347480863	0.1380346866	0.192755397756	0.181377034726	0.146985541083	0.160572919873	0.180397950816	0.180727376309	0.140417653135	0.161917789059	0.121845306791	0.124152378671	0.1466140813	0.146978484456	0.0366546088785	0.0	0.115975405868	0.132411634446	0.14108769859	0.145352865389	0.147096624789	0.123261488852	0.121915433619	0.149640529657	0.159279293482	0.156157450895	0.163813263568	0.111297007692	0.106471563692	0.112614133391	0.127361205294	0.127205308991	0.143180551572	0.147595563879	0.135743643448	0.126589575983	0.136575353987	0.143478544295	0.114712246288	0.136143470046	0.136609901098	0.142048911105	0.126435459847	0.137365055905	0.139032252634
638754422-tonguedorsum1.freeze11.snv.filtered.bam	0.165387308447	0.145543125012	0.135446058471	0.137047500897	0.135502461502	0.131914542712	0.138207036291	0.155823878112	0.148682114042	0.137516087403	0.191285494592	0.174553587797	0.146195831044	0.160890516531	0.175331104489	0.175723807973	0.136155249627	0.156512305948	0.115495753786	0.119534723771	0.144002378556	0.14567720339	0.112611047622	0.115975405868	0.0	0.106033318327	0.135360895376	0.139493890966	0.1412966533	0.116292977372	0.114628380148	0.148579937911	0.154745735473	0.152839030718	0.158509884087	0.124082116685	0.120677515441	0.112696712253	0.127904597058	0.124935146518	0.14152801064	0.146325819594	0.13374850977	0.126283045159	0.134059554248	0.139954427063	0.117200512011	0.133268720881	0.128917468292	0.135235345554	0.117415259676	0.13385449771	0.134477492087
638754422-tonguedorsum3.freeze11.snv.filtered.bam	0.169232742344	0.155870685579	0.143076102557	0.148773882323	0.146825211701	0.144884488962	0.147734198667	0.166340805915	0.162430748422	0.148562376567	0.196884481845	0.181130582569	0.15517428623	0.168198242657	0.183062509876	0.184061310359	0.152643015667	0.172432453619	0.133918729419	0.138076982898	0.156290720645	0.156793126948	0.12944549016	0.132411634446	0.106033318327	0.0	0.148829559642	0.152586409624	0.154003239343	0.129408793723	0.1291129846	0.159711285545	0.169988362362	0.166673988055	0.175398606234	0.134029037366	0.134354719278	0.12651686107	0.135861005261	0.134914518854	0.15111700276	0.155016079335	0.143591101874	0.137293342085	0.146332011301	0.151337313327	0.131017501189	0.147141623128	0.145184311474	0.147555262775	0.13709139441	0.143166406668	0.141996414215
675950834-tonguedorsum1.freeze11.snv.filtered.bam	0.169888483407	0.150482134299	0.142631677027	0.151000990203	0.152809126079	0.146280100754	0.153928591281	0.165682002544	0.157372856263	0.152560681816	0.195284591968	0.182120137337	0.151967895919	0.165976804307	0.174652759337	0.172562812359	0.148599022061	0.170397624905	0.114558343497	0.12064721074	0.15513204139	0.159315878881	0.133620105458	0.14108769859	0.135360895376	0.148829559642	0.0	0.063995007177	0.0607701977667	0.139812022489	0.137846627417	0.128571279003	0.128989326627	0.128971756673	0.134076092677	0.142325735534	0.139144105267	0.129986926596	0.134149636539	0.126033564832	0.149974942734	0.150412861007	0.145435884705	0.138036138524	0.140000835424	0.146964315065	0.130196120891	0.148140543558	0.143705149276	0.142915107858	0.132411755973	0.142916908232	0.142617948903
675950834-tonguedorsum2.freeze11.snv.filtered.bam	0.169999607974	0.154302972758	0.148746384481	0.154081853864	0.157715887094	0.152902551876	0.160266941682	0.170269957083	0.160652086561	0.1549741593	0.193089952672	0.179428939655	0.160103994766	0.171743487203	0.17326856524	0.171117603074	0.150465686377	0.171407812117	0.116118055198	0.118666296345	0.15870459331	0.162850735163	0.139202284198	0.145352865389	0.139493890966	0.152586409624	0.063995007177	0.0	0.0318828519771	0.146000423778	0.143496996397	0.122695659404	0.125894389911	0.124582551789	0.128069087802	0.148732986762	0.142834078897	0.13592612228	0.138632685872	0.132978272108	0.152718766209	0.153490920458	0.148329478466	0.141508403158	0.14077455912	0.143848268042	0.134154981315	0.153555543433	0.146013728678	0.148130824222	0.135216190006	0.146904421955	0.145369090655
675950834-tonguedorsum3.freeze11.snv.filtered.bam	0.171911471248	0.155422774599	0.149581747243	0.155958670416	0.159338906369	0.153644422272	0.161082315356	0.171976000166	0.161502203489	0.155891011281	0.194649846155	0.181715546913	0.161494416524	0.173199801122	0.17613875765	0.174160578317	0.1521711045	0.172211850001	0.11812854397	0.122799963859	0.159559429758	0.16387339669	0.140504203278	0.147096624789	0.1412966533	0.154003239343	0.0607701977667	0.0318828519771	0.0	0.147430601295	0.145292052375	0.124718216347	0.128085522025	0.127444569635	0.130357106665	0.149915308832	0.144568771504	0.136832482974	0.139256366997	0.13357792516	0.153566100504	0.154300236481	0.149332184684	0.142177168555	0.142495907969	0.146122985221	0.136621601371	0.154164848561	0.146781172419	0.148931930649	0.137035571786	0.146383369929	0.146531417983
763577454-tonguedorsum1.freeze11.snv.filtered.bam	0.161655349497	0.141435728137	0.13237062718	0.13647448547	0.133862678593	0.130201170525	0.140096831575	0.1522412436	0.149124748464	0.137043732041	0.187945290366	0.172887094104	0.1388688081	0.156864607055	0.172643605364	0.17271352905	0.135688342759	0.158529209057	0.120228390241	0.124465363168	0.142260472193	0.14509704981	0.115662367118	0.123261488852	0.116292977372	0.129408793723	0.139812022489	0.146000423778	0.147430601295	0.0	0.0250412614055	0.151389603936	0.158598027448	0.15532645333	0.163967874575	0.120361390459	0.120293959867	0.10824817075	0.129434784427	0.122644982353	0.138986682052	0.146865829938	0.132043205941	0.122800349553	0.133181401905	0.139264947108	0.118642313555	0.133551820764	0.135172734857	0.13529467806	0.123344804143	0.137391070143	0.13850598768
763577454-tonguedorsum2.freeze11.snv.filtered.bam	0.160011486206	0.139916141977	0.130507823063	0.135389552543	0.13323134296	0.128936593021	0.138906867869	0.150255031648	0.145924066516	0.134648292612	0.186014618179	0.169750968809	0.136198706986	0.153839812317	0.169927147032	0.170040415682	0.133795072076	0.156744672206	0.117358817167	0.120923943808	0.140767603904	0.143515846263	0.113877381536	0.121915433619	0.114628380148	0.1291129846	0.137846627417	0.143496996397	0.145292052375	0.0250412614055	0.0	0.148408770993	0.155589346804	0.152321824898	0.160532842608	0.119281820239	0.118914677348	0.10670780578	0.127672051999	0.120590469261	0.1357782483	0.143794645963	0.130043494506	0.121074218027	0.130604201235	0.136488697365	0.116733976462	0.131967168086	0.132871305773	0.133295993538	0.120723389003	0.134927519031	0.136061482626
763961826-throat1.freeze11.snv.filtered.bam	0.165953443403	0.159918898954	0.156543125737	0.158846065987	0.164563406307	0.156332220213	0.163215396221	0.174261139201	0.162442637154	0.158573841596	0.191273808367	0.177952001089	0.161064435225	0.172628371563	0.175717000512	0.172319881354	0.150192190197	0.170676977591	0.119837440497	0.121460593199	0.160982453272	0.16576438282	0.144131213277	0.149640529657	0.148579937911	0.159711285545	0.128571279003	0.122695659404	0.124718216347	0.151389603936	0.148408770993	0.0	0.063715378619	0.0426625445921	0.0875758873097	0.154565697002	0.15055594407	0.143968228319	0.148145233955	0.144646726797	0.150472100197	0.155217207196	0.154678859194	0.149292754738	0.144698391783	0.150538522292	0.146709024685	0.159779534627	0.149266933685	0.152103558525	0.140832019109	0.151728344169	0.153250272893
763961826-throat2.freeze11.snv.filtered.bam	0.166454226285	0.161289559009	0.160888554991	0.164460726039	0.172330249211	0.162771005084	0.171373539444	0.174478500291	0.161903075185	0.167476587749	0.186548438916	0.173153128304	0.160517401046	0.173332397573	0.170076660511	0.164267413321	0.152511492515	0.171642242329	0.122681171006	0.122717028037	0.163139640695	0.169313617467	0.152011514143	0.159279293482	0.154745735473	0.169988362362	0.128989326627	0.125894389911	0.128085522025	0.158598027448	0.155589346804	0.063715378619	0.0	0.0422742406603	0.0488498656139	0.160587649683	0.160022253216	0.151496718954	0.156370572485	0.15055657805	0.155291056306	0.158164478627	0.163561010084	0.157123504054	0.152182707184	0.157398534619	0.153779016976	0.16660753002	0.155697266542	0.154074520892	0.144918112751	0.158187513195	0.158935822607
763961826-tonguedorsum1.freeze11.snv.filtered.bam	0.165014168302	0.159425106394	0.158126334094	0.162063745919	0.169862341673	0.159423435348	0.168051196137	0.173868953379	0.160945283925	0.163777320054	0.18635414178	0.173369434727	0.159334962217	0.171856004634	0.169536314332	0.164678791536	0.15052027761	0.170307822227	0.119608120891	0.120327230791	0.161418676546	0.167444685933	0.148970066321	0.156157450895	0.152839030718	0.166673988055	0.128971756673	0.124582551789	0.127444569635	0.15532645333	0.152321824898	0.0426625445921	0.0422742406603	0.0	0.0630578477752	0.157547349138	0.15622721003	0.149110036337	0.153739127433	0.148200440251	0.151901720295	0.154856715453	0.1603432884	0.15421266722	0.148701829708	0.15416497669	0.151097567006	0.16335656448	0.152144938929	0.152098544498	0.14146145938	0.155242979962	0.156408180937
763961826-tonguedorsum2.freeze11.snv.filtered.bam	0.166431316908	0.1633259208	0.163368552335	0.169450968595	0.178245446399	0.168057583152	0.176790556204	0.177836247788	0.159603627346	0.16844604305	0.182132678867	0.168028918657	0.162096633778	0.172826934067	0.16666387476	0.159972600692	0.151073832698	0.171268636117	0.124169141141	0.123383077468	0.162459233225	0.168901539951	0.156071030459	0.163813263568	0.158509884087	0.175398606234	0.134076092677	0.128069087802	0.130357106665	0.163967874575	0.160532842608	0.0875758873097	0.0488498656139	0.0630578477752	0.0	0.166520309778	0.163551133459	0.155844080653	0.160904554628	0.15503538399	0.154568985068	0.155854838595	0.165681219057	0.157820724659	0.152780524781	0.157824256649	0.156798534978	0.170304327488	0.156040956177	0.15585773632	0.144565924868	0.159180446835	0.159197182511
764143897-tonguedorsum1.freeze11.snv.filtered.bam	0.163432557993	0.141830782888	0.139109045004	0.142959335442	0.140729677125	0.118088780658	0.13775873525	0.15068422406	0.145786052791	0.134177002093	0.190825086747	0.177990104462	0.136241757671	0.152717068714	0.172362218742	0.17287249151	0.139635487545	0.163012995519	0.123970654398	0.130552909863	0.147706519872	0.149490448895	0.107182259329	0.111297007692	0.124082116685	0.134029037366	0.142325735534	0.148732986762	0.149915308832	0.120361390459	0.119281820239	0.154565697002	0.160587649683	0.157547349138	0.166520309778	0.0	0.106188883524	0.114171391945	0.133530467057	0.126961119408	0.14601228379	0.150699772118	0.133148051398	0.124432667196	0.138737240065	0.146834382742	0.1175456967	0.139474233342	0.141028866479	0.141750638669	0.129714499291	0.142218257886	0.145632468392
764285508-tonguedorsum2.freeze11.snv.filtered.bam	0.161982470551	0.144222033388	0.138080089104	0.142198916898	0.138992170916	0.115552806232	0.13753713464	0.156009939935	0.146441922242	0.135300849869	0.185571635945	0.175792465696	0.142358659515	0.155376576156	0.174923757604	0.17620040559	0.135493079457	0.160243838024	0.12281718861	0.128712300221	0.142326155696	0.143634416347	0.104329830546	0.106471563692	0.120677515441	0.134354719278	0.139144105267	0.142834078897	0.144568771504	0.120293959867	0.118914677348	0.15055594407	0.160022253216	0.15622721003	0.163551133459	0.106188883524	0.0	0.11283459355	0.129190542384	0.126733389085	0.142447631625	0.145652236767	0.132249622005	0.125624027026	0.13570877167	0.141615337724	0.112944748657	0.139854787602	0.139239660711	0.142338621755	0.127871998722	0.138168078565	0.140716235284
764305738-tonguedorsum1.freeze11.snv.filtered.bam	0.157431625251	0.137146401215	0.134181441688	0.130757778731	0.127291662941	0.124154417064	0.133059943405	0.148563883482	0.140794613206	0.130241412784	0.183911763414	0.168591283301	0.134913062403	0.150222353389	0.170978917787	0.171008207589	0.129539736005	0.155051917893	0.109815513716	0.115663040517	0.1373609113	0.140769353322	0.106236044033	0.112614133391	0.112696712253	0.12651686107	0.129986926596	0.13592612228	0.136832482974	0.10824817075	0.10670780578	0.143968228319	0.151496718954	0.149110036337	0.155844080653	0.114171391945	0.11283459355	0.0	0.122588720727	0.115111586281	0.13471405591	0.138238312422	0.122279182547	0.113187353529	0.124065006561	0.133030026453	0.106923374226	0.13353782423	0.129225338634	0.133805403961	0.117714063858	0.128470962717	0.132582680774
764325968-tonguedorsum1.freeze11.snv.filtered.bam	0.16289065862	0.143779470616	0.132263480207	0.142707458809	0.142273235518	0.137208194891	0.140174377994	0.158757824105	0.153428330045	0.143824907459	0.196074897278	0.179778935356	0.143528507547	0.157821739901	0.173583180361	0.173892997859	0.143480950277	0.163722318912	0.122269427949	0.124952977219	0.142374882255	0.14525340846	0.12143020117	0.127361205294	0.127904597058	0.135861005261	0.134149636539	0.138632685872	0.139256366997	0.129434784427	0.127672051999	0.148145233955	0.156370572485	0.153739127433	0.160904554628	0.133530467057	0.129190542384	0.122588720727	0.0	0.0825828537823	0.13714284401	0.142937113657	0.139693622963	0.132966862535	0.135829452638	0.143792601022	0.120814109153	0.134036375732	0.128544008717	0.133787204175	0.120539591435	0.129620216729	0.127370183069
764325968-tonguedorsum2.freeze11.snv.filtered.bam	0.16115083916	0.13390474106	0.12653162985	0.138577336627	0.138506739147	0.130831017504	0.135583348564	0.150144898631	0.148279903217	0.141755220015	0.190475171754	0.174483546118	0.136801102501	0.153251834136	0.169785338895	0.168717786558	0.13921789493	0.159091018961	0.114435352175	0.120400807759	0.137364612567	0.140018508245	0.118720549448	0.127205308991	0.124935146518	0.134914518854	0.126033564832	0.132978272108	0.13357792516	0.122644982353	0.120590469261	0.144646726797	0.15055657805	0.148200440251	0.15503538399	0.126961119408	0.126733389085	0.115111586281	0.0825828537823	0.0	0.135689165311	0.137491214844	0.134818624178	0.127716918131	0.132539542396	0.143656177954	0.117982303131	0.129356989202	0.123940846833	0.127623787946	0.114489459116	0.124096948367	0.123783202201
764588959-tonguedorsum1.freeze11.snv.filtered.bam	0.16273791793	0.141830594941	0.135645063442	0.156238523445	0.158206345529	0.143334376894	0.147136411719	0.149463047344	0.142044693373	0.148201393847	0.185911408489	0.174463572916	0.13549749491	0.145311507059	0.154348235547	0.153878929647	0.133022903795	0.151281265153	0.128496041254	0.135153128033	0.134461923378	0.138005073781	0.13675427588	0.143180551572	0.14152801064	0.15111700276	0.149974942734	0.152718766209	0.153566100504	0.138986682052	0.1357782483	0.150472100197	0.155291056306	0.151901720295	0.154568985068	0.14601228379	0.142447631625	0.13471405591	0.13714284401	0.135689165311	0.0	0.0655430002274	0.143840505029	0.138350024474	0.143416431646	0.149095966232	0.136125660546	0.139435037556	0.131429019931	0.131114336423	0.121912707787	0.137757559299	0.137998545603
764588959-tonguedorsum2.freeze11.snv.filtered.bam	0.166076937691	0.144095762927	0.141329936281	0.159659591411	0.162491453136	0.148946215654	0.154618699284	0.153564331763	0.14460773873	0.151746547807	0.186701302257	0.174830576188	0.140153421124	0.147967859858	0.157701359345	0.157656453392	0.137246149895	0.15611608352	0.132157342177	0.137265349144	0.130010827492	0.135516073893	0.141613244765	0.147595563879	0.146325819594	0.155016079335	0.150412861007	0.153490920458	0.154300236481	0.146865829938	0.143794645963	0.155217207196	0.158164478627	0.154856715453	0.155854838595	0.150699772118	0.145652236767	0.138238312422	0.142937113657	0.137491214844	0.0655430002274	0.0	0.145883933269	0.141896195054	0.147000312583	0.152726591838	0.139661819196	0.148180524898	0.135866182031	0.1384405886	0.127207230847	0.142497531569	0.141895330045
764811490-tonguedorsum1.freeze11.snv.filtered.bam	0.167217133616	0.146331974717	0.145892274846	0.147826045708	0.1465837143	0.141515237045	0.150501302712	0.153388084472	0.148912602083	0.141877636769	0.186329667457	0.178085816149	0.147076762061	0.157670001983	0.169254515166	0.170912654031	0.140109349567	0.160953141729	0.129376973264	0.136849439012	0.146894652433	0.148618968039	0.131841645534	0.135743643448	0.13374850977	0.143591101874	0.145435884705	0.148329478466	0.149332184684	0.132043205941	0.130043494506	0.154678859194	0.163561010084	0.1603432884	0.165681219057	0.133148051398	0.132249622005	0.122279182547	0.139693622963	0.134818624178	0.143840505029	0.145883933269	0.0	0.0603006312585	0.139125036249	0.147237229281	0.125727622879	0.145298811197	0.143729648327	0.144299610931	0.133052333396	0.143641541868	0.14464620473
764811490-tonguedorsum2.freeze11.snv.filtered.bam	0.161914684132	0.140786055653	0.138478718174	0.143576927324	0.141727811003	0.134380174617	0.141734714153	0.149376064509	0.143181344298	0.137428018931	0.183139729648	0.172324179109	0.139794090078	0.152396704936	0.165641490602	0.166465649788	0.1340206422	0.15824693152	0.120837881026	0.127897557337	0.142372040745	0.145565486655	0.121479422896	0.126589575983	0.126283045159	0.137293342085	0.138036138524	0.141508403158	0.142177168555	0.122800349553	0.121074218027	0.149292754738	0.157123504054	0.15421266722	0.157820724659	0.124432667196	0.125624027026	0.113187353529	0.132966862535	0.127716918131	0.138350024474	0.141896195054	0.0603006312585	0.0	0.13417980839	0.141218484646	0.118945633669	0.139818917988	0.13572182845	0.137598308614	0.124816124527	0.136376327793	0.138308049408
765013792-tonguedorsum2.freeze11.snv.filtered.bam	0.165017302509	0.145008620005	0.144919586026	0.148451503668	0.149226598167	0.139369142839	0.147804686736	0.156110629028	0.150944722205	0.140031168506	0.18655940204	0.173212905224	0.145184418965	0.158296798077	0.168342856259	0.167715212682	0.137343134875	0.162104043043	0.119997932604	0.122754661279	0.152207761185	0.154985946071	0.13024991714	0.136575353987	0.134059554248	0.146332011301	0.140000835424	0.14077455912	0.142495907969	0.133181401905	0.130604201235	0.144698391783	0.152182707184	0.148701829708	0.152780524781	0.138737240065	0.13570877167	0.124065006561	0.135829452638	0.132539542396	0.143416431646	0.147000312583	0.139125036249	0.13417980839	0.0	0.0740232451364	0.128930485853	0.146623576549	0.139752895637	0.141800899663	0.130101950824	0.13580669721	0.137940031426
