	147406386-supragingivalplaque2.freeze11.snv.filtered.bam	147406386-supragingivalplaque3.freeze11.snv.filtered.bam	158337416-supragingivalplaque1.freeze11.snv.filtered.bam	158337416-supragingivalplaque2.freeze11.snv.filtered.bam	158479027-supragingivalplaque1.freeze11.snv.filtered.bam	158479027-supragingivalplaque2.freeze11.snv.filtered.bam	158499257-supragingivalplaque1.freeze11.snv.filtered.bam	158499257-supragingivalplaque2.freeze11.snv.filtered.bam	158802708-supragingivalplaque3.freeze11.snv.filtered.bam	158944319-supragingivalplaque1.freeze11.snv.filtered.bam	158944319-supragingivalplaque2.freeze11.snv.filtered.bam	159207311-supragingivalplaque1.freeze11.snv.filtered.bam	159207311-supragingivalplaque2.freeze11.snv.filtered.bam	159207311-supragingivalplaque3.freeze11.snv.filtered.bam	159268001-supragingivalplaque1.freeze11.snv.filtered.bam	159268001-supragingivalplaque2.freeze11.snv.filtered.bam	159268001-supragingivalplaque3.freeze11.snv.filtered.bam	159369152-supragingivalplaque1.freeze11.snv.filtered.bam	159369152-supragingivalplaque2.freeze11.snv.filtered.bam	159510762-supragingivalplaque2.freeze11.snv.filtered.bam	159510762-tonguedorsum3.freeze11.snv.filtered.bam	159551223-supragingivalplaque1.freeze11.snv.filtered.bam	159551223-supragingivalplaque2.freeze11.snv.filtered.bam	159571453-supragingivalplaque1.freeze11.snv.filtered.bam	159571453-supragingivalplaque2.freeze11.snv.filtered.bam	159591683-supragingivalplaque1.freeze11.snv.filtered.bam	159591683-supragingivalplaque2.freeze11.snv.filtered.bam	159611913-supragingivalplaque2.freeze11.snv.filtered.bam	159814214-supragingivalplaque1.freeze11.snv.filtered.bam	159814214-supragingivalplaque2.freeze11.snv.filtered.bam	160158126-supragingivalplaque1.freeze11.snv.filtered.bam	160158126-supragingivalplaque2.freeze11.snv.filtered.bam	160178356-supragingivalplaque1.freeze11.snv.filtered.bam	160178356-supragingivalplaque2.freeze11.snv.filtered.bam	160178356-supragingivalplaque3.freeze11.snv.filtered.bam	160319967-supragingivalplaque2.freeze11.snv.filtered.bam	160319967-supragingivalplaque3.freeze11.snv.filtered.bam	160380657-supragingivalplaque2.freeze11.snv.filtered.bam	160380657-supragingivalplaque3.freeze11.snv.filtered.bam	160421117-supragingivalplaque1.freeze11.snv.filtered.bam	160421117-supragingivalplaque2.freeze11.snv.filtered.bam	160421117-supragingivalplaque3.freeze11.snv.filtered.bam	160502038-supragingivalplaque1.freeze11.snv.filtered.bam	160502038-supragingivalplaque2.freeze11.snv.filtered.bam	160502038-supragingivalplaque3.freeze11.snv.filtered.bam	160582958-supragingivalplaque1.freeze11.snv.filtered.bam	160582958-supragingivalplaque2.freeze11.snv.filtered.bam	160582958-supragingivalplaque3.freeze11.snv.filtered.bam	160603188-supragingivalplaque1.freeze11.snv.filtered.bam	160603188-supragingivalplaque3.freeze11.snv.filtered.bam	246515023-supragingivalplaque1.freeze11.snv.filtered.bam	275382046-supragingivalplaque2.freeze11.snv.filtered.bam	338793263-supragingivalplaque1.freeze11.snv.filtered.bam	338793263-supragingivalplaque2.freeze11.snv.filtered.bam	370425937-supragingivalplaque1.freeze11.snv.filtered.bam	370425937-supragingivalplaque2.freeze11.snv.filtered.bam	404239096-supragingivalplaque1.freeze11.snv.filtered.bam	404239096-supragingivalplaque2.freeze11.snv.filtered.bam	508703490-supragingivalplaque1.freeze11.snv.filtered.bam	508703490-supragingivalplaque2.freeze11.snv.filtered.bam	508703490-supragingivalplaque3.freeze11.snv.filtered.bam	550534656-supragingivalplaque3.freeze11.snv.filtered.bam	604812005-supragingivalplaque1.freeze11.snv.filtered.bam	604812005-supragingivalplaque2.freeze11.snv.filtered.bam	604812005-supragingivalplaque3.freeze11.snv.filtered.bam	638754422-supragingivalplaque1.freeze11.snv.filtered.bam	638754422-supragingivalplaque2.freeze11.snv.filtered.bam	638754422-supragingivalplaque3.freeze11.snv.filtered.bam	675950834-supragingivalplaque2.freeze11.snv.filtered.bam	675950834-supragingivalplaque3.freeze11.snv.filtered.bam	686765762-supragingivalplaque3.freeze11.snv.filtered.bam	706846339-supragingivalplaque1.freeze11.snv.filtered.bam	706846339-supragingivalplaque2.freeze11.snv.filtered.bam	737052003-supragingivalplaque1.freeze11.snv.filtered.bam	737052003-supragingivalplaque2.freeze11.snv.filtered.bam	763496533-supragingivalplaque1.freeze11.snv.filtered.bam	763496533-supragingivalplaque2.freeze11.snv.filtered.bam	763577454-supragingivalplaque1.freeze11.snv.filtered.bam	763577454-supragingivalplaque2.freeze11.snv.filtered.bam	763759525-supragingivalplaque1.freeze11.snv.filtered.bam	763759525-supragingivalplaque2.freeze11.snv.filtered.bam	763840445-supragingivalplaque1.freeze11.snv.filtered.bam	763840445-supragingivalplaque2.freeze11.snv.filtered.bam	763860675-supragingivalplaque1.freeze11.snv.filtered.bam	763860675-supragingivalplaque2.freeze11.snv.filtered.bam	763901136-supragingivalplaque1.freeze11.snv.filtered.bam	763901136-supragingivalplaque2.freeze11.snv.filtered.bam	763901136-supragingivalplaque3.freeze11.snv.filtered.bam	763961826-subgingivalplaque2.freeze11.snv.filtered.bam	763961826-supragingivalplaque1.freeze11.snv.filtered.bam	763961826-supragingivalplaque2.freeze11.snv.filtered.bam	763982056-supragingivalplaque1.freeze11.snv.filtered.bam	763982056-supragingivalplaque2.freeze11.snv.filtered.bam	763982056-supragingivalplaque3.freeze11.snv.filtered.bam	764042746-supragingivalplaque1.freeze11.snv.filtered.bam	764042746-supragingivalplaque2.freeze11.snv.filtered.bam	764062976-supragingivalplaque2.freeze11.snv.filtered.bam	764062976-supragingivalplaque3.freeze11.snv.filtered.bam	764083206-supragingivalplaque1.freeze11.snv.filtered.bam	764143897-supragingivalplaque1.freeze11.snv.filtered.bam	764143897-supragingivalplaque2.freeze11.snv.filtered.bam	764224817-supragingivalplaque1.freeze11.snv.filtered.bam	764285508-supragingivalplaque1.freeze11.snv.filtered.bam	764285508-supragingivalplaque2.freeze11.snv.filtered.bam	764305738-supragingivalplaque2.freeze11.snv.filtered.bam	764325968-supragingivalplaque2.freeze11.snv.filtered.bam	764366428-subgingivalplaque2.freeze11.snv.filtered.bam	764366428-subgingivalplaque3.freeze11.snv.filtered.bam	764366428-supragingivalplaque2.freeze11.snv.filtered.bam	764366428-supragingivalplaque3.freeze11.snv.filtered.bam	764508039-supragingivalplaque1.freeze11.snv.filtered.bam	764508039-supragingivalplaque3.freeze11.snv.filtered.bam	764588959-supragingivalplaque2.freeze11.snv.filtered.bam	764649650-supragingivalplaque1.freeze11.snv.filtered.bam	764649650-supragingivalplaque2.freeze11.snv.filtered.bam	764811490-supragingivalplaque1.freeze11.snv.filtered.bam	764811490-supragingivalplaque2.freeze11.snv.filtered.bam	765013792-supragingivalplaque1.freeze11.snv.filtered.bam	765013792-supragingivalplaque2.freeze11.snv.filtered.bam	765013792-supragingivalplaque3.freeze11.snv.filtered.bam	765074482-supragingivalplaque1.freeze11.snv.filtered.bam	765074482-supragingivalplaque3.freeze11.snv.filtered.bam	765094712-supragingivalplaque1.freeze11.snv.filtered.bam	765094712-supragingivalplaque2.freeze11.snv.filtered.bam	765094712-supragingivalplaque3.freeze11.snv.filtered.bam	765620695-supragingivalplaque2.freeze11.snv.filtered.bam	765701615-supragingivalplaque1.freeze11.snv.filtered.bam	765701615-supragingivalplaque2.freeze11.snv.filtered.bam	809635352-supragingivalplaque1.freeze11.snv.filtered.bam	809635352-supragingivalplaque2.freeze11.snv.filtered.bam	823052294-supragingivalplaque2.freeze11.snv.filtered.bam	823052294-supragingivalplaque3.freeze11.snv.filtered.bam	861967750-supragingivalplaque1.freeze11.snv.filtered.bam	861967750-supragingivalplaque2.freeze11.snv.filtered.bam
147406386-supragingivalplaque2.freeze11.snv.filtered.bam	0.0	0.0112571158324	0.163194241159	0.167175338632	0.157675036333	0.166690469248	0.159147019884	0.159130521902	0.159545688708	0.15822398603	0.161528297669	0.172428663183	0.167718970507	0.174165446349	0.180315795809	0.180143686163	0.181417599615	0.17955932309	0.16362744719	0.165330935538	0.166708812284	0.184658597265	0.178935722421	0.158882572508	0.154742663547	0.170368487248	0.165527685536	0.159785247183	0.177797871738	0.166806371208	0.290121763906	0.237675700356	0.210390312266	0.177205306702	0.184072066417	0.153059512014	0.148939130236	0.168531518877	0.174073528358	0.1723668927	0.178804705355	0.174774967627	0.152752204045	0.15876940924	0.171144030518	0.172729514593	0.162248213429	0.166989107255	0.114676317657	0.103518029319	0.159290853103	0.153992667434	0.162551957823	0.161727289427	0.165359421668	0.18155103049	0.197881419426	0.190015682475	0.163662722536	0.17041357975	0.169236880175	0.147779694114	0.166796305887	0.16976615522	0.174633970766	0.0982245123759	0.110618938048	0.112072583306	0.157408499136	0.158361529359	0.157034275162	0.157357363645	0.154259406419	0.160444274559	0.158508039513	0.155856695538	0.156868769188	0.165476029146	0.157731225969	0.15683985382	0.15691361924	0.16138631626	0.16958342058	0.159869109872	0.154494670048	0.150595447963	0.150756533648	0.145935009562	0.151255602098	0.15282509161	0.154048974389	0.168619326006	0.167310580373	0.167922117965	0.156342261016	0.149392917885	0.191943837359	0.175034023788	0.16289005911	0.121318476093	0.110882230816	0.155171333777	0.172320363511	0.170566043723	0.126521680635	0.157344002485	0.118141828078	0.143924108311	0.133110942988	0.134300590409	0.167871639138	0.168864652971	0.148697639568	0.168569722286	0.166620011532	0.159525983479	0.163499866681	0.163750409024	0.164120179864	0.164580145859	0.17350671749	0.160452157703	0.140142015492	0.166165581321	0.118800763754	0.10728459494	0.152859633132	0.163591524225	0.167959744955	0.166811920463	0.161422210747	0.151714695751	0.150710520662	0.149237039544
147406386-supragingivalplaque3.freeze11.snv.filtered.bam	0.0112571158324	0.0	0.164686283637	0.168715973879	0.160221010587	0.168409906401	0.161554735381	0.1616603733	0.161298719813	0.159973054263	0.163231391632	0.174230928961	0.169578286991	0.175923383933	0.182207361547	0.182055201324	0.183311759276	0.182128064409	0.165763411739	0.167187529559	0.16899198268	0.186440280058	0.181041657642	0.161972148893	0.157578464387	0.172170900733	0.167727183821	0.161297136391	0.180338777071	0.169606400755	0.291552054116	0.239641280118	0.213083702679	0.180147529299	0.187061700162	0.156053839952	0.152164006447	0.170388744258	0.175911057725	0.173931676738	0.180576023908	0.176498197665	0.155677716755	0.161780445475	0.174080981915	0.175466228509	0.164734698006	0.16931857951	0.115773110027	0.104138115314	0.161807931206	0.15597130297	0.164463177366	0.164062036275	0.167199185837	0.183698677578	0.200100716993	0.192204476343	0.16529269044	0.171910375073	0.170804559362	0.150314149707	0.168496781166	0.171472516224	0.176307032411	0.0990791201155	0.112783696842	0.113907133195	0.160362164714	0.161140097651	0.159271735092	0.159906035345	0.15683052282	0.163206349073	0.161361695922	0.158543362493	0.159468665544	0.16780544938	0.160743838926	0.159865516393	0.159814845956	0.163423097542	0.171438147812	0.161701910234	0.15709415781	0.153681208139	0.153964946938	0.148957372011	0.153945745842	0.155220951514	0.156629431526	0.170551595636	0.169319948333	0.169905777907	0.158945343953	0.152177114356	0.19409370376	0.177333748624	0.164837779986	0.123702234318	0.113104790092	0.15769045365	0.174179247123	0.17227237575	0.127735863382	0.159185616803	0.120643575011	0.146383253884	0.135568099118	0.136998578469	0.169445395148	0.170273101384	0.151417464294	0.170278228588	0.168387567965	0.161826792329	0.165802111599	0.165950401874	0.166242567887	0.166775719262	0.175408068084	0.16333608909	0.143163029276	0.169104996942	0.121985394662	0.106904752555	0.155401669339	0.165710456823	0.169745659547	0.168628188695	0.163923555842	0.154827142303	0.153679455389	0.152109905486
158337416-supragingivalplaque1.freeze11.snv.filtered.bam	0.163194241159	0.164686283637	0.0	0.00811660165419	0.164588884239	0.170746681396	0.162521682375	0.162078666287	0.162510144626	0.162868725615	0.165442135602	0.177002023793	0.173124626247	0.178616251478	0.183162705709	0.182912838485	0.184236941739	0.182664432019	0.164242231277	0.168067819608	0.170861444086	0.186602841561	0.182025991249	0.167154816448	0.16128755881	0.176645444287	0.173026028952	0.169216612024	0.180339660181	0.17120981021	0.294208848468	0.244770194881	0.216668280612	0.183984349728	0.191588394516	0.159549249106	0.156961097232	0.167301177478	0.172037177006	0.178554232647	0.18439835041	0.180635173247	0.158225190903	0.16585665348	0.178279341281	0.176201932796	0.165114112196	0.167911482812	0.173483313078	0.1646463179	0.166908851799	0.160798527859	0.165113311659	0.166519156126	0.169892941685	0.187604373862	0.204507102763	0.195903412733	0.163582290102	0.169730487785	0.16863931938	0.156662462823	0.166918782834	0.16966886204	0.173565772454	0.162278290855	0.162043655899	0.164693983616	0.16531211388	0.165196835465	0.158731714738	0.166208335628	0.163304300096	0.163878215606	0.163013558466	0.159993241672	0.16066779663	0.171154708118	0.166128342784	0.163133949476	0.162434551903	0.163936490448	0.171185308767	0.161346392575	0.157696549385	0.159425098389	0.162309700495	0.156732852706	0.157167181342	0.157801354725	0.159106503124	0.1692712691	0.168243955264	0.168815369621	0.159771980683	0.155273284907	0.199489413572	0.183002244064	0.167782799515	0.163533299106	0.164366430821	0.162150635652	0.168653384271	0.167160283827	0.181523425422	0.161897448476	0.1652322759	0.160836896605	0.161793750646	0.161340336009	0.175623057547	0.176536454768	0.159915028625	0.166058911975	0.164203076519	0.166229059657	0.169261636591	0.169283186682	0.169915072542	0.170422309267	0.175853208315	0.164927019107	0.164138714657	0.185112079565	0.16192024449	0.169869536421	0.16328651605	0.171068594237	0.171709766563	0.170530064476	0.16469402829	0.157239128905	0.161129512149	0.159826627753
158337416-supragingivalplaque2.freeze11.snv.filtered.bam	0.167175338632	0.168715973879	0.00811660165419	0.0	0.168811232847	0.173372614018	0.166612202748	0.165872202162	0.16450470479	0.165021305266	0.167450636931	0.178928225098	0.175156796792	0.180512791548	0.185008693895	0.184799982246	0.18606837222	0.186491328477	0.166540621688	0.170750043409	0.173942572713	0.190833295978	0.186773196377	0.173085827572	0.166284125512	0.179900867071	0.176803260298	0.172502573142	0.185507865446	0.176457864022	0.295969235843	0.248556216874	0.221609057526	0.18895196576	0.196713396249	0.164721761231	0.162727793516	0.169646127097	0.174171869962	0.181877309074	0.186335453429	0.182687981261	0.163351151277	0.170920486759	0.183334413253	0.181299638114	0.169863515747	0.171522628143	0.177642427446	0.167889947278	0.171996569145	0.163156260199	0.167683011384	0.170074000889	0.173066047759	0.19129108824	0.208401352026	0.199434646401	0.165986747163	0.17189780367	0.17084989207	0.160955550195	0.168830935294	0.171472798956	0.17517143727	0.166170190947	0.16621081194	0.168885129296	0.171076220033	0.170996471891	0.162667709963	0.17098118486	0.168361223985	0.16792453178	0.167232380403	0.164904387983	0.165489224319	0.17563795347	0.171117250128	0.167203190535	0.166377926594	0.167225164042	0.174429061367	0.164448536378	0.161936721686	0.165509094633	0.168398711524	0.162606218133	0.16210333984	0.162416128416	0.164261641082	0.171406206994	0.170448208802	0.170889232089	0.164432911575	0.160006972141	0.203309641695	0.186603646977	0.171246003396	0.168200956308	0.169021959439	0.166559337536	0.170657227215	0.169229879113	0.186978044533	0.164144582173	0.169761346562	0.165274551611	0.166418544266	0.165931301697	0.178210976812	0.179011473493	0.163972304691	0.169885215014	0.168048926524	0.170226352972	0.172970477715	0.173466433632	0.173769715298	0.173896398156	0.179240278907	0.169096379095	0.169689459054	0.190605741697	0.167517871815	0.17224088094	0.167406535219	0.174997228479	0.173764733405	0.172656091856	0.170411196767	0.163579822048	0.166749371856	0.165310945464
158479027-supragingivalplaque1.freeze11.snv.filtered.bam	0.157675036333	0.160221010587	0.164588884239	0.168811232847	0.0	0.0393931175429	0.155922809363	0.155505840809	0.162129886494	0.154191913277	0.157416540665	0.175332130137	0.17045894389	0.177019917265	0.178502035548	0.178419700333	0.179666605083	0.116757953831	0.0941996920543	0.163842021163	0.164128702099	0.179953476168	0.172714573786	0.142991157269	0.143941072382	0.173571931178	0.166988266015	0.16658297856	0.164495333824	0.134817025508	0.289653609237	0.235432395328	0.203980189642	0.167673300189	0.176088804844	0.144697463773	0.14030920172	0.163115109571	0.1684334807	0.17070693029	0.17758143462	0.17363973712	0.115835008547	0.147381781675	0.159904296383	0.165634737112	0.156785226332	0.162378228182	0.164211426611	0.158133451557	0.151741229554	0.156688879996	0.159608087132	0.157983238786	0.157401269925	0.172576221372	0.194070630355	0.187312431816	0.159044243757	0.165535462531	0.16447794818	0.142020170304	0.161591246222	0.16476836019	0.169479012443	0.155501735018	0.152411772677	0.154896040654	0.147606165884	0.148573708597	0.149381391509	0.154026490656	0.150109422752	0.151437194789	0.151837371612	0.147304487277	0.148646551362	0.160593897202	0.149169387726	0.15740191494	0.156118293121	0.158142254745	0.165810973557	0.155925104203	0.144642729724	0.142849810249	0.143852279699	0.139767539135	0.14576325703	0.148780904474	0.146774143239	0.165032598734	0.163315067879	0.164549072834	0.151531843247	0.145462885944	0.189669862481	0.173775665487	0.158437404278	0.14915748646	0.151173870262	0.151405494998	0.16598731348	0.164180618208	0.174616622455	0.156544624502	0.154929809276	0.151117964066	0.149692821634	0.149032612155	0.172087916968	0.17307294394	0.148575701358	0.169452864725	0.167407852736	0.153250550198	0.156877331249	0.157825441594	0.159152804107	0.160182404171	0.172576556173	0.154457405538	0.147161016382	0.169431280804	0.146587322073	0.168844215417	0.151078620253	0.160794303418	0.0433067543425	0.0423209251977	0.156486617428	0.145205847373	0.144640720004	0.143803931017
158479027-supragingivalplaque2.freeze11.snv.filtered.bam	0.166690469248	0.168409906401	0.170746681396	0.173372614018	0.0393931175429	0.0	0.16693605582	0.166303304264	0.166718075976	0.165708206721	0.168740271199	0.179454115955	0.174902597531	0.181133220705	0.183134285317	0.183060848686	0.18413580981	0.112613645154	0.0766404437681	0.169966827866	0.172382329601	0.188550059433	0.184010135998	0.162711455564	0.160948246573	0.18062067771	0.17668964709	0.172277789462	0.179354539334	0.148395706716	0.293226208572	0.24374845633	0.217710222875	0.184998020586	0.19279536559	0.160476684916	0.15838616147	0.17111781439	0.176044006266	0.177121993475	0.182066365118	0.178238372861	0.127945704894	0.163158379139	0.176247298466	0.180379278034	0.168784874323	0.172089864392	0.175919413612	0.166353102092	0.167681009408	0.163040899237	0.164380132734	0.166419631818	0.170133930538	0.188181263184	0.206371277229	0.197979544165	0.165560045575	0.17143813719	0.17041820355	0.156389887947	0.16510037981	0.168059282222	0.172388957774	0.166370157754	0.166513063441	0.169334731688	0.166784093386	0.166551679822	0.164831410751	0.167749611178	0.165123113541	0.163607103566	0.163209818676	0.160193814634	0.160652507159	0.173487261048	0.167227415168	0.168057472479	0.167732574624	0.165043564896	0.172302459825	0.163840703101	0.160544268871	0.163483028366	0.164798710914	0.15924752027	0.159624012851	0.161330549118	0.161558607857	0.170133395195	0.168456020103	0.169639209086	0.166371623441	0.161042241321	0.201293989646	0.184813357442	0.171071877209	0.164386400341	0.165651390532	0.163579500088	0.174047582279	0.172302419124	0.187510557476	0.162555151244	0.168566278998	0.16279336571	0.164062219373	0.163309518561	0.178532691334	0.179398640103	0.158251593878	0.17494985524	0.173150867625	0.161820218422	0.164825643557	0.167494414813	0.167903456734	0.168340489725	0.179602274462	0.168176885903	0.166735899341	0.187931231473	0.164742987466	0.174431777601	0.165141298266	0.169542534215	0.00455338334451	0.00444312358941	0.168936899569	0.162239502134	0.162725462293	0.161108178622
158499257-supragingivalplaque1.freeze11.snv.filtered.bam	0.159147019884	0.161554735381	0.162521682375	0.166612202748	0.155922809363	0.16693605582	0.0	0.0226782040086	0.162478539896	0.159296943199	0.162341733711	0.175923130056	0.171221795722	0.177597788485	0.183251477726	0.182942491966	0.18429320025	0.173816157367	0.159444061878	0.166150971028	0.167135432799	0.180259742775	0.174103929096	0.154373297536	0.150640249665	0.173365265159	0.167911202777	0.167833030219	0.172557336235	0.160446604504	0.286980393118	0.235829606118	0.206966171802	0.173867468536	0.181443956347	0.149490508279	0.145066857136	0.165858829347	0.171482113882	0.172405351791	0.178564937556	0.174743905836	0.148095901843	0.154780805042	0.166855863582	0.168523757696	0.15929985376	0.164732994435	0.166967939578	0.160538282742	0.15544982273	0.155686805865	0.163565406573	0.162528640607	0.163494081827	0.178812293704	0.196289997915	0.188992188902	0.163598290713	0.170186793347	0.169110747599	0.145344711305	0.166708792642	0.169669341956	0.174162674946	0.156405470954	0.153491233856	0.156392022821	0.150086611562	0.152545492862	0.156613697825	0.158401289017	0.155453115974	0.157135509312	0.157199751311	0.151570476157	0.152454401219	0.158586257649	0.151162234282	0.155525683645	0.155126666489	0.161520403909	0.169222939146	0.157870305424	0.151335612714	0.14734941963	0.149087376922	0.144980913207	0.146448982141	0.148376517525	0.148029261776	0.164649322979	0.163136910903	0.164223148021	0.154818189651	0.149429071536	0.19250757102	0.176397929456	0.16121884519	0.151844339988	0.153834579629	0.153187934979	0.169485689213	0.167740726398	0.173710470472	0.158617587775	0.156327995881	0.154798619103	0.153172172724	0.152772575362	0.170051600689	0.171109063495	0.151537615808	0.165787423511	0.163980028019	0.156818414175	0.160034000639	0.163141832372	0.164236283512	0.165079016668	0.171471067027	0.157462534973	0.15221296778	0.17388636162	0.151094549175	0.17008583952	0.155952061034	0.166057059515	0.168241559666	0.167030603655	0.157553657142	0.147829890219	0.151133541328	0.150128977137
158499257-supragingivalplaque2.freeze11.snv.filtered.bam	0.159130521902	0.1616603733	0.162078666287	0.165872202162	0.155505840809	0.166303304264	0.0226782040086	0.0	0.161344940362	0.159124187028	0.162108714241	0.175000122632	0.170209444515	0.17672460295	0.182462987755	0.182212264768	0.183495681892	0.169725468695	0.158409899166	0.163778484019	0.162573676836	0.178682820401	0.173123482943	0.150973872677	0.149583707366	0.173173140598	0.167652883328	0.166633670159	0.167429416143	0.15585519032	0.282152105304	0.230115030309	0.201475323174	0.169158675654	0.176382557455	0.148770084199	0.144683085926	0.165135689744	0.170647680071	0.17214432905	0.177879498362	0.174076377489	0.147410386925	0.150205618176	0.161587053585	0.16386931042	0.158456512445	0.164340903077	0.162487712837	0.159627310928	0.150574736564	0.154531991202	0.162741965727	0.160889858577	0.161512746229	0.17527930865	0.189636717718	0.183142611825	0.163231747905	0.169459290699	0.168385300786	0.144670184139	0.165761792981	0.168561567037	0.173041339054	0.155928227424	0.15319900767	0.156552557982	0.146111368536	0.147814482193	0.156047465476	0.157968586055	0.154978814993	0.156534382673	0.156301301957	0.151119786342	0.151796732367	0.158332203458	0.150898113772	0.154903438098	0.154718435215	0.157202738748	0.164495985226	0.157334042153	0.151160577099	0.144388012249	0.145517311717	0.142951182515	0.145488808286	0.148966798442	0.147154004645	0.164132157347	0.162481362867	0.163523378931	0.153703342682	0.14804478488	0.186976317998	0.171015494784	0.159298682817	0.151657046183	0.153246189414	0.150667531876	0.168640596864	0.166930443431	0.169764314845	0.157763637262	0.155775847537	0.15348091225	0.152277509003	0.151846225685	0.169305618405	0.170164860663	0.150955979951	0.165123509088	0.163232710362	0.156019373893	0.159347152144	0.16273503872	0.163756631471	0.164528502962	0.1708980189	0.15685991282	0.150113334415	0.169445336795	0.149305893826	0.169355230081	0.155781177473	0.16571527341	0.167373414542	0.166236874196	0.153683527852	0.146300724466	0.15136928313	0.149943453832
158802708-supragingivalplaque3.freeze11.snv.filtered.bam	0.159545688708	0.161298719813	0.162510144626	0.16450470479	0.162129886494	0.166718075976	0.162478539896	0.161344940362	0.0	0.155005875688	0.157513141599	0.175330578412	0.170947088123	0.176892431327	0.175756918611	0.17524730608	0.17666795348	0.179734945439	0.158705365732	0.16317869335	0.165868335397	0.181526727839	0.177359173411	0.163912168641	0.156607284225	0.171880717356	0.168408286928	0.162139288493	0.182411997318	0.170743077908	0.291091101012	0.240583369741	0.216362718626	0.18326885782	0.191102312496	0.154608724298	0.152256673736	0.165300199791	0.169964281524	0.1738816785	0.177542156487	0.173954288856	0.156884450002	0.16284649544	0.175492873126	0.177429285451	0.166089107437	0.16873284485	0.165972906804	0.15583257993	0.16637238263	0.157654129945	0.15901143302	0.16149288509	0.165156095337	0.18333366833	0.20095499182	0.192119801925	0.162699362423	0.16904017556	0.167961220009	0.153732265281	0.159406537991	0.162540006171	0.166404593624	0.156289121624	0.157101568461	0.159725449998	0.163368699888	0.163678605242	0.159378769219	0.15712568284	0.154931957067	0.162171897532	0.161769570445	0.158183305819	0.158876990177	0.169785562141	0.163684921467	0.163050638059	0.162041940447	0.164052990699	0.17157243008	0.15752061594	0.155729316563	0.159971410329	0.161101701919	0.155935295006	0.153376200644	0.1534266898	0.155488532379	0.165570620214	0.164378120597	0.16532627689	0.164975654191	0.158334095094	0.196679012303	0.18010294963	0.16518943034	0.159190444911	0.159448805546	0.159528301324	0.170817912003	0.1691767238	0.177065483039	0.154454094631	0.157750595324	0.155764446556	0.155804986335	0.155397446681	0.169902838869	0.170960185061	0.155395829033	0.16668999616	0.164766457332	0.163378690426	0.166177901755	0.165194342977	0.165004646372	0.165047189961	0.171298863138	0.161720733191	0.163252976535	0.184520898207	0.158926769464	0.162400948163	0.162304856383	0.170144543415	0.167247833889	0.166276843391	0.165969253518	0.158934857755	0.152494469672	0.151263229974
158944319-supragingivalplaque1.freeze11.snv.filtered.bam	0.15822398603	0.159973054263	0.162868725615	0.165021305266	0.154191913277	0.165708206721	0.159296943199	0.159124187028	0.155005875688	0.0	0.000795960065046	0.171228676509	0.166550731147	0.172832239016	0.171407521832	0.171212829727	0.172494405947	0.179233463638	0.158482775276	0.163312738919	0.165862120552	0.182533646222	0.178144420401	0.157772468404	0.151703205221	0.165635258521	0.161923680264	0.1651076086	0.177807303338	0.168942850532	0.291336104372	0.240453302055	0.215775874544	0.183508030107	0.190674627489	0.156288270318	0.153084039332	0.153190130544	0.157751481112	0.171159404037	0.1757740994	0.171766027263	0.152612811901	0.158707631023	0.171270272123	0.174246446095	0.162184928727	0.165038293399	0.167975087186	0.157160402797	0.156229072968	0.154332833583	0.157404260729	0.159865023789	0.130047296413	0.154474539993	0.192243226542	0.182406863997	0.145996982883	0.152226779777	0.151051130581	0.145300581576	0.15900865715	0.162016178413	0.166401270307	0.157032175914	0.157713374841	0.160795744085	0.160971882995	0.160983997847	0.132983695891	0.160611855405	0.157809671119	0.159568335125	0.159123903534	0.156333875238	0.157170747876	0.165736136708	0.155841857153	0.159941005106	0.160093601975	0.160595988957	0.167398845711	0.143959058857	0.137079079564	0.153590904796	0.155358750437	0.150448823796	0.151384924525	0.153063123163	0.154431980725	0.162079856685	0.160623983743	0.161611321751	0.157119544774	0.15157164772	0.189605892355	0.171789267983	0.140246835318	0.158644881406	0.159998661556	0.158174744794	0.139855605927	0.138281481555	0.181765346777	0.149785435571	0.159365700427	0.155554600003	0.155977367179	0.155327596078	0.166442904223	0.167406874347	0.155509978631	0.1626905473	0.160750611888	0.158152263527	0.161466611393	0.16312911824	0.162751421062	0.163156569087	0.173479631402	0.162416515056	0.158149060199	0.180612098422	0.157638512093	0.166995521289	0.151502959212	0.163314665617	0.166684412929	0.165645040907	0.16400579099	0.156713943353	0.156708573816	0.154783585077
158944319-supragingivalplaque2.freeze11.snv.filtered.bam	0.161528297669	0.163231391632	0.165442135602	0.167450636931	0.157416540665	0.168740271199	0.162341733711	0.162108714241	0.157513141599	0.000795960065046	0.0	0.173850166146	0.169309032135	0.175408588707	0.173732585673	0.173524758915	0.17477326803	0.181754870868	0.161357253289	0.166276686638	0.168907289588	0.184626469275	0.180377237226	0.160714124515	0.154680453309	0.168593180431	0.165020415452	0.16784010909	0.180540725621	0.171936945282	0.292172178219	0.242491470808	0.218589417442	0.18630417608	0.193551940157	0.159460369917	0.156386695563	0.155817202686	0.16011810507	0.173751747718	0.178278216761	0.174379967729	0.155767853533	0.161744437775	0.174251201754	0.177324052046	0.165448954816	0.168192901304	0.171021949158	0.16025221731	0.159586058432	0.157164609935	0.160352107503	0.163069454559	0.132689178446	0.157291597697	0.19498741312	0.185107294238	0.148556373084	0.154516640441	0.153396144654	0.148415471978	0.162134458659	0.165151064607	0.169433415405	0.160229328743	0.160867836168	0.163686237926	0.164224527093	0.164218588471	0.135981845154	0.163323185426	0.160802212917	0.162605168257	0.16227738433	0.158963658727	0.159697564125	0.168573433063	0.159018643539	0.163019194064	0.163114620715	0.163356973301	0.170044205035	0.146889852581	0.140301124042	0.156744997243	0.158552059263	0.153837374318	0.154593103119	0.155815663133	0.157530507572	0.165213103917	0.16388105569	0.164821171496	0.160239299546	0.154783142635	0.192578988101	0.174907468005	0.143106678842	0.162116450921	0.163241471553	0.16122584904	0.142333348064	0.140849186986	0.184619753308	0.152689459917	0.162670717285	0.15901415404	0.1595190906	0.158891259218	0.168919658819	0.169901876918	0.158896566614	0.165265888966	0.163400899885	0.161143688731	0.164383245535	0.166009329361	0.165731353883	0.166135715506	0.17621459685	0.165423491402	0.161326400719	0.183783658049	0.161025763061	0.169800698673	0.154464022966	0.166169979165	0.169747737437	0.168745650342	0.167330564455	0.160111482863	0.1595742523	0.157777851243
159207311-supragingivalplaque1.freeze11.snv.filtered.bam	0.172428663183	0.174230928961	0.177002023793	0.178928225098	0.175332130137	0.179454115955	0.175923130056	0.175000122632	0.175330578412	0.171228676509	0.173850166146	0.0	0.000532703456295	0.000782107042947	0.191950291956	0.191779802656	0.193062374865	0.192134419352	0.173475777295	0.180256688921	0.182893042028	0.198496550719	0.194162346384	0.177603126978	0.172445285073	0.184982939245	0.181535979833	0.180144226636	0.193057123423	0.183336590248	0.297370318213	0.250839504556	0.222965169717	0.190552303704	0.198069410734	0.172421923304	0.170441532154	0.179738306521	0.184138914861	0.186111601703	0.189811105493	0.186339655788	0.170847133027	0.177045124027	0.188972681279	0.190830633534	0.180214890403	0.182366616044	0.180631018985	0.170860172532	0.175854649156	0.167549925616	0.171103415733	0.173395600675	0.177122102942	0.194137073939	0.213600983814	0.204169944501	0.174774212458	0.180760159419	0.179620151767	0.167180910939	0.177340622708	0.180281198006	0.184231743647	0.171353620654	0.172261005134	0.174719455678	0.177838555587	0.178326424185	0.17415682213	0.175957780176	0.174303928061	0.174480590265	0.173019077287	0.168985249711	0.169491914389	0.178080547492	0.173513529524	0.174863979691	0.173326924176	0.17598569274	0.182758941955	0.167947882468	0.166566402239	0.174046892839	0.175523665658	0.171112752969	0.166902583011	0.168189774826	0.170102482134	0.175478373843	0.174172865615	0.175008414026	0.17415745286	0.169079207691	0.204783444384	0.188992707518	0.178414377668	0.172305722421	0.172569860549	0.172049869256	0.177306726534	0.175789842739	0.191228803364	0.167020289595	0.173477213685	0.171646655602	0.172128590575	0.171307577388	0.182347033494	0.183392742309	0.167276544548	0.177820474576	0.17582513027	0.174197536087	0.176679641982	0.178881492635	0.178646922011	0.178816130621	0.187651306367	0.17788401551	0.174798199541	0.196161352536	0.172070178638	0.176634508187	0.172807861674	0.180566677155	0.179886789139	0.17896326522	0.176606446963	0.16932360996	0.173207556717	0.171735874706
159207311-supragingivalplaque2.freeze11.snv.filtered.bam	0.167718970507	0.169578286991	0.173124626247	0.175156796792	0.17045894389	0.174902597531	0.171221795722	0.170209444515	0.170947088123	0.166550731147	0.169309032135	0.000532703456295	0.0	0.000577095845079	0.187764349766	0.18758350343	0.188911596063	0.187867788316	0.168970741945	0.175654713827	0.178226362996	0.194516717757	0.190070682913	0.172901903355	0.167601364354	0.180452879134	0.17678318488	0.175748144504	0.188628879223	0.178588878739	0.295930679164	0.248136581126	0.21874364748	0.185842960245	0.193447349946	0.167684295328	0.165605139099	0.175253689586	0.17998913633	0.182297901072	0.18626804138	0.182665467573	0.165734289979	0.172076760045	0.184386289558	0.186298166407	0.175473053356	0.177872455276	0.176100035954	0.16606811563	0.17087936613	0.162770442798	0.166638038309	0.168854764466	0.172923829186	0.190078920793	0.210045464304	0.19993421277	0.169971807409	0.176178143972	0.174992661868	0.162304214733	0.172948527187	0.175912313118	0.180046797656	0.166378749246	0.167243501051	0.169935092634	0.172757214914	0.173192140514	0.169542656483	0.171292694322	0.169558572667	0.16978107366	0.168211394215	0.164569280841	0.165013989229	0.173597612251	0.168659802352	0.170010461412	0.16845375769	0.17088309934	0.177921556059	0.163364657176	0.161766230339	0.16902993475	0.170430334228	0.166051158562	0.162190080475	0.164544517458	0.165477080458	0.171057507862	0.169611832298	0.170551347737	0.169461122368	0.164065805488	0.200506857158	0.184441475698	0.173742166216	0.167290689119	0.1677268449	0.16728729451	0.172900284415	0.171351656179	0.187229808301	0.162451754972	0.16858582021	0.166679578102	0.167078572301	0.166226382137	0.177987157944	0.179103927104	0.162434059822	0.173532521375	0.171423875898	0.169554846732	0.172191156278	0.174421773972	0.174119674627	0.174335756166	0.183358576494	0.173041507266	0.169904673137	0.191732556694	0.167273735967	0.172538771915	0.16790264306	0.175863829423	0.175267892676	0.174305332729	0.171967115091	0.164412661276	0.168327686149	0.166726629099
159207311-supragingivalplaque3.freeze11.snv.filtered.bam	0.174165446349	0.175923383933	0.178616251478	0.180512791548	0.177019917265	0.181133220705	0.177597788485	0.17672460295	0.176892431327	0.172832239016	0.175408588707	0.000782107042947	0.000577095845079	0.0	0.193433899606	0.193274997047	0.194498874287	0.193774143862	0.175290200497	0.181834691089	0.184448916565	0.199702585032	0.195483160445	0.179301484393	0.17394885655	0.186533771738	0.183167503718	0.181690148731	0.194625068853	0.184938912727	0.297912905135	0.2518450019	0.224195801453	0.192040863929	0.199498149908	0.173982730942	0.172055061298	0.181327387027	0.185661276234	0.187565466647	0.191207607304	0.187807854341	0.172654582649	0.17879236563	0.190644894436	0.192435299217	0.181883059335	0.183966423845	0.182226647368	0.172526102218	0.177326382015	0.169108928635	0.172784345833	0.175102603392	0.178643411209	0.195582207149	0.214901219451	0.205519196505	0.176430991006	0.182349564035	0.181233100949	0.168947311937	0.178965426919	0.181876478755	0.185730033361	0.172862464618	0.173852202684	0.176228926029	0.179492654217	0.18001943294	0.175904508392	0.177657509219	0.176018330642	0.176265837354	0.174785876432	0.170693819081	0.171202421299	0.179597102147	0.175152222993	0.176602549175	0.175035928142	0.177601916473	0.184356243908	0.169603784636	0.168294870427	0.175772560175	0.177270793466	0.172887820141	0.168480102495	0.16942039439	0.171762067804	0.177192835375	0.175953474295	0.176709295327	0.175774926151	0.170819869864	0.206301697857	0.190604673678	0.180081767897	0.174032612226	0.174260551395	0.173706327816	0.178830231705	0.177314232373	0.192603080815	0.168564086483	0.175162716379	0.173393912704	0.173894518129	0.173048516021	0.183915528579	0.18491327365	0.168871743837	0.179437974379	0.177468717619	0.175873079759	0.17830743078	0.180500635072	0.180289583943	0.180477566542	0.189085459049	0.179595452419	0.176520588916	0.197733458158	0.173753969497	0.178187589824	0.174531747016	0.182165019244	0.181561792076	0.180650892674	0.178277188526	0.17107200962	0.174977503911	0.173515019617
159268001-supragingivalplaque1.freeze11.snv.filtered.bam	0.180315795809	0.182207361547	0.183162705709	0.185008693895	0.178502035548	0.183134285317	0.183251477726	0.182462987755	0.175756918611	0.171407521832	0.173732585673	0.191950291956	0.187764349766	0.193433899606	0.0	0.00148271097051	0.0016767761004	0.196589216738	0.177391275315	0.182695645669	0.185182938478	0.198247965431	0.194249525773	0.179674609617	0.171806220996	0.187312444233	0.184351431087	0.182048978193	0.197354655993	0.188578871671	0.302643271773	0.257307869457	0.231273117115	0.199213196866	0.206822533575	0.174374144045	0.172274928765	0.181537181369	0.186181502102	0.190908188684	0.194252723425	0.190972798194	0.175154505303	0.180252652383	0.192648694581	0.192360334236	0.180796464021	0.182900546742	0.188231177027	0.178804425845	0.181204165538	0.174632115482	0.18048561788	0.18225575008	0.180869604069	0.199344842369	0.216148609894	0.206329485972	0.178373929715	0.183966783531	0.183113110309	0.171475325745	0.177826777648	0.180676783695	0.184337786906	0.176180451244	0.176042667083	0.178655716581	0.180366762839	0.180647336623	0.175239104704	0.177695159009	0.176103185237	0.181436281892	0.180566645351	0.17518804621	0.175535779814	0.182884628496	0.178394176014	0.17794741042	0.178092199833	0.178959846507	0.186520391205	0.172403430636	0.171032192858	0.179093330956	0.180213040246	0.175390205926	0.171944610052	0.173207430657	0.174277280636	0.182473793292	0.181129625907	0.181755971081	0.17697641925	0.17128188095	0.210621587155	0.194795771666	0.182568785146	0.176798303658	0.176948037628	0.178238614756	0.186954632933	0.18542755398	0.198992531916	0.169845521863	0.179104017136	0.176334233673	0.176715140138	0.176178519767	0.187952973289	0.188883752065	0.174422407992	0.18227313604	0.180587327005	0.176905459343	0.179663965825	0.183025005223	0.182572809796	0.182622411651	0.187630001693	0.179298032373	0.180529600453	0.200808392305	0.178529144794	0.185696663943	0.172303624275	0.175883521999	0.183662261734	0.182797091177	0.183911967388	0.177004613726	0.173305156294	0.172127992368
