	158337416-tonguedorsum1.freeze11.snv.filtered.bam	158337416-tonguedorsum2.freeze11.snv.filtered.bam	158458797-tonguedorsum1.freeze11.snv.filtered.bam	158479027-tonguedorsum1.freeze11.snv.filtered.bam	158479027-tonguedorsum2.freeze11.snv.filtered.bam	158499257-tonguedorsum1.freeze11.snv.filtered.bam	158499257-tonguedorsum2.freeze11.snv.filtered.bam	158802708-tonguedorsum1.freeze11.snv.filtered.bam	158802708-tonguedorsum2.freeze11.snv.filtered.bam	158802708-tonguedorsum3.freeze11.snv.filtered.bam	158883629-tonguedorsum2.freeze11.snv.filtered.bam	158944319-tonguedorsum1.freeze11.snv.filtered.bam	158944319-tonguedorsum2.freeze11.snv.filtered.bam	158944319-tonguedorsum3.freeze11.snv.filtered.bam	159207311-tonguedorsum1.freeze11.snv.filtered.bam	159207311-tonguedorsum3.freeze11.snv.filtered.bam	159227541-tonguedorsum2.freeze11.snv.filtered.bam	159268001-tonguedorsum1.freeze11.snv.filtered.bam	159268001-tonguedorsum2.freeze11.snv.filtered.bam	159268001-tonguedorsum3.freeze11.snv.filtered.bam	159369152-tonguedorsum1.freeze11.snv.filtered.bam	159490532-tonguedorsum1.freeze11.snv.filtered.bam	159510762-supragingivalplaque3.freeze11.snv.filtered.bam	159510762-tonguedorsum2.freeze11.snv.filtered.bam	159571453-tonguedorsum2.freeze11.snv.filtered.bam	159591683-tonguedorsum2.freeze11.snv.filtered.bam	159753524-tonguedorsum1.freeze11.snv.filtered.bam	159753524-tonguedorsum3.freeze11.snv.filtered.bam	159814214-tonguedorsum2.freeze11.snv.filtered.bam	160158126-tonguedorsum1.freeze11.snv.filtered.bam	160158126-tonguedorsum2.freeze11.snv.filtered.bam	160178356-tonguedorsum1.freeze11.snv.filtered.bam	160178356-tonguedorsum3.freeze11.snv.filtered.bam	160319967-tonguedorsum1.freeze11.snv.filtered.bam	160319967-tonguedorsum3.freeze11.snv.filtered.bam	160380657-tonguedorsum1.freeze11.snv.filtered.bam	160380657-tonguedorsum3.freeze11.snv.filtered.bam	160421117-tonguedorsum2.freeze11.snv.filtered.bam	160421117-tonguedorsum3.freeze11.snv.filtered.bam	160502038-tonguedorsum1.freeze11.snv.filtered.bam	160502038-tonguedorsum2.freeze11.snv.filtered.bam	160582958-tonguedorsum3.freeze11.snv.filtered.bam	370425937-tonguedorsum1.freeze11.snv.filtered.bam	508703490-tonguedorsum2.freeze11.snv.filtered.bam	604812005-tonguedorsum1.freeze11.snv.filtered.bam	604812005-tonguedorsum3.freeze11.snv.filtered.bam	663835652-tonguedorsum2.freeze11.snv.filtered.bam	675950834-tonguedorsum2.freeze11.snv.filtered.bam	675950834-tonguedorsum3.freeze11.snv.filtered.bam	686765762-tonguedorsum1.freeze11.snv.filtered.bam	686765762-tonguedorsum2.freeze11.snv.filtered.bam	763435843-tonguedorsum1.freeze11.snv.filtered.bam	763435843-tonguedorsum2.freeze11.snv.filtered.bam	763496533-palatinetonsils2.freeze11.snv.filtered.bam	763577454-tonguedorsum1.freeze11.snv.filtered.bam	763820215-tonguedorsum1.freeze11.snv.filtered.bam	763820215-tonguedorsum2.freeze11.snv.filtered.bam	763840445-tonguedorsum1.freeze11.snv.filtered.bam	763840445-tonguedorsum2.freeze11.snv.filtered.bam	763860675-tonguedorsum1.freeze11.snv.filtered.bam	763901136-tonguedorsum2.freeze11.snv.filtered.bam	763901136-tonguedorsum3.freeze11.snv.filtered.bam	763961826-tonguedorsum1.freeze11.snv.filtered.bam	763961826-tonguedorsum2.freeze11.snv.filtered.bam	764042746-tonguedorsum1.freeze11.snv.filtered.bam	764083206-tonguedorsum1.freeze11.snv.filtered.bam	764083206-tonguedorsum2.freeze11.snv.filtered.bam	764143897-tonguedorsum2.freeze11.snv.filtered.bam	764224817-tonguedorsum1.freeze11.snv.filtered.bam	764224817-tonguedorsum2.freeze11.snv.filtered.bam	764285508-tonguedorsum1.freeze11.snv.filtered.bam	764285508-tonguedorsum2.freeze11.snv.filtered.bam	764325968-tonguedorsum1.freeze11.snv.filtered.bam	764447348-tonguedorsum1.freeze11.snv.filtered.bam	764487809-tonguedorsum1.freeze11.snv.filtered.bam	764487809-tonguedorsum2.freeze11.snv.filtered.bam	764508039-tonguedorsum1.freeze11.snv.filtered.bam	764508039-tonguedorsum3.freeze11.snv.filtered.bam	764649650-tonguedorsum1.freeze11.snv.filtered.bam	764811490-tonguedorsum1.freeze11.snv.filtered.bam	765013792-tonguedorsum2.freeze11.snv.filtered.bam	765013792-tonguedorsum3.freeze11.snv.filtered.bam	765135172-tonguedorsum2.freeze11.snv.filtered.bam	765337473-tonguedorsum1.freeze11.snv.filtered.bam	765337473-tonguedorsum2.freeze11.snv.filtered.bam	765337473-tonguedorsum3.freeze11.snv.filtered.bam	765701615-tonguedorsum1.freeze11.snv.filtered.bam	765701615-tonguedorsum2.freeze11.snv.filtered.bam	809635352-tonguedorsum1.freeze11.snv.filtered.bam	809635352-tonguedorsum2.freeze11.snv.filtered.bam	823052294-tonguedorsum1.freeze11.snv.filtered.bam	861967750-tonguedorsum1.freeze11.snv.filtered.bam
158337416-tonguedorsum1.freeze11.snv.filtered.bam	0.0	0.0525674234344	0.0927711630134	0.0323893689732	0.0390500859798	0.092009316297	0.0791449903137	0.0749657168978	0.0761846716441	0.0723536710128	0.0628197035328	0.0485622864108	0.0676084543218	0.0524368211402	0.0804727803052	0.0710476480704	0.0587927994602	0.115953070242	0.104982477526	0.100259027884	0.109836529462	0.0931629698962	0.0917916458066	0.10465597179	0.156461548508	0.118804553667	0.074029733789	0.0857404061731	0.0624496636991	0.0559413160358	0.0743997736227	0.0440347402103	0.0690668466076	0.0690668466076	0.108095165538	0.0564419581637	0.0705470059424	0.0553536057117	0.0584880607736	0.0419015694042	0.0556583443982	0.103175812455	0.0897455431967	0.0945995951329	0.0613830782961	0.048627587558	0.0548311965347	0.0902461853247	0.0945560610348	0.105091312771	0.0709388128251	0.0500424457456	0.0470385929779	0.0378528982826	0.0615572146884	0.0552883045646	0.0405302453146	0.0897673102457	0.0431640582486	0.0316492893058	0.0757928647613	0.0726584096994	0.093097668749	0.0875688382926	0.079297359657	0.126270651488	0.0866110881348	0.0913345377767	0.0748568816526	0.087764741734	0.0722448357676	0.103349948847	0.0702422672558	0.0574867765177	0.0955355782417	0.0971463398707	0.0591628392939	0.0674778520276	0.0821053089833	0.0526109575325	0.0604906292854	0.0504560196774	0.100977340502	0.0436429333275	0.0996060164124	0.0636250843473	0.0503254173832	0.0353496876428	0.0559413160358	0.0870464291156	0.0818658714438	0.0547005942404
158337416-tonguedorsum2.freeze11.snv.filtered.bam	0.0525674234344	0.0	0.14392372826	0.0796238653926	0.0819964737381	0.146383404802	0.131690646699	0.120807122178	0.121982542827	0.115147689428	0.102871073769	0.0959709192225	0.123571537407	0.100324329031	0.115169456477	0.102631636229	0.0994536470691	0.155242593762	0.140506301561	0.134542130123	0.153588298034	0.122113145121	0.11236150715	0.121046559718	0.235606538822	0.161903310768	0.11736792843	0.137458914695	0.0929017653077	0.0937724472693	0.11804270695	0.0826712522583	0.112709779935	0.092009316297	0.131494743258	0.120698286933	0.11871748547	0.104307699005	0.102413965739	0.0803421780109	0.0950349361137	0.13735007945	0.116932587449	0.133867351603	0.107942796195	0.0918787140027	0.0966674647918	0.144097864652	0.148124768725	0.147384689058	0.120480616443	0.0952961407022	0.0862410483011	0.0855445027318	0.10080320411	0.0979299536362	0.0818441043948	0.132387192268	0.08036394506	0.0770118195076	0.118891621863	0.11168672863	0.142617705318	0.136805903224	0.118586883176	0.171567880542	0.130819964737	0.152391110337	0.117890337607	0.126988964106	0.119196360549	0.143314250887	0.112557410592	0.102305130493	0.129644544089	0.130972334081	0.102413965739	0.108225767833	0.131081169326	0.0862845823992	0.104677738839	0.0943166234954	0.144076097603	0.0890489976274	0.156896889489	0.114059336976	0.0906815263055	0.0788620186761	0.108835245206	0.15892122505	0.122396116758	0.0989530049411
158458797-tonguedorsum1.freeze11.snv.filtered.bam	0.0927711630134	0.14392372826	0.0	0.0834766330729	0.0874382359983	0.111381989944	0.0970375046255	0.0986482662545	0.0998454539518	0.0939683507107	0.0746609782112	0.0817135021005	0.100999107551	0.0849785594567	0.112035001415	0.101282079189	0.0415097625215	0.149278422324	0.137916022725	0.1328007662	0.136283494047	0.149321956422	0.140571602708	0.150671513463	0.223939400535	0.118064473999	0.0848697242115	0.104917176378	0.0909209638449	0.0781437060578	0.0977775842929	0.0634291809059	0.0975599138025	0.115365359918	0.152978820661	0.0937071461222	0.0984523628132	0.0738338303476	0.0710911821684	0.0737249951024	0.0884612873033	0.122396116758	0.13530397684	0.116671382861	0.076162904595	0.05766091291	0.0917263446595	0.136087590605	0.140223329923	0.126248884439	0.094142487103	0.0755098931238	0.073485557563	0.0797762347359	0.0869811279685	0.0764458762326	0.067673755469	0.130972334081	0.0761846716441	0.0573561742235	0.0921399185912	0.0996060164124	0.138590801245	0.131560044405	0.119522866285	0.156047974576	0.119914673168	0.148385973314	0.117737968264	0.126597157223	0.113319257308	0.137720119283	0.106549705056	0.098365294617	0.140767506149	0.140767506149	0.0773818593413	0.0884395202542	0.104133562613	0.0811910929235	0.0923140549836	0.0750092509958	0.124834026251	0.0665201018698	0.132539561612	0.0957967828302	0.0731808188764	0.0620578568164	0.114734115496	0.157245162273	0.102283363444	0.0757710977123
158479027-tonguedorsum1.freeze11.snv.filtered.bam	0.0323893689732	0.0796238653926	0.0834766330729	0.0	0.00161076162905	0.0907250604036	0.0775342286846	0.0691539148038	0.0707429093838	0.0659541585947	0.0495635706667	0.0334777214253	0.057094969635	0.0369822163209	0.0659323915457	0.0598158507651	0.0453625302018	0.104699505888	0.0957967828302	0.0910951002373	0.09943188002	0.0808210530898	0.0831501273372	0.0992795106767	0.162120981259	0.109401188481	0.0691103807057	0.0791232232646	0.0461243769182	0.0378528982826	0.0580527197928	0.0366339435363	0.0584880607736	0.0600117542065	0.0959491521734	0.0518926449141	0.061861953375	0.04494895627	0.0432511264448	0.0312357153741	0.044970723319	0.0937289131712	0.0801898086676	0.0882000827148	0.0509348947563	0.0382664722144	0.0451883938095	0.0870464291156	0.0910733331882	0.093054134651	0.0594022768333	0.0383970745086	0.0305391698047	0.0335212555234	0.0514790709823	0.0428810866111	0.0301908970201	0.0736814610043	0.0287325047343	0.024879737054	0.0630809081213	0.06083890207	0.0897237761477	0.0834766330729	0.0678696589103	0.116061905487	0.0770771206548	0.0920746174441	0.060294725844	0.0739861996909	0.0663024313794	0.0943166234954	0.0607082997758	0.0506519231188	0.0753792908295	0.0768376831153	0.046559717899	0.0570079014388	0.0781437060578	0.0382447051653	0.0481704795281	0.0370692845171	0.101064408698	0.0313880847174	0.092031083346	0.0525021222873	0.0367210117324	0.0233342765721	0.00857621732222	0.0343266363379	0.0700898979125	0.0451666267604
158479027-tonguedorsum2.freeze11.snv.filtered.bam	0.0390500859798	0.0819964737381	0.0874382359983	0.00161076162905	0.0	0.094643129231	0.0810169565312	0.0741821031323	0.0762282057421	0.0691756818528	0.0528503950719	0.0273394135957	0.0574432424196	0.0334124202782	0.0674560849786	0.0614701464922	0.048671121656	0.112796848131	0.0951220043099	0.0912910036786	0.103393482946	0.0838466729066	0.0860886789578	0.0999978232951	0.177488517882	0.104960710476	0.0753357567315	0.086197514203	0.0537428440826	0.0412920920311	0.0629938399251	0.042293376287	0.0656711869572	0.064539300407	0.0988006355978	0.0665636359679	0.0699810626673	0.0485187523127	0.0441653425045	0.0355891251823	0.0494982695196	0.0958838510263	0.0834766330729	0.0882218497638	0.0548529635837	0.0436429333275	0.0509784288544	0.0938377484164	0.0978646524891	0.098865936745	0.0630591410722	0.0418145012081	0.0326941076598	0.0417056659629	0.057094969635	0.049171763784	0.037526392547	0.0776865980279	0.0346966761716	0.0321499314338	0.0646916697503	0.0642998628676	0.0959709192225	0.0901373500794	0.0733984893668	0.120154110707	0.0837596047104	0.10964062602	0.0672384144881	0.0754881260747	0.0739426655928	0.0981040900285	0.0674560849786	0.0514355368843	0.0781654731068	0.0806033825994	0.0508913606582	0.0637774536906	0.0801462745696	0.0457108029864	0.0556148103002	0.0456890359374	0.101412681483	0.0358720968198	0.0913563048258	0.0552230034174	0.0426634161207	0.028536601293	0.0345660738774	0.0783396094991	0.071395920855	0.0512614004919
158499257-tonguedorsum1.freeze11.snv.filtered.bam	0.092009316297	0.146383404802	0.111381989944	0.0907250604036	0.094643129231	0.0	0.00152369343288	0.0788837857252	0.0805163144033	0.0759017000065	0.106963278988	0.0851962299471	0.105287216212	0.09148690712	0.116758451057	0.109314120285	0.0796673994907	0.163797044035	0.150845649855	0.145643325134	0.140375699266	0.150780348708	0.148777780196	0.158289980627	0.22996887312	0.109662393069	0.077207722949	0.109488256677	0.0895278727063	0.104851875231	0.129949282776	0.0589451688035	0.0949696349666	0.117259093185	0.157724037352	0.104786574084	0.0964280272523	0.0658235563005	0.0738991314947	0.0712870856098	0.090964497943	0.125029929692	0.136697067978	0.125269367232	0.0837160706123	0.0695239546375	0.108617574715	0.153566530985	0.158159378333	0.121873707581	0.0842167127403	0.0788402516271	0.0802115757167	0.0901591171285	0.0932718051414	0.0793626608041	0.0782307742539	0.14529505235	0.0913780718748	0.0664548007227	0.0834548660238	0.105831392438	0.153044121808	0.146557541194	0.131930084238	0.181907228837	0.137284778303	0.151346291983	0.12280969069	0.135129840448	0.12622711739	0.158311747676	0.121177162012	0.0982564593718	0.143227182691	0.144707342026	0.0929452994058	0.0679131930084	0.0842384797893	0.0911821684334	0.0990183060882	0.0763370409874	0.118108008097	0.0620578568164	0.134716266516	0.102544568033	0.0818005702967	0.0776865980279	0.122613787249	0.162469254043	0.0898108443438	0.0641692605733
158499257-tonguedorsum2.freeze11.snv.filtered.bam	0.0791449903137	0.131690646699	0.0970375046255	0.0775342286846	0.0810169565312	0.00152369343288	0.0	0.0684356021854	0.0693933523432	0.0665418689188	0.0912257025315	0.0721142334734	0.0900938159814	0.0766200126249	0.105679023095	0.0986482662545	0.0639298230339	0.152978820661	0.136697067978	0.131755947846	0.12781611197	0.136609999782	0.13530397684	0.145665092183	0.220239002198	0.0931412028471	0.0671948803901	0.0944036916915	0.0789708539213	0.0905944581093	0.115974837291	0.0462985133106	0.084608519623	0.103937659172	0.145186217105	0.0921399185912	0.0868940597723	0.05448292375	0.0620796238654	0.0587274983131	0.0786008140876	0.113558694848	0.12280969069	0.11305805272	0.0695674887356	0.0535034065432	0.0931412028471	0.13780718748	0.141899392699	0.110250103393	0.0663241984284	0.0640604253281	0.0651705448292	0.0767723819682	0.0801027404715	0.0664112666246	0.0634291809059	0.129078600814	0.0759670011537	0.0503254173832	0.0622537602577	0.0915304412181	0.137284778303	0.130406390806	0.115495962212	0.169238806295	0.124790492153	0.14233473368	0.107529222263	0.12030648005	0.112165603709	0.142922444004	0.105134846869	0.0854574345356	0.128425589343	0.130515226051	0.0768376831153	0.0601858905988	0.0708299775799	0.0776865980279	0.0844126161816	0.0615354476394	0.10487364228	0.0491499967349	0.120850656277	0.0883742191071	0.0688709431662	0.0622972943558	0.109771228315	0.151934002307	0.0731155177293	0.0505866219717
158802708-tonguedorsum1.freeze11.snv.filtered.bam	0.0749657168978	0.120807122178	0.0986482662545	0.0691539148038	0.0741821031323	0.0788837857252	0.0684356021854	0.0	0.000979517206852	0.00141485818768	0.0869811279685	0.0685444374306	0.0863063494482	0.0715918242964	0.0867634574781	0.0857186391241	0.0672166474391	0.141812324503	0.131799481944	0.127032498204	0.118673951372	0.126705992469	0.125944145752	0.136827670273	0.206961102283	0.115735399752	0.0763805750854	0.09466489628	0.0606865327268	0.0824318147189	0.105091312771	0.0461896780653	0.0629720728761	0.102566335082	0.137197710106	0.0955573452907	0.0612307089528	0.0565507934089	0.0624714307481	0.0601423565007	0.0753357567315	0.104351233103	0.11281861518	0.0987571014997	0.0647134367994	0.0525891904834	0.0819964737381	0.124268082976	0.127968481313	0.0785790470386	0.0717877277378	0.0682832328421	0.0656929540062	0.0644522322109	0.066650704164	0.0535034065432	0.0538952134259	0.120110576609	0.0697633921769	0.049694172961	0.0769029842624	0.0869158268214	0.124790492153	0.117106723841	0.108378137176	0.154937855075	0.114146405172	0.137872488627	0.104895409329	0.117716201215	0.0975599138025	0.129557475893	0.0965150954485	0.0816264339044	0.113319257308	0.114712348447	0.0686097385777	0.0495635706667	0.0834113319257	0.0647787379465	0.0725278074052	0.0566160945561	0.101412681483	0.0479528090377	0.119544633334	0.0846738207701	0.0517620426199	0.0511525652467	0.0978646524891	0.137480681744	0.0893319692649	0.0526327245815
158802708-tonguedorsum2.freeze11.snv.filtered.bam	0.0761846716441	0.121982542827	0.0998454539518	0.0707429093838	0.0762282057421	0.0805163144033	0.0693933523432	0.000979517206852	0.0	0.000478875078906	0.0878300428811	0.0707211423347	0.0879388781263	0.0732461200235	0.0890925317255	0.0874164689493	0.0696980910298	0.144642040879	0.134259158486	0.129644544089	0.120654752835	0.128686793931	0.127010731155	0.137284778303	0.20839772752	0.117476763675	0.0768159160663	0.0961232885658	0.0639080559849	0.0843908491326	0.106767375547	0.0473650987136	0.066650704164	0.103110511308	0.136914738469	0.096798067086	0.0660412267909	0.0577479811062	0.063995124181	0.0612307089528	0.0757928647613	0.10533075031	0.114690581398	0.101260312139	0.0658453233495	0.0547005942404	0.0843255479855	0.126814827714	0.130515226051	0.0820617748852	0.0733767223178	0.0705034718443	0.0665636359679	0.0673690167824	0.0692192159509	0.0570514355369	0.0563548899676	0.121438366601	0.0705687729914	0.0514137698352	0.0784266776953	0.0884830543523	0.127228401646	0.12008880956	0.110184802246	0.157027491783	0.115822467948	0.139461483207	0.106789142596	0.11895692301	0.0993012777258	0.131342373914	0.0977775842929	0.0824100476698	0.11440760976	0.116170740733	0.0711782503646	0.0526980257287	0.084608519623	0.0654099823687	0.0757275636142	0.059228140441	0.103132278357	0.0488234909993	0.121285997257	0.0878953440282	0.0547441283385	0.0535251735922	0.101303846238	0.139548551403	0.0916828105614	0.0549182647309
158802708-tonguedorsum3.freeze11.snv.filtered.bam	0.0723536710128	0.115147689428	0.0939683507107	0.0659541585947	0.0691756818528	0.0759017000065	0.0665418689188	0.00141485818768	0.000478875078906	0.0	0.0825624170131	0.0629720728761	0.0805816155504	0.0658235563005	0.0791885244117	0.079319126706	0.0606647656777	0.138003090921	0.125204066085	0.119827604972	0.112709779935	0.119479332187	0.120262945952	0.131320606865	0.205415641801	0.110641910276	0.0739644326419	0.0917045776104	0.053416338347	0.0786443481857	0.100171959687	0.0434470298862	0.05766091291	0.0968851352822	0.129644544089	0.0910515661392	0.0515443721295	0.0528286280229	0.059228140441	0.0582486232341	0.0723101369147	0.0957967828302	0.105308983261	0.0909862649921	0.0590104699506	0.0495200365686	0.0761193704969	0.117694434166	0.120872423326	0.0659976926928	0.0651052436821	0.0648222720446	0.0607300668248	0.0614048453451	0.0577697481552	0.0455366665941	0.0469515247818	0.112492109445	0.0646481356522	0.0478222067434	0.0700681308635	0.0801245075205	0.118434513833	0.111120785355	0.101848022464	0.150823882806	0.110924881914	0.135478113232	0.100737902962	0.11055484208	0.093097668749	0.123876276093	0.0912910036786	0.0780784049106	0.106985046037	0.109531790775	0.063973357132	0.0404867112166	0.0775342286846	0.0590975381468	0.0641039594262	0.0512178663939	0.0988224026469	0.0468426895366	0.111599660434	0.079297359657	0.0437300015237	0.0480398772338	0.0939465836617	0.134150323241	0.0809734224331	0.0464508826538
158883629-tonguedorsum2.freeze11.snv.filtered.bam	0.0628197035328	0.102871073769	0.0746609782112	0.0495635706667	0.0528503950719	0.106963278988	0.0912257025315	0.0869811279685	0.0878300428811	0.0825624170131	0.0	0.055527742104	0.074029733789	0.0583356914303	0.0871770314099	0.0764241091835	0.0492152978821	0.131407675061	0.107311551773	0.103785289828	0.115822467948	0.105265449163	0.0995624823143	0.11260094469	0.205372107703	0.12008880956	0.0851962299471	0.0960362203696	0.0673690167824	0.044426547093	0.0723972051109	0.0437300015237	0.0695239546375	0.0782090072049	0.113449859603	0.0882653838619	0.077751899175	0.0625367318953	0.0589451688035	0.0452101608585	0.0558760148887	0.106223199321	0.0962103567619	0.104002960319	0.0650181754859	0.0485405193618	0.0646263686032	0.110075967001	0.113449859603	0.113536927799	0.0780348708126	0.0491499967349	0.0447748198777	0.0582703902832	0.0689580113624	0.0573997083215	0.0462114451144	0.0212011057661	0.022724799199	0.0348708125639	0.0772947911452	0.0762064386931	0.112731546984	0.106092597027	0.0900502818833	0.144881478418	0.104721272937	0.133997953897	0.0270999760562	0.0276876863804	0.0908121285997	0.111708495679	0.0781001719597	0.0723319039638	0.0929017653077	0.0944036916915	0.0604035610892	0.0735726257591	0.0921616856403	0.0547441283385	0.0663894995755	0.0524585881892	0.116649615812	0.044970723319	0.105766091291	0.0623190614048	0.0504560196774	0.0356979604275	0.0804292462071	0.129535708844	0.0853703663394	0.0583792255284
158944319-tonguedorsum1.freeze11.snv.filtered.bam	0.0485622864108	0.0959709192225	0.0817135021005	0.0334777214253	0.0273394135957	0.0851962299471	0.0721142334734	0.0685444374306	0.0707211423347	0.0629720728761	0.055527742104	0.0	0.00106658540302	0.00106658540302	0.068762107921	0.059772316667	0.0419233364533	0.115191223526	0.0928146971115	0.0868940597723	0.0971245728217	0.0963627261052	0.0957967828302	0.107725125705	0.194662719575	0.0967109988899	0.0622972943558	0.0800156722753	0.0551141681722	0.0522191506497	0.0756840295161	0.0347402102697	0.05607191833	0.0769465183605	0.109945364707	0.0757710977123	0.0573126401254	0.0462332121634	0.0446006834853	0.0369169151738	0.0520014801593	0.0846738207701	0.0911386343353	0.0644522322109	0.0434470298862	0.0319540279924	0.0553971398098	0.0921834526893	0.0957967828302	0.0788402516271	0.0588363335583	0.0291678457152	0.0302779652163	0.0468426895366	0.0488887921464	0.0291678457152	0.0304303345595	0.0854792015846	0.0417492000609	0.0239655209943	0.0544176226029	0.0591846063429	0.0976252149496	0.0902244182756	0.0866981563309	0.130558760149	0.0915957423652	0.125574105918	0.0785790470386	0.0865893210857	0.0773383252432	0.101848022464	0.0711564833156	0.0585315948717	0.087786508783	0.0905726910603	0.0383535404105	0.0456237347903	0.0738773644457	0.0461896780653	0.0490629285388	0.0359156309179	0.0921834526893	0.0357850286237	0.0669989769487	0.0351102501034	0.0305174027557	0.0289937093228	0.0737249951024	0.124072179535	0.0662153631832	0.0327594088069
158944319-tonguedorsum2.freeze11.snv.filtered.bam	0.0676084543218	0.123571537407	0.100999107551	0.057094969635	0.0574432424196	0.105287216212	0.0900938159814	0.0863063494482	0.0879388781263	0.0805816155504	0.074029733789	0.00106658540302	0.0	0.00206786965891	0.0870681961646	0.0770988877038	0.057094969635	0.139330880912	0.113297490259	0.108769944059	0.116606081714	0.128752095078	0.124268082976	0.136305261096	0.214448967154	0.124551054614	0.0799939052263	0.0981258570776	0.073529091661	0.0700681308635	0.0960579874186	0.0458196382316	0.0717006595416	0.102892840818	0.140789273198	0.0851744628981	0.074552142966	0.0619054874731	0.060272958795	0.0509348947563	0.0681743975969	0.104133562613	0.117607365969	0.0800809734224	0.0551577022703	0.0392677564703	0.0712870856098	0.113776365338	0.118543349078	0.0991924424806	0.0735726257591	0.0343048692889	0.0384188415577	0.0595764132257	0.0608606691191	0.0332165168368	0.0371128186152	0.11599660434	0.0572255719292	0.0300820617749	0.0730502165821	0.0749874839468	0.118782786618	0.112056768464	0.106070829978	0.156613917851	0.112796848131	0.142073529092	0.100759670012	0.113428092553	0.0952526066041	0.12598767985	0.0874164689493	0.0755534272219	0.116954354498	0.118390979735	0.0410526544916	0.0506519231188	0.0928146971115	0.061361311247	0.0621884591106	0.0462767462615	0.108595807666	0.0437735356218	0.0791232232646	0.0421192398946	0.038614744999	0.0378311312335	0.0934459415337	0.142269432533	0.082497115866	0.0391806882741
158944319-tonguedorsum3.freeze11.snv.filtered.bam	0.0524368211402	0.100324329031	0.0849785594567	0.0369822163209	0.0334124202782	0.09148690712	0.0766200126249	0.0715918242964	0.0732461200235	0.0658235563005	0.0583356914303	0.00106658540302	0.00206786965891	0.0	0.070851744629	0.0612524760018	0.0440129731612	0.121764872336	0.0985611980584	0.0934024074356	0.100433164276	0.103001676063	0.100019590344	0.11305805272	0.197623038245	0.105417818506	0.066650704164	0.0804727803052	0.0567249298013	0.05289392917	0.0767723819682	0.035980932065	0.0564854922618	0.0802333427657	0.116540780566	0.0756840295161	0.0583574584794	0.0498900764023	0.0470385929779	0.039659563353	0.0553318386626	0.0894843386082	0.0941642541521	0.0636250843473	0.0427722513659	0.031192181276	0.0540911168673	0.0912039354825	0.0963627261052	0.0817352691496	0.0597287825689	0.0289719422738	0.0299949935787	0.046015541673	0.0498247752552	0.0287978058815	0.02905901047	0.0903332535208	0.042293376287	0.023268975425	0.058183322087	0.0583139243813	0.0974946126554	0.0902897194227	0.0867634574781	0.135434579134	0.0944472257896	0.126161816243	0.0826494852093	0.0926405607192	0.0775559957337	0.105439585555	0.0706558411876	0.0587492653621	0.0933371062885	0.0955573452907	0.0348708125639	0.0450795585642	0.0775342286846	0.0475174680569	0.0491064626369	0.0357414945256	0.0981258570776	0.0358285627218	0.072984915435	0.0366992446834	0.0293202150584	0.0270782090072	0.0749439498487	0.125334668379	0.0688491761172	0.0346531420735
159207311-tonguedorsum1.freeze11.snv.filtered.bam	0.0804727803052	0.115169456477	0.112035001415	0.0659323915457	0.0674560849786	0.116758451057	0.105679023095	0.0867634574781	0.0890925317255	0.0791885244117	0.0871770314099	0.068762107921	0.0870681961646	0.070851744629	0.0	0.00215493785507	0.0717224265906	0.135499880281	0.121046559718	0.115038854183	0.131995385386	0.120458849394	0.117650900067	0.127010731155	0.21588559239	0.126727759518	0.0908338956488	0.110141268148	0.066128294987	0.0777736662241	0.102653403278	0.060817135021	0.0768376831153	0.0971245728217	0.130428157855	0.102892840818	0.0753139896824	0.075618728369	0.0757928647613	0.0683267669402	0.0831065932392	0.0971681069197	0.10761629046	0.106789142596	0.0778172003222	0.0646699027013	0.0769029842624	0.11440760976	0.11758559892	0.101804488366	0.0866763892819	0.0697633921769	0.0628197035328	0.0668683746544	0.0589234017544	0.0579221174985	0.0536340088374	0.115953070242	0.0598593848632	0.0532422019547	0.0859580766635	0.0815175986591	0.118761019569	0.112013234366	0.0979734877343	0.15006203609	0.113406325504	0.14211706319	0.101369147385	0.111947933219	0.0938377484164	0.11281861518	0.0876559064888	0.0828889227487	0.114472910907	0.116540780566	0.0733984893668	0.0675649202238	0.102588102131	0.0598376178142	0.0744215406717	0.0617313510807	0.124311617074	0.0655188176139	0.125051696741	0.0856098038789	0.0507389913149	0.051805576718	0.0934024074356	0.141181080081	0.0788837857252	0.0635815502492
159207311-tonguedorsum3.freeze11.snv.filtered.bam	0.0710476480704	0.102631636229	0.101282079189	0.0598158507651	0.0614701464922	0.109314120285	0.0986482662545	0.0857186391241	0.0874164689493	0.079319126706	0.0764241091835	0.059772316667	0.0770988877038	0.0612524760018	0.00215493785507	0.0	0.0685444374306	0.126140049194	0.111099018306	0.104699505888	0.120828889227	0.110685444374	0.106419102762	0.116845519253	0.212119892906	0.115974837291	0.083019525043	0.100716135913	0.0644304651618	0.0698939944712	0.0928799982586	0.0570296684878	0.0739208985438	0.088330685009	0.119718769726	0.0972116410178	0.0715482901983	0.0710041139723	0.0707211423347	0.0617313510807	0.0749874839468	0.0873729348512	0.0966456977428	0.090942730894	0.0694368864413	0.0574214753706	0.0686315056268	0.104612437692	0.107093881283	0.0950784702118	0.0805163144033	0.0622319932087	0.0579438845476	0.0626238000914	0.0560066171829	0.055505975055	0.0517838096689	0.101739187218	0.0540475827692	0.0467991554385	0.0769247513115	0.0717006595416	0.110358938639	0.102762238523	0.088853094186	0.140658670904	0.103349948847	0.138438431902	0.0922487538364	0.099932522148	0.0837378376613	0.100084891491	0.0762935068893	0.0745956770641	0.102435732788	0.105069545722	0.0668248405564	0.0649964084369	0.0945342939858	0.0561154524281	0.0722448357676	0.0600552883046	0.113145120916	0.0587274983131	0.112274438954	0.0750310180449	0.0473433316645	0.0454495983979	0.0867634574781	0.133279641279	0.077229489998	0.0612524760018
159227541-tonguedorsum2.freeze11.snv.filtered.bam	0.0587927994602	0.0994536470691	0.0415097625215	0.0453625302018	0.048671121656	0.0796673994907	0.0639298230339	0.0672166474391	0.0696980910298	0.0606647656777	0.0492152978821	0.0419233364533	0.057094969635	0.0440129731612	0.0717224265906	0.0685444374306	0.0	0.124703423957	0.094120720054	0.0895496397553	0.0802115757167	0.101456215581	0.0969722034784	0.110054199952	0.202063516249	0.0865457869877	0.0675431531747	0.0787314163819	0.0446659846325	0.0435340980823	0.0712217844627	0.0277312204784	0.05289392917	0.0776865980279	0.114625280251	0.0648875731917	0.0547441283385	0.0368951481248	0.0270999760562	0.0416838989138	0.0533728042489	0.0886136566466	0.0945778280838	0.0844343832307	0.0363509718987	0.0221806229729	0.0541346509654	0.0979734877343	0.102370431641	0.0802115757167	0.0517402755708	0.0311268801289	0.0227901003461	0.0439912061122	0.0455802006922	0.033325352082	0.0289066411267	0.0890925317255	0.0373957902527	0.023247208376	0.04653795085	0.0564201911147	0.101303846238	0.0940336518578	0.0790796891665	0.137154176008	0.0955573452907	0.127054265253	0.0773600922923	0.0880041792734	0.0779260355674	0.107703358656	0.0681090964498	0.0659541585947	0.0921399185912	0.0934241744847	0.0290372434209	0.0407696828541	0.0655188176139	0.0382882392634	0.03223699963	0.0225506628066	0.0972334080669	0.0342178010927	0.0950567031628	0.0540475827692	0.0275570840861	0.0252715439368	0.0772730240961	0.127184867548	0.0614483794432	0.0351537842015
159268001-tonguedorsum1.freeze11.snv.filtered.bam	0.115953070242	0.155242593762	0.149278422324	0.104699505888	0.112796848131	0.163797044035	0.152978820661	0.141812324503	0.144642040879	0.138003090921	0.131407675061	0.115191223526	0.139330880912	0.121764872336	0.135499880281	0.126140049194	0.124703423957	0.0	0.139330880912	0.132408959317	0.164907163536	0.16072789012	0.148886615442	0.154219542457	0.21020439259	0.166757362704	0.134498596025	0.156722753096	0.128164384754	0.0834330989748	0.0938377484164	0.115844234997	0.143096580397	0.128164384754	0.159421867177	0.131734180797	0.139113210422	0.125944145752	0.122243747415	0.114908251888	0.125334668379	0.147732961842	0.14324894974	0.14483794432	0.12598767985	0.115517729261	0.112187370758	0.141485818768	0.144990313663	0.161054395856	0.14052806861	0.121873707581	0.114451143858	0.105874926536	0.124289850025	0.119239894647	0.108465205372	0.153805968525	0.114951785986	0.107137415381	0.134781567663	0.119609934481	0.144881478418	0.137654818136	0.140136261727	0.104960710476	0.0712870856098	0.147362922009	0.141725256307	0.147188785616	0.122265514464	0.139570318452	0.120850656277	0.128382055245	0.153370627544	0.155003156222	0.12100302562	0.134650965369	0.151150388542	0.113580461897	0.127163100498	0.120828889227	0.158311747676	0.11440760976	0.158855923902	0.127968481313	0.116519013517	0.0889619294312	0.12280969069	0.146862279881	0.140811040247	0.120502383492
159268001-tonguedorsum2.freeze11.snv.filtered.bam	0.104982477526	0.140506301561	0.137916022725	0.0957967828302	0.0951220043099	0.150845649855	0.136697067978	0.131799481944	0.134259158486	0.125204066085	0.107311551773	0.0928146971115	0.113297490259	0.0985611980584	0.121046559718	0.111099018306	0.094120720054	0.139330880912	0.0	0.00587710324111	0.130123419168	0.148451274461	0.134977471104	0.141529352866	0.232406782612	0.152021070503	0.122962060034	0.148081234627	0.106615006204	0.0972116410178	0.121568968895	0.093054134651	0.11849981498	0.117781502362	0.14936549052	0.126575390174	0.115278291722	0.103437017044	0.0963844931543	0.0944254587406	0.107006813086	0.131538277356	0.134041487995	0.115757166801	0.102675170327	0.0887660259899	0.103393482946	0.140723972051	0.144489671535	0.13939618206	0.121046559718	0.0864151846934	0.0841731786422	0.0984741298622	0.101630351973	0.090420321717	0.0831065932392	0.128534424588	0.0924881913759	0.0850438606038	0.103197579504	0.109031148647	0.143053046299	0.134302692584	0.137328312401	0.169826516619	0.129100367863	0.161620339131	0.117759735313	0.123832741995	0.130058118021	0.146818745783	0.116040138438	0.111077251257	0.139962125335	0.142530637122	0.0913780718748	0.108138699636	0.127750810823	0.100411397227	0.102718704425	0.0923793561307	0.137001806665	0.0927276289153	0.130863498835	0.098387061666	0.0881347815677	0.0811475588255	0.120698286933	0.162926362073	0.115212990575	0.0928364641606
159268001-tonguedorsum3.freeze11.snv.filtered.bam	0.100259027884	0.134542130123	0.1328007662	0.0910951002373	0.0912910036786	0.145643325134	0.131755947846	0.127032498204	0.129644544089	0.119827604972	0.103785289828	0.0868940597723	0.108769944059	0.0934024074356	0.115038854183	0.104699505888	0.0895496397553	0.132408959317	0.00587710324111	0.0	0.1225920202	0.142878909906	0.126727759518	0.132387192268	0.22224157071	0.146318103655	0.117019655645	0.141398750571	0.101390914434	0.0907685945016	0.11440760976	0.0890489976274	0.114298774515	0.112078535513	0.142182364337	0.121481900699	0.111186086502	0.0981693911756	0.0916175094142	0.0902461853247	0.102871073769	0.125922378703	0.126814827714	0.110903114865	0.0970157375765	0.0842167127403	0.0964062602033	0.130558760149	0.13484686881	0.133997953897	0.117411462528	0.0822359112775	0.0810387235802	0.0922052197384	0.0960362203696	0.0848044230644	0.0778607344202	0.122657321347	0.0873947019003	0.0807122178446	0.0998889880499	0.102718704425	0.133323175377	0.124877560349	0.129318038354	0.160009577502	0.120567684639	0.153718900329	0.112970984524	0.11804270695	0.123375633965	0.140223329923	0.109335887334	0.104982477526	0.135021005202	0.137720119283	0.0855445027318	0.102479266886	0.122548486102	0.0942948564463	0.0977340501948	0.0877429746849	0.132169521778	0.0881130145186	0.124551054614	0.0935547767789	0.0831718943863	0.0770553536057	0.11327572321	0.154937855075	0.110271870443	0.0869375938704
159369152-tonguedorsum1.freeze11.snv.filtered.bam	0.109836529462	0.153588298034	0.136283494047	0.09943188002	0.103393482946	0.140375699266	0.12781611197	0.118673951372	0.120654752835	0.112709779935	0.115822467948	0.0971245728217	0.116606081714	0.100433164276	0.131995385386	0.120828889227	0.0802115757167	0.164907163536	0.130123419168	0.1225920202	0.0	0.155068457369	0.14142051762	0.146470472998	0.223634661849	0.143227182691	0.116323110076	0.135695783723	0.111294921747	0.0961015215167	0.130819964737	0.089876145491	0.117019655645	0.122766156592	0.153893036721	0.120437082345	0.120154110707	0.0880694804205	0.058161555038	0.0959926862715	0.10691974489	0.135325743889	0.139417949109	0.120894190375	0.106832676694	0.0889401623822	0.109488256677	0.146535774145	0.150540911169	0.138590801245	0.121307764306	0.084064343397	0.0728107790427	0.0977775842929	0.103654687534	0.0960144533206	0.090442088766	0.144620273829	0.102022158856	0.0858274743693	0.108530506519	0.111360222895	0.149583161011	0.14165995516	0.142595938269	0.180427069502	0.141094011885	0.155220826713	0.128599725735	0.139309113863	0.132060686533	0.156156809821	0.124137480682	0.116976121547	0.149931433796	0.152304042141	0.0530680655624	0.110250103393	0.131081169326	0.106506170958	0.071918330032	0.0786878822838	0.133366709475	0.0954702770945	0.134259158486	0.103894125073	0.0922922879345	0.0862628153501	0.121285997257	0.158703554559	0.126967197057	0.0963844931543
159490532-tonguedorsum1.freeze11.snv.filtered.bam	0.0931629698962	0.122113145121	0.149321956422	0.0808210530898	0.0838466729066	0.150780348708	0.136609999782	0.126705992469	0.128686793931	0.119479332187	0.105265449163	0.0963627261052	0.128752095078	0.103001676063	0.120458849394	0.110685444374	0.101456215581	0.16072789012	0.148451274461	0.142878909906	0.155068457369	0.0	0.111795563875	0.117607365969	0.242049585338	0.163601140593	0.12690189591	0.148211836921	0.0887660259899	0.09625389086	0.121307764306	0.091465140071	0.114755882545	0.0784049106463	0.114059336976	0.122461417906	0.12394157724	0.105396051457	0.103154045406	0.0871987984589	0.0968416011841	0.1441631658	0.112078535513	0.137720119283	0.110424239786	0.0974510785573	0.103589386387	0.151542195425	0.155873838184	0.156983957685	0.12531290133	0.102631636229	0.088287150911	0.09148690712	0.109009381598	0.102022158856	0.0910515661392	0.134367993731	0.081452297512	0.0843690820835	0.122483184955	0.116279575978	0.149278422324	0.141464051719	0.129579242942	0.174484665114	0.13234365817	0.161054395856	0.121873707581	0.130384623757	0.124246315927	0.15051914412	0.118848087765	0.112339740101	0.132169521778	0.134346226682	0.107420387018	0.113384558455	0.143379552034	0.0943166234954	0.114233473368	0.0977340501948	0.155307894909	0.0964497943014	0.158529418167	0.119326962844	0.0977558172439	0.0849132583096	0.10759452341	0.154676650486	0.132474260465	0.104133562613
159510762-supragingivalplaque3.freeze11.snv.filtered.bam	0.0917916458066	0.11236150715	0.140571602708	0.0831501273372	0.0860886789578	0.148777780196	0.13530397684	0.125944145752	0.127010731155	0.120262945952	0.0995624823143	0.0957967828302	0.124268082976	0.100019590344	0.117650900067	0.106419102762	0.0969722034784	0.148886615442	0.134977471104	0.126727759518	0.14142051762	0.111795563875	0.0	0.00128425589343	0.227596264774	0.152674081975	0.119109292353	0.139526784354	0.0971028057726	0.0889619294312	0.112753314033	0.0873511678022	0.118978690059	0.0787531834309	0.115191223526	0.123223264622	0.120785355129	0.102283363444	0.098887703794	0.0847608889663	0.0946213621819	0.131930084238	0.108073398489	0.134433294878	0.106527938007	0.0937506802203	0.0917481117085	0.137263011254	0.140919875492	0.149735530354	0.123767440848	0.096798067086	0.0868505256742	0.0849350253586	0.102435732788	0.0982782264208	0.0853703663394	0.124376918221	0.078274308352	0.0784049106463	0.112862149278	0.107725125705	0.138264295509	0.129775146383	0.120350014149	0.16640908992	0.125878844605	0.150562678218	0.11168672863	0.12030648005	0.11871748547	0.141464051719	0.112731546984	0.105396051457	0.125291134281	0.1271195664	0.0970157375765	0.113014518622	0.134411527829	0.0886571907447	0.104895409329	0.0926840948173	0.142051762043	0.0912257025315	0.146905813979	0.111969700268	0.0920963844932	0.0806033825994	0.109553557824	0.154393678849	0.122026076925	0.0990400731373
159510762-tonguedorsum2.freeze11.snv.filtered.bam	0.10465597179	0.121046559718	0.150671513463	0.0992795106767	0.0999978232951	0.158289980627	0.145665092183	0.136827670273	0.137284778303	0.131320606865	0.11260094469	0.107725125705	0.136305261096	0.11305805272	0.127010731155	0.116845519253	0.110054199952	0.154219542457	0.141529352866	0.132387192268	0.146470472998	0.117607365969	0.00128425589343	0.0	0.23201497573	0.157702270303	0.129078600814	0.150345007727	0.110533075031	0.103763522779	0.126510089027	0.103589386387	0.129644544089	0.0887660259899	0.120023508413	0.136022289458	0.129731612285	0.114233473368	0.111055484208	0.101173243943	0.10874817701	0.137263011254	0.113471626652	0.139526784354	0.119501099236	0.107355085871	0.105635488997	0.147254086763	0.150410308874	0.15574323589	0.134868635859	0.111752029777	0.1032846477	0.100977340502	0.114211706319	0.11055484208	0.100933806404	0.131494743258	0.0954049759474	0.0968416011841	0.12213491217	0.119479332187	0.150105570188	0.141224614179	0.13258309571	0.172699767093	0.135935221262	0.155525565399	0.122679088396	0.128403822294	0.130145186217	0.150410308874	0.124746958055	0.11599660434	0.132060686533	0.13438976078	0.10964062602	0.123680372652	0.143444853181	0.106549705056	0.117215559087	0.107442154067	0.147885331186	0.106266733419	0.152674081975	0.122635554298	0.10578785834	0.0979081865871	0.121373065454	0.161076162905	0.131799481944	0.112209137807
