	158337416-tonguedorsum1.freeze11.snv.filtered.bam	158337416-tonguedorsum2.freeze11.snv.filtered.bam	158458797-tonguedorsum1.freeze11.snv.filtered.bam	158479027-tonguedorsum1.freeze11.snv.filtered.bam	158479027-tonguedorsum2.freeze11.snv.filtered.bam	158499257-tonguedorsum1.freeze11.snv.filtered.bam	158499257-tonguedorsum2.freeze11.snv.filtered.bam	158802708-tonguedorsum1.freeze11.snv.filtered.bam	158802708-tonguedorsum2.freeze11.snv.filtered.bam	158802708-tonguedorsum3.freeze11.snv.filtered.bam	158883629-tonguedorsum2.freeze11.snv.filtered.bam	158944319-tonguedorsum1.freeze11.snv.filtered.bam	158944319-tonguedorsum2.freeze11.snv.filtered.bam	158944319-tonguedorsum3.freeze11.snv.filtered.bam	159207311-tonguedorsum1.freeze11.snv.filtered.bam	159207311-tonguedorsum3.freeze11.snv.filtered.bam	159227541-tonguedorsum2.freeze11.snv.filtered.bam	159268001-tonguedorsum1.freeze11.snv.filtered.bam	159268001-tonguedorsum2.freeze11.snv.filtered.bam	159268001-tonguedorsum3.freeze11.snv.filtered.bam	159369152-tonguedorsum1.freeze11.snv.filtered.bam	159490532-tonguedorsum1.freeze11.snv.filtered.bam	159510762-supragingivalplaque3.freeze11.snv.filtered.bam	159510762-tonguedorsum2.freeze11.snv.filtered.bam	159571453-tonguedorsum2.freeze11.snv.filtered.bam	159591683-tonguedorsum2.freeze11.snv.filtered.bam	159753524-tonguedorsum1.freeze11.snv.filtered.bam	159753524-tonguedorsum3.freeze11.snv.filtered.bam	159814214-tonguedorsum2.freeze11.snv.filtered.bam	160158126-tonguedorsum1.freeze11.snv.filtered.bam	160158126-tonguedorsum2.freeze11.snv.filtered.bam	160178356-tonguedorsum1.freeze11.snv.filtered.bam	160178356-tonguedorsum3.freeze11.snv.filtered.bam	160319967-tonguedorsum1.freeze11.snv.filtered.bam	160319967-tonguedorsum3.freeze11.snv.filtered.bam	160380657-tonguedorsum1.freeze11.snv.filtered.bam	160380657-tonguedorsum3.freeze11.snv.filtered.bam	160421117-tonguedorsum2.freeze11.snv.filtered.bam	160421117-tonguedorsum3.freeze11.snv.filtered.bam	160502038-tonguedorsum1.freeze11.snv.filtered.bam	160502038-tonguedorsum2.freeze11.snv.filtered.bam	160582958-tonguedorsum3.freeze11.snv.filtered.bam	370425937-tonguedorsum1.freeze11.snv.filtered.bam	508703490-tonguedorsum2.freeze11.snv.filtered.bam	604812005-tonguedorsum1.freeze11.snv.filtered.bam	604812005-tonguedorsum3.freeze11.snv.filtered.bam	663835652-tonguedorsum2.freeze11.snv.filtered.bam	675950834-tonguedorsum2.freeze11.snv.filtered.bam	675950834-tonguedorsum3.freeze11.snv.filtered.bam	686765762-tonguedorsum1.freeze11.snv.filtered.bam	686765762-tonguedorsum2.freeze11.snv.filtered.bam	763435843-tonguedorsum1.freeze11.snv.filtered.bam	763435843-tonguedorsum2.freeze11.snv.filtered.bam	763496533-palatinetonsils2.freeze11.snv.filtered.bam	763577454-tonguedorsum1.freeze11.snv.filtered.bam	763820215-tonguedorsum1.freeze11.snv.filtered.bam	763820215-tonguedorsum2.freeze11.snv.filtered.bam	763840445-tonguedorsum1.freeze11.snv.filtered.bam	763840445-tonguedorsum2.freeze11.snv.filtered.bam	763860675-tonguedorsum1.freeze11.snv.filtered.bam	763901136-tonguedorsum2.freeze11.snv.filtered.bam	763901136-tonguedorsum3.freeze11.snv.filtered.bam	763961826-tonguedorsum1.freeze11.snv.filtered.bam	763961826-tonguedorsum2.freeze11.snv.filtered.bam	764042746-tonguedorsum1.freeze11.snv.filtered.bam	764083206-tonguedorsum1.freeze11.snv.filtered.bam	764083206-tonguedorsum2.freeze11.snv.filtered.bam	764143897-tonguedorsum2.freeze11.snv.filtered.bam	764224817-tonguedorsum1.freeze11.snv.filtered.bam	764224817-tonguedorsum2.freeze11.snv.filtered.bam	764285508-tonguedorsum1.freeze11.snv.filtered.bam	764285508-tonguedorsum2.freeze11.snv.filtered.bam	764325968-tonguedorsum1.freeze11.snv.filtered.bam	764447348-tonguedorsum1.freeze11.snv.filtered.bam	764487809-tonguedorsum1.freeze11.snv.filtered.bam	764487809-tonguedorsum2.freeze11.snv.filtered.bam	764508039-tonguedorsum1.freeze11.snv.filtered.bam	764508039-tonguedorsum3.freeze11.snv.filtered.bam	764649650-tonguedorsum1.freeze11.snv.filtered.bam	764811490-tonguedorsum1.freeze11.snv.filtered.bam	765013792-tonguedorsum2.freeze11.snv.filtered.bam	765013792-tonguedorsum3.freeze11.snv.filtered.bam	765135172-tonguedorsum2.freeze11.snv.filtered.bam	765337473-tonguedorsum1.freeze11.snv.filtered.bam	765337473-tonguedorsum2.freeze11.snv.filtered.bam	765337473-tonguedorsum3.freeze11.snv.filtered.bam	765701615-tonguedorsum1.freeze11.snv.filtered.bam	765701615-tonguedorsum2.freeze11.snv.filtered.bam	809635352-tonguedorsum1.freeze11.snv.filtered.bam	809635352-tonguedorsum2.freeze11.snv.filtered.bam	823052294-tonguedorsum1.freeze11.snv.filtered.bam	861967750-tonguedorsum1.freeze11.snv.filtered.bam
158337416-tonguedorsum1.freeze11.snv.filtered.bam	0.0	0.124465836586	0.173068268154	0.129096029058	0.133162641364	0.16876496839	0.162921813617	0.162951171194	0.16392909278	0.163328688237	0.15315293057	0.144029860051	0.150364228799	0.145198345198	0.164043120674	0.163190802349	0.15572714254	0.197754852782	0.176579032497	0.173941621043	0.18250248447	0.160960069477	0.162747347026	0.17565522108	0.234499460642	0.190399331614	0.16859342988	0.167152895872	0.156448400762	0.165609217343	0.169305214879	0.142156143656	0.152481705779	0.154745868517	0.17680201107	0.150244369388	0.155196984123	0.151875888138	0.158392036506	0.141551727208	0.15068687905	0.18104837298	0.163938161994	0.17254443003	0.151788386414	0.14741818497	0.151325648759	0.169653943506	0.172304899885	0.175860673304	0.156998392707	0.144909454305	0.145635123784	0.132295494034	0.155515437745	0.151076023983	0.143909629153	0.161408567935	0.13836230032	0.133194529487	0.159568116509	0.163645271591	0.177458977653	0.1762036053	0.158083608354	0.200816364127	0.181369897114	0.185843038311	0.150207943384	0.162850905143	0.158070856611	0.182057183684	0.160408144154	0.143844131713	0.166576939177	0.169335405365	0.15424736281	0.157115904141	0.159651659108	0.154720698393	0.151814844888	0.144542816579	0.175523667343	0.142252374043	0.171042132118	0.151398741625	0.146365909092	0.141169557778	0.144829211012	0.175406318007	0.162078455339	0.150278185824
158337416-tonguedorsum2.freeze11.snv.filtered.bam	0.124465836586	0.0	0.168127568488	0.153262864951	0.145475431884	0.164093675731	0.159179873695	0.15817815696	0.158672079346	0.15792533766	0.142717996934	0.14662407316	0.150378962804	0.145499769591	0.149115287487	0.148793981328	0.148042793495	0.181404498052	0.155370362923	0.15172378432	0.166357357429	0.135791242185	0.126456050222	0.136770632863	0.275522320186	0.176028553026	0.171037868812	0.165789458543	0.143107303068	0.159158674682	0.161498857534	0.138539985662	0.143592123233	0.133966080681	0.143587508993	0.182467056692	0.150953609944	0.154342073864	0.158902447815	0.140285536965	0.142645115857	0.160335859748	0.133021667224	0.154885682711	0.146938280229	0.146049502748	0.144948620791	0.164983075214	0.165459236456	0.15890719748	0.152309572625	0.143964651555	0.143274659084	0.157497277372	0.146895473498	0.145879715826	0.144996141316	0.14405715612	0.13230519129	0.136510036233	0.14906879008	0.152134187711	0.176587123818	0.175092975149	0.140852841756	0.190230413614	0.176284058424	0.216539820933	0.154831596687	0.148975325667	0.162871157847	0.165564714593	0.1505507888	0.136181654916	0.141833777097	0.145511879674	0.149534956171	0.147543300127	0.149603236414	0.144856717108	0.154177408923	0.148276332701	0.16014664608	0.14298892491	0.162974379292	0.146915700842	0.140411008643	0.143051579455	0.16429302075	0.201430660365	0.147843729755	0.146782681832
158458797-tonguedorsum1.freeze11.snv.filtered.bam	0.173068268154	0.168127568488	0.0	0.165297849099	0.160876741436	0.145414839971	0.140000449487	0.146437304867	0.147003329675	0.147313198361	0.129962889083	0.145221921377	0.144553610107	0.143627937883	0.155685446732	0.15627671225	0.106755928667	0.175963681682	0.162901473848	0.159477628134	0.162414663585	0.168219821009	0.164342763834	0.174674549215	0.272469531231	0.148798309053	0.151834468889	0.149648653162	0.150255665541	0.15071788446	0.15479186329	0.131485845235	0.142107053615	0.164611792031	0.174023538222	0.168733435984	0.139157203099	0.137100868196	0.140379798117	0.140928113585	0.141781060199	0.156532168789	0.161203720543	0.149130047271	0.128762321661	0.124692466248	0.150118183135	0.166942957668	0.16838018115	0.150368433459	0.138618100538	0.135998160971	0.141776196103	0.160159811675	0.143199471088	0.136915516495	0.140736018152	0.153620753706	0.138532663198	0.126711069391	0.136130558973	0.151389405895	0.179840429155	0.177485054064	0.153965333638	0.176337620529	0.163209402761	0.21968869978	0.163060802635	0.158595344504	0.166046939233	0.170075015704	0.15581024641	0.144813883569	0.160483147024	0.162836507274	0.137923613652	0.138231508717	0.137439378951	0.148459792956	0.150143272718	0.140319527474	0.154911832404	0.132734424189	0.155361414536	0.141434570281	0.133065650449	0.130586568938	0.176562443512	0.209064563377	0.138078856547	0.135931656535
158479027-tonguedorsum1.freeze11.snv.filtered.bam	0.129096029058	0.153262864951	0.165297849099	0.0	0.060506722966	0.167343401003	0.160659050806	0.156078256346	0.157493325971	0.155069047903	0.140956225857	0.126374253795	0.138942840156	0.127797824529	0.152627985161	0.152733831706	0.139957310797	0.187449939366	0.170174995581	0.167633603322	0.17266203413	0.15181412538	0.157868393972	0.171409572487	0.243809375074	0.181114362881	0.165412534542	0.162468992173	0.143088143765	0.144604043634	0.151814201073	0.136762136844	0.144616311966	0.147022687384	0.167508467975	0.14774461717	0.147273030309	0.140627634126	0.142950829731	0.13232898616	0.141549230185	0.172022510482	0.156410922653	0.166976555014	0.14220497432	0.137669623952	0.142970033689	0.167561996463	0.169955572061	0.165721331455	0.145949181181	0.133229784109	0.128376735216	0.133048555895	0.144771146456	0.137799326116	0.133021344945	0.147675456342	0.124490763859	0.124824426721	0.149186360972	0.151088806517	0.176990332095	0.175103712779	0.146838959168	0.192477904996	0.173677168141	0.190267518282	0.139647820855	0.150577017107	0.156612243103	0.175164088738	0.152491535738	0.13823169942	0.150354971411	0.152589935414	0.141436909974	0.146446652182	0.15716272147	0.142272657524	0.140744048203	0.133639336566	0.176979030412	0.129895733729	0.163866568947	0.139944312212	0.13358349645	0.126952444566	0.0731684066996	0.118753438083	0.151526008413	0.140250522918
158479027-tonguedorsum2.freeze11.snv.filtered.bam	0.133162641364	0.145475431884	0.160876741436	0.060506722966	0.0	0.162385888327	0.154364009014	0.151952579582	0.152996616717	0.14987973289	0.135014842248	0.108202694981	0.128011364638	0.112720054009	0.144068682479	0.144753078353	0.134717426208	0.183187359865	0.159767375698	0.15710549758	0.166009039683	0.143909398099	0.150060104048	0.162529584275	0.256309251259	0.169060141236	0.163813207502	0.160219216674	0.139074590926	0.140713542911	0.149152944651	0.13284479414	0.140493747357	0.142192203816	0.159596416112	0.160924030473	0.142983270238	0.133510573898	0.133646134674	0.126596165325	0.136311257222	0.162735563539	0.148579373293	0.156259795388	0.136129827861	0.132382870967	0.138807896084	0.163641699991	0.165838629138	0.161296245882	0.14039436659	0.127467533457	0.12258793405	0.138567404085	0.140529097816	0.134287484332	0.131911867772	0.14062180927	0.120045788444	0.123351516021	0.14022706885	0.143367250484	0.174298856764	0.172300214206	0.143555567648	0.189486233482	0.171521699996	0.203688115922	0.138951409869	0.143675308709	0.154141262035	0.169435387422	0.14804245386	0.127955995653	0.14267554176	0.145658799869	0.13727491043	0.142759312011	0.149985558422	0.138861862199	0.138606745707	0.13164015193	0.168066721468	0.125595288752	0.15280059701	0.131798345339	0.129028489389	0.12413911827	0.107865899573	0.151769916613	0.142690255685	0.136262265261
158499257-tonguedorsum1.freeze11.snv.filtered.bam	0.16876496839	0.164093675731	0.145414839971	0.167343401003	0.162385888327	0.0	0.0362056420271	0.121599024375	0.121182892436	0.124490805815	0.148439263922	0.141920601371	0.14059921768	0.142708495912	0.152732659842	0.156995376914	0.131773989046	0.196081951793	0.170211815901	0.167550863148	0.159042053532	0.164493097617	0.166547145176	0.176490163721	0.276385640607	0.132902053697	0.139781374577	0.144234918005	0.145394969869	0.170381354087	0.173971511573	0.120874695281	0.13474416998	0.161646482168	0.173037673167	0.169135108357	0.134624194148	0.122021453557	0.135700577022	0.131238178282	0.142404502886	0.152235434459	0.156983479769	0.152170833615	0.128920849925	0.127580980722	0.158384675891	0.178495437971	0.179552743073	0.137899819363	0.123473891437	0.13382760616	0.139266509001	0.164571141557	0.140942374753	0.130784195508	0.141699614877	0.158662587636	0.145999694376	0.130712799138	0.122121237507	0.148750018833	0.190007639819	0.188294361483	0.152632112989	0.204137879318	0.186620475794	0.223376581735	0.164973784085	0.159877708246	0.175674649568	0.184461484197	0.160691247437	0.134971723627	0.158217047684	0.160632463482	0.141381804955	0.113545365536	0.115107763557	0.150426573181	0.149989285617	0.136458965964	0.143223118208	0.120771386054	0.151386677851	0.141760911624	0.135558714997	0.143173411966	0.179887436303	0.209265601689	0.119729813718	0.117814639948
158499257-tonguedorsum2.freeze11.snv.filtered.bam	0.162921813617	0.159179873695	0.140000449487	0.160659050806	0.154364009014	0.0362056420271	0.0	0.119286412101	0.119154013253	0.121730607487	0.138546098834	0.134132375485	0.132665087955	0.134946977548	0.148422921642	0.152597787824	0.122743946153	0.192976427174	0.164054996088	0.161261536889	0.153768818234	0.161142353558	0.160730635936	0.171599175557	0.27443707656	0.116464682466	0.132640696029	0.136092192388	0.140667280831	0.163839809653	0.168612948515	0.112881094656	0.130289986471	0.155847258728	0.168662091544	0.163077017833	0.132296408637	0.115477625395	0.127120808915	0.125139463877	0.13595901197	0.147338333824	0.151423722691	0.146494784517	0.118886638997	0.116794611737	0.149723563708	0.171728661616	0.172744158397	0.136245022139	0.116245561025	0.124582006314	0.130654766118	0.158904972831	0.136319248319	0.125390761889	0.135865868662	0.15142754011	0.136769951924	0.121608868408	0.105507585064	0.13592904003	0.182515986948	0.180695776521	0.145223299096	0.20062729483	0.182245885745	0.219599434614	0.158127639947	0.153930427253	0.168860572186	0.17777872436	0.153160771925	0.12721150977	0.153448092983	0.156545291178	0.134723288043	0.111904586271	0.108998202635	0.143271316754	0.144347332018	0.128569422751	0.136110054624	0.113312681651	0.145579577942	0.134549702959	0.129831209861	0.136001607894	0.174917909836	0.208068445875	0.113745165921	0.112968064308
158802708-tonguedorsum1.freeze11.snv.filtered.bam	0.162951171194	0.15817815696	0.146437304867	0.156078256346	0.151952579582	0.121599024375	0.119286412101	0.0	0.0253338378793	0.026611020542	0.140232123112	0.133274157466	0.135043272647	0.131972245006	0.13447492239	0.137049079314	0.122118536715	0.189294339996	0.164097265025	0.161404088029	0.152661913234	0.1570589829	0.160605126908	0.170389286689	0.269914929084	0.150251527835	0.144206057512	0.144851046568	0.12132663478	0.159932681039	0.165321848341	0.112477338667	0.116680873309	0.157801490522	0.168168279966	0.167382265237	0.116341775824	0.117116768002	0.129649958229	0.132188358608	0.139790838744	0.142834173573	0.149404798309	0.135730366175	0.120466918207	0.121124213452	0.144517750819	0.166981066029	0.168058976666	0.112706570327	0.114071625753	0.130238307525	0.132471461968	0.148164586973	0.117052223332	0.109136755162	0.12190245069	0.153324237467	0.135382926887	0.121859845671	0.125431248824	0.138781861536	0.176550264139	0.174212882408	0.145733240493	0.195267251369	0.177088814378	0.224160615408	0.161866056901	0.15931285864	0.161920929073	0.173072417057	0.151742766372	0.130931321986	0.149269850914	0.152811923721	0.130927782475	0.100214016552	0.128190198648	0.13448364455	0.125691336211	0.118221737479	0.139364632082	0.113485245013	0.152284886254	0.136062268961	0.112741277934	0.127615474117	0.167955130413	0.201749271242	0.114347386324	0.105697180292
158802708-tonguedorsum2.freeze11.snv.filtered.bam	0.16392909278	0.158672079346	0.147003329675	0.157493325971	0.152996616717	0.121182892436	0.119154013253	0.0253338378793	0.0	0.0260358522077	0.141062961397	0.13467561034	0.136554059664	0.133652080054	0.135835251289	0.138276833236	0.123594901019	0.191135213457	0.165289451115	0.162685534971	0.154042539584	0.158348135381	0.160888711539	0.170626245187	0.270735527848	0.151010738348	0.145320233376	0.145865463467	0.122960903386	0.161030330096	0.166301124906	0.114079011321	0.118986501782	0.157997894954	0.167790255936	0.168403225225	0.118776830375	0.117845988614	0.130662986956	0.132359221355	0.140145733128	0.142654577673	0.150052355491	0.137465863912	0.121933326454	0.122889915158	0.145792827446	0.168544556579	0.169553840829	0.114745874598	0.115325642233	0.131902504155	0.13362056715	0.149594328169	0.118504684702	0.111203393174	0.123590225761	0.153812794744	0.136463887556	0.123439540399	0.125900018137	0.1402101176	0.178518852535	0.176378038059	0.14695242513	0.196829343476	0.17806151078	0.224722137555	0.16258691439	0.160182169794	0.163214124202	0.173724200885	0.152976727551	0.132004440069	0.149702773907	0.153149663113	0.132812140159	0.102650759009	0.128595091763	0.135561224439	0.128267725511	0.12046004691	0.140257051867	0.114134783567	0.153278127368	0.137298648523	0.114700498578	0.129523842134	0.170071129104	0.2029902389	0.115521051728	0.107027605164
158802708-tonguedorsum3.freeze11.snv.filtered.bam	0.163328688237	0.15792533766	0.147313198361	0.155069047903	0.14987973289	0.124490805815	0.121730607487	0.026611020542	0.0260358522077	0.0	0.139317646001	0.13142724022	0.134130580711	0.129988793977	0.131577009686	0.134123099283	0.119854946127	0.19078137819	0.163476479744	0.160458012894	0.153796655821	0.157814720534	0.160755918076	0.170462430609	0.271402729092	0.150772361794	0.144316284339	0.145475231677	0.116369383106	0.158632193501	0.1644216431	0.111944672302	0.114819215362	0.156970411534	0.167173714644	0.166805977861	0.113162085116	0.11631147483	0.128393542548	0.132182992516	0.139263819843	0.140506467576	0.148696619988	0.135070247779	0.119339784871	0.119817558298	0.14276802515	0.166591785292	0.167876274671	0.109181338669	0.113815107692	0.129733654076	0.130805472483	0.147301116501	0.112864879867	0.104725720699	0.118417163332	0.153190446502	0.133879096329	0.121331863787	0.123284882855	0.13668712343	0.175564226898	0.17317505553	0.145400579554	0.19588009673	0.177483379156	0.22487689331	0.16105496949	0.158582632339	0.16133098966	0.172820036714	0.150998567796	0.131220839167	0.149559170115	0.153299545451	0.129753612326	0.0947244348289	0.128788570601	0.131897497165	0.122659103075	0.11489404231	0.142146122213	0.113077053415	0.152172353851	0.13518065328	0.109080890887	0.126918516987	0.167128759274	0.20264063526	0.113409630018	0.102527242058
158883629-tonguedorsum2.freeze11.snv.filtered.bam	0.15315293057	0.142717996934	0.129962889083	0.140956225857	0.135014842248	0.148439263922	0.138546098834	0.140232123112	0.141062961397	0.139317646001	0.0	0.123435722367	0.126844542458	0.122782337202	0.139289520022	0.138809151619	0.111367539392	0.179644336321	0.145117847487	0.142833004141	0.149862693647	0.14432812484	0.137504787134	0.149995353867	0.268984340707	0.153371234029	0.151467090928	0.145625314255	0.132687136299	0.12819425946	0.137705465248	0.115494135061	0.12293125165	0.138785790099	0.149293263516	0.164839960801	0.132364331603	0.127026851034	0.129152435195	0.119499823839	0.122867442273	0.147985872395	0.13626516364	0.14195641453	0.121670520321	0.116385087559	0.129931461319	0.155573989796	0.15648592771	0.146671512736	0.129306106506	0.114740511002	0.116538320883	0.147124475863	0.12898203678	0.12151772379	0.124243492704	0.0695034296756	0.0909074218746	0.110217525799	0.125220406187	0.133026879283	0.167113010339	0.164839524752	0.133890062885	0.187311916691	0.170633417992	0.217278971914	0.0951469495826	0.0827513385551	0.156844604972	0.157548623432	0.137251354274	0.123947759959	0.131615109438	0.134569328916	0.124360775306	0.128475825026	0.136011277138	0.12955285295	0.134102164423	0.124226531176	0.152866453191	0.114708893856	0.139432802727	0.117339983838	0.116621274957	0.115076226432	0.154797281381	0.194288656945	0.130952383322	0.122418587636
158944319-tonguedorsum1.freeze11.snv.filtered.bam	0.144029860051	0.14662407316	0.145221921377	0.126374253795	0.108202694981	0.141920601371	0.134132375485	0.133274157466	0.13467561034	0.13142724022	0.123435722367	0.0	0.0483731166952	0.038539472635	0.132192342007	0.131330282552	0.11598373038	0.178519970453	0.146130224985	0.142826736003	0.150463252415	0.15039845282	0.149193239529	0.160269115203	0.267815495663	0.150317230517	0.144731274596	0.143274276969	0.131506579765	0.142115178479	0.150156728702	0.114404459822	0.12106322173	0.149416505293	0.161310275151	0.163561428074	0.126584204241	0.12123665508	0.122852795328	0.116537444569	0.12723265859	0.143079711337	0.146326010144	0.120910244303	0.11155412155	0.107764927558	0.131468089251	0.153309010778	0.154891782782	0.13387956826	0.121984896303	0.10180420156	0.110935532221	0.143356750177	0.120482785698	0.10080371334	0.114121954703	0.13830929876	0.118743968477	0.104271845499	0.119180895291	0.127706980755	0.166401977736	0.164356105457	0.141717945261	0.188336694191	0.170176049703	0.220921636828	0.150043331382	0.145866076894	0.154166470981	0.16236634172	0.139485837219	0.122841011428	0.141870282469	0.14551889515	0.109541484439	0.112474813075	0.133671604678	0.129590398714	0.127183494703	0.1167838874	0.146171736549	0.108601578599	0.122305675344	0.10279250427	0.104797899262	0.115255977459	0.158948624894	0.200958705893	0.125044904393	0.104903234966
158944319-tonguedorsum2.freeze11.snv.filtered.bam	0.150364228799	0.150378962804	0.144553610107	0.138942840156	0.128011364638	0.14059921768	0.132665087955	0.135043272647	0.136554059664	0.134130580711	0.126844542458	0.0483731166952	0.0	0.0477499629486	0.133305646344	0.133578637101	0.117921532429	0.178941129005	0.144013145921	0.140868070099	0.14644687474	0.15388663127	0.152382000079	0.163860548338	0.266449242137	0.151524834466	0.145448223871	0.142060006522	0.13460717482	0.146124833872	0.152647341594	0.113411438881	0.120160507205	0.153626295054	0.164417317745	0.16078666883	0.123753350487	0.122539503227	0.127231409254	0.1199210249	0.129199206159	0.140078792298	0.146983655884	0.113642861367	0.111608527802	0.107096854718	0.133237416242	0.151862390912	0.153125961462	0.127804751803	0.123433965654	0.097667261948	0.112104217559	0.144259378865	0.120055650206	0.0971814147647	0.113026845314	0.140480385222	0.122188025464	0.102795485859	0.118594652367	0.127706256347	0.166495492213	0.164686926869	0.142039060909	0.189784019387	0.172429298127	0.21869054387	0.152304651935	0.148757547531	0.1544050785	0.163306545038	0.139798491754	0.122575759778	0.144099256891	0.147529531492	0.106030246702	0.108790615178	0.130556373071	0.13169965576	0.12643290636	0.116052312224	0.142602508707	0.110603720834	0.112685767051	0.0957592162376	0.102964443219	0.116161466487	0.1611364124	0.19899776312	0.122628693555	0.100649996938
158944319-tonguedorsum3.freeze11.snv.filtered.bam	0.145198345198	0.145499769591	0.143627937883	0.127797824529	0.112720054009	0.142708495912	0.134946977548	0.131972245006	0.133652080054	0.129988793977	0.122782337202	0.038539472635	0.0477499629486	0.0	0.129191254416	0.127936071739	0.114089788657	0.176925863023	0.143898886322	0.140008260769	0.146421458295	0.150083038837	0.146974529746	0.157898924651	0.267345982785	0.150931334035	0.143456284089	0.14004392249	0.128831809426	0.138740480851	0.146092606426	0.112033887744	0.117367820084	0.147212273633	0.159425036499	0.161197942377	0.12197142666	0.120163414556	0.12209449723	0.116916035226	0.127126666135	0.139801510616	0.141482929307	0.110672894717	0.107940899693	0.104692028922	0.126653248698	0.147058130972	0.148706238574	0.12923408118	0.120179992625	0.0986661615842	0.109441148235	0.138907951216	0.115868096006	0.0982583292396	0.110181676453	0.136603341175	0.115768069799	0.100710913367	0.117498310579	0.122848884641	0.161040579615	0.158640591597	0.139219666999	0.185921129028	0.167262373588	0.217118374595	0.14881298272	0.144108319824	0.150392301999	0.159087063753	0.136639389371	0.118719601825	0.140007113137	0.143563756437	0.104129213519	0.10832876423	0.13231306495	0.126768290691	0.12210153195	0.112436423359	0.145679845692	0.108113505291	0.121152552157	0.0994853968393	0.0998341138298	0.110747226664	0.154667596355	0.196659177361	0.121998829175	0.102060475965
159207311-tonguedorsum1.freeze11.snv.filtered.bam	0.164043120674	0.149115287487	0.155685446732	0.152627985161	0.144068682479	0.152732659842	0.148422921642	0.13447492239	0.135835251289	0.131577009686	0.139289520022	0.132192342007	0.133305646344	0.129191254416	0.0	0.0365845953448	0.132510247708	0.180377381773	0.152491755357	0.148414992712	0.163269116415	0.152387820716	0.148661723814	0.157496638711	0.279785921704	0.15763238912	0.15718902891	0.154286552243	0.126210116148	0.15487099631	0.160346872581	0.12776155166	0.124040963147	0.150677184495	0.159018832753	0.177756715994	0.125342666751	0.13819108509	0.143927699129	0.137298449702	0.143937459933	0.133612249356	0.139807491303	0.139937856361	0.131624707357	0.131192899825	0.136967276767	0.153734473674	0.154969522926	0.133058710252	0.133082021478	0.131670585619	0.132145520584	0.148954898419	0.116616859269	0.117885380219	0.125034839021	0.145120291104	0.12226449757	0.123994934403	0.130752396579	0.132314969978	0.167475298889	0.164943393695	0.135778987189	0.187722613352	0.173889668941	0.224795028263	0.155450023963	0.150064373443	0.153757609411	0.152535990349	0.139274727202	0.13069300038	0.143163037847	0.145869182063	0.133451369123	0.119314303796	0.141275034193	0.127570113622	0.136991513627	0.129043492968	0.157842017592	0.130324072473	0.152459687121	0.132289341824	0.112193094139	0.127295330134	0.161575151432	0.200877710843	0.117768308928	0.122976087395
159207311-tonguedorsum3.freeze11.snv.filtered.bam	0.163190802349	0.148793981328	0.15627671225	0.152733831706	0.144753078353	0.156995376914	0.152597787824	0.137049079314	0.138276833236	0.134123099283	0.138809151619	0.131330282552	0.133578637101	0.127936071739	0.0365845953448	0.0	0.134794097376	0.181681112277	0.154397248924	0.150735608935	0.165413765002	0.15499893969	0.150433176999	0.15925927282	0.280534583544	0.160222354105	0.158575401639	0.156235809305	0.130262192274	0.153366950422	0.159427327999	0.129526476425	0.130394999044	0.151603052183	0.16128418698	0.178657369219	0.132627985769	0.140424502301	0.145020022323	0.137962161846	0.14545657878	0.136510821205	0.142410460033	0.138473471235	0.133246262201	0.13171429282	0.137233629693	0.1561676536	0.157386863997	0.139450584104	0.135344002938	0.131910865981	0.132698990222	0.150689914349	0.119391154543	0.121272593539	0.127064963255	0.145493228409	0.123875241155	0.124379424344	0.133878210104	0.130689026636	0.168412728868	0.166174634371	0.137189125445	0.188689547075	0.173203551237	0.227348347221	0.156746419533	0.150512204707	0.152987951655	0.15231435105	0.137641675419	0.132544709044	0.145689443837	0.14822518027	0.134598566142	0.124843470266	0.145991882536	0.130025091135	0.139560864867	0.132610826486	0.158570301025	0.130838078145	0.153733525106	0.132884033753	0.115066013484	0.127606253203	0.162658768302	0.202402286879	0.123975350895	0.125516584021
159227541-tonguedorsum2.freeze11.snv.filtered.bam	0.15572714254	0.148042793495	0.106755928667	0.139957310797	0.134717426208	0.131773989046	0.122743946153	0.122118536715	0.123594901019	0.119854946127	0.111367539392	0.11598373038	0.117921532429	0.114089788657	0.132510247708	0.134794097376	0.0	0.179612665863	0.139950076058	0.136700895005	0.124391791595	0.145241927963	0.143119283159	0.155499841985	0.269571562976	0.132557403707	0.143679845494	0.140556145388	0.116495710132	0.126770900024	0.139903689086	0.100953069968	0.116318306473	0.143231653837	0.157251379991	0.149136174392	0.117562225474	0.101523773025	0.0965247735329	0.118745091662	0.125812944508	0.138842053633	0.141490615872	0.13259736344	0.102112844269	0.0948245097807	0.126774885677	0.153020348335	0.154275772105	0.123921714183	0.108619549694	0.0982430947217	0.0952334056388	0.136650436892	0.111358012296	0.101248154933	0.106967633662	0.135474582487	0.110480545948	0.10111147673	0.105667634476	0.121046047492	0.165352092306	0.162637498551	0.131109762252	0.185534764913	0.167511406635	0.215898033838	0.143711628267	0.139903434202	0.150171474297	0.160942830535	0.13467346768	0.126665011309	0.13887777376	0.141807480391	0.0939104524462	0.102392372522	0.120368204386	0.11850214263	0.101269727968	0.0912170996426	0.144851855855	0.107139145694	0.138472007322	0.115667626964	0.0972159145332	0.108538533751	0.156709726751	0.198240784575	0.110244617461	0.101501629753
159268001-tonguedorsum1.freeze11.snv.filtered.bam	0.197754852782	0.181404498052	0.175963681682	0.187449939366	0.183187359865	0.196081951793	0.192976427174	0.189294339996	0.191135213457	0.19078137819	0.179644336321	0.178519970453	0.178941129005	0.176925863023	0.180377381773	0.181681112277	0.179612665863	0.0	0.162475957424	0.155979198479	0.191602235817	0.184566655338	0.174363877759	0.179651796816	0.274828039034	0.197198353045	0.199846749291	0.196799177246	0.184400553715	0.157025344358	0.150981971338	0.178852050342	0.183237262756	0.177849708597	0.182153780151	0.207312431756	0.177145292437	0.18522843419	0.188114773814	0.178370342224	0.175871869061	0.18048749071	0.170260760449	0.178866368698	0.172617695073	0.175040894775	0.168753203607	0.174868916149	0.174645175423	0.186444011545	0.182620357015	0.176247300604	0.17728212045	0.185305622889	0.178370364257	0.176444197912	0.177308861124	0.177541583798	0.172055161559	0.169737337253	0.177043887291	0.170144857108	0.188610039714	0.186538734893	0.173902655523	0.128442772886	0.115394897889	0.2313279805	0.188118740232	0.179441921071	0.177441676931	0.173268066404	0.168781269812	0.173828370398	0.173663535569	0.176462153129	0.176625260158	0.182517158053	0.182307122418	0.175492689157	0.185668481809	0.182251022028	0.190147393615	0.174407228701	0.181961288166	0.171779219995	0.17059138268	0.15147476919	0.187343978391	0.204053730681	0.177404883318	0.177487298053
159268001-tonguedorsum2.freeze11.snv.filtered.bam	0.176579032497	0.155370362923	0.162901473848	0.170174995581	0.159767375698	0.170211815901	0.164054996088	0.164097265025	0.165289451115	0.163476479744	0.145117847487	0.146130224985	0.144013145921	0.143898886322	0.152491755357	0.154397248924	0.139950076058	0.162475957424	0.0	0.010558983456	0.142521697175	0.161697371839	0.147857335267	0.152592528489	0.275373950467	0.165966146471	0.17495708366	0.17236286768	0.153694076466	0.156093936339	0.1616559033	0.146746719853	0.148972432213	0.155838310853	0.158864796658	0.186327410262	0.149509614489	0.15082534545	0.150239212399	0.148084789001	0.151799437085	0.152838885003	0.148284022475	0.133354753105	0.140457736944	0.139155833994	0.149247525599	0.160722933489	0.160439369942	0.151724147971	0.150239732001	0.132932474869	0.137263794592	0.168182829206	0.145037346835	0.13837940031	0.143203528156	0.141486645138	0.139679944791	0.142723286955	0.133596303386	0.145010905664	0.172768715587	0.1701363562	0.156039254279	0.186681501817	0.172197209781	0.230091568674	0.156022984755	0.144732641145	0.173746029656	0.168835520973	0.150606736459	0.143699626419	0.151316585861	0.155460105967	0.137682366533	0.14609684124	0.149456400747	0.15323378191	0.150957789593	0.144977006366	0.152233114789	0.142554910535	0.141052410255	0.131840724235	0.135634302462	0.142869524694	0.174458091777	0.207449570411	0.137691225474	0.139645707915
159268001-tonguedorsum3.freeze11.snv.filtered.bam	0.173941621043	0.15172378432	0.159477628134	0.167633603322	0.15710549758	0.167550863148	0.161261536889	0.161404088029	0.162685534971	0.160458012894	0.142833004141	0.142826736003	0.140868070099	0.140008260769	0.148414992712	0.150735608935	0.136700895005	0.155979198479	0.010558983456	0.0	0.137143348589	0.158313994751	0.142247770404	0.146645039431	0.272184632018	0.163069015826	0.173261145444	0.169142256371	0.150748259123	0.152516624695	0.157265115523	0.144166372883	0.145903844337	0.152446753882	0.154459981539	0.184171261765	0.145586256045	0.147222867883	0.147052964212	0.146318186298	0.14944578948	0.148111266673	0.143322647528	0.129647352286	0.136519612276	0.135841563405	0.143419676446	0.153170668503	0.153143104528	0.148516025452	0.148175340339	0.129708570184	0.134982002732	0.164217296016	0.141361585721	0.134522191212	0.139510055744	0.137450823811	0.135812961206	0.139302524451	0.13098904091	0.140684403663	0.166668019301	0.163796926191	0.15030319022	0.180599367807	0.166572557297	0.225986652151	0.153247373062	0.140903089261	0.169557011502	0.165162495895	0.145552434299	0.139596906438	0.147748289502	0.152376501154	0.133720329711	0.142450051825	0.145989115468	0.148710347448	0.147517419297	0.14176388314	0.150073683096	0.139121068605	0.136227044087	0.127790126173	0.131747092649	0.139607840973	0.169954250264	0.20341671423	0.13404270248	0.135625720295
159369152-tonguedorsum1.freeze11.snv.filtered.bam	0.18250248447	0.166357357429	0.162414663585	0.17266203413	0.166009039683	0.159042053532	0.153768818234	0.152661913234	0.154042539584	0.153796655821	0.149862693647	0.150463252415	0.14644687474	0.146421458295	0.163269116415	0.165413765002	0.124391791595	0.191602235817	0.142521697175	0.137143348589	0.0	0.166159390613	0.154690518194	0.160118063601	0.272335201292	0.156638613715	0.172304732231	0.16519706847	0.158625477752	0.152483881248	0.166441577081	0.14333047996	0.146189316164	0.162185726261	0.164539386482	0.181157351605	0.152229178257	0.133976542762	0.114395070261	0.151834297906	0.153325222818	0.152062683047	0.154472477841	0.138699330396	0.143094334602	0.138303990075	0.153081264699	0.168580567116	0.168980521604	0.15058548098	0.149073481761	0.127898747283	0.123405273275	0.169282449411	0.144897958791	0.142829561746	0.150086508249	0.154002427594	0.149082330058	0.142186121986	0.13746787687	0.148040670294	0.18271589702	0.180059365154	0.160277298612	0.200365104837	0.186380721118	0.226507931663	0.166357118583	0.159812434574	0.17596850844	0.178831622874	0.158152624656	0.14869356522	0.159390089516	0.163526346637	0.102182742045	0.1464646798	0.151089170876	0.158776023041	0.123775255789	0.131603250821	0.148841949639	0.145108705525	0.143814670766	0.13590488356	0.137347652099	0.146177237841	0.176086400462	0.205028015015	0.148350743362	0.141969844331
159490532-tonguedorsum1.freeze11.snv.filtered.bam	0.160960069477	0.135791242185	0.168219821009	0.15181412538	0.143909398099	0.164493097617	0.161142353558	0.1570589829	0.158348135381	0.157814720534	0.14432812484	0.15039845282	0.15388663127	0.150083038837	0.152387820716	0.15499893969	0.145241927963	0.184566655338	0.161697371839	0.158313994751	0.166159390613	0.0	0.125851278218	0.133943448224	0.273754756855	0.176816568892	0.177914412508	0.173875708533	0.138696230822	0.159357457206	0.162178266529	0.144849256063	0.144730072157	0.121164120104	0.128276006447	0.180412270038	0.149053276528	0.153599617724	0.159391987499	0.146106835767	0.144241690153	0.164670246907	0.12889575233	0.157222807866	0.148974198532	0.149579843654	0.149413905296	0.168224836903	0.169582264146	0.161673338474	0.153328041237	0.147855392428	0.144162370864	0.158541054663	0.152027109431	0.146527938374	0.149587460458	0.14315880143	0.131004868008	0.140337953995	0.151444020685	0.155884565946	0.180203516889	0.178036642357	0.147706308019	0.189499169674	0.175588522613	0.220588892365	0.153190510531	0.149381038854	0.159204107326	0.17119143172	0.154633779947	0.145717454994	0.141558431045	0.14561285957	0.152166805182	0.149390730915	0.157838256037	0.151245400884	0.15351195967	0.146103663863	0.170984706375	0.147706714423	0.16437537456	0.150222321646	0.144333933021	0.14649990591	0.160861064643	0.193131366045	0.14913812191	0.147368197187
159510762-supragingivalplaque3.freeze11.snv.filtered.bam	0.162747347026	0.126456050222	0.164342763834	0.157868393972	0.150060104048	0.166547145176	0.160730635936	0.160605126908	0.160888711539	0.160755918076	0.137504787134	0.149193239529	0.152382000079	0.146974529746	0.148661723814	0.150433176999	0.143119283159	0.174363877759	0.147857335267	0.142247770404	0.154690518194	0.125851278218	0.0	0.0203069438392	0.273632375425	0.16729519473	0.172206498309	0.166384268308	0.141166317981	0.150871805326	0.15366735538	0.140049491456	0.143065983434	0.117509057617	0.124065725825	0.184790141453	0.151720190148	0.15185525652	0.155231501004	0.141481360524	0.139385751994	0.153060746841	0.121268227071	0.153925020238	0.143838761695	0.145161829275	0.137973991708	0.157562269707	0.157934260367	0.159514845678	0.153400528996	0.142262072252	0.142070026614	0.1565434896	0.146137105302	0.144939803898	0.14666032308	0.134510873506	0.129111753364	0.135335985204	0.142411153774	0.146903321249	0.171711203234	0.168922744797	0.141218373165	0.183865715056	0.169710406167	0.216834911579	0.149987359952	0.140281363099	0.161711756163	0.161909172531	0.14815934913	0.137595391055	0.133312276457	0.138085507906	0.144272382094	0.15081553069	0.148932405393	0.144553295616	0.153087198831	0.146036518362	0.158002213963	0.141466913978	0.153209759974	0.14171741306	0.140131081115	0.142997671851	0.163705650189	0.197266900393	0.144365923694	0.145108337015
159510762-tonguedorsum2.freeze11.snv.filtered.bam	0.17565522108	0.136770632863	0.174674549215	0.171409572487	0.162529584275	0.176490163721	0.171599175557	0.170389286689	0.170626245187	0.170462430609	0.149995353867	0.160269115203	0.163860548338	0.157898924651	0.157496638711	0.15925927282	0.155499841985	0.179651796816	0.152592528489	0.146645039431	0.160118063601	0.133943448224	0.0203069438392	0.0	0.278490309229	0.172053497691	0.182172999646	0.177177839022	0.153077500421	0.162801932701	0.16565248396	0.153389560382	0.154290392262	0.125453115328	0.127896373169	0.196686372293	0.162400240214	0.163553040585	0.166232501911	0.154301368507	0.150666283992	0.15904291166	0.126575094098	0.159825147737	0.15638239379	0.158546356864	0.150442819134	0.167417411015	0.167587753245	0.167502319524	0.164446742432	0.154984361907	0.154967433192	0.170240884758	0.157313706691	0.157161572005	0.160145680434	0.14384900697	0.143346299031	0.150517592539	0.151692214228	0.15662801277	0.180214463956	0.177572277808	0.153459633956	0.190740486925	0.178606405278	0.223762836301	0.159649689144	0.148543520017	0.172674386966	0.171202845573	0.159761109753	0.148277878061	0.142453710436	0.147174584034	0.155222474608	0.161392296638	0.159607706298	0.15798368532	0.164046032218	0.15834463195	0.163996700342	0.15507193395	0.16065798556	0.153360286985	0.15303634651	0.157608405469	0.174251874402	0.205726441915	0.153663711653	0.156950520959
159571453-tonguedorsum2.freeze11.snv.filtered.bam	0.234499460642	0.275522320186	0.272469531231	0.243809375074	0.256309251259	0.276385640607	0.27443707656	0.269914929084	0.270735527848	0.271402729092	0.268984340707	0.267815495663	0.266449242137	0.267345982785	0.279785921704	0.280534583544	0.269571562976	0.274828039034	0.275373950467	0.272184632018	0.272335201292	0.273754756855	0.273632375425	0.278490309229	0.0	0.285541836887	0.270848807304	0.266585230369	0.273239439698	0.277444356617	0.276473164364	0.264535056715	0.260698747947	0.269394915167	0.282570584435	0.218938077563	0.257825338527	0.269197027629	0.271843805244	0.268136525501	0.268171450474	0.272246911234	0.275985733002	0.268627942727	0.262983798635	0.264555338117	0.263274251478	0.261574737523	0.263021346072	0.272369246214	0.26752977861	0.263456064971	0.265496295627	0.241837926292	0.265893508672	0.265731689263	0.264213177292	0.266371634749	0.264247801159	0.259783393597	0.273490169937	0.272901788262	0.267432528966	0.266238726186	0.264563541433	0.277270951797	0.2657893239	0.17352415443	0.251410606368	0.266366589912	0.258461929729	0.278844663355	0.270968697884	0.268686781046	0.274625846824	0.276425047414	0.264936453353	0.269808971595	0.265509622904	0.269277430066	0.256957662613	0.259113699826	0.268720665629	0.264870032023	0.26625262214	0.264191875195	0.266757150391	0.263994936948	0.237066109656	0.206105064954	0.273821814442	0.265978648318
