	158337416-tonguedorsum1.freeze11.snv.filtered.bam	159227541-tonguedorsum3.freeze11.snv.filtered.bam	159551223-tonguedorsum1.freeze11.snv.filtered.bam	159551223-tonguedorsum2.freeze11.snv.filtered.bam	160380657-tonguedorsum1.freeze11.snv.filtered.bam	160582958-tonguedorsum2.freeze11.snv.filtered.bam	246515023-tonguedorsum1.freeze11.snv.filtered.bam	508703490-tonguedorsum2.freeze11.snv.filtered.bam	550534656-tonguedorsum2.freeze11.snv.filtered.bam	550534656-tonguedorsum3.freeze11.snv.filtered.bam	663835652-tonguedorsum2.freeze11.snv.filtered.bam	663835652-tonguedorsum3.freeze11.snv.filtered.bam	675950834-tonguedorsum2.freeze11.snv.filtered.bam	737052003-tonguedorsum2.freeze11.snv.filtered.bam	763536994-tonguedorsum1.freeze11.snv.filtered.bam	763536994-tonguedorsum2.freeze11.snv.filtered.bam	763536994-tonguedorsum3.freeze11.snv.filtered.bam	763577454-tonguedorsum2.freeze11.snv.filtered.bam	763901136-tonguedorsum1.freeze11.snv.filtered.bam	763901136-tonguedorsum2.freeze11.snv.filtered.bam	763901136-tonguedorsum3.freeze11.snv.filtered.bam	763961826-tonguedorsum2.freeze11.snv.filtered.bam	764224817-tonguedorsum1.freeze11.snv.filtered.bam	764325968-tonguedorsum2.freeze11.snv.filtered.bam	764366428-tonguedorsum2.freeze11.snv.filtered.bam	764588959-tonguedorsum1.freeze11.snv.filtered.bam	764588959-tonguedorsum2.freeze11.snv.filtered.bam	764811490-tonguedorsum1.freeze11.snv.filtered.bam	764811490-tonguedorsum2.freeze11.snv.filtered.bam	765013792-tonguedorsum2.freeze11.snv.filtered.bam	765013792-tonguedorsum3.freeze11.snv.filtered.bam	823052294-tonguedorsum1.freeze11.snv.filtered.bam	857980665-tonguedorsum2.freeze11.snv.filtered.bam	857980665-tonguedorsum3.freeze11.snv.filtered.bam
158337416-tonguedorsum1.freeze11.snv.filtered.bam	0.0	0.190793510312	0.210278575174	0.208269078341	0.191372227102	0.196333462185	0.197483981705	0.198177785845	0.20244738157	0.201035774761	0.21187845845	0.209938529104	0.195166461166	0.204806861115	0.201742492293	0.200090989417	0.202861082242	0.201734187669	0.200644129165	0.202488793716	0.200604414222	0.200144533268	0.207492840093	0.213575181743	0.203375770273	0.197038498613	0.200466495699	0.207269601862	0.204527467032	0.19937488257	0.196336092759	0.195255918162	0.208321779827	0.204819125676
159227541-tonguedorsum3.freeze11.snv.filtered.bam	0.190793510312	0.0	0.195727121123	0.193349116777	0.184280582363	0.182568467001	0.183108052276	0.176347688698	0.193763069077	0.191779371071	0.198614651888	0.196871284803	0.180456926666	0.192434944887	0.182729999368	0.181108488685	0.184180244102	0.184704052855	0.184033317134	0.185924927202	0.183776543786	0.183488068796	0.192367459695	0.198727079506	0.184300635356	0.176536291973	0.1806578662	0.191046515385	0.187991770794	0.183021725602	0.177008898386	0.184726153052	0.18784971869	0.18347711085
159551223-tonguedorsum1.freeze11.snv.filtered.bam	0.210278575174	0.195727121123	0.0	0.00384909248873	0.201567561007	0.201905706322	0.204945439003	0.201124578699	0.214543970034	0.212765800052	0.209909288695	0.208070873504	0.202625428454	0.206586170669	0.203650394462	0.201893510834	0.204808944089	0.20599610794	0.203653525457	0.205986500199	0.203909069949	0.208954489941	0.212057253123	0.215245538192	0.203189228111	0.202745283197	0.206334294354	0.208896057653	0.206208792059	0.202671764096	0.198150784995	0.202900749563	0.204289024164	0.201208739329
159551223-tonguedorsum2.freeze11.snv.filtered.bam	0.208269078341	0.193349116777	0.00384909248873	0.0	0.199254672704	0.19961066443	0.202510520949	0.198101246187	0.211800434091	0.210026404583	0.207744747969	0.205881922204	0.200008649102	0.204212688756	0.201316271027	0.199434139494	0.202534748368	0.203376700748	0.201274250484	0.203693729999	0.201503146601	0.206725817214	0.209697671873	0.21343465393	0.201361481035	0.20026567588	0.203957151758	0.206886805556	0.204154694551	0.200493066984	0.195581353963	0.200174478637	0.201998013632	0.198796948789
160380657-tonguedorsum1.freeze11.snv.filtered.bam	0.191372227102	0.184280582363	0.201567561007	0.199254672704	0.0	0.192668808782	0.191684064138	0.189400846228	0.194510412393	0.192682305671	0.201800849636	0.19988050452	0.190354201379	0.199885349734	0.190759278824	0.189109510757	0.192220609998	0.195880856435	0.185875709167	0.187137004054	0.186218315986	0.195401959766	0.199986576491	0.202247280384	0.1887805231	0.18770851721	0.192665039898	0.194097415391	0.190916200961	0.194106971324	0.188082432728	0.184103310664	0.198780916184	0.195351309322
160582958-tonguedorsum2.freeze11.snv.filtered.bam	0.196333462185	0.182568467001	0.201905706322	0.19961066443	0.192668808782	0.0	0.192699547599	0.133372112741	0.20207777232	0.200433225599	0.205462810261	0.203927487443	0.062165472656	0.198186674937	0.187945251298	0.186151573529	0.189334331813	0.194488066088	0.189099843881	0.190945819851	0.188620581959	0.196820987788	0.200186865146	0.207044203264	0.195094596343	0.19116687068	0.19516632739	0.199392910179	0.196566638431	0.194287347655	0.187893623801	0.194093671253	0.20120886136	0.197385833628
246515023-tonguedorsum1.freeze11.snv.filtered.bam	0.197483981705	0.183108052276	0.204945439003	0.202510520949	0.191684064138	0.192699547599	0.0	0.192517271119	0.203858429688	0.202097420349	0.200893450592	0.19922125791	0.188558672865	0.199887425864	0.192735297792	0.190897194726	0.193969533516	0.188138835528	0.194391465943	0.196473315304	0.194260178542	0.19393686073	0.200985384326	0.204975972071	0.19276143983	0.193294798762	0.197737184438	0.200203300387	0.197316360031	0.187769903464	0.181819458021	0.196464963917	0.200324473012	0.196969517207
508703490-tonguedorsum2.freeze11.snv.filtered.bam	0.198177785845	0.176347688698	0.201124578699	0.198101246187	0.189400846228	0.133372112741	0.192517271119	0.0	0.200093187709	0.197897467274	0.202862740361	0.201318628662	0.135594586254	0.188082232311	0.189376856507	0.187523359867	0.190770920131	0.192780840051	0.190401287485	0.192648322992	0.19041635396	0.193371355325	0.196055122557	0.204989462528	0.192647662301	0.189852889174	0.194389200447	0.197398939058	0.194236848895	0.192027466278	0.176613911734	0.189053430466	0.195996466891	0.191828375737
550534656-tonguedorsum2.freeze11.snv.filtered.bam	0.20244738157	0.193763069077	0.214543970034	0.211800434091	0.194510412393	0.20207777232	0.203858429688	0.200093187709	0.0	0.00240464326884	0.215958072144	0.214217057025	0.202105200398	0.20986667202	0.201527135786	0.199662525693	0.202712816646	0.20305151868	0.202459393933	0.204388260925	0.202385143559	0.205656355954	0.206978482398	0.215746102183	0.201280417834	0.204808522235	0.208285256828	0.201119323145	0.198412833536	0.204137701259	0.199006866271	0.139311081453	0.210535615556	0.207198513426
550534656-tonguedorsum3.freeze11.snv.filtered.bam	0.201035774761	0.191779371071	0.212765800052	0.210026404583	0.192682305671	0.200433225599	0.202097420349	0.197897467274	0.00240464326884	0.0	0.2146629979	0.212742871852	0.199959787112	0.208551923681	0.199880881715	0.198016097555	0.201116476368	0.201008204677	0.200402064093	0.202377279142	0.200320901049	0.203820667578	0.205270595021	0.214152564924	0.198609027074	0.202805010854	0.206510208142	0.199502962089	0.196610400013	0.202414699873	0.196939664064	0.137752177196	0.20846743335	0.205083614115
663835652-tonguedorsum2.freeze11.snv.filtered.bam	0.21187845845	0.198614651888	0.209909288695	0.207744747969	0.201800849636	0.205462810261	0.200893450592	0.202862740361	0.215958072144	0.2146629979	0.0	0.000603748343715	0.203788253218	0.212265227449	0.205494938616	0.203609900557	0.206385866471	0.203528335629	0.201597230582	0.203656715292	0.201656604528	0.201824296971	0.20699504332	0.214317384792	0.198734322371	0.203548785986	0.206438145202	0.208625041352	0.205908932516	0.203006877644	0.198621432309	0.203409241662	0.20831365794	0.205073121202
663835652-tonguedorsum3.freeze11.snv.filtered.bam	0.209938529104	0.196871284803	0.208070873504	0.205881922204	0.19988050452	0.203927487443	0.19922125791	0.201318628662	0.214217057025	0.212742871852	0.000603748343715	0.0	0.202311626806	0.210806986224	0.203534245382	0.2016436834	0.20445076966	0.201774412707	0.199734522879	0.201847725859	0.199837374251	0.199934499915	0.205481935787	0.212722930453	0.196949744991	0.201758111707	0.204806181505	0.206968594812	0.204153088979	0.201538117136	0.197121752962	0.201630533203	0.206354871381	0.203035352799
675950834-tonguedorsum2.freeze11.snv.filtered.bam	0.195166461166	0.180456926666	0.202625428454	0.200008649102	0.190354201379	0.062165472656	0.188558672865	0.135594586254	0.202105200398	0.199959787112	0.203788253218	0.202311626806	0.0	0.198740824157	0.187486334013	0.185521282748	0.188936304715	0.193396921164	0.189358894387	0.191236496018	0.189022103512	0.195856116699	0.197725099917	0.205479204954	0.192730260519	0.191036845183	0.195096655505	0.19531015404	0.192597728778	0.178622929537	0.171704490954	0.191657292926	0.198439185577	0.19436521065
737052003-tonguedorsum2.freeze11.snv.filtered.bam	0.204806861115	0.192434944887	0.206586170669	0.204212688756	0.199885349734	0.198186674937	0.199887425864	0.188082232311	0.20986667202	0.208551923681	0.212265227449	0.210806986224	0.198740824157	0.0	0.199318220606	0.197458248233	0.200472770521	0.198750489169	0.196559634544	0.198787001456	0.196461741041	0.205280005327	0.207048659468	0.212154467734	0.203383545834	0.19859083262	0.20195566873	0.205793612591	0.202769176042	0.201169223758	0.197247715719	0.202178600699	0.207335836761	0.203744253784
763536994-tonguedorsum1.freeze11.snv.filtered.bam	0.201742492293	0.182729999368	0.203650394462	0.201316271027	0.190759278824	0.187945251298	0.192735297792	0.189376856507	0.201527135786	0.199880881715	0.205494938616	0.203534245382	0.187486334013	0.199318220606	0.0	0.00132104122716	0.00100273505416	0.195252491704	0.187057116022	0.189145514299	0.186689359259	0.194769147514	0.199874596914	0.206905485459	0.186645599283	0.189790345116	0.193955933233	0.200164882175	0.196935105024	0.192738974474	0.188048293211	0.196880053447	0.202351431934	0.198311096495
763536994-tonguedorsum2.freeze11.snv.filtered.bam	0.200090989417	0.181108488685	0.201893510834	0.199434139494	0.189109510757	0.186151573529	0.190897194726	0.187523359867	0.199662525693	0.198016097555	0.203609900557	0.2016436834	0.185521282748	0.197458248233	0.00132104122716	0.0	0.00121393819589	0.193433187359	0.185345092075	0.187531941064	0.184985395207	0.193141105626	0.197965565533	0.205220857671	0.185204401442	0.188291846608	0.192527606516	0.19838119179	0.19522489875	0.190775939792	0.186153842272	0.194936095274	0.200807375389	0.196666452165
763536994-tonguedorsum3.freeze11.snv.filtered.bam	0.202861082242	0.184180244102	0.204808944089	0.202534748368	0.192220609998	0.189334331813	0.193969533516	0.190770920131	0.202712816646	0.201116476368	0.206385866471	0.20445076966	0.188936304715	0.200472770521	0.00100273505416	0.00121393819589	0.0	0.196576769027	0.188375590264	0.19049592529	0.188017243102	0.195841705908	0.20130679693	0.20822688652	0.187878923823	0.191694102956	0.195657590573	0.201474830488	0.198224364544	0.193742320224	0.189230684227	0.197994041931	0.203683820028	0.199659506106
763577454-tonguedorsum2.freeze11.snv.filtered.bam	0.201734187669	0.184704052855	0.20599610794	0.203376700748	0.195880856435	0.194488066088	0.188138835528	0.192780840051	0.20305151868	0.201008204677	0.203528335629	0.201774412707	0.193396921164	0.198750489169	0.195252491704	0.193433187359	0.196576769027	0.0	0.190794705583	0.193310936682	0.190950170338	0.198099583547	0.198999959417	0.203428854723	0.195054648536	0.192517220825	0.195968579211	0.198065418197	0.194846288167	0.193223881062	0.185195441195	0.193550702974	0.200172411957	0.196571666792
763901136-tonguedorsum1.freeze11.snv.filtered.bam	0.200644129165	0.184033317134	0.203653525457	0.201274250484	0.185875709167	0.189099843881	0.194391465943	0.190401287485	0.202459393933	0.200402064093	0.201597230582	0.199734522879	0.189358894387	0.196559634544	0.187057116022	0.185345092075	0.188375590264	0.190794705583	0.0	0.00198200979754	0.00167850987702	0.194209816899	0.199240152633	0.206590520138	0.186469086536	0.190511982911	0.195010365598	0.199988008346	0.196474033531	0.189613631854	0.185075705223	0.192379598705	0.204144975948	0.200329559759
763901136-tonguedorsum2.freeze11.snv.filtered.bam	0.202488793716	0.185924927202	0.205986500199	0.203693729999	0.187137004054	0.190945819851	0.196473315304	0.192648322992	0.204388260925	0.202377279142	0.203656715292	0.201847725859	0.191236496018	0.198787001456	0.189145514299	0.187531941064	0.19049592529	0.193310936682	0.00198200979754	0.0	0.00139113728885	0.196464314518	0.201118419171	0.208665095534	0.188371727209	0.192125788017	0.197139849164	0.202245112057	0.198859217746	0.192068161911	0.187550898793	0.193428404655	0.206018498719	0.202254401407
763901136-tonguedorsum3.freeze11.snv.filtered.bam	0.200604414222	0.183776543786	0.203909069949	0.201503146601	0.186218315986	0.188620581959	0.194260178542	0.19041635396	0.202385143559	0.200320901049	0.201656604528	0.199837374251	0.189022103512	0.196461741041	0.186689359259	0.184985395207	0.188017243102	0.190950170338	0.00167850987702	0.00139113728885	0.0	0.194191975509	0.199465143389	0.206852198974	0.186482698978	0.190185051891	0.194920140373	0.200578101586	0.19711907137	0.189470429918	0.184733406991	0.191656930125	0.20411060514	0.200191887515
763961826-tonguedorsum2.freeze11.snv.filtered.bam	0.200144533268	0.183488068796	0.208954489941	0.206725817214	0.195401959766	0.196820987788	0.19393686073	0.193371355325	0.205656355954	0.203820667578	0.201824296971	0.199934499915	0.195856116699	0.205280005327	0.194769147514	0.193141105626	0.195841705908	0.198099583547	0.194209816899	0.196464314518	0.194191975509	0.0	0.20096363189	0.208763521473	0.193190593222	0.191980536752	0.195484610165	0.198794304064	0.195653984945	0.197848287706	0.193336755656	0.196929457622	0.201358790309	0.197358687284
764224817-tonguedorsum1.freeze11.snv.filtered.bam	0.207492840093	0.192367459695	0.212057253123	0.209697671873	0.199986576491	0.200186865146	0.200985384326	0.196055122557	0.206978482398	0.205270595021	0.20699504332	0.205481935787	0.197725099917	0.207048659468	0.199874596914	0.197965565533	0.20130679693	0.198999959417	0.199240152633	0.201118419171	0.199465143389	0.20096363189	0.0	0.129567752529	0.198779129726	0.200352497164	0.203553037709	0.203790127436	0.200874667978	0.2002489933	0.195070851814	0.201527243022	0.203994163903	0.200962961754
764325968-tonguedorsum2.freeze11.snv.filtered.bam	0.213575181743	0.198727079506	0.215245538192	0.21343465393	0.202247280384	0.207044203264	0.204975972071	0.204989462528	0.215746102183	0.214152564924	0.214317384792	0.212722930453	0.205479204954	0.212154467734	0.206905485459	0.205220857671	0.20822688652	0.203428854723	0.206590520138	0.208665095534	0.206852198974	0.208763521473	0.129567752529	0.0	0.206500940497	0.20469201029	0.208365560161	0.20956327024	0.206846917275	0.207024639233	0.202537203355	0.205330328524	0.211998863997	0.208766513212
764366428-tonguedorsum2.freeze11.snv.filtered.bam	0.203375770273	0.184300635356	0.203189228111	0.201361481035	0.1887805231	0.195094596343	0.19276143983	0.192647662301	0.201280417834	0.198609027074	0.198734322371	0.196949744991	0.192730260519	0.203383545834	0.186645599283	0.185204401442	0.187878923823	0.195054648536	0.186469086536	0.188371727209	0.186482698978	0.193190593222	0.198779129726	0.206500940497	0.0	0.188246010323	0.192998409872	0.201194812808	0.19805897264	0.195095918091	0.190548408994	0.193794970288	0.200802272125	0.196608609916
764588959-tonguedorsum1.freeze11.snv.filtered.bam	0.197038498613	0.176536291973	0.202745283197	0.20026567588	0.18770851721	0.19116687068	0.193294798762	0.189852889174	0.204808522235	0.202805010854	0.203548785986	0.201758111707	0.191036845183	0.19859083262	0.189790345116	0.188291846608	0.191694102956	0.192517220825	0.190511982911	0.192125788017	0.190185051891	0.191980536752	0.200352497164	0.20469201029	0.188246010323	0.0	0.00648392415762	0.197449787973	0.194345824917	0.192283514305	0.187589494611	0.191678903822	0.197429782228	0.193872953607
764588959-tonguedorsum2.freeze11.snv.filtered.bam	0.200466495699	0.1806578662	0.206334294354	0.203957151758	0.192665039898	0.19516632739	0.197737184438	0.194389200447	0.208285256828	0.206510208142	0.206438145202	0.204806181505	0.195096655505	0.20195566873	0.193955933233	0.192527606516	0.195657590573	0.195968579211	0.195010365598	0.197139849164	0.194920140373	0.195484610165	0.203553037709	0.208365560161	0.192998409872	0.00648392415762	0.0	0.201119070088	0.198218726858	0.195911587626	0.191831810136	0.196315540114	0.201113317256	0.19754750998
764811490-tonguedorsum1.freeze11.snv.filtered.bam	0.207269601862	0.191046515385	0.208896057653	0.206886805556	0.194097415391	0.199392910179	0.200203300387	0.197398939058	0.201119323145	0.199502962089	0.208625041352	0.206968594812	0.19531015404	0.205793612591	0.200164882175	0.19838119179	0.201474830488	0.198065418197	0.199988008346	0.202245112057	0.200578101586	0.198794304064	0.203790127436	0.20956327024	0.201194812808	0.197449787973	0.201119070088	0.0	0.00137592191198	0.195374998263	0.192250009717	0.195537510044	0.207401445269	0.203820185292
764811490-tonguedorsum2.freeze11.snv.filtered.bam	0.204527467032	0.187991770794	0.206208792059	0.204154694551	0.190916200961	0.196566638431	0.197316360031	0.194236848895	0.198412833536	0.196610400013	0.205908932516	0.204153088979	0.192597728778	0.202769176042	0.196935105024	0.19522489875	0.198224364544	0.194846288167	0.196474033531	0.198859217746	0.19711907137	0.195653984945	0.200874667978	0.206846917275	0.19805897264	0.194345824917	0.198218726858	0.00137592191198	0.0	0.192582484865	0.189052316031	0.19257007485	0.204685563711	0.201028528528
765013792-tonguedorsum2.freeze11.snv.filtered.bam	0.19937488257	0.183021725602	0.202671764096	0.200493066984	0.194106971324	0.194287347655	0.187769903464	0.192027466278	0.204137701259	0.202414699873	0.203006877644	0.201538117136	0.178622929537	0.201169223758	0.192738974474	0.190775939792	0.193742320224	0.193223881062	0.189613631854	0.192068161911	0.189470429918	0.197848287706	0.2002489933	0.207024639233	0.195095918091	0.192283514305	0.195911587626	0.195374998263	0.192582484865	0.0	0.0501267906897	0.193713814169	0.200225878259	0.19653441186
765013792-tonguedorsum3.freeze11.snv.filtered.bam	0.196336092759	0.177008898386	0.198150784995	0.195581353963	0.188082432728	0.187893623801	0.181819458021	0.176613911734	0.199006866271	0.196939664064	0.198621432309	0.197121752962	0.171704490954	0.197247715719	0.188048293211	0.186153842272	0.189230684227	0.185195441195	0.185075705223	0.187550898793	0.184733406991	0.193336755656	0.195070851814	0.202537203355	0.190548408994	0.187589494611	0.191831810136	0.192250009717	0.189052316031	0.0501267906897	0.0	0.186096933761	0.193944708146	0.189889359474
823052294-tonguedorsum1.freeze11.snv.filtered.bam	0.195255918162	0.184726153052	0.202900749563	0.200174478637	0.184103310664	0.194093671253	0.196464963917	0.189053430466	0.139311081453	0.137752177196	0.203409241662	0.201630533203	0.191657292926	0.202178600699	0.196880053447	0.194936095274	0.197994041931	0.193550702974	0.192379598705	0.193428404655	0.191656930125	0.196929457622	0.201527243022	0.205330328524	0.193794970288	0.191678903822	0.196315540114	0.195537510044	0.19257007485	0.193713814169	0.186096933761	0.0	0.200801091654	0.197067208556
857980665-tonguedorsum2.freeze11.snv.filtered.bam	0.208321779827	0.18784971869	0.204289024164	0.201998013632	0.198780916184	0.20120886136	0.200324473012	0.195996466891	0.210535615556	0.20846743335	0.20831365794	0.206354871381	0.198439185577	0.207335836761	0.202351431934	0.200807375389	0.203683820028	0.200172411957	0.204144975948	0.206018498719	0.20411060514	0.201358790309	0.203994163903	0.211998863997	0.200802272125	0.197429782228	0.201113317256	0.207401445269	0.204685563711	0.200225878259	0.193944708146	0.200801091654	0.0	0.0126631662837
857980665-tonguedorsum3.freeze11.snv.filtered.bam	0.204819125676	0.18347711085	0.201208739329	0.198796948789	0.195351309322	0.197385833628	0.196969517207	0.191828375737	0.207198513426	0.205083614115	0.205073121202	0.203035352799	0.19436521065	0.203744253784	0.198311096495	0.196666452165	0.199659506106	0.196571666792	0.200329559759	0.202254401407	0.200191887515	0.197358687284	0.200962961754	0.208766513212	0.196608609916	0.193872953607	0.19754750998	0.203820185292	0.201028528528	0.19653441186	0.189889359474	0.197067208556	0.0126631662837	0.0
