	158337416-tonguedorsum1.freeze11.snv.filtered.bam	159227541-tonguedorsum3.freeze11.snv.filtered.bam	159551223-tonguedorsum1.freeze11.snv.filtered.bam	159551223-tonguedorsum2.freeze11.snv.filtered.bam	160380657-tonguedorsum1.freeze11.snv.filtered.bam	160582958-tonguedorsum2.freeze11.snv.filtered.bam	246515023-tonguedorsum1.freeze11.snv.filtered.bam	508703490-tonguedorsum2.freeze11.snv.filtered.bam	550534656-tonguedorsum2.freeze11.snv.filtered.bam	550534656-tonguedorsum3.freeze11.snv.filtered.bam	663835652-tonguedorsum2.freeze11.snv.filtered.bam	663835652-tonguedorsum3.freeze11.snv.filtered.bam	675950834-tonguedorsum2.freeze11.snv.filtered.bam	737052003-tonguedorsum2.freeze11.snv.filtered.bam	763536994-tonguedorsum1.freeze11.snv.filtered.bam	763536994-tonguedorsum2.freeze11.snv.filtered.bam	763536994-tonguedorsum3.freeze11.snv.filtered.bam	763577454-tonguedorsum2.freeze11.snv.filtered.bam	763901136-tonguedorsum1.freeze11.snv.filtered.bam	763901136-tonguedorsum2.freeze11.snv.filtered.bam	763901136-tonguedorsum3.freeze11.snv.filtered.bam	763961826-tonguedorsum2.freeze11.snv.filtered.bam	764224817-tonguedorsum1.freeze11.snv.filtered.bam	764325968-tonguedorsum2.freeze11.snv.filtered.bam	764366428-tonguedorsum2.freeze11.snv.filtered.bam	764588959-tonguedorsum1.freeze11.snv.filtered.bam	764588959-tonguedorsum2.freeze11.snv.filtered.bam	764811490-tonguedorsum1.freeze11.snv.filtered.bam	764811490-tonguedorsum2.freeze11.snv.filtered.bam	765013792-tonguedorsum2.freeze11.snv.filtered.bam	765013792-tonguedorsum3.freeze11.snv.filtered.bam	823052294-tonguedorsum1.freeze11.snv.filtered.bam	857980665-tonguedorsum2.freeze11.snv.filtered.bam	857980665-tonguedorsum3.freeze11.snv.filtered.bam
158337416-tonguedorsum1.freeze11.snv.filtered.bam	0.0	0.181554079939	0.203310560593	0.197053377602	0.179415144937	0.181857361767	0.189279785468	0.16016472992	0.196255267526	0.193605542076	0.20572085302	0.202129357681	0.184475162814	0.19587217469	0.195074064615	0.191019665432	0.198154769506	0.188274166773	0.192328565956	0.19671817137	0.1917379645	0.188162431363	0.195185800026	0.203342484996	0.19512195122	0.182272379007	0.192647809986	0.200596986336	0.194547311965	0.190030008939	0.180676158856	0.185831949943	0.194722896182	0.192312603754
159227541-tonguedorsum3.freeze11.snv.filtered.bam	0.181554079939	0.0	0.185432894905	0.178872430086	0.169678202018	0.165847273656	0.171785212617	0.132087217469	0.184044183374	0.181107138297	0.188912654833	0.185560592517	0.168704507726	0.180851743072	0.173157961946	0.169502617801	0.176366364449	0.169470693398	0.172822755714	0.176557910867	0.171880985826	0.168832205338	0.177196398927	0.185209424084	0.17330162176	0.159813561486	0.170188992466	0.181186949304	0.175440556762	0.171194611161	0.158313114545	0.173860298812	0.172168305453	0.169183373771
159551223-tonguedorsum1.freeze11.snv.filtered.bam	0.203310560593	0.185432894905	0.0	0.000111735410548	0.188529561997	0.186055420764	0.19544119525	0.161569403652	0.206870131529	0.203757502235	0.202767845741	0.199304048014	0.190876005619	0.196829906781	0.195792363683	0.191674115694	0.199080577193	0.191195249649	0.194196143532	0.199000766186	0.193844975099	0.196510662751	0.198346315924	0.203789426638	0.193733239688	0.18675775763	0.197340697229	0.201251436598	0.195217724429	0.192232792747	0.181011365087	0.192552036777	0.190109819946	0.18844975099
159551223-tonguedorsum2.freeze11.snv.filtered.bam	0.197053377602	0.178872430086	0.000111735410548	0.0	0.182048908185	0.179957859788	0.188816881624	0.155120674243	0.199846762866	0.196797982378	0.196303154131	0.192919167412	0.184315540799	0.190445026178	0.189152087856	0.185177499681	0.192440301366	0.18442727621	0.187571829907	0.192328565956	0.187204699272	0.190333290767	0.191961435321	0.197596092453	0.187779338526	0.180420763632	0.190812156813	0.1949144426	0.189040352445	0.186071382965	0.174610522283	0.1853850083	0.184012258971	0.182048908185
160380657-tonguedorsum1.freeze11.snv.filtered.bam	0.179415144937	0.169678202018	0.188529561997	0.182048908185	0.0	0.172631209296	0.177531605159	0.145064487294	0.182272379007	0.179351296131	0.189439407483	0.186151193973	0.174339164858	0.184969991061	0.178170093219	0.174562635679	0.181538117737	0.176669646278	0.172088494445	0.175711914187	0.171849061423	0.177691227174	0.181697739752	0.185815987741	0.175009577321	0.168624696718	0.178968203295	0.181841399566	0.175903460605	0.179048014302	0.167331758396	0.169758013025	0.179367258332	0.17679734389
160582958-tonguedorsum2.freeze11.snv.filtered.bam	0.181857361767	0.165847273656	0.186055420764	0.179957859788	0.172631209296	0.0	0.17595134721	0.106467884051	0.186773719831	0.183868599157	0.190349252969	0.18739624569	0.0431298684715	0.180899629677	0.173365470566	0.169710126421	0.176366364449	0.172822755714	0.172822755714	0.176701570681	0.172024645639	0.176605797472	0.179399182735	0.187827225131	0.17839356404	0.168800280935	0.178856467884	0.184092069978	0.178425488443	0.176925041502	0.165480143021	0.176972928106	0.179399182735	0.176462137658
246515023-tonguedorsum1.freeze11.snv.filtered.bam	0.189279785468	0.171785212617	0.19544119525	0.188816881624	0.177531605159	0.17595134721	0.0	0.151752649725	0.19502617801	0.192025284127	0.19237645256	0.189184012259	0.175664027583	0.188609373005	0.183836674754	0.179925935385	0.187061039459	0.173189886349	0.18346954412	0.18771548972	0.182767207253	0.179925935385	0.186614097816	0.192280679351	0.182288341208	0.176206742434	0.187380283489	0.191115438641	0.18527327289	0.176446175457	0.164378751117	0.185241348487	0.184826331248	0.182543736432
508703490-tonguedorsum2.freeze11.snv.filtered.bam	0.16016472992	0.132087217469	0.161569403652	0.155120674243	0.145064487294	0.106467884051	0.151752649725	0.0	0.160755331375	0.157467117865	0.164697995147	0.16144170604	0.0906333801558	0.146548972034	0.149438130507	0.145527391138	0.152678457413	0.147027838079	0.148895415656	0.153189247861	0.148209040991	0.149055037671	0.151624952113	0.161952496488	0.151720725322	0.143548078151	0.153731962712	0.158009832716	0.151640914315	0.150427787	0.128224364704	0.144872940876	0.150092580769	0.146437236624
550534656-tonguedorsum2.freeze11.snv.filtered.bam	0.196255267526	0.184044183374	0.206870131529	0.199846762866	0.182272379007	0.186773719831	0.19502617801	0.160755331375	0.0	3.19244030137e-05	0.209456008173	0.205896437237	0.191354871664	0.200644872941	0.194579236368	0.190349252969	0.19777167667	0.18888073043	0.193493806666	0.197899374282	0.192855318606	0.19311071383	0.194052483719	0.205098327161	0.193621504278	0.189343634274	0.200054271485	0.194323841144	0.188497637594	0.194531349764	0.18346954412	0.127138935002	0.196750095773	0.194100370323
550534656-tonguedorsum3.freeze11.snv.filtered.bam	0.193605542076	0.181107138297	0.203757502235	0.196797982378	0.179351296131	0.183868599157	0.192025284127	0.157467117865	3.19244030137e-05	0.0	0.206598774103	0.203039203167	0.187859149534	0.197947260886	0.191658153493	0.187428170093	0.194786744988	0.18580002554	0.190221555357	0.194659047376	0.189630953901	0.189982122334	0.191083514238	0.202065508875	0.190476950581	0.186262929383	0.196909717788	0.191386796067	0.185640403524	0.191291022858	0.180324990423	0.125063848806	0.193621504278	0.19089196782
663835652-tonguedorsum2.freeze11.snv.filtered.bam	0.20572085302	0.188912654833	0.202767845741	0.196303154131	0.189439407483	0.190349252969	0.19237645256	0.164697995147	0.209456008173	0.206598774103	0.0	1.59622015068e-05	0.193062827225	0.202975354361	0.198585748946	0.194403652152	0.201554718427	0.190173668752	0.193078789427	0.197484357043	0.192504150172	0.189902311327	0.194467500958	0.203645766824	0.190269441961	0.188417826587	0.198378240327	0.20201762227	0.195904099093	0.193685353084	0.182990678074	0.193701315285	0.194770782786	0.192599923381
663835652-tonguedorsum3.freeze11.snv.filtered.bam	0.202129357681	0.185560592517	0.199304048014	0.192919167412	0.186151193973	0.18739624569	0.189184012259	0.16144170604	0.205896437237	0.203039203167	1.59622015068e-05	0.0	0.189998084536	0.199814838463	0.195074064615	0.190987741029	0.198043034095	0.187013152854	0.189662878304	0.19406844592	0.189136125654	0.18655024901	0.19141872047	0.200357553314	0.187092963862	0.185177499681	0.195010215809	0.198601711148	0.192647809986	0.190604648193	0.179814199974	0.190476950581	0.191322947261	0.18908823905
675950834-tonguedorsum2.freeze11.snv.filtered.bam	0.184475162814	0.168704507726	0.190876005619	0.184315540799	0.174339164858	0.0431298684715	0.175664027583	0.0906333801558	0.191354871664	0.187859149534	0.193062827225	0.189998084536	0.0	0.185257310688	0.176238666837	0.172407738475	0.179351296131	0.176637721875	0.176956965905	0.181011365087	0.176286553441	0.179734388967	0.181538117737	0.190429063977	0.180644234453	0.171976759035	0.182463925425	0.184443238411	0.178824543481	0.175025539522	0.151992082748	0.180356914826	0.181346571319	0.178313753033
737052003-tonguedorsum2.freeze11.snv.filtered.bam	0.19587217469	0.180851743072	0.196829906781	0.190445026178	0.184969991061	0.180899629677	0.188609373005	0.146548972034	0.200644872941	0.197947260886	0.202975354361	0.199814838463	0.185257310688	0.0	0.18993423573	0.18580002554	0.192935129613	0.182336227813	0.185432894905	0.189902311327	0.184698633636	0.190237517558	0.191897586515	0.198904992977	0.192137019538	0.180995402886	0.191291022858	0.196622398161	0.190349252969	0.189072276848	0.179303409526	0.190429063977	0.191067552037	0.188753032818
763536994-tonguedorsum1.freeze11.snv.filtered.bam	0.195074064615	0.173157961946	0.195792363683	0.189152087856	0.178170093219	0.173365470566	0.183836674754	0.149438130507	0.194579236368	0.191658153493	0.198585748946	0.195074064615	0.176238666837	0.18993423573	0.0	3.19244030137e-05	0.0	0.181155024901	0.178457412846	0.182719320649	0.177563529562	0.182272379007	0.187108926063	0.195951985698	0.177994509003	0.174770144298	0.185608479121	0.192887243009	0.186598135615	0.182958753671	0.171561741795	0.187763376325	0.188673221811	0.1853850083
763536994-tonguedorsum2.freeze11.snv.filtered.bam	0.191019665432	0.169502617801	0.191674115694	0.185177499681	0.174562635679	0.169710126421	0.179925935385	0.145527391138	0.190349252969	0.187428170093	0.194403652152	0.190987741029	0.172407738475	0.18580002554	3.19244030137e-05	0.0	1.59622015068e-05	0.177387945345	0.174754182097	0.178936278892	0.173780487805	0.178664921466	0.182926829268	0.191961435321	0.174546673477	0.171162686758	0.181809475163	0.188832843826	0.182687396246	0.178936278892	0.16747541821	0.183533392926	0.184810369046	0.181681777551
763536994-tonguedorsum3.freeze11.snv.filtered.bam	0.198154769506	0.176366364449	0.199080577193	0.192440301366	0.181538117737	0.176366364449	0.187061039459	0.152678457413	0.19777167667	0.194786744988	0.201554718427	0.198043034095	0.179351296131	0.192935129613	0.0	1.59622015068e-05	0.0	0.184251691993	0.181554079939	0.185863874346	0.18061231005	0.185241348487	0.19036521517	0.199208274805	0.180979440684	0.178329715234	0.189184012259	0.196239305325	0.189822500319	0.185736176733	0.174482824671	0.190700421402	0.191913548717	0.188721108415
763577454-tonguedorsum2.freeze11.snv.filtered.bam	0.188274166773	0.169470693398	0.191195249649	0.18442727621	0.176669646278	0.172822755714	0.173189886349	0.147027838079	0.18888073043	0.18580002554	0.190173668752	0.187013152854	0.176637721875	0.182336227813	0.181155024901	0.177387945345	0.184251691993	0.0	0.175328821351	0.179654577959	0.174865917507	0.178952241093	0.179606691355	0.185720214532	0.17944706934	0.171066913549	0.180851743072	0.183565317329	0.177834886988	0.176941003703	0.164474524326	0.177946622398	0.180452688035	0.177483718554
763901136-tonguedorsum1.freeze11.snv.filtered.bam	0.192328565956	0.172822755714	0.194196143532	0.187571829907	0.172088494445	0.172822755714	0.18346954412	0.148895415656	0.193493806666	0.190221555357	0.193078789427	0.189662878304	0.176956965905	0.185432894905	0.178457412846	0.174754182097	0.181554079939	0.175328821351	0.0	0.000175584216575	0.000383092836164	0.179894010982	0.184618822628	0.193781126293	0.176190780232	0.173780487805	0.184826331248	0.19089196782	0.184363427404	0.178154131018	0.167204060784	0.180740007662	0.188497637594	0.185831949943
763901136-tonguedorsum2.freeze11.snv.filtered.bam	0.19671817137	0.176557910867	0.199000766186	0.192328565956	0.175711914187	0.176701570681	0.18771548972	0.153189247861	0.197899374282	0.194659047376	0.197484357043	0.19406844592	0.181011365087	0.189902311327	0.182719320649	0.178936278892	0.185863874346	0.179654577959	0.000175584216575	0.0	4.78866045205e-05	0.184331503001	0.188864768229	0.198458051334	0.180324990423	0.178010471204	0.189487294088	0.195584855063	0.188992465841	0.182527774231	0.171673477206	0.184411314008	0.192631847784	0.190077895543
763901136-tonguedorsum3.freeze11.snv.filtered.bam	0.1917379645	0.171880985826	0.193844975099	0.187204699272	0.171849061423	0.172024645639	0.182767207253	0.148209040991	0.192855318606	0.189630953901	0.192504150172	0.189136125654	0.176286553441	0.184698633636	0.177563529562	0.173780487805	0.18061231005	0.174865917507	0.000383092836164	4.78866045205e-05	0.0	0.179335333929	0.184379389605	0.193509768867	0.175711914187	0.173141999745	0.184379389605	0.191035627634	0.184554973822	0.177451794151	0.166501723918	0.17955880475	0.187938960541	0.185241348487
763961826-tonguedorsum2.freeze11.snv.filtered.bam	0.188162431363	0.168832205338	0.196510662751	0.190333290767	0.177691227174	0.176605797472	0.179925935385	0.149055037671	0.19311071383	0.189982122334	0.189902311327	0.18655024901	0.179734388967	0.190237517558	0.182272379007	0.178664921466	0.185241348487	0.178952241093	0.179894010982	0.184331503001	0.179335333929	0.0	0.182878942664	0.192312603754	0.179191674116	0.172024645639	0.181793512961	0.186470438003	0.180452688035	0.182783169455	0.172822755714	0.182016983782	0.182703358447	0.17944706934
764224817-tonguedorsum1.freeze11.snv.filtered.bam	0.195185800026	0.177196398927	0.198346315924	0.191961435321	0.181697739752	0.179399182735	0.186614097816	0.151624952113	0.194052483719	0.191083514238	0.194467500958	0.19141872047	0.181538117737	0.191897586515	0.187108926063	0.182926829268	0.19036521517	0.179606691355	0.184618822628	0.188864768229	0.184379389605	0.182878942664	0.0	0.119413229473	0.184650747031	0.179734388967	0.189375558677	0.190828119014	0.185033839867	0.184826331248	0.173892223215	0.186342740391	0.184570936023	0.182352190014
764325968-tonguedorsum2.freeze11.snv.filtered.bam	0.203342484996	0.185209424084	0.203789426638	0.197596092453	0.185815987741	0.187827225131	0.192280679351	0.161952496488	0.205098327161	0.202065508875	0.203645766824	0.200357553314	0.190429063977	0.198904992977	0.195951985698	0.191961435321	0.199208274805	0.185720214532	0.193781126293	0.198458051334	0.193509768867	0.192312603754	0.119413229473	0.0	0.193876899502	0.185416932703	0.196031796705	0.198394202528	0.192711658792	0.193302260248	0.182527774231	0.192200868344	0.193972672711	0.191929510918
764366428-tonguedorsum2.freeze11.snv.filtered.bam	0.19512195122	0.17330162176	0.193733239688	0.187779338526	0.175009577321	0.17839356404	0.182288341208	0.151720725322	0.193621504278	0.190476950581	0.190269441961	0.187092963862	0.180644234453	0.192137019538	0.177994509003	0.174546673477	0.180979440684	0.17944706934	0.176190780232	0.180324990423	0.175711914187	0.179191674116	0.184650747031	0.193876899502	0.0	0.17181713702	0.183150300089	0.192168943941	0.186167156174	0.183501468523	0.172168305453	0.183246073298	0.185416932703	0.182128719193
764588959-tonguedorsum1.freeze11.snv.filtered.bam	0.182272379007	0.159813561486	0.18675775763	0.180420763632	0.168624696718	0.168800280935	0.176206742434	0.143548078151	0.189343634274	0.186262929383	0.188417826587	0.185177499681	0.171976759035	0.180995402886	0.174770144298	0.171162686758	0.178329715234	0.171066913549	0.173780487805	0.178010471204	0.173141999745	0.172024645639	0.179734388967	0.185416932703	0.17181713702	0.0	0.00399055037671	0.182160643596	0.176510024263	0.174418975865	0.163836036266	0.175153237134	0.175759800792	0.17341335717
764588959-tonguedorsum2.freeze11.snv.filtered.bam	0.192647809986	0.170188992466	0.197340697229	0.190812156813	0.178968203295	0.178856467884	0.187380283489	0.153731962712	0.200054271485	0.196909717788	0.198378240327	0.195010215809	0.182463925425	0.191291022858	0.185608479121	0.181809475163	0.189184012259	0.180851743072	0.184826331248	0.189487294088	0.184379389605	0.181793512961	0.189375558677	0.196031796705	0.183150300089	0.00399055037671	0.0	0.192775507598	0.186821606436	0.184842293449	0.174387051462	0.18580002554	0.186055420764	0.183661090538
764811490-tonguedorsum1.freeze11.snv.filtered.bam	0.200596986336	0.181186949304	0.201251436598	0.1949144426	0.181841399566	0.184092069978	0.191115438641	0.158009832716	0.194323841144	0.191386796067	0.20201762227	0.198601711148	0.184443238411	0.196622398161	0.192887243009	0.188832843826	0.196239305325	0.183565317329	0.19089196782	0.195584855063	0.191035627634	0.186470438003	0.190828119014	0.198394202528	0.192168943941	0.182160643596	0.192775507598	0.0	1.59622015068e-05	0.18570425233	0.175664027583	0.185528668114	0.193589579875	0.19078023241
764811490-tonguedorsum2.freeze11.snv.filtered.bam	0.194547311965	0.175440556762	0.195217724429	0.189040352445	0.175903460605	0.178425488443	0.18527327289	0.151640914315	0.188497637594	0.185640403524	0.195904099093	0.192647809986	0.178824543481	0.190349252969	0.186598135615	0.182687396246	0.189822500319	0.177834886988	0.184363427404	0.188992465841	0.184554973822	0.180452688035	0.185033839867	0.192711658792	0.186167156174	0.176510024263	0.186821606436	1.59622015068e-05	0.0	0.180181330609	0.169726088622	0.180037670796	0.187875111735	0.185145575278
765013792-tonguedorsum2.freeze11.snv.filtered.bam	0.190030008939	0.171194611161	0.192232792747	0.186071382965	0.179048014302	0.176925041502	0.176446175457	0.150427787	0.194531349764	0.191291022858	0.193685353084	0.190604648193	0.175025539522	0.189072276848	0.182958753671	0.178936278892	0.185736176733	0.176941003703	0.178154131018	0.182527774231	0.177451794151	0.182783169455	0.184826331248	0.193302260248	0.183501468523	0.174418975865	0.184842293449	0.18570425233	0.180181330609	0.0	0.00742242370068	0.181442344528	0.183948410165	0.181155024901
765013792-tonguedorsum3.freeze11.snv.filtered.bam	0.180676158856	0.158313114545	0.181011365087	0.174610522283	0.167331758396	0.165480143021	0.164378751117	0.128224364704	0.18346954412	0.180324990423	0.182990678074	0.179814199974	0.151992082748	0.179303409526	0.171561741795	0.16747541821	0.174482824671	0.164474524326	0.167204060784	0.171673477206	0.166501723918	0.172822755714	0.173892223215	0.182527774231	0.172168305453	0.163836036266	0.174387051462	0.175664027583	0.169726088622	0.00742242370068	0.0	0.167986208658	0.17076363172	0.167028476567
823052294-tonguedorsum1.freeze11.snv.filtered.bam	0.185831949943	0.173860298812	0.192552036777	0.1853850083	0.169758013025	0.176972928106	0.185241348487	0.144872940876	0.127138935002	0.125063848806	0.193701315285	0.190476950581	0.180356914826	0.190429063977	0.187763376325	0.183533392926	0.190700421402	0.177946622398	0.180740007662	0.184411314008	0.17955880475	0.182016983782	0.186342740391	0.192200868344	0.183246073298	0.175153237134	0.18580002554	0.185528668114	0.180037670796	0.181442344528	0.167986208658	0.0	0.185033839867	0.182671434044
857980665-tonguedorsum2.freeze11.snv.filtered.bam	0.194722896182	0.172168305453	0.190109819946	0.184012258971	0.179367258332	0.179399182735	0.184826331248	0.150092580769	0.196750095773	0.193621504278	0.194770782786	0.191322947261	0.181346571319	0.191067552037	0.188673221811	0.184810369046	0.191913548717	0.180452688035	0.188497637594	0.192631847784	0.187938960541	0.182703358447	0.184570936023	0.193972672711	0.185416932703	0.175759800792	0.186055420764	0.193589579875	0.187875111735	0.183948410165	0.17076363172	0.185033839867	0.0	0.000734261269314
857980665-tonguedorsum3.freeze11.snv.filtered.bam	0.192312603754	0.169183373771	0.18844975099	0.182048908185	0.17679734389	0.176462137658	0.182543736432	0.146437236624	0.194100370323	0.19089196782	0.192599923381	0.18908823905	0.178313753033	0.188753032818	0.1853850083	0.181681777551	0.188721108415	0.177483718554	0.185831949943	0.190077895543	0.185241348487	0.17944706934	0.182352190014	0.191929510918	0.182128719193	0.17341335717	0.183661090538	0.19078023241	0.185145575278	0.181155024901	0.167028476567	0.182671434044	0.000734261269314	0.0
