	158479027-supragingivalplaque2.freeze11.snv.filtered.bam	158802708-supragingivalplaque3.freeze11.snv.filtered.bam	158883629-supragingivalplaque1.freeze11.snv.filtered.bam	158883629-supragingivalplaque3.freeze11.snv.filtered.bam	159268001-supragingivalplaque3.freeze11.snv.filtered.bam	160319967-supragingivalplaque1.freeze11.snv.filtered.bam	160421117-supragingivalplaque2.freeze11.snv.filtered.bam	160502038-supragingivalplaque2.freeze11.snv.filtered.bam	160502038-supragingivalplaque3.freeze11.snv.filtered.bam	160582958-supragingivalplaque1.freeze11.snv.filtered.bam	160582958-supragingivalplaque2.freeze11.snv.filtered.bam	160582958-supragingivalplaque3.freeze11.snv.filtered.bam	160603188-supragingivalplaque3.freeze11.snv.filtered.bam	338793263-supragingivalplaque2.freeze11.snv.filtered.bam	550534656-supragingivalplaque3.freeze11.snv.filtered.bam	604812005-supragingivalplaque3.freeze11.snv.filtered.bam	638754422-supragingivalplaque2.freeze11.snv.filtered.bam	638754422-supragingivalplaque3.freeze11.snv.filtered.bam	686765762-supragingivalplaque3.freeze11.snv.filtered.bam	763901136-supragingivalplaque3.freeze11.snv.filtered.bam	764062976-supragingivalplaque3.freeze11.snv.filtered.bam	764305738-supragingivalplaque1.freeze11.snv.filtered.bam	764366428-subgingivalplaque3.freeze11.snv.filtered.bam	764366428-supragingivalplaque2.freeze11.snv.filtered.bam	764366428-supragingivalplaque3.freeze11.snv.filtered.bam	764649650-supragingivalplaque1.freeze11.snv.filtered.bam	764811490-supragingivalplaque1.freeze11.snv.filtered.bam	765094712-supragingivalplaque3.freeze11.snv.filtered.bam	765620695-supragingivalplaque1.freeze11.snv.filtered.bam	765620695-supragingivalplaque2.freeze11.snv.filtered.bam	765701615-supragingivalplaque2.freeze11.snv.filtered.bam
158479027-supragingivalplaque2.freeze11.snv.filtered.bam	0.0	0.0927611763511	0.0924227554232	0.0902230193915	0.203323293512	0.10122169955	0.102203120241	0.180547565061	0.177637145081	0.162035940303	0.15002199736	0.197265558902	0.127584689837	0.100307963044	0.201631188873	0.147449998308	0.0814579173576	0.138921790924	0.109716064841	0.144641104606	0.134691529324	0.15002199736	0.176283461369	0.17872009205	0.18900808826	0.0914074926393	0.148262208535	0.172493146976	0.106467223933	0.176554198112	0.0373616704457
158802708-supragingivalplaque3.freeze11.snv.filtered.bam	0.0927611763511	0.0	0.0958069647027	0.0859927577921	0.172628515347	0.105282750685	0.105079698129	0.143253578801	0.128498426343	0.120545534536	0.109783749027	0.151747944093	0.12047785035	0.0973637009713	0.174625198822	0.109242275542	0.0825070222343	0.128430742157	0.118582693154	0.115503062709	0.107922433923	0.118785745711	0.15509831128	0.15279704897	0.168262885377	0.0782767606349	0.0723882364885	0.130055162611	0.115063115503	0.103049172561	0.0955700700531
158883629-supragingivalplaque1.freeze11.snv.filtered.bam	0.0924227554232	0.0958069647027	0.0	0.00497478764087	0.197062506345	0.0816609699144	0.08717723104	0.160174625199	0.151544891536	0.141020000677	0.129615215405	0.175640461606	0.124945006599	0.0837591796677	0.196453348675	0.127246268909	0.0425056685505	0.13015668889	0.0907644928762	0.136079055129	0.0903583877627	0.135639107922	0.172696199533	0.164946360283	0.186842194321	0.0479204033977	0.134556160953	0.138346475346	0.0982097532911	0.172425462791	0.0978374902704
158883629-supragingivalplaque3.freeze11.snv.filtered.bam	0.0902230193915	0.0859927577921	0.00497478764087	0.0	0.168939727233	0.0751971301905	0.0807810755017	0.131781109344	0.122880638939	0.112152695523	0.102609225354	0.143388947172	0.112558800636	0.0773291820366	0.154929100816	0.0995634370029	0.0487664557176	0.110697485533	0.0883955463806	0.112626484822	0.0816271278216	0.110866695996	0.146062472503	0.138346475346	0.160513046127	0.0475142982842	0.109919117398	0.112829537379	0.0901891772987	0.145960946225	0.0945209651765
159268001-supragingivalplaque3.freeze11.snv.filtered.bam	0.203323293512	0.172628515347	0.197062506345	0.168939727233	0.0	0.195573454262	0.200920504924	0.202680293749	0.201969609801	0.1442011574	0.139666316965	0.17435446208	0.188872719889	0.192290771261	0.210937764391	0.164675623541	0.169785779553	0.20014213679	0.206064503029	0.173440725574	0.0979390165488	0.109276117635	0.201665030966	0.205556871637	0.213645131815	0.161392940539	0.144471894142	0.167552201428	0.197333243088	0.199465294934	0.210227080443
160319967-supragingivalplaque1.freeze11.snv.filtered.bam	0.10122169955	0.105282750685	0.0816609699144	0.0751971301905	0.195573454262	0.0	0.101797015127	0.173136146739	0.16914277979	0.145520999019	0.139395580223	0.181122880639	0.138041896511	0.0971606484145	0.195099664963	0.137432738841	0.0722190260246	0.136417476057	0.012555416427	0.139835527429	0.120545534536	0.136654370706	0.173880672781	0.175268198585	0.186909878507	0.0767200243663	0.13597752885	0.154489153609	0.107685539274	0.171105621172	0.108091644387
160421117-supragingivalplaque2.freeze11.snv.filtered.bam	0.102203120241	0.105079698129	0.08717723104	0.0807810755017	0.200920504924	0.101797015127	0.0	0.173948356966	0.165623202139	0.147314629937	0.133371687705	0.183593353413	0.14166300044	0.0264645165657	0.20014213679	0.12700937426	0.0736065518292	0.136079055129	0.112152695523	0.142069105553	0.118582693154	0.139497106501	0.178144776473	0.177400250431	0.191207824292	0.0797658127179	0.137398896748	0.156451994991	0.0221327286879	0.175302040678	0.11418322109
160502038-supragingivalplaque2.freeze11.snv.filtered.bam	0.180547565061	0.143253578801	0.160174625199	0.131781109344	0.202680293749	0.173136146739	0.173948356966	0.0	0.00074452604149	0.149785102711	0.13936173813	0.188500456868	0.17411756743	0.162475887509	0.195979559376	0.0814240752648	0.143558157636	0.187992825476	0.183694879691	0.153000101526	0.153304680361	0.140546211378	0.190158719415	0.193170665674	0.201698873058	0.111780432502	0.149683576432	0.17411756743	0.175538935328	0.18149514366	0.187011404785
160502038-supragingivalplaque3.freeze11.snv.filtered.bam	0.177637145081	0.128498426343	0.151544891536	0.122880638939	0.201969609801	0.16914277979	0.165623202139	0.00074452604149	0.0	0.143490473451	0.129818267962	0.183356458763	0.167349148871	0.1554705743	0.196554874953	0.0771599715726	0.134996108159	0.184777826661	0.180547565061	0.146976209009	0.144776472977	0.136891265356	0.189278825003	0.191444718941	0.201089715388	0.102135436055	0.138008054418	0.167281464686	0.172019357677	0.170022674202	0.184710142475
160582958-supragingivalplaque1.freeze11.snv.filtered.bam	0.162035940303	0.120545534536	0.141020000677	0.112152695523	0.1442011574	0.145520999019	0.147314629937	0.149785102711	0.143490473451	0.0	0.0291718839893	0.00886662831229	0.143659683915	0.138651054181	0.167179938407	0.0936410707638	0.114758536668	0.152695522691	0.158516362652	0.125824901012	0.0935057023926	0.0461606145724	0.161088361704	0.159937730549	0.173609936038	0.0986497004975	0.110325222512	0.0455514569021	0.153270838269	0.160614572405	0.164675623541
160582958-supragingivalplaque2.freeze11.snv.filtered.bam	0.15002199736	0.109783749027	0.129615215405	0.102609225354	0.139666316965	0.139395580223	0.133371687705	0.13936173813	0.129818267962	0.0291718839893	0.0	0.0238925175133	0.133270161427	0.125960269383	0.165217097025	0.0912044400826	0.105722697892	0.149615892247	0.151883312464	0.118075061762	0.0777352871502	0.0699854479001	0.126738637517	0.12362516498	0.138583369996	0.0884632305662	0.104910487665	0.0805780229449	0.143219736709	0.155064469187	0.156519679177
160582958-supragingivalplaque3.freeze11.snv.filtered.bam	0.197265558902	0.151747944093	0.175640461606	0.143388947172	0.17435446208	0.181122880639	0.183593353413	0.188500456868	0.183356458763	0.00886662831229	0.0238925175133	0.0	0.179701512742	0.172493146976	0.196656401232	0.125384953806	0.148296050628	0.187992825476	0.193475244509	0.158719415209	0.124978848692	0.0536397170801	0.192020034519	0.193407560324	0.20474466141	0.131476530509	0.141358421605	0.0566855054317	0.187891299198	0.192223087076	0.198923821449
160603188-supragingivalplaque3.freeze11.snv.filtered.bam	0.127584689837	0.12047785035	0.124945006599	0.112558800636	0.188872719889	0.138041896511	0.14166300044	0.17411756743	0.167349148871	0.143659683915	0.133270161427	0.179701512742	0.0	0.12991979424	0.198145453315	0.13391316119	0.109445328099	0.158110257538	0.15340620664	0.143219736709	0.127550847744	0.142339842296	0.179396933906	0.17811093438	0.192324613354	0.106602592304	0.143795052286	0.145994788318	0.149920471082	0.181698196216	0.133879319097
338793263-supragingivalplaque2.freeze11.snv.filtered.bam	0.100307963044	0.0973637009713	0.0837591796677	0.0773291820366	0.192290771261	0.0971606484145	0.0264645165657	0.162475887509	0.1554705743	0.138651054181	0.125960269383	0.172493146976	0.12991979424	0.0	0.192696876375	0.118210430133	0.0648414497953	0.125824901012	0.10643338184	0.128396900064	0.107990118109	0.132119530272	0.170868726522	0.16866899049	0.183965616434	0.0722867102102	0.130867372838	0.144167315307	0.0321161460625	0.165487833768	0.112017327152
550534656-supragingivalplaque3.freeze11.snv.filtered.bam	0.201631188873	0.174625198822	0.196453348675	0.154929100816	0.210937764391	0.195099664963	0.20014213679	0.195979559376	0.196554874953	0.167179938407	0.165217097025	0.196656401232	0.198145453315	0.192696876375	0.0	0.168635148398	0.171173305357	0.199634505398	0.202138820265	0.171545568378	0.176824934854	0.163660360757	0.194896612407	0.199871400047	0.206098345122	0.155910521507	0.171173305357	0.184337879454	0.195979559376	0.195099664963	0.205929134658
604812005-supragingivalplaque3.freeze11.snv.filtered.bam	0.147449998308	0.109242275542	0.127246268909	0.0995634370029	0.164675623541	0.137432738841	0.12700937426	0.0814240752648	0.0771599715726	0.0936410707638	0.0912044400826	0.125384953806	0.13391316119	0.118210430133	0.168635148398	0.0	0.102203120241	0.150292734103	0.149818944804	0.116755220143	0.0951301228468	0.0936749128566	0.156587363363	0.154353785238	0.168465937934	0.0807133913161	0.112626484822	0.109276117635	0.139226369759	0.159396257065	0.15232325967
638754422-supragingivalplaque2.freeze11.snv.filtered.bam	0.0814579173576	0.0825070222343	0.0425056685505	0.0487664557176	0.169785779553	0.0722190260246	0.0736065518292	0.143558157636	0.134996108159	0.114758536668	0.105722697892	0.148296050628	0.109445328099	0.0648414497953	0.171173305357	0.102203120241	0.0	0.0233848861214	0.0853836001218	0.10836238113	0.0847067582659	0.108700802058	0.148972892484	0.145724051575	0.162983518901	0.046228298758	0.111374327388	0.120342481979	0.082540864327	0.152458628042	0.0887678094013
638754422-supragingivalplaque3.freeze11.snv.filtered.bam	0.138921790924	0.128430742157	0.13015668889	0.110697485533	0.20014213679	0.136417476057	0.136079055129	0.187992825476	0.184777826661	0.152695522691	0.149615892247	0.187992825476	0.158110257538	0.125824901012	0.199634505398	0.150292734103	0.0233848861214	0.0	0.145825577854	0.14734847203	0.140343158821	0.143828894379	0.184980879218	0.187857457105	0.197942400758	0.109783749027	0.152627838506	0.171105621172	0.136180581407	0.183491827135	0.143558157636
686765762-supragingivalplaque3.freeze11.snv.filtered.bam	0.109716064841	0.118582693154	0.0907644928762	0.0883955463806	0.206064503029	0.012555416427	0.112152695523	0.183694879691	0.180547565061	0.158516362652	0.151883312464	0.193475244509	0.15340620664	0.10643338184	0.202138820265	0.149818944804	0.0853836001218	0.145825577854	0.0	0.148939050391	0.1362144235	0.147788419236	0.182205827608	0.18501472131	0.19553961217	0.0910013875258	0.147382314122	0.168161359098	0.114792378761	0.178787776236	0.1169582727
763901136-supragingivalplaque3.freeze11.snv.filtered.bam	0.144641104606	0.115503062709	0.136079055129	0.112626484822	0.173440725574	0.139835527429	0.142069105553	0.153000101526	0.146976209009	0.125824901012	0.118075061762	0.158719415209	0.143219736709	0.128396900064	0.171545568378	0.116755220143	0.10836238113	0.14734847203	0.148939050391	0.0	0.119699482216	0.12156079732	0.159734677992	0.160377677756	0.171274831636	0.102135436055	0.125418795898	0.141527632069	0.147856103421	0.154692206166	0.148228366442
764062976-supragingivalplaque3.freeze11.snv.filtered.bam	0.134691529324	0.107922433923	0.0903583877627	0.0816271278216	0.0979390165488	0.120545534536	0.118582693154	0.153304680361	0.144776472977	0.0935057023926	0.0777352871502	0.124978848692	0.127550847744	0.107990118109	0.176824934854	0.0951301228468	0.0847067582659	0.140343158821	0.1362144235	0.119699482216	0.0	0.0700192899929	0.159430099157	0.157128836847	0.17205319977	0.0758401299536	0.080070391553	0.113066432028	0.12931063657	0.163660360757	0.143016684152
764305738-supragingivalplaque1.freeze11.snv.filtered.bam	0.15002199736	0.118785745711	0.135639107922	0.110866695996	0.109276117635	0.136654370706	0.139497106501	0.140546211378	0.136891265356	0.0461606145724	0.0699854479001	0.0536397170801	0.142339842296	0.132119530272	0.163660360757	0.0936749128566	0.108700802058	0.143828894379	0.147788419236	0.12156079732	0.0700192899929	0.0	0.155876679414	0.154759890352	0.168262885377	0.0982774374767	0.100646383972	0.052996717317	0.141358421605	0.154590679888	0.153203154083
764366428-subgingivalplaque3.freeze11.snv.filtered.bam	0.176283461369	0.15509831128	0.172696199533	0.146062472503	0.201665030966	0.173880672781	0.178144776473	0.190158719415	0.189278825003	0.161088361704	0.126738637517	0.192020034519	0.179396933906	0.170868726522	0.194896612407	0.156587363363	0.148972892484	0.184980879218	0.182205827608	0.159734677992	0.159430099157	0.155876679414	0.0	0.00081221022708	3.3842092795e-05	0.140377000914	0.162442045416	0.183153406207	0.175708145792	0.187823615012	0.181765880402
764366428-supragingivalplaque2.freeze11.snv.filtered.bam	0.17872009205	0.15279704897	0.164946360283	0.138346475346	0.205556871637	0.175268198585	0.177400250431	0.193170665674	0.191444718941	0.159937730549	0.12362516498	0.193407560324	0.17811093438	0.16866899049	0.199871400047	0.154353785238	0.145724051575	0.187857457105	0.18501472131	0.160377677756	0.157128836847	0.154759890352	0.00081221022708	0.0	0.00199668347491	0.133540898169	0.160885309148	0.18416866899	0.17811093438	0.192324613354	0.184507089918
764366428-supragingivalplaque3.freeze11.snv.filtered.bam	0.18900808826	0.168262885377	0.186842194321	0.160513046127	0.213645131815	0.186909878507	0.191207824292	0.201698873058	0.201089715388	0.173609936038	0.138583369996	0.20474466141	0.192324613354	0.183965616434	0.206098345122	0.168465937934	0.162983518901	0.197942400758	0.19553961217	0.171274831636	0.17205319977	0.168262885377	3.3842092795e-05	0.00199668347491	0.0	0.154184574774	0.175843514163	0.195844191005	0.187958983384	0.199262242377	0.19469355985
764649650-supragingivalplaque1.freeze11.snv.filtered.bam	0.0914074926393	0.0782767606349	0.0479204033977	0.0475142982842	0.161392940539	0.0767200243663	0.0797658127179	0.111780432502	0.102135436055	0.0986497004975	0.0884632305662	0.131476530509	0.106602592304	0.0722867102102	0.155910521507	0.0807133913161	0.046228298758	0.109783749027	0.0910013875258	0.102135436055	0.0758401299536	0.0982774374767	0.140377000914	0.133540898169	0.154184574774	0.0	0.100443331416	0.104098277437	0.0901553352059	0.140173948357	0.0988527530542
764811490-supragingivalplaque1.freeze11.snv.filtered.bam	0.148262208535	0.0723882364885	0.134556160953	0.109919117398	0.144471894142	0.13597752885	0.137398896748	0.149683576432	0.138008054418	0.110325222512	0.104910487665	0.141358421605	0.143795052286	0.130867372838	0.171173305357	0.112626484822	0.111374327388	0.152627838506	0.147382314122	0.125418795898	0.080070391553	0.100646383972	0.162442045416	0.160885309148	0.175843514163	0.100443331416	0.0	0.123929743815	0.143761210193	0.11150969576	0.155369048022
765094712-supragingivalplaque3.freeze11.snv.filtered.bam	0.172493146976	0.130055162611	0.138346475346	0.112829537379	0.167552201428	0.154489153609	0.156451994991	0.17411756743	0.167281464686	0.0455514569021	0.0805780229449	0.0566855054317	0.145994788318	0.144167315307	0.184337879454	0.109276117635	0.120342481979	0.171105621172	0.168161359098	0.141527632069	0.113066432028	0.052996717317	0.183153406207	0.18416866899	0.195844191005	0.104098277437	0.123929743815	0.0	0.1634573082	0.181799722495	0.174895935565
765620695-supragingivalplaque1.freeze11.snv.filtered.bam	0.106467223933	0.115063115503	0.0982097532911	0.0901891772987	0.197333243088	0.107685539274	0.0221327286879	0.175538935328	0.172019357677	0.153270838269	0.143219736709	0.187891299198	0.149920471082	0.0321161460625	0.195979559376	0.139226369759	0.082540864327	0.136180581407	0.114792378761	0.147856103421	0.12931063657	0.141358421605	0.175708145792	0.17811093438	0.187958983384	0.0901553352059	0.143761210193	0.1634573082	0.0	0.171274831636	0.118548851061
765620695-supragingivalplaque2.freeze11.snv.filtered.bam	0.176554198112	0.103049172561	0.172425462791	0.145960946225	0.199465294934	0.171105621172	0.175302040678	0.18149514366	0.170022674202	0.160614572405	0.155064469187	0.192223087076	0.181698196216	0.165487833768	0.195099664963	0.159396257065	0.152458628042	0.183491827135	0.178787776236	0.154692206166	0.163660360757	0.154590679888	0.187823615012	0.192324613354	0.199262242377	0.140173948357	0.11150969576	0.181799722495	0.171274831636	0.0	0.180006091577
765701615-supragingivalplaque2.freeze11.snv.filtered.bam	0.0373616704457	0.0955700700531	0.0978374902704	0.0945209651765	0.210227080443	0.108091644387	0.11418322109	0.187011404785	0.184710142475	0.164675623541	0.156519679177	0.198923821449	0.133879319097	0.112017327152	0.205929134658	0.15232325967	0.0887678094013	0.143558157636	0.1169582727	0.148228366442	0.143016684152	0.153203154083	0.181765880402	0.184507089918	0.19469355985	0.0988527530542	0.155369048022	0.174895935565	0.118548851061	0.180006091577	0.0
