	147406386-supragingivalplaque3.freeze11.snv.filtered.bam	158499257-supragingivalplaque2.freeze11.snv.filtered.bam	159369152-supragingivalplaque1.freeze11.snv.filtered.bam	159551223-supragingivalplaque1.freeze11.snv.filtered.bam	159551223-supragingivalplaque2.freeze11.snv.filtered.bam	159611913-supragingivalplaque2.freeze11.snv.filtered.bam	160158126-supragingivalplaque1.freeze11.snv.filtered.bam	160158126-supragingivalplaque2.freeze11.snv.filtered.bam	160319967-supragingivalplaque3.freeze11.snv.filtered.bam	160380657-tonguedorsum1.freeze11.snv.filtered.bam	160380657-tonguedorsum2.freeze11.snv.filtered.bam	160421117-supragingivalplaque2.freeze11.snv.filtered.bam	160421117-supragingivalplaque3.freeze11.snv.filtered.bam	160582958-supragingivalplaque1.freeze11.snv.filtered.bam	404239096-supragingivalplaque2.freeze11.snv.filtered.bam	675950834-supragingivalplaque3.freeze11.snv.filtered.bam	706846339-supragingivalplaque1.freeze11.snv.filtered.bam	706846339-supragingivalplaque2.freeze11.snv.filtered.bam	737052003-supragingivalplaque1.freeze11.snv.filtered.bam	737052003-supragingivalplaque2.freeze11.snv.filtered.bam	763901136-supragingivalplaque1.freeze11.snv.filtered.bam	763901136-supragingivalplaque2.freeze11.snv.filtered.bam	763901136-supragingivalplaque3.freeze11.snv.filtered.bam	763961826-supragingivalplaque2.freeze11.snv.filtered.bam	763982056-supragingivalplaque2.freeze11.snv.filtered.bam	764325968-supragingivalplaque2.freeze11.snv.filtered.bam	764366428-subgingivalplaque3.freeze11.snv.filtered.bam	765013792-supragingivalplaque1.freeze11.snv.filtered.bam	765701615-supragingivalplaque2.freeze11.snv.filtered.bam
147406386-supragingivalplaque3.freeze11.snv.filtered.bam	0.0	0.164926745359	0.144032860787	0.158787591198	0.173512663859	0.133519188564	0.170042707159	0.150779998814	0.1223827036	0.169597840916	0.153834747019	0.126253039919	0.150928287562	0.183062459221	0.144581529154	0.117859896791	0.125674713803	0.107450026692	0.163191767009	0.158031318584	0.145293315143	0.119416928643	0.115398303577	0.149415742333	0.151032089685	0.128596002135	0.160522569547	0.118215789786	0.152159084169
158499257-supragingivalplaque2.freeze11.snv.filtered.bam	0.164926745359	0.0	0.156622575479	0.163340055757	0.178346877039	0.132970520197	0.167002787828	0.149667833205	0.130271664986	0.173364375111	0.157067441723	0.129752654369	0.158579986951	0.180660181505	0.145204341895	0.119817308263	0.1327925737	0.108221128181	0.168945370425	0.164007355122	0.15278189691	0.121151906993	0.119253811021	0.158283409455	0.157037783973	0.136158728276	0.161145382288	0.118497538407	0.161605077407
159369152-supragingivalplaque1.freeze11.snv.filtered.bam	0.144032860787	0.156622575479	0.0	0.148703956344	0.164111157245	0.117785752417	0.160300136426	0.139702829349	0.108562192301	0.158327896079	0.141971647191	0.110771694644	0.137552642505	0.176003914823	0.134987247168	0.102971706507	0.104098700991	0.0919390236669	0.149919924076	0.144611186903	0.119802479388	0.100673230915	0.0949196274987	0.133192953319	0.138857583487	0.114983095083	0.148555667596	0.105804021591	0.118556853906
159551223-supragingivalplaque1.freeze11.snv.filtered.bam	0.158787591198	0.163340055757	0.148703956344	0.0	0.00551634142001	0.122946200842	0.170754493149	0.143617652293	0.110000593155	0.167981493564	0.151877335548	0.104706684857	0.135254166914	0.17791683967	0.130271664986	0.104113529865	0.109214662791	0.0836941692864	0.163191767009	0.157749569963	0.139480396228	0.112046977875	0.109881962157	0.144077347411	0.142386855685	0.119164837772	0.15207011092	0.102927219883	0.152144255294
159551223-supragingivalplaque2.freeze11.snv.filtered.bam	0.173512663859	0.178346877039	0.164111157245	0.00551634142001	0.0	0.148748442968	0.185286790438	0.167729402693	0.136010439528	0.182276528857	0.165964766594	0.130479269233	0.151106234059	0.191559404472	0.155940447239	0.13136900172	0.136395990272	0.118645827155	0.177679577674	0.172311525001	0.162554125393	0.136277359274	0.132169760959	0.158817248947	0.156726377602	0.141897502817	0.165223322854	0.12690551041	0.168144611187
159611913-supragingivalplaque2.freeze11.snv.filtered.bam	0.133519188564	0.132970520197	0.117785752417	0.122946200842	0.148748442968	0.0	0.0378581173261	0.0287976748324	0.0875645056053	0.142238566938	0.126772050537	0.0916424461712	0.121270537992	0.153923720268	0.107865235186	0.0817515866896	0.0875941633549	0.0626964825909	0.136410819147	0.131161397473	0.104454593985	0.0852660300136	0.0813067204461	0.124251141823	0.125437451806	0.095379322617	0.132540482828	0.0854439765111	0.101696423275
160158126-supragingivalplaque1.freeze11.snv.filtered.bam	0.170042707159	0.167002787828	0.160300136426	0.170754493149	0.185286790438	0.0378581173261	0.0	0.00530873717302	0.13412717243	0.179014176404	0.162717243016	0.134394092176	0.161797852779	0.18656207367	0.147814223857	0.126712735038	0.136114241651	0.111898689127	0.172993653242	0.167358680823	0.155095201376	0.126712735038	0.123865591079	0.161871997153	0.163755264251	0.137078118512	0.166632065959	0.125022243312	0.163399371256
160158126-supragingivalplaque2.freeze11.snv.filtered.bam	0.150779998814	0.149667833205	0.139702829349	0.143617652293	0.167729402693	0.0287976748324	0.00530873717302	0.0	0.106827213951	0.160893291417	0.145011566522	0.109125689543	0.140755679459	0.16930126342	0.122946200842	0.0989085948158	0.108428732428	0.0794234533484	0.154368586512	0.148822587342	0.125941633549	0.102230262768	0.0990568835637	0.142653775432	0.144774304526	0.11206180675	0.149000533839	0.100806690788	0.14140814995
160319967-supragingivalplaque3.freeze11.snv.filtered.bam	0.1223827036	0.130271664986	0.108562192301	0.110000593155	0.136010439528	0.0875645056053	0.13412717243	0.106827213951	0.0	0.135446942286	0.119550388517	0.0782816299899	0.109288807165	0.149074678213	0.0993534610594	0.0475117148111	0.0780443679934	0.0528649386085	0.127721098523	0.122115783854	0.0979595468296	0.0646390651877	0.0655436265496	0.112936710362	0.112565988493	0.0768135713862	0.12479981019	0.0652915356783	0.110919983392
160380657-tonguedorsum1.freeze11.snv.filtered.bam	0.169597840916	0.173364375111	0.158327896079	0.167981493564	0.182276528857	0.142238566938	0.179014176404	0.160893291417	0.135446942286	0.0	0.000459695118334	0.13483895842	0.159380746189	0.192286019337	0.154442730886	0.128343911264	0.136455305771	0.11587282757	0.173038139866	0.167833204816	0.155332463373	0.129737825494	0.125763687051	0.158505842577	0.161960970402	0.137033631888	0.168708108429	0.128714633134	0.162109259149
160380657-tonguedorsum2.freeze11.snv.filtered.bam	0.153834747019	0.157067441723	0.141971647191	0.151877335548	0.165964766594	0.126772050537	0.162717243016	0.145011566522	0.119550388517	0.000459695118334	0.0	0.119372442019	0.143914229788	0.175618364079	0.138234770746	0.112536330743	0.120558752002	0.100673230915	0.15619253811	0.151343496056	0.139183818732	0.11416750697	0.110193368527	0.141882673943	0.145471261641	0.12170057536	0.153419538525	0.113351918856	0.145619550389
160421117-supragingivalplaque2.freeze11.snv.filtered.bam	0.126253039919	0.129752654369	0.110771694644	0.104706684857	0.130479269233	0.0916424461712	0.134394092176	0.109125689543	0.0782816299899	0.13483895842	0.119372442019	0.0	0.00407794056587	0.149104335963	0.102007829646	0.0707040749748	0.0772732665045	0.0561569488107	0.12758763865	0.121937837357	0.10381695237	0.0804763034581	0.0773029242541	0.104454593985	0.108146983807	0.0858295272555	0.123509698084	0.0730173794412	0.113322261107
160421117-supragingivalplaque3.freeze11.snv.filtered.bam	0.150928287562	0.158579986951	0.137552642505	0.135254166914	0.151106234059	0.121270537992	0.161797852779	0.140755679459	0.109288807165	0.159380746189	0.143914229788	0.00407794056587	0.0	0.17277122012	0.132318049706	0.102408209265	0.10793937956	0.0899371255709	0.153997864642	0.148303576725	0.135669375408	0.109096031793	0.105314668723	0.128329082389	0.131457974969	0.114834806335	0.146791031497	0.0991458568124	0.142994839552
160582958-supragingivalplaque1.freeze11.snv.filtered.bam	0.183062459221	0.180660181505	0.176003914823	0.17791683967	0.191559404472	0.153923720268	0.18656207367	0.16930126342	0.149074678213	0.192286019337	0.175618364079	0.149104335963	0.17277122012	0.0	0.0475562014354	0.142119935939	0.150320303695	0.129841627617	0.189957885996	0.184411886826	0.172326353876	0.144462898155	0.14134883445	0.173305059612	0.174298594223	0.134542380924	0.174802775965	0.140577732962	0.178984518655
404239096-supragingivalplaque2.freeze11.snv.filtered.bam	0.144581529154	0.145204341895	0.134987247168	0.130271664986	0.155940447239	0.107865235186	0.147814223857	0.122946200842	0.0993534610594	0.154442730886	0.138234770746	0.102007829646	0.132318049706	0.0475562014354	0.0	0.0932291357732	0.101518476778	0.0765169938905	0.149712319829	0.143869743164	0.123880419954	0.0992051723115	0.0960466219823	0.133934397058	0.1327332582	0.0775253573759	0.140118037843	0.0941633548846	0.136559107895
675950834-supragingivalplaque3.freeze11.snv.filtered.bam	0.117859896791	0.119817308263	0.102971706507	0.104113529865	0.13136900172	0.0817515866896	0.126712735038	0.0989085948158	0.0475117148111	0.128343911264	0.112536330743	0.0707040749748	0.102408209265	0.142119935939	0.0932291357732	0.0	0.061584316982	0.0444273088558	0.117874725666	0.112477015244	0.0765021650157	0.0393854914289	0.040898036657	0.103639005872	0.10549261522	0.077451213002	0.114034047097	0.0354706684857	0.105566759594
706846339-supragingivalplaque1.freeze11.snv.filtered.bam	0.125674713803	0.1327925737	0.104098700991	0.109214662791	0.136395990272	0.0875941633549	0.136114241651	0.108428732428	0.0780443679934	0.136455305771	0.120558752002	0.0772732665045	0.10793937956	0.150320303695	0.101518476778	0.061584316982	0.0	0.0544516282105	0.1275579809	0.122264072602	0.0951568894952	0.0746782134172	0.0710747968444	0.111216560887	0.0878462542262	0.0864671688712	0.126401328667	0.0765169938905	0.105344326473
706846339-supragingivalplaque2.freeze11.snv.filtered.bam	0.107450026692	0.108221128181	0.0919390236669	0.0836941692864	0.118645827155	0.0626964825909	0.111898689127	0.0794234533484	0.0528649386085	0.11587282757	0.100673230915	0.0561569488107	0.0899371255709	0.129841627617	0.0765169938905	0.0444273088558	0.0544516282105	0.0	0.107731775313	0.102022658521	0.0774660418767	0.0532801471024	0.0514858532535	0.092621151907	0.0944747612551	0.0632748087075	0.0950234296222	0.0509965003856	0.0913013820511
737052003-supragingivalplaque1.freeze11.snv.filtered.bam	0.163191767009	0.168945370425	0.149919924076	0.163191767009	0.177679577674	0.136410819147	0.172993653242	0.154368586512	0.127721098523	0.173038139866	0.15619253811	0.12758763865	0.153997864642	0.189957885996	0.149712319829	0.117874725666	0.1275579809	0.107731775313	0.0	0.000103802123495	0.147932854855	0.11962453289	0.116035945192	0.149934752951	0.153063645531	0.132466338454	0.163992526247	0.121107420369	0.153864404769
737052003-supragingivalplaque2.freeze11.snv.filtered.bam	0.158031318584	0.164007355122	0.144611186903	0.157749569963	0.172311525001	0.131161397473	0.167358680823	0.148822587342	0.122115783854	0.167833204816	0.151343496056	0.121937837357	0.148303576725	0.184411886826	0.143869743164	0.112477015244	0.122264072602	0.102022658521	0.000103802123495	0.0	0.142312711311	0.114211993594	0.110742036894	0.144314609407	0.147710421733	0.127439349902	0.158787591198	0.115680052198	0.148644640845
763901136-supragingivalplaque1.freeze11.snv.filtered.bam	0.145293315143	0.15278189691	0.119802479388	0.139480396228	0.162554125393	0.104454593985	0.155095201376	0.125941633549	0.0979595468296	0.155332463373	0.139183818732	0.10381695237	0.135669375408	0.172326353876	0.123880419954	0.0765021650157	0.0951568894952	0.0774660418767	0.147932854855	0.142312711311	0.0	0.00183878047334	0.00155703185242	0.13344504419	0.137434011507	0.106827213951	0.147399015363	0.0918203926686	0.12210095498
763901136-supragingivalplaque2.freeze11.snv.filtered.bam	0.119416928643	0.121151906993	0.100673230915	0.112046977875	0.136277359274	0.0852660300136	0.126712735038	0.102230262768	0.0646390651877	0.129737825494	0.11416750697	0.0804763034581	0.109096031793	0.144462898155	0.0992051723115	0.0393854914289	0.0746782134172	0.0532801471024	0.11962453289	0.114211993594	0.00183878047334	0.0	0.000103802123495	0.107687288689	0.110386143899	0.0829823832968	0.119802479388	0.055726911442	0.101266385907
763901136-supragingivalplaque3.freeze11.snv.filtered.bam	0.115398303577	0.119253811021	0.0949196274987	0.109881962157	0.132169760959	0.0813067204461	0.123865591079	0.0990568835637	0.0655436265496	0.125763687051	0.110193368527	0.0773029242541	0.105314668723	0.14134883445	0.0960466219823	0.040898036657	0.0710747968444	0.0514858532535	0.116035945192	0.110742036894	0.00155703185242	0.000103802123495	0.0	0.103372086126	0.106678925203	0.0800759238389	0.116688415683	0.0579364137849	0.0959428198588
763961826-supragingivalplaque2.freeze11.snv.filtered.bam	0.149415742333	0.158283409455	0.133192953319	0.144077347411	0.158817248947	0.124251141823	0.161871997153	0.142653775432	0.112936710362	0.158505842577	0.141882673943	0.104454593985	0.128329082389	0.173305059612	0.133934397058	0.103639005872	0.111216560887	0.092621151907	0.149934752951	0.144314609407	0.13344504419	0.107687288689	0.103372086126	0.0	0.134631354173	0.114894121834	0.148540838721	0.104187674239	0.141304347826
763982056-supragingivalplaque2.freeze11.snv.filtered.bam	0.151032089685	0.157037783973	0.138857583487	0.142386855685	0.156726377602	0.125437451806	0.163755264251	0.144774304526	0.112565988493	0.161960970402	0.145471261641	0.108146983807	0.131457974969	0.174298594223	0.1327332582	0.10549261522	0.0878462542262	0.0944747612551	0.153063645531	0.147710421733	0.137434011507	0.110386143899	0.106678925203	0.134631354173	0.0	0.117978527789	0.150513079068	0.105922652589	0.14134883445
764325968-supragingivalplaque2.freeze11.snv.filtered.bam	0.128596002135	0.136158728276	0.114983095083	0.119164837772	0.141897502817	0.095379322617	0.137078118512	0.11206180675	0.0768135713862	0.137033631888	0.12170057536	0.0858295272555	0.114834806335	0.134542380924	0.0775253573759	0.077451213002	0.0864671688712	0.0632748087075	0.132466338454	0.127439349902	0.106827213951	0.0829823832968	0.0800759238389	0.114894121834	0.117978527789	0.0	0.127646954149	0.0798386618423	0.118126816537
764366428-subgingivalplaque3.freeze11.snv.filtered.bam	0.160522569547	0.161145382288	0.148555667596	0.15207011092	0.165223322854	0.132540482828	0.166632065959	0.149000533839	0.12479981019	0.168708108429	0.153419538525	0.123509698084	0.146791031497	0.174802775965	0.140118037843	0.114034047097	0.126401328667	0.0950234296222	0.163992526247	0.158787591198	0.147399015363	0.119802479388	0.116688415683	0.148540838721	0.150513079068	0.127646954149	0.0	0.113515036479	0.153197105404
765013792-supragingivalplaque1.freeze11.snv.filtered.bam	0.118215789786	0.118497538407	0.105804021591	0.102927219883	0.12690551041	0.0854439765111	0.125022243312	0.100806690788	0.0652915356783	0.128714633134	0.113351918856	0.0730173794412	0.0991458568124	0.140577732962	0.0941633548846	0.0354706684857	0.0765169938905	0.0509965003856	0.121107420369	0.115680052198	0.0918203926686	0.055726911442	0.0579364137849	0.104187674239	0.105922652589	0.0798386618423	0.113515036479	0.0	0.107761433062
765701615-supragingivalplaque2.freeze11.snv.filtered.bam	0.152159084169	0.161605077407	0.118556853906	0.152144255294	0.168144611187	0.101696423275	0.163399371256	0.14140814995	0.110919983392	0.162109259149	0.145619550389	0.113322261107	0.142994839552	0.178984518655	0.136559107895	0.105566759594	0.105344326473	0.0913013820511	0.153864404769	0.148644640845	0.12210095498	0.101266385907	0.0959428198588	0.141304347826	0.14134883445	0.118126816537	0.153197105404	0.107761433062	0.0
