	158337416-stool1.freeze11.snv.filtered.bam	158337416-stool2.freeze11.snv.filtered.bam	158479027-stool1.freeze11.snv.filtered.bam	158479027-stool2.freeze11.snv.filtered.bam	158802708-stool1.freeze11.snv.filtered.bam	158944319-stool1.freeze11.snv.filtered.bam	159207311-stool1.freeze11.snv.filtered.bam	159268001-stool1.freeze11.snv.filtered.bam	159268001-stool2.freeze11.snv.filtered.bam	159369152-stool2.freeze11.snv.filtered.bam	159551223-stool2.freeze11.snv.filtered.bam	159611913-stool1.freeze11.snv.filtered.bam	159753524-stool1.freeze11.snv.filtered.bam	159753524-stool2.freeze11.snv.filtered.bam	160178356-stool1.freeze11.snv.filtered.bam	160178356-stool2.freeze11.snv.filtered.bam	160502038-stool3.freeze11.snv.filtered.bam	508703490-stool1.freeze11.snv.filtered.bam	737052003-stool1.freeze11.snv.filtered.bam	763536994-stool1.freeze11.snv.filtered.bam	763536994-stool2.freeze11.snv.filtered.bam	763678604-stool1.freeze11.snv.filtered.bam	763678604-stool2.freeze11.snv.filtered.bam	763759525-stool1.freeze11.snv.filtered.bam	763840445-stool2.freeze11.snv.filtered.bam	763860675-stool1.freeze11.snv.filtered.bam	763860675-stool2.freeze11.snv.filtered.bam	763901136-stool1.freeze11.snv.filtered.bam	764062976-stool2.freeze11.snv.filtered.bam	764143897-stool2.freeze11.snv.filtered.bam	764285508-stool2.freeze11.snv.filtered.bam	764325968-stool1.freeze11.snv.filtered.bam	764325968-stool2.freeze11.snv.filtered.bam	764366428-stool2.freeze11.snv.filtered.bam	764366428-stool3.freeze11.snv.filtered.bam	764487809-stool1.freeze11.snv.filtered.bam	764487809-stool2.freeze11.snv.filtered.bam	764649650-stool2.freeze11.snv.filtered.bam	765013792-stool1.freeze11.snv.filtered.bam	765135172-stool3.freeze11.snv.filtered.bam	765337473-stool2.freeze11.snv.filtered.bam
158337416-stool1.freeze11.snv.filtered.bam	0.0	0.000113782902223	0.173721206604	0.169018179979	0.147879845255	0.165200131482	0.176224430453	0.184416799413	0.184328301601	0.174239550937	0.166350603049	0.148334976864	0.164669144605	0.165604692913	0.184922501201	0.171723684543	0.152684012238	0.14031960353	0.160307466687	0.14193784925	0.155832005866	0.159409846014	0.145288123594	0.164846140231	0.159763837265	0.164416293712	0.153543705277	0.174719967635	0.175680801032	0.157475536676	0.145945535917	0.164555361703	0.172330526688	0.163948519558	0.167589572429	0.181483729045	0.182608915523	0.169018179979	0.145401906496	0.156514703279	0.160838453564
158337416-stool2.freeze11.snv.filtered.bam	0.000113782902223	0.0	0.169713519937	0.165351842019	0.144466358189	0.161597006245	0.172039748161	0.180232117121	0.180143619308	0.170383574806	0.161786644416	0.144769779261	0.160838453564	0.161306227718	0.180548180738	0.167652785153	0.148891248831	0.136893473918	0.156021644037	0.138372651647	0.151900174467	0.155414801891	0.141583857999	0.160623530304	0.156995119978	0.160231611419	0.149548661155	0.170345647172	0.171458191105	0.153783913626	0.142203342689	0.160838453564	0.168487193102	0.160105185972	0.163569243217	0.17718526385	0.178348377962	0.164959923133	0.141988419429	0.15282308023	0.156868694531
158479027-stool1.freeze11.snv.filtered.bam	0.173721206604	0.169713519937	0.0	0.0	0.171685756909	0.17187539508	0.178664441579	0.187526865407	0.187400439961	0.177602467825	0.170939846772	0.172292599054	0.168221699664	0.172507522314	0.186970593441	0.175288882146	0.15956155655	0.162342916382	0.167880350957	0.147740777264	0.162570482187	0.163948519558	0.149447520797	0.172823585931	0.161116589547	0.171786897267	0.160724670662	0.17777946345	0.179688487699	0.163619813396	0.152974790766	0.0522895648436	0.0546031505221	0.168082631672	0.171546688918	0.184505297226	0.185390275355	0.167147083365	0.168891754532	0.164934638044	0.167703355331
158479027-stool2.freeze11.snv.filtered.bam	0.169018179979	0.165351842019	0.0	0.0	0.166982730284	0.167399934259	0.173721206604	0.182469847531	0.182419277352	0.172912083744	0.166047181977	0.167614857519	0.163632455941	0.167728640421	0.182216996637	0.170434144985	0.155402159347	0.157829527927	0.163076183974	0.143556094971	0.157981238464	0.159359275835	0.145288123594	0.167994133859	0.157146830514	0.166970087739	0.156287137475	0.173266074996	0.174631469822	0.159359275835	0.148524615035	0.0510126678298	0.0532630407848	0.163670383575	0.167020657918	0.179486206984	0.180333257478	0.16244405674	0.164327795899	0.160433892134	0.163265822145
158802708-stool1.freeze11.snv.filtered.bam	0.147879845255	0.144466358189	0.171685756909	0.166982730284	0.0	0.16920781815	0.172810943387	0.181850362841	0.181938860654	0.170510000253	0.164315153354	0.00656148069483	0.150117575666	0.159574199095	0.182141141369	0.169789375205	0.147740777264	0.00520872841285	0.153354067107	0.13622341905	0.141861993982	0.14951073352	0.13600849579	0.158626008243	0.157260613416	0.140787377683	0.131710030595	0.17163518673	0.172810943387	0.144984702521	0.137778452047	0.164833497686	0.172823585931	0.160560317581	0.163935877013	0.179195428456	0.180232117121	0.165377127108	0.00482945207211	0.161445295709	0.156464133101
158944319-stool1.freeze11.snv.filtered.bam	0.165200131482	0.161597006245	0.17187539508	0.167399934259	0.16920781815	0.0	0.172115603429	0.180105691674	0.180055121495	0.170156009001	0.161483223343	0.169966370831	0.160787883385	0.165465624921	0.180333257478	0.168082631672	0.153063288579	0.159258135478	0.159827049989	0.140205820628	0.154959670282	0.157791600293	0.14360666515	0.16470707224	0.157033047612	0.166527598675	0.155225163721	0.171432906015	0.171938607803	0.154150547422	0.146906369314	0.164997850767	0.172494879769	0.158436370073	0.161875142229	0.176553136615	0.177438114744	0.167842423323	0.16651495613	0.108017901843	0.162406129106
159207311-stool1.freeze11.snv.filtered.bam	0.176224430453	0.172039748161	0.178664441579	0.173721206604	0.172810943387	0.172115603429	0.0	0.173632708792	0.173759134239	0.165124276214	0.151268047233	0.172735088119	0.171559331462	0.17430276366	0.170750208602	0.15565501024	0.161963640041	0.163164681787	0.168714758907	0.14872689575	0.162557839642	0.167665427697	0.15239323371	0.173910844775	0.154125262333	0.172773015753	0.161141874637	0.164744999874	0.157867455561	0.164909352955	0.15322764166	0.170370932261	0.178348377962	0.16573111836	0.169119320337	0.164479506435	0.165288629295	0.173228147362	0.169700877393	0.167475789527	0.171268552934
159268001-stool1.freeze11.snv.filtered.bam	0.184416799413	0.180232117121	0.187526865407	0.182469847531	0.181850362841	0.180105691674	0.173632708792	0.0	0.000164353080988	0.153935624162	0.16570583327	0.181989430833	0.179776985512	0.182014715922	0.177526612557	0.168044704038	0.171963892892	0.171698399454	0.175642873398	0.155971073858	0.1706364257	0.176982983135	0.160863738653	0.181357303598	0.157993881008	0.180396470202	0.168234342208	0.165528837644	0.171837467445	0.174037270222	0.160307466687	0.179132215732	0.187299299603	0.173860274596	0.177640395459	0.179081645554	0.180080406584	0.181635439581	0.178740296847	0.176300285722	0.180801031632
159268001-stool2.freeze11.snv.filtered.bam	0.184328301601	0.180143619308	0.187400439961	0.182419277352	0.181938860654	0.180055121495	0.173759134239	0.000164353080988	0.0	0.153897696528	0.165566765279	0.18209057119	0.179802270601	0.182166426458	0.177539255101	0.167981491315	0.172039748161	0.171748969633	0.175769298844	0.156110141849	0.170674353334	0.176919770411	0.160964879011	0.181521656679	0.158208804268	0.180358542567	0.168133201851	0.165566765279	0.17163518673	0.17389820223	0.160358036866	0.178980505196	0.187172874156	0.173657993881	0.177476042378	0.178854079749	0.17982755569	0.181534299224	0.178816152115	0.176312928266	0.180813674176
159369152-stool2.freeze11.snv.filtered.bam	0.174239550937	0.170383574806	0.177602467825	0.172912083744	0.170510000253	0.170156009001	0.165124276214	0.153935624162	0.153897696528	0.0	0.153986194341	0.17082606387	0.168234342208	0.169991655921	0.168032061493	0.157538749399	0.158714506056	0.161066019368	0.164428936256	0.144896204708	0.159030569673	0.165832258717	0.151343902501	0.170408859895	0.152987433311	0.168790614175	0.157551391944	0.156957192344	0.164959923133	0.163392247592	0.149877367316	0.168537763281	0.176831272599	0.163607170851	0.167185010999	0.170143366457	0.171053629675	0.170737566057	0.167501074616	0.166274747781	0.16713444082
159551223-stool2.freeze11.snv.filtered.bam	0.166350603049	0.161786644416	0.170939846772	0.166047181977	0.164315153354	0.161483223343	0.151268047233	0.16570583327	0.165566765279	0.153986194341	0.0	0.164214012997	0.160459177223	0.163101469064	0.164049659916	0.145136413057	0.149156742269	0.152266808263	0.15608485676	0.135667147083	0.150294571291	0.156527345824	0.13886571089	0.163518673039	0.143619307694	0.160762598296	0.146779943867	0.153429922375	0.1478924878	0.154593036486	0.137740524413	0.161103947002	0.17085134896	0.153379352196	0.157766315204	0.15629978002	0.157475536676	0.164517434069	0.160446534679	0.15772838757	0.15934663329
159611913-stool1.freeze11.snv.filtered.bam	0.148334976864	0.144769779261	0.172292599054	0.167614857519	0.00656148069483	0.169966370831	0.172735088119	0.181989430833	0.18209057119	0.17082606387	0.164214012997	0.0	0.150888770892	0.160497104857	0.182570987888	0.169726162482	0.148688968116	0.00647298288199	0.154264330324	0.136400414675	0.14255733394	0.150180788389	0.136678550659	0.159599484184	0.157361753774	0.142114844876	0.132948999975	0.171723684543	0.173202862272	0.145490404309	0.138511719639	0.165351842019	0.173266074996	0.161002806645	0.164428936256	0.179271283724	0.180307972389	0.16589547144	0.00604313636249	0.161976282586	0.157437609042
159753524-stool1.freeze11.snv.filtered.bam	0.164669144605	0.160838453564	0.168221699664	0.163632455941	0.150117575666	0.160787883385	0.171559331462	0.179776985512	0.179802270601	0.168234342208	0.160459177223	0.150888770892	0.0	0.141293079471	0.179309211358	0.167425219348	0.128802245316	0.141267794382	0.135856785254	0.125856532403	0.139738046474	0.156830766897	0.142633189208	0.141925206706	0.155591797517	0.147728134719	0.137601456421	0.170762851147	0.170383574806	0.144643353814	0.130774482288	0.162747477812	0.170598498066	0.156021644037	0.159182280209	0.177248476573	0.178272522693	0.154517181218	0.147424713646	0.154947027738	0.137904877494
159753524-stool2.freeze11.snv.filtered.bam	0.165604692913	0.161306227718	0.172507522314	0.167728640421	0.159574199095	0.165465624921	0.17430276366	0.182014715922	0.182166426458	0.169991655921	0.163101469064	0.160497104857	0.141293079471	0.0	0.180383827657	0.168879111988	0.0761334041316	0.150383069104	0.0117702091077	0.128878100584	0.139573693393	0.156691698905	0.142456193583	0.0117322814736	0.15670434145	0.144719209082	0.13439025007	0.171167412577	0.172027105616	0.144984702521	0.129232091835	0.16489671041	0.172848871021	0.152241523174	0.155642367696	0.177817391084	0.17901843283	0.160914308832	0.156729626539	0.160117828517	0.0852866064882
160178356-stool1.freeze11.snv.filtered.bam	0.184922501201	0.180548180738	0.186970593441	0.182216996637	0.182141141369	0.180333257478	0.170750208602	0.177526612557	0.177539255101	0.168032061493	0.164049659916	0.182570987888	0.179309211358	0.180383827657	0.0	0.165010493312	0.169561809401	0.172393739412	0.174353333839	0.156072214215	0.169650307214	0.175794583934	0.159877620167	0.180345900023	0.157222685782	0.178411590685	0.166426458318	0.108473033452	0.171534046373	0.172027105616	0.158006523553	0.178310450327	0.186110900402	0.173961414954	0.177766820906	0.17699562568	0.178044956889	0.17982755569	0.179170143366	0.17697034059	0.178500088498
160178356-stool2.freeze11.snv.filtered.bam	0.171723684543	0.167652785153	0.175288882146	0.170434144985	0.169789375205	0.168082631672	0.15565501024	0.168044704038	0.167981491315	0.157538749399	0.145136413057	0.169726162482	0.167425219348	0.168879111988	0.165010493312	0.0	0.158689220966	0.160054615793	0.163114111608	0.145591544666	0.159093782397	0.164201370452	0.14913145718	0.169068750158	0.151103694152	0.168348125111	0.156388277833	0.158512225341	0.156552630914	0.162064780399	0.148537257579	0.166451743407	0.174378618928	0.163126754153	0.166502313586	0.163139396698	0.164049659916	0.170168651546	0.166552883764	0.163152039242	0.167045943007
160502038-stool3.freeze11.snv.filtered.bam	0.152684012238	0.148891248831	0.15956155655	0.155402159347	0.147740777264	0.153063288579	0.161963640041	0.171963892892	0.172039748161	0.158714506056	0.149156742269	0.148688968116	0.128802245316	0.0761334041316	0.169561809401	0.158689220966	0.0	0.139598978482	0.0710005309869	0.120584591267	0.127651773749	0.144618068725	0.130825052467	0.0748438645731	0.148423474677	0.132708791626	0.122923462034	0.160256896508	0.160421249589	0.134756883866	0.118081367418	0.152646084604	0.160269539053	0.140269033351	0.14339174189	0.166502313586	0.167387291714	0.14810741106	0.144757136716	0.147690207085	0.0238059116539
508703490-stool1.freeze11.snv.filtered.bam	0.14031960353	0.136893473918	0.162342916382	0.157829527927	0.00520872841285	0.159258135478	0.163164681787	0.171698399454	0.171748969633	0.161066019368	0.152266808263	0.00647298288199	0.141267794382	0.150383069104	0.172393739412	0.160054615793	0.139598978482	0.0	0.144542213457	0.127841411919	0.133075425422	0.140673594781	0.128182760626	0.149662444057	0.149864724772	0.132304230195	0.123644087082	0.161988925131	0.163101469064	0.136716478293	0.129156236567	0.155440086981	0.163101469064	0.151748463931	0.154934385193	0.169144605426	0.170092796278	0.156059571671	0.00374219322865	0.152405876255	0.148069483426
737052003-stool1.freeze11.snv.filtered.bam	0.160307466687	0.156021644037	0.167880350957	0.163076183974	0.153354067107	0.159827049989	0.168714758907	0.175642873398	0.175769298844	0.164428936256	0.15608485676	0.154264330324	0.135856785254	0.0117702091077	0.174353333839	0.163114111608	0.0710005309869	0.144542213457	0.0	0.12350501909	0.132873144707	0.151230119598	0.137184252446	0.00939341070571	0.152266808263	0.137171609902	0.127234569774	0.164972565678	0.16651495613	0.137829022226	0.122379832613	0.160446534679	0.168272269842	0.146286884624	0.149624516423	0.172242028876	0.173354572808	0.155338946623	0.150471566917	0.154605679031	0.080254873701
763536994-stool1.freeze11.snv.filtered.bam	0.14193784925	0.138372651647	0.147740777264	0.143556094971	0.13622341905	0.140205820628	0.14872689575	0.155971073858	0.156110141849	0.144896204708	0.135667147083	0.136400414675	0.125856532403	0.128878100584	0.156072214215	0.145591544666	0.120584591267	0.127841411919	0.12350501909	0.0	0.119307694253	0.136501555033	0.123871652886	0.128827530405	0.138726642899	0.122468330426	0.112986421907	0.14746264128	0.147589066727	0.122405117702	0.106601936838	0.139851829376	0.14727300311	0.136311916863	0.139687476295	0.152595514425	0.15341727983	0.135072947483	0.133353561405	0.13439025007	0.128005765
763536994-stool2.freeze11.snv.filtered.bam	0.155832005866	0.151900174467	0.162570482187	0.157981238464	0.141861993982	0.154959670282	0.162557839642	0.1706364257	0.170674353334	0.159030569673	0.150294571291	0.14255733394	0.139738046474	0.139573693393	0.169650307214	0.159093782397	0.127651773749	0.133075425422	0.132873144707	0.119307694253	0.0	0.147626994361	0.134048901363	0.138650787631	0.149283167716	0.140092037725	0.130306708134	0.160155756151	0.161293585173	0.133302991226	0.12312574275	0.154972312827	0.162456699284	0.148423474677	0.151533540671	0.167121798276	0.167994133859	0.149624516423	0.139396697767	0.148992389188	0.136741763382
763678604-stool1.freeze11.snv.filtered.bam	0.159409846014	0.155414801891	0.163948519558	0.159359275835	0.14951073352	0.157791600293	0.167665427697	0.176982983135	0.176919770411	0.165832258717	0.156527345824	0.150180788389	0.156830766897	0.156691698905	0.175794583934	0.164201370452	0.144618068725	0.140673594781	0.151230119598	0.136501555033	0.147626994361	0.0	0.0	0.156742269084	0.152734582417	0.156413562922	0.145831753015	0.167665427697	0.167766568055	0.1501555033	0.138853068346	0.156742269084	0.164239298086	0.153366709651	0.15670434145	0.172596020127	0.173468355711	0.160079900882	0.147260360565	0.152026599914	0.152709297327
763678604-stool2.freeze11.snv.filtered.bam	0.145288123594	0.141583857999	0.149447520797	0.145288123594	0.13600849579	0.14360666515	0.15239323371	0.160863738653	0.160964879011	0.151343902501	0.13886571089	0.136678550659	0.142633189208	0.142456193583	0.159877620167	0.14913145718	0.130825052467	0.128182760626	0.137184252446	0.123871652886	0.134048901363	0.0	0.0	0.142418265949	0.14155857291	0.142392980859	0.132696149081	0.152292093353	0.152633442059	0.136261346684	0.125426685883	0.143075678273	0.14975094187	0.139611621027	0.142481478672	0.156830766897	0.15770310248	0.145616829755	0.13396040355	0.138296796379	0.138549647273
763759525-stool1.freeze11.snv.filtered.bam	0.164846140231	0.160623530304	0.172823585931	0.167994133859	0.158626008243	0.16470707224	0.173910844775	0.181357303598	0.181521656679	0.170408859895	0.163518673039	0.159599484184	0.141925206706	0.0117322814736	0.180345900023	0.169068750158	0.0748438645731	0.149662444057	0.00939341070571	0.128827530405	0.138650787631	0.156742269084	0.142418265949	0.0	0.156615843637	0.143783660775	0.133467344307	0.170724923513	0.172330526688	0.14358138006	0.128473539154	0.165402412198	0.17330400263	0.152620799515	0.156097499305	0.178057599434	0.179220713545	0.16101544919	0.155781435687	0.158866216592	0.0839338542062
763840445-stool2.freeze11.snv.filtered.bam	0.159763837265	0.156995119978	0.161116589547	0.157146830514	0.157260613416	0.157033047612	0.154125262333	0.157993881008	0.158208804268	0.152987433311	0.143619307694	0.157361753774	0.155591797517	0.15670434145	0.157222685782	0.151103694152	0.148423474677	0.149864724772	0.152266808263	0.138726642899	0.149283167716	0.152734582417	0.14155857291	0.156615843637	0.0	0.156590558548	0.147766062353	0.152013957369	0.153316139473	0.150661205087	0.124617563023	0.155629725151	0.161103947002	0.150939341071	0.153467850009	0.156830766897	0.157564034489	0.15689397962	0.155326304078	0.153341424562	0.155022883006
763860675-stool1.freeze11.snv.filtered.bam	0.164416293712	0.160231611419	0.171786897267	0.166970087739	0.140787377683	0.166527598675	0.172773015753	0.180396470202	0.180358542567	0.168790614175	0.160762598296	0.142114844876	0.147728134719	0.144719209082	0.178411590685	0.168348125111	0.132708791626	0.132304230195	0.137171609902	0.122468330426	0.140092037725	0.156413562922	0.142392980859	0.143783660775	0.156590558548	0.0	0.0	0.167437861893	0.172090318339	0.137955447673	0.0238311967433	0.163822094111	0.171761612177	0.158297302081	0.161622291335	0.177931173987	0.179081645554	0.158663935877	0.137475030974	0.160560317581	0.14236769577
763860675-stool2.freeze11.snv.filtered.bam	0.153543705277	0.149548661155	0.160724670662	0.156287137475	0.131710030595	0.155225163721	0.161141874637	0.168234342208	0.168133201851	0.157551391944	0.146779943867	0.132948999975	0.137601456421	0.13439025007	0.166426458318	0.156388277833	0.122923462034	0.123644087082	0.127234569774	0.112986421907	0.130306708134	0.145831753015	0.132696149081	0.133467344307	0.147766062353	0.0	0.0	0.1558699335	0.159827049989	0.128599964601	0.0199120078889	0.153025360945	0.160547675036	0.147348858378	0.150484209462	0.165629978002	0.166654024122	0.148208551417	0.128511466788	0.149599231333	0.132354800374
763901136-stool1.freeze11.snv.filtered.bam	0.174719967635	0.170345647172	0.17777946345	0.173266074996	0.17163518673	0.171432906015	0.164744999874	0.165528837644	0.165566765279	0.156957192344	0.153429922375	0.171723684543	0.170762851147	0.171167412577	0.108473033452	0.158512225341	0.160256896508	0.161988925131	0.164972565678	0.14746264128	0.160155756151	0.167665427697	0.152292093353	0.170724923513	0.152013957369	0.167437861893	0.1558699335	0.0	0.162267061114	0.163518673039	0.148714253205	0.169966370831	0.177766820906	0.165958684164	0.169549166856	0.169157247971	0.169991655921	0.172456952135	0.168752686541	0.167362006625	0.169359528686
764062976-stool2.freeze11.snv.filtered.bam	0.175680801032	0.171458191105	0.179688487699	0.174631469822	0.172810943387	0.171938607803	0.157867455561	0.171837467445	0.17163518673	0.164959923133	0.1478924878	0.173202862272	0.170383574806	0.172027105616	0.171534046373	0.156552630914	0.160421249589	0.163101469064	0.16651495613	0.147589066727	0.161293585173	0.167766568055	0.152633442059	0.172330526688	0.153316139473	0.172090318339	0.159827049989	0.162267061114	0.0	0.166148322334	0.151546183216	0.170383574806	0.178752939392	0.16549091001	0.169258388328	0.0567523831197	0.0571569445498	0.173518925889	0.170054868644	0.1683734102	0.169966370831
764143897-stool2.freeze11.snv.filtered.bam	0.157475536676	0.153783913626	0.163619813396	0.159359275835	0.144984702521	0.154150547422	0.164909352955	0.174037270222	0.17389820223	0.163392247592	0.154593036486	0.145490404309	0.144643353814	0.144984702521	0.172027105616	0.162064780399	0.134756883866	0.136716478293	0.137829022226	0.122405117702	0.133302991226	0.1501555033	0.136261346684	0.14358138006	0.150661205087	0.137955447673	0.128599964601	0.163518673039	0.166148322334	0.0	0.122594755872	0.155149308453	0.16263369491	0.152658727149	0.155920503679	0.171382335837	0.172381096867	0.152810437685	0.142443551038	0.150218716023	0.143164176085
764285508-stool2.freeze11.snv.filtered.bam	0.145945535917	0.142203342689	0.152974790766	0.148524615035	0.137778452047	0.146906369314	0.15322764166	0.160307466687	0.160358036866	0.149877367316	0.137740524413	0.138511719639	0.130774482288	0.129232091835	0.158006523553	0.148537257579	0.118081367418	0.129156236567	0.122379832613	0.106601936838	0.12312574275	0.138853068346	0.125426685883	0.128473539154	0.124617563023	0.0238311967433	0.0199120078889	0.148714253205	0.151546183216	0.122594755872	0.0	0.145452476675	0.153101216213	0.138549647273	0.141659713267	0.157184758148	0.158272016992	0.141116083845	0.135123517662	0.141065513667	0.127449493034
764325968-stool1.freeze11.snv.filtered.bam	0.164555361703	0.160838453564	0.0522895648436	0.0510126678298	0.164833497686	0.164997850767	0.170370932261	0.179132215732	0.178980505196	0.168537763281	0.161103947002	0.165351842019	0.162747477812	0.16489671041	0.178310450327	0.166451743407	0.152646084604	0.155440086981	0.160446534679	0.139851829376	0.154972312827	0.156742269084	0.143075678273	0.165402412198	0.155629725151	0.163822094111	0.153025360945	0.169966370831	0.170383574806	0.155149308453	0.145452476675	0.0	3.79276340742e-05	0.1609901641	0.164251940631	0.174631469822	0.175579660674	0.163088826519	0.161900427318	0.157880098106	0.160876381198
764325968-stool2.freeze11.snv.filtered.bam	0.172330526688	0.168487193102	0.0546031505221	0.0532630407848	0.172823585931	0.172494879769	0.178348377962	0.187299299603	0.187172874156	0.176831272599	0.17085134896	0.173266074996	0.170598498066	0.172848871021	0.186110900402	0.174378618928	0.160269539053	0.163101469064	0.168272269842	0.14727300311	0.162456699284	0.164239298086	0.14975094187	0.17330400263	0.161103947002	0.171761612177	0.160547675036	0.177766820906	0.178752939392	0.16263369491	0.153101216213	3.79276340742e-05	0.0	0.168411337834	0.171888037624	0.183101974765	0.184126020885	0.170686995879	0.16982730284	0.165377127108	0.168664188728
764366428-stool2.freeze11.snv.filtered.bam	0.163948519558	0.160105185972	0.168082631672	0.163670383575	0.160560317581	0.158436370073	0.16573111836	0.173860274596	0.173657993881	0.163607170851	0.153379352196	0.161002806645	0.156021644037	0.152241523174	0.173961414954	0.163126754153	0.140269033351	0.151748463931	0.146286884624	0.136311916863	0.148423474677	0.153366709651	0.139611621027	0.152620799515	0.150939341071	0.158297302081	0.147348858378	0.165958684164	0.16549091001	0.152658727149	0.138549647273	0.1609901641	0.168411337834	0.0	0.0	0.172102960884	0.173063794281	0.161255657539	0.158107663911	0.156792839263	0.14851197249
764366428-stool3.freeze11.snv.filtered.bam	0.167589572429	0.163569243217	0.171546688918	0.167020657918	0.163935877013	0.161875142229	0.169119320337	0.177640395459	0.177476042378	0.167185010999	0.157766315204	0.164428936256	0.159182280209	0.155642367696	0.177766820906	0.166502313586	0.14339174189	0.154934385193	0.149624516423	0.139687476295	0.151533540671	0.15670434145	0.142481478672	0.156097499305	0.153467850009	0.161622291335	0.150484209462	0.169549166856	0.169258388328	0.155920503679	0.141659713267	0.164251940631	0.171888037624	0.0	0.0	0.176009507194	0.17697034059	0.164732357329	0.161508508433	0.160282181598	0.151900174467
764487809-stool1.freeze11.snv.filtered.bam	0.181483729045	0.17718526385	0.184505297226	0.179486206984	0.179195428456	0.176553136615	0.164479506435	0.179081645554	0.178854079749	0.170143366457	0.15629978002	0.179271283724	0.177248476573	0.177817391084	0.17699562568	0.163139396698	0.166502313586	0.169144605426	0.172242028876	0.152595514425	0.167121798276	0.172596020127	0.156830766897	0.178057599434	0.156830766897	0.177931173987	0.165629978002	0.169157247971	0.0567523831197	0.171382335837	0.157184758148	0.174631469822	0.183101974765	0.172102960884	0.176009507194	0.0	2.52850893828e-05	0.179106930643	0.176224430453	0.173316645174	0.176009507194
764487809-stool2.freeze11.snv.filtered.bam	0.182608915523	0.178348377962	0.185390275355	0.180333257478	0.180232117121	0.177438114744	0.165288629295	0.180080406584	0.17982755569	0.171053629675	0.157475536676	0.180307972389	0.178272522693	0.17901843283	0.178044956889	0.164049659916	0.167387291714	0.170092796278	0.173354572808	0.15341727983	0.167994133859	0.173468355711	0.15770310248	0.179220713545	0.157564034489	0.179081645554	0.166654024122	0.169991655921	0.0571569445498	0.172381096867	0.158272016992	0.175579660674	0.184126020885	0.173063794281	0.17697034059	2.52850893828e-05	0.0	0.180055121495	0.177235834029	0.174239550937	0.176957698045
764649650-stool2.freeze11.snv.filtered.bam	0.169018179979	0.164959923133	0.167147083365	0.16244405674	0.165377127108	0.167842423323	0.173228147362	0.181635439581	0.181534299224	0.170737566057	0.164517434069	0.16589547144	0.154517181218	0.160914308832	0.17982755569	0.170168651546	0.14810741106	0.156059571671	0.155338946623	0.135072947483	0.149624516423	0.160079900882	0.145616829755	0.16101544919	0.15689397962	0.158663935877	0.148208551417	0.172456952135	0.173518925889	0.152810437685	0.141116083845	0.163088826519	0.170686995879	0.161255657539	0.164732357329	0.179106930643	0.180055121495	0.0	0.162317631293	0.161154517181	0.152317378442
765013792-stool1.freeze11.snv.filtered.bam	0.145401906496	0.141988419429	0.168891754532	0.164327795899	0.00482945207211	0.16651495613	0.169700877393	0.178740296847	0.178816152115	0.167501074616	0.160446534679	0.00604313636249	0.147424713646	0.156729626539	0.179170143366	0.166552883764	0.144757136716	0.00374219322865	0.150471566917	0.133353561405	0.139396697767	0.147260360565	0.13396040355	0.155781435687	0.155326304078	0.137475030974	0.128511466788	0.168752686541	0.170054868644	0.142443551038	0.135123517662	0.161900427318	0.16982730284	0.158107663911	0.161508508433	0.176224430453	0.177235834029	0.162317631293	0.0	0.158701863511	0.153594275456
765135172-stool3.freeze11.snv.filtered.bam	0.156514703279	0.15282308023	0.164934638044	0.160433892134	0.161445295709	0.108017901843	0.167475789527	0.176300285722	0.176312928266	0.166274747781	0.15772838757	0.161976282586	0.154947027738	0.160117828517	0.17697034059	0.163152039242	0.147690207085	0.152405876255	0.154605679031	0.13439025007	0.148992389188	0.152026599914	0.138296796379	0.158866216592	0.153341424562	0.160560317581	0.149599231333	0.167362006625	0.1683734102	0.150218716023	0.141065513667	0.157880098106	0.165377127108	0.156792839263	0.160282181598	0.173316645174	0.174239550937	0.161154517181	0.158701863511	0.0	0.156375635288
765337473-stool2.freeze11.snv.filtered.bam	0.160838453564	0.156868694531	0.167703355331	0.163265822145	0.156464133101	0.162406129106	0.171268552934	0.180801031632	0.180813674176	0.16713444082	0.15934663329	0.157437609042	0.137904877494	0.0852866064882	0.178500088498	0.167045943007	0.0238059116539	0.148069483426	0.080254873701	0.128005765	0.136741763382	0.152709297327	0.138549647273	0.0839338542062	0.155022883006	0.14236769577	0.132354800374	0.169359528686	0.169966370831	0.143164176085	0.127449493034	0.160876381198	0.168664188728	0.14851197249	0.151900174467	0.176009507194	0.176957698045	0.152317378442	0.153594275456	0.156375635288	0.0
