	158337416-stool1.freeze11.snv.filtered.bam	158337416-stool2.freeze11.snv.filtered.bam	508703490-stool1.freeze11.snv.filtered.bam	550534656-stool1.freeze11.snv.filtered.bam	550534656-stool2.freeze11.snv.filtered.bam	550534656-stool3.freeze11.snv.filtered.bam	638754422-stool2.freeze11.snv.filtered.bam	706846339-stool2.freeze11.snv.filtered.bam	763496533-stool1.freeze11.snv.filtered.bam	763496533-stool2.freeze11.snv.filtered.bam	763577454-stool1.freeze11.snv.filtered.bam	763577454-stool2.freeze11.snv.filtered.bam	763759525-stool1.freeze11.snv.filtered.bam	763759525-stool2.freeze11.snv.filtered.bam	763840445-stool1.freeze11.snv.filtered.bam	764325968-stool1.freeze11.snv.filtered.bam	764366428-stool2.freeze11.snv.filtered.bam	764508039-stool3.freeze11.snv.filtered.bam	764649650-stool2.freeze11.snv.filtered.bam	765013792-stool2.freeze11.snv.filtered.bam	765074482-stool2.freeze11.snv.filtered.bam	765337473-stool2.freeze11.snv.filtered.bam	765701615-stool1.freeze11.snv.filtered.bam	765701615-stool2.freeze11.snv.filtered.bam
158337416-stool1.freeze11.snv.filtered.bam	0.0	0.00292039986549	0.35960723319	0.360356121279	0.36048008703	0.360664786965	0.310739842301	0.3978866388	0.365228454596	0.305205000791	0.266610776154	0.271121823251	0.359091440403	0.35897947137	0.359320963743	0.359614639699	0.359563536384	0.359141921357	0.373896769698	0.401475032851	0.0972567405235	0.406534960945	0.412709196426	0.411983392213
158337416-stool2.freeze11.snv.filtered.bam	0.00292039986549	0.0	0.352723351244	0.353528098042	0.353640459215	0.35379118355	0.310091293959	0.393034183961	0.358504356919	0.300439291235	0.265922704563	0.271055680858	0.352214309527	0.352073739232	0.352327665993	0.352442169818	0.352639591025	0.352319510229	0.368221315234	0.396250331003	0.0956261799005	0.401609665169	0.407934807226	0.407109069404
508703490-stool1.freeze11.snv.filtered.bam	0.35960723319	0.352723351244	0.0	0.0113682189526	0.0112899595703	0.0108672712286	0.352885568205	0.235280139955	0.0222637682563	0.213647394331	0.34861970586	0.3646544337	0.00651441524812	0.00641885246272	0.0118805766385	0.00612431578903	0.0142958764396	0.0103845706428	0.166214464335	0.228564766526	0.335538497216	0.247834737035	0.269434573409	0.267446438032
550534656-stool1.freeze11.snv.filtered.bam	0.360356121279	0.353528098042	0.0113682189526	0.0	0.0017376760804	0.00176009731942	0.352895317377	0.236194769791	0.0256075616008	0.215307078675	0.349381525376	0.365345954618	0.0107497012449	0.0106421058478	0.015257891684	0.010723232291	0.0167411327744	0.0142723521784	0.163479693661	0.229440443396	0.336549510216	0.249819926078	0.269462508969	0.267445443074
550534656-stool2.freeze11.snv.filtered.bam	0.36048008703	0.353640459215	0.0112899595703	0.0017376760804	0.0	0.000706634644415	0.352892930078	0.235683781892	0.0256674772813	0.215279693016	0.349511347619	0.365485091682	0.0106939300997	0.0104887884389	0.015164503295	0.0104419692473	0.0159076577725	0.0138307514559	0.163029863985	0.229208669619	0.336782220078	0.249363684978	0.269628202792	0.267178348322
550534656-stool3.freeze11.snv.filtered.bam	0.360664786965	0.35379118355	0.0108672712286	0.00176009731942	0.000706634644415	0.0	0.353259821421	0.235599135506	0.0253378444286	0.215128416457	0.349758191994	0.365757091784	0.0102707312383	0.0100943656097	0.0147853967209	0.00994583499267	0.0155733076128	0.0134254026667	0.162982064196	0.229225016674	0.336963668596	0.249534541761	0.26976559644	0.267285193857
638754422-stool2.freeze11.snv.filtered.bam	0.310739842301	0.310091293959	0.352885568205	0.352895317377	0.352892930078	0.353259821421	0.0	0.393338151788	0.357047911552	0.322146795889	0.301738432995	0.308108713625	0.352266574548	0.352135734609	0.351826711668	0.353047717435	0.35217928817	0.351899696891	0.367187272497	0.390923594326	0.309256308758	0.395274514381	0.401478940437	0.40063095555
706846339-stool2.freeze11.snv.filtered.bam	0.3978866388	0.393034183961	0.235280139955	0.236194769791	0.235683781892	0.235599135506	0.393338151788	0.0	0.239669886911	0.323973050216	0.386948202349	0.398258159722	0.235237337175	0.235177108337	0.233611782061	0.234137564919	0.234996350724	0.234582828648	0.238963174927	0.291459412379	0.378668258955	0.30204697229	0.302655522794	0.300828241664
763496533-stool1.freeze11.snv.filtered.bam	0.365228454596	0.358504356919	0.0222637682563	0.0256075616008	0.0256674772813	0.0253378444286	0.357047911552	0.239669886911	0.0	0.211750738733	0.353562291868	0.369042038985	0.0222322838789	0.0220842260602	0.0269211771874	0.0218357669077	0.0284749040349	0.0155122037384	0.169413806101	0.234724578594	0.340827272631	0.254888647967	0.274937301157	0.273304747745
763496533-stool2.freeze11.snv.filtered.bam	0.305205000791	0.300439291235	0.213647394331	0.215307078675	0.215279693016	0.215128416457	0.322146795889	0.323973050216	0.211750738733	0.0	0.180895815934	0.193879729684	0.2133508833	0.213309614199	0.215402913412	0.212917606564	0.215749913572	0.211031032246	0.282140123776	0.321489289462	0.283051883636	0.333653236576	0.347139887611	0.345775296588
763577454-stool1.freeze11.snv.filtered.bam	0.266610776154	0.265922704563	0.34861970586	0.349381525376	0.349511347619	0.349758191994	0.301738432995	0.386948202349	0.353562291868	0.180895815934	0.0	0.00245302248148	0.348094529538	0.348008848689	0.348029837677	0.348754705031	0.347870852842	0.347867110583	0.365675993975	0.386843384789	0.266372974988	0.394442234365	0.40258169243	0.401877742389
763577454-stool2.freeze11.snv.filtered.bam	0.271121823251	0.271055680858	0.3646544337	0.365345954618	0.365485091682	0.365757091784	0.308108713625	0.398258159722	0.369042038985	0.193879729684	0.00245302248148	0.0	0.364092675364	0.364053553105	0.364045118175	0.365024944668	0.363925663824	0.363834417854	0.378491688013	0.398679934197	0.273648877469	0.405722708127	0.413109116483	0.412525172983
763759525-stool1.freeze11.snv.filtered.bam	0.359091440403	0.352214309527	0.00651441524812	0.0107497012449	0.0106939300997	0.0102707312383	0.352266574548	0.235237337175	0.0222322838789	0.2133508833	0.348094529538	0.364092675364	0.0	0.00160991982458	0.0116726008833	0.00598103512707	0.0140614328029	0.0101261833746	0.16618162701	0.228391357481	0.335068571271	0.247346184711	0.269195028808	0.267063106959
763759525-stool2.freeze11.snv.filtered.bam	0.35897947137	0.352073739232	0.00641885246272	0.0106421058478	0.0104887884389	0.0100943656097	0.352135734609	0.235177108337	0.0220842260602	0.213309614199	0.348008848689	0.364053553105	0.00160991982458	0.0	0.0114854318545	0.00583622907558	0.0138790957234	0.0100310363659	0.166049120913	0.228329778064	0.335045864786	0.247265467801	0.269054888819	0.267024116446
763840445-stool1.freeze11.snv.filtered.bam	0.359320963743	0.352327665993	0.0118805766385	0.015257891684	0.015164503295	0.0147853967209	0.351826711668	0.233611782061	0.0269211771874	0.215402913412	0.348029837677	0.364045118175	0.0116726008833	0.0114854318545	0.0	0.0107853196325	0.0181816104388	0.0150311909536	0.163288847185	0.2296921271	0.335152103041	0.247406618648	0.268423493511	0.266413897666
764325968-stool1.freeze11.snv.filtered.bam	0.359614639699	0.352442169818	0.00612431578903	0.010723232291	0.0104419692473	0.00994583499267	0.353047717435	0.234137564919	0.0218357669077	0.212917606564	0.348754705031	0.365024944668	0.00598103512707	0.00583622907558	0.0107853196325	0.0	0.0133310074955	0.00948849409959	0.165058652566	0.227958782107	0.335234371317	0.247195641111	0.268919044202	0.266520909401
764366428-stool2.freeze11.snv.filtered.bam	0.359563536384	0.352639591025	0.0142958764396	0.0167411327744	0.0159076577725	0.0155733076128	0.35217928817	0.234996350724	0.0284749040349	0.215749913572	0.347870852842	0.363925663824	0.0140614328029	0.0138790957234	0.0181816104388	0.0133310074955	0.0	0.0164097537568	0.161766513319	0.228078178991	0.335075932421	0.249793624145	0.269154190058	0.266638971015
764508039-stool3.freeze11.snv.filtered.bam	0.359141921357	0.352319510229	0.0103845706428	0.0142723521784	0.0138307514559	0.0134254026667	0.351899696891	0.234582828648	0.0155122037384	0.211031032246	0.347867110583	0.363834417854	0.0101261833746	0.0100310363659	0.0150311909536	0.00948849409959	0.0164097537568	0.0	0.163419263181	0.226549018764	0.334703049446	0.24779436084	0.269205251273	0.266594419209
764649650-stool2.freeze11.snv.filtered.bam	0.373896769698	0.368221315234	0.166214464335	0.163479693661	0.163029863985	0.162982064196	0.367187272497	0.238963174927	0.169413806101	0.282140123776	0.365675993975	0.378491688013	0.16618162701	0.166049120913	0.163288847185	0.165058652566	0.161766513319	0.163419263181	0.0	0.26023824739	0.3512055081	0.273441398592	0.279158046479	0.277214408496
765013792-stool2.freeze11.snv.filtered.bam	0.401475032851	0.396250331003	0.228564766526	0.229440443396	0.229208669619	0.229225016674	0.390923594326	0.291459412379	0.234724578594	0.321489289462	0.386843384789	0.398679934197	0.228391357481	0.228329778064	0.2296921271	0.227958782107	0.228078178991	0.226549018764	0.26023824739	0.0	0.38264075621	0.0709252882224	0.0836340453283	0.0812777746237
765074482-stool2.freeze11.snv.filtered.bam	0.0972567405235	0.0956261799005	0.335538497216	0.336549510216	0.336782220078	0.336963668596	0.309256308758	0.378668258955	0.340827272631	0.283051883636	0.266372974988	0.273648877469	0.335068571271	0.335045864786	0.335152103041	0.335234371317	0.335075932421	0.334703049446	0.3512055081	0.38264075621	0.0	0.389371718127	0.395251122113	0.3945389354
765337473-stool2.freeze11.snv.filtered.bam	0.406534960945	0.401609665169	0.247834737035	0.249819926078	0.249363684978	0.249534541761	0.395274514381	0.30204697229	0.254888647967	0.333653236576	0.394442234365	0.405722708127	0.247346184711	0.247265467801	0.247406618648	0.247195641111	0.249793624145	0.24779436084	0.273441398592	0.0709252882224	0.389371718127	0.0	0.0742544395312	0.0723954342418
765701615-stool1.freeze11.snv.filtered.bam	0.412709196426	0.407934807226	0.269434573409	0.269462508969	0.269628202792	0.26976559644	0.401478940437	0.302655522794	0.274937301157	0.347139887611	0.40258169243	0.413109116483	0.269195028808	0.269054888819	0.268423493511	0.268919044202	0.269154190058	0.269205251273	0.279158046479	0.0836340453283	0.395251122113	0.0742544395312	0.0	0.00197252839428
765701615-stool2.freeze11.snv.filtered.bam	0.411983392213	0.407109069404	0.267446438032	0.267445443074	0.267178348322	0.267285193857	0.40063095555	0.300828241664	0.273304747745	0.345775296588	0.401877742389	0.412525172983	0.267063106959	0.267024116446	0.266413897666	0.266520909401	0.266638971015	0.266594419209	0.277214408496	0.0812777746237	0.3945389354	0.0723954342418	0.00197252839428	0.0
