	158337416-stool1.freeze11.snv.filtered.bam	158337416-stool2.freeze11.snv.filtered.bam	158479027-stool1.freeze11.snv.filtered.bam	158479027-stool2.freeze11.snv.filtered.bam	158802708-stool1.freeze11.snv.filtered.bam	158944319-stool1.freeze11.snv.filtered.bam	159207311-stool1.freeze11.snv.filtered.bam	159268001-stool1.freeze11.snv.filtered.bam	159268001-stool2.freeze11.snv.filtered.bam	159369152-stool2.freeze11.snv.filtered.bam	159551223-stool2.freeze11.snv.filtered.bam	159611913-stool1.freeze11.snv.filtered.bam	159753524-stool1.freeze11.snv.filtered.bam	159753524-stool2.freeze11.snv.filtered.bam	160178356-stool1.freeze11.snv.filtered.bam	160178356-stool2.freeze11.snv.filtered.bam	160502038-stool3.freeze11.snv.filtered.bam	508703490-stool1.freeze11.snv.filtered.bam	737052003-stool1.freeze11.snv.filtered.bam	763536994-stool1.freeze11.snv.filtered.bam	763536994-stool2.freeze11.snv.filtered.bam	763678604-stool1.freeze11.snv.filtered.bam	763678604-stool2.freeze11.snv.filtered.bam	763759525-stool1.freeze11.snv.filtered.bam	763840445-stool2.freeze11.snv.filtered.bam	763860675-stool1.freeze11.snv.filtered.bam	763860675-stool2.freeze11.snv.filtered.bam	763901136-stool1.freeze11.snv.filtered.bam	764062976-stool2.freeze11.snv.filtered.bam	764143897-stool2.freeze11.snv.filtered.bam	764285508-stool2.freeze11.snv.filtered.bam	764325968-stool1.freeze11.snv.filtered.bam	764325968-stool2.freeze11.snv.filtered.bam	764366428-stool2.freeze11.snv.filtered.bam	764366428-stool3.freeze11.snv.filtered.bam	764487809-stool1.freeze11.snv.filtered.bam	764487809-stool2.freeze11.snv.filtered.bam	764649650-stool2.freeze11.snv.filtered.bam	765013792-stool1.freeze11.snv.filtered.bam	765135172-stool3.freeze11.snv.filtered.bam	765337473-stool2.freeze11.snv.filtered.bam
158337416-stool1.freeze11.snv.filtered.bam	0.0	0.00753412255248	0.174955929918	0.173963001014	0.148076894611	0.168171595678	0.180406604367	0.186068708406	0.186018603207	0.17794073776	0.168197206877	0.14855133718	0.166519008308	0.16678764652	0.186745847254	0.176582150167	0.158421086706	0.144411382631	0.164165350654	0.150070457157	0.159847806175	0.162253590935	0.157904587253	0.166121859187	0.237147691304	0.165727487146	0.160794444853	0.178477345161	0.179467412086	0.160514923343	0.170148978071	0.169003862439	0.173853290416	0.169208268597	0.170684429567	0.184077256617	0.184709500917	0.171041861629	0.146395328498	0.160436187435	0.162721193657
158337416-stool2.freeze11.snv.filtered.bam	0.00753412255248	0.0	0.17369967246	0.172654802498	0.147919341182	0.167167109183	0.179225545971	0.184892310336	0.184813684605	0.176988997863	0.166651341134	0.148275817362	0.165582460042	0.165408522394	0.185573365757	0.175304567805	0.157322470998	0.144079068457	0.162849197481	0.148948589611	0.158706745456	0.161045634794	0.156670417406	0.164968999866	0.236449250878	0.164402143974	0.159374068833	0.177107815432	0.178282761795	0.159703369533	0.169257417192	0.167922866634	0.172930368077	0.168228486166	0.169668014683	0.182884325212	0.183530664607	0.169803384752	0.14621806574	0.159210478456	0.161620165342
158479027-stool1.freeze11.snv.filtered.bam	0.174955929918	0.17369967246	0.0	0.00122753983755	0.17263902223	0.174455544549	0.182713498898	0.188974367965	0.188837578762	0.181225433706	0.172746741432	0.173338736185	0.170314724904	0.173768974818	0.188795137425	0.179833530897	0.16554202445	0.168014716862	0.172111501798	0.156009014185	0.166605370953	0.16678622503	0.16235735931	0.174338850784	0.239390811787	0.173102489008	0.168291978612	0.181443419383	0.183543724906	0.16684139023	0.176770953916	0.0542821506598	0.0557783428966	0.173432388912	0.17470406829	0.18712278541	0.187503482089	0.168761307739	0.170853407666	0.16816939196	0.169577324494
158479027-stool2.freeze11.snv.filtered.bam	0.173963001014	0.172654802498	0.00122753983755	0.0	0.17165692606	0.173533287108	0.181528661174	0.187917903468	0.18782248303	0.180045150125	0.171195919527	0.172386726755	0.16934424171	0.172694447282	0.188005288519	0.178709835401	0.164643123447	0.166903814438	0.170859716349	0.154920863379	0.165462747614	0.165679463647	0.161204787088	0.173177610147	0.238086421903	0.172018830376	0.167260071433	0.180721460528	0.182223643861	0.166097652156	0.17563995997	0.0542564740588	0.0558375655889	0.172594981406	0.17388518514	0.185995104262	0.186364482577	0.167665132117	0.16992250868	0.167267512658	0.168832739742
158802708-stool1.freeze11.snv.filtered.bam	0.148076894611	0.147919341182	0.17263902223	0.17165692606	0.0	0.171860647561	0.177068295471	0.183668384944	0.183623986324	0.174371046421	0.1663568697	0.00798722778547	0.152333303817	0.161086128133	0.184183617353	0.174582141499	0.153607692361	0.00682346028941	0.157554338139	0.144286127114	0.145764511795	0.152377125394	0.148053877681	0.160322094346	0.234040184573	0.142278339137	0.138359306719	0.175475101485	0.176773925026	0.148178487551	0.162593574162	0.169084578637	0.17412620304	0.165998879731	0.167264787329	0.182009692209	0.182517766012	0.16732969446	0.00606366211549	0.164910085504	0.158563411306
158944319-stool1.freeze11.snv.filtered.bam	0.168171595678	0.167167109183	0.174455544549	0.173533287108	0.171860647561	0.0	0.178018512847	0.183465309544	0.18344514124	0.175487843772	0.164940588654	0.172735997821	0.164458870245	0.168560171522	0.184055208202	0.17436886165	0.160545996897	0.166311633632	0.165631402506	0.149716489513	0.160458590946	0.162240915888	0.157573094454	0.167956606712	0.235875681725	0.169622187914	0.16415262925	0.176926930834	0.177396148031	0.158896390841	0.172634753561	0.170784353703	0.175439038561	0.165295292523	0.166669540145	0.180959282392	0.181329626218	0.171366139035	0.170160315258	0.111577766746	0.166014883873
159207311-stool1.freeze11.snv.filtered.bam	0.180406604367	0.179225545971	0.182713498898	0.181528661174	0.177068295471	0.178018512847	0.0	0.178457829783	0.178512766099	0.171760702908	0.155811299687	0.177088060614	0.176955127185	0.178955653289	0.175789295383	0.162711085	0.17113604632	0.171979149272	0.176200382066	0.159994786636	0.169712245048	0.17373823122	0.168244945524	0.178640797396	0.233434143286	0.177498922992	0.171956696543	0.171373165083	0.164403799621	0.17122904948	0.179302382981	0.177756821826	0.182865726603	0.174144939001	0.175477946419	0.170116227583	0.17047620131	0.17829747204	0.174920234313	0.17399660787	0.176474869619
159268001-stool1.freeze11.snv.filtered.bam	0.186068708406	0.184892310336	0.188974367965	0.187917903468	0.183668384944	0.183465309544	0.178457829783	0.0	0.00364972645101	0.158041639198	0.168034889176	0.183876637174	0.182621712891	0.184165697206	0.179944340798	0.173221214576	0.179181843066	0.178386578646	0.180764370744	0.165493013936	0.175607045511	0.180616018947	0.175400596136	0.183686035466	0.235831409555	0.182490510806	0.176867756014	0.1696785106	0.176207869444	0.17814990466	0.184256235988	0.184106164755	0.189141208695	0.180233474337	0.18179997437	0.182378163915	0.182803416578	0.184182700248	0.181616985507	0.180610872502	0.183673627595
159268001-stool2.freeze11.snv.filtered.bam	0.186018603207	0.184813684605	0.188837578762	0.18782248303	0.183623986324	0.18344514124	0.178512766099	0.00364972645101	0.0	0.157837976297	0.168034944059	0.183864420332	0.182608634285	0.184273448497	0.179919531472	0.173111714296	0.179194954322	0.178298754236	0.180862670351	0.165545508346	0.175587151987	0.18052507263	0.175397309946	0.183777438714	0.235979562754	0.182413778974	0.17672758264	0.169646743629	0.176141192507	0.177980412941	0.184399540795	0.18397601395	0.188989033262	0.179985694312	0.18153563434	0.182332264006	0.182732008741	0.184128448458	0.181570294464	0.180587485059	0.183644919747
159369152-stool2.freeze11.snv.filtered.bam	0.17794073776	0.176988997863	0.181225433706	0.180045150125	0.174371046421	0.175487843772	0.171760702908	0.158041639198	0.157837976297	0.0	0.158264746052	0.174741319255	0.173079790041	0.174117231116	0.172398843639	0.164278967591	0.167236266137	0.169383759489	0.171337209039	0.155516447051	0.165640595886	0.171432667553	0.166974243648	0.174729818417	0.23121081139	0.17301688607	0.16767300584	0.162773050172	0.171262324144	0.169302885092	0.175843046017	0.175462257225	0.180850359785	0.171564141268	0.173072033413	0.1754498595	0.175906675235	0.175243555361	0.172316175967	0.17240854801	0.17181747198
159551223-stool2.freeze11.snv.filtered.bam	0.168197206877	0.166651341134	0.172746741432	0.171195919527	0.1663568697	0.164940588654	0.155811299687	0.168034889176	0.168034944059	0.158264746052	0.0	0.166243275181	0.163331885535	0.165488251431	0.166768685506	0.150081201179	0.155763369007	0.158518802297	0.161004292771	0.144285551805	0.155015783153	0.160133819913	0.151574633394	0.166009143084	0.214638613611	0.163165569423	0.154815146226	0.157701790146	0.152060253149	0.158633856149	0.162145200227	0.166061402227	0.172949543845	0.15944856336	0.161887847912	0.15954684114	0.160341640254	0.167353459469	0.163455123933	0.162091493934	0.162365322941
159611913-stool1.freeze11.snv.filtered.bam	0.14855133718	0.148275817362	0.173338736185	0.172386726755	0.00798722778547	0.172735997821	0.177088060614	0.183876637174	0.183864420332	0.174741319255	0.166243275181	0.0	0.153230613627	0.162084688299	0.184748408704	0.174646416767	0.154718903171	0.00821011969231	0.158588348515	0.144571636685	0.146580030703	0.153140490787	0.148894261801	0.16138677804	0.234079967184	0.143770413496	0.139825214821	0.17572443705	0.177270496328	0.148785448939	0.16321417654	0.169751648556	0.174707098325	0.166568803415	0.167897277433	0.182180343028	0.182675069734	0.167967204599	0.00738486636116	0.165573484728	0.159688830358
159753524-stool1.freeze11.snv.filtered.bam	0.166519008308	0.165582460042	0.170314724904	0.16934424171	0.152333303817	0.164458870245	0.176955127185	0.182621712891	0.182608634285	0.173079790041	0.163331885535	0.153230613627	0.0	0.143661635279	0.182453421038	0.173101046399	0.134845882622	0.147465339928	0.14066190815	0.134080305997	0.144406277026	0.160794955292	0.156187310696	0.144485248814	0.232753332488	0.150199714454	0.145410621158	0.175614151381	0.175317544458	0.148751804716	0.156805491125	0.167966396269	0.172977037351	0.162291453323	0.163434613049	0.18116565833	0.1816787589	0.157354260956	0.150486477915	0.159322608149	0.140748264912
159753524-stool2.freeze11.snv.filtered.bam	0.16678764652	0.165408522394	0.173768974818	0.172694447282	0.161086128133	0.168560171522	0.178955653289	0.184165697206	0.184273448497	0.174117231116	0.165488251431	0.162084688299	0.143661635279	0.0	0.182766546826	0.173910354923	0.0795968450748	0.156251106304	0.0133540656256	0.136770221822	0.143679672588	0.15997850878	0.155350072701	0.0127966099133	0.233671636442	0.146515624093	0.141426693916	0.175362066633	0.176361285907	0.148456831324	0.154713898939	0.169487488105	0.174576430778	0.15764035617	0.159054542272	0.181043115384	0.181712477999	0.163041930816	0.159155607028	0.163794907562	0.0868549372512
160178356-stool1.freeze11.snv.filtered.bam	0.186745847254	0.185573365757	0.188795137425	0.188005288519	0.184183617353	0.184055208202	0.175789295383	0.179944340798	0.179919531472	0.172398843639	0.166768685506	0.184748408704	0.182453421038	0.182766546826	0.0	0.170393401024	0.17697056392	0.179334315005	0.179684270617	0.165812695832	0.174838643764	0.179680200879	0.174646588643	0.182876581137	0.234811987296	0.180783461818	0.175310826023	0.111504606725	0.176194648553	0.176369058313	0.18235530979	0.183606835185	0.188253537345	0.180578188587	0.182118077473	0.18055093386	0.181080219071	0.182676787547	0.182248136587	0.18153338592	0.181579754708
160178356-stool2.freeze11.snv.filtered.bam	0.176582150167	0.175304567805	0.179833530897	0.178709835401	0.174582141499	0.17436886165	0.162711085	0.173221214576	0.173111714296	0.164278967591	0.150081201179	0.174646416767	0.173101046399	0.173910354923	0.170393401024	0.0	0.168054984204	0.16932837184	0.170850701313	0.15715134672	0.166553973669	0.170729373443	0.1654265996	0.174336143921	0.229422951783	0.173410132766	0.167288912797	0.16541476475	0.163498077759	0.168917968265	0.174962528123	0.174258305587	0.179451074807	0.171964732599	0.173266208473	0.169256422597	0.16973206719	0.175632063511	0.172300921787	0.169912205668	0.172602578998
160502038-stool3.freeze11.snv.filtered.bam	0.158421086706	0.157322470998	0.16554202445	0.164643123447	0.153607692361	0.160545996897	0.17113604632	0.179181843066	0.179194954322	0.167236266137	0.155763369007	0.154718903171	0.134845882622	0.0795968450748	0.17697056392	0.168054984204	0.0	0.149247608726	0.0756645014712	0.131593019726	0.135185061081	0.152116199634	0.146662763603	0.0785684685863	0.228101009397	0.13852073995	0.133101918379	0.169081127245	0.169366408729	0.142040612316	0.146948697475	0.161581311718	0.166777146659	0.149436636078	0.150888180001	0.174561400153	0.175027855062	0.15453725487	0.151382838789	0.155566120623	0.0252697660564
508703490-stool1.freeze11.snv.filtered.bam	0.144411382631	0.144079068457	0.168014716862	0.166903814438	0.00682346028941	0.166311633632	0.171979149272	0.178386578646	0.178298754236	0.169383759489	0.158518802297	0.00821011969231	0.147465339928	0.156251106304	0.179334315005	0.16932837184	0.149247608726	0.0	0.15270997441	0.138992129873	0.140566365287	0.147480090856	0.143150305839	0.155626520274	0.229594163614	0.137631901381	0.133335205514	0.170388613375	0.171495868672	0.143691481304	0.157686384738	0.164002555706	0.169112813641	0.161363537049	0.162672930697	0.176791168565	0.177209587029	0.162490654009	0.00516954156299	0.160105507935	0.154426070737
737052003-stool1.freeze11.snv.filtered.bam	0.164165350654	0.162849197481	0.172111501798	0.170859716349	0.157554338139	0.165631402506	0.176200382066	0.180764370744	0.180862670351	0.171337209039	0.161004292771	0.158588348515	0.14066190815	0.0133540656256	0.179684270617	0.170850701313	0.0756645014712	0.15270997441	0.0	0.133329525591	0.13915082409	0.157063738824	0.152085638045	0.0111559502292	0.231049220817	0.141371005659	0.136198604483	0.171928748068	0.173556330484	0.143583563731	0.150106289216	0.1677321265	0.172871617283	0.15419061143	0.155673588379	0.178305966531	0.178920998625	0.160252883174	0.155540150085	0.160986727457	0.0834620290611
763536994-stool1.freeze11.snv.filtered.bam	0.150070457157	0.148948589611	0.156009014185	0.154920863379	0.144286127114	0.149716489513	0.159994786636	0.165493013936	0.165545508346	0.155516447051	0.144285551805	0.144571636685	0.134080305997	0.136770221822	0.165812695832	0.15715134672	0.131593019726	0.138992129873	0.133329525591	0.0	0.128682026733	0.146146468667	0.14121740424	0.13689768082	0.216946005677	0.130105766438	0.124323269476	0.158287173866	0.158464593218	0.131338471431	0.136851809229	0.150600434755	0.155936146109	0.147853054876	0.149757667164	0.16289162557	0.163280496453	0.143594929942	0.142097883965	0.144172732944	0.136340665485
763536994-stool2.freeze11.snv.filtered.bam	0.159847806175	0.158706745456	0.166605370953	0.165462747614	0.145764511795	0.160458590946	0.169712245048	0.175607045511	0.175587151987	0.165640595886	0.155015783153	0.146580030703	0.144406277026	0.143679672588	0.174838643764	0.166553973669	0.135185061081	0.140566365287	0.13915082409	0.128682026733	0.0	0.153308193517	0.148419024722	0.142841027382	0.226439290629	0.144282950717	0.139339099593	0.16685871962	0.168083600406	0.138768775694	0.150125347124	0.16186075995	0.166835318309	0.156286422739	0.15751851611	0.173009755047	0.173403129163	0.154280760651	0.144066328786	0.155056518216	0.141280074148
763678604-stool1.freeze11.snv.filtered.bam	0.162253590935	0.161045634794	0.16678622503	0.165679463647	0.152377125394	0.162240915888	0.17373823122	0.180616018947	0.18052507263	0.171432667553	0.160133819913	0.153140490787	0.160794955292	0.15997850878	0.179680200879	0.170729373443	0.152116199634	0.147480090856	0.157063738824	0.146146468667	0.153308193517	0.0	0.00201613983606	0.160166591912	0.229489663221	0.159675646687	0.154741312689	0.173266977712	0.173388687958	0.155042834635	0.164360975026	0.162555802205	0.167381031722	0.160376931843	0.161690343311	0.177170146983	0.177511537912	0.163776670501	0.151007771369	0.157076530999	0.156563409215
763678604-stool2.freeze11.snv.filtered.bam	0.157904587253	0.156670417406	0.16235735931	0.161204787088	0.148053877681	0.157573094454	0.168244945524	0.175400596136	0.175397309946	0.166974243648	0.151574633394	0.148894261801	0.156187310696	0.155350072701	0.174646588643	0.1654265996	0.146662763603	0.143150305839	0.152085638045	0.14121740424	0.148419024722	0.00201613983606	0.0	0.155411810337	0.226823346918	0.15539527756	0.150043077049	0.168040698236	0.168441292836	0.150218060359	0.159598688694	0.158294204385	0.163054022134	0.155526173089	0.15687289054	0.172054453199	0.172483670711	0.159094413716	0.146653823365	0.15249442845	0.151629309297
763759525-stool1.freeze11.snv.filtered.bam	0.166121859187	0.164968999866	0.174338850784	0.173177610147	0.160322094346	0.167956606712	0.178640797396	0.183686035466	0.183777438714	0.174729818417	0.166009143084	0.16138677804	0.144485248814	0.0127966099133	0.182876581137	0.174336143921	0.0785684685863	0.155626520274	0.0111559502292	0.13689768082	0.142841027382	0.160166591912	0.155411810337	0.0	0.233895429953	0.145685590964	0.140660905041	0.175048394153	0.176741485625	0.147179960631	0.154061071783	0.170153831065	0.175107529969	0.158335990834	0.15980766343	0.181396623853	0.181993632291	0.163411209574	0.158434319522	0.162778962638	0.0857689781091
763840445-stool2.freeze11.snv.filtered.bam	0.237147691304	0.236449250878	0.239390811787	0.238086421903	0.234040184573	0.235875681725	0.233434143286	0.235831409555	0.235979562754	0.23121081139	0.214638613611	0.234079967184	0.232753332488	0.233671636442	0.234811987296	0.229422951783	0.228101009397	0.229594163614	0.231049220817	0.216946005677	0.226439290629	0.229489663221	0.226823346918	0.233895429953	0.0	0.233626923939	0.229302705299	0.22952709881	0.231607167717	0.227286716341	0.171968694279	0.235460902024	0.239747783715	0.230826874133	0.231555183658	0.235314930138	0.235748969978	0.234263034212	0.232469290432	0.231378122393	0.232202353456
763860675-stool1.freeze11.snv.filtered.bam	0.165727487146	0.164402143974	0.173102489008	0.172018830376	0.142278339137	0.169622187914	0.177498922992	0.182490510806	0.182413778974	0.17301688607	0.163165569423	0.143770413496	0.150199714454	0.146515624093	0.180783461818	0.173410132766	0.13852073995	0.137631901381	0.141371005659	0.130105766438	0.144282950717	0.159675646687	0.15539527756	0.145685590964	0.233626923939	0.0	0.00124670222339	0.171521202259	0.176374790682	0.141312944367	0.0575807338239	0.16842910337	0.173389321672	0.164051026323	0.165344597481	0.181077175328	0.181701008492	0.160954849961	0.139798435069	0.164396394355	0.144759452363
763860675-stool2.freeze11.snv.filtered.bam	0.160794444853	0.159374068833	0.168291978612	0.167260071433	0.138359306719	0.16415262925	0.171956696543	0.176867756014	0.17672758264	0.16767300584	0.154815146226	0.139825214821	0.145410621158	0.141426693916	0.175310826023	0.167288912797	0.133101918379	0.133335205514	0.136198604483	0.124323269476	0.139339099593	0.154741312689	0.150043077049	0.140660905041	0.229302705299	0.00124670222339	0.0	0.165940275979	0.170157738219	0.136763381464	0.0542104626859	0.16344024304	0.168534952902	0.158468776798	0.159885429964	0.175200219495	0.175796825727	0.15615942776	0.135726906738	0.159093820567	0.139794833615
763901136-stool1.freeze11.snv.filtered.bam	0.178477345161	0.177107815432	0.181443419383	0.180721460528	0.175475101485	0.176926930834	0.171373165083	0.1696785106	0.169646743629	0.162773050172	0.157701790146	0.17572443705	0.175614151381	0.175362066633	0.111504606725	0.16541476475	0.169081127245	0.170388613375	0.171928748068	0.158287173866	0.16685871962	0.173266977712	0.168040698236	0.175048394153	0.22952709881	0.171521202259	0.165940275979	0.0	0.168526022521	0.169474998533	0.174663493853	0.176833455666	0.181771068184	0.174067696054	0.175550149424	0.174414728838	0.174778834985	0.177054911427	0.173582317728	0.17353705076	0.174184495616
764062976-stool2.freeze11.snv.filtered.bam	0.179467412086	0.178282761795	0.183543724906	0.182223643861	0.176773925026	0.177396148031	0.164403799621	0.176207869444	0.176141192507	0.171262324144	0.152060253149	0.177270496328	0.175317544458	0.176361285907	0.176194648553	0.163498077759	0.169366408729	0.171495868672	0.173556330484	0.158464593218	0.168083600406	0.173388687958	0.168441292836	0.176741485625	0.231607167717	0.176374790682	0.170157738219	0.168526022521	0.0	0.172248612224	0.17743029018	0.17743098581	0.182803124066	0.173828048497	0.175402062178	0.059314984286	0.0593717583684	0.17831499597	0.175032463892	0.174715218014	0.174931287976
764143897-stool2.freeze11.snv.filtered.bam	0.160514923343	0.159703369533	0.16684139023	0.166097652156	0.148178487551	0.158896390841	0.17122904948	0.17814990466	0.177980412941	0.169302885092	0.158633856149	0.148785448939	0.148751804716	0.148456831324	0.176369058313	0.168917968265	0.142040612316	0.143691481304	0.143583563731	0.131338471431	0.138768775694	0.155042834635	0.150218060359	0.147179960631	0.227286716341	0.141312944367	0.136763381464	0.169474998533	0.172248612224	0.0	0.148893878992	0.161211257012	0.166154309437	0.159962760468	0.161355128767	0.176493601301	0.176971785536	0.156804547991	0.146457729403	0.155594330218	0.147171766058
764285508-stool2.freeze11.snv.filtered.bam	0.170148978071	0.169257417192	0.176770953916	0.17563995997	0.162593574162	0.172634753561	0.179302382981	0.184256235988	0.184399540795	0.175843046017	0.162145200227	0.16321417654	0.156805491125	0.154713898939	0.18235530979	0.174962528123	0.146948697475	0.157686384738	0.150106289216	0.136851809229	0.150125347124	0.164360975026	0.159598688694	0.154061071783	0.171968694279	0.0575807338239	0.0542104626859	0.174663493853	0.17743029018	0.148893878992	0.0	0.172317110729	0.177440999693	0.166138285768	0.167480455899	0.182187174691	0.1828308211	0.165873715715	0.160566715717	0.166957153901	0.153362992662
764325968-stool1.freeze11.snv.filtered.bam	0.169003862439	0.167922866634	0.0542821506598	0.0542564740588	0.169084578637	0.170784353703	0.177756821826	0.184106164755	0.18397601395	0.175462257225	0.166061402227	0.169751648556	0.167966396269	0.169487488105	0.183606835185	0.174258305587	0.161581311718	0.164002555706	0.1677321265	0.150600434755	0.16186075995	0.162555802205	0.158294204385	0.170153831065	0.235460902024	0.16842910337	0.16344024304	0.176833455666	0.17743098581	0.161211257012	0.172317110729	0.0	0.00131749002375	0.169305125246	0.170566097605	0.180616490917	0.181097991917	0.167999699829	0.167086025465	0.164213489894	0.165955058428
764325968-stool2.freeze11.snv.filtered.bam	0.173853290416	0.172930368077	0.0557783428966	0.0558375655889	0.17412620304	0.175439038561	0.182865726603	0.189141208695	0.188989033262	0.180850359785	0.172949543845	0.174707098325	0.172977037351	0.174576430778	0.188253537345	0.179451074807	0.166777146659	0.169112813641	0.172871617283	0.155936146109	0.166835318309	0.167381031722	0.163054022134	0.175107529969	0.239747783715	0.173389321672	0.168534952902	0.181771068184	0.182803124066	0.166154309437	0.177440999693	0.00131749002375	0.0	0.174236351407	0.175492097655	0.185985565446	0.186472518452	0.172815870149	0.17225528809	0.16910068472	0.170983445794
764366428-stool2.freeze11.snv.filtered.bam	0.169208268597	0.168228486166	0.173432388912	0.172594981406	0.165998879731	0.165295292523	0.174144939001	0.180233474337	0.179985694312	0.171564141268	0.15944856336	0.166568803415	0.162291453323	0.15764035617	0.180578188587	0.171964732599	0.149436636078	0.161363537049	0.15419061143	0.147853054876	0.156286422739	0.160376931843	0.155526173089	0.158335990834	0.230826874133	0.164051026323	0.158468776798	0.174067696054	0.173828048497	0.159962760468	0.166138285768	0.169305125246	0.174236351407	0.0	0.000476921531823	0.179513967924	0.180006049934	0.167289191689	0.164490562278	0.164182033779	0.154277026274
764366428-stool3.freeze11.snv.filtered.bam	0.170684429567	0.169668014683	0.17470406829	0.17388518514	0.167264787329	0.166669540145	0.175477946419	0.18179997437	0.18153563434	0.173072033413	0.161887847912	0.167897277433	0.163434613049	0.159054542272	0.182118077473	0.173266208473	0.150888180001	0.162672930697	0.155673588379	0.149757667164	0.15751851611	0.161690343311	0.15687289054	0.15980766343	0.231555183658	0.165344597481	0.159885429964	0.175550149424	0.175402062178	0.161355128767	0.167480455899	0.170566097605	0.175492097655	0.000476921531823	0.0	0.181168882557	0.181629466389	0.168662352792	0.165806873837	0.165679132704	0.155774068498
764487809-stool1.freeze11.snv.filtered.bam	0.184077256617	0.182884325212	0.18712278541	0.185995104262	0.182009692209	0.180959282392	0.170116227583	0.182378163915	0.182332264006	0.1754498595	0.15954684114	0.182180343028	0.18116565833	0.181043115384	0.18055093386	0.169256422597	0.174561400153	0.176791168565	0.178305966531	0.16289162557	0.173009755047	0.177170146983	0.172054453199	0.181396623853	0.235314930138	0.181077175328	0.175200219495	0.174414728838	0.059314984286	0.176493601301	0.182187174691	0.180616490917	0.185985565446	0.179513967924	0.181168882557	0.0	0.00141166030838	0.182656531841	0.18010632297	0.178611467715	0.179848252548
764487809-stool2.freeze11.snv.filtered.bam	0.184709500917	0.183530664607	0.187503482089	0.186364482577	0.182517766012	0.181329626218	0.17047620131	0.182803416578	0.182732008741	0.175906675235	0.160341640254	0.182675069734	0.1816787589	0.181712477999	0.181080219071	0.16973206719	0.175027855062	0.177209587029	0.178920998625	0.163280496453	0.173403129163	0.177511537912	0.172483670711	0.181993632291	0.235748969978	0.181701008492	0.175796825727	0.174778834985	0.0593717583684	0.176971785536	0.1828308211	0.181097991917	0.186472518452	0.180006049934	0.181629466389	0.00141166030838	0.0	0.183152529353	0.180621629922	0.179077359683	0.180327619563
764649650-stool2.freeze11.snv.filtered.bam	0.171041861629	0.169803384752	0.168761307739	0.167665132117	0.16732969446	0.171366139035	0.17829747204	0.184182700248	0.184128448458	0.175243555361	0.167353459469	0.167967204599	0.157354260956	0.163041930816	0.182676787547	0.175632063511	0.15453725487	0.162490654009	0.160252883174	0.143594929942	0.154280760651	0.163776670501	0.159094413716	0.163411209574	0.234263034212	0.160954849961	0.15615942776	0.177054911427	0.17831499597	0.156804547991	0.165873715715	0.167999699829	0.172815870149	0.167289191689	0.168662352792	0.182656531841	0.183152529353	0.0	0.165201484595	0.165164710357	0.154787113407
765013792-stool1.freeze11.snv.filtered.bam	0.146395328498	0.14621806574	0.170853407666	0.16992250868	0.00606366211549	0.170160315258	0.174920234313	0.181616985507	0.181570294464	0.172316175967	0.163455123933	0.00738486636116	0.150486477915	0.159155607028	0.182248136587	0.172300921787	0.151382838789	0.00516954156299	0.155540150085	0.142097883965	0.144066328786	0.151007771369	0.146653823365	0.158434319522	0.232469290432	0.139798435069	0.135726906738	0.173582317728	0.175032463892	0.146457729403	0.160566715717	0.167086025465	0.17225528809	0.164490562278	0.165806873837	0.18010632297	0.180621629922	0.165201484595	0.0	0.163065765888	0.156606339694
765135172-stool3.freeze11.snv.filtered.bam	0.160436187435	0.159210478456	0.16816939196	0.167267512658	0.164910085504	0.111577766746	0.17399660787	0.180610872502	0.180587485059	0.17240854801	0.162091493934	0.165573484728	0.159322608149	0.163794907562	0.18153338592	0.169912205668	0.155566120623	0.160105507935	0.160986727457	0.144172732944	0.155056518216	0.157076530999	0.15249442845	0.162778962638	0.231378122393	0.164396394355	0.159093820567	0.17353705076	0.174715218014	0.155594330218	0.166957153901	0.164213489894	0.16910068472	0.164182033779	0.165679132704	0.178611467715	0.179077359683	0.165164710357	0.163065765888	0.0	0.160537258157
765337473-stool2.freeze11.snv.filtered.bam	0.162721193657	0.161620165342	0.169577324494	0.168832739742	0.158563411306	0.166014883873	0.176474869619	0.183673627595	0.183644919747	0.17181747198	0.162365322941	0.159688830358	0.140748264912	0.0868549372512	0.181579754708	0.172602578998	0.0252697660564	0.154426070737	0.0834620290611	0.136340665485	0.141280074148	0.156563409215	0.151629309297	0.0857689781091	0.232202353456	0.144759452363	0.139794833615	0.174184495616	0.174931287976	0.147171766058	0.153362992662	0.165955058428	0.170983445794	0.154277026274	0.155774068498	0.179848252548	0.180327619563	0.154787113407	0.156606339694	0.160537258157	0.0
