	158337416-stool1.freeze11.snv.filtered.bam	158337416-stool2.freeze11.snv.filtered.bam	508703490-stool1.freeze11.snv.filtered.bam	550534656-stool1.freeze11.snv.filtered.bam	550534656-stool2.freeze11.snv.filtered.bam	550534656-stool3.freeze11.snv.filtered.bam	638754422-stool2.freeze11.snv.filtered.bam	706846339-stool2.freeze11.snv.filtered.bam	763496533-stool1.freeze11.snv.filtered.bam	763496533-stool2.freeze11.snv.filtered.bam	763577454-stool1.freeze11.snv.filtered.bam	763577454-stool2.freeze11.snv.filtered.bam	763759525-stool1.freeze11.snv.filtered.bam	763759525-stool2.freeze11.snv.filtered.bam	763840445-stool1.freeze11.snv.filtered.bam	764325968-stool1.freeze11.snv.filtered.bam	764366428-stool2.freeze11.snv.filtered.bam	764508039-stool3.freeze11.snv.filtered.bam	764649650-stool2.freeze11.snv.filtered.bam	765013792-stool2.freeze11.snv.filtered.bam	765074482-stool2.freeze11.snv.filtered.bam	765337473-stool2.freeze11.snv.filtered.bam	765701615-stool1.freeze11.snv.filtered.bam	765701615-stool2.freeze11.snv.filtered.bam
158337416-stool1.freeze11.snv.filtered.bam	0.0	0.0	0.35184579077	0.353310020499	0.353310020499	0.351725207145	0.281666121169	0.382542936384	0.356048991404	0.228712683675	0.243510017054	0.25942705552	0.35184579077	0.351931921931	0.351983600627	0.341286110489	0.351552944824	0.349606380596	0.342698661522	0.377857401251	0.0748824309659	0.391052695044	0.403662296946	0.400320407917
158337416-stool2.freeze11.snv.filtered.bam	0.0	0.0	0.33205285008	0.333517079809	0.333534306041	0.332001171384	0.270641332621	0.363421818746	0.33622159825	0.216068629309	0.233518802432	0.249246352345	0.332070076312	0.332138981241	0.332121755009	0.321751563281	0.331760004134	0.329934023531	0.32461111781	0.358753509845	0.0713855058483	0.371449242907	0.383748772631	0.380441336067
508703490-stool1.freeze11.snv.filtered.bam	0.35184579077	0.33205285008	0.0	0.00938829649791	0.00945720142633	0.00899209315946	0.32592031145	0.229057208317	0.0181736748721	0.175259685449	0.324869511292	0.356117896333	0.00454772527605	0.00453049904394	0.00993953592531	0.00404816454497	0.0124717920449	0.00863034228523	0.153709669084	0.217705121359	0.330313000637	0.241356738041	0.267385574753	0.26326850528
550534656-stool1.freeze11.snv.filtered.bam	0.353310020499	0.333517079809	0.00938829649791	0.0	0.000292845945806	0.0002756197137	0.326661039431	0.230590342974	0.0219462197034	0.177223475909	0.326333741021	0.357547673597	0.00911267678421	0.0090954505521	0.0135914971318	0.00873369967787	0.0152796678782	0.0129369003118	0.151728652392	0.21927270848	0.332242338633	0.243975125321	0.268074624037	0.264026459493
550534656-stool2.freeze11.snv.filtered.bam	0.353310020499	0.333534306041	0.00945720142633	0.000292845945806	0.0	0.0	0.326523229574	0.230521438046	0.0220151246318	0.177206249677	0.326333741021	0.357547673597	0.00921603417684	0.00916435548053	0.0136604020603	0.00878537837419	0.0151935367177	0.0130402577044	0.151694199928	0.219255482248	0.332259564865	0.243940672857	0.267988492877	0.263957554564
550534656-stool3.freeze11.snv.filtered.bam	0.351725207145	0.332001171384	0.00899209315946	0.0002756197137	0.0	0.0	0.325110678541	0.229263923102	0.0215327901328	0.176138223286	0.324835058828	0.35601453894	0.00873369967787	0.00871647344576	0.0132297462576	0.00832027010732	0.0147973333793	0.0125923756697	0.151022376876	0.218153003394	0.330760882672	0.24290709893	0.266817109094	0.262786170781
638754422-stool2.freeze11.snv.filtered.bam	0.281666121169	0.270641332621	0.32592031145	0.326661039431	0.326523229574	0.325110678541	0.0	0.357272053884	0.328642056123	0.234431792734	0.261666465694	0.278841019104	0.325885858986	0.325954763914	0.325369072023	0.316032454221	0.325058999845	0.323233019242	0.317892887289	0.347366970423	0.27300132642	0.358942998398	0.370915229712	0.367573340683
706846339-stool2.freeze11.snv.filtered.bam	0.382542936384	0.363421818746	0.229057208317	0.230590342974	0.230521438046	0.229263923102	0.357272053884	0.0	0.231933989079	0.261976537872	0.354567535443	0.382250090438	0.229487864119	0.229591221512	0.227799693373	0.221339856333	0.229281149334	0.227748014677	0.219410518337	0.274034900346	0.363628533531	0.290227558526	0.295274844533	0.291846824344
763496533-stool1.freeze11.snv.filtered.bam	0.356048991404	0.33622159825	0.0181736748721	0.0219462197034	0.0220151246318	0.0215327901328	0.328642056123	0.231933989079	0.0	0.175363042842	0.328435341338	0.35928752304	0.0184148421216	0.0183976158895	0.0231176034866	0.017346815731	0.0247196430725	0.0118688739212	0.155208351277	0.222201167939	0.334326712718	0.246920811011	0.271674906548	0.267626742003
763496533-stool2.freeze11.snv.filtered.bam	0.228712683675	0.216068629309	0.175259685449	0.177223475909	0.177206249677	0.176138223286	0.234431792734	0.261976537872	0.175363042842	0.0	0.0907650169678	0.10861139343	0.175414721538	0.175552531395	0.176999534892	0.16929940914	0.176999534892	0.172865239186	0.216516511343	0.253966339942	0.206887047596	0.270606880157	0.287591945014	0.284267282217
763577454-stool1.freeze11.snv.filtered.bam	0.243510017054	0.233518802432	0.324869511292	0.326333741021	0.326333741021	0.324835058828	0.261666465694	0.354567535443	0.328435341338	0.0907650169678	0.0	0.0	0.324921189988	0.325024547381	0.324766153899	0.314912749134	0.323939294758	0.322457838797	0.318754198894	0.346626242442	0.234449018966	0.361268539732	0.375307918899	0.372017708567
763577454-stool2.freeze11.snv.filtered.bam	0.25942705552	0.249246352345	0.356117896333	0.357547673597	0.357547673597	0.35601453894	0.278841019104	0.382250090438	0.35928752304	0.10861139343	0.0	0.0	0.3561006701	0.356204027493	0.355928407779	0.345661573444	0.35511877487	0.353430604124	0.346092229247	0.374412154829	0.251296273966	0.389502334154	0.403421129696	0.4000964669
763759525-stool1.freeze11.snv.filtered.bam	0.35184579077	0.332070076312	0.00454772527605	0.00911267678421	0.00921603417684	0.00873369967787	0.325885858986	0.229487864119	0.0184148421216	0.175414721538	0.324921189988	0.3561006701	0.0	1.72262321063e-05	0.0100256670858	0.00416874816971	0.0125923756697	0.00883705707051	0.154157551119	0.218135777161	0.33041635803	0.241408416737	0.267557837074	0.263492446297
763759525-stool2.freeze11.snv.filtered.bam	0.351931921931	0.332138981241	0.00453049904394	0.0090954505521	0.00916435548053	0.00871647344576	0.325954763914	0.229591221512	0.0183976158895	0.175552531395	0.325024547381	0.356204027493	1.72262321063e-05	0.0	0.0100084408537	0.00415152193761	0.0125923756697	0.0088198308384	0.154192003583	0.218187455858	0.330485262958	0.241529000362	0.267678420699	0.263613029922
763840445-stool1.freeze11.snv.filtered.bam	0.351983600627	0.332121755009	0.00993953592531	0.0135914971318	0.0136604020603	0.0132297462576	0.325369072023	0.227799693373	0.0231176034866	0.176999534892	0.324766153899	0.355928407779	0.0100256670858	0.0100084408537	0.0	0.00888873576683	0.016692218911	0.0136431758282	0.151401353982	0.219255482248	0.330536941655	0.241391190505	0.266765430397	0.26270003962
764325968-stool1.freeze11.snv.filtered.bam	0.341286110489	0.321751563281	0.00404816454497	0.00873369967787	0.00878537837419	0.00832027010732	0.316032454221	0.221339856333	0.017346815731	0.16929940914	0.314912749134	0.345661573444	0.00416874816971	0.00415152193761	0.00888873576683	0.0	0.0116449329038	0.00804465039362	0.14843844206	0.210866307213	0.320132297463	0.233708290986	0.258893042325	0.254827651548
764366428-stool2.freeze11.snv.filtered.bam	0.351552944824	0.331760004134	0.0124717920449	0.0152796678782	0.0151935367177	0.0147973333793	0.325058999845	0.229281149334	0.0247196430725	0.176999534892	0.323939294758	0.35511877487	0.0125923756697	0.0125923756697	0.016692218911	0.0116449329038	0.0	0.0156241925204	0.150316101359	0.217618990198	0.329692856282	0.243733958071	0.266834335326	0.262768944549
764508039-stool3.freeze11.snv.filtered.bam	0.349606380596	0.329934023531	0.00863034228523	0.0129369003118	0.0130402577044	0.0125923756697	0.323233019242	0.227748014677	0.0118688739212	0.172865239186	0.322457838797	0.353430604124	0.00883705707051	0.0088198308384	0.0136431758282	0.00804465039362	0.0156241925204	0.0	0.151091281804	0.215414032489	0.327866875678	0.24061601006	0.265731856471	0.26171814439
764649650-stool2.freeze11.snv.filtered.bam	0.342698661522	0.32461111781	0.153709669084	0.151728652392	0.151694199928	0.151022376876	0.317892887289	0.219410518337	0.155208351277	0.216516511343	0.318754198894	0.346092229247	0.154157551119	0.154192003583	0.151401353982	0.14843844206	0.150316101359	0.151091281804	0.0	0.233191504022	0.322819589671	0.250469414825	0.259599317841	0.256378012437
765013792-stool2.freeze11.snv.filtered.bam	0.377857401251	0.358753509845	0.217705121359	0.21927270848	0.219255482248	0.218153003394	0.347366970423	0.274034900346	0.222201167939	0.253966339942	0.346626242442	0.374412154829	0.218135777161	0.218187455858	0.219255482248	0.210866307213	0.217618990198	0.215414032489	0.233191504022	0.0	0.358374532738	0.0666482920191	0.0785860708687	0.0769323525865
765074482-stool2.freeze11.snv.filtered.bam	0.0748824309659	0.0713855058483	0.330313000637	0.332242338633	0.332259564865	0.330760882672	0.27300132642	0.363628533531	0.334326712718	0.206887047596	0.234449018966	0.251296273966	0.33041635803	0.330485262958	0.330536941655	0.320132297463	0.329692856282	0.327866875678	0.322819589671	0.358374532738	0.0	0.372741210315	0.384541179308	0.381388778832
765337473-stool2.freeze11.snv.filtered.bam	0.391052695044	0.371449242907	0.241356738041	0.243975125321	0.243940672857	0.24290709893	0.358942998398	0.290227558526	0.246920811011	0.270606880157	0.361268539732	0.389502334154	0.241408416737	0.241529000362	0.241391190505	0.233708290986	0.243733958071	0.24061601006	0.250469414825	0.0666482920191	0.372741210315	0.0	0.0709720762778	0.0696284301735
765701615-stool1.freeze11.snv.filtered.bam	0.403662296946	0.383748772631	0.267385574753	0.268074624037	0.267988492877	0.266817109094	0.370915229712	0.295274844533	0.271674906548	0.287591945014	0.375307918899	0.403421129696	0.267557837074	0.267678420699	0.266765430397	0.258893042325	0.266834335326	0.265731856471	0.259599317841	0.0785860708687	0.384541179308	0.0709720762778	0.0	0.0
765701615-stool2.freeze11.snv.filtered.bam	0.400320407917	0.380441336067	0.26326850528	0.264026459493	0.263957554564	0.262786170781	0.367573340683	0.291846824344	0.267626742003	0.284267282217	0.372017708567	0.4000964669	0.263492446297	0.263613029922	0.26270003962	0.254827651548	0.262768944549	0.26171814439	0.256378012437	0.0769323525865	0.381388778832	0.0696284301735	0.0	0.0
