	159166850-stool1.freeze11.snv.filtered.bam	159166850-stool2.freeze11.snv.filtered.bam	159247771-stool1.freeze11.snv.filtered.bam	159247771-stool2.freeze11.snv.filtered.bam	159369152-stool1.freeze11.snv.filtered.bam	159369152-stool2.freeze11.snv.filtered.bam	159490532-stool1.freeze11.snv.filtered.bam	159490532-stool2.freeze11.snv.filtered.bam	159510762-stool1.freeze11.snv.filtered.bam	159510762-stool2.freeze11.snv.filtered.bam	159551223-stool2.freeze11.snv.filtered.bam	159611913-stool1.freeze11.snv.filtered.bam	159611913-stool2.freeze11.snv.filtered.bam	159753524-stool1.freeze11.snv.filtered.bam	159753524-stool2.freeze11.snv.filtered.bam	159753524-stool3.freeze11.snv.filtered.bam	160158126-stool1.freeze11.snv.filtered.bam	160158126-stool2.freeze11.snv.filtered.bam	160178356-stool1.freeze11.snv.filtered.bam	160178356-stool2.freeze11.snv.filtered.bam	160178356-stool3.freeze11.snv.filtered.bam	160421117-stool1.freeze11.snv.filtered.bam	160421117-stool2.freeze11.snv.filtered.bam	160421117-stool3.freeze11.snv.filtered.bam	160502038-stool1.freeze11.snv.filtered.bam	160502038-stool2.freeze11.snv.filtered.bam	160502038-stool3.freeze11.snv.filtered.bam	160603188-stool2.freeze11.snv.filtered.bam	508703490-stool1.freeze11.snv.filtered.bam	508703490-stool2.freeze11.snv.filtered.bam	508703490-stool3.freeze11.snv.filtered.bam	550534656-stool1.freeze11.snv.filtered.bam	550534656-stool2.freeze11.snv.filtered.bam	550534656-stool3.freeze11.snv.filtered.bam	604812005-stool2.freeze11.snv.filtered.bam	763496533-stool2.freeze11.snv.filtered.bam	763860675-stool2.freeze11.snv.filtered.bam	764143897-stool2.freeze11.snv.filtered.bam	764325968-stool2.freeze11.snv.filtered.bam	764669880-stool1.freeze11.snv.filtered.bam	764669880-stool2.freeze11.snv.filtered.bam	765074482-stool1.freeze11.snv.filtered.bam	765074482-stool3.freeze11.snv.filtered.bam
159166850-stool1.freeze11.snv.filtered.bam	0.0	0.0225241633717	0.242173871741	0.243008730233	0.203050533201	0.203015538525	0.25670289645	0.255426082446	0.149689160778	0.148295162687	0.247238959051	0.255225698521	0.25193330517	0.184924783342	0.187534392954	0.187250125965	0.25290971143	0.250782239307	0.253305739313	0.234102070605	0.238385761011	0.171604700509	0.168071892897	0.166688624009	0.259622695373	0.25077683349	0.244638423576	0.195715291921	0.198753439329	0.197420829162	0.20001908493	0.193042771812	0.189258469302	0.189581025017	0.200341198327	0.230514576437	0.210376674031	0.151226438483	0.187029760015	0.185653489599	0.187191310548	0.22057399824	0.229909253322
159166850-stool2.freeze11.snv.filtered.bam	0.0225241633717	0.0	0.244656813361	0.24498978812	0.205271448159	0.205132415703	0.246018926432	0.24497643934	0.151843728465	0.150491412217	0.246233200342	0.256028749263	0.252656178761	0.184885808623	0.187147622383	0.186979026961	0.243583187863	0.241384363326	0.253734265793	0.232493359427	0.237798124213	0.156267628905	0.15040274737	0.149912072656	0.260371432176	0.251077904693	0.244413863421	0.194963978563	0.197777259891	0.195733198272	0.198424977984	0.191886717471	0.187225307721	0.188080062658	0.194732903821	0.225970749719	0.203344118537	0.149019090417	0.186027305254	0.180365875254	0.181947426982	0.221844323342	0.231326924857
159247771-stool1.freeze11.snv.filtered.bam	0.242173871741	0.244656813361	0.0	0.0164628193518	0.261097454065	0.261149834435	0.274154319957	0.272270997934	0.243072692844	0.243236560257	0.235526341014	0.23802049587	0.235253313069	0.263895423424	0.263613573188	0.260105302003	0.263421710554	0.261639427839	0.264944730353	0.249109686363	0.253526275603	0.2535287673	0.25239991785	0.251027582616	0.259132460816	0.254937561973	0.248497704012	0.264529600575	0.261282165545	0.260621774727	0.262020264458	0.267781108591	0.26551082487	0.265668662244	0.256222436472	0.239443721185	0.254443830778	0.243536701329	0.254088140421	0.262207971163	0.263088161646	0.248383285648	0.258895316391
159247771-stool2.freeze11.snv.filtered.bam	0.243008730233	0.24498978812	0.0164628193518	0.0	0.262867659229	0.262740003855	0.273849413083	0.271794285112	0.243552223073	0.243873147928	0.235541583973	0.23833599398	0.235313541734	0.264568856802	0.264039125897	0.260426887002	0.262962087849	0.261471584903	0.265157179575	0.24882190618	0.253360791238	0.252977185872	0.25215058865	0.25079108054	0.259566138475	0.255753507129	0.248918654482	0.265362800817	0.262211857176	0.261440670786	0.262924253234	0.267884929057	0.265680852221	0.265881730056	0.255388174919	0.238516968103	0.25453395752	0.243636420143	0.25364920062	0.262773393619	0.263719874729	0.248742833072	0.259815338529
159369152-stool1.freeze11.snv.filtered.bam	0.203050533201	0.205271448159	0.261097454065	0.262867659229	0.0	0.00142086434602	0.276266100695	0.275455566758	0.204340224964	0.202704619443	0.262356797583	0.273073550609	0.271007488655	0.217310483888	0.220581366	0.220627812991	0.273195861183	0.270828108618	0.242494102942	0.237583608471	0.233412889315	0.218346404267	0.215562646945	0.215718557153	0.273553925791	0.266598329209	0.261504382225	0.21397856623	0.211953049334	0.210824258851	0.212802714483	0.221429896272	0.219539564009	0.219081008686	0.226281945873	0.248075216651	0.230524331933	0.199767958822	0.220641032492	0.216149882522	0.218106360274	0.221329375831	0.224349951387
159369152-stool2.freeze11.snv.filtered.bam	0.203015538525	0.205132415703	0.261149834435	0.262740003855	0.00142086434602	0.0	0.276124750671	0.275271455965	0.204283630014	0.20268281291	0.262395656569	0.272952550079	0.270907732299	0.217294858085	0.220417386038	0.220512723107	0.273080327819	0.270724884766	0.242417060957	0.237480887207	0.233332334205	0.21830931862	0.215504771185	0.215641923471	0.27345081171	0.266417401549	0.261330473742	0.213807558882	0.212014141837	0.210726676647	0.212694751338	0.221483483797	0.219528072448	0.21906265486	0.226300533484	0.248077443471	0.230447924256	0.199764890315	0.220692846611	0.216174034104	0.218231673948	0.221294749567	0.224238437424
159490532-stool1.freeze11.snv.filtered.bam	0.25670289645	0.246018926432	0.274154319957	0.273849413083	0.276266100695	0.276124750671	0.0	0.0184335983384	0.257181163485	0.257148616161	0.243713788416	0.248866406842	0.247585974282	0.267689330853	0.267298462215	0.265145794856	0.129460292481	0.128208376916	0.264181613222	0.247218631601	0.252942089952	0.242536274426	0.235295547636	0.238861353993	0.076561452824	0.0753439454946	0.0971520450043	0.267508505509	0.269230012128	0.26802889324	0.269600228836	0.267380572078	0.264970881807	0.265752007988	0.252741762376	0.140278726483	0.231041385201	0.24778836443	0.257919884258	0.258047196925	0.256701340938	0.25425864904	0.260614894389
159490532-stool2.freeze11.snv.filtered.bam	0.255426082446	0.24497643934	0.272270997934	0.271794285112	0.275455566758	0.275271455965	0.0184335983384	0.0	0.258501367585	0.258301110024	0.244008323847	0.246252109638	0.24512719646	0.26843602341	0.267757147101	0.265822136317	0.125832613543	0.121097110389	0.264058643411	0.246792812299	0.252737269767	0.246206986974	0.240100954099	0.242541370197	0.0652325684931	0.0642277124753	0.0870724363528	0.268075800493	0.26974644746	0.268439795365	0.269969145742	0.26967063416	0.2672872084	0.267695891553	0.257938785338	0.135878374381	0.237603686413	0.251663941188	0.261188156238	0.259003353325	0.258833453202	0.252491217605	0.25850812863
159510762-stool1.freeze11.snv.filtered.bam	0.149689160778	0.151843728465	0.243072692844	0.243552223073	0.204340224964	0.204283630014	0.257181163485	0.258501367585	0.0	0.00806159152993	0.239960573688	0.254737859919	0.251704983755	0.186265616777	0.189869010675	0.188955035173	0.25677597793	0.254840215236	0.251664786804	0.234478434488	0.236611723171	0.169463866088	0.166165745051	0.165465450508	0.25754091682	0.248400516079	0.242176901851	0.190858541165	0.197190666489	0.195885554478	0.198698461808	0.194051219053	0.189610340242	0.190544543865	0.200169555908	0.229780908885	0.216015781079	0.140264895248	0.181777518311	0.189593658046	0.192238329472	0.216102679019	0.224749084859
159510762-stool2.freeze11.snv.filtered.bam	0.148295162687	0.150491412217	0.243236560257	0.243873147928	0.202704619443	0.20268281291	0.257148616161	0.258301110024	0.00806159152993	0.0	0.240851956566	0.254655188651	0.251962994461	0.184592377052	0.189291533537	0.18881722415	0.256327934346	0.254243603928	0.252479108133	0.235192615939	0.23735256321	0.168293694685	0.164729465753	0.164067018794	0.257568393972	0.248282313065	0.24217792108	0.18929259971	0.195267123263	0.193815337198	0.196719209492	0.192732648419	0.18815242044	0.188956655981	0.200588169249	0.230420692602	0.216273454803	0.137905705561	0.182440823534	0.188287317987	0.191031790534	0.216581525916	0.224439156271
159551223-stool2.freeze11.snv.filtered.bam	0.247238959051	0.246233200342	0.235526341014	0.235541583973	0.262356797583	0.262395656569	0.243713788416	0.244008323847	0.239960573688	0.240851956566	0.0	0.18858667828	0.190366174681	0.256477443777	0.256189434842	0.252650789678	0.236142991011	0.234625311373	0.244624642165	0.227025049306	0.232970434164	0.246505595526	0.245009550409	0.243670486931	0.241544486569	0.23640114364	0.230325957877	0.254901896864	0.254429555817	0.253297217233	0.254920020985	0.258717163256	0.256109691834	0.256516589379	0.241456042791	0.222495732828	0.240137375496	0.243695031623	0.24386202357	0.254947001134	0.255890208746	0.228356182844	0.237731510097
159611913-stool1.freeze11.snv.filtered.bam	0.255225698521	0.256028749263	0.23802049587	0.23833599398	0.273073550609	0.272952550079	0.248866406842	0.246252109638	0.254737859919	0.254655188651	0.18858667828	0.0	0.0299337806574	0.264218783755	0.262674839162	0.25956933602	0.240258403064	0.237444894463	0.256221912612	0.240190540564	0.245390755745	0.26123388834	0.259242586838	0.259169296132	0.239359597178	0.235465739668	0.232376075912	0.263472741871	0.266684248007	0.265896396013	0.267239711516	0.271745279354	0.2698509872	0.26943605304	0.257160258434	0.228464648086	0.254023955309	0.254005256128	0.26004354264	0.266822752625	0.267884937559	0.236626245301	0.245514589846
159611913-stool2.freeze11.snv.filtered.bam	0.25193330517	0.252656178761	0.235253313069	0.235313541734	0.271007488655	0.270907732299	0.247585974282	0.24512719646	0.251704983755	0.251962994461	0.190366174681	0.0299337806574	0.0	0.262769867065	0.260219464663	0.256211327327	0.239012903348	0.236315801101	0.250505119426	0.230648872217	0.236388764179	0.257273383788	0.255278103919	0.254998404505	0.231674377097	0.228091278485	0.221662801291	0.261101897171	0.264648639029	0.263696809144	0.265148106962	0.268526428757	0.266306405201	0.266266398768	0.250799182456	0.220710180184	0.25127495561	0.25261826808	0.257107188909	0.265182352816	0.266326822593	0.234621312034	0.242186896882
159753524-stool1.freeze11.snv.filtered.bam	0.184924783342	0.184885808623	0.263895423424	0.264568856802	0.217310483888	0.217294858085	0.267689330853	0.26843602341	0.186265616777	0.184592377052	0.256477443777	0.264218783755	0.262769867065	0.0	0.013335315829	0.0198963792878	0.26261183504	0.259462796174	0.260010841532	0.243568248796	0.245606650336	0.205403349715	0.200434398088	0.20049629706	0.267119686357	0.258913775067	0.253563311359	0.133118701469	0.171293789431	0.169568568731	0.172328462325	0.123598085351	0.123069005505	0.120393386959	0.189204437379	0.243156101969	0.223021695984	0.190831881151	0.174462670083	0.122040159012	0.126707166366	0.227111474765	0.233119836472
159753524-stool2.freeze11.snv.filtered.bam	0.187534392954	0.187147622383	0.263613573188	0.264039125897	0.220581366	0.220417386038	0.267298462215	0.267757147101	0.189869010675	0.189291533537	0.256189434842	0.262674839162	0.260219464663	0.013335315829	0.0	0.0116986475263	0.262413736408	0.259391000925	0.260185033902	0.243135267019	0.245537362654	0.207119420933	0.202150670409	0.202229815124	0.265955646399	0.257964047904	0.25216288306	0.137693624033	0.175982511606	0.174235922607	0.176765162654	0.128892013119	0.128420906671	0.12607649923	0.189344029351	0.240743801967	0.224269234996	0.193828455871	0.176788513447	0.126973162609	0.131607787994	0.227156944342	0.234344292021
159753524-stool3.freeze11.snv.filtered.bam	0.187250125965	0.186979026961	0.260105302003	0.260426887002	0.220627812991	0.220512723107	0.265145794856	0.265822136317	0.188955035173	0.18881722415	0.252650789678	0.25956933602	0.256211327327	0.0198963792878	0.0116986475263	0.0	0.260022105755	0.257099867559	0.257548092267	0.239438823135	0.241999856225	0.205966512781	0.201206787294	0.201410418585	0.262463617097	0.254985500998	0.248404630766	0.141321853431	0.177686561516	0.17634482131	0.178944483505	0.13267327263	0.132172892886	0.129977755116	0.18703026246	0.236167732173	0.222963381505	0.193580353426	0.177990342422	0.13059941137	0.135159516401	0.224130619156	0.233192640259
160158126-stool1.freeze11.snv.filtered.bam	0.25290971143	0.243583187863	0.263421710554	0.262962087849	0.273195861183	0.273080327819	0.129460292481	0.125832613543	0.25677597793	0.256327934346	0.236142991011	0.240258403064	0.239012903348	0.26261183504	0.262413736408	0.260022105755	0.0	0.0171248138747	0.251921392508	0.243393969854	0.244009921207	0.244690704287	0.24172653262	0.242142438146	0.150656169666	0.147594203385	0.158610950401	0.261260700067	0.268530659157	0.267734697335	0.269134153906	0.26282051778	0.260302908896	0.261191118939	0.249018987603	0.176831897785	0.240371143877	0.248130201695	0.2536375558	0.255588800186	0.256453818265	0.245050526473	0.25294273399
160158126-stool2.freeze11.snv.filtered.bam	0.250782239307	0.241384363326	0.261639427839	0.261471584903	0.270828108618	0.270724884766	0.128208376916	0.121097110389	0.254840215236	0.254243603928	0.234625311373	0.237444894463	0.236315801101	0.259462796174	0.259391000925	0.257099867559	0.0171248138747	0.0	0.250880999036	0.242335665218	0.242903257539	0.244389527291	0.24081139691	0.241694375692	0.143819771626	0.14084579264	0.152095377996	0.258789598555	0.265671850261	0.264796404501	0.266172885956	0.261911105375	0.259759141839	0.260048159703	0.250903507643	0.174364030312	0.239799301202	0.247719381177	0.255511949599	0.253720711731	0.254709637898	0.242165089408	0.2494836832
160178356-stool1.freeze11.snv.filtered.bam	0.253305739313	0.253734265793	0.264944730353	0.265157179575	0.242494102942	0.242417060957	0.264181613222	0.264058643411	0.251664786804	0.252479108133	0.244624642165	0.256221912612	0.250505119426	0.260010841532	0.260185033902	0.257548092267	0.251921392508	0.250880999036	0.0	0.101603417425	0.038606851318	0.255033589003	0.254813907664	0.252978821374	0.257317328606	0.252253807822	0.248348347124	0.261501635983	0.254470489658	0.253678678685	0.255257576411	0.266547201833	0.263541280363	0.265199695521	0.209920447253	0.239013352466	0.25233532019	0.246477679451	0.257040408399	0.265046116664	0.265982930285	0.151873238319	0.140046493868
160178356-stool2.freeze11.snv.filtered.bam	0.234102070605	0.232493359427	0.249109686363	0.24882190618	0.237583608471	0.237480887207	0.247218631601	0.246792812299	0.234478434488	0.235192615939	0.227025049306	0.240190540564	0.230648872217	0.243568248796	0.243135267019	0.239438823135	0.243393969854	0.242335665218	0.101603417425	0.0	0.0662798711777	0.237097128596	0.235331028673	0.233244405511	0.239130661985	0.232517691058	0.221260463089	0.243604747178	0.242916292849	0.241479548166	0.243248453747	0.246917638765	0.242168904874	0.244568346867	0.194262815291	0.202588773277	0.230823981486	0.230655673943	0.236295108663	0.243636943855	0.245565334233	0.178756654708	0.17985947465
160178356-stool3.freeze11.snv.filtered.bam	0.238385761011	0.237798124213	0.253526275603	0.253360791238	0.233412889315	0.233332334205	0.252942089952	0.252737269767	0.236611723171	0.23735256321	0.232970434164	0.245390755745	0.236388764179	0.245606650336	0.245537362654	0.241999856225	0.244009921207	0.242903257539	0.038606851318	0.0662798711777	0.0	0.240534929801	0.238249219144	0.236532696468	0.244146781166	0.237320155214	0.22858176863	0.24657208282	0.242560969011	0.241118134793	0.242996132675	0.251702069217	0.247419232174	0.249426255156	0.194055487939	0.217461160077	0.238039409624	0.231828088351	0.241781708909	0.249410786442	0.250677884921	0.148401029842	0.145605297439
160421117-stool1.freeze11.snv.filtered.bam	0.171604700509	0.156267628905	0.2535287673	0.252977185872	0.218346404267	0.21830931862	0.242536274426	0.246206986974	0.169463866088	0.168293694685	0.246505595526	0.26123388834	0.257273383788	0.205403349715	0.207119420933	0.205966512781	0.244690704287	0.244389527291	0.255033589003	0.237097128596	0.240534929801	0.0	0.0272243305044	0.020772993625	0.268728938755	0.260771978867	0.253176039481	0.210848630004	0.209577670766	0.208607182813	0.210761507039	0.208120017452	0.204045790638	0.205766566475	0.196331794434	0.22400645779	0.21079304539	0.15666554784	0.199706830642	0.195871838028	0.195586990843	0.2268956082	0.236786114267
160421117-stool2.freeze11.snv.filtered.bam	0.168071892897	0.15040274737	0.25239991785	0.25215058865	0.215562646945	0.215504771185	0.235295547636	0.240100954099	0.166165745051	0.164729465753	0.245009550409	0.259242586838	0.255278103919	0.200434398088	0.202150670409	0.201206787294	0.24172653262	0.24081139691	0.254813907664	0.235331028673	0.238249219144	0.0272243305044	0.0	0.015437938936	0.26586020727	0.256497234056	0.24927907204	0.205921991337	0.204166775494	0.202583743371	0.20471708501	0.204576645044	0.199409607331	0.200976180537	0.191685352507	0.22342265714	0.204660229854	0.151457071432	0.196101025656	0.190519642151	0.188624091244	0.223792153796	0.233137524202
160421117-stool3.freeze11.snv.filtered.bam	0.166688624009	0.149912072656	0.251027582616	0.25079108054	0.215718557153	0.215641923471	0.238861353993	0.242541370197	0.165465450508	0.164067018794	0.243670486931	0.259169296132	0.254998404505	0.20049629706	0.202229815124	0.201410418585	0.242142438146	0.241694375692	0.252978821374	0.233244405511	0.236532696468	0.020772993625	0.015437938936	0.0	0.265679646878	0.256557190888	0.248848828938	0.205361420207	0.205209979677	0.203617433138	0.205780331988	0.203436111285	0.19816402923	0.199965148605	0.191061299345	0.222668460691	0.205263549532	0.151524730623	0.194744422521	0.190413890716	0.189577841472	0.223296047802	0.232865974998
160502038-stool1.freeze11.snv.filtered.bam	0.259622695373	0.260371432176	0.259132460816	0.259566138475	0.273553925791	0.27345081171	0.076561452824	0.0652325684931	0.25754091682	0.257568393972	0.241544486569	0.239359597178	0.231674377097	0.267119686357	0.265955646399	0.262463617097	0.150656169666	0.143819771626	0.257317328606	0.239130661985	0.244146781166	0.268728938755	0.26586020727	0.265679646878	0.0	0.0162392258153	0.0312958561448	0.267787478921	0.270483883566	0.269530861858	0.270949979768	0.272499083613	0.270013727742	0.270316551384	0.264395849216	0.129640657963	0.252243905867	0.259200308436	0.266876465106	0.268372795387	0.269615226283	0.242469394259	0.250201358231
160502038-stool2.freeze11.snv.filtered.bam	0.25077683349	0.251077904693	0.254937561973	0.255753507129	0.266598329209	0.266417401549	0.0753439454946	0.0642277124753	0.248400516079	0.248282313065	0.23640114364	0.235465739668	0.228091278485	0.258913775067	0.257964047904	0.254985500998	0.147594203385	0.14084579264	0.252253807822	0.232517691058	0.237320155214	0.260771978867	0.256497234056	0.256557190888	0.0162392258153	0.0	0.0263432565776	0.259520195354	0.262253308696	0.260497351295	0.262096422606	0.264640400711	0.26143489319	0.261920494346	0.256747009161	0.124465803073	0.245791968505	0.250007816838	0.258325547772	0.260147050663	0.261423653715	0.235114551601	0.242604194055
160502038-stool3.freeze11.snv.filtered.bam	0.244638423576	0.244413863421	0.248497704012	0.248918654482	0.261504382225	0.261330473742	0.0971520450043	0.0870724363528	0.242176901851	0.24217792108	0.230325957877	0.232376075912	0.221662801291	0.253563311359	0.25216288306	0.248404630766	0.158610950401	0.152095377996	0.248348347124	0.221260463089	0.22858176863	0.253176039481	0.24927907204	0.248848828938	0.0312958561448	0.0263432565776	0.0	0.254258947449	0.256895641471	0.255183916382	0.256851641784	0.25972793579	0.256322282967	0.256859277045	0.246313869998	0.120761635656	0.240253383493	0.243125214736	0.252306508499	0.254457532369	0.255782384405	0.22917389355	0.239079411867
160603188-stool2.freeze11.snv.filtered.bam	0.195715291921	0.194963978563	0.264529600575	0.265362800817	0.21397856623	0.213807558882	0.267508505509	0.268075800493	0.190858541165	0.18929259971	0.254901896864	0.263472741871	0.261101897171	0.133118701469	0.137693624033	0.141321853431	0.261260700067	0.258789598555	0.261501635983	0.243604747178	0.24657208282	0.210848630004	0.205921991337	0.205361420207	0.267787478921	0.259520195354	0.254258947449	0.0	0.173989871859	0.171814778012	0.174643791076	0.0786623329763	0.0797630921148	0.0755090829316	0.1742361242	0.243765693355	0.217770570471	0.193341310591	0.169551404161	0.0864158320413	0.0935934200143	0.231024452197	0.237646948684
508703490-stool1.freeze11.snv.filtered.bam	0.198753439329	0.197777259891	0.261282165545	0.262211857176	0.211953049334	0.212014141837	0.269230012128	0.26974644746	0.197190666489	0.195267123263	0.254429555817	0.266684248007	0.264648639029	0.171293789431	0.175982511606	0.177686561516	0.268530659157	0.265671850261	0.254470489658	0.242916292849	0.242560969011	0.209577670766	0.204166775494	0.205209979677	0.270483883566	0.262253308696	0.256895641471	0.173989871859	0.0	0.00175062708107	0.00174725269767	0.174671943587	0.172645311939	0.171924580661	0.208023201468	0.241793603276	0.22382469773	0.191575591034	0.153670054659	0.169033601211	0.171023195403	0.216114566902	0.219997891469
508703490-stool2.freeze11.snv.filtered.bam	0.197420829162	0.195733198272	0.260621774727	0.261440670786	0.210824258851	0.210726676647	0.26802889324	0.268439795365	0.195885554478	0.193815337198	0.253297217233	0.265896396013	0.263696809144	0.169568568731	0.174235922607	0.17634482131	0.267734697335	0.264796404501	0.253678678685	0.241479548166	0.241118134793	0.208607182813	0.202583743371	0.203617433138	0.269530861858	0.260497351295	0.255183916382	0.171814778012	0.00175062708107	0.0	0.000631651857402	0.173214590054	0.170427998781	0.169627546651	0.206636691067	0.24061306573	0.222633498259	0.190091060424	0.1520882941	0.167528041891	0.169607835198	0.214570854424	0.21789626844
508703490-stool3.freeze11.snv.filtered.bam	0.20001908493	0.198424977984	0.262020264458	0.262924253234	0.212802714483	0.212694751338	0.269600228836	0.269969145742	0.198698461808	0.196719209492	0.254920020985	0.267239711516	0.265148106962	0.172328462325	0.176765162654	0.178944483505	0.269134153906	0.266172885956	0.255257576411	0.243248453747	0.242996132675	0.210761507039	0.20471708501	0.205780331988	0.270949979768	0.262096422606	0.256851641784	0.174643791076	0.00174725269767	0.000631651857402	0.0	0.176046267134	0.173417016801	0.172642588279	0.209652876845	0.242673319898	0.224535394992	0.192771456734	0.154721494291	0.170272630946	0.172231774309	0.217017091094	0.22019585983
550534656-stool1.freeze11.snv.filtered.bam	0.193042771812	0.191886717471	0.267781108591	0.267884929057	0.221429896272	0.221483483797	0.267380572078	0.26967063416	0.194051219053	0.192732648419	0.258717163256	0.271745279354	0.268526428757	0.123598085351	0.128892013119	0.13267327263	0.26282051778	0.261911105375	0.266547201833	0.246917638765	0.251702069217	0.208120017452	0.204576645044	0.203436111285	0.272499083613	0.264640400711	0.25972793579	0.0786623329763	0.174671943587	0.173214590054	0.176046267134	0.0	0.00876876394571	0.00682933752834	0.146785761239	0.245570341126	0.221522642111	0.195755177219	0.15715464087	0.0399668519327	0.0485466528562	0.238063726402	0.245317308962
550534656-stool2.freeze11.snv.filtered.bam	0.189258469302	0.187225307721	0.26551082487	0.265680852221	0.219539564009	0.219528072448	0.264970881807	0.2672872084	0.189610340242	0.18815242044	0.256109691834	0.2698509872	0.266306405201	0.123069005505	0.128420906671	0.132172892886	0.260302908896	0.259759141839	0.263541280363	0.242168904874	0.247419232174	0.204045790638	0.199409607331	0.19816402923	0.270013727742	0.26143489319	0.256322282967	0.0797630921148	0.172645311939	0.170427998781	0.173417016801	0.00876876394571	0.0	0.00701093067025	0.140395551084	0.24198765238	0.218002875782	0.190280368491	0.152315657699	0.040488921761	0.0486952591813	0.235014564109	0.241963379103
550534656-stool3.freeze11.snv.filtered.bam	0.189581025017	0.188080062658	0.265668662244	0.265881730056	0.219081008686	0.21906265486	0.265752007988	0.267695891553	0.190544543865	0.188956655981	0.256516589379	0.26943605304	0.266266398768	0.120393386959	0.12607649923	0.129977755116	0.261191118939	0.260048159703	0.265199695521	0.244568346867	0.249426255156	0.205766566475	0.200976180537	0.199965148605	0.270316551384	0.261920494346	0.256859277045	0.0755090829316	0.171924580661	0.169627546651	0.172642588279	0.00682933752834	0.00701093067025	0.0	0.144493453013	0.243495432711	0.218810396602	0.192200473385	0.155009537023	0.0375565312942	0.0462255624416	0.235306306861	0.242315745183
604812005-stool2.freeze11.snv.filtered.bam	0.200341198327	0.194732903821	0.256222436472	0.255388174919	0.226281945873	0.226300533484	0.252741762376	0.257938785338	0.200169555908	0.200588169249	0.241456042791	0.257160258434	0.250799182456	0.189204437379	0.189344029351	0.18703026246	0.249018987603	0.250903507643	0.209920447253	0.194262815291	0.194055487939	0.196331794434	0.191685352507	0.191061299345	0.264395849216	0.256747009161	0.246313869998	0.1742361242	0.208023201468	0.206636691067	0.209652876845	0.146785761239	0.140395551084	0.144493453013	0.0	0.213885813923	0.213380688013	0.181077023626	0.182717583786	0.152224842837	0.153706784626	0.192955699533	0.202052480134
763496533-stool2.freeze11.snv.filtered.bam	0.230514576437	0.225970749719	0.239443721185	0.238516968103	0.248075216651	0.248077443471	0.140278726483	0.135878374381	0.229780908885	0.230420692602	0.222495732828	0.228464648086	0.220710180184	0.243156101969	0.240743801967	0.236167732173	0.176831897785	0.174364030312	0.239013352466	0.202588773277	0.217461160077	0.22400645779	0.22342265714	0.222668460691	0.129640657963	0.124465803073	0.120761635656	0.243765693355	0.241793603276	0.24061306573	0.242673319898	0.245570341126	0.24198765238	0.243495432711	0.213885813923	0.0	0.221180773551	0.220678800567	0.234609518579	0.236554303143	0.237657355769	0.21960026838	0.23367560067
763860675-stool2.freeze11.snv.filtered.bam	0.210376674031	0.203344118537	0.254443830778	0.25453395752	0.230524331933	0.230447924256	0.231041385201	0.237603686413	0.216015781079	0.216273454803	0.240137375496	0.254023955309	0.25127495561	0.223021695984	0.224269234996	0.222963381505	0.240371143877	0.239799301202	0.25233532019	0.230823981486	0.238039409624	0.21079304539	0.204660229854	0.205263549532	0.252243905867	0.245791968505	0.240253383493	0.217770570471	0.22382469773	0.222633498259	0.224535394992	0.221522642111	0.218002875782	0.218810396602	0.213380688013	0.221180773551	0.0	0.206245815101	0.21724185566	0.196187097754	0.191957144087	0.227539090208	0.236326985337
764143897-stool2.freeze11.snv.filtered.bam	0.151226438483	0.149019090417	0.243536701329	0.243636420143	0.199767958822	0.199764890315	0.24778836443	0.251663941188	0.140264895248	0.137905705561	0.243695031623	0.254005256128	0.25261826808	0.190831881151	0.193828455871	0.193580353426	0.248130201695	0.247719381177	0.246477679451	0.230655673943	0.231828088351	0.15666554784	0.151457071432	0.151524730623	0.259200308436	0.250007816838	0.243125214736	0.193341310591	0.191575591034	0.190091060424	0.192771456734	0.195755177219	0.190280368491	0.192200473385	0.181077023626	0.220678800567	0.206245815101	0.0	0.179106916704	0.187277881713	0.186695562137	0.212455186615	0.221492252641
764325968-stool2.freeze11.snv.filtered.bam	0.187029760015	0.186027305254	0.254088140421	0.25364920062	0.220641032492	0.220692846611	0.257919884258	0.261188156238	0.181777518311	0.182440823534	0.24386202357	0.26004354264	0.257107188909	0.174462670083	0.176788513447	0.177990342422	0.2536375558	0.255511949599	0.257040408399	0.236295108663	0.241781708909	0.199706830642	0.196101025656	0.194744422521	0.266876465106	0.258325547772	0.252306508499	0.169551404161	0.153670054659	0.1520882941	0.154721494291	0.15715464087	0.152315657699	0.155009537023	0.182717583786	0.234609518579	0.21724185566	0.179106916704	0.0	0.168274383732	0.171162684803	0.231939490329	0.242934975686
764669880-stool1.freeze11.snv.filtered.bam	0.185653489599	0.180365875254	0.262207971163	0.262773393619	0.216149882522	0.216174034104	0.258047196925	0.259003353325	0.189593658046	0.188287317987	0.254947001134	0.266822752625	0.265182352816	0.122040159012	0.126973162609	0.13059941137	0.255588800186	0.253720711731	0.265046116664	0.243636943855	0.249410786442	0.195871838028	0.190519642151	0.190413890716	0.268372795387	0.260147050663	0.254457532369	0.0864158320413	0.169033601211	0.167528041891	0.170272630946	0.0399668519327	0.040488921761	0.0375565312942	0.152224842837	0.236554303143	0.196187097754	0.187277881713	0.168274383732	0.0	0.0105187346319	0.2325276016	0.24100302643
764669880-stool2.freeze11.snv.filtered.bam	0.187191310548	0.181947426982	0.263088161646	0.263719874729	0.218106360274	0.218231673948	0.256701340938	0.258833453202	0.192238329472	0.191031790534	0.255890208746	0.267884937559	0.266326822593	0.126707166366	0.131607787994	0.135159516401	0.256453818265	0.254709637898	0.265982930285	0.245565334233	0.250677884921	0.195586990843	0.188624091244	0.189577841472	0.269615226283	0.261423653715	0.255782384405	0.0935934200143	0.171023195403	0.169607835198	0.172231774309	0.0485466528562	0.0486952591813	0.0462255624416	0.153706784626	0.237657355769	0.191957144087	0.186695562137	0.171162684803	0.0105187346319	0.0	0.233982050175	0.242419354337
765074482-stool1.freeze11.snv.filtered.bam	0.22057399824	0.221844323342	0.248383285648	0.248742833072	0.221329375831	0.221294749567	0.25425864904	0.252491217605	0.216102679019	0.216581525916	0.228356182844	0.236626245301	0.234621312034	0.227111474765	0.227156944342	0.224130619156	0.245050526473	0.242165089408	0.151873238319	0.178756654708	0.148401029842	0.2268956082	0.223792153796	0.223296047802	0.242469394259	0.235114551601	0.22917389355	0.231024452197	0.216114566902	0.214570854424	0.217017091094	0.238063726402	0.235014564109	0.235306306861	0.192955699533	0.21960026838	0.227539090208	0.212455186615	0.231939490329	0.2325276016	0.233982050175	0.0	0.0247007585493
765074482-stool3.freeze11.snv.filtered.bam	0.229909253322	0.231326924857	0.258895316391	0.259815338529	0.224349951387	0.224238437424	0.260614894389	0.25850812863	0.224749084859	0.224439156271	0.237731510097	0.245514589846	0.242186896882	0.233119836472	0.234344292021	0.233192640259	0.25294273399	0.2494836832	0.140046493868	0.17985947465	0.145605297439	0.236786114267	0.233137524202	0.232865974998	0.250201358231	0.242604194055	0.239079411867	0.237646948684	0.219997891469	0.21789626844	0.22019585983	0.245317308962	0.241963379103	0.242315745183	0.202052480134	0.23367560067	0.236326985337	0.221492252641	0.242934975686	0.24100302643	0.242419354337	0.0247007585493	0.0
