	158337416-tonguedorsum1.freeze11.snv.filtered.bam	158337416-tonguedorsum2.freeze11.snv.filtered.bam	158458797-tonguedorsum1.freeze11.snv.filtered.bam	158458797-tonguedorsum2.freeze11.snv.filtered.bam	158479027-tonguedorsum1.freeze11.snv.filtered.bam	158499257-tonguedorsum1.freeze11.snv.filtered.bam	158802708-tonguedorsum1.freeze11.snv.filtered.bam	158802708-tonguedorsum2.freeze11.snv.filtered.bam	158802708-tonguedorsum3.freeze11.snv.filtered.bam	158883629-tonguedorsum1.freeze11.snv.filtered.bam	158883629-tonguedorsum2.freeze11.snv.filtered.bam	158883629-tonguedorsum3.freeze11.snv.filtered.bam	158944319-tonguedorsum2.freeze11.snv.filtered.bam	158944319-tonguedorsum3.freeze11.snv.filtered.bam	159207311-tonguedorsum1.freeze11.snv.filtered.bam	159207311-tonguedorsum2.freeze11.snv.filtered.bam	159207311-tonguedorsum3.freeze11.snv.filtered.bam	159227541-tonguedorsum2.freeze11.snv.filtered.bam	159268001-tonguedorsum2.freeze11.snv.filtered.bam	159268001-tonguedorsum3.freeze11.snv.filtered.bam	159490532-tonguedorsum1.freeze11.snv.filtered.bam	159551223-tonguedorsum1.freeze11.snv.filtered.bam	159551223-tonguedorsum2.freeze11.snv.filtered.bam	159571453-tonguedorsum1.freeze11.snv.filtered.bam	159571453-tonguedorsum2.freeze11.snv.filtered.bam	159591683-tonguedorsum1.freeze11.snv.filtered.bam	159591683-tonguedorsum2.freeze11.snv.filtered.bam	159611913-buccalmucosa1.freeze11.snv.filtered.bam	159611913-tonguedorsum1.freeze11.snv.filtered.bam	159753524-buccalmucosa3.freeze11.snv.filtered.bam	159753524-tonguedorsum1.freeze11.snv.filtered.bam	159753524-tonguedorsum3.freeze11.snv.filtered.bam	159814214-tonguedorsum2.freeze11.snv.filtered.bam	160158126-tonguedorsum1.freeze11.snv.filtered.bam	160178356-buccalmucosa2.freeze11.snv.filtered.bam	160178356-tonguedorsum1.freeze11.snv.filtered.bam	160178356-tonguedorsum2.freeze11.snv.filtered.bam	160178356-tonguedorsum3.freeze11.snv.filtered.bam	160319967-tonguedorsum1.freeze11.snv.filtered.bam	160319967-tonguedorsum2.freeze11.snv.filtered.bam	160319967-tonguedorsum3.freeze11.snv.filtered.bam	160380657-buccalmucosa2.freeze11.snv.filtered.bam	160380657-buccalmucosa3.freeze11.snv.filtered.bam	160380657-tonguedorsum2.freeze11.snv.filtered.bam	160380657-tonguedorsum3.freeze11.snv.filtered.bam	160421117-tonguedorsum2.freeze11.snv.filtered.bam	160421117-tonguedorsum3.freeze11.snv.filtered.bam	160502038-tonguedorsum1.freeze11.snv.filtered.bam	160502038-tonguedorsum2.freeze11.snv.filtered.bam	160502038-tonguedorsum3.freeze11.snv.filtered.bam	160582958-tonguedorsum1.freeze11.snv.filtered.bam	160582958-tonguedorsum2.freeze11.snv.filtered.bam	160582958-tonguedorsum3.freeze11.snv.filtered.bam	160603188-tonguedorsum2.freeze11.snv.filtered.bam	160603188-tonguedorsum3.freeze11.snv.filtered.bam	338793263-tonguedorsum2.freeze11.snv.filtered.bam	508703490-tonguedorsum1.freeze11.snv.filtered.bam	508703490-tonguedorsum2.freeze11.snv.filtered.bam	550534656-tonguedorsum1.freeze11.snv.filtered.bam	550534656-tonguedorsum2.freeze11.snv.filtered.bam	550534656-tonguedorsum3.freeze11.snv.filtered.bam	604812005-tonguedorsum1.freeze11.snv.filtered.bam	604812005-tonguedorsum3.freeze11.snv.filtered.bam	638754422-tonguedorsum3.freeze11.snv.filtered.bam	663835652-tonguedorsum2.freeze11.snv.filtered.bam	675950834-tonguedorsum2.freeze11.snv.filtered.bam	675950834-tonguedorsum3.freeze11.snv.filtered.bam	686765762-tonguedorsum1.freeze11.snv.filtered.bam	686765762-tonguedorsum3.freeze11.snv.filtered.bam	763435843-tonguedorsum1.freeze11.snv.filtered.bam	763496533-buccalmucosa1.freeze11.snv.filtered.bam	763820215-tonguedorsum1.freeze11.snv.filtered.bam	763820215-tonguedorsum2.freeze11.snv.filtered.bam	763840445-tonguedorsum2.freeze11.snv.filtered.bam	763860675-tonguedorsum1.freeze11.snv.filtered.bam	763901136-tonguedorsum2.freeze11.snv.filtered.bam	763901136-tonguedorsum3.freeze11.snv.filtered.bam	763961826-tonguedorsum2.freeze11.snv.filtered.bam	763982056-buccalmucosa3.freeze11.snv.filtered.bam	763982056-tonguedorsum2.freeze11.snv.filtered.bam	763982056-tonguedorsum3.freeze11.snv.filtered.bam	764042746-tonguedorsum1.freeze11.snv.filtered.bam	764042746-tonguedorsum2.freeze11.snv.filtered.bam	764143897-tonguedorsum2.freeze11.snv.filtered.bam	764285508-tonguedorsum1.freeze11.snv.filtered.bam	764285508-tonguedorsum2.freeze11.snv.filtered.bam	764305738-tonguedorsum2.freeze11.snv.filtered.bam	764325968-tonguedorsum1.freeze11.snv.filtered.bam	764366428-tonguedorsum2.freeze11.snv.filtered.bam	764366428-tonguedorsum3.freeze11.snv.filtered.bam	764447348-tonguedorsum1.freeze11.snv.filtered.bam	764447348-tonguedorsum2.freeze11.snv.filtered.bam	764487809-tonguedorsum1.freeze11.snv.filtered.bam	764487809-tonguedorsum2.freeze11.snv.filtered.bam	764508039-tonguedorsum1.freeze11.snv.filtered.bam	764588959-tonguedorsum1.freeze11.snv.filtered.bam	764588959-tonguedorsum2.freeze11.snv.filtered.bam	764649650-tonguedorsum2.freeze11.snv.filtered.bam	764811490-tonguedorsum1.freeze11.snv.filtered.bam	764811490-tonguedorsum2.freeze11.snv.filtered.bam	765013792-tonguedorsum2.freeze11.snv.filtered.bam	765013792-tonguedorsum3.freeze11.snv.filtered.bam	765135172-tonguedorsum2.freeze11.snv.filtered.bam	765337473-tonguedorsum2.freeze11.snv.filtered.bam	765337473-tonguedorsum3.freeze11.snv.filtered.bam	765620695-buccalmucosa2.freeze11.snv.filtered.bam	823052294-tonguedorsum1.freeze11.snv.filtered.bam	823052294-tonguedorsum2.freeze11.snv.filtered.bam	823052294-tonguedorsum3.freeze11.snv.filtered.bam	857980665-tonguedorsum2.freeze11.snv.filtered.bam	857980665-tonguedorsum3.freeze11.snv.filtered.bam	861967750-tonguedorsum2.freeze11.snv.filtered.bam
158337416-tonguedorsum1.freeze11.snv.filtered.bam	0.0	0.0531410496709	0.170983819723	0.136689900918	0.143280042864	0.147871948639	0.18108059967	0.179161322838	0.182371253735	0.173524143838	0.175246534316	0.168373277217	0.173457337337	0.172895499902	0.160786171592	0.153972193326	0.154970557433	0.146520387252	0.143061897713	0.151753365922	0.147342254242	0.133513267772	0.152576586822	0.114274227151	0.137560724271	0.158190519526	0.148063155333	0.200499045243	0.185889493212	0.206404793264	0.174910745457	0.172632834672	0.167213477704	0.160677491112	0.211580781649	0.155749960126	0.154129408898	0.152863396226	0.144771869953	0.15265461055	0.15822464841	0.20233347649	0.210088542478	0.151529063205	0.155147509513	0.154247507003	0.164346623767	0.154920560477	0.161465086165	0.145589449811	0.178706167462	0.18189412593	0.166755027139	0.169003029463	0.162794221603	0.159707825743	0.147502110782	0.14389679234	0.207260558795	0.152610547235	0.165536156458	0.148048384786	0.146216154911	0.146479418413	0.148763627514	0.157681998853	0.154457503	0.170205807474	0.158862062617	0.160233138641	0.200412325651	0.154471157348	0.14949787997	0.1488870461	0.169320662024	0.143061358381	0.146009545459	0.181983535146	0.201111557276	0.17526053781	0.180005492413	0.148895655525	0.168641401918	0.147522177903	0.17055032936	0.165885531472	0.166023410783	0.173365313968	0.13129639379	0.139935589812	0.161247627714	0.161729783235	0.158257794166	0.153631127779	0.165939502559	0.175523754909	0.172983799032	0.148433861903	0.15344066226	0.144829055441	0.142112978873	0.140755835385	0.180711353373	0.155450772212	0.144576504047	0.191594605348	0.18091898805	0.154451302683	0.16919886726	0.174369808048	0.171531344799	0.147555605379
158337416-tonguedorsum2.freeze11.snv.filtered.bam	0.0531410496709	0.0	0.174630074993	0.148752313392	0.154509397507	0.156463748041	0.185602248291	0.183490501493	0.186900393238	0.179145330485	0.18076807888	0.174048777606	0.177254833125	0.176679508741	0.165581861816	0.16155338452	0.161828804994	0.154799026146	0.157752402198	0.15902178768	0.157369096479	0.156212096986	0.161622336646	0.135735020518	0.148751805656	0.16562993382	0.157499539541	0.205758013836	0.195300834174	0.212114467164	0.178474254052	0.177333074242	0.172344043878	0.16573743036	0.216035225382	0.163076347936	0.16205749282	0.16105294357	0.153675432494	0.147383352538	0.152699495795	0.207451128681	0.214965575087	0.158061321338	0.1607198713	0.16005315551	0.167964327959	0.167460429475	0.173765469096	0.160900877941	0.183954203933	0.185509514989	0.171691165623	0.174670935252	0.168906544954	0.164210871674	0.155895293591	0.154332018553	0.214540291169	0.164358477137	0.172625686025	0.15536089789	0.152953422312	0.157574792961	0.154688329265	0.162768190408	0.159977909266	0.174839495716	0.163849018621	0.165734228961	0.205672528489	0.160048493974	0.157142504932	0.156227389351	0.173849084408	0.152587168461	0.155707237849	0.186763722982	0.205868652542	0.178303083946	0.184366081441	0.158388295811	0.175388456784	0.160596264429	0.176512365562	0.172726021361	0.170918692685	0.178942703585	0.143831344605	0.148426834843	0.167879776363	0.168225724863	0.163971344131	0.160377332554	0.170599429433	0.180100874207	0.178869884605	0.161420943832	0.164001493956	0.155143923187	0.15325262185	0.152389960269	0.184236834284	0.161588683281	0.152728459084	0.197166288381	0.185900252471	0.161845478086	0.174857868962	0.176200958984	0.173941322785	0.154605642552
158458797-tonguedorsum1.freeze11.snv.filtered.bam	0.170983819723	0.174630074993	0.0	0.108006547168	0.15541489125	0.166354159744	0.181696767866	0.176657179045	0.179130793333	0.182231803887	0.174702396122	0.174655050197	0.166329510271	0.148912629337	0.167013716123	0.167915187281	0.168519305613	0.151134865748	0.160003882897	0.143449052844	0.157416528117	0.18232683581	0.166439080652	0.166120062888	0.164718226913	0.1720197441	0.164632573549	0.20920843919	0.204357943937	0.211937033896	0.169047514285	0.167282729369	0.14278441396	0.148440798639	0.214871660006	0.153282518908	0.157021371137	0.157053789612	0.177095696017	0.177940736998	0.184383417052	0.209790704595	0.216819042939	0.159479781724	0.161355560891	0.13952942556	0.158105256442	0.17558877463	0.179070008995	0.173660523942	0.172796732414	0.186777757348	0.166266088052	0.163085586889	0.161765228426	0.142890159447	0.159977094242	0.16090694967	0.224801808991	0.175205331445	0.182613970615	0.141491990832	0.156480947856	0.155848065378	0.179107633871	0.175736324853	0.174740826566	0.163612677466	0.15202925125	0.150413538294	0.206260720424	0.156425124378	0.151693919797	0.15844250531	0.159377421602	0.155978851776	0.154438706001	0.197992692644	0.203930999677	0.167624641243	0.180336193852	0.166375868909	0.174677445785	0.165568782606	0.178086693602	0.180868102515	0.144480244372	0.179815689731	0.154915791263	0.154454864475	0.150941725464	0.149191396127	0.151100527793	0.154071524992	0.162875459903	0.177599407414	0.177802645056	0.164909168261	0.170978098335	0.155741539935	0.15910313477	0.157822045066	0.171830741323	0.158233710487	0.156316206435	0.200024971183	0.185844342019	0.168070412461	0.182185359302	0.169028221403	0.169237596769	0.126793116997
158458797-tonguedorsum2.freeze11.snv.filtered.bam	0.136689900918	0.148752313392	0.108006547168	0.0	0.109754864636	0.133677035995	0.164419092655	0.162837383285	0.165789897633	0.158193237177	0.159416058147	0.153248672252	0.155981005356	0.153966580143	0.14400205608	0.137993022502	0.139339227912	0.125380493795	0.128910329274	0.127843055234	0.136370237478	0.148978898277	0.148275013622	0.133532063161	0.138394923462	0.146508895883	0.132856528486	0.192560215164	0.176655873219	0.197930977282	0.155980134767	0.153411503093	0.151746248742	0.145316302967	0.202442147204	0.135067066528	0.132250589882	0.131620583388	0.146256853142	0.160206295608	0.167232236896	0.192455820549	0.201973103741	0.131108622214	0.13594306454	0.128960927665	0.146051692491	0.148705509293	0.156725785292	0.139347842426	0.164957660405	0.17255399194	0.146832099578	0.156983638083	0.151094226776	0.135188382284	0.127706125014	0.124174938884	0.19962738108	0.144397196637	0.151373728726	0.119971297432	0.123423984452	0.128116433031	0.145393881807	0.144725428065	0.141714192058	0.151171883827	0.137351857935	0.146332409776	0.192923850872	0.13615394003	0.129944678772	0.12610312474	0.158224957525	0.126272982756	0.127100921763	0.170144307922	0.190032287194	0.158603114992	0.16440780192	0.133834413803	0.152011482984	0.135425017678	0.16325526856	0.157147459827	0.146416506266	0.154957377809	0.118012219756	0.120093388909	0.142631639084	0.143761728484	0.136374538213	0.130614187611	0.145680378165	0.161940190974	0.154682432525	0.141798905659	0.143072648222	0.127766291741	0.126250628195	0.122177527634	0.162752166588	0.136165403888	0.126993556657	0.183373348954	0.163480672703	0.134440715611	0.151702373253	0.163931004941	0.160180852062	0.124693404912
158479027-tonguedorsum1.freeze11.snv.filtered.bam	0.143280042864	0.154509397507	0.15541489125	0.109754864636	0.0	0.135234518952	0.16514984804	0.163535160672	0.167228588213	0.155529864199	0.154848755515	0.149700499613	0.15633953826	0.154373648747	0.141348642958	0.135372346478	0.136871343222	0.124019762485	0.133482002508	0.132957384321	0.136488742746	0.15066935639	0.147368635941	0.136942183415	0.141839549979	0.148002460249	0.134436240438	0.193680853365	0.180282309266	0.199798016358	0.154494882742	0.151347499361	0.152241702062	0.146228569563	0.204532135764	0.131529949797	0.129140776457	0.128739440897	0.149529327887	0.164580798763	0.17117667153	0.195333703853	0.204833245593	0.135759184801	0.140302990533	0.13471388785	0.149104860842	0.15496481692	0.162405600392	0.145808597289	0.164576226086	0.177371234059	0.147718410797	0.155463514852	0.149236109703	0.136157930745	0.126669119406	0.124859315613	0.204118763883	0.14901507487	0.152664054599	0.124374394652	0.122522554911	0.132351768371	0.147401027847	0.147449778247	0.144510446819	0.153355364168	0.137431216116	0.146664474545	0.195337986511	0.136140442405	0.127514130229	0.125697262236	0.158766253815	0.130133580762	0.131407131627	0.172136713415	0.192318400641	0.156662341255	0.163058193609	0.133654611135	0.153735866531	0.140494446264	0.165525479265	0.160025202998	0.147849383527	0.156841715922	0.121704690399	0.120434311769	0.134887960007	0.135761796933	0.137831566509	0.131570992923	0.142305393306	0.160253962005	0.153656593654	0.143772187913	0.145958377663	0.128535965875	0.127289825244	0.123926857904	0.159699109126	0.133410727042	0.125882668832	0.185131399545	0.162528592144	0.133810757371	0.152935502582	0.164975878754	0.162265084623	0.13322696165
158499257-tonguedorsum1.freeze11.snv.filtered.bam	0.147871948639	0.156463748041	0.166354159744	0.133677035995	0.135234518952	0.0	0.159175884303	0.157885820586	0.160581406392	0.160834572621	0.159474804907	0.153994212518	0.155060054177	0.164748704353	0.146391095697	0.141299505477	0.142443299487	0.133035844151	0.147022133478	0.144478254517	0.14608924052	0.158645170308	0.153418017902	0.143215674146	0.14635101676	0.144860738301	0.137492865243	0.196761498915	0.184146305033	0.20059031983	0.158906514467	0.157328932434	0.162521794923	0.155141486369	0.207640680088	0.142757435957	0.137321049852	0.136825964757	0.156660879817	0.167732641978	0.174303079273	0.195101830238	0.205365526337	0.129137826119	0.13253174998	0.142049096971	0.15385246097	0.158909983652	0.166864989775	0.148747377917	0.174585449464	0.178339469181	0.151201240597	0.163655221568	0.157221037349	0.145376287604	0.133056651245	0.130577170129	0.208994748978	0.155141671532	0.157433094383	0.127614111945	0.117034522694	0.141115588488	0.153924074823	0.143078072041	0.141009299251	0.155343193597	0.144209707984	0.151347251557	0.19801722341	0.141952224354	0.138098642358	0.136311454047	0.169168607231	0.138534234545	0.140427739706	0.167730040534	0.194283232751	0.161094043535	0.167836772359	0.138502590694	0.151815912238	0.149115558191	0.173220076942	0.167524157233	0.156577075546	0.147618642266	0.132961708994	0.127050187205	0.155230271531	0.155541620058	0.144229954828	0.138137308367	0.148785138119	0.160786349596	0.156301149205	0.155806362846	0.156867307105	0.141353117988	0.137082507302	0.135475087021	0.165955730046	0.14036045381	0.132940500344	0.187826497649	0.163905615358	0.135647923339	0.149889025759	0.166959493149	0.163935128512	0.142551789606
158802708-tonguedorsum1.freeze11.snv.filtered.bam	0.18108059967	0.185602248291	0.181696767866	0.164419092655	0.16514984804	0.159175884303	0.0	0.0289879342179	0.0332644286417	0.163279655712	0.161067760863	0.15792017391	0.164639251915	0.171768809409	0.162449021364	0.163743417224	0.164746103799	0.16025395264	0.179396201997	0.166293276	0.173710117673	0.174185250331	0.161034927063	0.174854205759	0.174610005903	0.164921004714	0.158768437246	0.213469158986	0.190566358328	0.219418735814	0.169595851715	0.165809023205	0.1740830744	0.171700763842	0.224314809677	0.166003235677	0.16201610363	0.162901132469	0.185505284669	0.190547665698	0.198154319624	0.216622396765	0.225831272547	0.159083322908	0.161047037754	0.160358211584	0.168438443913	0.192661964209	0.198625490034	0.186873000166	0.176789614117	0.182746589359	0.165096302983	0.178513290227	0.174660727876	0.161270580541	0.16002721545	0.160674325611	0.204150093205	0.17625182067	0.17227833127	0.155090651369	0.147294697055	0.167364752892	0.171123398835	0.166459771428	0.165751758663	0.16702597478	0.161263101219	0.170050528208	0.216078324086	0.164098952977	0.16192908962	0.156527661134	0.182272919275	0.165894811746	0.167425051952	0.169970926731	0.211097533673	0.161202258016	0.160797538007	0.159039097094	0.150878287038	0.180565146352	0.179368849652	0.178754915017	0.16771707713	0.154973611049	0.16602371102	0.154329021542	0.172471992424	0.171433603301	0.16426139191	0.160106641005	0.160044482161	0.160572060437	0.157830996285	0.181424162873	0.182754579926	0.163305771707	0.165283286834	0.163694874326	0.163305330236	0.158996158607	0.155773124301	0.206309164398	0.160569463288	0.150003527698	0.15287462145	0.17767673434	0.171921408774	0.166873676369
158802708-tonguedorsum2.freeze11.snv.filtered.bam	0.179161322838	0.183490501493	0.176657179045	0.162837383285	0.163535160672	0.157885820586	0.0289879342179	0.0	0.0240862521062	0.168866599365	0.162897107022	0.161410281936	0.1587612775	0.165482580635	0.157403457689	0.160058699967	0.161620212853	0.158811389299	0.176472274388	0.16222196674	0.17098583396	0.179313524137	0.164424971237	0.173168357814	0.172122556752	0.162131362764	0.159987214706	0.211499427547	0.197877526396	0.217655762292	0.166092638203	0.16213538686	0.168570306761	0.166192176787	0.222421985909	0.164827131685	0.161421513283	0.162020970939	0.183603897958	0.186917780215	0.194954680713	0.215376813516	0.224261887344	0.156730199581	0.158286525729	0.158852764113	0.166246640713	0.18863313608	0.193451861525	0.184132502088	0.179739382801	0.185898356724	0.161286542224	0.173761257135	0.170538347371	0.158018063467	0.15877928309	0.159265343183	0.214419209565	0.177304645979	0.178698907986	0.153506343748	0.14713927573	0.166764759876	0.174924109286	0.163853193945	0.163764493662	0.162629791942	0.157335127983	0.164390572732	0.212867236685	0.162231172699	0.160758136774	0.154802589395	0.176246592537	0.16476296345	0.165599558759	0.173433125769	0.20762558355	0.159247449862	0.165375891089	0.158178708971	0.153276255941	0.177231353879	0.180564173936	0.181225837132	0.162416775763	0.158378578226	0.164177067629	0.154454942139	0.168350660421	0.166815795874	0.162184426369	0.159644462732	0.157032489272	0.161043621917	0.161967835131	0.176832683979	0.179274949317	0.16436802751	0.162918100299	0.161781216377	0.159450513558	0.156515605366	0.154233688021	0.203776700431	0.165796672028	0.154599404348	0.158348184769	0.173278761277	0.170672822268	0.163611993808
158802708-tonguedorsum3.freeze11.snv.filtered.bam	0.182371253735	0.186900393238	0.179130793333	0.165789897633	0.167228588213	0.160581406392	0.0332644286417	0.0240862521062	0.0	0.174741349035	0.167949006676	0.166735486353	0.162355441255	0.169447430463	0.162719507706	0.16489234749	0.166282494193	0.162314842602	0.179734466221	0.166164756329	0.174907730572	0.186396926302	0.171955226152	0.176047994411	0.175298486524	0.164959034763	0.165679421549	0.215281439831	0.20585515718	0.220397710435	0.168964288053	0.166199604273	0.170744824585	0.169784231628	0.224917126344	0.167675302677	0.164100043038	0.164686611642	0.186352163632	0.190286238017	0.198237951112	0.218057968255	0.226673549732	0.160299565333	0.161724384342	0.162113485639	0.169226859177	0.192584918873	0.197359193462	0.187550860147	0.186599421504	0.192196474179	0.164728227719	0.176988153066	0.173951051785	0.162830043666	0.161997046368	0.162892062135	0.223480311751	0.184133239414	0.185621205227	0.157456160948	0.149757085005	0.170193367479	0.181110497327	0.166873837239	0.166790123175	0.165148421492	0.161064507301	0.166823671186	0.21618583947	0.165814941754	0.16442534878	0.157981247096	0.179745427059	0.167647161219	0.168401002688	0.177949492437	0.211251107121	0.164070449919	0.172828658353	0.162185597442	0.159613277942	0.180952664944	0.185985741994	0.18636614294	0.166948035757	0.165465190564	0.167893410617	0.157658216491	0.171191706707	0.16928254904	0.165187553337	0.162850628368	0.159894293228	0.16746916711	0.168888687769	0.17999370022	0.182202829545	0.169878254153	0.16578400369	0.165029867995	0.162965609314	0.159738799406	0.157399888211	0.207101241056	0.172684611023	0.158595887931	0.164772556481	0.177363736029	0.175998813748	0.166783167051
158883629-tonguedorsum1.freeze11.snv.filtered.bam	0.173524143838	0.179145330485	0.182231803887	0.158193237177	0.155529864199	0.160834572621	0.163279655712	0.168866599365	0.174741349035	0.0	0.0706771222919	0.0551477670176	0.165737456894	0.175060782526	0.144431351091	0.14624763823	0.147078774886	0.155632714638	0.173105617837	0.164532845009	0.168701497592	0.148755499048	0.152399700739	0.167634051637	0.169623903439	0.164965041378	0.14577411269	0.210747457944	0.15461280037	0.216215259854	0.166759854283	0.160543429659	0.179608093091	0.173934539354	0.22224209195	0.160494152969	0.149777302875	0.15016506596	0.178898879584	0.186876083983	0.193210128424	0.211882957497	0.221828218971	0.157605178387	0.160948646115	0.154447588836	0.162621418403	0.186808996628	0.193849703648	0.18050818236	0.156104807758	0.161945397417	0.161199329695	0.181019636211	0.175778357436	0.158320411073	0.146848026267	0.14846685862	0.164100553755	0.166955340305	0.144075373239	0.148689881331	0.144658125598	0.163362518637	0.149320815578	0.160550645705	0.158824384088	0.162767978196	0.155929556571	0.172380441594	0.214117833178	0.159830830749	0.154879672357	0.147591522507	0.18511799502	0.160034716592	0.1620380219	0.152695213092	0.210456471109	0.14424012056	0.123705826804	0.152940357427	0.145920685977	0.172904183837	0.167075972448	0.162301709221	0.171401293	0.133509664337	0.158670051861	0.147656792732	0.174616171693	0.174373232179	0.160174806742	0.151622143931	0.137604277396	0.149873631162	0.133275740776	0.178152891958	0.176212252503	0.154810733801	0.159685850462	0.157547511589	0.153765966606	0.148299862286	0.143586441194	0.203389940315	0.127260886369	0.135791446609	0.133026758073	0.181356444353	0.17054321524	0.16284142627
158883629-tonguedorsum2.freeze11.snv.filtered.bam	0.175246534316	0.18076807888	0.174702396122	0.159416058147	0.154848755515	0.159474804907	0.161067760863	0.162897107022	0.167949006676	0.0706771222919	0.0	0.0400654862065	0.154640272147	0.164263267398	0.129922046806	0.136894761141	0.137637320264	0.155552463847	0.17108281665	0.159626717004	0.166905687605	0.171503114428	0.160053982756	0.171011209943	0.171188648965	0.163989656796	0.146957939234	0.210987420563	0.185310743185	0.21480127128	0.154719180466	0.150307214497	0.170750234617	0.167329539729	0.220536311022	0.155381478721	0.143665379753	0.144802316969	0.179908814823	0.186132490913	0.193135622678	0.212471565709	0.221659300977	0.156093412755	0.158186182069	0.149440274629	0.153849163111	0.185080129855	0.191039087607	0.180892857788	0.170816293028	0.180032365915	0.153497329853	0.173193558229	0.169288604203	0.152580420477	0.143043958727	0.147833607166	0.203272966312	0.17252099743	0.169931063757	0.145287735721	0.144334165464	0.162398677467	0.166658395497	0.159668014183	0.158061503051	0.149804253329	0.148863814342	0.165714619193	0.213321152657	0.155917027263	0.152927772432	0.143252004108	0.176559839333	0.159092372789	0.160415379093	0.164479574478	0.209253663182	0.125952907209	0.132324040241	0.150972734525	0.149605511973	0.172488667142	0.175163236761	0.175874020865	0.163889138324	0.147939706953	0.161410900269	0.149480596428	0.167088181576	0.166329540486	0.154313550901	0.147168390038	0.118117794313	0.142499508386	0.141332811495	0.175163376824	0.175504787591	0.157943104625	0.159067621573	0.158219992289	0.133877473789	0.141614530695	0.140007856831	0.203863621638	0.143027273024	0.134454307274	0.145569744655	0.173507884329	0.167402037304	0.160612674015
158883629-tonguedorsum3.freeze11.snv.filtered.bam	0.168373277217	0.174048777606	0.174655050197	0.153248672252	0.149700499613	0.153994212518	0.15792017391	0.161410281936	0.166735486353	0.0551477670176	0.0400654862065	0.0	0.156422450629	0.164545108558	0.132142340105	0.135900168292	0.136982139521	0.149307093784	0.167258788107	0.156484204627	0.162488412933	0.16108275593	0.152516740612	0.163092154417	0.164297845072	0.159522570382	0.141450206966	0.205589541416	0.176385603369	0.210615725195	0.155527492485	0.151049443405	0.170111637576	0.165320113602	0.216382586519	0.152059475445	0.140553362919	0.1413744951	0.174586062942	0.181238193219	0.187989985981	0.207152147751	0.21688874669	0.151017995134	0.153882439468	0.145108500727	0.151761196983	0.181208508085	0.188351417771	0.175110195981	0.165353612959	0.173093348393	0.151337699661	0.171730010315	0.166650880442	0.150097234072	0.138114006223	0.142162309973	0.193811503909	0.166551479314	0.158898269472	0.139822523725	0.137184858288	0.157285090786	0.15616851307	0.15414017982	0.152264286735	0.150163898652	0.146181814791	0.163720532941	0.208655098234	0.151745810625	0.147429222751	0.138506779631	0.176622964577	0.152820846983	0.155141172238	0.157795541463	0.204879418148	0.132975438223	0.13153043123	0.145630501263	0.145554286234	0.168049820241	0.17051032597	0.168700534885	0.162703245851	0.141648916125	0.154388475229	0.142108254435	0.166055080554	0.165533485105	0.151753581308	0.143672368872	0.122520564212	0.141958771561	0.135221350081	0.171785756406	0.171395468625	0.151665568123	0.153854768544	0.151943115296	0.141600788636	0.139490252306	0.136103243417	0.198438330814	0.137628114606	0.128338045433	0.137160274188	0.172256150954	0.164181559352	0.155623142639
158944319-tonguedorsum2.freeze11.snv.filtered.bam	0.173457337337	0.177254833125	0.166329510271	0.155981005356	0.15633953826	0.155060054177	0.164639251915	0.1587612775	0.162355441255	0.165737456894	0.154640272147	0.156422450629	0.0	0.161979751992	0.142688208293	0.147688114298	0.149852732862	0.155094404405	0.166103473436	0.156860567778	0.1640213467	0.182987059209	0.169166882073	0.169160278062	0.167538902891	0.158141954945	0.158579912602	0.208424528357	0.203421214969	0.211266511053	0.152139274444	0.151776052488	0.159656391828	0.161419573036	0.217015855656	0.15953650051	0.154038867617	0.154656125433	0.178325339223	0.180849815324	0.188810197303	0.208535633741	0.216750976033	0.149322384508	0.150391873227	0.147833803797	0.150014698382	0.179873972247	0.183574632719	0.176943500249	0.179625201484	0.183395805785	0.151286798805	0.167272059218	0.165064751798	0.154294301629	0.147280696421	0.150254232401	0.223050223613	0.17644610843	0.180551973824	0.147385345425	0.144228887194	0.160541401352	0.176923060505	0.155091048184	0.154966248658	0.146154108237	0.147383657953	0.158641594966	0.205950216022	0.154999543585	0.154329150744	0.149135923349	0.165872566218	0.161503336181	0.160690179417	0.170360036727	0.203428092126	0.150897802225	0.164237468544	0.15073544369	0.15392121003	0.168919312131	0.180194313802	0.182217772507	0.159435291932	0.155295369212	0.160235386891	0.148625571608	0.159337186111	0.157107094646	0.154366776398	0.153442458099	0.139848522538	0.149619066958	0.154509455558	0.165822877793	0.173859007299	0.164578102517	0.158980132115	0.158774034035	0.148635494987	0.152147947664	0.150503218613	0.198031969705	0.164355742148	0.151596758671	0.158704778098	0.167549224952	0.166501777071	0.15756660711
158944319-tonguedorsum3.freeze11.snv.filtered.bam	0.172895499902	0.176679508741	0.148912629337	0.153966580143	0.154373648747	0.164748704353	0.171768809409	0.165482580635	0.169447430463	0.175060782526	0.164263267398	0.164545108558	0.161979751992	0.0	0.158308054032	0.160190342615	0.16176013795	0.139347878793	0.16357772586	0.144374164982	0.155568375182	0.181802334667	0.165724129906	0.16718471968	0.165791719415	0.168241330033	0.16306697926	0.208690285891	0.205399598608	0.211249623343	0.161805820495	0.15757112911	0.141967274716	0.143302503319	0.215777648425	0.149164162207	0.151541959709	0.152770231432	0.179291485199	0.182734124625	0.190687118819	0.209891524762	0.217279193688	0.156006532566	0.157605935268	0.14360313713	0.154674101637	0.180399986075	0.184362107934	0.177300355538	0.173077758523	0.182498305678	0.153821604283	0.152104517055	0.150711631947	0.134949408489	0.153751506602	0.15490527318	0.224673257426	0.177220933428	0.177554139818	0.143955314018	0.146803263729	0.158127681661	0.178440836778	0.168761313855	0.167876995665	0.159086798405	0.142215499968	0.14964602745	0.205986981414	0.150558121985	0.148995133547	0.147539663407	0.15416484466	0.147034179837	0.143140662875	0.187643094904	0.203372365914	0.162691922689	0.173362093098	0.159032322989	0.167219926728	0.166796932125	0.177469010931	0.179046380955	0.138962583846	0.171989448447	0.157731165661	0.149876035439	0.153443601849	0.151671546644	0.144337922364	0.148047395225	0.152730573075	0.165271189995	0.166572246921	0.168293994768	0.175988659894	0.15951713807	0.153858697129	0.148574827673	0.16464383208	0.149505337894	0.149383096496	0.200228799312	0.176958706937	0.159556912138	0.172949531618	0.16455010381	0.164696303179	0.143146933183
159207311-tonguedorsum1.freeze11.snv.filtered.bam	0.160786171592	0.165581861816	0.167013716123	0.14400205608	0.141348642958	0.146391095697	0.162449021364	0.157403457689	0.162719507706	0.144431351091	0.129922046806	0.132142340105	0.142688208293	0.158308054032	0.0	0.0314463320827	0.0307047871183	0.143092070364	0.153613883109	0.146750601984	0.154102575822	0.170073268728	0.159899134396	0.155671996144	0.156205545031	0.149149199458	0.143479453624	0.202973362889	0.190923218029	0.205542514712	0.146613947487	0.14167253155	0.162457447918	0.156623154519	0.211573071148	0.145173557012	0.133323173516	0.133763659575	0.16900282658	0.175987065078	0.183532682743	0.202942625754	0.211980992164	0.142558843089	0.145306531521	0.140915997743	0.146873079236	0.169701958894	0.176287727106	0.163743169299	0.174009994019	0.182587626097	0.144666924342	0.167667700352	0.162803494427	0.143128967122	0.131724997777	0.135016335885	0.2116718929	0.165420306823	0.166916461331	0.132769208666	0.130600378833	0.149310847054	0.163284537541	0.145206565527	0.144911862513	0.138805244292	0.138965635133	0.156421039627	0.203043391186	0.147366199651	0.142659711064	0.124961687092	0.16855449179	0.147902690284	0.149075553183	0.164623237198	0.19770757607	0.1224369039	0.136929617507	0.143207613452	0.148819700805	0.15842446401	0.173911383558	0.170730037276	0.15581761487	0.149606204982	0.145211603385	0.133708861164	0.156158202264	0.156432021378	0.144772385069	0.137981995242	0.115053721716	0.146607473651	0.143726725829	0.160665274513	0.160730736513	0.149843271886	0.14836714909	0.147445583478	0.128323402038	0.130645473733	0.127391989059	0.193356890762	0.146434015004	0.128255013058	0.146089673326	0.168972672409	0.166618960597	0.149570438877
159207311-tonguedorsum2.freeze11.snv.filtered.bam	0.153972193326	0.16155338452	0.167915187281	0.137993022502	0.135372346478	0.141299505477	0.163743417224	0.160058699967	0.16489234749	0.14624763823	0.136894761141	0.135900168292	0.147688114298	0.160190342615	0.0314463320827	0.0	0.0218785267114	0.138953534764	0.145677970731	0.144865727033	0.149694984713	0.163825761482	0.157924038715	0.14924187449	0.152407538145	0.147397483452	0.139625136159	0.201824902276	0.186560635583	0.205362031773	0.15162514551	0.146915573225	0.165152846591	0.156996114648	0.211359130991	0.144105347556	0.132713966223	0.132543780721	0.164168985616	0.174114630008	0.181184881333	0.202339621941	0.211600083061	0.139910065937	0.143691378168	0.139783541829	0.148532304408	0.16371047063	0.170665537021	0.155941047399	0.174139310093	0.181578603256	0.147235169748	0.168263988913	0.162682586572	0.144067522988	0.128328967501	0.130342534889	0.20836524311	0.159255785786	0.162483135008	0.130391579911	0.128044457667	0.14469358759	0.157629223051	0.144541815996	0.142913195885	0.143666516212	0.139757419997	0.157606608338	0.201970427826	0.145898526006	0.139236676537	0.124069055814	0.169190410008	0.143089689676	0.144491781375	0.166096950675	0.197816099663	0.130504522265	0.141873374483	0.138775063455	0.15085057988	0.154156093433	0.172757920172	0.167907564891	0.15790481296	0.151040242598	0.136986482053	0.129033578288	0.156481952729	0.156762744017	0.144125970296	0.136356958344	0.121046880981	0.150916136734	0.146665526671	0.156830107452	0.155466168498	0.143650603304	0.143170796905	0.141600650832	0.137422094948	0.131720010232	0.125847381464	0.192706917826	0.149602056554	0.126633952272	0.147144814161	0.169553519365	0.166633609959	0.1470522869
159207311-tonguedorsum3.freeze11.snv.filtered.bam	0.154970557433	0.161828804994	0.168519305613	0.139339227912	0.136871343222	0.142443299487	0.164746103799	0.161620212853	0.166282494193	0.147078774886	0.137637320264	0.136982139521	0.149852732862	0.16176013795	0.0307047871183	0.0218785267114	0.0	0.140035705449	0.147230126507	0.145752073046	0.151039081877	0.164971280387	0.159262402047	0.150163856679	0.153343953275	0.149445822823	0.141107443239	0.202892258753	0.188627121006	0.206722190977	0.152305335418	0.148194852376	0.166456638846	0.15890595818	0.212846838625	0.145337638578	0.133378062969	0.133026257851	0.165128057328	0.174835194739	0.181777166592	0.203289811684	0.212597039722	0.141484756383	0.145128793042	0.140481233879	0.148855169552	0.164476000202	0.171396055295	0.156695883907	0.175904046735	0.183574062111	0.148050740188	0.16850486589	0.162883244945	0.145850427246	0.130545039067	0.132861234039	0.211371013456	0.161503547137	0.164032201201	0.13176440017	0.128511875179	0.145675565479	0.159122500756	0.146720330824	0.144509111723	0.146278702308	0.141505203574	0.158854652934	0.203629258666	0.146960640272	0.140243890427	0.125833782208	0.170268064372	0.144756381726	0.146098716534	0.167510145812	0.199595685711	0.132607883261	0.144603397513	0.140856332013	0.152003518962	0.155048336499	0.174282628854	0.169594178651	0.159456798374	0.153505392368	0.138608238516	0.130594919201	0.157961154091	0.158535412569	0.146109764396	0.138090918871	0.123110023375	0.151739345599	0.148191270944	0.158561606414	0.15686967408	0.14511089406	0.145391563051	0.143486936236	0.138471815971	0.132811697544	0.127256678336	0.194326725758	0.152153561284	0.126651567994	0.148497253692	0.170289930283	0.167660135623	0.14803408481
159227541-tonguedorsum2.freeze11.snv.filtered.bam	0.146520387252	0.154799026146	0.151134865748	0.125380493795	0.124019762485	0.133035844151	0.16025395264	0.158811389299	0.162314842602	0.155632714638	0.155552463847	0.149307093784	0.155094404405	0.139347878793	0.143092070364	0.138953534764	0.140035705449	0.0	0.139469854865	0.129505970811	0.12871244797	0.152004021351	0.143109763791	0.137902878903	0.137156581913	0.148253851552	0.135513671869	0.193536695102	0.182148904308	0.198473116128	0.156127218993	0.152315732647	0.148143147433	0.13485369597	0.204171851642	0.128358361343	0.126700921114	0.126305933176	0.154341380267	0.16454677028	0.171562115439	0.193283793448	0.203487661171	0.130978720458	0.135309881932	0.122958388371	0.138017380761	0.137361333447	0.143690932707	0.133893915036	0.16116913829	0.172271457282	0.143466278256	0.149177040723	0.142824805678	0.126602056703	0.127794978157	0.125422146324	0.19509887523	0.130545129226	0.138570680621	0.117431049508	0.116475409118	0.125260756589	0.147880206273	0.139394610086	0.141641506413	0.152258038785	0.130681044611	0.139195508374	0.194674572282	0.130463383123	0.11574046289	0.126875483551	0.151725426563	0.125485217113	0.12635947391	0.17097320472	0.191576497059	0.158969129432	0.16373371413	0.130529126489	0.151115477237	0.145828332177	0.165192269013	0.159412112014	0.142134101675	0.151650283654	0.123289855283	0.116758186156	0.140586978083	0.139989350703	0.129793344378	0.125736352473	0.14278548829	0.159095992749	0.151853178232	0.15060952885	0.153458727818	0.129175161244	0.129728156653	0.124425611816	0.160755490292	0.129653613468	0.122597125201	0.184395411686	0.158804365451	0.128312077101	0.148854547912	0.159151488903	0.156437765619	0.125235236871
159268001-tonguedorsum2.freeze11.snv.filtered.bam	0.143061897713	0.157752402198	0.160003882897	0.128910329274	0.133482002508	0.147022133478	0.179396201997	0.176472274388	0.179734466221	0.173105617837	0.17108281665	0.167258788107	0.166103473436	0.16357772586	0.153613883109	0.145677970731	0.147230126507	0.139469854865	0.0	0.102581765587	0.143053108015	0.157348850515	0.158404758471	0.138027927523	0.141849689429	0.157792461372	0.148093641676	0.198099806411	0.179715396397	0.204504488941	0.169910057777	0.167183703652	0.164128186279	0.155466183365	0.208348297841	0.149265580142	0.150391129421	0.148784927746	0.149848833781	0.168739627134	0.175148803549	0.199776103117	0.208257618574	0.14392772694	0.14661814953	0.152870030847	0.163565567365	0.140446575773	0.145539061891	0.137556155468	0.173338423969	0.181346307357	0.161717510621	0.165065605238	0.159549281585	0.151353190662	0.14174501311	0.137279046904	0.203346734055	0.13780141359	0.162878424326	0.14178928603	0.139462714577	0.136301317407	0.157523354549	0.155721955164	0.153703089517	0.164536045012	0.154478572872	0.157077697999	0.198193770108	0.149061952693	0.142648321152	0.144939507261	0.164767306623	0.142001166017	0.142693203389	0.182611206607	0.196619966068	0.170840552401	0.177795960367	0.145371066729	0.166140394	0.13846014299	0.170043700479	0.165854146158	0.157549736805	0.170415377361	0.124707609816	0.138126906524	0.150714419024	0.151088148296	0.153240737435	0.148576865654	0.162618593293	0.173081578624	0.169786586809	0.138133909788	0.145680934701	0.141725191616	0.13697270294	0.13400062107	0.173044268923	0.152470704898	0.143730854885	0.189890641616	0.176152102046	0.15054456293	0.168444172899	0.169500381722	0.167690555108	0.142146152556
159268001-tonguedorsum3.freeze11.snv.filtered.bam	0.151753365922	0.15902178768	0.143449052844	0.127843055234	0.132957384321	0.144478254517	0.166293276	0.16222196674	0.166164756329	0.164532845009	0.159626717004	0.156484204627	0.156860567778	0.144374164982	0.146750601984	0.144865727033	0.145752073046	0.129505970811	0.102581765587	0.0	0.140225111634	0.161181212918	0.149457101128	0.143693919376	0.143457873834	0.152268321329	0.14493630247	0.194843279922	0.182233763669	0.20020797172	0.153843831024	0.154606232527	0.14236063959	0.13442195613	0.205078067022	0.136212530511	0.137608504374	0.137146023281	0.15768894275	0.168397556822	0.175748735917	0.195941763953	0.204978897235	0.138474520722	0.140567825706	0.134664635952	0.147726305137	0.157967284323	0.164051240925	0.153162131603	0.161658533059	0.175081948529	0.14933438109	0.148051470045	0.143230803355	0.133149238907	0.137077750319	0.136875603213	0.208210442845	0.154426909587	0.159052322014	0.128495544779	0.130529548317	0.136471254078	0.156648291222	0.14979474155	0.148179167343	0.151992783516	0.137680932814	0.141291616603	0.195415336915	0.139041962637	0.130114728348	0.134332896933	0.151768882449	0.134223250659	0.133592973938	0.174196527658	0.191334268876	0.160198157656	0.168631347114	0.141757602421	0.15698001997	0.146212981981	0.162222565542	0.159284998897	0.129561807237	0.159339109164	0.131296721337	0.128088041955	0.135728235395	0.136044259332	0.13429906108	0.132997014336	0.148637516305	0.162054745075	0.160863897141	0.14779555772	0.154006606115	0.136643894476	0.135553199532	0.13203465348	0.158292438254	0.137799415402	0.132797998711	0.186121086969	0.166505641309	0.142964211467	0.158473039714	0.159176971322	0.157525731033	0.130757248234
