	158883629-tonguedorsum1.freeze11.snv.filtered.bam	158883629-tonguedorsum3.freeze11.snv.filtered.bam	159227541-tonguedorsum3.freeze11.snv.filtered.bam	159551223-tonguedorsum2.freeze11.snv.filtered.bam	160380657-tonguedorsum1.freeze11.snv.filtered.bam	160502038-tonguedorsum3.freeze11.snv.filtered.bam	160582958-tonguedorsum2.freeze11.snv.filtered.bam	246515023-tonguedorsum1.freeze11.snv.filtered.bam	508703490-tonguedorsum1.freeze11.snv.filtered.bam	508703490-tonguedorsum2.freeze11.snv.filtered.bam	550534656-tonguedorsum2.freeze11.snv.filtered.bam	550534656-tonguedorsum3.freeze11.snv.filtered.bam	638754422-tonguedorsum1.freeze11.snv.filtered.bam	638754422-tonguedorsum2.freeze11.snv.filtered.bam	638754422-tonguedorsum3.freeze11.snv.filtered.bam	663835652-tonguedorsum2.freeze11.snv.filtered.bam	663835652-tonguedorsum3.freeze11.snv.filtered.bam	675950834-tonguedorsum1.freeze11.snv.filtered.bam	675950834-tonguedorsum2.freeze11.snv.filtered.bam	737052003-tonguedorsum1.freeze11.snv.filtered.bam	737052003-tonguedorsum2.freeze11.snv.filtered.bam	763536994-tonguedorsum2.freeze11.snv.filtered.bam	763577454-tonguedorsum1.freeze11.snv.filtered.bam	763577454-tonguedorsum2.freeze11.snv.filtered.bam	763901136-tonguedorsum1.freeze11.snv.filtered.bam	763901136-tonguedorsum2.freeze11.snv.filtered.bam	763901136-tonguedorsum3.freeze11.snv.filtered.bam	763961826-throat1.freeze11.snv.filtered.bam	763961826-tonguedorsum1.freeze11.snv.filtered.bam	763982056-tonguedorsum3.freeze11.snv.filtered.bam	764143897-tonguedorsum1.freeze11.snv.filtered.bam	764143897-tonguedorsum2.freeze11.snv.filtered.bam	764285508-tonguedorsum2.freeze11.snv.filtered.bam	764305738-tonguedorsum1.freeze11.snv.filtered.bam	764325968-tonguedorsum1.freeze11.snv.filtered.bam	764325968-tonguedorsum2.freeze11.snv.filtered.bam	764366428-tonguedorsum2.freeze11.snv.filtered.bam	764811490-tonguedorsum1.freeze11.snv.filtered.bam	764811490-tonguedorsum2.freeze11.snv.filtered.bam	765013792-tonguedorsum1.freeze11.snv.filtered.bam	765013792-tonguedorsum2.freeze11.snv.filtered.bam	765013792-tonguedorsum3.freeze11.snv.filtered.bam	765074482-tonguedorsum3.freeze11.snv.filtered.bam	765094712-tonguedorsum1.freeze11.snv.filtered.bam	765094712-tonguedorsum2.freeze11.snv.filtered.bam	765135172-tonguedorsum1.freeze11.snv.filtered.bam	823052294-tonguedorsum3.freeze11.snv.filtered.bam	857980665-tonguedorsum2.freeze11.snv.filtered.bam	857980665-tonguedorsum3.freeze11.snv.filtered.bam	861967750-tonguedorsum1.freeze11.snv.filtered.bam
158883629-tonguedorsum1.freeze11.snv.filtered.bam	0.0	0.0877221838948	0.160118413481	0.163290745628	0.159979446917	0.152745595707	0.163690182629	0.151978486199	0.167799422975	0.172932420506	0.160458431195	0.153733839397	0.158749884798	0.155427344135	0.148856452304	0.166241454237	0.1652606407	0.164186735959	0.156428451547	0.183375687722	0.181401457571	0.180306500899	0.155766257294	0.154869335763	0.167588676241	0.165502461324	0.178075799104	0.16918603658	0.167166575098	0.159861863772	0.184015397885	0.194446860411	0.179354595177	0.170346523294	0.159747011082	0.156120404431	0.163982353261	0.166877138774	0.177893285298	0.17465572093	0.185830904922	0.172786418369	0.173453499113	0.18802370049	0.193602047385	0.183068304167	0.161592560246	0.163692916644	0.157476691032	0.166179952751
158883629-tonguedorsum3.freeze11.snv.filtered.bam	0.0877221838948	0.0	0.152832883302	0.146521455821	0.153956801185	0.158759347398	0.146493550251	0.142073157249	0.158154924621	0.157733526551	0.143166983498	0.14140771315	0.146878205896	0.140035492607	0.135239981753	0.162381992884	0.167157956649	0.146295322154	0.139434872565	0.156067540689	0.152363659305	0.174591872787	0.136044380714	0.134930108067	0.138464135532	0.142888075912	0.160309037011	0.158659805098	0.155054124445	0.139619290672	0.159884534403	0.177112595299	0.149408374092	0.150998415665	0.139639768833	0.138344472367	0.160206379093	0.14676910596	0.162499171555	0.164276635392	0.175532734933	0.158693829348	0.138982297047	0.161245356077	0.166999509039	0.156620707735	0.14053474694	0.151724918455	0.146400488555	0.147382939595
159227541-tonguedorsum3.freeze11.snv.filtered.bam	0.160118413481	0.152832883302	0.0	0.151921175779	0.151365726984	0.153397788518	0.14997203173	0.103233550093	0.143559365091	0.154216298018	0.141576336772	0.135634528282	0.129214673423	0.115299917619	0.121756065672	0.137476698172	0.14670536283	0.147253394046	0.140212099037	0.1665683981	0.169822385952	0.170298224973	0.116002674673	0.121701269596	0.152903980487	0.149942316726	0.164584181773	0.151904804616	0.149151480429	0.12620827548	0.169006263613	0.181527386185	0.166162065063	0.154622273092	0.137626781377	0.140619367862	0.149294891133	0.153662743641	0.165788284635	0.155989085317	0.170004355782	0.1568713843	0.16188587259	0.170763007679	0.17899025581	0.165706931236	0.144210871497	0.148287171762	0.141544753289	0.150529680939
159551223-tonguedorsum2.freeze11.snv.filtered.bam	0.163290745628	0.146521455821	0.151921175779	0.0	0.150878139914	0.15912850925	0.139526787119	0.144566579049	0.151236554282	0.148391801173	0.139111459509	0.138240822222	0.143573787867	0.138388389759	0.137681543449	0.158037717369	0.162535227169	0.136419251669	0.137044191049	0.151563125782	0.141226625748	0.172639294281	0.133245955498	0.132039391944	0.136994258116	0.144210910715	0.153430184376	0.153408232972	0.151798393373	0.140325686202	0.151368461791	0.161698975319	0.143105680972	0.142283187533	0.135575667055	0.13377595478	0.149815830912	0.135796880115	0.149676056279	0.153124520533	0.156482071051	0.149675405044	0.137849653994	0.15828493916	0.162980196044	0.15063024293	0.13839360587	0.149723709641	0.145248311151	0.14318979508
160380657-tonguedorsum1.freeze11.snv.filtered.bam	0.159979446917	0.153956801185	0.151365726984	0.150878139914	0.0	0.15988182175	0.1520616505	0.145332344363	0.139350482732	0.136940310586	0.146364514341	0.142503941182	0.145151191918	0.143346191985	0.140573376728	0.154488460122	0.156912650563	0.140635534843	0.13909479045	0.166830485665	0.160275092995	0.170417371672	0.141807178514	0.140609412571	0.146192745396	0.143073283789	0.15362968622	0.152363825707	0.149533648229	0.14426025361	0.168282099826	0.179792068257	0.154416269587	0.14006144057	0.143268688248	0.140257541689	0.152918009228	0.14138542345	0.160712472725	0.158694326583	0.167951191694	0.154962420491	0.149323943702	0.173218530567	0.17937794112	0.163099717443	0.141600104878	0.152295007034	0.147636382358	0.152998598277
160502038-tonguedorsum3.freeze11.snv.filtered.bam	0.152745595707	0.158759347398	0.153397788518	0.15912850925	0.15988182175	0.0	0.162457802303	0.141170119682	0.16631191023	0.172093158423	0.143736439603	0.139128076299	0.144603138726	0.144296711845	0.135133500454	0.157253651193	0.156633832781	0.145961079595	0.141041561284	0.179615162515	0.17542832124	0.174753670199	0.148722387301	0.147438899569	0.166555076175	0.16759783101	0.182360342618	0.164860784482	0.162914148246	0.153571025467	0.168500383998	0.17369363704	0.177912243026	0.165550228947	0.145441173611	0.150074462593	0.155972034742	0.167238971133	0.178236452775	0.157504793013	0.16495531953	0.157380119492	0.17461639248	0.187464207552	0.194250599118	0.179458139509	0.150884046556	0.153578335496	0.149049168581	0.153756247481
160582958-tonguedorsum2.freeze11.snv.filtered.bam	0.163690182629	0.146493550251	0.14997203173	0.139526787119	0.1520616505	0.162457802303	0.0	0.145387543996	0.146306474676	0.142791179906	0.135348731556	0.135192075519	0.145281239111	0.139993034817	0.139744670699	0.156744393649	0.165654545287	0.139313655043	0.136337723946	0.137301053331	0.135562458872	0.173464316614	0.1373386305	0.136950001181	0.129119785291	0.137653401236	0.150152977408	0.151106090059	0.149957927045	0.134694941376	0.145417696379	0.160027446676	0.13608110993	0.136113213061	0.135788249442	0.136880105134	0.151202233481	0.138256039846	0.149220434439	0.154567917967	0.158399958798	0.15013927731	0.13440199216	0.141993155905	0.146239397811	0.148063974095	0.137952507588	0.147134753553	0.141703516683	0.139474771624
246515023-tonguedorsum1.freeze11.snv.filtered.bam	0.151978486199	0.142073157249	0.103233550093	0.144566579049	0.145332344363	0.141170119682	0.145387543996	0.0	0.148675159154	0.153095072621	0.125752716893	0.121447818708	0.115631698121	0.101190622096	0.102414993633	0.13896137075	0.145800229759	0.123327775552	0.114526515563	0.161236694505	0.158812507871	0.162174587704	0.109393749487	0.112437286286	0.143555268842	0.144548563225	0.162796091123	0.140982331829	0.137003382338	0.116998211669	0.157320209212	0.170886699068	0.160199333206	0.146830375843	0.123175795565	0.106830444905	0.135661946052	0.145210050124	0.159834765148	0.143356400081	0.148012798775	0.131328121074	0.151257040265	0.164819016932	0.173543735922	0.155777060314	0.124236568971	0.131788538326	0.125589955017	0.13398494318
508703490-tonguedorsum1.freeze11.snv.filtered.bam	0.167799422975	0.158154924621	0.143559365091	0.151236554282	0.139350482732	0.16631191023	0.146306474676	0.148675159154	0.0	0.0578268829753	0.149369005739	0.145556903762	0.149653137137	0.143310084963	0.144731000672	0.151221653367	0.159183605679	0.145668451679	0.144467970266	0.164686473997	0.162022369105	0.176241370424	0.13704720163	0.134965861252	0.145549289149	0.143866234076	0.15449063613	0.156683082116	0.15410913056	0.142927321615	0.167934169198	0.180608183995	0.154364408137	0.145981748261	0.142834106639	0.143240037104	0.157022547865	0.135421763132	0.149492511568	0.162997785489	0.1741066602	0.164019181162	0.152767241786	0.1707391211	0.176327669133	0.16826356807	0.144409194992	0.155520555243	0.149622559115	0.152877273026
508703490-tonguedorsum2.freeze11.snv.filtered.bam	0.172932420506	0.157733526551	0.154216298018	0.148391801173	0.136940310586	0.172093158423	0.142791179906	0.153095072621	0.0578268829753	0.0	0.148207162296	0.148224502001	0.152787263109	0.146410509122	0.148431547289	0.155344510698	0.164665790331	0.141250901887	0.142388990367	0.158712497897	0.153546924208	0.179496584818	0.140468762837	0.138777072247	0.140912624138	0.135473761231	0.142556941016	0.157603455292	0.155627062635	0.145060144773	0.161033911895	0.171863577981	0.14663032876	0.138248115345	0.143183669937	0.141628660281	0.157593330605	0.122474165394	0.137353765749	0.162552580521	0.166830314002	0.159814891496	0.142846399454	0.163284527429	0.167928097731	0.161540054769	0.143426385224	0.157750862711	0.152587801404	0.151363466014
550534656-tonguedorsum2.freeze11.snv.filtered.bam	0.160458431195	0.143166983498	0.141576336772	0.139111459509	0.146364514341	0.143736439603	0.135348731556	0.125752716893	0.149369005739	0.148207162296	0.0	0.0604150753532	0.124268486553	0.117797503839	0.115232201074	0.154288836481	0.158134195958	0.113868609017	0.110692340881	0.147665039322	0.140279103815	0.16502940779	0.122566222009	0.121077914641	0.133506536748	0.137845380208	0.153911137548	0.141578501812	0.139092864886	0.123645877178	0.120331492646	0.130094742502	0.146713086914	0.137476202644	0.115773078664	0.123034944682	0.140585915536	0.137051008562	0.152973540603	0.138712570166	0.131187166532	0.125563455261	0.133813380562	0.1519733391	0.158176719056	0.146204107236	0.114717421629	0.127985846998	0.122924199415	0.111040645969
550534656-tonguedorsum3.freeze11.snv.filtered.bam	0.153733839397	0.14140771315	0.135634528282	0.138240822222	0.142503941182	0.139128076299	0.135192075519	0.121447818708	0.145556903762	0.148224502001	0.0604150753532	0.0	0.121575498122	0.117226523497	0.110767236383	0.147171997438	0.148503697433	0.119893213007	0.113020785895	0.153627979109	0.145943043868	0.157607235443	0.119471442759	0.117579066021	0.137139337625	0.137923105235	0.155074939707	0.13779757349	0.135238820238	0.120895064184	0.135390441274	0.146929909593	0.150419196649	0.137727480855	0.117010237073	0.122280919866	0.134451880696	0.139252165277	0.153290534985	0.139388072362	0.144099993372	0.130743539549	0.138866927499	0.157785752543	0.164895350996	0.150744588287	0.117206488373	0.127719552199	0.121784839757	0.119508845997
638754422-tonguedorsum1.freeze11.snv.filtered.bam	0.158749884798	0.146878205896	0.129214673423	0.143573787867	0.145151191918	0.144603138726	0.145281239111	0.115631698121	0.149653137137	0.152787263109	0.124268486553	0.121575498122	0.0	0.0931404814226	0.0654918717342	0.148550341107	0.152391242532	0.120487767778	0.109858031686	0.156812354762	0.152871670736	0.151719833101	0.116220171192	0.115183417829	0.138302868986	0.137789977782	0.155863845097	0.138570256155	0.133937656611	0.119782053469	0.151910705297	0.165728528545	0.154208851917	0.138050415426	0.118060734204	0.124706171557	0.141706273026	0.141490062341	0.157367394277	0.14084052787	0.153597082249	0.13706384177	0.143632355028	0.164150048613	0.172483463991	0.152669291958	0.117293467953	0.130642957728	0.124840128944	0.129722560576
638754422-tonguedorsum2.freeze11.snv.filtered.bam	0.155427344135	0.140035492607	0.115299917619	0.138388389759	0.143346191985	0.144296711845	0.139993034817	0.101190622096	0.143310084963	0.146410509122	0.117797503839	0.117226523497	0.0931404814226	0.0	0.0807876851203	0.141107343545	0.148690912405	0.118621980783	0.110570924487	0.151117432497	0.145003697585	0.159897476356	0.100523457663	0.103784572658	0.13272982892	0.131989248466	0.150326804742	0.138546529202	0.133773632583	0.107583177892	0.143092417129	0.156767588962	0.148520510467	0.136161468999	0.113422943046	0.117440945471	0.137176458575	0.135947635272	0.153660627791	0.142848762841	0.146729829721	0.134311230305	0.136773417242	0.156933781475	0.164986493447	0.145680087061	0.117048120861	0.128670677014	0.122595858805	0.122587580643
638754422-tonguedorsum3.freeze11.snv.filtered.bam	0.148856452304	0.135239981753	0.121756065672	0.137681543449	0.140573376728	0.135133500454	0.139744670699	0.102414993633	0.144731000672	0.148431547289	0.115232201074	0.110767236383	0.0654918717342	0.0807876851203	0.0	0.141715829274	0.144891709352	0.113256304177	0.100336839099	0.155910317935	0.148372864212	0.149845609372	0.102753053818	0.101856783992	0.133700749982	0.132938007634	0.155282335181	0.133070932796	0.127565444961	0.108940213165	0.146874066951	0.163790287676	0.15212296213	0.134157836609	0.109274572177	0.112869726181	0.133132196677	0.139214698613	0.157545636713	0.138981362061	0.152560162024	0.133270885817	0.137726045787	0.161929097669	0.170995547938	0.147819504266	0.109028987277	0.122840413239	0.117136272587	0.123558331974
663835652-tonguedorsum2.freeze11.snv.filtered.bam	0.166241454237	0.162381992884	0.137476698172	0.158037717369	0.154488460122	0.157253651193	0.156744393649	0.13896137075	0.151221653367	0.155344510698	0.154288836481	0.147171997438	0.148550341107	0.141107343545	0.141715829274	0.0	0.0843570701231	0.149560460606	0.144871813415	0.174364581526	0.172887116893	0.17362319007	0.142764952931	0.14452088027	0.158739749066	0.149966572488	0.161328083615	0.158094837005	0.155186744019	0.142049298756	0.175389572259	0.185923999728	0.16670329554	0.15720773174	0.144072379318	0.150835614417	0.153454606924	0.154461895504	0.167241445229	0.15985676993	0.173097360473	0.16300656392	0.168246789127	0.183682952195	0.191684799754	0.174136470398	0.148004509811	0.155833860315	0.149984120693	0.15810735683
663835652-tonguedorsum3.freeze11.snv.filtered.bam	0.1652606407	0.167157956649	0.14670536283	0.162535227169	0.156912650563	0.156633832781	0.165654545287	0.145800229759	0.159183605679	0.164665790331	0.158134195958	0.148503697433	0.152391242532	0.148690912405	0.144891709352	0.0843570701231	0.0	0.157510963126	0.149413170919	0.183614856957	0.182897051434	0.175452092848	0.14933085971	0.148737721003	0.167637533572	0.160345237917	0.172306860273	0.15533957743	0.154064684399	0.149045440242	0.184232199984	0.194952023307	0.177860261464	0.164362864627	0.147879122892	0.15322870763	0.158720423555	0.163479190556	0.174995415064	0.166133433654	0.185262548846	0.16664545453	0.177121264967	0.193264235396	0.201273171741	0.180051927814	0.154643690559	0.157655732513	0.151687045944	0.162206274706
675950834-tonguedorsum1.freeze11.snv.filtered.bam	0.164186735959	0.146295322154	0.147253394046	0.136419251669	0.140635534843	0.145961079595	0.139313655043	0.123327775552	0.145668451679	0.141250901887	0.113868609017	0.119893213007	0.120487767778	0.118621980783	0.113256304177	0.149560460606	0.157510963126	0.0	0.0667422395	0.149341855202	0.144818427226	0.164309303249	0.126343565115	0.124440799851	0.132502517606	0.13551967813	0.150790144508	0.131438819439	0.127359100331	0.120352035899	0.132007524143	0.142550302739	0.144658024562	0.130676652967	0.108686914186	0.121098083147	0.138661290713	0.130243653686	0.147372299353	0.122546542124	0.109569893613	0.108669104408	0.134670798735	0.154649551357	0.161035370006	0.136178022722	0.109803984668	0.125137729708	0.120915555421	0.115627815573
675950834-tonguedorsum2.freeze11.snv.filtered.bam	0.156428451547	0.139434872565	0.140212099037	0.137044191049	0.13909479045	0.141041561284	0.136337723946	0.114526515563	0.144467970266	0.142388990367	0.110692340881	0.113020785895	0.109858031686	0.110570924487	0.100336839099	0.144871813415	0.149413170919	0.0667422395	0.0	0.147956692556	0.146663130861	0.157549751978	0.118610589381	0.116285318112	0.130968021772	0.132262135612	0.150988037089	0.113513095384	0.108119557836	0.10670583487	0.137361634151	0.151643816564	0.144114282307	0.130018561624	0.100013345111	0.112518749163	0.133062825929	0.131226281161	0.149847130472	0.123697419896	0.124007276204	0.108515271639	0.132647146468	0.155376412853	0.16341755378	0.131560145509	0.10053648816	0.112277409344	0.106337455104	0.115999289823
737052003-tonguedorsum1.freeze11.snv.filtered.bam	0.183375687722	0.156067540689	0.1665683981	0.151563125782	0.166830485665	0.179615162515	0.137301053331	0.161236694505	0.164686473997	0.158712497897	0.147665039322	0.153627979109	0.156812354762	0.151117432497	0.155910317935	0.174364581526	0.183614856957	0.149341855202	0.147956692556	0.0	0.128237322247	0.188971394884	0.148514209403	0.148848997243	0.129699961316	0.141248812412	0.146643204868	0.160744616455	0.159628220648	0.14670699914	0.143908408297	0.157204868153	0.128724923328	0.141231335461	0.142932210186	0.146915622447	0.16372623638	0.147607296414	0.155383123705	0.160705925436	0.16472238954	0.161593292886	0.131458495133	0.135886015715	0.137044428857	0.144086728127	0.144542591213	0.158811702787	0.154466611054	0.148053658006
737052003-tonguedorsum2.freeze11.snv.filtered.bam	0.181401457571	0.152363659305	0.169822385952	0.141226625748	0.160275092995	0.17542832124	0.135562458872	0.158812507871	0.162022369105	0.153546924208	0.140279103815	0.145943043868	0.152871670736	0.145003697585	0.148372864212	0.172887116893	0.182897051434	0.144818427226	0.146663130861	0.128237322247	0.0	0.186297244827	0.134503866823	0.135082838578	0.127763050892	0.140346800587	0.148700065342	0.165760968833	0.16338790542	0.146551694264	0.138640341997	0.148194104612	0.127215635782	0.13333370519	0.138600771239	0.142756777599	0.163353797339	0.144177987155	0.157872715329	0.157396137199	0.157559035967	0.155085794112	0.114247234296	0.137649777829	0.138337628188	0.147649032357	0.14115131051	0.158075130226	0.153742418474	0.142331139268
763536994-tonguedorsum2.freeze11.snv.filtered.bam	0.180306500899	0.174591872787	0.170298224973	0.172639294281	0.170417371672	0.174753670199	0.173464316614	0.162174587704	0.176241370424	0.179496584818	0.16502940779	0.157607235443	0.151719833101	0.159897476356	0.149845609372	0.17362319007	0.175452092848	0.164309303249	0.157549751978	0.188971394884	0.186297244827	0.0	0.162699944162	0.161269712319	0.173704310792	0.173405213537	0.187335324481	0.168769142765	0.167816232921	0.161918699851	0.188419739101	0.200639409044	0.182912608429	0.172638821755	0.158611092189	0.164312569354	0.165070743978	0.174913211576	0.184598443245	0.17318390813	0.190928044566	0.175946026604	0.178387140679	0.188788793052	0.19957827372	0.183776259388	0.159825714096	0.167123619564	0.162417632665	0.169877509056
763577454-tonguedorsum1.freeze11.snv.filtered.bam	0.155766257294	0.136044380714	0.116002674673	0.133245955498	0.141807178514	0.148722387301	0.1373386305	0.109393749487	0.13704720163	0.140468762837	0.122566222009	0.119471442759	0.116220171192	0.100523457663	0.102753053818	0.142764952931	0.14933085971	0.126343565115	0.118610589381	0.148514209403	0.134503866823	0.162699944162	0.0	0.0475168216959	0.129154570211	0.128975608332	0.149351645293	0.143595046245	0.138307214761	0.114410533115	0.147332940798	0.164160800945	0.141579873807	0.131253554153	0.117625788106	0.11688855079	0.14162205216	0.137539653574	0.156212461105	0.148213838564	0.159143447127	0.143985755525	0.113445540871	0.151984489064	0.159982137726	0.147331507573	0.121128405604	0.133639608294	0.127652744332	0.130564356434
763577454-tonguedorsum2.freeze11.snv.filtered.bam	0.154869335763	0.134930108067	0.121701269596	0.132039391944	0.140609412571	0.147438899569	0.136950001181	0.112437286286	0.134965861252	0.138777072247	0.121077914641	0.117579066021	0.115183417829	0.103784572658	0.101856783992	0.14452088027	0.148737721003	0.124440799851	0.116285318112	0.148848997243	0.135082838578	0.161269712319	0.0475168216959	0.0	0.128672502235	0.128907063575	0.150040779968	0.141753831725	0.136183904819	0.114243956115	0.147907308093	0.165637853114	0.141917666332	0.130522836445	0.115250125627	0.114431835304	0.140841272707	0.137612013103	0.15694679793	0.146826959605	0.159974873478	0.142446267472	0.113156715169	0.152693027045	0.161434044755	0.14676084063	0.119536481072	0.132351160095	0.125914625308	0.128454106833
763901136-tonguedorsum1.freeze11.snv.filtered.bam	0.167588676241	0.138464135532	0.152903980487	0.136994258116	0.146192745396	0.166555076175	0.129119785291	0.143555268842	0.145549289149	0.140912624138	0.133506536748	0.137139337625	0.138302868986	0.13272982892	0.133700749982	0.158739749066	0.167637533572	0.132502517606	0.130968021772	0.129699961316	0.127763050892	0.173704310792	0.129154570211	0.128672502235	0.0	0.0781363773037	0.0976850002622	0.150481480163	0.146965409061	0.127795530062	0.142675058375	0.160292898313	0.124002727112	0.126262866337	0.129309117925	0.127512924855	0.152269050367	0.128339015813	0.147405320407	0.153153295858	0.159223059338	0.148651729942	0.114210019596	0.139754683737	0.144025421411	0.138157544079	0.127705110494	0.148188013325	0.14289093686	0.138771365333
763901136-tonguedorsum2.freeze11.snv.filtered.bam	0.165502461324	0.142888075912	0.149942316726	0.144210910715	0.143073283789	0.16759783101	0.137653401236	0.144548563225	0.143866234076	0.135473761231	0.137845380208	0.137923105235	0.137789977782	0.131989248466	0.132938007634	0.149966572488	0.160345237917	0.13551967813	0.132262135612	0.141248812412	0.140346800587	0.173405213537	0.128975608332	0.128907063575	0.0781363773037	0.0	0.0437774578181	0.150852830719	0.146823817599	0.130679853864	0.152298211726	0.166953779463	0.131945183811	0.124780981449	0.132649215051	0.130876607759	0.153296504479	0.123572675969	0.142581346669	0.156325581486	0.160641539198	0.15239060166	0.12212912387	0.151240663327	0.157342408287	0.141206404068	0.131289532399	0.147152996878	0.141941961735	0.144434580832
763901136-tonguedorsum3.freeze11.snv.filtered.bam	0.178075799104	0.160309037011	0.164584181773	0.153430184376	0.15362968622	0.182360342618	0.150152977408	0.162796091123	0.15449063613	0.142556941016	0.153911137548	0.155074939707	0.155863845097	0.150326804742	0.155282335181	0.161328083615	0.172306860273	0.150790144508	0.150988037089	0.146643204868	0.148700065342	0.187335324481	0.149351645293	0.150040779968	0.0976850002622	0.0437774578181	0.0	0.162588611099	0.159953131963	0.14912377291	0.161164142392	0.168386608452	0.13531563379	0.13405433862	0.150701793631	0.14909043756	0.164922765037	0.129915975584	0.145955142408	0.164856427127	0.16369216292	0.162792955545	0.131691859063	0.157252716356	0.159949945867	0.147785029817	0.150069576409	0.16186924589	0.157399334855	0.158633578994
763961826-throat1.freeze11.snv.filtered.bam	0.16918603658	0.158659805098	0.151904804616	0.153408232972	0.152363825707	0.164860784482	0.151106090059	0.140982331829	0.156683082116	0.157603455292	0.141578501812	0.13779757349	0.138570256155	0.138546529202	0.133070932796	0.158094837005	0.15533957743	0.131438819439	0.113513095384	0.160744616455	0.165760968833	0.168769142765	0.143595046245	0.141753831725	0.150481480163	0.150852830719	0.162588611099	0.0	0.0460529442017	0.124907876729	0.159739374423	0.170021298586	0.161572827884	0.147975924418	0.127486250262	0.137796901529	0.148080891038	0.155922589981	0.165835042245	0.143682176058	0.157614744081	0.135575113387	0.153628199178	0.171395016009	0.177609542181	0.14071249557	0.130538015206	0.12523101581	0.120098270224	0.142923132549
763961826-tonguedorsum1.freeze11.snv.filtered.bam	0.167166575098	0.155054124445	0.149151480429	0.151798393373	0.149533648229	0.162914148246	0.149957927045	0.137003382338	0.15410913056	0.155627062635	0.139092864886	0.135238820238	0.133937656611	0.133773632583	0.127565444961	0.155186744019	0.154064684399	0.127359100331	0.108119557836	0.159628220648	0.16338790542	0.167816232921	0.138307214761	0.136183904819	0.146965409061	0.146823817599	0.159953131963	0.0460529442017	0.0	0.119965190858	0.157654641427	0.169607946498	0.159042519994	0.144903734806	0.123940752766	0.133561826067	0.146743291316	0.152257034098	0.164214658873	0.140381294612	0.158042000345	0.135348801097	0.150449356994	0.170844406573	0.177821158045	0.138918115717	0.126818391331	0.120128427142	0.115240722544	0.139953550829
763982056-tonguedorsum3.freeze11.snv.filtered.bam	0.159861863772	0.139619290672	0.12620827548	0.140325686202	0.14426025361	0.153571025467	0.134694941376	0.116998211669	0.142927321615	0.145060144773	0.123645877178	0.120895064184	0.119782053469	0.107583177892	0.108940213165	0.142049298756	0.149045440242	0.120352035899	0.10670583487	0.14670699914	0.146551694264	0.161918699851	0.114410533115	0.114243956115	0.127795530062	0.130679853864	0.14912377291	0.124907876729	0.119965190858	0.0	0.144184408977	0.164470988595	0.14173293601	0.131820181116	0.112824855177	0.11864113329	0.141302543127	0.136297869429	0.154918021296	0.142502766043	0.155157941195	0.135531806978	0.133429251481	0.145392566299	0.153323541322	0.135675945	0.113979424916	0.125223030664	0.119067268681	0.129591242752
764143897-tonguedorsum1.freeze11.snv.filtered.bam	0.184015397885	0.159884534403	0.169006263613	0.151368461791	0.168282099826	0.168500383998	0.145417696379	0.157320209212	0.167934169198	0.161033911895	0.120331492646	0.135390441274	0.151910705297	0.143092417129	0.146874066951	0.175389572259	0.184232199984	0.132007524143	0.137361634151	0.143908408297	0.138640341997	0.188419739101	0.147332940798	0.147907308093	0.142675058375	0.152298211726	0.161164142392	0.159739374423	0.157654641427	0.144184408977	0.0	0.047909318426	0.144932087168	0.147117425671	0.135250113569	0.14634736303	0.163826891232	0.150708054413	0.167484412796	0.147767416486	0.133295660326	0.140754827169	0.137376977405	0.142152873264	0.143406718415	0.147178938445	0.139869409187	0.144563453034	0.142608255481	0.116484708329
764143897-tonguedorsum2.freeze11.snv.filtered.bam	0.194446860411	0.177112595299	0.181527386185	0.161698975319	0.179792068257	0.17369363704	0.160027446676	0.170886699068	0.180608183995	0.171863577981	0.130094742502	0.146929909593	0.165728528545	0.156767588962	0.163790287676	0.185923999728	0.194952023307	0.142550302739	0.151643816564	0.157204868153	0.148194104612	0.200639409044	0.164160800945	0.165637853114	0.160292898313	0.166953779463	0.168386608452	0.170021298586	0.169607946498	0.164470988595	0.047909318426	0.0	0.158975864645	0.158524713364	0.149528953297	0.162906860823	0.173623481653	0.161725037582	0.174423570855	0.150977237822	0.121876180765	0.146800061061	0.151699810666	0.157613720859	0.156737617278	0.159536785378	0.154831898016	0.155231371128	0.153331434147	0.12399807102
764285508-tonguedorsum2.freeze11.snv.filtered.bam	0.179354595177	0.149408374092	0.166162065063	0.143105680972	0.154416269587	0.177912243026	0.13608110993	0.160199333206	0.154364408137	0.14663032876	0.146713086914	0.150419196649	0.154208851917	0.148520510467	0.15212296213	0.16670329554	0.177860261464	0.144658024562	0.144114282307	0.128724923328	0.127215635782	0.182912608429	0.141579873807	0.141917666332	0.124002727112	0.131945183811	0.13531563379	0.161572827884	0.159042519994	0.14173293601	0.144932087168	0.158975864645	0.0	0.130886299313	0.139622102325	0.141151873222	0.164999091518	0.12940452612	0.150593416008	0.160123777193	0.165325400655	0.160772484683	0.11733998566	0.129232863645	0.130361156447	0.141936758294	0.140991734343	0.158525075427	0.153879961136	0.147552843127
764305738-tonguedorsum1.freeze11.snv.filtered.bam	0.170346523294	0.150998415665	0.154622273092	0.142283187533	0.14006144057	0.165550228947	0.136113213061	0.146830375843	0.145981748261	0.138248115345	0.137476202644	0.137727480855	0.138050415426	0.136161468999	0.134157836609	0.15720773174	0.164362864627	0.130676652967	0.130018561624	0.141231335461	0.13333370519	0.172638821755	0.131253554153	0.130522836445	0.126262866337	0.124780981449	0.13405433862	0.147975924418	0.144903734806	0.131820181116	0.147117425671	0.158524713364	0.130886299313	0.0	0.129786496002	0.133934647523	0.150345073769	0.124059591224	0.145386881951	0.147652157181	0.154772741972	0.147693011826	0.11429700987	0.149206862487	0.15362367929	0.13989480141	0.128476215621	0.145585771763	0.140563758279	0.141078626419
764325968-tonguedorsum1.freeze11.snv.filtered.bam	0.159747011082	0.139639768833	0.137626781377	0.135575667055	0.143268688248	0.145441173611	0.135788249442	0.123175795565	0.142834106639	0.143183669937	0.115773078664	0.117010237073	0.118060734204	0.113422943046	0.109274572177	0.144072379318	0.147879122892	0.108686914186	0.100013345111	0.142932210186	0.138600771239	0.158611092189	0.117625788106	0.115250125627	0.129309117925	0.132649215051	0.150701793631	0.127486250262	0.123940752766	0.112824855177	0.135250113569	0.149528953297	0.139622102325	0.129786496002	0.0	0.0994550686137	0.135950565888	0.136328039649	0.152797848782	0.130656091705	0.137169784301	0.123086584879	0.131474496922	0.151738452477	0.159554290533	0.136155372108	0.110539975105	0.12104887987	0.115264022254	0.117117081318
764325968-tonguedorsum2.freeze11.snv.filtered.bam	0.156120404431	0.138344472367	0.140619367862	0.13377595478	0.140257541689	0.150074462593	0.136880105134	0.106830444905	0.143240037104	0.141628660281	0.123034944682	0.122280919866	0.124706171557	0.117440945471	0.112869726181	0.150835614417	0.15322870763	0.121098083147	0.112518749163	0.146915622447	0.142756777599	0.164312569354	0.11688855079	0.114431835304	0.127512924855	0.130876607759	0.14909043756	0.137796901529	0.133561826067	0.11864113329	0.14634736303	0.162906860823	0.141151873222	0.133934647523	0.0994550686137	0.0	0.142604644603	0.134127571972	0.15357847396	0.145509940962	0.152515858608	0.134968753223	0.132889916098	0.153967303928	0.161255226097	0.140436111757	0.118477477073	0.13022677913	0.124620248766	0.128799841235
764366428-tonguedorsum2.freeze11.snv.filtered.bam	0.163982353261	0.160206379093	0.149294891133	0.149815830912	0.152918009228	0.155972034742	0.151202233481	0.135661946052	0.157022547865	0.157593330605	0.140585915536	0.134451880696	0.141706273026	0.137176458575	0.133132196677	0.153454606924	0.158720423555	0.138661290713	0.133062825929	0.16372623638	0.163353797339	0.165070743978	0.14162205216	0.140841272707	0.152269050367	0.153296504479	0.164922765037	0.148080891038	0.146743291316	0.141302543127	0.163826891232	0.173623481653	0.164999091518	0.150345073769	0.135950565888	0.142604644603	0.0	0.154242005965	0.167240913549	0.150138542761	0.163849560142	0.151861391441	0.15983331716	0.175825557239	0.181375066453	0.165079678772	0.140469482641	0.145133297884	0.139862139009	0.147339719692
764811490-tonguedorsum1.freeze11.snv.filtered.bam	0.166877138774	0.14676910596	0.153662743641	0.135796880115	0.14138542345	0.167238971133	0.138256039846	0.145210050124	0.135421763132	0.122474165394	0.137051008562	0.139252165277	0.141490062341	0.135947635272	0.139214698613	0.154461895504	0.163479190556	0.130243653686	0.131226281161	0.147607296414	0.144177987155	0.174913211576	0.137539653574	0.137612013103	0.128339015813	0.123572675969	0.129915975584	0.155922589981	0.152257034098	0.136297869429	0.150708054413	0.161725037582	0.12940452612	0.124059591224	0.136328039649	0.134127571972	0.154242005965	0.0	0.0649126576744	0.161177832068	0.157665546112	0.149710973458	0.129353490523	0.15616137551	0.160312017353	0.140931608581	0.133550637755	0.151665132913	0.146130404214	0.142578291975
764811490-tonguedorsum2.freeze11.snv.filtered.bam	0.177893285298	0.162499171555	0.165788284635	0.149676056279	0.160712472725	0.178236452775	0.149220434439	0.159834765148	0.149492511568	0.137353765749	0.152973540603	0.153290534985	0.157367394277	0.153660627791	0.157545636713	0.167241445229	0.174995415064	0.147372299353	0.149847130472	0.155383123705	0.157872715329	0.184598443245	0.156212461105	0.15694679793	0.147405320407	0.142581346669	0.145955142408	0.165835042245	0.164214658873	0.154918021296	0.167484412796	0.174423570855	0.150593416008	0.145386881951	0.152797848782	0.15357847396	0.167240913549	0.0649126576744	0.0	0.173930366422	0.166219071339	0.163256841391	0.150794959583	0.164528322204	0.169156171463	0.148643892511	0.150676249078	0.16687507913	0.162089437866	0.158519580226
765013792-tonguedorsum1.freeze11.snv.filtered.bam	0.17465572093	0.164276635392	0.155989085317	0.153124520533	0.158694326583	0.157504793013	0.154567917967	0.143356400081	0.162997785489	0.162552580521	0.138712570166	0.139388072362	0.14084052787	0.142848762841	0.138981362061	0.15985676993	0.166133433654	0.122546542124	0.123697419896	0.160705925436	0.157396137199	0.17318390813	0.148213838564	0.146826959605	0.153153295858	0.156325581486	0.164856427127	0.143682176058	0.140381294612	0.142502766043	0.147767416486	0.150977237822	0.160123777193	0.147652157181	0.130656091705	0.145509940962	0.150138542761	0.161177832068	0.173930366422	0.0	0.123017594164	0.121308441766	0.154085424624	0.170691223385	0.175304911838	0.148415040746	0.131276766825	0.135184632424	0.131469397087	0.13851561436
765013792-tonguedorsum2.freeze11.snv.filtered.bam	0.185830904922	0.175532734933	0.170004355782	0.156482071051	0.167951191694	0.16495531953	0.158399958798	0.148012798775	0.1741066602	0.166830314002	0.131187166532	0.144099993372	0.153597082249	0.146729829721	0.152560162024	0.173097360473	0.185262548846	0.109569893613	0.124007276204	0.16472238954	0.157559035967	0.190928044566	0.159143447127	0.159974873478	0.159223059338	0.160641539198	0.16369216292	0.157614744081	0.158042000345	0.155157941195	0.133295660326	0.121876180765	0.165325400655	0.154772741972	0.137169784301	0.152515858608	0.163849560142	0.157665546112	0.166219071339	0.123017594164	0.0	0.0789174344999	0.157568339487	0.166560179625	0.169440491273	0.152800756674	0.138607941218	0.147486812825	0.144667913023	0.129941485728
765013792-tonguedorsum3.freeze11.snv.filtered.bam	0.172786418369	0.158693829348	0.1568713843	0.149675405044	0.154962420491	0.157380119492	0.15013927731	0.131328121074	0.164019181162	0.159814891496	0.125563455261	0.130743539549	0.13706384177	0.134311230305	0.133270885817	0.16300656392	0.16664545453	0.108669104408	0.108515271639	0.161593292886	0.155085794112	0.175946026604	0.143985755525	0.142446267472	0.148651729942	0.15239060166	0.162792955545	0.135575113387	0.135348801097	0.135531806978	0.140754827169	0.146800061061	0.160772484683	0.147693011826	0.123086584879	0.134968753223	0.151861391441	0.149710973458	0.163256841391	0.121308441766	0.0789174344999	0.0	0.148428969268	0.168057190346	0.172757420128	0.146626678628	0.12337871606	0.132264693198	0.127527254191	0.127243299055
765074482-tonguedorsum3.freeze11.snv.filtered.bam	0.173453499113	0.138982297047	0.16188587259	0.137849653994	0.149323943702	0.17461639248	0.13440199216	0.151257040265	0.152767241786	0.142846399454	0.133813380562	0.138866927499	0.143632355028	0.136773417242	0.137726045787	0.168246789127	0.177121264967	0.134670798735	0.132647146468	0.131458495133	0.114247234296	0.178387140679	0.113445540871	0.113156715169	0.114210019596	0.12212912387	0.131691859063	0.153628199178	0.150449356994	0.133429251481	0.137376977405	0.151699810666	0.11733998566	0.11429700987	0.131474496922	0.132889916098	0.15983331716	0.129353490523	0.150794959583	0.154085424624	0.157568339487	0.148428969268	0.0	0.135172686723	0.136831231961	0.131063930578	0.129108081038	0.150851032573	0.145760368186	0.136883776491
765094712-tonguedorsum1.freeze11.snv.filtered.bam	0.18802370049	0.161245356077	0.170763007679	0.15828493916	0.173218530567	0.187464207552	0.141993155905	0.164819016932	0.1707391211	0.163284527429	0.1519733391	0.157785752543	0.164150048613	0.156933781475	0.161929097669	0.183682952195	0.193264235396	0.154649551357	0.155376412853	0.135886015715	0.137649777829	0.188788793052	0.151984489064	0.152693027045	0.139754683737	0.151240663327	0.157252716356	0.171395016009	0.170844406573	0.145392566299	0.142152873264	0.157613720859	0.129232863645	0.149206862487	0.151738452477	0.153967303928	0.175825557239	0.15616137551	0.164528322204	0.170691223385	0.166560179625	0.168057190346	0.135172686723	0.0	0.0306082798276	0.148671617116	0.15011517992	0.168978062803	0.164314172581	0.152537792507
765094712-tonguedorsum2.freeze11.snv.filtered.bam	0.193602047385	0.166999509039	0.17899025581	0.162980196044	0.17937794112	0.194250599118	0.146239397811	0.173543735922	0.176327669133	0.167928097731	0.158176719056	0.164895350996	0.172483463991	0.164986493447	0.170995547938	0.191684799754	0.201273171741	0.161035370006	0.16341755378	0.137044428857	0.138337628188	0.19957827372	0.159982137726	0.161434044755	0.144025421411	0.157342408287	0.159949945867	0.177609542181	0.177821158045	0.153323541322	0.143406718415	0.156737617278	0.130361156447	0.15362367929	0.159554290533	0.161255226097	0.181375066453	0.160312017353	0.169156171463	0.175304911838	0.169440491273	0.172757420128	0.136831231961	0.0306082798276	0.0	0.151186165658	0.157228291229	0.176919471186	0.172490723303	0.158499869937
765135172-tonguedorsum1.freeze11.snv.filtered.bam	0.183068304167	0.156620707735	0.165706931236	0.15063024293	0.163099717443	0.179458139509	0.148063974095	0.155777060314	0.16826356807	0.161540054769	0.146204107236	0.150744588287	0.152669291958	0.145680087061	0.147819504266	0.174136470398	0.180051927814	0.136178022722	0.131560145509	0.144086728127	0.147649032357	0.183776259388	0.147331507573	0.14676084063	0.138157544079	0.141206404068	0.147785029817	0.14071249557	0.138918115717	0.135675945	0.147178938445	0.159536785378	0.141936758294	0.13989480141	0.136155372108	0.140436111757	0.165079678772	0.140931608581	0.148643892511	0.148415040746	0.152800756674	0.146626678628	0.131063930578	0.148671617116	0.151186165658	0.0	0.134883377186	0.14744179223	0.144390786573	0.145307153583
823052294-tonguedorsum3.freeze11.snv.filtered.bam	0.161592560246	0.14053474694	0.144210871497	0.13839360587	0.141600104878	0.150884046556	0.137952507588	0.124236568971	0.144409194992	0.143426385224	0.114717421629	0.117206488373	0.117293467953	0.117048120861	0.109028987277	0.148004509811	0.154643690559	0.109803984668	0.10053648816	0.144542591213	0.14115131051	0.159825714096	0.121128405604	0.119536481072	0.127705110494	0.131289532399	0.150069576409	0.130538015206	0.126818391331	0.113979424916	0.139869409187	0.154831898016	0.140991734343	0.128476215621	0.110539975105	0.118477477073	0.140469482641	0.133550637755	0.150676249078	0.131276766825	0.138607941218	0.12337871606	0.129108081038	0.15011517992	0.157228291229	0.134883377186	0.0	0.125443850942	0.119877702545	0.121713407393
