	147406386-supragingivalplaque3.freeze11.snv.filtered.bam	158337416-supragingivalplaque1.freeze11.snv.filtered.bam	158499257-supragingivalplaque2.freeze11.snv.filtered.bam	158883629-supragingivalplaque1.freeze11.snv.filtered.bam	158883629-supragingivalplaque3.freeze11.snv.filtered.bam	158944319-supragingivalplaque3.freeze11.snv.filtered.bam	159369152-supragingivalplaque1.freeze11.snv.filtered.bam	159510762-tonguedorsum3.freeze11.snv.filtered.bam	159551223-supragingivalplaque1.freeze11.snv.filtered.bam	159551223-supragingivalplaque2.freeze11.snv.filtered.bam	159591683-supragingivalplaque1.freeze11.snv.filtered.bam	159814214-supragingivalplaque1.freeze11.snv.filtered.bam	159814214-supragingivalplaque2.freeze11.snv.filtered.bam	159814214-tonguedorsum1.freeze11.snv.filtered.bam	159814214-tonguedorsum2.freeze11.snv.filtered.bam	160158126-supragingivalplaque1.freeze11.snv.filtered.bam	160158126-supragingivalplaque2.freeze11.snv.filtered.bam	160178356-supragingivalplaque1.freeze11.snv.filtered.bam	160178356-supragingivalplaque2.freeze11.snv.filtered.bam	160380657-tonguedorsum1.freeze11.snv.filtered.bam	160380657-tonguedorsum2.freeze11.snv.filtered.bam	160421117-supragingivalplaque1.freeze11.snv.filtered.bam	160421117-supragingivalplaque2.freeze11.snv.filtered.bam	160582958-supragingivalplaque1.freeze11.snv.filtered.bam	160582958-supragingivalplaque2.freeze11.snv.filtered.bam	246515023-supragingivalplaque2.freeze11.snv.filtered.bam	370425937-supragingivalplaque1.freeze11.snv.filtered.bam	370425937-supragingivalplaque2.freeze11.snv.filtered.bam	404239096-supragingivalplaque2.freeze11.snv.filtered.bam	550534656-supragingivalplaque3.freeze11.snv.filtered.bam	604812005-supragingivalplaque3.freeze11.snv.filtered.bam	675950834-supragingivalplaque3.freeze11.snv.filtered.bam	706846339-supragingivalplaque1.freeze11.snv.filtered.bam	706846339-supragingivalplaque2.freeze11.snv.filtered.bam	737052003-supragingivalplaque1.freeze11.snv.filtered.bam	763496533-supragingivalplaque1.freeze11.snv.filtered.bam	763496533-supragingivalplaque2.freeze11.snv.filtered.bam	763840445-supragingivalplaque2.freeze11.snv.filtered.bam	763901136-supragingivalplaque2.freeze11.snv.filtered.bam	763901136-supragingivalplaque3.freeze11.snv.filtered.bam	763961826-supragingivalplaque1.freeze11.snv.filtered.bam	763961826-supragingivalplaque2.freeze11.snv.filtered.bam	764143897-supragingivalplaque2.freeze11.snv.filtered.bam	764285508-supragingivalplaque1.freeze11.snv.filtered.bam	764305738-supragingivalplaque2.freeze11.snv.filtered.bam	764508039-supragingivalplaque3.freeze11.snv.filtered.bam	764811490-supragingivalplaque1.freeze11.snv.filtered.bam	765094712-supragingivalplaque2.freeze11.snv.filtered.bam	765094712-supragingivalplaque3.freeze11.snv.filtered.bam	765620695-supragingivalplaque1.freeze11.snv.filtered.bam	765701615-supragingivalplaque1.freeze11.snv.filtered.bam	765701615-supragingivalplaque2.freeze11.snv.filtered.bam	823052294-supragingivalplaque2.freeze11.snv.filtered.bam	861967750-supragingivalplaque2.freeze11.snv.filtered.bam
147406386-supragingivalplaque3.freeze11.snv.filtered.bam	0.0	0.144299537231	0.136919085214	0.160037082386	0.161428123403	0.147047090235	0.140116224115	0.135201475334	0.134087139865	0.130001241212	0.142856922012	0.138690714873	0.134628954984	0.165345834766	0.166424938521	0.141020618086	0.140794907335	0.144288069799	0.149495510032	0.167410880215	0.150420983198	0.147929152152	0.149985741228	0.146622091578	0.141330559851	0.13902110167	0.142004610956	0.143222542238	0.133397733894	0.138245683971	0.144723817835	0.128357649526	0.134787650989	0.134631777005	0.148938927716	0.130380284805	0.128507271461	0.131815315403	0.140807562314	0.139092657105	0.141424482448	0.138841026874	0.13573946023	0.134430679933	0.145905598418	0.132606435398	0.139479223655	0.139864977182	0.144110941871	0.149958236445	0.133873946219	0.144116327905	0.130556308665	0.13288712157
158337416-supragingivalplaque1.freeze11.snv.filtered.bam	0.144299537231	0.0	0.129028909702	0.16897286643	0.170206340767	0.15178634794	0.134997183534	0.133733641209	0.138922922369	0.147248502449	0.143952496684	0.127589629053	0.121074579001	0.172247283168	0.173496225001	0.133733711226	0.134672214552	0.150793558189	0.163532469003	0.17588591184	0.156203467925	0.149166783403	0.152421577923	0.1543328594	0.151647733041	0.139705719799	0.152364396268	0.153451501797	0.128831476533	0.147542290144	0.150182118104	0.123075208503	0.124404986556	0.124450379313	0.154915504104	0.132388796011	0.135576907674	0.126913735835	0.14152889106	0.141172987061	0.140974920036	0.134265577555	0.141423920698	0.132599011613	0.156208411767	0.130216348666	0.14598474694	0.14227539419	0.153321613007	0.155163678523	0.131934612127	0.145922109756	0.126811824217	0.130526021967
158499257-supragingivalplaque2.freeze11.snv.filtered.bam	0.136919085214	0.129028909702	0.0	0.162060473189	0.163269008509	0.142415014622	0.123223765706	0.122623605135	0.125444868708	0.13548396127	0.131103112011	0.114422969923	0.102823203117	0.164259107527	0.165081776916	0.118414897769	0.119266890947	0.138060844721	0.153795113631	0.168472019655	0.151414646632	0.141582522239	0.145280223781	0.142412952155	0.140593567832	0.128151367876	0.142669671721	0.14442455283	0.119816417532	0.138181219804	0.139835908438	0.107748001647	0.115052932432	0.11503780147	0.15002755408	0.11663470205	0.122513103022	0.10703731592	0.128948802387	0.129338831997	0.133471146644	0.125025895558	0.128261272654	0.120595599025	0.145410161585	0.115333708825	0.135712172581	0.131435912023	0.144449505408	0.150493011514	0.121897102213	0.136558753229	0.112843156988	0.119113044828
158883629-supragingivalplaque1.freeze11.snv.filtered.bam	0.160037082386	0.16897286643	0.162060473189	0.0	0.00199058445852	0.164290272302	0.164785170502	0.159556303971	0.162174431743	0.16884287223	0.164931299921	0.163410641767	0.161201574427	0.183704447664	0.185244944606	0.164318602565	0.16382186274	0.17011886338	0.175322718953	0.184119273371	0.172513710986	0.17087572224	0.172852832038	0.170409934019	0.164350218548	0.15931216923	0.166730904837	0.168338875719	0.158951624716	0.162726880677	0.169018409596	0.153208607952	0.159384343016	0.15714696198	0.171806541308	0.161200554323	0.160534464321	0.158010194168	0.163800008127	0.161859361131	0.16485394286	0.164426134567	0.159160742178	0.159938746129	0.172678400542	0.15057393924	0.136007611055	0.161814307558	0.164951490962	0.170708763273	0.162227457503	0.168390115728	0.156143770974	0.161150369363
158883629-supragingivalplaque3.freeze11.snv.filtered.bam	0.161428123403	0.170206340767	0.163269008509	0.00199058445852	0.0	0.165545800762	0.166057051586	0.160971267479	0.163465736373	0.170086335493	0.166117762047	0.16463549406	0.162388178506	0.184930472436	0.186505719478	0.165580411058	0.165149069314	0.171276795862	0.176310016828	0.185500037281	0.173672477829	0.17220329691	0.174138035794	0.171644168799	0.16557230262	0.160606790787	0.167905964698	0.169438843319	0.160211698362	0.16401041943	0.1702565497	0.15449194736	0.160570199036	0.158324621536	0.173229537269	0.162420012614	0.161898448757	0.159259281414	0.165185930007	0.163253943093	0.166059381001	0.165763913628	0.160549239518	0.161263621424	0.173896770819	0.151896859945	0.13743131674	0.163268182584	0.166517311603	0.172164162316	0.163472947821	0.169606159296	0.157454763223	0.162335674699
158944319-supragingivalplaque3.freeze11.snv.filtered.bam	0.147047090235	0.15178634794	0.142415014622	0.164290272302	0.165545800762	0.0	0.145246656907	0.142191140366	0.140925586548	0.149912378373	0.147946405819	0.141566799398	0.138216917622	0.171265613475	0.172216632109	0.14351721392	0.143548013956	0.153196547868	0.16295196578	0.173976078486	0.16231303903	0.158230283531	0.161077907653	0.155294206642	0.151272353016	0.0589453793823	0.15434481103	0.155972941693	0.13911768937	0.152346039246	0.153813143023	0.130187433443	0.142024646383	0.141081557289	0.160563874905	0.139433761279	0.141163947683	0.13896141325	0.14188572331	0.140607712971	0.150556159658	0.146489669705	0.142861604522	0.142397130528	0.158179567566	0.137370104104	0.143631992764	0.147077155798	0.154354893404	0.160492420364	0.143725049955	0.154169185801	0.134388027228	0.142080905631
159369152-supragingivalplaque1.freeze11.snv.filtered.bam	0.140116224115	0.134997183534	0.123223765706	0.164785170502	0.166057051586	0.145246656907	0.0	0.12717867408	0.128156423437	0.136898053199	0.136244325865	0.116967079004	0.115136403437	0.167444222014	0.168268833497	0.123932082611	0.124738290384	0.140904682003	0.155931113643	0.1693321955	0.154949834434	0.144843839769	0.148880767683	0.143622147371	0.141296275827	0.130910515931	0.147203917537	0.148648691222	0.123369233184	0.143538756609	0.142869342106	0.111829680338	0.120285979742	0.12053223449	0.153235076682	0.120406845801	0.12441981204	0.120797452357	0.133141519281	0.133201467312	0.137115628888	0.129129360024	0.126767017799	0.124833972024	0.149799944748	0.119813819415	0.139332129138	0.13441632692	0.146354874451	0.153296018029	0.125963401313	0.141384719853	0.11664100306	0.123539960906
159510762-tonguedorsum3.freeze11.snv.filtered.bam	0.135201475334	0.133733641209	0.122623605135	0.159556303971	0.160971267479	0.142191140366	0.12717867408	0.0	0.127042226502	0.135715199096	0.134136975952	0.121500235604	0.117047393113	0.162325069643	0.163399049385	0.0963921130027	0.0871462789288	0.138772679189	0.152195489069	0.164498911177	0.150697849479	0.139497372825	0.143120651511	0.142664622557	0.139860887216	0.127743668128	0.142931755391	0.144832944454	0.1232173063	0.137682050258	0.13941042507	0.111377182639	0.11947677741	0.118968922366	0.149747938456	0.121111786536	0.1239175872	0.117600912289	0.130371612509	0.129684530202	0.134357410094	0.128240034942	0.128003597443	0.123528836213	0.143154349239	0.117717154568	0.127485357467	0.131437594236	0.14194415139	0.149458926791	0.126207230919	0.134412044892	0.116136815162	0.123625848327
159551223-supragingivalplaque1.freeze11.snv.filtered.bam	0.134087139865	0.138922922369	0.125444868708	0.162174431743	0.163465736373	0.140925586548	0.128156423437	0.127042226502	0.0	0.0772949708155	0.136164432368	0.120586272192	0.117608589757	0.165057180509	0.166114279146	0.126309910862	0.12698925328	0.14165317894	0.156729695592	0.169689341735	0.155563312927	0.144867477523	0.148277284913	0.145410784508	0.143168003288	0.126658221356	0.149246535313	0.150851526515	0.124076648354	0.145014353908	0.141622260388	0.0960481264208	0.122802504465	0.122655439862	0.155567349601	0.106961186552	0.1061447361	0.122564746303	0.131425640818	0.13170477089	0.14105901394	0.133002560116	0.128836839517	0.125506476431	0.14939795006	0.11898741857	0.135370643953	0.135162994973	0.147689660445	0.155813251382	0.129454137099	0.142282857572	0.114881252102	0.126452533417
159551223-supragingivalplaque2.freeze11.snv.filtered.bam	0.130001241212	0.147248502449	0.13548396127	0.16884287223	0.170086335493	0.149912378373	0.136898053199	0.135715199096	0.0772949708155	0.0	0.144238705321	0.132403095966	0.129440272684	0.170368157873	0.171167950023	0.1365732553	0.137126667044	0.148448912836	0.161509945645	0.17448817566	0.159615842547	0.150081369884	0.152850709337	0.14906112812	0.147618513047	0.137768515981	0.153106990624	0.154476795607	0.133370701093	0.148481835196	0.148842976484	0.114987826917	0.133253917222	0.133240568088	0.161000865424	0.103715994447	0.0941511912145	0.132528503207	0.139945156475	0.139596700167	0.147141294595	0.142272186987	0.137941288538	0.134013129667	0.154757207773	0.129098130145	0.14453241325	0.141612010954	0.151593674254	0.160978075066	0.13721461996	0.147454403452	0.126381563369	0.135244076906
159591683-supragingivalplaque1.freeze11.snv.filtered.bam	0.142856922012	0.143952496684	0.131103112011	0.164931299921	0.166117762047	0.147946405819	0.136244325865	0.134136975952	0.136164432368	0.144238705321	0.0	0.130315445344	0.126559462635	0.1677932789	0.169061004456	0.134484912643	0.134516078822	0.144651317303	0.157006003584	0.171108926977	0.157236860256	0.149178690008	0.152246199342	0.149017080428	0.146907663911	0.136156118397	0.150852274173	0.152864797999	0.131876264763	0.14528373964	0.147705479638	0.122008060388	0.12936212924	0.129364223049	0.157388876876	0.130233341825	0.133792814681	0.114165069581	0.138614875828	0.138038697044	0.143180611029	0.138629666835	0.136708174769	0.132298214864	0.150809774845	0.125817980844	0.141345902426	0.134185989074	0.148909154065	0.157569621295	0.132968894706	0.14581690056	0.125332877732	0.13029029279
159814214-supragingivalplaque1.freeze11.snv.filtered.bam	0.138690714873	0.127589629053	0.114422969923	0.163410641767	0.16463549406	0.141566799398	0.116967079004	0.121500235604	0.120586272192	0.132403095966	0.130315445344	0.0	0.0632872282118	0.163324515675	0.163039330497	0.115948329368	0.117482883015	0.138012849865	0.15593906442	0.169441805089	0.154848057825	0.141867322874	0.145417254496	0.14299866206	0.140610059515	0.125728560473	0.146192195891	0.147885628827	0.114498191884	0.141123776075	0.140117970923	0.0995928685887	0.112478565907	0.111407162767	0.150736966527	0.111391833304	0.11712208194	0.111107851743	0.125938081292	0.126815923198	0.13325077421	0.121905787112	0.10338566597	0.096692705738	0.147187944495	0.112896953852	0.137202030196	0.130624104201	0.145887754511	0.15078971878	0.12061065854	0.138195393528	0.108251806558	0.117327703441
159814214-supragingivalplaque2.freeze11.snv.filtered.bam	0.134628954984	0.121074579001	0.102823203117	0.161201574427	0.162388178506	0.138216917622	0.115136403437	0.117047393113	0.117608589757	0.129440272684	0.126559462635	0.0632872282118	0.0	0.159626098341	0.159292129926	0.110736571367	0.112081343418	0.134774351922	0.153204552527	0.166558773508	0.15075997844	0.137455588185	0.141773965051	0.139814584976	0.138672364472	0.121757618217	0.142983242679	0.144517307674	0.113310691848	0.136998850211	0.136599151217	0.0970100623799	0.105875544401	0.105562199608	0.147432764981	0.103760672253	0.110212287556	0.096867240062	0.122793536217	0.123504147437	0.128609337168	0.117765442953	0.122603659068	0.102681083748	0.143658959263	0.108955312393	0.135335959771	0.127708165106	0.143352429751	0.147879965814	0.115649048854	0.133172170571	0.103303266893	0.111985038018
159814214-tonguedorsum1.freeze11.snv.filtered.bam	0.165345834766	0.172247283168	0.164259107527	0.183704447664	0.184930472436	0.171265613475	0.167444222014	0.162325069643	0.165057180509	0.170368157873	0.1677932789	0.163324515675	0.159626098341	0.0	0.0107651756914	0.166714017636	0.166416950192	0.170466728565	0.178299220831	0.147157772764	0.165782758062	0.175292086019	0.177377782116	0.171766196931	0.165997809723	0.164340165721	0.171446629694	0.172475294834	0.16100488191	0.167814984331	0.174087492104	0.155520516397	0.164729127258	0.164304279953	0.178287171925	0.159925216811	0.161938632387	0.160356088991	0.166606589523	0.16482190609	0.168119378878	0.168026258653	0.161674070816	0.160811164267	0.173321718973	0.158207715643	0.164205585245	0.165211710071	0.168448972473	0.179179118426	0.164421732778	0.171246595238	0.157599802088	0.163578267945
159814214-tonguedorsum2.freeze11.snv.filtered.bam	0.166424938521	0.173496225001	0.165081776916	0.185244944606	0.186505719478	0.172216632109	0.168268833497	0.163399049385	0.166114279146	0.171167950023	0.169061004456	0.163039330497	0.159292129926	0.0107651756914	0.0	0.167633161633	0.16741382932	0.171806499131	0.179995157282	0.148995789994	0.167749283112	0.176733364001	0.178590171043	0.172795497747	0.167349040579	0.16526020488	0.173494373152	0.174412172357	0.16261270847	0.16899817357	0.175038154476	0.156554642534	0.165520771407	0.165184843548	0.179769474398	0.160950203426	0.162907615723	0.161139999707	0.167480245746	0.165843894381	0.169881490932	0.169416496012	0.162977061245	0.161309321768	0.174893978206	0.159234436096	0.165725272294	0.166260884976	0.169920392843	0.180826854799	0.165859678499	0.172820179758	0.158522247413	0.164772200901
160158126-supragingivalplaque1.freeze11.snv.filtered.bam	0.141020618086	0.133733711226	0.118414897769	0.164318602565	0.165580411058	0.14351721392	0.123932082611	0.0963921130027	0.126309910862	0.1365732553	0.134484912643	0.115948329368	0.110736571367	0.166714017636	0.167633161633	0.0	0.0307190230489	0.137747471967	0.154005801438	0.169541763414	0.155955122186	0.146034262851	0.149850499198	0.14440703512	0.1434308443	0.125079599122	0.148940322136	0.150573473212	0.12118427439	0.143745100357	0.140840527598	0.0989056534085	0.117497877518	0.116751938314	0.153751064347	0.11778367793	0.122599565756	0.116340375062	0.12832664454	0.129064693491	0.136446814787	0.126641920995	0.130172798426	0.123320001614	0.147093886484	0.114175103085	0.138717210001	0.127437209847	0.140901174418	0.154195660208	0.125945346977	0.142095064804	0.11395227428	0.121280362165
160158126-supragingivalplaque2.freeze11.snv.filtered.bam	0.140794907335	0.134672214552	0.119266890947	0.16382186274	0.165149069314	0.143548013956	0.124738290384	0.0871462789288	0.12698925328	0.137126667044	0.134516078822	0.117482883015	0.112081343418	0.166416950192	0.16741382932	0.0307190230489	0.0	0.138234621431	0.154022480127	0.168675913224	0.155683866234	0.146306683843	0.150012495855	0.144131071346	0.143351734734	0.125662485498	0.149257666686	0.150861055018	0.122190997909	0.14353962615	0.141261548359	0.100952745555	0.118804102785	0.117994294926	0.153612815346	0.118497124612	0.123039527604	0.117138842223	0.128806037793	0.12933684827	0.136458287965	0.127354905571	0.130410112325	0.123578713354	0.146736374388	0.115246481702	0.138206938231	0.128841147904	0.141890513451	0.154014207138	0.126611565032	0.142175185794	0.114319259889	0.122693453258
160178356-supragingivalplaque1.freeze11.snv.filtered.bam	0.144288069799	0.150793558189	0.138060844721	0.17011886338	0.171276795862	0.153196547868	0.140904682003	0.138772679189	0.14165317894	0.148448912836	0.144651317303	0.138012849865	0.134774351922	0.170466728565	0.171806499131	0.137747471967	0.138234621431	0.0	0.0328583087561	0.173329396678	0.162536804173	0.155608840608	0.158737062927	0.150352430241	0.146319425989	0.141141708067	0.152600269104	0.154442926638	0.137338188636	0.151126017981	0.151694867417	0.12847702086	0.139120501867	0.138697270335	0.161112022165	0.134592924659	0.138882317187	0.13505279613	0.14409909551	0.143219347208	0.146388313558	0.143403491113	0.14132245695	0.137480855214	0.0642791916336	0.133399104981	0.145190137426	0.142431303609	0.15141816406	0.161046150655	0.136006292025	0.151749259041	0.133895756929	0.135353300529
160178356-supragingivalplaque2.freeze11.snv.filtered.bam	0.149495510032	0.163532469003	0.153795113631	0.175322718953	0.176310016828	0.16295196578	0.155931113643	0.152195489069	0.156729695592	0.161509945645	0.157006003584	0.15593906442	0.153204552527	0.178299220831	0.179995157282	0.154005801438	0.154022480127	0.0328583087561	0.0	0.17906972894	0.167408016914	0.165770807912	0.168252383477	0.161988691736	0.156162084279	0.15495395145	0.155265737444	0.157514725413	0.149960183584	0.157137464934	0.163251755801	0.146114238051	0.155467070452	0.154789020561	0.165098837244	0.152383108952	0.153693269768	0.149750736733	0.157653597674	0.156055361627	0.155933974031	0.155933067991	0.152625616203	0.152307225965	0.0553454796059	0.149140645651	0.152222204284	0.153243284549	0.155852496939	0.164984521075	0.148178820013	0.161163445371	0.150165985145	0.149018274012
160380657-tonguedorsum1.freeze11.snv.filtered.bam	0.167410880215	0.17588591184	0.168472019655	0.184119273371	0.185500037281	0.173976078486	0.1693321955	0.164498911177	0.169689341735	0.17448817566	0.171108926977	0.169441805089	0.166558773508	0.147157772764	0.148995789994	0.169541763414	0.168675913224	0.173329396678	0.17906972894	0.0	0.16435790394	0.176570622847	0.178655253843	0.173549788389	0.168821098391	0.168202424217	0.171467880649	0.172822036089	0.163259906877	0.17029767387	0.175729990428	0.159440598229	0.167947954409	0.167900817205	0.177962322696	0.164437752188	0.165014006585	0.164155661559	0.168785453325	0.166658386807	0.171485057063	0.170801564875	0.16474914236	0.163899850741	0.176693823515	0.161937946693	0.165700026881	0.166681275841	0.168907041768	0.179509212078	0.167002908773	0.172951010466	0.159920970427	0.167005737147
160380657-tonguedorsum2.freeze11.snv.filtered.bam	0.150420983198	0.156203467925	0.151414646632	0.172513710986	0.173672477829	0.16231303903	0.154949834434	0.150697849479	0.155563312927	0.159615842547	0.157236860256	0.154848057825	0.15075997844	0.165782758062	0.167749283112	0.155955122186	0.155683866234	0.162536804173	0.167408016914	0.16435790394	0.0	0.161963584767	0.164178569251	0.164299630034	0.157173363355	0.155048135226	0.156031062089	0.157417288943	0.148506692483	0.153075622613	0.162516386377	0.144970172336	0.150406819775	0.15042308657	0.16071585941	0.152034963442	0.153094562991	0.148880663296	0.156154082623	0.154233723421	0.155284422616	0.154835513927	0.150264695385	0.152278911313	0.164063311034	0.149305511628	0.151777204946	0.154282795342	0.157535786792	0.160826094075	0.151002446591	0.157849637073	0.146727327981	0.15037501907
160421117-supragingivalplaque1.freeze11.snv.filtered.bam	0.147929152152	0.149166783403	0.141582522239	0.17087572224	0.17220329691	0.158230283531	0.144843839769	0.139497372825	0.144867477523	0.150081369884	0.149178690008	0.141867322874	0.137455588185	0.175292086019	0.176733364001	0.146034262851	0.146306683843	0.155608840608	0.165770807912	0.176570622847	0.161963584767	0.0	0.0263538349033	0.156613208796	0.153189722416	0.136204169699	0.155257784098	0.156742758497	0.140782342888	0.149017671093	0.155681900033	0.134497305765	0.136525989883	0.138260378518	0.160851133083	0.141466137701	0.143962050963	0.137565351902	0.148025853059	0.147328189951	0.148936696301	0.146526820582	0.145106816076	0.141358407322	0.15897356433	0.140569211468	0.148317468423	0.147551898252	0.154654569397	0.161237383593	0.140048744788	0.0704853244104	0.137075412526	0.140009095809
160421117-supragingivalplaque2.freeze11.snv.filtered.bam	0.149985741228	0.152421577923	0.145280223781	0.172852832038	0.174138035794	0.161077907653	0.148880767683	0.143120651511	0.148277284913	0.152850709337	0.152246199342	0.145417254496	0.141773965051	0.177377782116	0.178590171043	0.149850499198	0.150012495855	0.158737062927	0.168252383477	0.178655253843	0.164178569251	0.0263538349033	0.0	0.159137765755	0.155767849544	0.139472605976	0.157607780248	0.159124504497	0.135256487136	0.151351406506	0.158278438035	0.138092022922	0.140258210977	0.142155354039	0.162558438247	0.145388545564	0.147468488638	0.141109281707	0.150761459371	0.149995772535	0.151543558829	0.149691343893	0.146992974602	0.144997366767	0.161528313086	0.144257279016	0.151352991591	0.150395280641	0.156651023693	0.16295279273	0.14382247601	0.071592537881	0.140365946802	0.14340200731
160582958-supragingivalplaque1.freeze11.snv.filtered.bam	0.146622091578	0.1543328594	0.142412952155	0.170409934019	0.171644168799	0.155294206642	0.143622147371	0.142664622557	0.145410784508	0.14906112812	0.149017080428	0.14299866206	0.139814584976	0.171766196931	0.172795497747	0.14440703512	0.144131071346	0.150352430241	0.161988691736	0.173549788389	0.164299630034	0.156613208796	0.159137765755	0.0	0.113855867992	0.145744136962	0.154069293174	0.156122630993	0.139060382755	0.152528952803	0.149731030031	0.133325065993	0.142234912289	0.142794150619	0.165023078073	0.131092446727	0.140039728249	0.139630291634	0.147631122081	0.146688798054	0.152776724113	0.149753314641	0.143380030053	0.138093883066	0.156955682457	0.113507063902	0.148725187976	0.14605502744	0.153048825735	0.164658257309	0.144515165332	0.152375256422	0.136488160414	0.142311945039
160582958-supragingivalplaque2.freeze11.snv.filtered.bam	0.141330559851	0.151647733041	0.140593567832	0.164350218548	0.16557230262	0.151272353016	0.141296275827	0.139860887216	0.143168003288	0.147618513047	0.146907663911	0.140610059515	0.138672364472	0.165997809723	0.167349040579	0.1434308443	0.143351734734	0.146319425989	0.156162084279	0.168821098391	0.157173363355	0.153189722416	0.155767849544	0.113855867992	0.0	0.142670463703	0.149525554732	0.151389100194	0.136612315285	0.146069118704	0.149469074537	0.131578891103	0.141740093252	0.140878612155	0.157732563047	0.102095847321	0.138135503827	0.136710259345	0.145260535482	0.143846626831	0.146143025165	0.145047893744	0.137793920732	0.129286539805	0.151929093541	0.130898198217	0.143222047257	0.140452189252	0.144075000433	0.157942351556	0.141260639948	0.148450881088	0.135125379767	0.139378283607
246515023-supragingivalplaque2.freeze11.snv.filtered.bam	0.13902110167	0.139705719799	0.128151367876	0.15931216923	0.160606790787	0.0589453793823	0.130910515931	0.127743668128	0.126658221356	0.137768515981	0.136156118397	0.125728560473	0.121757618217	0.164340165721	0.16526020488	0.125079599122	0.125662485498	0.141141708067	0.15495395145	0.168202424217	0.155048135226	0.136204169699	0.139472605976	0.145744136962	0.142670463703	0.0	0.14774767885	0.149487717967	0.125819766523	0.144510856835	0.142293949175	0.110851869476	0.125377438939	0.12497264995	0.153473961743	0.124505145259	0.128032888019	0.123921434518	0.129143428724	0.127762787818	0.138695214758	0.132890496446	0.131477171709	0.12905508614	0.14671969617	0.122030536967	0.13477072383	0.134505350859	0.145901521614	0.153847612516	0.129405340662	0.132036604457	0.119071422733	0.128178218353
370425937-supragingivalplaque1.freeze11.snv.filtered.bam	0.142004610956	0.152364396268	0.142669671721	0.166730904837	0.167905964698	0.15434481103	0.147203917537	0.142931755391	0.149246535313	0.153106990624	0.150852274173	0.146192195891	0.142983242679	0.171446629694	0.173494373152	0.148940322136	0.149257666686	0.152600269104	0.155265737444	0.171467880649	0.156031062089	0.155257784098	0.157607780248	0.154069293174	0.149525554732	0.14774767885	0.0	0.000965736520908	0.109841590936	0.142314893685	0.155199543571	0.137632729879	0.142057259819	0.142032826734	0.15314122681	0.145267121944	0.145676251137	0.138905903872	0.149636833669	0.147830323922	0.146665507757	0.146799119961	0.143200430372	0.144218464895	0.155291658291	0.141281554874	0.146185840217	0.147573766014	0.150102694994	0.15419351944	0.142372333106	0.149655330794	0.140212205109	0.14156317626
370425937-supragingivalplaque2.freeze11.snv.filtered.bam	0.143222542238	0.153451501797	0.14442455283	0.168338875719	0.169438843319	0.155972941693	0.148648691222	0.144832944454	0.150851526515	0.154476795607	0.152864797999	0.147885628827	0.144517307674	0.172475294834	0.174412172357	0.150573473212	0.150861055018	0.154442926638	0.157514725413	0.172822036089	0.157417288943	0.156742758497	0.159124504497	0.156122630993	0.151389100194	0.149487717967	0.000965736520908	0.0	0.112080326836	0.143842568152	0.157182038781	0.139509757501	0.143764288911	0.143860073859	0.154885137242	0.146960042233	0.147421816302	0.140800041673	0.151539203026	0.149724734834	0.147911466656	0.148406072455	0.145233639625	0.145896820597	0.157228983823	0.142979196434	0.147865037089	0.149418808063	0.152215075849	0.155906412234	0.144302605607	0.15122939231	0.142111770266	0.143379692005
404239096-supragingivalplaque2.freeze11.snv.filtered.bam	0.133397733894	0.128831476533	0.119816417532	0.158951624716	0.160211698362	0.13911768937	0.123369233184	0.1232173063	0.124076648354	0.133370701093	0.131876264763	0.114498191884	0.113310691848	0.16100488191	0.16261270847	0.12118427439	0.122190997909	0.137338188636	0.149960183584	0.163259906877	0.148506692483	0.140782342888	0.135256487136	0.139060382755	0.136612315285	0.125819766523	0.109841590936	0.112080326836	0.0	0.134875641014	0.137690230876	0.105970012655	0.11773048474	0.117470550034	0.147787224943	0.119349923657	0.123380024388	0.116221554924	0.127334160638	0.126864125047	0.132161351736	0.125479429516	0.118917648508	0.120941119469	0.144309415276	0.114997910703	0.132670955776	0.130241390792	0.14138654063	0.147847685287	0.122065823613	0.136953679768	0.113561295706	0.119653878669
550534656-supragingivalplaque3.freeze11.snv.filtered.bam	0.138245683971	0.147542290144	0.138181219804	0.162726880677	0.16401041943	0.152346039246	0.143538756609	0.137682050258	0.145014353908	0.148481835196	0.14528373964	0.141123776075	0.136998850211	0.167814984331	0.16899817357	0.143745100357	0.14353962615	0.151126017981	0.157137464934	0.17029767387	0.153075622613	0.149017671093	0.151351406506	0.152528952803	0.146069118704	0.144510856835	0.142314893685	0.143842568152	0.134875641014	0.0	0.152441298011	0.128245959196	0.137755738771	0.137830255511	0.150483776084	0.139910947327	0.141390026669	0.134136195641	0.145203747043	0.1434971494	0.143898081019	0.142144358948	0.140278751771	0.138533817353	0.153667181492	0.137039710946	0.140343755599	0.143644987688	0.14693561773	0.150392786863	0.136320939824	0.143028002111	0.134957719997	0.135628559158
604812005-supragingivalplaque3.freeze11.snv.filtered.bam	0.144723817835	0.150182118104	0.139835908438	0.169018409596	0.1702565497	0.153813143023	0.142869342106	0.13941042507	0.141622260388	0.148842976484	0.147705479638	0.140117970923	0.136599151217	0.174087492104	0.175038154476	0.140840527598	0.141261548359	0.151694867417	0.163251755801	0.175729990428	0.162516386377	0.155681900033	0.158278438035	0.149731030031	0.149469074537	0.142293949175	0.155199543571	0.157182038781	0.137690230876	0.152441298011	0.0	0.128410746998	0.13827557278	0.1386302834	0.161130089379	0.136866458474	0.139617172544	0.136948388282	0.135260053168	0.136476819018	0.149170986063	0.145203807944	0.140762962644	0.140450225803	0.157182824283	0.13546726179	0.145722594256	0.142462721872	0.150955876367	0.160851972939	0.140851903204	0.152483084247	0.134056656396	0.138887256016
675950834-supragingivalplaque3.freeze11.snv.filtered.bam	0.128357649526	0.123075208503	0.107748001647	0.153208607952	0.15449194736	0.130187433443	0.111829680338	0.111377182639	0.0960481264208	0.114987826917	0.122008060388	0.0995928685887	0.0970100623799	0.155520516397	0.156554642534	0.0989056534085	0.100952745555	0.12847702086	0.146114238051	0.159440598229	0.144970172336	0.134497305765	0.138092022922	0.133325065993	0.131578891103	0.110851869476	0.137632729879	0.139509757501	0.105970012655	0.128245959196	0.128410746998	0.0	0.104675032323	0.102779116389	0.144120479414	0.103231522481	0.109552697672	0.10390173304	0.115961752455	0.116054178608	0.125809469396	0.115481689572	0.113277677648	0.10971546701	0.137994142065	0.100407484548	0.123149489856	0.119691899736	0.135049959046	0.144639088551	0.112208243321	0.130433393879	0.0966637982489	0.109287518808
706846339-supragingivalplaque1.freeze11.snv.filtered.bam	0.134787650989	0.124404986556	0.115052932432	0.159384343016	0.160570199036	0.142024646383	0.120285979742	0.11947677741	0.122802504465	0.133253917222	0.12936212924	0.112478565907	0.105875544401	0.164729127258	0.165520771407	0.117497877518	0.118804102785	0.139120501867	0.155467070452	0.167947954409	0.150406819775	0.136525989883	0.140258210977	0.142234912289	0.141740093252	0.125377438939	0.142057259819	0.143764288911	0.11773048474	0.137755738771	0.13827557278	0.104675032323	0.0	0.053494526891	0.14874947215	0.116046630557	0.121387081542	0.111788156756	0.127717517268	0.127946100571	0.133425786643	0.123549598621	0.128360023353	0.119763326413	0.146397687351	0.109593253897	0.127669642443	0.130287913294	0.144146216748	0.148912767785	0.118358586978	0.13201005806	0.110132328246	0.114854886513
706846339-supragingivalplaque2.freeze11.snv.filtered.bam	0.134631777005	0.124450379313	0.11503780147	0.15714696198	0.158324621536	0.141081557289	0.12053223449	0.118968922366	0.122655439862	0.133240568088	0.129364223049	0.111407162767	0.105562199608	0.164304279953	0.165184843548	0.116751938314	0.117994294926	0.138697270335	0.154789020561	0.167900817205	0.15042308657	0.138260378518	0.142155354039	0.142794150619	0.140878612155	0.12497264995	0.142032826734	0.143860073859	0.117470550034	0.137830255511	0.1386302834	0.102779116389	0.053494526891	0.0	0.124214045937	0.115513647389	0.120994315196	0.102231208293	0.126961027922	0.127002161936	0.12882326033	0.107927647892	0.127358068207	0.119737001045	0.146259786143	0.105216941534	0.120100847704	0.129412255901	0.143323826409	0.129425544279	0.118541406107	0.133841327777	0.109484614574	0.114716454398
737052003-supragingivalplaque1.freeze11.snv.filtered.bam	0.148938927716	0.154915504104	0.15002755408	0.171806541308	0.173229537269	0.160563874905	0.153235076682	0.149747938456	0.155567349601	0.161000865424	0.157388876876	0.150736966527	0.147432764981	0.178287171925	0.179769474398	0.153751064347	0.153612815346	0.161112022165	0.165098837244	0.177962322696	0.16071585941	0.160851133083	0.162558438247	0.165023078073	0.157732563047	0.153473961743	0.15314122681	0.154885137242	0.147787224943	0.150483776084	0.161130089379	0.144120479414	0.14874947215	0.124214045937	0.0	0.152889988728	0.153214586794	0.120708575923	0.156133893402	0.154181664628	0.142211901279	0.0839558819285	0.149540809885	0.150767449679	0.163930124559	0.148828950801	0.150204743701	0.154253470591	0.156531914683	0.0366430532663	0.148779252338	0.1561466087	0.146289185045	0.145196992674
763496533-supragingivalplaque1.freeze11.snv.filtered.bam	0.130380284805	0.132388796011	0.11663470205	0.161200554323	0.162420012614	0.139433761279	0.120406845801	0.121111786536	0.106961186552	0.103715994447	0.130233341825	0.111391833304	0.103760672253	0.159925216811	0.160950203426	0.11778367793	0.118497124612	0.134592924659	0.152383108952	0.164437752188	0.152034963442	0.141466137701	0.145388545564	0.131092446727	0.102095847321	0.124505145259	0.145267121944	0.146960042233	0.119349923657	0.139910947327	0.136866458474	0.103231522481	0.116046630557	0.115513647389	0.152889988728	0.0	0.069996331755	0.114126737829	0.126604525284	0.126585774335	0.13098990683	0.124057530142	0.120960497582	0.113893026416	0.143562337479	0.111934608307	0.134546483222	0.128925016265	0.141928580556	0.153108652738	0.123562714172	0.138051790815	0.110199409653	0.119205529824
763496533-supragingivalplaque2.freeze11.snv.filtered.bam	0.128507271461	0.135576907674	0.122513103022	0.160534464321	0.161898448757	0.141163947683	0.12441981204	0.1239175872	0.1061447361	0.0941511912145	0.133792814681	0.11712208194	0.110212287556	0.161938632387	0.162907615723	0.122599565756	0.123039527604	0.138882317187	0.153693269768	0.165014006585	0.153094562991	0.143962050963	0.147468488638	0.140039728249	0.138135503827	0.128032888019	0.145676251137	0.147421816302	0.123380024388	0.141390026669	0.139617172544	0.109552697672	0.121387081542	0.120994315196	0.153214586794	0.069996331755	0.0	0.119165549127	0.128805130977	0.128379900843	0.136532011675	0.129968952304	0.120444195442	0.122159125297	0.145859428641	0.116652224159	0.135669511932	0.132906551874	0.14415229968	0.153848300566	0.127178622288	0.14035885884	0.114871699411	0.123633681187
763840445-supragingivalplaque2.freeze11.snv.filtered.bam	0.131815315403	0.126913735835	0.10703731592	0.158010194168	0.159259281414	0.13896141325	0.120797452357	0.117600912289	0.122564746303	0.132528503207	0.114165069581	0.111107851743	0.096867240062	0.160356088991	0.161139999707	0.116340375062	0.117138842223	0.13505279613	0.149750736733	0.164155661559	0.148880663296	0.137565351902	0.141109281707	0.139630291634	0.136710259345	0.123921434518	0.138905903872	0.140800041673	0.116221554924	0.134136195641	0.136948388282	0.10390173304	0.111788156756	0.102231208293	0.120708575923	0.114126737829	0.119165549127	0.0	0.125458370772	0.125396695098	0.125085422092	0.10312262876	0.124638284893	0.11753768593	0.141637112253	0.112690471306	0.131949225851	0.127600504053	0.139981279373	0.115602906985	0.118755651334	0.132480101162	0.1091791366	0.114780850013
763901136-supragingivalplaque2.freeze11.snv.filtered.bam	0.140807562314	0.14152889106	0.128948802387	0.163800008127	0.165185930007	0.14188572331	0.133141519281	0.130371612509	0.131425640818	0.139945156475	0.138614875828	0.125938081292	0.122793536217	0.166606589523	0.167480245746	0.12832664454	0.128806037793	0.14409909551	0.157653597674	0.168785453325	0.156154082623	0.148025853059	0.150761459371	0.147631122081	0.145260535482	0.129143428724	0.149636833669	0.151539203026	0.127334160638	0.145203747043	0.135260053168	0.115961752455	0.127717517268	0.126961027922	0.156133893402	0.126604525284	0.128805130977	0.125458370772	0.0	0.0230047006536	0.139705680761	0.134628203594	0.134275596895	0.12773465756	0.149881650103	0.123813656176	0.138883729172	0.131568341902	0.141752092362	0.155970089601	0.118255171452	0.143716846329	0.122260922329	0.130788737739
763901136-supragingivalplaque3.freeze11.snv.filtered.bam	0.139092657105	0.141172987061	0.129338831997	0.161859361131	0.163253943093	0.140607712971	0.133201467312	0.129684530202	0.13170477089	0.139596700167	0.138038697044	0.126815923198	0.123504147437	0.16482190609	0.165843894381	0.129064693491	0.12933684827	0.143219347208	0.156055361627	0.166658386807	0.154233723421	0.147328189951	0.149995772535	0.146688798054	0.143846626831	0.127762787818	0.147830323922	0.149724734834	0.126864125047	0.1434971494	0.136476819018	0.116054178608	0.127946100571	0.127002161936	0.154181664628	0.126585774335	0.128379900843	0.125396695098	0.0230047006536	0.0	0.138531031424	0.134162975956	0.133088423903	0.127408239994	0.148946669349	0.123398750193	0.136653718327	0.129957815036	0.139347539247	0.154173982115	0.119051177469	0.143034751028	0.122386582571	0.130587129837
763961826-supragingivalplaque1.freeze11.snv.filtered.bam	0.141424482448	0.140974920036	0.133471146644	0.16485394286	0.166059381001	0.150556159658	0.137115628888	0.134357410094	0.14105901394	0.147141294595	0.143180611029	0.13325077421	0.128609337168	0.168119378878	0.169881490932	0.136446814787	0.136458287965	0.146388313558	0.155933974031	0.171485057063	0.155284422616	0.148936696301	0.151543558829	0.152776724113	0.146143025165	0.138695214758	0.146665507757	0.147911466656	0.132161351736	0.143898081019	0.149170986063	0.125809469396	0.133425786643	0.12882326033	0.142211901279	0.13098990683	0.136532011675	0.125085422092	0.139705680761	0.138531031424	0.0	0.0728635056776	0.138327722431	0.134452723274	0.150408427089	0.13197158193	0.141862537814	0.133104787626	0.138111032295	0.143448974524	0.134002384819	0.145329321569	0.129215693242	0.132724297005
763961826-supragingivalplaque2.freeze11.snv.filtered.bam	0.138841026874	0.134265577555	0.125025895558	0.164426134567	0.165763913628	0.146489669705	0.129129360024	0.128240034942	0.133002560116	0.142272186987	0.138629666835	0.121905787112	0.117765442953	0.168026258653	0.169416496012	0.126641920995	0.127354905571	0.143403491113	0.155933067991	0.170801564875	0.154835513927	0.146526820582	0.149691343893	0.149753314641	0.145047893744	0.132890496446	0.146799119961	0.148406072455	0.125479429516	0.142144358948	0.145203807944	0.115481689572	0.123549598621	0.107927647892	0.0839558819285	0.124057530142	0.129968952304	0.10312262876	0.134628203594	0.134162975956	0.0728635056776	0.0	0.133728898432	0.127402837837	0.149231715188	0.123716083416	0.138486985637	0.129128774569	0.137486324359	0.0897517711843	0.128360216142	0.142522551725	0.120714257924	0.124519928703
764143897-supragingivalplaque2.freeze11.snv.filtered.bam	0.13573946023	0.141423920698	0.128261272654	0.159160742178	0.160549239518	0.142861604522	0.126767017799	0.128003597443	0.128836839517	0.137941288538	0.136708174769	0.10338566597	0.122603659068	0.161674070816	0.162977061245	0.130172798426	0.130410112325	0.14132245695	0.152625616203	0.16474914236	0.150264695385	0.145106816076	0.146992974602	0.143380030053	0.137793920732	0.131477171709	0.143200430372	0.145233639625	0.118917648508	0.140278751771	0.140762962644	0.113277677648	0.128360023353	0.127358068207	0.149540809885	0.120960497582	0.120444195442	0.124638284893	0.134275596895	0.133088423903	0.138327722431	0.133728898432	0.0	0.127590636817	0.146193672394	0.123090917741	0.133681981456	0.131591468525	0.139970020994	0.150876298435	0.128109802818	0.141387045934	0.120615808337	0.127845007744
