	158883629-tonguedorsum1.freeze11.snv.filtered.bam	158883629-tonguedorsum3.freeze11.snv.filtered.bam	159227541-tonguedorsum3.freeze11.snv.filtered.bam	159551223-tonguedorsum2.freeze11.snv.filtered.bam	160380657-tonguedorsum1.freeze11.snv.filtered.bam	160502038-tonguedorsum3.freeze11.snv.filtered.bam	160582958-tonguedorsum2.freeze11.snv.filtered.bam	246515023-tonguedorsum1.freeze11.snv.filtered.bam	508703490-tonguedorsum1.freeze11.snv.filtered.bam	508703490-tonguedorsum2.freeze11.snv.filtered.bam	550534656-tonguedorsum2.freeze11.snv.filtered.bam	550534656-tonguedorsum3.freeze11.snv.filtered.bam	638754422-tonguedorsum1.freeze11.snv.filtered.bam	638754422-tonguedorsum2.freeze11.snv.filtered.bam	638754422-tonguedorsum3.freeze11.snv.filtered.bam	663835652-tonguedorsum2.freeze11.snv.filtered.bam	663835652-tonguedorsum3.freeze11.snv.filtered.bam	675950834-tonguedorsum1.freeze11.snv.filtered.bam	675950834-tonguedorsum2.freeze11.snv.filtered.bam	737052003-tonguedorsum1.freeze11.snv.filtered.bam	737052003-tonguedorsum2.freeze11.snv.filtered.bam	763536994-tonguedorsum2.freeze11.snv.filtered.bam	763577454-tonguedorsum1.freeze11.snv.filtered.bam	763577454-tonguedorsum2.freeze11.snv.filtered.bam	763901136-tonguedorsum1.freeze11.snv.filtered.bam	763901136-tonguedorsum2.freeze11.snv.filtered.bam	763901136-tonguedorsum3.freeze11.snv.filtered.bam	763961826-throat1.freeze11.snv.filtered.bam	763961826-tonguedorsum1.freeze11.snv.filtered.bam	763982056-tonguedorsum3.freeze11.snv.filtered.bam	764143897-tonguedorsum1.freeze11.snv.filtered.bam	764143897-tonguedorsum2.freeze11.snv.filtered.bam	764285508-tonguedorsum2.freeze11.snv.filtered.bam	764305738-tonguedorsum1.freeze11.snv.filtered.bam	764325968-tonguedorsum1.freeze11.snv.filtered.bam	764325968-tonguedorsum2.freeze11.snv.filtered.bam	764366428-tonguedorsum2.freeze11.snv.filtered.bam	764811490-tonguedorsum1.freeze11.snv.filtered.bam	764811490-tonguedorsum2.freeze11.snv.filtered.bam	765013792-tonguedorsum1.freeze11.snv.filtered.bam	765013792-tonguedorsum2.freeze11.snv.filtered.bam	765013792-tonguedorsum3.freeze11.snv.filtered.bam	765074482-tonguedorsum3.freeze11.snv.filtered.bam	765094712-tonguedorsum1.freeze11.snv.filtered.bam	765094712-tonguedorsum2.freeze11.snv.filtered.bam	765135172-tonguedorsum1.freeze11.snv.filtered.bam	823052294-tonguedorsum3.freeze11.snv.filtered.bam	857980665-tonguedorsum2.freeze11.snv.filtered.bam	857980665-tonguedorsum3.freeze11.snv.filtered.bam	861967750-tonguedorsum1.freeze11.snv.filtered.bam
158883629-tonguedorsum1.freeze11.snv.filtered.bam	0.0	0.0142034334284	0.0967212809186	0.105015936923	0.0975414266808	0.102630058342	0.10747637421	0.0767954668307	0.127569945386	0.124158884602	0.0909989002591	0.0796846166751	0.0848664467185	0.0750433372477	0.0613245354061	0.129974463643	0.116908050476	0.0881843091204	0.0761617178326	0.147029767563	0.134969896923	0.110980633376	0.0742977501911	0.0709239687599	0.105015936923	0.117690916886	0.150794982199	0.112490447166	0.102555499637	0.0834498313109	0.140710917258	0.175623031184	0.139033346381	0.118156908796	0.0879233536506	0.0816231430222	0.112229491696	0.114056179985	0.151671046991	0.128762884676	0.163674998602	0.108948908647	0.116255661802	0.15370277172	0.171112229492	0.138343678354	0.0864135398609	0.0966280825365	0.0898059609685	0.104102592779
158883629-tonguedorsum3.freeze11.snv.filtered.bam	0.0142034334284	0.0	0.0589013774721	0.05979608194	0.0632630617532	0.0746332643665	0.0581371507391	0.0405599358795	0.0794609405581	0.0740554343977	0.0446047456616	0.0408022516729	0.0438405189286	0.0350239519842	0.0263005834219	0.0873828030345	0.0844190944845	0.0435609237824	0.036272810304	0.0772800984175	0.0656862196872	0.074968778542	0.0319670450521	0.0299166806464	0.0447538630729	0.0594978471174	0.08771831721	0.0656489403344	0.0568696527428	0.0372420734776	0.0747823817779	0.108035564503	0.0692091185297	0.0639154504278	0.0403548994389	0.0375403083002	0.0712967622882	0.0584540252381	0.08969412291	0.0805606814666	0.106059758803	0.0618650860221	0.046822867155	0.0842513373968	0.0959197748327	0.072545620608	0.0368879196257	0.0537009077522	0.0486122760909	0.0543719361032
159227541-tonguedorsum3.freeze11.snv.filtered.bam	0.0967212809186	0.0589013774721	0.0	0.0721914667561	0.0698615072042	0.0786221551194	0.0742231914854	0.0226844861973	0.0764413129788	0.0864508192138	0.0533281142239	0.0453503327182	0.0399448265578	0.0252567615426	0.0238028667822	0.0743536692203	0.0829279203713	0.0529553206956	0.0452757740126	0.102667337695	0.0951182687469	0.0799269324685	0.0265056198624	0.0283509478275	0.068817685325	0.0819586571977	0.106917183918	0.0717068351693	0.0630580253127	0.0383790937389	0.0969822363884	0.126880277358	0.0981006169733	0.0802810863203	0.0490037092956	0.0475311748588	0.0728438554307	0.0754720498052	0.110626479524	0.0848291673657	0.115491435069	0.0703088594382	0.0774292158288	0.108892989618	0.121232455405	0.0938880501035	0.050010251822	0.0628716285485	0.0565154988909	0.070122462674
159551223-tonguedorsum2.freeze11.snv.filtered.bam	0.105015936923	0.05979608194	0.0721914667561	0.0	0.0730302521948	0.0902905925553	0.0667114018901	0.0548752073664	0.0888926168242	0.0800201308505	0.0520233368749	0.0511845514362	0.0545583328673	0.0453316930418	0.0387705269437	0.101157523905	0.0991817182054	0.0493392234711	0.0462263975097	0.0902346735261	0.0688363250014	0.0872896046525	0.0406158549088	0.0374657495946	0.0575779604466	0.0755652481873	0.0982497343846	0.0770564223005	0.0690972804712	0.0498238550579	0.0814926652873	0.110160487614	0.0805047624373	0.0704579768495	0.0499356931164	0.0454808104531	0.0782493615911	0.0631325840183	0.0964789651252	0.0863762605081	0.103282447017	0.0663572480382	0.0585658632966	0.0985479692073	0.109843613115	0.0816045033458	0.048481798356	0.0671028350948	0.0638036123693	0.0653879848646
160380657-tonguedorsum1.freeze11.snv.filtered.bam	0.0975414266808	0.0632630617532	0.0698615072042	0.0730302521948	0.0	0.0878487949449	0.076180357509	0.0545583328673	0.0771309810062	0.0685567298552	0.0592741710004	0.0523402113739	0.054185539339	0.0482767619154	0.0402430613805	0.0926019124308	0.0939439691327	0.0508863166135	0.045294413689	0.101437119052	0.0863576208317	0.0823687300788	0.0467669481258	0.0442319521333	0.0651456690712	0.0744095882495	0.0943540420138	0.0727506570486	0.0651456690712	0.0529180413428	0.0952114671289	0.122947305635	0.0898246006449	0.0696005517344	0.0545210535145	0.0506440008201	0.0784730377081	0.0663386083618	0.101959029991	0.088482543943	0.110663758877	0.0710917258476	0.0668232399486	0.109172584764	0.121400212492	0.0904397099666	0.0501593692334	0.066841879625	0.0625174746966	0.0724337825495
160502038-tonguedorsum3.freeze11.snv.filtered.bam	0.102630058342	0.0746332643665	0.0786221551194	0.0902905925553	0.0878487949449	0.0	0.0945777181308	0.0585285839438	0.11194989655	0.111483904639	0.0646796771608	0.0591996122947	0.0613804544353	0.0571678875655	0.0418460735522	0.110496001789	0.0961993699789	0.0615109321702	0.0537009077522	0.127197151857	0.113739305486	0.0968144793006	0.05979608194	0.0553411992768	0.0915394508751	0.106973102947	0.139051986058	0.0946522768365	0.0866558556543	0.0675315476523	0.105966560421	0.137542172268	0.123767451397	0.103468843781	0.0647728755429	0.0649406326306	0.0923782363138	0.101362560346	0.135212212716	0.106618949095	0.124606236836	0.0877742362393	0.101399839699	0.139219743145	0.155753136126	0.120244552555	0.0674756286231	0.0783052806203	0.0743350295439	0.079591418293
160582958-tonguedorsum2.freeze11.snv.filtered.bam	0.10747637421	0.0581371507391	0.0742231914854	0.0667114018901	0.076180357509	0.0945777181308	0.0	0.0596469645287	0.0851833212175	0.0787712725307	0.0513336688475	0.0503084866447	0.0583794665325	0.0490596283249	0.0415105593767	0.103114689929	0.104978657571	0.0520978955805	0.046822867155	0.0797405357043	0.0653879848646	0.0893586087346	0.0468601465079	0.0438777982814	0.0532349158419	0.0741672724562	0.0998341068799	0.0758634830099	0.0691718391769	0.0470092639192	0.0770750619769	0.111316147552	0.072321944491	0.0685008108259	0.0515759846409	0.0506999198494	0.0816231430222	0.0655743816287	0.0978583011799	0.0898059609685	0.110980633376	0.0695073533523	0.054409215456	0.0857611511864	0.0936830136629	0.0821636936383	0.0496374582937	0.0661894909504	0.0609331022013	0.0634494585174
246515023-tonguedorsum1.freeze11.snv.filtered.bam	0.0767954668307	0.0405599358795	0.0226844861973	0.0548752073664	0.0545583328673	0.0585285839438	0.0596469645287	0.0	0.0691531995005	0.0720796286976	0.0317806482879	0.0268970530672	0.0234487129303	0.011985311935	0.00900296370855	0.0672519525061	0.0676433857108	0.0268224943615	0.0190124699435	0.0861339447147	0.0742604708382	0.0642882439561	0.0151354172492	0.0151540569256	0.0518183004343	0.0621446811683	0.0950996290704	0.0520606162277	0.0436727618409	0.0221998546105	0.070569814908	0.108948908647	0.0811944304647	0.0623124382561	0.0280527130049	0.0192547857369	0.0507371992022	0.0593860090589	0.0935338962516	0.0671028350948	0.0846800499543	0.0431508509012	0.059031855207	0.091353054111	0.105724244627	0.0720423493448	0.0274189640068	0.0378199034465	0.0334768588417	0.043635482488
508703490-tonguedorsum1.freeze11.snv.filtered.bam	0.127569945386	0.0794609405581	0.0764413129788	0.0888926168242	0.0771309810062	0.11194989655	0.0851833212175	0.0691531995005	0.0	0.00423120654625	0.0745027866316	0.0691159201476	0.0703274991146	0.0584353855617	0.0540737012805	0.107159499711	0.109470819587	0.0662454099797	0.0605975880259	0.118492422972	0.106600309419	0.103580681839	0.0537009077522	0.0480717254748	0.0776342522694	0.0873641633581	0.114354414807	0.0934593375459	0.0844190944845	0.061455013141	0.114839046394	0.149807079349	0.107159499711	0.0879606330034	0.0652575071297	0.0633189807825	0.100169621055	0.0745959850137	0.107867807415	0.110924714347	0.139368860557	0.0951928274525	0.0856493131279	0.126339726742	0.140953233052	0.11465264963	0.0624801953438	0.0851646815411	0.0783611996496	0.0863576208317
508703490-tonguedorsum2.freeze11.snv.filtered.bam	0.124158884602	0.0740554343977	0.0864508192138	0.0800201308505	0.0685567298552	0.111483904639	0.0787712725307	0.0720796286976	0.00423120654625	0.0	0.070569814908	0.067158754124	0.0715204384052	0.059031855207	0.0552293612183	0.107662770974	0.113012358105	0.0587336203844	0.0570374098306	0.107606851945	0.0898246006449	0.10253685996	0.0552293612183	0.0518369401107	0.0675129079759	0.0783984790024	0.0978769408563	0.0897500419393	0.0811385114354	0.0616973289344	0.101232082611	0.130533653936	0.0908684225242	0.0747823817779	0.0631139443419	0.058043952357	0.0947454752186	0.0544651344853	0.0917444873157	0.102835094783	0.126190609331	0.0833007138996	0.0661894909504	0.114950884453	0.124084325896	0.101530317434	0.0582303491211	0.0832447948704	0.0790695073534	0.0822196126675
550534656-tonguedorsum2.freeze11.snv.filtered.bam	0.0909989002591	0.0446047456616	0.0533281142239	0.0520233368749	0.0592741710004	0.0646796771608	0.0513336688475	0.0317806482879	0.0745027866316	0.070569814908	0.0	0.00193852634718	0.0294879680889	0.0227404052266	0.0161792391284	0.0869727301534	0.0800014911741	0.0219575388171	0.0168129881265	0.0765345113609	0.0601875151447	0.0708121307014	0.0249771663964	0.0224794497568	0.0463941545975	0.0601315961155	0.0885757423251	0.0554903166881	0.046729668773	0.0283136684747	0.0396465917352	0.0625733937259	0.0696005517344	0.055620794423	0.0241756603105	0.0284814255625	0.0598333612928	0.0523588510503	0.0874200823874	0.0625733937259	0.0625361143731	0.0379131018286	0.0438964379578	0.0812130701411	0.092788309195	0.0663572480382	0.0220507371992	0.0370743163899	0.0319670450521	0.0270275308021
550534656-tonguedorsum3.freeze11.snv.filtered.bam	0.0796846166751	0.0408022516729	0.0453503327182	0.0511845514362	0.0523402113739	0.0591996122947	0.0503084866447	0.0268970530672	0.0691159201476	0.067158754124	0.00193852634718	0.0	0.025499077336	0.02100691532	0.0125631419039	0.0770937016533	0.0682957743854	0.0249212473671	0.0176144942124	0.0795727786166	0.0642696042797	0.0608585434957	0.0202426885869	0.0182109638577	0.0472329400362	0.0568510130664	0.0875132807694	0.0510727133777	0.0434863650767	0.0247721299558	0.0516319036702	0.0829092806949	0.0726201793137	0.0541668996626	0.0232063971369	0.0244925348096	0.0514827862588	0.0539245838692	0.0863949001845	0.0628716285485	0.0773360174467	0.0414546403474	0.0480717254748	0.0849410054241	0.0984174914723	0.0689854424127	0.0223862513747	0.035955935805	0.0299725996757	0.0322839195512
638754422-tonguedorsum1.freeze11.snv.filtered.bam	0.0848664467185	0.0438405189286	0.0399448265578	0.0545583328673	0.054185539339	0.0613804544353	0.0583794665325	0.0234487129303	0.0703274991146	0.0715204384052	0.0294879680889	0.025499077336	0.0	0.00822009729911	0.000521910939626	0.0761989971854	0.0710917258476	0.0248094093087	0.0158810043058	0.0813808272288	0.0666741225372	0.0551920818655	0.017148502302	0.0161046804227	0.0463195958918	0.0545769725438	0.0882215884732	0.050010251822	0.0412868832597	0.02397062387	0.0659098958042	0.103673880221	0.0743723088967	0.05189285914	0.02199481817	0.0247907696322	0.0562172640683	0.0559190292457	0.0908125034949	0.0626106730787	0.0866372159779	0.0449775391899	0.0509795149956	0.0905701877015	0.105892001715	0.0696751104401	0.0230572797256	0.0372793528304	0.0314824134653	0.0386773285616
638754422-tonguedorsum2.freeze11.snv.filtered.bam	0.0750433372477	0.0350239519842	0.0252567615426	0.0453316930418	0.0482767619154	0.0571678875655	0.0490596283249	0.011985311935	0.0584353855617	0.059031855207	0.0227404052266	0.02100691532	0.00822009729911	0.0	0.00272139275662	0.0612686163768	0.0621074018155	0.0212119517605	0.0137001621652	0.0706816529665	0.0543905757796	0.057596600123	0.00920800014912	0.00965535238308	0.0378385431229	0.044623385338	0.073216648959	0.046822867155	0.0379876605342	0.0161233200992	0.0518742194636	0.0868422524185	0.0634494585174	0.0464500736267	0.0179313687114	0.0195343808831	0.0487427538258	0.0451452962777	0.0785475964137	0.058360826856	0.0726574586665	0.0381926969748	0.0422561464333	0.0772987380939	0.0903837909374	0.0565527782438	0.0184719193275	0.0329176685493	0.027381684654	0.030569069321
638754422-tonguedorsum3.freeze11.snv.filtered.bam	0.0613245354061	0.0263005834219	0.0238028667822	0.0387705269437	0.0402430613805	0.0418460735522	0.0415105593767	0.00900296370855	0.0540737012805	0.0552293612183	0.0161792391284	0.0125631419039	0.000521910939626	0.00272139275662	0.0	0.0551361628362	0.0504389643796	0.0136069637831	0.00559190292457	0.0683144140618	0.0517623814051	0.0432626889597	0.00626293127551	0.00574102033589	0.0331786240191	0.0388264459729	0.074204551809	0.0355645026002	0.0275680814181	0.0111838058491	0.0491155473541	0.0896568435572	0.0603366325561	0.0373725512125	0.0103077410576	0.0120971499935	0.0381926969748	0.0423866241682	0.0776342522694	0.0479039683871	0.0729556934892	0.0319856847285	0.0376148670059	0.0757889243043	0.0919308840799	0.0544464948089	0.0115565993774	0.0219388991407	0.017372178419	0.0239892635464
663835652-tonguedorsum2.freeze11.snv.filtered.bam	0.129974463643	0.0873828030345	0.0743536692203	0.101157523905	0.0926019124308	0.110496001789	0.103114689929	0.0672519525061	0.107159499711	0.107662770974	0.0869727301534	0.0770937016533	0.0761989971854	0.0612686163768	0.0551361628362	0.0	0.00460400007456	0.0759753210684	0.0684448917967	0.137691289679	0.123748811721	0.108296519972	0.0602807135268	0.0578761952693	0.096292568361	0.106264795243	0.137765848385	0.103562042163	0.0923036776082	0.0635799362523	0.12499767004	0.169844731495	0.125612779362	0.108762511883	0.0740181550448	0.0773360174467	0.105370090775	0.0996477101158	0.146619694682	0.122015321814	0.164271468247	0.103804357956	0.104941378218	0.154802512628	0.169434658614	0.130365896848	0.0738876773099	0.0928442282242	0.0868422524185	0.0979701392384
663835652-tonguedorsum3.freeze11.snv.filtered.bam	0.116908050476	0.0844190944845	0.0829279203713	0.0991817182054	0.0939439691327	0.0961993699789	0.104978657571	0.0676433857108	0.109470819587	0.113012358105	0.0800014911741	0.0682957743854	0.0710917258476	0.0621074018155	0.0504389643796	0.00460400007456	0.0	0.0762362765382	0.0637290536636	0.137970884825	0.126731159947	0.100337378143	0.0657607783929	0.0619582844042	0.0981565360025	0.107849167738	0.132621297694	0.0902533132025	0.0823500904024	0.0682398553561	0.130645491994	0.161046804227	0.12921023691	0.106712147477	0.070569814908	0.0727133776958	0.0971499934761	0.102425021902	0.136516990065	0.110067289232	0.149191970027	0.0946149974836	0.108277880296	0.14902421294	0.163712277955	0.126060131596	0.0727879364014	0.0846427706015	0.0791254263826	0.094857313277
675950834-tonguedorsum1.freeze11.snv.filtered.bam	0.0881843091204	0.0435609237824	0.0529553206956	0.0493392234711	0.0508863166135	0.0615109321702	0.0520978955805	0.0268224943615	0.0662454099797	0.0587336203844	0.0219575388171	0.0249212473671	0.0248094093087	0.0212119517605	0.0136069637831	0.0759753210684	0.0762362765382	0.0	0.00136069637831	0.0726574586665	0.0580253126806	0.0656862196872	0.0246602918973	0.0228522432851	0.0405040168503	0.0507931182315	0.0799642118213	0.0424052638446	0.0338123730172	0.0216593039945	0.0450148185428	0.0713713209939	0.0620142034334	0.0444183488975	0.0169807452143	0.0243806967511	0.0538873045164	0.041342802289	0.0772055397118	0.0449029804843	0.034744356838	0.0226472068445	0.0408768103786	0.0795541389401	0.0902719528789	0.0522283733154	0.0172417006841	0.0312773770247	0.02792223527	0.0274003243304
675950834-tonguedorsum2.freeze11.snv.filtered.bam	0.0761617178326	0.036272810304	0.0452757740126	0.0462263975097	0.045294413689	0.0537009077522	0.046822867155	0.0190124699435	0.0605975880259	0.0570374098306	0.0168129881265	0.0176144942124	0.0158810043058	0.0137001621652	0.00559190292457	0.0684448917967	0.0637290536636	0.00136069637831	0.0	0.0679975395627	0.0578948349457	0.0574847620645	0.0167757087737	0.0149303808086	0.0363660086861	0.0448843408078	0.0774105761524	0.0243993364275	0.017148502302	0.0112956439076	0.0464687133031	0.0795727786166	0.0594605677645	0.0416037577588	0.0104382187925	0.0164961136275	0.0457231262465	0.0403362597625	0.0770191429477	0.0436541221644	0.0463568752446	0.0217525023766	0.0373166321833	0.0775969729166	0.0911107383176	0.0441760331041	0.010773732968	0.0200190124699	0.0162910771869	0.0249771663964
737052003-tonguedorsum1.freeze11.snv.filtered.bam	0.147029767563	0.0772800984175	0.102667337695	0.0902346735261	0.101437119052	0.127197151857	0.0797405357043	0.0861339447147	0.118492422972	0.107606851945	0.0765345113609	0.0795727786166	0.0813808272288	0.0706816529665	0.0683144140618	0.137691289679	0.137970884825	0.0726574586665	0.0679975395627	0.0	0.0759007623628	0.116945329829	0.0672333128297	0.0653693451882	0.0632257824004	0.0933474994874	0.114932244776	0.10003914332	0.0914276128166	0.0679602602099	0.0909429812298	0.129769427203	0.0784730377081	0.0860966653619	0.0689108837071	0.0690972804712	0.110682398554	0.0885384629723	0.123767451397	0.110384163731	0.135044455628	0.0908125034949	0.0624988350202	0.0961993699789	0.10326380734	0.0920613618148	0.066170851274	0.0910361796119	0.0869727301534	0.0841767786911
737052003-tonguedorsum2.freeze11.snv.filtered.bam	0.134969896923	0.0656862196872	0.0951182687469	0.0688363250014	0.0863576208317	0.113739305486	0.0653879848646	0.0742604708382	0.106600309419	0.0898246006449	0.0601875151447	0.0642696042797	0.0666741225372	0.0543905757796	0.0517623814051	0.123748811721	0.126731159947	0.0580253126806	0.0578948349457	0.0759007623628	0.0	0.107961005797	0.0454808104531	0.044847061455	0.0517996607579	0.0777833696807	0.100318738467	0.093776212045	0.0850714831591	0.0610449402598	0.0758075639807	0.102257264814	0.0652015881004	0.0665250051259	0.0556953531287	0.0561427053626	0.099163078529	0.0737199202222	0.10945217991	0.0965348841544	0.110831515965	0.0766836287722	0.0390874014427	0.0812503494939	0.0881843091204	0.0816977017279	0.0533653935768	0.0791254263826	0.0753788514231	0.0674569889467
763536994-tonguedorsum2.freeze11.snv.filtered.bam	0.110980633376	0.074968778542	0.0799269324685	0.0872896046525	0.0823687300788	0.0968144793006	0.0893586087346	0.0642882439561	0.103580681839	0.10253685996	0.0708121307014	0.0608585434957	0.0551920818655	0.057596600123	0.0432626889597	0.108296519972	0.100337378143	0.0656862196872	0.0574847620645	0.116945329829	0.107961005797	0.0	0.0603366325561	0.0566832559787	0.0831702361647	0.0980074185912	0.122984584988	0.0835616693694	0.0770377826241	0.0622565192268	0.112099013961	0.141437864639	0.109042107029	0.092117280844	0.0627225111372	0.0655930213052	0.0897873212921	0.0902719528789	0.121959402785	0.0970195157412	0.130515014259	0.0846986896307	0.0882961471789	0.124289362337	0.140319484054	0.108184681914	0.0610263005834	0.075509329158	0.0712967622882	0.082555126843
763577454-tonguedorsum1.freeze11.snv.filtered.bam	0.0742977501911	0.0319670450521	0.0265056198624	0.0406158549088	0.0467669481258	0.05979608194	0.0468601465079	0.0151354172492	0.0537009077522	0.0552293612183	0.0249771663964	0.0202426885869	0.017148502302	0.00920800014912	0.00626293127551	0.0602807135268	0.0657607783929	0.0246602918973	0.0167757087737	0.0672333128297	0.0454808104531	0.0603366325561	0.0	0.000316874499059	0.0343342839568	0.0419765512871	0.0733284870175	0.0481276445041	0.0401498629984	0.0192734254133	0.0570187701542	0.0914462524931	0.0568510130664	0.0417901545229	0.0195343808831	0.0180991257992	0.050457604056	0.0452384946597	0.0792931834703	0.0602993532032	0.0834498313109	0.0448657011314	0.0251262838077	0.0708307703778	0.0844004548081	0.0601875151447	0.0204290853511	0.0345952394266	0.0293761300304	0.0358813770993
763577454-tonguedorsum2.freeze11.snv.filtered.bam	0.0709239687599	0.0299166806464	0.0283509478275	0.0374657495946	0.0442319521333	0.0553411992768	0.0438777982814	0.0151540569256	0.0480717254748	0.0518369401107	0.0224794497568	0.0182109638577	0.0161046804227	0.00965535238308	0.00574102033589	0.0578761952693	0.0619582844042	0.0228522432851	0.0149303808086	0.0653693451882	0.044847061455	0.0566832559787	0.000316874499059	0.0	0.0317620086115	0.0396093123823	0.0704952562024	0.0446047456616	0.0357136200116	0.0179872877407	0.0557512721579	0.0903837909374	0.0545210535145	0.0393110775597	0.0179500083879	0.0164215549218	0.0466923894201	0.0421629480512	0.0773173777703	0.0573170049768	0.0807843575836	0.0412682435833	0.0240079032228	0.0682771347089	0.0836175883987	0.0569255717721	0.0180804861228	0.0310909802606	0.02594642957	0.0324703163153
763901136-tonguedorsum1.freeze11.snv.filtered.bam	0.105015936923	0.0447538630729	0.068817685325	0.0575779604466	0.0651456690712	0.0915394508751	0.0532349158419	0.0518183004343	0.0776342522694	0.0675129079759	0.0463941545975	0.0472329400362	0.0463195958918	0.0378385431229	0.0331786240191	0.096292568361	0.0981565360025	0.0405040168503	0.0363660086861	0.0632257824004	0.0517996607579	0.0831702361647	0.0343342839568	0.0317620086115	0.0	0.0101399839699	0.039143320472	0.0696751104401	0.0605043896438	0.0349307536021	0.0653693451882	0.10326380734	0.0553784786296	0.0512591101418	0.0407649723201	0.0369624783314	0.0758634830099	0.0504203247032	0.0875878394751	0.0796286976458	0.101679434845	0.0605416689966	0.0328058304908	0.0731607299297	0.082331450726	0.0636731346344	0.0349866726314	0.0599638390278	0.0548006486607	0.0557699118343
763901136-tonguedorsum2.freeze11.snv.filtered.bam	0.117690916886	0.0594978471174	0.0819586571977	0.0755652481873	0.0744095882495	0.106973102947	0.0741672724562	0.0621446811683	0.0873641633581	0.0783984790024	0.0601315961155	0.0568510130664	0.0545769725438	0.044623385338	0.0388264459729	0.106264795243	0.107849167738	0.0507931182315	0.0448843408078	0.0933474994874	0.0777833696807	0.0980074185912	0.0419765512871	0.0396093123823	0.0101399839699	0.0	0.0008574251151	0.0844004548081	0.0728811347835	0.0461145594512	0.0909429812298	0.132938172193	0.0713154019646	0.0622565192268	0.0525825271673	0.0467483084494	0.0909429812298	0.0528994016664	0.104475386307	0.0987716453242	0.126339726742	0.0762921955675	0.046599191038	0.107961005797	0.117280844005	0.0813808272288	0.0470092639192	0.0734589647524	0.067158754124	0.0736640011929
763901136-tonguedorsum3.freeze11.snv.filtered.bam	0.150794982199	0.08771831721	0.106917183918	0.0982497343846	0.0943540420138	0.139051986058	0.0998341068799	0.0950996290704	0.114354414807	0.0978769408563	0.0885757423251	0.0875132807694	0.0882215884732	0.073216648959	0.074204551809	0.137765848385	0.132621297694	0.0799642118213	0.0774105761524	0.114932244776	0.100318738467	0.122984584988	0.0733284870175	0.0704952562024	0.039143320472	0.0008574251151	0.0	0.111036552405	0.101250722287	0.0781375235326	0.115752390539	0.150515387053	0.0928628679006	0.0857797908628	0.0843258961024	0.0777647300043	0.119610803556	0.0745959850137	0.124848552629	0.122220358255	0.146433297918	0.0974482282988	0.0671960334769	0.128110496002	0.13618147589	0.101735353874	0.0778952077392	0.101493038081	0.0968331189771	0.102946932841
763961826-throat1.freeze11.snv.filtered.bam	0.112490447166	0.0656489403344	0.0717068351693	0.0770564223005	0.0727506570486	0.0946522768365	0.0758634830099	0.0520606162277	0.0934593375459	0.0897500419393	0.0554903166881	0.0510727133777	0.050010251822	0.046822867155	0.0355645026002	0.103562042163	0.0902533132025	0.0424052638446	0.0243993364275	0.10003914332	0.093776212045	0.0835616693694	0.0481276445041	0.0446047456616	0.0696751104401	0.0844004548081	0.111036552405	0.0	0.00130477734907	0.0350425916606	0.0879233536506	0.119964957408	0.096068892244	0.076720908125	0.0415851180824	0.047046543272	0.0780629648269	0.08179090011	0.116013346008	0.0775410538873	0.110589200171	0.0537009077522	0.0721541874033	0.113944341926	0.124848552629	0.0750806166005	0.0408768103786	0.0434677254003	0.0389942030606	0.0636172156051
763961826-tonguedorsum1.freeze11.snv.filtered.bam	0.102555499637	0.0568696527428	0.0630580253127	0.0690972804712	0.0651456690712	0.0866558556543	0.0691718391769	0.0436727618409	0.0844190944845	0.0811385114354	0.046729668773	0.0434863650767	0.0412868832597	0.0379876605342	0.0275680814181	0.0923036776082	0.0823500904024	0.0338123730172	0.017148502302	0.0914276128166	0.0850714831591	0.0770377826241	0.0401498629984	0.0357136200116	0.0605043896438	0.0728811347835	0.101250722287	0.00130477734907	0.0	0.0277731178587	0.0790881470298	0.111782139462	0.0879792726798	0.0678670618278	0.0334395794889	0.0397770694701	0.0708494100542	0.0728624951071	0.106805345859	0.0675129079759	0.102219985461	0.0477734906522	0.064195045574	0.105183694011	0.119051613264	0.0642136852504	0.0327126321087	0.034073328487	0.0302335551455	0.0540550616041
763982056-tonguedorsum3.freeze11.snv.filtered.bam	0.0834498313109	0.0372420734776	0.0383790937389	0.0498238550579	0.0529180413428	0.0675315476523	0.0470092639192	0.0221998546105	0.061455013141	0.0616973289344	0.0283136684747	0.0247721299558	0.02397062387	0.0161233200992	0.0111838058491	0.0635799362523	0.0682398553561	0.0216593039945	0.0112956439076	0.0679602602099	0.0610449402598	0.0622565192268	0.0192734254133	0.0179872877407	0.0349307536021	0.0461145594512	0.0781375235326	0.0350425916606	0.0277731178587	0.0	0.0584540252381	0.098268374061	0.061678689258	0.046058640422	0.0198512553822	0.0221812149341	0.054185539339	0.0476989319465	0.0834311916345	0.0578575555928	0.0854442766874	0.0410072881135	0.0415478387295	0.0686499282372	0.0819400175213	0.0501407295569	0.0169993848907	0.0308486644672	0.0261514660106	0.0369251989785
764143897-tonguedorsum1.freeze11.snv.filtered.bam	0.140710917258	0.0747823817779	0.0969822363884	0.0814926652873	0.0952114671289	0.105966560421	0.0770750619769	0.070569814908	0.114839046394	0.101232082611	0.0396465917352	0.0516319036702	0.0659098958042	0.0518742194636	0.0491155473541	0.12499767004	0.130645491994	0.0450148185428	0.0464687133031	0.0909429812298	0.0758075639807	0.112099013961	0.0570187701542	0.0557512721579	0.0653693451882	0.0909429812298	0.115752390539	0.0879233536506	0.0790881470298	0.0584540252381	0.0	0.00082014576227	0.0853137989525	0.0803370053496	0.0508863166135	0.0596469645287	0.0991444388525	0.0803929243788	0.121717086991	0.0844190944845	0.0829092806949	0.0613058957297	0.061007660907	0.0860780256855	0.0948945926299	0.0844190944845	0.0530485190777	0.0633376204589	0.0607467054372	0.0444183488975
764143897-tonguedorsum2.freeze11.snv.filtered.bam	0.175623031184	0.108035564503	0.126880277358	0.110160487614	0.122947305635	0.137542172268	0.111316147552	0.108948908647	0.149807079349	0.130533653936	0.0625733937259	0.0829092806949	0.103673880221	0.0868422524185	0.0896568435572	0.169844731495	0.161046804227	0.0713713209939	0.0795727786166	0.129769427203	0.102257264814	0.141437864639	0.0914462524931	0.0903837909374	0.10326380734	0.132938172193	0.150515387053	0.119964957408	0.111782139462	0.098268374061	0.00082014576227	0.0	0.121940763108	0.115510074745	0.0835989487223	0.0968703983299	0.134876698541	0.112714123283	0.158269492442	0.114205297396	0.100766090701	0.0811571511119	0.0928628679006	0.133124568957	0.140207645995	0.11709444724	0.08475460866	0.0991444388525	0.0987343659714	0.0633562601353
764285508-tonguedorsum2.freeze11.snv.filtered.bam	0.139033346381	0.0692091185297	0.0981006169733	0.0805047624373	0.0898246006449	0.123767451397	0.072321944491	0.0811944304647	0.107159499711	0.0908684225242	0.0696005517344	0.0726201793137	0.0743723088967	0.0634494585174	0.0603366325561	0.125612779362	0.12921023691	0.0620142034334	0.0594605677645	0.0784730377081	0.0652015881004	0.109042107029	0.0568510130664	0.0545210535145	0.0553784786296	0.0713154019646	0.0928628679006	0.096068892244	0.0879792726798	0.061678689258	0.0853137989525	0.121940763108	0.0	0.0693955152939	0.06078398479	0.06078398479	0.106712147477	0.0712967622882	0.109265783146	0.106879904565	0.128035937296	0.0878860742978	0.0472888590654	0.0794423008817	0.0868608920949	0.082014576227	0.0588640981193	0.0863949001845	0.0826669649015	0.0788458312364
764305738-tonguedorsum1.freeze11.snv.filtered.bam	0.118156908796	0.0639154504278	0.0802810863203	0.0704579768495	0.0696005517344	0.103468843781	0.0685008108259	0.0623124382561	0.0879606330034	0.0747823817779	0.055620794423	0.0541668996626	0.05189285914	0.0464500736267	0.0373725512125	0.108762511883	0.106712147477	0.0444183488975	0.0416037577588	0.0860966653619	0.0665250051259	0.092117280844	0.0417901545229	0.0393110775597	0.0512591101418	0.0622565192268	0.0857797908628	0.076720908125	0.0678670618278	0.046058640422	0.0803370053496	0.115510074745	0.0693955152939	0.0	0.0474193368003	0.0489291505899	0.0857797908628	0.0536822680758	0.0988462040299	0.0858543495685	0.112434528137	0.0704579768495	0.0355272232474	0.0965535238308	0.106507111037	0.0760126004213	0.0422561464333	0.0671960334769	0.0621446811683	0.0655371022759
764325968-tonguedorsum1.freeze11.snv.filtered.bam	0.0879233536506	0.0403548994389	0.0490037092956	0.0499356931164	0.0545210535145	0.0647728755429	0.0515759846409	0.0280527130049	0.0652575071297	0.0631139443419	0.0241756603105	0.0232063971369	0.02199481817	0.0179313687114	0.0103077410576	0.0740181550448	0.070569814908	0.0169807452143	0.0104382187925	0.0689108837071	0.0556953531287	0.0627225111372	0.0195343808831	0.0179500083879	0.0407649723201	0.0525825271673	0.0843258961024	0.0415851180824	0.0334395794889	0.0198512553822	0.0508863166135	0.0835989487223	0.06078398479	0.0474193368003	0.0	0.0149117411322	0.0536077093702	0.0490409886484	0.0870845682119	0.0539991425749	0.0700665436448	0.0346884378087	0.041212324554	0.0791627057354	0.0923036776082	0.0545210535145	0.0173908180954	0.0317620086115	0.0270648101549	0.0292270126191
764325968-tonguedorsum2.freeze11.snv.filtered.bam	0.0816231430222	0.0375403083002	0.0475311748588	0.0454808104531	0.0506440008201	0.0649406326306	0.0506999198494	0.0192547857369	0.0633189807825	0.058043952357	0.0284814255625	0.0244925348096	0.0247907696322	0.0195343808831	0.0120971499935	0.0773360174467	0.0727133776958	0.0243806967511	0.0164961136275	0.0690972804712	0.0561427053626	0.0655930213052	0.0180991257992	0.0164215549218	0.0369624783314	0.0467483084494	0.0777647300043	0.047046543272	0.0397770694701	0.0221812149341	0.0596469645287	0.0968703983299	0.06078398479	0.0489291505899	0.0149117411322	0.0	0.056385021156	0.0453689723946	0.0830211187534	0.0641764058976	0.0838412645156	0.0433558873418	0.0405226565267	0.0778392887099	0.0905701877015	0.0561613450391	0.0206341217916	0.0359186564521	0.0307927454379	0.0368133609201
764366428-tonguedorsum2.freeze11.snv.filtered.bam	0.112229491696	0.0712967622882	0.0728438554307	0.0782493615911	0.0784730377081	0.0923782363138	0.0816231430222	0.0507371992022	0.100169621055	0.0947454752186	0.0598333612928	0.0514827862588	0.0562172640683	0.0487427538258	0.0381926969748	0.105370090775	0.0971499934761	0.0538873045164	0.0457231262465	0.110682398554	0.099163078529	0.0897873212921	0.050457604056	0.0466923894201	0.0758634830099	0.0909429812298	0.119610803556	0.0780629648269	0.0708494100542	0.054185539339	0.0991444388525	0.134876698541	0.106712147477	0.0857797908628	0.0536077093702	0.056385021156	0.0	0.0851833212175	0.123916568808	0.0904769893195	0.12432664169	0.0737944789278	0.0830583981062	0.125761896773	0.138492795765	0.104494025984	0.0543346567504	0.0670469160655	0.0617905273164	0.073216648959
764811490-tonguedorsum1.freeze11.snv.filtered.bam	0.114056179985	0.0584540252381	0.0754720498052	0.0631325840183	0.0663386083618	0.101362560346	0.0655743816287	0.0593860090589	0.0745959850137	0.0544651344853	0.0523588510503	0.0539245838692	0.0559190292457	0.0451452962777	0.0423866241682	0.0996477101158	0.102425021902	0.041342802289	0.0403362597625	0.0885384629723	0.0737199202222	0.0902719528789	0.0452384946597	0.0421629480512	0.0504203247032	0.0528994016664	0.0745959850137	0.08179090011	0.0728624951071	0.0476989319465	0.0803929243788	0.112714123283	0.0712967622882	0.0536822680758	0.0490409886484	0.0453689723946	0.0851833212175	0.0	0.00531230777834	0.0953605845403	0.107793248709	0.0686312885608	0.0501407295569	0.0983242930903	0.109564017969	0.0713899606703	0.0439337173107	0.0718559525807	0.0676993047401	0.0649779119834
764811490-tonguedorsum2.freeze11.snv.filtered.bam	0.151671046991	0.08969412291	0.110626479524	0.0964789651252	0.101959029991	0.135212212716	0.0978583011799	0.0935338962516	0.107867807415	0.0917444873157	0.0874200823874	0.0863949001845	0.0908125034949	0.0785475964137	0.0776342522694	0.146619694682	0.136516990065	0.0772055397118	0.0770191429477	0.123767451397	0.10945217991	0.121959402785	0.0792931834703	0.0773173777703	0.0875878394751	0.104475386307	0.124848552629	0.116013346008	0.106805345859	0.0834311916345	0.121717086991	0.158269492442	0.109265783146	0.0988462040299	0.0870845682119	0.0830211187534	0.123916568808	0.00531230777834	0.0	0.133870156014	0.152118399225	0.0999832242912	0.0873641633581	0.136889783593	0.147700795914	0.105109135305	0.07882719156	0.109377621204	0.103916196015	0.10300285187
765013792-tonguedorsum1.freeze11.snv.filtered.bam	0.128762884676	0.0805606814666	0.0848291673657	0.0863762605081	0.088482543943	0.106618949095	0.0898059609685	0.0671028350948	0.110924714347	0.102835094783	0.0625733937259	0.0628716285485	0.0626106730787	0.058360826856	0.0479039683871	0.122015321814	0.110067289232	0.0449029804843	0.0436541221644	0.110384163731	0.0965348841544	0.0970195157412	0.0602993532032	0.0573170049768	0.0796286976458	0.0987716453242	0.122220358255	0.0775410538873	0.0675129079759	0.0578575555928	0.0844190944845	0.114205297396	0.106879904565	0.0858543495685	0.0539991425749	0.0641764058976	0.0904769893195	0.0953605845403	0.133870156014	0.0	0.0834125519581	0.0616414099051	0.0807657179071	0.123469216574	0.135435888833	0.0871591269176	0.0524893287853	0.0648287945721	0.0610449402598	0.0684262521203
765013792-tonguedorsum2.freeze11.snv.filtered.bam	0.163674998602	0.106059758803	0.115491435069	0.103282447017	0.110663758877	0.124606236836	0.110980633376	0.0846800499543	0.139368860557	0.126190609331	0.0625361143731	0.0773360174467	0.0866372159779	0.0726574586665	0.0729556934892	0.164271468247	0.149191970027	0.034744356838	0.0463568752446	0.135044455628	0.110831515965	0.130515014259	0.0834498313109	0.0807843575836	0.101679434845	0.126339726742	0.146433297918	0.110589200171	0.102219985461	0.0854442766874	0.0829092806949	0.100766090701	0.128035937296	0.112434528137	0.0700665436448	0.0838412645156	0.12432664169	0.107793248709	0.152118399225	0.0834125519581	0.0	0.00719491509627	0.0948945926299	0.141493783668	0.1504781077	0.110999273053	0.0629275475778	0.0887434994129	0.0863949001845	0.0701411023505
765013792-tonguedorsum3.freeze11.snv.filtered.bam	0.108948908647	0.0618650860221	0.0703088594382	0.0663572480382	0.0710917258476	0.0877742362393	0.0695073533523	0.0431508509012	0.0951928274525	0.0833007138996	0.0379131018286	0.0414546403474	0.0449775391899	0.0381926969748	0.0319856847285	0.103804357956	0.0946149974836	0.0226472068445	0.0217525023766	0.0908125034949	0.0766836287722	0.0846986896307	0.0448657011314	0.0412682435833	0.0605416689966	0.0762921955675	0.0974482282988	0.0537009077522	0.0477734906522	0.0410072881135	0.0613058957297	0.0811571511119	0.0878860742978	0.0704579768495	0.0346884378087	0.0433558873418	0.0737944789278	0.0686312885608	0.0999832242912	0.0616414099051	0.00719491509627	0.0	0.0604857499674	0.0986598072657	0.11044008276	0.070793491025	0.0350425916606	0.0462263975097	0.0421256686984	0.0452198549833
765074482-tonguedorsum3.freeze11.snv.filtered.bam	0.116255661802	0.046822867155	0.0774292158288	0.0585658632966	0.0668232399486	0.101399839699	0.054409215456	0.059031855207	0.0856493131279	0.0661894909504	0.0438964379578	0.0480717254748	0.0509795149956	0.0422561464333	0.0376148670059	0.104941378218	0.108277880296	0.0408768103786	0.0373166321833	0.0624988350202	0.0390874014427	0.0882961471789	0.0251262838077	0.0240079032228	0.0328058304908	0.046599191038	0.0671960334769	0.0721541874033	0.064195045574	0.0415478387295	0.061007660907	0.0928628679006	0.0472888590654	0.0355272232474	0.041212324554	0.0405226565267	0.0830583981062	0.0501407295569	0.0873641633581	0.0807657179071	0.0948945926299	0.0604857499674	0.0	0.0657421387165	0.0738503979571	0.0575034017409	0.0375216686238	0.0627225111372	0.0585099442674	0.05288076199
765094712-tonguedorsum1.freeze11.snv.filtered.bam	0.15370277172	0.0842513373968	0.108892989618	0.0985479692073	0.109172584764	0.139219743145	0.0857611511864	0.091353054111	0.126339726742	0.114950884453	0.0812130701411	0.0849410054241	0.0905701877015	0.0772987380939	0.0757889243043	0.154802512628	0.14902421294	0.0795541389401	0.0775969729166	0.0961993699789	0.0812503494939	0.124289362337	0.0708307703778	0.0682771347089	0.0731607299297	0.107961005797	0.128110496002	0.113944341926	0.105183694011	0.0686499282372	0.0860780256855	0.133124568957	0.0794423008817	0.0965535238308	0.0791627057354	0.0778392887099	0.125761896773	0.0983242930903	0.136889783593	0.123469216574	0.141493783668	0.0986598072657	0.0657421387165	0.0	0.000876064791515	0.0953792242167	0.0735708028109	0.104326268896	0.0998527465563	0.0898805196742
765094712-tonguedorsum2.freeze11.snv.filtered.bam	0.171112229492	0.0959197748327	0.121232455405	0.109843613115	0.121400212492	0.155753136126	0.0936830136629	0.105724244627	0.140953233052	0.124084325896	0.092788309195	0.0984174914723	0.105892001715	0.0903837909374	0.0919308840799	0.169434658614	0.163712277955	0.0902719528789	0.0911107383176	0.10326380734	0.0881843091204	0.140319484054	0.0844004548081	0.0836175883987	0.082331450726	0.117280844005	0.13618147589	0.124848552629	0.119051613264	0.0819400175213	0.0948945926299	0.140207645995	0.0868608920949	0.106507111037	0.0923036776082	0.0905701877015	0.138492795765	0.109564017969	0.147700795914	0.135435888833	0.1504781077	0.11044008276	0.0738503979571	0.000876064791515	0.0	0.104829540159	0.0866558556543	0.117802754944	0.114074819661	0.10134392067
