	147406386-supragingivalplaque3.freeze11.snv.filtered.bam	158337416-supragingivalplaque1.freeze11.snv.filtered.bam	158499257-supragingivalplaque2.freeze11.snv.filtered.bam	158883629-supragingivalplaque1.freeze11.snv.filtered.bam	158883629-supragingivalplaque3.freeze11.snv.filtered.bam	158944319-supragingivalplaque3.freeze11.snv.filtered.bam	159369152-supragingivalplaque1.freeze11.snv.filtered.bam	159510762-tonguedorsum3.freeze11.snv.filtered.bam	159551223-supragingivalplaque1.freeze11.snv.filtered.bam	159551223-supragingivalplaque2.freeze11.snv.filtered.bam	159591683-supragingivalplaque1.freeze11.snv.filtered.bam	159814214-supragingivalplaque1.freeze11.snv.filtered.bam	159814214-supragingivalplaque2.freeze11.snv.filtered.bam	159814214-tonguedorsum1.freeze11.snv.filtered.bam	159814214-tonguedorsum2.freeze11.snv.filtered.bam	160158126-supragingivalplaque1.freeze11.snv.filtered.bam	160158126-supragingivalplaque2.freeze11.snv.filtered.bam	160178356-supragingivalplaque1.freeze11.snv.filtered.bam	160178356-supragingivalplaque2.freeze11.snv.filtered.bam	160380657-tonguedorsum1.freeze11.snv.filtered.bam	160380657-tonguedorsum2.freeze11.snv.filtered.bam	160421117-supragingivalplaque1.freeze11.snv.filtered.bam	160421117-supragingivalplaque2.freeze11.snv.filtered.bam	160582958-supragingivalplaque1.freeze11.snv.filtered.bam	160582958-supragingivalplaque2.freeze11.snv.filtered.bam	246515023-supragingivalplaque2.freeze11.snv.filtered.bam	370425937-supragingivalplaque1.freeze11.snv.filtered.bam	370425937-supragingivalplaque2.freeze11.snv.filtered.bam	404239096-supragingivalplaque2.freeze11.snv.filtered.bam	550534656-supragingivalplaque3.freeze11.snv.filtered.bam	604812005-supragingivalplaque3.freeze11.snv.filtered.bam	675950834-supragingivalplaque3.freeze11.snv.filtered.bam	706846339-supragingivalplaque1.freeze11.snv.filtered.bam	706846339-supragingivalplaque2.freeze11.snv.filtered.bam	737052003-supragingivalplaque1.freeze11.snv.filtered.bam	763496533-supragingivalplaque1.freeze11.snv.filtered.bam	763496533-supragingivalplaque2.freeze11.snv.filtered.bam	763840445-supragingivalplaque2.freeze11.snv.filtered.bam	763901136-supragingivalplaque2.freeze11.snv.filtered.bam	763901136-supragingivalplaque3.freeze11.snv.filtered.bam	763961826-supragingivalplaque1.freeze11.snv.filtered.bam	763961826-supragingivalplaque2.freeze11.snv.filtered.bam	764143897-supragingivalplaque2.freeze11.snv.filtered.bam	764285508-supragingivalplaque1.freeze11.snv.filtered.bam	764305738-supragingivalplaque2.freeze11.snv.filtered.bam	764508039-supragingivalplaque3.freeze11.snv.filtered.bam	764811490-supragingivalplaque1.freeze11.snv.filtered.bam	765094712-supragingivalplaque2.freeze11.snv.filtered.bam	765094712-supragingivalplaque3.freeze11.snv.filtered.bam	765620695-supragingivalplaque1.freeze11.snv.filtered.bam	765701615-supragingivalplaque1.freeze11.snv.filtered.bam	765701615-supragingivalplaque2.freeze11.snv.filtered.bam	823052294-supragingivalplaque2.freeze11.snv.filtered.bam	861967750-supragingivalplaque2.freeze11.snv.filtered.bam
147406386-supragingivalplaque3.freeze11.snv.filtered.bam	0.0	0.0979223030653	0.0832654776602	0.139384308266	0.141314911613	0.126474219222	0.0836988784114	0.0963200336214	0.091841559192	0.101547109348	0.115455333456	0.0757137979039	0.0704473221087	0.123361613827	0.127157153739	0.0792992041186	0.081636941504	0.127354154081	0.132252895905	0.1251346169	0.113511596753	0.125804418061	0.132541829739	0.128050221954	0.118764939193	0.113065062646	0.114680465446	0.119881274461	0.0879015523627	0.1122113945	0.12759055449	0.0756349977673	0.0771716004308	0.0775787344698	0.121549210685	0.0768432665283	0.0786162696015	0.082569409787	0.106564051378	0.111922460666	0.117110136324	0.0937064957579	0.109125055817	0.0868902839432	0.130768826666	0.0793648708991	0.112080060939	0.118003204539	0.118449738646	0.124609282656	0.104291980773	0.124740616217	0.0822148091723	0.0958997662263
158337416-supragingivalplaque1.freeze11.snv.filtered.bam	0.0979223030653	0.0	0.0591395025085	0.131937695359	0.134183499251	0.11143652649	0.0617267736597	0.0762916655722	0.076528065982	0.0999185731922	0.0956502324604	0.0478973496887	0.0415539386935	0.115481600168	0.119763074256	0.0553964960206	0.0589687688792	0.111147592656	0.124491082451	0.11998634131	0.103293845709	0.1068267185	0.115323999895	0.115166399622	0.108573454861	0.0918546925481	0.106327650968	0.111462793202	0.0668093824696	0.102203777153	0.111830527173	0.0506947545376	0.0503270205668	0.0507735546742	0.110385858002	0.0592708360694	0.0678469176013	0.059480969767	0.08780961887	0.0936145622652	0.0952168317092	0.0719051246355	0.0934700953482	0.0689238528013	0.118633605632	0.058942502167	0.0987234377873	0.0987103044312	0.108415854587	0.112342728061	0.0807044732211	0.106156917339	0.0592577027134	0.0714848572404
158499257-supragingivalplaque2.freeze11.snv.filtered.bam	0.0832654776602	0.0591395025085	0.0	0.11675553571	0.1186730057	0.0934175619238	0.0447716109375	0.0564602978645	0.0550156286938	0.0799558719235	0.0750965301673	0.0295237845079	0.0200152346931	0.101678442909	0.10551338289	0.0345144598251	0.037587665152	0.0894906884505	0.107063118909	0.10689238528	0.0922618265872	0.0918546925481	0.0999973733288	0.0950854981482	0.0908040240603	0.0709069895721	0.089280554753	0.0947571642458	0.0498936198156	0.0854324814163	0.0932599616506	0.0292348506737	0.0339365921568	0.0340416590055	0.0975283023824	0.0376401985763	0.0478448162643	0.0345801266056	0.0666255154842	0.0720889916209	0.0804418060991	0.055317695884	0.0731265267526	0.0477003493473	0.0994589057288	0.0378503322739	0.081492474587	0.0796538047333	0.0921304930262	0.0996953061385	0.0619894407817	0.0877964855139	0.039071734391	0.0531244254157
158883629-supragingivalplaque1.freeze11.snv.filtered.bam	0.139384308266	0.131937695359	0.11675553571	0.0	0.000341467258543	0.152517664364	0.11621706811	0.127800688188	0.125948884978	0.151913529983	0.147947256442	0.108862388695	0.104856715085	0.149378792257	0.154316934149	0.110924325602	0.112723595388	0.16161908014	0.164560951906	0.150797194715	0.142431246881	0.158256940979	0.165808620735	0.161881747262	0.150035460061	0.140763310656	0.146581387408	0.153673399701	0.12089254288	0.143849649339	0.16168474692	0.107680386646	0.110096924168	0.110083790812	0.152596464501	0.113550996822	0.117412203514	0.116991936119	0.137965905808	0.14307478133	0.148117990071	0.128168422159	0.138950907515	0.119881274461	0.164508418481	0.105263849124	0.117215203173	0.149523259174	0.147369388774	0.154658401408	0.139239841349	0.158887342071	0.115639200441	0.131215360773
158883629-supragingivalplaque3.freeze11.snv.filtered.bam	0.141314911613	0.134183499251	0.1186730057	0.000341467258543	0.0	0.15461900134	0.118410338578	0.129902025164	0.127905755037	0.154014866959	0.149943526569	0.111003125739	0.106800451787	0.151414462452	0.156378871057	0.11305192929	0.114851199075	0.163562816842	0.166307688267	0.153016731896	0.144322450159	0.160266344462	0.168001891203	0.163996217593	0.151913529983	0.142877780988	0.148511990754	0.155617136403	0.122862546295	0.145753985974	0.163654750335	0.109676656773	0.11204066087	0.112066927583	0.154802868325	0.115521000236	0.119592340627	0.118751805836	0.140198576344	0.145215518374	0.149969793281	0.130387959339	0.140855244149	0.122074544929	0.166636022169	0.10743085288	0.118830605973	0.151782196422	0.149615192666	0.157009272149	0.141183578052	0.160949278979	0.117714270705	0.133106564051
158944319-supragingivalplaque3.freeze11.snv.filtered.bam	0.126474219222	0.11143652649	0.0934175619238	0.152517664364	0.15461900134	0.0	0.0945732972604	0.108455254656	0.101350109007	0.129363557563	0.126487352578	0.0818208084894	0.0774474009088	0.137847705603	0.14199784613	0.0859184155919	0.0887289537969	0.143087914686	0.15061332773	0.14044811011	0.132357962754	0.145241785086	0.153647132988	0.144768984266	0.135680701847	0.0210396364687	0.133815765281	0.140408710042	0.0991305718263	0.133067163983	0.14553071892	0.0796932048016	0.0886501536603	0.0888734207139	0.140290509837	0.0879672191432	0.0950066980116	0.094520763836	0.112027527514	0.11873867248	0.133526831447	0.108021853905	0.121444143837	0.0995771059337	0.149523259174	0.0874944183237	0.122586745817	0.132870163642	0.135706968559	0.142930314413	0.11873867248	0.143534448793	0.090357489953	0.1105959917
159369152-supragingivalplaque1.freeze11.snv.filtered.bam	0.0836988784114	0.0617267736597	0.0447716109375	0.11621706811	0.118410338578	0.0945732972604	0.0	0.060282104489	0.0576948333377	0.0805468729479	0.0793780042552	0.0321635890836	0.0300228520396	0.102466444275	0.10557904967	0.0387302671325	0.0418560058837	0.0906858238554	0.105776050012	0.104607181319	0.0924982269969	0.093312495075	0.100942974968	0.0950198313677	0.0887289537969	0.0742953954454	0.0900685561188	0.0955714323238	0.0513908224108	0.0877045520212	0.0947440308897	0.0338183919519	0.0378371989178	0.0386383336398	0.0973969688214	0.0408578708203	0.04886921804	0.0460061464107	0.0708675895038	0.07626539886	0.081636941504	0.0578130335426	0.0711171232697	0.051692889601	0.100522707573	0.0412518715032	0.0823986761577	0.0815581413674	0.0915526253579	0.0990386383336	0.0654435134354	0.0910404244701	0.0426571406057	0.0570250321767
159510762-tonguedorsum3.freeze11.snv.filtered.bam	0.0963200336214	0.0762916655722	0.0564602978645	0.127800688188	0.129902025164	0.108455254656	0.060282104489	0.0	0.0697643875916	0.0947046308214	0.0925638937774	0.0459798796985	0.0411074045862	0.112185127788	0.116269601534	0.0253342439127	0.0216569042053	0.106235717475	0.119185206588	0.113918730792	0.104042447007	0.105158782275	0.113721730451	0.110766725329	0.104042447007	0.0885188200993	0.104291980773	0.110083790812	0.0656799138452	0.100207507026	0.108875522051	0.0445483438838	0.0501168868693	0.0499592865961	0.1111344593	0.0532557589766	0.0611883060597	0.0564077644401	0.0828977436894	0.0881510861285	0.0965170339629	0.0713929237477	0.0872186178456	0.0640907777573	0.112671061963	0.0522707572693	0.0934306952799	0.0955188988994	0.104186913924	0.112946862441	0.0822542092406	0.101599642773	0.0544902944498	0.0715505240209
159551223-supragingivalplaque1.freeze11.snv.filtered.bam	0.091841559192	0.076528065982	0.0550156286938	0.125948884978	0.127905755037	0.101350109007	0.0576948333377	0.0697643875916	0.0	0.0140132909564	0.0890441543432	0.0421449397179	0.038664600352	0.110648525124	0.114706732158	0.048606550918	0.0514433558352	0.103517112763	0.119684274119	0.115363399963	0.104475847758	0.105605316383	0.112933729085	0.108481521368	0.103031178587	0.0806125397284	0.104817315017	0.110517191563	0.0612014394158	0.101665309553	0.10611751727	0.0248877098054	0.04886921804	0.0486984844107	0.112158861075	0.0420136061569	0.0487510178351	0.0556854298547	0.0779596017966	0.0840666123821	0.0981981035434	0.0713272569672	0.0826876099919	0.060689238528	0.113800530588	0.0483964172205	0.0902786898164	0.0937458958262	0.104712248168	0.114457198392	0.0790890704211	0.104016180295	0.0492632187229	0.0698300543721
159551223-supragingivalplaque2.freeze11.snv.filtered.bam	0.101547109348	0.0999185731922	0.0799558719235	0.151913529983	0.154014866959	0.129363557563	0.0805468729479	0.0947046308214	0.0140132909564	0.0	0.115888734207	0.0659819810354	0.0619106406451	0.131635628168	0.136009035749	0.0727193927136	0.0755167975624	0.130847626803	0.142812114208	0.135483701505	0.123689947729	0.129954558588	0.137532505056	0.130532426256	0.124806282998	0.11035959129	0.125791284705	0.131950828715	0.0868246171627	0.122179611778	0.133369231173	0.0635785768695	0.0732709936697	0.0735073940795	0.134419899661	0.0399910693179	0.0363662630349	0.0804024060308	0.10396364687	0.110622258412	0.122888813007	0.0968191011531	0.110648525124	0.0841322791626	0.138898374091	0.0729951931917	0.118502272071	0.119763074256	0.126172152032	0.1369809041	0.104699114812	0.128509889417	0.0750702634551	0.0951642982848
159591683-supragingivalplaque1.freeze11.snv.filtered.bam	0.115455333456	0.0956502324604	0.0750965301673	0.147947256442	0.149943526569	0.126487352578	0.0793780042552	0.0925638937774	0.0890441543432	0.115888734207	0.0	0.0635391768012	0.0584171679231	0.12866748969	0.133014630559	0.0700139213575	0.0727456594258	0.124858816422	0.137558771769	0.131990228783	0.121654277534	0.127262220588	0.135496834861	0.129455491056	0.124031414988	0.10773292007	0.122941346432	0.129416090988	0.0846707467626	0.118620472275	0.130913293583	0.0640251109769	0.0682277849282	0.0685692521867	0.130466759476	0.0710120564209	0.0806388064406	0.0605185048987	0.102019910168	0.1079036537	0.117766804129	0.0925244937091	0.107352052744	0.0820178088309	0.134774500276	0.0707099892306	0.114811799007	0.116886869271	0.123348480471	0.133198497544	0.0993013054556	0.125042683407	0.0741246618161	0.0889916209188
159814214-supragingivalplaque1.freeze11.snv.filtered.bam	0.0757137979039	0.0478973496887	0.0295237845079	0.108862388695	0.111003125739	0.0818208084894	0.0321635890836	0.0459798796985	0.0421449397179	0.0659819810354	0.0635391768012	0.0	0.00161540280003	0.0942318300018	0.0965433006751	0.0249139765176	0.0276851146542	0.0779990018649	0.0996559060702	0.0991043051141	0.0861810827139	0.0820834756114	0.0897402222164	0.0850384807334	0.0801134721967	0.0581282340889	0.0833705445089	0.0884137532505	0.0360379291324	0.0783930025479	0.0827532767723	0.0175461637467	0.0243886422736	0.0243492422054	0.0899766226261	0.0256625778151	0.0350135273568	0.028867116703	0.0531244254157	0.0593233694938	0.0700007880014	0.0428410075911	0.0348953271519	0.0239815082346	0.0904756901579	0.0275406477371	0.0729820598356	0.0677549841086	0.0845262798456	0.0916314254945	0.0498673531034	0.0788658033674	0.0278164482152	0.0416327388301
159814214-supragingivalplaque2.freeze11.snv.filtered.bam	0.0704473221087	0.0415539386935	0.0200152346931	0.104856715085	0.106800451787	0.0774474009088	0.0300228520396	0.0411074045862	0.038664600352	0.0619106406451	0.0584171679231	0.00161540280003	0.0	0.0904231567335	0.0931154947335	0.0208295027711	0.0237057077566	0.0734154605868	0.0959391662946	0.0958866328702	0.081361141026	0.0763835990649	0.0848808804602	0.0801397389089	0.0772635339235	0.0531375587718	0.0789840035723	0.0836988784114	0.0332799243519	0.0740589950356	0.0784324026162	0.0144072916393	0.0186756323711	0.0180583646345	0.0846970134748	0.0203435685955	0.0297470515616	0.020002101337	0.0486853510546	0.0549499619133	0.0639463108403	0.0380998660398	0.056118830606	0.0273699141079	0.0860234824407	0.0230227732395	0.0701321215623	0.0640907777573	0.0806519397967	0.0870872842846	0.0449029444984	0.0721546584014	0.0231541068005	0.0356701951617
159814214-tonguedorsum1.freeze11.snv.filtered.bam	0.123361613827	0.115481600168	0.101678442909	0.149378792257	0.151414462452	0.137847705603	0.102466444275	0.112185127788	0.110648525124	0.131635628168	0.12866748969	0.0942318300018	0.0904231567335	0.0	0.000538467600011	0.0967009009482	0.0991962386068	0.140054109427	0.143087914686	0.113183262851	0.123112080061	0.139384308266	0.146541987339	0.14014604292	0.129416090988	0.126933886685	0.128326022432	0.134367366237	0.105460849465	0.126881353261	0.143836515983	0.0948228310262	0.0982243702556	0.0992487720312	0.134971500617	0.0961492999921	0.101888576607	0.102335110714	0.120682409183	0.125856951485	0.129718158178	0.114194531271	0.121851277876	0.103779779885	0.141840245856	0.0963725670458	0.122481678968	0.131175960705	0.128431089281	0.138359906491	0.121693677602	0.138924640803	0.100824774763	0.115363399963
159814214-tonguedorsum2.freeze11.snv.filtered.bam	0.127157153739	0.119763074256	0.10551338289	0.154316934149	0.156378871057	0.14199784613	0.10557904967	0.116269601534	0.114706732158	0.136009035749	0.133014630559	0.0965433006751	0.0931154947335	0.000538467600011	0.0	0.09989230648	0.102597777836	0.144952851252	0.148104856715	0.116335268314	0.1272884873	0.144466917076	0.151624596149	0.144493183788	0.133671298364	0.131084027212	0.133014630559	0.139187307925	0.109637256705	0.130808226734	0.148748391164	0.0982112368995	0.101468309212	0.102729111397	0.139765175593	0.0994589057288	0.105132515563	0.105736649944	0.124517349163	0.129993958656	0.134630033359	0.118003204539	0.125896351554	0.106971185417	0.146817787817	0.0995902392897	0.126802553124	0.13529983452	0.132843896929	0.143271781671	0.126277218881	0.144099183105	0.104265714061	0.119185206588
160158126-supragingivalplaque1.freeze11.snv.filtered.bam	0.0792992041186	0.0553964960206	0.0345144598251	0.110924325602	0.11305192929	0.0859184155919	0.0387302671325	0.0253342439127	0.048606550918	0.0727193927136	0.0700139213575	0.0249139765176	0.0208295027711	0.0967009009482	0.09989230648	0.0	1.31333560978e-05	0.0799952719918	0.0985395708019	0.100457040792	0.0890835544115	0.0880460192798	0.0955057655433	0.0876257518846	0.0845525465577	0.0609781723622	0.0879934858554	0.0929447611043	0.0436684090252	0.0833442777967	0.084723280187	0.0184654986735	0.0297470515616	0.0289721835518	0.0927214940506	0.0318483885372	0.041212471435	0.0352105276982	0.0579181003914	0.0638018439232	0.0751096635234	0.0489348848205	0.0664810485672	0.0437209424496	0.0924850936408	0.0301016521762	0.0759239316015	0.0659425809671	0.0807832733577	0.0950854981482	0.0582333009377	0.0849202805285	0.033568858186	0.0476346825668
160158126-supragingivalplaque2.freeze11.snv.filtered.bam	0.081636941504	0.0589687688792	0.037587665152	0.112723595388	0.114851199075	0.0887289537969	0.0418560058837	0.0216569042053	0.0514433558352	0.0755167975624	0.0727456594258	0.0276851146542	0.0237057077566	0.0991962386068	0.102597777836	1.31333560978e-05	0.0	0.0832786110163	0.10127130887	0.102111843661	0.0908434241286	0.0908828241969	0.0990123716214	0.090764623992	0.0870872842846	0.0653647132988	0.0902918231725	0.0952956318458	0.0472538152399	0.0858264820992	0.0889653542066	0.0225631057761	0.0333849912007	0.0325707231226	0.0947177641775	0.034645793386	0.0438391426545	0.0378765989861	0.0613327729768	0.0670983163037	0.0782091355625	0.0521394237083	0.069685587455	0.0459798796985	0.0942449633579	0.0333324577763	0.0778808016601	0.0704735888209	0.0848808804602	0.0969110346458	0.0620025741378	0.0881116860603	0.036655196869	0.0515878227522
160178356-supragingivalplaque1.freeze11.snv.filtered.bam	0.127354154081	0.111147592656	0.0894906884505	0.16161908014	0.163562816842	0.143087914686	0.0906858238554	0.106235717475	0.103517112763	0.130847626803	0.124858816422	0.0779990018649	0.0734154605868	0.140054109427	0.144952851252	0.0799952719918	0.0832786110163	0.0	0.00206193690736	0.142641380578	0.133881432061	0.145451918783	0.153620866276	0.143770849203	0.134275432744	0.125016416695	0.133277297681	0.140198576344	0.0977253027239	0.133658165007	0.147592655827	0.0785900028893	0.0861416826456	0.0863518163431	0.142207979827	0.0836069449187	0.0933387617872	0.0908565574847	0.117740537417	0.124162748549	0.131438627827	0.104869848441	0.122560479105	0.0953875653384	0.0393869349374	0.0841716792309	0.126342885661	0.130046492081	0.1342885661	0.144952851252	0.114299598119	0.142707047359	0.0914212917969	0.105250715768
160178356-supragingivalplaque2.freeze11.snv.filtered.bam	0.132252895905	0.124491082451	0.107063118909	0.164560951906	0.166307688267	0.15061332773	0.105776050012	0.119185206588	0.119684274119	0.142812114208	0.137558771769	0.0996559060702	0.0959391662946	0.143087914686	0.148104856715	0.0985395708019	0.10127130887	0.00206193690736	0.0	0.144716450842	0.1364424365	0.151834729847	0.159754143574	0.152044863544	0.140500643534	0.136481836569	0.136179769378	0.143508182081	0.111213259436	0.137401171495	0.155104935515	0.0991305718263	0.104081847075	0.104357647553	0.144650784061	0.103451445983	0.108796721914	0.107049985553	0.130663759817	0.135917102256	0.138176039505	0.118581072207	0.131675028237	0.110884925534	0.0395051351422	0.101428909143	0.130952693651	0.139029707651	0.137374904783	0.147526989047	0.128023955242	0.150271860471	0.108428987944	0.12166741089
160380657-tonguedorsum1.freeze11.snv.filtered.bam	0.1251346169	0.11998634131	0.10689238528	0.150797194715	0.153016731896	0.14044811011	0.104607181319	0.113918730792	0.115363399963	0.135483701505	0.131990228783	0.0991043051141	0.0958866328702	0.113183262851	0.116335268314	0.100457040792	0.102111843661	0.142641380578	0.144716450842	0.0	0.1235192141	0.140618843739	0.147881589661	0.142076646266	0.132541829739	0.129954558588	0.1294423577	0.135759501983	0.108034987261	0.1294423577	0.145386252003	0.0982900370361	0.101770376402	0.103398912558	0.135864568832	0.0998660397678	0.104488981114	0.105644716451	0.122849412939	0.127459220929	0.132384229466	0.117385936802	0.124280948754	0.106367051036	0.144887184471	0.0998266396995	0.123663681017	0.132292295973	0.129796958315	0.139725775525	0.123571747524	0.140842110793	0.102321977358	0.118462872002
160380657-tonguedorsum2.freeze11.snv.filtered.bam	0.113511596753	0.103293845709	0.0922618265872	0.142431246881	0.144322450159	0.132357962754	0.0924982269969	0.104042447007	0.104475847758	0.123689947729	0.121654277534	0.0861810827139	0.081361141026	0.123112080061	0.1272884873	0.0890835544115	0.0908434241286	0.133881432061	0.1364424365	0.1235192141	0.0	0.129547424549	0.136705103622	0.135917102256	0.124504215807	0.120564208978	0.118988206246	0.124688082793	0.0966352341677	0.11766173728	0.13529983452	0.085931548948	0.0867064169578	0.087533818392	0.123781881222	0.0902524231042	0.0956764991726	0.0936408289774	0.114286464763	0.119145806519	0.120958209661	0.103766646529	0.113314596412	0.0978303695726	0.136074702529	0.089950355914	0.114851199075	0.123440413963	0.12214021171	0.126290352237	0.111620393475	0.12920595729	0.0922618265872	0.104357647553
160421117-supragingivalplaque1.freeze11.snv.filtered.bam	0.125804418061	0.1068267185	0.0918546925481	0.158256940979	0.160266344462	0.145241785086	0.093312495075	0.105158782275	0.105605316383	0.129954558588	0.127262220588	0.0820834756114	0.0763835990649	0.139384308266	0.144466917076	0.0880460192798	0.0908828241969	0.145451918783	0.151834729847	0.140618843739	0.129547424549	0.0	0.00132646896588	0.145609519056	0.136967770744	0.121273410207	0.132660029944	0.139082241076	0.10012870689	0.128207822227	0.147710856032	0.0854981481968	0.081899608626	0.0848283470358	0.138622573612	0.0898978224896	0.0971737017677	0.0928659609677	0.119946941241	0.126894486617	0.131241627485	0.105644716451	0.12382128129	0.0977909695043	0.149851593076	0.0907383572798	0.127327887368	0.13314596412	0.134117832471	0.141656378871	0.115915000919	0.0463476136692	0.0934044285677	0.106498384597
160421117-supragingivalplaque2.freeze11.snv.filtered.bam	0.132541829739	0.115323999895	0.0999973733288	0.165808620735	0.168001891203	0.153647132988	0.100942974968	0.113721730451	0.112933729085	0.137532505056	0.135496834861	0.0897402222164	0.0848808804602	0.146541987339	0.151624596149	0.0955057655433	0.0990123716214	0.153620866276	0.159754143574	0.147881589661	0.136705103622	0.00132646896588	0.0	0.153673399701	0.144585117281	0.12991515852	0.139765175593	0.146660187544	0.100798508051	0.134971500617	0.155341335925	0.0932730950067	0.0894381550261	0.092511360353	0.145412518715	0.0971737017677	0.104305114129	0.0998529064117	0.127945155105	0.134748233564	0.138215439573	0.114260198051	0.1305192929	0.105316382548	0.157547739749	0.097882902997	0.134485566442	0.140526910247	0.141328044969	0.148722124452	0.12328281369	0.0499986866644	0.101034908461	0.114457198392
160582958-supragingivalplaque1.freeze11.snv.filtered.bam	0.128050221954	0.115166399622	0.0950854981482	0.161881747262	0.163996217593	0.144768984266	0.0950198313677	0.110766725329	0.108481521368	0.130532426256	0.129455491056	0.0850384807334	0.0801397389089	0.14014604292	0.144493183788	0.0876257518846	0.090764623992	0.143770849203	0.152044863544	0.142076646266	0.135917102256	0.145609519056	0.153673399701	0.0	0.121956344724	0.129192823934	0.135142234247	0.142181713115	0.10049644086	0.1348270337	0.144926584539	0.0849465472407	0.0894512883822	0.0910010244018	0.146174253369	0.083107877387	0.0949410312311	0.096805967797	0.121536077329	0.128378555856	0.138097239369	0.113419663261	0.124806282998	0.0971474350556	0.149759659583	0.0632896430354	0.130085892149	0.134039032334	0.13691523732	0.1488271913	0.122179611778	0.143429381944	0.0946258306848	0.11257912847
160582958-supragingivalplaque2.freeze11.snv.filtered.bam	0.118764939193	0.108573454861	0.0908040240603	0.150035460061	0.151913529983	0.135680701847	0.0887289537969	0.104042447007	0.103031178587	0.124806282998	0.124031414988	0.0801134721967	0.0772635339235	0.129416090988	0.133671298364	0.0845525465577	0.0870872842846	0.134275432744	0.140500643534	0.132541829739	0.124504215807	0.136967770744	0.144585117281	0.121956344724	0.0	0.121325943632	0.126040818471	0.132489296315	0.0948622310945	0.124228415329	0.139502508471	0.081229807465	0.0868246171627	0.0868902839432	0.134130965827	0.0471881484595	0.0905938903627	0.0904494234457	0.115258333114	0.121378477056	0.126040818471	0.10443644769	0.114864332432	0.0843424128602	0.139344908198	0.0830159438943	0.12035407528	0.123309080402	0.123230280266	0.137085970949	0.115021932705	0.133960232198	0.0901079561871	0.105473982822
246515023-supragingivalplaque2.freeze11.snv.filtered.bam	0.113065062646	0.0918546925481	0.0709069895721	0.140763310656	0.142877780988	0.0210396364687	0.0742953954454	0.0885188200993	0.0806125397284	0.11035959129	0.10773292007	0.0581282340889	0.0531375587718	0.126933886685	0.131084027212	0.0609781723622	0.0653647132988	0.125016416695	0.136481836569	0.129954558588	0.120564208978	0.121273410207	0.12991515852	0.129192823934	0.121325943632	0.0	0.121181476715	0.127472354285	0.0792335373381	0.119658007407	0.129258490715	0.0546084946547	0.0650101126842	0.0641958446061	0.127721888051	0.0656273804208	0.0748995298259	0.0718525912112	0.0933256284311	0.0998397730556	0.116703002285	0.0866407501773	0.105014315358	0.0786425363137	0.133001497203	0.0654041133671	0.108967455544	0.114890599144	0.121759344383	0.1305192929	0.0991962386068	0.116886869271	0.0683985185574	0.0883874865383
370425937-supragingivalplaque1.freeze11.snv.filtered.bam	0.114680465446	0.106327650968	0.089280554753	0.146581387408	0.148511990754	0.133815765281	0.0900685561188	0.104291980773	0.104817315017	0.125791284705	0.122941346432	0.0833705445089	0.0789840035723	0.128326022432	0.133014630559	0.0879934858554	0.0902918231725	0.133277297681	0.136179769378	0.1294423577	0.118988206246	0.132660029944	0.139765175593	0.135142234247	0.126040818471	0.121181476715	0.0	0.0	0.0731921935331	0.117806204197	0.137401171495	0.0842110792992	0.0847495468992	0.0857345486066	0.126224685456	0.089819022353	0.0944813637677	0.089950355914	0.116033201124	0.120695542539	0.121102676578	0.102597777836	0.114838065719	0.0965039006068	0.137204171154	0.0873236846944	0.11820020488	0.125489217515	0.123926348139	0.129324157495	0.110779858685	0.130716293242	0.0912111580993	0.103779779885
370425937-supragingivalplaque2.freeze11.snv.filtered.bam	0.119881274461	0.111462793202	0.0947571642458	0.153673399701	0.155617136403	0.140408710042	0.0955714323238	0.110083790812	0.110517191563	0.131950828715	0.129416090988	0.0884137532505	0.0836988784114	0.134367366237	0.139187307925	0.0929447611043	0.0952956318458	0.140198576344	0.143508182081	0.135759501983	0.124688082793	0.139082241076	0.146660187544	0.142181713115	0.132489296315	0.127472354285	0.0	0.0	0.0782616689869	0.12358488088	0.144637650705	0.08942502167	0.0897533555725	0.0909747576896	0.131858895222	0.0948622310945	0.0999185731922	0.0954269654067	0.122087678285	0.127025820178	0.126618686139	0.108350187807	0.121050143154	0.101914843319	0.144269916735	0.0923537600799	0.124110215124	0.131858895222	0.130506159544	0.135536234929	0.116926269339	0.137112237661	0.0967534343726	0.109230122666
404239096-supragingivalplaque2.freeze11.snv.filtered.bam	0.0879015523627	0.0668093824696	0.0498936198156	0.12089254288	0.122862546295	0.0991305718263	0.0513908224108	0.0656799138452	0.0612014394158	0.0868246171627	0.0846707467626	0.0360379291324	0.0332799243519	0.105460849465	0.109637256705	0.0436684090252	0.0472538152399	0.0977253027239	0.111213259436	0.108034987261	0.0966352341677	0.10012870689	0.100798508051	0.10049644086	0.0948622310945	0.0792335373381	0.0731921935331	0.0782616689869	0.0	0.0914475585091	0.100719707914	0.0355125948885	0.0436158756009	0.043773475874	0.102912978382	0.0466365475033	0.0553308292401	0.0498410863912	0.0744135956502	0.0797326048698	0.0881642194846	0.0634735100208	0.0721546584014	0.0569856321084	0.107233852539	0.0449686112789	0.0871923511334	0.0886501536603	0.0975414357385	0.10473851488	0.0721546584014	0.0977253027239	0.0477791494839	0.0625016416695
550534656-supragingivalplaque3.freeze11.snv.filtered.bam	0.1122113945	0.102203777153	0.0854324814163	0.143849649339	0.145753985974	0.133067163983	0.0877045520212	0.100207507026	0.101665309553	0.122179611778	0.118620472275	0.0783930025479	0.0740589950356	0.126881353261	0.130808226734	0.0833442777967	0.0858264820992	0.133658165007	0.137401171495	0.1294423577	0.11766173728	0.128207822227	0.134971500617	0.1348270337	0.124228415329	0.119658007407	0.117806204197	0.12358488088	0.0914475585091	0.0	0.136639436842	0.0785112027528	0.0809802736991	0.082030942187	0.12466181608	0.0853142812114	0.0910141577579	0.0861022825773	0.111869927241	0.11729400331	0.120577342334	0.098552704158	0.113314596412	0.091972892753	0.136836437183	0.0845262798456	0.114588531953	0.122704946022	0.122271545271	0.127354154081	0.106156917339	0.125003283339	0.0871266843529	0.099091171758
604812005-supragingivalplaque3.freeze11.snv.filtered.bam	0.12759055449	0.111830527173	0.0932599616506	0.16168474692	0.163654750335	0.14553071892	0.0947440308897	0.108875522051	0.10611751727	0.133369231173	0.130913293583	0.0827532767723	0.0784324026162	0.143836515983	0.148748391164	0.084723280187	0.0889653542066	0.147592655827	0.155104935515	0.145386252003	0.13529983452	0.147710856032	0.155341335925	0.144926584539	0.139502508471	0.129258490715	0.137401171495	0.144637650705	0.100719707914	0.136639436842	0.0	0.082438076226	0.0862861495627	0.0883218197578	0.143862782695	0.0879278190749	0.0958997662263	0.094389430275	0.111081925875	0.121260276851	0.136600036773	0.109072522392	0.124228415329	0.100391374012	0.153423865935	0.0898584224213	0.129035223661	0.132817630217	0.135378634656	0.146581387408	0.121536077329	0.145990386383	0.0935357621287	0.109952457251
675950834-supragingivalplaque3.freeze11.snv.filtered.bam	0.0756349977673	0.0506947545376	0.0292348506737	0.107680386646	0.109676656773	0.0796932048016	0.0338183919519	0.0445483438838	0.0248877098054	0.0635785768695	0.0640251109769	0.0175461637467	0.0144072916393	0.0948228310262	0.0982112368995	0.0184654986735	0.0225631057761	0.0785900028893	0.0991305718263	0.0982900370361	0.085931548948	0.0854981481968	0.0932730950067	0.0849465472407	0.081229807465	0.0546084946547	0.0842110792992	0.08942502167	0.0355125948885	0.0785112027528	0.082438076226	0.0	0.0244017756297	0.0225237057078	0.0913424916603	0.0245462425468	0.0347508602348	0.0289721835518	0.0517060229571	0.0571038323133	0.0722597252502	0.0447584775814	0.057064432245	0.0367733970739	0.091841559192	0.0243623755615	0.0696330540306	0.0669801160989	0.0838302119724	0.0938246959628	0.051824223162	0.0804155393869	0.0237057077566	0.0424732736203
706846339-supragingivalplaque1.freeze11.snv.filtered.bam	0.0771716004308	0.0503270205668	0.0339365921568	0.110096924168	0.11204066087	0.0886501536603	0.0378371989178	0.0501168868693	0.04886921804	0.0732709936697	0.0682277849282	0.0243886422736	0.0186756323711	0.0982243702556	0.101468309212	0.0297470515616	0.0333849912007	0.0861416826456	0.104081847075	0.101770376402	0.0867064169578	0.081899608626	0.0894381550261	0.0894512883822	0.0868246171627	0.0650101126842	0.0847495468992	0.0897533555725	0.0436158756009	0.0809802736991	0.0862861495627	0.0244017756297	0.0	0.00269233800005	0.0911586246749	0.0335163247616	0.0428672743033	0.0339497255129	0.0615954400988	0.0672559165769	0.0753723306454	0.0493945522839	0.068477318694	0.0437997425862	0.0961098999238	0.030206719025	0.072233458538	0.0741377951722	0.0874681516115	0.0931286280896	0.0541488271913	0.0789052034357	0.0332799243519	0.0443513435423
706846339-supragingivalplaque2.freeze11.snv.filtered.bam	0.0775787344698	0.0507735546742	0.0340416590055	0.110083790812	0.112066927583	0.0888734207139	0.0386383336398	0.0499592865961	0.0486984844107	0.0735073940795	0.0685692521867	0.0243492422054	0.0180583646345	0.0992487720312	0.102729111397	0.0289721835518	0.0325707231226	0.0863518163431	0.104357647553	0.103398912558	0.087533818392	0.0848283470358	0.092511360353	0.0910010244018	0.0868902839432	0.0641958446061	0.0857345486066	0.0909747576896	0.043773475874	0.082030942187	0.0883218197578	0.0225237057078	0.00269233800005	0.0	0.0779464684405	0.0324787896299	0.042827874235	0.0298258516981	0.0605710383231	0.0659425809671	0.0753985973576	0.0354731948202	0.0680570512989	0.0441412098448	0.0964119671141	0.0276719812981	0.0672953166452	0.073704394421	0.0879803524993	0.0827664101284	0.0547266948596	0.0808358067821	0.0326757899714	0.0444695437472
737052003-supragingivalplaque1.freeze11.snv.filtered.bam	0.121549210685	0.110385858002	0.0975283023824	0.152596464501	0.154802868325	0.140290509837	0.0973969688214	0.1111344593	0.112158861075	0.134419899661	0.130466759476	0.0899766226261	0.0846970134748	0.134971500617	0.139765175593	0.0927214940506	0.0947177641775	0.142207979827	0.144650784061	0.135864568832	0.123781881222	0.138622573612	0.145412518715	0.146174253369	0.134130965827	0.127721888051	0.126224685456	0.131858895222	0.102912978382	0.12466181608	0.143862782695	0.0913424916603	0.0911586246749	0.0779464684405	0.0	0.0975414357385	0.10234824407	0.0823461427333	0.122048278217	0.127485487642	0.125568017651	0.0387040004203	0.121825011163	0.103714113104	0.146239920149	0.0954269654067	0.122363478763	0.132463029603	0.130847626803	0.031953455386	0.117766804129	0.137414304851	0.0978041028604	0.107588453153
763496533-supragingivalplaque1.freeze11.snv.filtered.bam	0.0768432665283	0.0592708360694	0.0376401985763	0.113550996822	0.115521000236	0.0879672191432	0.0408578708203	0.0532557589766	0.0420136061569	0.0399910693179	0.0710120564209	0.0256625778151	0.0203435685955	0.0961492999921	0.0994589057288	0.0318483885372	0.034645793386	0.0836069449187	0.103451445983	0.0998660397678	0.0902524231042	0.0898978224896	0.0971737017677	0.083107877387	0.0471881484595	0.0656273804208	0.089819022353	0.0948622310945	0.0466365475033	0.0853142812114	0.0879278190749	0.0245462425468	0.0335163247616	0.0324787896299	0.0975414357385	0.0	0.0117806204197	0.0369572640593	0.060820572089	0.0664810485672	0.0772504005674	0.0533214257571	0.0672953166452	0.0410942712301	0.0949672979433	0.0322817892884	0.0784192692601	0.0745055291429	0.0880460192798	0.0995639725776	0.061897507289	0.0867589503822	0.0354994615324	0.0509311549473
763496533-supragingivalplaque2.freeze11.snv.filtered.bam	0.0786162696015	0.0678469176013	0.0478448162643	0.117412203514	0.119592340627	0.0950066980116	0.04886921804	0.0611883060597	0.0487510178351	0.0363662630349	0.0806388064406	0.0350135273568	0.0297470515616	0.101888576607	0.105132515563	0.041212471435	0.0438391426545	0.0933387617872	0.108796721914	0.104488981114	0.0956764991726	0.0971737017677	0.104305114129	0.0949410312311	0.0905938903627	0.0748995298259	0.0944813637677	0.0999185731922	0.0553308292401	0.0910141577579	0.0958997662263	0.0347508602348	0.0428672743033	0.042827874235	0.10234824407	0.0117806204197	0.0	0.0473851488009	0.0694229203331	0.0741640618844	0.0862204827822	0.0630401092695	0.0702897218355	0.0525071576791	0.101901709963	0.0416721388984	0.0843292795041	0.0845262798456	0.0950066980116	0.105263849124	0.0704079220404	0.0944419636994	0.0450999448399	0.0613721730451
763840445-supragingivalplaque2.freeze11.snv.filtered.bam	0.082569409787	0.059480969767	0.0345801266056	0.116991936119	0.118751805836	0.094520763836	0.0460061464107	0.0564077644401	0.0556854298547	0.0804024060308	0.0605185048987	0.028867116703	0.020002101337	0.102335110714	0.105736649944	0.0352105276982	0.0378765989861	0.0908565574847	0.107049985553	0.105644716451	0.0936408289774	0.0928659609677	0.0998529064117	0.096805967797	0.0904494234457	0.0718525912112	0.089950355914	0.0954269654067	0.0498410863912	0.0861022825773	0.094389430275	0.0289721835518	0.0339497255129	0.0298258516981	0.0823461427333	0.0369572640593	0.0473851488009	0.0	0.0674397835623	0.0730608599722	0.0803761393186	0.0387828005569	0.0731921935331	0.0491844185863	0.100260040451	0.0377583987812	0.082030942187	0.0805337395918	0.0918284258359	0.0803367392503	0.0629219090646	0.0887289537969	0.0392556013764	0.0518767565864
763901136-supragingivalplaque2.freeze11.snv.filtered.bam	0.106564051378	0.08780961887	0.0666255154842	0.137965905808	0.140198576344	0.112027527514	0.0708675895038	0.0828977436894	0.0779596017966	0.10396364687	0.102019910168	0.0531244254157	0.0486853510546	0.120682409183	0.124517349163	0.0579181003914	0.0613327729768	0.117740537417	0.130663759817	0.122849412939	0.114286464763	0.119946941241	0.127945155105	0.121536077329	0.115258333114	0.0933256284311	0.116033201124	0.122087678285	0.0744135956502	0.111869927241	0.111081925875	0.0517060229571	0.0615954400988	0.0605710383231	0.122048278217	0.060820572089	0.0694229203331	0.0674397835623	0.0	0.000407134039032	0.107549053085	0.0822936093089	0.0987103044312	0.0715899240892	0.125095216832	0.0606498384597	0.104029313651	0.100509574217	0.10928265609	0.124399148959	0.0751621969478	0.11766173728	0.064852512411	0.0835018780699
763901136-supragingivalplaque3.freeze11.snv.filtered.bam	0.111922460666	0.0936145622652	0.0720889916209	0.14307478133	0.145215518374	0.11873867248	0.07626539886	0.0881510861285	0.0840666123821	0.110622258412	0.1079036537	0.0593233694938	0.0549499619133	0.125856951485	0.129993958656	0.0638018439232	0.0670983163037	0.124162748549	0.135917102256	0.127459220929	0.119145806519	0.126894486617	0.134748233564	0.128378555856	0.121378477056	0.0998397730556	0.120695542539	0.127025820178	0.0797326048698	0.11729400331	0.121260276851	0.0571038323133	0.0672559165769	0.0659425809671	0.127485487642	0.0664810485672	0.0741640618844	0.0730608599722	0.000407134039032	0.0	0.113984397573	0.0881116860603	0.104423314334	0.0771059336503	0.131766961729	0.0662052480891	0.109177589241	0.106669118226	0.11352473011	0.129731291534	0.0828058101967	0.123913214783	0.0707756560111	0.0893856216017
763961826-supragingivalplaque1.freeze11.snv.filtered.bam	0.117110136324	0.0952168317092	0.0804418060991	0.148117990071	0.149969793281	0.133526831447	0.081636941504	0.0965170339629	0.0981981035434	0.122888813007	0.117766804129	0.0700007880014	0.0639463108403	0.129718158178	0.134630033359	0.0751096635234	0.0782091355625	0.131438627827	0.138176039505	0.132384229466	0.120958209661	0.131241627485	0.138215439573	0.138097239369	0.126040818471	0.116703002285	0.121102676578	0.126618686139	0.0881642194846	0.120577342334	0.136600036773	0.0722597252502	0.0753723306454	0.0753985973576	0.125568017651	0.0772504005674	0.0862204827822	0.0803761393186	0.107549053085	0.113984397573	0.0	0.0208426361272	0.113682330383	0.0879934858554	0.136534369993	0.0784455359723	0.117280869954	0.116860602558	0.120984476373	0.128247222295	0.105986183709	0.129232224003	0.0818864752699	0.0962412334848
763961826-supragingivalplaque2.freeze11.snv.filtered.bam	0.0937064957579	0.0719051246355	0.055317695884	0.128168422159	0.130387959339	0.108021853905	0.0578130335426	0.0713929237477	0.0713272569672	0.0968191011531	0.0925244937091	0.0428410075911	0.0380998660398	0.114194531271	0.118003204539	0.0489348848205	0.0521394237083	0.104869848441	0.118581072207	0.117385936802	0.103766646529	0.105644716451	0.114260198051	0.113419663261	0.10443644769	0.0866407501773	0.102597777836	0.108350187807	0.0634735100208	0.098552704158	0.109072522392	0.0447584775814	0.0493945522839	0.0354731948202	0.0387040004203	0.0533214257571	0.0630401092695	0.0387828005569	0.0822936093089	0.0881116860603	0.0208426361272	0.0	0.0878358855822	0.0637887105671	0.113340863124	0.0526384912401	0.0932205615823	0.0893724882456	0.0998135063434	0.0453626119619	0.0781828688503	0.104528381183	0.0541882272596	0.0675448504111
