	159227541-posteriorfornix2.freeze11.snv.filtered.bam	159227541-posteriorfornix3.freeze11.snv.filtered.bam	160319967-posteriorfornix2.freeze11.snv.filtered.bam	246515023-posteriorfornix1.freeze11.snv.filtered.bam	246515023-posteriorfornix2.freeze11.snv.filtered.bam	338793263-posteriorfornix1.freeze11.snv.filtered.bam	338793263-posteriorfornix2.freeze11.snv.filtered.bam	508703490-posteriorfornix1.freeze11.snv.filtered.bam	508703490-posteriorfornix2.freeze11.snv.filtered.bam	638754422-posteriorfornix2.freeze11.snv.filtered.bam	706846339-posteriorfornix1.freeze11.snv.filtered.bam	763820215-posteriorfornix1.freeze11.snv.filtered.bam	763820215-posteriorfornix2.freeze11.snv.filtered.bam	764143897-posteriorfornix1.freeze11.snv.filtered.bam	764143897-posteriorfornix2.freeze11.snv.filtered.bam	764588959-posteriorfornix1.freeze11.snv.filtered.bam	764649650-posteriorfornix2.freeze11.snv.filtered.bam	764811490-posteriorfornix1.freeze11.snv.filtered.bam	765013792-posteriorfornix3.freeze11.snv.filtered.bam	809635352-posteriorfornix2.freeze11.snv.filtered.bam	857980665-posteriorfornix2.freeze11.snv.filtered.bam	857980665-posteriorfornix3.freeze11.snv.filtered.bam
159227541-posteriorfornix2.freeze11.snv.filtered.bam	0.0	0.246200482273	0.304275705018	0.272872221934	0.281905406844	0.268581157071	0.27388542282	0.304426858197	0.311587225006	0.294570089643	0.270239031955	0.304962044147	0.306510940548	0.27656616333	0.27619300412	0.289398750768	0.295797794781	0.291673626631	0.251175345531	0.277276873897	0.286494608906	0.302507497915
159227541-posteriorfornix3.freeze11.snv.filtered.bam	0.246200482273	0.0	0.322541129442	0.282854816977	0.269120763698	0.264362184004	0.272393192159	0.292700144343	0.300415443022	0.305716437194	0.289182654359	0.284776564743	0.285977623611	0.254993284521	0.255036805082	0.287899183896	0.281876193954	0.279969565949	0.276272053221	0.260009155279	0.25809484933	0.272022650131
160319967-posteriorfornix2.freeze11.snv.filtered.bam	0.304275705018	0.322541129442	0.0	0.327692620022	0.328488672193	0.314940270494	0.318154645827	0.335705923835	0.340672887353	0.331115550614	0.280221177529	0.323566815653	0.324823627515	0.333495600572	0.33346622388	0.310383516949	0.328205279699	0.329081662706	0.323242567728	0.328522058999	0.313779854113	0.321315785384
246515023-posteriorfornix1.freeze11.snv.filtered.bam	0.272872221934	0.282854816977	0.327692620022	0.0	0.197576675868	0.273511648372	0.27703300479	0.31028040184	0.316476502626	0.29643731756	0.305060868716	0.28343350527	0.284915162681	0.289997822155	0.289903548116	0.281848366894	0.277593748602	0.290361820315	0.266192757747	0.302430647761	0.269836231813	0.282128386207
246515023-posteriorfornix2.freeze11.snv.filtered.bam	0.281905406844	0.269120763698	0.328488672193	0.197576675868	0.0	0.287744130546	0.292776933837	0.307417832862	0.313526270073	0.297641720636	0.302245116158	0.290212932258	0.291181669483	0.276196226197	0.276067398605	0.291265187333	0.281368212144	0.285133992467	0.279024234512	0.302218716483	0.271538564053	0.283950527591
338793263-posteriorfornix1.freeze11.snv.filtered.bam	0.268581157071	0.264362184004	0.314940270494	0.273511648372	0.287744130546	0.0	0.0276976203177	0.291461390912	0.299364558417	0.281645443125	0.279074565312	0.271249041436	0.272858020501	0.27668299192	0.276641243312	0.274564314169	0.291739526114	0.284673054784	0.251902703524	0.267898460506	0.246116842997	0.260850327197
338793263-posteriorfornix2.freeze11.snv.filtered.bam	0.27388542282	0.272393192159	0.318154645827	0.27703300479	0.292776933837	0.0276976203177	0.0	0.298127903805	0.305539590984	0.290060135183	0.284510047088	0.290169882367	0.29177122184	0.284544273472	0.284545936372	0.280785318402	0.297360123932	0.29193318836	0.266720178163	0.276643345278	0.264666164381	0.277450931999
508703490-posteriorfornix1.freeze11.snv.filtered.bam	0.304426858197	0.292700144343	0.335705923835	0.31028040184	0.307417832862	0.291461390912	0.298127903805	0.0	0.00108838874063	0.301638964726	0.303854319463	0.311211390972	0.312334635711	0.309558875789	0.309429740485	0.29623109344	0.294462984496	0.291871420804	0.295126989152	0.290032020598	0.290609817771	0.302420250218
508703490-posteriorfornix2.freeze11.snv.filtered.bam	0.311587225006	0.300415443022	0.340672887353	0.316476502626	0.313526270073	0.299364558417	0.305539590984	0.00108838874063	0.0	0.306680061387	0.310554908103	0.316489871743	0.317521279665	0.31687098909	0.316764307312	0.303143161494	0.299877263158	0.297890377541	0.301690539058	0.297069228611	0.298059879509	0.308964107566
638754422-posteriorfornix2.freeze11.snv.filtered.bam	0.294570089643	0.305716437194	0.331115550614	0.29643731756	0.297641720636	0.281645443125	0.290060135183	0.301638964726	0.306680061387	0.0	0.324162656316	0.296232569189	0.29784719541	0.30830548562	0.308407930632	0.290211745734	0.291671500268	0.302163968323	0.283235076495	0.301877735488	0.284867624995	0.294402938353
706846339-posteriorfornix1.freeze11.snv.filtered.bam	0.270239031955	0.289182654359	0.280221177529	0.305060868716	0.302245116158	0.279074565312	0.284510047088	0.303854319463	0.310554908103	0.324162656316	0.0	0.323804759615	0.325027035499	0.288261147772	0.288080111326	0.30201562857	0.311076664696	0.298995574182	0.301386606291	0.287210437677	0.300455467672	0.312060986236
763820215-posteriorfornix1.freeze11.snv.filtered.bam	0.304962044147	0.284776564743	0.323566815653	0.28343350527	0.290212932258	0.271249041436	0.290169882367	0.311211390972	0.316489871743	0.296232569189	0.323804759615	0.0	0.00246895942349	0.296989011033	0.296893692405	0.296311129738	0.304961297582	0.310803436802	0.222955963933	0.310284571055	0.119212240495	0.124024196309
763820215-posteriorfornix2.freeze11.snv.filtered.bam	0.306510940548	0.285977623611	0.324823627515	0.284915162681	0.291181669483	0.272858020501	0.29177122184	0.312334635711	0.317521279665	0.29784719541	0.325027035499	0.00246895942349	0.0	0.29844996063	0.298376569805	0.297774066695	0.30622991148	0.311964466391	0.224904438964	0.311511216824	0.120352760745	0.124747366985
764143897-posteriorfornix1.freeze11.snv.filtered.bam	0.27656616333	0.254993284521	0.333495600572	0.289997822155	0.276196226197	0.27668299192	0.284544273472	0.309558875789	0.31687098909	0.30830548562	0.288261147772	0.296989011033	0.29844996063	0.0	0.000841748751023	0.293069539126	0.296031626488	0.281619015217	0.284744470244	0.260355521083	0.270996698848	0.283095880284
764143897-posteriorfornix2.freeze11.snv.filtered.bam	0.27619300412	0.255036805082	0.33346622388	0.289903548116	0.276067398605	0.276641243312	0.284545936372	0.309429740485	0.316764307312	0.308407930632	0.288080111326	0.296893692405	0.298376569805	0.000841748751023	0.0	0.292994093535	0.295917780493	0.281245322883	0.284655642009	0.26042906607	0.271207670552	0.283316927416
764588959-posteriorfornix1.freeze11.snv.filtered.bam	0.289398750768	0.287899183896	0.310383516949	0.281848366894	0.291265187333	0.274564314169	0.280785318402	0.29623109344	0.303143161494	0.290211745734	0.30201562857	0.296311129738	0.297774066695	0.293069539126	0.292994093535	0.0	0.277662199451	0.28971732396	0.284233161115	0.281885047612	0.275621535211	0.289492292694
764649650-posteriorfornix2.freeze11.snv.filtered.bam	0.295797794781	0.281876193954	0.328205279699	0.277593748602	0.281368212144	0.291739526114	0.297360123932	0.294462984496	0.299877263158	0.291671500268	0.311076664696	0.304961297582	0.30622991148	0.296031626488	0.295917780493	0.277662199451	0.0	0.284385501079	0.275722743715	0.292028155394	0.29019743866	0.302678968963
764811490-posteriorfornix1.freeze11.snv.filtered.bam	0.291673626631	0.279969565949	0.329081662706	0.290361820315	0.285133992467	0.284673054784	0.29193318836	0.291871420804	0.297890377541	0.302163968323	0.298995574182	0.310803436802	0.311964466391	0.281619015217	0.281245322883	0.28971732396	0.284385501079	0.0	0.292558802738	0.282222201277	0.291248024584	0.305082114442
765013792-posteriorfornix3.freeze11.snv.filtered.bam	0.251175345531	0.276272053221	0.323242567728	0.266192757747	0.279024234512	0.251902703524	0.266720178163	0.295126989152	0.301690539058	0.283235076495	0.301386606291	0.222955963933	0.224904438964	0.284744470244	0.284655642009	0.284233161115	0.275722743715	0.292558802738	0.0	0.289143815529	0.210947584323	0.224399620051
809635352-posteriorfornix2.freeze11.snv.filtered.bam	0.277276873897	0.260009155279	0.328522058999	0.302430647761	0.302218716483	0.267898460506	0.276643345278	0.290032020598	0.297069228611	0.301877735488	0.287210437677	0.310284571055	0.311511216824	0.260355521083	0.26042906607	0.281885047612	0.292028155394	0.282222201277	0.289143815529	0.0	0.279563125206	0.295432705365
857980665-posteriorfornix2.freeze11.snv.filtered.bam	0.286494608906	0.25809484933	0.313779854113	0.269836231813	0.271538564053	0.246116842997	0.264666164381	0.290609817771	0.298059879509	0.284867624995	0.300455467672	0.119212240495	0.120352760745	0.270996698848	0.271207670552	0.275621535211	0.29019743866	0.291248024584	0.210947584323	0.279563125206	0.0	0.000508328756564
857980665-posteriorfornix3.freeze11.snv.filtered.bam	0.302507497915	0.272022650131	0.321315785384	0.282128386207	0.283950527591	0.260850327197	0.277450931999	0.302420250218	0.308964107566	0.294402938353	0.312060986236	0.124024196309	0.124747366985	0.283095880284	0.283316927416	0.289492292694	0.302678968963	0.305082114442	0.224399620051	0.295432705365	0.000508328756564	0.0
