	158479027-stool1.freeze11.snv.filtered.bam	158479027-stool2.freeze11.snv.filtered.bam	158944319-stool1.freeze11.snv.filtered.bam	158944319-stool3.freeze11.snv.filtered.bam	159207311-stool2.freeze11.snv.filtered.bam	159207311-stool3.freeze11.snv.filtered.bam	159227541-stool1.freeze11.snv.filtered.bam	159227541-stool2.freeze11.snv.filtered.bam	159227541-stool3.freeze11.snv.filtered.bam	159490532-stool1.freeze11.snv.filtered.bam	159490532-stool2.freeze11.snv.filtered.bam	159551223-stool1.freeze11.snv.filtered.bam	159551223-stool2.freeze11.snv.filtered.bam	159571453-stool1.freeze11.snv.filtered.bam	159571453-stool2.freeze11.snv.filtered.bam	159611913-stool1.freeze11.snv.filtered.bam	159611913-stool2.freeze11.snv.filtered.bam	160158126-stool1.freeze11.snv.filtered.bam	160158126-stool2.freeze11.snv.filtered.bam	160178356-stool1.freeze11.snv.filtered.bam	160178356-stool2.freeze11.snv.filtered.bam	160178356-stool3.freeze11.snv.filtered.bam	160502038-stool1.freeze11.snv.filtered.bam	160502038-stool2.freeze11.snv.filtered.bam	160502038-stool3.freeze11.snv.filtered.bam	160582958-stool1.freeze11.snv.filtered.bam	160582958-stool2.freeze11.snv.filtered.bam	160582958-stool3.freeze11.snv.filtered.bam	160603188-stool1.freeze11.snv.filtered.bam	160603188-stool3.freeze11.snv.filtered.bam	675950834-stool1.freeze11.snv.filtered.bam	675950834-stool2.freeze11.snv.filtered.bam	706846339-stool1.freeze11.snv.filtered.bam	763496533-stool2.freeze11.snv.filtered.bam	763820215-stool3.freeze11.snv.filtered.bam	764042746-stool1.freeze11.snv.filtered.bam	764042746-stool2.freeze11.snv.filtered.bam	764062976-stool2.freeze11.snv.filtered.bam	764325968-stool1.freeze11.snv.filtered.bam	764325968-stool2.freeze11.snv.filtered.bam	764447348-stool1.freeze11.snv.filtered.bam	764447348-stool2.freeze11.snv.filtered.bam	764487809-stool1.freeze11.snv.filtered.bam	764487809-stool2.freeze11.snv.filtered.bam	764508039-stool1.freeze11.snv.filtered.bam	764508039-stool2.freeze11.snv.filtered.bam	764508039-stool3.freeze11.snv.filtered.bam	764669880-stool1.freeze11.snv.filtered.bam	764669880-stool2.freeze11.snv.filtered.bam	765640925-stool1.freeze11.snv.filtered.bam	765640925-stool2.freeze11.snv.filtered.bam	809635352-stool2.freeze11.snv.filtered.bam	809635352-stool3.freeze11.snv.filtered.bam	823052294-stool3.freeze11.snv.filtered.bam
158479027-stool1.freeze11.snv.filtered.bam	0.0	0.0015506765566	0.297954884921	0.28690376887	0.308719328529	0.304725910859	0.296126093052	0.296242946169	0.292755416324	0.304669942662	0.302985607363	0.297798543887	0.297716207174	0.305561801062	0.305497109917	0.234635366436	0.232707017323	0.296729466457	0.294164915506	0.308967193298	0.305721810758	0.30812003569	0.291581828765	0.286280332507	0.290639977917	0.309898780352	0.296520652695	0.301274778375	0.296918200397	0.208291762693	0.28962112723	0.288793663073	0.214922140347	0.290382460669	0.269888212049	0.300181392749	0.298513805449	0.288338768498	0.303393385836	0.301550539546	0.213762419097	0.21207834913	0.287956128184	0.287784407339	0.296111241424	0.298517165683	0.297172588141	0.286859497448	0.287314399953	0.232480121825	0.232305334912	0.226420999031	0.231956502796	0.297316772582
158479027-stool2.freeze11.snv.filtered.bam	0.0015506765566	0.0	0.297810254838	0.287041209269	0.308537775447	0.304877583027	0.295682136481	0.295741395374	0.29247473203	0.304438246913	0.30293942311	0.297535114063	0.297480316738	0.305477115013	0.30533822745	0.234371326672	0.232597379118	0.296365577781	0.293968590469	0.308783480209	0.305815116466	0.3082166015	0.291214605438	0.286449191289	0.290786007465	0.309628957719	0.296607858094	0.301360067687	0.296538372686	0.208393827192	0.289353661396	0.2888885371	0.214527797981	0.290223312649	0.27010087287	0.300297303324	0.298572275126	0.28798983368	0.303205087125	0.301472338067	0.21309093757	0.211630551983	0.28768343986	0.287489355056	0.295846590039	0.298615037389	0.297302859472	0.286696680896	0.287236274825	0.232013394649	0.232316620583	0.226188196184	0.231951693573	0.297364246033
158944319-stool1.freeze11.snv.filtered.bam	0.297954884921	0.297810254838	0.0	0.00191855470476	0.288451805137	0.284755797282	0.272875776318	0.27304206851	0.269330125051	0.205605016366	0.204160197816	0.274658334396	0.27452641729	0.203633532712	0.203720998265	0.287279366083	0.285539233867	0.304251543366	0.30172864149	0.289635613539	0.286447394908	0.288925898169	0.271058558402	0.266027467745	0.270375289099	0.290353617116	0.279971246786	0.282848775869	0.274182522007	0.284521151432	0.269418628587	0.268783996872	0.276066047532	0.272689267305	0.217715273984	0.209918683834	0.207913213905	0.297602585628	0.203410158632	0.201988878705	0.267610599713	0.266430465206	0.271407800931	0.271121734943	0.00779137886445	0.00749047113366	0.00725562972985	0.265452183454	0.266773957658	0.277588689645	0.277529884291	0.273019898772	0.278119283046	0.304212935592
158944319-stool3.freeze11.snv.filtered.bam	0.28690376887	0.287041209269	0.00191855470476	0.0	0.279902593952	0.275543306116	0.264116804039	0.264280393981	0.260045531779	0.19918967244	0.197368873622	0.265483874393	0.265267431486	0.196840054096	0.196915886194	0.27289599453	0.270732757383	0.294906039561	0.292010451133	0.280193195685	0.276256827082	0.279027836127	0.262253935544	0.255928852457	0.26099723839	0.28099605742	0.268656282378	0.271954560281	0.265589587724	0.272346968876	0.261614194747	0.260486472411	0.259416495629	0.264729834774	0.208427420825	0.202425462152	0.200432007295	0.287661570095	0.196433702171	0.194707556638	0.249284008431	0.247717757192	0.262037956072	0.261767428427	0.00734821565962	0.00668874249904	0.00641508738849	0.255725847651	0.256939491128	0.261361471944	0.260939774318	0.255476242543	0.261581007072	0.294444134412
159207311-stool2.freeze11.snv.filtered.bam	0.308719328529	0.308537775447	0.288451805137	0.279902593952	0.0	0.00162253739818	0.169775196415	0.169955334441	0.16797884407	0.290365913522	0.289052654725	0.172955711385	0.172661485416	0.289221066599	0.289638378355	0.285945547598	0.284443888891	0.297472452681	0.295307696423	0.299417650018	0.296185406298	0.29861697709	0.181186294547	0.177590060055	0.180254866073	0.300272147509	0.289758143825	0.292319363608	0.178964137708	0.294260319124	0.285934388355	0.28583605995	0.280849617773	0.283673341648	0.282199259074	0.287910026687	0.286443971571	0.295847864633	0.290071893966	0.288609099828	0.279841387762	0.278696169735	0.173693795906	0.173370257981	0.286825784735	0.289371011056	0.288052619591	0.168725768787	0.169677422967	0.284400251321	0.284257189166	0.280889002556	0.284515895897	0.301769037469
159207311-stool3.freeze11.snv.filtered.bam	0.304725910859	0.304877583027	0.284755797282	0.275543306116	0.00162253739818	0.0	0.165919966263	0.166213358397	0.16372928582	0.287311133131	0.285737479185	0.169177497742	0.16895417049	0.28601730641	0.286481521126	0.281478118675	0.279676482176	0.294448739962	0.292077060433	0.295641551209	0.291941009614	0.294532342555	0.177429193424	0.172869395583	0.175891611641	0.296635881487	0.285412442902	0.2880064953	0.175273365137	0.290067650563	0.282458466513	0.281876508574	0.275544322218	0.280487321754	0.27820887474	0.28437716002	0.282970236865	0.292403302924	0.286866457732	0.285263219872	0.274216972463	0.272854213462	0.169596925886	0.16933736734	0.283171653359	0.285445549294	0.284075801947	0.164338742567	0.165432532208	0.279321515646	0.278709813021	0.27531302673	0.27896402936	0.298135940317
159227541-stool1.freeze11.snv.filtered.bam	0.296126093052	0.295682136481	0.272875776318	0.264116804039	0.169775196415	0.165919966263	0.0	0.002034308691	0.00197503588671	0.290815915728	0.289425358595	0.0464555932715	0.046580707144	0.290354342396	0.290406200033	0.282492744074	0.280918887408	0.304786258192	0.30196295736	0.290353637708	0.287244560674	0.289675357245	0.0574714518349	0.0551893610983	0.0567154582316	0.290957535037	0.280612557714	0.283225117386	0.0378463650447	0.287660910021	0.278704680133	0.278175467678	0.27553001976	0.273793941088	0.284000430076	0.287882527884	0.286537581503	0.299226880618	0.287706805557	0.2863148212	0.270228118974	0.269386302998	0.0587634928217	0.0582781673435	0.271036428985	0.273973390925	0.272765339045	0.0468424250578	0.0467879951193	0.27626593981	0.276436294035	0.271744314528	0.276206211747	0.306616985435
159227541-stool2.freeze11.snv.filtered.bam	0.296242946169	0.295741395374	0.27304206851	0.264280393981	0.169955334441	0.166213358397	0.002034308691	0.0	0.00217825019	0.290986920663	0.289660614685	0.0466284247726	0.046776376986	0.290548453064	0.290593267957	0.282531091665	0.280979456885	0.304790984312	0.301980481466	0.290447244499	0.287394072664	0.28981328409	0.0577170090363	0.0555571130491	0.0570591575365	0.291065674046	0.280764075384	0.283389606859	0.0379800918463	0.2877297285	0.278845144332	0.278343341604	0.27557723716	0.27384960226	0.284164599232	0.288052862028	0.286730483089	0.299250844055	0.287880546335	0.286493219395	0.270303225658	0.269464347073	0.0590227091218	0.0585345695742	0.271127163837	0.274134124912	0.272918640481	0.0471508760006	0.0471101678872	0.276318323304	0.276603987715	0.271843427713	0.276373390843	0.306715634788
159227541-stool3.freeze11.snv.filtered.bam	0.292755416324	0.29247473203	0.269330125051	0.260045531779	0.16797884407	0.16372928582	0.00197503588671	0.00217825019	0.0	0.28757124654	0.286009407307	0.0456546737327	0.0457737225029	0.286973011988	0.287010462627	0.278264618648	0.276555303578	0.30164744341	0.298656984276	0.286798901633	0.283405056252	0.285971166924	0.0566271688953	0.0538666648634	0.0555822933256	0.287438446972	0.276479114601	0.27919473988	0.0374407362112	0.284041804974	0.275516151129	0.274845546918	0.270615963638	0.270702815137	0.280559770511	0.284402629138	0.283103003406	0.295944547773	0.284467129778	0.282882652546	0.265195499358	0.264133582504	0.0572971039766	0.0568263653283	0.267370189908	0.27029034891	0.268954716429	0.0454408470676	0.0453890910821	0.271704952524	0.271643493927	0.266765515556	0.271319787143	0.303380404143
159490532-stool1.freeze11.snv.filtered.bam	0.304669942662	0.304438246913	0.205605016366	0.19918967244	0.290365913522	0.287311133131	0.290815915728	0.290986920663	0.28757124654	0.0	0.00200754401722	0.289474819817	0.289250957293	0.0235335863252	0.0234999641419	0.289607904765	0.288149875888	0.30549131639	0.303274070759	0.294202124106	0.291345683331	0.293661996748	0.291074821394	0.286585942647	0.290548689061	0.294913623872	0.28527526821	0.288396981572	0.288120707353	0.291112952754	0.282962390168	0.282523558425	0.282781126042	0.283156219539	0.150546694224	0.0437079149564	0.0431603936404	0.297912705316	0.0311377986632	0.0313625671313	0.28053254041	0.279190233334	0.287982219533	0.287872784892	0.203958364143	0.205510450253	0.204571413447	0.283076284043	0.283464742228	0.280259305057	0.280416312149	0.276206635675	0.280113871128	0.306240688956
159490532-stool2.freeze11.snv.filtered.bam	0.302985607363	0.30293942311	0.204160197816	0.197368873622	0.289052654725	0.285737479185	0.289425358595	0.289660614685	0.286009407307	0.00200754401722	0.0	0.288115676377	0.287848413258	0.0233754251047	0.0234133175498	0.287832591745	0.28618963309	0.304175090618	0.301763324462	0.292769771426	0.28974053672	0.292144831311	0.289823567575	0.284955149167	0.288997459589	0.293555060608	0.283524984864	0.286712898185	0.28683207166	0.289651688847	0.281651419509	0.280994419223	0.280787202289	0.282150287816	0.149517637164	0.0431702840239	0.0427310872814	0.296558183933	0.0310730831455	0.0311368129172	0.278367092628	0.276789739269	0.286487017184	0.286333800147	0.202560914709	0.204032281313	0.202988810643	0.281420129692	0.281724859702	0.278337267497	0.278209533136	0.273934203824	0.277850006869	0.304881878576
159551223-stool1.freeze11.snv.filtered.bam	0.297798543887	0.297535114063	0.274658334396	0.265483874393	0.172955711385	0.169177497742	0.0464555932715	0.0466284247726	0.0456546737327	0.289474819817	0.288115676377	0.0	0.00205009961837	0.288542404999	0.288813207457	0.280235077899	0.278481152965	0.30552331163	0.302588663111	0.293472138581	0.290070628667	0.292653896346	0.0470753306238	0.0455732133625	0.046419082163	0.294059227458	0.283082413584	0.286147721806	0.057720651922	0.287306643927	0.2812185453	0.280896018654	0.272777969544	0.274630175249	0.282062322115	0.285682070825	0.284748052902	0.301230175601	0.288909136182	0.287830391408	0.267448460221	0.266028094082	0.0663661170196	0.0660517708988	0.273089870659	0.276053884467	0.27465672208	0.0534050467643	0.0535538846566	0.274082251418	0.27412365584	0.269031498739	0.273768374091	0.308433957341
159551223-stool2.freeze11.snv.filtered.bam	0.297716207174	0.297480316738	0.27452641729	0.265267431486	0.172661485416	0.16895417049	0.046580707144	0.046776376986	0.0457737225029	0.289250957293	0.287848413258	0.00205009961837	0.0	0.288192996189	0.288492788531	0.279730499516	0.27792608977	0.305243266049	0.302255005506	0.293062715642	0.289600350106	0.292201070747	0.0472909508832	0.0457715309177	0.0466643196438	0.293637268688	0.282680413385	0.285693593965	0.0578150722307	0.287097408843	0.280982616115	0.280638031701	0.272386169365	0.274361734587	0.281848381019	0.285341448857	0.284279118143	0.300751789112	0.288671391327	0.287464810205	0.267063025198	0.265536137797	0.0664294898961	0.0660365941464	0.272924667838	0.275862787382	0.274488410012	0.053351464565	0.0534710206131	0.273812489375	0.273815907974	0.268531195203	0.273473614703	0.308028217521
159571453-stool1.freeze11.snv.filtered.bam	0.305561801062	0.305477115013	0.203633532712	0.196840054096	0.289221066599	0.28601730641	0.290354342396	0.290548453064	0.286973011988	0.0235335863252	0.0233754251047	0.288542404999	0.288192996189	0.0	0.00229897771867	0.287482329037	0.285824119482	0.303541144906	0.301219403177	0.297214732229	0.294172941393	0.296543244686	0.290629483456	0.28585730433	0.289912140102	0.298001309981	0.287935578783	0.291206234396	0.287471390772	0.291200207897	0.281160771834	0.280501651893	0.280170462534	0.281758194722	0.150858874503	0.0384405821627	0.0380203282648	0.295188141395	0.0197193095843	0.019709611209	0.277985518095	0.276482079405	0.28643053674	0.286362067307	0.201673584842	0.203287914099	0.202277195926	0.282096406933	0.282604154744	0.279129251556	0.279085762789	0.274509239935	0.27840737209	0.303875572783
159571453-stool2.freeze11.snv.filtered.bam	0.305497109917	0.30533822745	0.203720998265	0.196915886194	0.289638378355	0.286481521126	0.290406200033	0.290593267957	0.287010462627	0.0234999641419	0.0234133175498	0.288813207457	0.288492788531	0.00229897771867	0.0	0.287698751729	0.286093067556	0.303556184858	0.301204781051	0.297295644676	0.294322700285	0.296701725302	0.290846792907	0.286111969044	0.290219043703	0.298051819896	0.288110303177	0.291306406525	0.287531038296	0.29132846489	0.281169775187	0.280544432133	0.280224090873	0.281830040139	0.15061668809	0.0385157233197	0.0380218026103	0.29523733831	0.0198766122689	0.0198300193365	0.278062776658	0.276577742605	0.286467614576	0.2863838527	0.201683648204	0.203365328913	0.202392448721	0.282162204399	0.282724270337	0.27924156383	0.279293513853	0.274791438236	0.278644629742	0.304041581533
159611913-stool1.freeze11.snv.filtered.bam	0.234635366436	0.234371326672	0.287279366083	0.27289599453	0.285945547598	0.281478118675	0.282492744074	0.282531091665	0.278264618648	0.289607904765	0.287832591745	0.280235077899	0.279730499516	0.287482329037	0.287698751729	0.0	0.00210870134615	0.277325786473	0.274020402614	0.291486802285	0.287598874856	0.290718009097	0.284026287811	0.277696123316	0.283270366973	0.29247388512	0.276722103542	0.282617562717	0.286687518181	0.216150747462	0.279732709318	0.278967148228	0.142552451721	0.281589534365	0.270992904105	0.28054523777	0.279137225911	0.271320820872	0.286305994428	0.28416097654	0.156664951428	0.154779936785	0.268332218134	0.268290445986	0.28575959052	0.288895056397	0.287525529962	0.271488872335	0.273167462546	0.162764358824	0.162621282929	0.157299337739	0.163459775389	0.278052219117
159611913-stool2.freeze11.snv.filtered.bam	0.232707017323	0.232597379118	0.285539233867	0.270732757383	0.284443888891	0.279676482176	0.280918887408	0.280979456885	0.276555303578	0.288149875888	0.28618963309	0.278481152965	0.27792608977	0.285824119482	0.286093067556	0.00210870134615	0.0	0.276557514513	0.27302808212	0.289972736241	0.285957089719	0.289151229274	0.282261341462	0.275616248608	0.281294740782	0.29102674734	0.275004286715	0.280910009295	0.285052573864	0.21405987104	0.278119110904	0.277257744321	0.140355626755	0.280419313379	0.269036440486	0.278742849971	0.27730403548	0.270083795883	0.284690610501	0.282469137481	0.153789268745	0.151678834901	0.266508507717	0.2664304174	0.283891081312	0.286979195092	0.285558620462	0.269730691716	0.271389656376	0.160332159036	0.160024373466	0.154558522867	0.160817400457	0.276973954132
160158126-stool1.freeze11.snv.filtered.bam	0.296729466457	0.296365577781	0.304251543366	0.294906039561	0.297472452681	0.294448739962	0.304786258192	0.304790984312	0.30164744341	0.30549131639	0.304175090618	0.30552331163	0.305243266049	0.303541144906	0.303556184858	0.277325786473	0.276557514513	0.0	0.00246247346721	0.292383687337	0.289853473035	0.292045710131	0.308121542149	0.303758150065	0.307642963819	0.293057850596	0.283386104793	0.286403099874	0.307265078652	0.284246177003	0.297845565849	0.297361796096	0.273817456462	0.295402315014	0.297656338275	0.301981363364	0.300800678005	0.0391967095715	0.301907246236	0.300583631807	0.277338262918	0.276319540204	0.297548573623	0.297472147853	0.303830104264	0.306097843519	0.305044500602	0.297457743386	0.298692003778	0.279964080478	0.280177845365	0.276556407273	0.280408685808	0.0423426389798
160158126-stool2.freeze11.snv.filtered.bam	0.294164915506	0.293968590469	0.30172864149	0.292010451133	0.295307696423	0.292077060433	0.30196295736	0.301980481466	0.298656984276	0.303274070759	0.301763324462	0.302588663111	0.302255005506	0.301219403177	0.301204781051	0.274020402614	0.27302808212	0.00246247346721	0.0	0.289526076054	0.286831414309	0.289136911016	0.305356703949	0.300607888073	0.304682392721	0.29029123049	0.280182856738	0.283253086099	0.304538521101	0.281232001541	0.295079504386	0.294596868586	0.270233137561	0.292616326861	0.29478641742	0.299377836928	0.298151656162	0.0376904278205	0.299622807232	0.298146609088	0.273188872741	0.271917441839	0.294432224051	0.294314313839	0.301418259308	0.30361667928	0.302459804482	0.294110006202	0.295279572067	0.276319178876	0.276348935239	0.272531626204	0.276572851056	0.0408158458463
160178356-stool1.freeze11.snv.filtered.bam	0.308967193298	0.308783480209	0.289635613539	0.280193195685	0.299417650018	0.295641551209	0.290353637708	0.290447244499	0.286798901633	0.294202124106	0.292769771426	0.293472138581	0.293062715642	0.297214732229	0.297295644676	0.291486802285	0.289972736241	0.292383687337	0.289526076054	0.0	0.00187552618215	0.0018470788082	0.295825905144	0.290737687483	0.295047254108	0.00297292350817	0.00206342660823	0.00204377906401	0.292049588136	0.294164026473	0.282967111942	0.282345892399	0.281922979613	0.283142732149	0.285739218432	0.286339959148	0.284408671298	0.284750522204	0.295305640175	0.293771618354	0.278083499374	0.276923525437	0.286857658262	0.286597501919	0.288045628841	0.29043508736	0.289008002528	0.283234095946	0.283802205765	0.281920224051	0.281835732817	0.278024467062	0.282096199877	0.290189172993
160178356-stool2.freeze11.snv.filtered.bam	0.305721810758	0.305815116466	0.286447394908	0.276256827082	0.296185406298	0.291941009614	0.287244560674	0.287394072664	0.283405056252	0.291345683331	0.28974053672	0.290070628667	0.289600350106	0.294172941393	0.294322700285	0.287598874856	0.285957089719	0.289853473035	0.286831414309	0.00187552618215	0.0	0.000930158663581	0.292691404159	0.286964550273	0.291445906991	0.00260931177096	0.00119063395273	0.00117049570005	0.288938778631	0.290608269125	0.280048546582	0.279052822843	0.277499378842	0.280812016273	0.282277424761	0.283105209438	0.281260078778	0.28197507133	0.292169008984	0.290600232778	0.273543584878	0.272213093494	0.283484121445	0.283283943005	0.284830852527	0.286975160332	0.285489330927	0.279651051315	0.280304900592	0.277667794877	0.277198448823	0.273497845332	0.277594483302	0.287198254349
160178356-stool3.freeze11.snv.filtered.bam	0.30812003569	0.3082166015	0.288925898169	0.279027836127	0.29861697709	0.294532342555	0.289675357245	0.28981328409	0.285971166924	0.293661996748	0.292144831311	0.292653896346	0.292201070747	0.296543244686	0.296701725302	0.290718009097	0.289151229274	0.292045710131	0.289136911016	0.0018470788082	0.000930158663581	0.0	0.295103955484	0.289540126134	0.293885715084	0.00258360609184	0.0011620774133	0.00114219032121	0.291389014687	0.293417406127	0.282159244015	0.281226726775	0.281078734663	0.282761553734	0.284933883588	0.285529524931	0.283685809092	0.28435834209	0.294594243215	0.293066753152	0.277534936919	0.276258299129	0.286235404446	0.286024860391	0.28740946962	0.289478277241	0.288006122606	0.282290437988	0.28292085552	0.281044920798	0.280579912925	0.277023988945	0.281000114715	0.28929812045
160502038-stool1.freeze11.snv.filtered.bam	0.291581828765	0.291214605438	0.271058558402	0.262253935544	0.181186294547	0.177429193424	0.0574714518349	0.0577170090363	0.0566271688953	0.291074821394	0.289823567575	0.0470753306238	0.0472909508832	0.290629483456	0.290846792907	0.284026287811	0.282261341462	0.308121542149	0.305356703949	0.295825905144	0.292691404159	0.295103955484	0.0	0.00176081501633	0.00169332793335	0.296554285857	0.285755038672	0.288826022907	0.0681867862872	0.28766271587	0.28036691263	0.279998565098	0.272400592311	0.277100327194	0.282689086884	0.286663039673	0.285485363135	0.302133456362	0.289952909753	0.288549057031	0.266219743369	0.26519848059	0.0788633615024	0.0784523717177	0.269411577619	0.272346454133	0.271043819181	0.0650359528113	0.0650666910254	0.276199698028	0.276359432765	0.271892015174	0.276421234028	0.309934884513
160502038-stool2.freeze11.snv.filtered.bam	0.286280332507	0.286449191289	0.266027467745	0.255928852457	0.177590060055	0.172869395583	0.0551893610983	0.0555571130491	0.0538666648634	0.286585942647	0.284955149167	0.0455732133625	0.0457715309177	0.28585730433	0.286111969044	0.277696123316	0.275616248608	0.303758150065	0.300607888073	0.290737687483	0.286964550273	0.289540126134	0.00176081501633	0.0	0.000884441183531	0.29154011041	0.279693317072	0.282950050026	0.0660830757285	0.281586482635	0.275679463966	0.274815173632	0.26511070426	0.273021004458	0.277448209167	0.281609765525	0.280488959842	0.29734023179	0.285341994597	0.283643330938	0.259138161751	0.257747956893	0.0756603954532	0.075284156289	0.264325028334	0.266889308089	0.265481637342	0.0617044212401	0.0617249843762	0.269689980731	0.269183398897	0.264494521064	0.269170212412	0.304795272052
160502038-stool3.freeze11.snv.filtered.bam	0.290639977917	0.290786007465	0.270375289099	0.26099723839	0.180254866073	0.175891611641	0.0567154582316	0.0570591575365	0.0555822933256	0.290548689061	0.288997459589	0.046419082163	0.0466643196438	0.289912140102	0.290219043703	0.283270366973	0.281294740782	0.307642963819	0.304682392721	0.295047254108	0.291445906991	0.293885715084	0.00169332793335	0.000884441183531	0.0	0.295882839015	0.284466303688	0.287545556766	0.067506412249	0.286415622029	0.279717538361	0.278892378079	0.271597402407	0.276560446082	0.281362758864	0.28575182946	0.28466715052	0.301620393926	0.289367857142	0.287856805617	0.26566282893	0.26435571123	0.0779637437007	0.0775672708094	0.268818127122	0.271213880686	0.2698728434	0.0639184529617	0.0639022897456	0.275438632447	0.274923526435	0.270801366785	0.275013211606	0.30889572812
160582958-stool1.freeze11.snv.filtered.bam	0.309898780352	0.309628957719	0.290353617116	0.28099605742	0.300272147509	0.296635881487	0.290957535037	0.291065674046	0.287438446972	0.294913623872	0.293555060608	0.294059227458	0.293637268688	0.298001309981	0.298051819896	0.29247388512	0.29102674734	0.293057850596	0.29029123049	0.00297292350817	0.00260931177096	0.00258360609184	0.296554285857	0.29154011041	0.295882839015	0.0	0.00234243148404	0.00234922222501	0.29273555898	0.295054196324	0.283617121881	0.283001912799	0.28315036039	0.283791405436	0.286838437877	0.287158597506	0.285261823005	0.285381984148	0.29602192363	0.294544405572	0.27913307245	0.278031088282	0.287546341634	0.287313466736	0.288773191579	0.291206474362	0.289815708674	0.283865114435	0.284435481923	0.282930409306	0.282941784077	0.279199503869	0.283279407014	0.290798688269
160582958-stool2.freeze11.snv.filtered.bam	0.296520652695	0.296607858094	0.279971246786	0.268656282378	0.289758143825	0.285412442902	0.280612557714	0.280764075384	0.276479114601	0.28527526821	0.283524984864	0.283082413584	0.282680413385	0.287935578783	0.288110303177	0.276722103542	0.275004286715	0.283386104793	0.280182856738	0.00206342660823	0.00119063395273	0.0011620774133	0.285755038672	0.279693317072	0.284466303688	0.00234243148404	0.0	0.000936362528836	0.28214072837	0.282366064939	0.273994943617	0.272799843698	0.265025475337	0.274792097795	0.275023015818	0.276728536199	0.274778043468	0.274654661971	0.286042446327	0.284326709072	0.26046506409	0.258930374459	0.276391173001	0.276203864265	0.278042574929	0.280384224927	0.278876155337	0.272481673719	0.272983813677	0.265915523183	0.265492358793	0.261023119057	0.265874018304	0.280425807462
160582958-stool3.freeze11.snv.filtered.bam	0.301274778375	0.301360067687	0.282848775869	0.271954560281	0.292319363608	0.2880064953	0.283225117386	0.283389606859	0.27919473988	0.288396981572	0.286712898185	0.286147721806	0.285693593965	0.291206234396	0.291306406525	0.282617562717	0.280910009295	0.286403099874	0.283253086099	0.00204377906401	0.00117049570005	0.00114219032121	0.288826022907	0.282950050026	0.287545556766	0.00234922222501	0.000936362528836	0.0	0.285104847541	0.286399232254	0.276281354125	0.275220394532	0.271254518204	0.277586566439	0.278651743981	0.280127582626	0.278325532479	0.277978439081	0.289099828257	0.287490131102	0.266761663164	0.265311247073	0.279516373773	0.279277695416	0.281149152542	0.28342533012	0.281903265659	0.275633895218	0.276312903918	0.271399844719	0.270954298622	0.266897845855	0.271371570783	0.283331094087
160603188-stool1.freeze11.snv.filtered.bam	0.296918200397	0.296538372686	0.274182522007	0.265589587724	0.178964137708	0.175273365137	0.0378463650447	0.0379800918463	0.0374407362112	0.288120707353	0.28683207166	0.057720651922	0.0578150722307	0.287471390772	0.287531038296	0.286687518181	0.285052573864	0.307265078652	0.304538521101	0.292049588136	0.288938778631	0.291389014687	0.0681867862872	0.0660830757285	0.067506412249	0.29273555898	0.28214072837	0.285104847541	0.0	0.288130824482	0.28142713973	0.280967471917	0.279082958671	0.277420587853	0.281010701248	0.285982298029	0.284636367548	0.302281353483	0.285593559174	0.284288715689	0.272911637584	0.272026864694	0.0694846479821	0.0689792638533	0.27241000193	0.275229208052	0.274050957944	0.0583099080181	0.0585349543612	0.278000335458	0.278116690036	0.273738716791	0.277864695635	0.310013000724
160603188-stool3.freeze11.snv.filtered.bam	0.208291762693	0.208393827192	0.284521151432	0.272346968876	0.294260319124	0.290067650563	0.287660910021	0.2877297285	0.284041804974	0.291112952754	0.289651688847	0.287306643927	0.287097408843	0.291200207897	0.29132846489	0.216150747462	0.21405987104	0.284246177003	0.281232001541	0.294164026473	0.290608269125	0.293417406127	0.28766271587	0.281586482635	0.286415622029	0.295054196324	0.282366064939	0.286399232254	0.288130824482	0.0	0.277626202428	0.276609978026	0.200166339813	0.281091829963	0.260142577155	0.289293378939	0.287702978527	0.275078576447	0.288120885052	0.286046936845	0.196144290808	0.194368087796	0.278908160232	0.278898869532	0.283391612756	0.285777031811	0.284542177667	0.281439700526	0.282745317352	0.216538590901	0.216002119458	0.209965540874	0.214859382999	0.2818650472
675950834-stool1.freeze11.snv.filtered.bam	0.28962112723	0.289353661396	0.269418628587	0.261614194747	0.285934388355	0.282458466513	0.278704680133	0.278845144332	0.275516151129	0.282962390168	0.281651419509	0.2812185453	0.280982616115	0.281160771834	0.281169775187	0.279732709318	0.278119110904	0.297845565849	0.295079504386	0.282967111942	0.280048546582	0.282159244015	0.28036691263	0.275679463966	0.279717538361	0.283617121881	0.273994943617	0.276281354125	0.28142713973	0.277626202428	0.0	0.00153276253659	0.268571378632	0.262552296523	0.274456508595	0.279465308084	0.278078373777	0.289188204967	0.280588212673	0.278697044229	0.267733491998	0.266416670745	0.277793405784	0.277719362022	0.266625211233	0.268990570896	0.267821239995	0.2720187522	0.272901513788	0.272393965219	0.272360438579	0.269035674419	0.273670516221	0.295714803286
675950834-stool2.freeze11.snv.filtered.bam	0.288793663073	0.2888885371	0.268783996872	0.260486472411	0.28583605995	0.281876508574	0.278175467678	0.278343341604	0.274845546918	0.282523558425	0.280994419223	0.280896018654	0.280638031701	0.280501651893	0.280544432133	0.278967148228	0.277257744321	0.297361796096	0.294596868586	0.282345892399	0.279052822843	0.281226726775	0.279998565098	0.274815173632	0.278892378079	0.283001912799	0.272799843698	0.275220394532	0.280967471917	0.276609978026	0.00153276253659	0.0	0.267784699212	0.262140727964	0.273396058776	0.278578940472	0.277472511821	0.288682009821	0.280109970742	0.278126108636	0.267172670048	0.265671194287	0.277345952849	0.277199508428	0.266070770822	0.267897403735	0.266879966574	0.271397044866	0.272361134856	0.271767811391	0.271269186178	0.268058341796	0.272529262735	0.294606689844
706846339-stool1.freeze11.snv.filtered.bam	0.214922140347	0.214527797981	0.276066047532	0.259416495629	0.280849617773	0.275544322218	0.27553001976	0.27557723716	0.270615963638	0.282781126042	0.280787202289	0.272777969544	0.272386169365	0.280170462534	0.280224090873	0.142552451721	0.140355626755	0.273817456462	0.270233137561	0.281922979613	0.277499378842	0.281078734663	0.272400592311	0.26511070426	0.271597402407	0.28315036039	0.265025475337	0.271254518204	0.279082958671	0.200166339813	0.268571378632	0.267784699212	0.0	0.273323455257	0.258219598618	0.272468139193	0.271148156642	0.266905957677	0.279568227649	0.277228006579	0.109280872645	0.106897315648	0.262005798664	0.261809682742	0.273491112784	0.277390060219	0.275749060696	0.262729128689	0.264133692896	0.12415034406	0.124057908039	0.116980181153	0.124648323788	0.273809029853
763496533-stool2.freeze11.snv.filtered.bam	0.290382460669	0.290223312649	0.272689267305	0.264729834774	0.283673341648	0.280487321754	0.273793941088	0.27384960226	0.270702815137	0.283156219539	0.282150287816	0.274630175249	0.274361734587	0.281758194722	0.281830040139	0.281589534365	0.280419313379	0.295402315014	0.292616326861	0.283142732149	0.280812016273	0.282761553734	0.277100327194	0.273021004458	0.276560446082	0.283791405436	0.274792097795	0.277586566439	0.277420587853	0.281091829963	0.262552296523	0.262140727964	0.273323455257	0.0	0.276650612634	0.281197243822	0.278722606917	0.289383867127	0.282028237043	0.280467050259	0.26726606425	0.266083063067	0.273410674539	0.273210228541	0.271206829979	0.273242966827	0.272363516573	0.268980623755	0.269650570932	0.276238577691	0.276249538572	0.272885317002	0.276697430573	0.295958786411
763820215-stool3.freeze11.snv.filtered.bam	0.269888212049	0.27010087287	0.217715273984	0.208427420825	0.282199259074	0.27820887474	0.284000430076	0.284164599232	0.280559770511	0.150546694224	0.149517637164	0.282062322115	0.281848381019	0.150858874503	0.15061668809	0.270992904105	0.269036440486	0.297656338275	0.29478641742	0.285739218432	0.282277424761	0.284933883588	0.282689086884	0.277448209167	0.281362758864	0.286838437877	0.275023015818	0.278651743981	0.281010701248	0.260142577155	0.274456508595	0.273396058776	0.258219598618	0.276650612634	0.0	0.159310285143	0.158134676261	0.288361390704	0.152279314268	0.151013866369	0.251511790763	0.25000824878	0.277884843077	0.277757260676	0.215776096343	0.217504676588	0.216403610452	0.274261996861	0.274707777733	0.258599342315	0.258078449899	0.254228479008	0.259180577385	0.29588967786
764042746-stool1.freeze11.snv.filtered.bam	0.300181392749	0.300297303324	0.209918683834	0.202425462152	0.287910026687	0.28437716002	0.287882527884	0.288052862028	0.284402629138	0.0437079149564	0.0431702840239	0.285682070825	0.285341448857	0.0384405821627	0.0385157233197	0.28054523777	0.278742849971	0.301981363364	0.299377836928	0.286339959148	0.283105209438	0.285529524931	0.286663039673	0.281609765525	0.28575182946	0.287158597506	0.276728536199	0.280127582626	0.285982298029	0.289293378939	0.279465308084	0.278578940472	0.272468139193	0.281197243822	0.159310285143	0.0	0.002088008533	0.292029725351	0.0425565392829	0.0422593289785	0.271001178904	0.269313699846	0.283225912898	0.283130079851	0.208129288881	0.209600984979	0.208498716025	0.278696065785	0.279103655322	0.272554148122	0.272320186015	0.267321996142	0.271788221627	0.29994301746
764042746-stool2.freeze11.snv.filtered.bam	0.298513805449	0.298572275126	0.207913213905	0.200432007295	0.286443971571	0.282970236865	0.286537581503	0.286730483089	0.283103003406	0.0431603936404	0.0427310872814	0.284748052902	0.284279118143	0.0380203282648	0.0380218026103	0.279137225911	0.27730403548	0.300800678005	0.298151656162	0.284408671298	0.281260078778	0.283685809092	0.285485363135	0.280488959842	0.28466715052	0.285261823005	0.274778043468	0.278325532479	0.284636367548	0.287702978527	0.278078373777	0.277472511821	0.271148156642	0.278722606917	0.158134676261	0.002088008533	0.0	0.291034513847	0.0422012563106	0.0419344319785	0.269961231514	0.268348054923	0.281951050557	0.281816892967	0.206045199439	0.207732132355	0.206619159543	0.277517098641	0.277742204839	0.27093485911	0.270822716588	0.265915141178	0.270316684468	0.299034708445
764062976-stool2.freeze11.snv.filtered.bam	0.288338768498	0.28798983368	0.297602585628	0.287661570095	0.295847864633	0.292403302924	0.299226880618	0.299250844055	0.295944547773	0.297912705316	0.296558183933	0.301230175601	0.300751789112	0.295188141395	0.29523733831	0.271320820872	0.270083795883	0.0391967095715	0.0376904278205	0.284750522204	0.28197507133	0.28435834209	0.302133456362	0.29734023179	0.301620393926	0.285381984148	0.274654661971	0.277978439081	0.302281353483	0.275078576447	0.289188204967	0.288682009821	0.266905957677	0.289383867127	0.288361390704	0.292029725351	0.291034513847	0.0	0.293233939934	0.291700122861	0.265733035642	0.264445608812	0.290876489673	0.290611878753	0.2964447366	0.29891123966	0.297737498682	0.292479393958	0.293482915537	0.270667808411	0.270923276109	0.26636747231	0.271153980371	0.0170033681957
764325968-stool1.freeze11.snv.filtered.bam	0.303393385836	0.303205087125	0.203410158632	0.196433702171	0.290071893966	0.286866457732	0.287706805557	0.287880546335	0.284467129778	0.0311377986632	0.0310730831455	0.288909136182	0.288671391327	0.0197193095843	0.0198766122689	0.286305994428	0.284690610501	0.301907246236	0.299622807232	0.295305640175	0.292169008984	0.294594243215	0.289952909753	0.285341994597	0.289367857142	0.29602192363	0.286042446327	0.289099828257	0.285593559174	0.288120885052	0.280588212673	0.280109970742	0.279568227649	0.282028237043	0.152279314268	0.0425565392829	0.0422012563106	0.293233939934	0.0	0.00210707816167	0.277067497013	0.275833972172	0.284479192446	0.284359003659	0.201705401717	0.203400205386	0.202363428387	0.281161019829	0.281412961034	0.276214658322	0.276370326027	0.272278722222	0.276119862247	0.301788933749
764325968-stool2.freeze11.snv.filtered.bam	0.301550539546	0.301472338067	0.201988878705	0.194707556638	0.288609099828	0.285263219872	0.2863148212	0.286493219395	0.282882652546	0.0313625671313	0.0311368129172	0.287830391408	0.287464810205	0.019709611209	0.0198300193365	0.28416097654	0.282469137481	0.300583631807	0.298146609088	0.293771618354	0.290600232778	0.293066753152	0.288549057031	0.283643330938	0.287856805617	0.294544405572	0.284326709072	0.287490131102	0.284288715689	0.286046936845	0.278697044229	0.278126108636	0.277228006579	0.280467050259	0.151013866369	0.0422593289785	0.0419344319785	0.291700122861	0.00210707816167	0.0	0.274572867367	0.273027779096	0.282893070641	0.282731879538	0.200346587138	0.201980230992	0.200927766696	0.279289328576	0.27949610802	0.274082573717	0.274093100619	0.269731305047	0.273744803291	0.300262430781
764447348-stool1.freeze11.snv.filtered.bam	0.213762419097	0.21309093757	0.267610599713	0.249284008431	0.279841387762	0.274216972463	0.270228118974	0.270303225658	0.265195499358	0.28053254041	0.278367092628	0.267448460221	0.267063025198	0.277985518095	0.278062776658	0.156664951428	0.153789268745	0.277338262918	0.273188872741	0.278083499374	0.273543584878	0.277534936919	0.266219743369	0.259138161751	0.26566282893	0.27913307245	0.26046506409	0.266761663164	0.272911637584	0.196144290808	0.267733491998	0.267172670048	0.109280872645	0.26726606425	0.251511790763	0.271001178904	0.269961231514	0.265733035642	0.277067497013	0.274572867367	0.0	0.00181541019705	0.258737544439	0.258849191166	0.264287550014	0.268853223311	0.267221900838	0.256940842395	0.259133580131	0.128829157763	0.1293711483	0.117811378832	0.129616005962	0.275249949043
764447348-stool2.freeze11.snv.filtered.bam	0.21207834913	0.211630551983	0.266430465206	0.247717757192	0.278696169735	0.272854213462	0.269386302998	0.269464347073	0.264133582504	0.279190233334	0.276789739269	0.266028094082	0.265536137797	0.276482079405	0.276577742605	0.154779936785	0.151678834901	0.276319540204	0.271917441839	0.276923525437	0.272213093494	0.276258299129	0.26519848059	0.257747956893	0.26435571123	0.278031088282	0.258930374459	0.265311247073	0.272026864694	0.194368087796	0.266416670745	0.265671194287	0.106897315648	0.266083063067	0.25000824878	0.269313699846	0.268348054923	0.264445608812	0.275833972172	0.273027779096	0.00181541019705	0.0	0.257441159636	0.257458231504	0.263237597651	0.267656232746	0.265926164428	0.255557768195	0.257756498986	0.126779073781	0.127059200408	0.115197574172	0.127351659931	0.274087941109
764487809-stool1.freeze11.snv.filtered.bam	0.287956128184	0.28768343986	0.271407800931	0.262037956072	0.173693795906	0.169596925886	0.0587634928217	0.0590227091218	0.0572971039766	0.287982219533	0.286487017184	0.0663661170196	0.0664294898961	0.28643053674	0.286467614576	0.268332218134	0.266508507717	0.297548573623	0.294432224051	0.286857658262	0.283484121445	0.286235404446	0.0788633615024	0.0756603954532	0.0779637437007	0.287546341634	0.276391173001	0.279516373773	0.0694846479821	0.278908160232	0.277793405784	0.277345952849	0.262005798664	0.273410674539	0.277884843077	0.283225912898	0.281951050557	0.290876489673	0.284479192446	0.282893070641	0.258737544439	0.257441159636	0.0	0.00252328395783	0.269206752994	0.272255183664	0.27095181285	0.0540926943216	0.054020732103	0.264608041531	0.264743857863	0.25941910333	0.264460963907	0.299602118746
764487809-stool2.freeze11.snv.filtered.bam	0.287784407339	0.287489355056	0.271121734943	0.261767428427	0.173370257981	0.16933736734	0.0582781673435	0.0585345695742	0.0568263653283	0.287872784892	0.286333800147	0.0660517708988	0.0660365941464	0.286362067307	0.2863838527	0.268290445986	0.2664304174	0.297472147853	0.294314313839	0.286597501919	0.283283943005	0.286024860391	0.0784523717177	0.075284156289	0.0775672708094	0.287313466736	0.276203864265	0.279277695416	0.0689792638533	0.278898869532	0.277719362022	0.277199508428	0.261809682742	0.273210228541	0.277757260676	0.283130079851	0.281816892967	0.290611878753	0.284359003659	0.282731879538	0.258849191166	0.257458231504	0.00252328395783	0.0	0.26890586786	0.27201598335	0.270691225103	0.0536864603363	0.0536443838255	0.264427805458	0.264587675883	0.259150489781	0.264339999321	0.299519047138
