	158944319-posteriorfornix1.freeze11.snv.filtered.bam	158944319-posteriorfornix2.freeze11.snv.filtered.bam	158944319-posteriorfornix3.freeze11.snv.filtered.bam	159753524-posteriorfornix1.freeze11.snv.filtered.bam	159753524-posteriorfornix2.freeze11.snv.filtered.bam	159753524-posteriorfornix3.freeze11.snv.filtered.bam	160502038-posteriorfornix1.freeze11.snv.filtered.bam	160502038-posteriorfornix2.freeze11.snv.filtered.bam	160502038-posteriorfornix3.freeze11.snv.filtered.bam	160582958-posteriorfornix1.freeze11.snv.filtered.bam	160582958-posteriorfornix2.freeze11.snv.filtered.bam	160582958-posteriorfornix3.freeze11.snv.filtered.bam	275382046-supragingivalplaque3.freeze11.snv.filtered.bam	550534656-posteriorfornix1.freeze11.snv.filtered.bam	550534656-posteriorfornix2.freeze11.snv.filtered.bam	638754422-posteriorfornix3.freeze11.snv.filtered.bam	675950834-posteriorfornix1.freeze11.snv.filtered.bam	675950834-posteriorfornix2.freeze11.snv.filtered.bam	737052003-posteriorfornix1.freeze11.snv.filtered.bam	737052003-posteriorfornix2.freeze11.snv.filtered.bam	763759525-posteriorfornix1.freeze11.snv.filtered.bam	763901136-posteriorfornix1.freeze11.snv.filtered.bam	763901136-posteriorfornix2.freeze11.snv.filtered.bam	764042746-posteriorfornix1.freeze11.snv.filtered.bam	764042746-posteriorfornix2.freeze11.snv.filtered.bam	764366428-posteriorfornix2.freeze11.snv.filtered.bam	764366428-posteriorfornix3.freeze11.snv.filtered.bam	764649650-posteriorfornix1.freeze11.snv.filtered.bam	765013792-posteriorfornix2.freeze11.snv.filtered.bam	765013792-posteriorfornix3.freeze11.snv.filtered.bam
158944319-posteriorfornix1.freeze11.snv.filtered.bam	0.0	0.0	0.0	0.251417259066	0.258616035274	0.257986142356	0.0341941869882	0.0514712498875	0.0505714028615	0.0505714028615	0.0505714028615	0.0507513722667	0.0592999190138	0.0329344011518	0.033114370557	0.00611895977684	0.0821560334743	0.0797264465041	0.247187978044	0.248987672096	0.0647889858724	0.00872851615225	0.00908845496266	0.349410600198	0.321875281202	0.0896247637902	0.0910645190318	0.0550706379915	0.182938900387	0.178799604067
158944319-posteriorfornix2.freeze11.snv.filtered.bam	0.0	0.0	0.0	0.252137136687	0.259335912895	0.258885989382	0.0342841716908	0.0516512192927	0.0506613875641	0.0507513722667	0.0507513722667	0.0509313416719	0.059479888419	0.033114370557	0.0332043552596	0.00620894447944	0.0822460181769	0.0799964006119	0.247997840367	0.249707549717	0.065328894088	0.00899847026006	0.00935840907046	0.349860523711	0.322325204715	0.0899847026006	0.0915144425448	0.0553405920993	0.183658778008	0.179609466391
158944319-posteriorfornix3.freeze11.snv.filtered.bam	0.0	0.0	0.0	0.247547916854	0.25465670836	0.254206784847	0.0339242328804	0.0508413569693	0.0498515252407	0.0500314946459	0.0499415099433	0.0501214793485	0.05813011788	0.0324844776388	0.0324844776388	0.00602897507424	0.0807162782327	0.0785566453703	0.243228651129	0.245388283992	0.0645190317646	0.00863853144965	0.00890848555746	0.343741563934	0.316566183749	0.0884549626563	0.0898047331954	0.0543507603707	0.179789435796	0.176190047692
159753524-posteriorfornix1.freeze11.snv.filtered.bam	0.251417259066	0.252137136687	0.247547916854	0.0	0.000179969405201	0.000719877620804	0.238009538378	0.251147304958	0.250427427337	0.252407090795	0.252497075497	0.252677044902	0.26194546927	0.240439125349	0.240439125349	0.241968865293	0.276343021686	0.273193557095	0.0500314946459	0.0507513722667	0.257986142356	0.251327274363	0.251057320256	0.435435975884	0.418788805903	0.270134077207	0.271303878341	0.2525870602	0.192117340052	0.189327814272
159753524-posteriorfornix2.freeze11.snv.filtered.bam	0.258616035274	0.259335912895	0.25465670836	0.000179969405201	0.0	0.0	0.2456582381	0.258616035274	0.257806172951	0.259785836408	0.25987582111	0.260055790516	0.268784306668	0.247637901557	0.247637901557	0.248807702691	0.283451813192	0.280302348601	0.0508413569693	0.0514712498875	0.265004949159	0.258346081166	0.258256096464	0.442634752092	0.426797444434	0.27715288401	0.278412669846	0.260235759921	0.197786376316	0.19445694232
159753524-posteriorfornix3.freeze11.snv.filtered.bam	0.257986142356	0.258885989382	0.254206784847	0.000719877620804	0.0	0.0	0.245208314587	0.258256096464	0.257626203545	0.259605867003	0.259605867003	0.259785836408	0.26851435256	0.247277962746	0.247187978044	0.248267794475	0.283541797894	0.280122379196	0.0513812651849	0.0520111581031	0.264645010348	0.257986142356	0.257896157653	0.44254476739	0.426527490327	0.276882929902	0.278142715738	0.260055790516	0.197786376316	0.194366957617
160502038-posteriorfornix1.freeze11.snv.filtered.bam	0.0341941869882	0.0342841716908	0.0339242328804	0.238009538378	0.2456582381	0.245208314587	0.0	0.0388733915234	0.0305947988842	0.0482318005939	0.0483217852965	0.0485017547017	0.0768469360209	0.0494915864303	0.0498515252407	0.0307747682894	0.0917843966526	0.0897147484928	0.225411680014	0.226941419959	0.0779267524521	0.0351840187168	0.0352740034194	0.340682084046	0.31278682624	0.0974534329164	0.0986232340502	0.0534509133447	0.156843336633	0.154053810852
160502038-posteriorfornix2.freeze11.snv.filtered.bam	0.0514712498875	0.0516512192927	0.0508413569693	0.251147304958	0.258616035274	0.258256096464	0.0388733915234	0.0	0.0	0.00728876091065	0.00728876091065	0.00746873031585	0.0955637541618	0.0718077926752	0.0722577161882	0.0470619994601	0.0891748402772	0.0871051921173	0.242958697022	0.243498605237	0.0867452533069	0.0493116170251	0.0494016017277	0.363268244398	0.336092864213	0.0982632952398	0.0997030504814	0.0122379195537	0.17232070548	0.169531179699
160502038-posteriorfornix3.freeze11.snv.filtered.bam	0.0505714028615	0.0506613875641	0.0498515252407	0.250427427337	0.257806172951	0.257626203545	0.0305947988842	0.0	0.0	0.00872851615225	0.00872851615225	0.00881850085485	0.0945739224332	0.0709079456492	0.0713578691622	0.0456222442185	0.0887249167642	0.0869252227121	0.242238819401	0.242598758211	0.0859353909835	0.0485017547017	0.0485017547017	0.362818320885	0.334563124269	0.0979033564294	0.099343111671	0.0134977053901	0.171780797264	0.168361378566
160582958-posteriorfornix1.freeze11.snv.filtered.bam	0.0505714028615	0.0507513722667	0.0500314946459	0.252407090795	0.259785836408	0.259605867003	0.0482318005939	0.00728876091065	0.00872851615225	0.0	8.99847026006e-05	0.0	0.094393953028	0.0704580221362	0.0709979303518	0.0461621524341	0.090344641411	0.0881850085485	0.243858544048	0.244398452263	0.0886349320615	0.0512912804823	0.0513812651849	0.363988122019	0.337982542968	0.0991631422658	0.100602897507	0.0151174300369	0.175560154774	0.17268064429
160582958-posteriorfornix2.freeze11.snv.filtered.bam	0.0505714028615	0.0507513722667	0.0499415099433	0.252497075497	0.25987582111	0.259605867003	0.0483217852965	0.00728876091065	0.00872851615225	8.99847026006e-05	0.0	8.99847026006e-05	0.094393953028	0.0705480068388	0.0710879150544	0.0461621524341	0.0902546567084	0.0881850085485	0.243858544048	0.244398452263	0.0885449473589	0.0513812651849	0.0513812651849	0.363718167911	0.337622604157	0.0992531269684	0.100602897507	0.0151174300369	0.175470170071	0.172590659588
160582958-posteriorfornix3.freeze11.snv.filtered.bam	0.0507513722667	0.0509313416719	0.0501214793485	0.252677044902	0.260055790516	0.259785836408	0.0485017547017	0.00746873031585	0.00881850085485	0.0	8.99847026006e-05	0.0	0.0946639071358	0.0706379915414	0.071177899757	0.0463421218393	0.0907045802214	0.0885449473589	0.244038513453	0.244578421668	0.0887249167642	0.0514712498875	0.0515612345901	0.363988122019	0.337982542968	0.099343111671	0.100782866913	0.0152074147395	0.175650139476	0.172950598398
275382046-supragingivalplaque3.freeze11.snv.filtered.bam	0.0592999190138	0.059479888419	0.05813011788	0.26194546927	0.268784306668	0.26851435256	0.0768469360209	0.0955637541618	0.0945739224332	0.094393953028	0.094393953028	0.0946639071358	0.0	0.0741473949429	0.0739674255377	0.0561504544227	0.114640511113	0.112570862953	0.256366417709	0.258166111761	0.0858454062809	0.0616395212814	0.0619094753892	0.326734455143	0.302798524251	0.117070098083	0.118149914515	0.0985332493476	0.192927202376	0.188787906056
550534656-posteriorfornix1.freeze11.snv.filtered.bam	0.0329344011518	0.033114370557	0.0324844776388	0.240439125349	0.247637901557	0.247277962746	0.0494915864303	0.0718077926752	0.0709079456492	0.0704580221362	0.0705480068388	0.0706379915414	0.0741473949429	0.0	8.99847026006e-05	0.0302348600738	0.094843876541	0.0923243048682	0.230540808063	0.232250517412	0.0808062629353	0.035813911635	0.0361738504454	0.344011518042	0.317915954288	0.100602897507	0.101862683344	0.0754971654819	0.189237829569	0.185548456762
550534656-posteriorfornix2.freeze11.snv.filtered.bam	0.033114370557	0.0332043552596	0.0324844776388	0.240439125349	0.247637901557	0.247187978044	0.0498515252407	0.0722577161882	0.0713578691622	0.0709979303518	0.0710879150544	0.071177899757	0.0739674255377	8.99847026006e-05	0.0	0.030414829479	0.0945739224332	0.092144335463	0.230540808063	0.232070548007	0.0812561864483	0.0361738504454	0.0364438045532	0.343741563934	0.318365877801	0.100152973994	0.101592729236	0.0760370736975	0.189327814272	0.18545847206
638754422-posteriorfornix3.freeze11.snv.filtered.bam	0.00611895977684	0.00620894447944	0.00602897507424	0.241968865293	0.248807702691	0.248267794475	0.0307747682894	0.0470619994601	0.0456222442185	0.0461621524341	0.0461621524341	0.0463421218393	0.0561504544227	0.0302348600738	0.030414829479	0.0	0.0784666606677	0.0763070278053	0.237919553676	0.239899217133	0.059929811932	0.00854854674705	0.00863853144965	0.336542787726	0.308467560515	0.0849455592549	0.0862953297939	0.0501214793485	0.174300368937	0.170970934941
675950834-posteriorfornix1.freeze11.snv.filtered.bam	0.0821560334743	0.0822460181769	0.0807162782327	0.276343021686	0.283451813192	0.283541797894	0.0917843966526	0.0891748402772	0.0887249167642	0.090344641411	0.0902546567084	0.0907045802214	0.114640511113	0.094843876541	0.0945739224332	0.0784666606677	0.0	8.99847026006e-05	0.267434536129	0.268334383155	0.108521551336	0.0816161252587	0.0817960946639	0.328264195087	0.307297759381	0.0275353189958	0.0278052731036	0.095293800054	0.208404571223	0.204985152524
675950834-posteriorfornix2.freeze11.snv.filtered.bam	0.0797264465041	0.0799964006119	0.0785566453703	0.273193557095	0.280302348601	0.280122379196	0.0897147484928	0.0871051921173	0.0869252227121	0.0881850085485	0.0881850085485	0.0885449473589	0.112570862953	0.0923243048682	0.092144335463	0.0763070278053	8.99847026006e-05	0.0	0.264195086835	0.265184918564	0.106181949069	0.0792765229911	0.0794564923963	0.325744623414	0.303788355979	0.0274453342932	0.0276253036984	0.0932241518942	0.20624493836	0.202825519662
737052003-posteriorfornix1.freeze11.snv.filtered.bam	0.247187978044	0.247997840367	0.243228651129	0.0500314946459	0.0508413569693	0.0513812651849	0.225411680014	0.242958697022	0.242238819401	0.243858544048	0.243858544048	0.244038513453	0.256366417709	0.230540808063	0.230540808063	0.237919553676	0.267434536129	0.264195086835	0.0	8.99847026006e-05	0.251867182579	0.247187978044	0.247008008639	0.431746603077	0.414379555476	0.263925132727	0.265274903266	0.244758391074	0.181769099253	0.17852964996
737052003-posteriorfornix2.freeze11.snv.filtered.bam	0.248987672096	0.249707549717	0.245388283992	0.0507513722667	0.0514712498875	0.0520111581031	0.226941419959	0.243498605237	0.242598758211	0.244398452263	0.244398452263	0.244578421668	0.258166111761	0.232250517412	0.232070548007	0.239899217133	0.268334383155	0.265184918564	8.99847026006e-05	0.0	0.253846846036	0.249437595609	0.249167641501	0.431116710159	0.414289570773	0.264824979753	0.266264734995	0.245568253397	0.181679114551	0.17852964996
763759525-posteriorfornix1.freeze11.snv.filtered.bam	0.0647889858724	0.065328894088	0.0645190317646	0.257986142356	0.265004949159	0.264645010348	0.0779267524521	0.0867452533069	0.0859353909835	0.0886349320615	0.0885449473589	0.0887249167642	0.0858454062809	0.0808062629353	0.0812561864483	0.059929811932	0.108521551336	0.106181949069	0.251867182579	0.253846846036	0.0	0.0614595518762	0.0615495365788	0.313866642671	0.286241338972	0.111311077117	0.112390893548	0.0906145955188	0.193107171781	0.189507783677
763901136-posteriorfornix1.freeze11.snv.filtered.bam	0.00872851615225	0.00899847026006	0.00863853144965	0.251327274363	0.258346081166	0.257986142356	0.0351840187168	0.0493116170251	0.0485017547017	0.0512912804823	0.0513812651849	0.0514712498875	0.0616395212814	0.035813911635	0.0361738504454	0.00854854674705	0.0816161252587	0.0792765229911	0.247187978044	0.249437595609	0.0614595518762	0.0	0.0	0.347340952038	0.320165571853	0.0897147484928	0.0909745343292	0.0530009898317	0.180779267525	0.177269864123
763901136-posteriorfornix2.freeze11.snv.filtered.bam	0.00908845496266	0.00935840907046	0.00890848555746	0.251057320256	0.258256096464	0.257896157653	0.0352740034194	0.0494016017277	0.0485017547017	0.0513812651849	0.0513812651849	0.0515612345901	0.0619094753892	0.0361738504454	0.0364438045532	0.00863853144965	0.0817960946639	0.0794564923963	0.247008008639	0.249167641501	0.0615495365788	0.0	0.0	0.347430936741	0.320345541258	0.0898047331954	0.0911545037344	0.0530909745343	0.180869252227	0.177269864123
764042746-posteriorfornix1.freeze11.snv.filtered.bam	0.349410600198	0.349860523711	0.343741563934	0.435435975884	0.442634752092	0.44254476739	0.340682084046	0.363268244398	0.362818320885	0.363988122019	0.363718167911	0.363988122019	0.326734455143	0.344011518042	0.343741563934	0.336542787726	0.328264195087	0.325744623414	0.431746603077	0.431116710159	0.313866642671	0.347340952038	0.347430936741	0.0	0.00125978583641	0.32700440925	0.328084225682	0.361558535049	0.394762890309	0.387924052911
764042746-posteriorfornix2.freeze11.snv.filtered.bam	0.321875281202	0.322325204715	0.316566183749	0.418788805903	0.426797444434	0.426527490327	0.31278682624	0.336092864213	0.334563124269	0.337982542968	0.337622604157	0.337982542968	0.302798524251	0.317915954288	0.318365877801	0.308467560515	0.307297759381	0.303788355979	0.414379555476	0.414289570773	0.286241338972	0.320165571853	0.320345541258	0.00125978583641	0.0	0.305408080626	0.306757851165	0.336452803023	0.374696301629	0.368307387744
764366428-posteriorfornix2.freeze11.snv.filtered.bam	0.0896247637902	0.0899847026006	0.0884549626563	0.270134077207	0.27715288401	0.276882929902	0.0974534329164	0.0982632952398	0.0979033564294	0.0991631422658	0.0992531269684	0.099343111671	0.117070098083	0.100602897507	0.100152973994	0.0849455592549	0.0275353189958	0.0274453342932	0.263925132727	0.264824979753	0.111311077117	0.0897147484928	0.0898047331954	0.32700440925	0.305408080626	0.0	8.99847026006e-05	0.104472239719	0.206064968955	0.202465580851
764366428-posteriorfornix3.freeze11.snv.filtered.bam	0.0910645190318	0.0915144425448	0.0898047331954	0.271303878341	0.278412669846	0.278142715738	0.0986232340502	0.0997030504814	0.099343111671	0.100602897507	0.100602897507	0.100782866913	0.118149914515	0.101862683344	0.101592729236	0.0862953297939	0.0278052731036	0.0276253036984	0.265274903266	0.266264734995	0.112390893548	0.0909745343292	0.0911545037344	0.328084225682	0.306757851165	8.99847026006e-05	0.0	0.105462071448	0.207324754792	0.203725366688
764649650-posteriorfornix1.freeze11.snv.filtered.bam	0.0550706379915	0.0553405920993	0.0543507603707	0.2525870602	0.260235759921	0.260055790516	0.0534509133447	0.0122379195537	0.0134977053901	0.0151174300369	0.0151174300369	0.0152074147395	0.0985332493476	0.0754971654819	0.0760370736975	0.0501214793485	0.095293800054	0.0932241518942	0.244758391074	0.245568253397	0.0906145955188	0.0530009898317	0.0530909745343	0.361558535049	0.336452803023	0.104472239719	0.105462071448	0.0	0.169441194997	0.167191577432
765013792-posteriorfornix2.freeze11.snv.filtered.bam	0.182938900387	0.183658778008	0.179789435796	0.192117340052	0.197786376316	0.197786376316	0.156843336633	0.17232070548	0.171780797264	0.175560154774	0.175470170071	0.175650139476	0.192927202376	0.189237829569	0.189327814272	0.174300368937	0.208404571223	0.20624493836	0.181769099253	0.181679114551	0.193107171781	0.180779267525	0.180869252227	0.394762890309	0.374696301629	0.206064968955	0.207324754792	0.169441194997	0.0	8.99847026006e-05
765013792-posteriorfornix3.freeze11.snv.filtered.bam	0.178799604067	0.179609466391	0.176190047692	0.189327814272	0.19445694232	0.194366957617	0.154053810852	0.169531179699	0.168361378566	0.17268064429	0.172590659588	0.172950598398	0.188787906056	0.185548456762	0.18545847206	0.170970934941	0.204985152524	0.202825519662	0.17852964996	0.17852964996	0.189507783677	0.177269864123	0.177269864123	0.387924052911	0.368307387744	0.202465580851	0.203725366688	0.167191577432	8.99847026006e-05	0.0
