	147406386-supragingivalplaque3.freeze11.snv.filtered.bam	158479027-supragingivalplaque1.freeze11.snv.filtered.bam	158479027-supragingivalplaque2.freeze11.snv.filtered.bam	158499257-supragingivalplaque1.freeze11.snv.filtered.bam	158499257-supragingivalplaque2.freeze11.snv.filtered.bam	158802708-supragingivalplaque1.freeze11.snv.filtered.bam	158802708-supragingivalplaque2.freeze11.snv.filtered.bam	158802708-supragingivalplaque3.freeze11.snv.filtered.bam	158883629-supragingivalplaque1.freeze11.snv.filtered.bam	158883629-supragingivalplaque3.freeze11.snv.filtered.bam	159207311-supragingivalplaque1.freeze11.snv.filtered.bam	159207311-supragingivalplaque3.freeze11.snv.filtered.bam	159268001-supragingivalplaque3.freeze11.snv.filtered.bam	159591683-supragingivalplaque1.freeze11.snv.filtered.bam	159611913-supragingivalplaque2.freeze11.snv.filtered.bam	159753524-buccalmucosa3.freeze11.snv.filtered.bam	160178356-supragingivalplaque1.freeze11.snv.filtered.bam	160178356-supragingivalplaque2.freeze11.snv.filtered.bam	160178356-supragingivalplaque3.freeze11.snv.filtered.bam	160319967-supragingivalplaque1.freeze11.snv.filtered.bam	160380657-supragingivalplaque1.freeze11.snv.filtered.bam	160380657-supragingivalplaque2.freeze11.snv.filtered.bam	160380657-supragingivalplaque3.freeze11.snv.filtered.bam	160421117-supragingivalplaque1.freeze11.snv.filtered.bam	160421117-supragingivalplaque2.freeze11.snv.filtered.bam	160421117-supragingivalplaque3.freeze11.snv.filtered.bam	160502038-supragingivalplaque1.freeze11.snv.filtered.bam	160502038-supragingivalplaque2.freeze11.snv.filtered.bam	160502038-supragingivalplaque3.freeze11.snv.filtered.bam	160582958-supragingivalplaque2.freeze11.snv.filtered.bam	160582958-supragingivalplaque3.freeze11.snv.filtered.bam	160603188-supragingivalplaque1.freeze11.snv.filtered.bam	160603188-supragingivalplaque2.freeze11.snv.filtered.bam	160603188-supragingivalplaque3.freeze11.snv.filtered.bam	275382046-supragingivalplaque2.freeze11.snv.filtered.bam	404239096-supragingivalplaque2.freeze11.snv.filtered.bam	508703490-supragingivalplaque1.freeze11.snv.filtered.bam	508703490-supragingivalplaque2.freeze11.snv.filtered.bam	508703490-supragingivalplaque3.freeze11.snv.filtered.bam	550534656-supragingivalplaque3.freeze11.snv.filtered.bam	604812005-supragingivalplaque1.freeze11.snv.filtered.bam	604812005-supragingivalplaque3.freeze11.snv.filtered.bam	638754422-supragingivalplaque2.freeze11.snv.filtered.bam	675950834-supragingivalplaque1.freeze11.snv.filtered.bam	675950834-supragingivalplaque2.freeze11.snv.filtered.bam	675950834-supragingivalplaque3.freeze11.snv.filtered.bam	686765762-supragingivalplaque3.freeze11.snv.filtered.bam	706846339-supragingivalplaque2.freeze11.snv.filtered.bam	763496533-supragingivalplaque1.freeze11.snv.filtered.bam	763577454-subgingivalplaque2.freeze11.snv.filtered.bam	763577454-supragingivalplaque1.freeze11.snv.filtered.bam	763577454-supragingivalplaque2.freeze11.snv.filtered.bam	763759525-supragingivalplaque1.freeze11.snv.filtered.bam	763759525-supragingivalplaque2.freeze11.snv.filtered.bam	763820215-buccalmucosa2.freeze11.snv.filtered.bam	763840445-supragingivalplaque1.freeze11.snv.filtered.bam	763840445-supragingivalplaque2.freeze11.snv.filtered.bam	763901136-supragingivalplaque1.freeze11.snv.filtered.bam	763901136-supragingivalplaque3.freeze11.snv.filtered.bam	763961826-supragingivalplaque1.freeze11.snv.filtered.bam	763982056-supragingivalplaque1.freeze11.snv.filtered.bam	763982056-supragingivalplaque3.freeze11.snv.filtered.bam	764042746-supragingivalplaque1.freeze11.snv.filtered.bam	764062976-supragingivalplaque2.freeze11.snv.filtered.bam	764062976-supragingivalplaque3.freeze11.snv.filtered.bam	764083206-supragingivalplaque1.freeze11.snv.filtered.bam	764285508-supragingivalplaque1.freeze11.snv.filtered.bam	764285508-supragingivalplaque2.freeze11.snv.filtered.bam	764305738-supragingivalplaque2.freeze11.snv.filtered.bam	764325968-supragingivalplaque1.freeze11.snv.filtered.bam	764366428-subgingivalplaque3.freeze11.snv.filtered.bam	764366428-supragingivalplaque2.freeze11.snv.filtered.bam	764366428-supragingivalplaque3.freeze11.snv.filtered.bam	764487809-supragingivalplaque1.freeze11.snv.filtered.bam	764487809-supragingivalplaque2.freeze11.snv.filtered.bam	764588959-supragingivalplaque1.freeze11.snv.filtered.bam	764588959-supragingivalplaque2.freeze11.snv.filtered.bam	764649650-supragingivalplaque1.freeze11.snv.filtered.bam	764649650-supragingivalplaque2.freeze11.snv.filtered.bam	764811490-supragingivalplaque1.freeze11.snv.filtered.bam	764811490-supragingivalplaque2.freeze11.snv.filtered.bam	765013792-supragingivalplaque2.freeze11.snv.filtered.bam	765013792-supragingivalplaque3.freeze11.snv.filtered.bam	765074482-supragingivalplaque1.freeze11.snv.filtered.bam	765074482-supragingivalplaque3.freeze11.snv.filtered.bam	765094712-supragingivalplaque1.freeze11.snv.filtered.bam	765094712-supragingivalplaque2.freeze11.snv.filtered.bam	765094712-supragingivalplaque3.freeze11.snv.filtered.bam	765337473-supragingivalplaque2.freeze11.snv.filtered.bam	765620695-supragingivalplaque1.freeze11.snv.filtered.bam	765620695-supragingivalplaque2.freeze11.snv.filtered.bam	765701615-supragingivalplaque1.freeze11.snv.filtered.bam	765701615-supragingivalplaque2.freeze11.snv.filtered.bam	823052294-buccalmucosa1.freeze11.snv.filtered.bam	823052294-supragingivalplaque3.freeze11.snv.filtered.bam
147406386-supragingivalplaque3.freeze11.snv.filtered.bam	0.0	0.130244395663	0.130655312643	0.106577220424	0.114790519977	0.148044140164	0.137027032691	0.135607816365	0.207991799296	0.208179551394	0.129042295533	0.142333434301	0.178791861621	0.154913839111	0.118935254833	0.201628120907	0.118839940744	0.118522805382	0.15094980346	0.142797671741	0.131281533689	0.13392694571	0.124756831675	0.124505002301	0.135576615644	0.131680493267	0.176041283418	0.158591026947	0.159698475703	0.11979721812	0.1317004892	0.117901365334	0.0985358786294	0.1017349648	0.112655657755	0.183540519871	0.167612014768	0.1649687661	0.165194507394	0.128005315316	0.137473326685	0.134100460155	0.125909894817	0.14885655363	0.148405294558	0.140807536253	0.183065912439	0.139162075339	0.162395113369	0.122020365962	0.133988272381	0.129923164535	0.125208752518	0.146140401706	0.145667761499	0.118174215867	0.116405929184	0.110020880265	0.11932455485	0.147673117214	0.122396392899	0.123234094102	0.126111624199	0.0945411763375	0.105189340566	0.103766013268	0.125079284743	0.14447222924	0.182393588447	0.153099466674	0.136730598096	0.128985385623	0.132086674713	0.17375278143	0.137147910586	0.126532020982	0.123928285638	0.133836641383	0.128299958867	0.140333800621	0.153300077461	0.0985871522583	0.103733761735	0.10978527279	0.100395741914	0.129008261885	0.124691266976	0.12706746594	0.15733086904	0.131291296452	0.135419485995	0.178208730671	0.141813713906	0.104592414022	0.0874975106896
158479027-supragingivalplaque1.freeze11.snv.filtered.bam	0.130244395663	0.0	0.0103545630469	0.116294997733	0.120480573992	0.16178809335	0.172507717666	0.172752147113	0.221033733886	0.220651730518	0.110720215767	0.112788133165	0.199052038959	0.21262582731	0.127646234636	0.216247824861	0.134389114398	0.150351569343	0.175744927745	0.166479258249	0.139889490886	0.170148771229	0.162801894287	0.137735244718	0.129804246923	0.127215191115	0.201428939118	0.190048572967	0.189900080828	0.188133778577	0.200515286652	0.145227903905	0.139749551703	0.103264020786	0.143202956084	0.20331770083	0.203513165009	0.199905933884	0.200162196883	0.186437312081	0.182152808404	0.177669598615	0.159746433545	0.186148929274	0.184898321463	0.182389825935	0.205685109382	0.183816698044	0.181793132479	0.182903984018	0.183903232108	0.184169460048	0.141041110493	0.121081727875	0.17973198667	0.0955145790634	0.0910318062193	0.165517900574	0.164840755086	0.18595428645	0.195080129704	0.191132875381	0.178363493329	0.106523179388	0.139530842965	0.132497133756	0.182533248723	0.195774799685	0.207458597676	0.199528273141	0.176466806127	0.178052371863	0.178494943968	0.180726303157	0.154204905126	0.160183395332	0.174142017547	0.112425054628	0.112973637995	0.18491117618	0.194660451165	0.117876523197	0.103986290606	0.133252731336	0.134862385966	0.198623543502	0.191202428338	0.196705235075	0.181587824259	0.189276748134	0.186514531147	0.201231227751	0.18827889995	0.162825218124	0.145634583091
158479027-supragingivalplaque2.freeze11.snv.filtered.bam	0.130655312643	0.0103545630469	0.0	0.116559188656	0.120328490924	0.163226844855	0.174224650843	0.174529571447	0.221221074645	0.220673778037	0.109433427462	0.110749706333	0.199420423663	0.213759514982	0.128171633512	0.216306664456	0.134804421376	0.151660735553	0.176628035582	0.166922912228	0.140818378862	0.171899288989	0.164538414451	0.138792792417	0.130377261464	0.127366361097	0.202746890425	0.191630204692	0.191492062963	0.189248323569	0.202159454188	0.145346812652	0.141196436516	0.103398288252	0.14330211854	0.204255849539	0.205008522473	0.201215184918	0.201447082313	0.188090028021	0.183886370274	0.180034317491	0.160874759582	0.187127459358	0.185708461423	0.18318374204	0.206293670341	0.185736619395	0.182119845518	0.184016777116	0.184932970495	0.185563231267	0.141843245843	0.120173410214	0.180385838096	0.0941403398801	0.089056978661	0.166253116982	0.164961826044	0.186823924493	0.196454237821	0.191949706273	0.179898742642	0.106415535109	0.14001097435	0.13329749906	0.183221747879	0.196593172502	0.20724175711	0.2013765014	0.177818444877	0.17947949621	0.180008679015	0.180799773126	0.154328509427	0.161117109502	0.174907843585	0.110955360773	0.111615113317	0.186377795574	0.196102363941	0.118305380752	0.104043578419	0.134029005439	0.13588729906	0.19974522803	0.192119341294	0.197636625361	0.181506156536	0.190532380395	0.187711939524	0.201487801702	0.18958306829	0.163791750824	0.14648881762
158499257-supragingivalplaque1.freeze11.snv.filtered.bam	0.106577220424	0.116294997733	0.116559188656	0.0	0.0438851836606	0.140255586954	0.141151606445	0.140606098842	0.21155035189	0.211768590669	0.114453076308	0.127581438922	0.186421464616	0.188731839345	0.117329086501	0.206189156675	0.118233285698	0.122617261189	0.154554730248	0.141994358732	0.117432648661	0.136312056456	0.127803857857	0.119210529671	0.124275785116	0.122682816415	0.182561723635	0.166309149421	0.165609517283	0.154425861561	0.164714814881	0.125205502214	0.110734875142	0.0987502999152	0.122901382007	0.19110972125	0.178164711553	0.175941399063	0.176266472531	0.150413116691	0.149877066734	0.142119991185	0.135522603449	0.157542572867	0.157832766028	0.153179728598	0.190646142376	0.152148233754	0.169987745085	0.141535440225	0.147231601762	0.144692409492	0.111959552156	0.131132662641	0.156454019357	0.101602655897	0.101755005286	0.131902628158	0.134242152387	0.156639300409	0.164066402678	0.165459765543	0.144441381472	0.0832746812554	0.110797305977	0.105003901156	0.144625369154	0.161873907956	0.19253786478	0.16868212475	0.148037048079	0.14422291084	0.145829927921	0.169474374681	0.136224022434	0.139025038199	0.146908805566	0.123736382187	0.121662804129	0.156754195821	0.164911487216	0.0985861087857	0.0947914868316	0.113062173001	0.110632812512	0.168194726723	0.159056135307	0.167625969053	0.163192125133	0.151040264752	0.151605944884	0.188147283006	0.156898908258	0.130992843541	0.119208140241
158499257-supragingivalplaque2.freeze11.snv.filtered.bam	0.114790519977	0.120480573992	0.120328490924	0.0438851836606	0.0	0.140067905735	0.143172467684	0.142099986178	0.212473721426	0.212567326201	0.120455661854	0.132813716666	0.186525030434	0.19149566423	0.125780266659	0.206170714948	0.12202529957	0.126461395346	0.15508218201	0.141036428303	0.116647345272	0.138321010109	0.130896215676	0.127444766025	0.131252543635	0.129173268794	0.183201036896	0.168346675691	0.168732072169	0.159053677993	0.169359122187	0.130871303154	0.118095713268	0.106933082177	0.127679153159	0.192520546837	0.180321615236	0.177963348762	0.178359835962	0.153805424609	0.15148594325	0.143875731384	0.140688660139	0.158992427561	0.158910400884	0.154509092274	0.192148398685	0.154737663202	0.169001864008	0.147505404796	0.152151049211	0.150367570136	0.113455200842	0.135637494156	0.157433785214	0.10573309826	0.105635652192	0.137621034901	0.139704906241	0.157636558356	0.168145455475	0.168896855049	0.148079801546	0.0876757392822	0.110047292777	0.110647661622	0.146281375911	0.163476479167	0.193380661305	0.172020404355	0.151980617998	0.148999748172	0.150153699185	0.170764176218	0.139724032201	0.142899491748	0.150033255928	0.129359938856	0.127794418918	0.15893223519	0.168075627642	0.105763919965	0.10109004037	0.119947745557	0.117736212547	0.170258906497	0.161382640045	0.169597759761	0.163958534469	0.155992877324	0.156270414645	0.189258656712	0.159624514844	0.135938895475	0.12561414832
158802708-supragingivalplaque1.freeze11.snv.filtered.bam	0.148044140164	0.16178809335	0.163226844855	0.140255586954	0.140067905735	0.0	0.0768450000738	0.0785760379531	0.195470920591	0.195679744454	0.162219991264	0.174046803619	0.196267593311	0.199088359445	0.150003870848	0.194506057694	0.148070332771	0.146668771256	0.165233584225	0.148460760462	0.134717311383	0.139757952445	0.136579499609	0.153032620663	0.159318473898	0.157932372314	0.176721790641	0.164180795775	0.164406361719	0.176979549148	0.175788622094	0.162799180861	0.145843342886	0.147433390893	0.140608186529	0.176120655686	0.170504702002	0.168208354574	0.168640527646	0.155474646367	0.152027240691	0.148390837751	0.146539796372	0.165703960081	0.17079955812	0.167801229815	0.177245120652	0.15969822448	0.169440077605	0.168659046153	0.169763812443	0.166939864929	0.145198899714	0.169553780334	0.167596360415	0.150092477372	0.151636288227	0.161264453812	0.166070098861	0.171711144912	0.173225938079	0.183387862333	0.155265871157	0.133996086542	0.140174865863	0.139705575054	0.167584432846	0.18054537844	0.202394504838	0.178936366223	0.15068858748	0.153006579632	0.151092691467	0.182123477367	0.163434533124	0.153009018403	0.161831099982	0.168590219028	0.167861900467	0.15536288296	0.166064852574	0.136079096996	0.140013597057	0.132478338816	0.129898751222	0.179562881669	0.166444115247	0.179226305488	0.170943469963	0.162846198338	0.159911935797	0.193529654592	0.159353110235	0.15617975771	0.150263176062
158802708-supragingivalplaque2.freeze11.snv.filtered.bam	0.137027032691	0.172507717666	0.174224650843	0.141151606445	0.143172467684	0.0768450000738	0.0	0.0592782374465	0.161343961504	0.161849937603	0.172775450795	0.186543823646	0.192302075553	0.18764384787	0.144951446592	0.167576539618	0.145418711291	0.134359488092	0.15780902971	0.120111819949	0.139629401841	0.108617950423	0.0981630826309	0.149493482737	0.163841618629	0.160845532745	0.136083342138	0.124989642381	0.126356576888	0.159499001128	0.151327837951	0.152263227084	0.134081495121	0.150797274473	0.107368930028	0.131398697412	0.133307685711	0.130252508954	0.130580724538	0.123927176294	0.114399094358	0.120313793496	0.102973844085	0.144932880341	0.157931082233	0.153173156737	0.158216896638	0.11911686342	0.17153262301	0.145897944116	0.150576067898	0.146079629425	0.144374237655	0.17883981855	0.156974495953	0.1600476339	0.161179330291	0.142423067703	0.148176926226	0.158202746143	0.152927314846	0.167917522705	0.134101745157	0.136453161551	0.136582495851	0.124058958918	0.153363706084	0.159857667345	0.190670673324	0.15521797804	0.103180818454	0.111101006957	0.105526707132	0.181058340276	0.156367330612	0.120919392882	0.135398140736	0.178906715144	0.177093189359	0.127279784702	0.133352483289	0.128163755636	0.14299080945	0.129610513104	0.112140955192	0.165084689626	0.135244346981	0.165152737185	0.149964412971	0.127727847866	0.122944603158	0.17733767553	0.123445190644	0.133956077673	0.133549539932
158802708-supragingivalplaque3.freeze11.snv.filtered.bam	0.135607816365	0.172752147113	0.174529571447	0.140606098842	0.142099986178	0.0785760379531	0.0592782374465	0.0	0.182013244551	0.182499138096	0.171835043378	0.185673103995	0.193838587549	0.191624424172	0.146791825752	0.18405781024	0.135485984693	0.123982536551	0.142339353512	0.131927927416	0.139797923284	0.116411220437	0.110509845906	0.152127289404	0.165837480685	0.163362950776	0.155144237111	0.139497760555	0.137696913424	0.16299277853	0.157731622189	0.152280005824	0.128219170813	0.150681254019	0.118989173868	0.156306066976	0.14995121953	0.147524868078	0.147792312983	0.126791879121	0.123705618026	0.120315075555	0.120161736526	0.148126912137	0.158203766388	0.153437201941	0.166757185972	0.131738713866	0.14834968181	0.149094749537	0.151747092795	0.146285938019	0.144925183911	0.180513479383	0.15758143904	0.159571095553	0.161676874374	0.142351357555	0.150827219137	0.159008037532	0.154905663397	0.172804590598	0.128021808448	0.133173518589	0.123783077214	0.127554151529	0.152771279819	0.163093400588	0.196013069078	0.158006753955	0.122498927607	0.125034754594	0.121692810883	0.172007323569	0.149265994518	0.131878250804	0.142943801519	0.179083142536	0.177597857049	0.124590487883	0.144300368611	0.130032797814	0.143173095786	0.104559638091	0.105672205871	0.159551682988	0.144479121295	0.163563423969	0.158918245585	0.137153630462	0.133566127264	0.18461158063	0.134787675185	0.13752702807	0.13486103033
158883629-supragingivalplaque1.freeze11.snv.filtered.bam	0.207991799296	0.221033733886	0.221221074645	0.21155035189	0.212473721426	0.195470920591	0.161343961504	0.182013244551	0.0	0.00741322616161	0.224808563661	0.230782625383	0.216582975751	0.213979446932	0.203360547331	0.129548057939	0.213075658945	0.206828876457	0.209757850209	0.151372332727	0.208375427618	0.176270772395	0.16766407989	0.206770994463	0.21207415605	0.208672670227	0.130377737983	0.143101723834	0.152237053496	0.208522851992	0.194634424464	0.218215664674	0.211518221781	0.215691357567	0.152752902539	0.125252431442	0.149258351734	0.141199092245	0.140897301469	0.180305248898	0.168466347227	0.189755728037	0.153998472591	0.196459558779	0.207840718837	0.205720699556	0.169472918278	0.163338721354	0.225351723306	0.202908849693	0.203743521518	0.203712068032	0.208595399465	0.221062199027	0.202424606139	0.218259970068	0.215780183343	0.205253941514	0.201969018192	0.209736352828	0.201036610442	0.205194568649	0.201226688882	0.21053475608	0.210842091774	0.194264914787	0.212985897766	0.20414090359	0.204044129196	0.197473655509	0.152633169223	0.173299189041	0.164834678187	0.217126528654	0.214038820147	0.169392229724	0.178437417253	0.225105909402	0.222558729657	0.176622610953	0.167598234925	0.193158107255	0.205839703237	0.206543085149	0.186031557341	0.214052404956	0.174810973592	0.209439261512	0.169450775633	0.180503918896	0.168121496186	0.181524359006	0.161139572932	0.197323101443	0.199451380319
158883629-supragingivalplaque3.freeze11.snv.filtered.bam	0.208179551394	0.220651730518	0.220673778037	0.211768590669	0.212567326201	0.195679744454	0.161849937603	0.182499138096	0.00741322616161	0.0	0.224577023202	0.230507972307	0.216863733866	0.214410736808	0.203411353656	0.128545146748	0.213165683854	0.207339441912	0.21021553609	0.150980571705	0.20886459823	0.177019127459	0.168371043866	0.207472502525	0.212804606241	0.209254132977	0.130699412653	0.143475387402	0.152451512387	0.209050900154	0.195440138491	0.218496219146	0.212117793625	0.215992265622	0.152561716047	0.124871727418	0.149504123421	0.141296545816	0.141155275422	0.181021571164	0.169248778267	0.190725160624	0.154071332597	0.196933058039	0.208258725989	0.2060837527	0.169440785057	0.163878518004	0.225359547037	0.203402404437	0.204160640802	0.204210773394	0.208934952329	0.220951209843	0.202773490296	0.217852670528	0.215238541955	0.205728015027	0.20225143974	0.210062735656	0.201549782405	0.205643295611	0.202041555481	0.210620448968	0.210947483606	0.194723864246	0.213316746054	0.20456829239	0.204249378693	0.198212864066	0.152985040508	0.173795701336	0.165333256581	0.217041938564	0.214132736766	0.169958864927	0.178819709585	0.224789962871	0.222301346696	0.177312550622	0.168528748603	0.19345458505	0.206014608401	0.206597248184	0.186274436749	0.214364877168	0.175175121063	0.209798808889	0.170036183998	0.181328182327	0.168743739694	0.181595649165	0.16177895275	0.197725662787	0.199811236898
159207311-supragingivalplaque1.freeze11.snv.filtered.bam	0.129042295533	0.110720215767	0.109433427462	0.114453076308	0.120455661854	0.162219991264	0.172775450795	0.171835043378	0.224808563661	0.224577023202	0.0	0.024440516369	0.197247734839	0.207664594848	0.102449110913	0.220731868239	0.132783776696	0.147512033078	0.174382762294	0.166811814905	0.140792868101	0.169980012249	0.161851613098	0.136333355801	0.131347322338	0.129207901067	0.204913427389	0.192154480757	0.19197188197	0.170331141658	0.190975846855	0.141629088718	0.136566074575	0.103638222603	0.143111853658	0.207554051216	0.201844403632	0.199467476384	0.199412898975	0.181797953241	0.181093283637	0.175234735862	0.158748989663	0.180379352111	0.17821398287	0.17559075113	0.208569463701	0.180831948662	0.184872833601	0.175112002154	0.177234594648	0.176803625967	0.138563125145	0.124972182515	0.176703381737	0.0966387463523	0.0933347390405	0.159708427523	0.159822456878	0.176348231556	0.190595031458	0.18598931594	0.168505097207	0.105092090438	0.138113276368	0.124724192622	0.176205455194	0.189265004709	0.20562354456	0.193789241184	0.169979279445	0.169591687685	0.171456005034	0.180220496112	0.14306192505	0.162912151148	0.17291577989	0.0866592496309	0.0868325712502	0.182988290207	0.189404692799	0.117446492952	0.105336493743	0.134316540882	0.136189765768	0.194201972337	0.186712651922	0.192040453827	0.179308044428	0.183558751909	0.182190690021	0.202471897588	0.18597010723	0.158508109212	0.145689550868
159207311-supragingivalplaque3.freeze11.snv.filtered.bam	0.142333434301	0.112788133165	0.110749706333	0.127581438922	0.132813716666	0.174046803619	0.186543823646	0.185673103995	0.230782625383	0.230507972307	0.024440516369	0.0	0.205231105062	0.217374846151	0.110330301776	0.22738743957	0.143695067516	0.160768204195	0.185671056954	0.179762591139	0.153281489664	0.184053005615	0.176469621993	0.147860077707	0.139104517948	0.137205983454	0.214462194147	0.20351099151	0.203170751284	0.182527486617	0.204003325819	0.152565147762	0.150487617262	0.113400924062	0.154471289291	0.215866626519	0.212890131688	0.210464287065	0.210300078426	0.196328767547	0.195310593308	0.190398963509	0.170785407627	0.193571666997	0.190940792519	0.18862087617	0.217509474206	0.194222587833	0.194602610367	0.189112502215	0.190353134154	0.190561698004	0.151246792444	0.127485747645	0.188531299147	0.102808433062	0.0970586641523	0.173197224377	0.172511602581	0.189001341534	0.203386046374	0.197478659203	0.18180380553	0.118732716491	0.152163499441	0.138790534555	0.190410882078	0.202024233035	0.212888135704	0.20639717443	0.182290548137	0.183192549451	0.185095123841	0.186992498355	0.151910563067	0.175168511157	0.185641852075	0.0866709749124	0.086981438941	0.195468177944	0.201688953086	0.13068015662	0.116764359953	0.146499691853	0.149260385464	0.20678670719	0.199597675279	0.204283308353	0.189875245492	0.197804766637	0.195656549646	0.210584336365	0.19906961629	0.172882901521	0.159917517428
159268001-supragingivalplaque3.freeze11.snv.filtered.bam	0.178791861621	0.199052038959	0.199420423663	0.186421464616	0.186525030434	0.196267593311	0.192302075553	0.193838587549	0.216582975751	0.216863733866	0.197247734839	0.205231105062	0.0	0.189540620387	0.191371456171	0.212364406575	0.19402892683	0.191488162117	0.197639393617	0.191422133081	0.188112091583	0.188169131395	0.18881604871	0.193028921212	0.198403783849	0.195065414597	0.197519567181	0.1903866826	0.193489279895	0.176052359081	0.176742891896	0.195670366675	0.187961940007	0.191391560769	0.187537734858	0.201387468345	0.192546108767	0.191960355472	0.191950753788	0.18129368667	0.181420217946	0.182519779112	0.188191505224	0.157864812188	0.144133736287	0.143375337977	0.198208278271	0.184352127625	0.206878337119	0.18055290213	0.184851933365	0.183701574681	0.187024897473	0.204754313431	0.151009192331	0.19514179239	0.193170941243	0.183799778861	0.183274859412	0.146617699665	0.178996004994	0.177561076485	0.185089615218	0.185186841615	0.18546751654	0.184717578845	0.18429925635	0.184650319912	0.19680582907	0.181974434544	0.185163359272	0.183109347615	0.181435583527	0.206552147968	0.197387887466	0.188975540315	0.181257724081	0.20113072603	0.19722121939	0.185939932406	0.189330595356	0.181459634679	0.184304036122	0.19364423403	0.185006196711	0.185185676787	0.180760951031	0.181413366461	0.191583759292	0.181055906934	0.179851723461	0.189152890501	0.181707533107	0.175877875758	0.172325382215
159591683-supragingivalplaque1.freeze11.snv.filtered.bam	0.154913839111	0.21262582731	0.213759514982	0.188731839345	0.19149566423	0.199088359445	0.18764384787	0.191624424172	0.213979446932	0.214410736808	0.207664594848	0.217374846151	0.189540620387	0.0	0.193015204486	0.210757449444	0.194637519141	0.189343257466	0.198379429509	0.190664486737	0.198402507373	0.189315026552	0.187252086342	0.193491323539	0.202167452031	0.198839928645	0.189705071683	0.181720037456	0.185990220837	0.0954513081608	0.102103430748	0.195264961131	0.184492198133	0.195203035796	0.183634900516	0.196685489034	0.188765617792	0.186112845322	0.185840970595	0.17016879073	0.177548584201	0.182329916166	0.183449383726	0.18544603786	0.181207211911	0.174649568221	0.199949601815	0.175339576429	0.21253303329	0.151461842328	0.16732284103	0.16440589794	0.190576414346	0.212587688588	0.173351891867	0.204868817491	0.203722242645	0.155539568247	0.167774451863	0.181545508068	0.106640825071	0.0916184570893	0.182431895031	0.191875487607	0.190725042765	0.18499313246	0.14365904346	0.168867280038	0.188051092962	0.175468243121	0.178959216435	0.174907346583	0.17497931234	0.213642824121	0.201717531904	0.18558422162	0.148482720427	0.203229246037	0.1965468896	0.180885162899	0.177313314528	0.182472905293	0.188507806163	0.194912194754	0.182487598886	0.11324356758	0.120023625199	0.100339817995	0.182828006888	0.159970951716	0.165706369171	0.184803584402	0.171683843692	0.137138466505	0.136789378616
159611913-supragingivalplaque2.freeze11.snv.filtered.bam	0.118935254833	0.127646234636	0.128171633512	0.117329086501	0.125780266659	0.150003870848	0.144951446592	0.146791825752	0.203360547331	0.203411353656	0.102449110913	0.110330301776	0.191371456171	0.193015204486	0.0	0.198395464009	0.132292791389	0.136347273152	0.16619091518	0.150303995873	0.137976710082	0.145313454179	0.13374123507	0.125106922811	0.129742467602	0.127964120797	0.16790455311	0.157889268975	0.160275263693	0.162246835845	0.168246844277	0.135301460671	0.117844434007	0.102849091508	0.123136231104	0.184523539862	0.17468324695	0.171789144555	0.171819916653	0.156451927608	0.150573942987	0.148622724129	0.13581643754	0.164626919646	0.167205423285	0.163596460334	0.189061313851	0.148350511062	0.182903951726	0.153551623482	0.157198111658	0.155467640451	0.133829441113	0.136662870753	0.164374008229	0.11604350417	0.114538421514	0.144553792516	0.145421903004	0.165758866688	0.169957345821	0.173566808349	0.146537961571	0.111941306824	0.137741068121	0.112193098756	0.165193127265	0.170790224724	0.191531743728	0.171266696316	0.142637048784	0.141261107982	0.143685721958	0.178000110869	0.134610639021	0.140680638582	0.150422255546	0.0949201651428	0.0927103503702	0.160473241297	0.16418728429	0.109439283432	0.11052727257	0.124193891089	0.117590961461	0.179559731172	0.163904065768	0.177369763713	0.166512216613	0.158047844684	0.156359690079	0.18743901301	0.157583910645	0.139798947527	0.129295130049
159753524-buccalmucosa3.freeze11.snv.filtered.bam	0.201628120907	0.216247824861	0.216306664456	0.206189156675	0.206170714948	0.194506057694	0.167576539618	0.18405781024	0.129548057939	0.128545146748	0.220731868239	0.22738743957	0.212364406575	0.210757449444	0.198395464009	0.0	0.207875629565	0.204074394557	0.207814329902	0.162172391564	0.202642529754	0.169453923228	0.164406043302	0.204000183525	0.209448402404	0.205352946147	0.140671106868	0.149132978644	0.15686560217	0.204915716488	0.193825599638	0.21301975116	0.207353501728	0.209705250096	0.163113306555	0.141264955617	0.116526995513	0.0960724886417	0.0955945222678	0.182638292528	0.16813608001	0.189384255535	0.159229211861	0.195733035219	0.203565247581	0.201785440558	0.166236158692	0.166557835722	0.218949868159	0.200626653984	0.201480364595	0.201508434199	0.204186971236	0.217420804238	0.196480306997	0.211440636226	0.208247888227	0.201601437869	0.198332126149	0.205791809635	0.196583934401	0.199636038813	0.196807767618	0.204664078926	0.204733032002	0.179679404026	0.207015697243	0.200170368429	0.19967293808	0.193121962784	0.158936735607	0.174873391028	0.168105183167	0.215291344854	0.210113552896	0.172945256074	0.178619052465	0.220041886617	0.217397756665	0.174495509564	0.166852159969	0.18963403796	0.19944675542	0.202548220564	0.184510003149	0.209352894121	0.176009601809	0.204473164001	0.164932151964	0.180415548345	0.169226490305	0.176294811975	0.148658190757	0.192505037381	0.193787196967
160178356-supragingivalplaque1.freeze11.snv.filtered.bam	0.118839940744	0.134389114398	0.134804421376	0.118233285698	0.12202529957	0.148070332771	0.145418711291	0.135485984693	0.213075658945	0.213165683854	0.132783776696	0.143695067516	0.19402892683	0.194637519141	0.132292791389	0.207875629565	0.0	0.0618603808912	0.0847121322194	0.149470754344	0.135161913186	0.144452227566	0.136727028302	0.136932194696	0.143024219567	0.139786922959	0.18508037553	0.167953726468	0.16477600792	0.16703552195	0.175688014843	0.132001090785	0.113550774806	0.117436327573	0.128390695958	0.192154479427	0.179731488543	0.177615444113	0.177734504754	0.149026859834	0.150159258543	0.144852918664	0.140581746624	0.164945266416	0.166427121957	0.162400272782	0.19101865562	0.156024332942	0.1508397168	0.156657914769	0.157089683422	0.153903121593	0.132648559062	0.147923526686	0.16213021293	0.120122530785	0.120499942097	0.141372648965	0.147638592886	0.16440254054	0.168560286708	0.17523219132	0.139690063482	0.102634206126	0.111372999711	0.119544589509	0.157217787179	0.170042811951	0.19781992949	0.174245891007	0.154633917824	0.152368024669	0.152618812174	0.164137063381	0.133313241272	0.14467322856	0.154902179738	0.142930543008	0.142373658736	0.149939881771	0.168625972491	0.117384335404	0.11649301311	0.107516983572	0.114647692346	0.166976004784	0.165063516355	0.170084518603	0.167745337963	0.160356170869	0.160240181329	0.192195393892	0.161841768132	0.144590797914	0.131894818848
160178356-supragingivalplaque2.freeze11.snv.filtered.bam	0.118522805382	0.150351569343	0.151660735553	0.122617261189	0.126461395346	0.146668771256	0.134359488092	0.123982536551	0.206828876457	0.207339441912	0.147512033078	0.160768204195	0.191488162117	0.189343257466	0.136347273152	0.204074394557	0.0618603808912	0.0	0.0710980317762	0.143244039038	0.134157118812	0.129025002746	0.121598819504	0.13726679669	0.148720494461	0.146939313819	0.176891362915	0.159217308915	0.15651109508	0.157718656651	0.161254315466	0.133890803753	0.107104077349	0.124893364807	0.124777957177	0.186748027145	0.165371140391	0.165176911515	0.165432620296	0.130432991842	0.132257377427	0.124732096168	0.131585201669	0.152595224452	0.158358947703	0.153220420061	0.183584297716	0.143480095942	0.155115626859	0.144278295872	0.147958133893	0.14238825271	0.132703037585	0.160525103313	0.154994077341	0.136800350149	0.137869245315	0.134187045504	0.142346955001	0.157412268036	0.158292719876	0.16883258147	0.118778115585	0.111424406945	0.113416948478	0.115034580207	0.149673132213	0.159670391133	0.195723249697	0.161693891021	0.143855175538	0.139432265417	0.139611422342	0.168215941607	0.137737254873	0.13289225802	0.145077195875	0.158496104042	0.156402018582	0.139754025521	0.150350744635	0.118430654212	0.124684995921	0.112089025888	0.111772500451	0.159890280067	0.154135554217	0.163714005587	0.163684330151	0.14326699575	0.14305222312	0.18893286602	0.147550099567	0.133981156486	0.125983021777
160178356-supragingivalplaque3.freeze11.snv.filtered.bam	0.15094980346	0.175744927745	0.176628035582	0.154554730248	0.15508218201	0.165233584225	0.15780902971	0.142339353512	0.209757850209	0.21021553609	0.174382762294	0.185671056954	0.197639393617	0.198379429509	0.16619091518	0.207814329902	0.0847121322194	0.0710980317762	0.0	0.165238814023	0.157731313924	0.156179190141	0.152806460216	0.16693444294	0.175104351998	0.172012953369	0.182511239283	0.167917722866	0.164637665637	0.175999650629	0.178331153203	0.165432513585	0.142683336057	0.160636430548	0.153653292811	0.191539653863	0.179942840148	0.177845781516	0.177975474845	0.148805765002	0.152924884195	0.150852111074	0.156770736631	0.170021097839	0.171054106308	0.167398746296	0.187911600652	0.16183997571	0.140968261097	0.166188941302	0.16512302895	0.160838288573	0.158386451008	0.184590242834	0.166528527695	0.166224645182	0.166189964478	0.159917899802	0.167043260983	0.171834279773	0.17352163526	0.182772529209	0.141522121573	0.145060240914	0.132283455846	0.151555700614	0.170312138443	0.178082315798	0.203862993189	0.177728782868	0.162814301958	0.162462606955	0.160474592644	0.159949643675	0.149202459167	0.15964214523	0.164392399631	0.183826983355	0.18220475129	0.147357874874	0.166879826781	0.151310578857	0.155688035077	0.137269550652	0.142043418815	0.1707987268	0.170363127881	0.175343264743	0.174900004239	0.16611793608	0.164282356068	0.195408647712	0.165573167771	0.161549713012	0.15477520139
160319967-supragingivalplaque1.freeze11.snv.filtered.bam	0.142797671741	0.166479258249	0.166922912228	0.141994358732	0.141036428303	0.148460760462	0.120111819949	0.131927927416	0.151372332727	0.150980571705	0.166811814905	0.179762591139	0.191422133081	0.190664486737	0.150303995873	0.162172391564	0.149470754344	0.143244039038	0.165238814023	0.0	0.140716406846	0.122262604203	0.112233377098	0.151047212195	0.161132418254	0.157615250088	0.141606081816	0.133872022934	0.136398006825	0.166384121612	0.160953213191	0.155735816908	0.144141151725	0.150571235838	0.0972050181042	0.149510794746	0.142293457087	0.137972938999	0.138146534421	0.138377880281	0.126688270677	0.130910199302	0.116654641333	0.154534105814	0.165076134598	0.160600396373	0.167649800854	0.131161155107	0.181749048542	0.155757316341	0.160078175604	0.157491555233	0.145064383145	0.172058933657	0.1619286753	0.154964049753	0.154584562594	0.151745917323	0.151469461818	0.164337930184	0.165667478418	0.173265683552	0.148889503197	0.137786611474	0.141991468573	0.128776020266	0.157924394314	0.162252938185	0.188544252966	0.161272217284	0.126648558145	0.131866168299	0.128841298169	0.182746228202	0.161186216219	0.12983088161	0.140944148434	0.172990041761	0.171263553442	0.139904021619	0.143236866671	0.130005895484	0.142051563679	0.144123211028	0.12663986901	0.172027379957	0.141529265715	0.170136020837	0.147390589903	0.1402377484	0.134917259205	0.173762587985	0.131757295215	0.14322502155	0.140178146118
160380657-supragingivalplaque1.freeze11.snv.filtered.bam	0.131281533689	0.139889490886	0.140818378862	0.117432648661	0.116647345272	0.134717311383	0.139629401841	0.139797923284	0.208375427618	0.20886459823	0.140792868101	0.153281489664	0.188112091583	0.198402507373	0.137976710082	0.202642529754	0.135161913186	0.134157118812	0.157731313924	0.140716406846	0.0	0.0835153223828	0.0928348709834	0.135704097422	0.140187709889	0.138845321082	0.183435023736	0.168905051128	0.168594439111	0.169093447537	0.173247249545	0.145343815164	0.131169532502	0.123112414579	0.133502647667	0.190328213858	0.176322646286	0.171978976747	0.17313767751	0.155107939219	0.144886268447	0.127288277046	0.144041043415	0.157636787528	0.158508510078	0.155552268426	0.179341227702	0.156474067299	0.172970560534	0.157599416859	0.160620939878	0.157402967294	0.126187032118	0.148519640635	0.159857877654	0.126123858353	0.126466566193	0.150596048501	0.153474794786	0.161456767137	0.168047587885	0.174476255897	0.152062288584	0.109447926784	0.124557374932	0.121768999209	0.158148711892	0.171403348667	0.19820723979	0.172998451455	0.15406511038	0.151968856804	0.152252690989	0.17513149501	0.15072028132	0.146072428509	0.155097599025	0.149673294731	0.148760291473	0.160370324812	0.167569815425	0.117506311536	0.118086003693	0.130628501075	0.126366930614	0.178536955934	0.165043085791	0.177478575735	0.168989684842	0.158545319199	0.157225736283	0.191021997718	0.157634682751	0.145956349375	0.137005231433
160380657-supragingivalplaque2.freeze11.snv.filtered.bam	0.13392694571	0.170148771229	0.171899288989	0.136312056456	0.138321010109	0.139757952445	0.108617950423	0.116411220437	0.176270772395	0.177019127459	0.169980012249	0.184053005615	0.188169131395	0.189315026552	0.145313454179	0.169453923228	0.144452227566	0.129025002746	0.156179190141	0.122262604203	0.0835153223828	0.0	0.0515981416733	0.145195841255	0.160053318951	0.158041634389	0.148204545348	0.134662568583	0.135518650691	0.158514665423	0.151209129809	0.149491075242	0.128979286739	0.145370471825	0.113467137186	0.160334238367	0.134968899179	0.129994850418	0.13148603254	0.124514877385	0.111187475646	0.102484611946	0.115688872279	0.140960004742	0.152905548028	0.147864485236	0.131112748899	0.121949045922	0.178108654827	0.142510630286	0.148687996141	0.143209300365	0.14022560079	0.175679672175	0.154267468022	0.157174645996	0.157728209064	0.14149895102	0.145879796595	0.153638185318	0.145632180507	0.164950544285	0.131830683498	0.132132016329	0.132766652007	0.117742361106	0.150539486969	0.155499415563	0.1906907009	0.150573006144	0.123138654653	0.123156714329	0.120946751174	0.181604163591	0.156502092279	0.120891374041	0.135458174987	0.177698775644	0.175774641632	0.135518591539	0.138240497651	0.125727083504	0.140277646537	0.13350965639	0.116982993765	0.16598384948	0.139674260005	0.166377950857	0.153677681888	0.126847694834	0.122810069401	0.177175671469	0.119034861223	0.132118013786	0.130237813668
160380657-supragingivalplaque3.freeze11.snv.filtered.bam	0.124756831675	0.162801894287	0.164538414451	0.127803857857	0.130896215676	0.136579499609	0.0981630826309	0.110509845906	0.16766407989	0.168371043866	0.161851613098	0.176469621993	0.18881604871	0.187252086342	0.13374123507	0.164406043302	0.136727028302	0.121598819504	0.152806460216	0.112233377098	0.0928348709834	0.0515981416733	0.0	0.137081386769	0.152381565163	0.150641272901	0.12946327352	0.11701209677	0.11826498109	0.153231196344	0.146505039244	0.140940327633	0.11944821112	0.135454682566	0.10043275158	0.152384883572	0.128883397024	0.124775240691	0.125639228879	0.118791892021	0.103121143446	0.0983592561183	0.102599492316	0.137695716101	0.151478447835	0.145981579617	0.152730452063	0.106758767517	0.176519593762	0.135856904202	0.143207582018	0.137478435224	0.133657817945	0.168144826262	0.152663269302	0.147276457173	0.148365449298	0.133466063737	0.138393922904	0.151266434802	0.147292440261	0.162586661353	0.127162128965	0.121645264771	0.125614651805	0.107075883597	0.146886280338	0.152625677194	0.188153677866	0.147902246991	0.112378699112	0.113943087686	0.111289371171	0.180005007116	0.150922976498	0.111544634721	0.128416361585	0.169694540118	0.167908801859	0.13057184223	0.132278518458	0.115287385865	0.13097301363	0.126393482657	0.107413286266	0.163629559713	0.132131979771	0.16383402454	0.147836215184	0.121570472985	0.117141566508	0.176218967367	0.111396006587	0.123939034858	0.121923928225
