	147406386-supragingivalplaque3.freeze11.snv.filtered.bam	158479027-supragingivalplaque1.freeze11.snv.filtered.bam	158479027-supragingivalplaque2.freeze11.snv.filtered.bam	158499257-supragingivalplaque1.freeze11.snv.filtered.bam	158499257-supragingivalplaque2.freeze11.snv.filtered.bam	158802708-supragingivalplaque1.freeze11.snv.filtered.bam	158802708-supragingivalplaque2.freeze11.snv.filtered.bam	158802708-supragingivalplaque3.freeze11.snv.filtered.bam	158883629-supragingivalplaque1.freeze11.snv.filtered.bam	158883629-supragingivalplaque3.freeze11.snv.filtered.bam	159207311-supragingivalplaque1.freeze11.snv.filtered.bam	159207311-supragingivalplaque3.freeze11.snv.filtered.bam	159268001-supragingivalplaque3.freeze11.snv.filtered.bam	159591683-supragingivalplaque1.freeze11.snv.filtered.bam	159611913-supragingivalplaque2.freeze11.snv.filtered.bam	159753524-buccalmucosa3.freeze11.snv.filtered.bam	160178356-supragingivalplaque1.freeze11.snv.filtered.bam	160178356-supragingivalplaque2.freeze11.snv.filtered.bam	160178356-supragingivalplaque3.freeze11.snv.filtered.bam	160319967-supragingivalplaque1.freeze11.snv.filtered.bam	160380657-supragingivalplaque1.freeze11.snv.filtered.bam	160380657-supragingivalplaque2.freeze11.snv.filtered.bam	160380657-supragingivalplaque3.freeze11.snv.filtered.bam	160421117-supragingivalplaque1.freeze11.snv.filtered.bam	160421117-supragingivalplaque2.freeze11.snv.filtered.bam	160421117-supragingivalplaque3.freeze11.snv.filtered.bam	160502038-supragingivalplaque1.freeze11.snv.filtered.bam	160502038-supragingivalplaque2.freeze11.snv.filtered.bam	160502038-supragingivalplaque3.freeze11.snv.filtered.bam	160582958-supragingivalplaque2.freeze11.snv.filtered.bam	160582958-supragingivalplaque3.freeze11.snv.filtered.bam	160603188-supragingivalplaque1.freeze11.snv.filtered.bam	160603188-supragingivalplaque2.freeze11.snv.filtered.bam	160603188-supragingivalplaque3.freeze11.snv.filtered.bam	275382046-supragingivalplaque2.freeze11.snv.filtered.bam	404239096-supragingivalplaque2.freeze11.snv.filtered.bam	508703490-supragingivalplaque1.freeze11.snv.filtered.bam	508703490-supragingivalplaque2.freeze11.snv.filtered.bam	508703490-supragingivalplaque3.freeze11.snv.filtered.bam	550534656-supragingivalplaque3.freeze11.snv.filtered.bam	604812005-supragingivalplaque1.freeze11.snv.filtered.bam	604812005-supragingivalplaque3.freeze11.snv.filtered.bam	638754422-supragingivalplaque2.freeze11.snv.filtered.bam	675950834-supragingivalplaque1.freeze11.snv.filtered.bam	675950834-supragingivalplaque2.freeze11.snv.filtered.bam	675950834-supragingivalplaque3.freeze11.snv.filtered.bam	686765762-supragingivalplaque3.freeze11.snv.filtered.bam	706846339-supragingivalplaque2.freeze11.snv.filtered.bam	763496533-supragingivalplaque1.freeze11.snv.filtered.bam	763577454-subgingivalplaque2.freeze11.snv.filtered.bam	763577454-supragingivalplaque1.freeze11.snv.filtered.bam	763577454-supragingivalplaque2.freeze11.snv.filtered.bam	763759525-supragingivalplaque1.freeze11.snv.filtered.bam	763759525-supragingivalplaque2.freeze11.snv.filtered.bam	763820215-buccalmucosa2.freeze11.snv.filtered.bam	763840445-supragingivalplaque1.freeze11.snv.filtered.bam	763840445-supragingivalplaque2.freeze11.snv.filtered.bam	763901136-supragingivalplaque1.freeze11.snv.filtered.bam	763901136-supragingivalplaque3.freeze11.snv.filtered.bam	763961826-supragingivalplaque1.freeze11.snv.filtered.bam	763982056-supragingivalplaque1.freeze11.snv.filtered.bam	763982056-supragingivalplaque3.freeze11.snv.filtered.bam	764042746-supragingivalplaque1.freeze11.snv.filtered.bam	764062976-supragingivalplaque2.freeze11.snv.filtered.bam	764062976-supragingivalplaque3.freeze11.snv.filtered.bam	764083206-supragingivalplaque1.freeze11.snv.filtered.bam	764285508-supragingivalplaque1.freeze11.snv.filtered.bam	764285508-supragingivalplaque2.freeze11.snv.filtered.bam	764305738-supragingivalplaque2.freeze11.snv.filtered.bam	764325968-supragingivalplaque1.freeze11.snv.filtered.bam	764366428-subgingivalplaque3.freeze11.snv.filtered.bam	764366428-supragingivalplaque2.freeze11.snv.filtered.bam	764366428-supragingivalplaque3.freeze11.snv.filtered.bam	764487809-supragingivalplaque1.freeze11.snv.filtered.bam	764487809-supragingivalplaque2.freeze11.snv.filtered.bam	764588959-supragingivalplaque1.freeze11.snv.filtered.bam	764588959-supragingivalplaque2.freeze11.snv.filtered.bam	764649650-supragingivalplaque1.freeze11.snv.filtered.bam	764649650-supragingivalplaque2.freeze11.snv.filtered.bam	764811490-supragingivalplaque1.freeze11.snv.filtered.bam	764811490-supragingivalplaque2.freeze11.snv.filtered.bam	765013792-supragingivalplaque2.freeze11.snv.filtered.bam	765013792-supragingivalplaque3.freeze11.snv.filtered.bam	765074482-supragingivalplaque1.freeze11.snv.filtered.bam	765074482-supragingivalplaque3.freeze11.snv.filtered.bam	765094712-supragingivalplaque1.freeze11.snv.filtered.bam	765094712-supragingivalplaque2.freeze11.snv.filtered.bam	765094712-supragingivalplaque3.freeze11.snv.filtered.bam	765337473-supragingivalplaque2.freeze11.snv.filtered.bam	765620695-supragingivalplaque1.freeze11.snv.filtered.bam	765620695-supragingivalplaque2.freeze11.snv.filtered.bam	765701615-supragingivalplaque1.freeze11.snv.filtered.bam	765701615-supragingivalplaque2.freeze11.snv.filtered.bam	823052294-buccalmucosa1.freeze11.snv.filtered.bam	823052294-supragingivalplaque3.freeze11.snv.filtered.bam
147406386-supragingivalplaque3.freeze11.snv.filtered.bam	0.0	0.0627864229239	0.063365563781	0.0244624062044	0.0311980661731	0.0714231757063	0.0393312182102	0.0332124691545	0.149141360729	0.148272649444	0.0606587097749	0.0803746789545	0.118711285693	0.0936571486126	0.0400866193282	0.136500982021	0.03085813567	0.0204084202045	0.0714483557436	0.0527647680919	0.0527647680919	0.0294354635645	0.0222465629249	0.0449463665206	0.0655814070605	0.0613259807625	0.10012841819	0.0774789746689	0.0832703832402	0.0325451981669	0.0399355391046	0.027735811049	0.0100468348693	0.0207987107821	0.0285541622602	0.122702321599	0.0779322153397	0.081558140706	0.0811804401471	0.0296369038626	0.0394948884524	0.0253059374528	0.0375308455457	0.0526766379614	0.0657450773027	0.0536082993403	0.118119554817	0.04191217203	0.0884448808984	0.0248149267261	0.0428438334089	0.0313617364154	0.0414967014151	0.0823639018986	0.0642090950295	0.0479427909553	0.0452988870424	0.0219444024777	0.0316638968626	0.0550057914086	0.0336531198066	0.0457269476759	0.0254066576019	0.0176134360679	0.0195900689933	0.0151080223599	0.0338671501234	0.0476406305081	0.116596162562	0.0615526010978	0.0455380973964	0.0295110036763	0.0344085209246	0.113108727401	0.0520219569925	0.0350883819308	0.0359193231606	0.0706929546256	0.0637306743214	0.0458276678249	0.0635418240419	0.0215541119001	0.0295235936949	0.0231404542479	0.0175378959561	0.0429571435766	0.0370650148562	0.0489751724833	0.0823639018986	0.0318149770862	0.0408797905021	0.108815531047	0.0478798408622	0.0170468852294	0.0120108777761
158479027-supragingivalplaque1.freeze11.snv.filtered.bam	0.0627864229239	0.0	3.77700558997e-05	0.06402024475	0.0716497960417	0.126177166742	0.105491766128	0.101840660724	0.206325225361	0.204902553256	0.091000654681	0.0988064662336	0.177280052374	0.198305383492	0.085473636501	0.19417585738	0.0736390189857	0.0777685450974	0.14664853704	0.108311930302	0.106498967618	0.0932794480536	0.0874124993705	0.0959485320038	0.105239965755	0.104925215289	0.163720602306	0.15097950345	0.160019136828	0.153170166692	0.152968726394	0.077541924762	0.0588457470917	0.0590975474644	0.0856247167246	0.190688422219	0.152880596263	0.15576371053	0.155134209599	0.115727451277	0.119428916755	0.0991967568112	0.109885682631	0.125522485773	0.141474039382	0.130256332779	0.186332275772	0.123722113109	0.154555068742	0.120700508637	0.1394596364	0.127562068792	0.10307448255	0.106133857078	0.131074683991	0.0714357657249	0.0672684695573	0.106498967618	0.110880294103	0.122614191469	0.148599989928	0.172483255275	0.107569119202	0.0556730623961	0.0825275721408	0.0643349952158	0.116936093065	0.131867855164	0.184821473536	0.144659314096	0.124792264693	0.11487133001	0.118660925618	0.169235030468	0.111673465277	0.110250793171	0.127776099109	0.0981517852646	0.0957974517802	0.122677141562	0.147970488996	0.0692451024828	0.0685526514579	0.0685652414766	0.071914186433	0.143047791711	0.132509946115	0.159351865841	0.154189958201	0.11956740696	0.127297678401	0.171576773934	0.130218562723	0.0955456514076	0.0825149821222
158479027-supragingivalplaque2.freeze11.snv.filtered.bam	0.063365563781	3.77700558997e-05	0.0	0.0635670040792	0.0715616659113	0.125044065065	0.105730976482	0.102873042252	0.203353980964	0.201868358765	0.0892380520723	0.0968298333082	0.174913128871	0.195711839654	0.0846930553457	0.191494183411	0.0742055698242	0.0790653170167	0.145653925568	0.107971999799	0.105919826761	0.0946517600846	0.0886211411593	0.0954827013144	0.10390542378	0.103288512867	0.162058719847	0.149367981065	0.158886035151	0.151722314549	0.151772674624	0.0782595558241	0.060759429924	0.0587953870172	0.0853603263333	0.188308908697	0.151797854661	0.154580248779	0.154001107922	0.115689681221	0.118900135972	0.100808279196	0.110061942892	0.125056655084	0.139975827164	0.129072871028	0.183688371859	0.123520672811	0.152578435816	0.119995467593	0.137759983885	0.126768897618	0.102218361283	0.104169814171	0.129891222239	0.0706803646069	0.0665130684393	0.105907236743	0.110024172836	0.121619579997	0.147504658307	0.170342952108	0.107027748401	0.0551316915949	0.082452032029	0.0657324872841	0.11679760286	0.131062093972	0.181535478673	0.143551392456	0.124364204059	0.114329959208	0.118635745581	0.166792566853	0.111698645314	0.111018784308	0.126995517953	0.0964521327492	0.0940474391902	0.122223900891	0.146421916704	0.0687289117188	0.0674321397996	0.068653371607	0.0724429672156	0.141876919978	0.131276124289	0.157576673213	0.151974114922	0.118749055749	0.126454147152	0.169146900337	0.129488341643	0.095772271743	0.0820617414514
158499257-supragingivalplaque1.freeze11.snv.filtered.bam	0.0244624062044	0.06402024475	0.0635670040792	0.0	0.00104497154656	0.0782469658055	0.0514679961726	0.0453618371355	0.172823185778	0.172042604623	0.0620813818804	0.0794556075943	0.14204059022	0.150186332276	0.0524877876819	0.15981769653	0.0396207886388	0.0309840358564	0.0948532003827	0.0634914639674	0.0523618874956	0.0385506370549	0.0304552550738	0.0570076043713	0.0723296570479	0.0705166943647	0.123281462457	0.104811905122	0.109696832351	0.0899934531903	0.0912776350909	0.0381729364959	0.0187843078008	0.0319408772725	0.0435236944151	0.151042453543	0.105605076296	0.109570932165	0.10934431183	0.0580903459737	0.0641335549177	0.0401495694214	0.0569950143526	0.0734879387621	0.0899179130785	0.0779322153397	0.145427305232	0.0694465427809	0.113410887848	0.0546280908496	0.0729213879237	0.059865538601	0.0463312685703	0.0831444830538	0.0870347988115	0.0462809084957	0.045072266707	0.0460542881603	0.0553960819862	0.0757667321348	0.0908243944201	0.118169914891	0.0503097144584	0.0182807070554	0.0290703530241	0.0216044719746	0.0570705544644	0.0754645716876	0.14526363499	0.0916301556126	0.0725436873647	0.0568565241477	0.0617414513773	0.126882207786	0.0641083748804	0.0582666062346	0.072291886992	0.074658810495	0.0715742559299	0.0729843380168	0.0927884373269	0.0331621090799	0.036901344614	0.0302789948129	0.030379714962	0.0880671803394	0.0774789746689	0.104522334693	0.1097975525	0.0597144583774	0.0699375535076	0.135355290326	0.0753512615199	0.0422646925517	0.036901344614
158499257-supragingivalplaque2.freeze11.snv.filtered.bam	0.0311980661731	0.0716497960417	0.0715616659113	0.00104497154656	0.0	0.0747595306441	0.0525507377751	0.0469607695019	0.165873495493	0.164727803797	0.0694969028554	0.088872941532	0.136060331369	0.14664853704	0.0583673263836	0.153472327139	0.0424787228685	0.0346980913532	0.0959359419852	0.061237850632	0.054955431334	0.0416351916201	0.0343329808128	0.0607468399053	0.0779699853956	0.0767739336254	0.12020949791	0.101626630407	0.105894646724	0.092989877625	0.0922596565443	0.0432467140051	0.0235307448255	0.0402125195145	0.0481442312535	0.147126957748	0.103754343556	0.107531349146	0.107241778718	0.0593241677998	0.0646245656444	0.0423150526263	0.0615274210606	0.0737145590975	0.0885456010475	0.0779573953769	0.140857128469	0.0696102130231	0.110213023115	0.0611749005389	0.0780707055446	0.0657073072468	0.0490633026137	0.0898423729667	0.0861283174699	0.0522359873093	0.0533564989676	0.0525129677192	0.0614518809488	0.0758800423025	0.0925492269729	0.119214886438	0.0534698091353	0.0207861207635	0.0304300750365	0.0259983884776	0.0570579644458	0.0752631313894	0.141373319233	0.0911517349046	0.0753009014453	0.0608097899985	0.0653421967065	0.124716724581	0.0705796444579	0.0636173641537	0.0741426197311	0.0843531248426	0.0816085007806	0.0726821775696	0.0934179382585	0.0372538651357	0.0414967014151	0.0359570932165	0.0353653623407	0.087362139296	0.0783350959359	0.102898222289	0.10759429924	0.0623080022158	0.0714861257995	0.132107065518	0.0763584630105	0.0462934985144	0.0418869919927
158802708-supragingivalplaque1.freeze11.snv.filtered.bam	0.0714231757063	0.126177166742	0.125044065065	0.0782469658055	0.0747595306441	0.0	0.0044694566148	0.00332376491917	0.181057057964	0.179986906381	0.12712141814	0.142644911114	0.167346527673	0.179445535579	0.10962129224	0.171589363952	0.0781084756005	0.0616533212469	0.115928891575	0.0836103137433	0.0893261822027	0.0539859998993	0.046683789092	0.110678853805	0.131477564587	0.128972150879	0.1333786574	0.113624918165	0.116747242786	0.120687918618	0.1179055245	0.0840635544141	0.0615400110792	0.0986679760286	0.075691192023	0.161945409679	0.115123130382	0.119126756308	0.119252656494	0.0743062899733	0.0762199728056	0.0568691141663	0.0763332829733	0.0944251397492	0.115009820215	0.102659011935	0.160207987108	0.0852092461097	0.131326484363	0.0870725688674	0.105919826761	0.0920456262275	0.0883441607494	0.139610716624	0.1097975525	0.111572745128	0.10620939719	0.0807775595508	0.090484463917	0.0981895553205	0.119806617314	0.15226368535	0.0720652666566	0.0726192274765	0.065153346427	0.0652162965201	0.0854106864078	0.103603263333	0.171539003878	0.111723825351	0.0796318678552	0.0738656393211	0.0752757214081	0.15751372312	0.0986302059727	0.0794430175757	0.100355038525	0.139119705897	0.135216800121	0.0890492017928	0.109117691494	0.0872865991842	0.0987309261218	0.073525708818	0.0706300045324	0.115463060885	0.10132446996	0.131792315053	0.126718537543	0.0803494989173	0.0875132195196	0.159062295412	0.0905222339729	0.073664199023	0.0750994611472
158802708-supragingivalplaque2.freeze11.snv.filtered.bam	0.0393312182102	0.105491766128	0.105730976482	0.0514679961726	0.0525507377751	0.0044694566148	0.0	0.000327340484464	0.0980258850783	0.0985672558795	0.105428816035	0.125220325326	0.122828221786	0.123533262829	0.0701767638616	0.0996751775193	0.0512161958	0.0329354887445	0.0767361635695	0.0384876869618	0.0593241677998	0.0177519262729	0.00994611472025	0.0694339527623	0.0936319685753	0.0896787027245	0.0540363599738	0.0403258296822	0.0437125446946	0.0736012489298	0.0610112302966	0.0529410283527	0.0300146044216	0.0674573198368	0.0288815027446	0.0580525759178	0.0418869919927	0.0448078763157	0.0448582363902	0.0235685148814	0.0211008712293	0.0189227980057	0.0210001510802	0.0471370297628	0.0679105605076	0.0576245152843	0.0944503197865	0.0245127662789	0.0978244447802	0.0404517298686	0.0563781034396	0.0437754947877	0.0586191267563	0.114279599134	0.0662360880294	0.0905600040288	0.0855869466687	0.043422974266	0.0505363347938	0.0577881855265	0.0660724177872	0.095256080979	0.0318401571234	0.0491262527069	0.0412574910611	0.030996625875	0.0503852545702	0.0542378002719	0.117615954072	0.057599335247	0.0154857229189	0.0176512061238	0.0157878833661	0.115299390643	0.0672181094828	0.0305559752228	0.0449715465579	0.1158785315	0.109117691494	0.034773631465	0.0429445535579	0.0474266001914	0.0655436370046	0.0391927280052	0.0287807825956	0.0701012237498	0.042906783502	0.0818980712091	0.0712343254268	0.0266782494838	0.0273077504155	0.101286699904	0.0317268469557	0.0330865689681	0.0361081734401
158802708-supragingivalplaque3.freeze11.snv.filtered.bam	0.0332124691545	0.101840660724	0.102873042252	0.0453618371355	0.0469607695019	0.00332376491917	0.000327340484464	0.0	0.124150173742	0.124288663947	0.0993226569975	0.120675328599	0.120864178879	0.123382182606	0.0659716976381	0.120083597724	0.0398977690487	0.0237321851236	0.054577730775	0.0433600241728	0.0533942690235	0.0192879085461	0.0124137583724	0.0666893287002	0.0900941733394	0.0873495492773	0.0707181346628	0.0476532205268	0.0481064611976	0.0692576925014	0.0605328095886	0.0470740796696	0.0226620335398	0.0608727400917	0.0308077755955	0.092372966712	0.0575615651911	0.0606587097749	0.0609356901848	0.0220577126454	0.0246512564839	0.0167573148008	0.0272699803596	0.0467970992597	0.0635921841164	0.0529536183714	0.0995366873143	0.0288311426701	0.0664375283275	0.0373042252103	0.0499571939366	0.0369265246513	0.0537971496198	0.112189656041	0.0630382232966	0.084856725588	0.0828045525507	0.0373797653221	0.0475273203404	0.054099310067	0.0622576421413	0.0946265800473	0.0235433348441	0.0396837387319	0.0282016417384	0.0283149519061	0.0454625572846	0.0533187289117	0.121241879438	0.0564914136073	0.0243239159994	0.0230145540615	0.0215289318628	0.0993856070907	0.0572971747998	0.033262829229	0.0474014201541	0.111534975072	0.106335297376	0.0315883567508	0.0495165432845	0.0437754947877	0.0604446794581	0.023341894546	0.0219444024777	0.0618925316009	0.0464949388125	0.0752883114267	0.0744573701969	0.0306063352974	0.0329732588004	0.108815531047	0.0366873142972	0.03085813567	0.0317142569371
158883629-supragingivalplaque1.freeze11.snv.filtered.bam	0.149141360729	0.206325225361	0.203353980964	0.172823185778	0.165873495493	0.181057057964	0.0980258850783	0.124150173742	0.0	8.81301304326e-05	0.213942186634	0.223397290628	0.202900740293	0.205544644206	0.183801682026	0.118711285693	0.153787077605	0.143387722214	0.182983330815	0.100908999345	0.190965402629	0.110653673767	0.0957470917057	0.188598479126	0.208062647933	0.202434909604	0.0967920632523	0.101425190109	0.114380319283	0.169562370952	0.154315858387	0.156065870977	0.145515435363	0.19297980561	0.10362844337	0.112139295966	0.102130231153	0.0995492773329	0.0983909956187	0.115689681221	0.109583522184	0.118560205469	0.0986931560659	0.145603565493	0.171941884474	0.159767336456	0.164035352772	0.102180591227	0.192690235182	0.140089137332	0.156292491313	0.145351765121	0.177380772524	0.212658004734	0.158357254369	0.201024827517	0.186332275772	0.143450672307	0.143639522586	0.150324822481	0.159200785617	0.188057108325	0.132321095835	0.172722465629	0.156896812207	0.141197058972	0.152616205872	0.145528025381	0.185929395176	0.148146749257	0.0962758724883	0.111975625724	0.103175202699	0.205997884877	0.166968827114	0.115349750718	0.135783350959	0.217958402578	0.211789293448	0.123646572997	0.12306743214	0.171815984288	0.190298131641	0.15853351463	0.141776199829	0.162386060331	0.122865991842	0.176789041648	0.1374326434	0.116495442413	0.114027798761	0.160157627033	0.107606889258	0.133756357959	0.1442564335
158883629-supragingivalplaque3.freeze11.snv.filtered.bam	0.148272649444	0.204902553256	0.201868358765	0.172042604623	0.164727803797	0.179986906381	0.0985672558795	0.124288663947	8.81301304326e-05	0.0	0.212355844287	0.221949438485	0.20191871884	0.20458780279	0.182517500126	0.1179055245	0.153409377046	0.143173691897	0.182240519716	0.101123029662	0.190486981921	0.11109432442	0.0960618421715	0.187704587803	0.206816236088	0.201100367629	0.0966032129728	0.10123633983	0.114178878985	0.168895099965	0.154152188145	0.155851840661	0.145225864934	0.191670443672	0.103552903258	0.110779573954	0.102457571637	0.0994359671652	0.0983909956187	0.115664501183	0.109608702221	0.119026036159	0.0984791257491	0.14600644609	0.17133756358	0.159200785617	0.163342901747	0.102230951302	0.191808933877	0.139673666717	0.15548673012	0.144634134059	0.176461701163	0.21131087274	0.157664803344	0.199551795337	0.184985143778	0.143438082288	0.143211461953	0.149695321549	0.158886035151	0.186961776703	0.132031525407	0.171690084101	0.155977740847	0.141197058972	0.152049655033	0.145402125195	0.185022913834	0.147869768847	0.0959737120411	0.1118245455	0.103464773128	0.204751473032	0.166238606033	0.1158785315	0.135481190512	0.216523140454	0.210341441305	0.123419952662	0.123583622904	0.170808782797	0.189026539759	0.157564083195	0.141184468953	0.161983179735	0.123092612177	0.176096590623	0.136840912525	0.116923503047	0.113838948482	0.159414815934	0.108349700358	0.133000956841	0.143589162512
159207311-supragingivalplaque1.freeze11.snv.filtered.bam	0.0606587097749	0.091000654681	0.0892380520723	0.0620813818804	0.0694969028554	0.12712141814	0.105428816035	0.0993226569975	0.213942186634	0.212355844287	0.0	0.00193886286952	0.180767487536	0.199010424535	0.0557863725638	0.202384549529	0.0703026640479	0.0710454751473	0.147064007655	0.111043964345	0.107707609407	0.0929143375132	0.0846930553457	0.0964647227678	0.109319131792	0.108576320693	0.17050662235	0.155990330866	0.165646875157	0.140026187239	0.145125144785	0.0729843380168	0.0544644206073	0.0596137382283	0.0840635544141	0.197663292542	0.153560457269	0.157639623307	0.156695371909	0.113524198016	0.11910157627	0.0953442111094	0.106133857078	0.120247267966	0.13762149368	0.126051266556	0.191846703933	0.122312031022	0.159477766027	0.114657299693	0.134688019338	0.121997280556	0.0990834466435	0.110150073022	0.131553104699	0.0725562773833	0.0688674019238	0.0980636551342	0.105592486277	0.115891121519	0.14526363499	0.171312383542	0.0973963841466	0.0526388679055	0.0805887092713	0.0542881603465	0.11412851891	0.127964949388	0.187100266908	0.141612529587	0.12076345873	0.106599687768	0.113222037569	0.173603766934	0.0972578939417	0.110502593544	0.12693256786	0.069786473284	0.0678476104145	0.122110590724	0.143966863071	0.0694969028554	0.0711210152591	0.0678350203958	0.0712469154454	0.14047942791	0.129047690991	0.157966963791	0.154592838797	0.1145943496	0.124389384096	0.176335800977	0.130168202649	0.0903207936748	0.0819987913582
159207311-supragingivalplaque3.freeze11.snv.filtered.bam	0.0803746789545	0.0988064662336	0.0968298333082	0.0794556075943	0.088872941532	0.142644911114	0.125220325326	0.120675328599	0.223397290628	0.221949438485	0.00193886286952	0.0	0.191154252908	0.210631011734	0.0657073072468	0.212330664249	0.0865311980662	0.0936193785567	0.163418441859	0.127889409276	0.126416377096	0.113473837941	0.107657249333	0.110427053432	0.11873646573	0.119756257239	0.181447348542	0.170065971698	0.180868207685	0.159993956791	0.163808732437	0.091479075389	0.0742055698242	0.0720904466939	0.103703983482	0.209384599889	0.168932870021	0.172949085965	0.172080374679	0.132900236692	0.138125094425	0.117653724128	0.126945157879	0.139396686307	0.154680968928	0.143161101878	0.203895351765	0.140353527723	0.171778214232	0.135002769804	0.153157576673	0.141297779121	0.118597975525	0.117729264239	0.145754645717	0.0830563529234	0.0771642242031	0.121141159289	0.125346225512	0.131427204512	0.162940021151	0.186672206275	0.118522435413	0.0720274966007	0.10095935942	0.0757793221534	0.133705997885	0.145603565493	0.196996021554	0.158999345319	0.139585536587	0.127776099109	0.133391247419	0.18487183361	0.119063806214	0.132862466636	0.14498665458	0.076169612731	0.0743440600292	0.13872941532	0.160422017425	0.0867326383643	0.0851966560911	0.0865563781034	0.0912902251095	0.158269124238	0.146623357003	0.174573198368	0.167510197915	0.135141260009	0.142858941431	0.186722566349	0.148108979201	0.11173641537	0.103275922848
159268001-supragingivalplaque3.freeze11.snv.filtered.bam	0.118711285693	0.177280052374	0.174913128871	0.14204059022	0.136060331369	0.167346527673	0.122828221786	0.120864178879	0.202900740293	0.20191871884	0.180767487536	0.191154252908	0.0	0.17695271189	0.159137835524	0.192262174548	0.129475751624	0.117930704537	0.165193634487	0.132207785668	0.159364455859	0.109659062295	0.110364103339	0.166150475903	0.186193785567	0.181384398449	0.161026338319	0.150312232462	0.16000654681	0.132509946115	0.124729314599	0.126680767488	0.115311980662	0.162574910611	0.128732940525	0.186735156368	0.143488442363	0.149947121922	0.149028050562	0.110653673767	0.115148310419	0.0995240972957	0.131502744624	0.0934934783703	0.0996248174447	0.089590572594	0.181120008058	0.122035050612	0.170985043058	0.115488240923	0.134536939115	0.122047640631	0.149103590673	0.190826912424	0.107027748401	0.171564183915	0.160346477313	0.116092561817	0.122551241376	0.0853980963892	0.128745530543	0.157501133102	0.108865891122	0.141159288916	0.125169965252	0.120952309009	0.118900135972	0.121430729717	0.175139749207	0.128292289873	0.130470363096	0.115651911165	0.119063806214	0.190184821474	0.145653925568	0.130218562723	0.128632220376	0.188862869517	0.183335851337	0.123231102382	0.142821171375	0.148977690487	0.16184468953	0.134108878481	0.128493730171	0.127322858438	0.120410938208	0.142191670444	0.157526313139	0.111799365463	0.120624968525	0.162134259959	0.123684343053	0.107606889258	0.114745429823
159591683-supragingivalplaque1.freeze11.snv.filtered.bam	0.0936571486126	0.198305383492	0.195711839654	0.150186332276	0.14664853704	0.179445535579	0.123533262829	0.123382182606	0.205544644206	0.20458780279	0.199010424535	0.210631011734	0.17695271189	0.0	0.169663091101	0.193961827064	0.136576522133	0.119529636904	0.169814171325	0.134108878481	0.176940121871	0.114103338873	0.111031374326	0.17133756358	0.197235231908	0.19187188397	0.160031726847	0.14637155663	0.158130634033	0.0369517046885	0.0385884071108	0.131527924661	0.113914488593	0.172785415722	0.130029712444	0.187112856927	0.14139849927	0.146069396183	0.14526363499	0.10215541119	0.1145943496	0.100644608954	0.130634033338	0.126403787078	0.14415571335	0.127650198922	0.187377247318	0.114531399506	0.184934783703	0.0861912675631	0.121053029158	0.106864078159	0.15678350204	0.205154353628	0.131830085109	0.188548119051	0.175139749207	0.0850455758675	0.107657249333	0.123004482047	0.0486478319988	0.0561514831042	0.111043964345	0.154655788891	0.136110691444	0.123520672811	0.0739789494888	0.103666213426	0.167913078511	0.121619579997	0.124792264693	0.107342498867	0.113171677494	0.206778466032	0.152364405499	0.129626831848	0.0924862768797	0.19712192174	0.188762149368	0.121795840258	0.131339074382	0.153547867251	0.172130734753	0.143375132195	0.131099864028	0.0465327088684	0.0530165684645	0.0482323613839	0.152414765574	0.089489852445	0.106750767991	0.159918416679	0.113159087475	0.0621065619177	0.0719393664703
159611913-supragingivalplaque2.freeze11.snv.filtered.bam	0.0400866193282	0.085473636501	0.0846930553457	0.0524877876819	0.0583673263836	0.10962129224	0.0701767638616	0.0659716976381	0.183801682026	0.182517500126	0.0557863725638	0.0657073072468	0.159137835524	0.169663091101	0.0	0.170645112555	0.0580777559551	0.0484841617566	0.115991841668	0.0827793725135	0.0886840912525	0.0581281160296	0.0441406053281	0.0771894042403	0.0939341290225	0.0915546155008	0.124062043612	0.102923402327	0.106901848215	0.101488140202	0.107380268923	0.0532431887999	0.034395930906	0.0517072065267	0.0525507377751	0.162562320592	0.115626731128	0.11901344614	0.119076396233	0.0710706551846	0.0737649191721	0.0564158734955	0.062509442514	0.0904718738984	0.109873092612	0.0973460240721	0.16295261117	0.0723422470665	0.137785163922	0.0691569723523	0.087462859445	0.0751624112404	0.0749987409981	0.0988442362895	0.104522334693	0.0713476355945	0.0666515586443	0.0611245404643	0.0680490507126	0.0916805156872	0.111169864531	0.138024374276	0.0564284635141	0.0469733595206	0.0597648184519	0.035252052173	0.0822002316563	0.0904089238052	0.157136022561	0.102218361283	0.0692451024828	0.0573223548371	0.0636929042655	0.147907538903	0.0651029863524	0.0632144835574	0.084579745178	0.0500453240671	0.0475021403032	0.0881301304326	0.102885632271	0.0567935740545	0.063881754545	0.0522233972906	0.0490381225764	0.109092511457	0.0939215390039	0.124401974115	0.119164526363	0.0737019690789	0.0814826005942	0.149078410636	0.0865311980662	0.0538600997129	0.0526514579242
159753524-buccalmucosa3.freeze11.snv.filtered.bam	0.136500982021	0.19417585738	0.191494183411	0.15981769653	0.153472327139	0.171589363952	0.0996751775193	0.120083597724	0.118711285693	0.1179055245	0.202384549529	0.212330664249	0.192262174548	0.193961827064	0.170645112555	0.0	0.142984841618	0.134851689581	0.173943697437	0.107204008662	0.176612781387	0.0996751775193	0.0891499219419	0.177204512263	0.196505010827	0.190474391902	0.103678803445	0.104283124339	0.115828171426	0.159037115375	0.146019036108	0.145062194692	0.133970388276	0.178413154051	0.108702220879	0.123961323463	0.0720274966007	0.0486100619429	0.0475902704336	0.111698645314	0.103452183109	0.112982827215	0.101576270333	0.138238404593	0.160132446996	0.149430931158	0.152515485723	0.101085259606	0.180893387722	0.131666414866	0.147706098605	0.136803142469	0.166200835977	0.201503248225	0.146472276779	0.187150626983	0.173238656393	0.134171828574	0.134562119152	0.140416477816	0.148083799164	0.17556780984	0.122072820668	0.160724177872	0.145666515586	0.124527874301	0.140164677444	0.135670040792	0.175139749207	0.137369693307	0.0994485571839	0.108425240469	0.102671601954	0.197147101778	0.157689983381	0.114493629451	0.129639421866	0.205318023871	0.199035604573	0.115576371053	0.116231052022	0.159125245505	0.17556780984	0.146875157375	0.132975776804	0.151382384046	0.118472075339	0.164727803797	0.129009920935	0.111056554364	0.10962129224	0.151231303822	0.0915797955381	0.122337211059	0.131930805258
160178356-supragingivalplaque1.freeze11.snv.filtered.bam	0.03085813567	0.0736390189857	0.0742055698242	0.0396207886388	0.0424787228685	0.0781084756005	0.0512161958	0.0398977690487	0.153787077605	0.153409377046	0.0703026640479	0.0865311980662	0.129475751624	0.136576522133	0.0580777559551	0.142984841618	0.0	0.00175001259002	0.0135090899935	0.0626605227376	0.0616659112655	0.0413078511356	0.035390542378	0.061615551191	0.0770005539608	0.0746839905323	0.109205821625	0.0906103641033	0.0953190310722	0.0882308505817	0.0872614191469	0.0410938208189	0.0208616608753	0.0396711487133	0.0460416981417	0.131376844438	0.0934053482399	0.0974089741653	0.0964017726746	0.0493780530795	0.0548673012036	0.0389786976885	0.0562522032533	0.0688296318679	0.0836858538551	0.0727703077001	0.12665558745	0.0610238203153	0.0811804401471	0.0566802638868	0.0720274966007	0.0589842372967	0.054854711185	0.0884574709171	0.077919625321	0.0569194742408	0.0563529234023	0.0486604220174	0.0589968273153	0.0701138137684	0.0848819056252	0.109507982072	0.040539859999	0.0296117238254	0.0310092158936	0.0293599234527	0.0596515082842	0.0709825250541	0.131565694717	0.0809915898676	0.0665382484766	0.0530165684645	0.0569698343154	0.10390542378	0.0585309966259	0.0575867452284	0.0687540917561	0.0840509643954	0.0803117288614	0.0591479075389	0.082829732588	0.0409427405953	0.0475525003777	0.0300523744775	0.0314120964899	0.0806516593645	0.0718386463212	0.0957470917057	0.0990582666062	0.0569194742408	0.0650274462406	0.12140554968	0.0687037316815	0.0454625572846	0.040678350204
160178356-supragingivalplaque2.freeze11.snv.filtered.bam	0.0204084202045	0.0777685450974	0.0790653170167	0.0309840358564	0.0346980913532	0.0616533212469	0.0329354887445	0.0237321851236	0.143387722214	0.143173691897	0.0710454751473	0.0936193785567	0.117930704537	0.119529636904	0.0484841617566	0.134851689581	0.00175001259002	0.0	0.00152339225462	0.0484463917007	0.0474895502845	0.0231530442665	0.0173616356952	0.0483960316261	0.0674824998741	0.0672306995014	0.0900060432089	0.0687415017374	0.0702271239361	0.0649896761847	0.062131741955	0.0326333282973	0.0110918064159	0.031512816639	0.0318149770862	0.117313793624	0.0716246160044	0.0762955129174	0.0761822027497	0.0244624062044	0.0288437326887	0.0172735055648	0.0369265246513	0.0493780530795	0.0644483053835	0.054338520421	0.111031374326	0.0389157475953	0.0701264037871	0.0342448506824	0.0482449514025	0.0354534924712	0.042151382384	0.0882560306189	0.0604698594954	0.0582288361787	0.058732436924	0.0319156972352	0.04191217203	0.0538978697688	0.0615022410233	0.0902578435816	0.0187213577076	0.022586493428	0.0210505111548	0.0175001259002	0.0417107317319	0.0513043259304	0.119718487183	0.0600292088432	0.0452737070051	0.0327718185023	0.0351009719494	0.0945888099914	0.0494032331168	0.0363977438687	0.0478294807876	0.0881049503953	0.0838872941532	0.0404769099058	0.0557989625825	0.0284282620738	0.0385758170922	0.0215163418442	0.0200936697386	0.0602810092159	0.0517575666012	0.0741048496752	0.0809915898676	0.0342826207383	0.0398725890114	0.11090547414	0.0453492471169	0.0279120713099	0.0258598982726
160178356-supragingivalplaque3.freeze11.snv.filtered.bam	0.0714483557436	0.14664853704	0.145653925568	0.0948532003827	0.0959359419852	0.115928891575	0.0767361635695	0.054577730775	0.182983330815	0.182240519716	0.147064007655	0.163418441859	0.165193634487	0.169814171325	0.115991841668	0.173943697437	0.0135090899935	0.00152339225462	0.0	0.0964269527119	0.113385707811	0.0665130684393	0.0621821020295	0.120423528227	0.149166540766	0.146635947021	0.133491967568	0.112454046432	0.110099712948	0.121921740444	0.114380319283	0.088734451327	0.050183814272	0.114657299693	0.0845923351967	0.165382484766	0.116608752581	0.121569219922	0.121330009568	0.0600543888805	0.0718386463212	0.0550687415017	0.0880545903208	0.0952309009417	0.113637508184	0.101387420053	0.155448960064	0.0859772372463	0.092989877625	0.0858387470413	0.0983658155814	0.0811552601098	0.108828121066	0.162297930201	0.106511557637	0.133605277736	0.127511708717	0.0814196505011	0.0966158029914	0.097383794128	0.10887848114	0.149657551493	0.0517953366571	0.0838872941532	0.0578511356197	0.0746714005137	0.088356750768	0.0992219368485	0.16995266153	0.108702220879	0.0958352218361	0.0821498715818	0.0839376542277	0.127410988568	0.089112151886	0.0895653925568	0.100619428917	0.162851891021	0.157413002971	0.0717882862467	0.107065518457	0.0955834214635	0.113826358463	0.0599033086569	0.0661605479176	0.0948280203455	0.0966661630659	0.116822782898	0.129526111699	0.0811678501284	0.0891751019792	0.155285289822	0.09312836783	0.0789016467744	0.0781840157123
160319967-supragingivalplaque1.freeze11.snv.filtered.bam	0.0527647680919	0.108311930302	0.107971999799	0.0634914639674	0.061237850632	0.0836103137433	0.0384876869618	0.0433600241728	0.100908999345	0.101123029662	0.111043964345	0.127889409276	0.132207785668	0.134108878481	0.0827793725135	0.107204008662	0.0626605227376	0.0484463917007	0.0964269527119	0.0	0.0699753235635	0.0336279397694	0.024852696782	0.0824268519917	0.101916200836	0.097522284333	0.0689051719797	0.0592989877625	0.0659465176008	0.0895402125195	0.0790023669235	0.064637155663	0.044694566148	0.0768494737372	0.0320164173843	0.0912020949791	0.0630634033338	0.0637936244146	0.0636803142469	0.0429571435766	0.0398725890114	0.0342070806265	0.0414967014151	0.0666641486629	0.0858261570227	0.0746084504205	0.113650098202	0.0435740544896	0.112529586544	0.0580399858992	0.0738278692652	0.0617162713401	0.070025683638	0.116759832805	0.0809286397744	0.0959233519666	0.0896912927431	0.0595633781538	0.0636929042655	0.0716875660976	0.0845419751221	0.10998640278	0.0502215843279	0.0600417988619	0.0542629803092	0.0434985143778	0.0651659364456	0.0678224303772	0.125837236239	0.073525708818	0.0441657853654	0.0415974215642	0.0403384197009	0.126000906481	0.0832200231656	0.0488240922597	0.0622954121972	0.118673515637	0.112819156972	0.055232411744	0.0618295815078	0.0617414513773	0.0778314951906	0.0579896258246	0.0468474593342	0.084718235383	0.0587198469054	0.096011482097	0.0807271994763	0.0445686659616	0.0477917107317	0.108186030115	0.0482701314398	0.0492521528932	0.0518456967316
160380657-supragingivalplaque1.freeze11.snv.filtered.bam	0.0527647680919	0.106498967618	0.105919826761	0.0523618874956	0.054955431334	0.0893261822027	0.0593241677998	0.0533942690235	0.190965402629	0.190486981921	0.107707609407	0.126416377096	0.159364455859	0.176940121871	0.0886840912525	0.176612781387	0.0616659112655	0.0474895502845	0.113385707811	0.0699753235635	0.0	0.00132195195649	0.00346225512414	0.0855114065569	0.110829934028	0.109218411643	0.139396686307	0.117716674221	0.119466686811	0.115828171426	0.114518809488	0.0653673767437	0.0398725890114	0.0713602256131	0.0633907438183	0.172030014604	0.118333585134	0.122714911618	0.123306642494	0.068791861812	0.0636047741351	0.026741199577	0.0745455003273	0.0838621141159	0.101588860352	0.0901445334139	0.159641436269	0.0815329606688	0.130243742761	0.0779322153397	0.0973460240721	0.0815329606688	0.072153396787	0.121657350053	0.101248929848	0.0864052978798	0.0857002568364	0.0714483557436	0.0822631817495	0.0869592586997	0.113826358463	0.148423729667	0.0645993856071	0.0435992345269	0.0482827214584	0.0432970740797	0.0741677997683	0.0930276476809	0.167510197915	0.106524147656	0.086984438737	0.0724807372715	0.0763836430478	0.151017273506	0.0893765422773	0.0728962078864	0.0938208188548	0.123910963388	0.120713098655	0.0878279699854	0.108488190563	0.0596515082842	0.0709069849423	0.0559248627688	0.0527647680919	0.108009769854	0.0961877423579	0.126202346779	0.126391197059	0.0754519816689	0.0838747041346	0.156808682077	0.0883315707307	0.0618673515637	0.0598151785265
160380657-supragingivalplaque2.freeze11.snv.filtered.bam	0.0294354635645	0.0932794480536	0.0946517600846	0.0385506370549	0.0416351916201	0.0539859998993	0.0177519262729	0.0192879085461	0.110653673767	0.11109432442	0.0929143375132	0.113473837941	0.109659062295	0.114103338873	0.0581281160296	0.0996751775193	0.0413078511356	0.0231530442665	0.0665130684393	0.0336279397694	0.00132195195649	0.0	5.03600745329e-05	0.0561388930856	0.0783854560105	0.0758045021907	0.0591856775948	0.0406154001108	0.0422395125145	0.0623583622904	0.0511406556882	0.0424787228685	0.0205217303722	0.0519841869366	0.0248778768193	0.0870347988115	0.0398348189555	0.0382988366823	0.0408294304276	0.0182932970741	0.0144785214282	0.00718890063957	0.0229767840056	0.0384247368686	0.0550057914086	0.0457017676386	0.0480183310671	0.0201062597573	0.0903207936748	0.0292969733595	0.0445308959057	0.0321045475147	0.0456010474896	0.10049352873	0.0569572442967	0.0776930049856	0.0754897517248	0.0343707508687	0.0411819509493	0.0468600493529	0.0501460442161	0.08207433147	0.0220325326081	0.035906733142	0.0314624565644	0.019703379161	0.0410308707257	0.0437754947877	0.109923452687	0.0472629299491	0.0241854257944	0.0195774789747	0.0192501384902	0.105353275923	0.0598529485824	0.0244372261671	0.0385380470363	0.104232764264	0.0982399153951	0.0347106813718	0.0393563982475	0.0362088935892	0.0521730372161	0.0320541874402	0.0226872135771	0.0607846099612	0.0385254570177	0.0719519564889	0.0676084000604	0.0205091403535	0.0220954827013	0.0960366621343	0.0228005237448	0.025230397341	0.0269426398751
