	158337416-tonguedorsum1.freeze11.snv.filtered.bam	158337416-tonguedorsum2.freeze11.snv.filtered.bam	158458797-tonguedorsum2.freeze11.snv.filtered.bam	158479027-tonguedorsum1.freeze11.snv.filtered.bam	158479027-tonguedorsum2.freeze11.snv.filtered.bam	158499257-tonguedorsum1.freeze11.snv.filtered.bam	158499257-tonguedorsum2.freeze11.snv.filtered.bam	158802708-tonguedorsum1.freeze11.snv.filtered.bam	158802708-tonguedorsum2.freeze11.snv.filtered.bam	158802708-tonguedorsum3.freeze11.snv.filtered.bam	158883629-tonguedorsum2.freeze11.snv.filtered.bam	158883629-tonguedorsum3.freeze11.snv.filtered.bam	158944319-tonguedorsum1.freeze11.snv.filtered.bam	158944319-tonguedorsum2.freeze11.snv.filtered.bam	158944319-tonguedorsum3.freeze11.snv.filtered.bam	159207311-tonguedorsum3.freeze11.snv.filtered.bam	159227541-tonguedorsum3.freeze11.snv.filtered.bam	159268001-tonguedorsum1.freeze11.snv.filtered.bam	159268001-tonguedorsum2.freeze11.snv.filtered.bam	159268001-tonguedorsum3.freeze11.snv.filtered.bam	159369152-tonguedorsum1.freeze11.snv.filtered.bam	159369152-tonguedorsum2.freeze11.snv.filtered.bam	159490532-tonguedorsum1.freeze11.snv.filtered.bam	159510762-supragingivalplaque3.freeze11.snv.filtered.bam	159510762-tonguedorsum2.freeze11.snv.filtered.bam	159571453-tonguedorsum1.freeze11.snv.filtered.bam	159571453-tonguedorsum2.freeze11.snv.filtered.bam	159753524-tonguedorsum1.freeze11.snv.filtered.bam	159753524-tonguedorsum3.freeze11.snv.filtered.bam	159814214-tonguedorsum1.freeze11.snv.filtered.bam	159814214-tonguedorsum2.freeze11.snv.filtered.bam	160158126-tonguedorsum1.freeze11.snv.filtered.bam	160158126-tonguedorsum2.freeze11.snv.filtered.bam	160178356-tonguedorsum1.freeze11.snv.filtered.bam	160178356-tonguedorsum2.freeze11.snv.filtered.bam	160178356-tonguedorsum3.freeze11.snv.filtered.bam	160319967-tonguedorsum1.freeze11.snv.filtered.bam	160319967-tonguedorsum2.freeze11.snv.filtered.bam	160319967-tonguedorsum3.freeze11.snv.filtered.bam	160380657-tonguedorsum1.freeze11.snv.filtered.bam	160380657-tonguedorsum2.freeze11.snv.filtered.bam	160380657-tonguedorsum3.freeze11.snv.filtered.bam	160421117-tonguedorsum1.freeze11.snv.filtered.bam	160421117-tonguedorsum2.freeze11.snv.filtered.bam	160421117-tonguedorsum3.freeze11.snv.filtered.bam	160502038-tonguedorsum1.freeze11.snv.filtered.bam	160502038-tonguedorsum3.freeze11.snv.filtered.bam	160582958-tonguedorsum3.freeze11.snv.filtered.bam	160603188-tonguedorsum1.freeze11.snv.filtered.bam	160603188-tonguedorsum2.freeze11.snv.filtered.bam	160603188-tonguedorsum3.freeze11.snv.filtered.bam	338793263-tonguedorsum1.freeze11.snv.filtered.bam	338793263-tonguedorsum2.freeze11.snv.filtered.bam	508703490-tonguedorsum2.freeze11.snv.filtered.bam	550534656-tonguedorsum1.freeze11.snv.filtered.bam	550534656-tonguedorsum2.freeze11.snv.filtered.bam	604812005-tonguedorsum1.freeze11.snv.filtered.bam	604812005-tonguedorsum2.freeze11.snv.filtered.bam	604812005-tonguedorsum3.freeze11.snv.filtered.bam	638754422-tonguedorsum2.freeze11.snv.filtered.bam	675950834-tonguedorsum1.freeze11.snv.filtered.bam	675950834-tonguedorsum2.freeze11.snv.filtered.bam	675950834-tonguedorsum3.freeze11.snv.filtered.bam	686765762-tonguedorsum1.freeze11.snv.filtered.bam	686765762-tonguedorsum2.freeze11.snv.filtered.bam	686765762-tonguedorsum3.freeze11.snv.filtered.bam	737052003-tonguedorsum1.freeze11.snv.filtered.bam	763435843-tonguedorsum1.freeze11.snv.filtered.bam	763435843-tonguedorsum2.freeze11.snv.filtered.bam	763496533-palatinetonsils1.freeze11.snv.filtered.bam	763496533-palatinetonsils2.freeze11.snv.filtered.bam	763536994-tonguedorsum1.freeze11.snv.filtered.bam	763536994-tonguedorsum2.freeze11.snv.filtered.bam	763820215-tonguedorsum1.freeze11.snv.filtered.bam	763820215-tonguedorsum2.freeze11.snv.filtered.bam	763840445-tonguedorsum1.freeze11.snv.filtered.bam	763840445-tonguedorsum2.freeze11.snv.filtered.bam	763860675-tonguedorsum1.freeze11.snv.filtered.bam	763860675-tonguedorsum2.freeze11.snv.filtered.bam	763901136-tonguedorsum2.freeze11.snv.filtered.bam	763982056-tonguedorsum2.freeze11.snv.filtered.bam	763982056-tonguedorsum3.freeze11.snv.filtered.bam	764083206-tonguedorsum1.freeze11.snv.filtered.bam	764083206-tonguedorsum2.freeze11.snv.filtered.bam	764224817-tonguedorsum1.freeze11.snv.filtered.bam	764224817-tonguedorsum2.freeze11.snv.filtered.bam	764285508-tonguedorsum2.freeze11.snv.filtered.bam	764447348-tonguedorsum1.freeze11.snv.filtered.bam	764447348-tonguedorsum2.freeze11.snv.filtered.bam	764487809-tonguedorsum1.freeze11.snv.filtered.bam	764487809-tonguedorsum2.freeze11.snv.filtered.bam	764508039-tonguedorsum1.freeze11.snv.filtered.bam	764508039-tonguedorsum3.freeze11.snv.filtered.bam	764588959-tonguedorsum2.freeze11.snv.filtered.bam	764649650-tonguedorsum1.freeze11.snv.filtered.bam	764649650-tonguedorsum2.freeze11.snv.filtered.bam	764811490-tonguedorsum1.freeze11.snv.filtered.bam	765013792-tonguedorsum2.freeze11.snv.filtered.bam	765013792-tonguedorsum3.freeze11.snv.filtered.bam	765074482-tonguedorsum3.freeze11.snv.filtered.bam	765135172-tonguedorsum2.freeze11.snv.filtered.bam	765337473-tonguedorsum1.freeze11.snv.filtered.bam	765337473-tonguedorsum2.freeze11.snv.filtered.bam	765337473-tonguedorsum3.freeze11.snv.filtered.bam	765701615-tonguedorsum1.freeze11.snv.filtered.bam	765701615-tonguedorsum2.freeze11.snv.filtered.bam	809635352-tonguedorsum1.freeze11.snv.filtered.bam	823052294-tonguedorsum1.freeze11.snv.filtered.bam	823052294-tonguedorsum2.freeze11.snv.filtered.bam	823052294-tonguedorsum3.freeze11.snv.filtered.bam	861967750-tonguedorsum1.freeze11.snv.filtered.bam	861967750-tonguedorsum2.freeze11.snv.filtered.bam
158337416-tonguedorsum1.freeze11.snv.filtered.bam	0.0	0.0227912155884	0.159992203043	0.162324205288	0.166880509553	0.159486163725	0.163652381684	0.183966931141	0.186591376484	0.187992111413	0.16048871191	0.167314642007	0.153548192329	0.148164673884	0.154944087946	0.164710300517	0.146286654742	0.166282583317	0.160215322698	0.148686015931	0.165072299643	0.168623617088	0.166198590111	0.146761912928	0.147065833825	0.146122694917	0.149930913569	0.170673627766	0.166316292482	0.159978430797	0.161217595446	0.173336261611	0.179971514073	0.144605573671	0.151661769699	0.151086109252	0.158126478592	0.161998910645	0.15981463099	0.151320996708	0.144994082886	0.146981789	0.160305187794	0.156073653146	0.161507379048	0.148613508901	0.153909899715	0.16609597873	0.158990122448	0.15888521421	0.154787022289	0.146605453723	0.14134628944	0.176931639611	0.156753497731	0.157760085126	0.149657757592	0.148740852443	0.15454471915	0.156224241768	0.181272454175	0.17668873779	0.182094049409	0.158450552166	0.160168911606	0.160712471483	0.156976980506	0.145388510407	0.15702451154	0.15237270562	0.157438738888	0.158244240193	0.158389888933	0.16149739424	0.155944273716	0.15539790254	0.15426059966	0.154252213573	0.154554611107	0.171508547438	0.166319247086	0.177561836658	0.165575435263	0.159172870823	0.158486323387	0.153573607518	0.161362133374	0.157596041331	0.162663161399	0.188367976999	0.193677743943	0.164401703195	0.163576628957	0.164446781942	0.153350534035	0.148361307783	0.162975629968	0.14456439089	0.147086299939	0.164068600553	0.177666308582	0.149465652773	0.160700542109	0.151189242095	0.148080139514	0.149544761593	0.15980885473	0.171672728661	0.158088110778	0.162133286042	0.164995025958	0.162391084689
158337416-tonguedorsum2.freeze11.snv.filtered.bam	0.0227912155884	0.0	0.162999644622	0.158884888688	0.163707212027	0.160065408342	0.165628449056	0.183061114571	0.188832938825	0.186085491154	0.161952749853	0.169758540017	0.156963139563	0.150755611898	0.158020754838	0.167747894061	0.149153415412	0.165440977708	0.159092358385	0.147541330008	0.162793694335	0.166036745657	0.163664190708	0.147712152427	0.148097595496	0.147148926878	0.147695947669	0.168823947329	0.16513148158	0.157321421736	0.158799323459	0.170376672845	0.176985162108	0.143636825842	0.153255618508	0.150304095536	0.157342559769	0.160316019516	0.157705409549	0.149609771493	0.142932430468	0.14468799682	0.162374011128	0.156622641204	0.160418822609	0.148894423936	0.156647506418	0.168449566235	0.161659466117	0.161752313588	0.157058340384	0.145062340502	0.139475888604	0.185276269179	0.161393018525	0.161985071148	0.148654996082	0.147149999771	0.154950422142	0.158485529049	0.183243900803	0.180126933391	0.184082599975	0.157782308177	0.160304723105	0.161984527607	0.159222732902	0.143239732824	0.153849333202	0.150503689824	0.156437647334	0.160586997012	0.162336716052	0.15991013373	0.154583722553	0.153216485222	0.152117048007	0.151907103908	0.15257701637	0.176973925589	0.168243587909	0.181204044844	0.163917261094	0.1569250655	0.15633441588	0.151446090316	0.16540330753	0.15767731866	0.162148202138	0.188421363995	0.194264457845	0.162347257339	0.161356139434	0.168749927747	0.151395895466	0.146706370137	0.166381384035	0.146840866267	0.150517568392	0.170138414575	0.179262430009	0.147667715568	0.161574947922	0.153238585514	0.145748688731	0.147840640051	0.156321238178	0.177924361066	0.158705284145	0.16613805108	0.167371344723	0.164675294542
158458797-tonguedorsum2.freeze11.snv.filtered.bam	0.159992203043	0.162999644622	0.0	0.161113464702	0.165873016466	0.147863065429	0.153131672701	0.166353272898	0.16331886046	0.171024934425	0.150985079225	0.156310268046	0.138981230983	0.137862996376	0.13665921587	0.148137403764	0.133386351226	0.158532534683	0.148878104605	0.140467227161	0.161664284825	0.166452136948	0.172886636781	0.141172692413	0.140953002039	0.144513464472	0.153258946207	0.15919886105	0.153132846842	0.155755304825	0.159903164078	0.168106338785	0.174874408489	0.136775899883	0.142549526061	0.144326445132	0.156786219922	0.155777322785	0.154242965082	0.144271972165	0.134589783536	0.13502657156	0.143237846011	0.142736112073	0.153751988623	0.143016658734	0.139720246929	0.149784777515	0.137801384905	0.140700687653	0.138299115078	0.145635594324	0.135535864249	0.145832832565	0.131962938383	0.1340710268	0.14041817622	0.139476535651	0.145280850852	0.135342909503	0.172446744775	0.161835484128	0.17218900395	0.147523559243	0.14630956563	0.141536341414	0.151417276616	0.1375865546	0.155441113027	0.146736820793	0.151449662438	0.13939115732	0.131735340329	0.150472008161	0.148418744022	0.145825346542	0.147080201712	0.145318309475	0.148090998168	0.142425038646	0.143923398392	0.144598997164	0.15804756951	0.152773909896	0.156769525509	0.149645474476	0.133640457819	0.151162978576	0.155617459951	0.176682248739	0.182075981237	0.152273295808	0.150112237226	0.141247337525	0.150864757878	0.14195398845	0.139189704955	0.130484548429	0.130341558514	0.133244837448	0.154282795144	0.145357323528	0.153610295536	0.134562878283	0.141156558219	0.140877104274	0.157441184244	0.141499156443	0.146892508343	0.132660227001	0.143312380848	0.142409963984
158479027-tonguedorsum1.freeze11.snv.filtered.bam	0.162324205288	0.158884888688	0.161113464702	0.0	0.0241975404434	0.153046837604	0.160079336339	0.169747945081	0.179411468942	0.172045667341	0.158699810772	0.167533629477	0.154963132551	0.144906853957	0.152227641047	0.161130343104	0.150892974965	0.158762314129	0.149134451577	0.140106167354	0.1560179235	0.162283419051	0.163063189549	0.141435227413	0.14163797826	0.143892481284	0.142296979417	0.160744504956	0.157712096731	0.140554593525	0.142746409576	0.159916940651	0.168262478256	0.134306543443	0.149766335287	0.141528353413	0.15063225476	0.155787537268	0.152168212173	0.133687652149	0.126905547009	0.128817832944	0.160766080291	0.147907597846	0.154717573142	0.144414507584	0.156670369741	0.159960426852	0.152974837639	0.157392841409	0.155568158835	0.142337904555	0.133987812872	0.188452050894	0.164910156289	0.163999301217	0.136439168814	0.134569786797	0.147245937968	0.152177705951	0.185545089096	0.184084183269	0.187165650976	0.149574069655	0.151927847091	0.152245475059	0.166515719841	0.12656416037	0.144856134142	0.137549114476	0.146587191163	0.148111732791	0.151817742699	0.144109132609	0.142571429578	0.137721721341	0.141206984452	0.140116169102	0.144567273881	0.170398572966	0.156187468033	0.175202585913	0.150131178906	0.140588685952	0.154286844133	0.14729813225	0.16071808282	0.153086983936	0.159062107922	0.186982119137	0.194210986411	0.146535837647	0.145084255162	0.16901639589	0.147190984194	0.135905534802	0.163789959044	0.145721089238	0.149467978351	0.168086242802	0.176608892219	0.135973843421	0.153294600693	0.145065683876	0.130157249215	0.132572887872	0.0699591229166	0.182018699918	0.154344780256	0.164007944705	0.165511087247	0.160512565372
158479027-tonguedorsum2.freeze11.snv.filtered.bam	0.166880509553	0.163707212027	0.165873016466	0.0241975404434	0.0	0.160364819834	0.164663971368	0.174200123803	0.182789134706	0.176606797712	0.164566812466	0.171628424713	0.160431089457	0.152924831159	0.159174973206	0.167443808999	0.15729853806	0.162603544108	0.15560684844	0.14747984606	0.161395350003	0.166407924701	0.167623225872	0.148830061019	0.148868724297	0.150992424297	0.149217067671	0.167291082323	0.164207108701	0.148365100637	0.150580437042	0.164291092119	0.171301694068	0.144010665089	0.157136507538	0.150408807067	0.158205046843	0.159334513113	0.157342163855	0.14292483381	0.137144656648	0.138806452788	0.167685401136	0.156242264598	0.162974499094	0.151621425933	0.162000435569	0.164989698903	0.159172642096	0.163599895723	0.162028904148	0.149188295614	0.142532157432	0.189848714625	0.169330478061	0.16876146534	0.145858062065	0.143938785078	0.154862591053	0.158431609827	0.189647975504	0.188008295861	0.190808144495	0.157837519054	0.16000378405	0.159930363367	0.16882126979	0.136055623112	0.151278634867	0.144438051639	0.15135507987	0.152376257367	0.157374230735	0.151802495782	0.150811237338	0.144566517232	0.148380647683	0.1485848557	0.152138642408	0.173877174114	0.162220955727	0.178518133481	0.154219605877	0.147027911754	0.158494512701	0.153163199519	0.166194166398	0.158487980695	0.16338388675	0.19029422417	0.197129848418	0.154655049839	0.15124110412	0.172384463696	0.153460170051	0.144151747423	0.167807724632	0.153222825097	0.156808833581	0.172979042558	0.180413390669	0.143430199616	0.157677425971	0.152471752906	0.139965693942	0.141333571288	0.0754465774664	0.183986479086	0.1614162916	0.16991507081	0.171198255672	0.166713255204
158499257-tonguedorsum1.freeze11.snv.filtered.bam	0.159486163725	0.160065408342	0.147863065429	0.153046837604	0.160364819834	0.0	0.0825146296912	0.158124736226	0.161977592909	0.161601476777	0.155658126926	0.165659682046	0.139746266445	0.129011107463	0.138060588214	0.142777741875	0.141645571529	0.160131237642	0.145106265165	0.140529666393	0.153355060037	0.161318498788	0.170143703675	0.140229550331	0.14184471207	0.142093070879	0.152330234253	0.146942758708	0.143165725647	0.144301843568	0.147343270946	0.171807526374	0.180155892988	0.127976633663	0.133544540156	0.12698667123	0.153403049726	0.165128461144	0.16002166055	0.129346877574	0.124241196393	0.124186672003	0.129046635799	0.124055699008	0.129624325536	0.138467084256	0.145654881967	0.14593528893	0.139899385667	0.143038104567	0.140865211655	0.144170910318	0.131676804116	0.163300439516	0.148085021946	0.14786544519	0.116321789798	0.116564974443	0.12001090229	0.133980712163	0.173492648478	0.169957144445	0.175937384541	0.137438087781	0.135819604142	0.134701320832	0.160716361946	0.126889912178	0.148759541051	0.140257847284	0.149341915096	0.144485416504	0.140207337389	0.14023483474	0.133900099552	0.13444682303	0.133704673185	0.135376396393	0.141535998896	0.148784788443	0.137364206234	0.155535249749	0.158004704323	0.148752043199	0.158005562575	0.150056725822	0.14641793927	0.145715520133	0.157054398355	0.181307734598	0.186627260309	0.131097027615	0.142942769406	0.152641863967	0.151381825339	0.13731789938	0.146385693741	0.130801729991	0.132238382793	0.144901039931	0.146468125623	0.139258734499	0.15103212173	0.136175223902	0.126332753266	0.126475644447	0.152398850405	0.15463968849	0.132877498426	0.138591071966	0.14243638859	0.139427325825
158499257-tonguedorsum2.freeze11.snv.filtered.bam	0.163652381684	0.165628449056	0.153131672701	0.160079336339	0.164663971368	0.0825146296912	0.0	0.167829514983	0.169030474297	0.173675950147	0.161163280968	0.166363686896	0.148336710404	0.141810077075	0.152067232255	0.158528913852	0.150155083771	0.164103707387	0.156532536473	0.153654178699	0.162555460085	0.16603102918	0.174916680832	0.150725607168	0.150680960498	0.154206194136	0.163404299341	0.164444543123	0.157647185717	0.156390896779	0.158825328881	0.178551672278	0.185976746945	0.148221856409	0.145756106504	0.14226607295	0.162277629656	0.166971990838	0.16551486298	0.14713482029	0.142408670798	0.143484200668	0.147423060868	0.147341174429	0.152782946778	0.150904026054	0.153571146024	0.160462228164	0.149471388091	0.153914776768	0.151097782133	0.151989605572	0.142644312402	0.164827023268	0.153516934554	0.154760661615	0.135897148447	0.133363262217	0.129543996742	0.146885917079	0.177387799558	0.173164931562	0.179542945036	0.155240464876	0.153408884811	0.150826446161	0.163273975555	0.145122792423	0.154655390223	0.15182866262	0.153961416667	0.1526819149	0.150192864176	0.151729877152	0.145235111669	0.145222086474	0.145011894448	0.150729485327	0.15548754954	0.157844226185	0.153548080707	0.162845104182	0.164946693158	0.160060877778	0.165363453643	0.160096660299	0.157057473915	0.159230927731	0.167298760238	0.187041484828	0.190947877718	0.151744421347	0.151500360357	0.159333384666	0.160800124203	0.150330458987	0.154512805625	0.142216912474	0.142587377038	0.150401545038	0.163974293411	0.152313521108	0.157971742699	0.14957585898	0.141561094321	0.141105067374	0.160836576369	0.157562973155	0.154475888548	0.154290036964	0.158083039402	0.153864938821
158802708-tonguedorsum1.freeze11.snv.filtered.bam	0.183966931141	0.183061114571	0.166353272898	0.169747945081	0.174200123803	0.158124736226	0.167829514983	0.0	0.0346516087006	0.0294371213792	0.17307423512	0.17881161274	0.167635187656	0.161128353158	0.16112927921	0.16390881221	0.166252793185	0.167879790985	0.159780870257	0.159000362451	0.171416848704	0.178768676637	0.180820927495	0.162764712947	0.163542592617	0.167388019734	0.170762422546	0.159720047539	0.156377221001	0.158827024753	0.163125085384	0.184719535848	0.190439397123	0.150372367001	0.158941288813	0.155463255292	0.172419342435	0.176699416093	0.175714807099	0.158623960868	0.149920473625	0.150489798354	0.157351019912	0.146959867365	0.155017926458	0.165738566654	0.17203267484	0.154871704374	0.165799280404	0.16764348283	0.167747619045	0.162638435773	0.156158807395	0.175689157173	0.170155886066	0.169148082457	0.146884565995	0.148139709155	0.15761188804	0.157437732883	0.183970434999	0.182116587156	0.184577935037	0.155169931615	0.15348978491	0.153965343225	0.174022031193	0.151175758197	0.166751793972	0.155954511388	0.157672618656	0.165017047577	0.161661487994	0.157876507718	0.158030949632	0.152947159594	0.153372709805	0.156443913555	0.16431243509	0.158672562284	0.150683487485	0.165381808877	0.168741474673	0.164298180912	0.177487344924	0.171470009393	0.166898206075	0.164114580174	0.171500368425	0.189299519685	0.194065420876	0.154234883163	0.160022148124	0.17094785883	0.16791321113	0.158342468296	0.161217842066	0.15906436213	0.160582322936	0.164267716693	0.161254940736	0.16368983908	0.16147467188	0.161763284548	0.150260818901	0.153914088672	0.171006793708	0.164064223593	0.156084402729	0.162377432365	0.151753648459	0.153779317031
158802708-tonguedorsum2.freeze11.snv.filtered.bam	0.186591376484	0.188832938825	0.16331886046	0.179411468942	0.182789134706	0.161977592909	0.169030474297	0.0346516087006	0.0	0.0391481368961	0.174527174081	0.178349495183	0.168901988552	0.16458313808	0.163515193036	0.16491132486	0.167066055172	0.173736461315	0.167872568966	0.167801784216	0.18008282975	0.186657261157	0.187915831118	0.16935570887	0.170085578558	0.172453409613	0.180713563885	0.166957208955	0.162671567183	0.168636131671	0.172786408081	0.193067190663	0.197845870447	0.160785872889	0.16301133238	0.164207547706	0.180414324934	0.184483371776	0.184338129466	0.168940250034	0.160886829838	0.161959158549	0.157544340787	0.153066633314	0.164153862531	0.17091353026	0.172797031617	0.155967555952	0.166224833305	0.167517038702	0.168270313048	0.171799516162	0.165611868393	0.160238303651	0.164092458704	0.164949902296	0.15687316473	0.158184785141	0.164692434498	0.157558832338	0.184658352638	0.178978695089	0.184810395599	0.162502962587	0.158457247695	0.155495050739	0.170900848804	0.161423438385	0.176391929433	0.164700437522	0.164305720578	0.166205679555	0.158935894192	0.167331953325	0.166266169379	0.161360861329	0.161338693602	0.167082756926	0.173401006155	0.155126270658	0.149993584273	0.157534818483	0.175361060616	0.172955917196	0.185749741219	0.180102957168	0.163117639632	0.170510791355	0.17770657683	0.191211072181	0.194949742547	0.164112538848	0.169660508737	0.165748806882	0.17557102334	0.168131721631	0.160783044483	0.1609075788	0.161452740568	0.154626406564	0.157242846607	0.172677334573	0.16593068054	0.165039602519	0.161289845245	0.163908219439	0.180508698274	0.147924644633	0.160126147161	0.157399948375	0.150130748033	0.151123756198
158802708-tonguedorsum3.freeze11.snv.filtered.bam	0.187992111413	0.186085491154	0.171024934425	0.172045667341	0.176606797712	0.161601476777	0.173675950147	0.0294371213792	0.0391481368961	0.0	0.178696115794	0.185346263291	0.174229548902	0.168117514074	0.166050769592	0.16858092138	0.171966832629	0.173600285438	0.164816801804	0.161484413945	0.171215807785	0.178448975032	0.181706681002	0.166527502992	0.167553321282	0.172909743122	0.172715439473	0.158329644593	0.156433377196	0.160077576668	0.164385085857	0.18512237374	0.190153494831	0.153644577549	0.164828344284	0.159997589527	0.174134290957	0.178434156525	0.176825437609	0.16091292421	0.151644061279	0.15227554429	0.162064871854	0.14925520518	0.155673124143	0.170589816679	0.178460025805	0.158881426135	0.171117964782	0.17239408045	0.17239128315	0.163468361163	0.158052655917	0.186357228533	0.176815303701	0.175556716196	0.149404408513	0.150173812761	0.162215076662	0.162938800216	0.189370297204	0.187807270931	0.189211798325	0.156175670699	0.156360352944	0.156947425168	0.178893284639	0.15306063896	0.16829775429	0.157699662441	0.161140233099	0.170898835983	0.168413436465	0.159668896307	0.161593069772	0.155549678301	0.155065483203	0.157407778383	0.166367090883	0.164956868878	0.155037700461	0.171349359154	0.171427802628	0.165885529178	0.177278180731	0.170871137196	0.172898453767	0.165642774111	0.171961169594	0.19101291208	0.196816639914	0.153658860802	0.161824091805	0.177025218454	0.16934092004	0.160212878914	0.170623402726	0.163499901742	0.165126909358	0.174070484373	0.164373839439	0.164733895356	0.166063629826	0.165614775747	0.153504599674	0.15709482067	0.172222081758	0.174079314364	0.159657711459	0.168814174527	0.154014850609	0.156922921429
158883629-tonguedorsum2.freeze11.snv.filtered.bam	0.16048871191	0.161952749853	0.150985079225	0.158699810772	0.164566812466	0.155658126926	0.161163280968	0.17307423512	0.174527174081	0.178696115794	0.0	0.0331293534442	0.146715652229	0.141777240546	0.147489366194	0.15676305051	0.142986884748	0.154101251058	0.148125900997	0.146764389559	0.160024592684	0.165325440998	0.171725001881	0.140334286391	0.140551846729	0.140416257434	0.148724618071	0.170346549837	0.164832150343	0.152187940523	0.153581293723	0.16164091307	0.170146680455	0.13826203054	0.14187519868	0.141162694577	0.155295110252	0.164308037383	0.159664764211	0.143756820075	0.1396704525	0.141740115587	0.152298405623	0.147242745985	0.156376244808	0.140374217703	0.146774830369	0.158366102023	0.148163975014	0.153323393534	0.150727974137	0.151506515825	0.14182943565	0.165757386782	0.152068503508	0.152998598483	0.141210013034	0.140970317286	0.145878227261	0.143405293646	0.17676115308	0.172499391503	0.179974204425	0.153851259444	0.151648462179	0.150069543353	0.158243927217	0.139751499276	0.157290575731	0.146527438514	0.153376298038	0.149794350223	0.145870648722	0.152400999016	0.145383285843	0.143954847188	0.148105407621	0.149315608162	0.145949139056	0.158977447463	0.152691322441	0.163146004868	0.153967356775	0.147083142219	0.159940510555	0.155663591266	0.153962196642	0.15231889168	0.16052698343	0.187196819979	0.191332327154	0.154927930912	0.156306373434	0.163011472214	0.15199156574	0.142275911577	0.151899685632	0.141419693603	0.143651152143	0.150731391365	0.166823884028	0.144307203482	0.154139588723	0.140342124666	0.135503983027	0.13662203349	0.155422885588	0.158285849974	0.150129495454	0.15100602192	0.15661895248	0.153031385918
158883629-tonguedorsum3.freeze11.snv.filtered.bam	0.167314642007	0.169758540017	0.156310268046	0.167533629477	0.171628424713	0.165659682046	0.166363686896	0.17881161274	0.178349495183	0.185346263291	0.0331293534442	0.0	0.154889946548	0.152091440076	0.158333803804	0.165791287781	0.152261043253	0.158859746556	0.156934104657	0.157065804149	0.169868732698	0.172762151873	0.176818943824	0.151345848685	0.150915726702	0.150934684783	0.158665565892	0.178550246835	0.173260758121	0.161721205732	0.163654730885	0.168268798501	0.17289285109	0.152468841482	0.151616613118	0.153262587264	0.167866367121	0.170866603932	0.169292416192	0.156267830555	0.15271651815	0.154841112821	0.161597870475	0.159659405183	0.168109892073	0.153440348349	0.155220216876	0.165270893195	0.155539980152	0.162318595675	0.15921445586	0.161932033664	0.154862917045	0.165073077322	0.15740858543	0.158495250749	0.153719636545	0.153366935598	0.155830570775	0.151268140664	0.182645538157	0.177792666038	0.185024336689	0.164025537223	0.161695264392	0.159346762663	0.161574944254	0.154138950779	0.166228729154	0.156512254665	0.159645936852	0.155247719641	0.15191816696	0.161792236766	0.156695894406	0.152864217102	0.157020927412	0.159989122092	0.155419330288	0.162496653645	0.159965501882	0.16455298983	0.159570498558	0.155544762811	0.1683062476	0.16562779174	0.1615150711	0.160171443751	0.166828339553	0.19168565316	0.195557276033	0.164933276002	0.16486022529	0.166355813109	0.159913442013	0.152751907069	0.157251137253	0.152187479448	0.153883642089	0.154000607707	0.169364936746	0.155441521307	0.158283258776	0.150347809818	0.148279955454	0.148649032108	0.163549633902	0.15924683806	0.159343551917	0.15755676333	0.164138287831	0.160808595886
158944319-tonguedorsum1.freeze11.snv.filtered.bam	0.153548192329	0.156963139563	0.138981230983	0.154963132551	0.160431089457	0.139746266445	0.148336710404	0.167635187656	0.168901988552	0.174229548902	0.146715652229	0.154889946548	0.0	0.103450759635	0.0925809538735	0.144255480906	0.127668968791	0.155129144265	0.145974871934	0.138945334617	0.153201546502	0.159324504099	0.167116012257	0.134292006558	0.133362375772	0.135573168374	0.147796883292	0.157367617986	0.152906370907	0.149994046807	0.15169873839	0.167772380035	0.17809839023	0.12353744853	0.132302118014	0.132545835759	0.152103112797	0.158464074896	0.154915139337	0.134406170299	0.127501060145	0.129317774944	0.136636228341	0.135316304819	0.14314208996	0.134203337607	0.136105301519	0.148590632948	0.134741320359	0.135404224699	0.122869734972	0.136813248845	0.125845803214	0.153093838342	0.118284094235	0.122378159051	0.129167238541	0.127603031083	0.133584413352	0.13313454212	0.168848961676	0.163229966209	0.172264773703	0.142255162824	0.140075046596	0.137422990015	0.152144345804	0.129096989221	0.149152380498	0.142466605787	0.150605224097	0.139542997226	0.137796473232	0.146497423573	0.137597172244	0.139569187312	0.141489488093	0.142951888529	0.146206732261	0.150147962115	0.144305431362	0.15669991152	0.156100452042	0.148298986998	0.152448767589	0.145470702236	0.133158215047	0.1311161604	0.133083505981	0.17971972785	0.184276622815	0.147228035436	0.148058090129	0.149761149811	0.150382444888	0.137944627965	0.141039579643	0.124481687896	0.125839727684	0.136646887479	0.159573895235	0.135823200993	0.154540956293	0.131508019964	0.131842522484	0.13328620391	0.154524904603	0.15048137347	0.14219440423	0.138542269298	0.145682190108	0.143532412996
158944319-tonguedorsum2.freeze11.snv.filtered.bam	0.148164673884	0.150755611898	0.137862996376	0.144906853957	0.152924831159	0.129011107463	0.141810077075	0.161128353158	0.16458313808	0.168117514074	0.141777240546	0.152091440076	0.103450759635	0.0	0.11642021438	0.1391795262	0.123961294216	0.145377660804	0.131753880325	0.127586966875	0.148380803158	0.156383649515	0.161454277846	0.124470481709	0.125158133687	0.123845005761	0.137044142797	0.151615747986	0.14597758704	0.138312821388	0.140913656381	0.162841390778	0.173748358843	0.114014775311	0.125018501104	0.121968985998	0.138402322262	0.153027094738	0.146736292071	0.122583840236	0.116201493324	0.117908256023	0.129564563512	0.123634516339	0.132993639367	0.123958342244	0.1309038273	0.14117532682	0.129255111981	0.133231236808	0.131038527435	0.132662071462	0.118436160193	0.157183456971	0.133034760666	0.133421012914	0.116878787387	0.116214867007	0.125880692542	0.126661649446	0.166145235338	0.161137346328	0.170129440186	0.134839738625	0.133857162094	0.132485758528	0.147052314023	0.114833706029	0.137653510149	0.130939928874	0.141536902955	0.135858285371	0.130703801037	0.138948295871	0.126738385901	0.128234067975	0.131893713878	0.128976216224	0.132114336134	0.146361562642	0.136700500225	0.153632476861	0.145192397867	0.135577430325	0.146249671686	0.138393365103	0.134105034452	0.135673471625	0.145112312804	0.174701476354	0.179741029589	0.134641728557	0.138277819741	0.146713116253	0.140423652514	0.124462012367	0.138470929778	0.116041123705	0.118930492724	0.13575123977	0.162077361871	0.126002309638	0.144237194915	0.122102944673	0.117116932715	0.118820641886	0.144468270188	0.151761320295	0.135926186371	0.135488155483	0.139174408648	0.135367426198
158944319-tonguedorsum3.freeze11.snv.filtered.bam	0.154944087946	0.158020754838	0.13665921587	0.152227641047	0.159174973206	0.138060588214	0.152067232255	0.16112927921	0.163515193036	0.166050769592	0.147489366194	0.158333803804	0.0925809538735	0.11642021438	0.0	0.139778044961	0.127466435584	0.156070788667	0.141767423507	0.133565551007	0.151734988147	0.161316116574	0.166320284149	0.133038631623	0.134441427507	0.134694622427	0.145772271205	0.15304465827	0.149126858664	0.142290610281	0.145099834861	0.16752494301	0.177256245454	0.118083377548	0.132962504045	0.131340239912	0.147041655525	0.16186005512	0.155693990678	0.131516649099	0.121132911498	0.123387457165	0.135181023516	0.126046373595	0.139302274436	0.133539368117	0.138008226368	0.14058775582	0.134551931284	0.135768201981	0.129548807461	0.137260714472	0.125622394233	0.151629949771	0.128562557846	0.12928309545	0.125129493578	0.124591336153	0.135491042593	0.132518839566	0.170962514481	0.163701293278	0.173458638637	0.137657092477	0.135425949705	0.132189315307	0.157088361656	0.123762052037	0.14759772581	0.128074128366	0.148325423347	0.141644593559	0.132927308328	0.143127753167	0.136176199031	0.135285851716	0.137673718613	0.13656980558	0.141628398115	0.141534956218	0.134722851121	0.148625876466	0.155152396835	0.144137753576	0.154535439483	0.14519940855	0.125091161947	0.132586949255	0.141110786615	0.176549953464	0.18259420772	0.140184444263	0.146555732182	0.144188332275	0.148047289184	0.132793429913	0.137716412359	0.120917591309	0.120991352073	0.13476337379	0.159109503797	0.131619489135	0.151839837388	0.123410173105	0.125878318932	0.128610038289	0.14988340595	0.143535685365	0.138504875405	0.131042576248	0.143227737941	0.13649627095
159207311-tonguedorsum3.freeze11.snv.filtered.bam	0.164710300517	0.167747894061	0.148137403764	0.161130343104	0.167443808999	0.142777741875	0.158528913852	0.16390881221	0.16491132486	0.16858092138	0.15676305051	0.165791287781	0.144255480906	0.1391795262	0.139778044961	0.0	0.139418928081	0.164236150107	0.15331082556	0.148918831203	0.164040013031	0.172433774644	0.177129654308	0.145283445306	0.146699780892	0.146434936388	0.15648594476	0.157767918215	0.154627578907	0.152027018125	0.154792184492	0.179049632686	0.188025366431	0.135847303138	0.141101455338	0.141540281361	0.156668907933	0.169284748267	0.164986181513	0.142381153701	0.136651054997	0.137026622664	0.14466812004	0.139469846389	0.148618793967	0.131091716393	0.14136449958	0.14783129516	0.143462105903	0.143248087433	0.143536994984	0.153898192587	0.141175038367	0.151579935255	0.146682728845	0.145980028564	0.138505524328	0.1386197452	0.146533283341	0.138952045339	0.173335107772	0.168092693741	0.176134815978	0.141368285471	0.137643253165	0.135035975728	0.16114975875	0.136315957557	0.15942137484	0.148916125907	0.15659400576	0.148682337574	0.142035848105	0.148137380742	0.1462440436	0.146201476159	0.148352766327	0.145460232106	0.148504108033	0.149619430083	0.142934112299	0.155891016092	0.163962289863	0.155059883713	0.163371656122	0.154444976109	0.145111403405	0.152498714157	0.162545423547	0.182317575175	0.18599458259	0.145136570891	0.151194208749	0.149994232098	0.157569671675	0.145032824149	0.146028697369	0.137475806132	0.137596682792	0.143682916715	0.158052993877	0.147394242434	0.158769107354	0.139798080952	0.139584249216	0.141077923476	0.162174065613	0.151928442231	0.142278638061	0.138510297249	0.147577918279	0.14315792842
159227541-tonguedorsum3.freeze11.snv.filtered.bam	0.146286654742	0.149153415412	0.133386351226	0.150892974965	0.15729853806	0.141645571529	0.150155083771	0.166252793185	0.167066055172	0.171966832629	0.142986884748	0.152261043253	0.127668968791	0.123961294216	0.127466435584	0.139418928081	0.0	0.154603438949	0.144495220084	0.133864705125	0.15380745321	0.160227893411	0.1626237954	0.127244322412	0.12755464605	0.127172250032	0.136747210116	0.157596043137	0.15159943064	0.144154452846	0.146279482082	0.165859965053	0.17617387577	0.12283295136	0.129151637573	0.131620428314	0.142387559688	0.151971069086	0.147860533335	0.135330415138	0.125789544029	0.127830877125	0.135664441443	0.131098861637	0.142221989502	0.125003607372	0.126926690711	0.143993963162	0.133546204133	0.135285344869	0.130874469216	0.131931484379	0.119735773183	0.14735135551	0.123613121233	0.124356780214	0.128378325273	0.128249512694	0.137798043505	0.129287170192	0.16569707305	0.158867136044	0.16871858794	0.141198897578	0.138795165643	0.134245231482	0.141247580166	0.123265483454	0.143332729068	0.135239548635	0.144483481505	0.136691299326	0.132045622003	0.143564272061	0.134546338351	0.14058030602	0.142915319971	0.139269108194	0.141557226843	0.142286216783	0.137232491026	0.147150399134	0.152884962066	0.143240182983	0.146941340975	0.139559693203	0.128193307604	0.138879481521	0.14679392142	0.174327733897	0.179917704852	0.144307056541	0.145267299367	0.137684085514	0.141909453727	0.129558465758	0.132910222719	0.118762914712	0.119277930552	0.130749536099	0.158604976095	0.132486159284	0.150067752779	0.126033381387	0.12881080615	0.129721359151	0.149118929514	0.138748468573	0.138771710943	0.129405067426	0.14164099966	0.13684256479
159268001-tonguedorsum1.freeze11.snv.filtered.bam	0.166282583317	0.165440977708	0.158532534683	0.158762314129	0.162603544108	0.160131237642	0.164103707387	0.167879790985	0.173736461315	0.173600285438	0.154101251058	0.158859746556	0.155129144265	0.145377660804	0.156070788667	0.164236150107	0.154603438949	0.0	0.0681485042372	0.137258393021	0.165168360171	0.170181325688	0.169550303092	0.150840835239	0.150119730306	0.146602909877	0.153670139498	0.170729719062	0.16523905223	0.154402690293	0.156604996534	0.163355080725	0.168092406977	0.140442341958	0.146765090922	0.139524021091	0.161873288864	0.169724901838	0.167929320374	0.146267846314	0.139276483361	0.140795660621	0.156075860925	0.150077046913	0.155354715467	0.152075778122	0.156922538831	0.162790524946	0.159991432372	0.160305362048	0.158943569953	0.155024802054	0.146307029202	0.17419714231	0.162995153643	0.162921378553	0.14011599312	0.139803885974	0.142358472882	0.150302550693	0.18201531791	0.180017075443	0.184771732372	0.159901144539	0.160250528307	0.159878634161	0.16579631195	0.141565714127	0.160570574159	0.146253127431	0.149926013779	0.152444919919	0.148924465325	0.157612800732	0.149640875952	0.143211271896	0.15022280614	0.15057142815	0.147846017554	0.163093236485	0.156653657524	0.170124227399	0.138273621904	0.134506882793	0.161155922113	0.157738420186	0.156660691814	0.157942833756	0.16457886742	0.185216599918	0.189948566185	0.154149145036	0.157288295699	0.170690693298	0.149521838125	0.140646196303	0.158572762425	0.147937257852	0.151097155561	0.158540114437	0.175994303591	0.148697797647	0.149022364126	0.146246795064	0.133962499333	0.134225520908	0.157835493245	0.169324773971	0.156984429303	0.161896283804	0.162418830789	0.15965218921
159268001-tonguedorsum2.freeze11.snv.filtered.bam	0.160215322698	0.159092358385	0.148878104605	0.149134451577	0.15560684844	0.145106265165	0.156532536473	0.159780870257	0.167872568966	0.164816801804	0.148125900997	0.156934104657	0.145974871934	0.131753880325	0.141767423507	0.15331082556	0.144495220084	0.0681485042372	0.0	0.0994310737231	0.154579777019	0.161961431683	0.163130184889	0.138045892702	0.137549706788	0.135131043252	0.14257234077	0.156588013353	0.151550300459	0.139704600925	0.14175023961	0.159568747048	0.166676467174	0.122742364893	0.136582512108	0.125977548104	0.149856207602	0.162413251635	0.156854061554	0.127629105559	0.121133670425	0.121551135697	0.142704882526	0.134789655495	0.140098127368	0.138010813966	0.148264582388	0.153038502657	0.148178247934	0.149610264699	0.14839595169	0.143131458332	0.130744421092	0.173387315501	0.154768239584	0.15396186282	0.12120380534	0.121341185557	0.13009520856	0.138289577463	0.17598158373	0.174755719202	0.179100641776	0.142511394179	0.144341473892	0.145234812186	0.162395488066	0.122207333581	0.150692180531	0.131257779611	0.14075829393	0.144971428614	0.140046352849	0.145005967053	0.135676660128	0.130238308795	0.137018589697	0.134001160549	0.133067617368	0.155319931671	0.145192798024	0.164890547268	0.136288069321	0.127528391364	0.153263546907	0.146020750099	0.147469280245	0.146326125776	0.154979699053	0.180319619503	0.1866031482	0.139120670107	0.146173930664	0.161834120989	0.142012218574	0.127607286969	0.151473671293	0.134947064743	0.138196846397	0.152576070448	0.1705064087	0.134950550547	0.144578665521	0.133331499837	0.116050006281	0.117958578069	0.149849157834	0.168476018693	0.144804701997	0.15248697103	0.150461501903	0.146707964619
159268001-tonguedorsum3.freeze11.snv.filtered.bam	0.148686015931	0.147541330008	0.140467227161	0.140106167354	0.14747984606	0.140529666393	0.153654178699	0.159000362451	0.167801784216	0.161484413945	0.146764389559	0.157065804149	0.138945334617	0.127586966875	0.133565551007	0.148918831203	0.133864705125	0.137258393021	0.0994310737231	0.0	0.142394770677	0.148075165693	0.156918827741	0.127281605055	0.127143824292	0.124001709528	0.127703065586	0.150651814792	0.146636521629	0.133813225808	0.136717596471	0.150226504097	0.158741340084	0.112970640567	0.132043129392	0.123476944217	0.140162589474	0.149339595197	0.144132655724	0.121156206558	0.109900576088	0.110622819703	0.140746419775	0.12848144966	0.13531600438	0.126848077971	0.139606269504	0.148058107287	0.143389394422	0.141717337448	0.13907859246	0.124658883645	0.113522565972	0.174763129138	0.144326337233	0.143175676835	0.117270133271	0.116933430861	0.129009899381	0.134763032868	0.168514286878	0.16692557069	0.170720203233	0.134300496643	0.135852672452	0.136733848061	0.146042107878	0.112402585395	0.135545320463	0.126239909556	0.138994263635	0.137250680997	0.139353608049	0.134132743864	0.129009397113	0.127220214417	0.130075511661	0.124474172722	0.128056532311	0.151646208811	0.140914825902	0.161715714736	0.138877739282	0.127902616793	0.138230930185	0.128853327155	0.14300700353	0.131639329505	0.14001824447	0.173290965514	0.18127130608	0.132389535669	0.138647871217	0.155313865551	0.134056401127	0.119825733649	0.148942523071	0.123514912933	0.127672882005	0.152711064281	0.166614358753	0.12215719087	0.144392677139	0.126976846991	0.113379540125	0.115797307973	0.140760930799	0.168093648384	0.13866218878	0.146865031721	0.145751009933	0.143134354213
