	158337416-supragingivalplaque1.freeze11.snv.filtered.bam	158337416-supragingivalplaque2.freeze11.snv.filtered.bam	158479027-supragingivalplaque1.freeze11.snv.filtered.bam	158479027-supragingivalplaque2.freeze11.snv.filtered.bam	158883629-supragingivalplaque1.freeze11.snv.filtered.bam	158883629-supragingivalplaque3.freeze11.snv.filtered.bam	158944319-supragingivalplaque3.freeze11.snv.filtered.bam	159268001-supragingivalplaque1.freeze11.snv.filtered.bam	159268001-supragingivalplaque2.freeze11.snv.filtered.bam	159268001-supragingivalplaque3.freeze11.snv.filtered.bam	159551223-supragingivalplaque1.freeze11.snv.filtered.bam	159551223-supragingivalplaque2.freeze11.snv.filtered.bam	159814214-supragingivalplaque1.freeze11.snv.filtered.bam	159814214-supragingivalplaque2.freeze11.snv.filtered.bam	160178356-buccalmucosa2.freeze11.snv.filtered.bam	160178356-supragingivalplaque1.freeze11.snv.filtered.bam	160178356-supragingivalplaque2.freeze11.snv.filtered.bam	160178356-supragingivalplaque3.freeze11.snv.filtered.bam	160319967-supragingivalplaque1.freeze11.snv.filtered.bam	160319967-supragingivalplaque2.freeze11.snv.filtered.bam	160319967-supragingivalplaque3.freeze11.snv.filtered.bam	160380657-supragingivalplaque3.freeze11.snv.filtered.bam	160502038-supragingivalplaque2.freeze11.snv.filtered.bam	160502038-supragingivalplaque3.freeze11.snv.filtered.bam	160603188-supragingivalplaque2.freeze11.snv.filtered.bam	160603188-supragingivalplaque3.freeze11.snv.filtered.bam	370425937-supragingivalplaque2.freeze11.snv.filtered.bam	550534656-supragingivalplaque3.freeze11.snv.filtered.bam	604812005-supragingivalplaque3.freeze11.snv.filtered.bam	763496533-buccalmucosa1.freeze11.snv.filtered.bam	763840445-supragingivalplaque1.freeze11.snv.filtered.bam	763860675-supragingivalplaque1.freeze11.snv.filtered.bam	763982056-supragingivalplaque3.freeze11.snv.filtered.bam	764083206-supragingivalplaque1.freeze11.snv.filtered.bam	764224817-supragingivalplaque2.freeze11.snv.filtered.bam	764305738-supragingivalplaque1.freeze11.snv.filtered.bam	764305738-supragingivalplaque2.freeze11.snv.filtered.bam	764366428-supragingivalplaque2.freeze11.snv.filtered.bam	764508039-supragingivalplaque3.freeze11.snv.filtered.bam	764588959-supragingivalplaque1.freeze11.snv.filtered.bam	764811490-supragingivalplaque1.freeze11.snv.filtered.bam	765013792-supragingivalplaque3.freeze11.snv.filtered.bam	765074482-supragingivalplaque3.freeze11.snv.filtered.bam	765337473-supragingivalplaque2.freeze11.snv.filtered.bam	823052294-supragingivalplaque3.freeze11.snv.filtered.bam
158337416-supragingivalplaque1.freeze11.snv.filtered.bam	0.0	0.0313139758294	0.186682544244	0.180567978049	0.19183018175	0.17420121554	0.178310788423	0.183291303333	0.189572272097	0.198253121033	0.173338166601	0.169950419995	0.166293438029	0.177721697512	0.162764278498	0.164120323019	0.161845776551	0.158133658852	0.178208016743	0.160449652859	0.164288383024	0.187299515982	0.150078916979	0.146301388722	0.177083445386	0.176266096183	0.187457088217	0.194741090101	0.159990854351	0.167794551472	0.167993234113	0.160828113044	0.161089413228	0.171167518427	0.175367665852	0.167119331668	0.167413603211	0.17071212289	0.155425779833	0.169429056629	0.179345964185	0.16424568392	0.190872709373	0.183472155315	0.155000199889
158337416-supragingivalplaque2.freeze11.snv.filtered.bam	0.0313139758294	0.0	0.186859851264	0.180918256058	0.192206191761	0.175546975484	0.179087286906	0.18225203581	0.189899748833	0.196211016612	0.173792857707	0.17014619672	0.165828541533	0.176747763641	0.160795665241	0.165489865601	0.1604206689	0.156555904251	0.179076714605	0.158813741477	0.163939380817	0.187438387175	0.156548468808	0.152996649454	0.17539991382	0.1753126873	0.18628624355	0.192387815413	0.158464011791	0.168355747041	0.167339928457	0.162554488112	0.159164692529	0.168940899858	0.174672660781	0.16666117153	0.168675458544	0.17179409802	0.154615814594	0.170398565577	0.179999964569	0.164431137896	0.190911272922	0.183643862819	0.154566960413
158479027-supragingivalplaque1.freeze11.snv.filtered.bam	0.186682544244	0.186859851264	0.0	0.0034569259951	0.232809321245	0.222015103804	0.193536665618	0.203082211777	0.200702422636	0.219541543931	0.197250805326	0.196573570987	0.194267725621	0.197825981683	0.191448796959	0.18756750036	0.189902448862	0.187892078022	0.191768778009	0.190100373481	0.188990064151	0.197346304341	0.195644084914	0.192813557867	0.1990968749	0.197856904128	0.199614371665	0.218517621856	0.187747923116	0.186325228452	0.18865204251	0.175593106011	0.186910137381	0.201203404196	0.19878047664	0.185097214565	0.173390810029	0.193400755872	0.185467650706	0.179285745234	0.149871959075	0.176894262721	0.209814266345	0.19852538842	0.186911644586
158479027-supragingivalplaque2.freeze11.snv.filtered.bam	0.180567978049	0.180918256058	0.0034569259951	0.0	0.227859098811	0.216530015387	0.187875697094	0.19647753475	0.195314097239	0.213796722117	0.192174052619	0.191163103922	0.188215931309	0.191893432055	0.185575220583	0.181216802682	0.183990608519	0.181503985334	0.185698679896	0.1838987541	0.182742301703	0.191415070509	0.190720631326	0.18756141653	0.194348876267	0.192979326099	0.19509378234	0.212213644263	0.181896905698	0.180631901928	0.182435152508	0.169420666591	0.180569023875	0.194979112925	0.193502973202	0.179669600661	0.167229833706	0.18849493991	0.179543786375	0.173510384263	0.145574138211	0.170395114752	0.205029560831	0.193202337393	0.180285952071
158883629-supragingivalplaque1.freeze11.snv.filtered.bam	0.19183018175	0.192206191761	0.232809321245	0.227859098811	0.0	0.047311776629	0.221924837048	0.197168776006	0.226608600822	0.192348711453	0.223758575054	0.219900592664	0.204345284632	0.209613569125	0.205945422306	0.210375541599	0.203763313538	0.202124967977	0.223107631585	0.206870689443	0.210379996044	0.222061892155	0.200971084482	0.205034615285	0.219125359541	0.219487718079	0.232990993895	0.182673592377	0.207854242956	0.216611369684	0.21831114037	0.210613001164	0.189939940822	0.178805494374	0.221520971298	0.20949050296	0.212918913519	0.221113133555	0.209190137477	0.220230094103	0.230422879972	0.208972416676	0.238753540438	0.227960588829	0.195120397842
158883629-supragingivalplaque3.freeze11.snv.filtered.bam	0.17420121554	0.175546975484	0.222015103804	0.216530015387	0.047311776629	0.0	0.210530719042	0.18609730665	0.215732072276	0.184598132457	0.212323836792	0.208817279291	0.192496954386	0.19884625732	0.193152171684	0.196626083244	0.191119841882	0.189221613429	0.210412150012	0.19500456557	0.19839584351	0.212059109814	0.185916969127	0.188607578343	0.208533040376	0.208877593778	0.221645908104	0.175659621162	0.195386765642	0.205373744434	0.207069039275	0.199248384921	0.179217369974	0.169160886686	0.209728801794	0.198250349146	0.200784828901	0.209582164735	0.197192245144	0.208432505489	0.21860903982	0.196644733894	0.227943824684	0.216767086993	0.18257435016
158944319-supragingivalplaque3.freeze11.snv.filtered.bam	0.178310788423	0.179087286906	0.193536665618	0.187875697094	0.221924837048	0.210530719042	0.0	0.196777726109	0.199002941737	0.212752894719	0.189643591307	0.186576216337	0.191958664386	0.197516823595	0.119317140477	0.0758308715104	0.105316215515	0.107502928893	0.0561416966056	0.0995923868725	0.0747625672485	0.193177728891	0.189741220318	0.186185813599	0.195477020536	0.194283758841	0.201077279743	0.209103792001	0.176549778355	0.185357149981	0.182409291157	0.176439616026	0.173386042784	0.189925316468	0.188683052051	0.178575947767	0.174934676367	0.184582022783	0.176817178214	0.185385049386	0.190790882168	0.169826278139	0.198416185156	0.192227655351	0.176036324418
159268001-supragingivalplaque1.freeze11.snv.filtered.bam	0.183291303333	0.18225203581	0.203082211777	0.19647753475	0.197168776006	0.18609730665	0.196777726109	0.0	0.0620986798749	0.056394140068	0.195848996987	0.191922595582	0.189299698887	0.189554701102	0.182945247059	0.183052646663	0.180989451903	0.177792381271	0.196803499961	0.180546062766	0.182879545741	0.189961764105	0.202953591295	0.199689506956	0.198137240695	0.19760952684	0.205528071858	0.172793403147	0.18277208957	0.192397466259	0.184615047089	0.183821695749	0.165314437671	0.157067280083	0.195544785322	0.18264209175	0.185412846854	0.194194048931	0.179937359966	0.193732704138	0.198889527396	0.178408654172	0.210943037905	0.202167115133	0.178529334896
159268001-supragingivalplaque2.freeze11.snv.filtered.bam	0.189572272097	0.189899748833	0.200702422636	0.195314097239	0.226608600822	0.215732072276	0.199002941737	0.0620986798749	0.0	0.094928282582	0.197091449138	0.196007830877	0.201035864743	0.204666205398	0.194162826922	0.189915794644	0.192470590481	0.190280160835	0.196762305549	0.19138852744	0.191374863126	0.197974595079	0.200143537306	0.196821327171	0.207094300378	0.205498128975	0.20485908887	0.214698215978	0.190530781933	0.196287601847	0.189703006068	0.187967101423	0.18519936978	0.199218501614	0.20075804072	0.189140466173	0.186616624686	0.194468660933	0.18854487815	0.195586997419	0.196624426334	0.182507689491	0.208989857422	0.201942957875	0.190746246607
159268001-supragingivalplaque3.freeze11.snv.filtered.bam	0.198253121033	0.196211016612	0.219541543931	0.213796722117	0.192348711453	0.184598132457	0.212752894719	0.056394140068	0.094928282582	0.0	0.210851246803	0.206890083375	0.20354239058	0.203915442559	0.196383392561	0.200057340026	0.194401973253	0.191522246147	0.213798727653	0.193759951205	0.198380533026	0.203123112131	0.21765818129	0.215063600766	0.211160353326	0.211601851156	0.219681131236	0.17075527136	0.195752391717	0.207609692744	0.199184548139	0.200382710116	0.175924960806	0.149154471286	0.211121743356	0.197536331802	0.202335548152	0.210298229785	0.194107381823	0.208825253024	0.215758843557	0.194847802849	0.225930969679	0.217127841572	0.193057411924
159551223-supragingivalplaque1.freeze11.snv.filtered.bam	0.173338166601	0.173792857707	0.197250805326	0.192174052619	0.223758575054	0.212323836792	0.189643591307	0.195848996987	0.197091449138	0.210851246803	0.0	0.0207414571693	0.186030322657	0.189875668513	0.178544715624	0.17847269244	0.178137534166	0.174968668289	0.188163856437	0.176626302972	0.178779808706	0.193187934972	0.189720314229	0.186073731387	0.183431981813	0.182224257936	0.187729395376	0.207594823585	0.176556599665	0.17871436721	0.170578104596	0.166355258715	0.171864323858	0.189726542589	0.183126930297	0.171432611939	0.162739523304	0.179948107683	0.166319820388	0.180167787824	0.188161348481	0.171443485146	0.196189367112	0.187438525288	0.172795293354
159551223-supragingivalplaque2.freeze11.snv.filtered.bam	0.169950419995	0.17014619672	0.196573570987	0.191163103922	0.219900592664	0.208817279291	0.186576216337	0.191922595582	0.196007830877	0.206890083375	0.0207414571693	0.0	0.182271249723	0.186623846709	0.173740346098	0.174948675474	0.173099020468	0.169513835395	0.186661334267	0.171684214596	0.174208344105	0.191095051593	0.188864093177	0.18517516826	0.18035293413	0.179411816093	0.187196740952	0.202996965364	0.172537479834	0.17613687869	0.167612664641	0.164628764231	0.167473154492	0.183513215083	0.180083990077	0.168216543793	0.163235515222	0.177750396137	0.162327527301	0.178032377535	0.187582029333	0.16818517815	0.195379896147	0.185965947922	0.169123711198
159814214-supragingivalplaque1.freeze11.snv.filtered.bam	0.166293438029	0.165828541533	0.194267725621	0.188215931309	0.204345284632	0.192496954386	0.191958664386	0.189299698887	0.201035864743	0.20354239058	0.186030322657	0.182271249723	0.0	0.0403634515279	0.173742909688	0.179413586626	0.173215146741	0.170027113099	0.192772294225	0.174243798696	0.177996432938	0.198505645684	0.190327570892	0.187899647894	0.185541170518	0.185260151581	0.185778170614	0.190421450441	0.177372439058	0.181242243131	0.180718537504	0.177506510234	0.166285994934	0.174453534797	0.186080170965	0.17796483868	0.177918282819	0.183613671988	0.1675747627	0.185732911226	0.191162930728	0.177208082447	0.204169850093	0.194944229675	0.169730260164
159814214-supragingivalplaque2.freeze11.snv.filtered.bam	0.177721697512	0.176747763641	0.197825981683	0.191893432055	0.209613569125	0.19884625732	0.197516823595	0.189554701102	0.204666205398	0.203915442559	0.189875668513	0.186623846709	0.0403634515279	0.0	0.181357151939	0.186034608146	0.181000995271	0.177765480632	0.197629816083	0.181616772715	0.185107577926	0.201161898518	0.199444384145	0.196342867776	0.191840615741	0.191121736717	0.185476681739	0.18344396899	0.184902936176	0.185883770734	0.185977996266	0.182619078159	0.168801547984	0.179935152831	0.191287134211	0.184040839002	0.181846275055	0.187558402425	0.173424922273	0.191581215211	0.194398786832	0.182708744158	0.206260857402	0.19972758719	0.177648290274
160178356-buccalmucosa2.freeze11.snv.filtered.bam	0.162764278498	0.160795665241	0.191448796959	0.185575220583	0.205945422306	0.193152171684	0.119317140477	0.182945247059	0.194162826922	0.196383392561	0.178544715624	0.173740346098	0.173742909688	0.181357151939	0.0	0.084046852362	0.0382507298715	0.0400413429114	0.125474533935	0.113696096994	0.112585409875	0.190403233093	0.186239133995	0.183455509332	0.17672488907	0.177658670344	0.193596551702	0.192687860418	0.160129034579	0.175561949531	0.168398666855	0.166435121422	0.151338360169	0.162971985415	0.17916962757	0.167541461119	0.170288707884	0.177045972233	0.15411267871	0.178995015639	0.184861338921	0.162107721887	0.197002186604	0.188407138816	0.160144803024
160178356-supragingivalplaque1.freeze11.snv.filtered.bam	0.164120323019	0.165489865601	0.18756750036	0.181216802682	0.210375541599	0.196626083244	0.0758308715104	0.183052646663	0.189915794644	0.200057340026	0.17847269244	0.174948675474	0.179413586626	0.186034608146	0.084046852362	0.0	0.0683750967323	0.0694119794042	0.0837556726273	0.101724859323	0.0859393041757	0.187859202839	0.181760278191	0.178347383835	0.183971727368	0.183085499553	0.194899307716	0.198423909628	0.164600087791	0.176455716843	0.170297303822	0.163247937909	0.15758923011	0.173861458584	0.181229522859	0.168474945322	0.164263904769	0.175926712231	0.159901513468	0.176861814897	0.182969135818	0.159869152542	0.193718867138	0.187203193632	0.163685473534
160178356-supragingivalplaque2.freeze11.snv.filtered.bam	0.161845776551	0.1604206689	0.189902448862	0.183990608519	0.203763313538	0.191119841882	0.105316215515	0.180989451903	0.192470590481	0.194401973253	0.178137534166	0.173099020468	0.173215146741	0.181000995271	0.0382507298715	0.0683750967323	0.0	0.0201959697745	0.114056129527	0.104718845301	0.100782297459	0.188359081654	0.184555356309	0.181721378128	0.175951923068	0.17664168202	0.194083846335	0.191621719062	0.158518925314	0.174529985483	0.167718174193	0.16440593586	0.150301489947	0.160982679316	0.178514518372	0.166603133925	0.168511254182	0.175875654488	0.153561113761	0.177323953874	0.184103354311	0.16026579767	0.195868163337	0.18733356168	0.158938216733
160178356-supragingivalplaque3.freeze11.snv.filtered.bam	0.158133658852	0.156555904251	0.187892078022	0.181503985334	0.202124967977	0.189221613429	0.107502928893	0.177792381271	0.190280160835	0.191522246147	0.174968668289	0.169513835395	0.170027113099	0.177765480632	0.0400413429114	0.0694119794042	0.0201959697745	0.0	0.116449247344	0.103204790588	0.100719828682	0.18506943398	0.183246452315	0.179840225891	0.173066997506	0.173563006754	0.192032033662	0.187770222083	0.15467946875	0.171155051468	0.16396105446	0.160896582702	0.145960830266	0.156879101994	0.174744475295	0.162665985516	0.165200490768	0.173552340318	0.149259156396	0.174001077303	0.181658996994	0.156628232472	0.194002471536	0.184800998079	0.15467161422
160319967-supragingivalplaque1.freeze11.snv.filtered.bam	0.178208016743	0.179076714605	0.191768778009	0.185698679896	0.223107631585	0.210412150012	0.0561416966056	0.196803499961	0.196762305549	0.213798727653	0.188163856437	0.186661334267	0.192772294225	0.197629816083	0.125474533935	0.0837556726273	0.114056129527	0.116449247344	0.0	0.0787865501987	0.0486579872748	0.191476880688	0.185083490254	0.181253186783	0.196612672103	0.19461324564	0.196999599719	0.209571478743	0.176294045794	0.183895171245	0.181493226214	0.175512009375	0.176573510914	0.192897847886	0.186439614055	0.176320042304	0.170987771619	0.183405089481	0.179005564143	0.183924406818	0.18660362351	0.168900704869	0.195540838344	0.18859001243	0.174922573008
160319967-supragingivalplaque2.freeze11.snv.filtered.bam	0.160449652859	0.158813741477	0.190100373481	0.1838987541	0.206870689443	0.19500456557	0.0995923868725	0.180546062766	0.19138852744	0.193759951205	0.176626302972	0.171684214596	0.174243798696	0.181616772715	0.113696096994	0.101724859323	0.104718845301	0.103204790588	0.0787865501987	0.0	0.0476453027136	0.184939084615	0.181703988962	0.178334563221	0.17528472158	0.175756012132	0.191217196878	0.190679427678	0.156318864238	0.169567147986	0.16190827268	0.164400782413	0.151879380845	0.160703752368	0.173916997657	0.159591217542	0.166044554974	0.168035891431	0.148850031684	0.172024236771	0.180421624369	0.157340259701	0.190394395966	0.181605537066	0.15726665037
160319967-supragingivalplaque3.freeze11.snv.filtered.bam	0.164288383024	0.163939380817	0.188990064151	0.182742301703	0.210379996044	0.19839584351	0.0747625672485	0.182879545741	0.191374863126	0.198380533026	0.178779808706	0.174208344105	0.177996432938	0.185107577926	0.112585409875	0.0859393041757	0.100782297459	0.100719828682	0.0486579872748	0.0476453027136	0.0	0.184667169071	0.182145038191	0.178793751753	0.18011710504	0.179605190126	0.192592915513	0.194495925995	0.161206523212	0.172773566956	0.167425712612	0.164945939481	0.157808689003	0.167963525649	0.175818066385	0.163636998795	0.166015055725	0.171864760639	0.158751903132	0.174545364875	0.181124147485	0.158268260066	0.191615636974	0.182711407869	0.160518325406
160380657-supragingivalplaque3.freeze11.snv.filtered.bam	0.187299515982	0.187438387175	0.197346304341	0.191415070509	0.222061892155	0.212059109814	0.193177728891	0.189961764105	0.197974595079	0.203123112131	0.193187934972	0.191095051593	0.198505645684	0.201161898518	0.190403233093	0.187859202839	0.188359081654	0.18506943398	0.191476880688	0.184939084615	0.184667169071	0.0	0.197527019897	0.193739021234	0.190707920663	0.188318992067	0.206453931305	0.195628048456	0.179035915328	0.180168373906	0.184217665374	0.182266125187	0.178369934	0.184832900555	0.179469718809	0.181054811279	0.182525086404	0.185872858805	0.182013137133	0.182295573044	0.194771716968	0.177854742332	0.206200335778	0.178773505394	0.170916042033
160502038-supragingivalplaque2.freeze11.snv.filtered.bam	0.150078916979	0.156548468808	0.195644084914	0.190720631326	0.200971084482	0.185916969127	0.189741220318	0.202953591295	0.200143537306	0.21765818129	0.189720314229	0.188864093177	0.190327570892	0.199444384145	0.186239133995	0.181760278191	0.184555356309	0.183246452315	0.185083490254	0.181703988962	0.182145038191	0.197527019897	0.0	0.00582388758483	0.196858795066	0.195389727018	0.202289509573	0.21691591422	0.172617182613	0.184722704246	0.188098772207	0.185023630437	0.183390901267	0.195787476862	0.192313305447	0.180569845603	0.181361473933	0.177647240789	0.181259466275	0.187606375266	0.190841410138	0.180821513432	0.200152076718	0.19061559409	0.172886576997
160502038-supragingivalplaque3.freeze11.snv.filtered.bam	0.146301388722	0.152996649454	0.192813557867	0.18756141653	0.205034615285	0.188607578343	0.186185813599	0.199689506956	0.196821327171	0.215063600766	0.186073731387	0.18517516826	0.187899647894	0.196342867776	0.183455509332	0.178347383835	0.181721378128	0.179840225891	0.181253186783	0.178334563221	0.178793751753	0.193739021234	0.00582388758483	0.0	0.194417670297	0.192438926508	0.198851932196	0.214018260878	0.169449346787	0.181090802487	0.184262453039	0.181094761196	0.180334614049	0.195836748169	0.188750410856	0.17695656382	0.177222875521	0.176931459336	0.177688763772	0.184156588056	0.187444294215	0.177066169829	0.196914240175	0.187412503408	0.169391743631
160603188-supragingivalplaque2.freeze11.snv.filtered.bam	0.177083445386	0.17539991382	0.1990968749	0.194348876267	0.219125359541	0.208533040376	0.195477020536	0.198137240695	0.207094300378	0.211160353326	0.183431981813	0.18035293413	0.185541170518	0.191840615741	0.17672488907	0.183971727368	0.175951923068	0.173066997506	0.196612672103	0.17528472158	0.18011710504	0.190707920663	0.196858795066	0.194417670297	0.0	0.0191359717812	0.197258016681	0.174679379228	0.175989519776	0.173319264975	0.161350342795	0.182877543592	0.169896683874	0.179528044507	0.123069412102	0.177770698617	0.185478752791	0.181760380999	0.161378036032	0.180952558369	0.191485553872	0.174374225683	0.205149164508	0.154420399266	0.139877795838
160603188-supragingivalplaque3.freeze11.snv.filtered.bam	0.176266096183	0.1753126873	0.197856904128	0.192979326099	0.219487718079	0.208877593778	0.194283758841	0.19760952684	0.205498128975	0.211601851156	0.182224257936	0.179411816093	0.185260151581	0.191121736717	0.177658670344	0.183085499553	0.17664168202	0.173563006754	0.19461324564	0.175756012132	0.179605190126	0.188318992067	0.195389727018	0.192438926508	0.0191359717812	0.0	0.195384504629	0.17350195475	0.175814331794	0.17140531323	0.162702142469	0.181017918191	0.170185445153	0.181358647348	0.117980180469	0.176540365347	0.183413810706	0.180011845962	0.16202120976	0.179302811971	0.189630274947	0.172873600636	0.203807164992	0.150334565848	0.137418087253
370425937-supragingivalplaque2.freeze11.snv.filtered.bam	0.187457088217	0.18628624355	0.199614371665	0.19509378234	0.232990993895	0.221645908104	0.201077279743	0.205528071858	0.20485908887	0.219681131236	0.187729395376	0.187196740952	0.185778170614	0.185476681739	0.193596551702	0.194899307716	0.194083846335	0.192032033662	0.196999599719	0.191217196878	0.192592915513	0.206453931305	0.202289509573	0.198851932196	0.197258016681	0.195384504629	0.0	0.214474622855	0.19388120509	0.186357421648	0.188784934049	0.186545792159	0.184832506499	0.202179102387	0.191838069383	0.190507379136	0.186388126006	0.196022422187	0.184456890267	0.190483040106	0.196892573152	0.188752020718	0.200749411274	0.1989866712	0.187575444845
550534656-supragingivalplaque3.freeze11.snv.filtered.bam	0.194741090101	0.192387815413	0.218517621856	0.212213644263	0.182673592377	0.175659621162	0.209103792001	0.172793403147	0.214698215978	0.17075527136	0.207594823585	0.202996965364	0.190421450441	0.18344396899	0.192687860418	0.198423909628	0.191621719062	0.187770222083	0.209571478743	0.190679427678	0.194495925995	0.195628048456	0.21691591422	0.214018260878	0.174679379228	0.17350195475	0.214474622855	0.0	0.192375373286	0.193749041551	0.195718865548	0.199445907855	0.168723131364	0.154897312045	0.168513279756	0.192632896378	0.200210921666	0.204737214224	0.184547215264	0.205636019229	0.214732404154	0.190376446313	0.221326112173	0.189442166217	0.164902485744
604812005-supragingivalplaque3.freeze11.snv.filtered.bam	0.159990854351	0.158464011791	0.187747923116	0.181896905698	0.207854242956	0.195386765642	0.176549778355	0.18277208957	0.190530781933	0.195752391717	0.176556599665	0.172537479834	0.177372439058	0.184902936176	0.160129034579	0.164600087791	0.158518925314	0.15467946875	0.176294045794	0.156318864238	0.161206523212	0.179035915328	0.172617182613	0.169449346787	0.175989519776	0.175814331794	0.19388120509	0.192375373286	0.0	0.167868015583	0.16415956189	0.163382734538	0.156573472114	0.161771741534	0.171371947326	0.155577858461	0.16659844198	0.165084231279	0.159596064713	0.170530003514	0.183359408231	0.159463465222	0.195678590026	0.172391138448	0.154641597079
763496533-buccalmucosa1.freeze11.snv.filtered.bam	0.167794551472	0.168355747041	0.186325228452	0.180631901928	0.216611369684	0.205373744434	0.185357149981	0.192397466259	0.196287601847	0.207609692744	0.17871436721	0.17613687869	0.181242243131	0.185883770734	0.175561949531	0.176455716843	0.174529985483	0.171155051468	0.183895171245	0.169567147986	0.172773566956	0.180168373906	0.184722704246	0.181090802487	0.173319264975	0.17140531323	0.186357421648	0.193749041551	0.167868015583	0.0	0.172420560164	0.165771504618	0.166404069021	0.181155289214	0.168447085341	0.167403282846	0.167070987092	0.174716718374	0.159974563023	0.128475946867	0.176477577471	0.167092337389	0.196025537376	0.182900040397	0.166529130527
763840445-supragingivalplaque1.freeze11.snv.filtered.bam	0.167993234113	0.167339928457	0.18865204251	0.182435152508	0.21831114037	0.207069039275	0.182409291157	0.184615047089	0.189703006068	0.199184548139	0.170578104596	0.167612664641	0.180718537504	0.185977996266	0.168398666855	0.170297303822	0.167718174193	0.16396105446	0.181493226214	0.16190827268	0.167425712612	0.184217665374	0.188098772207	0.184262453039	0.161350342795	0.162702142469	0.188784934049	0.195718865548	0.16415956189	0.172420560164	0.0	0.169499642243	0.162985714409	0.174884739085	0.17537164886	0.162913688076	0.162714984076	0.171248937941	0.155794985738	0.168537369964	0.180791717723	0.161781238751	0.194611156812	0.180576253912	0.16247193624
763860675-supragingivalplaque1.freeze11.snv.filtered.bam	0.160828113044	0.162554488112	0.175593106011	0.169420666591	0.210613001164	0.199248384921	0.176439616026	0.183821695749	0.187967101423	0.200382710116	0.166355258715	0.164628764231	0.177506510234	0.182619078159	0.166435121422	0.163247937909	0.16440593586	0.160896582702	0.175512009375	0.164400782413	0.164945939481	0.182266125187	0.185023630437	0.181094761196	0.182877543592	0.181017918191	0.186545792159	0.199445907855	0.163382734538	0.165771504618	0.169499642243	0.0	0.158602165588	0.173977856035	0.178328848253	0.148758007756	0.0895187876423	0.171470939692	0.162793067913	0.164516920295	0.169395635313	0.154676917637	0.191721383384	0.184058163332	0.164779348623
763982056-supragingivalplaque3.freeze11.snv.filtered.bam	0.161089413228	0.159164692529	0.186910137381	0.180569023875	0.189939940822	0.179217369974	0.173386042784	0.165314437671	0.18519936978	0.175924960806	0.171864323858	0.167473154492	0.166285994934	0.168801547984	0.151338360169	0.15758923011	0.150301489947	0.145960830266	0.176573510914	0.151879380845	0.157808689003	0.178369934	0.183390901267	0.180334614049	0.169896683874	0.170185445153	0.184832506499	0.168723131364	0.156573472114	0.166404069021	0.162985714409	0.158602165588	0.0	0.149978970468	0.169644958488	0.158325183579	0.161234402178	0.170762313169	0.135276465182	0.171196099107	0.181343712227	0.156267817076	0.190242321975	0.181915966241	0.15318433103
764083206-supragingivalplaque1.freeze11.snv.filtered.bam	0.171167518427	0.168940899858	0.201203404196	0.194979112925	0.178805494374	0.169160886686	0.189925316468	0.157067280083	0.199218501614	0.149154471286	0.189726542589	0.183513215083	0.174453534797	0.179935152831	0.162971985415	0.173861458584	0.160982679316	0.156879101994	0.192897847886	0.160703752368	0.167963525649	0.184832900555	0.195787476862	0.195836748169	0.179528044507	0.181358647348	0.202179102387	0.154897312045	0.161771741534	0.181155289214	0.174884739085	0.173977856035	0.149978970468	0.0	0.184145902615	0.171190373138	0.179612693285	0.186017960223	0.162993322749	0.185075219546	0.196991228427	0.169233200057	0.209615047075	0.194977059709	0.162613010707
764224817-supragingivalplaque2.freeze11.snv.filtered.bam	0.175367665852	0.174672660781	0.19878047664	0.193502973202	0.221520971298	0.209728801794	0.188683052051	0.195544785322	0.20075804072	0.211121743356	0.183126930297	0.180083990077	0.186080170965	0.191287134211	0.17916962757	0.181229522859	0.178514518372	0.174744475295	0.186439614055	0.173916997657	0.175818066385	0.179469718809	0.192313305447	0.188750410856	0.123069412102	0.117980180469	0.191838069383	0.168513279756	0.171371947326	0.168447085341	0.17537164886	0.178328848253	0.169644958488	0.184145902615	0.0	0.170295324591	0.178470955708	0.17766479667	0.164760578941	0.180839434587	0.191693517067	0.168982044378	0.201369394684	0.138680881007	0.130812559416
764305738-supragingivalplaque1.freeze11.snv.filtered.bam	0.167119331668	0.16666117153	0.185097214565	0.179669600661	0.20949050296	0.198250349146	0.178575947767	0.18264209175	0.189140466173	0.197536331802	0.171432611939	0.168216543793	0.17796483868	0.184040839002	0.167541461119	0.168474945322	0.166603133925	0.162665985516	0.176320042304	0.159591217542	0.163636998795	0.181054811279	0.180569845603	0.17695656382	0.177770698617	0.176540365347	0.190507379136	0.192632896378	0.155577858461	0.167403282846	0.162913688076	0.148758007756	0.158325183579	0.171190373138	0.170295324591	0.0	0.1200800571	0.164409790867	0.161842433714	0.171254368649	0.178675608745	0.158774192238	0.193240006306	0.17772795679	0.159322539604
764305738-supragingivalplaque2.freeze11.snv.filtered.bam	0.167413603211	0.168675458544	0.173390810029	0.167229833706	0.212918913519	0.200784828901	0.174934676367	0.185412846854	0.186616624686	0.202335548152	0.162739523304	0.163235515222	0.177918282819	0.181846275055	0.170288707884	0.164263904769	0.168511254182	0.165200490768	0.170987771619	0.166044554974	0.166015055725	0.182525086404	0.181361473933	0.177222875521	0.185478752791	0.183413810706	0.186388126006	0.200210921666	0.16659844198	0.167070987092	0.162714984076	0.0895187876423	0.161234402178	0.179612693285	0.178470955708	0.1200800571	0.0	0.169813355187	0.165212357576	0.165057935045	0.168720079076	0.152636251774	0.188758597812	0.180937701162	0.164447542864
764366428-supragingivalplaque2.freeze11.snv.filtered.bam	0.17071212289	0.17179409802	0.193400755872	0.18849493991	0.221113133555	0.209582164735	0.184582022783	0.194194048931	0.194468660933	0.210298229785	0.179948107683	0.177750396137	0.183613671988	0.187558402425	0.177045972233	0.175926712231	0.175875654488	0.173552340318	0.183405089481	0.168035891431	0.171864760639	0.185872858805	0.177647240789	0.176931459336	0.181760380999	0.180011845962	0.196022422187	0.204737214224	0.165084231279	0.174716718374	0.171248937941	0.171470939692	0.170762313169	0.186017960223	0.17766479667	0.164409790867	0.169813355187	0.0	0.160891226674	0.174983360046	0.181515221094	0.171110300155	0.198026903105	0.180433022106	0.169632496027
764508039-supragingivalplaque3.freeze11.snv.filtered.bam	0.155425779833	0.154615814594	0.185467650706	0.179543786375	0.209190137477	0.197192245144	0.176817178214	0.179937359966	0.18854487815	0.194107381823	0.166319820388	0.162327527301	0.1675747627	0.173424922273	0.15411267871	0.159901513468	0.153561113761	0.149259156396	0.179005564143	0.148850031684	0.158751903132	0.182013137133	0.181259466275	0.177688763772	0.161378036032	0.16202120976	0.184456890267	0.184547215264	0.159596064713	0.159974563023	0.155794985738	0.162793067913	0.135276465182	0.162993322749	0.164760578941	0.161842433714	0.165212357576	0.160891226674	0.0	0.169466900678	0.175197704876	0.158480452614	0.191814903907	0.177285421378	0.154159764895
764588959-supragingivalplaque1.freeze11.snv.filtered.bam	0.169429056629	0.170398565577	0.179285745234	0.173510384263	0.220230094103	0.208432505489	0.185385049386	0.193732704138	0.195586997419	0.208825253024	0.180167787824	0.178032377535	0.185732911226	0.191581215211	0.178995015639	0.176861814897	0.177323953874	0.174001077303	0.183924406818	0.172024236771	0.174545364875	0.182295573044	0.187606375266	0.184156588056	0.180952558369	0.179302811971	0.190483040106	0.205636019229	0.170530003514	0.128475946867	0.168537369964	0.164516920295	0.171196099107	0.185075219546	0.180839434587	0.171254368649	0.165057935045	0.174983360046	0.169466900678	0.0	0.179470452782	0.156881341554	0.199885636706	0.183852695288	0.169527165151
764811490-supragingivalplaque1.freeze11.snv.filtered.bam	0.179345964185	0.179999964569	0.149871959075	0.145574138211	0.230422879972	0.21860903982	0.190790882168	0.198889527396	0.196624426334	0.215758843557	0.188161348481	0.187582029333	0.191162930728	0.194398786832	0.184861338921	0.182969135818	0.184103354311	0.181658996994	0.18660362351	0.180421624369	0.181124147485	0.194771716968	0.190841410138	0.187444294215	0.191485553872	0.189630274947	0.196892573152	0.214732404154	0.183359408231	0.176477577471	0.180791717723	0.169395635313	0.181343712227	0.196991228427	0.191693517067	0.178675608745	0.168720079076	0.181515221094	0.175197704876	0.179470452782	0.0	0.171983319187	0.198677582809	0.191222604826	0.182437443738
765013792-supragingivalplaque3.freeze11.snv.filtered.bam	0.16424568392	0.164431137896	0.176894262721	0.170395114752	0.208972416676	0.196644733894	0.169826278139	0.178408654172	0.182507689491	0.194847802849	0.171443485146	0.16818517815	0.177208082447	0.182708744158	0.162107721887	0.159869152542	0.16026579767	0.156628232472	0.168900704869	0.157340259701	0.158268260066	0.177854742332	0.180821513432	0.177066169829	0.174374225683	0.172873600636	0.188752020718	0.190376446313	0.159463465222	0.167092337389	0.161781238751	0.154676917637	0.156267817076	0.169233200057	0.168982044378	0.158774192238	0.152636251774	0.171110300155	0.158480452614	0.156881341554	0.171983319187	0.0	0.189081823615	0.174215270961	0.156997053692
765074482-supragingivalplaque3.freeze11.snv.filtered.bam	0.190872709373	0.190911272922	0.209814266345	0.205029560831	0.238753540438	0.227943824684	0.198416185156	0.210943037905	0.208989857422	0.225930969679	0.196189367112	0.195379896147	0.204169850093	0.206260857402	0.197002186604	0.193718867138	0.195868163337	0.194002471536	0.195540838344	0.190394395966	0.191615636974	0.206200335778	0.200152076718	0.196914240175	0.205149164508	0.203807164992	0.200749411274	0.221326112173	0.195678590026	0.196025537376	0.194611156812	0.191721383384	0.190242321975	0.209615047075	0.201369394684	0.193240006306	0.188758597812	0.198026903105	0.191814903907	0.199885636706	0.198677582809	0.189081823615	0.0	0.203111279101	0.192878337151
765337473-supragingivalplaque2.freeze11.snv.filtered.bam	0.183472155315	0.183643862819	0.19852538842	0.193202337393	0.227960588829	0.216767086993	0.192227655351	0.202167115133	0.201942957875	0.217127841572	0.187438525288	0.185965947922	0.194944229675	0.19972758719	0.188407138816	0.187203193632	0.18733356168	0.184800998079	0.18859001243	0.181605537066	0.182711407869	0.178773505394	0.19061559409	0.187412503408	0.154420399266	0.150334565848	0.1989866712	0.189442166217	0.172391138448	0.182900040397	0.180576253912	0.184058163332	0.181915966241	0.194977059709	0.138680881007	0.17772795679	0.180937701162	0.180433022106	0.177285421378	0.183852695288	0.191222604826	0.174215270961	0.203111279101	0.0	0.118630969763
823052294-supragingivalplaque3.freeze11.snv.filtered.bam	0.155000199889	0.154566960413	0.186911644586	0.180285952071	0.195120397842	0.18257435016	0.176036324418	0.178529334896	0.190746246607	0.193057411924	0.172795293354	0.169123711198	0.169730260164	0.177648290274	0.160144803024	0.163685473534	0.158938216733	0.15467161422	0.174922573008	0.15726665037	0.160518325406	0.170916042033	0.172886576997	0.169391743631	0.139877795838	0.137418087253	0.187575444845	0.164902485744	0.154641597079	0.166529130527	0.16247193624	0.164779348623	0.15318433103	0.162613010707	0.130812559416	0.159322539604	0.164447542864	0.169632496027	0.154159764895	0.169527165151	0.182437443738	0.156997053692	0.192878337151	0.118630969763	0.0
