	158883629-tonguedorsum1.freeze11.snv.filtered.bam	158883629-tonguedorsum3.freeze11.snv.filtered.bam	159227541-tonguedorsum3.freeze11.snv.filtered.bam	338793263-tonguedorsum2.freeze11.snv.filtered.bam	508703490-tonguedorsum2.freeze11.snv.filtered.bam	550534656-tonguedorsum1.freeze11.snv.filtered.bam	550534656-tonguedorsum2.freeze11.snv.filtered.bam	550534656-tonguedorsum3.freeze11.snv.filtered.bam	604812005-tonguedorsum3.freeze11.snv.filtered.bam	675950834-tonguedorsum1.freeze11.snv.filtered.bam	763536994-tonguedorsum1.freeze11.snv.filtered.bam	763536994-tonguedorsum3.freeze11.snv.filtered.bam	763577454-tonguedorsum1.freeze11.snv.filtered.bam	763901136-tonguedorsum2.freeze11.snv.filtered.bam	764143897-tonguedorsum1.freeze11.snv.filtered.bam	764224817-tonguedorsum1.freeze11.snv.filtered.bam	764224817-tonguedorsum2.freeze11.snv.filtered.bam	764487809-tonguedorsum2.freeze11.snv.filtered.bam	764811490-tonguedorsum1.freeze11.snv.filtered.bam	764811490-tonguedorsum2.freeze11.snv.filtered.bam	765013792-tonguedorsum1.freeze11.snv.filtered.bam	765013792-tonguedorsum2.freeze11.snv.filtered.bam	765013792-tonguedorsum3.freeze11.snv.filtered.bam	765074482-tonguedorsum3.freeze11.snv.filtered.bam	765701615-tonguedorsum2.freeze11.snv.filtered.bam
158883629-tonguedorsum1.freeze11.snv.filtered.bam	0.0	0.000241823348044	0.126503838946	0.0854240976966	0.158333837132	0.171966628378	0.181337283115	0.176470588235	0.154585575237	0.147693609818	0.191705459162	0.205126654979	0.148388851944	0.160026600568	0.151260504202	0.132670334321	0.137023154586	0.144277855027	0.165437397981	0.153557826008	0.157396771658	0.156610845777	0.155794691978	0.126171331842	0.131914636358
158883629-tonguedorsum3.freeze11.snv.filtered.bam	0.000241823348044	0.0	0.118674808053	0.0758116196119	0.152348709268	0.165679221329	0.17517078774	0.170273864942	0.143884892086	0.140620276888	0.187322410979	0.200532011366	0.141557342361	0.153376458497	0.144519678375	0.124266972976	0.129073212019	0.137113838341	0.158938395502	0.146726316426	0.15029321081	0.149718880358	0.149174777825	0.117133184209	0.122453297866
159227541-tonguedorsum3.freeze11.snv.filtered.bam	0.126503838946	0.118674808053	0.0	0.0669548394898	0.14624266973	0.154192612297	0.163351671604	0.158908167584	0.127380448582	0.130917115047	0.175714890273	0.188894262741	0.137929992141	0.147391330633	0.142464179917	0.116044979143	0.120518711082	0.136509279971	0.147149507285	0.135179251557	0.142494407835	0.142101444895	0.14219212865	0.118916631401	0.112357173085
338793263-tonguedorsum2.freeze11.snv.filtered.bam	0.0854240976966	0.0758116196119	0.0669548394898	0.0	0.107550934043	0.119551417689	0.128498881567	0.123722870443	0.0801946677952	0.0963061483586	0.143643068738	0.155431956955	0.100054410253	0.107581161961	0.102926062511	0.0793785139955	0.0834895109123	0.102049452875	0.115107913669	0.103228341696	0.106644096488	0.105495435584	0.106765008162	0.0757813916934	0.0660177740161
508703490-tonguedorsum2.freeze11.snv.filtered.bam	0.158333837132	0.152348709268	0.14624266973	0.107550934043	0.0	0.178374947101	0.188350160208	0.183362553655	0.167462668521	0.160328879753	0.200562239284	0.21501118433	0.159331358443	0.169850674083	0.170606372045	0.146212441811	0.150716401669	0.161991415271	0.16888338069	0.157064264555	0.164711927937	0.163956229974	0.163805090381	0.149205005743	0.151925518409
550534656-tonguedorsum1.freeze11.snv.filtered.bam	0.171966628378	0.165679221329	0.154192612297	0.119551417689	0.178374947101	0.0	0.0	0.000151139592528	0.160177740161	0.170606372045	0.185418052113	0.198748564174	0.168369506076	0.181851157729	0.178344719183	0.153648509764	0.156852669125	0.172964149689	0.184088023699	0.171543437519	0.17879813796	0.177468109546	0.176561271991	0.158938395502	0.139290248473
550534656-tonguedorsum2.freeze11.snv.filtered.bam	0.181337283115	0.17517078774	0.163351671604	0.128498881567	0.188350160208	0.0	0.0	0.0	0.167825403543	0.180279305967	0.193458678435	0.206849646333	0.177830844568	0.190194063237	0.187836285593	0.162686657397	0.166132640106	0.182395260262	0.193186627169	0.180309533885	0.187926969349	0.186536485098	0.185569191705	0.16827882232	0.147028595611
550534656-tonguedorsum3.freeze11.snv.filtered.bam	0.176470588235	0.170273864942	0.158908167584	0.123722870443	0.183362553655	0.000151139592528	0.0	0.0	0.1638353183	0.175503294843	0.188652439393	0.201892267698	0.172843238015	0.185538963787	0.182909134877	0.158122241702	0.161265945227	0.17758902122	0.188531527719	0.175714890273	0.183211414062	0.181790701892	0.180793180582	0.163412127441	0.142766459102
604812005-tonguedorsum3.freeze11.snv.filtered.bam	0.154585575237	0.143884892086	0.127380448582	0.0801946677952	0.167462668521	0.160177740161	0.167825403543	0.1638353183	0.0	0.154857626504	0.116982044616	0.126292243516	0.162293694456	0.163502811196	0.162837796989	0.129738226226	0.135209479475	0.163442355359	0.171150474578	0.159119763013	0.158031557947	0.156641073696	0.157003808718	0.135269935312	0.0582491989602
675950834-tonguedorsum1.freeze11.snv.filtered.bam	0.147693609818	0.140620276888	0.130917115047	0.0963061483586	0.160328879753	0.170606372045	0.180279305967	0.175503294843	0.154857626504	0.0	0.190224291155	0.204159361586	0.139441388066	0.162142554864	0.146968139774	0.131128710477	0.134181730246	0.154676258993	0.158454748806	0.14663563267	0.149356145336	0.148328396107	0.147844749411	0.130917115047	0.137929992141
763536994-tonguedorsum1.freeze11.snv.filtered.bam	0.191705459162	0.187322410979	0.175714890273	0.143643068738	0.200562239284	0.185418052113	0.193458678435	0.188652439393	0.116982044616	0.190224291155	0.0	0.0	0.19255184088	0.195725772323	0.192672752554	0.173719847651	0.176198536969	0.193912097213	0.20570098543	0.192823892147	0.194305060154	0.190587026177	0.190677709933	0.178284263346	0.101626262016
763536994-tonguedorsum3.freeze11.snv.filtered.bam	0.205126654979	0.200532011366	0.188894262741	0.155431956955	0.21501118433	0.198748564174	0.206849646333	0.201892267698	0.126292243516	0.204159361586	0.0	0.0	0.205428934164	0.209358563569	0.206638050904	0.186657396772	0.189649960704	0.207696028052	0.219605827943	0.206426455474	0.208361042259	0.20449186869	0.204310501179	0.191856598755	0.110936460915
763577454-tonguedorsum1.freeze11.snv.filtered.bam	0.148388851944	0.141557342361	0.137929992141	0.100054410253	0.159331358443	0.168369506076	0.177830844568	0.172843238015	0.162293694456	0.139441388066	0.19255184088	0.205428934164	0.0	0.161084577716	0.157547911251	0.138474094674	0.142554863672	0.158454748806	0.166888338069	0.154706486911	0.141678254035	0.141073695665	0.140469137295	0.130010277492	0.14542651593
763901136-tonguedorsum2.freeze11.snv.filtered.bam	0.160026600568	0.153376458497	0.147391330633	0.107581161961	0.169850674083	0.181851157729	0.190194063237	0.185538963787	0.163502811196	0.162142554864	0.195725772323	0.209358563569	0.161084577716	0.0	0.168460189831	0.143189649961	0.146363581404	0.162595973641	0.170606372045	0.158424520887	0.157215404147	0.155824919896	0.15573423614	0.145819478871	0.148691131129
764143897-tonguedorsum1.freeze11.snv.filtered.bam	0.151260504202	0.144519678375	0.142464179917	0.102926062511	0.170606372045	0.178344719183	0.187836285593	0.182909134877	0.162837796989	0.146968139774	0.192672752554	0.206638050904	0.157547911251	0.168460189831	0.0	0.139199564718	0.14482195756	0.153678737682	0.165014207122	0.153708965601	0.160328879753	0.159089535095	0.158424520887	0.139501843903	0.145486971767
764224817-tonguedorsum1.freeze11.snv.filtered.bam	0.132670334321	0.124266972976	0.116044979143	0.0793785139955	0.146212441811	0.153648509764	0.162686657397	0.158122241702	0.129738226226	0.131128710477	0.173719847651	0.186657396772	0.138474094674	0.143189649961	0.139199564718	0.0	0.00175321927332	0.142040989057	0.144701045886	0.13309352518	0.139018197207	0.137960220059	0.137899764222	0.10963666042	0.112175805574
764224817-tonguedorsum2.freeze11.snv.filtered.bam	0.137023154586	0.129073212019	0.120518711082	0.0834895109123	0.150716401669	0.156852669125	0.166132640106	0.161265945227	0.135209479475	0.134181730246	0.176198536969	0.189649960704	0.142554863672	0.146363581404	0.14482195756	0.00175321927332	0.0	0.146544948915	0.147874977329	0.136146544949	0.143250105798	0.141678254035	0.141466658606	0.115198597425	0.116982044616
764487809-tonguedorsum2.freeze11.snv.filtered.bam	0.144277855027	0.137113838341	0.136509279971	0.102049452875	0.161991415271	0.172964149689	0.182395260262	0.17758902122	0.163442355359	0.154676258993	0.193912097213	0.207696028052	0.158454748806	0.162595973641	0.153678737682	0.142040989057	0.146544948915	0.0	0.163381899522	0.151562783387	0.157880418354	0.15736654374	0.156913124962	0.137053382504	0.146968139774
764811490-tonguedorsum1.freeze11.snv.filtered.bam	0.165437397981	0.158938395502	0.147149507285	0.115107913669	0.16888338069	0.184088023699	0.193186627169	0.188531527719	0.171150474578	0.158454748806	0.20570098543	0.219605827943	0.166888338069	0.170606372045	0.165014207122	0.144701045886	0.147874977329	0.163381899522	0.0	0.0	0.169004292364	0.167583580195	0.167160389336	0.146968139774	0.154313523971
764811490-tonguedorsum2.freeze11.snv.filtered.bam	0.153557826008	0.146726316426	0.135179251557	0.103228341696	0.157064264555	0.171543437519	0.180309533885	0.175714890273	0.159119763013	0.14663563267	0.192823892147	0.206426455474	0.154706486911	0.158424520887	0.153708965601	0.13309352518	0.136146544949	0.151562783387	0.0	0.0	0.156489934103	0.155038994015	0.154676258993	0.134635149024	0.142313040324
765013792-tonguedorsum1.freeze11.snv.filtered.bam	0.157396771658	0.15029321081	0.142494407835	0.106644096488	0.164711927937	0.17879813796	0.187926969349	0.183211414062	0.158031557947	0.149356145336	0.194305060154	0.208361042259	0.141678254035	0.157215404147	0.160328879753	0.139018197207	0.143250105798	0.157880418354	0.169004292364	0.156489934103	0.0	0.0010882050662	0.00117888882172	0.137657940874	0.144247627108
765013792-tonguedorsum2.freeze11.snv.filtered.bam	0.156610845777	0.149718880358	0.142101444895	0.105495435584	0.163956229974	0.177468109546	0.186536485098	0.181790701892	0.156641073696	0.148328396107	0.190587026177	0.20449186869	0.141073695665	0.155824919896	0.159089535095	0.137960220059	0.141678254035	0.15736654374	0.167583580195	0.155038994015	0.0010882050662	0.0	0.000151139592528	0.136841787075	0.141950305302
765013792-tonguedorsum3.freeze11.snv.filtered.bam	0.155794691978	0.149174777825	0.14219212865	0.106765008162	0.163805090381	0.176561271991	0.185569191705	0.180793180582	0.157003808718	0.147844749411	0.190677709933	0.204310501179	0.140469137295	0.15573423614	0.158424520887	0.137899764222	0.141466658606	0.156913124962	0.167160389336	0.154676258993	0.00117888882172	0.000151139592528	0.0	0.136841787075	0.14340124539
765074482-tonguedorsum3.freeze11.snv.filtered.bam	0.126171331842	0.117133184209	0.118916631401	0.0757813916934	0.149205005743	0.158938395502	0.16827882232	0.163412127441	0.135269935312	0.130917115047	0.178284263346	0.191856598755	0.130010277492	0.145819478871	0.139501843903	0.10963666042	0.115198597425	0.137053382504	0.146968139774	0.134635149024	0.137657940874	0.136841787075	0.136841787075	0.0	0.118251617194
765701615-tonguedorsum2.freeze11.snv.filtered.bam	0.131914636358	0.122453297866	0.112357173085	0.0660177740161	0.151925518409	0.139290248473	0.147028595611	0.142766459102	0.0582491989602	0.137929992141	0.101626262016	0.110936460915	0.14542651593	0.148691131129	0.145486971767	0.112175805574	0.116982044616	0.146968139774	0.154313523971	0.142313040324	0.144247627108	0.141950305302	0.14340124539	0.118251617194	0.0
