	158479027-tonguedorsum2.freeze11.snv.filtered.bam	158883629-tonguedorsum1.freeze11.snv.filtered.bam	158883629-tonguedorsum2.freeze11.snv.filtered.bam	158883629-tonguedorsum3.freeze11.snv.filtered.bam	159227541-tonguedorsum3.freeze11.snv.filtered.bam	159268001-tonguedorsum1.freeze11.snv.filtered.bam	159551223-tonguedorsum1.freeze11.snv.filtered.bam	159551223-tonguedorsum2.freeze11.snv.filtered.bam	160319967-tonguedorsum2.freeze11.snv.filtered.bam	160502038-tonguedorsum3.freeze11.snv.filtered.bam	160603188-tonguedorsum3.freeze11.snv.filtered.bam	246515023-tonguedorsum1.freeze11.snv.filtered.bam	246515023-tonguedorsum2.freeze11.snv.filtered.bam	508703490-tonguedorsum2.freeze11.snv.filtered.bam	550534656-tonguedorsum2.freeze11.snv.filtered.bam	638754422-tonguedorsum1.freeze11.snv.filtered.bam	638754422-tonguedorsum2.freeze11.snv.filtered.bam	638754422-tonguedorsum3.freeze11.snv.filtered.bam	663835652-tonguedorsum2.freeze11.snv.filtered.bam	675950834-tonguedorsum2.freeze11.snv.filtered.bam	737052003-tonguedorsum1.freeze11.snv.filtered.bam	737052003-tonguedorsum2.freeze11.snv.filtered.bam	763536994-tonguedorsum1.freeze11.snv.filtered.bam	763536994-tonguedorsum2.freeze11.snv.filtered.bam	763536994-tonguedorsum3.freeze11.snv.filtered.bam	763577454-tonguedorsum2.freeze11.snv.filtered.bam	763901136-tonguedorsum2.freeze11.snv.filtered.bam	763982056-tonguedorsum1.freeze11.snv.filtered.bam	763982056-tonguedorsum3.freeze11.snv.filtered.bam	764143897-tonguedorsum1.freeze11.snv.filtered.bam	764285508-tonguedorsum2.freeze11.snv.filtered.bam	764325968-tonguedorsum2.freeze11.snv.filtered.bam	764811490-tonguedorsum1.freeze11.snv.filtered.bam	765013792-tonguedorsum2.freeze11.snv.filtered.bam	765013792-tonguedorsum3.freeze11.snv.filtered.bam	765074482-tonguedorsum1.freeze11.snv.filtered.bam	765074482-tonguedorsum3.freeze11.snv.filtered.bam	765094712-tonguedorsum1.freeze11.snv.filtered.bam	765094712-tonguedorsum2.freeze11.snv.filtered.bam	765135172-tonguedorsum1.freeze11.snv.filtered.bam	823052294-tonguedorsum1.freeze11.snv.filtered.bam	823052294-tonguedorsum3.freeze11.snv.filtered.bam	857980665-tonguedorsum3.freeze11.snv.filtered.bam
158479027-tonguedorsum2.freeze11.snv.filtered.bam	0.0	0.118829711856	0.132631672178	0.109323334908	0.101477621634	0.0871294874823	0.0904360533774	0.126188297119	0.115788852149	0.091690777043	0.0880004133207	0.0896020311762	0.0975215517241	0.110172118564	0.0745601086443	0.0559680562116	0.052919815777	0.084369095418	0.13528135333	0.0737039442607	0.0890927609825	0.0933588214454	0.100924067076	0.103950165328	0.132351204535	0.0894396551724	0.130048417572	0.0874542394898	0.0804351676901	0.126225200756	0.124070028342	0.0812396669816	0.106865552669	0.135864430798	0.135451110061	0.101986891828	0.126867324043	0.106799126122	0.145230573925	0.100842879074	0.120180384979	0.119383266415	0.130911962683
158883629-tonguedorsum1.freeze11.snv.filtered.bam	0.118829711856	0.0	0.000863545111006	8.8568729334e-05	0.10267329948	0.0854835852622	0.0880816013226	0.120268953708	0.113515588096	0.0900005904582	0.0947685403873	0.0880594591403	0.0951744803968	0.112024681153	0.0747962919225	0.0708918871044	0.0701169107227	0.083837683042	0.130365788852	0.0722056565895	0.0883989726027	0.0911150803023	0.0996250590458	0.102230455834	0.127856341521	0.0887532475201	0.124217642891	0.0870925838451	0.0801030349551	0.121656530468	0.120047531885	0.0821401157298	0.10409039915	0.128719886632	0.128181093529	0.100540269249	0.123937175248	0.104540623524	0.139370276334	0.0985253306566	0.114283183751	0.115131967407	0.1253764171
158883629-tonguedorsum2.freeze11.snv.filtered.bam	0.132631672178	0.000863545111006	0.0	0.000782357109117	0.116261218706	0.0974846480869	0.0993593528578	0.133598547473	0.127317548418	0.102341166745	0.106201287199	0.101189773264	0.108194083609	0.124630963628	0.087505904582	0.0838229215872	0.0834760273973	0.0961487364195	0.142979452055	0.0846052786963	0.101455479452	0.103248996221	0.112283006613	0.115788852149	0.141591875295	0.101226676901	0.136218705716	0.0997062470477	0.0926576523382	0.134425188947	0.133096658007	0.0944068847426	0.116593351441	0.14230042513	0.141296646197	0.11304322154	0.137643186112	0.117301901275	0.152279168635	0.110364017478	0.127753011337	0.128587033538	0.138196740671
158883629-tonguedorsum3.freeze11.snv.filtered.bam	0.109323334908	8.8568729334e-05	0.000782357109117	0.0	0.0947537789325	0.0783538025508	0.0814610888049	0.112039442607	0.104931802078	0.0829519957487	0.0872549598488	0.0802875531412	0.0878970831365	0.104238013699	0.0681979215872	0.0645444615021	0.0638875767596	0.076464336325	0.119375885687	0.0659098960794	0.0807451582428	0.0835793575815	0.0910486537553	0.0943256967407	0.117656176193	0.0805532593292	0.114224137931	0.0795937647615	0.0728182569674	0.112799657534	0.110865906944	0.0750103330184	0.0961634978744	0.118755904582	0.117929263108	0.0928347897969	0.115220536136	0.0963849196977	0.130041036845	0.0905098606519	0.106179145017	0.107374822863	0.116025035427
159227541-tonguedorsum3.freeze11.snv.filtered.bam	0.101477621634	0.10267329948	0.116261218706	0.0947537789325	0.0	0.0697921587152	0.0688252834199	0.0989165092111	0.100030999055	0.0741763108172	0.0818079829948	0.0710542631082	0.0788999763817	0.096473488427	0.0563739962211	0.0425203708077	0.0459893127067	0.0616216934341	0.121612246103	0.0512222484648	0.0739844119036	0.078324279641	0.0860814241852	0.0870925838451	0.118918280586	0.0724639820501	0.118261395843	0.0714085380255	0.0635480632971	0.110194260746	0.110282829476	0.0602341166745	0.0908346126594	0.12000324752	0.120054912612	0.0872844827586	0.11266680444	0.0927462210675	0.133214749646	0.0857714336325	0.103662316958	0.102045937648	0.109500472367
159268001-tonguedorsum1.freeze11.snv.filtered.bam	0.0871294874823	0.0854835852622	0.0974846480869	0.0783538025508	0.0697921587152	0.0	0.0579018068021	0.0903696268304	0.0825239135569	0.0566692253188	0.0633340222012	0.0549790387341	0.0562632853094	0.0778297709022	0.0427786962683	0.0375088568729	0.0371324397733	0.0497091993387	0.104488958432	0.0383797827114	0.0542852503543	0.0505358408125	0.0685005314124	0.0694157416155	0.0984146197449	0.0569127893245	0.0982079593765	0.0549126121871	0.0464616792631	0.0908862777515	0.0901924893718	0.0489194615021	0.0728846835144	0.099462683042	0.100296705243	0.0708845063769	0.0938016650921	0.076331483231	0.111913970241	0.0686924303259	0.0843248110534	0.0825239135569	0.0982301015588
159551223-tonguedorsum1.freeze11.snv.filtered.bam	0.0904360533774	0.0880816013226	0.0993593528578	0.0814610888049	0.0688252834199	0.0579018068021	0.0	0.00217731459613	0.0824501062825	0.0624852385451	0.0681241143127	0.0588908242796	0.0638875767596	0.0830553259329	0.0477606872933	0.0329032829476	0.0375383797827	0.050661313179	0.105433691545	0.0377302786963	0.0592303377421	0.0634152102031	0.0727592111479	0.0735637104393	0.100473842702	0.0621162021729	0.0999055266887	0.0605145843174	0.0525360179499	0.0898013108172	0.0936909541804	0.0552521256495	0.0794461502126	0.101381672178	0.101713804913	0.0746782002834	0.096805621162	0.0810846717052	0.11139731932	0.0727739726027	0.0842879074162	0.0830774681153	0.063562824752
159551223-tonguedorsum2.freeze11.snv.filtered.bam	0.126188297119	0.120268953708	0.133598547473	0.112039442607	0.0989165092111	0.0903696268304	0.00217731459613	0.0	0.120815127539	0.0951301960321	0.0994110179499	0.0920598134152	0.0982448630137	0.117729983467	0.0793649622107	0.0514731931979	0.0628173712801	0.0773205007085	0.137768658479	0.0655777633444	0.0924288497874	0.0966284837034	0.106474374114	0.108880491261	0.138019603212	0.0942445087388	0.134048771847	0.0927240788852	0.0844724256023	0.127236360416	0.130092701937	0.0864652220123	0.112253483703	0.139001239962	0.13857315777	0.106946740671	0.133310699103	0.113781294284	0.147983585262	0.104068256967	0.1206970359	0.120335380255	0.0777633443552
160319967-tonguedorsum2.freeze11.snv.filtered.bam	0.115788852149	0.113515588096	0.127317548418	0.104931802078	0.100030999055	0.0825239135569	0.0824501062825	0.120815127539	0.0	0.0865316485593	0.0894101322626	0.0854983467171	0.0921705243269	0.108061230515	0.0699176310817	0.0641532829476	0.064027810581	0.0796159069438	0.130985769957	0.0638875767596	0.0821844000945	0.0861183278224	0.0977798771847	0.100156471422	0.131221953236	0.0876166154936	0.126852562589	0.0832472248465	0.0762724374114	0.118468056212	0.122210085026	0.0768481341521	0.103787789325	0.133436171469	0.133450932924	0.0977060699103	0.125708549835	0.103618032593	0.140366674539	0.0956025625886	0.115589572508	0.114615316486	0.125782357109
160502038-tonguedorsum3.freeze11.snv.filtered.bam	0.091690777043	0.0900005904582	0.102341166745	0.0829519957487	0.0741763108172	0.0566692253188	0.0624852385451	0.0951301960321	0.0865316485593	0.0	0.0670686702881	0.0581748937175	0.0651865847898	0.0820736891828	0.0446091166745	0.0416568256967	0.040763757676	0.0560049598488	0.108673830893	0.0386085852622	0.0595846126594	0.0638654345772	0.0337004015116	0.0337004015116	0.0460335970713	0.0610607581483	0.100953589986	0.0557318729334	0.0482773382145	0.0944511691072	0.0505875059046	0.051989844119	0.0775714454417	0.105145843174	0.105662494095	0.0740213155409	0.0977060699103	0.082376299008	0.119346362778	0.0702054794521	0.0886056329712	0.0766414737837	0.10102739726
160603188-tonguedorsum3.freeze11.snv.filtered.bam	0.0880004133207	0.0947685403873	0.106201287199	0.0872549598488	0.0818079829948	0.0633340222012	0.0681241143127	0.0994110179499	0.0894101322626	0.0670686702881	0.0	0.0590679617383	0.067681270666	0.0824796291923	0.0526172059518	0.0488456542277	0.0486758974965	0.0620497756259	0.106636750118	0.0392949929145	0.0676369863014	0.0695264525272	0.0772245512518	0.0791583018422	0.103654936231	0.0653046764289	0.0948718705716	0.0532667099669	0.0514436702881	0.0982522437411	0.0974846480869	0.0537464572508	0.0829815186585	0.106282475201	0.10637104393	0.0788187883798	0.10140381436	0.0853581128956	0.117110002362	0.0725894544166	0.0906205715635	0.0905024799244	0.101595713274
246515023-tonguedorsum1.freeze11.snv.filtered.bam	0.0896020311762	0.0880594591403	0.101189773264	0.0802875531412	0.0710542631082	0.0549790387341	0.0588908242796	0.0920598134152	0.0854983467171	0.0581748937175	0.0590679617383	0.0	0.0477459258385	0.0759772083137	0.042158715163	0.0375014761455	0.0373243386868	0.0527943434105	0.105810108644	0.0384757321682	0.0590827231932	0.0624114312707	0.0702423830893	0.0709214100142	0.100658360888	0.057318729334	0.0984884270194	0.047937824752	0.0424982286254	0.0949087742088	0.09242146906	0.045878601795	0.0725304085971	0.101964749646	0.102592111479	0.0713937765706	0.0954623287671	0.0773647850732	0.115250059046	0.0674893717525	0.0863987954653	0.0847381317903	0.0997579121398
246515023-tonguedorsum2.freeze11.snv.filtered.bam	0.0975215517241	0.0951744803968	0.108194083609	0.0878970831365	0.0788999763817	0.0562632853094	0.0638875767596	0.0982448630137	0.0921705243269	0.0651865847898	0.067681270666	0.0477459258385	0.0	0.082708431743	0.0485209022201	0.0261646787907	0.0286224610298	0.0292202999528	0.115309104865	0.0440260392064	0.0653268186112	0.0691057510628	0.0772171705243	0.077859293812	0.109891650921	0.0658656117147	0.101012635805	0.0515174775626	0.0508753542749	0.100924067076	0.100953589986	0.0553702172886	0.0815348960794	0.111190658951	0.11142684223	0.0776969178082	0.104186348607	0.0873361478507	0.124165977799	0.0688252834199	0.0943921232877	0.0929233585262	0.106791745394
508703490-tonguedorsum2.freeze11.snv.filtered.bam	0.110172118564	0.112024681153	0.124630963628	0.104238013699	0.096473488427	0.0778297709022	0.0830553259329	0.117729983467	0.108061230515	0.0820736891828	0.0824796291923	0.0759772083137	0.082708431743	0.0	0.0647363604157	0.060640056684	0.05984293812	0.075800070855	0.130904581956	0.0590236773736	0.0812027633444	0.0855426310817	0.0928052668871	0.0930119272556	0.123472189419	0.0828339041096	0.110341875295	0.0629280821918	0.0665446386396	0.116704062352	0.117958786018	0.0707147496457	0.0989165092111	0.127044461502	0.127797295701	0.092089336325	0.116312883798	0.101330007085	0.137126535191	0.079320677846	0.108275271611	0.108112895607	0.122254369391
550534656-tonguedorsum2.freeze11.snv.filtered.bam	0.0745601086443	0.0747962919225	0.087505904582	0.0681979215872	0.0563739962211	0.0427786962683	0.0477606872933	0.0793649622107	0.0699176310817	0.0446091166745	0.0526172059518	0.042158715163	0.0485209022201	0.0647363604157	0.0	0.0248804322154	0.0241202172886	0.0403061525744	0.0953959022201	0.024474492206	0.0450888639584	0.049664914974	0.0571932569674	0.0559532947567	0.0884801606046	0.0441662730279	0.0825165328295	0.0357079593765	0.0320914029287	0.0798742324043	0.0804646905999	0.0373538615966	0.0599241261219	0.0897570264525	0.0909010392064	0.0582117973547	0.0824943906471	0.0658582309872	0.105108939537	0.0512812942844	0.0734972838923	0.0708033183751	0.0853728743505
638754422-tonguedorsum1.freeze11.snv.filtered.bam	0.0559680562116	0.0708918871044	0.0838229215872	0.0645444615021	0.0425203708077	0.0375088568729	0.0329032829476	0.0514731931979	0.0641532829476	0.0416568256967	0.0488456542277	0.0375014761455	0.0261646787907	0.060640056684	0.0248804322154	0.0	0.00104068256967	0.00437677137459	0.0911446032121	0.0188725200756	0.0403725791214	0.0456055148795	0.0536578885215	0.0527426783184	0.0846643245158	0.0407194733113	0.0852031176193	0.038025507794	0.0292276806802	0.0757115021256	0.0773869272556	0.0306152574398	0.0573482522437	0.083970536136	0.0854909659896	0.0541450165328	0.0772319319792	0.0610681388758	0.0986803259329	0.0529641001417	0.0693714572508	0.0670760510156	0.059311525744
638754422-tonguedorsum2.freeze11.snv.filtered.bam	0.052919815777	0.0701169107227	0.0834760273973	0.0638875767596	0.0459893127067	0.0371324397733	0.0375383797827	0.0628173712801	0.064027810581	0.040763757676	0.0486758974965	0.0373243386868	0.0286224610298	0.05984293812	0.0241202172886	0.00104068256967	0.0	0.00567577940482	0.0891370453472	0.0202158124705	0.0401954416627	0.0450888639584	0.0530600495985	0.0521522201228	0.0841255314124	0.0394130845536	0.0836531648559	0.0371693434105	0.0286741261219	0.0755269839395	0.0763093410487	0.0282091402929	0.0565585144072	0.0835498346717	0.085099787435	0.0534143245158	0.0762133915919	0.0602784010392	0.0987762753897	0.0517536608408	0.0695190717997	0.0671129546528	0.0722204180444
638754422-tonguedorsum3.freeze11.snv.filtered.bam	0.084369095418	0.083837683042	0.0961487364195	0.076464336325	0.0616216934341	0.0497091993387	0.050661313179	0.0773205007085	0.0796159069438	0.0560049598488	0.0620497756259	0.0527943434105	0.0292202999528	0.075800070855	0.0403061525744	0.00437677137459	0.00567577940482	0.0	0.0999498110534	0.0346820382617	0.0555030703826	0.0589277279169	0.0675853212093	0.0686850495985	0.0970344237128	0.0546395252716	0.0943552196504	0.0524179263108	0.0438267595654	0.0899415446386	0.08976440718	0.0408818493151	0.0706852267359	0.0957649385923	0.0967613367974	0.0680429263108	0.0910855573925	0.074471539915	0.109367619273	0.0654670524327	0.0831586561171	0.08211059282	0.0860519012754
663835652-tonguedorsum2.freeze11.snv.filtered.bam	0.13528135333	0.130365788852	0.142979452055	0.119375885687	0.121612246103	0.104488958432	0.105433691545	0.137768658479	0.130985769957	0.108673830893	0.106636750118	0.105810108644	0.115309104865	0.130904581956	0.0953959022201	0.0911446032121	0.0891370453472	0.0999498110534	0.0	0.0926576523382	0.107891473784	0.106836029759	0.114408656117	0.121250590458	0.142824456778	0.107086974492	0.135465871516	0.101521905999	0.0979643953708	0.139805739254	0.13432923949	0.0987910368446	0.110408301842	0.129583431743	0.128358230987	0.114733408125	0.13923742324	0.119036372225	0.152559636278	0.106850791214	0.131089100142	0.133244272556	0.13935551488
675950834-tonguedorsum2.freeze11.snv.filtered.bam	0.0737039442607	0.0722056565895	0.0846052786963	0.0659098960794	0.0512222484648	0.0383797827114	0.0377302786963	0.0655777633444	0.0638875767596	0.0386085852622	0.0392949929145	0.0384757321682	0.0440260392064	0.0590236773736	0.024474492206	0.0188725200756	0.0202158124705	0.0346820382617	0.0926576523382	0.0	0.0420480042513	0.0453324279641	0.0538128837978	0.0526467288616	0.084302668871	0.0416125413321	0.0779773854511	0.0352872579121	0.028659364667	0.07546793812	0.0755860297591	0.033043516769	0.0572080184223	0.0857197685404	0.0869375885687	0.0529714808692	0.0766562352385	0.0620792985357	0.0993519721304	0.0497387222485	0.068411962683	0.0652603920642	0.0754531766651
737052003-tonguedorsum1.freeze11.snv.filtered.bam	0.0890927609825	0.0883989726027	0.101455479452	0.0807451582428	0.0739844119036	0.0542852503543	0.0592303377421	0.0924288497874	0.0821844000945	0.0595846126594	0.0676369863014	0.0590827231932	0.0653268186112	0.0812027633444	0.0450888639584	0.0403725791214	0.0401954416627	0.0555030703826	0.107891473784	0.0420480042513	0.0	0.0258768304204	0.0720949456778	0.0728846835144	0.102540446386	0.0601012635805	0.101130727444	0.0578427609825	0.0497608644308	0.0927831247048	0.0949752007558	0.0524991143127	0.0774828767123	0.104739903165	0.105131081719	0.0738146551724	0.0977208313651	0.0792099669343	0.116984529995	0.0703899976382	0.087970890411	0.0860076169107	0.101123346717
737052003-tonguedorsum2.freeze11.snv.filtered.bam	0.0933588214454	0.0911150803023	0.103248996221	0.0835793575815	0.078324279641	0.0505358408125	0.0634152102031	0.0966284837034	0.0861183278224	0.0638654345772	0.0695264525272	0.0624114312707	0.0691057510628	0.0855426310817	0.049664914974	0.0456055148795	0.0450888639584	0.0589277279169	0.106836029759	0.0453324279641	0.0258768304204	0.0	0.0740360769957	0.0759476854039	0.102400212565	0.0644706542277	0.100215517241	0.0615405054322	0.0533626594237	0.0943921232877	0.0956468469532	0.0562780467643	0.0793575814832	0.104835852622	0.10504251299	0.0760214926783	0.0986950873878	0.0816603684459	0.1136779641	0.0725673122343	0.0879856518658	0.0872549598488	0.102237836561
763536994-tonguedorsum1.freeze11.snv.filtered.bam	0.100924067076	0.0996250590458	0.112283006613	0.0910486537553	0.0860814241852	0.0685005314124	0.0727592111479	0.106474374114	0.0977798771847	0.0337004015116	0.0772245512518	0.0702423830893	0.0772171705243	0.0928052668871	0.0571932569674	0.0536578885215	0.0530600495985	0.0675853212093	0.114408656117	0.0538128837978	0.0720949456778	0.0740360769957	0.0	0.00158685640057	0.00600053141238	0.0722647024091	0.108245748701	0.0683307746812	0.0614224137931	0.105315599906	0.0583003660841	0.0643451818611	0.0877420878602	0.113427019367	0.113190836089	0.083837683042	0.107345299953	0.0899415446386	0.125125472367	0.0810182451582	0.0981193906471	0.0877937529523	0.110223783656
763536994-tonguedorsum2.freeze11.snv.filtered.bam	0.103950165328	0.102230455834	0.115788852149	0.0943256967407	0.0870925838451	0.0694157416155	0.0735637104393	0.108880491261	0.100156471422	0.0337004015116	0.0791583018422	0.0709214100142	0.077859293812	0.0930119272556	0.0559532947567	0.0527426783184	0.0521522201228	0.0686850495985	0.121250590458	0.0526467288616	0.0728846835144	0.0759476854039	0.00158685640057	0.0	0.0020739844119	0.073275862069	0.113552491734	0.0692533656117	0.0609648086915	0.108437647615	0.0589867737364	0.0641532829476	0.0895946504487	0.119907298063	0.119663734058	0.0860592820028	0.112068965517	0.093949279641	0.131908360888	0.0833579357581	0.101293103448	0.0873509093056	0.115087683042
763536994-tonguedorsum3.freeze11.snv.filtered.bam	0.132351204535	0.127856341521	0.141591875295	0.117656176193	0.118918280586	0.0984146197449	0.100473842702	0.138019603212	0.131221953236	0.0460335970713	0.103654936231	0.100658360888	0.109891650921	0.123472189419	0.0884801606046	0.0846643245158	0.0841255314124	0.0970344237128	0.142824456778	0.084302668871	0.102540446386	0.102400212565	0.00600053141238	0.0020739844119	0.0	0.10111596599	0.135569201701	0.098333431743	0.0924583726972	0.13568729334	0.0711354511101	0.0933071563533	0.116925484176	0.146566485593	0.145230573925	0.1117146906	0.140049303259	0.118209730751	0.154331010864	0.107611006141	0.129553908833	0.122173181389	0.141326169107
763577454-tonguedorsum2.freeze11.snv.filtered.bam	0.0894396551724	0.0887532475201	0.101226676901	0.0805532593292	0.0724639820501	0.0569127893245	0.0621162021729	0.0942445087388	0.0876166154936	0.0610607581483	0.0653046764289	0.057318729334	0.0658656117147	0.0828339041096	0.0441662730279	0.0407194733113	0.0394130845536	0.0546395252716	0.107086974492	0.0416125413321	0.0601012635805	0.0644706542277	0.0722647024091	0.073275862069	0.10111596599	0.0	0.0996102975909	0.057119449693	0.0483806683987	0.0959863604157	0.094945677846	0.0517536608408	0.0762502952291	0.103898500236	0.104164206424	0.0728330184223	0.0959346953236	0.0791066367501	0.116460498347	0.0700209612659	0.0886203944261	0.0874911431271	0.0977946386396
763901136-tonguedorsum2.freeze11.snv.filtered.bam	0.130048417572	0.124217642891	0.136218705716	0.114224137931	0.118261395843	0.0982079593765	0.0999055266887	0.134048771847	0.126852562589	0.100953589986	0.0948718705716	0.0984884270194	0.101012635805	0.110341875295	0.0825165328295	0.0852031176193	0.0836531648559	0.0943552196504	0.135465871516	0.0779773854511	0.101130727444	0.100215517241	0.108245748701	0.113552491734	0.135569201701	0.0996102975909	0.0	0.0521153164856	0.0819555975437	0.13325903401	0.124601440718	0.0934400094473	0.112083726972	0.140071445442	0.138838863958	0.107766001417	0.13369449693	0.114002716108	0.146965044875	0.0552521256495	0.125907829476	0.126948512045	0.134971362778
763982056-tonguedorsum1.freeze11.snv.filtered.bam	0.0874542394898	0.0870925838451	0.0997062470477	0.0795937647615	0.0714085380255	0.0549126121871	0.0605145843174	0.0927240788852	0.0832472248465	0.0557318729334	0.0532667099669	0.047937824752	0.0515174775626	0.0629280821918	0.0357079593765	0.038025507794	0.0371693434105	0.0524179263108	0.101521905999	0.0352872579121	0.0578427609825	0.0615405054322	0.0683307746812	0.0692533656117	0.098333431743	0.057119449693	0.0521153164856	0.0	0.0160604629192	0.0928495512518	0.0835793575815	0.045413615966	0.0703383325461	0.10004576051	0.100724787435	0.0694895488899	0.0934769130846	0.0766931388758	0.113434400094	0.0393466580066	0.0851440717997	0.0834465044875	0.0974403637222
763982056-tonguedorsum3.freeze11.snv.filtered.bam	0.0804351676901	0.0801030349551	0.0926576523382	0.0728182569674	0.0635480632971	0.0464616792631	0.0525360179499	0.0844724256023	0.0762724374114	0.0482773382145	0.0514436702881	0.0424982286254	0.0508753542749	0.0665446386396	0.0320914029287	0.0292276806802	0.0286741261219	0.0438267595654	0.0979643953708	0.028659364667	0.0497608644308	0.0533626594237	0.0614224137931	0.0609648086915	0.0924583726972	0.0483806683987	0.0819555975437	0.0160604629192	0.0	0.0849078885215	0.0839262517714	0.0387857227208	0.0610312352385	0.0907312824752	0.0920155290505	0.0628026098252	0.0874173358526	0.0696150212565	0.108496693434	0.0480632971186	0.077327881436	0.0749070028342	0.0903548653755
764143897-tonguedorsum1.freeze11.snv.filtered.bam	0.126225200756	0.121656530468	0.134425188947	0.112799657534	0.110194260746	0.0908862777515	0.0898013108172	0.127236360416	0.118468056212	0.0944511691072	0.0982522437411	0.0949087742088	0.100924067076	0.116704062352	0.0798742324043	0.0757115021256	0.0755269839395	0.0899415446386	0.139805739254	0.07546793812	0.0927831247048	0.0943921232877	0.105315599906	0.108437647615	0.13568729334	0.0959863604157	0.13325903401	0.0928495512518	0.0849078885215	0.0	0.12835085026	0.0870187765706	0.110600200756	0.139134093056	0.138359116675	0.105610829003	0.131952645253	0.113080125177	0.146367205952	0.104976086443	0.121021787907	0.120763462447	0.132373346717
764285508-tonguedorsum2.freeze11.snv.filtered.bam	0.124070028342	0.120047531885	0.133096658007	0.110865906944	0.110282829476	0.0901924893718	0.0936909541804	0.130092701937	0.122210085026	0.0505875059046	0.0974846480869	0.09242146906	0.100953589986	0.117958786018	0.0804646905999	0.0773869272556	0.0763093410487	0.08976440718	0.13432923949	0.0755860297591	0.0949752007558	0.0956468469532	0.0583003660841	0.0589867737364	0.0711354511101	0.094945677846	0.124601440718	0.0835793575815	0.0839262517714	0.12835085026	0.0	0.0853285899858	0.107160781767	0.138174598488	0.137296291923	0.105197508266	0.131635273973	0.109928554558	0.146241733585	0.0933219178082	0.121877952291	0.114172472839	0.133915918753
764325968-tonguedorsum2.freeze11.snv.filtered.bam	0.0812396669816	0.0821401157298	0.0944068847426	0.0750103330184	0.0602341166745	0.0489194615021	0.0552521256495	0.0864652220123	0.0768481341521	0.051989844119	0.0537464572508	0.045878601795	0.0553702172886	0.0707147496457	0.0373538615966	0.0306152574398	0.0282091402929	0.0408818493151	0.0987910368446	0.033043516769	0.0524991143127	0.0562780467643	0.0643451818611	0.0641532829476	0.0933071563533	0.0517536608408	0.0934400094473	0.045413615966	0.0387857227208	0.0870187765706	0.0853285899858	0.0	0.0685374350496	0.0929824043458	0.093949279641	0.0651792040624	0.0873435285782	0.0722277987718	0.10807599197	0.0633414029287	0.0802727916863	0.0792468705716	0.0916464926783
764811490-tonguedorsum1.freeze11.snv.filtered.bam	0.106865552669	0.10409039915	0.116593351441	0.0961634978744	0.0908346126594	0.0728846835144	0.0794461502126	0.112253483703	0.103787789325	0.0775714454417	0.0829815186585	0.0725304085971	0.0815348960794	0.0989165092111	0.0599241261219	0.0573482522437	0.0565585144072	0.0706852267359	0.110408301842	0.0572080184223	0.0774828767123	0.0793575814832	0.0877420878602	0.0895946504487	0.116925484176	0.0762502952291	0.112083726972	0.0703383325461	0.0610312352385	0.110600200756	0.107160781767	0.0685374350496	0.0	0.10798742324	0.107655290505	0.0891813297119	0.112762753897	0.0937795229098	0.130801251771	0.0773426428909	0.102990670761	0.102828294757	0.115050779405
765013792-tonguedorsum2.freeze11.snv.filtered.bam	0.135864430798	0.128719886632	0.14230042513	0.118755904582	0.12000324752	0.099462683042	0.101381672178	0.139001239962	0.133436171469	0.105145843174	0.106282475201	0.101964749646	0.111190658951	0.127044461502	0.0897570264525	0.083970536136	0.0835498346717	0.0957649385923	0.129583431743	0.0857197685404	0.104739903165	0.104835852622	0.113427019367	0.119907298063	0.146566485593	0.103898500236	0.140071445442	0.10004576051	0.0907312824752	0.139134093056	0.138174598488	0.0929824043458	0.10798742324	0.0	0.000228802550779	0.10931595418	0.138108171941	0.120342760983	0.156464041096	0.105374645725	0.132402869627	0.133679735475	0.140625
765013792-tonguedorsum3.freeze11.snv.filtered.bam	0.135451110061	0.128181093529	0.141296646197	0.117929263108	0.120054912612	0.100296705243	0.101713804913	0.13857315777	0.133450932924	0.105662494095	0.10637104393	0.102592111479	0.11142684223	0.127797295701	0.0909010392064	0.0854909659896	0.085099787435	0.0967613367974	0.128358230987	0.0869375885687	0.105131081719	0.10504251299	0.113190836089	0.119663734058	0.145230573925	0.104164206424	0.138838863958	0.100724787435	0.0920155290505	0.138359116675	0.137296291923	0.093949279641	0.107655290505	0.000228802550779	0.0	0.110496870572	0.138329593765	0.119914678791	0.155246221068	0.104828471894	0.131878837978	0.133362364195	0.139968115257
765074482-tonguedorsum1.freeze11.snv.filtered.bam	0.101986891828	0.100540269249	0.11304322154	0.0928347897969	0.0872844827586	0.0708845063769	0.0746782002834	0.106946740671	0.0977060699103	0.0740213155409	0.0788187883798	0.0713937765706	0.0776969178082	0.092089336325	0.0582117973547	0.0541450165328	0.0534143245158	0.0680429263108	0.114733408125	0.0529714808692	0.0738146551724	0.0760214926783	0.083837683042	0.0860592820028	0.1117146906	0.0728330184223	0.107766001417	0.0694895488899	0.0628026098252	0.105610829003	0.105197508266	0.0651792040624	0.0891813297119	0.10931595418	0.110496870572	0.0	0.0011440127539	0.0913217406708	0.124822862541	0.080184222957	0.0993150684932	0.0988796055739	0.110268068021
765074482-tonguedorsum3.freeze11.snv.filtered.bam	0.126867324043	0.123937175248	0.137643186112	0.115220536136	0.11266680444	0.0938016650921	0.096805621162	0.133310699103	0.125708549835	0.0977060699103	0.10140381436	0.0954623287671	0.104186348607	0.116312883798	0.0824943906471	0.0772319319792	0.0762133915919	0.0910855573925	0.13923742324	0.0766562352385	0.0977208313651	0.0986950873878	0.107345299953	0.112068965517	0.140049303259	0.0959346953236	0.13369449693	0.0934769130846	0.0874173358526	0.131952645253	0.131635273973	0.0873435285782	0.112762753897	0.138108171941	0.138329593765	0.0011440127539	0.0	0.113781294284	0.150419225319	0.102348547473	0.124697390175	0.125870925838	0.136838686821
765094712-tonguedorsum1.freeze11.snv.filtered.bam	0.106799126122	0.104540623524	0.117301901275	0.0963849196977	0.0927462210675	0.076331483231	0.0810846717052	0.113781294284	0.103618032593	0.082376299008	0.0853581128956	0.0773647850732	0.0873361478507	0.101330007085	0.0658582309872	0.0610681388758	0.0602784010392	0.074471539915	0.119036372225	0.0620792985357	0.0792099669343	0.0816603684459	0.0899415446386	0.093949279641	0.118209730751	0.0791066367501	0.114002716108	0.0766931388758	0.0696150212565	0.113080125177	0.109928554558	0.0722277987718	0.0937795229098	0.120342760983	0.119914678791	0.0913217406708	0.113781294284	0.0	0.0300912257912	0.0879339867737	0.106356282475	0.106991025035	0.115582191781
765094712-tonguedorsum2.freeze11.snv.filtered.bam	0.145230573925	0.139370276334	0.152279168635	0.130041036845	0.133214749646	0.111913970241	0.11139731932	0.147983585262	0.140366674539	0.119346362778	0.117110002362	0.115250059046	0.124165977799	0.137126535191	0.105108939537	0.0986803259329	0.0987762753897	0.109367619273	0.152559636278	0.0993519721304	0.116984529995	0.1136779641	0.125125472367	0.131908360888	0.154331010864	0.116460498347	0.146965044875	0.113434400094	0.108496693434	0.146367205952	0.146241733585	0.10807599197	0.130801251771	0.156464041096	0.155246221068	0.124822862541	0.150419225319	0.0300912257912	0.0	0.121147260274	0.138720772319	0.141304026925	0.148551901275
765135172-tonguedorsum1.freeze11.snv.filtered.bam	0.100842879074	0.0985253306566	0.110364017478	0.0905098606519	0.0857714336325	0.0686924303259	0.0727739726027	0.104068256967	0.0956025625886	0.0702054794521	0.0725894544166	0.0674893717525	0.0688252834199	0.079320677846	0.0512812942844	0.0529641001417	0.0517536608408	0.0654670524327	0.106850791214	0.0497387222485	0.0703899976382	0.0725673122343	0.0810182451582	0.0833579357581	0.107611006141	0.0700209612659	0.0552521256495	0.0393466580066	0.0480632971186	0.104976086443	0.0933219178082	0.0633414029287	0.0773426428909	0.105374645725	0.104828471894	0.080184222957	0.102348547473	0.0879339867737	0.121147260274	0.0	0.0958682687766	0.0958608880491	0.106016769013
823052294-tonguedorsum1.freeze11.snv.filtered.bam	0.120180384979	0.114283183751	0.127753011337	0.106179145017	0.103662316958	0.0843248110534	0.0842879074162	0.1206970359	0.115589572508	0.0886056329712	0.0906205715635	0.0863987954653	0.0943921232877	0.108275271611	0.0734972838923	0.0693714572508	0.0695190717997	0.0831586561171	0.131089100142	0.068411962683	0.087970890411	0.0879856518658	0.0981193906471	0.101293103448	0.129553908833	0.0886203944261	0.125907829476	0.0851440717997	0.077327881436	0.121021787907	0.121877952291	0.0802727916863	0.102990670761	0.132402869627	0.131878837978	0.0993150684932	0.124697390175	0.106356282475	0.138720772319	0.0958682687766	0.0	0.00149828767123	0.125701169107
823052294-tonguedorsum3.freeze11.snv.filtered.bam	0.119383266415	0.115131967407	0.128587033538	0.107374822863	0.102045937648	0.0825239135569	0.0830774681153	0.120335380255	0.114615316486	0.0766414737837	0.0905024799244	0.0847381317903	0.0929233585262	0.108112895607	0.0708033183751	0.0670760510156	0.0671129546528	0.08211059282	0.133244272556	0.0652603920642	0.0860076169107	0.0872549598488	0.0877937529523	0.0873509093056	0.122173181389	0.0874911431271	0.126948512045	0.0834465044875	0.0749070028342	0.120763462447	0.114172472839	0.0792468705716	0.102828294757	0.133679735475	0.133362364195	0.0988796055739	0.125870925838	0.106991025035	0.141304026925	0.0958608880491	0.00149828767123	0.0	0.126247342938
857980665-tonguedorsum3.freeze11.snv.filtered.bam	0.130911962683	0.1253764171	0.138196740671	0.116025035427	0.109500472367	0.0982301015588	0.063562824752	0.0777633443552	0.125782357109	0.10102739726	0.101595713274	0.0997579121398	0.106791745394	0.122254369391	0.0853728743505	0.059311525744	0.0722204180444	0.0860519012754	0.13935551488	0.0754531766651	0.101123346717	0.102237836561	0.110223783656	0.115087683042	0.141326169107	0.0977946386396	0.134971362778	0.0974403637222	0.0903548653755	0.132373346717	0.133915918753	0.0916464926783	0.115050779405	0.140625	0.139968115257	0.110268068021	0.136838686821	0.115582191781	0.148551901275	0.106016769013	0.125701169107	0.126247342938	0.0
