	158883629-tonguedorsum1.freeze11.snv.filtered.bam	158883629-tonguedorsum3.freeze11.snv.filtered.bam	159227541-tonguedorsum3.freeze11.snv.filtered.bam	160502038-tonguedorsum3.freeze11.snv.filtered.bam	246515023-tonguedorsum1.freeze11.snv.filtered.bam	508703490-tonguedorsum2.freeze11.snv.filtered.bam	638754422-tonguedorsum3.freeze11.snv.filtered.bam	663835652-tonguedorsum2.freeze11.snv.filtered.bam	675950834-tonguedorsum2.freeze11.snv.filtered.bam	737052003-tonguedorsum2.freeze11.snv.filtered.bam	763536994-tonguedorsum2.freeze11.snv.filtered.bam	763577454-tonguedorsum1.freeze11.snv.filtered.bam	763577454-tonguedorsum2.freeze11.snv.filtered.bam	763982056-tonguedorsum3.freeze11.snv.filtered.bam	764143897-tonguedorsum1.freeze11.snv.filtered.bam	764285508-tonguedorsum1.freeze11.snv.filtered.bam	764325968-tonguedorsum2.freeze11.snv.filtered.bam	764588959-tonguedorsum2.freeze11.snv.filtered.bam	764811490-tonguedorsum1.freeze11.snv.filtered.bam	764811490-tonguedorsum2.freeze11.snv.filtered.bam	765013792-tonguedorsum2.freeze11.snv.filtered.bam	765013792-tonguedorsum3.freeze11.snv.filtered.bam	765074482-tonguedorsum3.freeze11.snv.filtered.bam	823052294-tonguedorsum1.freeze11.snv.filtered.bam	823052294-tonguedorsum3.freeze11.snv.filtered.bam	857980665-tonguedorsum2.freeze11.snv.filtered.bam	857980665-tonguedorsum3.freeze11.snv.filtered.bam
158883629-tonguedorsum1.freeze11.snv.filtered.bam	0.0	0.000205499157453	0.107599358843	0.10669516255	0.0895976326497	0.136944638527	0.106366363898	0.118778513008	0.103530475525	0.128889071555	0.117956516378	0.105544367268	0.10365377502	0.115449426657	0.135136245941	0.124532489417	0.0989272943981	0.132875755209	0.117627717726	0.10862685463	0.121491101886	0.111586042497	0.115860424972	0.119477210143	0.105174468785	0.106407463729	0.108298055978
158883629-tonguedorsum3.freeze11.snv.filtered.bam	0.000205499157453	0.0	0.108256956146	0.105708766594	0.0901319304591	0.136369240886	0.106612962887	0.118860712671	0.103160577042	0.130491964983	0.118655213514	0.105174468785	0.103571575357	0.115737125478	0.135793843245	0.12297069582	0.0997903908594	0.133204553861	0.118162015536	0.108462455304	0.122395298179	0.111133944351	0.116230323456	0.120052607784	0.105996465414	0.106243064403	0.107681558506
159227541-tonguedorsum3.freeze11.snv.filtered.bam	0.107599358843	0.108256956146	0.0	0.0516213883523	0.0281944844026	0.0896387324812	0.0489498993054	0.0651432329127	0.0408121326703	0.0828983601167	0.0675681229707	0.0480046031811	0.0469771073939	0.0607455509432	0.090460729111	0.0842135547244	0.0372775471621	0.0820352636554	0.0688011179154	0.0525666844766	0.0768155850561	0.0556902716699	0.0651021330813	0.0634581398216	0.0449632156508	0.0525666844766	0.050922691217
160502038-tonguedorsum3.freeze11.snv.filtered.bam	0.10669516255	0.105708766594	0.0516213883523	0.0	0.0300439768197	0.0905840286055	0.0478402038552	0.0665817270149	0.0417163289631	0.0817886646665	0.0702807118491	0.0496896962722	0.0472237063828	0.0602523529654	0.0895154329867	0.0829394599482	0.039949036209	0.0806378693847	0.0703218116806	0.0520734864987	0.0778019810119	0.0571287657721	0.0664584275204	0.0651432329127	0.0438124203691	0.0513336895319	0.0499362952612
246515023-tonguedorsum1.freeze11.snv.filtered.bam	0.0895976326497	0.0901319304591	0.0281944844026	0.0300439768197	0.0	0.0725412025811	0.024290000411	0.0451687148083	0.0173030290576	0.0604989519543	0.0475525050347	0.0262216924911	0.0238790020961	0.0366610496897	0.0705684106695	0.0670338251613	0.0162755332703	0.0574164645925	0.0466894085734	0.0276190867617	0.0572520652665	0.0318112695738	0.0436891208746	0.041880728289	0.0192758209691	0.0320167687312	0.0287698820435
508703490-tonguedorsum2.freeze11.snv.filtered.bam	0.136944638527	0.136369240886	0.0896387324812	0.0905840286055	0.0725412025811	0.0	0.088282438042	0.104804570301	0.0803090707328	0.116230323456	0.109572150754	0.0887756360199	0.085939747647	0.0988861945666	0.121532201718	0.11138054334	0.0787883769677	0.113969832724	0.105503267437	0.0923513213596	0.115613825983	0.097242201307	0.100612387489	0.099338292713	0.0814187661831	0.0918581233817	0.0912416259093
638754422-tonguedorsum3.freeze11.snv.filtered.bam	0.106366363898	0.106612962887	0.0489498993054	0.0478402038552	0.024290000411	0.088282438042	0.0	0.0681024207801	0.0367432493527	0.0777197813489	0.0652254325757	0.0438535202006	0.0415108298056	0.0555669721754	0.0875426410752	0.0821996629814	0.0352225555875	0.0768155850561	0.066088529037	0.0461962105955	0.0736097981998	0.0521967859932	0.0617730467305	0.0630471415067	0.0399901360404	0.048415601496	0.0470593070568
663835652-tonguedorsum2.freeze11.snv.filtered.bam	0.118778513008	0.118860712671	0.0651432329127	0.0665817270149	0.0451687148083	0.104804570301	0.0681024207801	0.0	0.0566355677942	0.0958448070363	0.0835148575891	0.0637047388106	0.0610743495952	0.0758702889318	0.103366076199	0.0958859068678	0.0559368706588	0.0938309152932	0.0828572602852	0.0692121162303	0.0916937240557	0.0716781061198	0.0810899675311	0.0780074801693	0.059718055156	0.0669516254983	0.0658419300481
675950834-tonguedorsum2.freeze11.snv.filtered.bam	0.103530475525	0.103160577042	0.0408121326703	0.0417163289631	0.0173030290576	0.0803090707328	0.0367432493527	0.0566355677942	0.0	0.072870001233	0.0588138588632	0.0364144507008	0.035181455756	0.0471826065513	0.0830627594427	0.0762401874152	0.0281122847396	0.0712260079734	0.0583206608853	0.0412231309852	0.068595618758	0.0468538078994	0.0575808639185	0.0542928773992	0.0336607619909	0.0436480210431	0.0413875303111
737052003-tonguedorsum2.freeze11.snv.filtered.bam	0.128889071555	0.130491964983	0.0828983601167	0.0817886646665	0.0604989519543	0.116230323456	0.0777197813489	0.0958448070363	0.072870001233	0.0	0.0975709999589	0.0780074801693	0.0766100858986	0.0918170235502	0.11331223542	0.104188072829	0.0720480046032	0.109654350417	0.0984751962517	0.0828983601167	0.103324976368	0.0846656528708	0.092885619169	0.0960092063623	0.0753359911224	0.0797747729234	0.0784595783157
763536994-tonguedorsum2.freeze11.snv.filtered.bam	0.117956516378	0.118655213514	0.0675681229707	0.0702807118491	0.0475525050347	0.109572150754	0.0652254325757	0.0835148575891	0.0588138588632	0.0975709999589	0.0	0.0659241297111	0.0644034359459	0.0779663803378	0.105996465414	0.0975709999589	0.0569232666146	0.0976120997904	0.0880358390531	0.0702807118491	0.0910772265834	0.0722124039291	0.0807200690477	0.081665365172	0.0641157371255	0.0644445357774	0.0633759401586
763577454-tonguedorsum1.freeze11.snv.filtered.bam	0.105544367268	0.105174468785	0.0480046031811	0.0496896962722	0.0262216924911	0.0887756360199	0.0438535202006	0.0637047388106	0.0364144507008	0.0780074801693	0.0659241297111	0.0	0.000493197977888	0.0553203731865	0.0893510336608	0.0789938761251	0.0351403559245	0.0775964818544	0.0659241297111	0.0481690025071	0.0732398997164	0.0544161768937	0.0603345526283	0.0617730467305	0.0404422341868	0.048497801159	0.0476347046977
763577454-tonguedorsum2.freeze11.snv.filtered.bam	0.10365377502	0.103571575357	0.0469771073939	0.0472237063828	0.0238790020961	0.085939747647	0.0415108298056	0.0610743495952	0.035181455756	0.0766100858986	0.0644034359459	0.000493197977888	0.0	0.0552381735235	0.0869672434343	0.0773498828655	0.0335785623279	0.0759935884263	0.0625950433603	0.0457030126176	0.0719247051087	0.0523611853191	0.0590604578521	0.0582795610538	0.0385927417698	0.0462784102585	0.0459496116066
763982056-tonguedorsum3.freeze11.snv.filtered.bam	0.115449426657	0.115737125478	0.0607455509432	0.0602523529654	0.0366610496897	0.0988861945666	0.0555669721754	0.0758702889318	0.0471826065513	0.0918170235502	0.0779663803378	0.0553203731865	0.0552381735235	0.0	0.0981052977683	0.090542928774	0.0458263121121	0.0881591385475	0.0738974970203	0.0591837573466	0.086186346636	0.0634581398216	0.0784595783157	0.072952200896	0.0516213883523	0.061814146562	0.0609099502692
764143897-tonguedorsum1.freeze11.snv.filtered.bam	0.135136245941	0.135793843245	0.090460729111	0.0895154329867	0.0705684106695	0.121532201718	0.0875426410752	0.103366076199	0.0830627594427	0.11331223542	0.105996465414	0.0893510336608	0.0869672434343	0.0981052977683	0.0	0.115901524804	0.0787061773047	0.119559409806	0.103735974683	0.0915704245613	0.112572438453	0.0966257038346	0.103530475525	0.100406888332	0.0857342484896	0.0894332333237	0.0893099338293
764285508-tonguedorsum1.freeze11.snv.filtered.bam	0.124532489417	0.12297069582	0.0842135547244	0.0829394599482	0.0670338251613	0.11138054334	0.0821996629814	0.0958859068678	0.0762401874152	0.104188072829	0.0975709999589	0.0789938761251	0.0773498828655	0.090542928774	0.115901524804	0.0	0.0715959064568	0.103037277547	0.0935432164728	0.083679256915	0.100776786815	0.0894743331552	0.0960914060252	0.094735111586	0.081747564835	0.0851999506802	0.0845834532078
764325968-tonguedorsum2.freeze11.snv.filtered.bam	0.0989272943981	0.0997903908594	0.0372775471621	0.039949036209	0.0162755332703	0.0787883769677	0.0352225555875	0.0559368706588	0.0281122847396	0.0720480046032	0.0569232666146	0.0351403559245	0.0335785623279	0.0458263121121	0.0787061773047	0.0715959064568	0.0	0.0660474292055	0.0556902716699	0.0383872426123	0.0681846204431	0.043976819695	0.0566766676257	0.0516624881838	0.0315646705849	0.0404011343553	0.0383050429493
764588959-tonguedorsum2.freeze11.snv.filtered.bam	0.132875755209	0.133204553861	0.0820352636554	0.0806378693847	0.0574164645925	0.113969832724	0.0768155850561	0.0938309152932	0.0712260079734	0.109654350417	0.0976120997904	0.0775964818544	0.0759935884263	0.0881591385475	0.119559409806	0.103037277547	0.0660474292055	0.0	0.0949406107435	0.0807200690477	0.10365377502	0.0841313550614	0.0939953146192	0.0948584110805	0.073034400559	0.0789116764621	0.077390982697
764811490-tonguedorsum1.freeze11.snv.filtered.bam	0.117627717726	0.118162015536	0.0688011179154	0.0703218116806	0.0466894085734	0.105503267437	0.066088529037	0.0828572602852	0.0583206608853	0.0984751962517	0.0880358390531	0.0659241297111	0.0625950433603	0.0738974970203	0.103735974683	0.0935432164728	0.0556902716699	0.0949406107435	0.0	0.0137273437179	0.090296329785	0.0714315071308	0.0826517611278	0.07940487444	0.0628827421808	0.0689655172414	0.0678558217911
764811490-tonguedorsum2.freeze11.snv.filtered.bam	0.10862685463	0.108462455304	0.0525666844766	0.0520734864987	0.0276190867617	0.0923513213596	0.0461962105955	0.0692121162303	0.0412231309852	0.0828983601167	0.0702807118491	0.0481690025071	0.0457030126176	0.0591837573466	0.0915704245613	0.083679256915	0.0383872426123	0.0807200690477	0.0137273437179	0.0	0.0768155850561	0.0544983765567	0.0675681229707	0.0630882413382	0.0452098146398	0.0541284780732	0.0524844848136
765013792-tonguedorsum2.freeze11.snv.filtered.bam	0.121491101886	0.122395298179	0.0768155850561	0.0778019810119	0.0572520652665	0.115613825983	0.0736097981998	0.0916937240557	0.068595618758	0.103324976368	0.0910772265834	0.0732398997164	0.0719247051087	0.086186346636	0.112572438453	0.100776786815	0.0681846204431	0.10365377502	0.090296329785	0.0768155850561	0.0	0.0341128601373	0.0881591385475	0.0900086309646	0.0730755003904	0.0796103735975	0.0775142821914
765013792-tonguedorsum3.freeze11.snv.filtered.bam	0.111586042497	0.111133944351	0.0556902716699	0.0571287657721	0.0318112695738	0.097242201307	0.0521967859932	0.0716781061198	0.0468538078994	0.0846656528708	0.0722124039291	0.0544161768937	0.0523611853191	0.0634581398216	0.0966257038346	0.0894743331552	0.043976819695	0.0841313550614	0.0714315071308	0.0544983765567	0.0341128601373	0.0	0.0697464140397	0.0695409148822	0.0490320989684	0.0594303563355	0.0581151617278
765074482-tonguedorsum3.freeze11.snv.filtered.bam	0.115860424972	0.116230323456	0.0651021330813	0.0664584275204	0.0436891208746	0.100612387489	0.0617730467305	0.0810899675311	0.0575808639185	0.092885619169	0.0807200690477	0.0603345526283	0.0590604578521	0.0784595783157	0.103530475525	0.0960914060252	0.0566766676257	0.0939953146192	0.0826517611278	0.0675681229707	0.0881591385475	0.0697464140397	0.0	0.07747318236	0.0600468538079	0.0655953310591	0.0642801364514
823052294-tonguedorsum1.freeze11.snv.filtered.bam	0.119477210143	0.120052607784	0.0634581398216	0.0651432329127	0.041880728289	0.099338292713	0.0630471415067	0.0780074801693	0.0542928773992	0.0960092063623	0.081665365172	0.0617730467305	0.0582795610538	0.072952200896	0.100406888332	0.094735111586	0.0516624881838	0.0948584110805	0.07940487444	0.0630882413382	0.0900086309646	0.0695409148822	0.07747318236	0.0	0.00768566848876	0.0651843327442	0.064156836957
823052294-tonguedorsum3.freeze11.snv.filtered.bam	0.105174468785	0.105996465414	0.0449632156508	0.0438124203691	0.0192758209691	0.0814187661831	0.0399901360404	0.059718055156	0.0336607619909	0.0753359911224	0.0641157371255	0.0404422341868	0.0385927417698	0.0516213883523	0.0857342484896	0.081747564835	0.0315646705849	0.073034400559	0.0628827421808	0.0452098146398	0.0730755003904	0.0490320989684	0.0600468538079	0.00768566848876	0.0	0.0460729111011	0.0445111175044
857980665-tonguedorsum2.freeze11.snv.filtered.bam	0.106407463729	0.106243064403	0.0525666844766	0.0513336895319	0.0320167687312	0.0918581233817	0.048415601496	0.0669516254983	0.0436480210431	0.0797747729234	0.0644445357774	0.048497801159	0.0462784102585	0.061814146562	0.0894332333237	0.0851999506802	0.0404011343553	0.0789116764621	0.0689655172414	0.0541284780732	0.0796103735975	0.0594303563355	0.0655953310591	0.0651843327442	0.0460729111011	0.0	0.000863096461305
857980665-tonguedorsum3.freeze11.snv.filtered.bam	0.108298055978	0.107681558506	0.050922691217	0.0499362952612	0.0287698820435	0.0912416259093	0.0470593070568	0.0658419300481	0.0413875303111	0.0784595783157	0.0633759401586	0.0476347046977	0.0459496116066	0.0609099502692	0.0893099338293	0.0845834532078	0.0383050429493	0.077390982697	0.0678558217911	0.0524844848136	0.0775142821914	0.0581151617278	0.0642801364514	0.064156836957	0.0445111175044	0.000863096461305	0.0
