	158337416-supragingivalplaque2.freeze11.snv.filtered.bam	158337416-tonguedorsum1.freeze11.snv.filtered.bam	158337416-tonguedorsum2.freeze11.snv.filtered.bam	158479027-tonguedorsum1.freeze11.snv.filtered.bam	158479027-tonguedorsum2.freeze11.snv.filtered.bam	158499257-tonguedorsum1.freeze11.snv.filtered.bam	158499257-tonguedorsum2.freeze11.snv.filtered.bam	158944319-tonguedorsum1.freeze11.snv.filtered.bam	158944319-tonguedorsum2.freeze11.snv.filtered.bam	158944319-tonguedorsum3.freeze11.snv.filtered.bam	159227541-tonguedorsum2.freeze11.snv.filtered.bam	159268001-buccalmucosa3.freeze11.snv.filtered.bam	159268001-supragingivalplaque1.freeze11.snv.filtered.bam	159268001-supragingivalplaque2.freeze11.snv.filtered.bam	159268001-tonguedorsum1.freeze11.snv.filtered.bam	159268001-tonguedorsum2.freeze11.snv.filtered.bam	159268001-tonguedorsum3.freeze11.snv.filtered.bam	159369152-tonguedorsum1.freeze11.snv.filtered.bam	159369152-tonguedorsum2.freeze11.snv.filtered.bam	159490532-tonguedorsum1.freeze11.snv.filtered.bam	159510762-supragingivalplaque3.freeze11.snv.filtered.bam	159510762-tonguedorsum2.freeze11.snv.filtered.bam	159551223-supragingivalplaque1.freeze11.snv.filtered.bam	159551223-supragingivalplaque2.freeze11.snv.filtered.bam	159571453-supragingivalplaque2.freeze11.snv.filtered.bam	159571453-tonguedorsum2.freeze11.snv.filtered.bam	159753524-tonguedorsum3.freeze11.snv.filtered.bam	159814214-tonguedorsum1.freeze11.snv.filtered.bam	159814214-tonguedorsum2.freeze11.snv.filtered.bam	160158126-tonguedorsum1.freeze11.snv.filtered.bam	160158126-tonguedorsum2.freeze11.snv.filtered.bam	160178356-tonguedorsum1.freeze11.snv.filtered.bam	160178356-tonguedorsum3.freeze11.snv.filtered.bam	160319967-supragingivalplaque3.freeze11.snv.filtered.bam	160319967-tonguedorsum1.freeze11.snv.filtered.bam	160319967-tonguedorsum3.freeze11.snv.filtered.bam	160380657-tonguedorsum2.freeze11.snv.filtered.bam	160380657-tonguedorsum3.freeze11.snv.filtered.bam	160421117-tonguedorsum2.freeze11.snv.filtered.bam	160421117-tonguedorsum3.freeze11.snv.filtered.bam	160502038-tonguedorsum1.freeze11.snv.filtered.bam	160502038-tonguedorsum2.freeze11.snv.filtered.bam	160502038-tonguedorsum3.freeze11.snv.filtered.bam	160582958-supragingivalplaque1.freeze11.snv.filtered.bam	160582958-tonguedorsum3.freeze11.snv.filtered.bam	160603188-buccalmucosa2.freeze11.snv.filtered.bam	160603188-tonguedorsum2.freeze11.snv.filtered.bam	160603188-tonguedorsum3.freeze11.snv.filtered.bam	338793263-tonguedorsum1.freeze11.snv.filtered.bam	338793263-tonguedorsum2.freeze11.snv.filtered.bam	370425937-supragingivalplaque2.freeze11.snv.filtered.bam	370425937-tonguedorsum1.freeze11.snv.filtered.bam	370425937-tonguedorsum2.freeze11.snv.filtered.bam	604812005-supragingivalplaque2.freeze11.snv.filtered.bam	604812005-tonguedorsum3.freeze11.snv.filtered.bam	638754422-supragingivalplaque2.freeze11.snv.filtered.bam	675950834-supragingivalplaque3.freeze11.snv.filtered.bam	675950834-tonguedorsum1.freeze11.snv.filtered.bam	675950834-tonguedorsum3.freeze11.snv.filtered.bam	686765762-tonguedorsum3.freeze11.snv.filtered.bam	706846339-supragingivalplaque2.freeze11.snv.filtered.bam	737052003-supragingivalplaque1.freeze11.snv.filtered.bam	763435843-tonguedorsum1.freeze11.snv.filtered.bam	763435843-tonguedorsum2.freeze11.snv.filtered.bam	763496533-palatinetonsils1.freeze11.snv.filtered.bam	763496533-palatinetonsils2.freeze11.snv.filtered.bam	763496533-throat1.freeze11.snv.filtered.bam	763820215-tonguedorsum2.freeze11.snv.filtered.bam	763840445-tonguedorsum2.freeze11.snv.filtered.bam	763860675-tonguedorsum1.freeze11.snv.filtered.bam	763860675-tonguedorsum2.freeze11.snv.filtered.bam	763961826-supragingivalplaque2.freeze11.snv.filtered.bam	763961826-tonguedorsum2.freeze11.snv.filtered.bam	764062976-supragingivalplaque3.freeze11.snv.filtered.bam	764083206-buccalmucosa2.freeze11.snv.filtered.bam	764083206-supragingivalplaque1.freeze11.snv.filtered.bam	764083206-supragingivalplaque2.freeze11.snv.filtered.bam	764083206-tonguedorsum1.freeze11.snv.filtered.bam	764083206-tonguedorsum2.freeze11.snv.filtered.bam	764224817-tonguedorsum1.freeze11.snv.filtered.bam	764224817-tonguedorsum2.freeze11.snv.filtered.bam	764447348-tonguedorsum1.freeze11.snv.filtered.bam	764447348-tonguedorsum2.freeze11.snv.filtered.bam	764487809-tonguedorsum2.freeze11.snv.filtered.bam	764508039-tonguedorsum1.freeze11.snv.filtered.bam	764508039-tonguedorsum3.freeze11.snv.filtered.bam	764649650-tonguedorsum1.freeze11.snv.filtered.bam	764649650-tonguedorsum2.freeze11.snv.filtered.bam	764811490-supragingivalplaque1.freeze11.snv.filtered.bam	765013792-supragingivalplaque1.freeze11.snv.filtered.bam	765013792-supragingivalplaque3.freeze11.snv.filtered.bam	765013792-tonguedorsum3.freeze11.snv.filtered.bam	765135172-tonguedorsum2.freeze11.snv.filtered.bam	765337473-tonguedorsum1.freeze11.snv.filtered.bam	765337473-tonguedorsum2.freeze11.snv.filtered.bam	765701615-supragingivalplaque2.freeze11.snv.filtered.bam	765701615-tonguedorsum1.freeze11.snv.filtered.bam	765701615-tonguedorsum2.freeze11.snv.filtered.bam	809635352-supragingivalplaque1.freeze11.snv.filtered.bam	809635352-tonguedorsum1.freeze11.snv.filtered.bam	861967750-supragingivalplaque1.freeze11.snv.filtered.bam	861967750-supragingivalplaque2.freeze11.snv.filtered.bam
158337416-supragingivalplaque2.freeze11.snv.filtered.bam	0.0	0.148447023659	0.148663317433	0.151398897857	0.153681744476	0.139476596739	0.138711224967	0.148810878971	0.146263871562	0.142153416245	0.142415590991	0.139141719769	0.126800867051	0.126973077107	0.139588525179	0.138298680079	0.135440583297	0.152071164768	0.151085802336	0.143343723231	0.144463862836	0.14725319	0.120832238192	0.125653379169	0.12539709722	0.154644060724	0.148904917645	0.144482042816	0.145065185589	0.164911213083	0.167259591797	0.137747544947	0.136705628503	0.124194270263	0.144178141644	0.139130639515	0.142130117211	0.147367132046	0.139463107385	0.142359844552	0.141514035709	0.14158269321	0.148861019322	0.123074463449	0.142972444815	0.144432389983	0.142421665169	0.144337845831	0.148483791215	0.144220365907	0.121692494244	0.134527829615	0.137752715127	0.126141150945	0.146323404771	0.117966029724	0.119186047093	0.142298930376	0.136688076269	0.140408996238	0.116553156532	0.121177855011	0.146283367091	0.149419043489	0.146239844304	0.140122985362	0.147235659083	0.147439201773	0.137494952962	0.138660375873	0.142866319923	0.122280907961	0.140767750862	0.129241634414	0.126889892521	0.122928812661	0.126653518881	0.139918043655	0.138283511901	0.142962123771	0.138710709097	0.14063776639	0.138679709242	0.139622266433	0.157238333522	0.144865358926	0.142024897851	0.140953371981	0.123930229015	0.118534312038	0.116764788605	0.137879935242	0.144719920167	0.151049149491	0.142765968761	0.121274820877	0.142089437988	0.146971521383	0.120825872757	0.141896260433	0.122929982441	0.123697772876
158337416-tonguedorsum1.freeze11.snv.filtered.bam	0.148447023659	0.0	0.0129208708996	0.128710483273	0.130068448402	0.130635923054	0.128663758003	0.13864277881	0.136710981528	0.133383103233	0.133088152056	0.124283824637	0.160953281511	0.160166939221	0.124087252909	0.125411842039	0.121149115808	0.14121302309	0.13997976746	0.129047332104	0.119410500986	0.119564350089	0.152413593233	0.154680007345	0.143090198019	0.145481146195	0.138392041707	0.122762384892	0.122824970308	0.158523665357	0.161773241425	0.119342443235	0.122157581493	0.156809364736	0.122319149338	0.126022772562	0.128853342897	0.134871822857	0.125388012873	0.127763760598	0.130974611792	0.130182989725	0.140646562191	0.150838558503	0.139732757856	0.132771067904	0.128031107805	0.128889255641	0.142627386197	0.138970931178	0.145856618379	0.133194334844	0.138079287815	0.152279625787	0.139250540181	0.148902472554	0.149313583404	0.132452959957	0.12613731321	0.132063552642	0.153835870924	0.149648378493	0.135948024769	0.137522847026	0.137009171833	0.130193185806	0.138389029582	0.131862483529	0.101748453841	0.117592624702	0.122550462399	0.14945097773	0.127956675931	0.14699528287	0.141249819025	0.141910829355	0.144453563289	0.125354747811	0.125000367628	0.126518905956	0.122746437129	0.0968024877116	0.124971994014	0.124517540239	0.147267161506	0.12675677737	0.120701128532	0.121687339351	0.147169544657	0.140900564219	0.146855781978	0.125877098737	0.137634175581	0.0939572978996	0.0904918608184	0.147285299722	0.129596238626	0.136930558885	0.14755699977	0.126419801244	0.151597454945	0.152784771331
158337416-tonguedorsum2.freeze11.snv.filtered.bam	0.148663317433	0.0129208708996	0.0	0.128678767232	0.130345700455	0.129536075408	0.127469817483	0.137598330834	0.135132762771	0.131602032729	0.131371203513	0.121968881799	0.161342063473	0.160478109369	0.121957215111	0.123937471318	0.119315540178	0.139502866426	0.138259952798	0.126778933393	0.119145645524	0.119609459571	0.151741376858	0.153843982124	0.142431984464	0.144939238367	0.138447921848	0.122000392723	0.121742816162	0.158247872301	0.161757561277	0.117514820293	0.120023484081	0.156537492899	0.120803301039	0.12359767854	0.127455757292	0.134729602247	0.123594758498	0.125805058331	0.129597266027	0.127937687976	0.139266724379	0.151153092128	0.139982186636	0.131957299655	0.126663366834	0.127797371504	0.141086320392	0.136994775889	0.145316683249	0.131979072169	0.136911319451	0.152171495415	0.137253635776	0.149185481836	0.148766243736	0.131022639805	0.124532923037	0.131224255755	0.153896198085	0.149519354494	0.134076787486	0.135969442747	0.136231968517	0.128599776698	0.137899726053	0.130683629781	0.100769367355	0.116275909061	0.121583315243	0.149932804099	0.128116990926	0.147368524432	0.141082181854	0.140702790631	0.144465004869	0.123794799347	0.123096952694	0.124537959334	0.120801566033	0.0971014487168	0.124118631386	0.12319386251	0.14777917428	0.126525751885	0.119303421109	0.120299722461	0.147284675447	0.140409343875	0.147044016241	0.124266569524	0.137368972557	0.0969637132679	0.0923981598966	0.147093475671	0.128188258658	0.13608304335	0.146714776428	0.125525473781	0.151503936181	0.152897367513
158479027-tonguedorsum1.freeze11.snv.filtered.bam	0.151398897857	0.128710483273	0.128678767232	0.0	0.0116908991511	0.130206036707	0.127627918233	0.136608238112	0.135096909428	0.133084033824	0.132630996134	0.123856745577	0.160666064655	0.159791163422	0.124103782827	0.125540476142	0.120738453549	0.14178418464	0.140708903885	0.127024137433	0.134435646944	0.13570782515	0.152493382945	0.153903341815	0.142783174536	0.143274116061	0.139913238049	0.0509422014954	0.0546564735249	0.157864250374	0.161918822841	0.119182129004	0.122769375706	0.156025435139	0.0914060946848	0.117561803718	0.128866231087	0.13528725489	0.125067222781	0.127229409402	0.130466540662	0.130598499996	0.137054674116	0.152433520981	0.139693609065	0.131564472018	0.126906037291	0.127606037589	0.142617189926	0.138304872807	0.146613308351	0.133975926192	0.137823117287	0.152690603264	0.139697270006	0.14855635355	0.149656996573	0.132121993534	0.125298720908	0.13116430218	0.154558213361	0.149963160547	0.136739150576	0.13629862351	0.138968618434	0.130538262464	0.140320026909	0.129757837084	0.116757281598	0.123041925311	0.126868291318	0.150580037809	0.130598580003	0.146675820356	0.141671820716	0.142169513627	0.145602657042	0.126660431813	0.126110368604	0.106670013562	0.104902606048	0.120038922871	0.125562574664	0.125692152221	0.149000818297	0.127822327811	0.0857467756218	0.0707353766688	0.148030654308	0.140197864114	0.14819378279	0.125273640207	0.13723933007	0.127970441782	0.12178151792	0.146782658942	0.129271456216	0.136510776152	0.146907191473	0.122651015422	0.150763726621	0.152218024493
158479027-tonguedorsum2.freeze11.snv.filtered.bam	0.153681744476	0.130068448402	0.130345700455	0.0116908991511	0.0	0.133546482772	0.131018859871	0.139489691822	0.138793092512	0.136673435586	0.136451385434	0.12786250607	0.162345873279	0.161593036897	0.128129996637	0.12872107087	0.124511961243	0.145058360566	0.143997337087	0.13120175076	0.137724233441	0.138576561387	0.155328702449	0.156677762852	0.145581647725	0.145533711583	0.141296364445	0.051981958754	0.0560029033701	0.161261239691	0.164549138461	0.122487728521	0.126690353992	0.158415135041	0.0945135058375	0.121687883126	0.132105331028	0.137351844163	0.128689894196	0.130955322524	0.133888631312	0.134666739903	0.140083639506	0.154119142236	0.141211342964	0.134101973602	0.129941148836	0.130229238864	0.145966886275	0.142258510305	0.149395633131	0.137120449486	0.140630590301	0.154698707374	0.143856359424	0.15025305604	0.152405371816	0.135386044759	0.128979896863	0.134197510206	0.156395569854	0.151844894986	0.140817694131	0.139586198075	0.141801546848	0.134012589436	0.142904896231	0.132859292146	0.120485573643	0.126738823484	0.130045233724	0.152538434954	0.132461005527	0.148401808367	0.144572638506	0.14562014621	0.148115413865	0.130213576786	0.130109865179	0.109607884927	0.108274732253	0.122508075044	0.128417423444	0.128093331003	0.150109179194	0.12986118097	0.0875172783948	0.0733195121146	0.149908734361	0.143077727139	0.149713750637	0.129082606177	0.138552793802	0.128857116046	0.123435042114	0.148546146229	0.133273253782	0.139606908579	0.149891620115	0.127793157784	0.152850245775	0.154003887064
158499257-tonguedorsum1.freeze11.snv.filtered.bam	0.139476596739	0.130635923054	0.129536075408	0.130206036707	0.133546482772	0.0	0.04668004796	0.125162216782	0.117653384997	0.110117042256	0.114974460421	0.108393363533	0.149253271074	0.148547810261	0.110111049986	0.114200612462	0.107412353436	0.127030585856	0.125477231825	0.112216266504	0.122415268659	0.124780280269	0.13693118039	0.139070610842	0.128420994709	0.133682212784	0.12701725121	0.120759856054	0.120108571302	0.146333932704	0.150593977093	0.108859981051	0.106611691412	0.142978185668	0.117874904407	0.110482793354	0.11480310036	0.12392744964	0.104921436071	0.106114219926	0.116819080083	0.112992669609	0.125564641212	0.139168237077	0.125403479522	0.115687830031	0.112255062205	0.118599704795	0.125687289931	0.119655061459	0.132218525462	0.118056382154	0.123924727434	0.139689165577	0.118023303632	0.135581854558	0.133121163805	0.116530845243	0.1107476057	0.115539490096	0.141587372558	0.136611576906	0.119517246461	0.123811994355	0.124948298538	0.114424212173	0.127537506909	0.120411976792	0.108759652883	0.110289952808	0.118020716206	0.137429014368	0.120904745105	0.136202785557	0.129226922267	0.125815413396	0.132829840637	0.113521663398	0.109840379476	0.114649910636	0.11017829092	0.118412488276	0.114968365357	0.117300076457	0.139260635781	0.123858369298	0.115201188794	0.114817677402	0.135839821217	0.123973730359	0.135232269492	0.109280354175	0.127789680273	0.133037845395	0.124353729921	0.134618026511	0.115328414642	0.123559070598	0.131351647987	0.118273349362	0.138270136358	0.140336085673
158499257-tonguedorsum2.freeze11.snv.filtered.bam	0.138711224967	0.128663758003	0.127469817483	0.127627918233	0.131018859871	0.04668004796	0.0	0.123492054102	0.117568878227	0.111657521732	0.115411553603	0.108086414239	0.147704821129	0.14698299758	0.109042781373	0.112595138454	0.106309465526	0.12675762856	0.125329302416	0.111727479465	0.122229200899	0.124525693702	0.135558543381	0.13816429367	0.126519889999	0.133082513858	0.12814808871	0.11845133808	0.117959689517	0.145857788791	0.150160021035	0.108021698482	0.106494331923	0.141567409098	0.115724950426	0.10881766743	0.115345458214	0.124077869265	0.107486740666	0.109049473487	0.115229271957	0.112494479282	0.125094240945	0.138347767351	0.125912980088	0.116925993576	0.112378358928	0.11651747861	0.126020058412	0.119948305757	0.130799674369	0.1179834643	0.123623651966	0.138695786996	0.119120149682	0.134533613902	0.132199469299	0.11629906196	0.109973989343	0.116744080333	0.139937142198	0.135648381964	0.11970839894	0.124068507871	0.124198762149	0.11440971661	0.126738138239	0.117754489992	0.108099523512	0.109076714549	0.115288622741	0.136746675717	0.119424224677	0.13484158888	0.127439139327	0.124597656909	0.131083485151	0.111710829751	0.109224676099	0.114058750182	0.109103825814	0.117016622445	0.112249841082	0.115158116091	0.137645196864	0.121840297688	0.113831124065	0.113386689569	0.134673163537	0.123091703161	0.133743270557	0.109152784799	0.126596594902	0.131030779667	0.122136278826	0.13276943313	0.114423068846	0.122818021646	0.130540471881	0.115776613616	0.136476232983	0.138654000748
158944319-tonguedorsum1.freeze11.snv.filtered.bam	0.148810878971	0.13864277881	0.137598330834	0.136608238112	0.139489691822	0.125162216782	0.123492054102	0.0	0.0756651536278	0.108967945961	0.12471105837	0.120722255176	0.156343168452	0.155473567596	0.121181417656	0.122823335086	0.118678719866	0.135442073371	0.133718904263	0.121423442368	0.12989162588	0.131993759399	0.146053643316	0.147980444215	0.136906807781	0.134010437397	0.137195867345	0.128153999572	0.127201348702	0.149589921417	0.153486201665	0.121334056792	0.118572453659	0.151926459224	0.125457212434	0.119700763419	0.125518271999	0.132923025607	0.121470006345	0.123137617313	0.128111323986	0.124683562234	0.134072193598	0.148189833749	0.132874824997	0.129313100892	0.124912268306	0.128033676137	0.129983516726	0.124864786978	0.140232686341	0.128750287472	0.133254208917	0.146911774943	0.122481942918	0.14389474296	0.143179010511	0.118813345325	0.115453022016	0.125019431997	0.150403422551	0.144237765822	0.127253881081	0.127915492297	0.12153956223	0.118131697505	0.123146060586	0.127651559355	0.118742134451	0.121824538401	0.126967919735	0.146212358967	0.126826199704	0.145726624574	0.137758440234	0.13513980377	0.140841195153	0.121660517571	0.118390033899	0.121252582527	0.118211769066	0.125557897716	0.121795900801	0.125135867589	0.140731369795	0.131794328735	0.124257991483	0.123179610456	0.142712077817	0.133425201137	0.143771049471	0.118891183931	0.131086706155	0.139766561444	0.13096215359	0.1425805616	0.124750127293	0.130167328599	0.140353292647	0.124649642364	0.146509594365	0.148316101825
158944319-tonguedorsum2.freeze11.snv.filtered.bam	0.146263871562	0.136710981528	0.135132762771	0.135096909428	0.138793092512	0.117653384997	0.117568878227	0.0756651536278	0.0	0.0751064688033	0.116623712374	0.11255912072	0.153643890773	0.152733563653	0.112906151114	0.117462770167	0.111256755558	0.126792206519	0.12508073468	0.112422814295	0.124086600928	0.126118000625	0.140257041185	0.142541743493	0.133209686143	0.131141251393	0.134934369268	0.12470156234	0.123483515059	0.145163054689	0.149423212076	0.113360988322	0.110088358194	0.148484421407	0.119563210677	0.11056850639	0.116533167313	0.126426876114	0.112476083988	0.114034033154	0.121327501975	0.116166595024	0.12764493702	0.145219730043	0.130591101702	0.124691140315	0.118875301905	0.123992709056	0.123099968479	0.116501835239	0.135810097103	0.122845808999	0.128759976133	0.144378968939	0.11477572029	0.140037462462	0.138437378176	0.112778519682	0.10902390207	0.118685397084	0.14733527807	0.141322014978	0.118681469914	0.120836455485	0.121326681899	0.111455181777	0.124141587205	0.119233946467	0.11167169851	0.114565603069	0.122077914114	0.141965261849	0.124826954923	0.142642663939	0.133342517468	0.128850402385	0.137349910366	0.115042839643	0.110124025254	0.114347627106	0.110448305126	0.120851978187	0.117240062102	0.118731960872	0.125132414161	0.128800071055	0.119052194404	0.118193071361	0.139888771587	0.128305313523	0.140457475813	0.11086970727	0.129596836106	0.136996468186	0.127058336522	0.139113085888	0.119124217236	0.125075227812	0.134605026044	0.120595735098	0.142802877826	0.145241264397
158944319-tonguedorsum3.freeze11.snv.filtered.bam	0.142153416245	0.133383103233	0.131602032729	0.133084033824	0.136673435586	0.110117042256	0.111657521732	0.108967945961	0.0751064688033	0.0	0.110791621674	0.10501714148	0.151380163876	0.150367450174	0.105947094014	0.112612746755	0.104811595449	0.121886560772	0.119789275784	0.106225240143	0.120015913135	0.122623106277	0.136265571897	0.139082068633	0.130062820429	0.129719833171	0.130105688986	0.121390977702	0.119892046471	0.14294995816	0.147550212949	0.106891051744	0.102245097001	0.144683134872	0.114896637178	0.103357731953	0.111606122209	0.123343335794	0.104362512654	0.105693770512	0.116133866465	0.109040516987	0.123528802352	0.142550222845	0.127575718885	0.117168237981	0.111153173409	0.119008469956	0.1190740442	0.11049166887	0.132306920956	0.116834068117	0.12328990187	0.141866418512	0.108364072007	0.137607556974	0.13440003006	0.108729729849	0.102548681597	0.113374089013	0.143944710502	0.13864166061	0.113536509233	0.117910068924	0.120111190213	0.10737578227	0.122982984329	0.115529346189	0.105344809281	0.107236951971	0.116175635586	0.139230894244	0.122406391449	0.139997191484	0.130160929135	0.124242318385	0.134404064365	0.109569251649	0.104019406052	0.109614301441	0.104924678071	0.116879493432	0.112395725569	0.11382281591	0.129775185741	0.125642785534	0.113831916947	0.113096812399	0.138078958844	0.124754732455	0.137655623124	0.105051397968	0.12834565608	0.134922002955	0.124497298863	0.135666135622	0.113282007908	0.120203633928	0.1311954129	0.116881636001	0.140129552542	0.142390980809
159227541-tonguedorsum2.freeze11.snv.filtered.bam	0.142415590991	0.133088152056	0.131371203513	0.132630996134	0.136451385434	0.114974460421	0.115411553603	0.12471105837	0.116623712374	0.110791621674	0.0	0.104312960539	0.151943360967	0.150878354241	0.10628251688	0.108337241138	0.103441276463	0.114097794788	0.11267977726	0.106889389791	0.112306975664	0.114671841831	0.136842297477	0.139580199908	0.130410047517	0.133023795068	0.1343603339	0.121840918406	0.12020279262	0.13615268294	0.140061606296	0.108493444005	0.104733806646	0.145601801563	0.113806544605	0.102393238825	0.117160865551	0.129676097484	0.108279168866	0.110165003744	0.101818150446	0.0887145972185	0.0903891659744	0.143128883038	0.13179674867	0.122371876289	0.114055198223	0.119866257734	0.0872132530816	0.0812022100376	0.133128580117	0.117029535732	0.12287096387	0.143031979811	0.106391428717	0.139423108164	0.135789021241	0.112087911567	0.105433509064	0.118108133189	0.14400630203	0.139392077705	0.0894829183221	0.12128431015	0.122575117348	0.110437240113	0.126045879354	0.0900591470165	0.106131229948	0.108613307738	0.116361139395	0.139624921484	0.126118103409	0.141246029333	0.130206658156	0.124353559039	0.135053452927	0.109953366009	0.104719633275	0.110641496597	0.104918011148	0.117392388979	0.114338097373	0.11801071068	0.142010840786	0.126396657991	0.113222368813	0.113429920743	0.139667094882	0.124409768556	0.137929826495	0.0826296879968	0.131392375555	0.135248453041	0.125227797895	0.136667402758	0.115684240758	0.123559399946	0.131232046534	0.116318361146	0.140419238393	0.142946732168
159268001-buccalmucosa3.freeze11.snv.filtered.bam	0.139141719769	0.124283824637	0.121968881799	0.123856745577	0.12786250607	0.108393363533	0.108086414239	0.120722255176	0.11255912072	0.10501714148	0.104312960539	0.0	0.146981554729	0.145059373302	0.05752708338	0.063444591535	0.0429523457081	0.117905362206	0.116241852888	0.0979467919293	0.115502311459	0.118469035675	0.133504859427	0.136636482902	0.125585207757	0.130225178339	0.128084740795	0.111399219709	0.109793952118	0.143773942364	0.148999547873	0.098125948531	0.0951051758545	0.142009688553	0.104020643885	0.0953828135074	0.108328940086	0.12285599745	0.0982723926375	0.0993699045587	0.108911586485	0.100102162488	0.119295752268	0.140460899746	0.129869855975	0.114575791724	0.104860185661	0.110630146033	0.11929207338	0.111344777686	0.129447239512	0.111372105518	0.118505747358	0.140119506598	0.111299474776	0.136612915815	0.131692007826	0.107593949301	0.0993558596275	0.113206062131	0.141401720148	0.137074890093	0.110368607671	0.115938542705	0.120787254815	0.105598105277	0.124324672313	0.110038134708	0.0951996291347	0.0984970913938	0.105848698651	0.138948174641	0.120524644131	0.135638508579	0.124951934799	0.11940681533	0.130586764702	0.098361925451	0.0940592524675	0.101921148102	0.0960625309398	0.109510939505	0.108512626002	0.108908225659	0.139073905822	0.118972070038	0.103531990048	0.103337908657	0.136753086942	0.122018790135	0.134699165909	0.0979968675275	0.127827803216	0.127912023472	0.118436867164	0.133910770183	0.10587783175	0.116102581877	0.12831083944	0.108528676683	0.137842039857	0.140440874565
159268001-supragingivalplaque1.freeze11.snv.filtered.bam	0.126800867051	0.160953281511	0.161342063473	0.160666064655	0.162345873279	0.149253271074	0.147704821129	0.156343168452	0.153643890773	0.151380163876	0.151943360967	0.146981554729	0.0	0.00352438440808	0.148048621807	0.138092194697	0.144088796606	0.161757489115	0.160676273766	0.153223968424	0.155041353337	0.157578346996	0.130367198665	0.133599537111	0.134572881568	0.163520769381	0.157060010201	0.153962139038	0.154779292663	0.173706599725	0.175560703667	0.147284237474	0.146560864344	0.135470953873	0.154522926798	0.149520499237	0.150905915903	0.154708476881	0.149149876967	0.152576735845	0.151675998579	0.151962851106	0.158055042532	0.129022090857	0.149437661057	0.152800275329	0.151592731035	0.154105217327	0.158212055679	0.153864562544	0.130349424791	0.145794914622	0.147870057495	0.132914139533	0.155762423653	0.125253021033	0.127486172602	0.152539453095	0.146967572414	0.147472885374	0.127433175144	0.126043175241	0.155500983391	0.159527007724	0.154356908264	0.14946525878	0.155145637527	0.157012366254	0.147453411184	0.149134358501	0.153241070249	0.119644158217	0.148919471835	0.137867990819	0.136341335538	0.130778958126	0.135193029219	0.14880644976	0.147727533195	0.153076152715	0.148945897895	0.15126383377	0.147363809426	0.147930776752	0.164379096717	0.153401968318	0.151698827301	0.150558058019	0.128212060792	0.124309377485	0.111331262438	0.147257875705	0.152384139363	0.160959523297	0.152900114855	0.126210030367	0.152489541216	0.157119733017	0.127829864837	0.150659394759	0.129149301033	0.129533355677
159268001-supragingivalplaque2.freeze11.snv.filtered.bam	0.126973077107	0.160166939221	0.160478109369	0.159791163422	0.161593036897	0.148547810261	0.14698299758	0.155473567596	0.152733563653	0.150367450174	0.150878354241	0.145059373302	0.00352438440808	0.0	0.146197356494	0.136037722376	0.142198409552	0.160735702976	0.159630156353	0.152054809004	0.154016380132	0.156591986187	0.13015937092	0.1334180645	0.134025202792	0.162809659566	0.156731797434	0.153086471206	0.153785963216	0.172780059423	0.174822499884	0.146405331112	0.14543960496	0.135201469496	0.153286760919	0.148188802133	0.150076830743	0.154131192063	0.148154416162	0.151481753522	0.150715375716	0.150858021926	0.157163794355	0.129471700439	0.14948896461	0.152001300072	0.150691955116	0.153262991109	0.157290968319	0.152846115501	0.129975945224	0.14489132179	0.147090165638	0.132952777176	0.154498818774	0.125606258338	0.127346101477	0.151512429499	0.145853799422	0.146741876662	0.127883599995	0.12606544642	0.15433515076	0.158512879431	0.153548822013	0.148555458524	0.154291229651	0.155899363828	0.146311965752	0.147953685147	0.152037885038	0.119938862795	0.148442915992	0.137645882104	0.135774136547	0.130082533433	0.134872150593	0.147658233896	0.146517801479	0.151911851642	0.147756784504	0.150635647689	0.146485789432	0.147211409039	0.164223651564	0.152541980166	0.150775831401	0.149558115102	0.128064437385	0.124075037818	0.111771715719	0.146078148442	0.152006707727	0.160309892285	0.152274401064	0.126486011532	0.151282156708	0.156112182109	0.127763690279	0.149934723821	0.129271580896	0.129928590262
159268001-tonguedorsum1.freeze11.snv.filtered.bam	0.139588525179	0.124087252909	0.121957215111	0.124103782827	0.128129996637	0.110111049986	0.109042781373	0.121181417656	0.112906151114	0.105947094014	0.10628251688	0.05752708338	0.148048621807	0.146197356494	0.0	0.0788249863038	0.0613461925829	0.119928846624	0.118531080557	0.0999765075501	0.117266805626	0.119976275496	0.134533724337	0.137167361113	0.126425157251	0.130279152413	0.128304541757	0.112121101656	0.110784751663	0.144176681402	0.149569832476	0.0998693589186	0.0970306219088	0.142461774501	0.105038031025	0.0973760591885	0.109829521931	0.123277333816	0.0997525678967	0.101267282712	0.109914898254	0.101313398617	0.12034625218	0.140350962874	0.129076192255	0.115667710628	0.105683846808	0.110376382972	0.119981789863	0.112670150182	0.130416859006	0.112691079642	0.119450422048	0.140639426012	0.112756436836	0.138019891515	0.132548974616	0.108658460843	0.101163214638	0.114100380599	0.141890725219	0.13747448885	0.111462277064	0.117037397357	0.121093654677	0.106565970019	0.124626323837	0.112064294568	0.097118053378	0.100326134803	0.107338487096	0.139327063571	0.119964542361	0.136117837162	0.123496166654	0.120106550125	0.130212062848	0.0797351449732	0.0805576973665	0.103362224625	0.0974658814984	0.110312614576	0.109560135733	0.109695683524	0.138480082264	0.119274191442	0.104862071721	0.104518070668	0.13721430926	0.123379140823	0.135230900696	0.100340019419	0.12782321477	0.128419826264	0.119017919252	0.134630107789	0.106452251758	0.116532381464	0.129212709809	0.109687411264	0.138111685431	0.140683647019
159268001-tonguedorsum2.freeze11.snv.filtered.bam	0.138298680079	0.125411842039	0.123937471318	0.125540476142	0.12872107087	0.114200612462	0.112595138454	0.122823335086	0.117462770167	0.112612746755	0.108337241138	0.063444591535	0.138092194697	0.136037722376	0.0788249863038	0.0	0.0741526144006	0.124743597053	0.123048738983	0.105496794643	0.119955019134	0.122167286012	0.134111758719	0.136574779466	0.126085933603	0.13269553534	0.129109136544	0.114656220616	0.114094350078	0.147180470288	0.151998255384	0.104782239182	0.103243968577	0.141675826151	0.109939682965	0.104896312554	0.113179171464	0.124994195877	0.105213442756	0.106960486797	0.113878708072	0.109593084289	0.124458850682	0.13851981354	0.130297210751	0.118633782442	0.110026488896	0.113225564316	0.124796813067	0.11886725887	0.129498067558	0.115626948656	0.121651672885	0.138277199517	0.119205421498	0.13472532505	0.13161943277	0.114169380408	0.106822667797	0.115848857247	0.139389638721	0.136616290509	0.118380532191	0.119992423326	0.123700046293	0.112176532292	0.127043756578	0.108891831022	0.101400289868	0.105212169143	0.110042464022	0.136535665382	0.12116826916	0.135198808011	0.126334633456	0.121907534498	0.130641381807	0.106048877157	0.103561851307	0.108554762416	0.103525516943	0.112134381445	0.11190647669	0.11174597008	0.13851887939	0.120580362593	0.108347426908	0.108693172515	0.134266898119	0.122378069349	0.13265215011	0.100367442855	0.127749563351	0.127681443061	0.11892541792	0.131938473164	0.112190678473	0.120772547184	0.128887922009	0.110687583948	0.136754149737	0.138946861751
159268001-tonguedorsum3.freeze11.snv.filtered.bam	0.135440583297	0.121149115808	0.119315540178	0.120738453549	0.124511961243	0.107412353436	0.106309465526	0.118678719866	0.111256755558	0.104811595449	0.103441276463	0.0429523457081	0.144088796606	0.142198409552	0.0613461925829	0.0741526144006	0.0	0.116962600079	0.115444974376	0.0986845758163	0.113886320714	0.116534785988	0.130880013025	0.133895019603	0.122655419784	0.127450722658	0.124568938252	0.108980726852	0.107758280305	0.140642237836	0.145605391043	0.097208846282	0.0945834518848	0.138776424573	0.103033991061	0.0956393031568	0.106046088466	0.119261805955	0.0980361228468	0.0995901855513	0.107754432232	0.100755573309	0.117716450103	0.135962537096	0.125862749352	0.112901606189	0.103727453617	0.108442805228	0.11738973086	0.11006365564	0.126190842783	0.108969476888	0.115574907062	0.136329896005	0.11100295661	0.132328495664	0.128780579896	0.106809211457	0.098593470531	0.11081486807	0.137460036903	0.133710310702	0.109368337643	0.114758504632	0.117709923711	0.104131455768	0.121000200913	0.108543172004	0.0940502102723	0.0973444219056	0.104214077491	0.134183121191	0.116465544752	0.131812058025	0.120535876211	0.117030291609	0.126059238587	0.0958502335848	0.0927852474068	0.101357775479	0.0951790871481	0.106878314653	0.106425002477	0.106653410755	0.13547268756	0.115322450323	0.101829913608	0.101290645828	0.132316154931	0.11837009175	0.13077286612	0.0973662257557	0.124189425634	0.124245119379	0.114956233999	0.129863083138	0.103508636678	0.113179395708	0.125588634735	0.106276319467	0.134128004215	0.136486325393
159369152-tonguedorsum1.freeze11.snv.filtered.bam	0.152071164768	0.14121302309	0.139502866426	0.14178418464	0.145058360566	0.127030585856	0.12675762856	0.135442073371	0.126792206519	0.121886560772	0.114097794788	0.117905362206	0.161757489115	0.160735702976	0.119928846624	0.124743597053	0.116962600079	0.0	0.0260754519498	0.120897933032	0.10848058067	0.109596427125	0.148486108135	0.150920705211	0.140972128401	0.143890287124	0.141783845416	0.132265845848	0.131038403106	0.108162036092	0.108217324775	0.11413782331	0.107600176042	0.156114323788	0.124559928532	0.111249675843	0.112534075435	0.139025171176	0.116760957093	0.118855843769	0.123353211574	0.116621855352	0.125242376722	0.152399222456	0.139084562103	0.134361730944	0.126838365744	0.131731668171	0.124014558312	0.118306657716	0.143053468037	0.126763918989	0.131866330795	0.151106564621	0.119811395649	0.149322134183	0.146440247632	0.123227693503	0.118126234711	0.12995709873	0.153503792609	0.148887998524	0.109685723087	0.108447169195	0.133619244086	0.122294755358	0.13681507174	0.132162768463	0.118572754035	0.121131990242	0.12731884261	0.15086858067	0.136226324201	0.149226330754	0.140844798116	0.136300775005	0.144561279272	0.122691212884	0.118020209823	0.0964163606941	0.102499558047	0.12718972521	0.125390902661	0.127448158352	0.150748335976	0.134888603121	0.118722985858	0.123742440982	0.148818936071	0.13585690365	0.148115289904	0.119533850595	0.139915128357	0.143092054558	0.134292851329	0.147191319679	0.125250040927	0.132500967619	0.142992445134	0.127534805373	0.15094717729	0.153074154632
159369152-tonguedorsum2.freeze11.snv.filtered.bam	0.151085802336	0.13997976746	0.138259952798	0.140708903885	0.143997337087	0.125477231825	0.125329302416	0.133718904263	0.12508073468	0.119789275784	0.11267977726	0.116241852888	0.160676273766	0.159630156353	0.118531080557	0.123048738983	0.115444974376	0.0260754519498	0.0	0.119340791451	0.102202938904	0.103164009931	0.147076051017	0.149861229749	0.13958343426	0.1425805926	0.140555286698	0.130852004174	0.129495221364	0.120746509601	0.121614889015	0.112462172494	0.105663678874	0.154967454434	0.123091960606	0.110219544701	0.110432646008	0.137702005798	0.115139254213	0.117336710785	0.121388121917	0.11453867873	0.123534485158	0.151517848466	0.138217509688	0.133109831652	0.125533341945	0.130407380673	0.122066019416	0.116104989003	0.142035525574	0.125664881791	0.130953954882	0.149934791936	0.117734094843	0.148313953634	0.145077198435	0.121950316364	0.116560184692	0.128785961756	0.152310750993	0.147991698322	0.107369977059	0.106122900383	0.13233199548	0.120748700331	0.135550674517	0.130507040581	0.116885959905	0.120252279302	0.12673896596	0.150020073259	0.135297342207	0.1483600641	0.139693015068	0.134959453409	0.143505863873	0.12113170817	0.116273702038	0.0928158038002	0.099977465753	0.125522644599	0.123757832865	0.126034769133	0.150113002068	0.133808206766	0.116639542482	0.122095280019	0.147792863761	0.134578973663	0.147164436899	0.117806206289	0.139004952287	0.141905972401	0.132930877472	0.146201852394	0.123989554838	0.131409010316	0.141745582113	0.126923868525	0.149764099311	0.151894079225
159490532-tonguedorsum1.freeze11.snv.filtered.bam	0.143343723231	0.129047332104	0.126778933393	0.127024137433	0.13120175076	0.112216266504	0.111727479465	0.121423442368	0.112422814295	0.106225240143	0.106889389791	0.0979467919293	0.153223968424	0.152054809004	0.0999765075501	0.105496794643	0.0986845758163	0.120897933032	0.119340791451	0.0	0.117891957764	0.120700204893	0.137475269233	0.14016580953	0.126696666904	0.104814876339	0.13287914662	0.114783288374	0.11264567587	0.145679375106	0.150864917278	0.10102187695	0.0971615676832	0.146194303047	0.108669415531	0.0983951384932	0.113957028631	0.128235229468	0.101113219148	0.102424573677	0.112530904224	0.103738382479	0.121352541437	0.144052465301	0.131603458651	0.116940263018	0.104818652395	0.110742957923	0.107345068749	0.101111604386	0.13357614552	0.115900130024	0.123318587958	0.143391450845	0.109484879011	0.140668589629	0.135304671024	0.0953701840219	0.0887096299157	0.114063411265	0.146077226191	0.141081571371	0.106431423623	0.0905775980635	0.119548083388	0.101349478849	0.123089309898	0.11463032615	0.0933159166925	0.0960803751261	0.107056936291	0.142300161708	0.123102012632	0.14071916652	0.129567844226	0.123573741066	0.13494716262	0.104502477	0.0981329667119	0.10400345539	0.099193583385	0.112618259911	0.111393488452	0.112706906261	0.140711558403	0.122830473	0.10676601932	0.106893170793	0.139777246746	0.125532568952	0.138844363105	0.0973508698351	0.129999175431	0.131428962837	0.121635141067	0.1369736572	0.108369603843	0.107821677174	0.131906050363	0.105593519101	0.141626453725	0.14449753761
159510762-supragingivalplaque3.freeze11.snv.filtered.bam	0.144463862836	0.119410500986	0.119145645524	0.134435646944	0.137724233441	0.122415268659	0.122229200899	0.12989162588	0.124086600928	0.120015913135	0.112306975664	0.115502311459	0.155041353337	0.154016380132	0.117266805626	0.119955019134	0.113886320714	0.10848058067	0.102202938904	0.117891957764	0.0	0.0227953816966	0.141382173071	0.144110383082	0.133760432039	0.139277500298	0.136278459829	0.125579840521	0.124456037038	0.128799121943	0.131475991133	0.113348956604	0.11198631028	0.149525395494	0.119075056768	0.112320135866	0.123483417997	0.133714247879	0.116404477171	0.11867533304	0.119369669227	0.112330640491	0.118505050814	0.145565072121	0.135246934694	0.128723348701	0.122514665727	0.127171324977	0.117742310452	0.112035727951	0.136291363705	0.123581776158	0.127700910651	0.144980315466	0.11628518047	0.141634249136	0.139147169988	0.11909800224	0.113200805606	0.123909967734	0.147603467039	0.142583358336	0.113615293245	0.127967080044	0.12978606169	0.119510745875	0.132576124145	0.128391244659	0.104735763674	0.113218886633	0.121247706499	0.142721328039	0.131437945045	0.14159758254	0.133741519751	0.129700081749	0.137475952858	0.118841630947	0.11483248666	0.118830999808	0.114301997709	0.109436032134	0.120598611534	0.124566386955	0.148047789172	0.127451124071	0.119038207046	0.11890754006	0.141695585053	0.128393519731	0.141040049755	0.114432962647	0.135204068505	0.121489450966	0.11279738441	0.139459342658	0.122046183035	0.129516562315	0.136032550688	0.12417748175	0.144134748103	0.146466168707
159510762-tonguedorsum2.freeze11.snv.filtered.bam	0.14725319	0.119564350089	0.119609459571	0.13570782515	0.138576561387	0.124780280269	0.124525693702	0.131993759399	0.126118000625	0.122623106277	0.114671841831	0.118469035675	0.157578346996	0.156591986187	0.119976275496	0.122167286012	0.116534785988	0.109596427125	0.103164009931	0.120700204893	0.0227953816966	0.0	0.144830063316	0.147441905641	0.137130618024	0.141157635526	0.13731068537	0.127568324951	0.126505924782	0.129471352305	0.13189896807	0.115620007899	0.114941005554	0.152429177956	0.121288014894	0.115693733341	0.126042945788	0.135462176017	0.118963162802	0.12132384776	0.121867732377	0.115453686501	0.12060041073	0.148332489414	0.136664931564	0.130648148953	0.124711351734	0.129119121046	0.119828819582	0.114987465984	0.139533811365	0.126002840712	0.130234205551	0.147342492213	0.119272726674	0.144224322114	0.142941889247	0.12148051538	0.116297402903	0.126253843467	0.150448625255	0.145336233383	0.115693748819	0.129948920303	0.132127572008	0.121840752236	0.134868758616	0.130423622274	0.106901442734	0.115878234218	0.12380239514	0.145086739717	0.133316796853	0.145257067537	0.137154620862	0.13386816081	0.140939566231	0.121574377753	0.117810822819	0.121418477546	0.116893187703	0.110533843875	0.122890203375	0.126094540224	0.148786505808	0.128920237904	0.120931933072	0.121176766157	0.144137729702	0.131787014706	0.143436350394	0.116929105932	0.13702881085	0.121671779332	0.113486886662	0.142143075292	0.125148062558	0.132153906872	0.139190805194	0.126006132788	0.146623228371	0.148756505595
