	TARA_009_SRF_0.22-1.6_G.snv.bam	TARA_018_DCM_0.22-1.6_G.snv.bam	TARA_018_SRF_0.22-1.6_G.snv.bam	TARA_023_DCM_0.22-1.6_G.snv.bam	TARA_025_DCM_0.22-1.6_G.snv.bam	TARA_025_SRF_0.22-1.6_G.snv.bam	TARA_030_DCM_0.22-1.6_G.snv.bam
TARA_009_SRF_0.22-1.6_G.snv.bam	0.0	0.0386078818129	0.0386587668657	0.0429523759461	0.0379649571593	0.0424177116406	0.0381011988986
TARA_018_DCM_0.22-1.6_G.snv.bam	0.0386078818129	0.0	0.0217936050756	0.0339686808646	0.0268200654875	0.0310701663951	0.0274313827886
TARA_018_SRF_0.22-1.6_G.snv.bam	0.0386587668657	0.0217936050756	0.0	0.0345437954888	0.0240591455368	0.0320262113341	0.0217634131005
TARA_023_DCM_0.22-1.6_G.snv.bam	0.0429523759461	0.0339686808646	0.0345437954888	0.0	0.0241453604422	0.0250234272291	0.0346355350105
TARA_025_DCM_0.22-1.6_G.snv.bam	0.0379649571593	0.0268200654875	0.0240591455368	0.0241453604422	0.0	0.0190072797247	0.0247288641822
TARA_025_SRF_0.22-1.6_G.snv.bam	0.0424177116406	0.0310701663951	0.0320262113341	0.0250234272291	0.0190072797247	0.0	0.0300460862463
TARA_030_DCM_0.22-1.6_G.snv.bam	0.0381011988986	0.0274313827886	0.0217634131005	0.0346355350105	0.0247288641822	0.0300460862463	0.0
