	TARA_004_DCM_0.22-1.6_G.snv.bam	TARA_007_DCM_0.22-1.6_G.snv.bam	TARA_009_DCM_0.22-1.6_G.snv.bam	TARA_018_DCM_0.22-1.6_G.snv.bam	TARA_018_SRF_0.22-1.6_G.snv.bam	TARA_023_SRF_0.22-1.6_G.snv.bam	TARA_030_DCM_0.22-1.6_G.snv.bam	TARA_066_DCM_0.22-3_G.snv.bam	TARA_066_SRF_0.22-3_G.snv.bam	TARA_094_SRF_0.22-3_G.snv.bam	TARA_100_DCM_0.22-3_G.snv.bam	TARA_102_DCM_0.22-3_G.snv.bam	TARA_110_DCM_0.22-3_G.snv.bam	TARA_110_SRF_0.22-3_G.snv.bam	TARA_111_DCM_0.22-3_G.snv.bam	TARA_111_SRF_0.22-3_G.snv.bam	TARA_132_DCM_0.22-3_G.snv.bam	TARA_133_DCM_0.22-3_G.snv.bam	TARA_133_SRF_0.22-3_G.snv.bam	TARA_138_DCM_0.22-3_G.snv.bam	TARA_145_SRF_0.22-3_G.snv.bam	TARA_149_SRF_0.22-3_G.snv.bam	TARA_150_DCM_0.22-3_G.snv.bam	TARA_150_SRF_0.22-3_G.snv.bam	TARA_151_DCM_0.22-3_G.snv.bam	TARA_151_SRF_0.22-3_G.snv.bam	TARA_152_MIX_0.22-3_G.snv.bam	TARA_152_SRF_0.22-3_G.snv.bam
TARA_004_DCM_0.22-1.6_G.snv.bam	0.0	0.0361493968117	0.0316123735806	0.0604351490179	0.0596061811558	0.0573688877945	0.054902378631	0.0419380241777	0.0400140087415	0.0739904853023	0.0474067957279	0.0458470239548	0.0492556974	0.0557794063813	0.0644081819033	0.0779266566397	0.0400225829168	0.0474265574235	0.0540527693225	0.0417458029316	0.0360413017341	0.0487752416385	0.0393027427961	0.041012580713	0.0338444145226	0.0352436606179	0.0341214842157	0.0356850141639
TARA_007_DCM_0.22-1.6_G.snv.bam	0.0361493968117	0.0	0.0314392356591	0.0675615062381	0.0674065417277	0.0616975178386	0.0604905093166	0.0418712665211	0.0381962553748	0.0777475590304	0.050013631845	0.0441130853588	0.0471583256752	0.0544196249548	0.0650583996117	0.0794934401192	0.0431954179742	0.0485176886229	0.0560802216802	0.045065605634	0.0361688349005	0.0493574773054	0.0416823140598	0.0404529326254	0.0327094951503	0.0325685117903	0.0380208969327	0.0375144928848
TARA_009_DCM_0.22-1.6_G.snv.bam	0.0316123735806	0.0314392356591	0.0	0.060820457602	0.0602117111846	0.0576263619085	0.0549039866681	0.0377922878123	0.0357660345962	0.074846735764	0.0458773493676	0.0412037002057	0.0461706628862	0.0534872035511	0.062710386525	0.0792759467878	0.0360633184076	0.0455958138979	0.054496120108	0.0395676954333	0.0345555218495	0.0476002843178	0.0390457794782	0.0383433517206	0.0268124093941	0.0269398921426	0.0304328684979	0.0325296546986
TARA_018_DCM_0.22-1.6_G.snv.bam	0.0604351490179	0.0675615062381	0.060820457602	0.0	0.0295100144051	0.0517637644128	0.0439480819586	0.0658306567202	0.0656936938771	0.0853564458836	0.070041065882	0.0695489200071	0.0755273497917	0.0787341521829	0.0833737073118	0.100320818316	0.0663325925835	0.0699643848776	0.0691370242122	0.0661398739983	0.0665681460723	0.0718697556402	0.0640549308828	0.0673133044375	0.0640623836671	0.0634538064585	0.0603502679322	0.063148183218
TARA_018_SRF_0.22-1.6_G.snv.bam	0.0596061811558	0.0674065417277	0.0602117111846	0.0295100144051	0.0	0.0521169064708	0.0462876265326	0.0652443288582	0.0645403966159	0.0816082280136	0.0682042612865	0.0686775534095	0.0725363284758	0.0764421755152	0.0799428726797	0.0983894021735	0.0647059626103	0.0688762143699	0.0690914777822	0.0638852717228	0.0661679186198	0.0701115533959	0.0633124631704	0.0671049508833	0.0640364335359	0.0637729777316	0.0598299319703	0.0618963157569
TARA_023_SRF_0.22-1.6_G.snv.bam	0.0573688877945	0.0616975178386	0.0576263619085	0.0517637644128	0.0521169064708	0.0	0.0461955399528	0.0627568249423	0.0625228912604	0.0767072011569	0.0647318934321	0.0626026148419	0.0695636833721	0.0711363791072	0.0757542444769	0.0931712130244	0.0619761268652	0.0649059279584	0.0636761457255	0.061075487879	0.0604164531317	0.069636357292	0.0620040626678	0.0637417991845	0.063074437125	0.0634183965548	0.058374087351	0.0600375940803
TARA_030_DCM_0.22-1.6_G.snv.bam	0.054902378631	0.0604905093166	0.0549039866681	0.0439480819586	0.0462876265326	0.0461955399528	0.0	0.0594399827323	0.0577130842108	0.0793930529371	0.0597888506447	0.0620577136375	0.0662913048461	0.0700987796017	0.0732576034639	0.089878434134	0.0584337461239	0.0603482677094	0.0655328871406	0.059891291158	0.0595605874133	0.0646236874943	0.0585245561659	0.0607647126352	0.0589208185044	0.0582556798701	0.056219427018	0.0578936363915
TARA_066_DCM_0.22-3_G.snv.bam	0.0419380241777	0.0418712665211	0.0377922878123	0.0658306567202	0.0652443288582	0.0627568249423	0.0594399827323	0.0	0.0315396201664	0.0792242190563	0.0525338193922	0.0478705379469	0.0489815077823	0.055874167423	0.0647430175687	0.0826563403198	0.0452253851644	0.0513512669192	0.0586636575131	0.045240365358	0.0385174968674	0.04577256299	0.0404980529356	0.0387253437565	0.0358615229731	0.0361053917135	0.0415815099287	0.0433385036641
TARA_066_SRF_0.22-3_G.snv.bam	0.0400140087415	0.0381962553748	0.0357660345962	0.0656936938771	0.0645403966159	0.0625228912604	0.0577130842108	0.0315396201664	0.0	0.0778953419352	0.0509135590236	0.0465626274178	0.0460342065165	0.053007041522	0.0629447353026	0.0819576987567	0.0437636018578	0.0491589107145	0.0565021646635	0.045351505063	0.0363667189061	0.0414645136289	0.0366229815043	0.0349972870098	0.0329315185215	0.0327401751011	0.0390871159706	0.039247336575
TARA_094_SRF_0.22-3_G.snv.bam	0.0739904853023	0.0777475590304	0.074846735764	0.0853564458836	0.0816082280136	0.0767072011569	0.0793930529371	0.0792242190563	0.0778953419352	0.0	0.0668721093003	0.0734404924051	0.0680999120063	0.0697924953393	0.066579514798	0.0619319208591	0.0776843460249	0.0737352220471	0.0799625158163	0.0741000360764	0.0768914485322	0.0882753419885	0.0805721357855	0.0817425689208	0.0783738338923	0.0783576930547	0.0740725182061	0.0756599484442
TARA_100_DCM_0.22-3_G.snv.bam	0.0474067957279	0.050013631845	0.0458773493676	0.070041065882	0.0682042612865	0.0647318934321	0.0597888506447	0.0525338193922	0.0509135590236	0.0668721093003	0.0	0.0475910226155	0.0439595980362	0.0478876287626	0.0420372246537	0.0653237946477	0.0477725104833	0.0503958245399	0.0609118590863	0.0475483315294	0.0466866125244	0.0614165596598	0.0529157642341	0.0547520138707	0.0490314577773	0.0484630712864	0.0456405161716	0.0462922860821
TARA_102_DCM_0.22-3_G.snv.bam	0.0458470239548	0.0441130853588	0.0412037002057	0.0695489200071	0.0686775534095	0.0626026148419	0.0620577136375	0.0478705379469	0.0465626274178	0.0734404924051	0.0475910226155	0.0	0.0526038303476	0.0549619190829	0.0652265663746	0.0774329877423	0.0431499509639	0.0415089415916	0.0540245907597	0.0447500069684	0.0434908760544	0.0587766145602	0.0505302453551	0.0516094715562	0.0455070551174	0.0461102649628	0.0409689900186	0.0410660749498
TARA_110_DCM_0.22-3_G.snv.bam	0.0492556974	0.0471583256752	0.0461706628862	0.0755273497917	0.0725363284758	0.0695636833721	0.0662913048461	0.0489815077823	0.0460342065165	0.0680999120063	0.0439595980362	0.0526038303476	0.0	0.0348849512493	0.053998679537	0.0718743957237	0.0477007883924	0.0513869294503	0.0625080349741	0.0480383790712	0.0469130806143	0.058631296304	0.0542191353962	0.0504357398684	0.0455330987774	0.0456148622181	0.04741092924	0.0488226529987
TARA_110_SRF_0.22-3_G.snv.bam	0.0557794063813	0.0544196249548	0.0534872035511	0.0787341521829	0.0764421755152	0.0711363791072	0.0700987796017	0.055874167423	0.053007041522	0.0697924953393	0.0478876287626	0.0549619190829	0.0348849512493	0.0	0.0586143534496	0.0742553943319	0.0536188975003	0.053039394055	0.0648774876943	0.05273651266	0.0538812151476	0.0657468594327	0.0595139717503	0.059587748858	0.0546935462683	0.053157076953	0.0542964407218	0.0544698432039
TARA_111_DCM_0.22-3_G.snv.bam	0.0644081819033	0.0650583996117	0.062710386525	0.0833737073118	0.0799428726797	0.0757542444769	0.0732576034639	0.0647430175687	0.0629447353026	0.066579514798	0.0420372246537	0.0652265663746	0.053998679537	0.0586143534496	0.0	0.0582983400036	0.0645137747844	0.0659077518307	0.0765197657944	0.0628513866502	0.0645521092104	0.0727003284639	0.0681734608155	0.0686783069117	0.0651398954982	0.0657309363568	0.0638348518303	0.0655869735819
TARA_111_SRF_0.22-3_G.snv.bam	0.0779266566397	0.0794934401192	0.0792759467878	0.100320818316	0.0983894021735	0.0931712130244	0.089878434134	0.0826563403198	0.0819576987567	0.0619319208591	0.0653237946477	0.0774329877423	0.0718743957237	0.0742553943319	0.0582983400036	0.0	0.0814591930635	0.0791393253536	0.0877995649881	0.0784536365412	0.0811715016763	0.0924482353265	0.084578152159	0.0860327479561	0.0811185610331	0.0815857597804	0.0776263080359	0.0781481008705
TARA_132_DCM_0.22-3_G.snv.bam	0.0400225829168	0.0431954179742	0.0360633184076	0.0663325925835	0.0647059626103	0.0619761268652	0.0584337461239	0.0452253851644	0.0437636018578	0.0776843460249	0.0477725104833	0.0431499509639	0.0477007883924	0.0536188975003	0.0645137747844	0.0814591930635	0.0	0.0444554467695	0.0565451689326	0.0382499601889	0.0411013346383	0.0548380237996	0.0477201395083	0.0454130276346	0.0367951285883	0.0380799746287	0.0376133183488	0.0369580746849
TARA_133_DCM_0.22-3_G.snv.bam	0.0474265574235	0.0485176886229	0.0455958138979	0.0699643848776	0.0688762143699	0.0649059279584	0.0603482677094	0.0513512669192	0.0491589107145	0.0737352220471	0.0503958245399	0.0415089415916	0.0513869294503	0.053039394055	0.0659077518307	0.0791393253536	0.0444554467695	0.0	0.0437166347794	0.047192243667	0.0455036837945	0.0614226445787	0.0531123044312	0.0543474323958	0.0475720232996	0.047483998352	0.0448221567612	0.0449396615382
TARA_133_SRF_0.22-3_G.snv.bam	0.0540527693225	0.0560802216802	0.054496120108	0.0691370242122	0.0690914777822	0.0636761457255	0.0655328871406	0.0586636575131	0.0565021646635	0.0799625158163	0.0609118590863	0.0540245907597	0.0625080349741	0.0648774876943	0.0765197657944	0.0877995649881	0.0565451689326	0.0437166347794	0.0	0.0528203628544	0.0550864937038	0.0667118750806	0.0592467013714	0.0605526254804	0.0558670757511	0.0556966802661	0.0537513977482	0.0534350472644
TARA_138_DCM_0.22-3_G.snv.bam	0.0417458029316	0.045065605634	0.0395676954333	0.0661398739983	0.0638852717228	0.061075487879	0.059891291158	0.045240365358	0.045351505063	0.0741000360764	0.0475483315294	0.0447500069684	0.0480383790712	0.05273651266	0.0628513866502	0.0784536365412	0.0382499601889	0.047192243667	0.0528203628544	0.0	0.0451902198926	0.0570323623495	0.0486442932473	0.0494643754868	0.0413800367427	0.0424783258991	0.0392186715546	0.0386821762992
TARA_145_SRF_0.22-3_G.snv.bam	0.0360413017341	0.0361688349005	0.0345555218495	0.0665681460723	0.0661679186198	0.0604164531317	0.0595605874133	0.0385174968674	0.0363667189061	0.0768914485322	0.0466866125244	0.0434908760544	0.0469130806143	0.0538812151476	0.0645521092104	0.0811715016763	0.0411013346383	0.0455036837945	0.0550864937038	0.0451902198926	0.0	0.0393541739151	0.0363142442173	0.0354089383034	0.0343730363427	0.0351409177465	0.0381937693524	0.039264071592
TARA_149_SRF_0.22-3_G.snv.bam	0.0487752416385	0.0493574773054	0.0476002843178	0.0718697556402	0.0701115533959	0.069636357292	0.0646236874943	0.04577256299	0.0414645136289	0.0882753419885	0.0614165596598	0.0587766145602	0.058631296304	0.0657468594327	0.0727003284639	0.0924482353265	0.0548380237996	0.0614226445787	0.0667118750806	0.0570323623495	0.0393541739151	0.0	0.0328002086692	0.0305141021153	0.0449686414763	0.0455210511095	0.0518283821773	0.0532738309868
TARA_150_DCM_0.22-3_G.snv.bam	0.0393027427961	0.0416823140598	0.0390457794782	0.0640549308828	0.0633124631704	0.0620040626678	0.0585245561659	0.0404980529356	0.0366229815043	0.0805721357855	0.0529157642341	0.0505302453551	0.0542191353962	0.0595139717503	0.0681734608155	0.084578152159	0.0477201395083	0.0531123044312	0.0592467013714	0.0486442932473	0.0363142442173	0.0328002086692	0.0	0.0304652517673	0.0364242831014	0.0369546211435	0.0410085860948	0.0431193457283
TARA_150_SRF_0.22-3_G.snv.bam	0.041012580713	0.0404529326254	0.0383433517206	0.0673133044375	0.0671049508833	0.0637417991845	0.0607647126352	0.0387253437565	0.0349972870098	0.0817425689208	0.0547520138707	0.0516094715562	0.0504357398684	0.059587748858	0.0686783069117	0.0860327479561	0.0454130276346	0.0543474323958	0.0605526254804	0.0494643754868	0.0354089383034	0.0305141021153	0.0304652517673	0.0	0.0343929970439	0.0341987399223	0.0416419228966	0.0441832492946
TARA_151_DCM_0.22-3_G.snv.bam	0.0338444145226	0.0327094951503	0.0268124093941	0.0640623836671	0.0640364335359	0.063074437125	0.0589208185044	0.0358615229731	0.0329315185215	0.0783738338923	0.0490314577773	0.0455070551174	0.0455330987774	0.0546935462683	0.0651398954982	0.0811185610331	0.0367951285883	0.0475720232996	0.0558670757511	0.0413800367427	0.0343730363427	0.0449686414763	0.0364242831014	0.0343929970439	0.0	0.0172432151307	0.0274572091274	0.0299238778831
TARA_151_SRF_0.22-3_G.snv.bam	0.0352436606179	0.0325685117903	0.0269398921426	0.0634538064585	0.0637729777316	0.0634183965548	0.0582556798701	0.0361053917135	0.0327401751011	0.0783576930547	0.0484630712864	0.0461102649628	0.0456148622181	0.053157076953	0.0657309363568	0.0815857597804	0.0380799746287	0.047483998352	0.0556966802661	0.0424783258991	0.0351409177465	0.0455210511095	0.0369546211435	0.0341987399223	0.0172432151307	0.0	0.0288073363799	0.0308324205406
TARA_152_MIX_0.22-3_G.snv.bam	0.0341214842157	0.0380208969327	0.0304328684979	0.0603502679322	0.0598299319703	0.058374087351	0.056219427018	0.0415815099287	0.0390871159706	0.0740725182061	0.0456405161716	0.0409689900186	0.04741092924	0.0542964407218	0.0638348518303	0.0776263080359	0.0376133183488	0.0448221567612	0.0537513977482	0.0392186715546	0.0381937693524	0.0518283821773	0.0410085860948	0.0416419228966	0.0274572091274	0.0288073363799	0.0	0.0235709928764
TARA_152_SRF_0.22-3_G.snv.bam	0.0356850141639	0.0375144928848	0.0325296546986	0.063148183218	0.0618963157569	0.0600375940803	0.0578936363915	0.0433385036641	0.039247336575	0.0756599484442	0.0462922860821	0.0410660749498	0.0488226529987	0.0544698432039	0.0655869735819	0.0781481008705	0.0369580746849	0.0449396615382	0.0534350472644	0.0386821762992	0.039264071592	0.0532738309868	0.0431193457283	0.0441832492946	0.0299238778831	0.0308324205406	0.0235709928764	0.0
