	TARA_007_SRF_0.22-1.6_G.snv.bam	TARA_009_SRF_0.22-1.6_G.snv.bam	TARA_023_SRF_0.22-1.6_G.snv.bam	TARA_025_SRF_0.22-1.6_G.snv.bam	TARA_030_SRF_0.22-1.6_G.snv.bam	TARA_036_DCM_0.22-1.6_G.snv.bam	TARA_036_SRF_0.22-1.6_G.snv.bam	TARA_038_SRF_0.22-1.6_G.snv.bam	TARA_102_DCM_0.22-3_G.snv.bam	TARA_102_SRF_0.22-3_G.snv.bam	TARA_109_DCM_0.22-3_G.snv.bam	TARA_109_SRF_0.22-3_G.snv.bam	TARA_110_SRF_0.22-3_G.snv.bam	TARA_137_SRF_0.22-3_G.snv.bam
TARA_007_SRF_0.22-1.6_G.snv.bam	0.0	0.0365137743609	0.043403288891	0.0382167257419	0.0404260747118	0.119537181293	0.112321145909	0.121521423717	0.132995017797	0.128599894402	0.130781067162	0.133516123251	0.145300687328	0.141594235074
TARA_009_SRF_0.22-1.6_G.snv.bam	0.0365137743609	0.0	0.0359450310607	0.0300928737846	0.0320993822416	0.123887834645	0.117259362257	0.126026008961	0.13746331197	0.132491485531	0.133300357488	0.136267855667	0.149202696745	0.144338722066
TARA_023_SRF_0.22-1.6_G.snv.bam	0.043403288891	0.0359450310607	0.0	0.0254998556991	0.0323746849712	0.127479338679	0.119834731965	0.129699655968	0.137339307755	0.133671874356	0.135345782145	0.13769460712	0.151101859525	0.146283859235
TARA_025_SRF_0.22-1.6_G.snv.bam	0.0382167257419	0.0300928737846	0.0254998556991	0.0	0.0236495983936	0.125849478029	0.118668598623	0.128946518757	0.138152351544	0.133310199116	0.134622038832	0.137519026835	0.150864860355	0.146271855356
TARA_030_SRF_0.22-1.6_G.snv.bam	0.0404260747118	0.0320993822416	0.0323746849712	0.0236495983936	0.0	0.127072333412	0.119835971812	0.12907332569	0.1397276318	0.134480372269	0.135622002473	0.138280013099	0.151089752762	0.146831719501
TARA_036_DCM_0.22-1.6_G.snv.bam	0.119537181293	0.123887834645	0.127479338679	0.125849478029	0.127072333412	0.0	0.0284699706613	0.0342615010452	0.104021112524	0.0977655389742	0.101692261023	0.104134531835	0.112188056315	0.116211761154
TARA_036_SRF_0.22-1.6_G.snv.bam	0.112321145909	0.117259362257	0.119834731965	0.118668598623	0.119835971812	0.0284699706613	0.0	0.033494843769	0.0988300332228	0.0902677468973	0.0951646860904	0.096927889713	0.106674314693	0.110249487762
TARA_038_SRF_0.22-1.6_G.snv.bam	0.121521423717	0.126026008961	0.129699655968	0.128946518757	0.12907332569	0.0342615010452	0.033494843769	0.0	0.109056667911	0.104566541536	0.107637493757	0.110252151527	0.118981483573	0.121609250621
TARA_102_DCM_0.22-3_G.snv.bam	0.132995017797	0.13746331197	0.137339307755	0.138152351544	0.1397276318	0.104021112524	0.0988300332228	0.109056667911	0.0	0.0462243953231	0.0549946814911	0.0471468885171	0.0653883411883	0.0790291441659
TARA_102_SRF_0.22-3_G.snv.bam	0.128599894402	0.132491485531	0.133671874356	0.133310199116	0.134480372269	0.0977655389742	0.0902677468973	0.104566541536	0.0462243953231	0.0	0.0452821538936	0.0433113848717	0.0613571550457	0.0723240962616
TARA_109_DCM_0.22-3_G.snv.bam	0.130781067162	0.133300357488	0.135345782145	0.134622038832	0.135622002473	0.101692261023	0.0951646860904	0.107637493757	0.0549946814911	0.0452821538936	0.0	0.0492583530552	0.0584545110401	0.0655431908018
TARA_109_SRF_0.22-3_G.snv.bam	0.133516123251	0.136267855667	0.13769460712	0.137519026835	0.138280013099	0.104134531835	0.096927889713	0.110252151527	0.0471468885171	0.0433113848717	0.0492583530552	0.0	0.0605568271724	0.0673631013652
TARA_110_SRF_0.22-3_G.snv.bam	0.145300687328	0.149202696745	0.151101859525	0.150864860355	0.151089752762	0.112188056315	0.106674314693	0.118981483573	0.0653883411883	0.0613571550457	0.0584545110401	0.0605568271724	0.0	0.0617937507555
TARA_137_SRF_0.22-3_G.snv.bam	0.141594235074	0.144338722066	0.146283859235	0.146271855356	0.146831719501	0.116211761154	0.110249487762	0.121609250621	0.0790291441659	0.0723240962616	0.0655431908018	0.0673631013652	0.0617937507555	0.0
