	TARA_052_DCM_0.22-1.6_G.snv.bam	TARA_052_SRF_0.22-1.6_G.snv.bam	TARA_056_SRF_0.22-3_G.snv.bam	TARA_094_SRF_0.22-3_G.snv.bam	TARA_100_DCM_0.22-3_G.snv.bam	TARA_100_SRF_0.22-3_G.snv.bam	TARA_102_SRF_0.22-3_G.snv.bam	TARA_109_DCM_0.22-3_G.snv.bam	TARA_109_SRF_0.22-3_G.snv.bam	TARA_110_DCM_0.22-3_G.snv.bam	TARA_110_MES_0.22-3_G.snv.bam	TARA_110_SRF_0.22-3_G.snv.bam	TARA_111_DCM_0.22-3_G.snv.bam	TARA_111_SRF_0.22-3_G.snv.bam	TARA_122_DCM_0.22-3_G.snv.bam	TARA_122_MES_0.22-3_G.snv.bam	TARA_122_SRF_0.22-3_G.snv.bam	TARA_123_SRF_0.22-3_G.snv.bam	TARA_124_MIX_0.22-3_G.snv.bam	TARA_124_SRF_0.22-3_G.snv.bam	TARA_125_SRF_0.22-3_G.snv.bam	TARA_128_DCM_0.22-3_G.snv.bam	TARA_128_SRF_0.22-3_G.snv.bam	TARA_137_SRF_0.22-3_G.snv.bam	TARA_138_SRF_0.22-3_G.snv.bam
TARA_052_DCM_0.22-1.6_G.snv.bam	0.0	0.0	0.0	0.114754098361	0.00102459016393	0.00204918032787	0.015368852459	0.00409836065574	0.0030737704918	0.0030737704918	0.0030737704918	0.0030737704918	0.0	0.00204918032787	0.0030737704918	0.00409836065574	0.00204918032787	0.00512295081967	0.00512295081967	0.00512295081967	0.00512295081967	0.00512295081967	0.00409836065574	0.00204918032787	0.00614754098361
TARA_052_SRF_0.22-1.6_G.snv.bam	0.0	0.0	0.0	0.113729508197	0.0	0.0	0.00409836065574	0.0	0.00102459016393	0.00102459016393	0.00102459016393	0.00102459016393	0.0	0.0	0.00102459016393	0.00102459016393	0.00102459016393	0.00102459016393	0.00102459016393	0.00102459016393	0.00102459016393	0.00102459016393	0.00102459016393	0.0	0.00102459016393
TARA_056_SRF_0.22-3_G.snv.bam	0.0	0.0	0.0	0.106557377049	0.0	0.00102459016393	0.00717213114754	0.0030737704918	0.0030737704918	0.00204918032787	0.0030737704918	0.00409836065574	0.0	0.00102459016393	0.00204918032787	0.00409836065574	0.0030737704918	0.00409836065574	0.00409836065574	0.0030737704918	0.00204918032787	0.00409836065574	0.0030737704918	0.00102459016393	0.00409836065574
TARA_094_SRF_0.22-3_G.snv.bam	0.114754098361	0.113729508197	0.106557377049	0.0	0.110655737705	0.108606557377	0.094262295082	0.113729508197	0.108606557377	0.113729508197	0.113729508197	0.111680327869	0.109631147541	0.0911885245902	0.121926229508	0.11987704918	0.11987704918	0.126024590164	0.123975409836	0.122950819672	0.126024590164	0.128073770492	0.128073770492	0.0983606557377	0.123975409836
TARA_100_DCM_0.22-3_G.snv.bam	0.00102459016393	0.0	0.0	0.110655737705	0.0	0.0	0.00819672131148	0.0	0.0	0.0	0.0	0.0	0.0	0.0	0.0	0.0	0.0	0.0	0.0	0.0	0.0	0.00102459016393	0.0	0.0	0.00102459016393
TARA_100_SRF_0.22-3_G.snv.bam	0.00204918032787	0.0	0.00102459016393	0.108606557377	0.0	0.0	0.00204918032787	0.0	0.0	0.0	0.0	0.0	0.0	0.0	0.0	0.0	0.0	0.0	0.0	0.0	0.0	0.0	0.0	0.0	0.0
TARA_102_SRF_0.22-3_G.snv.bam	0.015368852459	0.00409836065574	0.00717213114754	0.094262295082	0.00819672131148	0.00204918032787	0.0	0.00102459016393	0.0	0.0030737704918	0.00409836065574	0.00204918032787	0.00512295081967	0.0	0.0194672131148	0.00819672131148	0.0030737704918	0.0143442622951	0.0102459016393	0.0112704918033	0.00922131147541	0.0174180327869	0.00614754098361	0.0	0.0122950819672
TARA_109_DCM_0.22-3_G.snv.bam	0.00409836065574	0.0	0.0030737704918	0.113729508197	0.0	0.0	0.00102459016393	0.0	0.0	0.0	0.0	0.0	0.0	0.0	0.0	0.0	0.0	0.0	0.0	0.0	0.0	0.0	0.0	0.0	0.0
TARA_109_SRF_0.22-3_G.snv.bam	0.0030737704918	0.00102459016393	0.0030737704918	0.108606557377	0.0	0.0	0.0	0.0	0.0	0.0	0.0	0.0	0.0	0.0	0.0	0.0	0.0	0.0	0.0	0.0	0.0	0.0	0.0	0.0	0.0
TARA_110_DCM_0.22-3_G.snv.bam	0.0030737704918	0.00102459016393	0.00204918032787	0.113729508197	0.0	0.0	0.0030737704918	0.0	0.0	0.0	0.0	0.0	0.0	0.0	0.0	0.0	0.0	0.0	0.0	0.0	0.0	0.0	0.0	0.0	0.0
TARA_110_MES_0.22-3_G.snv.bam	0.0030737704918	0.00102459016393	0.0030737704918	0.113729508197	0.0	0.0	0.00409836065574	0.0	0.0	0.0	0.0	0.0	0.0	0.0	0.0	0.0	0.0	0.0	0.0	0.0	0.0	0.0	0.0	0.0	0.0
TARA_110_SRF_0.22-3_G.snv.bam	0.0030737704918	0.00102459016393	0.00409836065574	0.111680327869	0.0	0.0	0.00204918032787	0.0	0.0	0.0	0.0	0.0	0.0	0.0	0.0	0.0	0.0	0.0	0.0	0.0	0.0	0.0	0.0	0.0	0.0
TARA_111_DCM_0.22-3_G.snv.bam	0.0	0.0	0.0	0.109631147541	0.0	0.0	0.00512295081967	0.0	0.0	0.0	0.0	0.0	0.0	0.0	0.0	0.0	0.0	0.0	0.0	0.0	0.0	0.00102459016393	0.0	0.0	0.00102459016393
TARA_111_SRF_0.22-3_G.snv.bam	0.00204918032787	0.0	0.00102459016393	0.0911885245902	0.0	0.0	0.0	0.0	0.0	0.0	0.0	0.0	0.0	0.0	0.0	0.0	0.0	0.00102459016393	0.00102459016393	0.00102459016393	0.00102459016393	0.0030737704918	0.00102459016393	0.0	0.00409836065574
TARA_122_DCM_0.22-3_G.snv.bam	0.0030737704918	0.00102459016393	0.00204918032787	0.121926229508	0.0	0.0	0.0194672131148	0.0	0.0	0.0	0.0	0.0	0.0	0.0	0.0	0.0	0.0	0.0	0.0	0.0	0.0	0.0	0.0	0.00102459016393	0.0
TARA_122_MES_0.22-3_G.snv.bam	0.00409836065574	0.00102459016393	0.00409836065574	0.11987704918	0.0	0.0	0.00819672131148	0.0	0.0	0.0	0.0	0.0	0.0	0.0	0.0	0.0	0.0	0.0	0.0	0.0	0.0	0.0	0.0	0.0	0.0
TARA_122_SRF_0.22-3_G.snv.bam	0.00204918032787	0.00102459016393	0.0030737704918	0.11987704918	0.0	0.0	0.0030737704918	0.0	0.0	0.0	0.0	0.0	0.0	0.0	0.0	0.0	0.0	0.0	0.0	0.0	0.0	0.0	0.0	0.0	0.0
TARA_123_SRF_0.22-3_G.snv.bam	0.00512295081967	0.00102459016393	0.00409836065574	0.126024590164	0.0	0.0	0.0143442622951	0.0	0.0	0.0	0.0	0.0	0.0	0.00102459016393	0.0	0.0	0.0	0.0	0.0	0.0	0.0	0.0	0.0	0.0	0.0
TARA_124_MIX_0.22-3_G.snv.bam	0.00512295081967	0.00102459016393	0.00409836065574	0.123975409836	0.0	0.0	0.0102459016393	0.0	0.0	0.0	0.0	0.0	0.0	0.00102459016393	0.0	0.0	0.0	0.0	0.0	0.0	0.0	0.0	0.0	0.0	0.0
TARA_124_SRF_0.22-3_G.snv.bam	0.00512295081967	0.00102459016393	0.0030737704918	0.122950819672	0.0	0.0	0.0112704918033	0.0	0.0	0.0	0.0	0.0	0.0	0.00102459016393	0.0	0.0	0.0	0.0	0.0	0.0	0.0	0.0	0.0	0.0	0.0
TARA_125_SRF_0.22-3_G.snv.bam	0.00512295081967	0.00102459016393	0.00204918032787	0.126024590164	0.0	0.0	0.00922131147541	0.0	0.0	0.0	0.0	0.0	0.0	0.00102459016393	0.0	0.0	0.0	0.0	0.0	0.0	0.0	0.0	0.0	0.0	0.0
TARA_128_DCM_0.22-3_G.snv.bam	0.00512295081967	0.00102459016393	0.00409836065574	0.128073770492	0.00102459016393	0.0	0.0174180327869	0.0	0.0	0.0	0.0	0.0	0.00102459016393	0.0030737704918	0.0	0.0	0.0	0.0	0.0	0.0	0.0	0.0	0.0	0.0	0.0
TARA_128_SRF_0.22-3_G.snv.bam	0.00409836065574	0.00102459016393	0.0030737704918	0.128073770492	0.0	0.0	0.00614754098361	0.0	0.0	0.0	0.0	0.0	0.0	0.00102459016393	0.0	0.0	0.0	0.0	0.0	0.0	0.0	0.0	0.0	0.0	0.0
TARA_137_SRF_0.22-3_G.snv.bam	0.00204918032787	0.0	0.00102459016393	0.0983606557377	0.0	0.0	0.0	0.0	0.0	0.0	0.0	0.0	0.0	0.0	0.00102459016393	0.0	0.0	0.0	0.0	0.0	0.0	0.0	0.0	0.0	0.0
TARA_138_SRF_0.22-3_G.snv.bam	0.00614754098361	0.00102459016393	0.00409836065574	0.123975409836	0.00102459016393	0.0	0.0122950819672	0.0	0.0	0.0	0.0	0.0	0.00102459016393	0.00409836065574	0.0	0.0	0.0	0.0	0.0	0.0	0.0	0.0	0.0	0.0	0.0
