	TARA_004_DCM_0.22-1.6_G.snv.bam	TARA_009_DCM_0.22-1.6_G.snv.bam	TARA_100_DCM_0.22-3_G.snv.bam	TARA_102_DCM_0.22-3_G.snv.bam	TARA_110_DCM_0.22-3_G.snv.bam	TARA_111_DCM_0.22-3_G.snv.bam	TARA_138_DCM_0.22-3_G.snv.bam	TARA_149_SRF_0.22-3_G.snv.bam	TARA_151_DCM_0.22-3_G.snv.bam	TARA_151_SRF_0.22-3_G.snv.bam
TARA_004_DCM_0.22-1.6_G.snv.bam	0.0	0.00189663347558	0.00284495021337	0.00806069227122	0.00521574205785	0.00331910858227	0.00474158368895	0.00142247510669	0.00094831673779	0.00094831673779
TARA_009_DCM_0.22-1.6_G.snv.bam	0.00189663347558	0.0	0.00568990042674	0.0099573257468	0.00616405879564	0.00616405879564	0.00663821716453	0.0094831673779	0.00284495021337	0.00189663347558
TARA_100_DCM_0.22-3_G.snv.bam	0.00284495021337	0.00568990042674	0.0	0.00189663347558	0.000474158368895	0.000474158368895	0.000474158368895	0.00806069227122	0.00568990042674	0.00568990042674
TARA_102_DCM_0.22-3_G.snv.bam	0.00806069227122	0.0099573257468	0.00189663347558	0.0	0.000474158368895	0.00142247510669	0.0	0.0170697012802	0.0132764343291	0.00806069227122
TARA_110_DCM_0.22-3_G.snv.bam	0.00521574205785	0.00616405879564	0.000474158368895	0.000474158368895	0.0	0.0	0.0	0.0118539592224	0.00853485064011	0.00426742532006
TARA_111_DCM_0.22-3_G.snv.bam	0.00331910858227	0.00616405879564	0.000474158368895	0.00142247510669	0.0	0.0	0.00094831673779	0.0094831673779	0.00568990042674	0.00284495021337
TARA_138_DCM_0.22-3_G.snv.bam	0.00474158368895	0.00663821716453	0.000474158368895	0.0	0.0	0.00094831673779	0.0	0.0118539592224	0.00758653390232	0.00521574205785
TARA_149_SRF_0.22-3_G.snv.bam	0.00142247510669	0.0094831673779	0.00806069227122	0.0170697012802	0.0118539592224	0.0094831673779	0.0118539592224	0.0	0.00616405879564	0.00806069227122
TARA_151_DCM_0.22-3_G.snv.bam	0.00094831673779	0.00284495021337	0.00568990042674	0.0132764343291	0.00853485064011	0.00568990042674	0.00758653390232	0.00616405879564	0.0	0.00237079184448
TARA_151_SRF_0.22-3_G.snv.bam	0.00094831673779	0.00189663347558	0.00568990042674	0.00806069227122	0.00426742532006	0.00284495021337	0.00521574205785	0.00806069227122	0.00237079184448	0.0
