	TARA_066_DCM_0.22-3_G.snv.bam	TARA_066_SRF_0.22-3_G.snv.bam	TARA_068_DCM_0.22-3_G.snv.bam	TARA_068_SRF_0.22-3_G.snv.bam	TARA_145_SRF_0.22-3_G.snv.bam	TARA_150_SRF_0.22-3_G.snv.bam	TARA_151_DCM_0.22-3_G.snv.bam	TARA_152_MIX_0.22-3_G.snv.bam	TARA_152_SRF_0.22-3_G.snv.bam
TARA_066_DCM_0.22-3_G.snv.bam	0.0	0.0	0.00275735294118	0.00183823529412	0.000919117647059	0.0	0.00183823529412	0.0	0.000919117647059
TARA_066_SRF_0.22-3_G.snv.bam	0.0	0.0	0.000919117647059	0.00183823529412	0.000919117647059	0.0	0.0	0.0	0.0
TARA_068_DCM_0.22-3_G.snv.bam	0.00275735294118	0.000919117647059	0.0	0.000919117647059	0.00643382352941	0.000919117647059	0.00275735294118	0.00367647058824	0.00459558823529
TARA_068_SRF_0.22-3_G.snv.bam	0.00183823529412	0.00183823529412	0.000919117647059	0.0	0.00367647058824	0.000919117647059	0.00275735294118	0.00459558823529	0.00367647058824
TARA_145_SRF_0.22-3_G.snv.bam	0.000919117647059	0.000919117647059	0.00643382352941	0.00367647058824	0.0	0.000919117647059	0.0	0.0	0.0
TARA_150_SRF_0.22-3_G.snv.bam	0.0	0.0	0.000919117647059	0.000919117647059	0.000919117647059	0.0	0.000919117647059	0.000919117647059	0.00183823529412
TARA_151_DCM_0.22-3_G.snv.bam	0.00183823529412	0.0	0.00275735294118	0.00275735294118	0.0	0.000919117647059	0.0	0.0	0.0
TARA_152_MIX_0.22-3_G.snv.bam	0.0	0.0	0.00367647058824	0.00459558823529	0.0	0.000919117647059	0.0	0.0	0.0
TARA_152_SRF_0.22-3_G.snv.bam	0.000919117647059	0.0	0.00459558823529	0.00367647058824	0.0	0.00183823529412	0.0	0.0	0.0
