	TARA_004_SRF_0.22-1.6_G.snv.bam	TARA_009_DCM_0.22-1.6_G.snv.bam	TARA_018_DCM_0.22-1.6_G.snv.bam	TARA_018_SRF_0.22-1.6_G.snv.bam	TARA_025_SRF_0.22-1.6_G.snv.bam	TARA_030_DCM_0.22-1.6_G.snv.bam	TARA_030_SRF_0.22-1.6_G.snv.bam	TARA_094_SRF_0.22-3_G.snv.bam
TARA_004_SRF_0.22-1.6_G.snv.bam	0.0	0.0722891566265	0.147590361446	0.159638554217	0.159638554217	0.171686746988	0.207831325301	0.138554216867
TARA_009_DCM_0.22-1.6_G.snv.bam	0.0722891566265	0.0	0.00903614457831	0.0120481927711	0.0210843373494	0.0240963855422	0.0361445783133	0.0933734939759
TARA_018_DCM_0.22-1.6_G.snv.bam	0.147590361446	0.00903614457831	0.0	0.0	0.0120481927711	0.00602409638554	0.0240963855422	0.135542168675
TARA_018_SRF_0.22-1.6_G.snv.bam	0.159638554217	0.0120481927711	0.0	0.0	0.0120481927711	0.0150602409639	0.0210843373494	0.138554216867
TARA_025_SRF_0.22-1.6_G.snv.bam	0.159638554217	0.0210843373494	0.0120481927711	0.0120481927711	0.0	0.00602409638554	0.0120481927711	0.138554216867
TARA_030_DCM_0.22-1.6_G.snv.bam	0.171686746988	0.0240963855422	0.00602409638554	0.0150602409639	0.00602409638554	0.0	0.0	0.153614457831
TARA_030_SRF_0.22-1.6_G.snv.bam	0.207831325301	0.0361445783133	0.0240963855422	0.0210843373494	0.0120481927711	0.0	0.0	0.159638554217
TARA_094_SRF_0.22-3_G.snv.bam	0.138554216867	0.0933734939759	0.135542168675	0.138554216867	0.138554216867	0.153614457831	0.159638554217	0.0
