	TARA_004_DCM_0.22-1.6_G.snv.bam	TARA_072_DCM_0.22-3_G.snv.bam	TARA_078_DCM_0.22-3_G.snv.bam	TARA_098_DCM_0.22-3_G.snv.bam	TARA_132_DCM_0.22-3_G.snv.bam	TARA_149_SRF_0.22-3_G.snv.bam
TARA_004_DCM_0.22-1.6_G.snv.bam	0.0	0.204452616427	0.149593820995	0.379769684776	0.160142136829	0.105007002957
TARA_072_DCM_0.22-3_G.snv.bam	0.204452616427	0.0	0.20226653832	0.315825376094	0.164884214151	0.220765452624
TARA_078_DCM_0.22-3_G.snv.bam	0.149593820995	0.20226653832	0.0	0.37124930108	0.134407151881	0.194703785674
TARA_098_DCM_0.22-3_G.snv.bam	0.379769684776	0.315825376094	0.37124930108	0.0	0.355390297049	0.400708613834
TARA_132_DCM_0.22-3_G.snv.bam	0.160142136829	0.164884214151	0.134407151881	0.355390297049	0.0	0.181552917273
TARA_149_SRF_0.22-3_G.snv.bam	0.105007002957	0.220765452624	0.194703785674	0.400708613834	0.181552917273	0.0
