	TARA_037_MES_0.22-1.6_G.snv.bam	TARA_056_MES_0.22-3_G.snv.bam	TARA_064_MES_0.22-3_G.snv.bam	TARA_065_MES_0.22-3_G.snv.bam	TARA_068_MES_0.22-3_G.snv.bam	TARA_070_MES_0.22-3_G.snv.bam	TARA_072_MES_0.22-3_G.snv.bam	TARA_076_MES_0.22-3_G.snv.bam	TARA_085_MES_0.22-3_G.snv.bam	TARA_098_MES_0.22-3_G.snv.bam	TARA_102_MES_0.22-3_G.snv.bam	TARA_111_MES_0.22-3_G.snv.bam	TARA_112_MES_0.22-3_G.snv.bam	TARA_122_MES_0.22-3_G.snv.bam	TARA_132_MES_0.22-3_G.snv.bam	TARA_133_MES_0.22-3_G.snv.bam	TARA_137_MES_0.22-3_G.snv.bam	TARA_138_MES_0.22-3_G.snv.bam	TARA_142_MES_0.22-3_G.snv.bam	TARA_145_MES_0.22-3_G.snv.bam	TARA_146_MES_0.22-3_G.snv.bam	TARA_149_MES_0.22-3_G.snv.bam	TARA_152_MES_0.22-3_G.snv.bam
TARA_037_MES_0.22-1.6_G.snv.bam	0.0	0.0647597620561	0.0681809676252	0.0694625561679	0.0708239767891	0.0800263719209	0.0727199399084	0.0845910972076	0.147994360973	0.0710875980403	0.0616869088146	0.0699936317008	0.0769295299407	0.0585456190226	0.0595222527761	0.0767855153823	0.0453367667122	0.0414437086087	0.0592613096163	0.0984305995937	0.071058177419	0.0705129927618	0.0792212293719
TARA_056_MES_0.22-3_G.snv.bam	0.0647597620561	0.0	0.0526962479297	0.0678617314872	0.0633804437715	0.0442733199482	0.0438944046145	0.0481952318876	0.118795480708	0.0696371713328	0.0590637412351	0.0717130297509	0.0464525718455	0.0461840595488	0.0598778080408	0.034802336043	0.0644240671317	0.0601982582615	0.0520192569088	0.0659351024628	0.0638997104664	0.0639219856214	0.0731911209325
TARA_064_MES_0.22-3_G.snv.bam	0.0681809676252	0.0526962479297	0.0	0.04707199339	0.0501123302072	0.066253521733	0.0582244140602	0.0694224038453	0.14689993285	0.0587748050377	0.0521453896692	0.0657806396332	0.0527590646234	0.0455768920762	0.0535579889593	0.0572664499199	0.0645310379092	0.0622482752986	0.0451944722644	0.0872952987626	0.0525565301634	0.0488511954895	0.0527150078675
TARA_065_MES_0.22-3_G.snv.bam	0.0694625561679	0.0678617314872	0.04707199339	0.0	0.0494814668601	0.0797401902284	0.0732250801994	0.0825161286122	0.157558920465	0.0624062933411	0.0581422429238	0.0678586861795	0.0662471897479	0.0563110868778	0.0566706834057	0.074911294842	0.0675563835696	0.0624425310618	0.0496915200584	0.0989153453772	0.0517012841434	0.0420810663666	0.046175462829
TARA_068_MES_0.22-3_G.snv.bam	0.0708239767891	0.0633804437715	0.0501123302072	0.0494814668601	0.0	0.0746732359219	0.0661911058076	0.0741620996719	0.146923344127	0.0692805224029	0.0622581336371	0.071405384387	0.0626315276482	0.0541493806041	0.0603519019026	0.0697407629996	0.0691012749553	0.0650883572962	0.0546002410098	0.0901381891672	0.0554746799885	0.051860499405	0.0535448710446
TARA_070_MES_0.22-3_G.snv.bam	0.0800263719209	0.0442733199482	0.066253521733	0.0797401902284	0.0746732359219	0.0	0.0473867401775	0.0456566970888	0.104606245133	0.07827634365	0.0731944998965	0.0798852556922	0.0549087792421	0.0609198988007	0.069197995397	0.0480373552236	0.0782761475492	0.0752496497166	0.0661398498064	0.0548327255423	0.0740757283383	0.0720948472403	0.0819228130711
TARA_072_MES_0.22-3_G.snv.bam	0.0727199399084	0.0438944046145	0.0582244140602	0.0732250801994	0.0661911058076	0.0473867401775	0.0	0.0534312632489	0.127479896049	0.071026121595	0.0634430528981	0.0731808356633	0.051319710388	0.0517156840494	0.059345888271	0.0466802375556	0.0694262979084	0.0655751560328	0.0561007081776	0.0710823331909	0.0685720393044	0.0654931558732	0.0756091065487
TARA_076_MES_0.22-3_G.snv.bam	0.0845910972076	0.0481952318876	0.0694224038453	0.0825161286122	0.0741620996719	0.0456566970888	0.0534312632489	0.0	0.104209108019	0.0835639693829	0.0769823049789	0.0880096827333	0.0587428308066	0.0651276351176	0.0716469073502	0.0534381955849	0.0813789001036	0.0786387833158	0.0688562218977	0.0554209257679	0.0771885284745	0.0763206186063	0.0839508772838
TARA_085_MES_0.22-3_G.snv.bam	0.147994360973	0.118795480708	0.14689993285	0.157558920465	0.146923344127	0.104606245133	0.127479896049	0.104209108019	0.0	0.15883657208	0.157446889526	0.15769847579	0.132944828946	0.146175827431	0.14981005318	0.121308445957	0.151247174499	0.151865119253	0.149600967798	0.0768261550765	0.151297847646	0.148983653105	0.156151785617
TARA_098_MES_0.22-3_G.snv.bam	0.0710875980403	0.0696371713328	0.0587748050377	0.0624062933411	0.0692805224029	0.07827634365	0.071026121595	0.0835639693829	0.15883657208	0.0	0.0509948976036	0.0552064000753	0.071637940679	0.053779837493	0.0530140268278	0.0736238325897	0.067191428913	0.0666169729434	0.0511821491937	0.101330417777	0.0655572840331	0.0600462995706	0.0687546472087
TARA_102_MES_0.22-3_G.snv.bam	0.0616869088146	0.0590637412351	0.0521453896692	0.0581422429238	0.0622581336371	0.0731944998965	0.0634430528981	0.0769823049789	0.157446889526	0.0509948976036	0.0	0.0488095785938	0.0663203530835	0.0367050842934	0.0423644468304	0.0613868477331	0.0568923312792	0.0544692135312	0.0409120835852	0.0993718366467	0.0592787080476	0.057731029893	0.0698385210992
TARA_111_MES_0.22-3_G.snv.bam	0.0699936317008	0.0717130297509	0.0657806396332	0.0678586861795	0.071405384387	0.0798852556922	0.0731808356633	0.0880096827333	0.15769847579	0.0552064000753	0.0488095785938	0.0	0.0773507629271	0.054736389515	0.061578172305	0.0764942692654	0.0665632687868	0.066836065212	0.0552751849518	0.10475526782	0.0692701982083	0.0664736629825	0.0741143843535
TARA_112_MES_0.22-3_G.snv.bam	0.0769295299407	0.0464525718455	0.0527590646234	0.0662471897479	0.0626315276482	0.0549087792421	0.051319710388	0.0587428308066	0.132944828946	0.071637940679	0.0663203530835	0.0773507629271	0.0	0.0541303735747	0.0621790681706	0.0458371757469	0.0747628313641	0.0718787169745	0.0587718069198	0.0772679186651	0.0700997683447	0.0660476827045	0.0729417113567
TARA_122_MES_0.22-3_G.snv.bam	0.0585456190226	0.0461840595488	0.0455768920762	0.0563110868778	0.0541493806041	0.0609198988007	0.0517156840494	0.0651276351176	0.146175827431	0.053779837493	0.0367050842934	0.054736389515	0.0541303735747	0.0	0.038537430796	0.0522942901947	0.0552488782123	0.0494567198759	0.033104427943	0.0871688784963	0.054193779609	0.0526493860054	0.0648225418973
TARA_132_MES_0.22-3_G.snv.bam	0.0595222527761	0.0598778080408	0.0535579889593	0.0566706834057	0.0603519019026	0.069197995397	0.059345888271	0.0716469073502	0.14981005318	0.0530140268278	0.0423644468304	0.061578172305	0.0621790681706	0.038537430796	0.0	0.0639048378755	0.0579014165762	0.0509504914406	0.0398278536942	0.0929843919299	0.0565919573748	0.0540073689496	0.0664372458833
TARA_133_MES_0.22-3_G.snv.bam	0.0767855153823	0.034802336043	0.0572664499199	0.074911294842	0.0697407629996	0.0480373552236	0.0466802375556	0.0534381955849	0.121308445957	0.0736238325897	0.0613868477331	0.0764942692654	0.0458371757469	0.0522942901947	0.0639048378755	0.0	0.0736503742044	0.0721290109637	0.0585254236928	0.0683782615538	0.0705739372291	0.0697797925383	0.0799438681794
TARA_137_MES_0.22-3_G.snv.bam	0.0453367667122	0.0644240671317	0.0645310379092	0.0675563835696	0.0691012749553	0.0782761475492	0.0694262979084	0.0813789001036	0.151247174499	0.067191428913	0.0568923312792	0.0665632687868	0.0747628313641	0.0552488782123	0.0579014165762	0.0736503742044	0.0	0.0388908112215	0.0559921538453	0.0972823873068	0.0693801229799	0.0678366799075	0.0756036414329
TARA_138_MES_0.22-3_G.snv.bam	0.0414437086087	0.0601982582615	0.0622482752986	0.0624425310618	0.0650883572962	0.0752496497166	0.0655751560328	0.0786387833158	0.151865119253	0.0666169729434	0.0544692135312	0.066836065212	0.0718787169745	0.0494567198759	0.0509504914406	0.0721290109637	0.0388908112215	0.0	0.0503343018347	0.0964613145332	0.0665487636806	0.0646447334552	0.0729859563346
TARA_142_MES_0.22-3_G.snv.bam	0.0592613096163	0.0520192569088	0.0451944722644	0.0496915200584	0.0546002410098	0.0661398498064	0.0561007081776	0.0688562218977	0.149600967798	0.0511821491937	0.0409120835852	0.0552751849518	0.0587718069198	0.033104427943	0.0398278536942	0.0585254236928	0.0559921538453	0.0503343018347	0.0	0.0912376314541	0.0519469615312	0.047895709371	0.0559549665549
TARA_145_MES_0.22-3_G.snv.bam	0.0984305995937	0.0659351024628	0.0872952987626	0.0989153453772	0.0901381891672	0.0548327255423	0.0710823331909	0.0554209257679	0.0768261550765	0.101330417777	0.0993718366467	0.10475526782	0.0772679186651	0.0871688784963	0.0929843919299	0.0683782615538	0.0972823873068	0.0964613145332	0.0912376314541	0.0	0.0916065829119	0.0920714966204	0.0979276924381
TARA_146_MES_0.22-3_G.snv.bam	0.071058177419	0.0638997104664	0.0525565301634	0.0517012841434	0.0554746799885	0.0740757283383	0.0685720393044	0.0771885284745	0.151297847646	0.0655572840331	0.0592787080476	0.0692701982083	0.0700997683447	0.054193779609	0.0565919573748	0.0705739372291	0.0693801229799	0.0665487636806	0.0519469615312	0.0916065829119	0.0	0.0517987748204	0.0556329933778
TARA_149_MES_0.22-3_G.snv.bam	0.0705129927618	0.0639219856214	0.0488511954895	0.0420810663666	0.051860499405	0.0720948472403	0.0654931558732	0.0763206186063	0.148983653105	0.0600462995706	0.057731029893	0.0664736629825	0.0660476827045	0.0526493860054	0.0540073689496	0.0697797925383	0.0678366799075	0.0646447334552	0.047895709371	0.0920714966204	0.0517987748204	0.0	0.0471855560126
TARA_152_MES_0.22-3_G.snv.bam	0.0792212293719	0.0731911209325	0.0527150078675	0.046175462829	0.0535448710446	0.0819228130711	0.0756091065487	0.0839508772838	0.156151785617	0.0687546472087	0.0698385210992	0.0741143843535	0.0729417113567	0.0648225418973	0.0664372458833	0.0799438681794	0.0756036414329	0.0729859563346	0.0559549665549	0.0979276924381	0.0556329933778	0.0471855560126	0.0
