	TARA_072_DCM_0.22-3_G.snv.bam	TARA_122_DCM_0.22-3_G.snv.bam	TARA_123_MIX_0.22-3_G.snv.bam	TARA_125_MIX_0.22-3_G.snv.bam	TARA_132_DCM_0.22-3_G.snv.bam	TARA_146_SRF_0.22-3_G.snv.bam	TARA_148b_MES_0.22-3_G.snv.bam
TARA_072_DCM_0.22-3_G.snv.bam	0.0	0.00221238938053	0.0	0.00110619469027	0.0	0.00553097345133	0.00553097345133
TARA_122_DCM_0.22-3_G.snv.bam	0.00221238938053	0.0	0.0	0.00110619469027	0.0	0.00553097345133	0.00663716814159
TARA_123_MIX_0.22-3_G.snv.bam	0.0	0.0	0.0	0.0	0.0	0.00553097345133	0.00553097345133
TARA_125_MIX_0.22-3_G.snv.bam	0.00110619469027	0.00110619469027	0.0	0.0	0.0	0.00442477876106	0.00442477876106
TARA_132_DCM_0.22-3_G.snv.bam	0.0	0.0	0.0	0.0	0.0	0.00221238938053	0.0033185840708
TARA_146_SRF_0.22-3_G.snv.bam	0.00553097345133	0.00553097345133	0.00553097345133	0.00442477876106	0.00221238938053	0.0	0.00110619469027
TARA_148b_MES_0.22-3_G.snv.bam	0.00553097345133	0.00663716814159	0.00553097345133	0.00442477876106	0.0033185840708	0.00110619469027	0.0
