	TARA_037_MES_0.22-1.6_G.snv.bam	TARA_038_MES_0.22-1.6_G.snv.bam	TARA_039_MES_0.22-1.6_G.snv.bam	TARA_137_DCM_0.22-3_G.snv.bam	TARA_137_MES_0.22-3_G.snv.bam	TARA_138_MES_0.22-3_G.snv.bam
TARA_037_MES_0.22-1.6_G.snv.bam	0.0	0.0686941048224	0.0838199810753	0.1946350597	0.135134141145	0.118330111437
TARA_038_MES_0.22-1.6_G.snv.bam	0.0686941048224	0.0	0.0319365905592	0.212173131288	0.160857610761	0.149432723175
TARA_039_MES_0.22-1.6_G.snv.bam	0.0838199810753	0.0319365905592	0.0	0.214668848867	0.167346079592	0.155044981083
TARA_137_DCM_0.22-3_G.snv.bam	0.1946350597	0.212173131288	0.214668848867	0.0	0.118729497589	0.156633431516
TARA_137_MES_0.22-3_G.snv.bam	0.135134141145	0.160857610761	0.167346079592	0.118729497589	0.0	0.0470321770652
TARA_138_MES_0.22-3_G.snv.bam	0.118330111437	0.149432723175	0.155044981083	0.156633431516	0.0470321770652	0.0
