	TARA_065_MES_0.22-3_G.snv.bam	TARA_068_MES_0.22-3_G.snv.bam	TARA_102_MES_0.22-3_G.snv.bam	TARA_111_MES_0.22-3_G.snv.bam	TARA_132_MES_0.22-3_G.snv.bam	TARA_133_MES_0.22-3_G.snv.bam
TARA_065_MES_0.22-3_G.snv.bam	0.0	0.134215653976	0.17909161002	0.144579763305	0.102613716173	0.237349916908
TARA_068_MES_0.22-3_G.snv.bam	0.134215653976	0.0	0.154307212224	0.149039614259	0.104955850468	0.175465562775
TARA_102_MES_0.22-3_G.snv.bam	0.17909161002	0.154307212224	0.0	0.106585347427	0.14624612123	0.139793479278
TARA_111_MES_0.22-3_G.snv.bam	0.144579763305	0.149039614259	0.106585347427	0.0	0.121009644514	0.185888361186
TARA_132_MES_0.22-3_G.snv.bam	0.102613716173	0.104955850468	0.14624612123	0.121009644514	0.0	0.189896518165
TARA_133_MES_0.22-3_G.snv.bam	0.237349916908	0.175465562775	0.139793479278	0.185888361186	0.189896518165	0.0
