	TARA_100_SRF_0.22-3_G.snv.bam	TARA_109_DCM_0.22-3_G.snv.bam	TARA_111_SRF_0.22-3_G.snv.bam	TARA_124_SRF_0.22-3_G.snv.bam	TARA_125_SRF_0.22-3_G.snv.bam	TARA_137_SRF_0.22-3_G.snv.bam
TARA_100_SRF_0.22-3_G.snv.bam	0.0	0.0881838932637	0.0696982449907	0.0809120402428	0.0803723194542	0.0910619799579
TARA_109_DCM_0.22-3_G.snv.bam	0.0881838932637	0.0	0.101981728652	0.0930665738428	0.0905572603705	0.0847231837915
TARA_111_SRF_0.22-3_G.snv.bam	0.0696982449907	0.101981728652	0.0	0.095043179839	0.0929758488433	0.104569687805
TARA_124_SRF_0.22-3_G.snv.bam	0.0809120402428	0.0930665738428	0.095043179839	0.0	0.0429514994847	0.0992653552573
TARA_125_SRF_0.22-3_G.snv.bam	0.0803723194542	0.0905572603705	0.0929758488433	0.0429514994847	0.0	0.0967013328887
TARA_137_SRF_0.22-3_G.snv.bam	0.0910619799579	0.0847231837915	0.104569687805	0.0992653552573	0.0967013328887	0.0
