	TARA_032_DCM_0.22-1.6_G.snv.bam	TARA_032_SRF_0.22-1.6_G.snv.bam	TARA_033_SRF_0.22-1.6_G.snv.bam	TARA_034_SRF_0.22-1.6_G.snv.bam	TARA_038_DCM_0.22-1.6_G.snv.bam	TARA_039_DCM_0.22-1.6_G.snv.bam	TARA_041_DCM_0.22-1.6_G.snv.bam	TARA_042_DCM_0.22-1.6_G.snv.bam	TARA_056_SRF_0.22-3_G.snv.bam	TARA_057_SRF_0.22-3_G.snv.bam	TARA_058_DCM_0.22-3_G.snv.bam	TARA_062_SRF_0.22-3_G.snv.bam	TARA_064_DCM_0.22-3_G.snv.bam	TARA_064_SRF_0.22-3_G.snv.bam	TARA_065_DCM_0.22-3_G.snv.bam	TARA_065_SRF_0.22-3_G.snv.bam	TARA_125_SRF_0.22-3_G.snv.bam	TARA_140_SRF_0.22-3_G.snv.bam	TARA_141_SRF_0.22-3_G.snv.bam
TARA_032_DCM_0.22-1.6_G.snv.bam	0.0	0.0531367512281	0.0787520580853	0.0795646165761	0.0902064255301	0.0872968247683	0.0863094141412	0.0958916829542	0.109892296916	0.0991966785771	0.103946177281	0.104107320095	0.0962842542139	0.0850787229322	0.085261523179	0.0877819125544	0.130213952317	0.0899709898935	0.0871368564648
TARA_032_SRF_0.22-1.6_G.snv.bam	0.0531367512281	0.0	0.0594325206244	0.0599917164072	0.0781324186484	0.0742681939238	0.0736724171952	0.0856499818806	0.097215072068	0.0859468409096	0.095252451729	0.0938784646002	0.0884359459558	0.0761445748588	0.0748032076197	0.0745320165366	0.119181554375	0.0776972097317	0.0789482101514
TARA_033_SRF_0.22-1.6_G.snv.bam	0.0787520580853	0.0594325206244	0.0	0.0283754568091	0.07251873846	0.0613800612485	0.0646910248318	0.0846158735426	0.0927653720628	0.0837048913214	0.0980105381574	0.097030576923	0.0979493296164	0.077725604842	0.0759587276005	0.079806715321	0.113512008425	0.0644298496034	0.0594979307491
TARA_034_SRF_0.22-1.6_G.snv.bam	0.0795646165761	0.0599917164072	0.0283754568091	0.0	0.0723898497857	0.0608065178759	0.0637349033035	0.0834399366451	0.0916703990289	0.0826867663558	0.0971439927576	0.0951129963191	0.0949614046167	0.0756783557617	0.0742699330479	0.0777761916372	0.113435582005	0.0636385906702	0.0594576565833
TARA_038_DCM_0.22-1.6_G.snv.bam	0.0902064255301	0.0781324186484	0.07251873846	0.0723898497857	0.0	0.0447869631458	0.0411917530393	0.0572995050411	0.0903592525829	0.074353766424	0.0861787793671	0.0898938102615	0.0825555718411	0.0659898255811	0.0607518408339	0.0638883231714	0.100956386809	0.0549803864403	0.0592073813941
TARA_039_DCM_0.22-1.6_G.snv.bam	0.0872968247683	0.0742681939238	0.0613800612485	0.0608065178759	0.0447869631458	0.0	0.0363076857433	0.0594130593131	0.0810931817857	0.0674487246223	0.0807997503774	0.0825654123754	0.0810522443038	0.0625074228551	0.0560646014712	0.060683977746	0.101497097566	0.0466411856695	0.0500432451614
TARA_041_DCM_0.22-1.6_G.snv.bam	0.0863094141412	0.0736724171952	0.0646910248318	0.0637349033035	0.0411917530393	0.0363076857433	0.0	0.0430926730634	0.0790421309908	0.0649760314042	0.0771779402133	0.0786338534953	0.0783045239637	0.0600158592825	0.0506483545504	0.0547647996857	0.0998314318559	0.0505289183882	0.0511569473266
TARA_042_DCM_0.22-1.6_G.snv.bam	0.0958916829542	0.0856499818806	0.0846158735426	0.0834399366451	0.0572995050411	0.0594130593131	0.0430926730634	0.0	0.0889607338494	0.0742487466735	0.0816722101512	0.0835640309115	0.0854877610724	0.0730301166316	0.0627707846897	0.0634193722235	0.109595082031	0.0693130939169	0.0732322339207
TARA_056_SRF_0.22-3_G.snv.bam	0.109892296916	0.097215072068	0.0927653720628	0.0916703990289	0.0903592525829	0.0810931817857	0.0790421309908	0.0889607338494	0.0	0.048498356629	0.0491600845548	0.0417699432815	0.0913647113126	0.0835872294186	0.0734304035219	0.0740014079573	0.119176101341	0.0898819844154	0.0816605490472
TARA_057_SRF_0.22-3_G.snv.bam	0.0991966785771	0.0859468409096	0.0837048913214	0.0826867663558	0.074353766424	0.0674487246223	0.0649760314042	0.0742487466735	0.048498356629	0.0	0.0451503525158	0.0436855043016	0.0833458946359	0.0714815084373	0.05489974161	0.0547943493684	0.120609815251	0.0738170604613	0.0730616262077
TARA_058_DCM_0.22-3_G.snv.bam	0.103946177281	0.095252451729	0.0980105381574	0.0971439927576	0.0861787793671	0.0807997503774	0.0771779402133	0.0816722101512	0.0491600845548	0.0451503525158	0.0	0.0418619202111	0.0857172103225	0.0763441109911	0.0644256529999	0.0623777461495	0.124668968448	0.0894482230449	0.0854445798219
TARA_062_SRF_0.22-3_G.snv.bam	0.104107320095	0.0938784646002	0.097030576923	0.0951129963191	0.0898938102615	0.0825654123754	0.0786338534953	0.0835640309115	0.0417699432815	0.0436855043016	0.0418619202111	0.0	0.0880459804605	0.0796935277654	0.0656795688689	0.0645889172405	0.1269889853	0.0900400365346	0.0866490109482
TARA_064_DCM_0.22-3_G.snv.bam	0.0962842542139	0.0884359459558	0.0979493296164	0.0949614046167	0.0825555718411	0.0810522443038	0.0783045239637	0.0854877610724	0.0913647113126	0.0833458946359	0.0857172103225	0.0880459804605	0.0	0.0673590244618	0.0704926522311	0.0698156470822	0.122670797616	0.0914264639912	0.0869760028355
TARA_064_SRF_0.22-3_G.snv.bam	0.0850787229322	0.0761445748588	0.077725604842	0.0756783557617	0.0659898255811	0.0625074228551	0.0600158592825	0.0730301166316	0.0835872294186	0.0714815084373	0.0763441109911	0.0796935277654	0.0673590244618	0.0	0.0499046829545	0.0517097833035	0.119903758043	0.0695107532811	0.0692624107091
TARA_065_DCM_0.22-3_G.snv.bam	0.085261523179	0.0748032076197	0.0759587276005	0.0742699330479	0.0607518408339	0.0560646014712	0.0506483545504	0.0627707846897	0.0734304035219	0.05489974161	0.0644256529999	0.0656795688689	0.0704926522311	0.0499046829545	0.0	0.0371377256395	0.115930214227	0.0653667107827	0.0634957617412
TARA_065_SRF_0.22-3_G.snv.bam	0.0877819125544	0.0745320165366	0.079806715321	0.0777761916372	0.0638883231714	0.060683977746	0.0547647996857	0.0634193722235	0.0740014079573	0.0547943493684	0.0623777461495	0.0645889172405	0.0698156470822	0.0517097833035	0.0371377256395	0.0	0.119826545116	0.0682766708664	0.0699729570232
TARA_125_SRF_0.22-3_G.snv.bam	0.130213952317	0.119181554375	0.113512008425	0.113435582005	0.100956386809	0.101497097566	0.0998314318559	0.109595082031	0.119176101341	0.120609815251	0.124668968448	0.1269889853	0.122670797616	0.119903758043	0.115930214227	0.119826545116	0.0	0.110044385773	0.105897820848
TARA_140_SRF_0.22-3_G.snv.bam	0.0899709898935	0.0776972097317	0.0644298496034	0.0636385906702	0.0549803864403	0.0466411856695	0.0505289183882	0.0693130939169	0.0898819844154	0.0738170604613	0.0894482230449	0.0900400365346	0.0914264639912	0.0695107532811	0.0653667107827	0.0682766708664	0.110044385773	0.0	0.0570111780219
TARA_141_SRF_0.22-3_G.snv.bam	0.0871368564648	0.0789482101514	0.0594979307491	0.0594576565833	0.0592073813941	0.0500432451614	0.0511569473266	0.0732322339207	0.0816605490472	0.0730616262077	0.0854445798219	0.0866490109482	0.0869760028355	0.0692624107091	0.0634957617412	0.0699729570232	0.105897820848	0.0570111780219	0.0
