	TARA_032_DCM_0.22-1.6_G.snv.bam	TARA_034_DCM_0.22-1.6_G.snv.bam	TARA_041_DCM_0.22-1.6_G.snv.bam	TARA_042_DCM_0.22-1.6_G.snv.bam	TARA_123_MIX_0.22-3_G.snv.bam	TARA_125_MIX_0.22-3_G.snv.bam
TARA_032_DCM_0.22-1.6_G.snv.bam	0.0	0.06837589222	0.108129985616	0.115482098284	0.216458423239	0.195454856597
TARA_034_DCM_0.22-1.6_G.snv.bam	0.06837589222	0.0	0.0877957098998	0.09130924426	0.21415893108	0.193218475589
TARA_041_DCM_0.22-1.6_G.snv.bam	0.108129985616	0.0877957098998	0.0	0.055943859867	0.210943613086	0.192156476799
TARA_042_DCM_0.22-1.6_G.snv.bam	0.115482098284	0.09130924426	0.055943859867	0.0	0.210253263529	0.197519925913
TARA_123_MIX_0.22-3_G.snv.bam	0.216458423239	0.21415893108	0.210943613086	0.210253263529	0.0	0.0835787723708
TARA_125_MIX_0.22-3_G.snv.bam	0.195454856597	0.193218475589	0.192156476799	0.197519925913	0.0835787723708	0.0
