	TARA_031_SRF_0.22-1.6_G.snv.bam	TARA_032_DCM_0.22-1.6_G.snv.bam	TARA_032_SRF_0.22-1.6_G.snv.bam	TARA_033_SRF_0.22-1.6_G.snv.bam	TARA_034_SRF_0.22-1.6_G.snv.bam	TARA_036_DCM_0.22-1.6_G.snv.bam	TARA_038_DCM_0.22-1.6_G.snv.bam	TARA_038_SRF_0.22-1.6_G.snv.bam	TARA_039_DCM_0.22-1.6_G.snv.bam	TARA_041_DCM_0.22-1.6_G.snv.bam	TARA_042_DCM_0.22-1.6_G.snv.bam	TARA_042_SRF_0.22-1.6_G.snv.bam	TARA_056_SRF_0.22-3_G.snv.bam	TARA_057_SRF_0.22-3_G.snv.bam	TARA_058_DCM_0.22-3_G.snv.bam	TARA_062_SRF_0.22-3_G.snv.bam	TARA_064_DCM_0.22-3_G.snv.bam	TARA_064_SRF_0.22-3_G.snv.bam	TARA_065_DCM_0.22-3_G.snv.bam	TARA_065_SRF_0.22-3_G.snv.bam	TARA_123_SRF_0.22-3_G.snv.bam	TARA_124_MIX_0.22-3_G.snv.bam	TARA_124_SRF_0.22-3_G.snv.bam	TARA_125_SRF_0.22-3_G.snv.bam	TARA_140_SRF_0.22-3_G.snv.bam	TARA_141_SRF_0.22-3_G.snv.bam	TARA_142_DCM_0.22-3_G.snv.bam	TARA_142_SRF_0.22-3_G.snv.bam
TARA_031_SRF_0.22-1.6_G.snv.bam	0.0	0.00328677074774	0.00246507806081	0.0115036976171	0.0172555464256	0.0460147904684	0.0361544782251	0.0410846343468	0.0361544782251	0.0312243221035	0.0213640098603	0.0238290879211	0.012325390304	0.0147904683648	0.00986031224322	0.0106820049302	0.0106820049302	0.0147904683648	0.0156121610518	0.0156121610518	0.0912078882498	0.0870994248151	0.0912078882498	0.0920295809367	0.0435497124076	0.0550534100247	0.0106820049302	0.0156121610518
TARA_032_DCM_0.22-1.6_G.snv.bam	0.00328677074774	0.0	0.00164338537387	0.0147904683648	0.0139687756779	0.0419063270337	0.0312243221035	0.0369761709121	0.0304026294166	0.0279375513558	0.0147904683648	0.0205423171734	0.00821692686935	0.0106820049302	0.00821692686935	0.0139687756779	0.00821692686935	0.00986031224322	0.0147904683648	0.0115036976171	0.075595727198	0.0780608052588	0.0797041906327	0.076417419885	0.0336894001643	0.050123253903	0.0106820049302	0.012325390304
TARA_032_SRF_0.22-1.6_G.snv.bam	0.00246507806081	0.00164338537387	0.0	0.00739523418242	0.013147082991	0.0394412489729	0.0279375513558	0.0328677074774	0.0304026294166	0.0230073952342	0.0188989317995	0.0287592440427	0.012325390304	0.0156121610518	0.012325390304	0.0139687756779	0.0106820049302	0.013147082991	0.0156121610518	0.0147904683648	0.0862777321282	0.0879211175021	0.0870994248151	0.0879211175021	0.0336894001643	0.0534100246508	0.0115036976171	0.0246507806081
TARA_033_SRF_0.22-1.6_G.snv.bam	0.0115036976171	0.0147904683648	0.00739523418242	0.0	0.0	0.0213640098603	0.0172555464256	0.0197206244864	0.0164338537387	0.0147904683648	0.013147082991	0.0328677074774	0.0156121610518	0.0147904683648	0.013147082991	0.0147904683648	0.013147082991	0.013147082991	0.012325390304	0.012325390304	0.0714872637634	0.0698438783895	0.0747740345111	0.0747740345111	0.0213640098603	0.0304026294166	0.0197206244864	0.0320460147905
TARA_034_SRF_0.22-1.6_G.snv.bam	0.0172555464256	0.0139687756779	0.013147082991	0.0	0.0	0.0139687756779	0.00903861955629	0.012325390304	0.00657354149548	0.00903861955629	0.00903861955629	0.0271158586689	0.012325390304	0.00986031224322	0.0106820049302	0.013147082991	0.00986031224322	0.00986031224322	0.00821692686935	0.00821692686935	0.0731306491372	0.0731306491372	0.0772391125719	0.0797041906327	0.0180772391126	0.0238290879211	0.0164338537387	0.0262941659819
TARA_036_DCM_0.22-1.6_G.snv.bam	0.0460147904684	0.0419063270337	0.0394412489729	0.0213640098603	0.0139687756779	0.0	0.000821692686935	0.00164338537387	0.00246507806081	0.00246507806081	0.0106820049302	0.0312243221035	0.0147904683648	0.00739523418242	0.00986031224322	0.0106820049302	0.00903861955629	0.00575184880855	0.00657354149548	0.00657354149548	0.0920295809367	0.0912078882498	0.0953163516845	0.0953163516845	0.013147082991	0.013147082991	0.0156121610518	0.0345110928513
TARA_038_DCM_0.22-1.6_G.snv.bam	0.0361544782251	0.0312243221035	0.0279375513558	0.0172555464256	0.00903861955629	0.000821692686935	0.0	0.0	0.000821692686935	0.000821692686935	0.000821692686935	0.0213640098603	0.00821692686935	0.00246507806081	0.00328677074774	0.00246507806081	0.00410846343468	0.00246507806081	0.000821692686935	0.0	0.0920295809367	0.0903861955629	0.0936729663106	0.0944946589975	0.0115036976171	0.0106820049302	0.00903861955629	0.0271158586689
TARA_038_SRF_0.22-1.6_G.snv.bam	0.0410846343468	0.0369761709121	0.0328677074774	0.0197206244864	0.012325390304	0.00164338537387	0.0	0.0	0.000821692686935	0.00164338537387	0.00575184880855	0.0328677074774	0.0156121610518	0.00575184880855	0.00657354149548	0.00657354149548	0.00821692686935	0.00328677074774	0.00657354149548	0.00246507806081	0.0920295809367	0.0895645028759	0.0903861955629	0.0944946589975	0.013147082991	0.0147904683648	0.0139687756779	0.0304026294166
TARA_039_DCM_0.22-1.6_G.snv.bam	0.0361544782251	0.0304026294166	0.0304026294166	0.0164338537387	0.00657354149548	0.00246507806081	0.000821692686935	0.000821692686935	0.0	0.0	0.0	0.0238290879211	0.00657354149548	0.00246507806081	0.00164338537387	0.00164338537387	0.00657354149548	0.00246507806081	0.000821692686935	0.0	0.0912078882498	0.0895645028759	0.0936729663106	0.0961380443714	0.012325390304	0.00986031224322	0.00903861955629	0.0246507806081
TARA_041_DCM_0.22-1.6_G.snv.bam	0.0312243221035	0.0279375513558	0.0230073952342	0.0147904683648	0.00903861955629	0.00246507806081	0.000821692686935	0.00164338537387	0.0	0.0	0.000821692686935	0.0213640098603	0.00410846343468	0.00164338537387	0.00164338537387	0.00164338537387	0.00410846343468	0.00328677074774	0.000821692686935	0.0	0.0862777321282	0.0854560394412	0.0895645028759	0.0936729663106	0.0115036976171	0.0106820049302	0.00575184880855	0.0262941659819
TARA_042_DCM_0.22-1.6_G.snv.bam	0.0213640098603	0.0147904683648	0.0188989317995	0.013147082991	0.00903861955629	0.0106820049302	0.000821692686935	0.00575184880855	0.0	0.000821692686935	0.0	0.013147082991	0.00246507806081	0.000821692686935	0.0	0.000821692686935	0.00164338537387	0.000821692686935	0.000821692686935	0.0	0.088742810189	0.0870994248151	0.0895645028759	0.088742810189	0.00493015612161	0.0106820049302	0.00657354149548	0.0172555464256
TARA_042_SRF_0.22-1.6_G.snv.bam	0.0238290879211	0.0205423171734	0.0287592440427	0.0328677074774	0.0271158586689	0.0312243221035	0.0213640098603	0.0328677074774	0.0238290879211	0.0213640098603	0.013147082991	0.0	0.00657354149548	0.00493015612161	0.00739523418242	0.00493015612161	0.0106820049302	0.00903861955629	0.013147082991	0.00821692686935	0.0953163516845	0.0944946589975	0.0953163516845	0.0977814297453	0.0369761709121	0.0410846343468	0.012325390304	0.0197206244864
TARA_056_SRF_0.22-3_G.snv.bam	0.012325390304	0.00821692686935	0.012325390304	0.0156121610518	0.012325390304	0.0147904683648	0.00821692686935	0.0156121610518	0.00657354149548	0.00410846343468	0.00246507806081	0.00657354149548	0.0	0.0	0.000821692686935	0.00246507806081	0.0	0.0	0.00164338537387	0.00164338537387	0.0821692686935	0.0813475760066	0.0870994248151	0.0854560394412	0.00986031224322	0.0164338537387	0.00328677074774	0.012325390304
TARA_057_SRF_0.22-3_G.snv.bam	0.0147904683648	0.0106820049302	0.0156121610518	0.0147904683648	0.00986031224322	0.00739523418242	0.00246507806081	0.00575184880855	0.00246507806081	0.00164338537387	0.000821692686935	0.00493015612161	0.0	0.0	0.0	0.000821692686935	0.000821692686935	0.0	0.0	0.00164338537387	0.0862777321282	0.0862777321282	0.0903861955629	0.0879211175021	0.00328677074774	0.012325390304	0.00493015612161	0.00986031224322
TARA_058_DCM_0.22-3_G.snv.bam	0.00986031224322	0.00821692686935	0.012325390304	0.013147082991	0.0106820049302	0.00986031224322	0.00328677074774	0.00657354149548	0.00164338537387	0.00164338537387	0.0	0.00739523418242	0.000821692686935	0.0	0.0	0.0	0.0	0.0	0.0	0.0	0.0846343467543	0.0846343467543	0.0829909613804	0.0846343467543	0.00986031224322	0.0156121610518	0.00657354149548	0.00986031224322
TARA_062_SRF_0.22-3_G.snv.bam	0.0106820049302	0.0139687756779	0.0139687756779	0.0147904683648	0.013147082991	0.0106820049302	0.00246507806081	0.00657354149548	0.00164338537387	0.00164338537387	0.000821692686935	0.00493015612161	0.00246507806081	0.000821692686935	0.0	0.0	0.00164338537387	0.000821692686935	0.0	0.0	0.088742810189	0.0879211175021	0.0895645028759	0.0879211175021	0.012325390304	0.0230073952342	0.00657354149548	0.012325390304
TARA_064_DCM_0.22-3_G.snv.bam	0.0106820049302	0.00821692686935	0.0106820049302	0.013147082991	0.00986031224322	0.00903861955629	0.00410846343468	0.00821692686935	0.00657354149548	0.00410846343468	0.00164338537387	0.0106820049302	0.0	0.000821692686935	0.0	0.00164338537387	0.0	0.0	0.00246507806081	0.00164338537387	0.0682004930156	0.0706655710764	0.0714872637634	0.075595727198	0.00246507806081	0.012325390304	0.00328677074774	0.0106820049302
TARA_064_SRF_0.22-3_G.snv.bam	0.0147904683648	0.00986031224322	0.013147082991	0.013147082991	0.00986031224322	0.00575184880855	0.00246507806081	0.00328677074774	0.00246507806081	0.00328677074774	0.000821692686935	0.00903861955629	0.0	0.0	0.0	0.000821692686935	0.0	0.0	0.0	0.0	0.0723089564503	0.0706655710764	0.0780608052588	0.076417419885	0.00328677074774	0.00903861955629	0.00328677074774	0.0106820049302
TARA_065_DCM_0.22-3_G.snv.bam	0.0156121610518	0.0147904683648	0.0156121610518	0.012325390304	0.00821692686935	0.00657354149548	0.000821692686935	0.00657354149548	0.000821692686935	0.000821692686935	0.000821692686935	0.013147082991	0.00164338537387	0.0	0.0	0.0	0.00246507806081	0.0	0.0	0.00164338537387	0.0895645028759	0.0895645028759	0.0903861955629	0.0895645028759	0.012325390304	0.0115036976171	0.00657354149548	0.0147904683648
TARA_065_SRF_0.22-3_G.snv.bam	0.0156121610518	0.0115036976171	0.0147904683648	0.012325390304	0.00821692686935	0.00657354149548	0.0	0.00246507806081	0.0	0.0	0.0	0.00821692686935	0.00164338537387	0.00164338537387	0.0	0.0	0.00164338537387	0.0	0.00164338537387	0.0	0.0739523418242	0.0731306491372	0.0772391125719	0.0797041906327	0.0106820049302	0.0106820049302	0.00410846343468	0.013147082991
TARA_123_SRF_0.22-3_G.snv.bam	0.0912078882498	0.075595727198	0.0862777321282	0.0714872637634	0.0731306491372	0.0920295809367	0.0920295809367	0.0920295809367	0.0912078882498	0.0862777321282	0.088742810189	0.0953163516845	0.0821692686935	0.0862777321282	0.0846343467543	0.088742810189	0.0682004930156	0.0723089564503	0.0895645028759	0.0739523418242	0.0	0.0	0.0	0.0	0.0928512736237	0.104354971241	0.0690221857025	0.0797041906327
TARA_124_MIX_0.22-3_G.snv.bam	0.0870994248151	0.0780608052588	0.0879211175021	0.0698438783895	0.0731306491372	0.0912078882498	0.0903861955629	0.0895645028759	0.0895645028759	0.0854560394412	0.0870994248151	0.0944946589975	0.0813475760066	0.0862777321282	0.0846343467543	0.0879211175021	0.0706655710764	0.0706655710764	0.0895645028759	0.0731306491372	0.0	0.0	0.0	0.0	0.0920295809367	0.104354971241	0.0706655710764	0.0797041906327
TARA_124_SRF_0.22-3_G.snv.bam	0.0912078882498	0.0797041906327	0.0870994248151	0.0747740345111	0.0772391125719	0.0953163516845	0.0936729663106	0.0903861955629	0.0936729663106	0.0895645028759	0.0895645028759	0.0953163516845	0.0870994248151	0.0903861955629	0.0829909613804	0.0895645028759	0.0714872637634	0.0780608052588	0.0903861955629	0.0772391125719	0.0	0.0	0.0	0.0	0.0928512736237	0.106820049302	0.0706655710764	0.0813475760066
TARA_125_SRF_0.22-3_G.snv.bam	0.0920295809367	0.076417419885	0.0879211175021	0.0747740345111	0.0797041906327	0.0953163516845	0.0944946589975	0.0944946589975	0.0961380443714	0.0936729663106	0.088742810189	0.0977814297453	0.0854560394412	0.0879211175021	0.0846343467543	0.0879211175021	0.075595727198	0.076417419885	0.0895645028759	0.0797041906327	0.0	0.0	0.0	0.0	0.0977814297453	0.110106820049	0.0731306491372	0.0821692686935
TARA_140_SRF_0.22-3_G.snv.bam	0.0435497124076	0.0336894001643	0.0336894001643	0.0213640098603	0.0180772391126	0.013147082991	0.0115036976171	0.013147082991	0.012325390304	0.0115036976171	0.00493015612161	0.0369761709121	0.00986031224322	0.00328677074774	0.00986031224322	0.012325390304	0.00246507806081	0.00328677074774	0.012325390304	0.0106820049302	0.0928512736237	0.0920295809367	0.0928512736237	0.0977814297453	0.0	0.00575184880855	0.0147904683648	0.0336894001643
TARA_141_SRF_0.22-3_G.snv.bam	0.0550534100247	0.050123253903	0.0534100246508	0.0304026294166	0.0238290879211	0.013147082991	0.0106820049302	0.0147904683648	0.00986031224322	0.0106820049302	0.0106820049302	0.0410846343468	0.0164338537387	0.012325390304	0.0156121610518	0.0230073952342	0.012325390304	0.00903861955629	0.0115036976171	0.0106820049302	0.104354971241	0.104354971241	0.106820049302	0.110106820049	0.00575184880855	0.0	0.0188989317995	0.0435497124076
TARA_142_DCM_0.22-3_G.snv.bam	0.0106820049302	0.0106820049302	0.0115036976171	0.0197206244864	0.0164338537387	0.0156121610518	0.00903861955629	0.0139687756779	0.00903861955629	0.00575184880855	0.00657354149548	0.012325390304	0.00328677074774	0.00493015612161	0.00657354149548	0.00657354149548	0.00328677074774	0.00328677074774	0.00657354149548	0.00410846343468	0.0690221857025	0.0706655710764	0.0706655710764	0.0731306491372	0.0147904683648	0.0188989317995	0.0	0.00164338537387
TARA_142_SRF_0.22-3_G.snv.bam	0.0156121610518	0.012325390304	0.0246507806081	0.0320460147905	0.0262941659819	0.0345110928513	0.0271158586689	0.0304026294166	0.0246507806081	0.0262941659819	0.0172555464256	0.0197206244864	0.012325390304	0.00986031224322	0.00986031224322	0.012325390304	0.0106820049302	0.0106820049302	0.0147904683648	0.013147082991	0.0797041906327	0.0797041906327	0.0813475760066	0.0821692686935	0.0336894001643	0.0435497124076	0.00164338537387	0.0
