	TARA_004_DCM_0.22-1.6_G.snv.bam	TARA_004_SRF_0.22-1.6_G.snv.bam	TARA_007_DCM_0.22-1.6_G.snv.bam	TARA_007_SRF_0.22-1.6_G.snv.bam	TARA_009_DCM_0.22-1.6_G.snv.bam	TARA_009_SRF_0.22-1.6_G.snv.bam	TARA_018_DCM_0.22-1.6_G.snv.bam	TARA_018_SRF_0.22-1.6_G.snv.bam	TARA_023_DCM_0.22-1.6_G.snv.bam	TARA_023_SRF_0.22-1.6_G.snv.bam	TARA_025_DCM_0.22-1.6_G.snv.bam	TARA_025_SRF_0.22-1.6_G.snv.bam	TARA_030_DCM_0.22-1.6_G.snv.bam	TARA_030_SRF_0.22-1.6_G.snv.bam	TARA_094_SRF_0.22-3_G.snv.bam	TARA_133_SRF_0.22-3_G.snv.bam	TARA_146_SRF_0.22-3_G.snv.bam	TARA_148_SRF_0.22-3_G.snv.bam	TARA_150_DCM_0.22-3_G.snv.bam	TARA_150_SRF_0.22-3_G.snv.bam	TARA_151_DCM_0.22-3_G.snv.bam	TARA_151_SRF_0.22-3_G.snv.bam
TARA_004_DCM_0.22-1.6_G.snv.bam	0.0	0.0	0.0	0.00677200902935	0.0	0.0112866817156	0.00225733634312	0.00225733634312	0.00902934537246	0.0180586907449	0.0135440180587	0.0180586907449	0.0158013544018	0.020316027088	0.0474040632054	0.0361173814898	0.0135440180587	0.0158013544018	0.00225733634312	0.00225733634312	0.00451467268623	0.00225733634312
TARA_004_SRF_0.22-1.6_G.snv.bam	0.0	0.0	0.0	0.0	0.0	0.0	0.0	0.0	0.0	0.0	0.0	0.00225733634312	0.00451467268623	0.00677200902935	0.058690744921	0.038374717833	0.00902934537246	0.00677200902935	0.0	0.0	0.00451467268623	0.0
TARA_007_DCM_0.22-1.6_G.snv.bam	0.0	0.0	0.0	0.0	0.0	0.0	0.0	0.0	0.0	0.0	0.0	0.0	0.0	0.0	0.0564334085779	0.0474040632054	0.0	0.0	0.00225733634312	0.00225733634312	0.0158013544018	0.00902934537246
TARA_007_SRF_0.22-1.6_G.snv.bam	0.00677200902935	0.0	0.0	0.0	0.0	0.0	0.0	0.0	0.0	0.0	0.0	0.0	0.0	0.0	0.0902934537246	0.0744920993228	0.0	0.0	0.00225733634312	0.0180586907449	0.0338600451467	0.0338600451467
TARA_009_DCM_0.22-1.6_G.snv.bam	0.0	0.0	0.0	0.0	0.0	0.0	0.0	0.0	0.0	0.0	0.0	0.0	0.0	0.0	0.0632054176072	0.0541760722348	0.00225733634312	0.0	0.0	0.0	0.0135440180587	0.00677200902935
TARA_009_SRF_0.22-1.6_G.snv.bam	0.0112866817156	0.0	0.0	0.0	0.0	0.0	0.0	0.0	0.0	0.0	0.0	0.0	0.0	0.0	0.0925507900677	0.0744920993228	0.0	0.0	0.00225733634312	0.0248306997743	0.0406320541761	0.038374717833
TARA_018_DCM_0.22-1.6_G.snv.bam	0.00225733634312	0.0	0.0	0.0	0.0	0.0	0.0	0.0	0.0	0.0	0.0	0.0	0.0	0.0	0.0835214446953	0.0722347629797	0.0	0.0	0.00225733634312	0.0112866817156	0.0361173814898	0.0293453724605
TARA_018_SRF_0.22-1.6_G.snv.bam	0.00225733634312	0.0	0.0	0.0	0.0	0.0	0.0	0.0	0.0	0.0	0.0	0.0	0.0	0.0	0.0880361173815	0.0722347629797	0.0	0.0	0.0	0.0135440180587	0.0428893905192	0.0338600451467
TARA_023_DCM_0.22-1.6_G.snv.bam	0.00902934537246	0.0	0.0	0.0	0.0	0.0	0.0	0.0	0.0	0.0	0.0	0.0	0.0	0.0	0.0880361173815	0.0744920993228	0.0	0.0	0.00225733634312	0.0225733634312	0.0451467268623	0.0361173814898
TARA_023_SRF_0.22-1.6_G.snv.bam	0.0180586907449	0.0	0.0	0.0	0.0	0.0	0.0	0.0	0.0	0.0	0.0	0.0	0.0	0.0	0.097065462754	0.0767494356659	0.0	0.0	0.00225733634312	0.0293453724605	0.0519187358916	0.0406320541761
TARA_025_DCM_0.22-1.6_G.snv.bam	0.0135440180587	0.0	0.0	0.0	0.0	0.0	0.0	0.0	0.0	0.0	0.0	0.0	0.0	0.0	0.097065462754	0.0744920993228	0.0	0.0	0.00225733634312	0.0270880361174	0.0496613995485	0.0361173814898
TARA_025_SRF_0.22-1.6_G.snv.bam	0.0180586907449	0.00225733634312	0.0	0.0	0.0	0.0	0.0	0.0	0.0	0.0	0.0	0.0	0.0	0.0	0.097065462754	0.0767494356659	0.0	0.0	0.00225733634312	0.0270880361174	0.0519187358916	0.0428893905192
TARA_030_DCM_0.22-1.6_G.snv.bam	0.0158013544018	0.00451467268623	0.0	0.0	0.0	0.0	0.0	0.0	0.0	0.0	0.0	0.0	0.0	0.0	0.0925507900677	0.0767494356659	0.0	0.0	0.00225733634312	0.0293453724605	0.0496613995485	0.0406320541761
TARA_030_SRF_0.22-1.6_G.snv.bam	0.020316027088	0.00677200902935	0.0	0.0	0.0	0.0	0.0	0.0	0.0	0.0	0.0	0.0	0.0	0.0	0.0993227990971	0.0767494356659	0.0	0.0	0.00451467268623	0.0316027088036	0.0564334085779	0.0451467268623
TARA_094_SRF_0.22-3_G.snv.bam	0.0474040632054	0.058690744921	0.0564334085779	0.0902934537246	0.0632054176072	0.0925507900677	0.0835214446953	0.0880361173815	0.0880361173815	0.097065462754	0.097065462754	0.097065462754	0.0925507900677	0.0993227990971	0.0	0.00225733634312	0.0925507900677	0.0857787810384	0.058690744921	0.0293453724605	0.0158013544018	0.0180586907449
TARA_133_SRF_0.22-3_G.snv.bam	0.0361173814898	0.038374717833	0.0474040632054	0.0744920993228	0.0541760722348	0.0744920993228	0.0722347629797	0.0722347629797	0.0744920993228	0.0767494356659	0.0744920993228	0.0767494356659	0.0767494356659	0.0767494356659	0.00225733634312	0.0	0.0699774266366	0.0722347629797	0.0338600451467	0.0225733634312	0.00902934537246	0.0135440180587
TARA_146_SRF_0.22-3_G.snv.bam	0.0135440180587	0.00902934537246	0.0	0.0	0.00225733634312	0.0	0.0	0.0	0.0	0.0	0.0	0.0	0.0	0.0	0.0925507900677	0.0699774266366	0.0	0.0	0.00225733634312	0.0112866817156	0.0428893905192	0.0316027088036
TARA_148_SRF_0.22-3_G.snv.bam	0.0158013544018	0.00677200902935	0.0	0.0	0.0	0.0	0.0	0.0	0.0	0.0	0.0	0.0	0.0	0.0	0.0857787810384	0.0722347629797	0.0	0.0	0.0	0.0225733634312	0.0519187358916	0.0361173814898
TARA_150_DCM_0.22-3_G.snv.bam	0.00225733634312	0.0	0.00225733634312	0.00225733634312	0.0	0.00225733634312	0.00225733634312	0.0	0.00225733634312	0.00225733634312	0.00225733634312	0.00225733634312	0.00225733634312	0.00451467268623	0.058690744921	0.0338600451467	0.00225733634312	0.0	0.0	0.00225733634312	0.0135440180587	0.00677200902935
TARA_150_SRF_0.22-3_G.snv.bam	0.00225733634312	0.0	0.00225733634312	0.0180586907449	0.0	0.0248306997743	0.0112866817156	0.0135440180587	0.0225733634312	0.0293453724605	0.0270880361174	0.0270880361174	0.0293453724605	0.0316027088036	0.0293453724605	0.0225733634312	0.0112866817156	0.0225733634312	0.00225733634312	0.0	0.00225733634312	0.0
TARA_151_DCM_0.22-3_G.snv.bam	0.00451467268623	0.00451467268623	0.0158013544018	0.0338600451467	0.0135440180587	0.0406320541761	0.0361173814898	0.0428893905192	0.0451467268623	0.0519187358916	0.0496613995485	0.0519187358916	0.0496613995485	0.0564334085779	0.0158013544018	0.00902934537246	0.0428893905192	0.0519187358916	0.0135440180587	0.00225733634312	0.0	0.0
TARA_151_SRF_0.22-3_G.snv.bam	0.00225733634312	0.0	0.00902934537246	0.0338600451467	0.00677200902935	0.038374717833	0.0293453724605	0.0338600451467	0.0361173814898	0.0406320541761	0.0361173814898	0.0428893905192	0.0406320541761	0.0451467268623	0.0180586907449	0.0135440180587	0.0316027088036	0.0361173814898	0.00677200902935	0.0	0.0	0.0
