	TARA_036_DCM_0.22-1.6_G.snv.bam	TARA_036_SRF_0.22-1.6_G.snv.bam	TARA_102_SRF_0.22-3_G.snv.bam	TARA_109_DCM_0.22-3_G.snv.bam	TARA_109_SRF_0.22-3_G.snv.bam	TARA_123_SRF_0.22-3_G.snv.bam
TARA_036_DCM_0.22-1.6_G.snv.bam	0.0	0.0284546655327	0.0515611131417	0.050485776203	0.0449590277948	0.0592662270814
TARA_036_SRF_0.22-1.6_G.snv.bam	0.0284546655327	0.0	0.0503603441685	0.051696281131	0.0464826872184	0.0592622564699
TARA_102_SRF_0.22-3_G.snv.bam	0.0515611131417	0.0503603441685	0.0	0.0483739692197	0.0442952254582	0.0711561095954
TARA_109_DCM_0.22-3_G.snv.bam	0.050485776203	0.051696281131	0.0483739692197	0.0	0.0395102189098	0.0711021937009
TARA_109_SRF_0.22-3_G.snv.bam	0.0449590277948	0.0464826872184	0.0442952254582	0.0395102189098	0.0	0.0687729735463
TARA_123_SRF_0.22-3_G.snv.bam	0.0592662270814	0.0592622564699	0.0711561095954	0.0711021937009	0.0687729735463	0.0
