	TARA_004_SRF_0.22-1.6_G.snv.bam	TARA_007_SRF_0.22-1.6_G.snv.bam	TARA_009_SRF_0.22-1.6_G.snv.bam	TARA_018_DCM_0.22-1.6_G.snv.bam	TARA_018_SRF_0.22-1.6_G.snv.bam	TARA_023_DCM_0.22-1.6_G.snv.bam	TARA_023_SRF_0.22-1.6_G.snv.bam	TARA_025_DCM_0.22-1.6_G.snv.bam	TARA_025_SRF_0.22-1.6_G.snv.bam	TARA_094_SRF_0.22-3_G.snv.bam
TARA_004_SRF_0.22-1.6_G.snv.bam	0.0	0.0141700404858	0.0222672064777	0.0222672064777	0.0283400809717	0.0344129554656	0.0323886639676	0.0344129554656	0.0425101214575	0.238866396761
TARA_007_SRF_0.22-1.6_G.snv.bam	0.0141700404858	0.0	0.0	0.0	0.00202429149798	0.0101214574899	0.0141700404858	0.0101214574899	0.0141700404858	0.242914979757
TARA_009_SRF_0.22-1.6_G.snv.bam	0.0222672064777	0.0	0.0	0.0080971659919	0.0080971659919	0.00607287449393	0.0141700404858	0.0182186234818	0.0161943319838	0.251012145749
TARA_018_DCM_0.22-1.6_G.snv.bam	0.0222672064777	0.0	0.0080971659919	0.0	0.0	0.00202429149798	0.0182186234818	0.00404858299595	0.0202429149798	0.230769230769
TARA_018_SRF_0.22-1.6_G.snv.bam	0.0283400809717	0.00202429149798	0.0080971659919	0.0	0.0	0.00202429149798	0.0182186234818	0.0	0.0222672064777	0.238866396761
TARA_023_DCM_0.22-1.6_G.snv.bam	0.0344129554656	0.0101214574899	0.00607287449393	0.00202429149798	0.00202429149798	0.0	0.0	0.0	0.0	0.255060728745
TARA_023_SRF_0.22-1.6_G.snv.bam	0.0323886639676	0.0141700404858	0.0141700404858	0.0182186234818	0.0182186234818	0.0	0.0	0.00404858299595	0.00202429149798	0.257085020243
TARA_025_DCM_0.22-1.6_G.snv.bam	0.0344129554656	0.0101214574899	0.0182186234818	0.00404858299595	0.0	0.0	0.00404858299595	0.0	0.0080971659919	0.206477732794
TARA_025_SRF_0.22-1.6_G.snv.bam	0.0425101214575	0.0141700404858	0.0161943319838	0.0202429149798	0.0222672064777	0.0	0.00202429149798	0.0080971659919	0.0	0.253036437247
TARA_094_SRF_0.22-3_G.snv.bam	0.238866396761	0.242914979757	0.251012145749	0.230769230769	0.238866396761	0.255060728745	0.257085020243	0.206477732794	0.253036437247	0.0
