	TARA_018_DCM_0.22-1.6_G.snv.bam	TARA_018_SRF_0.22-1.6_G.snv.bam	TARA_023_DCM_0.22-1.6_G.snv.bam	TARA_023_SRF_0.22-1.6_G.snv.bam	TARA_025_DCM_0.22-1.6_G.snv.bam	TARA_025_SRF_0.22-1.6_G.snv.bam	TARA_140_SRF_0.22-3_G.snv.bam	TARA_141_SRF_0.22-3_G.snv.bam	TARA_146_SRF_0.22-3_G.snv.bam
TARA_018_DCM_0.22-1.6_G.snv.bam	0.0	0.0	0.0	0.0	0.0	0.0	0.206315789474	0.178947368421	0.0884210526316
TARA_018_SRF_0.22-1.6_G.snv.bam	0.0	0.0	0.0	0.0	0.0	0.0	0.212631578947	0.181052631579	0.0947368421053
TARA_023_DCM_0.22-1.6_G.snv.bam	0.0	0.0	0.0	0.0	0.0	0.0	0.208421052632	0.178947368421	0.0821052631579
TARA_023_SRF_0.22-1.6_G.snv.bam	0.0	0.0	0.0	0.0	0.0	0.0	0.202105263158	0.170526315789	0.0757894736842
TARA_025_DCM_0.22-1.6_G.snv.bam	0.0	0.0	0.0	0.0	0.0	0.0	0.206315789474	0.174736842105	0.0884210526316
TARA_025_SRF_0.22-1.6_G.snv.bam	0.0	0.0	0.0	0.0	0.0	0.0	0.210526315789	0.174736842105	0.0821052631579
TARA_140_SRF_0.22-3_G.snv.bam	0.206315789474	0.212631578947	0.208421052632	0.202105263158	0.206315789474	0.210526315789	0.0	0.0168421052632	0.0526315789474
TARA_141_SRF_0.22-3_G.snv.bam	0.178947368421	0.181052631579	0.178947368421	0.170526315789	0.174736842105	0.174736842105	0.0168421052632	0.0	0.0231578947368
TARA_146_SRF_0.22-3_G.snv.bam	0.0884210526316	0.0947368421053	0.0821052631579	0.0757894736842	0.0884210526316	0.0821052631579	0.0526315789474	0.0231578947368	0.0
