	TARA_065_MES_0.22-3_G.snv.bam	TARA_068_MES_0.22-3_G.snv.bam	TARA_078_MES_0.22-3_G.snv.bam	TARA_098_MES_0.22-3_G.snv.bam	TARA_132_MES_0.22-3_G.snv.bam	TARA_133_MES_0.22-3_G.snv.bam	TARA_145_MES_0.22-3_G.snv.bam
TARA_065_MES_0.22-3_G.snv.bam	0.0	0.148123451987	0.200399437521	0.110165535378	0.118015903443	0.243357901321	0.226698564437
TARA_068_MES_0.22-3_G.snv.bam	0.148123451987	0.0	0.0904033698225	0.0923291898837	0.0862138715065	0.156551685164	0.152636110797
TARA_078_MES_0.22-3_G.snv.bam	0.200399437521	0.0904033698225	0.0	0.13353326718	0.110371789715	0.146922474222	0.141318075654
TARA_098_MES_0.22-3_G.snv.bam	0.110165535378	0.0923291898837	0.13353326718	0.0	0.0912927853397	0.180226946508	0.188195417837
TARA_132_MES_0.22-3_G.snv.bam	0.118015903443	0.0862138715065	0.110371789715	0.0912927853397	0.0	0.183704312483	0.178967276619
TARA_133_MES_0.22-3_G.snv.bam	0.243357901321	0.156551685164	0.146922474222	0.180226946508	0.183704312483	0.0	0.13626888574
TARA_145_MES_0.22-3_G.snv.bam	0.226698564437	0.152636110797	0.141318075654	0.188195417837	0.178967276619	0.13626888574	0.0
