	TARA_032_DCM_0.22-1.6_G.snv.bam	TARA_076_DCM_0.22-3_G.snv.bam	TARA_078_DCM_0.22-3_G.snv.bam	TARA_122_DCM_0.22-3_G.snv.bam	TARA_123_MIX_0.22-3_G.snv.bam	TARA_124_MIX_0.22-3_G.snv.bam	TARA_146_SRF_0.22-3_G.snv.bam
TARA_032_DCM_0.22-1.6_G.snv.bam	0.0	0.0848640026477	0.0760099873318	0.328221683938	0.275620970514	0.377039842697	0.170284406567
TARA_076_DCM_0.22-3_G.snv.bam	0.0848640026477	0.0	0.0270987942914	0.289453825876	0.232669478798	0.338517248014	0.127130426291
TARA_078_DCM_0.22-3_G.snv.bam	0.0760099873318	0.0270987942914	0.0	0.293339705832	0.23711873562	0.341521315356	0.120811200647
TARA_122_DCM_0.22-3_G.snv.bam	0.328221683938	0.289453825876	0.293339705832	0.0	0.1287788889	0.0944690370387	0.29838249846
TARA_123_MIX_0.22-3_G.snv.bam	0.275620970514	0.232669478798	0.23711873562	0.1287788889	0.0	0.202842311934	0.256516600598
TARA_124_MIX_0.22-3_G.snv.bam	0.377039842697	0.338517248014	0.341521315356	0.0944690370387	0.202842311934	0.0	0.343530089673
TARA_146_SRF_0.22-3_G.snv.bam	0.170284406567	0.127130426291	0.120811200647	0.29838249846	0.256516600598	0.343530089673	0.0
