	TARA_065_MES_0.22-3_G.snv.bam	TARA_068_MES_0.22-3_G.snv.bam	TARA_098_MES_0.22-3_G.snv.bam	TARA_132_MES_0.22-3_G.snv.bam	TARA_142_MES_0.22-3_G.snv.bam	TARA_146_MES_0.22-3_G.snv.bam	TARA_149_MES_0.22-3_G.snv.bam	TARA_152_MES_0.22-3_G.snv.bam
TARA_065_MES_0.22-3_G.snv.bam	0.0	0.0652080354569	0.0618176588353	0.0639061790196	0.0828597519662	0.0847411848483	0.0806624700491	0.0696951803405
TARA_068_MES_0.22-3_G.snv.bam	0.0652080354569	0.0	0.0642330016415	0.0648214654278	0.0992594397756	0.0997064431754	0.095995882074	0.0879662313518
TARA_098_MES_0.22-3_G.snv.bam	0.0618176588353	0.0642330016415	0.0	0.0483737139296	0.0993743341513	0.102615008697	0.0965395402691	0.0821976300643
TARA_132_MES_0.22-3_G.snv.bam	0.0639061790196	0.0648214654278	0.0483737139296	0.0	0.102308462758	0.104992540653	0.0977759294574	0.0847202427489
TARA_142_MES_0.22-3_G.snv.bam	0.0828597519662	0.0992594397756	0.0993743341513	0.102308462758	0.0	0.0671964307564	0.0713058303819	0.0798167802239
TARA_146_MES_0.22-3_G.snv.bam	0.0847411848483	0.0997064431754	0.102615008697	0.104992540653	0.0671964307564	0.0	0.0570222171242	0.0691765008168
TARA_149_MES_0.22-3_G.snv.bam	0.0806624700491	0.095995882074	0.0965395402691	0.0977759294574	0.0713058303819	0.0570222171242	0.0	0.06264184515
TARA_152_MES_0.22-3_G.snv.bam	0.0696951803405	0.0879662313518	0.0821976300643	0.0847202427489	0.0798167802239	0.0691765008168	0.06264184515	0.0
