	TARA_032_DCM_0.22-1.6_G.snv.bam	TARA_052_DCM_0.22-1.6_G.snv.bam	TARA_064_DCM_0.22-3_G.snv.bam	TARA_064_SRF_0.22-3_G.snv.bam	TARA_065_DCM_0.22-3_G.snv.bam	TARA_072_DCM_0.22-3_G.snv.bam	TARA_142_DCM_0.22-3_G.snv.bam	TARA_142_SRF_0.22-3_G.snv.bam	TARA_146_SRF_0.22-3_G.snv.bam	TARA_148_SRF_0.22-3_G.snv.bam
TARA_032_DCM_0.22-1.6_G.snv.bam	0.0	0.0177975528365	0.0122358175751	0.00778642936596	0.0111234705228	0.0166852057842	0.0166852057842	0.0189098998888	0.0166852057842	0.0133481646274
TARA_052_DCM_0.22-1.6_G.snv.bam	0.0177975528365	0.0	0.00333704115684	0.00444938820912	0.00667408231368	0.00667408231368	0.0100111234705	0.00778642936596	0.00889877641824	0.0100111234705
TARA_064_DCM_0.22-3_G.snv.bam	0.0122358175751	0.00333704115684	0.0	0.00111234705228	0.00111234705228	0.0	0.00222469410456	0.00333704115684	0.00222469410456	0.00333704115684
TARA_064_SRF_0.22-3_G.snv.bam	0.00778642936596	0.00444938820912	0.00111234705228	0.0	0.0	0.00111234705228	0.00333704115684	0.0055617352614	0.00333704115684	0.00444938820912
TARA_065_DCM_0.22-3_G.snv.bam	0.0111234705228	0.00667408231368	0.00111234705228	0.0	0.0	0.00222469410456	0.00444938820912	0.0055617352614	0.00333704115684	0.00222469410456
TARA_072_DCM_0.22-3_G.snv.bam	0.0166852057842	0.00667408231368	0.0	0.00111234705228	0.00222469410456	0.0	0.00667408231368	0.00889877641824	0.0055617352614	0.00667408231368
TARA_142_DCM_0.22-3_G.snv.bam	0.0166852057842	0.0100111234705	0.00222469410456	0.00333704115684	0.00444938820912	0.00667408231368	0.0	0.0	0.0	0.0
TARA_142_SRF_0.22-3_G.snv.bam	0.0189098998888	0.00778642936596	0.00333704115684	0.0055617352614	0.0055617352614	0.00889877641824	0.0	0.0	0.0	0.0
TARA_146_SRF_0.22-3_G.snv.bam	0.0166852057842	0.00889877641824	0.00222469410456	0.00333704115684	0.00333704115684	0.0055617352614	0.0	0.0	0.0	0.0
TARA_148_SRF_0.22-3_G.snv.bam	0.0133481646274	0.0100111234705	0.00333704115684	0.00444938820912	0.00222469410456	0.00667408231368	0.0	0.0	0.0	0.0
