	TARA_066_DCM_0.22-3_G.snv.bam	TARA_066_SRF_0.22-3_G.snv.bam	TARA_068_DCM_0.22-3_G.snv.bam	TARA_068_SRF_0.22-3_G.snv.bam	TARA_133_SRF_0.22-3_G.snv.bam	TARA_150_DCM_0.22-3_G.snv.bam	TARA_150_SRF_0.22-3_G.snv.bam	TARA_151_DCM_0.22-3_G.snv.bam	TARA_151_SRF_0.22-3_G.snv.bam	TARA_152_MIX_0.22-3_G.snv.bam	TARA_152_SRF_0.22-3_G.snv.bam
TARA_066_DCM_0.22-3_G.snv.bam	0.0	0.0498345539018	0.104391881107	0.0999343351457	0.234828360459	0.167985308831	0.168343408166	0.16648984772	0.167903090814	0.111336361094	0.11016630829
TARA_066_SRF_0.22-3_G.snv.bam	0.0498345539018	0.0	0.110369246375	0.102598392563	0.231375885226	0.17462907844	0.175540166657	0.173278700156	0.174598046542	0.116250065498	0.11500290578
TARA_068_DCM_0.22-3_G.snv.bam	0.104391881107	0.110369246375	0.0	0.0755579396486	0.276669482173	0.1201710102	0.120979874409	0.119514994913	0.120324067668	0.0933762171366	0.0938143276779
TARA_068_SRF_0.22-3_G.snv.bam	0.0999343351457	0.102598392563	0.0755579396486	0.0	0.267371165386	0.126185668592	0.12995888153	0.128620720358	0.129677765738	0.098435127137	0.0986300283092
TARA_133_SRF_0.22-3_G.snv.bam	0.234828360459	0.231375885226	0.276669482173	0.267371165386	0.0	0.30333637478	0.308646801913	0.306588332518	0.305361931418	0.272622425637	0.272443473987
TARA_150_DCM_0.22-3_G.snv.bam	0.167985308831	0.17462907844	0.1201710102	0.126185668592	0.30333637478	0.0	0.0319839253807	0.0348770127743	0.036055789523	0.078360225575	0.0810563265476
TARA_150_SRF_0.22-3_G.snv.bam	0.168343408166	0.175540166657	0.120979874409	0.12995888153	0.308646801913	0.0319839253807	0.0	0.0301368161242	0.032145415848	0.0788490697201	0.0811464729291
TARA_151_DCM_0.22-3_G.snv.bam	0.16648984772	0.173278700156	0.119514994913	0.128620720358	0.306588332518	0.0348770127743	0.0301368161242	0.0	0.0193124873415	0.077616455721	0.0805455455577
TARA_151_SRF_0.22-3_G.snv.bam	0.167903090814	0.174598046542	0.120324067668	0.129677765738	0.305361931418	0.036055789523	0.032145415848	0.0193124873415	0.0	0.0791417688542	0.0821376066259
TARA_152_MIX_0.22-3_G.snv.bam	0.111336361094	0.116250065498	0.0933762171366	0.098435127137	0.272622425637	0.078360225575	0.0788490697201	0.077616455721	0.0791417688542	0.0	0.0228804779441
TARA_152_SRF_0.22-3_G.snv.bam	0.11016630829	0.11500290578	0.0938143276779	0.0986300283092	0.272443473987	0.0810563265476	0.0811464729291	0.0805455455577	0.0821376066259	0.0228804779441	0.0
