	TARA_004_DCM_0.22-1.6_G.snv.bam	TARA_064_DCM_0.22-3_G.snv.bam	TARA_064_SRF_0.22-3_G.snv.bam	TARA_065_DCM_0.22-3_G.snv.bam	TARA_072_DCM_0.22-3_G.snv.bam	TARA_076_DCM_0.22-3_G.snv.bam	TARA_076_SRF_0.22-3_G.snv.bam	TARA_078_DCM_0.22-3_G.snv.bam	TARA_078_SRF_0.22-3_G.snv.bam	TARA_098_DCM_0.22-3_G.snv.bam	TARA_100_DCM_0.22-3_G.snv.bam	TARA_111_DCM_0.22-3_G.snv.bam	TARA_112_DCM_0.22-3_G.snv.bam	TARA_112_SRF_0.22-3_G.snv.bam	TARA_146_SRF_0.22-3_G.snv.bam	TARA_148_SRF_0.22-3_G.snv.bam	TARA_149_SRF_0.22-3_G.snv.bam	TARA_150_DCM_0.22-3_G.snv.bam	TARA_150_SRF_0.22-3_G.snv.bam
TARA_004_DCM_0.22-1.6_G.snv.bam	0.0	0.0959000171712	0.0893877867372	0.0939003795736	0.0911271389728	0.0888697977917	0.0959499607751	0.0815757926185	0.0846986931122	0.136253604309	0.113657007086	0.119879950991	0.127510659325	0.141944196989	0.0794205894336	0.0805398011855	0.0711934932375	0.0642868253058	0.0673787111988
TARA_064_DCM_0.22-3_G.snv.bam	0.0959000171712	0.0	0.0377341291624	0.046529344605	0.0845436056638	0.0534855934782	0.0637304258184	0.0531438082582	0.0584176306535	0.122153160163	0.103619642247	0.111467974659	0.115249785897	0.132520121366	0.0673984940511	0.0621558749813	0.0700573509609	0.0761154109332	0.0966751217685
TARA_064_SRF_0.22-3_G.snv.bam	0.0893877867372	0.0377341291624	0.0	0.0403069484841	0.078335632746	0.0483696453991	0.0607393922636	0.0440507818071	0.0516534790183	0.119910126105	0.098373290731	0.107615997283	0.112290247163	0.129687898005	0.0625021452612	0.0550145946866	0.0632627847847	0.0685114881241	0.0903767974455
TARA_065_DCM_0.22-3_G.snv.bam	0.0939003795736	0.046529344605	0.0403069484841	0.0	0.0804118351626	0.0591263086895	0.0626173979383	0.0536754625813	0.0574826558193	0.118646134929	0.0997547793515	0.108853691049	0.112633144257	0.131182002415	0.0708472865864	0.0630884829151	0.0720143996259	0.0764438569964	0.0931109928823
TARA_072_DCM_0.22-3_G.snv.bam	0.0911271389728	0.0845436056638	0.078335632746	0.0804118351626	0.0	0.0728392316827	0.0828797654407	0.0708844446328	0.0699662196467	0.114772797402	0.0869298389769	0.0962584053502	0.107402223083	0.126538843583	0.0890080416695	0.0825908080861	0.0886704414599	0.0791271423107	0.0983852340288
TARA_076_DCM_0.22-3_G.snv.bam	0.0888697977917	0.0534855934782	0.0483696453991	0.0591263086895	0.0728392316827	0.0	0.0559849904491	0.0440742772281	0.0476061303586	0.114931299501	0.0918220072621	0.0999169544505	0.108484034658	0.126878332565	0.0674123250482	0.0613054974462	0.0684280265463	0.0687813274059	0.0899451262718
TARA_076_SRF_0.22-3_G.snv.bam	0.0959499607751	0.0637304258184	0.0607393922636	0.0626173979383	0.0828797654407	0.0559849904491	0.0	0.0613912924769	0.0657507670641	0.127431167239	0.101577185249	0.109539943064	0.120816237819	0.141193745236	0.0787028538146	0.0709525393494	0.0746614927131	0.0771341613614	0.0987220660066
TARA_078_DCM_0.22-3_G.snv.bam	0.0815757926185	0.0531438082582	0.0440507818071	0.0536754625813	0.0708844446328	0.0440742772281	0.0613912924769	0.0	0.0430394524766	0.113015336481	0.0911760247816	0.0999443669861	0.105441473648	0.124206925365	0.0619039289682	0.0568108051161	0.0614540929451	0.0646680548532	0.0856798794344
TARA_078_SRF_0.22-3_G.snv.bam	0.0846986931122	0.0584176306535	0.0516534790183	0.0574826558193	0.0699662196467	0.0476061303586	0.0657507670641	0.0430394524766	0.0	0.107264357198	0.0866180232334	0.0950502545585	0.100893207128	0.11842597064	0.066133880997	0.0604268433646	0.0670794137752	0.0690776382505	0.0892294006687
TARA_098_DCM_0.22-3_G.snv.bam	0.136253604309	0.122153160163	0.119910126105	0.118646134929	0.114772797402	0.114931299501	0.127431167239	0.113015336481	0.107264357198	0.0	0.0767204628855	0.0901064650655	0.0341217633226	0.0581606267194	0.125000553649	0.121107253985	0.126389690105	0.12149545167	0.138173097908
TARA_100_DCM_0.22-3_G.snv.bam	0.113657007086	0.103619642247	0.098373290731	0.0997547793515	0.0869298389769	0.0918220072621	0.101577185249	0.0911760247816	0.0866180232334	0.0767204628855	0.0	0.031847581589	0.0741491201228	0.0976358045228	0.10255325373	0.0997180397731	0.103625521083	0.100662992606	0.118642051118
TARA_111_DCM_0.22-3_G.snv.bam	0.119879950991	0.111467974659	0.107615997283	0.108853691049	0.0962584053502	0.0999169544505	0.109539943064	0.0999443669861	0.0950502545585	0.0901064650655	0.031847581589	0.0	0.0859664497933	0.107374000315	0.110823491337	0.107181433984	0.110937523026	0.108165699377	0.12310008163
TARA_112_DCM_0.22-3_G.snv.bam	0.127510659325	0.115249785897	0.112290247163	0.112633144257	0.107402223083	0.108484034658	0.120816237819	0.105441473648	0.100893207128	0.0341217633226	0.0741491201228	0.0859664497933	0.0	0.0464437696749	0.117786182102	0.114844590003	0.118047418096	0.113936217663	0.129511299825
TARA_112_SRF_0.22-3_G.snv.bam	0.141944196989	0.132520121366	0.129687898005	0.131182002415	0.126538843583	0.126878332565	0.141193745236	0.124206925365	0.11842597064	0.0581606267194	0.0976358045228	0.107374000315	0.0464437696749	0.0	0.13350272569	0.12975753664	0.132386729004	0.130223085875	0.143563637546
TARA_146_SRF_0.22-3_G.snv.bam	0.0794205894336	0.0673984940511	0.0625021452612	0.0708472865864	0.0890080416695	0.0674123250482	0.0787028538146	0.0619039289682	0.066133880997	0.125000553649	0.10255325373	0.110823491337	0.117786182102	0.13350272569	0.0	0.0437223140478	0.0447966599757	0.0658372926856	0.0777042127479
TARA_148_SRF_0.22-3_G.snv.bam	0.0805398011855	0.0621558749813	0.0550145946866	0.0630884829151	0.0825908080861	0.0613054974462	0.0709525393494	0.0568108051161	0.0604268433646	0.121107253985	0.0997180397731	0.107181433984	0.114844590003	0.12975753664	0.0437223140478	0.0	0.0410697726633	0.0606983593725	0.0744715655306
TARA_149_SRF_0.22-3_G.snv.bam	0.0711934932375	0.0700573509609	0.0632627847847	0.0720143996259	0.0886704414599	0.0684280265463	0.0746614927131	0.0614540929451	0.0670794137752	0.126389690105	0.103625521083	0.110937523026	0.118047418096	0.132386729004	0.0447966599757	0.0410697726633	0.0	0.0608567255524	0.0657555876391
TARA_150_DCM_0.22-3_G.snv.bam	0.0642868253058	0.0761154109332	0.0685114881241	0.0764438569964	0.0791271423107	0.0687813274059	0.0771341613614	0.0646680548532	0.0690776382505	0.12149545167	0.100662992606	0.108165699377	0.113936217663	0.130223085875	0.0658372926856	0.0606983593725	0.0608567255524	0.0	0.0577878311665
TARA_150_SRF_0.22-3_G.snv.bam	0.0673787111988	0.0966751217685	0.0903767974455	0.0931109928823	0.0983852340288	0.0899451262718	0.0987220660066	0.0856798794344	0.0892294006687	0.138173097908	0.118642051118	0.12310008163	0.129511299825	0.143563637546	0.0777042127479	0.0744715655306	0.0657555876391	0.0577878311665	0.0
