	TARA_032_DCM_0.22-1.6_G.snv.bam	TARA_076_DCM_0.22-3_G.snv.bam	TARA_078_DCM_0.22-3_G.snv.bam	TARA_122_DCM_0.22-3_G.snv.bam	TARA_123_MIX_0.22-3_G.snv.bam	TARA_124_MIX_0.22-3_G.snv.bam	TARA_146_SRF_0.22-3_G.snv.bam
TARA_032_DCM_0.22-1.6_G.snv.bam	0.0	0.0443786982249	0.0414201183432	0.281065088757	0.136094674556	0.372781065089	0.085798816568
TARA_076_DCM_0.22-3_G.snv.bam	0.0443786982249	0.0	0.0	0.242603550296	0.085798816568	0.337278106509	0.0207100591716
TARA_078_DCM_0.22-3_G.snv.bam	0.0414201183432	0.0	0.0	0.233727810651	0.085798816568	0.328402366864	0.0236686390533
TARA_122_DCM_0.22-3_G.snv.bam	0.281065088757	0.242603550296	0.233727810651	0.0	0.00591715976331	0.00887573964497	0.174556213018
TARA_123_MIX_0.22-3_G.snv.bam	0.136094674556	0.085798816568	0.085798816568	0.00591715976331	0.0	0.085798816568	0.0710059171598
TARA_124_MIX_0.22-3_G.snv.bam	0.372781065089	0.337278106509	0.328402366864	0.00887573964497	0.085798816568	0.0	0.266272189349
TARA_146_SRF_0.22-3_G.snv.bam	0.085798816568	0.0207100591716	0.0236686390533	0.174556213018	0.0710059171598	0.266272189349	0.0
