	TARA_037_MES_0.22-1.6_G.snv.bam	TARA_098_MES_0.22-3_G.snv.bam	TARA_100_MES_0.22-3_G.snv.bam	TARA_102_MES_0.22-3_G.snv.bam	TARA_109_MES_0.22-3_G.snv.bam	TARA_110_MES_0.22-3_G.snv.bam	TARA_111_MES_0.22-3_G.snv.bam	TARA_122_MES_0.22-3_G.snv.bam	TARA_125_MIX_0.22-3_G.snv.bam	TARA_137_DCM_0.22-3_G.snv.bam	TARA_137_MES_0.22-3_G.snv.bam	TARA_138_MES_0.22-3_G.snv.bam	TARA_142_MES_0.22-3_G.snv.bam	TARA_146_MES_0.22-3_G.snv.bam	TARA_149_MES_0.22-3_G.snv.bam	TARA_152_MES_0.22-3_G.snv.bam
TARA_037_MES_0.22-1.6_G.snv.bam	0.0	0.0283911671924	0.0	0.0205047318612	0.0252365930599	0.00630914826498	0.0173501577287	0.0268138801262	0.119873817035	0.0	0.0	0.0	0.0378548895899	0.0299684542587	0.0410094637224	0.0315457413249
TARA_098_MES_0.22-3_G.snv.bam	0.0283911671924	0.0	0.00946372239748	0.00315457413249	0.00157728706625	0.00630914826498	0.00157728706625	0.00473186119874	0.1261829653	0.0299684542587	0.0236593059937	0.0331230283912	0.00157728706625	0.0	0.0	0.00315457413249
TARA_100_MES_0.22-3_G.snv.bam	0.0	0.00946372239748	0.0	0.00315457413249	0.00157728706625	0.0	0.00157728706625	0.00473186119874	0.119873817035	0.0	0.0	0.00315457413249	0.00946372239748	0.00630914826498	0.00788643533123	0.00946372239748
TARA_102_MES_0.22-3_G.snv.bam	0.0205047318612	0.00315457413249	0.00315457413249	0.0	0.0	0.0	0.0	0.0	0.118296529968	0.0205047318612	0.00788643533123	0.0236593059937	0.0	0.0	0.00630914826498	0.0
TARA_109_MES_0.22-3_G.snv.bam	0.0252365930599	0.00157728706625	0.00157728706625	0.0	0.0	0.0	0.0	0.00157728706625	0.1261829653	0.0252365930599	0.0220820189274	0.0283911671924	0.0	0.0	0.0	0.0
TARA_110_MES_0.22-3_G.snv.bam	0.00630914826498	0.00630914826498	0.0	0.0	0.0	0.0	0.0	0.00473186119874	0.118296529968	0.00630914826498	0.0	0.00315457413249	0.00315457413249	0.00315457413249	0.00630914826498	0.00473186119874
TARA_111_MES_0.22-3_G.snv.bam	0.0173501577287	0.00157728706625	0.00157728706625	0.0	0.0	0.0	0.0	0.00157728706625	0.121451104101	0.018927444795	0.00473186119874	0.0220820189274	0.0	0.0	0.00157728706625	0.0
TARA_122_MES_0.22-3_G.snv.bam	0.0268138801262	0.00473186119874	0.00473186119874	0.0	0.00157728706625	0.00473186119874	0.00157728706625	0.0	0.118296529968	0.0220820189274	0.018927444795	0.0252365930599	0.00315457413249	0.00630914826498	0.00473186119874	0.00473186119874
TARA_125_MIX_0.22-3_G.snv.bam	0.119873817035	0.1261829653	0.119873817035	0.118296529968	0.1261829653	0.118296529968	0.121451104101	0.118296529968	0.0	0.121451104101	0.119873817035	0.121451104101	0.124605678233	0.1261829653	0.127760252366	0.123028391167
TARA_137_DCM_0.22-3_G.snv.bam	0.0	0.0299684542587	0.0	0.0205047318612	0.0252365930599	0.00630914826498	0.018927444795	0.0220820189274	0.121451104101	0.0	0.0	0.0	0.0315457413249	0.0283911671924	0.0378548895899	0.0283911671924
TARA_137_MES_0.22-3_G.snv.bam	0.0	0.0236593059937	0.0	0.00788643533123	0.0220820189274	0.0	0.00473186119874	0.018927444795	0.119873817035	0.0	0.0	0.0	0.0331230283912	0.0252365930599	0.0347003154574	0.0268138801262
TARA_138_MES_0.22-3_G.snv.bam	0.0	0.0331230283912	0.00315457413249	0.0236593059937	0.0283911671924	0.00315457413249	0.0220820189274	0.0252365930599	0.121451104101	0.0	0.0	0.0	0.0378548895899	0.0347003154574	0.0457413249211	0.0347003154574
TARA_142_MES_0.22-3_G.snv.bam	0.0378548895899	0.00157728706625	0.00946372239748	0.0	0.0	0.00315457413249	0.0	0.00315457413249	0.124605678233	0.0315457413249	0.0331230283912	0.0378548895899	0.0	0.0	0.0	0.0
TARA_146_MES_0.22-3_G.snv.bam	0.0299684542587	0.0	0.00630914826498	0.0	0.0	0.00315457413249	0.0	0.00630914826498	0.1261829653	0.0283911671924	0.0252365930599	0.0347003154574	0.0	0.0	0.0	0.0
TARA_149_MES_0.22-3_G.snv.bam	0.0410094637224	0.0	0.00788643533123	0.00630914826498	0.0	0.00630914826498	0.00157728706625	0.00473186119874	0.127760252366	0.0378548895899	0.0347003154574	0.0457413249211	0.0	0.0	0.0	0.0
TARA_152_MES_0.22-3_G.snv.bam	0.0315457413249	0.00315457413249	0.00946372239748	0.0	0.0	0.00473186119874	0.0	0.00473186119874	0.123028391167	0.0283911671924	0.0268138801262	0.0347003154574	0.0	0.0	0.0	0.0
