	TARA_072_DCM_0.22-3_G.snv.bam	TARA_122_DCM_0.22-3_G.snv.bam	TARA_123_MIX_0.22-3_G.snv.bam	TARA_125_MIX_0.22-3_G.snv.bam	TARA_132_DCM_0.22-3_G.snv.bam	TARA_146_SRF_0.22-3_G.snv.bam	TARA_148b_MES_0.22-3_G.snv.bam
TARA_072_DCM_0.22-3_G.snv.bam	0.0	0.0742890258565	0.0655098712967	0.0697736073973	0.0720250183096	0.0852936826378	0.0835025639583
TARA_122_DCM_0.22-3_G.snv.bam	0.0742890258565	0.0	0.050865044223	0.0378805410071	0.0875549788251	0.0915577190254	0.0859298975133
TARA_123_MIX_0.22-3_G.snv.bam	0.0655098712967	0.050865044223	0.0	0.035687258669	0.0651274313892	0.0801821129423	0.0747514805834
TARA_125_MIX_0.22-3_G.snv.bam	0.0697736073973	0.0378805410071	0.035687258669	0.0	0.0739529223933	0.0845757372616	0.0765968810005
TARA_132_DCM_0.22-3_G.snv.bam	0.0720250183096	0.0875549788251	0.0651274313892	0.0739529223933	0.0	0.0796147291713	0.0764699820235
TARA_146_SRF_0.22-3_G.snv.bam	0.0852936826378	0.0915577190254	0.0801821129423	0.0845757372616	0.0796147291713	0.0	0.0695589329014
TARA_148b_MES_0.22-3_G.snv.bam	0.0835025639583	0.0859298975133	0.0747514805834	0.0765968810005	0.0764699820235	0.0695589329014	0.0
