	TARA_100_DCM_0.22-3_G.snv.bam	TARA_100_SRF_0.22-3_G.snv.bam	TARA_102_DCM_0.22-3_G.snv.bam	TARA_102_SRF_0.22-3_G.snv.bam	TARA_109_DCM_0.22-3_G.snv.bam	TARA_109_SRF_0.22-3_G.snv.bam	TARA_110_DCM_0.22-3_G.snv.bam	TARA_110_MES_0.22-3_G.snv.bam	TARA_110_SRF_0.22-3_G.snv.bam	TARA_111_DCM_0.22-3_G.snv.bam	TARA_111_SRF_0.22-3_G.snv.bam	TARA_128_SRF_0.22-3_G.snv.bam	TARA_137_SRF_0.22-3_G.snv.bam
TARA_100_DCM_0.22-3_G.snv.bam	0.0	0.000684462696783	0.00136892539357	0.000684462696783	0.0	0.000684462696783	0.0	0.000684462696783	0.000684462696783	0.0	0.0	0.0205338809035	0.000684462696783
TARA_100_SRF_0.22-3_G.snv.bam	0.000684462696783	0.0	0.0	0.0	0.0	0.0	0.0	0.000684462696783	0.0	0.000684462696783	0.0	0.0212183436003	0.000684462696783
TARA_102_DCM_0.22-3_G.snv.bam	0.00136892539357	0.0	0.0	0.0	0.0	0.0	0.000684462696783	0.000684462696783	0.00136892539357	0.000684462696783	0.000684462696783	0.0294318959617	0.0
TARA_102_SRF_0.22-3_G.snv.bam	0.000684462696783	0.0	0.0	0.0	0.0	0.0	0.0	0.000684462696783	0.0	0.000684462696783	0.0	0.0260095824778	0.00136892539357
TARA_109_DCM_0.22-3_G.snv.bam	0.0	0.0	0.0	0.0	0.0	0.0	0.0	0.0	0.0	0.000684462696783	0.0	0.0260095824778	0.000684462696783
TARA_109_SRF_0.22-3_G.snv.bam	0.000684462696783	0.0	0.0	0.0	0.0	0.0	0.0	0.0	0.0	0.000684462696783	0.0	0.0273785078713	0.000684462696783
TARA_110_DCM_0.22-3_G.snv.bam	0.0	0.0	0.000684462696783	0.0	0.0	0.0	0.0	0.000684462696783	0.0	0.0	0.000684462696783	0.0150581793292	0.000684462696783
TARA_110_MES_0.22-3_G.snv.bam	0.000684462696783	0.000684462696783	0.000684462696783	0.000684462696783	0.0	0.0	0.000684462696783	0.0	0.0	0.000684462696783	0.000684462696783	0.0171115674196	0.00136892539357
TARA_110_SRF_0.22-3_G.snv.bam	0.000684462696783	0.0	0.00136892539357	0.0	0.0	0.0	0.0	0.0	0.0	0.0	0.0	0.0171115674196	0.000684462696783
TARA_111_DCM_0.22-3_G.snv.bam	0.0	0.000684462696783	0.000684462696783	0.000684462696783	0.000684462696783	0.000684462696783	0.0	0.000684462696783	0.0	0.0	0.0	0.0212183436003	0.0
TARA_111_SRF_0.22-3_G.snv.bam	0.0	0.0	0.000684462696783	0.0	0.0	0.0	0.000684462696783	0.000684462696783	0.0	0.0	0.0	0.0212183436003	0.0
TARA_128_SRF_0.22-3_G.snv.bam	0.0205338809035	0.0212183436003	0.0294318959617	0.0260095824778	0.0260095824778	0.0273785078713	0.0150581793292	0.0171115674196	0.0171115674196	0.0212183436003	0.0212183436003	0.0	0.0171115674196
TARA_137_SRF_0.22-3_G.snv.bam	0.000684462696783	0.000684462696783	0.0	0.00136892539357	0.000684462696783	0.000684462696783	0.000684462696783	0.00136892539357	0.000684462696783	0.0	0.0	0.0171115674196	0.0
