	TARA_100_SRF_0.22-3_G.snv.bam	TARA_111_DCM_0.22-3_G.snv.bam	TARA_111_SRF_0.22-3_G.snv.bam	TARA_122_MES_0.22-3_G.snv.bam	TARA_122_SRF_0.22-3_G.snv.bam	TARA_123_SRF_0.22-3_G.snv.bam	TARA_124_MIX_0.22-3_G.snv.bam	TARA_124_SRF_0.22-3_G.snv.bam	TARA_125_SRF_0.22-3_G.snv.bam	TARA_128_DCM_0.22-3_G.snv.bam	TARA_128_SRF_0.22-3_G.snv.bam	TARA_137_SRF_0.22-3_G.snv.bam
TARA_100_SRF_0.22-3_G.snv.bam	0.0	0.0681494651402	0.0465051149688	0.0790926235037	0.0659619844682	0.0688169856361	0.0673398244249	0.0640257508495	0.0700233206015	0.0661545762969	0.0661631141275	0.130761453034
TARA_111_DCM_0.22-3_G.snv.bam	0.0681494651402	0.0	0.0570296629916	0.0941361346195	0.0884905034723	0.0888204979888	0.0858961999211	0.0877822789834	0.0906541539428	0.0903556522713	0.0909622638284	0.148315415082
TARA_111_SRF_0.22-3_G.snv.bam	0.0465051149688	0.0570296629916	0.0	0.0864027537739	0.0721922419692	0.0753021728322	0.0742962619666	0.0723299628724	0.0775026715782	0.0744338818172	0.0720442065904	0.137063404754
TARA_122_MES_0.22-3_G.snv.bam	0.0790926235037	0.0941361346195	0.0864027537739	0.0	0.0508968382431	0.0512846647091	0.0514562066313	0.0499511475544	0.0505071655597	0.0574158226889	0.0620837769443	0.132301166778
TARA_122_SRF_0.22-3_G.snv.bam	0.0659619844682	0.0884905034723	0.0721922419692	0.0508968382431	0.0	0.0348372860831	0.035654223492	0.0260626315181	0.0309398998077	0.0356550977206	0.0375972125714	0.128128418973
TARA_123_SRF_0.22-3_G.snv.bam	0.0688169856361	0.0888204979888	0.0753021728322	0.0512846647091	0.0348372860831	0.0	0.039998558391	0.0335207075172	0.0332888475205	0.0420669229158	0.0456398578825	0.127317854669
TARA_124_MIX_0.22-3_G.snv.bam	0.0673398244249	0.0858961999211	0.0742962619666	0.0514562066313	0.035654223492	0.039998558391	0.0	0.0339177312808	0.0359002146912	0.0413323747433	0.0456415627896	0.127044796784
TARA_124_SRF_0.22-3_G.snv.bam	0.0640257508495	0.0877822789834	0.0723299628724	0.0499511475544	0.0260626315181	0.0335207075172	0.0339177312808	0.0	0.0299365065435	0.0365613978008	0.0395738314643	0.126708250374
TARA_125_SRF_0.22-3_G.snv.bam	0.0700233206015	0.0906541539428	0.0775026715782	0.0505071655597	0.0309398998077	0.0332888475205	0.0359002146912	0.0299365065435	0.0	0.0413466812535	0.0442452282633	0.131503044952
TARA_128_DCM_0.22-3_G.snv.bam	0.0661545762969	0.0903556522713	0.0744338818172	0.0574158226889	0.0356550977206	0.0420669229158	0.0413323747433	0.0365613978008	0.0413466812535	0.0	0.0345807099937	0.11767638621
TARA_128_SRF_0.22-3_G.snv.bam	0.0661631141275	0.0909622638284	0.0720442065904	0.0620837769443	0.0375972125714	0.0456398578825	0.0456415627896	0.0395738314643	0.0442452282633	0.0345807099937	0.0	0.117687741239
TARA_137_SRF_0.22-3_G.snv.bam	0.130761453034	0.148315415082	0.137063404754	0.132301166778	0.128128418973	0.127317854669	0.127044796784	0.126708250374	0.131503044952	0.11767638621	0.117687741239	0.0
