	TARA_004_DCM_0.22-1.6_G.snv.bam	TARA_004_SRF_0.22-1.6_G.snv.bam	TARA_007_SRF_0.22-1.6_G.snv.bam	TARA_009_SRF_0.22-1.6_G.snv.bam	TARA_018_DCM_0.22-1.6_G.snv.bam	TARA_018_SRF_0.22-1.6_G.snv.bam	TARA_023_DCM_0.22-1.6_G.snv.bam	TARA_025_DCM_0.22-1.6_G.snv.bam	TARA_025_SRF_0.22-1.6_G.snv.bam	TARA_030_DCM_0.22-1.6_G.snv.bam	TARA_030_SRF_0.22-1.6_G.snv.bam	TARA_066_SRF_0.22-3_G.snv.bam	TARA_068_DCM_0.22-3_G.snv.bam	TARA_068_SRF_0.22-3_G.snv.bam	TARA_078_SRF_0.22-3_G.snv.bam	TARA_150_DCM_0.22-3_G.snv.bam	TARA_150_SRF_0.22-3_G.snv.bam	TARA_151_DCM_0.22-3_G.snv.bam	TARA_151_SRF_0.22-3_G.snv.bam	TARA_152_MIX_0.22-3_G.snv.bam	TARA_152_SRF_0.22-3_G.snv.bam
TARA_004_DCM_0.22-1.6_G.snv.bam	0.0	0.0	0.00711743772242	0.0154211150652	0.011862396204	0.00711743772242	0.0379596678529	0.0355871886121	0.0355871886121	0.0415183867141	0.0486358244365	0.0367734282325	0.0403321470937	0.0415183867141	0.0166073546856	0.0011862396204	0.00237247924081	0.0011862396204	0.00355871886121	0.0	0.0011862396204
TARA_004_SRF_0.22-1.6_G.snv.bam	0.0	0.0	0.00474495848161	0.0130486358244	0.00355871886121	0.00593119810202	0.0427046263345	0.0355871886121	0.0403321470937	0.0403321470937	0.0462633451957	0.0438908659549	0.0462633451957	0.0474495848161	0.0154211150652	0.0	0.0011862396204	0.00355871886121	0.0011862396204	0.0011862396204	0.0
TARA_007_SRF_0.22-1.6_G.snv.bam	0.00711743772242	0.00474495848161	0.0	0.0	0.00474495848161	0.00355871886121	0.00948991696323	0.00948991696323	0.00593119810202	0.0130486358244	0.0166073546856	0.0474495848161	0.0498220640569	0.0510083036773	0.0225385527877	0.00474495848161	0.00474495848161	0.00830367734282	0.00474495848161	0.0106761565836	0.00948991696323
TARA_009_SRF_0.22-1.6_G.snv.bam	0.0154211150652	0.0130486358244	0.0	0.0	0.00355871886121	0.0011862396204	0.00355871886121	0.0	0.00355871886121	0.0011862396204	0.00355871886121	0.061684460261	0.0581257413998	0.0640569395018	0.0391459074733	0.0142348754448	0.0106761565836	0.0201660735469	0.011862396204	0.017793594306	0.0189798339265
TARA_018_DCM_0.22-1.6_G.snv.bam	0.011862396204	0.00355871886121	0.00474495848161	0.00355871886121	0.0	0.0	0.0237247924081	0.017793594306	0.0189798339265	0.017793594306	0.0166073546856	0.067615658363	0.0664294187426	0.061684460261	0.0344009489917	0.00830367734282	0.0106761565836	0.0189798339265	0.0106761565836	0.00474495848161	0.00948991696323
TARA_018_SRF_0.22-1.6_G.snv.bam	0.00711743772242	0.00593119810202	0.00355871886121	0.0011862396204	0.0	0.0	0.0213523131673	0.0142348754448	0.0166073546856	0.0142348754448	0.017793594306	0.0664294187426	0.0593119810202	0.0604982206406	0.0320284697509	0.00948991696323	0.011862396204	0.0154211150652	0.0142348754448	0.00948991696323	0.011862396204
TARA_023_DCM_0.22-1.6_G.snv.bam	0.0379596678529	0.0427046263345	0.00948991696323	0.00355871886121	0.0237247924081	0.0213523131673	0.0	0.00355871886121	0.00355871886121	0.00593119810202	0.00830367734282	0.0996441281139	0.103202846975	0.0972716488731	0.0711743772242	0.0367734282325	0.0367734282325	0.0427046263345	0.0344009489917	0.0462633451957	0.0367734282325
TARA_025_DCM_0.22-1.6_G.snv.bam	0.0355871886121	0.0355871886121	0.00948991696323	0.0	0.017793594306	0.0142348754448	0.00355871886121	0.0	0.0011862396204	0.0	0.00593119810202	0.0842230130486	0.0901542111507	0.0901542111507	0.0604982206406	0.0296559905101	0.0344009489917	0.0403321470937	0.0332147093713	0.0355871886121	0.0367734282325
TARA_025_SRF_0.22-1.6_G.snv.bam	0.0355871886121	0.0403321470937	0.00593119810202	0.00355871886121	0.0189798339265	0.0166073546856	0.00355871886121	0.0011862396204	0.0	0.00355871886121	0.00474495848161	0.100830367734	0.0984578884935	0.105575326216	0.0652431791222	0.0355871886121	0.0344009489917	0.0450771055753	0.0403321470937	0.0438908659549	0.0379596678529
TARA_030_DCM_0.22-1.6_G.snv.bam	0.0415183867141	0.0403321470937	0.0130486358244	0.0011862396204	0.017793594306	0.0142348754448	0.00593119810202	0.0	0.00355871886121	0.0	0.0	0.0996441281139	0.0996441281139	0.106761565836	0.0664294187426	0.0391459074733	0.0403321470937	0.0438908659549	0.0391459074733	0.0427046263345	0.0379596678529
TARA_030_SRF_0.22-1.6_G.snv.bam	0.0486358244365	0.0462633451957	0.0166073546856	0.00355871886121	0.0166073546856	0.017793594306	0.00830367734282	0.00593119810202	0.00474495848161	0.0	0.0	0.106761565836	0.106761565836	0.103202846975	0.0688018979834	0.0415183867141	0.0474495848161	0.0474495848161	0.0450771055753	0.0462633451957	0.0462633451957
TARA_066_SRF_0.22-3_G.snv.bam	0.0367734282325	0.0438908659549	0.0474495848161	0.061684460261	0.067615658363	0.0664294187426	0.0996441281139	0.0842230130486	0.100830367734	0.0996441281139	0.106761565836	0.0	0.0011862396204	0.0011862396204	0.0154211150652	0.0225385527877	0.0213523131673	0.0213523131673	0.017793594306	0.0260972716489	0.0260972716489
TARA_068_DCM_0.22-3_G.snv.bam	0.0403321470937	0.0462633451957	0.0498220640569	0.0581257413998	0.0664294187426	0.0593119810202	0.103202846975	0.0901542111507	0.0984578884935	0.0996441281139	0.106761565836	0.0011862396204	0.0	0.0	0.017793594306	0.0142348754448	0.0154211150652	0.0201660735469	0.011862396204	0.0249110320285	0.0213523131673
TARA_068_SRF_0.22-3_G.snv.bam	0.0415183867141	0.0474495848161	0.0510083036773	0.0640569395018	0.061684460261	0.0604982206406	0.0972716488731	0.0901542111507	0.105575326216	0.106761565836	0.103202846975	0.0011862396204	0.0	0.0	0.0225385527877	0.0189798339265	0.017793594306	0.0189798339265	0.011862396204	0.0296559905101	0.0201660735469
TARA_078_SRF_0.22-3_G.snv.bam	0.0166073546856	0.0154211150652	0.0225385527877	0.0391459074733	0.0344009489917	0.0320284697509	0.0711743772242	0.0604982206406	0.0652431791222	0.0664294187426	0.0688018979834	0.0154211150652	0.017793594306	0.0225385527877	0.0	0.00830367734282	0.0130486358244	0.00948991696323	0.011862396204	0.011862396204	0.0130486358244
TARA_150_DCM_0.22-3_G.snv.bam	0.0011862396204	0.0	0.00474495848161	0.0142348754448	0.00830367734282	0.00948991696323	0.0367734282325	0.0296559905101	0.0355871886121	0.0391459074733	0.0415183867141	0.0225385527877	0.0142348754448	0.0189798339265	0.00830367734282	0.0	0.0	0.0	0.0	0.0011862396204	0.0
TARA_150_SRF_0.22-3_G.snv.bam	0.00237247924081	0.0011862396204	0.00474495848161	0.0106761565836	0.0106761565836	0.011862396204	0.0367734282325	0.0344009489917	0.0344009489917	0.0403321470937	0.0474495848161	0.0213523131673	0.0154211150652	0.017793594306	0.0130486358244	0.0	0.0	0.0	0.0	0.00355871886121	0.0011862396204
TARA_151_DCM_0.22-3_G.snv.bam	0.0011862396204	0.00355871886121	0.00830367734282	0.0201660735469	0.0189798339265	0.0154211150652	0.0427046263345	0.0403321470937	0.0450771055753	0.0438908659549	0.0474495848161	0.0213523131673	0.0201660735469	0.0189798339265	0.00948991696323	0.0	0.0	0.0	0.0011862396204	0.00355871886121	0.00237247924081
TARA_151_SRF_0.22-3_G.snv.bam	0.00355871886121	0.0011862396204	0.00474495848161	0.011862396204	0.0106761565836	0.0142348754448	0.0344009489917	0.0332147093713	0.0403321470937	0.0391459074733	0.0450771055753	0.017793594306	0.011862396204	0.011862396204	0.011862396204	0.0	0.0	0.0011862396204	0.0	0.00237247924081	0.0
TARA_152_MIX_0.22-3_G.snv.bam	0.0	0.0011862396204	0.0106761565836	0.017793594306	0.00474495848161	0.00948991696323	0.0462633451957	0.0355871886121	0.0438908659549	0.0427046263345	0.0462633451957	0.0260972716489	0.0249110320285	0.0296559905101	0.011862396204	0.0011862396204	0.00355871886121	0.00355871886121	0.00237247924081	0.0	0.0011862396204
TARA_152_SRF_0.22-3_G.snv.bam	0.0011862396204	0.0	0.00948991696323	0.0189798339265	0.00948991696323	0.011862396204	0.0367734282325	0.0367734282325	0.0379596678529	0.0379596678529	0.0462633451957	0.0260972716489	0.0213523131673	0.0201660735469	0.0130486358244	0.0	0.0011862396204	0.00237247924081	0.0	0.0011862396204	0.0
