	TARA_100_SRF_0.22-3_G.snv.bam	TARA_111_SRF_0.22-3_G.snv.bam	TARA_122_SRF_0.22-3_G.snv.bam	TARA_124_SRF_0.22-3_G.snv.bam	TARA_125_SRF_0.22-3_G.snv.bam	TARA_128_DCM_0.22-3_G.snv.bam	TARA_128_SRF_0.22-3_G.snv.bam
TARA_100_SRF_0.22-3_G.snv.bam	0.0	0.0733164022513	0.174212678706	0.174664459882	0.186400480723	0.166485898076	0.158374196548
TARA_111_SRF_0.22-3_G.snv.bam	0.0733164022513	0.0	0.189376324513	0.190083884734	0.200412719849	0.183396809364	0.178286653075
TARA_122_SRF_0.22-3_G.snv.bam	0.174212678706	0.189376324513	0.0	0.0370190238702	0.0427951495493	0.0523423104917	0.064011377979
TARA_124_SRF_0.22-3_G.snv.bam	0.174664459882	0.190083884734	0.0370190238702	0.0	0.0441558468885	0.0527102472344	0.0618566639221
TARA_125_SRF_0.22-3_G.snv.bam	0.186400480723	0.200412719849	0.0427951495493	0.0441558468885	0.0	0.0591386346103	0.0711464008874
TARA_128_DCM_0.22-3_G.snv.bam	0.166485898076	0.183396809364	0.0523423104917	0.0527102472344	0.0591386346103	0.0	0.0540288541038
TARA_128_SRF_0.22-3_G.snv.bam	0.158374196548	0.178286653075	0.064011377979	0.0618566639221	0.0711464008874	0.0540288541038	0.0
