	TARA_102_MES_0.22-3_G.snv.bam	TARA_109_MES_0.22-3_G.snv.bam	TARA_110_MES_0.22-3_G.snv.bam	TARA_112_DCM_0.22-3_G.snv.bam	TARA_112_MES_0.22-3_G.snv.bam	TARA_142_DCM_0.22-3_G.snv.bam	TARA_142_MES_0.22-3_G.snv.bam	TARA_145_MES_0.22-3_G.snv.bam	TARA_146_MES_0.22-3_G.snv.bam	TARA_149_MES_0.22-3_G.snv.bam
TARA_102_MES_0.22-3_G.snv.bam	0.0	0.0450019933985	0.0466163904991	0.0441137536119	0.0273555172799	0.092957012442	0.0683322144036	0.0646909497208	0.097075928926	0.105720482119
TARA_109_MES_0.22-3_G.snv.bam	0.0450019933985	0.0	0.0428786148928	0.038442476179	0.0412823724903	0.0820599256124	0.056994286123	0.061879762402	0.0975635752694	0.104849202926
TARA_110_MES_0.22-3_G.snv.bam	0.0466163904991	0.0428786148928	0.0	0.0472918240154	0.0443365944473	0.0914657041084	0.0681719847412	0.0702215637434	0.101709838797	0.104039433446
TARA_112_DCM_0.22-3_G.snv.bam	0.0441137536119	0.038442476179	0.0472918240154	0.0	0.0422501475207	0.0884956254453	0.0695369996208	0.0675811482561	0.0996575627601	0.10871118496
TARA_112_MES_0.22-3_G.snv.bam	0.0273555172799	0.0412823724903	0.0443365944473	0.0422501475207	0.0	0.0910005166738	0.0668834538509	0.0641289151592	0.0959580965773	0.102634057322
TARA_142_DCM_0.22-3_G.snv.bam	0.092957012442	0.0820599256124	0.0914657041084	0.0884956254453	0.0910005166738	0.0	0.0630664636989	0.0685683635644	0.0964916020374	0.0980243333593
TARA_142_MES_0.22-3_G.snv.bam	0.0683322144036	0.056994286123	0.0681719847412	0.0695369996208	0.0668834538509	0.0630664636989	0.0	0.0412228555458	0.0767215042754	0.0790845762596
TARA_145_MES_0.22-3_G.snv.bam	0.0646909497208	0.061879762402	0.0702215637434	0.0675811482561	0.0641289151592	0.0685683635644	0.0412228555458	0.0	0.0793193863638	0.080256061167
TARA_146_MES_0.22-3_G.snv.bam	0.097075928926	0.0975635752694	0.101709838797	0.0996575627601	0.0959580965773	0.0964916020374	0.0767215042754	0.0793193863638	0.0	0.0875556378438
TARA_149_MES_0.22-3_G.snv.bam	0.105720482119	0.104849202926	0.104039433446	0.10871118496	0.102634057322	0.0980243333593	0.0790845762596	0.080256061167	0.0875556378438	0.0
