	TARA_100_DCM_0.22-3_G.snv.bam	TARA_102_DCM_0.22-3_G.snv.bam	TARA_102_SRF_0.22-3_G.snv.bam	TARA_110_DCM_0.22-3_G.snv.bam	TARA_110_SRF_0.22-3_G.snv.bam	TARA_133_SRF_0.22-3_G.snv.bam	TARA_152_MIX_0.22-3_G.snv.bam	TARA_152_SRF_0.22-3_G.snv.bam
TARA_100_DCM_0.22-3_G.snv.bam	0.0	0.0	0.00260416666667	0.0	0.0	0.0677083333333	0.0755208333333	0.078125
TARA_102_DCM_0.22-3_G.snv.bam	0.0	0.0	0.0	0.0	0.0	0.0651041666667	0.0598958333333	0.0677083333333
TARA_102_SRF_0.22-3_G.snv.bam	0.00260416666667	0.0	0.0	0.0	0.0	0.0598958333333	0.0677083333333	0.0729166666667
TARA_110_DCM_0.22-3_G.snv.bam	0.0	0.0	0.0	0.0	0.0	0.0677083333333	0.0703125	0.078125
TARA_110_SRF_0.22-3_G.snv.bam	0.0	0.0	0.0	0.0	0.0	0.0677083333333	0.0625	0.0755208333333
TARA_133_SRF_0.22-3_G.snv.bam	0.0677083333333	0.0651041666667	0.0598958333333	0.0677083333333	0.0677083333333	0.0	0.130208333333	0.138020833333
TARA_152_MIX_0.22-3_G.snv.bam	0.0755208333333	0.0598958333333	0.0677083333333	0.0703125	0.0625	0.130208333333	0.0	0.00260416666667
TARA_152_SRF_0.22-3_G.snv.bam	0.078125	0.0677083333333	0.0729166666667	0.078125	0.0755208333333	0.138020833333	0.00260416666667	0.0
