	TARA_004_DCM_0.22-1.6_G.snv.bam	TARA_004_SRF_0.22-1.6_G.snv.bam	TARA_009_DCM_0.22-1.6_G.snv.bam	TARA_009_SRF_0.22-1.6_G.snv.bam	TARA_018_DCM_0.22-1.6_G.snv.bam	TARA_018_SRF_0.22-1.6_G.snv.bam	TARA_023_DCM_0.22-1.6_G.snv.bam	TARA_025_DCM_0.22-1.6_G.snv.bam	TARA_025_SRF_0.22-1.6_G.snv.bam	TARA_030_DCM_0.22-1.6_G.snv.bam	TARA_030_SRF_0.22-1.6_G.snv.bam	TARA_066_SRF_0.22-3_G.snv.bam	TARA_068_DCM_0.22-3_G.snv.bam	TARA_068_SRF_0.22-3_G.snv.bam	TARA_078_SRF_0.22-3_G.snv.bam	TARA_094_SRF_0.22-3_G.snv.bam	TARA_100_DCM_0.22-3_G.snv.bam	TARA_111_DCM_0.22-3_G.snv.bam	TARA_133_SRF_0.22-3_G.snv.bam	TARA_150_DCM_0.22-3_G.snv.bam	TARA_150_SRF_0.22-3_G.snv.bam	TARA_151_DCM_0.22-3_G.snv.bam	TARA_151_SRF_0.22-3_G.snv.bam	TARA_152_MIX_0.22-3_G.snv.bam	TARA_152_SRF_0.22-3_G.snv.bam
TARA_004_DCM_0.22-1.6_G.snv.bam	0.0	0.0397175448333	0.0627836717296	0.0743251639512	0.0649922010813	0.0637192031292	0.0839287758279	0.0709111276313	0.0752669202246	0.0800857206044	0.0768993615102	0.0756405439541	0.0727140986162	0.0745440939847	0.0797904787803	0.0732635284499	0.0688462266369	0.0754064647	0.0863534018576	0.0557367332658	0.0593640625757	0.0522718798762	0.052794515831	0.0562208453584	0.059875903203
TARA_004_SRF_0.22-1.6_G.snv.bam	0.0397175448333	0.0	0.0534803487199	0.0697650491473	0.056585800474	0.0562036772205	0.0781507003054	0.0648114601604	0.0711830361166	0.0750924181968	0.0738491951757	0.0724290448353	0.0725505742822	0.0702501716841	0.0798881077341	0.0679095321938	0.0650901699945	0.0740736559749	0.0838171168979	0.0485424077525	0.0539512631048	0.044682504848	0.041142328293	0.0508848229745	0.0542033842424
TARA_009_DCM_0.22-1.6_G.snv.bam	0.0627836717296	0.0534803487199	0.0	0.0470110087682	0.0267240023297	0.0300187910705	0.0514837113575	0.0383844241996	0.0461620301504	0.0482110772617	0.0582429019708	0.0793040027168	0.0761084983245	0.0751131769962	0.092573268224	0.0622703526319	0.0680619469352	0.0788718641845	0.0788782805954	0.0678795052496	0.0688490780527	0.0622114356739	0.061152138312	0.0614505353237	0.0589834742491
TARA_009_SRF_0.22-1.6_G.snv.bam	0.0743251639512	0.0697650491473	0.0470110087682	0.0	0.0435371475082	0.0425122654824	0.0534891223287	0.0461339737454	0.0508534459469	0.0492447103405	0.0541977466463	0.0861647649838	0.0821718454199	0.0826997826537	0.0942474187312	0.0750210901455	0.0748036093193	0.0827217974873	0.0876388430081	0.0769429141267	0.0769789318692	0.0764027214996	0.0750709822829	0.0772379880578	0.0733306447089
TARA_018_DCM_0.22-1.6_G.snv.bam	0.0649922010813	0.056585800474	0.0267240023297	0.0435371475082	0.0	0.0239920048339	0.0466528641294	0.0319612811858	0.0378439714852	0.0416408891409	0.0469854005826	0.0792630401284	0.0754371720629	0.0752636704296	0.0895048010952	0.0638733274196	0.0666961135864	0.0790593963726	0.0808135854145	0.0690932200619	0.0717408612421	0.06419466946	0.0649944263769	0.0644950006515	0.0612349594533
TARA_018_SRF_0.22-1.6_G.snv.bam	0.0637192031292	0.0562036772205	0.0300187910705	0.0425122654824	0.0239920048339	0.0	0.0480099223986	0.0340966430324	0.0388445041337	0.042585217672	0.0462700153001	0.0787639838418	0.0752604535717	0.0753902660087	0.0866837099106	0.0654396320591	0.0668685916226	0.0772829778779	0.0815366180779	0.0677339542157	0.0710037930227	0.0644680772127	0.0646377372391	0.064513109797	0.0617322382232
TARA_023_DCM_0.22-1.6_G.snv.bam	0.0839287758279	0.0781507003054	0.0514837113575	0.0534891223287	0.0466528641294	0.0480099223986	0.0	0.0456175271816	0.048511754087	0.0426107654655	0.0527212997096	0.0934268227526	0.0877668649864	0.0849804136167	0.0977847669594	0.0821202024953	0.0834216670726	0.091227133667	0.0939581248161	0.0856300408195	0.0866082655451	0.0800351010146	0.0808265645838	0.0782823832013	0.076669960755
TARA_025_DCM_0.22-1.6_G.snv.bam	0.0709111276313	0.0648114601604	0.0383844241996	0.0461339737454	0.0319612811858	0.0340966430324	0.0456175271816	0.0	0.0363484877169	0.0395161684789	0.0455202257955	0.0828347068757	0.079509852936	0.0779706374941	0.0901000193698	0.0702544642179	0.068481472415	0.080076950337	0.082306502505	0.0746008918072	0.0777887044703	0.0725310410029	0.0733833172054	0.0691104364565	0.066196437221
TARA_025_SRF_0.22-1.6_G.snv.bam	0.0752669202246	0.0711830361166	0.0461620301504	0.0508534459469	0.0378439714852	0.0388445041337	0.048511754087	0.0363484877169	0.0	0.0411346622097	0.045697903123	0.0881627418503	0.087324366022	0.0826206496127	0.0938574034597	0.0732461248212	0.0731825491675	0.0844006443913	0.0883391440405	0.0811225310081	0.0863125343707	0.0766912095726	0.0802003612775	0.0703065473751	0.067413432918
TARA_030_DCM_0.22-1.6_G.snv.bam	0.0800857206044	0.0750924181968	0.0482110772617	0.0492447103405	0.0416408891409	0.042585217672	0.0426107654655	0.0395161684789	0.0411346622097	0.0	0.0395746344901	0.087725566796	0.0868451430686	0.0841903961417	0.0948836811213	0.0801041954643	0.0765095611888	0.085787895241	0.0920346580351	0.0821478333082	0.0839229268601	0.0791852273734	0.080915274541	0.0739754609546	0.0725769173085
TARA_030_SRF_0.22-1.6_G.snv.bam	0.0768993615102	0.0738491951757	0.0582429019708	0.0541977466463	0.0469854005826	0.0462700153001	0.0527212997096	0.0455202257955	0.045697903123	0.0395746344901	0.0	0.0893848839983	0.0866525239327	0.0839713970308	0.0936078853686	0.0813258298862	0.0798151759253	0.0931535526356	0.0971521786721	0.0843462864292	0.0889986989193	0.0829871239549	0.0846930405121	0.0767448178792	0.0801139488915
TARA_066_SRF_0.22-3_G.snv.bam	0.0756405439541	0.0724290448353	0.0793040027168	0.0861647649838	0.0792630401284	0.0787639838418	0.0934268227526	0.0828347068757	0.0881627418503	0.087725566796	0.0893848839983	0.0	0.0724863343728	0.0662854877379	0.0853609911676	0.0732188998065	0.0766747632237	0.077093099652	0.0788498455902	0.0761112393267	0.0748181520114	0.074419098336	0.0750804560853	0.0766556080443	0.0779827554128
TARA_068_DCM_0.22-3_G.snv.bam	0.0727140986162	0.0725505742822	0.0761084983245	0.0821718454199	0.0754371720629	0.0752604535717	0.0877668649864	0.079509852936	0.087324366022	0.0868451430686	0.0866525239327	0.0724863343728	0.0	0.0663717118296	0.0843589323389	0.0753666794736	0.0791214363029	0.0793437224016	0.0869253694183	0.0705327285161	0.068416819604	0.0726390648171	0.0739842667222	0.0797899016339	0.0770475292384
TARA_068_SRF_0.22-3_G.snv.bam	0.0745440939847	0.0702501716841	0.0751131769962	0.0826997826537	0.0752636704296	0.0753902660087	0.0849804136167	0.0779706374941	0.0826206496127	0.0841903961417	0.0839713970308	0.0662854877379	0.0663717118296	0.0	0.0853748958312	0.0771118035786	0.0751394593206	0.0836290675058	0.0865435400893	0.0706670173324	0.0710337137035	0.071073779777	0.0702479774299	0.0749087995947	0.0763038399781
TARA_078_SRF_0.22-3_G.snv.bam	0.0797904787803	0.0798881077341	0.092573268224	0.0942474187312	0.0895048010952	0.0866837099106	0.0977847669594	0.0901000193698	0.0938574034597	0.0948836811213	0.0936078853686	0.0853609911676	0.0843589323389	0.0853748958312	0.0	0.0927036748093	0.0823136940364	0.0832896493495	0.100367994637	0.0745363513416	0.0777983807642	0.0839718300903	0.0820105296741	0.0823843911684	0.0837289484716
TARA_094_SRF_0.22-3_G.snv.bam	0.0732635284499	0.0679095321938	0.0622703526319	0.0750210901455	0.0638733274196	0.0654396320591	0.0821202024953	0.0702544642179	0.0732461248212	0.0801041954643	0.0813258298862	0.0732188998065	0.0753666794736	0.0771118035786	0.0927036748093	0.0	0.0612817834427	0.0682838294133	0.0696462750719	0.0752725015052	0.077788518718	0.0671830274319	0.0694150467638	0.0634071277816	0.0631315431026
TARA_100_DCM_0.22-3_G.snv.bam	0.0688462266369	0.0650901699945	0.0680619469352	0.0748036093193	0.0666961135864	0.0668685916226	0.0834216670726	0.068481472415	0.0731825491675	0.0765095611888	0.0798151759253	0.0766747632237	0.0791214363029	0.0751394593206	0.0823136940364	0.0612817834427	0.0	0.053457218276	0.0760172422785	0.0690501841168	0.0748779436511	0.069472092339	0.0706381080887	0.0648372794633	0.0649309425675
TARA_111_DCM_0.22-3_G.snv.bam	0.0754064647	0.0740736559749	0.0788718641845	0.0827217974873	0.0790593963726	0.0772829778779	0.091227133667	0.080076950337	0.0844006443913	0.085787895241	0.0931535526356	0.077093099652	0.0793437224016	0.0836290675058	0.0832896493495	0.0682838294133	0.053457218276	0.0	0.0794172848146	0.0771905377774	0.0783147670799	0.0741152128928	0.0751465631645	0.0766975593895	0.070602539883
TARA_133_SRF_0.22-3_G.snv.bam	0.0863534018576	0.0838171168979	0.0788782805954	0.0876388430081	0.0808135854145	0.0815366180779	0.0939581248161	0.082306502505	0.0883391440405	0.0920346580351	0.0971521786721	0.0788498455902	0.0869253694183	0.0865435400893	0.100367994637	0.0696462750719	0.0760172422785	0.0794172848146	0.0	0.0843797505134	0.091723348052	0.0827519524629	0.0823722723481	0.0810788376229	0.0778605204885
TARA_150_DCM_0.22-3_G.snv.bam	0.0557367332658	0.0485424077525	0.0678795052496	0.0769429141267	0.0690932200619	0.0677339542157	0.0856300408195	0.0746008918072	0.0811225310081	0.0821478333082	0.0843462864292	0.0761112393267	0.0705327285161	0.0706670173324	0.0745363513416	0.0752725015052	0.0690501841168	0.0771905377774	0.0843797505134	0.0	0.0510419437954	0.0547551215503	0.0540018417656	0.0616266291756	0.0630881489183
TARA_150_SRF_0.22-3_G.snv.bam	0.0593640625757	0.0539512631048	0.0688490780527	0.0769789318692	0.0717408612421	0.0710037930227	0.0866082655451	0.0777887044703	0.0863125343707	0.0839229268601	0.0889986989193	0.0748181520114	0.068416819604	0.0710337137035	0.0777983807642	0.077788518718	0.0748779436511	0.0783147670799	0.091723348052	0.0510419437954	0.0	0.051516323997	0.0482444266193	0.0646291881978	0.0667429326243
TARA_151_DCM_0.22-3_G.snv.bam	0.0522718798762	0.044682504848	0.0622114356739	0.0764027214996	0.06419466946	0.0644680772127	0.0800351010146	0.0725310410029	0.0766912095726	0.0791852273734	0.0829871239549	0.074419098336	0.0726390648171	0.071073779777	0.0839718300903	0.0671830274319	0.069472092339	0.0741152128928	0.0827519524629	0.0547551215503	0.051516323997	0.0	0.0421725191655	0.0530561416883	0.0543432366637
TARA_151_SRF_0.22-3_G.snv.bam	0.052794515831	0.041142328293	0.061152138312	0.0750709822829	0.0649944263769	0.0646377372391	0.0808265645838	0.0733833172054	0.0802003612775	0.080915274541	0.0846930405121	0.0750804560853	0.0739842667222	0.0702479774299	0.0820105296741	0.0694150467638	0.0706381080887	0.0751465631645	0.0823722723481	0.0540018417656	0.0482444266193	0.0421725191655	0.0	0.053116931328	0.054220038121
TARA_152_MIX_0.22-3_G.snv.bam	0.0562208453584	0.0508848229745	0.0614505353237	0.0772379880578	0.0644950006515	0.064513109797	0.0782823832013	0.0691104364565	0.0703065473751	0.0739754609546	0.0767448178792	0.0766556080443	0.0797899016339	0.0749087995947	0.0823843911684	0.0634071277816	0.0648372794633	0.0766975593895	0.0810788376229	0.0616266291756	0.0646291881978	0.0530561416883	0.053116931328	0.0	0.0419007313299
TARA_152_SRF_0.22-3_G.snv.bam	0.059875903203	0.0542033842424	0.0589834742491	0.0733306447089	0.0612349594533	0.0617322382232	0.076669960755	0.066196437221	0.067413432918	0.0725769173085	0.0801139488915	0.0779827554128	0.0770475292384	0.0763038399781	0.0837289484716	0.0631315431026	0.0649309425675	0.070602539883	0.0778605204885	0.0630881489183	0.0667429326243	0.0543432366637	0.054220038121	0.0419007313299	0.0
