	TARA_007_DCM_0.22-1.6_G.snv.bam	TARA_009_DCM_0.22-1.6_G.snv.bam	TARA_025_DCM_0.22-1.6_G.snv.bam	TARA_066_SRF_0.22-3_G.snv.bam	TARA_067_SRF_0.22-3_G.snv.bam	TARA_093_DCM_0.22-3_G.snv.bam	TARA_093_SRF_0.22-3_G.snv.bam	TARA_102_DCM_0.22-3_G.snv.bam	TARA_133_DCM_0.22-3_G.snv.bam	TARA_133_SRF_0.22-3_G.snv.bam	TARA_145_SRF_0.22-3_G.snv.bam	TARA_152_MIX_0.22-3_G.snv.bam	TARA_152_SRF_0.22-3_G.snv.bam
TARA_007_DCM_0.22-1.6_G.snv.bam	0.0	0.0635761835377	0.0867957219704	0.0795133008812	0.119079409818	0.105573148283	0.107377672635	0.125433489737	0.0883856576653	0.091625569395	0.0809322564666	0.076496391441	0.077830625425
TARA_009_DCM_0.22-1.6_G.snv.bam	0.0635761835377	0.0	0.0464786292948	0.0662224381684	0.137830822742	0.124376954877	0.1283124204	0.159883505011	0.106104073417	0.111704122	0.0551287730425	0.0413295928051	0.0416790597254
TARA_025_DCM_0.22-1.6_G.snv.bam	0.0867957219704	0.0464786292948	0.0	0.0784606158456	0.154401597123	0.142046382542	0.146893069086	0.178298081516	0.127438731073	0.133046489345	0.0647153201552	0.0517135451109	0.051714147457
TARA_066_SRF_0.22-3_G.snv.bam	0.0795133008812	0.0662224381684	0.0784606158456	0.0	0.128530285491	0.114838183869	0.118436363897	0.150518688902	0.0968500912236	0.103166854851	0.0721341664026	0.0650147340621	0.0646894928593
TARA_067_SRF_0.22-3_G.snv.bam	0.119079409818	0.137830822742	0.154401597123	0.128530285491	0.0	0.0686607986842	0.0721963003742	0.0912441636005	0.0832104056688	0.087638028754	0.138369880374	0.146017622163	0.145464239555
TARA_093_DCM_0.22-3_G.snv.bam	0.105573148283	0.124376954877	0.142046382542	0.114838183869	0.0686607986842	0.0	0.02366511729	0.0761481317763	0.0708523834836	0.0687447642136	0.130275990159	0.132918703128	0.131831459772
TARA_093_SRF_0.22-3_G.snv.bam	0.107377672635	0.1283124204	0.146893069086	0.118436363897	0.0721963003742	0.02366511729	0.0	0.0716537842772	0.0724943604139	0.0699896249963	0.134126386693	0.137086544127	0.136369152985
TARA_102_DCM_0.22-3_G.snv.bam	0.125433489737	0.159883505011	0.178298081516	0.150518688902	0.0912441636005	0.0761481317763	0.0716537842772	0.0	0.112573668224	0.107736406007	0.165516245191	0.169593384494	0.167563544056
TARA_133_DCM_0.22-3_G.snv.bam	0.0883856576653	0.106104073417	0.127438731073	0.0968500912236	0.0832104056688	0.0708523834836	0.0724943604139	0.112573668224	0.0	0.036508163404	0.107901429396	0.115015478716	0.114873251189
TARA_133_SRF_0.22-3_G.snv.bam	0.091625569395	0.111704122	0.133046489345	0.103166854851	0.087638028754	0.0687447642136	0.0699896249963	0.107736406007	0.036508163404	0.0	0.116398008222	0.121135933895	0.119939612919
TARA_145_SRF_0.22-3_G.snv.bam	0.0809322564666	0.0551287730425	0.0647153201552	0.0721341664026	0.138369880374	0.130275990159	0.134126386693	0.165516245191	0.107901429396	0.116398008222	0.0	0.0502344297573	0.052123098022
TARA_152_MIX_0.22-3_G.snv.bam	0.076496391441	0.0413295928051	0.0517135451109	0.0650147340621	0.146017622163	0.132918703128	0.137086544127	0.169593384494	0.115015478716	0.121135933895	0.0502344297573	0.0	0.0207446031033
TARA_152_SRF_0.22-3_G.snv.bam	0.077830625425	0.0416790597254	0.051714147457	0.0646894928593	0.145464239555	0.131831459772	0.136369152985	0.167563544056	0.114873251189	0.119939612919	0.052123098022	0.0207446031033	0.0
