	TARA_100_SRF_0.22-3_G.snv.bam	TARA_109_DCM_0.22-3_G.snv.bam	TARA_109_SRF_0.22-3_G.snv.bam	TARA_110_DCM_0.22-3_G.snv.bam	TARA_110_SRF_0.22-3_G.snv.bam	TARA_111_DCM_0.22-3_G.snv.bam	TARA_111_SRF_0.22-3_G.snv.bam	TARA_122_DCM_0.22-3_G.snv.bam	TARA_122_MES_0.22-3_G.snv.bam	TARA_122_SRF_0.22-3_G.snv.bam	TARA_123_SRF_0.22-3_G.snv.bam	TARA_124_MIX_0.22-3_G.snv.bam	TARA_124_SRF_0.22-3_G.snv.bam	TARA_125_SRF_0.22-3_G.snv.bam	TARA_128_DCM_0.22-3_G.snv.bam	TARA_128_SRF_0.22-3_G.snv.bam	TARA_138_SRF_0.22-3_G.snv.bam
TARA_100_SRF_0.22-3_G.snv.bam	0.0	0.0515064802877	0.0610390452201	0.0591891374391	0.0526050931513	0.0517229906903	0.037165451717	0.06550514648	0.0650502454456	0.0568470829026	0.0557602846686	0.0551316376106	0.0543485595159	0.0566831279916	0.0589173611583	0.0585219268891	0.0710824739365
TARA_109_DCM_0.22-3_G.snv.bam	0.0515064802877	0.0	0.0411991130088	0.0459201193198	0.039978084214	0.0728476032625	0.0658906805248	0.0505879792546	0.0521052069851	0.0415663208376	0.0399434587178	0.0395851374741	0.0392912811048	0.0405718712868	0.0370722697613	0.0389558978224	0.0529592246392
TARA_109_SRF_0.22-3_G.snv.bam	0.0610390452201	0.0411991130088	0.0	0.0494674471538	0.0468706161344	0.0828306913301	0.0762166588872	0.0550866570176	0.0560813981224	0.0515196061374	0.0481290090347	0.0478584156157	0.0485660034855	0.0494753340002	0.0446049757834	0.0466339370645	0.0570995995605
TARA_110_DCM_0.22-3_G.snv.bam	0.0591891374391	0.0459201193198	0.0494674471538	0.0	0.0416789444406	0.0766115502373	0.0680677053862	0.0603821326613	0.0564247508236	0.0473631199108	0.0478484981165	0.0489553728998	0.0486321240667	0.0484473133151	0.0455528251789	0.0437385365192	0.0618460674045
TARA_110_SRF_0.22-3_G.snv.bam	0.0526050931513	0.039978084214	0.0468706161344	0.0416789444406	0.0	0.070181983611	0.0628998384987	0.0540592599202	0.0536021746537	0.0399984759812	0.0403766324412	0.0406468861172	0.041202926256	0.0417319627477	0.0398890615542	0.0382221043831	0.059105444509
TARA_111_DCM_0.22-3_G.snv.bam	0.0517229906903	0.0728476032625	0.0828306913301	0.0766115502373	0.070181983611	0.0	0.0414640523	0.0797378952999	0.0796715319218	0.0726085817639	0.0730887799229	0.0724034875524	0.0727997765528	0.0735004963027	0.0759178990756	0.0733086513943	0.0830702522181
TARA_111_SRF_0.22-3_G.snv.bam	0.037165451717	0.0658906805248	0.0762166588872	0.0680677053862	0.0628998384987	0.0414640523	0.0	0.0759814090221	0.0761544156504	0.0654727319338	0.0667486011831	0.0663671706792	0.0658564324097	0.0679944876979	0.070378830495	0.0668275687731	0.080146171282
TARA_122_DCM_0.22-3_G.snv.bam	0.06550514648	0.0505879792546	0.0550866570176	0.0603821326613	0.0540592599202	0.0797378952999	0.0759814090221	0.0	0.0497013251473	0.0357105079263	0.0356446929425	0.0331145954636	0.0338779464751	0.0327108309083	0.0397691931039	0.0420541576177	0.0485356174806
TARA_122_MES_0.22-3_G.snv.bam	0.0650502454456	0.0521052069851	0.0560813981224	0.0564247508236	0.0536021746537	0.0796715319218	0.0761544156504	0.0497013251473	0.0	0.0441846871254	0.0433468367733	0.04301661595	0.0434799254692	0.0432365004807	0.0442276739608	0.0486677690066	0.0576172344426
TARA_122_SRF_0.22-3_G.snv.bam	0.0568470829026	0.0415663208376	0.0515196061374	0.0473631199108	0.0399984759812	0.0726085817639	0.0654727319338	0.0357105079263	0.0441846871254	0.0	0.0215791673074	0.0217119343511	0.0194236076254	0.0201380948114	0.0290960314078	0.0288003609045	0.0451294516924
TARA_123_SRF_0.22-3_G.snv.bam	0.0557602846686	0.0399434587178	0.0481290090347	0.0478484981165	0.0403766324412	0.0730887799229	0.0667486011831	0.0356446929425	0.0433468367733	0.0215791673074	0.0	0.0214505625662	0.0185722121084	0.0196564705769	0.0269328528206	0.0305714441674	0.0447762351414
TARA_124_MIX_0.22-3_G.snv.bam	0.0551316376106	0.0395851374741	0.0478584156157	0.0489553728998	0.0406468861172	0.0724034875524	0.0663671706792	0.0331145954636	0.04301661595	0.0217119343511	0.0214505625662	0.0	0.0177526826837	0.0201518697502	0.0273520264468	0.0302560442711	0.0442518005347
TARA_124_SRF_0.22-3_G.snv.bam	0.0543485595159	0.0392912811048	0.0485660034855	0.0486321240667	0.041202926256	0.0727997765528	0.0658564324097	0.0338779464751	0.0434799254692	0.0194236076254	0.0185722121084	0.0177526826837	0.0	0.0163258797082	0.0255463992341	0.0290136954885	0.0427029798367
TARA_125_SRF_0.22-3_G.snv.bam	0.0566831279916	0.0405718712868	0.0494753340002	0.0484473133151	0.0417319627477	0.0735004963027	0.0679944876979	0.0327108309083	0.0432365004807	0.0201380948114	0.0196564705769	0.0201518697502	0.0163258797082	0.0	0.025957340424	0.0279278171384	0.04126241932
TARA_128_DCM_0.22-3_G.snv.bam	0.0589173611583	0.0370722697613	0.0446049757834	0.0455528251789	0.0398890615542	0.0759178990756	0.070378830495	0.0397691931039	0.0442276739608	0.0290960314078	0.0269328528206	0.0273520264468	0.0255463992341	0.025957340424	0.0	0.0253773435459	0.0443838684051
TARA_128_SRF_0.22-3_G.snv.bam	0.0585219268891	0.0389558978224	0.0466339370645	0.0437385365192	0.0382221043831	0.0733086513943	0.0668275687731	0.0420541576177	0.0486677690066	0.0288003609045	0.0305714441674	0.0302560442711	0.0290136954885	0.0279278171384	0.0253773435459	0.0	0.0467296167349
TARA_138_SRF_0.22-3_G.snv.bam	0.0710824739365	0.0529592246392	0.0570995995605	0.0618460674045	0.059105444509	0.0830702522181	0.080146171282	0.0485356174806	0.0576172344426	0.0451294516924	0.0447762351414	0.0442518005347	0.0427029798367	0.04126241932	0.0443838684051	0.0467296167349	0.0
