	TARA_068_MES_0.22-3_G.snv.bam	TARA_085_MES_0.22-3_G.snv.bam	TARA_100_MES_0.22-3_G.snv.bam	TARA_102_MES_0.22-3_G.snv.bam	TARA_109_MES_0.22-3_G.snv.bam	TARA_133_MES_0.22-3_G.snv.bam	TARA_145_MES_0.22-3_G.snv.bam
TARA_068_MES_0.22-3_G.snv.bam	0.0	0.0847029077118	0.0151706700379	0.00379266750948	0.0101137800253	0.0214917825537	0.00758533501896
TARA_085_MES_0.22-3_G.snv.bam	0.0847029077118	0.0	0.130214917826	0.0998735777497	0.116308470291	0.0353982300885	0.0493046776233
TARA_100_MES_0.22-3_G.snv.bam	0.0151706700379	0.130214917826	0.0	0.00884955752212	0.0063211125158	0.0733249051833	0.0530973451327
TARA_102_MES_0.22-3_G.snv.bam	0.00379266750948	0.0998735777497	0.00884955752212	0.0	0.00252844500632	0.0290771175727	0.0240202275601
TARA_109_MES_0.22-3_G.snv.bam	0.0101137800253	0.116308470291	0.0063211125158	0.00252844500632	0.0	0.0543615676359	0.0366624525917
TARA_133_MES_0.22-3_G.snv.bam	0.0214917825537	0.0353982300885	0.0733249051833	0.0290771175727	0.0543615676359	0.0	0.0139064475348
TARA_145_MES_0.22-3_G.snv.bam	0.00758533501896	0.0493046776233	0.0530973451327	0.0240202275601	0.0366624525917	0.0139064475348	0.0
