	TARA_068_MES_0.22-3_G.snv.bam	TARA_070_MES_0.22-3_G.snv.bam	TARA_072_MES_0.22-3_G.snv.bam	TARA_076_MES_0.22-3_G.snv.bam	TARA_102_MES_0.22-3_G.snv.bam	TARA_112_MES_0.22-3_G.snv.bam	TARA_122_MES_0.22-3_G.snv.bam	TARA_132_MES_0.22-3_G.snv.bam	TARA_133_MES_0.22-3_G.snv.bam	TARA_142_MES_0.22-3_G.snv.bam	TARA_145_MES_0.22-3_G.snv.bam
TARA_068_MES_0.22-3_G.snv.bam	0.0	0.0614823765897	0.0621667379889	0.0585958341189	0.0638992416964	0.0572263026194	0.0544397329639	0.0518033146486	0.072858312597	0.0547020534604	0.0641494255999
TARA_070_MES_0.22-3_G.snv.bam	0.0614823765897	0.0	0.0370500618061	0.0345953308803	0.0789082682205	0.0405946526357	0.0605880193273	0.0707043027482	0.0607312640786	0.0683762567945	0.0447019856445
TARA_072_MES_0.22-3_G.snv.bam	0.0621667379889	0.0370500618061	0.0	0.0440617306768	0.0785342208038	0.0467538996143	0.0631555132658	0.0720415010021	0.063733964931	0.0700584522935	0.0521045469283
TARA_076_MES_0.22-3_G.snv.bam	0.0585958341189	0.0345953308803	0.0440617306768	0.0	0.0797246326818	0.0383289333096	0.0642285531407	0.0663387595165	0.0706053945276	0.0677161080181	0.0430557905179
TARA_102_MES_0.22-3_G.snv.bam	0.0638992416964	0.0789082682205	0.0785342208038	0.0797246326818	0.0	0.0793101969313	0.0533186370138	0.0610162722564	0.0795776721433	0.0544557504459	0.0866078148113
TARA_112_MES_0.22-3_G.snv.bam	0.0572263026194	0.0405946526357	0.0467538996143	0.0383289333096	0.0793101969313	0.0	0.0632203435548	0.0659639706636	0.0749757801483	0.0657739407573	0.0458508637964
TARA_122_MES_0.22-3_G.snv.bam	0.0544397329639	0.0605880193273	0.0631555132658	0.0642285531407	0.0533186370138	0.0632203435548	0.0	0.0538935991559	0.0577451334573	0.0534178695088	0.0723148527224
TARA_132_MES_0.22-3_G.snv.bam	0.0518033146486	0.0707043027482	0.0720415010021	0.0663387595165	0.0610162722564	0.0659639706636	0.0538935991559	0.0	0.0738783573512	0.0545077481305	0.0746009942314
TARA_133_MES_0.22-3_G.snv.bam	0.072858312597	0.0607312640786	0.063733964931	0.0706053945276	0.0795776721433	0.0749757801483	0.0577451334573	0.0738783573512	0.0	0.0773404023224	0.0819281769511
TARA_142_MES_0.22-3_G.snv.bam	0.0547020534604	0.0683762567945	0.0700584522935	0.0677161080181	0.0544557504459	0.0657739407573	0.0534178695088	0.0545077481305	0.0773404023224	0.0	0.0729042487737
TARA_145_MES_0.22-3_G.snv.bam	0.0641494255999	0.0447019856445	0.0521045469283	0.0430557905179	0.0866078148113	0.0458508637964	0.0723148527224	0.0746009942314	0.0819281769511	0.0729042487737	0.0
