	TARA_037_MES_0.22-1.6_G.snv.bam	TARA_038_MES_0.22-1.6_G.snv.bam	TARA_039_MES_0.22-1.6_G.snv.bam	TARA_100_MES_0.22-3_G.snv.bam	TARA_137_DCM_0.22-3_G.snv.bam	TARA_137_MES_0.22-3_G.snv.bam	TARA_138_MES_0.22-3_G.snv.bam
TARA_037_MES_0.22-1.6_G.snv.bam	0.0	0.0	0.0	0.335365853659	0.289634146341	0.231707317073	0.240853658537
TARA_038_MES_0.22-1.6_G.snv.bam	0.0	0.0	0.0	0.332317073171	0.286585365854	0.228658536585	0.237804878049
TARA_039_MES_0.22-1.6_G.snv.bam	0.0	0.0	0.0	0.332317073171	0.286585365854	0.228658536585	0.237804878049
TARA_100_MES_0.22-3_G.snv.bam	0.335365853659	0.332317073171	0.332317073171	0.0	0.0182926829268	0.0457317073171	0.0518292682927
TARA_137_DCM_0.22-3_G.snv.bam	0.289634146341	0.286585365854	0.286585365854	0.0182926829268	0.0	0.0030487804878	0.0030487804878
TARA_137_MES_0.22-3_G.snv.bam	0.231707317073	0.228658536585	0.228658536585	0.0457317073171	0.0030487804878	0.0	0.0
TARA_138_MES_0.22-3_G.snv.bam	0.240853658537	0.237804878049	0.237804878049	0.0518292682927	0.0030487804878	0.0	0.0
