	TARA_041_SRF_0.22-1.6_G.snv.bam	TARA_042_SRF_0.22-1.6_G.snv.bam	TARA_045_SRF_0.22-1.6_G.snv.bam	TARA_048_SRF_0.22-1.6_G.snv.bam	TARA_098_SRF_0.22-3_G.snv.bam	TARA_100_SRF_0.22-3_G.snv.bam	TARA_132_SRF_0.22-3_G.snv.bam	TARA_138_SRF_0.22-3_G.snv.bam
TARA_041_SRF_0.22-1.6_G.snv.bam	0.0	0.0	0.00518134715026	0.0	0.0440414507772	0.111398963731	0.0	0.0
TARA_042_SRF_0.22-1.6_G.snv.bam	0.0	0.0	0.00259067357513	0.0	0.0544041450777	0.116580310881	0.00259067357513	0.0
TARA_045_SRF_0.22-1.6_G.snv.bam	0.00518134715026	0.00259067357513	0.0	0.0	0.0569948186528	0.124352331606	0.00518134715026	0.00259067357513
TARA_048_SRF_0.22-1.6_G.snv.bam	0.0	0.0	0.0	0.0	0.059585492228	0.124352331606	0.00518134715026	0.0
TARA_098_SRF_0.22-3_G.snv.bam	0.0440414507772	0.0544041450777	0.0569948186528	0.059585492228	0.0	0.116580310881	0.0518134715026	0.0518134715026
TARA_100_SRF_0.22-3_G.snv.bam	0.111398963731	0.116580310881	0.124352331606	0.124352331606	0.116580310881	0.0	0.124352331606	0.111398963731
TARA_132_SRF_0.22-3_G.snv.bam	0.0	0.00259067357513	0.00518134715026	0.00518134715026	0.0518134715026	0.124352331606	0.0	0.00259067357513
TARA_138_SRF_0.22-3_G.snv.bam	0.0	0.0	0.00259067357513	0.0	0.0518134715026	0.111398963731	0.00259067357513	0.0
