	TARA_004_DCM_0.22-1.6_G.snv.bam	TARA_072_DCM_0.22-3_G.snv.bam	TARA_125_MIX_0.22-3_G.snv.bam	TARA_132_DCM_0.22-3_G.snv.bam	TARA_146_SRF_0.22-3_G.snv.bam	TARA_148_SRF_0.22-3_G.snv.bam	TARA_149_SRF_0.22-3_G.snv.bam	TARA_150_DCM_0.22-3_G.snv.bam	TARA_150_SRF_0.22-3_G.snv.bam
TARA_004_DCM_0.22-1.6_G.snv.bam	0.0	0.00884955752212	0.00884955752212	0.0	0.0	0.0	0.00221238938053	0.00442477876106	0.00221238938053
TARA_072_DCM_0.22-3_G.snv.bam	0.00884955752212	0.0	0.00221238938053	0.0	0.00663716814159	0.00663716814159	0.00663716814159	0.0110619469027	0.0154867256637
TARA_125_MIX_0.22-3_G.snv.bam	0.00884955752212	0.00221238938053	0.0	0.0	0.0	0.0110619469027	0.00221238938053	0.00442477876106	0.00663716814159
TARA_132_DCM_0.22-3_G.snv.bam	0.0	0.0	0.0	0.0	0.0	0.00663716814159	0.0	0.00221238938053	0.00442477876106
TARA_146_SRF_0.22-3_G.snv.bam	0.0	0.00663716814159	0.0	0.0	0.0	0.0	0.0	0.0	0.0
TARA_148_SRF_0.22-3_G.snv.bam	0.0	0.00663716814159	0.0110619469027	0.00663716814159	0.0	0.0	0.00221238938053	0.00442477876106	0.0
TARA_149_SRF_0.22-3_G.snv.bam	0.00221238938053	0.00663716814159	0.00221238938053	0.0	0.0	0.00221238938053	0.0	0.00221238938053	0.0
TARA_150_DCM_0.22-3_G.snv.bam	0.00442477876106	0.0110619469027	0.00442477876106	0.00221238938053	0.0	0.00442477876106	0.00221238938053	0.0	0.00442477876106
TARA_150_SRF_0.22-3_G.snv.bam	0.00221238938053	0.0154867256637	0.00663716814159	0.00442477876106	0.0	0.0	0.0	0.00442477876106	0.0
