	TARA_004_DCM_0.22-1.6_G.snv.bam	TARA_004_SRF_0.22-1.6_G.snv.bam	TARA_007_DCM_0.22-1.6_G.snv.bam	TARA_007_SRF_0.22-1.6_G.snv.bam	TARA_009_DCM_0.22-1.6_G.snv.bam	TARA_009_SRF_0.22-1.6_G.snv.bam	TARA_018_DCM_0.22-1.6_G.snv.bam	TARA_018_SRF_0.22-1.6_G.snv.bam	TARA_023_DCM_0.22-1.6_G.snv.bam	TARA_023_SRF_0.22-1.6_G.snv.bam	TARA_025_DCM_0.22-1.6_G.snv.bam	TARA_025_SRF_0.22-1.6_G.snv.bam	TARA_030_DCM_0.22-1.6_G.snv.bam	TARA_030_SRF_0.22-1.6_G.snv.bam	TARA_094_SRF_0.22-3_G.snv.bam	TARA_133_SRF_0.22-3_G.snv.bam	TARA_146_SRF_0.22-3_G.snv.bam	TARA_148_SRF_0.22-3_G.snv.bam	TARA_149_SRF_0.22-3_G.snv.bam	TARA_150_DCM_0.22-3_G.snv.bam	TARA_150_SRF_0.22-3_G.snv.bam	TARA_151_DCM_0.22-3_G.snv.bam	TARA_151_SRF_0.22-3_G.snv.bam	TARA_152_MIX_0.22-3_G.snv.bam	TARA_152_SRF_0.22-3_G.snv.bam
TARA_004_DCM_0.22-1.6_G.snv.bam	0.0	0.0	0.0046783625731	0.0140350877193	0.00350877192982	0.0140350877193	0.00701754385965	0.00584795321637	0.0152046783626	0.0187134502924	0.0163742690058	0.0210526315789	0.0187134502924	0.0198830409357	0.0491228070175	0.0175438596491	0.0233918128655	0.0222222222222	0.0187134502924	0.0	0.00116959064327	0.00233918128655	0.00233918128655	0.00116959064327	0.00116959064327
TARA_004_SRF_0.22-1.6_G.snv.bam	0.0	0.0	0.00233918128655	0.00584795321637	0.0	0.00701754385965	0.0	0.0	0.0093567251462	0.012865497076	0.0105263157895	0.0140350877193	0.0140350877193	0.0163742690058	0.0502923976608	0.0152046783626	0.0187134502924	0.0210526315789	0.0140350877193	0.00116959064327	0.0	0.0	0.00116959064327	0.00116959064327	0.0
TARA_007_DCM_0.22-1.6_G.snv.bam	0.0046783625731	0.00233918128655	0.0	0.0	0.0	0.00233918128655	0.0	0.0	0.00233918128655	0.00233918128655	0.0	0.00350877192982	0.0046783625731	0.00584795321637	0.0514619883041	0.025730994152	0.00233918128655	0.00116959064327	0.00233918128655	0.00116959064327	0.00350877192982	0.00818713450292	0.00350877192982	0.0093567251462	0.00584795321637
TARA_007_SRF_0.22-1.6_G.snv.bam	0.0140350877193	0.00584795321637	0.0	0.0	0.0	0.0	0.0	0.0	0.0	0.0	0.0	0.0	0.0	0.0	0.0690058479532	0.0421052631579	0.00233918128655	0.0	0.00350877192982	0.00350877192982	0.00818713450292	0.0163742690058	0.0140350877193	0.0210526315789	0.0198830409357
TARA_009_DCM_0.22-1.6_G.snv.bam	0.00350877192982	0.0	0.0	0.0	0.0	0.0	0.0	0.0	0.0	0.00233918128655	0.00116959064327	0.00233918128655	0.00116959064327	0.00233918128655	0.0538011695906	0.0210526315789	0.00350877192982	0.00233918128655	0.00233918128655	0.0	0.0	0.0046783625731	0.00116959064327	0.0046783625731	0.00233918128655
TARA_009_SRF_0.22-1.6_G.snv.bam	0.0140350877193	0.00701754385965	0.00233918128655	0.0	0.0	0.0	0.0	0.0	0.0	0.0	0.0	0.0	0.0	0.0	0.0736842105263	0.0502923976608	0.00233918128655	0.0	0.0046783625731	0.00701754385965	0.0105263157895	0.0222222222222	0.0163742690058	0.0269005847953	0.0233918128655
TARA_018_DCM_0.22-1.6_G.snv.bam	0.00701754385965	0.0	0.0	0.0	0.0	0.0	0.0	0.0	0.0	0.0	0.0	0.0	0.0	0.0	0.0654970760234	0.0374269005848	0.00116959064327	0.0	0.00116959064327	0.0	0.00350877192982	0.012865497076	0.00818713450292	0.0116959064327	0.0105263157895
TARA_018_SRF_0.22-1.6_G.snv.bam	0.00584795321637	0.0	0.0	0.0	0.0	0.0	0.0	0.0	0.0	0.0	0.0	0.0	0.0	0.0	0.0643274853801	0.0385964912281	0.00116959064327	0.00116959064327	0.00233918128655	0.0	0.00350877192982	0.0140350877193	0.0116959064327	0.0116959064327	0.0105263157895
TARA_023_DCM_0.22-1.6_G.snv.bam	0.0152046783626	0.0093567251462	0.00233918128655	0.0	0.0	0.0	0.0	0.0	0.0	0.0	0.0	0.0	0.0	0.0	0.0736842105263	0.0526315789474	0.00233918128655	0.0	0.00350877192982	0.00584795321637	0.0116959064327	0.0245614035088	0.0152046783626	0.0292397660819	0.025730994152
TARA_023_SRF_0.22-1.6_G.snv.bam	0.0187134502924	0.012865497076	0.00233918128655	0.0	0.00233918128655	0.0	0.0	0.0	0.0	0.0	0.0	0.0	0.0	0.0	0.0748538011696	0.0526315789474	0.00233918128655	0.0	0.0046783625731	0.00701754385965	0.012865497076	0.0304093567251	0.0233918128655	0.0327485380117	0.0327485380117
TARA_025_DCM_0.22-1.6_G.snv.bam	0.0163742690058	0.0105263157895	0.0	0.0	0.00116959064327	0.0	0.0	0.0	0.0	0.0	0.0	0.0	0.0	0.0	0.0771929824561	0.0526315789474	0.00233918128655	0.0	0.0046783625731	0.0046783625731	0.0105263157895	0.0245614035088	0.0198830409357	0.0269005847953	0.0233918128655
TARA_025_SRF_0.22-1.6_G.snv.bam	0.0210526315789	0.0140350877193	0.00350877192982	0.0	0.00233918128655	0.0	0.0	0.0	0.0	0.0	0.0	0.0	0.0	0.0	0.0830409356725	0.0608187134503	0.00233918128655	0.0	0.0046783625731	0.00701754385965	0.0140350877193	0.0315789473684	0.0292397660819	0.033918128655	0.0327485380117
TARA_030_DCM_0.22-1.6_G.snv.bam	0.0187134502924	0.0140350877193	0.0046783625731	0.0	0.00116959064327	0.0	0.0	0.0	0.0	0.0	0.0	0.0	0.0	0.0	0.0736842105263	0.0526315789474	0.00233918128655	0.0	0.0046783625731	0.00701754385965	0.0152046783626	0.0315789473684	0.0269005847953	0.0327485380117	0.0280701754386
TARA_030_SRF_0.22-1.6_G.snv.bam	0.0198830409357	0.0163742690058	0.00584795321637	0.0	0.00233918128655	0.0	0.0	0.0	0.0	0.0	0.0	0.0	0.0	0.0	0.0865497076023	0.059649122807	0.00233918128655	0.0	0.00701754385965	0.0093567251462	0.0175438596491	0.0385964912281	0.033918128655	0.0362573099415	0.033918128655
TARA_094_SRF_0.22-3_G.snv.bam	0.0491228070175	0.0502923976608	0.0514619883041	0.0690058479532	0.0538011695906	0.0736842105263	0.0654970760234	0.0643274853801	0.0736842105263	0.0748538011696	0.0771929824561	0.0830409356725	0.0736842105263	0.0865497076023	0.0	0.0187134502924	0.0736842105263	0.080701754386	0.0631578947368	0.0479532163743	0.0304093567251	0.033918128655	0.0315789473684	0.0374269005848	0.0374269005848
TARA_133_SRF_0.22-3_G.snv.bam	0.0175438596491	0.0152046783626	0.025730994152	0.0421052631579	0.0210526315789	0.0502923976608	0.0374269005848	0.0385964912281	0.0526315789474	0.0526315789474	0.0526315789474	0.0608187134503	0.0526315789474	0.059649122807	0.0187134502924	0.0	0.0479532163743	0.0538011695906	0.0385964912281	0.0187134502924	0.00701754385965	0.00818713450292	0.0116959064327	0.0140350877193	0.0152046783626
TARA_146_SRF_0.22-3_G.snv.bam	0.0233918128655	0.0187134502924	0.00233918128655	0.00233918128655	0.00350877192982	0.00233918128655	0.00116959064327	0.00116959064327	0.00233918128655	0.00233918128655	0.00233918128655	0.00233918128655	0.00233918128655	0.00233918128655	0.0736842105263	0.0479532163743	0.0	0.0	0.00116959064327	0.00350877192982	0.00584795321637	0.025730994152	0.0269005847953	0.0350877192982	0.033918128655
TARA_148_SRF_0.22-3_G.snv.bam	0.0222222222222	0.0210526315789	0.00116959064327	0.0	0.00233918128655	0.0	0.0	0.00116959064327	0.0	0.0	0.0	0.0	0.0	0.0	0.080701754386	0.0538011695906	0.0	0.0	0.0	0.00233918128655	0.00701754385965	0.025730994152	0.0198830409357	0.0315789473684	0.0327485380117
TARA_149_SRF_0.22-3_G.snv.bam	0.0187134502924	0.0140350877193	0.00233918128655	0.00350877192982	0.00233918128655	0.0046783625731	0.00116959064327	0.00233918128655	0.00350877192982	0.0046783625731	0.0046783625731	0.0046783625731	0.0046783625731	0.00701754385965	0.0631578947368	0.0385964912281	0.00116959064327	0.0	0.0	0.00116959064327	0.00233918128655	0.0187134502924	0.012865497076	0.0233918128655	0.0233918128655
TARA_150_DCM_0.22-3_G.snv.bam	0.0	0.00116959064327	0.00116959064327	0.00350877192982	0.0	0.00701754385965	0.0	0.0	0.00584795321637	0.00701754385965	0.0046783625731	0.00701754385965	0.00701754385965	0.0093567251462	0.0479532163743	0.0187134502924	0.00350877192982	0.00233918128655	0.00116959064327	0.0	0.00233918128655	0.00701754385965	0.0046783625731	0.00584795321637	0.00818713450292
TARA_150_SRF_0.22-3_G.snv.bam	0.00116959064327	0.0	0.00350877192982	0.00818713450292	0.0	0.0105263157895	0.00350877192982	0.00350877192982	0.0116959064327	0.012865497076	0.0105263157895	0.0140350877193	0.0152046783626	0.0175438596491	0.0304093567251	0.00701754385965	0.00584795321637	0.00701754385965	0.00233918128655	0.00233918128655	0.0	0.0	0.0	0.00116959064327	0.00233918128655
TARA_151_DCM_0.22-3_G.snv.bam	0.00233918128655	0.0	0.00818713450292	0.0163742690058	0.0046783625731	0.0222222222222	0.012865497076	0.0140350877193	0.0245614035088	0.0304093567251	0.0245614035088	0.0315789473684	0.0315789473684	0.0385964912281	0.033918128655	0.00818713450292	0.025730994152	0.025730994152	0.0187134502924	0.00701754385965	0.0	0.0	0.00116959064327	0.0	0.0
TARA_151_SRF_0.22-3_G.snv.bam	0.00233918128655	0.00116959064327	0.00350877192982	0.0140350877193	0.00116959064327	0.0163742690058	0.00818713450292	0.0116959064327	0.0152046783626	0.0233918128655	0.0198830409357	0.0292397660819	0.0269005847953	0.033918128655	0.0315789473684	0.0116959064327	0.0269005847953	0.0198830409357	0.012865497076	0.0046783625731	0.0	0.00116959064327	0.0	0.0	0.0
TARA_152_MIX_0.22-3_G.snv.bam	0.00116959064327	0.00116959064327	0.0093567251462	0.0210526315789	0.0046783625731	0.0269005847953	0.0116959064327	0.0116959064327	0.0292397660819	0.0327485380117	0.0269005847953	0.033918128655	0.0327485380117	0.0362573099415	0.0374269005848	0.0140350877193	0.0350877192982	0.0315789473684	0.0233918128655	0.00584795321637	0.00116959064327	0.0	0.0	0.0	0.0
TARA_152_SRF_0.22-3_G.snv.bam	0.00116959064327	0.0	0.00584795321637	0.0198830409357	0.00233918128655	0.0233918128655	0.0105263157895	0.0105263157895	0.025730994152	0.0327485380117	0.0233918128655	0.0327485380117	0.0280701754386	0.033918128655	0.0374269005848	0.0152046783626	0.033918128655	0.0327485380117	0.0233918128655	0.00818713450292	0.00233918128655	0.0	0.0	0.0	0.0
