	TARA_018_DCM_0.22-1.6_G.snv.bam	TARA_018_SRF_0.22-1.6_G.snv.bam	TARA_025_DCM_0.22-1.6_G.snv.bam	TARA_064_SRF_0.22-3_G.snv.bam	TARA_065_DCM_0.22-3_G.snv.bam	TARA_078_DCM_0.22-3_G.snv.bam	TARA_145_SRF_0.22-3_G.snv.bam	TARA_146_SRF_0.22-3_G.snv.bam	TARA_148_SRF_0.22-3_G.snv.bam	TARA_149_SRF_0.22-3_G.snv.bam	TARA_150_DCM_0.22-3_G.snv.bam	TARA_150_SRF_0.22-3_G.snv.bam	TARA_151_DCM_0.22-3_G.snv.bam
TARA_018_DCM_0.22-1.6_G.snv.bam	0.0	0.01501530192	0.0167912738102	0.281011705449	0.277084637308	0.285136042313	0.320391094619	0.324758614596	0.322917384066	0.319191748106	0.283814415979	0.278175005726	0.229827457648
TARA_018_SRF_0.22-1.6_G.snv.bam	0.01501530192	0.0	0.016396900746	0.283319941312	0.279564925615	0.286346991497	0.32145029569	0.326538172275	0.324388889528	0.320587152939	0.284689630059	0.279169249091	0.23164311071
TARA_025_DCM_0.22-1.6_G.snv.bam	0.0167912738102	0.016396900746	0.0	0.258243240815	0.251486071572	0.257554288056	0.293462716988	0.301416912832	0.297922785308	0.295689795111	0.258619560712	0.2568015691	0.21513368617
TARA_064_SRF_0.22-3_G.snv.bam	0.281011705449	0.283319941312	0.258243240815	0.0	0.075629098587	0.0807508145972	0.105647451327	0.114713838557	0.116028075627	0.0945875861899	0.0895501871297	0.0875339699125	0.170775469331
TARA_065_DCM_0.22-3_G.snv.bam	0.277084637308	0.279564925615	0.251486071572	0.075629098587	0.0	0.0758146992466	0.109872061268	0.122175869765	0.123148039275	0.102530614476	0.0824171055157	0.0888920544859	0.15825245802
TARA_078_DCM_0.22-3_G.snv.bam	0.285136042313	0.286346991497	0.257554288056	0.0807508145972	0.0758146992466	0.0	0.069401681408	0.0885269008573	0.0919359661445	0.07180205156	0.0600855971053	0.0840860001535	0.179196137202
TARA_145_SRF_0.22-3_G.snv.bam	0.320391094619	0.32145029569	0.293462716988	0.105647451327	0.109872061268	0.069401681408	0.0	0.0470528174052	0.0506436549439	0.0553368384124	0.0907346796636	0.114890912434	0.224466154596
TARA_146_SRF_0.22-3_G.snv.bam	0.324758614596	0.326538172275	0.301416912832	0.114713838557	0.122175869765	0.0885269008573	0.0470528174052	0.0	0.0326582807785	0.0517479393543	0.0968641530527	0.116402265616	0.226904368353
TARA_148_SRF_0.22-3_G.snv.bam	0.322917384066	0.324388889528	0.297922785308	0.116028075627	0.123148039275	0.0919359661445	0.0506436549439	0.0326582807785	0.0	0.0557303035298	0.0990873608931	0.119370286114	0.227062316458
TARA_149_SRF_0.22-3_G.snv.bam	0.319191748106	0.320587152939	0.295689795111	0.0945875861899	0.102530614476	0.07180205156	0.0553368384124	0.0517479393543	0.0557303035298	0.0	0.0801324856909	0.103646984977	0.213119222661
TARA_150_DCM_0.22-3_G.snv.bam	0.283814415979	0.284689630059	0.258619560712	0.0895501871297	0.0824171055157	0.0600855971053	0.0907346796636	0.0968641530527	0.0990873608931	0.0801324856909	0.0	0.0797499197773	0.159912933149
TARA_150_SRF_0.22-3_G.snv.bam	0.278175005726	0.279169249091	0.2568015691	0.0875339699125	0.0888920544859	0.0840860001535	0.114890912434	0.116402265616	0.119370286114	0.103646984977	0.0797499197773	0.0	0.140406063164
TARA_151_DCM_0.22-3_G.snv.bam	0.229827457648	0.23164311071	0.21513368617	0.170775469331	0.15825245802	0.179196137202	0.224466154596	0.226904368353	0.227062316458	0.213119222661	0.159912933149	0.140406063164	0.0
