	TARA_056_MES_0.22-3_G.snv.bam	TARA_064_MES_0.22-3_G.snv.bam	TARA_065_MES_0.22-3_G.snv.bam	TARA_068_MES_0.22-3_G.snv.bam	TARA_070_MES_0.22-3_G.snv.bam	TARA_072_MES_0.22-3_G.snv.bam	TARA_076_MES_0.22-3_G.snv.bam	TARA_078_MES_0.22-3_G.snv.bam	TARA_085_MES_0.22-3_G.snv.bam	TARA_098_MES_0.22-3_G.snv.bam	TARA_100_MES_0.22-3_G.snv.bam	TARA_102_MES_0.22-3_G.snv.bam	TARA_109_MES_0.22-3_G.snv.bam	TARA_110_MES_0.22-3_G.snv.bam	TARA_111_MES_0.22-3_G.snv.bam	TARA_112_MES_0.22-3_G.snv.bam	TARA_122_MES_0.22-3_G.snv.bam	TARA_132_MES_0.22-3_G.snv.bam	TARA_133_MES_0.22-3_G.snv.bam	TARA_137_DCM_0.22-3_G.snv.bam	TARA_137_MES_0.22-3_G.snv.bam	TARA_138_MES_0.22-3_G.snv.bam	TARA_142_MES_0.22-3_G.snv.bam	TARA_145_MES_0.22-3_G.snv.bam	TARA_146_MES_0.22-3_G.snv.bam	TARA_148b_MES_0.22-3_G.snv.bam	TARA_149_MES_0.22-3_G.snv.bam	TARA_152_MES_0.22-3_G.snv.bam
TARA_056_MES_0.22-3_G.snv.bam	0.0	0.0123734533183	0.00899887514061	0.0191226096738	0.0247469066367	0.0157480314961	0.0382452193476	0.037120359955	0.0596175478065	0.0101237345332	0.0922384701912	0.00224971878515	0.0382452193476	0.00899887514061	0.00899887514061	0.029246344207	0.0	0.0179977502812	0.0	0.0573678290214	0.0044994375703	0.00112485939258	0.00674915635546	0.0539932508436	0.0101237345332	0.115860517435	0.0112485939258	0.0247469066367
TARA_064_MES_0.22-3_G.snv.bam	0.0123734533183	0.0	0.0	0.0	0.00562429696288	0.0101237345332	0.0	0.0	0.0247469066367	0.0	0.0843644544432	0.0112485939258	0.0359955005624	0.0157480314961	0.0168728908886	0.00224971878515	0.0044994375703	0.0	0.00787401574803	0.0697412823397	0.0303712035996	0.0224971878515	0.00787401574803	0.0112485939258	0.00674915635546	0.112485939258	0.00112485939258	0.0044994375703
TARA_065_MES_0.22-3_G.snv.bam	0.00899887514061	0.0	0.0	0.0	0.0112485939258	0.0134983127109	0.0123734533183	0.0101237345332	0.0359955005624	0.0	0.0832395950506	0.00562429696288	0.0326209223847	0.0101237345332	0.0101237345332	0.00674915635546	0.00112485939258	0.0	0.00337457817773	0.0652418447694	0.029246344207	0.0213723284589	0.00562429696288	0.029246344207	0.00337457817773	0.101237345332	0.0	0.00224971878515
TARA_068_MES_0.22-3_G.snv.bam	0.0191226096738	0.0	0.0	0.0	0.00562429696288	0.0134983127109	0.00112485939258	0.0	0.0134983127109	0.0	0.101237345332	0.0134983127109	0.0427446569179	0.0258717660292	0.0224971878515	0.0	0.00787401574803	0.0	0.0101237345332	0.0652418447694	0.0438695163105	0.0303712035996	0.00787401574803	0.00337457817773	0.00787401574803	0.125984251969	0.00224971878515	0.00224971878515
TARA_070_MES_0.22-3_G.snv.bam	0.0247469066367	0.00562429696288	0.0112485939258	0.00562429696288	0.0	0.00112485939258	0.0	0.00674915635546	0.0258717660292	0.00337457817773	0.10911136108	0.0224971878515	0.0494938132733	0.029246344207	0.0269966254218	0.00337457817773	0.00899887514061	0.00224971878515	0.0123734533183	0.0731158605174	0.0573678290214	0.0393700787402	0.0112485939258	0.0157480314961	0.0179977502812	0.128233970754	0.0112485939258	0.0101237345332
TARA_072_MES_0.22-3_G.snv.bam	0.0157480314961	0.0101237345332	0.0134983127109	0.0134983127109	0.00112485939258	0.0	0.0191226096738	0.0236220472441	0.0382452193476	0.0112485939258	0.095613048369	0.0269966254218	0.0427446569179	0.0326209223847	0.0269966254218	0.0146231721035	0.00562429696288	0.0112485939258	0.0101237345332	0.0607424071991	0.0494938132733	0.037120359955	0.0112485939258	0.0348706411699	0.0168728908886	0.116985376828	0.0101237345332	0.0123734533183
TARA_076_MES_0.22-3_G.snv.bam	0.0382452193476	0.0	0.0123734533183	0.00112485939258	0.0	0.0191226096738	0.0	0.0	0.00899887514061	0.00674915635546	0.119235095613	0.0393700787402	0.0764904386952	0.0483689538808	0.044994375703	0.0	0.0213723284589	0.0044994375703	0.0236220472441	0.0798650168729	0.0686164229471	0.0551181102362	0.0247469066367	0.00112485939258	0.029246344207	0.133858267717	0.0247469066367	0.0157480314961
TARA_078_MES_0.22-3_G.snv.bam	0.037120359955	0.0	0.0101237345332	0.0	0.00674915635546	0.0236220472441	0.0	0.0	0.0101237345332	0.00562429696288	0.11811023622	0.0393700787402	0.0674915635546	0.0483689538808	0.0472440944882	0.0	0.0247469066367	0.00562429696288	0.0258717660292	0.0809898762655	0.0697412823397	0.0551181102362	0.0258717660292	0.0	0.0281214848144	0.129358830146	0.0179977502812	0.0101237345332
TARA_085_MES_0.22-3_G.snv.bam	0.0596175478065	0.0247469066367	0.0359955005624	0.0134983127109	0.0258717660292	0.0382452193476	0.00899887514061	0.0101237345332	0.0	0.029246344207	0.127109111361	0.0562429696288	0.0832395950506	0.0674915635546	0.0641169853768	0.0134983127109	0.044994375703	0.0247469066367	0.0506186726659	0.0899887514061	0.0832395950506	0.0731158605174	0.0517435320585	0.0134983127109	0.0483689538808	0.138357705287	0.0427446569179	0.0382452193476
TARA_098_MES_0.22-3_G.snv.bam	0.0101237345332	0.0	0.0	0.0	0.00337457817773	0.0112485939258	0.00674915635546	0.00562429696288	0.029246344207	0.0	0.0719910011249	0.0	0.0191226096738	0.00562429696288	0.00674915635546	0.00337457817773	0.00224971878515	0.0	0.0	0.0461192350956	0.0213723284589	0.0146231721035	0.00112485939258	0.0224971878515	0.00224971878515	0.114735658043	0.00337457817773	0.00337457817773
TARA_100_MES_0.22-3_G.snv.bam	0.0922384701912	0.0843644544432	0.0832395950506	0.101237345332	0.10911136108	0.095613048369	0.119235095613	0.11811023622	0.127109111361	0.0719910011249	0.0	0.037120359955	0.0303712035996	0.0247469066367	0.00562429696288	0.101237345332	0.0753655793026	0.0866141732283	0.0731158605174	0.0	0.0978627671541	0.082114735658	0.0506186726659	0.124859392576	0.0517435320585	0.145106861642	0.0618672665917	0.0787401574803
TARA_102_MES_0.22-3_G.snv.bam	0.00224971878515	0.0112485939258	0.00562429696288	0.0134983127109	0.0224971878515	0.0269966254218	0.0393700787402	0.0393700787402	0.0562429696288	0.0	0.037120359955	0.0	0.00224971878515	0.0	0.0	0.029246344207	0.0	0.0112485939258	0.0	0.0236220472441	0.00337457817773	0.00224971878515	0.00112485939258	0.0551181102362	0.00112485939258	0.112485939258	0.0044994375703	0.0112485939258
TARA_109_MES_0.22-3_G.snv.bam	0.0382452193476	0.0359955005624	0.0326209223847	0.0427446569179	0.0494938132733	0.0427446569179	0.0764904386952	0.0674915635546	0.0832395950506	0.0191226096738	0.0303712035996	0.00224971878515	0.0	0.0	0.00112485939258	0.0551181102362	0.029246344207	0.0348706411699	0.0202474690664	0.0202474690664	0.0483689538808	0.029246344207	0.0044994375703	0.0843644544432	0.00337457817773	0.133858267717	0.0101237345332	0.0326209223847
TARA_110_MES_0.22-3_G.snv.bam	0.00899887514061	0.0157480314961	0.0101237345332	0.0258717660292	0.029246344207	0.0326209223847	0.0483689538808	0.0483689538808	0.0674915635546	0.00562429696288	0.0247469066367	0.0	0.0	0.0	0.0	0.0359955005624	0.00224971878515	0.0123734533183	0.00112485939258	0.0179977502812	0.0101237345332	0.0044994375703	0.0	0.0674915635546	0.00112485939258	0.121484814398	0.0044994375703	0.0146231721035
TARA_111_MES_0.22-3_G.snv.bam	0.00899887514061	0.0168728908886	0.0101237345332	0.0224971878515	0.0269966254218	0.0269966254218	0.044994375703	0.0472440944882	0.0641169853768	0.00674915635546	0.00562429696288	0.0	0.00112485939258	0.0	0.0	0.037120359955	0.00337457817773	0.0157480314961	0.00337457817773	0.00224971878515	0.00674915635546	0.0044994375703	0.0	0.0596175478065	0.00224971878515	0.114735658043	0.0044994375703	0.0168728908886
TARA_112_MES_0.22-3_G.snv.bam	0.029246344207	0.00224971878515	0.00674915635546	0.0	0.00337457817773	0.0146231721035	0.0	0.0	0.0134983127109	0.00337457817773	0.101237345332	0.029246344207	0.0551181102362	0.0359955005624	0.037120359955	0.0	0.0191226096738	0.00224971878515	0.0168728908886	0.0719910011249	0.0584926884139	0.0404949381327	0.0179977502812	0.00112485939258	0.0224971878515	0.125984251969	0.0123734533183	0.0101237345332
TARA_122_MES_0.22-3_G.snv.bam	0.0	0.0044994375703	0.00112485939258	0.00787401574803	0.00899887514061	0.00562429696288	0.0213723284589	0.0247469066367	0.044994375703	0.00224971878515	0.0753655793026	0.0	0.029246344207	0.00224971878515	0.00337457817773	0.0191226096738	0.0	0.00674915635546	0.0	0.0517435320585	0.00112485939258	0.00112485939258	0.0	0.0393700787402	0.0044994375703	0.112485939258	0.00224971878515	0.00899887514061
TARA_132_MES_0.22-3_G.snv.bam	0.0179977502812	0.0	0.0	0.0	0.00224971878515	0.0112485939258	0.0044994375703	0.00562429696288	0.0247469066367	0.0	0.0866141732283	0.0112485939258	0.0348706411699	0.0123734533183	0.0157480314961	0.00224971878515	0.00674915635546	0.0	0.0044994375703	0.0562429696288	0.0348706411699	0.0224971878515	0.00337457817773	0.0191226096738	0.00674915635546	0.11361079865	0.00112485939258	0.0044994375703
TARA_133_MES_0.22-3_G.snv.bam	0.0	0.00787401574803	0.00337457817773	0.0101237345332	0.0123734533183	0.0101237345332	0.0236220472441	0.0258717660292	0.0506186726659	0.0	0.0731158605174	0.0	0.0202474690664	0.00112485939258	0.00337457817773	0.0168728908886	0.0	0.0044994375703	0.0	0.0472440944882	0.00112485939258	0.00112485939258	0.0	0.044994375703	0.00224971878515	0.112485939258	0.0044994375703	0.0112485939258
TARA_137_DCM_0.22-3_G.snv.bam	0.0573678290214	0.0697412823397	0.0652418447694	0.0652418447694	0.0731158605174	0.0607424071991	0.0798650168729	0.0809898762655	0.0899887514061	0.0461192350956	0.0	0.0236220472441	0.0202474690664	0.0179977502812	0.00224971878515	0.0719910011249	0.0517435320585	0.0562429696288	0.0472440944882	0.0	0.0708661417323	0.0528683914511	0.0326209223847	0.0854893138358	0.0314960629921	0.111361079865	0.0393700787402	0.0562429696288
TARA_137_MES_0.22-3_G.snv.bam	0.0044994375703	0.0303712035996	0.029246344207	0.0438695163105	0.0573678290214	0.0494938132733	0.0686164229471	0.0697412823397	0.0832395950506	0.0213723284589	0.0978627671541	0.00337457817773	0.0483689538808	0.0101237345332	0.00674915635546	0.0584926884139	0.00112485939258	0.0348706411699	0.00112485939258	0.0708661417323	0.0	0.0	0.0123734533183	0.082114735658	0.0236220472441	0.128233970754	0.0281214848144	0.0393700787402
TARA_138_MES_0.22-3_G.snv.bam	0.00112485939258	0.0224971878515	0.0213723284589	0.0303712035996	0.0393700787402	0.037120359955	0.0551181102362	0.0551181102362	0.0731158605174	0.0146231721035	0.082114735658	0.00224971878515	0.029246344207	0.0044994375703	0.0044994375703	0.0404949381327	0.00112485939258	0.0224971878515	0.00112485939258	0.0528683914511	0.0	0.0	0.0101237345332	0.0686164229471	0.0157480314961	0.121484814398	0.0202474690664	0.0314960629921
TARA_142_MES_0.22-3_G.snv.bam	0.00674915635546	0.00787401574803	0.00562429696288	0.00787401574803	0.0112485939258	0.0112485939258	0.0247469066367	0.0258717660292	0.0517435320585	0.00112485939258	0.0506186726659	0.00112485939258	0.0044994375703	0.0	0.0	0.0179977502812	0.0	0.00337457817773	0.0	0.0326209223847	0.0123734533183	0.0101237345332	0.0	0.044994375703	0.0	0.103487064117	0.0	0.00899887514061
TARA_145_MES_0.22-3_G.snv.bam	0.0539932508436	0.0112485939258	0.029246344207	0.00337457817773	0.0157480314961	0.0348706411699	0.00112485939258	0.0	0.0134983127109	0.0224971878515	0.124859392576	0.0551181102362	0.0843644544432	0.0674915635546	0.0596175478065	0.00112485939258	0.0393700787402	0.0191226096738	0.044994375703	0.0854893138358	0.082114735658	0.0686164229471	0.044994375703	0.0	0.0438695163105	0.133858267717	0.0359955005624	0.0258717660292
TARA_146_MES_0.22-3_G.snv.bam	0.0101237345332	0.00674915635546	0.00337457817773	0.00787401574803	0.0179977502812	0.0168728908886	0.029246344207	0.0281214848144	0.0483689538808	0.00224971878515	0.0517435320585	0.00112485939258	0.00337457817773	0.00112485939258	0.00224971878515	0.0224971878515	0.0044994375703	0.00674915635546	0.00224971878515	0.0314960629921	0.0236220472441	0.0157480314961	0.0	0.0438695163105	0.0	0.0753655793026	0.0	0.00224971878515
TARA_148b_MES_0.22-3_G.snv.bam	0.115860517435	0.112485939258	0.101237345332	0.125984251969	0.128233970754	0.116985376828	0.133858267717	0.129358830146	0.138357705287	0.114735658043	0.145106861642	0.112485939258	0.133858267717	0.121484814398	0.114735658043	0.125984251969	0.112485939258	0.11361079865	0.112485939258	0.111361079865	0.128233970754	0.121484814398	0.103487064117	0.133858267717	0.0753655793026	0.0	0.0854893138358	0.101237345332
TARA_149_MES_0.22-3_G.snv.bam	0.0112485939258	0.00112485939258	0.0	0.00224971878515	0.0112485939258	0.0101237345332	0.0247469066367	0.0179977502812	0.0427446569179	0.00337457817773	0.0618672665917	0.0044994375703	0.0101237345332	0.0044994375703	0.0044994375703	0.0123734533183	0.00224971878515	0.00112485939258	0.0044994375703	0.0393700787402	0.0281214848144	0.0202474690664	0.0	0.0359955005624	0.0	0.0854893138358	0.0	0.0
TARA_152_MES_0.22-3_G.snv.bam	0.0247469066367	0.0044994375703	0.00224971878515	0.00224971878515	0.0101237345332	0.0123734533183	0.0157480314961	0.0101237345332	0.0382452193476	0.00337457817773	0.0787401574803	0.0112485939258	0.0326209223847	0.0146231721035	0.0168728908886	0.0101237345332	0.00899887514061	0.0044994375703	0.0112485939258	0.0562429696288	0.0393700787402	0.0314960629921	0.00899887514061	0.0258717660292	0.00224971878515	0.101237345332	0.0	0.0
