	TARA_032_DCM_0.22-1.6_G.snv.bam	TARA_034_DCM_0.22-1.6_G.snv.bam	TARA_041_DCM_0.22-1.6_G.snv.bam	TARA_042_DCM_0.22-1.6_G.snv.bam	TARA_122_DCM_0.22-3_G.snv.bam	TARA_123_MIX_0.22-3_G.snv.bam	TARA_124_MIX_0.22-3_G.snv.bam	TARA_125_MIX_0.22-3_G.snv.bam	TARA_146_SRF_0.22-3_G.snv.bam
TARA_032_DCM_0.22-1.6_G.snv.bam	0.0	0.0566556799374	0.0555009635788	0.051083530838	0.0745280911553	0.104543867473	0.0795719329556	0.100043192802	0.0764732087764
TARA_034_DCM_0.22-1.6_G.snv.bam	0.0566556799374	0.0	0.05171864129	0.0576755664521	0.0816674014063	0.0841277759725	0.0912905068814	0.0744202275675	0.065104335134
TARA_041_DCM_0.22-1.6_G.snv.bam	0.0555009635788	0.05171864129	0.0	0.0469169689104	0.0739712523472	0.0921945117923	0.0820180847288	0.086477813069	0.0644144441406
TARA_042_DCM_0.22-1.6_G.snv.bam	0.051083530838	0.0576755664521	0.0469169689104	0.0	0.0720038249795	0.103642576443	0.0747143542027	0.0982385809957	0.0656789777031
TARA_122_DCM_0.22-3_G.snv.bam	0.0745280911553	0.0816674014063	0.0739712523472	0.0720038249795	0.0	0.0902105421878	0.0335151454735	0.0891520623448	0.0847890677675
TARA_123_MIX_0.22-3_G.snv.bam	0.104543867473	0.0841277759725	0.0921945117923	0.103642576443	0.0902105421878	0.0	0.103712075449	0.0562393889232	0.0937246268742
TARA_124_MIX_0.22-3_G.snv.bam	0.0795719329556	0.0912905068814	0.0820180847288	0.0747143542027	0.0335151454735	0.103712075449	0.0	0.102639128673	0.0905780523295
TARA_125_MIX_0.22-3_G.snv.bam	0.100043192802	0.0744202275675	0.086477813069	0.0982385809957	0.0891520623448	0.0562393889232	0.102639128673	0.0	0.0896887714053
TARA_146_SRF_0.22-3_G.snv.bam	0.0764732087764	0.065104335134	0.0644144441406	0.0656789777031	0.0847890677675	0.0937246268742	0.0905780523295	0.0896887714053	0.0
