	TARA_033_SRF_0.22-1.6_G.snv.bam	TARA_034_SRF_0.22-1.6_G.snv.bam	TARA_036_DCM_0.22-1.6_G.snv.bam	TARA_036_SRF_0.22-1.6_G.snv.bam	TARA_038_DCM_0.22-1.6_G.snv.bam	TARA_038_SRF_0.22-1.6_G.snv.bam	TARA_140_SRF_0.22-3_G.snv.bam
TARA_033_SRF_0.22-1.6_G.snv.bam	0.0	0.0403890104509	0.0553773904697	0.0535277791366	0.0692290335698	0.0587742918841	0.071234184379
TARA_034_SRF_0.22-1.6_G.snv.bam	0.0403890104509	0.0	0.0489432641162	0.0469700678965	0.0609480405808	0.0512988039753	0.064207415242
TARA_036_DCM_0.22-1.6_G.snv.bam	0.0553773904697	0.0489432641162	0.0	0.0339615933226	0.0416093749145	0.0333485958467	0.0556182666548
TARA_036_SRF_0.22-1.6_G.snv.bam	0.0535277791366	0.0469700678965	0.0339615933226	0.0	0.0427016146237	0.0374203004135	0.0620892434034
TARA_038_DCM_0.22-1.6_G.snv.bam	0.0692290335698	0.0609480405808	0.0416093749145	0.0427016146237	0.0	0.046608724758	0.0611759895813
TARA_038_SRF_0.22-1.6_G.snv.bam	0.0587742918841	0.0512988039753	0.0333485958467	0.0374203004135	0.046608724758	0.0	0.0595505924728
TARA_140_SRF_0.22-3_G.snv.bam	0.071234184379	0.064207415242	0.0556182666548	0.0620892434034	0.0611759895813	0.0595505924728	0.0
