	TARA_052_SRF_0.22-1.6_G.snv.bam	TARA_094_SRF_0.22-3_G.snv.bam	TARA_100_SRF_0.22-3_G.snv.bam	TARA_102_SRF_0.22-3_G.snv.bam	TARA_109_DCM_0.22-3_G.snv.bam	TARA_109_SRF_0.22-3_G.snv.bam	TARA_110_SRF_0.22-3_G.snv.bam	TARA_111_SRF_0.22-3_G.snv.bam	TARA_122_SRF_0.22-3_G.snv.bam	TARA_124_SRF_0.22-3_G.snv.bam	TARA_125_SRF_0.22-3_G.snv.bam	TARA_128_DCM_0.22-3_G.snv.bam	TARA_128_SRF_0.22-3_G.snv.bam	TARA_137_SRF_0.22-3_G.snv.bam
TARA_052_SRF_0.22-1.6_G.snv.bam	0.0	0.0947916666667	0.0	0.0197916666667	0.0	0.0	0.00104166666667	0.00104166666667	0.00104166666667	0.003125	0.00520833333333	0.00104166666667	0.00208333333333	0.00729166666667
TARA_094_SRF_0.22-3_G.snv.bam	0.0947916666667	0.0	0.0895833333333	0.096875	0.0989583333333	0.0989583333333	0.0885416666667	0.08125	0.0854166666667	0.0864583333333	0.078125	0.090625	0.0895833333333	0.0927083333333
TARA_100_SRF_0.22-3_G.snv.bam	0.0	0.0895833333333	0.0	0.0197916666667	0.0	0.0	0.0	0.0	0.0	0.0	0.003125	0.0	0.0	0.00833333333333
TARA_102_SRF_0.22-3_G.snv.bam	0.0197916666667	0.096875	0.0197916666667	0.0	0.015625	0.0177083333333	0.0166666666667	0.0166666666667	0.0166666666667	0.0177083333333	0.0208333333333	0.01875	0.01875	0.0114583333333
TARA_109_DCM_0.22-3_G.snv.bam	0.0	0.0989583333333	0.0	0.015625	0.0	0.0	0.0	0.0	0.0	0.00104166666667	0.00416666666667	0.00104166666667	0.0	0.00520833333333
TARA_109_SRF_0.22-3_G.snv.bam	0.0	0.0989583333333	0.0	0.0177083333333	0.0	0.0	0.0	0.00104166666667	0.0	0.00208333333333	0.00520833333333	0.0	0.0	0.00729166666667
TARA_110_SRF_0.22-3_G.snv.bam	0.00104166666667	0.0885416666667	0.0	0.0166666666667	0.0	0.0	0.0	0.0	0.0	0.00208333333333	0.00208333333333	0.00104166666667	0.0	0.00625
TARA_111_SRF_0.22-3_G.snv.bam	0.00104166666667	0.08125	0.0	0.0166666666667	0.0	0.00104166666667	0.0	0.0	0.0	0.0	0.00208333333333	0.0	0.0	0.00625
TARA_122_SRF_0.22-3_G.snv.bam	0.00104166666667	0.0854166666667	0.0	0.0166666666667	0.0	0.0	0.0	0.0	0.0	0.0	0.0	0.0	0.0	0.00729166666667
TARA_124_SRF_0.22-3_G.snv.bam	0.003125	0.0864583333333	0.0	0.0177083333333	0.00104166666667	0.00208333333333	0.00208333333333	0.0	0.0	0.0	0.00104166666667	0.0	0.0	0.0104166666667
TARA_125_SRF_0.22-3_G.snv.bam	0.00520833333333	0.078125	0.003125	0.0208333333333	0.00416666666667	0.00520833333333	0.00208333333333	0.00208333333333	0.0	0.00104166666667	0.0	0.00104166666667	0.00208333333333	0.00833333333333
TARA_128_DCM_0.22-3_G.snv.bam	0.00104166666667	0.090625	0.0	0.01875	0.00104166666667	0.0	0.00104166666667	0.0	0.0	0.0	0.00104166666667	0.0	0.00104166666667	0.00833333333333
TARA_128_SRF_0.22-3_G.snv.bam	0.00208333333333	0.0895833333333	0.0	0.01875	0.0	0.0	0.0	0.0	0.0	0.0	0.00208333333333	0.00104166666667	0.0	0.00729166666667
TARA_137_SRF_0.22-3_G.snv.bam	0.00729166666667	0.0927083333333	0.00833333333333	0.0114583333333	0.00520833333333	0.00729166666667	0.00625	0.00625	0.00729166666667	0.0104166666667	0.00833333333333	0.00833333333333	0.00729166666667	0.0
