	TARA_004_DCM_0.22-1.6_G.snv.bam	TARA_004_SRF_0.22-1.6_G.snv.bam	TARA_007_DCM_0.22-1.6_G.snv.bam	TARA_009_DCM_0.22-1.6_G.snv.bam	TARA_018_DCM_0.22-1.6_G.snv.bam	TARA_018_SRF_0.22-1.6_G.snv.bam	TARA_023_DCM_0.22-1.6_G.snv.bam	TARA_025_DCM_0.22-1.6_G.snv.bam	TARA_030_DCM_0.22-1.6_G.snv.bam	TARA_066_SRF_0.22-3_G.snv.bam	TARA_150_SRF_0.22-3_G.snv.bam	TARA_151_DCM_0.22-3_G.snv.bam	TARA_151_SRF_0.22-3_G.snv.bam	TARA_152_MIX_0.22-3_G.snv.bam	TARA_152_SRF_0.22-3_G.snv.bam
TARA_004_DCM_0.22-1.6_G.snv.bam	0.0	0.0615018684467	0.0642505230242	0.0487786343853	0.117417145908	0.11660727637	0.0960956829549	0.104995215624	0.135659261831	0.0903995436602	0.0749685943634	0.0583487740838	0.0518553549021	0.0524661097228	0.053636687833
TARA_004_SRF_0.22-1.6_G.snv.bam	0.0615018684467	0.0	0.0829329441892	0.0669907714096	0.0882169617447	0.0880927175344	0.0761854392143	0.0760306050469	0.101749337919	0.0878438870743	0.0773494000976	0.0894555907532	0.0813962846763	0.0621140889337	0.0619193313779
TARA_007_DCM_0.22-1.6_G.snv.bam	0.0642505230242	0.0829329441892	0.0	0.0606041976942	0.132940171436	0.132290506498	0.110310530419	0.124404550086	0.154651414216	0.117149171375	0.0971063377305	0.0585383057081	0.0581400584457	0.0767230206202	0.0779958571387
TARA_009_DCM_0.22-1.6_G.snv.bam	0.0487786343853	0.0669907714096	0.0606041976942	0.0	0.109083631856	0.108472369313	0.086601092517	0.0998115311894	0.131761899652	0.0931935731215	0.0847630743482	0.0593766783397	0.0552724591519	0.0632854413769	0.0625074910587
TARA_018_DCM_0.22-1.6_G.snv.bam	0.117417145908	0.0882169617447	0.132940171436	0.109083631856	0.0	0.0297912812404	0.0584343944047	0.0420968101687	0.0403638590575	0.113302735837	0.117932977714	0.144074969221	0.138291345102	0.106543931655	0.10585776957
TARA_018_SRF_0.22-1.6_G.snv.bam	0.11660727637	0.0880927175344	0.132290506498	0.108472369313	0.0297912812404	0.0	0.0584220205375	0.0374355421861	0.0388739957078	0.112340356115	0.116455179755	0.14460859476	0.138407879377	0.105246120425	0.106097137375
TARA_023_DCM_0.22-1.6_G.snv.bam	0.0960956829549	0.0761854392143	0.110310530419	0.086601092517	0.0584343944047	0.0584220205375	0.0	0.0483675269025	0.0705445685422	0.0937926108118	0.0972036269953	0.119746080522	0.115058410787	0.08431424517	0.0863026967055
TARA_025_DCM_0.22-1.6_G.snv.bam	0.104995215624	0.0760306050469	0.124404550086	0.0998115311894	0.0420968101687	0.0374355421861	0.0483675269025	0.0	0.0436076042679	0.102677701221	0.105192957008	0.132796074192	0.12697952198	0.0936072811655	0.0946246571269
TARA_030_DCM_0.22-1.6_G.snv.bam	0.135659261831	0.101749337919	0.154651414216	0.131761899652	0.0403638590575	0.0388739957078	0.0705445685422	0.0436076042679	0.0	0.130021375656	0.130408227897	0.16477824682	0.157645406652	0.122095804775	0.123409043817
TARA_066_SRF_0.22-3_G.snv.bam	0.0903995436602	0.0878438870743	0.117149171375	0.0931935731215	0.113302735837	0.112340356115	0.0937926108118	0.102677701221	0.130021375656	0.0	0.0827919696911	0.110681195165	0.108677379091	0.0804861465204	0.0785617564143
TARA_150_SRF_0.22-3_G.snv.bam	0.0749685943634	0.0773494000976	0.0971063377305	0.0847630743482	0.117932977714	0.116455179755	0.0972036269953	0.105192957008	0.130408227897	0.0827919696911	0.0	0.0966372112642	0.0891991738796	0.0666559250003	0.0658046056662
TARA_151_DCM_0.22-3_G.snv.bam	0.0583487740838	0.0894555907532	0.0585383057081	0.0593766783397	0.144074969221	0.14460859476	0.119746080522	0.132796074192	0.16477824682	0.110681195165	0.0966372112642	0.0	0.0309921328194	0.0738256008491	0.0747442113332
TARA_151_SRF_0.22-3_G.snv.bam	0.0518553549021	0.0813962846763	0.0581400584457	0.0552724591519	0.138291345102	0.138407879377	0.115058410787	0.12697952198	0.157645406652	0.108677379091	0.0891991738796	0.0309921328194	0.0	0.0700936389437	0.0696727171239
TARA_152_MIX_0.22-3_G.snv.bam	0.0524661097228	0.0621140889337	0.0767230206202	0.0632854413769	0.106543931655	0.105246120425	0.08431424517	0.0936072811655	0.122095804775	0.0804861465204	0.0666559250003	0.0738256008491	0.0700936389437	0.0	0.0411263391156
TARA_152_SRF_0.22-3_G.snv.bam	0.053636687833	0.0619193313779	0.0779958571387	0.0625074910587	0.10585776957	0.106097137375	0.0863026967055	0.0946246571269	0.123409043817	0.0785617564143	0.0658046056662	0.0747442113332	0.0696727171239	0.0411263391156	0.0
