	TARA_018_DCM_0.22-1.6_G.snv.bam	TARA_018_SRF_0.22-1.6_G.snv.bam	TARA_096_SRF_0.22-3_G.snv.bam	TARA_098_SRF_0.22-3_G.snv.bam	TARA_099_SRF_0.22-3_G.snv.bam	TARA_151_SRF_0.22-3_G.snv.bam
TARA_018_DCM_0.22-1.6_G.snv.bam	0.0	0.0203616093966	0.0806152531779	0.0764716705304	0.0588064665412	0.0596867239259
TARA_018_SRF_0.22-1.6_G.snv.bam	0.0203616093966	0.0	0.080633005449	0.0770261113812	0.0599805466146	0.0597196145202
TARA_096_SRF_0.22-3_G.snv.bam	0.0806152531779	0.080633005449	0.0	0.0303622474827	0.0433804541831	0.0769007917182
TARA_098_SRF_0.22-3_G.snv.bam	0.0764716705304	0.0770261113812	0.0303622474827	0.0	0.0449024629006	0.0750604307633
TARA_099_SRF_0.22-3_G.snv.bam	0.0588064665412	0.0599805466146	0.0433804541831	0.0449024629006	0.0	0.0598295508723
TARA_151_SRF_0.22-3_G.snv.bam	0.0596867239259	0.0597196145202	0.0769007917182	0.0750604307633	0.0598295508723	0.0
