	TARA_066_DCM_0.22-3_G.snv.bam	TARA_066_SRF_0.22-3_G.snv.bam	TARA_068_DCM_0.22-3_G.snv.bam	TARA_068_SRF_0.22-3_G.snv.bam	TARA_145_SRF_0.22-3_G.snv.bam	TARA_150_SRF_0.22-3_G.snv.bam	TARA_151_DCM_0.22-3_G.snv.bam	TARA_152_MIX_0.22-3_G.snv.bam	TARA_152_SRF_0.22-3_G.snv.bam
TARA_066_DCM_0.22-3_G.snv.bam	0.0	0.0636618710321	0.0711811755635	0.0696636256053	0.0792131591648	0.0828380870584	0.0764877366019	0.0775480008909	0.0784439984216
TARA_066_SRF_0.22-3_G.snv.bam	0.0636618710321	0.0	0.0699192824272	0.0661462824687	0.0722020863611	0.0727370193113	0.0686251353787	0.0714775472462	0.0733785433189
TARA_068_DCM_0.22-3_G.snv.bam	0.0711811755635	0.0699192824272	0.0	0.0514234680283	0.078479386236	0.0730125167211	0.0712932433421	0.0713663172165	0.0718980110226
TARA_068_SRF_0.22-3_G.snv.bam	0.0696636256053	0.0661462824687	0.0514234680283	0.0	0.0757432916027	0.0756259111701	0.0685566861299	0.0668950797353	0.0678965957039
TARA_145_SRF_0.22-3_G.snv.bam	0.0792131591648	0.0722020863611	0.078479386236	0.0757432916027	0.0	0.0780408279896	0.0633584949611	0.0659772194709	0.0675238741624
TARA_150_SRF_0.22-3_G.snv.bam	0.0828380870584	0.0727370193113	0.0730125167211	0.0756259111701	0.0780408279896	0.0	0.0661174244872	0.0727532700105	0.0719254586037
TARA_151_DCM_0.22-3_G.snv.bam	0.0764877366019	0.0686251353787	0.0712932433421	0.0685566861299	0.0633584949611	0.0661174244872	0.0	0.0516398079327	0.051174261241
TARA_152_MIX_0.22-3_G.snv.bam	0.0775480008909	0.0714775472462	0.0713663172165	0.0668950797353	0.0659772194709	0.0727532700105	0.0516398079327	0.0	0.044843316633
TARA_152_SRF_0.22-3_G.snv.bam	0.0784439984216	0.0733785433189	0.0718980110226	0.0678965957039	0.0675238741624	0.0719254586037	0.051174261241	0.044843316633	0.0
