	TARA_070_MES_0.22-3_G.snv.bam	TARA_076_DCM_0.22-3_G.snv.bam	TARA_093_SRF_0.22-3_G.snv.bam	TARA_094_SRF_0.22-3_G.snv.bam	TARA_100_DCM_0.22-3_G.snv.bam	TARA_100_MES_0.22-3_G.snv.bam	TARA_100_SRF_0.22-3_G.snv.bam	TARA_102_MES_0.22-3_G.snv.bam	TARA_109_MES_0.22-3_G.snv.bam	TARA_110_SRF_0.22-3_G.snv.bam	TARA_122_DCM_0.22-3_G.snv.bam	TARA_125_MIX_0.22-3_G.snv.bam	TARA_137_MES_0.22-3_G.snv.bam	TARA_138_MES_0.22-3_G.snv.bam
TARA_070_MES_0.22-3_G.snv.bam	0.0	0.232605698373	0.123287745962	0.131689276734	0.11316744924	0.177389236841	0.251395625915	0.117826887659	0.117719054943	0.194280851942	0.244553536867	0.234474834995	0.114093403052	0.218194119562
TARA_076_DCM_0.22-3_G.snv.bam	0.232605698373	0.0	0.245536930178	0.219795445002	0.211565496952	0.207265101675	0.229802762724	0.243369009038	0.207556697689	0.18290886478	0.230200808813	0.211246653671	0.231028906349	0.262410843069
TARA_093_SRF_0.22-3_G.snv.bam	0.123287745962	0.245536930178	0.0	0.0539491401408	0.083491794306	0.137380874826	0.181385352256	0.0892821752153	0.1256044113	0.155412179964	0.191122557595	0.177359516543	0.0780160860105	0.222284188683
TARA_094_SRF_0.22-3_G.snv.bam	0.131689276734	0.219795445002	0.0539491401408	0.0	0.0592145208235	0.106433723895	0.154354647635	0.0975607676632	0.100873902691	0.123820303022	0.162413128785	0.147906504543	0.0734418805565	0.191252176758
TARA_100_DCM_0.22-3_G.snv.bam	0.11316744924	0.211565496952	0.083491794306	0.0592145208235	0.0	0.0917326693979	0.14792533863	0.105310662231	0.0739696749894	0.102056711952	0.145113271064	0.133136579402	0.0859941269218	0.171124659321
TARA_100_MES_0.22-3_G.snv.bam	0.177389236841	0.207265101675	0.137380874826	0.106433723895	0.0917326693979	0.0	0.065069881453	0.178192168329	0.106778019773	0.074347445541	0.0839778722243	0.0674715049128	0.152196148298	0.189973530471
TARA_100_SRF_0.22-3_G.snv.bam	0.251395625915	0.229802762724	0.181385352256	0.154354647635	0.14792533863	0.065069881453	0.0	0.229450580726	0.160344047468	0.0713368917362	0.0646642707353	0.0495706274587	0.20444552412	0.228904681197
TARA_102_MES_0.22-3_G.snv.bam	0.117826887659	0.243369009038	0.0892821752153	0.0975607676632	0.105310662231	0.178192168329	0.229450580726	0.0	0.148449556856	0.192733935569	0.236532138017	0.219702819216	0.0630113340794	0.242811673036
TARA_109_MES_0.22-3_G.snv.bam	0.117719054943	0.207556697689	0.1256044113	0.100873902691	0.0739696749894	0.106778019773	0.160344047468	0.148449556856	0.0	0.0987590656171	0.150174229486	0.141849799033	0.122559970139	0.161136065846
TARA_110_SRF_0.22-3_G.snv.bam	0.194280851942	0.18290886478	0.155412179964	0.123820303022	0.102056711952	0.074347445541	0.0713368917362	0.192733935569	0.0987590656171	0.0	0.0854806656065	0.0636754303487	0.163504359064	0.178584512065
TARA_122_DCM_0.22-3_G.snv.bam	0.244553536867	0.230200808813	0.191122557595	0.162413128785	0.145113271064	0.0839778722243	0.0646642707353	0.236532138017	0.150174229486	0.0854806656065	0.0	0.0439204876474	0.190609829782	0.180787744452
TARA_125_MIX_0.22-3_G.snv.bam	0.234474834995	0.211246653671	0.177359516543	0.147906504543	0.133136579402	0.0674715049128	0.0495706274587	0.219702819216	0.141849799033	0.0636754303487	0.0439204876474	0.0	0.181307240205	0.192190182571
TARA_137_MES_0.22-3_G.snv.bam	0.114093403052	0.231028906349	0.0780160860105	0.0734418805565	0.0859941269218	0.152196148298	0.20444552412	0.0630113340794	0.122559970139	0.163504359064	0.190609829782	0.181307240205	0.0	0.194666353531
TARA_138_MES_0.22-3_G.snv.bam	0.218194119562	0.262410843069	0.222284188683	0.191252176758	0.171124659321	0.189973530471	0.228904681197	0.242811673036	0.161136065846	0.178584512065	0.180787744452	0.192190182571	0.194666353531	0.0
