	TARA_032_DCM_0.22-1.6_G.snv.bam	TARA_034_DCM_0.22-1.6_G.snv.bam	TARA_042_DCM_0.22-1.6_G.snv.bam	TARA_122_DCM_0.22-3_G.snv.bam	TARA_123_MIX_0.22-3_G.snv.bam	TARA_124_MIX_0.22-3_G.snv.bam	TARA_125_MIX_0.22-3_G.snv.bam	TARA_146_SRF_0.22-3_G.snv.bam
TARA_032_DCM_0.22-1.6_G.snv.bam	0.0	0.049087896999	0.0657954591269	0.109528320732	0.100917162697	0.108428009621	0.0854101894026	0.0630348822434
TARA_034_DCM_0.22-1.6_G.snv.bam	0.049087896999	0.0	0.0638398442548	0.108481835286	0.0991163751198	0.107233576628	0.0811375125742	0.0604387767647
TARA_042_DCM_0.22-1.6_G.snv.bam	0.0657954591269	0.0638398442548	0.0	0.112968680571	0.102844482291	0.113750206166	0.0893813669545	0.0700260734363
TARA_122_DCM_0.22-3_G.snv.bam	0.109528320732	0.108481835286	0.112968680571	0.0	0.0527885270388	0.0355271418023	0.0750601657311	0.103986322396
TARA_123_MIX_0.22-3_G.snv.bam	0.100917162697	0.0991163751198	0.102844482291	0.0527885270388	0.0	0.0643536999878	0.0672111537678	0.0967992669119
TARA_124_MIX_0.22-3_G.snv.bam	0.108428009621	0.107233576628	0.113750206166	0.0355271418023	0.0643536999878	0.0	0.08162176289	0.100623701549
TARA_125_MIX_0.22-3_G.snv.bam	0.0854101894026	0.0811375125742	0.0893813669545	0.0750601657311	0.0672111537678	0.08162176289	0.0	0.0827512595888
TARA_146_SRF_0.22-3_G.snv.bam	0.0630348822434	0.0604387767647	0.0700260734363	0.103986322396	0.0967992669119	0.100623701549	0.0827512595888	0.0
