	TARA_078_DCM_0.22-3_G.snv.bam	TARA_132_DCM_0.22-3_G.snv.bam	TARA_146_SRF_0.22-3_G.snv.bam	TARA_148_SRF_0.22-3_G.snv.bam	TARA_149_SRF_0.22-3_G.snv.bam	TARA_150_DCM_0.22-3_G.snv.bam
TARA_078_DCM_0.22-3_G.snv.bam	0.0	0.0882917466411	0.0537428023033	0.0537428023033	0.042226487524	0.0191938579655
TARA_132_DCM_0.22-3_G.snv.bam	0.0882917466411	0.0	0.0940499040307	0.0902111324376	0.0518234165067	0.0403071017274
TARA_146_SRF_0.22-3_G.snv.bam	0.0537428023033	0.0940499040307	0.0	0.00191938579655	0.00575815738964	0.0441458733205
TARA_148_SRF_0.22-3_G.snv.bam	0.0537428023033	0.0902111324376	0.00191938579655	0.0	0.00959692898273	0.042226487524
TARA_149_SRF_0.22-3_G.snv.bam	0.042226487524	0.0518234165067	0.00575815738964	0.00959692898273	0.0	0.021113243762
TARA_150_DCM_0.22-3_G.snv.bam	0.0191938579655	0.0403071017274	0.0441458733205	0.042226487524	0.021113243762	0.0
