	TARA_037_MES_0.22-1.6_G.snv.bam	TARA_038_MES_0.22-1.6_G.snv.bam	TARA_039_MES_0.22-1.6_G.snv.bam	TARA_100_MES_0.22-3_G.snv.bam	TARA_137_DCM_0.22-3_G.snv.bam	TARA_137_MES_0.22-3_G.snv.bam	TARA_138_MES_0.22-3_G.snv.bam
TARA_037_MES_0.22-1.6_G.snv.bam	0.0	0.0196271927552	0.0221072487554	0.409544786405	0.377648999668	0.341784769608	0.34033519857
TARA_038_MES_0.22-1.6_G.snv.bam	0.0196271927552	0.0	0.00740461190333	0.40914610099	0.378220791667	0.342086784333	0.340618512503
TARA_039_MES_0.22-1.6_G.snv.bam	0.0221072487554	0.00740461190333	0.0	0.40862382032	0.377254029822	0.34182810929	0.340248606001
TARA_100_MES_0.22-3_G.snv.bam	0.409544786405	0.40914610099	0.40862382032	0.0	0.0689555071551	0.138707456744	0.146054201605
TARA_137_DCM_0.22-3_G.snv.bam	0.377648999668	0.378220791667	0.377254029822	0.0689555071551	0.0	0.101479363425	0.110889446849
TARA_137_MES_0.22-3_G.snv.bam	0.341784769608	0.342086784333	0.34182810929	0.138707456744	0.101479363425	0.0	0.028785755932
TARA_138_MES_0.22-3_G.snv.bam	0.34033519857	0.340618512503	0.340248606001	0.146054201605	0.110889446849	0.028785755932	0.0
