	TARA_009_DCM_0.22-1.6_G.snv.bam	TARA_018_DCM_0.22-1.6_G.snv.bam	TARA_018_SRF_0.22-1.6_G.snv.bam	TARA_023_DCM_0.22-1.6_G.snv.bam	TARA_025_DCM_0.22-1.6_G.snv.bam	TARA_133_SRF_0.22-3_G.snv.bam	TARA_152_MIX_0.22-3_G.snv.bam	TARA_152_SRF_0.22-3_G.snv.bam
TARA_009_DCM_0.22-1.6_G.snv.bam	0.0	0.0389667437714	0.0380527499369	0.138830755179	0.140714340746	0.162710295483	0.128201472057	0.131312285274
TARA_018_DCM_0.22-1.6_G.snv.bam	0.0389667437714	0.0	0.0452448978621	0.13553724502	0.137888274033	0.153937091301	0.119363873059	0.121023238269
TARA_018_SRF_0.22-1.6_G.snv.bam	0.0380527499369	0.0452448978621	0.0	0.134338075753	0.136729984511	0.160601716854	0.123083123318	0.126621666412
TARA_023_DCM_0.22-1.6_G.snv.bam	0.138830755179	0.13553724502	0.134338075753	0.0	0.0293629572034	0.164780599724	0.134211714796	0.134861464769
TARA_025_DCM_0.22-1.6_G.snv.bam	0.140714340746	0.137888274033	0.136729984511	0.0293629572034	0.0	0.155709015559	0.133440218106	0.131719863621
TARA_133_SRF_0.22-3_G.snv.bam	0.162710295483	0.153937091301	0.160601716854	0.164780599724	0.155709015559	0.0	0.150627055443	0.151504135462
TARA_152_MIX_0.22-3_G.snv.bam	0.128201472057	0.119363873059	0.123083123318	0.134211714796	0.133440218106	0.150627055443	0.0	0.0388768594435
TARA_152_SRF_0.22-3_G.snv.bam	0.131312285274	0.121023238269	0.126621666412	0.134861464769	0.131719863621	0.151504135462	0.0388768594435	0.0
