	TARA_004_DCM_0.22-1.6_G.snv.bam	TARA_004_SRF_0.22-1.6_G.snv.bam	TARA_009_DCM_0.22-1.6_G.snv.bam	TARA_052_DCM_0.22-1.6_G.snv.bam	TARA_064_SRF_0.22-3_G.snv.bam	TARA_065_DCM_0.22-3_G.snv.bam	TARA_065_SRF_0.22-3_G.snv.bam	TARA_072_DCM_0.22-3_G.snv.bam	TARA_078_DCM_0.22-3_G.snv.bam	TARA_078_SRF_0.22-3_G.snv.bam	TARA_098_DCM_0.22-3_G.snv.bam	TARA_100_DCM_0.22-3_G.snv.bam	TARA_111_DCM_0.22-3_G.snv.bam	TARA_112_DCM_0.22-3_G.snv.bam	TARA_132_DCM_0.22-3_G.snv.bam	TARA_146_SRF_0.22-3_G.snv.bam	TARA_148_SRF_0.22-3_G.snv.bam	TARA_149_SRF_0.22-3_G.snv.bam	TARA_150_DCM_0.22-3_G.snv.bam	TARA_150_SRF_0.22-3_G.snv.bam	TARA_151_DCM_0.22-3_G.snv.bam	TARA_151_SRF_0.22-3_G.snv.bam
TARA_004_DCM_0.22-1.6_G.snv.bam	0.0	0.0486901505038	0.0575840107064	0.0713689784976	0.0749976243505	0.0763521717556	0.0792990872269	0.0667036503351	0.0687981928682	0.0761778963593	0.065363522029	0.0694201782081	0.0742970293517	0.0673105197123	0.0730001235073	0.0820221041534	0.0811624334047	0.074864422574	0.0579439705647	0.0682683878574	0.0599237160002	0.0563079270307
TARA_004_SRF_0.22-1.6_G.snv.bam	0.0486901505038	0.0	0.059296911196	0.0803901553389	0.0847933050025	0.0831944953789	0.0884546308447	0.0732764858	0.0815828557324	0.0859117898561	0.075579176039	0.0761197432677	0.0817952722536	0.0765306917029	0.0834872157078	0.0892262094196	0.0914547552716	0.0826443282013	0.0651714993313	0.0736221081579	0.0629141504831	0.0615984423335
TARA_009_DCM_0.22-1.6_G.snv.bam	0.0575840107064	0.059296911196	0.0	0.0876598462554	0.0895236803548	0.0936972221254	0.0924109387528	0.0824834527383	0.0871290220343	0.0880143314126	0.0810394447007	0.0815563468323	0.0851342309254	0.0857067173345	0.0843889091319	0.0994467401783	0.100842662388	0.0920953217029	0.0777113326974	0.0823182070794	0.0676331704579	0.0664284971893
TARA_052_DCM_0.22-1.6_G.snv.bam	0.0713689784976	0.0803901553389	0.0876598462554	0.0	0.0551023455204	0.0615623789486	0.0612082693284	0.0582482271406	0.0632268640225	0.0644660785721	0.0639454292673	0.0707731691688	0.0771288085861	0.0599239371266	0.0766615621361	0.0730769146223	0.0718999199827	0.0732829198306	0.0639074580257	0.0740835582908	0.0832858080663	0.0837575763362
TARA_064_SRF_0.22-3_G.snv.bam	0.0749976243505	0.0847933050025	0.0895236803548	0.0551023455204	0.0	0.054676013985	0.0575289775284	0.0624901304999	0.0693830929479	0.0647358078264	0.0680013771047	0.0746650461918	0.0774891571311	0.0626452471372	0.0823783362745	0.0675667305882	0.0620221336823	0.0699509397508	0.0644309675204	0.072131734262	0.0835803441268	0.0797255133818
TARA_065_DCM_0.22-3_G.snv.bam	0.0763521717556	0.0831944953789	0.0936972221254	0.0615623789486	0.054676013985	0.0	0.0631823471874	0.0669967634792	0.071358661431	0.0765497289115	0.0702417030568	0.0748224515323	0.0784163841014	0.0641713415266	0.085241795246	0.0768099383055	0.0747952859077	0.0765545302653	0.0694301419489	0.0797755841839	0.086909791793	0.086858782516
TARA_065_SRF_0.22-3_G.snv.bam	0.0792990872269	0.0884546308447	0.0924109387528	0.0612082693284	0.0575289775284	0.0631823471874	0.0	0.0675668035374	0.0672775156698	0.0754976145892	0.0727719073886	0.0781784458549	0.0820670029723	0.0676690472163	0.0854251084121	0.0746991879193	0.0743214911617	0.0772591808865	0.0708789998542	0.0789830905058	0.0860892796011	0.0873085067086
TARA_072_DCM_0.22-3_G.snv.bam	0.0667036503351	0.0732764858	0.0824834527383	0.0582482271406	0.0624901304999	0.0669967634792	0.0675668035374	0.0	0.056697802112	0.0671381906545	0.0620978095705	0.0635490526204	0.0683837713636	0.0592674039713	0.0658895592572	0.0751781446125	0.075884981669	0.0703863918441	0.0591165037832	0.0718230992143	0.0770638341285	0.0751483849782
TARA_078_DCM_0.22-3_G.snv.bam	0.0687981928682	0.0815828557324	0.0871290220343	0.0632268640225	0.0693830929479	0.071358661431	0.0672775156698	0.056697802112	0.0	0.0687154469554	0.0654136953502	0.0681721845111	0.0743381821523	0.0622117795399	0.0763721436833	0.0798776797	0.0797330630429	0.0774639024863	0.0676452520851	0.0798707863803	0.078466093483	0.0805565669514
TARA_078_SRF_0.22-3_G.snv.bam	0.0761778963593	0.0859117898561	0.0880143314126	0.0644660785721	0.0647358078264	0.0765497289115	0.0754976145892	0.0671381906545	0.0687154469554	0.0	0.0675397370353	0.0693396102461	0.0747321193927	0.0690664853474	0.079293254939	0.0822026318712	0.0827652727071	0.0796513238313	0.0692555816915	0.081003458565	0.0830237592334	0.080521583346
TARA_098_DCM_0.22-3_G.snv.bam	0.065363522029	0.075579176039	0.0810394447007	0.0639454292673	0.0680013771047	0.0702417030568	0.0727719073886	0.0620978095705	0.0654136953502	0.0675397370353	0.0	0.0489091690029	0.0527294408823	0.0481129640385	0.0697680406346	0.0759819843027	0.0732944511437	0.0717530752075	0.0621427516359	0.069760746576	0.0755777889841	0.0747519019675
TARA_100_DCM_0.22-3_G.snv.bam	0.0694201782081	0.0761197432677	0.0815563468323	0.0707731691688	0.0746650461918	0.0748224515323	0.0781784458549	0.0635490526204	0.0681721845111	0.0693396102461	0.0489091690029	0.0	0.0326552723692	0.0594662075162	0.0715283793927	0.0835692561711	0.0834118919243	0.0781704708108	0.0651734518817	0.0776184442012	0.0767271548663	0.0779953519243
TARA_111_DCM_0.22-3_G.snv.bam	0.0742970293517	0.0817952722536	0.0851342309254	0.0771288085861	0.0774891571311	0.0784163841014	0.0820670029723	0.0683837713636	0.0743381821523	0.0747321193927	0.0527294408823	0.0326552723692	0.0	0.0617610590816	0.0757113845501	0.086598536048	0.0849075049623	0.0793260547558	0.069750298308	0.0793903425711	0.0799237764779	0.079637141176
TARA_112_DCM_0.22-3_G.snv.bam	0.0673105197123	0.0765306917029	0.0857067173345	0.0599239371266	0.0626452471372	0.0641713415266	0.0676690472163	0.0592674039713	0.0622117795399	0.0690664853474	0.0481129640385	0.0594662075162	0.0617610590816	0.0	0.0752400973132	0.074940462506	0.0714610183466	0.0735376231644	0.0633127469457	0.0730694135233	0.0829445354617	0.0794837989781
TARA_132_DCM_0.22-3_G.snv.bam	0.0730001235073	0.0834872157078	0.0843889091319	0.0766615621361	0.0823783362745	0.085241795246	0.0854251084121	0.0658895592572	0.0763721436833	0.079293254939	0.0697680406346	0.0715283793927	0.0757113845501	0.0752400973132	0.0	0.0901798207403	0.0874998651522	0.0819737055515	0.0744031975567	0.0792330731899	0.0796309226712	0.0764627632939
TARA_146_SRF_0.22-3_G.snv.bam	0.0820221041534	0.0892262094196	0.0994467401783	0.0730769146223	0.0675667305882	0.0768099383055	0.0746991879193	0.0751781446125	0.0798776797	0.0822026318712	0.0759819843027	0.0835692561711	0.086598536048	0.074940462506	0.0901798207403	0.0	0.051329942553	0.0596249229704	0.0642037439596	0.0652429350618	0.0846689567653	0.083746988882
TARA_148_SRF_0.22-3_G.snv.bam	0.0811624334047	0.0914547552716	0.100842662388	0.0718999199827	0.0620221336823	0.0747952859077	0.0743214911617	0.075884981669	0.0797330630429	0.0827652727071	0.0732944511437	0.0834118919243	0.0849075049623	0.0714610183466	0.0874998651522	0.051329942553	0.0	0.0613795342022	0.0632070083927	0.0659926935042	0.0848860686407	0.0812189148348
TARA_149_SRF_0.22-3_G.snv.bam	0.074864422574	0.0826443282013	0.0920953217029	0.0732829198306	0.0699509397508	0.0765545302653	0.0772591808865	0.0703863918441	0.0774639024863	0.0796513238313	0.0717530752075	0.0781704708108	0.0793260547558	0.0735376231644	0.0819737055515	0.0596249229704	0.0613795342022	0.0	0.053924956172	0.0568206549175	0.0728722729826	0.0710996835196
TARA_150_DCM_0.22-3_G.snv.bam	0.0579439705647	0.0651714993313	0.0777113326974	0.0639074580257	0.0644309675204	0.0694301419489	0.0708789998542	0.0591165037832	0.0676452520851	0.0692555816915	0.0621427516359	0.0651734518817	0.069750298308	0.0633127469457	0.0744031975567	0.0642037439596	0.0632070083927	0.053924956172	0.0	0.0535181567386	0.0609717644759	0.0576936124337
TARA_150_SRF_0.22-3_G.snv.bam	0.0682683878574	0.0736221081579	0.0823182070794	0.0740835582908	0.072131734262	0.0797755841839	0.0789830905058	0.0718230992143	0.0798707863803	0.081003458565	0.069760746576	0.0776184442012	0.0793903425711	0.0730694135233	0.0792330731899	0.0652429350618	0.0659926935042	0.0568206549175	0.0535181567386	0.0	0.0590523872261	0.0587382371256
TARA_151_DCM_0.22-3_G.snv.bam	0.0599237160002	0.0629141504831	0.0676331704579	0.0832858080663	0.0835803441268	0.086909791793	0.0860892796011	0.0770638341285	0.078466093483	0.0830237592334	0.0755777889841	0.0767271548663	0.0799237764779	0.0829445354617	0.0796309226712	0.0846689567653	0.0848860686407	0.0728722729826	0.0609717644759	0.0590523872261	0.0	0.047238945246
TARA_151_SRF_0.22-3_G.snv.bam	0.0563079270307	0.0615984423335	0.0664284971893	0.0837575763362	0.0797255133818	0.086858782516	0.0873085067086	0.0751483849782	0.0805565669514	0.080521583346	0.0747519019675	0.0779953519243	0.079637141176	0.0794837989781	0.0764627632939	0.083746988882	0.0812189148348	0.0710996835196	0.0576936124337	0.0587382371256	0.047238945246	0.0
