	TARA_004_SRF_0.22-1.6_G.snv.bam	TARA_009_DCM_0.22-1.6_G.snv.bam	TARA_018_DCM_0.22-1.6_G.snv.bam	TARA_018_SRF_0.22-1.6_G.snv.bam	TARA_030_DCM_0.22-1.6_G.snv.bam	TARA_150_DCM_0.22-3_G.snv.bam	TARA_150_SRF_0.22-3_G.snv.bam	TARA_151_DCM_0.22-3_G.snv.bam	TARA_151_SRF_0.22-3_G.snv.bam
TARA_004_SRF_0.22-1.6_G.snv.bam	0.0	0.109110452992	0.100063663506	0.0995600929255	0.186202048466	0.0949285577637	0.106705366227	0.117458009393	0.12012877411
TARA_009_DCM_0.22-1.6_G.snv.bam	0.109110452992	0.0	0.0694534669755	0.0607949256026	0.175223885209	0.135637935599	0.152217246318	0.159999508662	0.167629395375
TARA_018_DCM_0.22-1.6_G.snv.bam	0.100063663506	0.0694534669755	0.0	0.0467456670357	0.163830285042	0.138242058291	0.159804644027	0.164364623794	0.175562618033
TARA_018_SRF_0.22-1.6_G.snv.bam	0.0995600929255	0.0607949256026	0.0467456670357	0.0	0.161123431605	0.132505495481	0.153439312175	0.160125473619	0.169726819377
TARA_030_DCM_0.22-1.6_G.snv.bam	0.186202048466	0.175223885209	0.163830285042	0.161123431605	0.0	0.171012742913	0.184623089916	0.184898959728	0.187010056113
TARA_150_DCM_0.22-3_G.snv.bam	0.0949285577637	0.135637935599	0.138242058291	0.132505495481	0.171012742913	0.0	0.0701391271324	0.0819851813083	0.0778115852578
TARA_150_SRF_0.22-3_G.snv.bam	0.106705366227	0.152217246318	0.159804644027	0.153439312175	0.184623089916	0.0701391271324	0.0	0.0750708160385	0.0677533861921
TARA_151_DCM_0.22-3_G.snv.bam	0.117458009393	0.159999508662	0.164364623794	0.160125473619	0.184898959728	0.0819851813083	0.0750708160385	0.0	0.0746086244709
TARA_151_SRF_0.22-3_G.snv.bam	0.12012877411	0.167629395375	0.175562618033	0.169726819377	0.187010056113	0.0778115852578	0.0677533861921	0.0746086244709	0.0
