	TARA_004_DCM_0.22-1.6_G.snv.bam	TARA_032_DCM_0.22-1.6_G.snv.bam	TARA_052_DCM_0.22-1.6_G.snv.bam	TARA_064_DCM_0.22-3_G.snv.bam	TARA_064_SRF_0.22-3_G.snv.bam	TARA_065_DCM_0.22-3_G.snv.bam	TARA_065_SRF_0.22-3_G.snv.bam	TARA_066_DCM_0.22-3_G.snv.bam	TARA_066_SRF_0.22-3_G.snv.bam	TARA_068_DCM_0.22-3_G.snv.bam	TARA_068_SRF_0.22-3_G.snv.bam	TARA_072_DCM_0.22-3_G.snv.bam	TARA_076_DCM_0.22-3_G.snv.bam	TARA_078_DCM_0.22-3_G.snv.bam	TARA_078_SRF_0.22-3_G.snv.bam	TARA_098_DCM_0.22-3_G.snv.bam	TARA_100_DCM_0.22-3_G.snv.bam	TARA_111_DCM_0.22-3_G.snv.bam	TARA_112_DCM_0.22-3_G.snv.bam	TARA_112_SRF_0.22-3_G.snv.bam	TARA_122_DCM_0.22-3_G.snv.bam	TARA_132_DCM_0.22-3_G.snv.bam	TARA_138_DCM_0.22-3_G.snv.bam	TARA_142_DCM_0.22-3_G.snv.bam	TARA_142_SRF_0.22-3_G.snv.bam	TARA_145_SRF_0.22-3_G.snv.bam	TARA_146_SRF_0.22-3_G.snv.bam	TARA_148_SRF_0.22-3_G.snv.bam	TARA_148b_MES_0.22-3_G.snv.bam	TARA_149_SRF_0.22-3_G.snv.bam	TARA_150_DCM_0.22-3_G.snv.bam	TARA_150_SRF_0.22-3_G.snv.bam	TARA_151_DCM_0.22-3_G.snv.bam	TARA_151_SRF_0.22-3_G.snv.bam
TARA_004_DCM_0.22-1.6_G.snv.bam	0.0	0.0706921362546	0.0661279560562	0.0619059204803	0.0592004622525	0.0576605423964	0.060347122573	0.0607462734339	0.061901388031	0.0562262102222	0.0556094969379	0.0541968678957	0.05958531778	0.0521103794274	0.0624176558523	0.100057764932	0.107174215992	0.120721092862	0.0844016291418	0.0999101954111	0.107778287015	0.0820631860201	0.0800627257672	0.0663876060655	0.0674157864966	0.053900207714	0.0603267968762	0.0615822059312	0.0586511299548	0.0555502230252	0.0478444926853	0.050241751456	0.0661844725579	0.0656023600786
TARA_032_DCM_0.22-1.6_G.snv.bam	0.0706921362546	0.0	0.0659573778898	0.0617947108081	0.059980549641	0.0580426842672	0.061335037919	0.063765020217	0.0648677080897	0.0648003407248	0.0661313004452	0.0595582038522	0.0593685949151	0.0559172155968	0.0585474776483	0.102718066077	0.115285281877	0.127026693839	0.0848756666188	0.100405127071	0.106505866189	0.109982884405	0.0861360677852	0.0578309928499	0.0572202094493	0.0610391472031	0.0611379956738	0.0613030518931	0.0625091637508	0.0625206074508	0.0598360233006	0.0702952991597	0.0924711024283	0.0872989508088
TARA_052_DCM_0.22-1.6_G.snv.bam	0.0661279560562	0.0659573778898	0.0	0.0495536402998	0.0447263256439	0.0480181586724	0.0491818271775	0.0591433016159	0.0576698878872	0.0560413746769	0.0571414958342	0.0425805027323	0.057180130929	0.0535135062709	0.0623351344116	0.0866190237986	0.101696915517	0.113585101474	0.0668061016995	0.0847851412186	0.0938170568957	0.101996106811	0.0683393235919	0.0619750498469	0.0623931894514	0.0614767192291	0.0593998259209	0.060062427055	0.0637823089998	0.058626363318	0.0548181693643	0.0622302489041	0.0885615680474	0.0858123549019
TARA_064_DCM_0.22-3_G.snv.bam	0.0619059204803	0.0617947108081	0.0495536402998	0.0	0.0260772237753	0.0310601669955	0.0311102427695	0.0459513953944	0.0422301580091	0.0420768114597	0.0412301734734	0.0393863670626	0.0450098710851	0.0425017380661	0.0530557256776	0.0990501639361	0.111516789278	0.122717853703	0.0798942439151	0.0977153408834	0.106315536845	0.100948571506	0.0752037156553	0.0517546294807	0.0527362830949	0.0502283732652	0.0412800816333	0.0414505485727	0.0508687992021	0.0415801957075	0.0445770018142	0.0497625247029	0.0803295238034	0.0786638129252
TARA_064_SRF_0.22-3_G.snv.bam	0.0592004622525	0.059980549641	0.0447263256439	0.0260772237753	0.0	0.02427680116	0.0245324607543	0.0428423302313	0.0391793376412	0.0375536761019	0.0373894743618	0.0335334583387	0.0412313126519	0.0377970192759	0.0495140362462	0.0974720058436	0.111228593382	0.121849672744	0.0776958673504	0.0957832626186	0.105603265585	0.0993555996557	0.0730726351663	0.0476618259882	0.0496369140001	0.0477543364973	0.0369242280766	0.0379474386006	0.0500863106455	0.0376562140095	0.0399596556013	0.045916222261	0.0802150284939	0.076921882419
TARA_065_DCM_0.22-3_G.snv.bam	0.0576605423964	0.0580426842672	0.0480181586724	0.0310601669955	0.02427680116	0.0	0.028680126188	0.0417632973076	0.0399128388578	0.0381731475109	0.0381429720985	0.0353291027038	0.0403125996651	0.0354021356882	0.0485519850227	0.0989283636855	0.110763553554	0.122882974651	0.0781332958537	0.0956781344794	0.104641309647	0.0986715554638	0.0718642222247	0.0475216201531	0.0491474078328	0.0488788245348	0.0386058260482	0.039769884496	0.0492304062254	0.0394695809635	0.0393111802139	0.0463731809732	0.0789189540839	0.0745681056368
TARA_065_SRF_0.22-3_G.snv.bam	0.060347122573	0.061335037919	0.0491818271775	0.0311102427695	0.0245324607543	0.028680126188	0.0	0.0431881742836	0.0405134820425	0.0385576379239	0.0377273487247	0.0384417597235	0.0446801973018	0.0403050956327	0.05100975619	0.0993865752605	0.111696081414	0.123551985194	0.0798516321685	0.0968982648286	0.107263205367	0.099389264136	0.074073149177	0.0490896212167	0.0499408742961	0.0478871445833	0.0388415993686	0.0398206086549	0.0506923907004	0.0406529141809	0.0429438666226	0.0478589359631	0.0805750792861	0.0759463969847
TARA_066_DCM_0.22-3_G.snv.bam	0.0607462734339	0.063765020217	0.0591433016159	0.0459513953944	0.0428423302313	0.0417632973076	0.0431881742836	0.0	0.0438076687729	0.0418271534064	0.0415158512076	0.0485336345517	0.0525325848764	0.0475813522705	0.0546183509637	0.101612322991	0.111300215598	0.122044202671	0.0830325459984	0.0988585951388	0.110047768751	0.0958513532597	0.0827803296	0.0587560979334	0.059200741231	0.057784104683	0.0514829258851	0.0533247979047	0.0581125324264	0.0521201253387	0.0474312468167	0.0521514689039	0.079521939198	0.0727569363794
TARA_066_SRF_0.22-3_G.snv.bam	0.061901388031	0.0648677080897	0.0576698878872	0.0422301580091	0.0391793376412	0.0399128388578	0.0405134820425	0.0438076687729	0.0	0.038433941766	0.0383655576184	0.0473729253396	0.0502701161574	0.0466302185623	0.0544032484004	0.102033684044	0.109462846147	0.120424051758	0.0837435046801	0.100658175543	0.109319652924	0.0980374418665	0.0792612548059	0.0607191968837	0.0620765870246	0.058892618826	0.050838608917	0.0525660236513	0.0574357513588	0.0490953336399	0.045861239591	0.0486258887948	0.0764044777599	0.0733091495696
TARA_068_DCM_0.22-3_G.snv.bam	0.0562262102222	0.0648003407248	0.0560413746769	0.0420768114597	0.0375536761019	0.0381731475109	0.0385576379239	0.0418271534064	0.038433941766	0.0	0.029384348039	0.0394269006471	0.0479518173819	0.043983380394	0.0531269873941	0.0986483890614	0.104549641664	0.114794648503	0.0808383512105	0.0965164502889	0.109587273258	0.0911642750726	0.0775198411332	0.0553709823837	0.0571654793466	0.0544862402625	0.045233911531	0.0476363956887	0.0520766966389	0.0456427733456	0.0409515148541	0.041536023606	0.0725716705662	0.0682688962608
TARA_068_SRF_0.22-3_G.snv.bam	0.0556094969379	0.0661313004452	0.0571414958342	0.0412301734734	0.0373894743618	0.0381429720985	0.0377273487247	0.0415158512076	0.0383655576184	0.029384348039	0.0	0.0415976500059	0.0475871142223	0.0438234968507	0.0547917568556	0.099910420498	0.104696901147	0.115578664031	0.0810157847126	0.098464847929	0.11159330248	0.0898387627606	0.0794617109421	0.0568759860919	0.0581996970368	0.0549110826055	0.0444349840497	0.047451669198	0.0533889578638	0.0452025469211	0.0405365961247	0.0409919187162	0.0710914458075	0.0685629476552
TARA_072_DCM_0.22-3_G.snv.bam	0.0541968678957	0.0595582038522	0.0425805027323	0.0393863670626	0.0335334583387	0.0353291027038	0.0384417597235	0.0485336345517	0.0473729253396	0.0394269006471	0.0415976500059	0.0	0.0455580363256	0.0405451429232	0.0542950966755	0.0918509267622	0.100568038141	0.114260625816	0.072180368723	0.0916896538989	0.0994295610364	0.0912213334794	0.0675038784994	0.0485430601315	0.0509873850843	0.0501925165219	0.0447821480724	0.047343127033	0.0504526821124	0.0466607850906	0.043125323474	0.0514996433183	0.0806233806694	0.0769059606049
TARA_076_DCM_0.22-3_G.snv.bam	0.05958531778	0.0593685949151	0.057180130929	0.0450098710851	0.0412313126519	0.0403125996651	0.0446801973018	0.0525325848764	0.0502701161574	0.0479518173819	0.0475871142223	0.0455580363256	0.0	0.0314015193198	0.0406663375598	0.0965510412923	0.109656261082	0.122140179524	0.077346493095	0.0926605317816	0.103051712761	0.100383391963	0.0772403079863	0.050174434526	0.0514445182031	0.0532563000873	0.0432081654056	0.0430691845657	0.0483239358462	0.0418976572854	0.0419908614787	0.0477886203076	0.078751034944	0.0743461633444
TARA_078_DCM_0.22-3_G.snv.bam	0.0521103794274	0.0559172155968	0.0535135062709	0.0425017380661	0.0377970192759	0.0354021356882	0.0403050956327	0.0475813522705	0.0466302185623	0.043983380394	0.0438234968507	0.0405451429232	0.0314015193198	0.0	0.0346696034861	0.0957602765678	0.109130720033	0.121522664894	0.0752375097454	0.0933284754416	0.101897139287	0.0991766129851	0.075710959557	0.0469836286124	0.0483372826928	0.0485543460735	0.0383945378917	0.0395601559527	0.0443932968774	0.0380002292417	0.0332161428077	0.0434485105042	0.0750705307096	0.070580074633
TARA_078_SRF_0.22-3_G.snv.bam	0.0624176558523	0.0585474776483	0.0623351344116	0.0530557256776	0.0495140362462	0.0485519850227	0.05100975619	0.0546183509637	0.0544032484004	0.0531269873941	0.0547917568556	0.0542950966755	0.0406663375598	0.0346696034861	0.0	0.0990187672923	0.111076222631	0.123523767117	0.0784463342943	0.0948017650732	0.103556361855	0.10427930556	0.0820963940218	0.0573087323135	0.0586557136859	0.0587889790635	0.0520831133645	0.0515069066278	0.0559207781053	0.0496333367354	0.0462782876742	0.0531896304541	0.0779119006151	0.0750429676917
TARA_098_DCM_0.22-3_G.snv.bam	0.100057764932	0.102718066077	0.0866190237986	0.0990501639361	0.0974720058436	0.0989283636855	0.0993865752605	0.101612322991	0.102033684044	0.0986483890614	0.099910420498	0.0918509267622	0.0965510412923	0.0957602765678	0.0990187672923	0.0	0.0649814432925	0.0633656432592	0.0498910655006	0.0631794593894	0.0583911677673	0.124406517088	0.109087830501	0.104186973456	0.1047271982	0.103140900816	0.102800126408	0.103039216969	0.102426991093	0.101190351096	0.0956270669186	0.100820016399	0.115001957412	0.114257730566
TARA_100_DCM_0.22-3_G.snv.bam	0.107174215992	0.115285281877	0.101696915517	0.111516789278	0.111228593382	0.110763553554	0.111696081414	0.111300215598	0.109462846147	0.104549641664	0.104696901147	0.100568038141	0.109656261082	0.109130720033	0.111076222631	0.0649814432925	0.0	0.0361461307325	0.0737127034838	0.0872119041392	0.0663012637598	0.113904462334	0.1099484718	0.116007857397	0.116100977139	0.113929563194	0.114500770405	0.114616514853	0.113335469175	0.113664105486	0.104201329102	0.107728607829	0.119136266366	0.114293891981
TARA_111_DCM_0.22-3_G.snv.bam	0.120721092862	0.127026693839	0.113585101474	0.122717853703	0.121849672744	0.122882974651	0.123551985194	0.122044202671	0.120424051758	0.114794648503	0.115578664031	0.114260625816	0.122140179524	0.121522664894	0.123523767117	0.0633656432592	0.0361461307325	0.0	0.0813956825757	0.08981817431	0.0614037778826	0.126725006448	0.124959403676	0.130182298469	0.131060101088	0.126994826551	0.127145750847	0.126656370059	0.126274957677	0.124297936035	0.117680938428	0.11729946321	0.128544123703	0.125922595197
TARA_112_DCM_0.22-3_G.snv.bam	0.0844016291418	0.0848756666188	0.0668061016995	0.0798942439151	0.0776958673504	0.0781332958537	0.0798516321685	0.0830325459984	0.0837435046801	0.0808383512105	0.0810157847126	0.072180368723	0.077346493095	0.0752375097454	0.0784463342943	0.0498910655006	0.0737127034838	0.0813956825757	0.0	0.0470506015855	0.0572512248059	0.11297201848	0.0950679619379	0.0823359560479	0.0831601353132	0.0828740752498	0.081793223553	0.0820969391538	0.0842668341407	0.0814437098605	0.0764363764086	0.0834608127453	0.101650674595	0.098875505082
TARA_112_SRF_0.22-3_G.snv.bam	0.0999101954111	0.100405127071	0.0847851412186	0.0977153408834	0.0957832626186	0.0956781344794	0.0968982648286	0.0988585951388	0.100658175543	0.0965164502889	0.098464847929	0.0916896538989	0.0926605317816	0.0933284754416	0.0948017650732	0.0631794593894	0.0872119041392	0.08981817431	0.0470506015855	0.0	0.0787977426726	0.123476090919	0.11066071562	0.0997419230365	0.100221723032	0.101794825315	0.099393686313	0.0994662246611	0.0999328599709	0.098214739537	0.0952357577028	0.0993028837267	0.11469711728	0.11128553289
TARA_122_DCM_0.22-3_G.snv.bam	0.107778287015	0.106505866189	0.0938170568957	0.106315536845	0.105603265585	0.104641309647	0.107263205367	0.110047768751	0.109319652924	0.109587273258	0.11159330248	0.0994295610364	0.103051712761	0.101897139287	0.103556361855	0.0583911677673	0.0663012637598	0.0614037778826	0.0572512248059	0.0787977426726	0.0	0.134237188424	0.112909937908	0.106755935677	0.106502617138	0.105203569851	0.108585138694	0.108159949139	0.10773647414	0.107815595576	0.103988999445	0.112239476427	0.125902867593	0.123294206752
TARA_132_DCM_0.22-3_G.snv.bam	0.0820631860201	0.109982884405	0.101996106811	0.100948571506	0.0993555996557	0.0986715554638	0.099389264136	0.0958513532597	0.0980374418665	0.0911642750726	0.0898387627606	0.0912213334794	0.100383391963	0.0991766129851	0.10427930556	0.124406517088	0.113904462334	0.126725006448	0.11297201848	0.123476090919	0.134237188424	0.0	0.100039985717	0.105810437171	0.1062596349	0.097552530574	0.102339880436	0.102946363299	0.100291703968	0.0996809586633	0.0941821596139	0.0915043319399	0.0813739110185	0.0834056483077
TARA_138_DCM_0.22-3_G.snv.bam	0.0800627257672	0.0861360677852	0.0683393235919	0.0752037156553	0.0730726351663	0.0718642222247	0.074073149177	0.0827803296	0.0792612548059	0.0775198411332	0.0794617109421	0.0675038784994	0.0772403079863	0.075710959557	0.0820963940218	0.109087830501	0.1099484718	0.124959403676	0.0950679619379	0.11066071562	0.112909937908	0.100039985717	0.0	0.0802683382592	0.0816665746396	0.0787391583571	0.0796607596366	0.0811287129416	0.0809982232057	0.082307597105	0.0771009026157	0.0849164865848	0.0924685867879	0.0904851424179
TARA_142_DCM_0.22-3_G.snv.bam	0.0663876060655	0.0578309928499	0.0619750498469	0.0517546294807	0.0476618259882	0.0475216201531	0.0490896212167	0.0587560979334	0.0607191968837	0.0553709823837	0.0568759860919	0.0485430601315	0.050174434526	0.0469836286124	0.0573087323135	0.104186973456	0.116007857397	0.130182298469	0.0823359560479	0.0997419230365	0.106755935677	0.105810437171	0.0802683382592	0.0	0.0182414299286	0.0459081775392	0.0326302095754	0.03428678014	0.0486862437643	0.0439048077247	0.048992371642	0.060217163111	0.0898755884699	0.0832396558665
TARA_142_SRF_0.22-3_G.snv.bam	0.0674157864966	0.0572202094493	0.0623931894514	0.0527362830949	0.0496369140001	0.0491474078328	0.0499408742961	0.059200741231	0.0620765870246	0.0571654793466	0.0581996970368	0.0509873850843	0.0514445182031	0.0483372826928	0.0586557136859	0.1047271982	0.116100977139	0.131060101088	0.0831601353132	0.100221723032	0.106502617138	0.1062596349	0.0816665746396	0.0182414299286	0.0	0.045579222923	0.0341465865702	0.0354403715017	0.0482309266343	0.0450460174852	0.0493838566681	0.0607523269019	0.0906234676265	0.0840578653854
TARA_145_SRF_0.22-3_G.snv.bam	0.053900207714	0.0610391472031	0.0614767192291	0.0502283732652	0.0477543364973	0.0488788245348	0.0478871445833	0.057784104683	0.058892618826	0.0544862402625	0.0549110826055	0.0501925165219	0.0532563000873	0.0485543460735	0.0587889790635	0.103140900816	0.113929563194	0.126994826551	0.0828740752498	0.101794825315	0.105203569851	0.097552530574	0.0787391583571	0.0459081775392	0.045579222923	0.0	0.0395323961345	0.0398676911161	0.0470570090971	0.0375758667572	0.0431563868406	0.0476417878307	0.0793853034302	0.0763595740299
TARA_146_SRF_0.22-3_G.snv.bam	0.0603267968762	0.0611379956738	0.0593998259209	0.0412800816333	0.0369242280766	0.0386058260482	0.0388415993686	0.0514829258851	0.050838608917	0.045233911531	0.0444349840497	0.0447821480724	0.0432081654056	0.0383945378917	0.0520831133645	0.102800126408	0.114500770405	0.127145750847	0.081793223553	0.099393686313	0.108585138694	0.102339880436	0.0796607596366	0.0326302095754	0.0341465865702	0.0395323961345	0.0	0.0161600644237	0.0394746145253	0.0242761608023	0.0353028752233	0.0424570779187	0.0798815747915	0.0769315437122
TARA_148_SRF_0.22-3_G.snv.bam	0.0615822059312	0.0613030518931	0.060062427055	0.0414505485727	0.0379474386006	0.039769884496	0.0398206086549	0.0533247979047	0.0525660236513	0.0476363956887	0.047451669198	0.047343127033	0.0430691845657	0.0395601559527	0.0515069066278	0.103039216969	0.114616514853	0.126656370059	0.0820969391538	0.0994662246611	0.108159949139	0.102946363299	0.0811287129416	0.03428678014	0.0354403715017	0.0398676911161	0.0161600644237	0.0	0.0418877846334	0.0243177449826	0.0369039057705	0.042668223731	0.0806742111124	0.0769539666117
TARA_148b_MES_0.22-3_G.snv.bam	0.0586511299548	0.0625091637508	0.0637823089998	0.0508687992021	0.0500863106455	0.0492304062254	0.0506923907004	0.0581125324264	0.0574357513588	0.0520766966389	0.0533889578638	0.0504526821124	0.0483239358462	0.0443932968774	0.0559207781053	0.102426991093	0.113335469175	0.126274957677	0.0842668341407	0.0999328599709	0.10773647414	0.100291703968	0.0809982232057	0.0486862437643	0.0482309266343	0.0470570090971	0.0394746145253	0.0418877846334	0.0	0.0414011110675	0.0419599791594	0.0501594318687	0.079463633685	0.0740892353454
TARA_149_SRF_0.22-3_G.snv.bam	0.0555502230252	0.0625206074508	0.058626363318	0.0415801957075	0.0376562140095	0.0394695809635	0.0406529141809	0.0521201253387	0.0490953336399	0.0456427733456	0.0452025469211	0.0466607850906	0.0418976572854	0.0380002292417	0.0496333367354	0.101190351096	0.113664105486	0.124297936035	0.0814437098605	0.098214739537	0.107815595576	0.0996809586633	0.082307597105	0.0439048077247	0.0450460174852	0.0375758667572	0.0242761608023	0.0243177449826	0.0414011110675	0.0	0.0311615455308	0.0313454254494	0.0736932493692	0.0720457184747
TARA_150_DCM_0.22-3_G.snv.bam	0.0478444926853	0.0598360233006	0.0548181693643	0.0445770018142	0.0399596556013	0.0393111802139	0.0429438666226	0.0474312468167	0.045861239591	0.0409515148541	0.0405365961247	0.043125323474	0.0419908614787	0.0332161428077	0.0462782876742	0.0956270669186	0.104201329102	0.117680938428	0.0764363764086	0.0952357577028	0.103988999445	0.0941821596139	0.0771009026157	0.048992371642	0.0493838566681	0.0431563868406	0.0353028752233	0.0369039057705	0.0419599791594	0.0311615455308	0.0	0.0308006499445	0.0695133300918	0.0659592443265
TARA_150_SRF_0.22-3_G.snv.bam	0.050241751456	0.0702952991597	0.0622302489041	0.0497625247029	0.045916222261	0.0463731809732	0.0478589359631	0.0521514689039	0.0486258887948	0.041536023606	0.0409919187162	0.0514996433183	0.0477886203076	0.0434485105042	0.0531896304541	0.100820016399	0.107728607829	0.11729946321	0.0834608127453	0.0993028837267	0.112239476427	0.0915043319399	0.0849164865848	0.060217163111	0.0607523269019	0.0476417878307	0.0424570779187	0.042668223731	0.0501594318687	0.0313454254494	0.0308006499445	0.0	0.0641026871047	0.0633889057079
TARA_151_DCM_0.22-3_G.snv.bam	0.0661844725579	0.0924711024283	0.0885615680474	0.0803295238034	0.0802150284939	0.0789189540839	0.0805750792861	0.079521939198	0.0764044777599	0.0725716705662	0.0710914458075	0.0806233806694	0.078751034944	0.0750705307096	0.0779119006151	0.115001957412	0.119136266366	0.128544123703	0.101650674595	0.11469711728	0.125902867593	0.0813739110185	0.0924685867879	0.0898755884699	0.0906234676265	0.0793853034302	0.0798815747915	0.0806742111124	0.079463633685	0.0736932493692	0.0695133300918	0.0641026871047	0.0	0.0606130358222
TARA_151_SRF_0.22-3_G.snv.bam	0.0656023600786	0.0872989508088	0.0858123549019	0.0786638129252	0.076921882419	0.0745681056368	0.0759463969847	0.0727569363794	0.0733091495696	0.0682688962608	0.0685629476552	0.0769059606049	0.0743461633444	0.070580074633	0.0750429676917	0.114257730566	0.114293891981	0.125922595197	0.098875505082	0.11128553289	0.123294206752	0.0834056483077	0.0904851424179	0.0832396558665	0.0840578653854	0.0763595740299	0.0769315437122	0.0769539666117	0.0740892353454	0.0720457184747	0.0659592443265	0.0633889057079	0.0606130358222	0.0
