	TARA_031_SRF_0.22-1.6_G.snv.bam	TARA_032_DCM_0.22-1.6_G.snv.bam	TARA_032_SRF_0.22-1.6_G.snv.bam	TARA_033_SRF_0.22-1.6_G.snv.bam	TARA_034_SRF_0.22-1.6_G.snv.bam	TARA_036_DCM_0.22-1.6_G.snv.bam	TARA_036_SRF_0.22-1.6_G.snv.bam	TARA_038_DCM_0.22-1.6_G.snv.bam	TARA_038_SRF_0.22-1.6_G.snv.bam	TARA_039_DCM_0.22-1.6_G.snv.bam	TARA_041_DCM_0.22-1.6_G.snv.bam	TARA_041_SRF_0.22-1.6_G.snv.bam	TARA_042_DCM_0.22-1.6_G.snv.bam	TARA_042_SRF_0.22-1.6_G.snv.bam	TARA_045_SRF_0.22-1.6_G.snv.bam	TARA_048_SRF_0.22-1.6_G.snv.bam	TARA_052_DCM_0.22-1.6_G.snv.bam	TARA_052_SRF_0.22-1.6_G.snv.bam	TARA_056_MES_0.22-3_G.snv.bam	TARA_056_SRF_0.22-3_G.snv.bam	TARA_057_SRF_0.22-3_G.snv.bam	TARA_058_DCM_0.22-3_G.snv.bam	TARA_062_SRF_0.22-3_G.snv.bam	TARA_064_DCM_0.22-3_G.snv.bam	TARA_064_SRF_0.22-3_G.snv.bam	TARA_065_DCM_0.22-3_G.snv.bam	TARA_065_SRF_0.22-3_G.snv.bam	TARA_066_SRF_0.22-3_G.snv.bam	TARA_072_DCM_0.22-3_G.snv.bam	TARA_072_MES_0.22-3_G.snv.bam	TARA_072_SRF_0.22-3_G.snv.bam	TARA_076_DCM_0.22-3_G.snv.bam	TARA_076_SRF_0.22-3_G.snv.bam	TARA_078_DCM_0.22-3_G.snv.bam	TARA_078_SRF_0.22-3_G.snv.bam	TARA_098_DCM_0.22-3_G.snv.bam	TARA_098_SRF_0.22-3_G.snv.bam	TARA_112_DCM_0.22-3_G.snv.bam	TARA_112_SRF_0.22-3_G.snv.bam	TARA_132_SRF_0.22-3_G.snv.bam	TARA_138_SRF_0.22-3_G.snv.bam	TARA_140_SRF_0.22-3_G.snv.bam	TARA_141_SRF_0.22-3_G.snv.bam	TARA_142_DCM_0.22-3_G.snv.bam	TARA_142_SRF_0.22-3_G.snv.bam	TARA_146_SRF_0.22-3_G.snv.bam	TARA_148_SRF_0.22-3_G.snv.bam	TARA_149_SRF_0.22-3_G.snv.bam	TARA_150_DCM_0.22-3_G.snv.bam	TARA_150_SRF_0.22-3_G.snv.bam
TARA_031_SRF_0.22-1.6_G.snv.bam	0.0	0.0339173904553	0.0216949866624	0.0331798865281	0.0342307678519	0.0532919836457	0.0528537392575	0.0505375597473	0.0526346136946	0.0508704237212	0.0526083823779	0.0387355925986	0.0455480753572	0.0396753536868	0.0392953320327	0.0375162399253	0.0424052708903	0.0495412328626	0.0563961747168	0.0441319735906	0.0447907706169	0.0449346424651	0.0436340703134	0.0439054105152	0.0407915061113	0.0420388813695	0.0428999530985	0.0611564458276	0.0432683789443	0.044185885828	0.0406883104416	0.056244004474	0.0546858182873	0.0493972811343	0.0473808502412	0.0842291287737	0.0862062685218	0.0665419632573	0.0755053856508	0.0522296529068	0.0513531472763	0.0519773472172	0.0437584426992	0.0459407082997	0.0467014376741	0.0499557149846	0.0496725138657	0.0512588487193	0.0520390621925	0.0592090594619
TARA_032_DCM_0.22-1.6_G.snv.bam	0.0339173904553	0.0	0.0329244510416	0.0453100050525	0.0457658969323	0.0589207946128	0.0566667878068	0.0571779837859	0.0601872728281	0.0545928936565	0.055905307746	0.0485868693346	0.0546188484147	0.0475326947574	0.0504545211849	0.0462319569421	0.0478645041748	0.055509794729	0.0587182762464	0.0529043654576	0.0539592424917	0.0567251065157	0.054662454301	0.0542828095991	0.0523792958644	0.0501661093093	0.0522730160387	0.0653966077915	0.0474144450539	0.0515612005338	0.0464295442792	0.0605734870479	0.0588839421907	0.0534600675259	0.0539649840036	0.0859887363828	0.0855688506285	0.0684634351963	0.0787583995308	0.0570366996428	0.0542848486425	0.0588337170342	0.0454863726931	0.0479219854344	0.0489938184096	0.0554577330525	0.0547702642284	0.0544279719625	0.0514857456374	0.0614837392702
TARA_032_SRF_0.22-1.6_G.snv.bam	0.0216949866624	0.0329244510416	0.0	0.0285608014553	0.028620431657	0.0505715873228	0.0488948949193	0.0480575576801	0.0515346440162	0.0485016776832	0.0510911104594	0.0370040951107	0.0445783757609	0.0366905814139	0.038560239265	0.0338826918215	0.0416533302068	0.047441171642	0.0552385152862	0.0431990311845	0.0450743733871	0.0470718658405	0.0444615245531	0.0459014430136	0.0427474401517	0.0414845419032	0.0440119926292	0.0606477652482	0.0417107050249	0.044523269663	0.0400434269851	0.0577409653102	0.0544695309575	0.0478263153475	0.0478567859844	0.0833533588213	0.0845525447468	0.0650963540815	0.0760246506051	0.0507498053014	0.0480670163114	0.050910028111	0.0431769503047	0.0455043796189	0.0467168591222	0.0518806407336	0.0514820168217	0.0528086043687	0.0517313538448	0.0592152888407
TARA_033_SRF_0.22-1.6_G.snv.bam	0.0331798865281	0.0453100050525	0.0285608014553	0.0	0.0264418223333	0.051072171997	0.0489722866717	0.0478598498023	0.052262344432	0.0484082795962	0.0511833754679	0.0415512199647	0.0477299054651	0.0420949220017	0.0439122491491	0.0393348194468	0.0464802425134	0.0495547626024	0.0579548422065	0.0476230315456	0.0486026483347	0.0507536274062	0.0499010989088	0.0494374126938	0.0484428132042	0.0470195308212	0.0491392414828	0.0624916228549	0.0463515768408	0.0491891245406	0.0452438485448	0.0607891138189	0.0595879475426	0.0505054494983	0.0527815345452	0.0840135416326	0.0837793583249	0.0656509454376	0.0777372044896	0.055446108047	0.0496145092861	0.0543523532495	0.0502860000744	0.0525833309349	0.0543387808829	0.0588006599499	0.0602204788534	0.0592261755493	0.0582193939755	0.0669308019209
TARA_034_SRF_0.22-1.6_G.snv.bam	0.0342307678519	0.0457658969323	0.028620431657	0.0264418223333	0.0	0.0520082928585	0.0484426476189	0.0493377940999	0.0516105594733	0.0496318228846	0.0531574358122	0.0425178889124	0.0487397599709	0.0428508305897	0.0444045333337	0.0405053979404	0.0478341315321	0.0506706074274	0.0577017240382	0.0486058684191	0.0503117007735	0.0521974516141	0.0497469294044	0.0512899468618	0.0498698730954	0.0472262345055	0.0492512028051	0.0635191393493	0.0477444622979	0.0482459044665	0.0458910148797	0.0619643165715	0.0599396713172	0.0521720045217	0.0531462578629	0.0830169713739	0.0832320493659	0.0653234718697	0.0785490112438	0.0567592912466	0.051278137367	0.0541472516653	0.0516020126579	0.0531226441611	0.0544256376991	0.0597091484665	0.0600229601016	0.0601219234474	0.0565521988675	0.0663460750791
TARA_036_DCM_0.22-1.6_G.snv.bam	0.0532919836457	0.0589207946128	0.0505715873228	0.051072171997	0.0520082928585	0.0	0.0389247665618	0.0384060254532	0.0422145169384	0.0460837296664	0.0506640498929	0.0434912643251	0.0487247605993	0.0489698100736	0.0483420163611	0.0488992385263	0.0492098401889	0.0539422538862	0.0616451158481	0.0500823463353	0.0525525781867	0.0512259118565	0.0524023505912	0.0498899446735	0.0488870317453	0.0501708402325	0.0508432524909	0.061563650018	0.0495793276416	0.050640803241	0.0485595743128	0.0628144046727	0.0612030004819	0.0538730700646	0.0530750754717	0.0789970490625	0.0817705759577	0.0640152735233	0.075371797843	0.0578855997433	0.0525696942167	0.0567656098213	0.0567782766952	0.0573491544344	0.0577487542395	0.0601189630472	0.0621512216016	0.0636096504498	0.0635337966355	0.0717327408799
TARA_036_SRF_0.22-1.6_G.snv.bam	0.0528537392575	0.0566667878068	0.0488948949193	0.0489722866717	0.0484426476189	0.0389247665618	0.0	0.0400425190557	0.0433358720278	0.044578373296	0.046651020149	0.0429842246789	0.0475421160109	0.0466847518424	0.0473088990633	0.0457600160169	0.0479163751399	0.0518357882423	0.0598765553397	0.0495944800439	0.0518524217596	0.0519361319158	0.0527456108177	0.0525175265018	0.0507512250872	0.0480863069401	0.050712468565	0.0609794393937	0.0486349049515	0.0504052991201	0.0467639537244	0.0630646148562	0.0604365452077	0.0506132650214	0.0519376886146	0.0795443591593	0.0790265720597	0.0625154689825	0.074914647391	0.0581154171265	0.0516467784641	0.0565351144132	0.0540041148621	0.0561131596081	0.0572697409141	0.0599298827706	0.0612123890336	0.0623732132588	0.0629910940899	0.0716173479868
TARA_038_DCM_0.22-1.6_G.snv.bam	0.0505375597473	0.0571779837859	0.0480575576801	0.0478598498023	0.0493377940999	0.0384060254532	0.0400425190557	0.0	0.0413969480741	0.0440946664983	0.0476981118001	0.0397565751939	0.0465864676678	0.0459377472458	0.0438542615112	0.0449291137365	0.0481283226605	0.0522120078426	0.0591806763434	0.047374933021	0.0472347750683	0.0460642980767	0.0488567923424	0.048098795612	0.0442593455727	0.0467146400422	0.0474769032901	0.0621298123355	0.0487219941724	0.0506800373168	0.048498252804	0.0629255684053	0.0614640559991	0.0525207640519	0.0510761637791	0.0808929169273	0.0827319433696	0.0656884896966	0.0737102195602	0.0575437771819	0.0528723513858	0.0532443204065	0.0540949897424	0.0570777247515	0.0567187835486	0.0583403196313	0.0600902042034	0.0616090182318	0.0639253150573	0.0705303464976
TARA_038_SRF_0.22-1.6_G.snv.bam	0.0526346136946	0.0601872728281	0.0515346440162	0.052262344432	0.0516105594733	0.0422145169384	0.0433358720278	0.0413969480741	0.0	0.0475189430011	0.0505999260457	0.0463003897338	0.0494452803844	0.0508960204483	0.0503964704043	0.0501918508073	0.0524346280882	0.0565705479377	0.0617029450979	0.0513426989386	0.0521198343053	0.0515006198608	0.0533649092271	0.0540481868884	0.050764450676	0.0520319111503	0.0528309122539	0.0644949128116	0.0526794641524	0.0545461739101	0.0514274262268	0.065545697887	0.0638155179815	0.0558468849806	0.0565237913491	0.0783431475288	0.0841874901635	0.0655546394176	0.0777381472985	0.0613614875039	0.0558045271948	0.0568065461979	0.0588264103922	0.0601614699066	0.0606619458316	0.0615149291319	0.0634143483383	0.0645816493442	0.0650431161157	0.0723902353329
TARA_039_DCM_0.22-1.6_G.snv.bam	0.0508704237212	0.0545928936565	0.0485016776832	0.0484082795962	0.0496318228846	0.0460837296664	0.044578373296	0.0440946664983	0.0475189430011	0.0	0.0468857050133	0.0389654768847	0.0462352036836	0.0430934530631	0.04400273869	0.0430303481953	0.046598833522	0.0495150892986	0.0575085552311	0.0465029728994	0.0487855989715	0.0490297444851	0.0502688519255	0.0505541827167	0.0491148292562	0.0471601044431	0.0487846837715	0.0573259545508	0.0477145115857	0.0502918995276	0.0483437492915	0.0619299750223	0.0614334736521	0.0517408275527	0.0536493245313	0.0799945357584	0.0827387482844	0.0660418559461	0.0774761525749	0.0565898833736	0.0485550600912	0.055245094633	0.0518143500352	0.0547762658559	0.0558059017415	0.0598246475002	0.0605575991766	0.0615575959333	0.0621298216791	0.0687163075341
TARA_041_DCM_0.22-1.6_G.snv.bam	0.0526083823779	0.055905307746	0.0510911104594	0.0511833754679	0.0531574358122	0.0506640498929	0.046651020149	0.0476981118001	0.0505999260457	0.0468857050133	0.0	0.0454174392933	0.0495854023742	0.046944592484	0.0492182874393	0.0471730043589	0.0501853137852	0.0536591127074	0.0594868472771	0.0507135704095	0.050485474721	0.0529183786657	0.0539041559072	0.0535931695004	0.05243402598	0.0500298849316	0.0536611334052	0.0591677994466	0.0479937697565	0.050675289356	0.0491679932429	0.0636192796957	0.0606164772019	0.0532256355105	0.0552677549952	0.0819259000588	0.0827987453833	0.0643834257903	0.0788221990355	0.0561659565143	0.0529572144018	0.0604755095632	0.0531450462609	0.0570449851201	0.0571731913063	0.0607009941455	0.062629333258	0.0650184701198	0.0613189379761	0.0692623419937
TARA_041_SRF_0.22-1.6_G.snv.bam	0.0387355925986	0.0485868693346	0.0370040951107	0.0415512199647	0.0425178889124	0.0434912643251	0.0429842246789	0.0397565751939	0.0463003897338	0.0389654768847	0.0454174392933	0.0	0.0361979505371	0.0265040704732	0.0283024287209	0.0287578290793	0.0360751550115	0.0408373555585	0.0489514194329	0.0324189696705	0.0354223568418	0.0324827585935	0.0319150106109	0.0373569586605	0.0330373114145	0.0328713487479	0.0337585758875	0.0529828972697	0.0376784765689	0.039476581774	0.0359690346612	0.0540607533935	0.0528961527936	0.046419657742	0.0433743027197	0.0797678756635	0.0834452115491	0.0631105585767	0.070382422668	0.0471206597113	0.0451211982813	0.0459541794897	0.0432644226483	0.0453644469663	0.0455868947909	0.0496602712655	0.0491823908814	0.0530720123323	0.0566450590774	0.0641616353384
TARA_042_DCM_0.22-1.6_G.snv.bam	0.0455480753572	0.0546188484147	0.0445783757609	0.0477299054651	0.0487397599709	0.0487247605993	0.0475421160109	0.0465864676678	0.0494452803844	0.0462352036836	0.0495854023742	0.0361979505371	0.0	0.0358157502545	0.0387284269825	0.0383595644146	0.0414493726197	0.0461176507997	0.053246758432	0.0394381678501	0.0410573316136	0.0408602135069	0.0415448481649	0.0430365345328	0.0399559333705	0.0406882038586	0.0413435590666	0.056210159895	0.0441234855065	0.0460909577611	0.0433390309627	0.0590697381841	0.057073936707	0.0500838237985	0.047289625133	0.0814063599179	0.0850320830913	0.0656590357686	0.0721882138092	0.0534164605818	0.0498674402773	0.0537213965688	0.0487150936421	0.051148894919	0.0516264526017	0.0534176458763	0.0550351440357	0.0565630255373	0.0604602460623	0.0685350997219
TARA_042_SRF_0.22-1.6_G.snv.bam	0.0396753536868	0.0475326947574	0.0366905814139	0.0420949220017	0.0428508305897	0.0489698100736	0.0466847518424	0.0459377472458	0.0508960204483	0.0430934530631	0.046944592484	0.0265040704732	0.0358157502545	0.0	0.0312546998756	0.0265935636994	0.0354862961356	0.0400422367954	0.0488072400809	0.0319345937195	0.0364170402587	0.0352874016216	0.0327289243939	0.0385661050212	0.0336951785553	0.0310646472732	0.033459231535	0.0525767565062	0.0378316385819	0.0397312884064	0.0363272204646	0.0558646381502	0.0530180883291	0.0461455903933	0.0433906816267	0.0806957757456	0.0828525435658	0.0630476337745	0.0712607612105	0.0445920079029	0.0460622434131	0.0491422414812	0.0401911224837	0.0433316980037	0.0441030878741	0.0499000537168	0.0501485145232	0.0525439445284	0.0540828074408	0.0639631892883
TARA_045_SRF_0.22-1.6_G.snv.bam	0.0392953320327	0.0504545211849	0.038560239265	0.0439122491491	0.0444045333337	0.0483420163611	0.0473088990633	0.0438542615112	0.0503964704043	0.04400273869	0.0492182874393	0.0283024287209	0.0387284269825	0.0312546998756	0.0	0.0291931466298	0.037251857223	0.0397229705321	0.0514104028314	0.0332808022453	0.0373387775719	0.0345170355852	0.0349883384944	0.038928172094	0.0351720934657	0.0351781919169	0.0351672944454	0.055098924635	0.0400260528836	0.0404962473219	0.0371728243541	0.0565759363393	0.0554293945999	0.0495183617184	0.0462846847422	0.0823621535789	0.0835878117337	0.0650528334013	0.0718422073539	0.0493934172963	0.0456696603218	0.0473176429264	0.0453448821048	0.0469057616625	0.0482593450769	0.0510955767636	0.051986628237	0.0535927006069	0.0564050588344	0.0649548845823
TARA_048_SRF_0.22-1.6_G.snv.bam	0.0375162399253	0.0462319569421	0.0338826918215	0.0393348194468	0.0405053979404	0.0488992385263	0.0457600160169	0.0449291137365	0.0501918508073	0.0430303481953	0.0471730043589	0.0287578290793	0.0383595644146	0.0265935636994	0.0291931466298	0.0	0.0327909577222	0.0364792777583	0.0491882028901	0.0347043221805	0.0383511441215	0.037972650929	0.0370331503565	0.0392059266266	0.0355790289865	0.0350157995493	0.0365333213809	0.0532414047532	0.0367876325788	0.0381903704582	0.0343937695167	0.0542987497841	0.0511102502531	0.0445045245952	0.0426817555864	0.0805234918138	0.0816066724265	0.0617163128297	0.0713418115821	0.0456230557128	0.0447679280311	0.0485739017629	0.041016814003	0.0433050241278	0.0443023794059	0.0504536569269	0.0501552705619	0.0527144716923	0.0535135960705	0.0618086853764
TARA_052_DCM_0.22-1.6_G.snv.bam	0.0424052708903	0.0478645041748	0.0416533302068	0.0464802425134	0.0478341315321	0.0492098401889	0.0479163751399	0.0481283226605	0.0524346280882	0.046598833522	0.0501853137852	0.0360751550115	0.0414493726197	0.0354862961356	0.037251857223	0.0327909577222	0.0	0.0385520188623	0.051844832159	0.0390485942265	0.0428856893539	0.0421995599469	0.0436675889873	0.037529054876	0.0344186123177	0.03725429049	0.0379379096756	0.0535571057926	0.034787019898	0.0385008345848	0.0345603026618	0.0510474291076	0.0468747931555	0.043375189753	0.0393389505137	0.0736826061738	0.0756163551813	0.0549526796763	0.0646500769451	0.0434482930811	0.0449046463409	0.0517983467967	0.0429540932102	0.0439667534781	0.0448782490806	0.0483795351016	0.0481350525357	0.0509319492736	0.0525191912343	0.0607129727863
TARA_052_SRF_0.22-1.6_G.snv.bam	0.0495412328626	0.055509794729	0.047441171642	0.0495547626024	0.0506706074274	0.0539422538862	0.0518357882423	0.0522120078426	0.0565705479377	0.0495150892986	0.0536591127074	0.0408373555585	0.0461176507997	0.0400422367954	0.0397229705321	0.0364792777583	0.0385520188623	0.0	0.0554532201926	0.0436156522196	0.0465797149872	0.0467053196466	0.0479711767022	0.0468525513256	0.0441414328362	0.0437247883228	0.046206055133	0.0561100265514	0.0424269550795	0.044876696405	0.042373022724	0.0557671112363	0.0550056136221	0.0505160234241	0.04893875233	0.0798377497564	0.080423752722	0.062708117183	0.072361371173	0.0497360525501	0.0460169105246	0.0563188851345	0.0504354771237	0.0512744698461	0.0516526895145	0.0568445473091	0.0569769133424	0.0576415611364	0.0566704430051	0.0669877068483
TARA_056_MES_0.22-3_G.snv.bam	0.0563961747168	0.0587182762464	0.0552385152862	0.0579548422065	0.0577017240382	0.0616451158481	0.0598765553397	0.0591806763434	0.0617029450979	0.0575085552311	0.0594868472771	0.0489514194329	0.053246758432	0.0488072400809	0.0514104028314	0.0491882028901	0.051844832159	0.0554532201926	0.0	0.0464793903907	0.0464061128648	0.0484040816079	0.048026738944	0.0549321358943	0.052481289772	0.0495418763115	0.0506617795819	0.0617573353858	0.0530307626308	0.0552646158652	0.0516851242139	0.0644254015325	0.0625813240192	0.0595470926978	0.0582270863405	0.0819658588535	0.0854681563422	0.0706136416194	0.0810797345564	0.0597144763151	0.0586100469539	0.060801045449	0.0525094424784	0.0544749374223	0.0567339182352	0.0611683363729	0.0611755650015	0.062806850339	0.0601198720367	0.0679664334084
TARA_056_SRF_0.22-3_G.snv.bam	0.0441319735906	0.0529043654576	0.0431990311845	0.0476230315456	0.0486058684191	0.0500823463353	0.0495944800439	0.047374933021	0.0513426989386	0.0465029728994	0.0507135704095	0.0324189696705	0.0394381678501	0.0319345937195	0.0332808022453	0.0347043221805	0.0390485942265	0.0436156522196	0.0464793903907	0.0	0.0285426839325	0.0263308355437	0.0271428857293	0.0356850728649	0.0321258272241	0.0302435786913	0.031234410518	0.0537192448701	0.0405421674918	0.0418370261891	0.038169762178	0.0554400545527	0.0554693908587	0.0484369159006	0.0455778741155	0.0817143383153	0.0847011007326	0.0652936083431	0.0727039902376	0.0502207389027	0.0501519792748	0.0510163221157	0.0437284291063	0.0455432980296	0.0469547111768	0.049951370029	0.0503182779531	0.0533412502546	0.0562605552425	0.0660290725338
TARA_057_SRF_0.22-3_G.snv.bam	0.0447907706169	0.0539592424917	0.0450743733871	0.0486026483347	0.0503117007735	0.0525525781867	0.0518524217596	0.0472347750683	0.0521198343053	0.0487855989715	0.050485474721	0.0354223568418	0.0410573316136	0.0364170402587	0.0373387775719	0.0383511441215	0.0428856893539	0.0465797149872	0.0464061128648	0.0285426839325	0.0	0.0274948341814	0.0287596840331	0.0390439287464	0.0351179133919	0.0330723742053	0.0338193543339	0.0557931274496	0.0440007783692	0.0438821929131	0.0425074866252	0.0595901160773	0.0565142152679	0.0509863600188	0.0474718490322	0.0816764725949	0.0854550935428	0.0656729678558	0.0730989506127	0.0534252356132	0.0520617174891	0.0523111959441	0.0455356062496	0.0485236884179	0.0491370137974	0.0514938724976	0.0513259220215	0.0541121896654	0.0569301032028	0.0665051818666
TARA_058_DCM_0.22-3_G.snv.bam	0.0449346424651	0.0567251065157	0.0470718658405	0.0507536274062	0.0521974516141	0.0512259118565	0.0519361319158	0.0460642980767	0.0515006198608	0.0490297444851	0.0529183786657	0.0324827585935	0.0408602135069	0.0352874016216	0.0345170355852	0.037972650929	0.0421995599469	0.0467053196466	0.0484040816079	0.0263308355437	0.0274948341814	0.0	0.0241544837329	0.0352754602962	0.030109706272	0.0332501726994	0.0307208461023	0.0555051252404	0.0446411360165	0.0451288733995	0.0429166469923	0.0579432880443	0.0573993267462	0.0532351166808	0.0467395595177	0.0819057305922	0.0868820440972	0.066330916198	0.0717486934345	0.0532522530366	0.0537325088846	0.0525087004232	0.0471372471118	0.0501253345345	0.0493325529474	0.0505855149527	0.0501867088871	0.0541900808742	0.0603573795923	0.0682131313896
TARA_062_SRF_0.22-3_G.snv.bam	0.0436340703134	0.054662454301	0.0444615245531	0.0499010989088	0.0497469294044	0.0524023505912	0.0527456108177	0.0488567923424	0.0533649092271	0.0502688519255	0.0539041559072	0.0319150106109	0.0415448481649	0.0327289243939	0.0349883384944	0.0370331503565	0.0436675889873	0.0479711767022	0.048026738944	0.0271428857293	0.0287596840331	0.0241544837329	0.0	0.0374582755142	0.0323637388045	0.0316228064753	0.0293256765283	0.0556160130048	0.0441846927239	0.0440326969372	0.0415444308594	0.0577471454832	0.056957114695	0.0520345238281	0.0467484856494	0.0824412637301	0.0865321406349	0.0674875813358	0.0731474923043	0.0521989624886	0.0536029413907	0.053055788937	0.0471967816042	0.0492784921883	0.0491137377965	0.0510236362021	0.0517203404746	0.0538890526041	0.0581538342433	0.0676129786944
TARA_064_DCM_0.22-3_G.snv.bam	0.0439054105152	0.0542828095991	0.0459014430136	0.0494374126938	0.0512899468618	0.0498899446735	0.0525175265018	0.048098795612	0.0540481868884	0.0505541827167	0.0535931695004	0.0373569586605	0.0430365345328	0.0385661050212	0.038928172094	0.0392059266266	0.037529054876	0.0468525513256	0.0549321358943	0.0356850728649	0.0390439287464	0.0352754602962	0.0374582755142	0.0	0.0271986194975	0.0343063396381	0.0335689477398	0.0529063313284	0.0413469428853	0.0421146925969	0.0388210404735	0.0533596801574	0.0498064757146	0.0482889790716	0.039719569121	0.0787002645646	0.0822883409237	0.0610586528073	0.0676569915601	0.0479281443201	0.0482272791856	0.0525636226759	0.0468598947297	0.0487712105754	0.0472781879763	0.0486835287446	0.0488124040402	0.0525896305892	0.0563101005793	0.0645319382803
TARA_064_SRF_0.22-3_G.snv.bam	0.0407915061113	0.0523792958644	0.0427474401517	0.0484428132042	0.0498698730954	0.0488870317453	0.0507512250872	0.0442593455727	0.050764450676	0.0491148292562	0.05243402598	0.0330373114145	0.0399559333705	0.0336951785553	0.0351720934657	0.0355790289865	0.0344186123177	0.0441414328362	0.052481289772	0.0321258272241	0.0351179133919	0.030109706272	0.0323637388045	0.0271986194975	0.0	0.0293228415207	0.0284635122248	0.0497956973607	0.0360641094013	0.0393959984072	0.0371505139098	0.0501158435097	0.0476549072225	0.0459344815877	0.0370338478195	0.0783143324058	0.0814256470923	0.0600776708814	0.0654714279086	0.0449524635121	0.0474440508673	0.0500742102623	0.0440408767646	0.0449105557906	0.0444157083386	0.0450357864748	0.0444280067237	0.0494751478714	0.0554076772003	0.0617150099245
TARA_065_DCM_0.22-3_G.snv.bam	0.0420388813695	0.0501661093093	0.0414845419032	0.0470195308212	0.0472262345055	0.0501708402325	0.0480863069401	0.0467146400422	0.0520319111503	0.0471601044431	0.0500298849316	0.0328713487479	0.0406882038586	0.0310646472732	0.0351781919169	0.0350157995493	0.03725429049	0.0437247883228	0.0495418763115	0.0302435786913	0.0330723742053	0.0332501726994	0.0316228064753	0.0343063396381	0.0293228415207	0.0	0.0308626694983	0.0518048993033	0.037921269879	0.0400855383716	0.0369359913684	0.0540665410301	0.0519281003557	0.0464279150853	0.0421258390173	0.0795980660229	0.0813087255228	0.0633424150724	0.0707975105588	0.0460565390861	0.0479238418039	0.051312489854	0.0440495117593	0.0447667375938	0.0448422886195	0.0496300810886	0.0491472707512	0.051979256352	0.0545476708539	0.0633556655132
TARA_065_SRF_0.22-3_G.snv.bam	0.0428999530985	0.0522730160387	0.0440119926292	0.0491392414828	0.0492512028051	0.0508432524909	0.050712468565	0.0474769032901	0.0528309122539	0.0487846837715	0.0536611334052	0.0337585758875	0.0413435590666	0.033459231535	0.0351672944454	0.0365333213809	0.0379379096756	0.046206055133	0.0506617795819	0.031234410518	0.0338193543339	0.0307208461023	0.0293256765283	0.0335689477398	0.0284635122248	0.0308626694983	0.0	0.0543651449138	0.040181149159	0.0428204235123	0.0392236998348	0.0555857653748	0.0528322722664	0.0491894468309	0.0430084322418	0.0817158822622	0.0832127236686	0.0655704745242	0.0700091840327	0.0489348907542	0.0496491151636	0.0506659620757	0.0451251088028	0.0467724740569	0.0469750112782	0.0481816393505	0.0486806908612	0.0527197402632	0.0564188455199	0.0634192025645
TARA_066_SRF_0.22-3_G.snv.bam	0.0611564458276	0.0653966077915	0.0606477652482	0.0624916228549	0.0635191393493	0.061563650018	0.0609794393937	0.0621298123355	0.0644949128116	0.0573259545508	0.0591677994466	0.0529828972697	0.056210159895	0.0525767565062	0.055098924635	0.0532414047532	0.0535571057926	0.0561100265514	0.0617573353858	0.0537192448701	0.0557931274496	0.0555051252404	0.0556160130048	0.0529063313284	0.0497956973607	0.0518048993033	0.0543651449138	0.0	0.0525997519917	0.0537214614718	0.0534965146817	0.061350838346	0.0593339990982	0.0556834588093	0.0525852480443	0.0805885421276	0.0852296076158	0.0672936643457	0.0755314178799	0.057716641853	0.0567926510976	0.0657250718167	0.059495368976	0.0593214946551	0.0580803698645	0.0625128221416	0.0620937875258	0.0653729398869	0.0628494701452	0.0724204426738
TARA_072_DCM_0.22-3_G.snv.bam	0.0432683789443	0.0474144450539	0.0417107050249	0.0463515768408	0.0477444622979	0.0495793276416	0.0486349049515	0.0487219941724	0.0526794641524	0.0477145115857	0.0479937697565	0.0376784765689	0.0441234855065	0.0378316385819	0.0400260528836	0.0367876325788	0.034787019898	0.0424269550795	0.0530307626308	0.0405421674918	0.0440007783692	0.0446411360165	0.0441846927239	0.0413469428853	0.0360641094013	0.037921269879	0.040181149159	0.0525997519917	0.0	0.0339814549136	0.0296027883254	0.049229972605	0.0452437805385	0.0384379868671	0.0389262540675	0.0768864239976	0.0765171622748	0.0587389349246	0.0651616288345	0.04216484659	0.0423832060835	0.0517195645167	0.0413547274473	0.0404083838293	0.0419362269788	0.0462244206735	0.0453403630638	0.0497292307353	0.0497922900604	0.0558212050126
TARA_072_MES_0.22-3_G.snv.bam	0.044185885828	0.0515612005338	0.044523269663	0.0491891245406	0.0482459044665	0.050640803241	0.0504052991201	0.0506800373168	0.0545461739101	0.0502918995276	0.050675289356	0.039476581774	0.0460909577611	0.0397312884064	0.0404962473219	0.0381903704582	0.0385008345848	0.044876696405	0.0552646158652	0.0418370261891	0.0438821929131	0.0451288733995	0.0440326969372	0.0421146925969	0.0393959984072	0.0400855383716	0.0428204235123	0.0537214614718	0.0339814549136	0.0	0.0334258610875	0.0529980568812	0.0484800770258	0.0439608459636	0.0412909786563	0.0797838329457	0.0792632519832	0.0608810674549	0.0673047214278	0.0466965410581	0.0459522177426	0.0528224508077	0.0433474492793	0.0445821109534	0.0440246840664	0.0479986129776	0.047762236906	0.0521779092095	0.0514517146959	0.0591117728794
TARA_072_SRF_0.22-3_G.snv.bam	0.0406883104416	0.0464295442792	0.0400434269851	0.0452438485448	0.0458910148797	0.0485595743128	0.0467639537244	0.048498252804	0.0514274262268	0.0483437492915	0.0491679932429	0.0359690346612	0.0433390309627	0.0363272204646	0.0371728243541	0.0343937695167	0.0345603026618	0.042373022724	0.0516851242139	0.038169762178	0.0425074866252	0.0429166469923	0.0415444308594	0.0388210404735	0.0371505139098	0.0369359913684	0.0392236998348	0.0534965146817	0.0296027883254	0.0334258610875	0.0	0.0503662230403	0.0461731601035	0.0409558031772	0.039100729603	0.0773269591888	0.0766946431583	0.0595929892212	0.0661002389797	0.042507175953	0.0420516814969	0.0485072115932	0.0398696770968	0.0402843653087	0.0414467462302	0.0457654386717	0.0457828487248	0.0484418159225	0.0483977130078	0.0580415086988
TARA_076_DCM_0.22-3_G.snv.bam	0.056244004474	0.0605734870479	0.0577409653102	0.0607891138189	0.0619643165715	0.0628144046727	0.0630646148562	0.0629255684053	0.065545697887	0.0619299750223	0.0636192796957	0.0540607533935	0.0590697381841	0.0558646381502	0.0565759363393	0.0542987497841	0.0510474291076	0.0557671112363	0.0644254015325	0.0554400545527	0.0595901160773	0.0579432880443	0.0577471454832	0.0533596801574	0.0501158435097	0.0540665410301	0.0555857653748	0.061350838346	0.049229972605	0.0529980568812	0.0503662230403	0.0	0.0449555349677	0.0498428051687	0.0451459700209	0.0709447373435	0.0763834883469	0.0547961222505	0.0622545589837	0.0484769374415	0.0590007269272	0.0644378216333	0.0526886101642	0.0513577872285	0.0512851505601	0.0517004302983	0.0507667210445	0.053856454052	0.0550616954258	0.0607472422358
TARA_076_SRF_0.22-3_G.snv.bam	0.0546858182873	0.0588839421907	0.0544695309575	0.0595879475426	0.0599396713172	0.0612030004819	0.0604365452077	0.0614640559991	0.0638155179815	0.0614334736521	0.0606164772019	0.0528961527936	0.057073936707	0.0530180883291	0.0554293945999	0.0511102502531	0.0468747931555	0.0550056136221	0.0625813240192	0.0554693908587	0.0565142152679	0.0573993267462	0.056957114695	0.0498064757146	0.0476549072225	0.0519281003557	0.0528322722664	0.0593339990982	0.0452437805385	0.0484800770258	0.0461731601035	0.0449555349677	0.0	0.0481315530731	0.0423612833699	0.0739973176386	0.0730106987656	0.0543327444422	0.0588430603311	0.0461665346449	0.0563143555102	0.0642305086931	0.0524488094176	0.0502767911797	0.0494616199759	0.0502285653668	0.0501588218225	0.0544724031074	0.0557502815794	0.0616756587153
TARA_078_DCM_0.22-3_G.snv.bam	0.0493972811343	0.0534600675259	0.0478263153475	0.0505054494983	0.0521720045217	0.0538730700646	0.0506132650214	0.0525207640519	0.0558468849806	0.0517408275527	0.0532256355105	0.046419657742	0.0500838237985	0.0461455903933	0.0495183617184	0.0445045245952	0.043375189753	0.0505160234241	0.0595470926978	0.0484369159006	0.0509863600188	0.0532351166808	0.0520345238281	0.0482889790716	0.0459344815877	0.0464279150853	0.0491894468309	0.0556834588093	0.0384379868671	0.0439608459636	0.0409558031772	0.0498428051687	0.0481315530731	0.0	0.0413971702017	0.0743617903752	0.0743619454573	0.0569443897265	0.0666819057414	0.0459681773308	0.0490550301317	0.0573433082146	0.0458465643372	0.0458336506811	0.0473246922801	0.0492643916974	0.0496268132157	0.05284077034	0.0533269355029	0.058084472903
TARA_078_SRF_0.22-3_G.snv.bam	0.0473808502412	0.0539649840036	0.0478567859844	0.0527815345452	0.0531462578629	0.0530750754717	0.0519376886146	0.0510761637791	0.0565237913491	0.0536493245313	0.0552677549952	0.0433743027197	0.047289625133	0.0433906816267	0.0462846847422	0.0426817555864	0.0393389505137	0.04893875233	0.0582270863405	0.0455778741155	0.0474718490322	0.0467395595177	0.0467484856494	0.039719569121	0.0370338478195	0.0421258390173	0.0430084322418	0.0525852480443	0.0389262540675	0.0412909786563	0.039100729603	0.0451459700209	0.0423612833699	0.0413971702017	0.0	0.0735610463145	0.0763140310735	0.0550761608325	0.0616970141073	0.0426808513942	0.0491799706592	0.05556627605	0.0457766067183	0.0449505640847	0.0442087022163	0.0467820731316	0.0457537543552	0.0505484080811	0.0517935804338	0.057487660579
TARA_098_DCM_0.22-3_G.snv.bam	0.0842291287737	0.0859887363828	0.0833533588213	0.0840135416326	0.0830169713739	0.0789970490625	0.0795443591593	0.0808929169273	0.0783431475288	0.0799945357584	0.0819259000588	0.0797678756635	0.0814063599179	0.0806957757456	0.0823621535789	0.0805234918138	0.0736826061738	0.0798377497564	0.0819658588535	0.0817143383153	0.0816764725949	0.0819057305922	0.0824412637301	0.0787002645646	0.0783143324058	0.0795980660229	0.0817158822622	0.0805885421276	0.0768864239976	0.0797838329457	0.0773269591888	0.0709447373435	0.0739973176386	0.0743617903752	0.0735610463145	0.0	0.0555727254892	0.0489680873832	0.0539269108647	0.075565374699	0.0768593783002	0.0837181082287	0.0785990618217	0.0781871615398	0.0782350895446	0.0813020181483	0.0788081036146	0.0801402224269	0.0804486917122	0.0852725173202
TARA_098_SRF_0.22-3_G.snv.bam	0.0862062685218	0.0855688506285	0.0845525447468	0.0837793583249	0.0832320493659	0.0817705759577	0.0790265720597	0.0827319433696	0.0841874901635	0.0827387482844	0.0827987453833	0.0834452115491	0.0850320830913	0.0828525435658	0.0835878117337	0.0816066724265	0.0756163551813	0.080423752722	0.0854681563422	0.0847011007326	0.0854550935428	0.0868820440972	0.0865321406349	0.0822883409237	0.0814256470923	0.0813087255228	0.0832127236686	0.0852296076158	0.0765171622748	0.0792632519832	0.0766946431583	0.0763834883469	0.0730106987656	0.0743619454573	0.0763140310735	0.0555727254892	0.0	0.0585172792167	0.0550386329422	0.0738971005203	0.0742631860231	0.0873318778513	0.0797770941912	0.0767126910996	0.0778654492969	0.0813702933707	0.0794076287046	0.0803095778071	0.0778115116575	0.086035056777
TARA_112_DCM_0.22-3_G.snv.bam	0.0665419632573	0.0684634351963	0.0650963540815	0.0656509454376	0.0653234718697	0.0640152735233	0.0625154689825	0.0656884896966	0.0655546394176	0.0660418559461	0.0643834257903	0.0631105585767	0.0656590357686	0.0630476337745	0.0650528334013	0.0617163128297	0.0549526796763	0.062708117183	0.0706136416194	0.0652936083431	0.0656729678558	0.066330916198	0.0674875813358	0.0610586528073	0.0600776708814	0.0633424150724	0.0655704745242	0.0672936643457	0.0587389349246	0.0608810674549	0.0595929892212	0.0547961222505	0.0543327444422	0.0569443897265	0.0550761608325	0.0489680873832	0.0585172792167	0.0	0.0463903099123	0.0564449128175	0.0619250841703	0.0698113061897	0.0630370929005	0.0624874719493	0.0609393671945	0.0630835352777	0.0615257254006	0.0632699051254	0.0634767455389	0.0710587104354
TARA_112_SRF_0.22-3_G.snv.bam	0.0755053856508	0.0787583995308	0.0760246506051	0.0777372044896	0.0785490112438	0.075371797843	0.074914647391	0.0737102195602	0.0777381472985	0.0774761525749	0.0788221990355	0.070382422668	0.0721882138092	0.0712607612105	0.0718422073539	0.0713418115821	0.0646500769451	0.072361371173	0.0810797345564	0.0727039902376	0.0730989506127	0.0717486934345	0.0731474923043	0.0676569915601	0.0654714279086	0.0707975105588	0.0700091840327	0.0755314178799	0.0651616288345	0.0673047214278	0.0661002389797	0.0622545589837	0.0588430603311	0.0666819057414	0.0616970141073	0.0539269108647	0.0550386329422	0.0463903099123	0.0	0.0653583305483	0.0719056251064	0.0767154340295	0.0699496118036	0.0695895054607	0.0684029627806	0.0677248819499	0.0666060095755	0.0693337466783	0.0720633535149	0.0797969943614
TARA_132_SRF_0.22-3_G.snv.bam	0.0522296529068	0.0570366996428	0.0507498053014	0.055446108047	0.0567592912466	0.0578855997433	0.0581154171265	0.0575437771819	0.0613614875039	0.0565898833736	0.0561659565143	0.0471206597113	0.0534164605818	0.0445920079029	0.0493934172963	0.0456230557128	0.0434482930811	0.0497360525501	0.0597144763151	0.0502207389027	0.0534252356132	0.0532522530366	0.0521989624886	0.0479281443201	0.0449524635121	0.0460565390861	0.0489348907542	0.057716641853	0.04216484659	0.0466965410581	0.042507175953	0.0484769374415	0.0461665346449	0.0459681773308	0.0426808513942	0.075565374699	0.0738971005203	0.0564449128175	0.0653583305483	0.0	0.0501453031217	0.059715735598	0.0465264533259	0.0454854182348	0.0451826893596	0.0499639534122	0.0493910331158	0.0522526761351	0.0516768389292	0.0614246898359
TARA_138_SRF_0.22-3_G.snv.bam	0.0513531472763	0.0542848486425	0.0480670163114	0.0496145092861	0.051278137367	0.0525696942167	0.0516467784641	0.0528723513858	0.0558045271948	0.0485550600912	0.0529572144018	0.0451211982813	0.0498674402773	0.0460622434131	0.0456696603218	0.0447679280311	0.0449046463409	0.0460169105246	0.0586100469539	0.0501519792748	0.0520617174891	0.0537325088846	0.0536029413907	0.0482272791856	0.0474440508673	0.0479238418039	0.0496491151636	0.0567926510976	0.0423832060835	0.0459522177426	0.0420516814969	0.0590007269272	0.0563143555102	0.0490550301317	0.0491799706592	0.0768593783002	0.0742631860231	0.0619250841703	0.0719056251064	0.0501453031217	0.0	0.0544454256989	0.0518517831895	0.0512614131667	0.0529460316843	0.0568005789503	0.0579932071255	0.0599797061137	0.0567160668152	0.0655893738332
TARA_140_SRF_0.22-3_G.snv.bam	0.0519773472172	0.0588337170342	0.050910028111	0.0543523532495	0.0541472516653	0.0567656098213	0.0565351144132	0.0532443204065	0.0568065461979	0.055245094633	0.0604755095632	0.0459541794897	0.0537213965688	0.0491422414812	0.0473176429264	0.0485739017629	0.0517983467967	0.0563188851345	0.060801045449	0.0510163221157	0.0523111959441	0.0525087004232	0.053055788937	0.0525636226759	0.0500742102623	0.051312489854	0.0506659620757	0.0657250718167	0.0517195645167	0.0528224508077	0.0485072115932	0.0644378216333	0.0642305086931	0.0573433082146	0.05556627605	0.0837181082287	0.0873318778513	0.0698113061897	0.0767154340295	0.059715735598	0.0544454256989	0.0	0.0538809957461	0.055503657776	0.056285525154	0.0580732763548	0.0586916433637	0.0599158078807	0.0598801575347	0.0697254402133
TARA_141_SRF_0.22-3_G.snv.bam	0.0437584426992	0.0454863726931	0.0431769503047	0.0502860000744	0.0516020126579	0.0567782766952	0.0540041148621	0.0540949897424	0.0588264103922	0.0518143500352	0.0531450462609	0.0432644226483	0.0487150936421	0.0401911224837	0.0453448821048	0.041016814003	0.0429540932102	0.0504354771237	0.0525094424784	0.0437284291063	0.0455356062496	0.0471372471118	0.0471967816042	0.0468598947297	0.0440408767646	0.0440495117593	0.0451251088028	0.059495368976	0.0413547274473	0.0433474492793	0.0398696770968	0.0526886101642	0.0524488094176	0.0458465643372	0.0457766067183	0.0785990618217	0.0797770941912	0.0630370929005	0.0699496118036	0.0465264533259	0.0518517831895	0.0538809957461	0.0	0.0282553418182	0.0297869953519	0.0365766112942	0.0377017143879	0.0431841902171	0.042663495146	0.0540717930426
TARA_142_DCM_0.22-3_G.snv.bam	0.0459407082997	0.0479219854344	0.0455043796189	0.0525833309349	0.0531226441611	0.0573491544344	0.0561131596081	0.0570777247515	0.0601614699066	0.0547762658559	0.0570449851201	0.0453644469663	0.051148894919	0.0433316980037	0.0469057616625	0.0433050241278	0.0439667534781	0.0512744698461	0.0544749374223	0.0455432980296	0.0485236884179	0.0501253345345	0.0492784921883	0.0487712105754	0.0449105557906	0.0447667375938	0.0467724740569	0.0593214946551	0.0404083838293	0.0445821109534	0.0402843653087	0.0513577872285	0.0502767911797	0.0458336506811	0.0449505640847	0.0781871615398	0.0767126910996	0.0624874719493	0.0695895054607	0.0454854182348	0.0512614131667	0.055503657776	0.0282553418182	0.0	0.0259558721103	0.0362442410745	0.036868730689	0.0426193413761	0.0420687513503	0.0531155631635
TARA_142_SRF_0.22-3_G.snv.bam	0.0467014376741	0.0489938184096	0.0467168591222	0.0543387808829	0.0544256376991	0.0577487542395	0.0572697409141	0.0567187835486	0.0606619458316	0.0558059017415	0.0571731913063	0.0455868947909	0.0516264526017	0.0441030878741	0.0482593450769	0.0443023794059	0.0448782490806	0.0516526895145	0.0567339182352	0.0469547111768	0.0491370137974	0.0493325529474	0.0491137377965	0.0472781879763	0.0444157083386	0.0448422886195	0.0469750112782	0.0580803698645	0.0419362269788	0.0440246840664	0.0414467462302	0.0512851505601	0.0494616199759	0.0473246922801	0.0442087022163	0.0782350895446	0.0778654492969	0.0609393671945	0.0684029627806	0.0451826893596	0.0529460316843	0.056285525154	0.0297869953519	0.0259558721103	0.0	0.0349165777993	0.0346272216121	0.0420252026075	0.0404838801644	0.0535742025576
TARA_146_SRF_0.22-3_G.snv.bam	0.0499557149846	0.0554577330525	0.0518806407336	0.0588006599499	0.0597091484665	0.0601189630472	0.0599298827706	0.0583403196313	0.0615149291319	0.0598246475002	0.0607009941455	0.0496602712655	0.0534176458763	0.0499000537168	0.0510955767636	0.0504536569269	0.0483795351016	0.0568445473091	0.0611683363729	0.049951370029	0.0514938724976	0.0505855149527	0.0510236362021	0.0486835287446	0.0450357864748	0.0496300810886	0.0481816393505	0.0625128221416	0.0462244206735	0.0479986129776	0.0457654386717	0.0517004302983	0.0502285653668	0.0492643916974	0.0467820731316	0.0813020181483	0.0813702933707	0.0630835352777	0.0677248819499	0.0499639534122	0.0568005789503	0.0580732763548	0.0365766112942	0.0362442410745	0.0349165777993	0.0	0.0334796838292	0.0408849167134	0.0466495421503	0.0560678076757
TARA_148_SRF_0.22-3_G.snv.bam	0.0496725138657	0.0547702642284	0.0514820168217	0.0602204788534	0.0600229601016	0.0621512216016	0.0612123890336	0.0600902042034	0.0634143483383	0.0605575991766	0.062629333258	0.0491823908814	0.0550351440357	0.0501485145232	0.051986628237	0.0501552705619	0.0481350525357	0.0569769133424	0.0611755650015	0.0503182779531	0.0513259220215	0.0501867088871	0.0517203404746	0.0488124040402	0.0444280067237	0.0491472707512	0.0486806908612	0.0620937875258	0.0453403630638	0.047762236906	0.0457828487248	0.0507667210445	0.0501588218225	0.0496268132157	0.0457537543552	0.0788081036146	0.0794076287046	0.0615257254006	0.0666060095755	0.0493910331158	0.0579932071255	0.0586916433637	0.0377017143879	0.036868730689	0.0346272216121	0.0334796838292	0.0	0.0376128738967	0.0445306935232	0.0520504948689
