	TARA_068_DCM_0.22-3_G.snv.bam	TARA_068_SRF_0.22-3_G.snv.bam	TARA_145_SRF_0.22-3_G.snv.bam	TARA_149_SRF_0.22-3_G.snv.bam	TARA_150_SRF_0.22-3_G.snv.bam	TARA_152_MIX_0.22-3_G.snv.bam	TARA_152_SRF_0.22-3_G.snv.bam
TARA_068_DCM_0.22-3_G.snv.bam	0.0	0.0469512419342	0.149059456784	0.1473240899	0.0507672475558	0.085054253958	0.0780777042179
TARA_068_SRF_0.22-3_G.snv.bam	0.0469512419342	0.0	0.150823898019	0.145373630464	0.0501123297618	0.0870546403891	0.077651360962
TARA_145_SRF_0.22-3_G.snv.bam	0.149059456784	0.150823898019	0.0	0.0913415620258	0.148747698005	0.135223107766	0.132464410513
TARA_149_SRF_0.22-3_G.snv.bam	0.1473240899	0.145373630464	0.0913415620258	0.0	0.145947034439	0.152232056972	0.149059972952
TARA_150_SRF_0.22-3_G.snv.bam	0.0507672475558	0.0501123297618	0.148747698005	0.145947034439	0.0	0.0839930865709	0.0750901770505
TARA_152_MIX_0.22-3_G.snv.bam	0.085054253958	0.0870546403891	0.135223107766	0.152232056972	0.0839930865709	0.0	0.0504009559932
TARA_152_SRF_0.22-3_G.snv.bam	0.0780777042179	0.077651360962	0.132464410513	0.149059972952	0.0750901770505	0.0504009559932	0.0
