	TARA_032_DCM_0.22-1.6_G.snv.bam	TARA_034_DCM_0.22-1.6_G.snv.bam	TARA_041_DCM_0.22-1.6_G.snv.bam	TARA_042_DCM_0.22-1.6_G.snv.bam	TARA_122_DCM_0.22-3_G.snv.bam	TARA_123_MIX_0.22-3_G.snv.bam	TARA_124_MIX_0.22-3_G.snv.bam	TARA_125_MIX_0.22-3_G.snv.bam	TARA_146_SRF_0.22-3_G.snv.bam
TARA_032_DCM_0.22-1.6_G.snv.bam	0.0	0.0	0.0	0.0	0.00500417014178	0.00750625521268	0.00834028356964	0.00583819849875	0.00333611342786
TARA_034_DCM_0.22-1.6_G.snv.bam	0.0	0.0	0.0	0.0	0.00583819849875	0.0	0.00917431192661	0.0	0.000834028356964
TARA_041_DCM_0.22-1.6_G.snv.bam	0.0	0.0	0.0	0.0	0.00750625521268	0.00333611342786	0.0116763969975	0.00250208507089	0.0
TARA_042_DCM_0.22-1.6_G.snv.bam	0.0	0.0	0.0	0.0	0.00333611342786	0.00750625521268	0.00750625521268	0.00500417014178	0.0
TARA_122_DCM_0.22-3_G.snv.bam	0.00500417014178	0.00583819849875	0.00750625521268	0.00333611342786	0.0	0.00667222685571	0.0	0.00583819849875	0.0108423686405
TARA_123_MIX_0.22-3_G.snv.bam	0.00750625521268	0.0	0.00333611342786	0.00750625521268	0.00667222685571	0.0	0.0175145954962	0.0	0.00417014178482
TARA_124_MIX_0.22-3_G.snv.bam	0.00834028356964	0.00917431192661	0.0116763969975	0.00750625521268	0.0	0.0175145954962	0.0	0.0183486238532	0.0116763969975
TARA_125_MIX_0.22-3_G.snv.bam	0.00583819849875	0.0	0.00250208507089	0.00500417014178	0.00583819849875	0.0	0.0183486238532	0.0	0.00333611342786
TARA_146_SRF_0.22-3_G.snv.bam	0.00333611342786	0.000834028356964	0.0	0.0	0.0108423686405	0.00417014178482	0.0116763969975	0.00333611342786	0.0
