	TARA_064_MES_0.22-3_G.snv.bam	TARA_065_MES_0.22-3_G.snv.bam	TARA_068_MES_0.22-3_G.snv.bam	TARA_076_MES_0.22-3_G.snv.bam	TARA_078_MES_0.22-3_G.snv.bam	TARA_098_MES_0.22-3_G.snv.bam	TARA_112_MES_0.22-3_G.snv.bam	TARA_132_MES_0.22-3_G.snv.bam	TARA_146_MES_0.22-3_G.snv.bam	TARA_149_MES_0.22-3_G.snv.bam	TARA_152_MES_0.22-3_G.snv.bam
TARA_064_MES_0.22-3_G.snv.bam	0.0	0.00243605359318	0.00243605359318	0.0231425091352	0.0170523751523	0.00121802679659	0.00609013398295	0.00487210718636	0.00487210718636	0.00243605359318	0.00121802679659
TARA_065_MES_0.22-3_G.snv.bam	0.00243605359318	0.0	0.00365408038977	0.0560292326431	0.0328867235079	0.00243605359318	0.0194884287454	0.00974421437272	0.00852618757613	0.0	0.0
TARA_068_MES_0.22-3_G.snv.bam	0.00243605359318	0.00365408038977	0.0	0.0243605359318	0.0121802679659	0.00609013398295	0.0133982947625	0.0146163215591	0.00243605359318	0.00243605359318	0.00365408038977
TARA_076_MES_0.22-3_G.snv.bam	0.0231425091352	0.0560292326431	0.0243605359318	0.0	0.0194884287454	0.0377588306943	0.0146163215591	0.0487210718636	0.0389768574909	0.0426309378806	0.0426309378806
TARA_078_MES_0.22-3_G.snv.bam	0.0170523751523	0.0328867235079	0.0121802679659	0.0194884287454	0.0	0.0194884287454	0.0121802679659	0.0243605359318	0.0280146163216	0.0292326431181	0.0328867235079
TARA_098_MES_0.22-3_G.snv.bam	0.00121802679659	0.00243605359318	0.00609013398295	0.0377588306943	0.0194884287454	0.0	0.00852618757613	0.00730816077954	0.00609013398295	0.00487210718636	0.00730816077954
TARA_112_MES_0.22-3_G.snv.bam	0.00609013398295	0.0194884287454	0.0133982947625	0.0146163215591	0.0121802679659	0.00852618757613	0.0	0.0255785627284	0.0146163215591	0.0194884287454	0.0194884287454
TARA_132_MES_0.22-3_G.snv.bam	0.00487210718636	0.00974421437272	0.0146163215591	0.0487210718636	0.0243605359318	0.00730816077954	0.0255785627284	0.0	0.0158343483557	0.0121802679659	0.0121802679659
TARA_146_MES_0.22-3_G.snv.bam	0.00487210718636	0.00852618757613	0.00243605359318	0.0389768574909	0.0280146163216	0.00609013398295	0.0146163215591	0.0158343483557	0.0	0.0	0.0
TARA_149_MES_0.22-3_G.snv.bam	0.00243605359318	0.0	0.00243605359318	0.0426309378806	0.0292326431181	0.00487210718636	0.0194884287454	0.0121802679659	0.0	0.0	0.0
TARA_152_MES_0.22-3_G.snv.bam	0.00121802679659	0.0	0.00365408038977	0.0426309378806	0.0328867235079	0.00730816077954	0.0194884287454	0.0121802679659	0.0	0.0	0.0
