	TARA_031_SRF_0.22-1.6_G.snv.bam	TARA_032_DCM_0.22-1.6_G.snv.bam	TARA_032_SRF_0.22-1.6_G.snv.bam	TARA_033_SRF_0.22-1.6_G.snv.bam	TARA_034_SRF_0.22-1.6_G.snv.bam	TARA_039_DCM_0.22-1.6_G.snv.bam	TARA_041_SRF_0.22-1.6_G.snv.bam	TARA_042_SRF_0.22-1.6_G.snv.bam	TARA_045_SRF_0.22-1.6_G.snv.bam	TARA_048_SRF_0.22-1.6_G.snv.bam	TARA_052_DCM_0.22-1.6_G.snv.bam	TARA_052_SRF_0.22-1.6_G.snv.bam	TARA_056_SRF_0.22-3_G.snv.bam	TARA_057_SRF_0.22-3_G.snv.bam	TARA_058_DCM_0.22-3_G.snv.bam	TARA_062_SRF_0.22-3_G.snv.bam	TARA_064_SRF_0.22-3_G.snv.bam	TARA_065_DCM_0.22-3_G.snv.bam	TARA_072_SRF_0.22-3_G.snv.bam	TARA_076_SRF_0.22-3_G.snv.bam	TARA_109_DCM_0.22-3_G.snv.bam	TARA_109_SRF_0.22-3_G.snv.bam	TARA_112_SRF_0.22-3_G.snv.bam	TARA_123_SRF_0.22-3_G.snv.bam	TARA_124_SRF_0.22-3_G.snv.bam	TARA_137_SRF_0.22-3_G.snv.bam	TARA_138_SRF_0.22-3_G.snv.bam	TARA_141_SRF_0.22-3_G.snv.bam	TARA_142_DCM_0.22-3_G.snv.bam	TARA_142_SRF_0.22-3_G.snv.bam
TARA_031_SRF_0.22-1.6_G.snv.bam	0.0	0.0385504765341	0.0334692001214	0.0428346458487	0.0489745281735	0.0556607426742	0.0467679255163	0.0479727293084	0.0459163713597	0.0478817673901	0.0537166381019	0.0521965483393	0.0506311256551	0.0507343630646	0.0476150307824	0.049908104274	0.0557355619141	0.0510858802125	0.0537761863659	0.0725201331729	0.0686145814483	0.058859190249	0.0686834930354	0.077642874443	0.0804584287727	0.0667828450596	0.0532753638639	0.0475733948566	0.0485969705425	0.0521646116264
TARA_032_DCM_0.22-1.6_G.snv.bam	0.0385504765341	0.0	0.041482768754	0.0520550904744	0.0554209165902	0.0588653285701	0.0536421903953	0.0522417854149	0.0527061372083	0.0531619869725	0.0591724852497	0.0575691038348	0.055494618819	0.0562093923516	0.0569740212798	0.0564704390471	0.0613562052416	0.0565842353249	0.0583340351908	0.0715037482961	0.0718676578577	0.0635320688883	0.071656501458	0.0791100412907	0.0855045399532	0.0695213694379	0.0579534973228	0.0523865232204	0.0527473277397	0.0531216675109
TARA_032_SRF_0.22-1.6_G.snv.bam	0.0334692001214	0.041482768754	0.0	0.0386632554934	0.0431699061279	0.0542974781694	0.0519863056959	0.0507781122444	0.0492539953317	0.0518783184993	0.0570428938964	0.0536610363461	0.0522036085028	0.0542384307464	0.0503151064086	0.0528049311217	0.0585361978697	0.0501341255621	0.055124636008	0.0697063736853	0.0683376412965	0.0597638677938	0.0704106163954	0.0778433972156	0.0844548814719	0.0677464983001	0.0525688111045	0.0496030271772	0.0516391423789	0.0525972914142
TARA_033_SRF_0.22-1.6_G.snv.bam	0.0428346458487	0.0520550904744	0.0386632554934	0.0	0.0347822096617	0.0502801073111	0.0523185913712	0.0537713139509	0.0536512026994	0.0567859060619	0.0605787527949	0.0594217609521	0.0550238362644	0.0535221996747	0.0523720587522	0.0536004200437	0.0637361232977	0.0539682915757	0.061935995837	0.0771143796143	0.0712928189383	0.0657726069672	0.0772485995495	0.081596889905	0.0886150231659	0.0738790760202	0.0596519520635	0.0508987375508	0.0525614324447	0.056562014268
TARA_034_SRF_0.22-1.6_G.snv.bam	0.0489745281735	0.0554209165902	0.0431699061279	0.0347822096617	0.0	0.0522149104642	0.0579427839807	0.0562152424029	0.0576323294502	0.0583938442491	0.0610898251122	0.0610857360775	0.0569798284023	0.0553100883914	0.0548775018179	0.0583622986794	0.0621562262085	0.0557716239666	0.0603436068483	0.0756223573533	0.0729058951357	0.0662284261859	0.07566929749	0.0795356391967	0.0865834454765	0.0732342085478	0.0598284163306	0.0541660692135	0.0565198868939	0.0612746395274
TARA_039_DCM_0.22-1.6_G.snv.bam	0.0556607426742	0.0588653285701	0.0542974781694	0.0502801073111	0.0522149104642	0.0	0.0506404430777	0.0520648411526	0.0539441789699	0.060017249007	0.0620230000349	0.0639733960282	0.0553786173767	0.0519366199025	0.0510213907644	0.0464769297919	0.0617146358601	0.0531013393895	0.0639959731692	0.0769630643875	0.0743958943384	0.066885503052	0.077986163027	0.0811470988463	0.0848261936985	0.073808927079	0.0619205598443	0.0476347316192	0.0518022716028	0.0586598102196
TARA_041_SRF_0.22-1.6_G.snv.bam	0.0467679255163	0.0536421903953	0.0519863056959	0.0523185913712	0.0579427839807	0.0506404430777	0.0	0.0407969447875	0.0362885560192	0.0408084975791	0.0472319066685	0.0444936612558	0.0416558055365	0.0428184048711	0.0413186784864	0.0435499993262	0.0542238338274	0.0490498062978	0.0496453642076	0.0693647384162	0.0683706966172	0.0581890325504	0.0706679361777	0.0790222748415	0.0814298230376	0.0626715748556	0.0487352498727	0.0461023395709	0.0453975606899	0.0497177934918
TARA_042_SRF_0.22-1.6_G.snv.bam	0.0479727293084	0.0522417854149	0.0507781122444	0.0537713139509	0.0562152424029	0.0520648411526	0.0407969447875	0.0	0.0388915940684	0.0415675857194	0.0490600129771	0.0468972455915	0.0439919156953	0.0441747091231	0.0445923559802	0.0474404127371	0.0572373836007	0.0512868279949	0.0496289337608	0.0670051116544	0.0696263906455	0.0593924435846	0.0686028610153	0.0774677850439	0.0805453398981	0.0626339082808	0.0486580043134	0.046589241699	0.04558926237	0.0464162510315
TARA_045_SRF_0.22-1.6_G.snv.bam	0.0459163713597	0.0527061372083	0.0492539953317	0.0536512026994	0.0576323294502	0.0539441789699	0.0362885560192	0.0388915940684	0.0	0.0330050861563	0.0440558178174	0.0361587005081	0.0379472663911	0.0387202020274	0.036212333746	0.0432246575168	0.0504807707289	0.0463753899522	0.0433646513744	0.0651961563371	0.0675977466713	0.0545958993696	0.0667550514913	0.0772931438603	0.0783028533764	0.0593656993436	0.0422859312367	0.0448945344997	0.0435238782846	0.0467641901036
TARA_048_SRF_0.22-1.6_G.snv.bam	0.0478817673901	0.0531619869725	0.0518783184993	0.0567859060619	0.0583938442491	0.060017249007	0.0408084975791	0.0415675857194	0.0330050861563	0.0	0.0380820346707	0.0313072418747	0.03563449971	0.0407737751342	0.0407927306231	0.0477488532805	0.051110608395	0.0500182726989	0.0378709216012	0.0613614414699	0.0658554571061	0.0519735889845	0.0643540619174	0.075349735926	0.0773524504203	0.0541484535327	0.0398158302472	0.0474515984209	0.0444456210879	0.0454410429439
TARA_052_DCM_0.22-1.6_G.snv.bam	0.0537166381019	0.0591724852497	0.0570428938964	0.0605787527949	0.0610898251122	0.0620230000349	0.0472319066685	0.0490600129771	0.0440558178174	0.0380820346707	0.0	0.0380295735386	0.0401412960809	0.0468773245881	0.0449102990297	0.0527236772547	0.0503205331671	0.0522460790903	0.0433754932111	0.0625465662303	0.0652689005675	0.0527162535553	0.0630797001801	0.0765417537649	0.0796725087823	0.0565341300279	0.0423465183196	0.0544077738896	0.0513229127586	0.0525237289969
TARA_052_SRF_0.22-1.6_G.snv.bam	0.0521965483393	0.0575691038348	0.0536610363461	0.0594217609521	0.0610857360775	0.0639733960282	0.0444936612558	0.0468972455915	0.0361587005081	0.0313072418747	0.0380295735386	0.0	0.0372031305606	0.0440358357773	0.0434797504997	0.0528618498653	0.0547328585386	0.0529039248112	0.0357788939822	0.0634781677605	0.0651180884105	0.0498748985433	0.0664679803489	0.0771989611214	0.0779640952033	0.0546900092157	0.0369052662038	0.0525954881943	0.0493105273179	0.0521855412478
TARA_056_SRF_0.22-3_G.snv.bam	0.0506311256551	0.055494618819	0.0522036085028	0.0550238362644	0.0569798284023	0.0553786173767	0.0416558055365	0.0439919156953	0.0379472663911	0.03563449971	0.0401412960809	0.0372031305606	0.0	0.0384855520738	0.0350168243728	0.0424308729597	0.0471084976043	0.0468994454936	0.0422919884765	0.0667462953248	0.0658441450247	0.0523988085019	0.0646132863373	0.0770676583435	0.0792426030378	0.0550685018613	0.041861292286	0.0444228229417	0.0462241278453	0.0502809783217
TARA_057_SRF_0.22-3_G.snv.bam	0.0507343630646	0.0562093923516	0.0542384307464	0.0535221996747	0.0553100883914	0.0519366199025	0.0428184048711	0.0441747091231	0.0387202020274	0.0407737751342	0.0468773245881	0.0440358357773	0.0384855520738	0.0	0.0380554155805	0.0406659719194	0.0496615477463	0.045411572356	0.0494792800452	0.0678154631887	0.06903630906	0.0572941213663	0.0675455184592	0.0785377406377	0.0822372013643	0.0620862189675	0.047919954107	0.0417820027924	0.0421970892978	0.0482606720904
TARA_058_DCM_0.22-3_G.snv.bam	0.0476150307824	0.0569740212798	0.0503151064086	0.0523720587522	0.0548775018179	0.0510213907644	0.0413186784864	0.0445923559802	0.036212333746	0.0407927306231	0.0449102990297	0.0434797504997	0.0350168243728	0.0380554155805	0.0	0.0348228881011	0.0481877492344	0.0454018852787	0.0472018821395	0.0676754682454	0.066958171912	0.0555374806637	0.0669548108415	0.0790181273052	0.0805164658225	0.0623077006956	0.0479891939739	0.0441015479558	0.0461607122779	0.0511198195696
TARA_062_SRF_0.22-3_G.snv.bam	0.049908104274	0.0564704390471	0.0528049311217	0.0536004200437	0.0583622986794	0.0464769297919	0.0435499993262	0.0474404127371	0.0432246575168	0.0477488532805	0.0527236772547	0.0528618498653	0.0424308729597	0.0406659719194	0.0348228881011	0.0	0.0514337772412	0.0466116502095	0.0566699110874	0.0721044507129	0.0713791284928	0.0610740239998	0.0687148382688	0.0808551899804	0.0808613403444	0.0664999055238	0.0546242300276	0.0432271796114	0.048265974503	0.0534153367663
TARA_064_SRF_0.22-3_G.snv.bam	0.0557355619141	0.0613562052416	0.0585361978697	0.0637361232977	0.0621562262085	0.0617146358601	0.0542238338274	0.0572373836007	0.0504807707289	0.051110608395	0.0503205331671	0.0547328585386	0.0471084976043	0.0496615477463	0.0481877492344	0.0514337772412	0.0	0.0521388792325	0.0551494402956	0.0674219672428	0.0685341731415	0.060117902709	0.0689516291535	0.0798066613551	0.0826867499838	0.0660767005815	0.0543897297354	0.0528435864158	0.0529922524578	0.0552428188356
TARA_065_DCM_0.22-3_G.snv.bam	0.0510858802125	0.0565842353249	0.0501341255621	0.0539682915757	0.0557716239666	0.0531013393895	0.0490498062978	0.0512868279949	0.0463753899522	0.0500182726989	0.0522460790903	0.0529039248112	0.0468994454936	0.045411572356	0.0454018852787	0.0466116502095	0.0521388792325	0.0	0.054202907732	0.0676636428648	0.0671519611277	0.0595740723534	0.0685720244092	0.0757725972924	0.0769407324981	0.0671712505793	0.0512006786916	0.0452860980971	0.0453134440584	0.0532951709617
TARA_072_SRF_0.22-3_G.snv.bam	0.0537761863659	0.0583340351908	0.055124636008	0.061935995837	0.0603436068483	0.0639959731692	0.0496453642076	0.0496289337608	0.0433646513744	0.0378709216012	0.0433754932111	0.0357788939822	0.0422919884765	0.0494792800452	0.0472018821395	0.0566699110874	0.0551494402956	0.054202907732	0.0	0.0650461461362	0.0637489220643	0.0506376848767	0.0652051424341	0.0761425730218	0.0777272072457	0.0547544683261	0.0378821156542	0.0549203372605	0.0496645730118	0.0522530688048
TARA_076_SRF_0.22-3_G.snv.bam	0.0725201331729	0.0715037482961	0.0697063736853	0.0771143796143	0.0756223573533	0.0769630643875	0.0693647384162	0.0670051116544	0.0651961563371	0.0613614414699	0.0625465662303	0.0634781677605	0.0667462953248	0.0678154631887	0.0676754682454	0.0721044507129	0.0674219672428	0.0676636428648	0.0650461461362	0.0	0.0751528107275	0.0710452594508	0.0691397717052	0.0797944453845	0.0802799495699	0.073753621445	0.0653629502143	0.0697196330605	0.0678616052459	0.0697223832312
TARA_109_DCM_0.22-3_G.snv.bam	0.0686145814483	0.0718676578577	0.0683376412965	0.0712928189383	0.0729058951357	0.0743958943384	0.0683706966172	0.0696263906455	0.0675977466713	0.0658554571061	0.0652689005675	0.0651180884105	0.0658441450247	0.06903630906	0.066958171912	0.0713791284928	0.0685341731415	0.0671519611277	0.0637489220643	0.0751528107275	0.0	0.0405083032637	0.0730757645507	0.0713521064348	0.076153747988	0.0531722916139	0.0587634574401	0.0704354091651	0.0671834843278	0.0698923425072
TARA_109_SRF_0.22-3_G.snv.bam	0.058859190249	0.0635320688883	0.0597638677938	0.0657726069672	0.0662284261859	0.066885503052	0.0581890325504	0.0593924435846	0.0545958993696	0.0519735889845	0.0527162535553	0.0498748985433	0.0523988085019	0.0572941213663	0.0555374806637	0.0610740239998	0.060117902709	0.0595740723534	0.0506376848767	0.0710452594508	0.0405083032637	0.0	0.0685687522975	0.0736189733561	0.0772766363555	0.041888981307	0.0441458180247	0.0614954207795	0.0591127827718	0.0618029792113
TARA_112_SRF_0.22-3_G.snv.bam	0.0686834930354	0.071656501458	0.0704106163954	0.0772485995495	0.07566929749	0.077986163027	0.0706679361777	0.0686028610153	0.0667550514913	0.0643540619174	0.0630797001801	0.0664679803489	0.0646132863373	0.0675455184592	0.0669548108415	0.0687148382688	0.0689516291535	0.0685720244092	0.0652051424341	0.0691397717052	0.0730757645507	0.0685687522975	0.0	0.0726940951709	0.0744877357565	0.0687332776021	0.066738052234	0.07153831418	0.0709665287807	0.0723471263528
TARA_123_SRF_0.22-3_G.snv.bam	0.077642874443	0.0791100412907	0.0778433972156	0.081596889905	0.0795356391967	0.0811470988463	0.0790222748415	0.0774677850439	0.0772931438603	0.075349735926	0.0765417537649	0.0771989611214	0.0770676583435	0.0785377406377	0.0790181273052	0.0808551899804	0.0798066613551	0.0757725972924	0.0761425730218	0.0797944453845	0.0713521064348	0.0736189733561	0.0726940951709	0.0	0.032583190992	0.0787453849774	0.0699598072813	0.0812015358188	0.0781270038396	0.0774724226193
TARA_124_SRF_0.22-3_G.snv.bam	0.0804584287727	0.0855045399532	0.0844548814719	0.0886150231659	0.0865834454765	0.0848261936985	0.0814298230376	0.0805453398981	0.0783028533764	0.0773524504203	0.0796725087823	0.0779640952033	0.0792426030378	0.0822372013643	0.0805164658225	0.0808613403444	0.0826867499838	0.0769407324981	0.0777272072457	0.0802799495699	0.076153747988	0.0772766363555	0.0744877357565	0.032583190992	0.0	0.0811972945953	0.0717297180207	0.083544421083	0.0813928010757	0.0817058958547
TARA_137_SRF_0.22-3_G.snv.bam	0.0667828450596	0.0695213694379	0.0677464983001	0.0738790760202	0.0732342085478	0.073808927079	0.0626715748556	0.0626339082808	0.0593656993436	0.0541484535327	0.0565341300279	0.0546900092157	0.0550685018613	0.0620862189675	0.0623077006956	0.0664999055238	0.0660767005815	0.0671712505793	0.0547544683261	0.073753621445	0.0531722916139	0.041888981307	0.0687332776021	0.0787453849774	0.0811972945953	0.0	0.0493591420245	0.0685981387607	0.0658054019655	0.0668327328207
TARA_138_SRF_0.22-3_G.snv.bam	0.0532753638639	0.0579534973228	0.0525688111045	0.0596519520635	0.0598284163306	0.0619205598443	0.0487352498727	0.0486580043134	0.0422859312367	0.0398158302472	0.0423465183196	0.0369052662038	0.041861292286	0.047919954107	0.0479891939739	0.0546242300276	0.0543897297354	0.0512006786916	0.0378821156542	0.0653629502143	0.0587634574401	0.0441458180247	0.066738052234	0.0699598072813	0.0717297180207	0.0493591420245	0.0	0.052999214672	0.0500598562039	0.0523347094764
TARA_141_SRF_0.22-3_G.snv.bam	0.0475733948566	0.0523865232204	0.0496030271772	0.0508987375508	0.0541660692135	0.0476347316192	0.0461023395709	0.046589241699	0.0448945344997	0.0474515984209	0.0544077738896	0.0525954881943	0.0444228229417	0.0417820027924	0.0441015479558	0.0432271796114	0.0528435864158	0.0452860980971	0.0549203372605	0.0697196330605	0.0704354091651	0.0614954207795	0.07153831418	0.0812015358188	0.083544421083	0.0685981387607	0.052999214672	0.0	0.0358365948913	0.0395449506197
TARA_142_DCM_0.22-3_G.snv.bam	0.0485969705425	0.0527473277397	0.0516391423789	0.0525614324447	0.0565198868939	0.0518022716028	0.0453975606899	0.04558926237	0.0435238782846	0.0444456210879	0.0513229127586	0.0493105273179	0.0462241278453	0.0421970892978	0.0461607122779	0.048265974503	0.0529922524578	0.0453134440584	0.0496645730118	0.0678616052459	0.0671834843278	0.0591127827718	0.0709665287807	0.0781270038396	0.0813928010757	0.0658054019655	0.0500598562039	0.0358365948913	0.0	0.0394071931324
TARA_142_SRF_0.22-3_G.snv.bam	0.0521646116264	0.0531216675109	0.0525972914142	0.056562014268	0.0612746395274	0.0586598102196	0.0497177934918	0.0464162510315	0.0467641901036	0.0454410429439	0.0525237289969	0.0521855412478	0.0502809783217	0.0482606720904	0.0511198195696	0.0534153367663	0.0552428188356	0.0532951709617	0.0522530688048	0.0697223832312	0.0698923425072	0.0618029792113	0.0723471263528	0.0774724226193	0.0817058958547	0.0668327328207	0.0523347094764	0.0395449506197	0.0394071931324	0.0
