	TARA_032_DCM_0.22-1.6_G.snv.bam	TARA_032_SRF_0.22-1.6_G.snv.bam	TARA_033_SRF_0.22-1.6_G.snv.bam	TARA_034_DCM_0.22-1.6_G.snv.bam	TARA_034_SRF_0.22-1.6_G.snv.bam	TARA_038_DCM_0.22-1.6_G.snv.bam	TARA_039_DCM_0.22-1.6_G.snv.bam	TARA_041_DCM_0.22-1.6_G.snv.bam	TARA_042_DCM_0.22-1.6_G.snv.bam	TARA_057_SRF_0.22-3_G.snv.bam	TARA_064_DCM_0.22-3_G.snv.bam	TARA_064_SRF_0.22-3_G.snv.bam	TARA_065_DCM_0.22-3_G.snv.bam	TARA_065_SRF_0.22-3_G.snv.bam	TARA_122_DCM_0.22-3_G.snv.bam	TARA_124_MIX_0.22-3_G.snv.bam	TARA_124_SRF_0.22-3_G.snv.bam	TARA_125_SRF_0.22-3_G.snv.bam	TARA_141_SRF_0.22-3_G.snv.bam	TARA_142_DCM_0.22-3_G.snv.bam	TARA_142_SRF_0.22-3_G.snv.bam	TARA_145_SRF_0.22-3_G.snv.bam	TARA_146_SRF_0.22-3_G.snv.bam	TARA_148_SRF_0.22-3_G.snv.bam	TARA_149_SRF_0.22-3_G.snv.bam
TARA_032_DCM_0.22-1.6_G.snv.bam	0.0	0.0411081574404	0.0416689937627	0.032210744407	0.045312224067	0.0439710274884	0.0458493555294	0.0423529237974	0.0427280760772	0.0512301037754	0.0533267478502	0.0490603502396	0.0427005131588	0.0440222928216	0.101187992558	0.0775599238703	0.0687541284725	0.0669360943643	0.0546941776322	0.0499095895484	0.0505334627595	0.0529697243688	0.052430949432	0.0533033561017	0.0564787822795
TARA_032_SRF_0.22-1.6_G.snv.bam	0.0411081574404	0.0	0.0437639795384	0.0427182291122	0.0456882393118	0.0513253192003	0.0480031659876	0.0476340773413	0.0486832189035	0.0546793725096	0.0605764848125	0.0589870361555	0.0518038561459	0.0536894241612	0.100187899528	0.0766836167382	0.0692889196897	0.0676363253584	0.0532201801425	0.053638088301	0.0555336716887	0.0587215814683	0.0613097453465	0.0604186735474	0.066179333567
TARA_033_SRF_0.22-1.6_G.snv.bam	0.0416689937627	0.0437639795384	0.0	0.0407475772044	0.0253787162983	0.0417976804099	0.0396363101051	0.0368928382134	0.0359681585376	0.049193544664	0.0591661005228	0.0544308649957	0.0433548441509	0.0462114521058	0.101440571784	0.0780536749139	0.0681498867883	0.0667445209128	0.0433721390826	0.0470280600836	0.0483579883435	0.0533238769372	0.053489702979	0.0546769380737	0.0607218623276
TARA_034_DCM_0.22-1.6_G.snv.bam	0.032210744407	0.0427182291122	0.0407475772044	0.0	0.0410239304844	0.0422486069017	0.0446269730706	0.0408210941822	0.0407075053555	0.0495863078129	0.0521134598273	0.0496553088365	0.0422581019774	0.0451373295128	0.0966744420923	0.0750928987432	0.0678450983786	0.0662422723281	0.0508578841075	0.0492033458439	0.0504623132508	0.050605120946	0.0545700053836	0.0557959314276	0.0562522540388
TARA_034_SRF_0.22-1.6_G.snv.bam	0.045312224067	0.0456882393118	0.0253787162983	0.0410239304844	0.0	0.0415269360891	0.0416170082893	0.037390270625	0.0365048699866	0.0503089801883	0.0592409753676	0.0555688330039	0.0452457982628	0.0482544160088	0.100758219772	0.0780592901995	0.0690175579777	0.0670740174141	0.0448946982004	0.0496395333986	0.0503033879898	0.0534180893308	0.0550763214707	0.0565549332608	0.0609716412621
TARA_038_DCM_0.22-1.6_G.snv.bam	0.0439710274884	0.0513253192003	0.0417976804099	0.0422486069017	0.0415269360891	0.0	0.0339241208331	0.0288634652715	0.0324794216827	0.0502726367154	0.0542244719286	0.0501801497317	0.0415768240236	0.0435572056826	0.10154582303	0.0739671963674	0.0670069464118	0.063840816631	0.0490536492589	0.0480925440182	0.0492414582275	0.0538959392844	0.052412044829	0.0531306782968	0.0575895632156
TARA_039_DCM_0.22-1.6_G.snv.bam	0.0458493555294	0.0480031659876	0.0396363101051	0.0446269730706	0.0416170082893	0.0339241208331	0.0	0.0287711079346	0.0329690610044	0.0499433634541	0.0579594648378	0.0546509184438	0.0442130466166	0.0466042029649	0.10276805341	0.0736173031795	0.0637904939225	0.0616478353011	0.045403212619	0.0468033982709	0.0467192001543	0.0548593851487	0.0541113283843	0.0552419675451	0.0610826487832
TARA_041_DCM_0.22-1.6_G.snv.bam	0.0423529237974	0.0476340773413	0.0368928382134	0.0408210941822	0.037390270625	0.0288634652715	0.0287711079346	0.0	0.027039420012	0.0465699468255	0.0553051780735	0.0501268882979	0.0385565573856	0.0416517978538	0.099771791766	0.0716102566568	0.0638894212616	0.0610887224575	0.0444503763907	0.0441039896339	0.0441164539034	0.051364302742	0.050674524239	0.0522960122589	0.0572476503003
TARA_042_DCM_0.22-1.6_G.snv.bam	0.0427280760772	0.0486832189035	0.0359681585376	0.0407075053555	0.0365048699866	0.0324794216827	0.0329690610044	0.027039420012	0.0	0.0433275858067	0.0524543555868	0.047901939468	0.0342711133338	0.0382075598999	0.103468029962	0.0754255217316	0.0674700781947	0.0647813994242	0.0440623163828	0.0434570956178	0.0440246746316	0.0526008620003	0.0491301004616	0.050933606265	0.0562715363917
TARA_057_SRF_0.22-3_G.snv.bam	0.0512301037754	0.0546793725096	0.049193544664	0.0495863078129	0.0503089801883	0.0502726367154	0.0499433634541	0.0465699468255	0.0433275858067	0.0	0.0548034401724	0.050748782799	0.0401410027392	0.0423491824742	0.111761210245	0.0855967893799	0.0778804683896	0.0757399298821	0.0582028043757	0.055537802673	0.0554464203077	0.0585112175426	0.0578314536292	0.0585369775884	0.0624678601308
TARA_064_DCM_0.22-3_G.snv.bam	0.0533267478502	0.0605764848125	0.0591661005228	0.0521134598273	0.0592409753676	0.0542244719286	0.0579594648378	0.0553051780735	0.0524543555868	0.0548034401724	0.0	0.038704138467	0.0413132103228	0.0419711234716	0.109339606609	0.0875483686748	0.0824478006869	0.0805039989333	0.0659447852465	0.062277025213	0.0639683948999	0.0609375697404	0.060933626915	0.0613432646773	0.0617904640481
TARA_064_SRF_0.22-3_G.snv.bam	0.0490603502396	0.0589870361555	0.0544308649957	0.0496553088365	0.0555688330039	0.0501801497317	0.0546509184438	0.0501268882979	0.047901939468	0.050748782799	0.038704138467	0.0	0.0376181086874	0.0372913892217	0.112713226939	0.086452903764	0.0790354478779	0.0788223311015	0.062782198736	0.0583153773687	0.0597986828041	0.0587715980583	0.05695710577	0.057405632978	0.058857972025
TARA_065_DCM_0.22-3_G.snv.bam	0.0427005131588	0.0518038561459	0.0433548441509	0.0422581019774	0.0452457982628	0.0415768240236	0.0442130466166	0.0385565573856	0.0342711133338	0.0401410027392	0.0413132103228	0.0376181086874	0.0	0.0268244194402	0.106724654016	0.0826748173067	0.0765451446911	0.0748711796113	0.0506696905962	0.0477999142677	0.048757257242	0.0506424266361	0.0472926627987	0.049848573425	0.0530853169936
TARA_065_SRF_0.22-3_G.snv.bam	0.0440222928216	0.0536894241612	0.0462114521058	0.0451373295128	0.0482544160088	0.0435572056826	0.0466042029649	0.0416517978538	0.0382075598999	0.0423491824742	0.0419711234716	0.0372913892217	0.0268244194402	0.0	0.110676350926	0.0842754788348	0.0777364358214	0.0767714415662	0.0546142896816	0.0509564697947	0.0523471843746	0.0536986522818	0.0500785005474	0.049880869245	0.0540435595369
TARA_122_DCM_0.22-3_G.snv.bam	0.101187992558	0.100187899528	0.101440571784	0.0966744420923	0.100758219772	0.10154582303	0.10276805341	0.099771791766	0.103468029962	0.111761210245	0.109339606609	0.112713226939	0.106724654016	0.110676350926	0.0	0.0383517747981	0.0895037740386	0.0972962062664	0.0979836539261	0.108009647331	0.108917805546	0.106846557791	0.111499457443	0.112357198832	0.114077739269
TARA_124_MIX_0.22-3_G.snv.bam	0.0775599238703	0.0766836167382	0.0780536749139	0.0750928987432	0.0780592901995	0.0739671963674	0.0736173031795	0.0716102566568	0.0754255217316	0.0855967893799	0.0875483686748	0.086452903764	0.0826748173067	0.0842754788348	0.0383517747981	0.0	0.0508798247982	0.0524787100658	0.0794544804469	0.0836464586826	0.0846717447363	0.0843616134476	0.0864415116368	0.0877840975441	0.0881580549802
TARA_124_SRF_0.22-3_G.snv.bam	0.0687541284725	0.0692889196897	0.0681498867883	0.0678450983786	0.0690175579777	0.0670069464118	0.0637904939225	0.0638894212616	0.0674700781947	0.0778804683896	0.0824478006869	0.0790354478779	0.0765451446911	0.0777364358214	0.0895037740386	0.0508798247982	0.0	0.0312074148605	0.0722900744977	0.0744511775454	0.0746254022591	0.0792877310338	0.0799036802538	0.0811127263049	0.0852320527143
TARA_125_SRF_0.22-3_G.snv.bam	0.0669360943643	0.0676363253584	0.0667445209128	0.0662422723281	0.0670740174141	0.063840816631	0.0616478353011	0.0610887224575	0.0647813994242	0.0757399298821	0.0805039989333	0.0788223311015	0.0748711796113	0.0767714415662	0.0972962062664	0.0524787100658	0.0312074148605	0.0	0.0720386824867	0.0730006088063	0.0743703127481	0.0802687784779	0.0802504941829	0.0811410753118	0.0859148738473
TARA_141_SRF_0.22-3_G.snv.bam	0.0546941776322	0.0532201801425	0.0433721390826	0.0508578841075	0.0448946982004	0.0490536492589	0.045403212619	0.0444503763907	0.0440623163828	0.0582028043757	0.0659447852465	0.062782198736	0.0506696905962	0.0546142896816	0.0979836539261	0.0794544804469	0.0722900744977	0.0720386824867	0.0	0.0412597836532	0.0418761830344	0.0565757574095	0.0546213558965	0.0571422576115	0.0643504487981
TARA_142_DCM_0.22-3_G.snv.bam	0.0499095895484	0.053638088301	0.0470280600836	0.0492033458439	0.0496395333986	0.0480925440182	0.0468033982709	0.0441039896339	0.0434570956178	0.055537802673	0.062277025213	0.0583153773687	0.0477999142677	0.0509564697947	0.108009647331	0.0836464586826	0.0744511775454	0.0730006088063	0.0412597836532	0.0	0.0191898769746	0.0555517405698	0.0370997520129	0.0379884369071	0.0566859211779
TARA_142_SRF_0.22-3_G.snv.bam	0.0505334627595	0.0555336716887	0.0483579883435	0.0504623132508	0.0503033879898	0.0492414582275	0.0467192001543	0.0441164539034	0.0440246746316	0.0554464203077	0.0639683948999	0.0597986828041	0.048757257242	0.0523471843746	0.108917805546	0.0846717447363	0.0746254022591	0.0743703127481	0.0418761830344	0.0191898769746	0.0	0.0570144367575	0.0386496293281	0.0398891723544	0.0577099734272
TARA_145_SRF_0.22-3_G.snv.bam	0.0529697243688	0.0587215814683	0.0533238769372	0.050605120946	0.0534180893308	0.0538959392844	0.0548593851487	0.051364302742	0.0526008620003	0.0585112175426	0.0609375697404	0.0587715980583	0.0506424266361	0.0536986522818	0.106846557791	0.0843616134476	0.0792877310338	0.0802687784779	0.0565757574095	0.0555517405698	0.0570144367575	0.0	0.0482266667408	0.0489605310643	0.0374819075809
TARA_146_SRF_0.22-3_G.snv.bam	0.052430949432	0.0613097453465	0.053489702979	0.0545700053836	0.0550763214707	0.052412044829	0.0541113283843	0.050674524239	0.0491301004616	0.0578314536292	0.060933626915	0.05695710577	0.0472926627987	0.0500785005474	0.111499457443	0.0864415116368	0.0799036802538	0.0802504941829	0.0546213558965	0.0370997520129	0.0386496293281	0.0482266667408	0.0	0.0290610391119	0.0424644955568
TARA_148_SRF_0.22-3_G.snv.bam	0.0533033561017	0.0604186735474	0.0546769380737	0.0557959314276	0.0565549332608	0.0531306782968	0.0552419675451	0.0522960122589	0.050933606265	0.0585369775884	0.0613432646773	0.057405632978	0.049848573425	0.049880869245	0.112357198832	0.0877840975441	0.0811127263049	0.0811410753118	0.0571422576115	0.0379884369071	0.0398891723544	0.0489605310643	0.0290610391119	0.0	0.0460528436904
TARA_149_SRF_0.22-3_G.snv.bam	0.0564787822795	0.066179333567	0.0607218623276	0.0562522540388	0.0609716412621	0.0575895632156	0.0610826487832	0.0572476503003	0.0562715363917	0.0624678601308	0.0617904640481	0.058857972025	0.0530853169936	0.0540435595369	0.114077739269	0.0881580549802	0.0852320527143	0.0859148738473	0.0643504487981	0.0566859211779	0.0577099734272	0.0374819075809	0.0424644955568	0.0460528436904	0.0
