	TARA_068_MES_0.22-3_G.snv.bam	TARA_076_MES_0.22-3_G.snv.bam	TARA_078_MES_0.22-3_G.snv.bam	TARA_085_MES_0.22-3_G.snv.bam	TARA_102_MES_0.22-3_G.snv.bam	TARA_122_MES_0.22-3_G.snv.bam	TARA_132_MES_0.22-3_G.snv.bam	TARA_133_MES_0.22-3_G.snv.bam	TARA_145_MES_0.22-3_G.snv.bam
TARA_068_MES_0.22-3_G.snv.bam	0.0	0.0966531417958	0.0735965479813	0.260320656362	0.0604393356457	0.102567491112	0.0490961214527	0.0734829774518	0.125451649657
TARA_076_MES_0.22-3_G.snv.bam	0.0966531417958	0.0	0.0829985695435	0.199151461534	0.113166758352	0.112795035596	0.100053094914	0.0910531265042	0.100192868701
TARA_078_MES_0.22-3_G.snv.bam	0.0735965479813	0.0829985695435	0.0	0.228692826978	0.0889308466388	0.109021136528	0.0753389440749	0.0808627063457	0.101354705811
TARA_085_MES_0.22-3_G.snv.bam	0.260320656362	0.199151461534	0.228692826978	0.0	0.267996768814	0.245331777804	0.269854795607	0.23541732224	0.202051249958
TARA_102_MES_0.22-3_G.snv.bam	0.0604393356457	0.113166758352	0.0889308466388	0.267996768814	0.0	0.0892560041605	0.059504074501	0.0741357305285	0.141846183898
TARA_122_MES_0.22-3_G.snv.bam	0.102567491112	0.112795035596	0.109021136528	0.245331777804	0.0892560041605	0.0	0.106987979095	0.0879114917241	0.135474842175
TARA_132_MES_0.22-3_G.snv.bam	0.0490961214527	0.100053094914	0.0753389440749	0.269854795607	0.059504074501	0.106987979095	0.0	0.0759217169512	0.134014048743
TARA_133_MES_0.22-3_G.snv.bam	0.0734829774518	0.0910531265042	0.0808627063457	0.23541732224	0.0741357305285	0.0879114917241	0.0759217169512	0.0	0.12148449975
TARA_145_MES_0.22-3_G.snv.bam	0.125451649657	0.100192868701	0.101354705811	0.202051249958	0.141846183898	0.135474842175	0.134014048743	0.12148449975	0.0
