	TARA_009_DCM_0.22-1.6_G.snv.bam	TARA_018_DCM_0.22-1.6_G.snv.bam	TARA_018_SRF_0.22-1.6_G.snv.bam	TARA_023_DCM_0.22-1.6_G.snv.bam	TARA_025_DCM_0.22-1.6_G.snv.bam	TARA_133_SRF_0.22-3_G.snv.bam	TARA_152_MIX_0.22-3_G.snv.bam	TARA_152_SRF_0.22-3_G.snv.bam
TARA_009_DCM_0.22-1.6_G.snv.bam	0.0	0.0	0.0	0.0979498861048	0.0797266514806	0.0546697038724	0.0205011389522	0.0227790432802
TARA_018_DCM_0.22-1.6_G.snv.bam	0.0	0.0	0.00227790432802	0.109339407745	0.107061503417	0.0706150341686	0.0296127562642	0.0318906605923
TARA_018_SRF_0.22-1.6_G.snv.bam	0.0	0.00227790432802	0.0	0.107061503417	0.0979498861048	0.0637813211845	0.0341685649203	0.0318906605923
TARA_023_DCM_0.22-1.6_G.snv.bam	0.0979498861048	0.109339407745	0.107061503417	0.0	0.0	0.113895216401	0.0820045558087	0.0797266514806
TARA_025_DCM_0.22-1.6_G.snv.bam	0.0797266514806	0.107061503417	0.0979498861048	0.0	0.0	0.109339407745	0.0683371298405	0.0774487471526
TARA_133_SRF_0.22-3_G.snv.bam	0.0546697038724	0.0706150341686	0.0637813211845	0.113895216401	0.109339407745	0.0	0.0592255125285	0.0637813211845
TARA_152_MIX_0.22-3_G.snv.bam	0.0205011389522	0.0296127562642	0.0341685649203	0.0820045558087	0.0683371298405	0.0592255125285	0.0	0.0
TARA_152_SRF_0.22-3_G.snv.bam	0.0227790432802	0.0318906605923	0.0318906605923	0.0797266514806	0.0774487471526	0.0637813211845	0.0	0.0
