	TARA_041_SRF_0.22-1.6_G.snv.bam	TARA_042_SRF_0.22-1.6_G.snv.bam	TARA_045_SRF_0.22-1.6_G.snv.bam	TARA_048_SRF_0.22-1.6_G.snv.bam	TARA_098_SRF_0.22-3_G.snv.bam	TARA_100_SRF_0.22-3_G.snv.bam	TARA_132_SRF_0.22-3_G.snv.bam	TARA_138_SRF_0.22-3_G.snv.bam
TARA_041_SRF_0.22-1.6_G.snv.bam	0.0	0.0483314116016	0.0510016671671	0.054428339879	0.121044133527	0.183870484455	0.0576956769861	0.056246516102
TARA_042_SRF_0.22-1.6_G.snv.bam	0.0483314116016	0.0	0.0456499482292	0.0419538151025	0.120379841644	0.183252425121	0.0571874739607	0.0459008041688
TARA_045_SRF_0.22-1.6_G.snv.bam	0.0510016671671	0.0456499482292	0.0	0.0422160273669	0.122074075884	0.188136225016	0.0586875814329	0.0546688143529
TARA_048_SRF_0.22-1.6_G.snv.bam	0.054428339879	0.0419538151025	0.0422160273669	0.0	0.121532385508	0.186837522845	0.0653882779385	0.0523987515658
TARA_098_SRF_0.22-3_G.snv.bam	0.121044133527	0.120379841644	0.122074075884	0.121532385508	0.0	0.186542849466	0.109446556404	0.117537077886
TARA_100_SRF_0.22-3_G.snv.bam	0.183870484455	0.183252425121	0.188136225016	0.186837522845	0.186542849466	0.0	0.187921824479	0.174950311811
TARA_132_SRF_0.22-3_G.snv.bam	0.0576956769861	0.0571874739607	0.0586875814329	0.0653882779385	0.109446556404	0.187921824479	0.0	0.0611637731779
TARA_138_SRF_0.22-3_G.snv.bam	0.056246516102	0.0459008041688	0.0546688143529	0.0523987515658	0.117537077886	0.174950311811	0.0611637731779	0.0
