	TARA_038_DCM_0.22-1.6_G.snv.bam	TARA_041_DCM_0.22-1.6_G.snv.bam	TARA_058_DCM_0.22-3_G.snv.bam	TARA_062_SRF_0.22-3_G.snv.bam	TARA_064_SRF_0.22-3_G.snv.bam	TARA_065_DCM_0.22-3_G.snv.bam	TARA_065_SRF_0.22-3_G.snv.bam	TARA_124_MIX_0.22-3_G.snv.bam	TARA_124_SRF_0.22-3_G.snv.bam	TARA_142_DCM_0.22-3_G.snv.bam	TARA_142_SRF_0.22-3_G.snv.bam
TARA_038_DCM_0.22-1.6_G.snv.bam	0.0	0.00126903553299	0.0	0.00380710659898	0.0	0.00253807106599	0.00253807106599	0.0152284263959	0.0279187817259	0.010152284264	0.0266497461929
TARA_041_DCM_0.22-1.6_G.snv.bam	0.00126903553299	0.0	0.00888324873096	0.0126903553299	0.00253807106599	0.00507614213198	0.00888324873096	0.0164974619289	0.0241116751269	0.0164974619289	0.0317258883249
TARA_058_DCM_0.22-3_G.snv.bam	0.0	0.00888324873096	0.0	0.00253807106599	0.00253807106599	0.00380710659898	0.00253807106599	0.0266497461929	0.0406091370558	0.0241116751269	0.0355329949239
TARA_062_SRF_0.22-3_G.snv.bam	0.00380710659898	0.0126903553299	0.00253807106599	0.0	0.00126903553299	0.00126903553299	0.0	0.0304568527919	0.0406091370558	0.0317258883249	0.0456852791878
TARA_064_SRF_0.22-3_G.snv.bam	0.0	0.00253807106599	0.00253807106599	0.00126903553299	0.0	0.00126903553299	0.00126903553299	0.0164974619289	0.0215736040609	0.00634517766497	0.0253807106599
TARA_065_DCM_0.22-3_G.snv.bam	0.00253807106599	0.00507614213198	0.00380710659898	0.00126903553299	0.00126903553299	0.0	0.00253807106599	0.0253807106599	0.0279187817259	0.0126903553299	0.0342639593909
TARA_065_SRF_0.22-3_G.snv.bam	0.00253807106599	0.00888324873096	0.00253807106599	0.0	0.00126903553299	0.00253807106599	0.0	0.0253807106599	0.0368020304569	0.0203045685279	0.0368020304569
TARA_124_MIX_0.22-3_G.snv.bam	0.0152284263959	0.0164974619289	0.0266497461929	0.0304568527919	0.0164974619289	0.0253807106599	0.0253807106599	0.0	0.00253807106599	0.0241116751269	0.0317258883249
TARA_124_SRF_0.22-3_G.snv.bam	0.0279187817259	0.0241116751269	0.0406091370558	0.0406091370558	0.0215736040609	0.0279187817259	0.0368020304569	0.00253807106599	0.0	0.0355329949239	0.0444162436548
TARA_142_DCM_0.22-3_G.snv.bam	0.010152284264	0.0164974619289	0.0241116751269	0.0317258883249	0.00634517766497	0.0126903553299	0.0203045685279	0.0241116751269	0.0355329949239	0.0	0.0
TARA_142_SRF_0.22-3_G.snv.bam	0.0266497461929	0.0317258883249	0.0355329949239	0.0456852791878	0.0253807106599	0.0342639593909	0.0368020304569	0.0317258883249	0.0444162436548	0.0	0.0
