	TARA_066_SRF_0.22-3_G.snv.bam	TARA_093_DCM_0.22-3_G.snv.bam	TARA_093_SRF_0.22-3_G.snv.bam	TARA_094_SRF_0.22-3_G.snv.bam	TARA_100_DCM_0.22-3_G.snv.bam	TARA_102_DCM_0.22-3_G.snv.bam	TARA_102_SRF_0.22-3_G.snv.bam	TARA_110_DCM_0.22-3_G.snv.bam	TARA_110_SRF_0.22-3_G.snv.bam	TARA_111_DCM_0.22-3_G.snv.bam	TARA_133_DCM_0.22-3_G.snv.bam	TARA_133_SRF_0.22-3_G.snv.bam	TARA_152_MIX_0.22-3_G.snv.bam	TARA_152_SRF_0.22-3_G.snv.bam
TARA_066_SRF_0.22-3_G.snv.bam	0.0	0.0997216372812	0.0885113726699	0.0852958869489	0.0917505117913	0.0827353837938	0.0851228126066	0.0943635789629	0.0923192021593	0.0921460236089	0.105865712304	0.112542328286	0.0905598211765	0.090142756716
TARA_093_DCM_0.22-3_G.snv.bam	0.0997216372812	0.0	0.0338666811949	0.0996275590348	0.0989644749929	0.0803885705299	0.0898634111602	0.10269527711	0.10071571452	0.102865800839	0.0933594945034	0.0937165009988	0.129486482493	0.130997557756
TARA_093_SRF_0.22-3_G.snv.bam	0.0885113726699	0.0338666811949	0.0	0.0866108155237	0.0865665714433	0.067159117218	0.0751272959138	0.0907999968152	0.0878209250499	0.0908396611238	0.0895121414901	0.0901262297493	0.12295853438	0.125239068311
TARA_094_SRF_0.22-3_G.snv.bam	0.0852958869489	0.0996275590348	0.0866108155237	0.0	0.0719469075856	0.0768050577384	0.0678028897375	0.0759675344822	0.0719652301086	0.0728296760686	0.120152502808	0.121779099473	0.120412761726	0.121001192225
TARA_100_DCM_0.22-3_G.snv.bam	0.0917505117913	0.0989644749929	0.0865665714433	0.0719469075856	0.0	0.0611704791815	0.0408019270494	0.0369186769954	0.0388519180062	0.0329884560559	0.123753422863	0.123523498586	0.118051275848	0.119340974044
TARA_102_DCM_0.22-3_G.snv.bam	0.0827353837938	0.0803885705299	0.067159117218	0.0768050577384	0.0611704791815	0.0	0.040570243568	0.0675276053501	0.0621458390904	0.0628798125949	0.1008498037	0.100845227527	0.1242434371	0.123452014074
TARA_102_SRF_0.22-3_G.snv.bam	0.0851228126066	0.0898634111602	0.0751272959138	0.0678028897375	0.0408019270494	0.040570243568	0.0	0.0463829702075	0.0408417445781	0.0445422509774	0.114598391377	0.114088149678	0.119674527687	0.119997295337
TARA_110_DCM_0.22-3_G.snv.bam	0.0943635789629	0.10269527711	0.0907999968152	0.0759675344822	0.0369186769954	0.0675276053501	0.0463829702075	0.0	0.0324053659251	0.038538466641	0.12802277608	0.128316022918	0.122839876808	0.12345869285
TARA_110_SRF_0.22-3_G.snv.bam	0.0923192021593	0.10071571452	0.0878209250499	0.0719652301086	0.0388519180062	0.0621458390904	0.0408417445781	0.0324053659251	0.0	0.0396194592187	0.126084466794	0.126096627642	0.122392610731	0.122823748436
TARA_111_DCM_0.22-3_G.snv.bam	0.0921460236089	0.102865800839	0.0908396611238	0.0728296760686	0.0329884560559	0.0628798125949	0.0445422509774	0.038538466641	0.0396194592187	0.0	0.125788149686	0.124836747359	0.119218669191	0.119089029437
TARA_133_DCM_0.22-3_G.snv.bam	0.105865712304	0.0933594945034	0.0895121414901	0.120152502808	0.123753422863	0.1008498037	0.114598391377	0.12802277608	0.126084466794	0.125788149686	0.0	0.0384952930011	0.130717265542	0.12969948751
TARA_133_SRF_0.22-3_G.snv.bam	0.112542328286	0.0937165009988	0.0901262297493	0.121779099473	0.123523498586	0.100845227527	0.114088149678	0.128316022918	0.126096627642	0.124836747359	0.0384952930011	0.0	0.140351388448	0.138258982967
TARA_152_MIX_0.22-3_G.snv.bam	0.0905598211765	0.129486482493	0.12295853438	0.120412761726	0.118051275848	0.1242434371	0.119674527687	0.122839876808	0.122392610731	0.119218669191	0.130717265542	0.140351388448	0.0	0.029182757174
TARA_152_SRF_0.22-3_G.snv.bam	0.090142756716	0.130997557756	0.125239068311	0.121001192225	0.119340974044	0.123452014074	0.119997295337	0.12345869285	0.122823748436	0.119089029437	0.12969948751	0.138258982967	0.029182757174	0.0
