	TARA_004_DCM_0.22-1.6_G.snv.bam	TARA_068_DCM_0.22-3_G.snv.bam	TARA_068_SRF_0.22-3_G.snv.bam	TARA_132_DCM_0.22-3_G.snv.bam	TARA_151_DCM_0.22-3_G.snv.bam	TARA_152_MIX_0.22-3_G.snv.bam	TARA_152_SRF_0.22-3_G.snv.bam
TARA_004_DCM_0.22-1.6_G.snv.bam	0.0	0.0811465877558	0.0844678151911	0.311311056121	0.0420332610918	0.0397740717012	0.041297461971
TARA_068_DCM_0.22-3_G.snv.bam	0.0811465877558	0.0	0.0363879419544	0.32768874503	0.0877842633006	0.0959461522176	0.0967678946095
TARA_068_SRF_0.22-3_G.snv.bam	0.0844678151911	0.0363879419544	0.0	0.335590365079	0.0900550921285	0.102135943229	0.100184738249
TARA_132_DCM_0.22-3_G.snv.bam	0.311311056121	0.32768874503	0.335590365079	0.0	0.315743418503	0.31141476627	0.307803695922
TARA_151_DCM_0.22-3_G.snv.bam	0.0420332610918	0.0877842633006	0.0900550921285	0.315743418503	0.0	0.0389675304745	0.0444112660748
TARA_152_MIX_0.22-3_G.snv.bam	0.0397740717012	0.0959461522176	0.102135943229	0.31141476627	0.0389675304745	0.0	0.0314963669642
TARA_152_SRF_0.22-3_G.snv.bam	0.041297461971	0.0967678946095	0.100184738249	0.307803695922	0.0444112660748	0.0314963669642	0.0
