	TARA_032_DCM_0.22-1.6_G.snv.bam	TARA_041_DCM_0.22-1.6_G.snv.bam	TARA_052_DCM_0.22-1.6_G.snv.bam	TARA_052_SRF_0.22-1.6_G.snv.bam	TARA_062_SRF_0.22-3_G.snv.bam	TARA_064_DCM_0.22-3_G.snv.bam	TARA_064_SRF_0.22-3_G.snv.bam	TARA_065_DCM_0.22-3_G.snv.bam	TARA_065_SRF_0.22-3_G.snv.bam	TARA_076_DCM_0.22-3_G.snv.bam	TARA_078_DCM_0.22-3_G.snv.bam	TARA_098_DCM_0.22-3_G.snv.bam	TARA_110_DCM_0.22-3_G.snv.bam	TARA_111_DCM_0.22-3_G.snv.bam	TARA_112_DCM_0.22-3_G.snv.bam	TARA_142_DCM_0.22-3_G.snv.bam	TARA_142_SRF_0.22-3_G.snv.bam	TARA_146_SRF_0.22-3_G.snv.bam	TARA_148_SRF_0.22-3_G.snv.bam	TARA_149_SRF_0.22-3_G.snv.bam
TARA_032_DCM_0.22-1.6_G.snv.bam	0.0	0.0893891268103	0.0698989262044	0.133341694496	0.102849606328	0.0744099549642	0.0739738093567	0.0705598759236	0.0720537665615	0.0758281182787	0.0782877215881	0.107584861256	0.138795839974	0.115102301104	0.0816867847914	0.0667429593221	0.0678316841144	0.0753500994765	0.0735361733058	0.075386593913
TARA_041_DCM_0.22-1.6_G.snv.bam	0.0893891268103	0.0	0.0895037419924	0.105034716028	0.0832780883766	0.0990422691049	0.0982056914958	0.0916377203563	0.0900097068498	0.100658258122	0.102440278589	0.126600387838	0.126763863719	0.13649450751	0.0968353168585	0.0993036494289	0.101569333501	0.0971543972908	0.0933430977628	0.0971753908223
TARA_052_DCM_0.22-1.6_G.snv.bam	0.0698989262044	0.0895037419924	0.0	0.107396561276	0.0922427994456	0.0626662748518	0.0614139792587	0.0589037283046	0.0601149222037	0.0639415719517	0.0723787037479	0.103327866074	0.125861148581	0.105568538701	0.0684280914582	0.0637232297524	0.0650127290536	0.0663591838982	0.0678497845557	0.0708399778994
TARA_052_SRF_0.22-1.6_G.snv.bam	0.133341694496	0.105034716028	0.107396561276	0.0	0.110455507387	0.135224559816	0.133692713117	0.128438092355	0.128447437682	0.137140927063	0.132156840933	0.143315340284	0.109391761984	0.152921329014	0.132113593384	0.133958179801	0.138466434561	0.135244339363	0.133231052221	0.135345078857
TARA_062_SRF_0.22-3_G.snv.bam	0.102849606328	0.0832780883766	0.0922427994456	0.110455507387	0.0	0.100535308055	0.0992114049353	0.0926572497337	0.0881579416486	0.107117001215	0.10835924126	0.138524936979	0.142126511168	0.14334239125	0.105531788748	0.101151391738	0.104638582942	0.106033155957	0.103623778774	0.110055570469
TARA_064_DCM_0.22-3_G.snv.bam	0.0744099549642	0.0990422691049	0.0626662748518	0.135224559816	0.100535308055	0.0	0.0139801455092	0.0248875421053	0.0280393468321	0.0405326817804	0.0471333064025	0.10936676263	0.145571210934	0.111941915172	0.0657301814125	0.0629242273195	0.065529336897	0.0462456406587	0.0442766685123	0.0537197443391
TARA_064_SRF_0.22-3_G.snv.bam	0.0739738093567	0.0982056914958	0.0614139792587	0.133692713117	0.0992114049353	0.0139801455092	0.0	0.022949151087	0.0278979704123	0.0405865926012	0.0459261448171	0.108413057406	0.145398086377	0.110716703312	0.0654637634035	0.062747304551	0.0648130905163	0.0463068301841	0.0440903600152	0.0533055125727
TARA_065_DCM_0.22-3_G.snv.bam	0.0705598759236	0.0916377203563	0.0589037283046	0.128438092355	0.0926572497337	0.0248875421053	0.022949151087	0.0	0.0270730753356	0.0450405217365	0.0515952761781	0.108874218968	0.139494500207	0.110137794836	0.0666007124328	0.0630365608497	0.0656828649121	0.0486614522888	0.0467662744616	0.05413805742
TARA_065_SRF_0.22-3_G.snv.bam	0.0720537665615	0.0900097068498	0.0601149222037	0.128447437682	0.0881579416486	0.0280393468321	0.0278979704123	0.0270730753356	0.0	0.0479887302461	0.0542235358678	0.111641714274	0.140807144683	0.113414647616	0.0670753509583	0.061862252548	0.0656818498949	0.0518574099926	0.0502846828772	0.0579100742436
TARA_076_DCM_0.22-3_G.snv.bam	0.0758281182787	0.100658258122	0.0639415719517	0.137140927063	0.107117001215	0.0405326817804	0.0405865926012	0.0450405217365	0.0479887302461	0.0	0.0344471188599	0.0963408189536	0.14238544414	0.0988810614932	0.0559588161405	0.0615178210056	0.062847992152	0.0380213993167	0.0345590462767	0.0452261666615
TARA_078_DCM_0.22-3_G.snv.bam	0.0782877215881	0.102440278589	0.0723787037479	0.132156840933	0.10835924126	0.0471333064025	0.0459261448171	0.0515952761781	0.0542235358678	0.0344471188599	0.0	0.0962396249061	0.144751129343	0.0956100011727	0.0620717915443	0.0662203595269	0.0672308059279	0.0418564960473	0.0366347650208	0.0430964905756
TARA_098_DCM_0.22-3_G.snv.bam	0.107584861256	0.126600387838	0.103327866074	0.143315340284	0.138524936979	0.10936676263	0.108413057406	0.108874218968	0.111641714274	0.0963408189536	0.0962396249061	0.0	0.146415324149	0.0579573589089	0.0815346697184	0.110533191907	0.11145763374	0.100024360696	0.0979453701405	0.10062284076
TARA_110_DCM_0.22-3_G.snv.bam	0.138795839974	0.126763863719	0.125861148581	0.109391761984	0.142126511168	0.145571210934	0.145398086377	0.139494500207	0.140807144683	0.14238544414	0.144751129343	0.146415324149	0.0	0.12417183967	0.138407563455	0.147784346976	0.15046578255	0.141771346442	0.141529783345	0.142232769724
TARA_111_DCM_0.22-3_G.snv.bam	0.115102301104	0.13649450751	0.105568538701	0.152921329014	0.14334239125	0.111941915172	0.110716703312	0.110137794836	0.113414647616	0.0988810614932	0.0956100011727	0.0579573589089	0.12417183967	0.0	0.0937707997992	0.114137535973	0.115862507525	0.10444903326	0.103811087666	0.103800085643
TARA_112_DCM_0.22-3_G.snv.bam	0.0816867847914	0.0968353168585	0.0684280914582	0.132113593384	0.105531788748	0.0657301814125	0.0654637634035	0.0666007124328	0.0670753509583	0.0559588161405	0.0620717915443	0.0815346697184	0.138407563455	0.0937707997992	0.0	0.0771123588823	0.079901838171	0.0617788573629	0.0582007495129	0.063165737647
TARA_142_DCM_0.22-3_G.snv.bam	0.0667429593221	0.0993036494289	0.0637232297524	0.133958179801	0.101151391738	0.0629242273195	0.062747304551	0.0630365608497	0.061862252548	0.0615178210056	0.0662203595269	0.110533191907	0.147784346976	0.114137535973	0.0771123588823	0.0	0.0128425476876	0.0550531177845	0.0574994545055	0.0661620190793
TARA_142_SRF_0.22-3_G.snv.bam	0.0678316841144	0.101569333501	0.0650127290536	0.138466434561	0.104638582942	0.065529336897	0.0648130905163	0.0656828649121	0.0656818498949	0.062847992152	0.0672308059279	0.11145763374	0.15046578255	0.115862507525	0.079901838171	0.0128425476876	0.0	0.0569071416483	0.0600282075814	0.0676271205046
TARA_146_SRF_0.22-3_G.snv.bam	0.0753500994765	0.0971543972908	0.0663591838982	0.135244339363	0.106033155957	0.0462456406587	0.0463068301841	0.0486614522888	0.0518574099926	0.0380213993167	0.0418564960473	0.100024360696	0.141771346442	0.10444903326	0.0617788573629	0.0550531177845	0.0569071416483	0.0	0.0229940249715	0.0344679497269
TARA_148_SRF_0.22-3_G.snv.bam	0.0735361733058	0.0933430977628	0.0678497845557	0.133231052221	0.103623778774	0.0442766685123	0.0440903600152	0.0467662744616	0.0502846828772	0.0345590462767	0.0366347650208	0.0979453701405	0.141529783345	0.103811087666	0.0582007495129	0.0574994545055	0.0600282075814	0.0229940249715	0.0	0.032545119861
TARA_149_SRF_0.22-3_G.snv.bam	0.075386593913	0.0971753908223	0.0708399778994	0.135345078857	0.110055570469	0.0537197443391	0.0533055125727	0.05413805742	0.0579100742436	0.0452261666615	0.0430964905756	0.10062284076	0.142232769724	0.103800085643	0.063165737647	0.0661620190793	0.0676271205046	0.0344679497269	0.032545119861	0.0
