	TARA_004_DCM_0.22-1.6_G.snv.bam	TARA_009_DCM_0.22-1.6_G.snv.bam	TARA_067_SRF_0.22-3_G.snv.bam	TARA_093_DCM_0.22-3_G.snv.bam	TARA_093_SRF_0.22-3_G.snv.bam	TARA_133_DCM_0.22-3_G.snv.bam	TARA_133_SRF_0.22-3_G.snv.bam	TARA_152_MIX_0.22-3_G.snv.bam	TARA_152_SRF_0.22-3_G.snv.bam
TARA_004_DCM_0.22-1.6_G.snv.bam	0.0	0.0547658683095	0.0999248237242	0.0937799369171	0.0975502475362	0.105236474662	0.106794620593	0.0615725853314	0.0618650453921
TARA_009_DCM_0.22-1.6_G.snv.bam	0.0547658683095	0.0	0.109519969247	0.100638097865	0.103629410505	0.104570474956	0.105218175984	0.0692368961043	0.0686849569865
TARA_067_SRF_0.22-3_G.snv.bam	0.0999248237242	0.109519969247	0.0	0.065897629862	0.065682968438	0.0807648489661	0.0845848188748	0.0996596571112	0.0996133645322
TARA_093_DCM_0.22-3_G.snv.bam	0.0937799369171	0.100638097865	0.065897629862	0.0	0.0367838054041	0.0814548275772	0.0837536328893	0.0903254508281	0.08888304158
TARA_093_SRF_0.22-3_G.snv.bam	0.0975502475362	0.103629410505	0.065682968438	0.0367838054041	0.0	0.0781499846469	0.0815853269035	0.0943261566661	0.0941558463673
TARA_133_DCM_0.22-3_G.snv.bam	0.105236474662	0.104570474956	0.0807648489661	0.0814548275772	0.0781499846469	0.0	0.0353714758118	0.103120499894	0.104009795889
TARA_133_SRF_0.22-3_G.snv.bam	0.106794620593	0.105218175984	0.0845848188748	0.0837536328893	0.0815853269035	0.0353714758118	0.0	0.103953341691	0.104932843949
TARA_152_MIX_0.22-3_G.snv.bam	0.0615725853314	0.0692368961043	0.0996596571112	0.0903254508281	0.0943261566661	0.103120499894	0.103953341691	0.0	0.0449301494614
TARA_152_SRF_0.22-3_G.snv.bam	0.0618650453921	0.0686849569865	0.0996133645322	0.08888304158	0.0941558463673	0.104009795889	0.104932843949	0.0449301494614	0.0
