	TARA_004_DCM_0.22-1.6_G.snv.bam	TARA_004_SRF_0.22-1.6_G.snv.bam	TARA_009_DCM_0.22-1.6_G.snv.bam	TARA_009_SRF_0.22-1.6_G.snv.bam	TARA_018_DCM_0.22-1.6_G.snv.bam	TARA_018_SRF_0.22-1.6_G.snv.bam
TARA_004_DCM_0.22-1.6_G.snv.bam	0.0	0.0194642384239	0.00954803845875	0.0193405027328	0.0133111554871	0.00730350092242
TARA_004_SRF_0.22-1.6_G.snv.bam	0.0194642384239	0.0	0.022062766616	0.0294630100302	0.0235176275431	0.0192954288665
TARA_009_DCM_0.22-1.6_G.snv.bam	0.00954803845875	0.022062766616	0.0	0.01912156148	0.0146487327279	0.00850060394278
TARA_009_SRF_0.22-1.6_G.snv.bam	0.0193405027328	0.0294630100302	0.01912156148	0.0	0.0223513904009	0.0181021146424
TARA_018_DCM_0.22-1.6_G.snv.bam	0.0133111554871	0.0235176275431	0.0146487327279	0.0223513904009	0.0	0.0102008862679
TARA_018_SRF_0.22-1.6_G.snv.bam	0.00730350092242	0.0192954288665	0.00850060394278	0.0181021146424	0.0102008862679	0.0
