	TARA_100_DCM_0.22-3_G.snv.bam	TARA_110_DCM_0.22-3_G.snv.bam	TARA_110_SRF_0.22-3_G.snv.bam	TARA_111_DCM_0.22-3_G.snv.bam	TARA_111_SRF_0.22-3_G.snv.bam	TARA_122_DCM_0.22-3_G.snv.bam	TARA_122_SRF_0.22-3_G.snv.bam	TARA_123_SRF_0.22-3_G.snv.bam	TARA_124_MIX_0.22-3_G.snv.bam	TARA_124_SRF_0.22-3_G.snv.bam	TARA_125_SRF_0.22-3_G.snv.bam	TARA_128_DCM_0.22-3_G.snv.bam	TARA_128_SRF_0.22-3_G.snv.bam
TARA_100_DCM_0.22-3_G.snv.bam	0.0	0.115729454574	0.114443938203	0.0624047288527	0.0738885726131	0.109758347401	0.116202942627	0.118010732722	0.11723458319	0.114071857883	0.117098309162	0.11748335418	0.122095703457
TARA_110_DCM_0.22-3_G.snv.bam	0.115729454574	0.0	0.0468853180027	0.146081465245	0.155931004078	0.121380937524	0.063131944857	0.0587737461709	0.0621201557398	0.0509035133577	0.0441568560189	0.0439824137919	0.0438223720197
TARA_110_SRF_0.22-3_G.snv.bam	0.114443938203	0.0468853180027	0.0	0.142358665894	0.151770082311	0.118739819482	0.066348258148	0.0607700204314	0.0623143723976	0.0563128319971	0.0501185342693	0.0491329123347	0.0509484213962
TARA_111_DCM_0.22-3_G.snv.bam	0.0624047288527	0.146081465245	0.142358665894	0.0	0.0445385599596	0.123111045998	0.137081459284	0.145432683831	0.141722161655	0.14188291175	0.145572176188	0.152544516567	0.154262305433
TARA_111_SRF_0.22-3_G.snv.bam	0.0738885726131	0.155931004078	0.151770082311	0.0445385599596	0.0	0.123003029835	0.145356106763	0.153084420325	0.148658857738	0.149741957228	0.152721417302	0.161674533705	0.164364818034
TARA_122_DCM_0.22-3_G.snv.bam	0.109758347401	0.121380937524	0.118739819482	0.123111045998	0.123003029835	0.0	0.0913665884587	0.0983782638921	0.0895620046349	0.0927936848486	0.10060830127	0.119427542035	0.12008917839
TARA_122_SRF_0.22-3_G.snv.bam	0.116202942627	0.063131944857	0.066348258148	0.137081459284	0.145356106763	0.0913665884587	0.0	0.0544133076878	0.04726966236	0.041222992056	0.044354302849	0.067412349017	0.0678333411166
TARA_123_SRF_0.22-3_G.snv.bam	0.118010732722	0.0587737461709	0.0607700204314	0.145432683831	0.153084420325	0.0983782638921	0.0544133076878	0.0	0.0515231387417	0.0430606112512	0.0422917270114	0.0597115431529	0.0614140283815
TARA_124_MIX_0.22-3_G.snv.bam	0.11723458319	0.0621201557398	0.0623143723976	0.141722161655	0.148658857738	0.0895620046349	0.04726966236	0.0515231387417	0.0	0.0382514340324	0.04067139827	0.0650709103854	0.0645731647906
TARA_124_SRF_0.22-3_G.snv.bam	0.114071857883	0.0509035133577	0.0563128319971	0.14188291175	0.149741957228	0.0927936848486	0.041222992056	0.0430606112512	0.0382514340324	0.0	0.0301906691199	0.0539963628707	0.056122448852
TARA_125_SRF_0.22-3_G.snv.bam	0.117098309162	0.0441568560189	0.0501185342693	0.145572176188	0.152721417302	0.10060830127	0.044354302849	0.0422917270114	0.04067139827	0.0301906691199	0.0	0.0490563724351	0.0499971880827
TARA_128_DCM_0.22-3_G.snv.bam	0.11748335418	0.0439824137919	0.0491329123347	0.152544516567	0.161674533705	0.119427542035	0.067412349017	0.0597115431529	0.0650709103854	0.0539963628707	0.0490563724351	0.0	0.044217989802
TARA_128_SRF_0.22-3_G.snv.bam	0.122095703457	0.0438223720197	0.0509484213962	0.154262305433	0.164364818034	0.12008917839	0.0678333411166	0.0614140283815	0.0645731647906	0.056122448852	0.0499971880827	0.044217989802	0.0
