	TARA_052_SRF_0.22-1.6_G.snv.bam	TARA_056_SRF_0.22-3_G.snv.bam	TARA_109_DCM_0.22-3_G.snv.bam	TARA_109_SRF_0.22-3_G.snv.bam	TARA_111_SRF_0.22-3_G.snv.bam	TARA_124_MIX_0.22-3_G.snv.bam	TARA_124_SRF_0.22-3_G.snv.bam	TARA_125_SRF_0.22-3_G.snv.bam	TARA_137_SRF_0.22-3_G.snv.bam	TARA_138_SRF_0.22-3_G.snv.bam
TARA_052_SRF_0.22-1.6_G.snv.bam	0.0	0.0	0.0359447004608	0.0377880184332	0.03133640553	0.0221198156682	0.0248847926267	0.0285714285714	0.03133640553	0.0276497695853
TARA_056_SRF_0.22-3_G.snv.bam	0.0	0.0	0.0387096774194	0.0414746543779	0.0359447004608	0.0248847926267	0.0258064516129	0.0294930875576	0.0350230414747	0.03133640553
TARA_109_DCM_0.22-3_G.snv.bam	0.0359447004608	0.0387096774194	0.0	0.00460829493088	0.0036866359447	0.00552995391705	0.00460829493088	0.00829493087558	0.000921658986175	0.00276497695853
TARA_109_SRF_0.22-3_G.snv.bam	0.0377880184332	0.0414746543779	0.00460829493088	0.0	0.00921658986175	0.0073732718894	0.00829493087558	0.0138248847926	0.0	0.00460829493088
TARA_111_SRF_0.22-3_G.snv.bam	0.03133640553	0.0359447004608	0.0036866359447	0.00921658986175	0.0	0.0	0.00184331797235	0.000921658986175	0.00829493087558	0.0
TARA_124_MIX_0.22-3_G.snv.bam	0.0221198156682	0.0248847926267	0.00552995391705	0.0073732718894	0.0	0.0	0.0	0.0	0.0110599078341	0.0
TARA_124_SRF_0.22-3_G.snv.bam	0.0248847926267	0.0258064516129	0.00460829493088	0.00829493087558	0.00184331797235	0.0	0.0	0.0	0.0101382488479	0.000921658986175
TARA_125_SRF_0.22-3_G.snv.bam	0.0285714285714	0.0294930875576	0.00829493087558	0.0138248847926	0.000921658986175	0.0	0.0	0.0	0.0129032258065	0.00184331797235
TARA_137_SRF_0.22-3_G.snv.bam	0.03133640553	0.0350230414747	0.000921658986175	0.0	0.00829493087558	0.0110599078341	0.0101382488479	0.0129032258065	0.0	0.00460829493088
TARA_138_SRF_0.22-3_G.snv.bam	0.0276497695853	0.03133640553	0.00276497695853	0.00460829493088	0.0	0.0	0.000921658986175	0.00184331797235	0.00460829493088	0.0
