	TARA_070_MES_0.22-3_G.snv.bam	TARA_076_DCM_0.22-3_G.snv.bam	TARA_093_SRF_0.22-3_G.snv.bam	TARA_094_SRF_0.22-3_G.snv.bam	TARA_100_DCM_0.22-3_G.snv.bam	TARA_100_MES_0.22-3_G.snv.bam	TARA_100_SRF_0.22-3_G.snv.bam	TARA_102_MES_0.22-3_G.snv.bam	TARA_109_MES_0.22-3_G.snv.bam	TARA_110_SRF_0.22-3_G.snv.bam	TARA_122_DCM_0.22-3_G.snv.bam	TARA_125_MIX_0.22-3_G.snv.bam	TARA_137_MES_0.22-3_G.snv.bam	TARA_138_MES_0.22-3_G.snv.bam
TARA_070_MES_0.22-3_G.snv.bam	0.0	0.147321428571	0.00892857142857	0.0133928571429	0.0223214285714	0.09375	0.1875	0.0223214285714	0.03125	0.120535714286	0.151785714286	0.160714285714	0.0	0.0357142857143
TARA_076_DCM_0.22-3_G.snv.bam	0.147321428571	0.0	0.174107142857	0.125	0.138392857143	0.151785714286	0.200892857143	0.196428571429	0.116071428571	0.133928571429	0.183035714286	0.169642857143	0.147321428571	0.107142857143
TARA_093_SRF_0.22-3_G.snv.bam	0.00892857142857	0.174107142857	0.0	0.0	0.0223214285714	0.0714285714286	0.147321428571	0.0133928571429	0.0178571428571	0.111607142857	0.102678571429	0.120535714286	0.0	0.03125
TARA_094_SRF_0.22-3_G.snv.bam	0.0133928571429	0.125	0.0	0.0	0.0	0.0267857142857	0.102678571429	0.0223214285714	0.00892857142857	0.0401785714286	0.0401785714286	0.0580357142857	0.0	0.0178571428571
TARA_100_DCM_0.22-3_G.snv.bam	0.0223214285714	0.138392857143	0.0223214285714	0.0	0.0	0.0133928571429	0.0758928571429	0.0133928571429	0.0	0.00446428571429	0.0357142857143	0.0401785714286	0.0	0.00446428571429
TARA_100_MES_0.22-3_G.snv.bam	0.09375	0.151785714286	0.0714285714286	0.0267857142857	0.0133928571429	0.0	0.0	0.142857142857	0.0223214285714	0.0133928571429	0.00446428571429	0.0	0.0580357142857	0.0267857142857
TARA_100_SRF_0.22-3_G.snv.bam	0.1875	0.200892857143	0.147321428571	0.102678571429	0.0758928571429	0.0	0.0	0.241071428571	0.0892857142857	0.0535714285714	0.0	0.0	0.183035714286	0.0669642857143
TARA_102_MES_0.22-3_G.snv.bam	0.0223214285714	0.196428571429	0.0133928571429	0.0223214285714	0.0133928571429	0.142857142857	0.241071428571	0.0	0.0803571428571	0.178571428571	0.214285714286	0.214285714286	0.00446428571429	0.0803571428571
TARA_109_MES_0.22-3_G.snv.bam	0.03125	0.116071428571	0.0178571428571	0.00892857142857	0.0	0.0223214285714	0.0892857142857	0.0803571428571	0.0	0.0133928571429	0.0535714285714	0.0491071428571	0.03125	0.0
TARA_110_SRF_0.22-3_G.snv.bam	0.120535714286	0.133928571429	0.111607142857	0.0401785714286	0.00446428571429	0.0133928571429	0.0535714285714	0.178571428571	0.0133928571429	0.0	0.00892857142857	0.0	0.116071428571	0.0133928571429
TARA_122_DCM_0.22-3_G.snv.bam	0.151785714286	0.183035714286	0.102678571429	0.0401785714286	0.0357142857143	0.00446428571429	0.0	0.214285714286	0.0535714285714	0.00892857142857	0.0	0.0	0.125	0.0223214285714
TARA_125_MIX_0.22-3_G.snv.bam	0.160714285714	0.169642857143	0.120535714286	0.0580357142857	0.0401785714286	0.0	0.0	0.214285714286	0.0491071428571	0.0	0.0	0.0	0.142857142857	0.03125
TARA_137_MES_0.22-3_G.snv.bam	0.0	0.147321428571	0.0	0.0	0.0	0.0580357142857	0.183035714286	0.00446428571429	0.03125	0.116071428571	0.125	0.142857142857	0.0	0.0401785714286
TARA_138_MES_0.22-3_G.snv.bam	0.0357142857143	0.107142857143	0.03125	0.0178571428571	0.00446428571429	0.0267857142857	0.0669642857143	0.0803571428571	0.0	0.0133928571429	0.0223214285714	0.03125	0.0401785714286	0.0
