	TARA_004_SRF_0.22-1.6_G.snv.bam	TARA_007_DCM_0.22-1.6_G.snv.bam	TARA_009_SRF_0.22-1.6_G.snv.bam	TARA_025_SRF_0.22-1.6_G.snv.bam	TARA_067_SRF_0.22-3_G.snv.bam	TARA_133_SRF_0.22-3_G.snv.bam
TARA_004_SRF_0.22-1.6_G.snv.bam	0.0	0.0190995907231	0.0682128240109	0.0381991814461	0.0327421555252	0.012278308322
TARA_007_DCM_0.22-1.6_G.snv.bam	0.0190995907231	0.0	0.106412005457	0.0763983628922	0.00136425648022	0.0109140518417
TARA_009_SRF_0.22-1.6_G.snv.bam	0.0682128240109	0.106412005457	0.0	0.00818553888131	0.12278308322	0.109140518417
TARA_025_SRF_0.22-1.6_G.snv.bam	0.0381991814461	0.0763983628922	0.00818553888131	0.0	0.0995907230559	0.0859481582538
TARA_067_SRF_0.22-3_G.snv.bam	0.0327421555252	0.00136425648022	0.12278308322	0.0995907230559	0.0	0.0231923601637
TARA_133_SRF_0.22-3_G.snv.bam	0.012278308322	0.0109140518417	0.109140518417	0.0859481582538	0.0231923601637	0.0
