	TARA_007_DCM_0.22-1.6_G.snv.bam	TARA_009_DCM_0.22-1.6_G.snv.bam	TARA_023_DCM_0.22-1.6_G.snv.bam	TARA_025_DCM_0.22-1.6_G.snv.bam	TARA_066_SRF_0.22-3_G.snv.bam	TARA_067_SRF_0.22-3_G.snv.bam	TARA_093_DCM_0.22-3_G.snv.bam	TARA_093_SRF_0.22-3_G.snv.bam	TARA_133_DCM_0.22-3_G.snv.bam	TARA_133_SRF_0.22-3_G.snv.bam	TARA_145_SRF_0.22-3_G.snv.bam	TARA_152_MIX_0.22-3_G.snv.bam	TARA_152_SRF_0.22-3_G.snv.bam
TARA_007_DCM_0.22-1.6_G.snv.bam	0.0	0.0	0.0	0.0	0.0179372197309	0.00149476831091	0.0	0.0	0.0	0.0	0.0	0.0	0.0
TARA_009_DCM_0.22-1.6_G.snv.bam	0.0	0.0	0.0	0.00298953662182	0.0134529147982	0.00149476831091	0.0	0.0	0.0	0.0	0.0	0.00149476831091	0.00149476831091
TARA_023_DCM_0.22-1.6_G.snv.bam	0.0	0.0	0.0	0.0	0.0194319880419	0.0	0.00149476831091	0.0	0.0	0.0	0.0	0.00149476831091	0.00149476831091
TARA_025_DCM_0.22-1.6_G.snv.bam	0.0	0.00298953662182	0.0	0.0	0.0194319880419	0.0	0.00597907324365	0.00298953662182	0.00448430493274	0.00149476831091	0.00298953662182	0.00747384155456	0.0
TARA_066_SRF_0.22-3_G.snv.bam	0.0179372197309	0.0134529147982	0.0194319880419	0.0194319880419	0.0	0.0179372197309	0.0179372197309	0.0179372197309	0.01644245142	0.0119581464873	0.0209267563528	0.0134529147982	0.01644245142
TARA_067_SRF_0.22-3_G.snv.bam	0.00149476831091	0.00149476831091	0.0	0.0	0.0179372197309	0.0	0.00149476831091	0.00149476831091	0.00149476831091	0.00149476831091	0.0	0.00896860986547	0.00298953662182
TARA_093_DCM_0.22-3_G.snv.bam	0.0	0.0	0.00149476831091	0.00597907324365	0.0179372197309	0.00149476831091	0.0	0.0	0.0	0.0	0.0	0.00149476831091	0.00448430493274
TARA_093_SRF_0.22-3_G.snv.bam	0.0	0.0	0.0	0.00298953662182	0.0179372197309	0.00149476831091	0.0	0.0	0.0	0.0	0.0	0.00149476831091	0.00448430493274
TARA_133_DCM_0.22-3_G.snv.bam	0.0	0.0	0.0	0.00448430493274	0.01644245142	0.00149476831091	0.0	0.0	0.0	0.0	0.00149476831091	0.00298953662182	0.00448430493274
TARA_133_SRF_0.22-3_G.snv.bam	0.0	0.0	0.0	0.00149476831091	0.0119581464873	0.00149476831091	0.0	0.0	0.0	0.0	0.0	0.0	0.00149476831091
TARA_145_SRF_0.22-3_G.snv.bam	0.0	0.0	0.0	0.00298953662182	0.0209267563528	0.0	0.0	0.0	0.00149476831091	0.0	0.0	0.0	0.00298953662182
TARA_152_MIX_0.22-3_G.snv.bam	0.0	0.00149476831091	0.00149476831091	0.00747384155456	0.0134529147982	0.00896860986547	0.00149476831091	0.00149476831091	0.00298953662182	0.0	0.0	0.0	0.0
TARA_152_SRF_0.22-3_G.snv.bam	0.0	0.00149476831091	0.00149476831091	0.0	0.01644245142	0.00298953662182	0.00448430493274	0.00448430493274	0.00448430493274	0.00149476831091	0.00298953662182	0.0	0.0
