	TARA_100_SRF_0.22-3_G.snv.bam	TARA_109_DCM_0.22-3_G.snv.bam	TARA_110_DCM_0.22-3_G.snv.bam	TARA_110_SRF_0.22-3_G.snv.bam	TARA_111_DCM_0.22-3_G.snv.bam	TARA_111_SRF_0.22-3_G.snv.bam	TARA_122_SRF_0.22-3_G.snv.bam	TARA_124_MIX_0.22-3_G.snv.bam	TARA_124_SRF_0.22-3_G.snv.bam	TARA_125_SRF_0.22-3_G.snv.bam	TARA_128_DCM_0.22-3_G.snv.bam	TARA_128_SRF_0.22-3_G.snv.bam
TARA_100_SRF_0.22-3_G.snv.bam	0.0	0.121950263899	0.126983449817	0.123323031641	0.0864930160556	0.0989057833186	0.135166693538	0.129791346149	0.122577809369	0.132878475581	0.119078571586	0.136676091378
TARA_109_DCM_0.22-3_G.snv.bam	0.121950263899	0.0	0.0869828271009	0.0779008179758	0.105849272836	0.161031581667	0.0910718617203	0.0935057136524	0.0821966927892	0.0892310152669	0.0723449091974	0.0866313117465
TARA_110_DCM_0.22-3_G.snv.bam	0.126983449817	0.0869828271009	0.0	0.083893063408	0.120766689343	0.169795841577	0.079167353594	0.0959056272923	0.0729909974334	0.0875053919794	0.0858262372059	0.0854827650313
TARA_110_SRF_0.22-3_G.snv.bam	0.123323031641	0.0779008179758	0.083893063408	0.0	0.106614908591	0.161057844603	0.0771645105481	0.0835828119518	0.0703083548277	0.0749797615737	0.081017073955	0.0723408785006
TARA_111_DCM_0.22-3_G.snv.bam	0.0864930160556	0.105849272836	0.120766689343	0.106614908591	0.0	0.101675153821	0.128677025462	0.128267161252	0.119217359654	0.129612564012	0.112530552173	0.12772977754
TARA_111_SRF_0.22-3_G.snv.bam	0.0989057833186	0.161031581667	0.169795841577	0.161057844603	0.101675153821	0.0	0.169000755361	0.161085416888	0.16343788158	0.168927440213	0.163199228137	0.178320164943
TARA_122_SRF_0.22-3_G.snv.bam	0.135166693538	0.0910718617203	0.079167353594	0.0771645105481	0.128677025462	0.169000755361	0.0	0.0805324411358	0.0638102001825	0.0682492502227	0.0898393903977	0.0887494750269
TARA_124_MIX_0.22-3_G.snv.bam	0.129791346149	0.0935057136524	0.0959056272923	0.0835828119518	0.128267161252	0.161085416888	0.0805324411358	0.0	0.0694496539334	0.0756337520946	0.0943866387687	0.0960560328446
TARA_124_SRF_0.22-3_G.snv.bam	0.122577809369	0.0821966927892	0.0729909974334	0.0703083548277	0.119217359654	0.16343788158	0.0638102001825	0.0694496539334	0.0	0.0569877685823	0.0731518688263	0.0758210193469
TARA_125_SRF_0.22-3_G.snv.bam	0.132878475581	0.0892310152669	0.0875053919794	0.0749797615737	0.129612564012	0.168927440213	0.0682492502227	0.0756337520946	0.0569877685823	0.0	0.0853648512489	0.0855753180495
TARA_128_DCM_0.22-3_G.snv.bam	0.119078571586	0.0723449091974	0.0858262372059	0.081017073955	0.112530552173	0.163199228137	0.0898393903977	0.0943866387687	0.0731518688263	0.0853648512489	0.0	0.0796502659171
TARA_128_SRF_0.22-3_G.snv.bam	0.136676091378	0.0866313117465	0.0854827650313	0.0723408785006	0.12772977754	0.178320164943	0.0887494750269	0.0960560328446	0.0758210193469	0.0855753180495	0.0796502659171	0.0
