	TARA_064_MES_0.22-3_G.snv.bam	TARA_065_MES_0.22-3_G.snv.bam	TARA_068_MES_0.22-3_G.snv.bam	TARA_076_MES_0.22-3_G.snv.bam	TARA_078_MES_0.22-3_G.snv.bam	TARA_098_MES_0.22-3_G.snv.bam	TARA_112_MES_0.22-3_G.snv.bam	TARA_132_MES_0.22-3_G.snv.bam	TARA_145_MES_0.22-3_G.snv.bam	TARA_146_MES_0.22-3_G.snv.bam	TARA_149_MES_0.22-3_G.snv.bam	TARA_152_MES_0.22-3_G.snv.bam
TARA_064_MES_0.22-3_G.snv.bam	0.0	0.0495934580159	0.0524496957586	0.050071761323	0.0514769088141	0.0499297385432	0.0436236700795	0.061013313073	0.0515327903658	0.0586122305386	0.0525693637477	0.0511351508762
TARA_065_MES_0.22-3_G.snv.bam	0.0495934580159	0.0	0.0489534451572	0.0536513231199	0.0526006654104	0.0463776254844	0.0487538625884	0.0572236280959	0.0546126070462	0.0552019194911	0.0494796868726	0.0487697363491
TARA_068_MES_0.22-3_G.snv.bam	0.0524496957586	0.0489534451572	0.0	0.0497997575939	0.0484651432561	0.0491140434481	0.0494973366532	0.0541669732153	0.0494043874316	0.0576509427909	0.0541249427771	0.0525459477402
TARA_076_MES_0.22-3_G.snv.bam	0.050071761323	0.0536513231199	0.0497997575939	0.0	0.037753897125	0.0535551460369	0.0379766650388	0.0558853661447	0.03368717016	0.0626916616262	0.0587308034679	0.0567493696363
TARA_078_MES_0.22-3_G.snv.bam	0.0514769088141	0.0526006654104	0.0484651432561	0.037753897125	0.0	0.0520629208682	0.0442685045831	0.0553810369865	0.0411933717735	0.0602987169124	0.0588962773332	0.0564380958916
TARA_098_MES_0.22-3_G.snv.bam	0.0499297385432	0.0463776254844	0.0491140434481	0.0535551460369	0.0520629208682	0.0	0.0476710825469	0.0535757829049	0.054242526403	0.0540349742965	0.0528331597893	0.0493849863534
TARA_112_MES_0.22-3_G.snv.bam	0.0436236700795	0.0487538625884	0.0494973366532	0.0379766650388	0.0442685045831	0.0476710825469	0.0	0.0604675972414	0.0433991724975	0.0586240474418	0.0532135809069	0.0500291081109
TARA_132_MES_0.22-3_G.snv.bam	0.061013313073	0.0572236280959	0.0541669732153	0.0558853661447	0.0553810369865	0.0535757829049	0.0604675972414	0.0	0.0549851562557	0.0623516136129	0.0598843432936	0.0604852895658
TARA_145_MES_0.22-3_G.snv.bam	0.0515327903658	0.0546126070462	0.0494043874316	0.03368717016	0.0411933717735	0.054242526403	0.0433991724975	0.0549851562557	0.0	0.0610039782451	0.0568974798639	0.0545481661253
TARA_146_MES_0.22-3_G.snv.bam	0.0586122305386	0.0552019194911	0.0576509427909	0.0626916616262	0.0602987169124	0.0540349742965	0.0586240474418	0.0623516136129	0.0610039782451	0.0	0.0475533433461	0.0488757443137
TARA_149_MES_0.22-3_G.snv.bam	0.0525693637477	0.0494796868726	0.0541249427771	0.0587308034679	0.0588962773332	0.0528331597893	0.0532135809069	0.0598843432936	0.0568974798639	0.0475533433461	0.0	0.0460480920215
TARA_152_MES_0.22-3_G.snv.bam	0.0511351508762	0.0487697363491	0.0525459477402	0.0567493696363	0.0564380958916	0.0493849863534	0.0500291081109	0.0604852895658	0.0545481661253	0.0488757443137	0.0460480920215	0.0
