	TARA_082_DCM_0.22-3_G.snv.bam	TARA_082_SRF_0.22-3_G.snv.bam	TARA_084_SRF_0.22-3_G.snv.bam	TARA_085_DCM_0.22-3_G.snv.bam	TARA_085_SRF_0.22-3_G.snv.bam	TARA_133_DCM_0.22-3_G.snv.bam
TARA_082_DCM_0.22-3_G.snv.bam	0.0	0.0	0.00608272506083	0.00851581508516	0.0109489051095	0.00729927007299
TARA_082_SRF_0.22-3_G.snv.bam	0.0	0.0	0.00608272506083	0.0109489051095	0.0109489051095	0.00973236009732
TARA_084_SRF_0.22-3_G.snv.bam	0.00608272506083	0.00608272506083	0.0	0.00121654501217	0.00243309002433	0.0255474452555
TARA_085_DCM_0.22-3_G.snv.bam	0.00851581508516	0.0109489051095	0.00121654501217	0.0	0.00121654501217	0.0279805352798
TARA_085_SRF_0.22-3_G.snv.bam	0.0109489051095	0.0109489051095	0.00243309002433	0.00121654501217	0.0	0.0328467153285
TARA_133_DCM_0.22-3_G.snv.bam	0.00729927007299	0.00973236009732	0.0255474452555	0.0279805352798	0.0328467153285	0.0
