	TARA_109_DCM_0.22-3_G.snv.bam	TARA_110_DCM_0.22-3_G.snv.bam	TARA_110_SRF_0.22-3_G.snv.bam	TARA_111_DCM_0.22-3_G.snv.bam	TARA_111_SRF_0.22-3_G.snv.bam	TARA_122_SRF_0.22-3_G.snv.bam	TARA_124_MIX_0.22-3_G.snv.bam	TARA_124_SRF_0.22-3_G.snv.bam	TARA_125_SRF_0.22-3_G.snv.bam	TARA_128_DCM_0.22-3_G.snv.bam	TARA_128_SRF_0.22-3_G.snv.bam
TARA_109_DCM_0.22-3_G.snv.bam	0.0	0.000917431192661	0.0	0.0229357798165	0.0256880733945	0.0	0.000917431192661	0.0	0.0	0.0	0.0
TARA_110_DCM_0.22-3_G.snv.bam	0.000917431192661	0.0	0.0	0.0220183486239	0.0192660550459	0.00183486238532	0.0	0.0	0.0	0.0	0.0
TARA_110_SRF_0.22-3_G.snv.bam	0.0	0.0	0.0	0.0174311926606	0.0174311926606	0.0	0.0	0.0	0.0	0.0	0.0
TARA_111_DCM_0.22-3_G.snv.bam	0.0229357798165	0.0220183486239	0.0174311926606	0.0	0.000917431192661	0.0220183486239	0.0192660550459	0.0192660550459	0.0201834862385	0.0238532110092	0.0266055045872
TARA_111_SRF_0.22-3_G.snv.bam	0.0256880733945	0.0192660550459	0.0174311926606	0.000917431192661	0.0	0.0220183486239	0.0174311926606	0.0165137614679	0.0174311926606	0.0211009174312	0.0201834862385
TARA_122_SRF_0.22-3_G.snv.bam	0.0	0.00183486238532	0.0	0.0220183486239	0.0220183486239	0.0	0.0	0.0	0.0	0.0	0.0
TARA_124_MIX_0.22-3_G.snv.bam	0.000917431192661	0.0	0.0	0.0192660550459	0.0174311926606	0.0	0.0	0.0	0.0	0.0	0.0
TARA_124_SRF_0.22-3_G.snv.bam	0.0	0.0	0.0	0.0192660550459	0.0165137614679	0.0	0.0	0.0	0.0	0.0	0.0
TARA_125_SRF_0.22-3_G.snv.bam	0.0	0.0	0.0	0.0201834862385	0.0174311926606	0.0	0.0	0.0	0.0	0.0	0.0
TARA_128_DCM_0.22-3_G.snv.bam	0.0	0.0	0.0	0.0238532110092	0.0211009174312	0.0	0.0	0.0	0.0	0.0	0.0
TARA_128_SRF_0.22-3_G.snv.bam	0.0	0.0	0.0	0.0266055045872	0.0201834862385	0.0	0.0	0.0	0.0	0.0	0.0
