	TARA_033_SRF_0.22-1.6_G.snv.bam	TARA_034_SRF_0.22-1.6_G.snv.bam	TARA_036_DCM_0.22-1.6_G.snv.bam	TARA_036_SRF_0.22-1.6_G.snv.bam	TARA_038_DCM_0.22-1.6_G.snv.bam	TARA_038_SRF_0.22-1.6_G.snv.bam	TARA_039_DCM_0.22-1.6_G.snv.bam	TARA_041_DCM_0.22-1.6_G.snv.bam	TARA_052_DCM_0.22-1.6_G.snv.bam	TARA_058_DCM_0.22-3_G.snv.bam	TARA_064_DCM_0.22-3_G.snv.bam	TARA_064_SRF_0.22-3_G.snv.bam	TARA_065_DCM_0.22-3_G.snv.bam	TARA_065_SRF_0.22-3_G.snv.bam	TARA_066_DCM_0.22-3_G.snv.bam	TARA_066_SRF_0.22-3_G.snv.bam	TARA_078_DCM_0.22-3_G.snv.bam	TARA_140_SRF_0.22-3_G.snv.bam	TARA_141_SRF_0.22-3_G.snv.bam	TARA_142_DCM_0.22-3_G.snv.bam	TARA_145_SRF_0.22-3_G.snv.bam	TARA_146_SRF_0.22-3_G.snv.bam	TARA_148_SRF_0.22-3_G.snv.bam	TARA_149_SRF_0.22-3_G.snv.bam	TARA_150_DCM_0.22-3_G.snv.bam	TARA_150_SRF_0.22-3_G.snv.bam
TARA_033_SRF_0.22-1.6_G.snv.bam	0.0	0.0286311978408	0.0463201489923	0.045480282232	0.0477853507551	0.0519677867618	0.0406387870939	0.0414084007542	0.0710672129703	0.057577831642	0.0739608123277	0.0602355112259	0.0486532242945	0.0524690697304	0.0611722389003	0.0605363916821	0.0740308689533	0.0455589667336	0.0477280692874	0.0536042681159	0.062312200533	0.06125509725	0.0615907564009	0.0620006820767	0.0677887068993	0.0682862294552
TARA_034_SRF_0.22-1.6_G.snv.bam	0.0286311978408	0.0	0.0452339338604	0.0438769150405	0.045182835311	0.0515278458361	0.0391011148639	0.0407214043185	0.0727041410072	0.0581157591583	0.0756851733808	0.0619166744053	0.0503800297358	0.0533012092513	0.0617256366009	0.0607176636077	0.075564374882	0.0466651703042	0.0492209960266	0.0549567530212	0.0642211729845	0.0595309436429	0.0607102287215	0.0619748126229	0.068505276356	0.0707736305238
TARA_036_DCM_0.22-1.6_G.snv.bam	0.0463201489923	0.0452339338604	0.0	0.0291704884207	0.0292235752135	0.0338450845171	0.0441730803587	0.0442686434589	0.0722234108773	0.0639960048162	0.0757336426707	0.0625913544514	0.0486162089324	0.0519361840081	0.0579499118576	0.0559219503635	0.0768126179973	0.049808582186	0.0518013237142	0.0611573387833	0.062986034586	0.0592949265078	0.0593538869627	0.0620057694565	0.0700004465372	0.0697758956853
TARA_036_SRF_0.22-1.6_G.snv.bam	0.045480282232	0.0438769150405	0.0291704884207	0.0	0.0342939125521	0.0381406504706	0.0432483987855	0.0447114900718	0.0707353421452	0.0632929115302	0.0740658903602	0.0618250405072	0.0483920875496	0.0529990845353	0.0585560712952	0.0571728578809	0.075532711146	0.0507712424765	0.0516128030154	0.0604732935112	0.0621359158825	0.0615174618091	0.0618688656748	0.0623041244387	0.0665873240196	0.0676593958742
TARA_038_DCM_0.22-1.6_G.snv.bam	0.0477853507551	0.045182835311	0.0292235752135	0.0342939125521	0.0	0.0348694065066	0.0413509213523	0.0434675536192	0.0722544074288	0.0609309432323	0.0743427544141	0.0600341573132	0.0445794699184	0.0477594727254	0.0563075958646	0.0537686757494	0.0762918843124	0.0472986329482	0.0477653845749	0.0596456178354	0.0614638272391	0.0579840641636	0.057734188051	0.0591080350579	0.0675682487892	0.0680833531784
TARA_038_SRF_0.22-1.6_G.snv.bam	0.0519677867618	0.0515278458361	0.0338450845171	0.0381406504706	0.0348694065066	0.0	0.0500778949874	0.0492661227379	0.0738436740162	0.0683115672951	0.0771157966508	0.0656304787952	0.0545736158288	0.05634837306	0.0610427291861	0.0598858585013	0.0801421082221	0.0558487479854	0.0547373015118	0.0650036588766	0.0681161635581	0.0645933520033	0.0631212470333	0.0667188513608	0.0734739560505	0.0722387584018
TARA_039_DCM_0.22-1.6_G.snv.bam	0.0406387870939	0.0391011148639	0.0441730803587	0.0432483987855	0.0413509213523	0.0500778949874	0.0	0.0356722753363	0.0724495029101	0.0582405766918	0.0729950654927	0.0618006912769	0.0488685273229	0.0512825291425	0.0617228833556	0.0607675497661	0.075611935401	0.0476931128293	0.0462792813207	0.0554587949402	0.0646348922606	0.0617677556584	0.0611285427583	0.0644014809181	0.0675324908875	0.069500700161
TARA_041_DCM_0.22-1.6_G.snv.bam	0.0414084007542	0.0407214043185	0.0442686434589	0.0447114900718	0.0434675536192	0.0492661227379	0.0356722753363	0.0	0.0746925953575	0.0585487945204	0.075501267463	0.0650805628866	0.050271593309	0.0548608095803	0.0646727137863	0.0635627757953	0.0787115775013	0.0516061157056	0.0477855315913	0.0561463228341	0.069252700904	0.0642606804362	0.0639597589928	0.0676181614153	0.071233213726	0.0732842846609
TARA_052_DCM_0.22-1.6_G.snv.bam	0.0710672129703	0.0727041410072	0.0722234108773	0.0707353421452	0.0722544074288	0.0738436740162	0.0724495029101	0.0746925953575	0.0	0.0682111732369	0.0628301618813	0.0559300173096	0.0685946546667	0.0736559482314	0.0764848482426	0.0749904979515	0.0758041427283	0.0791939357356	0.0731855128372	0.0744152497359	0.0761087897762	0.0789966939626	0.0777165458563	0.0765614549625	0.0744357051677	0.0765078516262
TARA_058_DCM_0.22-3_G.snv.bam	0.057577831642	0.0581157591583	0.0639960048162	0.0632929115302	0.0609309432323	0.0683115672951	0.0582405766918	0.0585487945204	0.0682111732369	0.0	0.0615777440918	0.0554898276043	0.0529638042094	0.0532626536554	0.0688214324849	0.0674487425413	0.083114479228	0.0619020098129	0.066244978478	0.0687994377707	0.0744950250019	0.0705973775507	0.0717086686379	0.0745418250538	0.0804333148797	0.0795749869935
TARA_064_DCM_0.22-3_G.snv.bam	0.0739608123277	0.0756851733808	0.0757336426707	0.0740658903602	0.0743427544141	0.0771157966508	0.0729950654927	0.075501267463	0.0628301618813	0.0615777440918	0.0	0.0493877853668	0.0584576694938	0.0634472436204	0.0709472107208	0.0689221917938	0.0845507197382	0.0752900708131	0.0769099839407	0.07899044787	0.0798513166353	0.0754564914536	0.0761973444589	0.0795037833635	0.0815459620379	0.0827004213275
TARA_064_SRF_0.22-3_G.snv.bam	0.0602355112259	0.0619166744053	0.0625913544514	0.0618250405072	0.0600341573132	0.0656304787952	0.0618006912769	0.0650805628866	0.0559300173096	0.0554898276043	0.0493877853668	0.0	0.0431475840938	0.0473161159598	0.0584137181945	0.0552570818522	0.0781896143738	0.0617921657307	0.0648151807469	0.0657025944726	0.0686058321951	0.0642235580118	0.0644960206058	0.0674783881543	0.0724043111809	0.0725771888984
TARA_065_DCM_0.22-3_G.snv.bam	0.0486532242945	0.0503800297358	0.0486162089324	0.0483920875496	0.0445794699184	0.0545736158288	0.0488685273229	0.050271593309	0.0685946546667	0.0529638042094	0.0584576694938	0.0431475840938	0.0	0.0299300087261	0.0478748203559	0.0449430646195	0.0754748635212	0.0486015578692	0.049473307072	0.0602694698642	0.0609160056805	0.0560806581235	0.0580177612345	0.0595666522323	0.0671012538397	0.0675706975619
TARA_065_SRF_0.22-3_G.snv.bam	0.0524690697304	0.0533012092513	0.0519361840081	0.0529990845353	0.0477594727254	0.05634837306	0.0512825291425	0.0548608095803	0.0736559482314	0.0532626536554	0.0634472436204	0.0473161159598	0.0299300087261	0.0	0.050973469378	0.0484275509045	0.0797667032022	0.050849346844	0.052680169006	0.0640819267714	0.0641526733422	0.059571544077	0.0611950874282	0.0626938921732	0.0711897218854	0.0716977602411
TARA_066_DCM_0.22-3_G.snv.bam	0.0611722389003	0.0617256366009	0.0579499118576	0.0585560712952	0.0563075958646	0.0610427291861	0.0617228833556	0.0646727137863	0.0764848482426	0.0688214324849	0.0709472107208	0.0584137181945	0.0478748203559	0.050973469378	0.0	0.0302861981009	0.0694861182207	0.057709431499	0.0619314629969	0.0654258693081	0.0520285946391	0.055142671163	0.0545716693026	0.0509084880067	0.0575700923055	0.058176709327
TARA_066_SRF_0.22-3_G.snv.bam	0.0605363916821	0.0607176636077	0.0559219503635	0.0571728578809	0.0537686757494	0.0598858585013	0.0607675497661	0.0635627757953	0.0749904979515	0.0674487425413	0.0689221917938	0.0552570818522	0.0449430646195	0.0484275509045	0.0302861981009	0.0	0.0690210254711	0.0542324375454	0.0599278403837	0.0675576419263	0.0484377011294	0.0548816242078	0.0544538165041	0.0479889473696	0.0573639894841	0.0575579009912
TARA_078_DCM_0.22-3_G.snv.bam	0.0740308689533	0.075564374882	0.0768126179973	0.075532711146	0.0762918843124	0.0801421082221	0.075611935401	0.0787115775013	0.0758041427283	0.083114479228	0.0845507197382	0.0781896143738	0.0754748635212	0.0797667032022	0.0694861182207	0.0690210254711	0.0	0.075751886427	0.0748069159919	0.0784254811333	0.0581690640043	0.0712832845878	0.0695477737096	0.06336923397	0.0617683335162	0.0633133647023
TARA_140_SRF_0.22-3_G.snv.bam	0.0455589667336	0.0466651703042	0.049808582186	0.0507712424765	0.0472986329482	0.0558487479854	0.0476931128293	0.0516061157056	0.0791939357356	0.0619020098129	0.0752900708131	0.0617921657307	0.0486015578692	0.050849346844	0.057709431499	0.0542324375454	0.075751886427	0.0	0.0494635354422	0.0648430399103	0.0583415554093	0.0607667672754	0.0611960937204	0.0580452600156	0.0665999670951	0.0662034007222
TARA_141_SRF_0.22-3_G.snv.bam	0.0477280692874	0.0492209960266	0.0518013237142	0.0516128030154	0.0477653845749	0.0547373015118	0.0462792813207	0.0477855315913	0.0731855128372	0.066244978478	0.0769099839407	0.0648151807469	0.049473307072	0.052680169006	0.0619314629969	0.0599278403837	0.0748069159919	0.0494635354422	0.0	0.0524487554598	0.0629777577859	0.0608305635476	0.061896924888	0.0643309788829	0.0659868201838	0.0709163571603
TARA_142_DCM_0.22-3_G.snv.bam	0.0536042681159	0.0549567530212	0.0611573387833	0.0604732935112	0.0596456178354	0.0650036588766	0.0554587949402	0.0561463228341	0.0744152497359	0.0687994377707	0.07899044787	0.0657025944726	0.0602694698642	0.0640819267714	0.0654258693081	0.0675576419263	0.0784254811333	0.0648430399103	0.0524487554598	0.0	0.0670352645595	0.0542368854067	0.0553918086441	0.0671513112153	0.0700034623616	0.0735359328541
TARA_145_SRF_0.22-3_G.snv.bam	0.062312200533	0.0642211729845	0.062986034586	0.0621359158825	0.0614638272391	0.0681161635581	0.0646348922606	0.069252700904	0.0761087897762	0.0744950250019	0.0798513166353	0.0686058321951	0.0609160056805	0.0641526733422	0.0520285946391	0.0484377011294	0.0581690640043	0.0583415554093	0.0629777577859	0.0670352645595	0.0	0.0492664944852	0.0453333709054	0.0311975103658	0.0421515625243	0.0410351847408
TARA_146_SRF_0.22-3_G.snv.bam	0.06125509725	0.0595309436429	0.0592949265078	0.0615174618091	0.0579840641636	0.0645933520033	0.0617677556584	0.0642606804362	0.0789966939626	0.0705973775507	0.0754564914536	0.0642235580118	0.0560806581235	0.059571544077	0.055142671163	0.0548816242078	0.0712832845878	0.0607667672754	0.0608305635476	0.0542368854067	0.0492664944852	0.0	0.0300408320017	0.0448307907603	0.0566507726861	0.0560704932995
TARA_148_SRF_0.22-3_G.snv.bam	0.0615907564009	0.0607102287215	0.0593538869627	0.0618688656748	0.057734188051	0.0631212470333	0.0611285427583	0.0639597589928	0.0777165458563	0.0717086686379	0.0761973444589	0.0644960206058	0.0580177612345	0.0611950874282	0.0545716693026	0.0544538165041	0.0695477737096	0.0611960937204	0.061896924888	0.0553918086441	0.0453333709054	0.0300408320017	0.0	0.039899616242	0.0535326361222	0.0533072328231
TARA_149_SRF_0.22-3_G.snv.bam	0.0620006820767	0.0619748126229	0.0620057694565	0.0623041244387	0.0591080350579	0.0667188513608	0.0644014809181	0.0676181614153	0.0765614549625	0.0745418250538	0.0795037833635	0.0674783881543	0.0595666522323	0.0626938921732	0.0509084880067	0.0479889473696	0.06336923397	0.0580452600156	0.0643309788829	0.0671513112153	0.0311975103658	0.0448307907603	0.039899616242	0.0	0.0391628028459	0.0369159689657
TARA_150_DCM_0.22-3_G.snv.bam	0.0677887068993	0.068505276356	0.0700004465372	0.0665873240196	0.0675682487892	0.0734739560505	0.0675324908875	0.071233213726	0.0744357051677	0.0804333148797	0.0815459620379	0.0724043111809	0.0671012538397	0.0711897218854	0.0575700923055	0.0573639894841	0.0617683335162	0.0665999670951	0.0659868201838	0.0700034623616	0.0421515625243	0.0566507726861	0.0535326361222	0.0391628028459	0.0	0.0435774737285
TARA_150_SRF_0.22-3_G.snv.bam	0.0682862294552	0.0707736305238	0.0697758956853	0.0676593958742	0.0680833531784	0.0722387584018	0.069500700161	0.0732842846609	0.0765078516262	0.0795749869935	0.0827004213275	0.0725771888984	0.0675706975619	0.0716977602411	0.058176709327	0.0575579009912	0.0633133647023	0.0662034007222	0.0709163571603	0.0735359328541	0.0410351847408	0.0560704932995	0.0533072328231	0.0369159689657	0.0435774737285	0.0
