	TARA_004_DCM_0.22-1.6_G.snv.bam	TARA_004_SRF_0.22-1.6_G.snv.bam	TARA_007_DCM_0.22-1.6_G.snv.bam	TARA_007_SRF_0.22-1.6_G.snv.bam	TARA_009_DCM_0.22-1.6_G.snv.bam	TARA_009_SRF_0.22-1.6_G.snv.bam	TARA_018_DCM_0.22-1.6_G.snv.bam	TARA_018_SRF_0.22-1.6_G.snv.bam	TARA_023_DCM_0.22-1.6_G.snv.bam	TARA_023_SRF_0.22-1.6_G.snv.bam	TARA_025_DCM_0.22-1.6_G.snv.bam	TARA_025_SRF_0.22-1.6_G.snv.bam	TARA_030_DCM_0.22-1.6_G.snv.bam	TARA_030_SRF_0.22-1.6_G.snv.bam	TARA_066_SRF_0.22-3_G.snv.bam	TARA_078_DCM_0.22-3_G.snv.bam	TARA_078_SRF_0.22-3_G.snv.bam	TARA_094_SRF_0.22-3_G.snv.bam	TARA_096_SRF_0.22-3_G.snv.bam	TARA_098_SRF_0.22-3_G.snv.bam	TARA_099_SRF_0.22-3_G.snv.bam	TARA_112_SRF_0.22-3_G.snv.bam	TARA_132_SRF_0.22-3_G.snv.bam	TARA_133_SRF_0.22-3_G.snv.bam	TARA_150_DCM_0.22-3_G.snv.bam	TARA_150_SRF_0.22-3_G.snv.bam	TARA_151_DCM_0.22-3_G.snv.bam	TARA_151_SRF_0.22-3_G.snv.bam	TARA_152_MIX_0.22-3_G.snv.bam	TARA_152_SRF_0.22-3_G.snv.bam
TARA_004_DCM_0.22-1.6_G.snv.bam	0.0	0.0197477016432	0.0438313252794	0.0356432304628	0.0437577472083	0.0414211503971	0.0355923156466	0.0354210116973	0.0485613215228	0.0532007288775	0.0423556568708	0.0488213673797	0.0490823458943	0.0541411064164	0.0460477405594	0.0443554327041	0.0414300216581	0.0553433512121	0.0614916490531	0.0590708409195	0.0467690069338	0.0779933489834	0.0415312924336	0.0572133971444	0.0337408676067	0.0365680605119	0.033961908198	0.0312001459386	0.0337930188547	0.0330709445633
TARA_004_SRF_0.22-1.6_G.snv.bam	0.0197477016432	0.0	0.0413390414486	0.02983554153	0.0431165700947	0.035858258782	0.0310077231603	0.0307879286133	0.045983137317	0.0499825518033	0.0398836786733	0.0456175913217	0.0448220372941	0.0501656169947	0.0447245952087	0.0423857457646	0.0380441673493	0.0519197668094	0.0571819778211	0.0552144624805	0.0431657117418	0.0757170877991	0.0381457983878	0.0560230541718	0.0304224593511	0.0333979853747	0.0300039749506	0.0268775768366	0.0300427588333	0.0299157050067
TARA_007_DCM_0.22-1.6_G.snv.bam	0.0438313252794	0.0413390414486	0.0	0.0392724126883	0.0510884657339	0.0413258659887	0.0427900008473	0.0429392803151	0.050171957205	0.054126627285	0.0476265227888	0.0517029497469	0.0521616801993	0.0582802010562	0.0534620274496	0.0523629904235	0.0498926254764	0.0608319452704	0.0675564317276	0.0663912874568	0.0545363235287	0.0820108515754	0.0494764142327	0.0635618213216	0.0456084530249	0.0439571113258	0.0459622468125	0.0426504624042	0.0465349114984	0.0458864181824
TARA_007_SRF_0.22-1.6_G.snv.bam	0.0356432304628	0.02983554153	0.0392724126883	0.0	0.0455515069197	0.0226525578059	0.026720821414	0.0262542686258	0.0405548856502	0.0443069701507	0.0368828215472	0.0421746626224	0.039974943208	0.0468805920337	0.0501597395043	0.0493941888408	0.0420157733908	0.0534999082782	0.0588671579347	0.0571301318832	0.0447613853482	0.0763735673545	0.0417165299356	0.0580019589088	0.0395137940726	0.0381485358946	0.0385778877223	0.0336694095174	0.0405308371316	0.0397421755286
TARA_009_DCM_0.22-1.6_G.snv.bam	0.0437577472083	0.0431165700947	0.0510884657339	0.0455515069197	0.0	0.0494039956111	0.0442484333561	0.0450651067471	0.053061284826	0.0583984878955	0.0475143161443	0.0545353385043	0.0575461348892	0.0601575437503	0.0521751602455	0.0557736015066	0.053636062564	0.0648685635026	0.0701450248495	0.0671459708359	0.0564049831938	0.0823434094816	0.0562138383385	0.063885898278	0.0479514293712	0.0514036130848	0.0469617309161	0.0462996808246	0.0458917739519	0.0457878927425
TARA_009_SRF_0.22-1.6_G.snv.bam	0.0414211503971	0.035858258782	0.0413258659887	0.0226525578059	0.0494039956111	0.0	0.0261378047058	0.0255879243137	0.0366684796308	0.036649596733	0.0336606539331	0.0341431218609	0.0328574852607	0.0400115614079	0.0524757275275	0.0511854126984	0.0440374325134	0.0553226584613	0.0594889964711	0.0579008835929	0.0457961746147	0.0761434442456	0.0430779922875	0.0595557304496	0.0422347819191	0.0419173041862	0.0427344235427	0.0375686311851	0.0443147712124	0.045328240127
TARA_018_DCM_0.22-1.6_G.snv.bam	0.0355923156466	0.0310077231603	0.0427900008473	0.026720821414	0.0442484333561	0.0261378047058	0.0	0.0210382173797	0.0385833722079	0.0400794389405	0.0303913068729	0.0350184133926	0.0342250168836	0.0401157520565	0.0490107379679	0.0473913990481	0.0415867750125	0.0517340599882	0.056772277006	0.0543553695935	0.0419440319277	0.0735789474007	0.0392861214336	0.0548184409855	0.0374843807196	0.0397443724604	0.0391595459186	0.0355299288271	0.039000103395	0.0388887251383
TARA_018_SRF_0.22-1.6_G.snv.bam	0.0354210116973	0.0307879286133	0.0429392803151	0.0262542686258	0.0450651067471	0.0255879243137	0.0210382173797	0.0	0.0384740020027	0.04069854642	0.0305044103482	0.0353534919767	0.0330545018825	0.0396837544995	0.0490295213532	0.0484023728403	0.0416064623809	0.0528162968419	0.0572056751878	0.054885442878	0.0424923170536	0.0738535732115	0.0407392688822	0.0559098369716	0.0383532070586	0.0394879376608	0.0388956312521	0.0350671902364	0.038047495422	0.0389333597703
TARA_023_DCM_0.22-1.6_G.snv.bam	0.0485613215228	0.045983137317	0.050171957205	0.0405548856502	0.053061284826	0.0366684796308	0.0385833722079	0.0384740020027	0.0	0.0300673593258	0.0308357831916	0.0316481245691	0.031148731857	0.0410560639366	0.0579372934337	0.0564364318093	0.0539854789647	0.0613224527258	0.0632346213814	0.0620394697622	0.0519030066678	0.0782992419825	0.0545945069697	0.0625876679918	0.0522019662952	0.050482889084	0.0483766935477	0.0460213292352	0.0499435110884	0.0505528771539
TARA_023_SRF_0.22-1.6_G.snv.bam	0.0532007288775	0.0499825518033	0.054126627285	0.0443069701507	0.0583984878955	0.036649596733	0.0400794389405	0.04069854642	0.0300673593258	0.0	0.0337932798346	0.0227589064412	0.027129501465	0.0336778827904	0.0630780767913	0.0595755839559	0.0542596203536	0.064788464492	0.0649206689558	0.0636085778044	0.0544237410767	0.0789978420975	0.0556564589541	0.0653739628754	0.0550203912368	0.0541547376566	0.0545778552197	0.0504700894765	0.0539287655517	0.0550536007421
TARA_025_DCM_0.22-1.6_G.snv.bam	0.0423556568708	0.0398836786733	0.0476265227888	0.0368828215472	0.0475143161443	0.0336606539331	0.0303913068729	0.0305044103482	0.0308357831916	0.0337932798346	0.0	0.0289387797097	0.0309180777338	0.0376005489568	0.0529058458004	0.0532802422921	0.0490754970299	0.0581127573716	0.0601865278977	0.0577746772941	0.0474150544172	0.0753886418217	0.0489350000466	0.05752550612	0.044661168693	0.0478007761555	0.0449041631392	0.0426381956785	0.0439354986467	0.0455289537553
TARA_025_SRF_0.22-1.6_G.snv.bam	0.0488213673797	0.0456175913217	0.0517029497469	0.0421746626224	0.0545353385043	0.0341431218609	0.0350184133926	0.0353534919767	0.0316481245691	0.0227589064412	0.0289387797097	0.0	0.0265172804419	0.0294832128323	0.0585517276817	0.0554236941743	0.051280092687	0.0619177038514	0.0640374421355	0.0615259326372	0.0518221300872	0.0783656795066	0.0512016972246	0.0638909747681	0.0491652155627	0.0518525780414	0.0521541199649	0.0487872481134	0.0486351265952	0.0512731243784
TARA_030_DCM_0.22-1.6_G.snv.bam	0.0490823458943	0.0448220372941	0.0521616801993	0.039974943208	0.0575461348892	0.0328574852607	0.0342250168836	0.0330545018825	0.031148731857	0.027129501465	0.0309180777338	0.0265172804419	0.0	0.0289140690608	0.058466424413	0.0577055561711	0.0508508515726	0.0575623590813	0.0596552472769	0.0584175979688	0.0484897336786	0.0759039937257	0.050761086587	0.061974101572	0.049555277373	0.049918310338	0.0483248773824	0.0464240344605	0.0491648542019	0.0505508347597
TARA_030_SRF_0.22-1.6_G.snv.bam	0.0541411064164	0.0501656169947	0.0582802010562	0.0468805920337	0.0601575437503	0.0400115614079	0.0401157520565	0.0396837544995	0.0410560639366	0.0336778827904	0.0376005489568	0.0294832128323	0.0289140690608	0.0	0.0626027300142	0.0593333443453	0.0533979956771	0.0645200236515	0.0648997495656	0.0618614198733	0.0535174689854	0.0782722302727	0.0538937426813	0.0647491867232	0.0520241450531	0.0550992846143	0.0559206875288	0.0528659281071	0.0537158875301	0.0560914646452
TARA_066_SRF_0.22-3_G.snv.bam	0.0460477405594	0.0447245952087	0.0534620274496	0.0501597395043	0.0521751602455	0.0524757275275	0.0490107379679	0.0490295213532	0.0579372934337	0.0630780767913	0.0529058458004	0.0585517276817	0.058466424413	0.0626027300142	0.0	0.054068836016	0.0503627515805	0.0610865945427	0.0670616496655	0.0655666920087	0.0558177011951	0.0807359417642	0.0520337651792	0.0603959906956	0.0493824953449	0.0482681572522	0.0466526493836	0.0463137949519	0.0456914404299	0.0456127230614
TARA_078_DCM_0.22-3_G.snv.bam	0.0443554327041	0.0423857457646	0.0523629904235	0.0493941888408	0.0557736015066	0.0511854126984	0.0473913990481	0.0484023728403	0.0564364318093	0.0595755839559	0.0532802422921	0.0554236941743	0.0577055561711	0.0593333443453	0.054068836016	0.0	0.0411708413459	0.0635427614682	0.0647010752257	0.063138226436	0.0529571155807	0.078631630014	0.0465994427163	0.0633448835712	0.0442816250755	0.0474450396371	0.0485473547171	0.047478998375	0.0478911491522	0.0496631934094
TARA_078_SRF_0.22-3_G.snv.bam	0.0414300216581	0.0380441673493	0.0498926254764	0.0420157733908	0.053636062564	0.0440374325134	0.0415867750125	0.0416064623809	0.0539854789647	0.0542596203536	0.0490754970299	0.051280092687	0.0508508515726	0.0533979956771	0.0503627515805	0.0411708413459	0.0	0.058654461702	0.0558683271448	0.0549585621918	0.0460171294591	0.0725489976817	0.0403380008907	0.0590874526713	0.0404571861195	0.0418560713568	0.0442502105298	0.041684254875	0.0441439938793	0.0456177151534
TARA_094_SRF_0.22-3_G.snv.bam	0.0553433512121	0.0519197668094	0.0608319452704	0.0534999082782	0.0648685635026	0.0553226584613	0.0517340599882	0.0528162968419	0.0613224527258	0.064788464492	0.0581127573716	0.0619177038514	0.0575623590813	0.0645200236515	0.0610865945427	0.0635427614682	0.058654461702	0.0	0.0597351828562	0.0592644656556	0.0466515627833	0.0760317808596	0.0552850147582	0.0566826984628	0.0556271407246	0.0537580590103	0.0526059338806	0.0514369044919	0.0544192606281	0.0533570873289
TARA_096_SRF_0.22-3_G.snv.bam	0.0614916490531	0.0571819778211	0.0675564317276	0.0588671579347	0.0701450248495	0.0594889964711	0.056772277006	0.0572056751878	0.0632346213814	0.0649206689558	0.0601865278977	0.0640374421355	0.0596552472769	0.0648997495656	0.0670616496655	0.0647010752257	0.0558683271448	0.0597351828562	0.0	0.0217497454497	0.0329106852179	0.0482948469716	0.0560292460659	0.0645873825996	0.0600370242543	0.0599602266586	0.0598739273259	0.0585106255225	0.061689774716	0.0620210083699
TARA_098_SRF_0.22-3_G.snv.bam	0.0590708409195	0.0552144624805	0.0663912874568	0.0571301318832	0.0671459708359	0.0579008835929	0.0543553695935	0.054885442878	0.0620394697622	0.0636085778044	0.0577746772941	0.0615259326372	0.0584175979688	0.0618614198733	0.0655666920087	0.063138226436	0.0549585621918	0.0592644656556	0.0217497454497	0.0	0.0317414924626	0.043384890752	0.0544120691416	0.0625812530684	0.0582863734495	0.059107378491	0.058788253927	0.0570429142216	0.059120926001	0.0593061347783
TARA_099_SRF_0.22-3_G.snv.bam	0.0467690069338	0.0431657117418	0.0545363235287	0.0447613853482	0.0564049831938	0.0457961746147	0.0419440319277	0.0424923170536	0.0519030066678	0.0544237410767	0.0474150544172	0.0518221300872	0.0484897336786	0.0535174689854	0.0558177011951	0.0529571155807	0.0460171294591	0.0466515627833	0.0329106852179	0.0317414924626	0.0	0.0585516920227	0.0430895310955	0.0545830180165	0.0460209734315	0.0479253280625	0.0464833749343	0.0447616429295	0.0474260686698	0.0474612069406
TARA_112_SRF_0.22-3_G.snv.bam	0.0779933489834	0.0757170877991	0.0820108515754	0.0763735673545	0.0823434094816	0.0761434442456	0.0735789474007	0.0738535732115	0.0782992419825	0.0789978420975	0.0753886418217	0.0783656795066	0.0759039937257	0.0782722302727	0.0807359417642	0.078631630014	0.0725489976817	0.0760317808596	0.0482948469716	0.043384890752	0.0585516920227	0.0	0.0722157085371	0.0774521754617	0.0755598725031	0.0755828274129	0.0771117899437	0.0759150473919	0.0769678817622	0.0773875956346
TARA_132_SRF_0.22-3_G.snv.bam	0.0415312924336	0.0381457983878	0.0494764142327	0.0417165299356	0.0562138383385	0.0430779922875	0.0392861214336	0.0407392688822	0.0545945069697	0.0556564589541	0.0489350000466	0.0512016972246	0.050761086587	0.0538937426813	0.0520337651792	0.0465994427163	0.0403380008907	0.0552850147582	0.0560292460659	0.0544120691416	0.0430895310955	0.0722157085371	0.0	0.054619316499	0.0395287536094	0.041067507848	0.0427468021247	0.0411905973547	0.0446211012296	0.0459184727508
TARA_133_SRF_0.22-3_G.snv.bam	0.0572133971444	0.0560230541718	0.0635618213216	0.0580019589088	0.063885898278	0.0595557304496	0.0548184409855	0.0559098369716	0.0625876679918	0.0653739628754	0.05752550612	0.0638909747681	0.061974101572	0.0647491867232	0.0603959906956	0.0633448835712	0.0590874526713	0.0566826984628	0.0645873825996	0.0625812530684	0.0545830180165	0.0774521754617	0.054619316499	0.0	0.056756893437	0.05851691023	0.0572666977014	0.0574436559496	0.0582340187664	0.0563123363553
TARA_150_DCM_0.22-3_G.snv.bam	0.0337408676067	0.0304224593511	0.0456084530249	0.0395137940726	0.0479514293712	0.0422347819191	0.0374843807196	0.0383532070586	0.0522019662952	0.0550203912368	0.044661168693	0.0491652155627	0.049555277373	0.0520241450531	0.0493824953449	0.0442816250755	0.0404571861195	0.0556271407246	0.0600370242543	0.0582863734495	0.0460209734315	0.0755598725031	0.0395287536094	0.056756893437	0.0	0.0387061181252	0.036623038452	0.0353960674386	0.037904462178	0.0369866285609
TARA_150_SRF_0.22-3_G.snv.bam	0.0365680605119	0.0333979853747	0.0439571113258	0.0381485358946	0.0514036130848	0.0419173041862	0.0397443724604	0.0394879376608	0.050482889084	0.0541547376566	0.0478007761555	0.0518525780414	0.049918310338	0.0550992846143	0.0482681572522	0.0474450396371	0.0418560713568	0.0537580590103	0.0599602266586	0.059107378491	0.0479253280625	0.0755828274129	0.041067507848	0.05851691023	0.0387061181252	0.0	0.0356385855313	0.0334299864999	0.038539714707	0.0393871603246
TARA_151_DCM_0.22-3_G.snv.bam	0.033961908198	0.0300039749506	0.0459622468125	0.0385778877223	0.0469617309161	0.0427344235427	0.0391595459186	0.0388956312521	0.0483766935477	0.0545778552197	0.0449041631392	0.0521541199649	0.0483248773824	0.0559206875288	0.0466526493836	0.0485473547171	0.0442502105298	0.0526059338806	0.0598739273259	0.058788253927	0.0464833749343	0.0771117899437	0.0427468021247	0.0572666977014	0.036623038452	0.0356385855313	0.0	0.0291257652542	0.0348126465802	0.0344752044519
TARA_151_SRF_0.22-3_G.snv.bam	0.0312001459386	0.0268775768366	0.0426504624042	0.0336694095174	0.0462996808246	0.0375686311851	0.0355299288271	0.0350671902364	0.0460213292352	0.0504700894765	0.0426381956785	0.0487872481134	0.0464240344605	0.0528659281071	0.0463137949519	0.047478998375	0.041684254875	0.0514369044919	0.0585106255225	0.0570429142216	0.0447616429295	0.0759150473919	0.0411905973547	0.0574436559496	0.0353960674386	0.0334299864999	0.0291257652542	0.0	0.0335950958995	0.0342260798485
TARA_152_MIX_0.22-3_G.snv.bam	0.0337930188547	0.0300427588333	0.0465349114984	0.0405308371316	0.0458917739519	0.0443147712124	0.039000103395	0.038047495422	0.0499435110884	0.0539287655517	0.0439354986467	0.0486351265952	0.0491648542019	0.0537158875301	0.0456914404299	0.0478911491522	0.0441439938793	0.0544192606281	0.061689774716	0.059120926001	0.0474260686698	0.0769678817622	0.0446211012296	0.0582340187664	0.037904462178	0.038539714707	0.0348126465802	0.0335950958995	0.0	0.0300357852075
TARA_152_SRF_0.22-3_G.snv.bam	0.0330709445633	0.0299157050067	0.0458864181824	0.0397421755286	0.0457878927425	0.045328240127	0.0388887251383	0.0389333597703	0.0505528771539	0.0550536007421	0.0455289537553	0.0512731243784	0.0505508347597	0.0560914646452	0.0456127230614	0.0496631934094	0.0456177151534	0.0533570873289	0.0620210083699	0.0593061347783	0.0474612069406	0.0773875956346	0.0459184727508	0.0563123363553	0.0369866285609	0.0393871603246	0.0344752044519	0.0342260798485	0.0300357852075	0.0
