	TARA_009_DCM_0.22-1.6_G.snv.bam	TARA_025_DCM_0.22-1.6_G.snv.bam	TARA_132_DCM_0.22-3_G.snv.bam	TARA_138_DCM_0.22-3_G.snv.bam	TARA_145_SRF_0.22-3_G.snv.bam	TARA_151_DCM_0.22-3_G.snv.bam	TARA_152_MIX_0.22-3_G.snv.bam
TARA_009_DCM_0.22-1.6_G.snv.bam	0.0	0.0	0.0	0.00222222222222	0.0162962962963	0.0	0.0
TARA_025_DCM_0.22-1.6_G.snv.bam	0.0	0.0	0.0	0.0037037037037	0.0125925925926	0.0	0.000740740740741
TARA_132_DCM_0.22-3_G.snv.bam	0.0	0.0	0.0	0.000740740740741	0.00592592592593	0.0	0.00222222222222
TARA_138_DCM_0.22-3_G.snv.bam	0.00222222222222	0.0037037037037	0.000740740740741	0.0	0.0140740740741	0.00296296296296	0.0111111111111
TARA_145_SRF_0.22-3_G.snv.bam	0.0162962962963	0.0125925925926	0.00592592592593	0.0140740740741	0.0	0.0111111111111	0.0244444444444
TARA_151_DCM_0.22-3_G.snv.bam	0.0	0.0	0.0	0.00296296296296	0.0111111111111	0.0	0.0
TARA_152_MIX_0.22-3_G.snv.bam	0.0	0.000740740740741	0.00222222222222	0.0111111111111	0.0244444444444	0.0	0.0
