	TARA_032_DCM_0.22-1.6_G.snv.bam	TARA_032_SRF_0.22-1.6_G.snv.bam	TARA_033_SRF_0.22-1.6_G.snv.bam	TARA_034_DCM_0.22-1.6_G.snv.bam	TARA_034_SRF_0.22-1.6_G.snv.bam	TARA_038_DCM_0.22-1.6_G.snv.bam	TARA_039_DCM_0.22-1.6_G.snv.bam	TARA_041_DCM_0.22-1.6_G.snv.bam	TARA_042_DCM_0.22-1.6_G.snv.bam	TARA_057_SRF_0.22-3_G.snv.bam	TARA_064_DCM_0.22-3_G.snv.bam	TARA_064_SRF_0.22-3_G.snv.bam	TARA_065_DCM_0.22-3_G.snv.bam	TARA_065_SRF_0.22-3_G.snv.bam	TARA_122_DCM_0.22-3_G.snv.bam	TARA_124_MIX_0.22-3_G.snv.bam	TARA_124_SRF_0.22-3_G.snv.bam	TARA_125_SRF_0.22-3_G.snv.bam	TARA_141_SRF_0.22-3_G.snv.bam	TARA_142_DCM_0.22-3_G.snv.bam	TARA_142_SRF_0.22-3_G.snv.bam	TARA_145_SRF_0.22-3_G.snv.bam	TARA_146_SRF_0.22-3_G.snv.bam	TARA_148_SRF_0.22-3_G.snv.bam	TARA_149_SRF_0.22-3_G.snv.bam
TARA_032_DCM_0.22-1.6_G.snv.bam	0.0	0.0	0.00061804697157	0.0	0.00061804697157	0.0	0.0	0.0	0.0	0.0	0.0	0.0	0.0	0.0	0.0426452410383	0.0185414091471	0.00927070457355	0.00370828182942	0.00247218788628	0.0	0.0	0.0	0.0	0.0	0.0
TARA_032_SRF_0.22-1.6_G.snv.bam	0.0	0.0	0.0	0.00061804697157	0.0	0.0	0.00123609394314	0.0	0.0	0.00061804697157	0.00061804697157	0.00061804697157	0.00061804697157	0.00061804697157	0.0426452410383	0.0210135970334	0.0135970333745	0.00679851668727	0.00309023485785	0.00061804697157	0.00061804697157	0.00061804697157	0.00061804697157	0.00061804697157	0.00061804697157
TARA_033_SRF_0.22-1.6_G.snv.bam	0.00061804697157	0.0	0.0	0.0	0.0	0.0	0.0	0.0	0.0	0.0	0.00247218788628	0.00185414091471	0.00061804697157	0.0	0.044499381953	0.0216316440049	0.00927070457355	0.0061804697157	0.00061804697157	0.0	0.0	0.00061804697157	0.00061804697157	0.0	0.00123609394314
TARA_034_DCM_0.22-1.6_G.snv.bam	0.0	0.00061804697157	0.0	0.0	0.0	0.0	0.00061804697157	0.0	0.0	0.00123609394314	0.00061804697157	0.0	0.0	0.0	0.0407911001236	0.0160692212608	0.0061804697157	0.00309023485785	0.00061804697157	0.0	0.0	0.0	0.0	0.0	0.0
TARA_034_SRF_0.22-1.6_G.snv.bam	0.00061804697157	0.0	0.0	0.0	0.0	0.00061804697157	0.0	0.0	0.0	0.0	0.00247218788628	0.00123609394314	0.00061804697157	0.0	0.0438813349815	0.0197775030902	0.00741656365884	0.00494437577256	0.00123609394314	0.00061804697157	0.00061804697157	0.0	0.00123609394314	0.00061804697157	0.00061804697157
TARA_038_DCM_0.22-1.6_G.snv.bam	0.0	0.0	0.0	0.0	0.00061804697157	0.0	0.0	0.0	0.0	0.0	0.00061804697157	0.0	0.0	0.0	0.0364647713226	0.0160692212608	0.0061804697157	0.00247218788628	0.00061804697157	0.0	0.0	0.0	0.0	0.0	0.0
TARA_039_DCM_0.22-1.6_G.snv.bam	0.0	0.00123609394314	0.0	0.00061804697157	0.0	0.0	0.0	0.0	0.0	0.0	0.00061804697157	0.0	0.0	0.00061804697157	0.0407911001236	0.0203955500618	0.00803461063041	0.00370828182942	0.00061804697157	0.0	0.0	0.00061804697157	0.00061804697157	0.0	0.00061804697157
TARA_041_DCM_0.22-1.6_G.snv.bam	0.0	0.0	0.0	0.0	0.0	0.0	0.0	0.0	0.0	0.0	0.00061804697157	0.0	0.0	0.0	0.0420271940667	0.0191594561187	0.0061804697157	0.00247218788628	0.00061804697157	0.0	0.0	0.00061804697157	0.00061804697157	0.0	0.00061804697157
TARA_042_DCM_0.22-1.6_G.snv.bam	0.0	0.0	0.0	0.0	0.0	0.0	0.0	0.0	0.0	0.0	0.00061804697157	0.0	0.0	0.0	0.0426452410383	0.0185414091471	0.00679851668727	0.00432632880099	0.00061804697157	0.0	0.0	0.0	0.0	0.0	0.0
TARA_057_SRF_0.22-3_G.snv.bam	0.0	0.00061804697157	0.0	0.00123609394314	0.0	0.0	0.0	0.0	0.0	0.0	0.00061804697157	0.0	0.0	0.0	0.0469715698393	0.0216316440049	0.0117428924598	0.00803461063041	0.00061804697157	0.0	0.0	0.00061804697157	0.0	0.0	0.00061804697157
TARA_064_DCM_0.22-3_G.snv.bam	0.0	0.00061804697157	0.00247218788628	0.00061804697157	0.00247218788628	0.00061804697157	0.00061804697157	0.00061804697157	0.00061804697157	0.00061804697157	0.0	0.0	0.0	0.0	0.0383189122373	0.017305315204	0.00741656365884	0.00679851668727	0.00370828182942	0.0	0.0	0.0	0.0	0.0	0.0
TARA_064_SRF_0.22-3_G.snv.bam	0.0	0.00061804697157	0.00185414091471	0.0	0.00123609394314	0.0	0.0	0.0	0.0	0.0	0.0	0.0	0.0	0.0	0.0407911001236	0.0160692212608	0.00803461063041	0.00494437577256	0.00123609394314	0.00123609394314	0.00123609394314	0.00061804697157	0.0	0.0	0.0
TARA_065_DCM_0.22-3_G.snv.bam	0.0	0.00061804697157	0.00061804697157	0.0	0.00061804697157	0.0	0.0	0.0	0.0	0.0	0.0	0.0	0.0	0.0	0.0407911001236	0.0179233621755	0.0061804697157	0.0061804697157	0.00061804697157	0.0	0.0	0.0	0.0	0.0	0.0
TARA_065_SRF_0.22-3_G.snv.bam	0.0	0.00061804697157	0.0	0.0	0.0	0.0	0.00061804697157	0.0	0.0	0.0	0.0	0.0	0.0	0.0	0.0407911001236	0.0160692212608	0.0061804697157	0.00370828182942	0.00061804697157	0.0	0.0	0.0	0.0	0.0	0.0
TARA_122_DCM_0.22-3_G.snv.bam	0.0426452410383	0.0426452410383	0.044499381953	0.0407911001236	0.0438813349815	0.0364647713226	0.0407911001236	0.0420271940667	0.0426452410383	0.0469715698393	0.0383189122373	0.0407911001236	0.0407911001236	0.0407911001236	0.0	0.00556242274413	0.040173053152	0.0395550061805	0.0432632880099	0.0420271940667	0.0420271940667	0.0370828182942	0.0414091470952	0.0407911001236	0.0370828182942
TARA_124_MIX_0.22-3_G.snv.bam	0.0185414091471	0.0210135970334	0.0216316440049	0.0160692212608	0.0197775030902	0.0160692212608	0.0203955500618	0.0191594561187	0.0185414091471	0.0216316440049	0.017305315204	0.0160692212608	0.0179233621755	0.0160692212608	0.00556242274413	0.0	0.0061804697157	0.0105067985167	0.0241038318912	0.0203955500618	0.0210135970334	0.017305315204	0.0154511742892	0.0185414091471	0.0135970333745
TARA_124_SRF_0.22-3_G.snv.bam	0.00927070457355	0.0135970333745	0.00927070457355	0.0061804697157	0.00741656365884	0.0061804697157	0.00803461063041	0.0061804697157	0.00679851668727	0.0117428924598	0.00741656365884	0.00803461063041	0.0061804697157	0.0061804697157	0.040173053152	0.0061804697157	0.0	0.00123609394314	0.012978986403	0.00803461063041	0.00679851668727	0.00865265760198	0.00741656365884	0.00865265760198	0.00865265760198
TARA_125_SRF_0.22-3_G.snv.bam	0.00370828182942	0.00679851668727	0.0061804697157	0.00309023485785	0.00494437577256	0.00247218788628	0.00370828182942	0.00247218788628	0.00432632880099	0.00803461063041	0.00679851668727	0.00494437577256	0.0061804697157	0.00370828182942	0.0395550061805	0.0105067985167	0.00123609394314	0.0	0.0105067985167	0.00309023485785	0.00370828182942	0.00494437577256	0.00494437577256	0.00494437577256	0.00370828182942
TARA_141_SRF_0.22-3_G.snv.bam	0.00247218788628	0.00309023485785	0.00061804697157	0.00061804697157	0.00123609394314	0.00061804697157	0.00061804697157	0.00061804697157	0.00061804697157	0.00061804697157	0.00370828182942	0.00123609394314	0.00061804697157	0.00061804697157	0.0432632880099	0.0241038318912	0.012978986403	0.0105067985167	0.0	0.0	0.00061804697157	0.00185414091471	0.0	0.00123609394314	0.00309023485785
TARA_142_DCM_0.22-3_G.snv.bam	0.0	0.00061804697157	0.0	0.0	0.00061804697157	0.0	0.0	0.0	0.0	0.0	0.0	0.00123609394314	0.0	0.0	0.0420271940667	0.0203955500618	0.00803461063041	0.00309023485785	0.0	0.0	0.0	0.0	0.0	0.0	0.0
TARA_142_SRF_0.22-3_G.snv.bam	0.0	0.00061804697157	0.0	0.0	0.00061804697157	0.0	0.0	0.0	0.0	0.0	0.0	0.00123609394314	0.0	0.0	0.0420271940667	0.0210135970334	0.00679851668727	0.00370828182942	0.00061804697157	0.0	0.0	0.0	0.0	0.0	0.0
TARA_145_SRF_0.22-3_G.snv.bam	0.0	0.00061804697157	0.00061804697157	0.0	0.0	0.0	0.00061804697157	0.00061804697157	0.0	0.00061804697157	0.0	0.00061804697157	0.0	0.0	0.0370828182942	0.017305315204	0.00865265760198	0.00494437577256	0.00185414091471	0.0	0.0	0.0	0.0	0.0	0.0
TARA_146_SRF_0.22-3_G.snv.bam	0.0	0.00061804697157	0.00061804697157	0.0	0.00123609394314	0.0	0.00061804697157	0.00061804697157	0.0	0.0	0.0	0.0	0.0	0.0	0.0414091470952	0.0154511742892	0.00741656365884	0.00494437577256	0.0	0.0	0.0	0.0	0.0	0.0	0.0
TARA_148_SRF_0.22-3_G.snv.bam	0.0	0.00061804697157	0.0	0.0	0.00061804697157	0.0	0.0	0.0	0.0	0.0	0.0	0.0	0.0	0.0	0.0407911001236	0.0185414091471	0.00865265760198	0.00494437577256	0.00123609394314	0.0	0.0	0.0	0.0	0.0	0.0
TARA_149_SRF_0.22-3_G.snv.bam	0.0	0.00061804697157	0.00123609394314	0.0	0.00061804697157	0.0	0.00061804697157	0.00061804697157	0.0	0.00061804697157	0.0	0.0	0.0	0.0	0.0370828182942	0.0135970333745	0.00865265760198	0.00370828182942	0.00309023485785	0.0	0.0	0.0	0.0	0.0	0.0
