	TARA_034_SRF_0.22-1.6_G.snv.bam	TARA_038_DCM_0.22-1.6_G.snv.bam	TARA_039_DCM_0.22-1.6_G.snv.bam	TARA_041_DCM_0.22-1.6_G.snv.bam	TARA_042_DCM_0.22-1.6_G.snv.bam	TARA_123_SRF_0.22-3_G.snv.bam	TARA_124_SRF_0.22-3_G.snv.bam	TARA_146_SRF_0.22-3_G.snv.bam	TARA_149_SRF_0.22-3_G.snv.bam
TARA_034_SRF_0.22-1.6_G.snv.bam	0.0	0.27856719323	0.21164546023	0.254066696597	0.27925972044	0.295360852069	0.295637216831	0.0680672543445	0.109911174496
TARA_038_DCM_0.22-1.6_G.snv.bam	0.27856719323	0.0	0.101279050464	0.0614603893837	0.0375835350799	0.0502349697405	0.0498437840269	0.249524781587	0.212681538614
TARA_039_DCM_0.22-1.6_G.snv.bam	0.21164546023	0.101279050464	0.0	0.075685045922	0.101375928087	0.131385129458	0.131216065627	0.178429004605	0.141274086304
TARA_041_DCM_0.22-1.6_G.snv.bam	0.254066696597	0.0614603893837	0.075685045922	0.0	0.0435863066059	0.0888128915836	0.0888490907882	0.22001327349	0.183631255832
TARA_042_DCM_0.22-1.6_G.snv.bam	0.27925972044	0.0375835350799	0.101375928087	0.0435863066059	0.0	0.0576523431828	0.0576348439963	0.246599294154	0.210886922739
TARA_123_SRF_0.22-3_G.snv.bam	0.295360852069	0.0502349697405	0.131385129458	0.0888128915836	0.0576523431828	0.0	0.00610685667338	0.267585251581	0.229181612474
TARA_124_SRF_0.22-3_G.snv.bam	0.295637216831	0.0498437840269	0.131216065627	0.0888490907882	0.0576348439963	0.00610685667338	0.0	0.267993577282	0.229589938175
TARA_146_SRF_0.22-3_G.snv.bam	0.0680672543445	0.249524781587	0.178429004605	0.22001327349	0.246599294154	0.267585251581	0.267993577282	0.0	0.0705026336062
TARA_149_SRF_0.22-3_G.snv.bam	0.109911174496	0.212681538614	0.141274086304	0.183631255832	0.210886922739	0.229181612474	0.229589938175	0.0705026336062	0.0
