	TARA_094_SRF_0.22-3_G.snv.bam	TARA_100_DCM_0.22-3_G.snv.bam	TARA_102_SRF_0.22-3_G.snv.bam	TARA_109_DCM_0.22-3_G.snv.bam	TARA_110_DCM_0.22-3_G.snv.bam	TARA_110_MES_0.22-3_G.snv.bam	TARA_110_SRF_0.22-3_G.snv.bam	TARA_111_DCM_0.22-3_G.snv.bam	TARA_111_SRF_0.22-3_G.snv.bam
TARA_094_SRF_0.22-3_G.snv.bam	0.0	0.0770932215508	0.0903538816291	0.0879932820432	0.0981613607542	0.0918736767236	0.0909907609836	0.0869541824039	0.0987756998732
TARA_100_DCM_0.22-3_G.snv.bam	0.0770932215508	0.0	0.0764029747055	0.076593799341	0.0845685054512	0.0798660352728	0.0788994496909	0.0426723637752	0.0702542058365
TARA_102_SRF_0.22-3_G.snv.bam	0.0903538816291	0.0764029747055	0.0	0.0521256975717	0.0649766815827	0.0543577356391	0.0557907354852	0.0813941534952	0.0931130194416
TARA_109_DCM_0.22-3_G.snv.bam	0.0879932820432	0.076593799341	0.0521256975717	0.0	0.0533984761869	0.0502841150114	0.0446912453553	0.0775798976842	0.0875065428885
TARA_110_DCM_0.22-3_G.snv.bam	0.0981613607542	0.0845685054512	0.0649766815827	0.0533984761869	0.0	0.0501267851658	0.0367179218772	0.0775174889347	0.0951960403251
TARA_110_MES_0.22-3_G.snv.bam	0.0918736767236	0.0798660352728	0.0543577356391	0.0502841150114	0.0501267851658	0.0	0.0457204756934	0.0793123701143	0.0957630890821
TARA_110_SRF_0.22-3_G.snv.bam	0.0909907609836	0.0788994496909	0.0557907354852	0.0446912453553	0.0367179218772	0.0457204756934	0.0	0.0739916996186	0.0890640951895
TARA_111_DCM_0.22-3_G.snv.bam	0.0869541824039	0.0426723637752	0.0813941534952	0.0775798976842	0.0775174889347	0.0793123701143	0.0739916996186	0.0	0.0660043103928
TARA_111_SRF_0.22-3_G.snv.bam	0.0987756998732	0.0702542058365	0.0931130194416	0.0875065428885	0.0951960403251	0.0957630890821	0.0890640951895	0.0660043103928	0.0
