	TARA_078_DCM_0.22-3_G.snv.bam	TARA_132_DCM_0.22-3_G.snv.bam	TARA_146_SRF_0.22-3_G.snv.bam	TARA_148_SRF_0.22-3_G.snv.bam	TARA_149_SRF_0.22-3_G.snv.bam	TARA_150_DCM_0.22-3_G.snv.bam
TARA_078_DCM_0.22-3_G.snv.bam	0.0	0.17721891846	0.11111480923	0.111969923248	0.11318977957	0.108109808816
TARA_132_DCM_0.22-3_G.snv.bam	0.17721891846	0.0	0.189650039597	0.191330082512	0.174243905241	0.166258669484
TARA_146_SRF_0.22-3_G.snv.bam	0.11111480923	0.189650039597	0.0	0.0347398682658	0.0668006291959	0.131943542689
TARA_148_SRF_0.22-3_G.snv.bam	0.111969923248	0.191330082512	0.0347398682658	0.0	0.0661254346344	0.134572449067
TARA_149_SRF_0.22-3_G.snv.bam	0.11318977957	0.174243905241	0.0668006291959	0.0661254346344	0.0	0.123017081931
TARA_150_DCM_0.22-3_G.snv.bam	0.108109808816	0.166258669484	0.131943542689	0.134572449067	0.123017081931	0.0
