	TARA_037_MES_0.22-1.6_G.snv.bam	TARA_038_MES_0.22-1.6_G.snv.bam	TARA_039_MES_0.22-1.6_G.snv.bam	TARA_100_MES_0.22-3_G.snv.bam	TARA_110_MES_0.22-3_G.snv.bam	TARA_137_DCM_0.22-3_G.snv.bam	TARA_137_MES_0.22-3_G.snv.bam	TARA_138_MES_0.22-3_G.snv.bam
TARA_037_MES_0.22-1.6_G.snv.bam	0.0	0.00315481471526	0.00397286910996	0.406297010367	0.400431792612	0.399994561339	0.394447193422	0.396034583665
TARA_038_MES_0.22-1.6_G.snv.bam	0.00315481471526	0.0	0.00265535135542	0.406230061151	0.400401387494	0.39985107715	0.394278203707	0.395892643794
TARA_039_MES_0.22-1.6_G.snv.bam	0.00397286910996	0.00265535135542	0.0	0.405642631205	0.399681297765	0.399364164717	0.393816233405	0.395404187043
TARA_100_MES_0.22-3_G.snv.bam	0.406297010367	0.406230061151	0.405642631205	0.0	0.0531323800349	0.0390739301365	0.0693251360827	0.0807116974877
TARA_110_MES_0.22-3_G.snv.bam	0.400431792612	0.400401387494	0.399681297765	0.0531323800349	0.0	0.0625735826267	0.0863223384871	0.099798374176
TARA_137_DCM_0.22-3_G.snv.bam	0.399994561339	0.39985107715	0.399364164717	0.0390739301365	0.0625735826267	0.0	0.0438126288227	0.0540086939663
TARA_137_MES_0.22-3_G.snv.bam	0.394447193422	0.394278203707	0.393816233405	0.0693251360827	0.0863223384871	0.0438126288227	0.0	0.0236763000679
TARA_138_MES_0.22-3_G.snv.bam	0.396034583665	0.395892643794	0.395404187043	0.0807116974877	0.099798374176	0.0540086939663	0.0236763000679	0.0
