	TARA_064_SRF_0.22-3_G.snv.bam	TARA_078_DCM_0.22-3_G.snv.bam	TARA_142_DCM_0.22-3_G.snv.bam	TARA_142_SRF_0.22-3_G.snv.bam	TARA_146_SRF_0.22-3_G.snv.bam	TARA_148_SRF_0.22-3_G.snv.bam	TARA_149_SRF_0.22-3_G.snv.bam
TARA_064_SRF_0.22-3_G.snv.bam	0.0	0.0776669966025	0.0778776126686	0.0744942442312	0.0785071523014	0.075768096205	0.0809980959987
TARA_078_DCM_0.22-3_G.snv.bam	0.0776669966025	0.0	0.0968114565263	0.0858686319359	0.0999801088197	0.0942483351791	0.101571216145
TARA_142_DCM_0.22-3_G.snv.bam	0.0778776126686	0.0968114565263	0.0	0.0574843390136	0.0784445898526	0.07610808084	0.0791989723566
TARA_142_SRF_0.22-3_G.snv.bam	0.0744942442312	0.0858686319359	0.0574843390136	0.0	0.0756834943488	0.074998502417	0.0841943497525
TARA_146_SRF_0.22-3_G.snv.bam	0.0785071523014	0.0999801088197	0.0784445898526	0.0756834943488	0.0	0.0418972091978	0.0582375938649
TARA_148_SRF_0.22-3_G.snv.bam	0.075768096205	0.0942483351791	0.07610808084	0.074998502417	0.0418972091978	0.0	0.0593609066666
TARA_149_SRF_0.22-3_G.snv.bam	0.0809980959987	0.101571216145	0.0791989723566	0.0841943497525	0.0582375938649	0.0593609066666	0.0
