	TARA_034_SRF_0.22-1.6_G.snv.bam	TARA_038_DCM_0.22-1.6_G.snv.bam	TARA_039_DCM_0.22-1.6_G.snv.bam	TARA_041_DCM_0.22-1.6_G.snv.bam	TARA_042_DCM_0.22-1.6_G.snv.bam	TARA_123_SRF_0.22-3_G.snv.bam	TARA_124_SRF_0.22-3_G.snv.bam	TARA_146_SRF_0.22-3_G.snv.bam	TARA_149_SRF_0.22-3_G.snv.bam
TARA_034_SRF_0.22-1.6_G.snv.bam	0.0	0.201277955272	0.0990415335463	0.182108626198	0.178913738019	0.210862619808	0.210862619808	0.0127795527157	0.00638977635783
TARA_038_DCM_0.22-1.6_G.snv.bam	0.201277955272	0.0	0.0159744408946	0.0159744408946	0.00319488817891	0.0127795527157	0.0127795527157	0.207667731629	0.156549520767
TARA_039_DCM_0.22-1.6_G.snv.bam	0.0990415335463	0.0159744408946	0.0	0.00319488817891	0.0159744408946	0.038338658147	0.038338658147	0.0511182108626	0.0255591054313
TARA_041_DCM_0.22-1.6_G.snv.bam	0.182108626198	0.0159744408946	0.00319488817891	0.0	0.0	0.0255591054313	0.0223642172524	0.159744408946	0.0862619808307
TARA_042_DCM_0.22-1.6_G.snv.bam	0.178913738019	0.00319488817891	0.0159744408946	0.0	0.0	0.0159744408946	0.0159744408946	0.191693290735	0.153354632588
TARA_123_SRF_0.22-3_G.snv.bam	0.210862619808	0.0127795527157	0.038338658147	0.0255591054313	0.0159744408946	0.0	0.0	0.220447284345	0.182108626198
TARA_124_SRF_0.22-3_G.snv.bam	0.210862619808	0.0127795527157	0.038338658147	0.0223642172524	0.0159744408946	0.0	0.0	0.217252396166	0.185303514377
TARA_146_SRF_0.22-3_G.snv.bam	0.0127795527157	0.207667731629	0.0511182108626	0.159744408946	0.191693290735	0.220447284345	0.217252396166	0.0	0.0
TARA_149_SRF_0.22-3_G.snv.bam	0.00638977635783	0.156549520767	0.0255591054313	0.0862619808307	0.153354632588	0.182108626198	0.185303514377	0.0	0.0
