	TARA_068_MES_0.22-3_G.snv.bam	TARA_098_MES_0.22-3_G.snv.bam	TARA_102_MES_0.22-3_G.snv.bam	TARA_109_MES_0.22-3_G.snv.bam	TARA_110_MES_0.22-3_G.snv.bam	TARA_111_MES_0.22-3_G.snv.bam	TARA_132_MES_0.22-3_G.snv.bam	TARA_142_MES_0.22-3_G.snv.bam	TARA_145_MES_0.22-3_G.snv.bam
TARA_068_MES_0.22-3_G.snv.bam	0.0	0.0762257982853	0.130278997896	0.20429193232	0.159444799839	0.234997791732	0.0526454934353	0.130522212225	0.0395690174247
TARA_098_MES_0.22-3_G.snv.bam	0.0762257982853	0.0	0.0949915116297	0.184706187878	0.128213861288	0.21551261294	0.0772616569598	0.109599681763	0.0789336407893
TARA_102_MES_0.22-3_G.snv.bam	0.130278997896	0.0949915116297	0.0	0.138116687515	0.0786089948236	0.164957578654	0.130519768392	0.0787392761383	0.136334772333
TARA_109_MES_0.22-3_G.snv.bam	0.20429193232	0.184706187878	0.138116687515	0.0	0.113101547626	0.0926690872058	0.204672143522	0.115016410462	0.207594910786
TARA_110_MES_0.22-3_G.snv.bam	0.159444799839	0.128213861288	0.0786089948236	0.113101547626	0.0	0.135968857082	0.159820708199	0.0848306532075	0.165250357568
TARA_111_MES_0.22-3_G.snv.bam	0.234997791732	0.21551261294	0.164957578654	0.0926690872058	0.135968857082	0.0	0.234573661651	0.152749423733	0.240153100912
TARA_132_MES_0.22-3_G.snv.bam	0.0526454934353	0.0772616569598	0.130519768392	0.204672143522	0.159820708199	0.234573661651	0.0	0.132613837324	0.0565934109313
TARA_142_MES_0.22-3_G.snv.bam	0.130522212225	0.109599681763	0.0787392761383	0.115016410462	0.0848306532075	0.152749423733	0.132613837324	0.0	0.136411859346
TARA_145_MES_0.22-3_G.snv.bam	0.0395690174247	0.0789336407893	0.136334772333	0.207594910786	0.165250357568	0.240153100912	0.0565934109313	0.136411859346	0.0
