	TARA_048_SRF_0.22-1.6_G.snv.bam	TARA_096_SRF_0.22-3_G.snv.bam	TARA_098_SRF_0.22-3_G.snv.bam	TARA_099_SRF_0.22-3_G.snv.bam	TARA_112_SRF_0.22-3_G.snv.bam	TARA_132_SRF_0.22-3_G.snv.bam
TARA_048_SRF_0.22-1.6_G.snv.bam	0.0	0.242450258552	0.209620883059	0.192301814434	0.113323899565	0.0889804739704
TARA_096_SRF_0.22-3_G.snv.bam	0.242450258552	0.0	0.0905549066226	0.107535666076	0.194994112473	0.236669444731
TARA_098_SRF_0.22-3_G.snv.bam	0.209620883059	0.0905549066226	0.0	0.0768779977719	0.142815608301	0.20103704761
TARA_099_SRF_0.22-3_G.snv.bam	0.192301814434	0.107535666076	0.0768779977719	0.0	0.140070861255	0.187212556225
TARA_112_SRF_0.22-3_G.snv.bam	0.113323899565	0.194994112473	0.142815608301	0.140070861255	0.0	0.107933060892
TARA_132_SRF_0.22-3_G.snv.bam	0.0889804739704	0.236669444731	0.20103704761	0.187212556225	0.107933060892	0.0
