	TARA_004_DCM_0.22-1.6_G.snv.bam	TARA_004_SRF_0.22-1.6_G.snv.bam	TARA_007_DCM_0.22-1.6_G.snv.bam	TARA_007_SRF_0.22-1.6_G.snv.bam	TARA_009_DCM_0.22-1.6_G.snv.bam	TARA_031_SRF_0.22-1.6_G.snv.bam	TARA_032_DCM_0.22-1.6_G.snv.bam	TARA_032_SRF_0.22-1.6_G.snv.bam	TARA_033_SRF_0.22-1.6_G.snv.bam	TARA_034_DCM_0.22-1.6_G.snv.bam	TARA_034_SRF_0.22-1.6_G.snv.bam	TARA_036_DCM_0.22-1.6_G.snv.bam	TARA_036_SRF_0.22-1.6_G.snv.bam	TARA_038_DCM_0.22-1.6_G.snv.bam	TARA_038_SRF_0.22-1.6_G.snv.bam	TARA_039_DCM_0.22-1.6_G.snv.bam	TARA_041_DCM_0.22-1.6_G.snv.bam	TARA_041_SRF_0.22-1.6_G.snv.bam	TARA_042_DCM_0.22-1.6_G.snv.bam	TARA_042_SRF_0.22-1.6_G.snv.bam	TARA_045_SRF_0.22-1.6_G.snv.bam	TARA_048_SRF_0.22-1.6_G.snv.bam	TARA_052_DCM_0.22-1.6_G.snv.bam	TARA_052_SRF_0.22-1.6_G.snv.bam	TARA_056_MES_0.22-3_G.snv.bam	TARA_056_SRF_0.22-3_G.snv.bam	TARA_057_SRF_0.22-3_G.snv.bam	TARA_058_DCM_0.22-3_G.snv.bam	TARA_062_SRF_0.22-3_G.snv.bam	TARA_064_DCM_0.22-3_G.snv.bam	TARA_064_SRF_0.22-3_G.snv.bam	TARA_065_DCM_0.22-3_G.snv.bam	TARA_065_SRF_0.22-3_G.snv.bam	TARA_066_DCM_0.22-3_G.snv.bam	TARA_066_SRF_0.22-3_G.snv.bam	TARA_068_SRF_0.22-3_G.snv.bam	TARA_072_DCM_0.22-3_G.snv.bam	TARA_072_MES_0.22-3_G.snv.bam	TARA_072_SRF_0.22-3_G.snv.bam	TARA_078_DCM_0.22-3_G.snv.bam	TARA_078_SRF_0.22-3_G.snv.bam	TARA_100_DCM_0.22-3_G.snv.bam	TARA_102_DCM_0.22-3_G.snv.bam	TARA_102_SRF_0.22-3_G.snv.bam	TARA_109_DCM_0.22-3_G.snv.bam	TARA_109_SRF_0.22-3_G.snv.bam	TARA_110_DCM_0.22-3_G.snv.bam	TARA_110_MES_0.22-3_G.snv.bam	TARA_110_SRF_0.22-3_G.snv.bam	TARA_111_SRF_0.22-3_G.snv.bam	TARA_122_SRF_0.22-3_G.snv.bam	TARA_124_MIX_0.22-3_G.snv.bam	TARA_124_SRF_0.22-3_G.snv.bam	TARA_125_SRF_0.22-3_G.snv.bam	TARA_128_DCM_0.22-3_G.snv.bam	TARA_128_SRF_0.22-3_G.snv.bam	TARA_132_SRF_0.22-3_G.snv.bam	TARA_137_SRF_0.22-3_G.snv.bam	TARA_138_DCM_0.22-3_G.snv.bam	TARA_140_SRF_0.22-3_G.snv.bam	TARA_141_SRF_0.22-3_G.snv.bam	TARA_142_DCM_0.22-3_G.snv.bam	TARA_142_SRF_0.22-3_G.snv.bam	TARA_145_SRF_0.22-3_G.snv.bam	TARA_146_SRF_0.22-3_G.snv.bam	TARA_148_SRF_0.22-3_G.snv.bam	TARA_149_SRF_0.22-3_G.snv.bam	TARA_150_DCM_0.22-3_G.snv.bam	TARA_150_SRF_0.22-3_G.snv.bam	TARA_151_DCM_0.22-3_G.snv.bam	TARA_151_SRF_0.22-3_G.snv.bam
TARA_004_DCM_0.22-1.6_G.snv.bam	0.0	0.0278981522891	0.0358822070162	0.0325672720156	0.0316228639282	0.0480887608692	0.0464021280258	0.0447957286787	0.0461008654848	0.0437640974748	0.0450933788621	0.0445871500912	0.043303647218	0.0440211238312	0.0450032812411	0.0440755804547	0.0420109076972	0.0446055408031	0.0433975349268	0.0437352946886	0.0461610340563	0.0489928003835	0.0409107637894	0.0425273512782	0.0524463893359	0.044129951624	0.0457111193481	0.046130312195	0.0462538250477	0.045401236154	0.0431928647379	0.0421278232138	0.0446569709312	0.0448257910728	0.0407198504991	0.044181948007	0.042932513402	0.0499374972187	0.0448663849534	0.0372800852879	0.0405724220002	0.0498107813692	0.0444190653546	0.0429630098057	0.0434418188689	0.0400713000578	0.0518264696917	0.048005564554	0.050254366677	0.0661180217262	0.0679772110664	0.0667783203379	0.0645704696035	0.0668944520908	0.0572403466887	0.0620675409122	0.0512750921547	0.041501379094	0.0420722326509	0.0482427149035	0.0479456137363	0.0423788221284	0.0429204005713	0.0401509449442	0.0410816640699	0.043135349099	0.0373405729123	0.028004365943	0.0322124857434	0.0331849521205	0.0311234437504
TARA_004_SRF_0.22-1.6_G.snv.bam	0.0278981522891	0.0	0.0379700951363	0.0324803527021	0.0343482629389	0.053438342963	0.0520187501406	0.050570999081	0.0500684481856	0.0492681465384	0.0488777944509	0.0495187184711	0.0484958551038	0.0495528122976	0.0501900398568	0.0497718402104	0.0477334181006	0.0503884071357	0.0501049209657	0.0490901459035	0.0516025471964	0.053935121445	0.0481561139384	0.0487147469956	0.0573415505293	0.0499855864918	0.0517548421929	0.052404602254	0.0519271037901	0.0524889194015	0.0497040665372	0.0486923225334	0.0517988548802	0.0509168633012	0.0483566807801	0.0501811671693	0.0466859592598	0.0520840710866	0.0504672440824	0.0448849153769	0.0461725935595	0.0548452579014	0.0491461116971	0.0478250606764	0.0489601547276	0.0454612049508	0.0581545044801	0.0562234954169	0.0563124826297	0.0715579960032	0.0740763221745	0.0717778423401	0.0710578547998	0.0733654454082	0.0633209369015	0.0684329805878	0.0566459034626	0.0481634466899	0.0502506418924	0.0525746967337	0.0537964848239	0.0476732880396	0.0484501158788	0.0454547127892	0.0472895123278	0.0484395554297	0.0443460444633	0.0343340003014	0.0385188295902	0.0374575839811	0.0347062840006
TARA_007_DCM_0.22-1.6_G.snv.bam	0.0358822070162	0.0379700951363	0.0	0.0356422907298	0.0358949172866	0.0574768232126	0.0568133318472	0.0555519255744	0.0573324389662	0.0559149230598	0.0570368617358	0.0559808467258	0.0554440471634	0.0555230058315	0.0561617485726	0.056084597196	0.0546902511221	0.0556437646452	0.0548850453804	0.055278338129	0.0560338517663	0.0600771915397	0.0526298625193	0.0542204103727	0.0605674084539	0.0545178589603	0.0563996604756	0.0556779111632	0.0560023023823	0.056586270632	0.054027842913	0.0534693607317	0.0552625864831	0.0534917868189	0.0513673936445	0.0539903254561	0.05498355535	0.060694618723	0.0538918703328	0.0495704560152	0.0524263219953	0.0594743546263	0.0550899059203	0.054606203962	0.0545749040741	0.0516832718074	0.0616237232271	0.0608414522434	0.0600764451975	0.0770936424486	0.0795791613638	0.0777490427765	0.0770323025019	0.078265392873	0.0689182084264	0.0735880412081	0.0626954145815	0.0517588145007	0.0537238797862	0.0580381863617	0.0599512885525	0.0529216807506	0.0543825519402	0.0507735421469	0.0515716047301	0.0528600540713	0.0482240393562	0.0403761015514	0.0413677161338	0.0363835342189	0.0363471693083
TARA_007_SRF_0.22-1.6_G.snv.bam	0.0325672720156	0.0324803527021	0.0356422907298	0.0	0.0342559604246	0.0531399312346	0.0519824551348	0.0504942558679	0.0506649635856	0.0490851371727	0.0500277036405	0.0492336830842	0.0491053875837	0.0497855566079	0.0501373628534	0.0494451201736	0.0477455448767	0.0509092567024	0.0498303080008	0.0490033301195	0.0520486143851	0.0523394823508	0.0498160143046	0.050338145854	0.0555510427934	0.0486886476006	0.0515475248163	0.0508232170412	0.0511451839056	0.0534015706121	0.0507692895146	0.0482947325144	0.0505542073827	0.0514060315332	0.0481401133266	0.0498789944226	0.0503299523575	0.0547346378772	0.0509051683656	0.0431485876017	0.0478431182718	0.0575891775753	0.0488506380319	0.0473171312795	0.0495586623999	0.046181114856	0.060667008403	0.0571575670711	0.059543134246	0.0756259118009	0.0770953990139	0.0754107511017	0.0738745923581	0.0748831391831	0.0668010819721	0.072858021706	0.0573154399644	0.0499726792037	0.0525759279634	0.0524002918322	0.0519246429249	0.0490799938979	0.0490356735632	0.0457983037792	0.0483942706365	0.0500930437052	0.0448333453834	0.0353277549289	0.0398019328003	0.0371332857482	0.0340284880493
TARA_009_DCM_0.22-1.6_G.snv.bam	0.0316228639282	0.0343482629389	0.0358949172866	0.0342559604246	0.0	0.0538963939432	0.0523187991433	0.05236985527	0.0533620666175	0.0507427421122	0.052979219152	0.0534005349887	0.0526564545524	0.0516365045572	0.0533037417036	0.0521245819558	0.0500976924905	0.0521309705826	0.0509548988006	0.0522551182441	0.0534860167703	0.0560056047562	0.0486878988437	0.0503683117804	0.0581580511834	0.0515223013256	0.0539301297389	0.0533340925323	0.0532997730344	0.0533397309892	0.050696386519	0.0504900304038	0.0529463497859	0.0516573920005	0.0495214016496	0.0508986087045	0.0506150618691	0.0569905260575	0.0536399115303	0.0455000503716	0.0479374824591	0.0528603440559	0.0512015270828	0.0499583800905	0.0496035858976	0.0490253215116	0.057825604708	0.0550871736967	0.0567033498694	0.070516564213	0.0733757570365	0.0737084274645	0.0711703240088	0.0730286676037	0.0650227630568	0.0704169277489	0.0591909995621	0.0498521363599	0.0483191881141	0.0559612289784	0.0560527690258	0.0498227871203	0.0495572961515	0.0480920840378	0.0494935958599	0.049471774594	0.0450583851562	0.0370123075772	0.0391991525729	0.0366233694816	0.0342531714911
TARA_031_SRF_0.22-1.6_G.snv.bam	0.0480887608692	0.053438342963	0.0574768232126	0.0531399312346	0.0538963939432	0.0	0.0255336710531	0.0198023642668	0.0254250336674	0.0378171953125	0.0282473368723	0.0342470908191	0.0319882036095	0.0300362038183	0.0321102078989	0.0297049461666	0.0289719435715	0.0259505468828	0.0287310077295	0.0270105058184	0.0334538373252	0.0421945751049	0.0382269054834	0.037247007081	0.041184782284	0.0298650002776	0.0296619455351	0.0289407965976	0.0294830758583	0.0378125497501	0.0321690074981	0.0292965346521	0.0301078141974	0.035174579676	0.0323072627607	0.045955001326	0.0412495882306	0.0402712458273	0.0354921695964	0.0373297035947	0.0364158753332	0.0589154840701	0.0502533986443	0.0480446349771	0.0467902287588	0.0381160621155	0.0579475811037	0.05636247353	0.0548083523994	0.0736433058591	0.0745932582073	0.0753678033642	0.0726872241523	0.0751575794573	0.0648476553845	0.0688949202705	0.0531335313071	0.0422443157668	0.053064551205	0.0365257342302	0.0336056860504	0.034329618955	0.0381934774837	0.0326961429823	0.0350173037634	0.0366041502851	0.0340580729531	0.0378156550288	0.0396765597379	0.0512335964301	0.0483279447677
TARA_032_DCM_0.22-1.6_G.snv.bam	0.0464021280258	0.0520187501406	0.0568133318472	0.0519824551348	0.0523187991433	0.0255336710531	0.0	0.0246983589463	0.0307080136254	0.0341843961438	0.0327926222854	0.0391862289893	0.0367407169829	0.0357999865422	0.0383697704289	0.0334089497326	0.0325269890099	0.0322045745674	0.0323147483027	0.0306334052381	0.0359243841176	0.0419029947233	0.0366878793335	0.0378090737426	0.0416654216271	0.0353043377123	0.0361639175484	0.0353779139333	0.0356583325808	0.0409852155937	0.0369343564938	0.0348010796862	0.0351865437439	0.0384164399727	0.0365454582055	0.045212353181	0.0385915386446	0.0407675094691	0.0352659804616	0.0371698988976	0.0379684499988	0.0574920800234	0.0507143405361	0.0483685593625	0.0476660783019	0.0413931118767	0.0597325798861	0.0557692355612	0.0559619365234	0.0737251426856	0.072890217968	0.0741582515235	0.0713297316975	0.0733064636412	0.0632583427718	0.0672429453153	0.0528383867957	0.0454934893319	0.0515884426346	0.042038586411	0.0373063777353	0.0349673726505	0.0369049550469	0.0372667151145	0.0390533583198	0.0379705415793	0.0373780956392	0.0384366034888	0.0430702387364	0.0544107944372	0.0512730157523
TARA_032_SRF_0.22-1.6_G.snv.bam	0.0447957286787	0.050570999081	0.0555519255744	0.0504942558679	0.05236985527	0.0198023642668	0.0246983589463	0.0	0.0210396649644	0.0355911576457	0.0235945538829	0.0314805169725	0.0292793696579	0.028822398031	0.0296994946265	0.026440724753	0.0263222936513	0.025330811482	0.028829954827	0.0238437500788	0.0325731259047	0.040507908684	0.0351661140538	0.0355198257925	0.0392197934651	0.0285875185355	0.0289366552068	0.028912642252	0.0293049565037	0.037455771791	0.0320413802949	0.0283443346385	0.0309056140558	0.0340671320807	0.031385843579	0.0459911670352	0.0396916797393	0.0380605701737	0.0334755597003	0.0355599295316	0.0346757503007	0.0578726167202	0.04884025507	0.0453361205624	0.04528372478	0.0363146098794	0.0575093071091	0.0547675984171	0.0543339739142	0.0724778085083	0.0736635511288	0.0733305495069	0.0710367101205	0.0727046843489	0.06243253649	0.0678628439321	0.0504766917181	0.0413956671631	0.0519198116022	0.0348134447127	0.0310721245083	0.0331527500234	0.035604038023	0.0309427634868	0.0356209803878	0.0363931115108	0.0348446857091	0.0357154671083	0.0392586274566	0.0508535242481	0.0479561116947
TARA_033_SRF_0.22-1.6_G.snv.bam	0.0461008654848	0.0500684481856	0.0573324389662	0.0506649635856	0.0533620666175	0.0254250336674	0.0307080136254	0.0210396649644	0.0	0.0377819525859	0.015735960289	0.0265643565403	0.0236656843884	0.0253098819549	0.0254308644909	0.0211177375013	0.0246794594188	0.0264914676626	0.0302184514575	0.0248030876268	0.0358954740749	0.0424488935006	0.0372734973587	0.0374133756641	0.039573147182	0.0293371256044	0.0269921095277	0.0284851163783	0.028092519334	0.0401291647074	0.0340485814211	0.0277045204904	0.0300374115836	0.0344135101024	0.0319662715821	0.0450384627301	0.0410621707418	0.0417776661963	0.0366300718584	0.0363813693573	0.036585039233	0.0580013980767	0.0466852110593	0.0435314950332	0.0442726416524	0.0339697900262	0.0572553933879	0.0539617271694	0.0540825454291	0.0735145128187	0.0740441654293	0.0740212744608	0.0710607891281	0.0733180334238	0.0627018129504	0.0675160127498	0.0532099953203	0.0407545080897	0.0510084026779	0.0283900987391	0.0255140919328	0.0357529856156	0.0382217809331	0.029821688023	0.0372462417641	0.0377964784701	0.0351653517202	0.0367049984695	0.0394716928697	0.0513807194571	0.0483824258686
TARA_034_DCM_0.22-1.6_G.snv.bam	0.0437640974748	0.0492681465384	0.0559149230598	0.0490851371727	0.0507427421122	0.0378171953125	0.0341843961438	0.0355911576457	0.0377819525859	0.0	0.0397415727897	0.0435743262001	0.0402893172778	0.0403366333777	0.0415015636918	0.037157497426	0.0357835938062	0.0389145797294	0.0361121575544	0.0362733784529	0.0420252599956	0.0483395107327	0.0373397097815	0.0387933111679	0.0465207972891	0.0395669285891	0.0417594978256	0.0407230485764	0.0415564874229	0.0440123636155	0.0399045780887	0.0372066317816	0.0394436267352	0.0406583776963	0.0381780726615	0.045742628975	0.038496844384	0.0442188007507	0.0412880192279	0.0386529071306	0.0416746543609	0.0533139434217	0.0504774201499	0.0471610252702	0.0459687451936	0.0415859420584	0.056876232949	0.052980262285	0.0555064963757	0.0710577162459	0.0731738065795	0.0718563697002	0.0690493533104	0.0709716566964	0.0593774042936	0.0654846491034	0.0550111174192	0.0444214541394	0.0455444824817	0.0466482955009	0.0429660807181	0.0394788773511	0.0409304331003	0.0396792259208	0.0415338524641	0.0407386280574	0.0392951864317	0.0390240787443	0.0435886432384	0.0512329203084	0.0490154802451
TARA_034_SRF_0.22-1.6_G.snv.bam	0.0450933788621	0.0488777944509	0.0570368617358	0.0500277036405	0.052979219152	0.0282473368723	0.0327926222854	0.0235945538829	0.015735960289	0.0397415727897	0.0	0.0246747749276	0.0214219870235	0.0239086407916	0.0231927565208	0.0211017319601	0.0245867170177	0.0271405515829	0.0310328093862	0.025933386459	0.0370757442596	0.0436451616902	0.0381585144355	0.0383902664054	0.0405177305308	0.0289979600715	0.028458552824	0.0288636515762	0.0280401536358	0.0401169949975	0.0343497740615	0.0270451326129	0.0298565416831	0.0334411008072	0.0321558510559	0.0463808718315	0.0421751598739	0.0413006768967	0.0370945368007	0.0358557641977	0.036124744222	0.0581330264059	0.0459768833896	0.0430511739991	0.0442274168884	0.0335013416086	0.0567549894645	0.0543808761951	0.0543201282239	0.0743261826057	0.0737570435739	0.0735323197946	0.0712278913633	0.0733463115781	0.0627538621188	0.0679304832421	0.0527381446513	0.0410281823326	0.0514175519343	0.0274153015399	0.0245395496933	0.0346310008874	0.0376990123612	0.028331622081	0.0368752555818	0.0374130748912	0.0337938940316	0.0364239984647	0.0393800855265	0.0512716570513	0.0474584583231
TARA_036_DCM_0.22-1.6_G.snv.bam	0.0445871500912	0.0495187184711	0.0559808467258	0.0492336830842	0.0534005349887	0.0342470908191	0.0391862289893	0.0314805169725	0.0265643565403	0.0435743262001	0.0246747749276	0.0	0.016446026925	0.0191654278038	0.0172097196714	0.0234788602688	0.0256244474513	0.02878667518	0.0311870381234	0.0298949565358	0.0380994115137	0.0466550077405	0.0406602354634	0.0409266182451	0.0438294324712	0.0318035897154	0.0305296998041	0.0301225225069	0.0293384589215	0.0422080349627	0.0343341645586	0.0292316836165	0.0304985097628	0.0357051019859	0.0317268047404	0.0470483789454	0.0453330264341	0.0467860127655	0.041392820022	0.0375637480383	0.0378991998297	0.0567546265854	0.0429086838026	0.0402927561625	0.042492544399	0.0310036563907	0.05492288263	0.0525427117647	0.0509327479126	0.0717722407561	0.0736039226629	0.0728491812149	0.0700852034021	0.0727218601101	0.063078465158	0.0672004279331	0.0538035165884	0.0377192978353	0.051216426877	0.023660107713	0.0282580325622	0.0385626728047	0.0403937376125	0.0296250499309	0.0378375507678	0.039641434242	0.0337921881571	0.0363090794529	0.0393218140756	0.0509027481992	0.0474352682315
TARA_036_SRF_0.22-1.6_G.snv.bam	0.043303647218	0.0484958551038	0.0554440471634	0.0491053875837	0.0526564545524	0.0319882036095	0.0367407169829	0.0292793696579	0.0236656843884	0.0402893172778	0.0214219870235	0.016446026925	0.0	0.0194553314884	0.0178142380407	0.0200814665748	0.0226757028516	0.0275244044327	0.0301530697988	0.0267915603527	0.0377228452654	0.0452891163105	0.0386683143498	0.038408282434	0.0418585404419	0.0307315963855	0.0300177569215	0.0299206441461	0.0292958456602	0.0414495582101	0.0344422844269	0.0280394622529	0.0304490022497	0.0339088407607	0.0316777589015	0.0464642743354	0.0433579203887	0.0451124510871	0.0395303897447	0.0363957151191	0.0368363376038	0.0558716712966	0.0412302063563	0.0387400036374	0.0404820599036	0.029274411458	0.0549647877989	0.0516236853186	0.050512859699	0.0719592780836	0.0731417566977	0.0722449983458	0.0695509476935	0.072216320428	0.0618126324586	0.0665963400115	0.053515065626	0.0369207071076	0.0494887541658	0.0262561112777	0.0265844728764	0.036544068057	0.0388496738917	0.028525784006	0.0377675831531	0.0383431982274	0.0338782724536	0.0356975461866	0.0395408487755	0.0505671786698	0.0465731743809
TARA_038_DCM_0.22-1.6_G.snv.bam	0.0440211238312	0.0495528122976	0.0555230058315	0.0497855566079	0.0516365045572	0.0300362038183	0.0357999865422	0.028822398031	0.0253098819549	0.0403366333777	0.0239086407916	0.0191654278038	0.0194553314884	0.0	0.0187962803925	0.0203099911968	0.0213646700729	0.0245279679289	0.0251860076494	0.0259266018278	0.0351565602542	0.0460817516715	0.0367273822502	0.037860838935	0.0416685155054	0.0287515922965	0.0271915705383	0.0251650307247	0.0265431563091	0.0379198499695	0.0301629496537	0.0246901565522	0.0258220849622	0.0309880555043	0.0277437926924	0.0439349790338	0.0418388252813	0.0438152457402	0.0383877872819	0.036176480213	0.0357208313574	0.0553842034003	0.0432320229788	0.0411614904134	0.0420935260553	0.0305245485265	0.0526274544913	0.0511074266771	0.0486772712356	0.070394036878	0.0716726018552	0.0721641853791	0.0691489819745	0.071573498522	0.061393752434	0.0644931785698	0.0530892179457	0.0353417324417	0.0491408371328	0.0244701481333	0.0287454758489	0.0360731287373	0.0383315912235	0.0266924568474	0.0338566265843	0.0358289565537	0.0298315185098	0.0352965036743	0.0364661167791	0.049320010663	0.0448379622212
TARA_038_SRF_0.22-1.6_G.snv.bam	0.0450032812411	0.0501900398568	0.0561617485726	0.0501373628534	0.0533037417036	0.0321102078989	0.0383697704289	0.0296994946265	0.0254308644909	0.0415015636918	0.0231927565208	0.0172097196714	0.0178142380407	0.0187962803925	0.0	0.0220250882244	0.0237793396412	0.0269165835114	0.0288413236653	0.0282090211938	0.0375290007176	0.0467824290268	0.0395552995836	0.0395404683059	0.042570718021	0.0303614831241	0.0291540788009	0.0284068122019	0.0280039875566	0.0407403296667	0.03365484135	0.0278026267184	0.0290384852778	0.0326748326625	0.0308098894993	0.0464717864199	0.0453284165828	0.0453469778	0.0405267713811	0.0380728215405	0.03574847742	0.057095177759	0.0439993718493	0.041543498786	0.0429166717031	0.0313600112816	0.0551903326249	0.0527187224848	0.0510434778586	0.0729470818942	0.074168436321	0.0738029632649	0.0712192905948	0.0740385680321	0.0637143876961	0.0673822922537	0.0547332811654	0.0374905406363	0.0514819814733	0.023507012599	0.0275388687699	0.0370174089094	0.0388223678599	0.0283926864362	0.0361948182734	0.0380160927199	0.0319864229144	0.0365720437366	0.0380524327774	0.0511165291867	0.0466258145127
TARA_039_DCM_0.22-1.6_G.snv.bam	0.0440755804547	0.0497718402104	0.056084597196	0.0494451201736	0.0521245819558	0.0297049461666	0.0334089497326	0.026440724753	0.0211177375013	0.037157497426	0.0211017319601	0.0234788602688	0.0200814665748	0.0203099911968	0.0220250882244	0.0	0.0190146730383	0.0241688180121	0.0257965543607	0.0228876132196	0.0364724546204	0.0438772887624	0.0365856113165	0.0370551846326	0.0390538492579	0.0287348214173	0.0275706544925	0.0270570559543	0.0266868221025	0.0398927732336	0.0326140941413	0.0253769832603	0.027931996097	0.0317156277292	0.0296229722851	0.04514318982	0.0423029419867	0.043069246858	0.0374382529585	0.0363278769725	0.0348460847643	0.0554562950313	0.0448752218969	0.0412609204371	0.041975665831	0.0320227877068	0.0557515861722	0.0514915885608	0.052141182785	0.0719258907335	0.0726432880159	0.0715568942753	0.0692798036383	0.0709941190498	0.0613660517781	0.0660432689084	0.0521857534417	0.0383940666241	0.0502237083688	0.0270732175813	0.0257207307095	0.0348291820419	0.0377079320956	0.0278444632741	0.0365880778103	0.0370224961213	0.0335997219222	0.0352107920469	0.0394534594006	0.0511088261068	0.048230751121
TARA_041_DCM_0.22-1.6_G.snv.bam	0.0420109076972	0.0477334181006	0.0546902511221	0.0477455448767	0.0500976924905	0.0289719435715	0.0325269890099	0.0263222936513	0.0246794594188	0.0357835938062	0.0245867170177	0.0256244474513	0.0226757028516	0.0213646700729	0.0237793396412	0.0190146730383	0.0	0.0224215666444	0.0234646988132	0.0226235130562	0.0329752099499	0.0411690383125	0.0327379620572	0.0343752078448	0.0382737124318	0.0272686165349	0.0266964369816	0.0265426930035	0.0262120520139	0.0355019644887	0.029353528512	0.0236150275073	0.0267180634594	0.0297243720364	0.0269295588712	0.0420404245204	0.0380657374127	0.04017406113	0.0345622080705	0.0329417109218	0.0325092602355	0.0533536120663	0.0427785441203	0.0400502012523	0.0402052810145	0.0306322095199	0.0533694311105	0.0504872036201	0.0498221259981	0.0692781569353	0.0703500697232	0.0702082203561	0.0677424723971	0.0691114263683	0.058224293874	0.0632002457807	0.0489937291603	0.0360397630431	0.0477944867778	0.0300220006907	0.0293069392399	0.0316731549408	0.0332257277978	0.0271476312813	0.0340149194155	0.0344355242903	0.0296969809946	0.0324799414114	0.0357917423555	0.0484740083526	0.0448705230667
TARA_041_SRF_0.22-1.6_G.snv.bam	0.0446055408031	0.0503884071357	0.0556437646452	0.0509092567024	0.0521309705826	0.0259505468828	0.0322045745674	0.025330811482	0.0264914676626	0.0389145797294	0.0271405515829	0.02878667518	0.0275244044327	0.0245279679289	0.0269165835114	0.0241688180121	0.0224215666444	0.0	0.0236112258344	0.0203958152479	0.02771088643	0.0368813942501	0.0324897299358	0.0334147682539	0.0360335628143	0.0230128831	0.0233553712905	0.0228718142823	0.0225829120458	0.0338346302869	0.0252786621536	0.023166863962	0.0236320857329	0.02923343481	0.0281304676663	0.0446657459298	0.0377778717605	0.0373347250416	0.0327824632807	0.0337776444955	0.0316361121326	0.0565697982902	0.0461873666235	0.0428550559118	0.0436669564864	0.0335299577123	0.054436433471	0.0523494135363	0.050897157812	0.0707399337463	0.0718316723444	0.0721124496851	0.0701085212793	0.0719331019226	0.0611001224696	0.0648326514721	0.0471963133835	0.0377127278837	0.0509526399931	0.0300812739813	0.0291810385978	0.0303401120544	0.0323333962237	0.0287169421543	0.0306770233422	0.0315913651006	0.0295960059278	0.0350306617562	0.0366863482868	0.0497300492586	0.0459014735055
TARA_042_DCM_0.22-1.6_G.snv.bam	0.0433975349268	0.0501049209657	0.0548850453804	0.0498303080008	0.0509548988006	0.0287310077295	0.0323147483027	0.028829954827	0.0302184514575	0.0361121575544	0.0310328093862	0.0311870381234	0.0301530697988	0.0251860076494	0.0288413236653	0.0257965543607	0.0234646988132	0.0236112258344	0.0	0.0236295979959	0.0312718363436	0.0422151683836	0.0309163405192	0.0343418786028	0.0391014588272	0.0274664344409	0.0275169194263	0.0246956838137	0.0254964913234	0.0331161353272	0.0249320507406	0.021883854728	0.0231875576484	0.0285031221795	0.0244749621914	0.0426310768156	0.0377661946229	0.0409034114888	0.034748138336	0.0339000570135	0.0334048125275	0.0532863612795	0.0453155975933	0.0433595035523	0.0423688890381	0.033987002383	0.0511223942981	0.0501574555928	0.047622526489	0.0682449810934	0.0698539693384	0.0702927767022	0.0675194557557	0.0697108511545	0.0586305793954	0.0620758512945	0.0511118259728	0.0351006657849	0.0470122571099	0.0330250291962	0.0336212704836	0.0316017003596	0.0344445137499	0.0291013234741	0.0303980366371	0.0306162659616	0.027848137665	0.0333303861637	0.034140868338	0.0478678014568	0.0443522280899
TARA_042_SRF_0.22-1.6_G.snv.bam	0.0437352946886	0.0490901459035	0.055278338129	0.0490033301195	0.0522551182441	0.0270105058184	0.0306334052381	0.0238437500788	0.0248030876268	0.0362733784529	0.025933386459	0.0298949565358	0.0267915603527	0.0259266018278	0.0282090211938	0.0228876132196	0.0226235130562	0.0203958152479	0.0236295979959	0.0	0.0286109154734	0.0369177707359	0.0315028693496	0.0323997099491	0.0372129024783	0.0247420255687	0.0241933865458	0.0249621097529	0.0246021710473	0.0352775201546	0.0281057114424	0.0236675173432	0.0260621411818	0.0314482504381	0.0282374394839	0.0448050851738	0.0377023035417	0.0376540738141	0.0325742596611	0.0322257748233	0.0322852554198	0.0547931550109	0.0461024748443	0.0431743750732	0.0427653378565	0.0334841371788	0.055267116282	0.0520933034729	0.0517911964136	0.0704623103157	0.0711265352993	0.0709362864678	0.0684610589249	0.0706169686257	0.0594947551024	0.0652727471886	0.0474844557911	0.0388068801416	0.0491365876645	0.0325019642758	0.0277070612334	0.0288893913075	0.0316476965679	0.0296605409937	0.0329468832269	0.0332399492171	0.0310135899986	0.0345086334703	0.038468406769	0.0498673607904	0.0466591517976
TARA_045_SRF_0.22-1.6_G.snv.bam	0.0461610340563	0.0516025471964	0.0560338517663	0.0520486143851	0.0534860167703	0.0334538373252	0.0359243841176	0.0325731259047	0.0358954740749	0.0420252599956	0.0370757442596	0.0380994115137	0.0377228452654	0.0351565602542	0.0375290007176	0.0364724546204	0.0329752099499	0.02771088643	0.0312718363436	0.0286109154734	0.0	0.029509728855	0.0315987985909	0.0315626122166	0.0388370670049	0.0295262256832	0.0299207661	0.0306753031669	0.0315225773495	0.0345174562802	0.026557287449	0.0299292394883	0.0305334141215	0.0369317916056	0.035064156822	0.0446120233132	0.0360548297551	0.0359754437939	0.0307257769123	0.0359021143052	0.0329903740571	0.0570138618644	0.0486634342937	0.0475508501834	0.0464951053547	0.0388515217967	0.0551945335816	0.0542636066928	0.0518471764068	0.0706805214671	0.0715414589976	0.0713162102462	0.0690441373061	0.0705389949256	0.0602699892892	0.064633536093	0.0438478456122	0.04030231995	0.0508336688991	0.0408313130449	0.0387460820115	0.029840592897	0.0306867197672	0.0354334167301	0.0331127096462	0.0335179072737	0.0336857492171	0.0372937244823	0.0373403661967	0.050190024522	0.0474335355584
TARA_048_SRF_0.22-1.6_G.snv.bam	0.0489928003835	0.053935121445	0.0600771915397	0.0523394823508	0.0560056047562	0.0421945751049	0.0419029947233	0.040507908684	0.0424488935006	0.0483395107327	0.0436451616902	0.0466550077405	0.0452891163105	0.0460817516715	0.0467824290268	0.0438772887624	0.0411690383125	0.0368813942501	0.0422151683836	0.0369177707359	0.029509728855	0.0	0.0340774513499	0.0359637431833	0.044556760278	0.0371449133706	0.0407110652021	0.0409560077991	0.0421844752574	0.0423063144244	0.0374139867989	0.0401523991911	0.0425194116836	0.0459221485002	0.0446170874608	0.0511338996951	0.0399513145491	0.0380675932758	0.0342162212556	0.0394349622813	0.0395987822797	0.0603237716668	0.0550606431766	0.05286239726	0.0511498228695	0.0459181764632	0.0622186788238	0.0582315331428	0.0603197502969	0.0756361881883	0.0744349838728	0.074405597438	0.072309081328	0.0733640519527	0.0622668154854	0.0693024533197	0.0394445298312	0.0494082470155	0.0550131925622	0.0503349133666	0.0442352988938	0.0355767143058	0.035249173177	0.0438076735422	0.0420275488098	0.0422091786537	0.043152665881	0.0419796526278	0.0455706198051	0.0553501224013	0.051552670489
TARA_052_DCM_0.22-1.6_G.snv.bam	0.0409107637894	0.0481561139384	0.0526298625193	0.0498160143046	0.0486878988437	0.0382269054834	0.0366878793335	0.0351661140538	0.0372734973587	0.0373397097815	0.0381585144355	0.0406602354634	0.0386683143498	0.0367273822502	0.0395552995836	0.0365856113165	0.0327379620572	0.0324897299358	0.0309163405192	0.0315028693496	0.0315987985909	0.0340774513499	0.0	0.0299351853174	0.0417349759738	0.0323850980108	0.0339075060455	0.0324658949798	0.0345926836234	0.0332922538857	0.0273410134668	0.0300228699736	0.0322554778281	0.0362492267513	0.0332526938151	0.0425983097071	0.0295860484961	0.0372683989636	0.0317799234515	0.0308151336333	0.0334226013269	0.0501498709504	0.0460916612763	0.0446866747797	0.0412201763094	0.0382224621998	0.0500383296611	0.0487262217761	0.0473224020972	0.0665373529845	0.0668528067285	0.0672122108991	0.0640800729195	0.0649191140995	0.0530222867365	0.0597204198419	0.0446522778679	0.0380984276	0.0415701847234	0.0434855188531	0.0413195928584	0.0300665011105	0.0305597048107	0.0364098878854	0.0328648492974	0.0339201649366	0.0326508081676	0.0335161209557	0.037122338756	0.0461770928744	0.04445634651
TARA_052_SRF_0.22-1.6_G.snv.bam	0.0425273512782	0.0487147469956	0.0542204103727	0.050338145854	0.0503683117804	0.037247007081	0.0378090737426	0.0355198257925	0.0374133756641	0.0387933111679	0.0383902664054	0.0409266182451	0.038408282434	0.037860838935	0.0395404683059	0.0370551846326	0.0343752078448	0.0334147682539	0.0343418786028	0.0323997099491	0.0315626122166	0.0359637431833	0.0299351853174	0.0	0.0422910748141	0.0333928563079	0.0356284658574	0.0345981280959	0.0365444824889	0.0379250973472	0.0318622494736	0.0337081307314	0.0352008588036	0.037394750956	0.0361486604229	0.043940936262	0.0356128818134	0.0375972325575	0.0328179059673	0.0341185149394	0.0348034150221	0.0500284285047	0.0460647388268	0.044094682485	0.0400987945419	0.0368135901544	0.0514296178153	0.048907410295	0.049015636007	0.0651137866229	0.0651610660227	0.0638719556978	0.0622119333455	0.0646203645502	0.0533649932839	0.0592377803519	0.0462583688927	0.0375585791999	0.0449195447247	0.0426640192808	0.0406293152481	0.0322054457134	0.033401977568	0.0361416264028	0.0357650548149	0.0370515834934	0.0360702379998	0.0361159775992	0.0398130859822	0.0492688843737	0.0465601200543
TARA_056_MES_0.22-3_G.snv.bam	0.0524463893359	0.0573415505293	0.0605674084539	0.0555510427934	0.0581580511834	0.041184782284	0.0416654216271	0.0392197934651	0.039573147182	0.0465207972891	0.0405177305308	0.0438294324712	0.0418585404419	0.0416685155054	0.042570718021	0.0390538492579	0.0382737124318	0.0360335628143	0.0391014588272	0.0372129024783	0.0388370670049	0.044556760278	0.0417349759738	0.0422910748141	0.0	0.0347648282789	0.0344238240764	0.0362194458358	0.0352207936958	0.0410979416047	0.0386241559436	0.0359721376204	0.0366167141923	0.0411121469036	0.040073818739	0.0481296006484	0.043121192512	0.0443370383408	0.0422265261288	0.0422666853174	0.0421525328753	0.0607509916285	0.0559424096647	0.0536079637864	0.0522160822934	0.0455596247723	0.0632176544181	0.0603872569813	0.0612984378358	0.0784810194114	0.0775840150609	0.078169335609	0.0769724684773	0.0779916461157	0.0648060012456	0.0706090757857	0.0546576002124	0.0503066034263	0.0562873499873	0.0463244609381	0.0414078546245	0.039951058101	0.041549919648	0.0411152356244	0.0438712007291	0.0429243969328	0.0426604220606	0.0443451767244	0.0473163795615	0.0571105293443	0.055912218168
TARA_056_SRF_0.22-3_G.snv.bam	0.044129951624	0.0499855864918	0.0545178589603	0.0486886476006	0.0515223013256	0.0298650002776	0.0353043377123	0.0285875185355	0.0293371256044	0.0395669285891	0.0289979600715	0.0318035897154	0.0307315963855	0.0287515922965	0.0303614831241	0.0287348214173	0.0272686165349	0.0230128831	0.0274664344409	0.0247420255687	0.0295262256832	0.0371449133706	0.0323850980108	0.0333928563079	0.0347648282789	0.0	0.0211581448081	0.02169573067	0.021168731654	0.0334415171527	0.0260357351293	0.0228495088586	0.0232667119157	0.0302178778977	0.0277885070222	0.0448171343707	0.0368637226606	0.0366924090164	0.0334160860695	0.0341304868748	0.0321024407997	0.0544302318194	0.0470033755805	0.0443909100379	0.0429608054206	0.0349733041917	0.0535432715429	0.0519212761121	0.0506197592327	0.0689161119623	0.0693200189788	0.0703027080988	0.068101220029	0.0704622773005	0.0590562091719	0.0644374623461	0.0480776194099	0.0380391543849	0.0482566924808	0.0326719046756	0.0300940126898	0.0314855389587	0.0333449743326	0.0295916707282	0.0315704416644	0.0329184614811	0.030355253947	0.0346644683853	0.0367715321448	0.0493833910093	0.0454642478316
TARA_057_SRF_0.22-3_G.snv.bam	0.0457111193481	0.0517548421929	0.0563996604756	0.0515475248163	0.0539301297389	0.0296619455351	0.0361639175484	0.0289366552068	0.0269921095277	0.0417594978256	0.028458552824	0.0305296998041	0.0300177569215	0.0271915705383	0.0291540788009	0.0275706544925	0.0266964369816	0.0233553712905	0.0275169194263	0.0241933865458	0.0299207661	0.0407110652021	0.0339075060455	0.0356284658574	0.0344238240764	0.0211581448081	0.0	0.0201570578899	0.0208450381601	0.0339464963172	0.0263736948627	0.0225784222418	0.0219140401322	0.0312604246984	0.0272900011196	0.0450739004914	0.0387794144076	0.0399893604575	0.0351809539959	0.0355658290124	0.0331419531482	0.0565009187145	0.0482089853468	0.0456571732328	0.0446057220516	0.0356642421502	0.0554102022787	0.0535534897775	0.0517731569208	0.0722870135846	0.0725398121043	0.0729105043039	0.0703717929673	0.0732813568323	0.0615498730385	0.0660019092095	0.0502462032029	0.0393207275275	0.0506168266878	0.0313863060366	0.0280287244807	0.0329754474498	0.0346062533214	0.0300052627584	0.0311744381924	0.0345977194484	0.0310081273672	0.0371582459891	0.0377893656676	0.050500610296	0.047364804999
TARA_058_DCM_0.22-3_G.snv.bam	0.046130312195	0.052404602254	0.0556779111632	0.0508232170412	0.0533340925323	0.0289407965976	0.0353779139333	0.028912642252	0.0284851163783	0.0407230485764	0.0288636515762	0.0301225225069	0.0299206441461	0.0251650307247	0.0284068122019	0.0270570559543	0.0265426930035	0.0228718142823	0.0246956838137	0.0249621097529	0.0306753031669	0.0409560077991	0.0324658949798	0.0345981280959	0.0362194458358	0.02169573067	0.0201570578899	0.0	0.0195829527943	0.0333110154699	0.0233694560467	0.02036782081	0.0199660896124	0.0279392389479	0.0245793291481	0.0429833514145	0.0392025894608	0.0408840426992	0.0358620516514	0.0354075569817	0.0331213952247	0.056210581657	0.0472419520515	0.0454676763074	0.0437807098966	0.0346849386717	0.0529722867935	0.052907923749	0.0495086894033	0.0710493045221	0.0703546554881	0.07145541307	0.0693067556777	0.0719988520283	0.0610010890544	0.0650555459423	0.0511038013376	0.0370465012009	0.0507825927733	0.0301067488616	0.0301047378305	0.0331954282237	0.0355143304605	0.0292959889623	0.0306621279861	0.0324040684725	0.0298402989799	0.0365835171565	0.0364534980348	0.0491111169205	0.0458146779476
TARA_062_SRF_0.22-3_G.snv.bam	0.0462538250477	0.0519271037901	0.0560023023823	0.0511451839056	0.0532997730344	0.0294830758583	0.0356583325808	0.0293049565037	0.028092519334	0.0415564874229	0.0280401536358	0.0293384589215	0.0292958456602	0.0265431563091	0.0280039875566	0.0266868221025	0.0262120520139	0.0225829120458	0.0254964913234	0.0246021710473	0.0315225773495	0.0421844752574	0.0345926836234	0.0365444824889	0.0352207936958	0.021168731654	0.0208450381601	0.0195829527943	0.0	0.0345478979968	0.0266326716011	0.0221435847215	0.0214189718422	0.0277555397431	0.0252650077522	0.0444939588175	0.0410618076072	0.039319103364	0.037086628523	0.0352662755573	0.0328001619427	0.0575736669323	0.0463730697711	0.0449044547146	0.044806944736	0.0346232426256	0.0552455859137	0.0534946756444	0.0513702772976	0.0715757430952	0.0724066429329	0.0723739461956	0.0701626703064	0.0730374193223	0.0620458857095	0.065799157539	0.0513178295006	0.0379693870532	0.051044679882	0.0296468163859	0.0292210164071	0.0333330749878	0.0358112360582	0.028655232397	0.032437936879	0.033153258344	0.029979596922	0.0364951989964	0.0362296590953	0.0504843891945	0.0461725841168
TARA_064_DCM_0.22-3_G.snv.bam	0.045401236154	0.0524889194015	0.056586270632	0.0534015706121	0.0533397309892	0.0378125497501	0.0409852155937	0.037455771791	0.0401291647074	0.0440123636155	0.0401169949975	0.0422080349627	0.0414495582101	0.0379198499695	0.0407403296667	0.0398927732336	0.0355019644887	0.0338346302869	0.0331161353272	0.0352775201546	0.0345174562802	0.0423063144244	0.0332922538857	0.0379250973472	0.0410979416047	0.0334415171527	0.0339464963172	0.0333110154699	0.0345478979968	0.0	0.0288459026518	0.0323690085464	0.0323475239907	0.035214057412	0.0327238399342	0.0441980439832	0.0398580358774	0.0405053437378	0.0375255213193	0.0366379506949	0.0356216260272	0.0569574551942	0.0507032192644	0.0501619883124	0.0470535038543	0.0418111200643	0.0541973377827	0.0529985113388	0.0515789642594	0.0705453032684	0.0711418501281	0.0711021382469	0.0698961263563	0.0712759124159	0.059024099256	0.0631309844453	0.0488274501471	0.0414811662163	0.0505348605978	0.0449950172388	0.0425182517347	0.0351773672893	0.0358741153604	0.0362646980465	0.0344827322049	0.0338485608627	0.0350176488113	0.038968544057	0.038598359313	0.0505497051654	0.0475494904274
TARA_064_SRF_0.22-3_G.snv.bam	0.0431928647379	0.0497040665372	0.054027842913	0.0507692895146	0.050696386519	0.0321690074981	0.0369343564938	0.0320413802949	0.0340485814211	0.0399045780887	0.0343497740615	0.0343341645586	0.0344422844269	0.0301629496537	0.03365484135	0.0326140941413	0.029353528512	0.0252786621536	0.0249320507406	0.0281057114424	0.026557287449	0.0374139867989	0.0273410134668	0.0318622494736	0.0386241559436	0.0260357351293	0.0263736948627	0.0233694560467	0.0266326716011	0.0288459026518	0.0	0.0237001906586	0.0233408674375	0.0293075003604	0.0262552268066	0.0424828632546	0.0347485026027	0.0379184612953	0.0315195491723	0.032684075957	0.0303952810687	0.0552255526022	0.0466323841571	0.0454515000573	0.042811037486	0.0362484397634	0.0507304519371	0.0513203045882	0.0469868615462	0.0683576954236	0.0689952953338	0.0696773058516	0.0684973227923	0.0696074661246	0.0572425982298	0.0616867003058	0.0462205595809	0.0348062520523	0.04773371146	0.0363189040774	0.0368660275748	0.0298126170569	0.0308059403388	0.0304270532625	0.0277718267575	0.0284263015804	0.0286456378717	0.0338580851419	0.0332668482749	0.0465722449461	0.0432684379875
TARA_065_DCM_0.22-3_G.snv.bam	0.0421278232138	0.0486923225334	0.0534693607317	0.0482947325144	0.0504900304038	0.0292965346521	0.0348010796862	0.0283443346385	0.0277045204904	0.0372066317816	0.0270451326129	0.0292316836165	0.0280394622529	0.0246901565522	0.0278026267184	0.0253769832603	0.0236150275073	0.023166863962	0.021883854728	0.0236675173432	0.0299292394883	0.0401523991911	0.0300228699736	0.0337081307314	0.0359721376204	0.0228495088586	0.0225784222418	0.02036782081	0.0221435847215	0.0323690085464	0.0237001906586	0.0	0.0206535471364	0.0271298263179	0.0234001384353	0.0426674462486	0.0363604358075	0.0393314002211	0.0344360645176	0.0326608731136	0.0316193680582	0.0533780952037	0.0444214679106	0.0426738055553	0.0413402331386	0.032611633302	0.0513353569042	0.0504124280854	0.0480050744647	0.0686214266924	0.069154258327	0.0704400849891	0.067662269267	0.0700026343663	0.058502257827	0.0617130440097	0.0498876879599	0.0359139890397	0.0469949138146	0.0312472303188	0.0299672040927	0.0314214891322	0.0336062290004	0.0276035167202	0.031127584624	0.0312024402512	0.0289101423798	0.0335323821869	0.0339959031748	0.0461371080739	0.0426402623715
