	TARA_004_DCM_0.22-1.6_G.snv.bam	TARA_025_DCM_0.22-1.6_G.snv.bam	TARA_078_DCM_0.22-3_G.snv.bam	TARA_098_DCM_0.22-3_G.snv.bam	TARA_100_DCM_0.22-3_G.snv.bam	TARA_102_DCM_0.22-3_G.snv.bam	TARA_111_DCM_0.22-3_G.snv.bam	TARA_112_DCM_0.22-3_G.snv.bam	TARA_132_DCM_0.22-3_G.snv.bam	TARA_138_DCM_0.22-3_G.snv.bam
TARA_004_DCM_0.22-1.6_G.snv.bam	0.0	0.00280112044818	0.00140056022409	0.00280112044818	0.0	0.00560224089636	0.00140056022409	0.00980392156863	0.0	0.00280112044818
TARA_025_DCM_0.22-1.6_G.snv.bam	0.00280112044818	0.0	0.00140056022409	0.00980392156863	0.00140056022409	0.00420168067227	0.00840336134454	0.0182072829132	0.00420168067227	0.00840336134454
TARA_078_DCM_0.22-3_G.snv.bam	0.00140056022409	0.00140056022409	0.0	0.00420168067227	0.0	0.00280112044818	0.00140056022409	0.00840336134454	0.00420168067227	0.00420168067227
TARA_098_DCM_0.22-3_G.snv.bam	0.00280112044818	0.00980392156863	0.00420168067227	0.0	0.0	0.00280112044818	0.0	0.00280112044818	0.00140056022409	0.0
TARA_100_DCM_0.22-3_G.snv.bam	0.0	0.00140056022409	0.0	0.0	0.0	0.00280112044818	0.00140056022409	0.00420168067227	0.0	0.00140056022409
TARA_102_DCM_0.22-3_G.snv.bam	0.00560224089636	0.00420168067227	0.00280112044818	0.00280112044818	0.00280112044818	0.0	0.00280112044818	0.00700280112045	0.0	0.00140056022409
TARA_111_DCM_0.22-3_G.snv.bam	0.00140056022409	0.00840336134454	0.00140056022409	0.0	0.00140056022409	0.00280112044818	0.0	0.00280112044818	0.00140056022409	0.0
TARA_112_DCM_0.22-3_G.snv.bam	0.00980392156863	0.0182072829132	0.00840336134454	0.00280112044818	0.00420168067227	0.00700280112045	0.00280112044818	0.0	0.00280112044818	0.00140056022409
TARA_132_DCM_0.22-3_G.snv.bam	0.0	0.00420168067227	0.00420168067227	0.00140056022409	0.0	0.0	0.00140056022409	0.00280112044818	0.0	0.0
TARA_138_DCM_0.22-3_G.snv.bam	0.00280112044818	0.00840336134454	0.00420168067227	0.0	0.00140056022409	0.00140056022409	0.0	0.00140056022409	0.0	0.0
