	TARA_004_DCM_0.22-1.6_G.snv.bam	TARA_004_SRF_0.22-1.6_G.snv.bam	TARA_009_SRF_0.22-1.6_G.snv.bam	TARA_018_DCM_0.22-1.6_G.snv.bam	TARA_018_SRF_0.22-1.6_G.snv.bam	TARA_023_SRF_0.22-1.6_G.snv.bam	TARA_025_SRF_0.22-1.6_G.snv.bam	TARA_030_DCM_0.22-1.6_G.snv.bam	TARA_030_SRF_0.22-1.6_G.snv.bam	TARA_078_SRF_0.22-3_G.snv.bam	TARA_094_SRF_0.22-3_G.snv.bam	TARA_096_SRF_0.22-3_G.snv.bam	TARA_098_SRF_0.22-3_G.snv.bam	TARA_099_SRF_0.22-3_G.snv.bam	TARA_133_SRF_0.22-3_G.snv.bam	TARA_150_SRF_0.22-3_G.snv.bam	TARA_151_SRF_0.22-3_G.snv.bam
TARA_004_DCM_0.22-1.6_G.snv.bam	0.0	0.0312460325568	0.0445186916708	0.0399126023395	0.0412287770111	0.0560894006425	0.0498139007727	0.0459542805969	0.0537094453758	0.0468780196653	0.0434682657028	0.0484483935716	0.0545481919732	0.0407795760161	0.0517438651283	0.0471007050336	0.0408226998024
TARA_004_SRF_0.22-1.6_G.snv.bam	0.0312460325568	0.0	0.0339562941588	0.0321287846848	0.0339291737911	0.0508001432678	0.0445028864356	0.03871510823	0.0491122636204	0.0435924102731	0.0360363200723	0.0447989146765	0.0528684613813	0.0347628311545	0.0497101260648	0.0439548579516	0.0336939820492
TARA_009_SRF_0.22-1.6_G.snv.bam	0.0445186916708	0.0339562941588	0.0	0.0438385116772	0.0443426929127	0.0466788320362	0.0442302783204	0.0393795353447	0.0470503891915	0.0565157864896	0.0477800858496	0.0575142876821	0.0648058703139	0.0480026444204	0.0614063533395	0.0536248435058	0.0477713161967
TARA_018_DCM_0.22-1.6_G.snv.bam	0.0399126023395	0.0321287846848	0.0438385116772	0.0	0.0306994372302	0.0509211840477	0.0442593490338	0.0388779709761	0.0475426854694	0.0440941865183	0.0440793827622	0.0475978991059	0.0535022287582	0.0402194685713	0.0521148517806	0.0465091914863	0.0410330283369
TARA_018_SRF_0.22-1.6_G.snv.bam	0.0412287770111	0.0339291737911	0.0443426929127	0.0306994372302	0.0	0.0525188953667	0.044482256224	0.040395341363	0.0466216101008	0.0455953732406	0.0465205974638	0.0492085835916	0.0542888263695	0.0410384557181	0.0532503028196	0.0491414380671	0.0417866510509
TARA_023_SRF_0.22-1.6_G.snv.bam	0.0560894006425	0.0508001432678	0.0466788320362	0.0509211840477	0.0525188953667	0.0	0.0349417008212	0.0385927562341	0.040361111285	0.0634694288113	0.0590319948125	0.0666965302168	0.07087514161	0.0576940946274	0.0664271960655	0.0625099531456	0.0580484903635
TARA_025_SRF_0.22-1.6_G.snv.bam	0.0498139007727	0.0445028864356	0.0442302783204	0.0442593490338	0.044482256224	0.0349417008212	0.0	0.0332863978926	0.0336717565532	0.0580573008612	0.0567899834993	0.0621639730612	0.0651137632191	0.0516534823558	0.0654531668763	0.0594804794136	0.0562719613289
TARA_030_DCM_0.22-1.6_G.snv.bam	0.0459542805969	0.03871510823	0.0393795353447	0.0388779709761	0.040395341363	0.0385927562341	0.0332863978926	0.0	0.0359799402807	0.0521264496485	0.0468483491924	0.0536080214313	0.0617413797292	0.0462461235024	0.0573224019869	0.053993987153	0.0465843553797
TARA_030_SRF_0.22-1.6_G.snv.bam	0.0537094453758	0.0491122636204	0.0470503891915	0.0475426854694	0.0466216101008	0.040361111285	0.0336717565532	0.0359799402807	0.0	0.0628726462674	0.0600182630705	0.0649114487734	0.0678892428788	0.0546654894903	0.0671098841072	0.0630201825103	0.057516937073
TARA_078_SRF_0.22-3_G.snv.bam	0.0468780196653	0.0435924102731	0.0565157864896	0.0440941865183	0.0455953732406	0.0634694288113	0.0580573008612	0.0521264496485	0.0628726462674	0.0	0.0499341042147	0.0452942075664	0.0527147329212	0.0430906347277	0.0548871505631	0.0500697624982	0.043765066024
TARA_094_SRF_0.22-3_G.snv.bam	0.0434682657028	0.0360363200723	0.0477800858496	0.0440793827622	0.0465205974638	0.0590319948125	0.0567899834993	0.0468483491924	0.0600182630705	0.0499341042147	0.0	0.0454785759832	0.0570102274734	0.0412076620251	0.0489242292007	0.0502158987991	0.0403462771749
TARA_096_SRF_0.22-3_G.snv.bam	0.0484483935716	0.0447989146765	0.0575142876821	0.0475978991059	0.0492085835916	0.0666965302168	0.0621639730612	0.0536080214313	0.0649114487734	0.0452942075664	0.0454785759832	0.0	0.0389149565823	0.0376515711062	0.0558881098501	0.0546132149417	0.0491751948119
TARA_098_SRF_0.22-3_G.snv.bam	0.0545481919732	0.0528684613813	0.0648058703139	0.0535022287582	0.0542888263695	0.07087514161	0.0651137632191	0.0617413797292	0.0678892428788	0.0527147329212	0.0570102274734	0.0389149565823	0.0	0.0442405113309	0.0630189463736	0.0599391841928	0.0555025185618
TARA_099_SRF_0.22-3_G.snv.bam	0.0407795760161	0.0347628311545	0.0480026444204	0.0402194685713	0.0410384557181	0.0576940946274	0.0516534823558	0.0462461235024	0.0546654894903	0.0430906347277	0.0412076620251	0.0376515711062	0.0442405113309	0.0	0.0502604681578	0.0488394873938	0.0419863324669
TARA_133_SRF_0.22-3_G.snv.bam	0.0517438651283	0.0497101260648	0.0614063533395	0.0521148517806	0.0532503028196	0.0664271960655	0.0654531668763	0.0573224019869	0.0671098841072	0.0548871505631	0.0489242292007	0.0558881098501	0.0630189463736	0.0502604681578	0.0	0.0566540001937	0.0493423834171
TARA_150_SRF_0.22-3_G.snv.bam	0.0471007050336	0.0439548579516	0.0536248435058	0.0465091914863	0.0491414380671	0.0625099531456	0.0594804794136	0.053993987153	0.0630201825103	0.0500697624982	0.0502158987991	0.0546132149417	0.0599391841928	0.0488394873938	0.0566540001937	0.0	0.0458630731411
TARA_151_SRF_0.22-3_G.snv.bam	0.0408226998024	0.0336939820492	0.0477713161967	0.0410330283369	0.0417866510509	0.0580484903635	0.0562719613289	0.0465843553797	0.057516937073	0.043765066024	0.0403462771749	0.0491751948119	0.0555025185618	0.0419863324669	0.0493423834171	0.0458630731411	0.0
