	TARA_009_DCM_0.22-1.6_G.snv.bam	TARA_066_SRF_0.22-3_G.snv.bam	TARA_067_SRF_0.22-3_G.snv.bam	TARA_093_DCM_0.22-3_G.snv.bam	TARA_093_SRF_0.22-3_G.snv.bam	TARA_133_DCM_0.22-3_G.snv.bam	TARA_133_SRF_0.22-3_G.snv.bam
TARA_009_DCM_0.22-1.6_G.snv.bam	0.0	0.0847463990117	0.115856149194	0.10462664123	0.104103285565	0.108965444669	0.105787058083
TARA_066_SRF_0.22-3_G.snv.bam	0.0847463990117	0.0	0.106635061617	0.096192858235	0.0932117655799	0.0930702492592	0.0895944907141
TARA_067_SRF_0.22-3_G.snv.bam	0.115856149194	0.106635061617	0.0	0.0647233612166	0.0599981949513	0.0641931657651	0.0658298365378
TARA_093_DCM_0.22-3_G.snv.bam	0.10462664123	0.096192858235	0.0647233612166	0.0	0.0372337162715	0.0596495111665	0.057814394754
TARA_093_SRF_0.22-3_G.snv.bam	0.104103285565	0.0932117655799	0.0599981949513	0.0372337162715	0.0	0.0503891781732	0.0468116657546
TARA_133_DCM_0.22-3_G.snv.bam	0.108965444669	0.0930702492592	0.0641931657651	0.0596495111665	0.0503891781732	0.0	0.0313722243925
TARA_133_SRF_0.22-3_G.snv.bam	0.105787058083	0.0895944907141	0.0658298365378	0.057814394754	0.0468116657546	0.0313722243925	0.0
