	TARA_031_SRF_0.22-1.6_G.snv.bam	TARA_032_SRF_0.22-1.6_G.snv.bam	TARA_041_SRF_0.22-1.6_G.snv.bam	TARA_042_SRF_0.22-1.6_G.snv.bam	TARA_045_SRF_0.22-1.6_G.snv.bam	TARA_048_SRF_0.22-1.6_G.snv.bam	TARA_056_SRF_0.22-3_G.snv.bam	TARA_057_SRF_0.22-3_G.snv.bam	TARA_058_DCM_0.22-3_G.snv.bam	TARA_062_SRF_0.22-3_G.snv.bam	TARA_064_DCM_0.22-3_G.snv.bam	TARA_064_SRF_0.22-3_G.snv.bam	TARA_072_SRF_0.22-3_G.snv.bam	TARA_076_SRF_0.22-3_G.snv.bam	TARA_078_DCM_0.22-3_G.snv.bam	TARA_078_SRF_0.22-3_G.snv.bam	TARA_099_SRF_0.22-3_G.snv.bam	TARA_112_DCM_0.22-3_G.snv.bam	TARA_112_SRF_0.22-3_G.snv.bam	TARA_132_SRF_0.22-3_G.snv.bam	TARA_138_SRF_0.22-3_G.snv.bam	TARA_142_DCM_0.22-3_G.snv.bam	TARA_142_SRF_0.22-3_G.snv.bam
TARA_031_SRF_0.22-1.6_G.snv.bam	0.0	0.0239031737935	0.0328897507057	0.0344180431059	0.0316442699604	0.0329035899857	0.031300256273	0.0373809114728	0.0337316497451	0.0343100485414	0.0357632371337	0.0305801486428	0.0344822659532	0.0409144710446	0.0423375900005	0.0353668179968	0.050425584475	0.0482117930589	0.0436677684429	0.0344480696187	0.0375510306731	0.0388166864688	0.0414389289074
TARA_032_SRF_0.22-1.6_G.snv.bam	0.0239031737935	0.0	0.0312251305747	0.0339863201324	0.0317191953216	0.0330687872734	0.0334058696437	0.0359101092448	0.0342399470883	0.0350538619738	0.0363544123061	0.0310259018452	0.0321493718177	0.0393604361119	0.0389999786576	0.0340944199855	0.0475352179806	0.0453209728243	0.0428974751641	0.0329268661181	0.0363541740071	0.0387802898655	0.0405969017773
TARA_041_SRF_0.22-1.6_G.snv.bam	0.0328897507057	0.0312251305747	0.0	0.0341306335394	0.0307139789302	0.0336687837888	0.0323126938449	0.0347914313472	0.0330034967552	0.033283839023	0.0376576111537	0.031486595351	0.0330608204441	0.0410428467824	0.043991898017	0.0373612841597	0.0499413029737	0.0489759127765	0.0446009324733	0.0353560669745	0.038009094652	0.0408163508694	0.0421504224029
TARA_042_SRF_0.22-1.6_G.snv.bam	0.0344180431059	0.0339863201324	0.0341306335394	0.0	0.0330253674506	0.0333055894937	0.0337097038097	0.0358279330959	0.0355131879579	0.0376890676608	0.036960976652	0.0357242494708	0.0347906258846	0.0413375632872	0.0405370848103	0.0367376167679	0.0489540525346	0.0461929342092	0.046218516345	0.0370072081514	0.038234017016	0.0377489758221	0.0392313775969
TARA_045_SRF_0.22-1.6_G.snv.bam	0.0316442699604	0.0317191953216	0.0307139789302	0.0330253674506	0.0	0.0283354706472	0.0327577730637	0.0361575516467	0.033150313657	0.0372363307296	0.0374447582617	0.030216750062	0.0325601205422	0.0409339077279	0.0435044228484	0.0358235044761	0.0488485918628	0.0499021424767	0.0427229336786	0.0337406495594	0.0365100569791	0.0412473001863	0.0432998885876
TARA_048_SRF_0.22-1.6_G.snv.bam	0.0329035899857	0.0330687872734	0.0336687837888	0.0333055894937	0.0283354706472	0.0	0.0345675732295	0.0378229446147	0.0374990983673	0.0389335069686	0.0380885016671	0.0328841233294	0.0298693340894	0.0406415350092	0.0424321958929	0.0343395675167	0.0482708672587	0.0455528736537	0.044061610111	0.0321436628181	0.0365053315015	0.0410740767159	0.0418061541304
TARA_056_SRF_0.22-3_G.snv.bam	0.031300256273	0.0334058696437	0.0323126938449	0.0337097038097	0.0327577730637	0.0345675732295	0.0	0.0329163140946	0.0318992543083	0.0310627970547	0.0361380058024	0.030410053509	0.0324791465617	0.0400991415228	0.0416215723477	0.0361954336721	0.0493312121813	0.0475727428305	0.043246168087	0.0355697061898	0.035927741007	0.0381847032268	0.041519853245
TARA_057_SRF_0.22-3_G.snv.bam	0.0373809114728	0.0359101092448	0.0347914313472	0.0358279330959	0.0361575516467	0.0378229446147	0.0329163140946	0.0	0.0317757363524	0.0353322437234	0.0372783187681	0.0338081570682	0.0353221104888	0.0443076828418	0.0445165697466	0.040076458638	0.0510824228094	0.0512224434535	0.0481242044191	0.0398503761284	0.0408093735465	0.041551657337	0.0454700958365
TARA_058_DCM_0.22-3_G.snv.bam	0.0337316497451	0.0342399470883	0.0330034967552	0.0355131879579	0.033150313657	0.0374990983673	0.0318992543083	0.0317757363524	0.0	0.0314940405953	0.0362055342506	0.0320725349289	0.0350563987105	0.0419943151465	0.0456858330959	0.0390807484468	0.0527141417435	0.0505849453893	0.0471994128175	0.0384010895415	0.038798320092	0.0401408949644	0.0412115434111
TARA_062_SRF_0.22-3_G.snv.bam	0.0343100485414	0.0350538619738	0.033283839023	0.0376890676608	0.0372363307296	0.0389335069686	0.0310627970547	0.0353322437234	0.0314940405953	0.0	0.0381443523167	0.0336516009198	0.0374388266347	0.0433072142192	0.0458419475435	0.0388201907858	0.0520525582942	0.0519700539932	0.0477506106179	0.0406862308774	0.0419998462534	0.0393418546463	0.0416587925732
TARA_064_DCM_0.22-3_G.snv.bam	0.0357632371337	0.0363544123061	0.0376576111537	0.036960976652	0.0374447582617	0.0380885016671	0.0361380058024	0.0372783187681	0.0362055342506	0.0381443523167	0.0	0.031017618548	0.035235456178	0.0415192830521	0.0418291533229	0.036680367333	0.0523582832678	0.0483293456386	0.0469365868736	0.039004960797	0.0396004445695	0.0406307761131	0.0441835936487
TARA_064_SRF_0.22-3_G.snv.bam	0.0305801486428	0.0310259018452	0.031486595351	0.0357242494708	0.030216750062	0.0328841233294	0.030410053509	0.0338081570682	0.0320725349289	0.0336516009198	0.031017618548	0.0	0.0320796269515	0.0395049609515	0.0410279445876	0.0321381041763	0.0484615048876	0.0467167862534	0.0403947157454	0.0326251742142	0.0353010102039	0.0398969983948	0.0424097312839
TARA_072_SRF_0.22-3_G.snv.bam	0.0344822659532	0.0321493718177	0.0330608204441	0.0347906258846	0.0325601205422	0.0298693340894	0.0324791465617	0.0353221104888	0.0350563987105	0.0374388266347	0.035235456178	0.0320796269515	0.0	0.0373754851168	0.0393160633867	0.0336109828883	0.0457938557001	0.0444449685778	0.0418857675522	0.0314298589807	0.0333087770107	0.036194251158	0.039431275612
TARA_076_SRF_0.22-3_G.snv.bam	0.0409144710446	0.0393604361119	0.0410428467824	0.0413375632872	0.0409339077279	0.0406415350092	0.0400991415228	0.0443076828418	0.0419943151465	0.0433072142192	0.0415192830521	0.0395049609515	0.0373754851168	0.0	0.0429088957451	0.0378909214953	0.049052785985	0.0475683611545	0.0464123682467	0.0371058486822	0.0422297930492	0.0416007242704	0.0430589639266
TARA_078_DCM_0.22-3_G.snv.bam	0.0423375900005	0.0389999786576	0.043991898017	0.0405370848103	0.0435044228484	0.0424321958929	0.0416215723477	0.0445165697466	0.0456858330959	0.0458419475435	0.0418291533229	0.0410279445876	0.0393160633867	0.0429088957451	0.0	0.0288891013035	0.0448563526153	0.0392765644147	0.0443856864198	0.0407959906011	0.0412970477378	0.0402248665256	0.0405138260441
TARA_078_SRF_0.22-3_G.snv.bam	0.0353668179968	0.0340944199855	0.0373612841597	0.0367376167679	0.0358235044761	0.0343395675167	0.0361954336721	0.040076458638	0.0390807484468	0.0388201907858	0.036680367333	0.0321381041763	0.0336109828883	0.0378909214953	0.0288891013035	0.0	0.0426956343349	0.0391862016212	0.0387515105953	0.0325240206461	0.0372704870303	0.0381636614668	0.040804249039
TARA_099_SRF_0.22-3_G.snv.bam	0.050425584475	0.0475352179806	0.0499413029737	0.0489540525346	0.0488485918628	0.0482708672587	0.0493312121813	0.0510824228094	0.0527141417435	0.0520525582942	0.0523582832678	0.0484615048876	0.0457938557001	0.049052785985	0.0448563526153	0.0426956343349	0.0	0.0460138026013	0.040735616722	0.0452042581539	0.0486627394821	0.0512963152933	0.0519094296005
TARA_112_DCM_0.22-3_G.snv.bam	0.0482117930589	0.0453209728243	0.0489759127765	0.0461929342092	0.0499021424767	0.0455528736537	0.0475727428305	0.0512224434535	0.0505849453893	0.0519700539932	0.0483293456386	0.0467167862534	0.0444449685778	0.0475683611545	0.0392765644147	0.0391862016212	0.0460138026013	0.0	0.03518357044	0.0421500391851	0.046097470158	0.046539840263	0.0473011784663
TARA_112_SRF_0.22-3_G.snv.bam	0.0436677684429	0.0428974751641	0.0446009324733	0.046218516345	0.0427229336786	0.044061610111	0.043246168087	0.0481242044191	0.0471994128175	0.0477506106179	0.0469365868736	0.0403947157454	0.0418857675522	0.0464123682467	0.0443856864198	0.0387515105953	0.040735616722	0.03518357044	0.0	0.0404381021269	0.0423804782779	0.0482653956017	0.0515809791041
TARA_132_SRF_0.22-3_G.snv.bam	0.0344480696187	0.0329268661181	0.0353560669745	0.0370072081514	0.0337406495594	0.0321436628181	0.0355697061898	0.0398503761284	0.0384010895415	0.0406862308774	0.039004960797	0.0326251742142	0.0314298589807	0.0371058486822	0.0407959906011	0.0325240206461	0.0452042581539	0.0421500391851	0.0404381021269	0.0	0.0373712489801	0.0396762953655	0.043506847264
TARA_138_SRF_0.22-3_G.snv.bam	0.0375510306731	0.0363541740071	0.038009094652	0.038234017016	0.0365100569791	0.0365053315015	0.035927741007	0.0408093735465	0.038798320092	0.0419998462534	0.0396004445695	0.0353010102039	0.0333087770107	0.0422297930492	0.0412970477378	0.0372704870303	0.0486627394821	0.046097470158	0.0423804782779	0.0373712489801	0.0	0.0415066415079	0.0433422804268
TARA_142_DCM_0.22-3_G.snv.bam	0.0388166864688	0.0387802898655	0.0408163508694	0.0377489758221	0.0412473001863	0.0410740767159	0.0381847032268	0.041551657337	0.0401408949644	0.0393418546463	0.0406307761131	0.0398969983948	0.036194251158	0.0416007242704	0.0402248665256	0.0381636614668	0.0512963152933	0.046539840263	0.0482653956017	0.0396762953655	0.0415066415079	0.0	0.0270973588453
TARA_142_SRF_0.22-3_G.snv.bam	0.0414389289074	0.0405969017773	0.0421504224029	0.0392313775969	0.0432998885876	0.0418061541304	0.041519853245	0.0454700958365	0.0412115434111	0.0416587925732	0.0441835936487	0.0424097312839	0.039431275612	0.0430589639266	0.0405138260441	0.040804249039	0.0519094296005	0.0473011784663	0.0515809791041	0.043506847264	0.0433422804268	0.0270973588453	0.0
