	TARA_031_SRF_0.22-1.6_G.snv.bam	TARA_032_SRF_0.22-1.6_G.snv.bam	TARA_041_SRF_0.22-1.6_G.snv.bam	TARA_042_SRF_0.22-1.6_G.snv.bam	TARA_045_SRF_0.22-1.6_G.snv.bam	TARA_048_SRF_0.22-1.6_G.snv.bam	TARA_052_DCM_0.22-1.6_G.snv.bam	TARA_056_SRF_0.22-3_G.snv.bam	TARA_057_SRF_0.22-3_G.snv.bam	TARA_058_DCM_0.22-3_G.snv.bam	TARA_062_SRF_0.22-3_G.snv.bam	TARA_064_DCM_0.22-3_G.snv.bam	TARA_064_SRF_0.22-3_G.snv.bam	TARA_072_MES_0.22-3_G.snv.bam	TARA_072_SRF_0.22-3_G.snv.bam	TARA_076_SRF_0.22-3_G.snv.bam	TARA_078_SRF_0.22-3_G.snv.bam	TARA_099_SRF_0.22-3_G.snv.bam	TARA_112_SRF_0.22-3_G.snv.bam	TARA_132_SRF_0.22-3_G.snv.bam	TARA_138_SRF_0.22-3_G.snv.bam	TARA_141_SRF_0.22-3_G.snv.bam	TARA_142_DCM_0.22-3_G.snv.bam	TARA_142_SRF_0.22-3_G.snv.bam	TARA_148_SRF_0.22-3_G.snv.bam
TARA_031_SRF_0.22-1.6_G.snv.bam	0.0	0.0212528444807	0.0346273065217	0.039171091083	0.0467326416134	0.0472306032938	0.0736399537051	0.0408165404126	0.0406887205471	0.0406410137883	0.033117540729	0.0503457239348	0.042390078261	0.0547608496356	0.047558569963	0.0636084798234	0.0669218352984	0.085416407935	0.108766852502	0.0688389089846	0.0761513561295	0.0384846763567	0.0341371090885	0.036532692708	0.0412777518161
TARA_032_SRF_0.22-1.6_G.snv.bam	0.0212528444807	0.0	0.0332201335945	0.0378701070509	0.0464902423358	0.0463944444017	0.0721414016741	0.0407669755001	0.0408736530467	0.041221111773	0.0351362265307	0.0509217433553	0.043332966256	0.054572613301	0.0471652599101	0.0630705913529	0.0664714723898	0.0851740977707	0.107621774285	0.0670136669932	0.076163174488	0.0369966005219	0.0331506444647	0.0350040879877	0.0412071622111
TARA_041_SRF_0.22-1.6_G.snv.bam	0.0346273065217	0.0332201335945	0.0	0.0309675795705	0.0388062811021	0.0385642335202	0.0713222588884	0.0312544395804	0.0319209201929	0.0323176225974	0.028193282511	0.0470524512267	0.0383618303807	0.0527594230162	0.0455073477686	0.0623904721616	0.0649863659698	0.0831837997446	0.104101298167	0.0641984830372	0.0739782983047	0.0451004035601	0.0415263304467	0.0429754613341	0.0468541606912
TARA_042_SRF_0.22-1.6_G.snv.bam	0.039171091083	0.0378701070509	0.0309675795705	0.0	0.0392635593647	0.0381471511309	0.0717190177693	0.0364293911642	0.0362415347686	0.0370399351395	0.0323516527931	0.0500143728095	0.0450777136195	0.0562154623338	0.0476908859778	0.0632264995204	0.0650445696054	0.081398380059	0.106285790525	0.0651012593058	0.0750742499543	0.0460386874114	0.0409271147797	0.042962227197	0.0479543583962
TARA_045_SRF_0.22-1.6_G.snv.bam	0.0467326416134	0.0464902423358	0.0388062811021	0.0392635593647	0.0	0.0361858478959	0.0681158124185	0.0371468473481	0.0391529868591	0.0400461967924	0.0432954826487	0.0485356163788	0.0426734017329	0.0541388321104	0.0471468296745	0.0623446138471	0.0645568134574	0.0805787474841	0.102735253275	0.0621463135974	0.0675541550517	0.0600040916517	0.0538427462012	0.0545285641424	0.0619305776624
TARA_048_SRF_0.22-1.6_G.snv.bam	0.0472306032938	0.0463944444017	0.0385642335202	0.0381471511309	0.0361858478959	0.0	0.0603515048491	0.0376810575129	0.0389873464535	0.0409853969425	0.0457881952798	0.0462798174985	0.0410827026779	0.0476498939734	0.040735314025	0.0602264212386	0.0580367961586	0.0760510537212	0.0997211280189	0.0581436018248	0.0615209264725	0.0616627723678	0.0539808206752	0.0559123470885	0.0609970743583
TARA_052_DCM_0.22-1.6_G.snv.bam	0.0736399537051	0.0721414016741	0.0713222588884	0.0717190177693	0.0681158124185	0.0603515048491	0.0	0.0652811403804	0.0683199377388	0.0717146970178	0.0775232608331	0.0659744353655	0.0634472098081	0.0489599862968	0.0473568261513	0.0639223908895	0.0604463036181	0.0733410949076	0.0988236778334	0.0634244730391	0.0388317485617	0.0839844920819	0.0775669481311	0.0764060871128	0.0861766586448
TARA_056_SRF_0.22-3_G.snv.bam	0.0408165404126	0.0407669755001	0.0312544395804	0.0364293911642	0.0371468473481	0.0376810575129	0.0652811403804	0.0	0.0318868503131	0.0303431635026	0.0339245509879	0.0453504062278	0.0385266824739	0.0499113967077	0.0433518854089	0.0642916493186	0.0640294200282	0.0832956522232	0.104819756414	0.0645744568808	0.0666217047028	0.0526146834858	0.048237522258	0.0501619126083	0.0545405326808
TARA_057_SRF_0.22-3_G.snv.bam	0.0406887205471	0.0408736530467	0.0319209201929	0.0362415347686	0.0391529868591	0.0389873464535	0.0683199377388	0.0318868503131	0.0	0.029633603044	0.0322374731981	0.0469929095589	0.0416553212698	0.051512158311	0.0449996793235	0.0655808363634	0.0669738256988	0.0827626135512	0.109254095154	0.0694529645924	0.0710758573674	0.0526094633154	0.0467791524566	0.0474224964988	0.0524700878619
TARA_058_DCM_0.22-3_G.snv.bam	0.0406410137883	0.041221111773	0.0323176225974	0.0370399351395	0.0400461967924	0.0409853969425	0.0717146970178	0.0303431635026	0.029633603044	0.0	0.0319086467043	0.0475248819977	0.0415097850435	0.0540129119462	0.0475942498241	0.0665111097288	0.0679870509861	0.0868362626939	0.108168401971	0.0698230514162	0.073932257637	0.0528082866928	0.0466905118176	0.0484650248251	0.0526158747386
TARA_062_SRF_0.22-3_G.snv.bam	0.033117540729	0.0351362265307	0.028193282511	0.0323516527931	0.0432954826487	0.0457881952798	0.0775232608331	0.0339245509879	0.0322374731981	0.0319086467043	0.0	0.0497845485712	0.0433845287726	0.0580949323753	0.0523806331798	0.0693823563037	0.0710106584725	0.0891388134229	0.112344175525	0.0729689060669	0.0806675941352	0.0420555808571	0.0369344803635	0.0384096749447	0.042308462988
TARA_064_DCM_0.22-3_G.snv.bam	0.0503457239348	0.0509217433553	0.0470524512267	0.0500143728095	0.0485356163788	0.0462798174985	0.0659744353655	0.0453504062278	0.0469929095589	0.0475248819977	0.0497845485712	0.0	0.0338468037508	0.0541202119597	0.0458202814634	0.0566189533307	0.0583189294888	0.0781278284011	0.102282009317	0.059288489023	0.0705477770878	0.0615415216183	0.055632994556	0.0556814358363	0.0623188107604
TARA_064_SRF_0.22-3_G.snv.bam	0.042390078261	0.043332966256	0.0383618303807	0.0450777136195	0.0426734017329	0.0410827026779	0.0634472098081	0.0385266824739	0.0416553212698	0.0415097850435	0.0433845287726	0.0338468037508	0.0	0.0490307628801	0.0407686021573	0.0513592944452	0.0545497101368	0.0784873823772	0.0973401739134	0.0523704628238	0.0665125684103	0.0555214780782	0.050038553426	0.0507291506967	0.0561755302303
TARA_072_MES_0.22-3_G.snv.bam	0.0547608496356	0.054572613301	0.0527594230162	0.0562154623338	0.0541388321104	0.0476498939734	0.0489599862968	0.0499113967077	0.051512158311	0.0540129119462	0.0580949323753	0.0541202119597	0.0490307628801	0.0	0.0312964350084	0.0619813375502	0.0596108329627	0.0792973586907	0.10310019577	0.0617511303967	0.0522193812656	0.0660813278134	0.060634436519	0.0604883498708	0.0674436332432
TARA_072_SRF_0.22-3_G.snv.bam	0.047558569963	0.0471652599101	0.0455073477686	0.0476908859778	0.0471468296745	0.040735314025	0.0473568261513	0.0433518854089	0.0449996793235	0.0475942498241	0.0523806331798	0.0458202814634	0.0407686021573	0.0312964350084	0.0	0.0573898523924	0.0554285324653	0.0742132073465	0.0982211421762	0.0567248762411	0.0491305867328	0.0592091071961	0.0537369802977	0.0551137363751	0.0603810129984
TARA_076_SRF_0.22-3_G.snv.bam	0.0636084798234	0.0630705913529	0.0623904721616	0.0632264995204	0.0623446138471	0.0602264212386	0.0639223908895	0.0642916493186	0.0655808363634	0.0665111097288	0.0693823563037	0.0566189533307	0.0513592944452	0.0619813375502	0.0573898523924	0.0	0.0567567333338	0.0699625654488	0.0907512982087	0.0514255197315	0.0709276445015	0.0775991018148	0.069707641276	0.0700595023728	0.0766489101991
TARA_078_SRF_0.22-3_G.snv.bam	0.0669218352984	0.0664714723898	0.0649863659698	0.0650445696054	0.0645568134574	0.0580367961586	0.0604463036181	0.0640294200282	0.0669738256988	0.0679870509861	0.0710106584725	0.0583189294888	0.0545497101368	0.0596108329627	0.0554285324653	0.0567567333338	0.0	0.0719443761024	0.0927668893828	0.0535351053507	0.0649259185158	0.080700904204	0.0728626429814	0.0742966930327	0.0812088014972
TARA_099_SRF_0.22-3_G.snv.bam	0.085416407935	0.0851740977707	0.0831837997446	0.081398380059	0.0805787474841	0.0760510537212	0.0733410949076	0.0832956522232	0.0827626135512	0.0868362626939	0.0891388134229	0.0781278284011	0.0784873823772	0.0792973586907	0.0742132073465	0.0699625654488	0.0719443761024	0.0	0.0677126237134	0.0635408585103	0.077353834925	0.106398909045	0.090299716359	0.090527514912	0.105244890925
TARA_112_SRF_0.22-3_G.snv.bam	0.108766852502	0.107621774285	0.104101298167	0.106285790525	0.102735253275	0.0997211280189	0.0988236778334	0.104819756414	0.109254095154	0.108168401971	0.112344175525	0.102282009317	0.0973401739134	0.10310019577	0.0982211421762	0.0907512982087	0.0927668893828	0.0677126237134	0.0	0.0903764185322	0.105540863183	0.134235930497	0.11828081251	0.116545896043	0.131701746894
TARA_132_SRF_0.22-3_G.snv.bam	0.0688389089846	0.0670136669932	0.0641984830372	0.0651012593058	0.0621463135974	0.0581436018248	0.0634244730391	0.0645744568808	0.0694529645924	0.0698230514162	0.0729689060669	0.059288489023	0.0523704628238	0.0617511303967	0.0567248762411	0.0514255197315	0.0535351053507	0.0635408585103	0.0903764185322	0.0	0.0677088862847	0.085539673015	0.076810657198	0.076124470968	0.0835145547726
TARA_138_SRF_0.22-3_G.snv.bam	0.0761513561295	0.076163174488	0.0739782983047	0.0750742499543	0.0675541550517	0.0615209264725	0.0388317485617	0.0666217047028	0.0710758573674	0.073932257637	0.0806675941352	0.0705477770878	0.0665125684103	0.0522193812656	0.0491305867328	0.0709276445015	0.0649259185158	0.077353834925	0.105540863183	0.0677088862847	0.0	0.0898843088339	0.0815885529826	0.0827148197227	0.0909555205849
TARA_141_SRF_0.22-3_G.snv.bam	0.0384846763567	0.0369966005219	0.0451004035601	0.0460386874114	0.0600040916517	0.0616627723678	0.0839844920819	0.0526146834858	0.0526094633154	0.0528082866928	0.0420555808571	0.0615415216183	0.0555214780782	0.0660813278134	0.0592091071961	0.0775991018148	0.080700904204	0.106398909045	0.134235930497	0.085539673015	0.0898843088339	0.0	0.0172497469844	0.0190196397878	0.0193558569376
TARA_142_DCM_0.22-3_G.snv.bam	0.0341371090885	0.0331506444647	0.0415263304467	0.0409271147797	0.0538427462012	0.0539808206752	0.0775669481311	0.048237522258	0.0467791524566	0.0466905118176	0.0369344803635	0.055632994556	0.050038553426	0.060634436519	0.0537369802977	0.069707641276	0.0728626429814	0.090299716359	0.11828081251	0.076810657198	0.0815885529826	0.0172497469844	0.0	0.0154122366554	0.0199191137304
TARA_142_SRF_0.22-3_G.snv.bam	0.036532692708	0.0350040879877	0.0429754613341	0.042962227197	0.0545285641424	0.0559123470885	0.0764060871128	0.0501619126083	0.0474224964988	0.0484650248251	0.0384096749447	0.0556814358363	0.0507291506967	0.0604883498708	0.0551137363751	0.0700595023728	0.0742966930327	0.090527514912	0.116545896043	0.076124470968	0.0827148197227	0.0190196397878	0.0154122366554	0.0	0.0214845106134
TARA_148_SRF_0.22-3_G.snv.bam	0.0412777518161	0.0412071622111	0.0468541606912	0.0479543583962	0.0619305776624	0.0609970743583	0.0861766586448	0.0545405326808	0.0524700878619	0.0526158747386	0.042308462988	0.0623188107604	0.0561755302303	0.0674436332432	0.0603810129984	0.0766489101991	0.0812088014972	0.105244890925	0.131701746894	0.0835145547726	0.0909555205849	0.0193558569376	0.0199191137304	0.0214845106134	0.0
