	TARA_067_SRF_0.22-3_G.snv.bam	TARA_093_DCM_0.22-3_G.snv.bam	TARA_093_SRF_0.22-3_G.snv.bam	TARA_133_DCM_0.22-3_G.snv.bam	TARA_133_SRF_0.22-3_G.snv.bam	TARA_145_SRF_0.22-3_G.snv.bam
TARA_067_SRF_0.22-3_G.snv.bam	0.0	0.0722099964441	0.075203059668	0.0847073331793	0.0902514477806	0.10135716019
TARA_093_DCM_0.22-3_G.snv.bam	0.0722099964441	0.0	0.0442632089207	0.0748063543204	0.0773197730049	0.0995949156465
TARA_093_SRF_0.22-3_G.snv.bam	0.075203059668	0.0442632089207	0.0	0.0716525748871	0.0724754423075	0.091358241745
TARA_133_DCM_0.22-3_G.snv.bam	0.0847073331793	0.0748063543204	0.0716525748871	0.0	0.0465573610902	0.0927368255755
TARA_133_SRF_0.22-3_G.snv.bam	0.0902514477806	0.0773197730049	0.0724754423075	0.0465573610902	0.0	0.0903845600704
TARA_145_SRF_0.22-3_G.snv.bam	0.10135716019	0.0995949156465	0.091358241745	0.0927368255755	0.0903845600704	0.0
