	TARA_031_SRF_0.22-1.6_G.snv.bam	TARA_032_SRF_0.22-1.6_G.snv.bam	TARA_033_SRF_0.22-1.6_G.snv.bam	TARA_038_DCM_0.22-1.6_G.snv.bam	TARA_038_SRF_0.22-1.6_G.snv.bam	TARA_039_DCM_0.22-1.6_G.snv.bam	TARA_041_SRF_0.22-1.6_G.snv.bam	TARA_042_SRF_0.22-1.6_G.snv.bam	TARA_045_SRF_0.22-1.6_G.snv.bam	TARA_048_SRF_0.22-1.6_G.snv.bam	TARA_056_SRF_0.22-3_G.snv.bam	TARA_057_SRF_0.22-3_G.snv.bam	TARA_058_DCM_0.22-3_G.snv.bam	TARA_062_SRF_0.22-3_G.snv.bam	TARA_064_DCM_0.22-3_G.snv.bam	TARA_064_SRF_0.22-3_G.snv.bam	TARA_072_MES_0.22-3_G.snv.bam	TARA_072_SRF_0.22-3_G.snv.bam	TARA_076_SRF_0.22-3_G.snv.bam	TARA_078_SRF_0.22-3_G.snv.bam	TARA_098_SRF_0.22-3_G.snv.bam	TARA_099_SRF_0.22-3_G.snv.bam	TARA_112_SRF_0.22-3_G.snv.bam	TARA_132_SRF_0.22-3_G.snv.bam	TARA_138_SRF_0.22-3_G.snv.bam	TARA_140_SRF_0.22-3_G.snv.bam	TARA_142_DCM_0.22-3_G.snv.bam	TARA_142_SRF_0.22-3_G.snv.bam
TARA_031_SRF_0.22-1.6_G.snv.bam	0.0	0.0196066599397	0.03193262047	0.0456848519852	0.0430205912546	0.0327084859276	0.0243611775289	0.026764162666	0.0241763834825	0.0249089130061	0.027630942504	0.0304523656861	0.0279716797892	0.0315412635993	0.0333892097568	0.0251705041047	0.0338711857312	0.0278621635609	0.0383049318829	0.035000133572	0.0433230471631	0.0488813345447	0.039698052826	0.028419040738	0.0371522455565	0.0386678547467	0.0302078388675	0.0314871823878
TARA_032_SRF_0.22-1.6_G.snv.bam	0.0196066599397	0.0	0.0305229248038	0.042938900075	0.0403962091011	0.0300816602027	0.0241185876184	0.024985760448	0.0246272411221	0.0247534855073	0.02766276657	0.0308193249706	0.0283118755188	0.031616864765	0.0331867177562	0.0261773418407	0.0331664675023	0.0273808412182	0.037037954391	0.0339527561392	0.0408529238926	0.0455215626442	0.0397785505618	0.0271294737718	0.0356572656	0.0380762394736	0.027898142342	0.0284423284071
TARA_033_SRF_0.22-1.6_G.snv.bam	0.03193262047	0.0305229248038	0.0	0.0445906298405	0.0430998808445	0.0357692172934	0.0338826433425	0.0334843704473	0.0358129081507	0.0336748120099	0.0347850108462	0.0348037490805	0.0355843437907	0.0388974133554	0.0391516727436	0.0352433983991	0.0379835889502	0.0347551090101	0.0403813777039	0.0377089084823	0.0437854232867	0.049014912962	0.043456890679	0.0339771320701	0.0408032414697	0.0412169698941	0.0356014335677	0.0356891690555
TARA_038_DCM_0.22-1.6_G.snv.bam	0.0456848519852	0.042938900075	0.0445906298405	0.0	0.0350686279318	0.0400062643528	0.0414470418158	0.0428382053969	0.0440575143801	0.0451076953507	0.0430103758524	0.0427478382533	0.0435668878294	0.0440687183476	0.0478455159263	0.0429235431038	0.0448263006903	0.0429370059417	0.0499019500573	0.0483080900571	0.0503278695451	0.0580500188595	0.0505675881802	0.0458067441936	0.0447274722484	0.0424773456633	0.0448513688624	0.0457554641549
TARA_038_SRF_0.22-1.6_G.snv.bam	0.0430205912546	0.0403962091011	0.0430998808445	0.0350686279318	0.0	0.0374957093206	0.0392421029439	0.0404402324731	0.0413985327938	0.0415849149305	0.040630287789	0.04057290351	0.0414937261192	0.0421824145292	0.0436419881532	0.0400773616397	0.0436306781274	0.0410192517666	0.0454147389976	0.0438300431948	0.0493530773393	0.0564877096893	0.0487686370969	0.0429377767213	0.0457098235409	0.0398068014689	0.040684983357	0.0418393053548
TARA_039_DCM_0.22-1.6_G.snv.bam	0.0327084859276	0.0300816602027	0.0357692172934	0.0400062643528	0.0374957093206	0.0	0.0286830247363	0.0300978218401	0.030202710811	0.0317043127369	0.0303758551961	0.0315822588694	0.030660967547	0.0321657517158	0.0348476138149	0.030706634994	0.0363887195504	0.0316659074433	0.040382977886	0.0374654836864	0.0440352366786	0.0491677715385	0.0426022054384	0.0348181450786	0.0388260931696	0.0364145656837	0.032828207785	0.0340439544656
TARA_041_SRF_0.22-1.6_G.snv.bam	0.0243611775289	0.0241185876184	0.0338826433425	0.0414470418158	0.0392421029439	0.0286830247363	0.0	0.021490468568	0.0206080923633	0.0235635913227	0.0233410165959	0.0257607562233	0.0246811657506	0.028311810256	0.0323131669058	0.0236973829596	0.0317385906999	0.0275719175535	0.0373579965591	0.0356626404806	0.0437126350751	0.0497572028707	0.0392461759577	0.0292755837705	0.0360174012597	0.0346220344879	0.0310319712462	0.0322259857405
TARA_042_SRF_0.22-1.6_G.snv.bam	0.026764162666	0.024985760448	0.0334843704473	0.0428382053969	0.0404402324731	0.0300978218401	0.021490468568	0.0	0.0222897037515	0.0243344103363	0.0265517068371	0.0288590109358	0.0272874937295	0.0299466742813	0.0328057173461	0.0264894742747	0.032400300014	0.0276553133973	0.0374676284725	0.0350728586045	0.0433368381729	0.0478092921549	0.0397229212003	0.0297480995652	0.0352011903643	0.036122062659	0.0300596371916	0.0307000139786
TARA_045_SRF_0.22-1.6_G.snv.bam	0.0241763834825	0.0246272411221	0.0358129081507	0.0440575143801	0.0413985327938	0.030202710811	0.0206080923633	0.0222897037515	0.0	0.0216441336308	0.0245907072526	0.0284349110539	0.0262919104813	0.03047496715	0.0330030370087	0.0232300579143	0.0322246412231	0.0268925093786	0.0381612384324	0.0361950631569	0.0430070803316	0.0488907428053	0.0394078604467	0.0301599667009	0.0357488209172	0.0381643863127	0.0311369722312	0.0320380304232
TARA_048_SRF_0.22-1.6_G.snv.bam	0.0249089130061	0.0247534855073	0.0336748120099	0.0451076953507	0.0415849149305	0.0317043127369	0.0235635913227	0.0243344103363	0.0216441336308	0.0	0.0267719389629	0.0313855305929	0.0283680955582	0.0330822083604	0.0331765449741	0.0255776019115	0.0341135083177	0.0266343827683	0.0378322260556	0.0349660632183	0.0424773929001	0.0473491236572	0.0397239112707	0.0277198400688	0.0361615164908	0.0394938921219	0.0296969339641	0.0316241197554
TARA_056_SRF_0.22-3_G.snv.bam	0.027630942504	0.02766276657	0.0347850108462	0.0430103758524	0.040630287789	0.0303758551961	0.0233410165959	0.0265517068371	0.0245907072526	0.0267719389629	0.0	0.0280037418848	0.0248373093215	0.0291555252313	0.033451858634	0.026560884369	0.0341080594312	0.02867066013	0.0397817803825	0.0367700117106	0.0449450834509	0.0498267469661	0.0411658716407	0.0321871481462	0.0360264214243	0.0358603270918	0.0315362602063	0.0338711837336
TARA_057_SRF_0.22-3_G.snv.bam	0.0304523656861	0.0308193249706	0.0348037490805	0.0427478382533	0.04057290351	0.0315822588694	0.0257607562233	0.0288590109358	0.0284349110539	0.0313855305929	0.0280037418848	0.0	0.0271406036532	0.0288554834532	0.0357338383586	0.029301246746	0.0339103584706	0.0315623421897	0.0412853227602	0.0375312115376	0.0450390431835	0.0522883495066	0.0409846815976	0.0350877820937	0.0391904892637	0.036176580134	0.0338987455717	0.0356037973087
TARA_058_DCM_0.22-3_G.snv.bam	0.0279716797892	0.0283118755188	0.0355843437907	0.0435668878294	0.0414937261192	0.030660967547	0.0246811657506	0.0272874937295	0.0262919104813	0.0283680955582	0.0248373093215	0.0271406036532	0.0	0.0284188616939	0.033315544624	0.0266271178	0.0332112229217	0.030224011142	0.0400678592739	0.0379418276579	0.0462948910677	0.0511092295239	0.0416836666148	0.0337345599096	0.0374072064526	0.0354169954512	0.0332045539229	0.0347263431479
TARA_062_SRF_0.22-3_G.snv.bam	0.0315412635993	0.031616864765	0.0388974133554	0.0440687183476	0.0421824145292	0.0321657517158	0.028311810256	0.0299466742813	0.03047496715	0.0330822083604	0.0291555252313	0.0288554834532	0.0284188616939	0.0	0.0361270170316	0.0299561818786	0.0356165587539	0.0329770108264	0.0414492817458	0.0392684887894	0.0481528063487	0.0539322515517	0.0443510075943	0.0358335872693	0.0402698728464	0.0369137977473	0.0359751228295	0.0361900386038
TARA_064_DCM_0.22-3_G.snv.bam	0.0333892097568	0.0331867177562	0.0391516727436	0.0478455159263	0.0436419881532	0.0348476138149	0.0323131669058	0.0328057173461	0.0330030370087	0.0331765449741	0.033451858634	0.0357338383586	0.033315544624	0.0361270170316	0.0	0.029795045694	0.0375351010272	0.0343238918839	0.0423729869731	0.0383786125042	0.0468142560133	0.0529343767632	0.0431392311491	0.0342589731786	0.0403158593123	0.0417092389447	0.0365004047171	0.0384554265646
TARA_064_SRF_0.22-3_G.snv.bam	0.0251705041047	0.0261773418407	0.0352433983991	0.0429235431038	0.0400773616397	0.030706634994	0.0236973829596	0.0264894742747	0.0232300579143	0.0255776019115	0.026560884369	0.029301246746	0.0266271178	0.0299561818786	0.029795045694	0.0	0.0332321609541	0.0275489415864	0.0373123117729	0.0345423085181	0.0430977203206	0.0487369454995	0.0378370883971	0.0292936389425	0.0355586973753	0.0372345081038	0.0331270049359	0.0339411926211
TARA_072_MES_0.22-3_G.snv.bam	0.0338711857312	0.0331664675023	0.0379835889502	0.0448263006903	0.0436306781274	0.0363887195504	0.0317385906999	0.032400300014	0.0322246412231	0.0341135083177	0.0341080594312	0.0339103584706	0.0332112229217	0.0356165587539	0.0375351010272	0.0332321609541	0.0	0.0306723248417	0.0398020543018	0.038876576928	0.0443460871283	0.0501621057306	0.0433292037981	0.035189259557	0.0394101547394	0.0406187561971	0.0343694000567	0.0371590511969
TARA_072_SRF_0.22-3_G.snv.bam	0.0278621635609	0.0273808412182	0.0347551090101	0.0429370059417	0.0410192517666	0.0316659074433	0.0275719175535	0.0276553133973	0.0268925093786	0.0266343827683	0.02867066013	0.0315623421897	0.030224011142	0.0329770108264	0.0343238918839	0.0275489415864	0.0306723248417	0.0	0.0371130883419	0.0345392501246	0.0415779660728	0.0471557291291	0.0391423089325	0.0298993279887	0.0344658867322	0.0381831184297	0.0301551237987	0.0324027452373
TARA_076_SRF_0.22-3_G.snv.bam	0.0383049318829	0.037037954391	0.0403813777039	0.0499019500573	0.0454147389976	0.040382977886	0.0373579965591	0.0374676284725	0.0381612384324	0.0378322260556	0.0397817803825	0.0412853227602	0.0400678592739	0.0414492817458	0.0423729869731	0.0373123117729	0.0398020543018	0.0371130883419	0.0	0.0407183911927	0.0465338910898	0.0526057417339	0.0458871030598	0.0355840503555	0.0438599620987	0.0438681935102	0.0376097080951	0.0398490473798
TARA_078_SRF_0.22-3_G.snv.bam	0.035000133572	0.0339527561392	0.0377089084823	0.0483080900571	0.0438300431948	0.0374654836864	0.0356626404806	0.0350728586045	0.0361950631569	0.0349660632183	0.0367700117106	0.0375312115376	0.0379418276579	0.0392684887894	0.0383786125042	0.0345423085181	0.038876576928	0.0345392501246	0.0407183911927	0.0	0.0431122187966	0.0497881889242	0.0418341549719	0.0322923992446	0.0403159168728	0.0437490972814	0.0369371279857	0.0374957926248
TARA_098_SRF_0.22-3_G.snv.bam	0.0433230471631	0.0408529238926	0.0437854232867	0.0503278695451	0.0493530773393	0.0440352366786	0.0437126350751	0.0433368381729	0.0430070803316	0.0424773929001	0.0449450834509	0.0450390431835	0.0462948910677	0.0481528063487	0.0468142560133	0.0430977203206	0.0443460871283	0.0415779660728	0.0465338910898	0.0431122187966	0.0	0.0449289978684	0.0400930177047	0.0399221617564	0.0459946790784	0.0502744517028	0.0420841201641	0.0417586732876
TARA_099_SRF_0.22-3_G.snv.bam	0.0488813345447	0.0455215626442	0.049014912962	0.0580500188595	0.0564877096893	0.0491677715385	0.0497572028707	0.0478092921549	0.0488907428053	0.0473491236572	0.0498267469661	0.0522883495066	0.0511092295239	0.0539322515517	0.0529343767632	0.0487369454995	0.0501621057306	0.0471557291291	0.0526057417339	0.0497881889242	0.0449289978684	0.0	0.0427717025951	0.0473512061569	0.0493487873242	0.0561977347353	0.0465530985015	0.0469375571227
TARA_112_SRF_0.22-3_G.snv.bam	0.039698052826	0.0397785505618	0.043456890679	0.0505675881802	0.0487686370969	0.0426022054384	0.0392461759577	0.0397229212003	0.0394078604467	0.0397239112707	0.0411658716407	0.0409846815976	0.0416836666148	0.0443510075943	0.0431392311491	0.0378370883971	0.0433292037981	0.0391423089325	0.0458871030598	0.0418341549719	0.0400930177047	0.0427717025951	0.0	0.0387221164803	0.0438340950885	0.0454156934917	0.0426701973673	0.0431003734671
TARA_132_SRF_0.22-3_G.snv.bam	0.028419040738	0.0271294737718	0.0339771320701	0.0458067441936	0.0429377767213	0.0348181450786	0.0292755837705	0.0297480995652	0.0301599667009	0.0277198400688	0.0321871481462	0.0350877820937	0.0337345599096	0.0358335872693	0.0342589731786	0.0292936389425	0.035189259557	0.0298993279887	0.0355840503555	0.0322923992446	0.0399221617564	0.0473512061569	0.0387221164803	0.0	0.0375592025752	0.0403525301106	0.0316524329757	0.0313148939336
TARA_138_SRF_0.22-3_G.snv.bam	0.0371522455565	0.0356572656	0.0408032414697	0.0447274722484	0.0457098235409	0.0388260931696	0.0360174012597	0.0352011903643	0.0357488209172	0.0361615164908	0.0360264214243	0.0391904892637	0.0374072064526	0.0402698728464	0.0403158593123	0.0355586973753	0.0394101547394	0.0344658867322	0.0438599620987	0.0403159168728	0.0459946790784	0.0493487873242	0.0438340950885	0.0375592025752	0.0	0.0445557693145	0.0365214444018	0.0377497522547
TARA_140_SRF_0.22-3_G.snv.bam	0.0386678547467	0.0380762394736	0.0412169698941	0.0424773456633	0.0398068014689	0.0364145656837	0.0346220344879	0.036122062659	0.0381643863127	0.0394938921219	0.0358603270918	0.036176580134	0.0354169954512	0.0369137977473	0.0417092389447	0.0372345081038	0.0406187561971	0.0381831184297	0.0438681935102	0.0437490972814	0.0502744517028	0.0561977347353	0.0454156934917	0.0403525301106	0.0445557693145	0.0	0.0413111131599	0.0418110508739
TARA_142_DCM_0.22-3_G.snv.bam	0.0302078388675	0.027898142342	0.0356014335677	0.0448513688624	0.040684983357	0.032828207785	0.0310319712462	0.0300596371916	0.0311369722312	0.0296969339641	0.0315362602063	0.0338987455717	0.0332045539229	0.0359751228295	0.0365004047171	0.0331270049359	0.0343694000567	0.0301551237987	0.0376097080951	0.0369371279857	0.0420841201641	0.0465530985015	0.0426701973673	0.0316524329757	0.0365214444018	0.0413111131599	0.0	0.0208483269666
TARA_142_SRF_0.22-3_G.snv.bam	0.0314871823878	0.0284423284071	0.0356891690555	0.0457554641549	0.0418393053548	0.0340439544656	0.0322259857405	0.0307000139786	0.0320380304232	0.0316241197554	0.0338711837336	0.0356037973087	0.0347263431479	0.0361900386038	0.0384554265646	0.0339411926211	0.0371590511969	0.0324027452373	0.0398490473798	0.0374957926248	0.0417586732876	0.0469375571227	0.0431003734671	0.0313148939336	0.0377497522547	0.0418110508739	0.0208483269666	0.0
