	TARA_031_SRF_0.22-1.6_G.snv.bam	TARA_032_SRF_0.22-1.6_G.snv.bam	TARA_038_DCM_0.22-1.6_G.snv.bam	TARA_039_DCM_0.22-1.6_G.snv.bam	TARA_041_SRF_0.22-1.6_G.snv.bam	TARA_042_SRF_0.22-1.6_G.snv.bam	TARA_045_SRF_0.22-1.6_G.snv.bam	TARA_048_SRF_0.22-1.6_G.snv.bam	TARA_056_SRF_0.22-3_G.snv.bam	TARA_057_SRF_0.22-3_G.snv.bam	TARA_058_DCM_0.22-3_G.snv.bam	TARA_062_SRF_0.22-3_G.snv.bam	TARA_064_DCM_0.22-3_G.snv.bam	TARA_064_SRF_0.22-3_G.snv.bam	TARA_072_MES_0.22-3_G.snv.bam	TARA_072_SRF_0.22-3_G.snv.bam	TARA_076_SRF_0.22-3_G.snv.bam	TARA_078_SRF_0.22-3_G.snv.bam	TARA_098_SRF_0.22-3_G.snv.bam	TARA_099_SRF_0.22-3_G.snv.bam	TARA_112_SRF_0.22-3_G.snv.bam	TARA_132_SRF_0.22-3_G.snv.bam	TARA_138_SRF_0.22-3_G.snv.bam	TARA_140_SRF_0.22-3_G.snv.bam
TARA_031_SRF_0.22-1.6_G.snv.bam	0.0	0.0241379755004	0.041710056817	0.0417236866324	0.0342016175915	0.0354924593933	0.0326497071278	0.0340920275282	0.0333907074787	0.0400281885431	0.0398141008968	0.039153201399	0.0389696154076	0.0305277881126	0.0374361635601	0.0324820675177	0.041853951354	0.0417280479481	0.0498634116448	0.0512142878407	0.0485262224107	0.0360424523623	0.0371387307588	0.0462661215781
TARA_032_SRF_0.22-1.6_G.snv.bam	0.0241379755004	0.0	0.0421030050863	0.0403224532382	0.033683822894	0.0354537145027	0.0327331210248	0.0326719177607	0.034415686653	0.0416008220346	0.039679032869	0.0380269786851	0.0402614580491	0.0319883746293	0.0357957016476	0.0317335467919	0.0412911714534	0.0407078171626	0.0480082315685	0.0502705736837	0.0465789835126	0.0334989303718	0.0352996461214	0.0450821375975
TARA_038_DCM_0.22-1.6_G.snv.bam	0.041710056817	0.0421030050863	0.0	0.038864624942	0.0403055182449	0.0424229113861	0.0414105655571	0.042543213858	0.0391482026259	0.0440367982977	0.0437756372462	0.0444875259357	0.0458870567926	0.0422117321876	0.0435109200236	0.0413626889455	0.0492854606365	0.0466710666784	0.0520657894324	0.0549386038866	0.0540642505704	0.0442139190953	0.0407677045591	0.045032511938
TARA_039_DCM_0.22-1.6_G.snv.bam	0.0417236866324	0.0403224532382	0.038864624942	0.0	0.0326044005622	0.0363937822008	0.0367518617482	0.0370627046011	0.0336182250386	0.0380163357553	0.0375696889462	0.0367407256737	0.0432086660226	0.0388730443816	0.0420379392614	0.0373547920735	0.0468145164019	0.0462946692665	0.0506043856289	0.0517836057997	0.0526933811904	0.0419205558711	0.0383844761339	0.0400237613131
TARA_041_SRF_0.22-1.6_G.snv.bam	0.0342016175915	0.033683822894	0.0403055182449	0.0326044005622	0.0	0.0304618267449	0.0284385167776	0.0305835757563	0.0288818700309	0.033910708438	0.03337112883	0.0331011940804	0.0401922523242	0.0312772951825	0.0387006186099	0.0339432851345	0.0444143921947	0.0437364078235	0.0489045032638	0.0513123129865	0.0482455023201	0.0374943641244	0.0366674430195	0.0408242756296
TARA_042_SRF_0.22-1.6_G.snv.bam	0.0354924593933	0.0354537145027	0.0424229113861	0.0363937822008	0.0304618267449	0.0	0.0309388224556	0.0321643692758	0.0301792745792	0.0339971495681	0.037074437758	0.0368756982578	0.0424680194327	0.0350578938533	0.0387684552628	0.0347192634109	0.043443861406	0.0438649340191	0.049827236568	0.0534640711434	0.0509773903373	0.0382496211761	0.037005969008	0.0431050105427
TARA_045_SRF_0.22-1.6_G.snv.bam	0.0326497071278	0.0327331210248	0.0414105655571	0.0367518617482	0.0284385167776	0.0309388224556	0.0	0.0263358787324	0.0288085837331	0.0344737858094	0.0344320408057	0.0361612044573	0.0394977637762	0.0300451101944	0.037853256162	0.0308104463851	0.0414298807142	0.0422011844603	0.0485233450234	0.0511870411622	0.0468494564602	0.0345084631243	0.0363315006192	0.0420962928898
TARA_048_SRF_0.22-1.6_G.snv.bam	0.0340920275282	0.0326719177607	0.042543213858	0.0370627046011	0.0305835757563	0.0321643692758	0.0263358787324	0.0	0.030569360664	0.0367337087547	0.0360018187487	0.0380194162908	0.039627257588	0.0307618426931	0.0359341779154	0.0296595619665	0.0392007094954	0.0414066930316	0.0475273128187	0.0505389169049	0.0463143631213	0.0335338548589	0.0331443079611	0.0434315925509
TARA_056_SRF_0.22-3_G.snv.bam	0.0333907074787	0.034415686653	0.0391482026259	0.0336182250386	0.0288818700309	0.0301792745792	0.0288085837331	0.030569360664	0.0	0.0307993019162	0.0300511540485	0.0309943536791	0.0375203191005	0.0311347086174	0.0360942919847	0.0312298063892	0.040881490284	0.0417054445108	0.0473485772985	0.049051649372	0.0466577818342	0.0353509604193	0.0333864952394	0.039619729539
TARA_057_SRF_0.22-3_G.snv.bam	0.0400281885431	0.0416008220346	0.0440367982977	0.0380163357553	0.033910708438	0.0339971495681	0.0344737858094	0.0367337087547	0.0307993019162	0.0	0.0362136983504	0.0361021871133	0.0412333877228	0.0370081033112	0.0422043049222	0.038123680202	0.0466067438932	0.0461513047223	0.0526104547625	0.0547271427424	0.0516396444252	0.0416005619506	0.0422626614793	0.0431998482881
TARA_058_DCM_0.22-3_G.snv.bam	0.0398141008968	0.039679032869	0.0437756372462	0.0375696889462	0.03337112883	0.037074437758	0.0344320408057	0.0360018187487	0.0300511540485	0.0362136983504	0.0	0.0326536066556	0.0404900909341	0.0360190558557	0.0412754770601	0.036607502894	0.0472888561237	0.0471982469462	0.0505439675611	0.0551058755051	0.050988216153	0.0416255202325	0.0392420735873	0.0409297696372
TARA_062_SRF_0.22-3_G.snv.bam	0.039153201399	0.0380269786851	0.0444875259357	0.0367407256737	0.0331011940804	0.0368756982578	0.0361612044573	0.0380194162908	0.0309943536791	0.0361021871133	0.0326536066556	0.0	0.041010471169	0.0358141794458	0.0418668173326	0.0369326107984	0.046164353416	0.0461801960041	0.0524195267361	0.0546289727599	0.0516412606182	0.0419787263898	0.0409400788876	0.0419399207598
TARA_064_DCM_0.22-3_G.snv.bam	0.0389696154076	0.0402614580491	0.0458870567926	0.0432086660226	0.0401922523242	0.0424680194327	0.0394977637762	0.039627257588	0.0375203191005	0.0412333877228	0.0404900909341	0.041010471169	0.0	0.0339331751241	0.0398491652867	0.0376308835938	0.0444008614957	0.0450971661369	0.0511301347877	0.0537108197064	0.0491026371833	0.040301363942	0.0406096721364	0.0478420796925
TARA_064_SRF_0.22-3_G.snv.bam	0.0305277881126	0.0319883746293	0.0422117321876	0.0388730443816	0.0312772951825	0.0350578938533	0.0300451101944	0.0307618426931	0.0311347086174	0.0370081033112	0.0360190558557	0.0358141794458	0.0339331751241	0.0	0.0372219771689	0.0316473412661	0.0404423105453	0.0403555703907	0.0488769749305	0.0513343208995	0.0447272122798	0.0352166958039	0.0356126423913	0.0432413130379
TARA_072_MES_0.22-3_G.snv.bam	0.0374361635601	0.0357957016476	0.0435109200236	0.0420379392614	0.0387006186099	0.0387684552628	0.037853256162	0.0359341779154	0.0360942919847	0.0422043049222	0.0412754770601	0.0418668173326	0.0398491652867	0.0372219771689	0.0	0.0299337426915	0.0416405968327	0.0415359589118	0.047924968251	0.0487640455127	0.0469351998224	0.0372663349262	0.0324827938555	0.0482165130517
TARA_072_SRF_0.22-3_G.snv.bam	0.0324820675177	0.0317335467919	0.0413626889455	0.0373547920735	0.0339432851345	0.0347192634109	0.0308104463851	0.0296595619665	0.0312298063892	0.038123680202	0.036607502894	0.0369326107984	0.0376308835938	0.0316473412661	0.0299337426915	0.0	0.0370122141363	0.0375089078905	0.0437020270914	0.0447740008787	0.0429055913968	0.0325394564872	0.0290485052196	0.0440730194676
TARA_076_SRF_0.22-3_G.snv.bam	0.041853951354	0.0412911714534	0.0492854606365	0.0468145164019	0.0444143921947	0.043443861406	0.0414298807142	0.0392007094954	0.040881490284	0.0466067438932	0.0472888561237	0.046164353416	0.0444008614957	0.0404423105453	0.0416405968327	0.0370122141363	0.0	0.0422393399724	0.046869693235	0.0483200620966	0.0455300656219	0.0389374750482	0.0405223746168	0.0515541947119
TARA_078_SRF_0.22-3_G.snv.bam	0.0417280479481	0.0407078171626	0.0466710666784	0.0462946692665	0.0437364078235	0.0438649340191	0.0422011844603	0.0414066930316	0.0417054445108	0.0461513047223	0.0471982469462	0.0461801960041	0.0450971661369	0.0403555703907	0.0415359589118	0.0375089078905	0.0422393399724	0.0	0.0458726251199	0.0461425186064	0.0440169978122	0.0348876755	0.0401776165219	0.0508252953246
TARA_098_SRF_0.22-3_G.snv.bam	0.0498634116448	0.0480082315685	0.0520657894324	0.0506043856289	0.0489045032638	0.049827236568	0.0485233450234	0.0475273128187	0.0473485772985	0.0526104547625	0.0505439675611	0.0524195267361	0.0511301347877	0.0488769749305	0.047924968251	0.0437020270914	0.046869693235	0.0458726251199	0.0	0.0405707388198	0.0394122362861	0.04316030522	0.044783807898	0.056790936788
TARA_099_SRF_0.22-3_G.snv.bam	0.0512142878407	0.0502705736837	0.0549386038866	0.0517836057997	0.0513123129865	0.0534640711434	0.0511870411622	0.0505389169049	0.049051649372	0.0547271427424	0.0551058755051	0.0546289727599	0.0537108197064	0.0513343208995	0.0487640455127	0.0447740008787	0.0483200620966	0.0461425186064	0.0405707388198	0.0	0.0408555242144	0.0467409606009	0.0467544598858	0.0610772401162
TARA_112_SRF_0.22-3_G.snv.bam	0.0485262224107	0.0465789835126	0.0540642505704	0.0526933811904	0.0482455023201	0.0509773903373	0.0468494564602	0.0463143631213	0.0466577818342	0.0516396444252	0.050988216153	0.0516412606182	0.0491026371833	0.0447272122798	0.0469351998224	0.0429055913968	0.0455300656219	0.0440169978122	0.0394122362861	0.0408555242144	0.0	0.0418856318272	0.0435775144891	0.0565658446001
TARA_132_SRF_0.22-3_G.snv.bam	0.0360424523623	0.0334989303718	0.0442139190953	0.0419205558711	0.0374943641244	0.0382496211761	0.0345084631243	0.0335338548589	0.0353509604193	0.0416005619506	0.0416255202325	0.0419787263898	0.040301363942	0.0352166958039	0.0372663349262	0.0325394564872	0.0389374750482	0.0348876755	0.04316030522	0.0467409606009	0.0418856318272	0.0	0.035509258839	0.0470790416227
TARA_138_SRF_0.22-3_G.snv.bam	0.0371387307588	0.0352996461214	0.0407677045591	0.0383844761339	0.0366674430195	0.037005969008	0.0363315006192	0.0331443079611	0.0333864952394	0.0422626614793	0.0392420735873	0.0409400788876	0.0406096721364	0.0356126423913	0.0324827938555	0.0290485052196	0.0405223746168	0.0401776165219	0.044783807898	0.0467544598858	0.0435775144891	0.035509258839	0.0	0.0474650166158
TARA_140_SRF_0.22-3_G.snv.bam	0.0462661215781	0.0450821375975	0.045032511938	0.0400237613131	0.0408242756296	0.0431050105427	0.0420962928898	0.0434315925509	0.039619729539	0.0431998482881	0.0409297696372	0.0419399207598	0.0478420796925	0.0432413130379	0.0482165130517	0.0440730194676	0.0515541947119	0.0508252953246	0.056790936788	0.0610772401162	0.0565658446001	0.0470790416227	0.0474650166158	0.0
