	TARA_004_SRF_0.22-1.6_G.snv.bam	TARA_009_DCM_0.22-1.6_G.snv.bam	TARA_009_SRF_0.22-1.6_G.snv.bam	TARA_018_DCM_0.22-1.6_G.snv.bam	TARA_018_SRF_0.22-1.6_G.snv.bam	TARA_030_DCM_0.22-1.6_G.snv.bam	TARA_094_SRF_0.22-3_G.snv.bam	TARA_102_SRF_0.22-3_G.snv.bam	TARA_110_SRF_0.22-3_G.snv.bam
TARA_004_SRF_0.22-1.6_G.snv.bam	0.0	0.0546569786525	0.0750741353799	0.0597569762053	0.0601605907135	0.0710006941099	0.102141256282	0.087050367482	0.0930226036872
TARA_009_DCM_0.22-1.6_G.snv.bam	0.0546569786525	0.0	0.0593121942817	0.0493883910222	0.0475312929279	0.0544467112779	0.100045314926	0.0791641048522	0.092040466478
TARA_009_SRF_0.22-1.6_G.snv.bam	0.0750741353799	0.0593121942817	0.0	0.0377747552824	0.0441400007373	0.0353683998356	0.108242386037	0.0940360585332	0.106006189105
TARA_018_DCM_0.22-1.6_G.snv.bam	0.0597569762053	0.0493883910222	0.0377747552824	0.0	0.0293428559435	0.0336298734531	0.105027655984	0.0873431463051	0.101959358194
TARA_018_SRF_0.22-1.6_G.snv.bam	0.0601605907135	0.0475312929279	0.0441400007373	0.0293428559435	0.0	0.0366547972665	0.105119831476	0.0870569155859	0.101447952734
TARA_030_DCM_0.22-1.6_G.snv.bam	0.0710006941099	0.0544467112779	0.0353683998356	0.0336298734531	0.0366547972665	0.0	0.110799582586	0.0940591897148	0.108110050328
TARA_094_SRF_0.22-3_G.snv.bam	0.102141256282	0.100045314926	0.108242386037	0.105027655984	0.105119831476	0.110799582586	0.0	0.0978059769237	0.106612106821
TARA_102_SRF_0.22-3_G.snv.bam	0.087050367482	0.0791641048522	0.0940360585332	0.0873431463051	0.0870569155859	0.0940591897148	0.0978059769237	0.0	0.0694957603551
TARA_110_SRF_0.22-3_G.snv.bam	0.0930226036872	0.092040466478	0.106006189105	0.101959358194	0.101447952734	0.108110050328	0.106612106821	0.0694957603551	0.0
