	TARA_031_SRF_0.22-1.6_G.snv.bam	TARA_033_SRF_0.22-1.6_G.snv.bam	TARA_034_SRF_0.22-1.6_G.snv.bam	TARA_036_DCM_0.22-1.6_G.snv.bam	TARA_036_SRF_0.22-1.6_G.snv.bam	TARA_038_DCM_0.22-1.6_G.snv.bam	TARA_038_SRF_0.22-1.6_G.snv.bam	TARA_039_DCM_0.22-1.6_G.snv.bam	TARA_057_SRF_0.22-3_G.snv.bam	TARA_058_DCM_0.22-3_G.snv.bam	TARA_062_SRF_0.22-3_G.snv.bam	TARA_064_DCM_0.22-3_G.snv.bam	TARA_064_SRF_0.22-3_G.snv.bam	TARA_065_DCM_0.22-3_G.snv.bam	TARA_065_SRF_0.22-3_G.snv.bam	TARA_123_SRF_0.22-3_G.snv.bam	TARA_124_MIX_0.22-3_G.snv.bam	TARA_124_SRF_0.22-3_G.snv.bam	TARA_125_SRF_0.22-3_G.snv.bam	TARA_140_SRF_0.22-3_G.snv.bam	TARA_141_SRF_0.22-3_G.snv.bam	TARA_142_DCM_0.22-3_G.snv.bam	TARA_142_SRF_0.22-3_G.snv.bam	TARA_146_SRF_0.22-3_G.snv.bam	TARA_148_SRF_0.22-3_G.snv.bam	TARA_149_SRF_0.22-3_G.snv.bam
TARA_031_SRF_0.22-1.6_G.snv.bam	0.0	0.0521459964051	0.0534762180029	0.0533361546661	0.0526731944968	0.0507395807803	0.052427919207	0.0505352823187	0.0497076116023	0.0531214324112	0.0501842417784	0.0476419794758	0.0461999657824	0.0516396392675	0.0566862510433	0.074902202164	0.0739471068741	0.0712954712512	0.0779779920282	0.0524984722778	0.0543569645895	0.0595848642581	0.0594328664924	0.0599835219041	0.0552361771663	0.0652307363013
TARA_033_SRF_0.22-1.6_G.snv.bam	0.0521459964051	0.0	0.0217502670534	0.026228435911	0.0270295382886	0.0298675084951	0.0286091069599	0.0225967382677	0.0277056138892	0.0536940831867	0.0437528556674	0.0393361658772	0.0421259381253	0.03157216224	0.039043678473	0.0597288308749	0.0613609971533	0.0555362668442	0.0647614129627	0.0290178811269	0.0270267195535	0.0571329911061	0.0585231950813	0.058970062362	0.0531753582701	0.0694774186688
TARA_034_SRF_0.22-1.6_G.snv.bam	0.0534762180029	0.0217502670534	0.0	0.0284635594557	0.028770415177	0.0317722532774	0.0293516741662	0.0251203648831	0.0303716862339	0.0552058350575	0.0468510379924	0.0421687048888	0.0448343906604	0.0343520700115	0.0424353349537	0.0594762668199	0.0616609146037	0.0558525788689	0.0646509961284	0.0309998940956	0.0270001187684	0.0589957224994	0.0585716642768	0.0600424990785	0.0548529526642	0.0697158674769
TARA_036_DCM_0.22-1.6_G.snv.bam	0.0533361546661	0.026228435911	0.0284635594557	0.0	0.0214550621883	0.0254495691687	0.0234762747217	0.0230314710797	0.0305328947017	0.0546836376127	0.0463511845786	0.0403115716326	0.0412750371747	0.0332755194202	0.0406216782508	0.0622020593323	0.0630307036298	0.0575254164432	0.0663577083297	0.0284588594607	0.0270968867131	0.0588436194957	0.0588293566995	0.056567922304	0.0512636986859	0.0669962180273
TARA_036_SRF_0.22-1.6_G.snv.bam	0.0526731944968	0.0270295382886	0.028770415177	0.0214550621883	0.0	0.0255290230343	0.0226938063046	0.0243632867731	0.0321593325222	0.0533296828965	0.0465408044688	0.0399624447288	0.0418125851753	0.0337256528989	0.0396819279259	0.0614084557912	0.0635692932936	0.0583187616758	0.0667895044032	0.0303676497979	0.0290475865276	0.0596464336716	0.0585504395027	0.0571947640892	0.0518573651644	0.0675943940347
TARA_038_DCM_0.22-1.6_G.snv.bam	0.0507395807803	0.0298675084951	0.0317722532774	0.0254495691687	0.0255290230343	0.0	0.0244967764282	0.0256172456233	0.0310294070039	0.0518658610509	0.0446546119112	0.0347041897798	0.0363101000709	0.0303306498816	0.0383124832772	0.0639609912517	0.0655828943184	0.0589219310429	0.0685831555502	0.0307639571094	0.0335542516872	0.0587452300746	0.0582165138999	0.0522198152505	0.0455339550736	0.061401538328
TARA_038_SRF_0.22-1.6_G.snv.bam	0.052427919207	0.0286091069599	0.0293516741662	0.0234762747217	0.0226938063046	0.0244967764282	0.0	0.0247450215908	0.0300593884516	0.0525796281951	0.0455793129268	0.0386031740087	0.0404823128091	0.032309405078	0.0395007539756	0.0619984966567	0.0634779065955	0.0581545312886	0.067161062705	0.0291182402382	0.0300636290771	0.0600973862125	0.0589798234902	0.0553174481463	0.0502156721736	0.0649154893695
TARA_039_DCM_0.22-1.6_G.snv.bam	0.0505352823187	0.0225967382677	0.0251203648831	0.0230314710797	0.0243632867731	0.0256172456233	0.0247450215908	0.0	0.0277919913513	0.0531558396161	0.0440759999896	0.0373933185301	0.0394823399038	0.0308082186992	0.0392235078931	0.060926404277	0.0624459952867	0.0562065160838	0.0661876151145	0.0279904011816	0.0262290011302	0.0572118014977	0.057358146792	0.0546661115345	0.0485218662079	0.0646705121577
TARA_057_SRF_0.22-3_G.snv.bam	0.0497076116023	0.0277056138892	0.0303716862339	0.0305328947017	0.0321593325222	0.0310294070039	0.0300593884516	0.0277919913513	0.0	0.0481901004834	0.037985090278	0.0322636897903	0.0363015591488	0.0261460883236	0.0353313823257	0.0644270738492	0.0651048361545	0.060206254658	0.0683330534762	0.0304721139247	0.0324688249277	0.059200662907	0.0605536305122	0.0580687180144	0.0502217429039	0.067471194567
TARA_058_DCM_0.22-3_G.snv.bam	0.0531214324112	0.0536940831867	0.0552058350575	0.0546836376127	0.0533296828965	0.0518658610509	0.0525796281951	0.0531558396161	0.0481901004834	0.0	0.0490857749987	0.0485549125446	0.0478351932026	0.0495208893351	0.0527960588647	0.0785301797785	0.0777932307349	0.0763275100675	0.0814548739884	0.052525295252	0.0562326280286	0.0661239613935	0.0678020965795	0.0661081626363	0.0599975510436	0.0686986880036
TARA_062_SRF_0.22-3_G.snv.bam	0.0501842417784	0.0437528556674	0.0468510379924	0.0463511845786	0.0465408044688	0.0446546119112	0.0455793129268	0.0440759999896	0.037985090278	0.0490857749987	0.0	0.0389218545485	0.0401273697568	0.041144048305	0.0462768512882	0.071189335461	0.0712788204176	0.0687813240928	0.0758786199932	0.0431458032192	0.0471860699324	0.0633724527145	0.0644902571382	0.0622258142668	0.0552770380898	0.0667067832535
TARA_064_DCM_0.22-3_G.snv.bam	0.0476419794758	0.0393361658772	0.0421687048888	0.0403115716326	0.0399624447288	0.0347041897798	0.0386031740087	0.0373933185301	0.0322636897903	0.0485549125446	0.0389218545485	0.0	0.0280085925245	0.0313823845351	0.0381498668475	0.0710442702612	0.0712406667064	0.0665305281827	0.0736726494558	0.0379702895374	0.0439406687312	0.0605249625411	0.0610752382282	0.0525163764193	0.0444141749548	0.0594025558963
TARA_064_SRF_0.22-3_G.snv.bam	0.0461999657824	0.0421259381253	0.0448343906604	0.0412750371747	0.0418125851753	0.0363101000709	0.0404823128091	0.0394823399038	0.0363015591488	0.0478351932026	0.0401273697568	0.0280085925245	0.0	0.0342973164389	0.0408687304233	0.0718315805116	0.0720603960628	0.0682423995323	0.0751265968068	0.0404640760691	0.045522672179	0.060242748823	0.0610694762159	0.0526033819326	0.0437446038899	0.0577053106684
TARA_065_DCM_0.22-3_G.snv.bam	0.0516396392675	0.03157216224	0.0343520700115	0.0332755194202	0.0337256528989	0.0303306498816	0.032309405078	0.0308082186992	0.0261460883236	0.0495208893351	0.041144048305	0.0313823845351	0.0342973164389	0.0	0.0325421156118	0.0667167739239	0.0673019598398	0.0621632856329	0.0710694870488	0.0343346009799	0.0361448287738	0.0597992830974	0.0607411986855	0.0578335478746	0.050613438784	0.0670769826666
TARA_065_SRF_0.22-3_G.snv.bam	0.0566862510433	0.039043678473	0.0424353349537	0.0406216782508	0.0396819279259	0.0383124832772	0.0395007539756	0.0392235078931	0.0353313823257	0.0527960588647	0.0462768512882	0.0381498668475	0.0408687304233	0.0325421156118	0.0	0.0687422715499	0.0705578832162	0.0669001929934	0.0740361215418	0.0419390418558	0.0433212422976	0.0625802677918	0.0629177285942	0.061135932568	0.0551329016992	0.0706894730602
TARA_123_SRF_0.22-3_G.snv.bam	0.074902202164	0.0597288308749	0.0594762668199	0.0622020593323	0.0614084557912	0.0639609912517	0.0619984966567	0.060926404277	0.0644270738492	0.0785301797785	0.071189335461	0.0710442702612	0.0718315805116	0.0667167739239	0.0687422715499	0.0	0.0301797342003	0.0217593623081	0.0329690738832	0.0635685476728	0.0605954096495	0.0769771043761	0.0782285939505	0.0832970585918	0.078572787092	0.0893460700495
TARA_124_MIX_0.22-3_G.snv.bam	0.0739471068741	0.0613609971533	0.0616609146037	0.0630307036298	0.0635692932936	0.0655828943184	0.0634779065955	0.0624459952867	0.0651048361545	0.0777932307349	0.0712788204176	0.0712406667064	0.0720603960628	0.0673019598398	0.0705578832162	0.0301797342003	0.0	0.0280449200768	0.0326971070311	0.0648936411087	0.0611996259045	0.0748069003303	0.0771377664205	0.0822190512017	0.0774957990321	0.08849964065
TARA_124_SRF_0.22-3_G.snv.bam	0.0712954712512	0.0555362668442	0.0558525788689	0.0575254164432	0.0583187616758	0.0589219310429	0.0581545312886	0.0562065160838	0.060206254658	0.0763275100675	0.0687813240928	0.0665305281827	0.0682423995323	0.0621632856329	0.0669001929934	0.0217593623081	0.0280449200768	0.0	0.0308999680192	0.0590326840423	0.0556673525653	0.0735024670526	0.074878936509	0.079264008961	0.0739934195215	0.0854928167993
TARA_125_SRF_0.22-3_G.snv.bam	0.0779779920282	0.0647614129627	0.0646509961284	0.0663577083297	0.0667895044032	0.0685831555502	0.067161062705	0.0661876151145	0.0683330534762	0.0814548739884	0.0758786199932	0.0736726494558	0.0751265968068	0.0710694870488	0.0740361215418	0.0329690738832	0.0326971070311	0.0308999680192	0.0	0.0672165929894	0.0643632556277	0.0774355921925	0.0790843787734	0.0850033668531	0.0808614535344	0.0890281438771
TARA_140_SRF_0.22-3_G.snv.bam	0.0524984722778	0.0290178811269	0.0309998940956	0.0284588594607	0.0303676497979	0.0307639571094	0.0291182402382	0.0279904011816	0.0304721139247	0.052525295252	0.0431458032192	0.0379702895374	0.0404640760691	0.0343346009799	0.0419390418558	0.0635685476728	0.0648936411087	0.0590326840423	0.0672165929894	0.0	0.0278179213491	0.0609989438448	0.061644134874	0.0570094067094	0.0499680894633	0.0665182608226
TARA_141_SRF_0.22-3_G.snv.bam	0.0543569645895	0.0270267195535	0.0270001187684	0.0270968867131	0.0290475865276	0.0335542516872	0.0300636290771	0.0262290011302	0.0324688249277	0.0562326280286	0.0471860699324	0.0439406687312	0.045522672179	0.0361448287738	0.0433212422976	0.0605954096495	0.0611996259045	0.0556673525653	0.0643632556277	0.0278179213491	0.0	0.0566479613919	0.0577463641263	0.0579895205294	0.0517847432222	0.0680244487416
TARA_142_DCM_0.22-3_G.snv.bam	0.0595848642581	0.0571329911061	0.0589957224994	0.0588436194957	0.0596464336716	0.0587452300746	0.0600973862125	0.0572118014977	0.059200662907	0.0661239613935	0.0633724527145	0.0605249625411	0.060242748823	0.0597992830974	0.0625802677918	0.0769771043761	0.0748069003303	0.0735024670526	0.0774355921925	0.0609989438448	0.0566479613919	0.0	0.0419142536049	0.0594329655929	0.0615398140803	0.0734534419481
TARA_142_SRF_0.22-3_G.snv.bam	0.0594328664924	0.0585231950813	0.0585716642768	0.0588293566995	0.0585504395027	0.0582165138999	0.0589798234902	0.057358146792	0.0605536305122	0.0678020965795	0.0644902571382	0.0610752382282	0.0610694762159	0.0607411986855	0.0629177285942	0.0782285939505	0.0771377664205	0.074878936509	0.0790843787734	0.061644134874	0.0577463641263	0.0419142536049	0.0	0.0590906078322	0.0629104751144	0.0723153319582
TARA_146_SRF_0.22-3_G.snv.bam	0.0599835219041	0.058970062362	0.0600424990785	0.056567922304	0.0571947640892	0.0522198152505	0.0553174481463	0.0546661115345	0.0580687180144	0.0661081626363	0.0622258142668	0.0525163764193	0.0526033819326	0.0578335478746	0.061135932568	0.0832970585918	0.0822190512017	0.079264008961	0.0850033668531	0.0570094067094	0.0579895205294	0.0594329655929	0.0590906078322	0.0	0.0392215350179	0.0512995219089
TARA_148_SRF_0.22-3_G.snv.bam	0.0552361771663	0.0531753582701	0.0548529526642	0.0512636986859	0.0518573651644	0.0455339550736	0.0502156721736	0.0485218662079	0.0502217429039	0.0599975510436	0.0552770380898	0.0444141749548	0.0437446038899	0.050613438784	0.0551329016992	0.078572787092	0.0774957990321	0.0739934195215	0.0808614535344	0.0499680894633	0.0517847432222	0.0615398140803	0.0629104751144	0.0392215350179	0.0	0.0421748672519
TARA_149_SRF_0.22-3_G.snv.bam	0.0652307363013	0.0694774186688	0.0697158674769	0.0669962180273	0.0675943940347	0.061401538328	0.0649154893695	0.0646705121577	0.067471194567	0.0686986880036	0.0667067832535	0.0594025558963	0.0577053106684	0.0670769826666	0.0706894730602	0.0893460700495	0.08849964065	0.0854928167993	0.0890281438771	0.0665182608226	0.0680244487416	0.0734534419481	0.0723153319582	0.0512995219089	0.0421748672519	0.0
