	TARA_031_SRF_0.22-1.6_G.snv.bam	TARA_032_SRF_0.22-1.6_G.snv.bam	TARA_041_SRF_0.22-1.6_G.snv.bam	TARA_042_SRF_0.22-1.6_G.snv.bam	TARA_045_SRF_0.22-1.6_G.snv.bam	TARA_048_SRF_0.22-1.6_G.snv.bam	TARA_056_SRF_0.22-3_G.snv.bam	TARA_057_SRF_0.22-3_G.snv.bam	TARA_058_DCM_0.22-3_G.snv.bam	TARA_062_SRF_0.22-3_G.snv.bam	TARA_064_DCM_0.22-3_G.snv.bam	TARA_064_SRF_0.22-3_G.snv.bam	TARA_072_SRF_0.22-3_G.snv.bam	TARA_076_SRF_0.22-3_G.snv.bam	TARA_078_DCM_0.22-3_G.snv.bam	TARA_078_SRF_0.22-3_G.snv.bam	TARA_098_DCM_0.22-3_G.snv.bam	TARA_098_SRF_0.22-3_G.snv.bam	TARA_099_SRF_0.22-3_G.snv.bam	TARA_112_DCM_0.22-3_G.snv.bam	TARA_112_SRF_0.22-3_G.snv.bam	TARA_132_SRF_0.22-3_G.snv.bam	TARA_138_SRF_0.22-3_G.snv.bam
TARA_031_SRF_0.22-1.6_G.snv.bam	0.0	0.0287983933196	0.036106405959	0.0405460600437	0.0375371748022	0.0384948464259	0.0392944429376	0.0415806684717	0.0402846974097	0.0417670183449	0.0419857844283	0.0317623456112	0.0379305525543	0.0440737274069	0.0467091393013	0.0410708927051	0.0534560488229	0.0500671194128	0.0517520270888	0.0502371515788	0.0446902416466	0.0374094803436	0.0420202145498
TARA_032_SRF_0.22-1.6_G.snv.bam	0.0287983933196	0.0	0.0365048983644	0.0380344527276	0.0365364934182	0.0379833377001	0.039193357244	0.0405419421779	0.0397600252754	0.0422051636777	0.0419334505185	0.0340747994783	0.0374488283472	0.0445887691382	0.043997360194	0.0414458366998	0.0514223437293	0.0487010452038	0.0506299524466	0.0489669600498	0.0456949842507	0.0359018708923	0.0395317792983
TARA_041_SRF_0.22-1.6_G.snv.bam	0.036106405959	0.0365048983644	0.0	0.0369796149604	0.0316000678503	0.0366129871134	0.0357887534201	0.0375102790205	0.0394266988981	0.0399801077762	0.0434241239347	0.0358471680053	0.0398574162804	0.0477250685854	0.0505191727705	0.045627300173	0.055986156928	0.0515175422002	0.0545045228961	0.0522889058997	0.047986338544	0.0382561571052	0.0438773385382
TARA_042_SRF_0.22-1.6_G.snv.bam	0.0405460600437	0.0380344527276	0.0369796149604	0.0	0.0356420069033	0.037012686888	0.0396005613222	0.0405137936849	0.0419684458169	0.0414382846777	0.0449188681076	0.0393018401713	0.0402627321454	0.0478911060504	0.0458739925651	0.0455151120696	0.054167737756	0.0520623283118	0.0537861319402	0.0507557360918	0.0498685998342	0.0413150648579	0.0440764632842
TARA_045_SRF_0.22-1.6_G.snv.bam	0.0375371748022	0.0365364934182	0.0316000678503	0.0356420069033	0.0	0.0330739741083	0.0363276355625	0.0392074082553	0.0394785102427	0.0397590362019	0.0429697924367	0.0351996211139	0.039587072183	0.0471903574204	0.0492511158433	0.0450367647102	0.054998884709	0.0508981851939	0.0525174638575	0.0526806461903	0.0472750550139	0.0396094428589	0.0437778525061
TARA_048_SRF_0.22-1.6_G.snv.bam	0.0384948464259	0.0379833377001	0.0366129871134	0.037012686888	0.0330739741083	0.0	0.038191315523	0.0384412177021	0.0416244686087	0.0420536343027	0.04477622666	0.0370963106762	0.0372850941894	0.0457833883161	0.0477888807652	0.0440564254128	0.0530393406166	0.04883404001	0.0501950799606	0.0507253792406	0.046555232077	0.0370091421274	0.0421006041187
TARA_056_SRF_0.22-3_G.snv.bam	0.0392944429376	0.039193357244	0.0357887534201	0.0396005613222	0.0363276355625	0.038191315523	0.0	0.0370475248197	0.0380855603643	0.037378615157	0.044464575581	0.0355542353542	0.0403775037977	0.0452422383357	0.048630219532	0.0435075017806	0.0528267556197	0.0512263337489	0.0521324218248	0.0496165529996	0.0456711688995	0.0390942695498	0.0427458392289
TARA_057_SRF_0.22-3_G.snv.bam	0.0415806684717	0.0405419421779	0.0375102790205	0.0405137936849	0.0392074082553	0.0384412177021	0.0370475248197	0.0	0.0376889699909	0.0387309396867	0.0466385160057	0.0403718664212	0.0419690981017	0.0474964212908	0.0492651083992	0.0459229105724	0.0566630227219	0.0524524678373	0.0556359679235	0.0535011617882	0.0496414476223	0.0417720787674	0.0453579302602
TARA_058_DCM_0.22-3_G.snv.bam	0.0402846974097	0.0397600252754	0.0394266988981	0.0419684458169	0.0394785102427	0.0416244686087	0.0380855603643	0.0376889699909	0.0	0.0397513054096	0.0461284053729	0.036673714083	0.0423033185372	0.0473234271045	0.049101685723	0.0454247473034	0.0555791508457	0.0510910015618	0.0547067234391	0.0527929836767	0.0467635246051	0.040989016506	0.0447121727169
TARA_062_SRF_0.22-3_G.snv.bam	0.0417670183449	0.0422051636777	0.0399801077762	0.0414382846777	0.0397590362019	0.0420536343027	0.037378615157	0.0387309396867	0.0397513054096	0.0	0.0456255154447	0.0383961324842	0.0442762612797	0.0490811207427	0.0514270098448	0.0482592394144	0.058002486259	0.0535281900408	0.0563326267687	0.0553279770427	0.0509181074765	0.044841468045	0.0479594874526
TARA_064_DCM_0.22-3_G.snv.bam	0.0419857844283	0.0419334505185	0.0434241239347	0.0449188681076	0.0429697924367	0.04477622666	0.044464575581	0.0466385160057	0.0461284053729	0.0456255154447	0.0	0.0378710767134	0.0431584065738	0.0485451528499	0.0466921979147	0.0447005132669	0.055509561195	0.0527365444726	0.0540634749714	0.0517138590414	0.0479698293015	0.0429785524261	0.0463177880253
TARA_064_SRF_0.22-3_G.snv.bam	0.0317623456112	0.0340747994783	0.0358471680053	0.0393018401713	0.0351996211139	0.0370963106762	0.0355542353542	0.0403718664212	0.036673714083	0.0383961324842	0.0378710767134	0.0	0.0354269598627	0.0415949599988	0.0418617576255	0.0344263706944	0.0481806027423	0.0453800047135	0.0477675931074	0.0449234334633	0.0366978733548	0.0341316587207	0.0390004729641
TARA_072_SRF_0.22-3_G.snv.bam	0.0379305525543	0.0374488283472	0.0398574162804	0.0402627321454	0.039587072183	0.0372850941894	0.0403775037977	0.0419690981017	0.0423033185372	0.0442762612797	0.0431584065738	0.0354269598627	0.0	0.0430534739197	0.041912026802	0.0383135230884	0.0490486252417	0.0463748607132	0.0481618617894	0.0460676775636	0.0428777472835	0.0359754812184	0.0379747890066
TARA_076_SRF_0.22-3_G.snv.bam	0.0440737274069	0.0445887691382	0.0477250685854	0.0478911060504	0.0471903574204	0.0457833883161	0.0452422383357	0.0474964212908	0.0473234271045	0.0490811207427	0.0485451528499	0.0415949599988	0.0430534739197	0.0	0.0447109593608	0.0422152176905	0.0494111506425	0.0466635030015	0.0510763138985	0.0467360062608	0.0430581403993	0.0408676006329	0.0456137512872
TARA_078_DCM_0.22-3_G.snv.bam	0.0467091393013	0.043997360194	0.0505191727705	0.0458739925651	0.0492511158433	0.0477888807652	0.048630219532	0.0492651083992	0.049101685723	0.0514270098448	0.0466921979147	0.0418617576255	0.041912026802	0.0447109593608	0.0	0.0335768637221	0.043548247634	0.0457913145591	0.0460248755024	0.0402678766255	0.0434971620403	0.0405668088237	0.0446199246092
TARA_078_SRF_0.22-3_G.snv.bam	0.0410708927051	0.0414458366998	0.045627300173	0.0455151120696	0.0450367647102	0.0440564254128	0.0435075017806	0.0459229105724	0.0454247473034	0.0482592394144	0.0447005132669	0.0344263706944	0.0383135230884	0.0422152176905	0.0335768637221	0.0	0.0414780729766	0.0439140402183	0.0446420158598	0.0403750362508	0.0365771872299	0.0361585136934	0.0418988260209
TARA_098_DCM_0.22-3_G.snv.bam	0.0534560488229	0.0514223437293	0.055986156928	0.054167737756	0.054998884709	0.0530393406166	0.0528267556197	0.0566630227219	0.0555791508457	0.058002486259	0.055509561195	0.0481806027423	0.0490486252417	0.0494111506425	0.043548247634	0.0414780729766	0.0	0.0471546775285	0.0464331093435	0.0242287610174	0.036602265458	0.0478106584429	0.0495864926358
TARA_098_SRF_0.22-3_G.snv.bam	0.0500671194128	0.0487010452038	0.0515175422002	0.0520623283118	0.0508981851939	0.04883404001	0.0512263337489	0.0524524678373	0.0510910015618	0.0535281900408	0.0527365444726	0.0453800047135	0.0463748607132	0.0466635030015	0.0457913145591	0.0439140402183	0.0471546775285	0.0	0.0408902225697	0.0434111453169	0.0382727366434	0.0421374718413	0.0469610910002
TARA_099_SRF_0.22-3_G.snv.bam	0.0517520270888	0.0506299524466	0.0545045228961	0.0537861319402	0.0525174638575	0.0501950799606	0.0521324218248	0.0556359679235	0.0547067234391	0.0563326267687	0.0540634749714	0.0477675931074	0.0481618617894	0.0510763138985	0.0460248755024	0.0446420158598	0.0464331093435	0.0408902225697	0.0	0.0438189023164	0.0420002189475	0.0448431142707	0.0487768601907
TARA_112_DCM_0.22-3_G.snv.bam	0.0502371515788	0.0489669600498	0.0522889058997	0.0507557360918	0.0526806461903	0.0507253792406	0.0496165529996	0.0535011617882	0.0527929836767	0.0553279770427	0.0517138590414	0.0449234334633	0.0460676775636	0.0467360062608	0.0402678766255	0.0403750362508	0.0242287610174	0.0434111453169	0.0438189023164	0.0	0.0331361306124	0.044611342116	0.0472380162771
TARA_112_SRF_0.22-3_G.snv.bam	0.0446902416466	0.0456949842507	0.047986338544	0.0498685998342	0.0472750550139	0.046555232077	0.0456711688995	0.0496414476223	0.0467635246051	0.0509181074765	0.0479698293015	0.0366978733548	0.0428777472835	0.0430581403993	0.0434971620403	0.0365771872299	0.036602265458	0.0382727366434	0.0420002189475	0.0331361306124	0.0	0.0396367894463	0.0445044699547
TARA_132_SRF_0.22-3_G.snv.bam	0.0374094803436	0.0359018708923	0.0382561571052	0.0413150648579	0.0396094428589	0.0370091421274	0.0390942695498	0.0417720787674	0.040989016506	0.044841468045	0.0429785524261	0.0341316587207	0.0359754812184	0.0408676006329	0.0405668088237	0.0361585136934	0.0478106584429	0.0421374718413	0.0448431142707	0.044611342116	0.0396367894463	0.0	0.0384897599136
TARA_138_SRF_0.22-3_G.snv.bam	0.0420202145498	0.0395317792983	0.0438773385382	0.0440764632842	0.0437778525061	0.0421006041187	0.0427458392289	0.0453579302602	0.0447121727169	0.0479594874526	0.0463177880253	0.0390004729641	0.0379747890066	0.0456137512872	0.0446199246092	0.0418988260209	0.0495864926358	0.0469610910002	0.0487768601907	0.0472380162771	0.0445044699547	0.0384897599136	0.0
