	TARA_031_SRF_0.22-1.6_G.snv.bam	TARA_032_SRF_0.22-1.6_G.snv.bam	TARA_039_DCM_0.22-1.6_G.snv.bam	TARA_041_SRF_0.22-1.6_G.snv.bam	TARA_042_SRF_0.22-1.6_G.snv.bam	TARA_045_SRF_0.22-1.6_G.snv.bam	TARA_048_SRF_0.22-1.6_G.snv.bam	TARA_056_SRF_0.22-3_G.snv.bam	TARA_057_SRF_0.22-3_G.snv.bam	TARA_058_DCM_0.22-3_G.snv.bam	TARA_062_SRF_0.22-3_G.snv.bam	TARA_064_DCM_0.22-3_G.snv.bam	TARA_064_SRF_0.22-3_G.snv.bam	TARA_072_SRF_0.22-3_G.snv.bam	TARA_076_SRF_0.22-3_G.snv.bam	TARA_078_SRF_0.22-3_G.snv.bam	TARA_112_SRF_0.22-3_G.snv.bam	TARA_132_SRF_0.22-3_G.snv.bam	TARA_138_SRF_0.22-3_G.snv.bam	TARA_140_SRF_0.22-3_G.snv.bam	TARA_142_DCM_0.22-3_G.snv.bam	TARA_142_SRF_0.22-3_G.snv.bam
TARA_031_SRF_0.22-1.6_G.snv.bam	0.0	0.0251079475572	0.0386506638451	0.0321393300797	0.0339943857794	0.0300922576485	0.0323976576135	0.0330015743711	0.0359601049404	0.0368005117104	0.0391893030397	0.0388986142341	0.0301117902749	0.0348967065212	0.0469553890064	0.0407854210173	0.0526009897903	0.0379693808468	0.0402025086146	0.0433182404806	0.0410368096655	0.0423125377719
TARA_032_SRF_0.22-1.6_G.snv.bam	0.0251079475572	0.0	0.0360343377984	0.0318186563572	0.032835258375	0.0297978917682	0.0307895858285	0.0325043361672	0.0363943223712	0.036787160271	0.0400693168492	0.0400692679049	0.0316278437915	0.0338200543109	0.0475936367246	0.0406043847286	0.0533801710266	0.0353920575311	0.0393297500998	0.0434354461756	0.0371700653399	0.0380953861473
TARA_039_DCM_0.22-1.6_G.snv.bam	0.0386506638451	0.0360343377984	0.0	0.0330547955179	0.0331119792299	0.0354936335765	0.0357299666577	0.0349594485907	0.0359460502814	0.0385867138606	0.0383922209166	0.0404746972283	0.0370994634329	0.0377269635468	0.0487730884083	0.0434279837521	0.0527927936973	0.0408740567236	0.0401553369159	0.0387750055623	0.0406015877972	0.041047013297
TARA_041_SRF_0.22-1.6_G.snv.bam	0.0321393300797	0.0318186563572	0.0330547955179	0.0	0.0270320370758	0.0255161866021	0.0304147913091	0.0276880256245	0.0311832116532	0.0312652240275	0.0344145459678	0.0373813363233	0.0296082847405	0.0353728779894	0.0477470065676	0.0402069474944	0.0532057064058	0.038227829421	0.0377923154377	0.0376577787211	0.0403149518548	0.0419291405057
TARA_042_SRF_0.22-1.6_G.snv.bam	0.0339943857794	0.032835258375	0.0331119792299	0.0270320370758	0.0	0.0276257456043	0.0291967125541	0.0298744603526	0.0332071953605	0.0357961262967	0.0377907448426	0.0410097288871	0.0329307133669	0.0343233389496	0.04723774155	0.0389062712244	0.0531761906975	0.036461573788	0.0378979918665	0.0402505538404	0.0380367299147	0.039149048107
TARA_045_SRF_0.22-1.6_G.snv.bam	0.0300922576485	0.0297978917682	0.0354936335765	0.0255161866021	0.0276257456043	0.0	0.0244345243108	0.028104585724	0.0330683410909	0.0319945130104	0.0357155575827	0.0390795674978	0.0274133383782	0.0325241513906	0.0472095492544	0.0386654117421	0.0516998376523	0.0348911219394	0.0373941300948	0.0397652401858	0.0386187188131	0.0400026701512
TARA_048_SRF_0.22-1.6_G.snv.bam	0.0323976576135	0.0307895858285	0.0357299666577	0.0304147913091	0.0291967125541	0.0244345243108	0.0	0.0325924217239	0.0363314983632	0.0374637527891	0.0398954227054	0.0394963861817	0.0302824949204	0.0319165352026	0.0458360696652	0.0383916876921	0.0502781129175	0.0326998645336	0.0367403532424	0.0419351512977	0.0359394649256	0.0379236259445
TARA_056_SRF_0.22-3_G.snv.bam	0.0330015743711	0.0325043361672	0.0349594485907	0.0276880256245	0.0298744603526	0.028104585724	0.0325924217239	0.0	0.028800124935	0.0315954521488	0.0322242310959	0.0389402187144	0.0303393207905	0.0350049894883	0.0480164552809	0.0407466494481	0.0538903994597	0.0382370031575	0.039148288063	0.0385682522052	0.0410695942387	0.0416386413832
TARA_057_SRF_0.22-3_G.snv.bam	0.0359601049404	0.0363943223712	0.0359460502814	0.0311832116532	0.0332071953605	0.0330683410909	0.0363314983632	0.028800124935	0.0	0.0336005401079	0.0333837585912	0.0416461735104	0.0341421117533	0.0381334096994	0.0525530956848	0.0433353902277	0.0561808618442	0.0429392843563	0.0428140988611	0.0382236555005	0.0444753267932	0.0457561014476
TARA_058_DCM_0.22-3_G.snv.bam	0.0368005117104	0.036787160271	0.0385867138606	0.0312652240275	0.0357961262967	0.0319945130104	0.0374637527891	0.0315954521488	0.0336005401079	0.0	0.0336438002015	0.0406038249891	0.0329231085957	0.0389221564077	0.0513644633307	0.043563888502	0.0565724645399	0.0435664136164	0.0424354552521	0.039675538725	0.0451580267119	0.0471022780508
TARA_062_SRF_0.22-3_G.snv.bam	0.0391893030397	0.0400693168492	0.0383922209166	0.0344145459678	0.0377907448426	0.0357155575827	0.0398954227054	0.0322242310959	0.0333837585912	0.0336438002015	0.0	0.0411118714942	0.0361692883718	0.0428564520641	0.0538929806454	0.0466738680282	0.0593974725401	0.0471768134367	0.0439249865095	0.0421404629609	0.0462496220523	0.0476820620698
TARA_064_DCM_0.22-3_G.snv.bam	0.0388986142341	0.0400692679049	0.0404746972283	0.0373813363233	0.0410097288871	0.0390795674978	0.0394963861817	0.0389402187144	0.0416461735104	0.0406038249891	0.0411118714942	0.0	0.0349611940718	0.0400454706004	0.0501193131118	0.0437290583031	0.0556949211614	0.0454362620282	0.0427854845309	0.0448581042766	0.0477791595778	0.0481360934562
TARA_064_SRF_0.22-3_G.snv.bam	0.0301117902749	0.0316278437915	0.0370994634329	0.0296082847405	0.0329307133669	0.0274133383782	0.0302824949204	0.0303393207905	0.0341421117533	0.0329231085957	0.0361692883718	0.0349611940718	0.0	0.0325071464838	0.0476778406879	0.0362901107112	0.051486105004	0.035214435486	0.0378399484679	0.0403579505559	0.0413756257067	0.0427829080746
TARA_072_SRF_0.22-3_G.snv.bam	0.0348967065212	0.0338200543109	0.0377269635468	0.0353728779894	0.0343233389496	0.0325241513906	0.0319165352026	0.0350049894883	0.0381334096994	0.0389221564077	0.0428564520641	0.0400454706004	0.0325071464838	0.0	0.0463085212381	0.0383457584131	0.0505842624052	0.0352740533986	0.0356985791375	0.0426316712251	0.0411507033381	0.0417543737488
TARA_076_SRF_0.22-3_G.snv.bam	0.0469553890064	0.0475936367246	0.0487730884083	0.0477470065676	0.04723774155	0.0472095492544	0.0458360696652	0.0480164552809	0.0525530956848	0.0513644633307	0.0538929806454	0.0501193131118	0.0476778406879	0.0463085212381	0.0	0.0477108270098	0.0595710835616	0.0464750474073	0.0497370106355	0.0530865635662	0.0465483246894	0.0515279439627
TARA_078_SRF_0.22-3_G.snv.bam	0.0407854210173	0.0406043847286	0.0434279837521	0.0402069474944	0.0389062712244	0.0386654117421	0.0383916876921	0.0407466494481	0.0433353902277	0.043563888502	0.0466738680282	0.0437290583031	0.0362901107112	0.0383457584131	0.0477108270098	0.0	0.053165763717	0.037120184525	0.0421052605729	0.0452855909494	0.0423303655793	0.04382620052
TARA_112_SRF_0.22-3_G.snv.bam	0.0526009897903	0.0533801710266	0.0527927936973	0.0532057064058	0.0531761906975	0.0516998376523	0.0502781129175	0.0538903994597	0.0561808618442	0.0565724645399	0.0593974725401	0.0556949211614	0.051486105004	0.0505842624052	0.0595710835616	0.053165763717	0.0	0.052420412826	0.0508634920664	0.0589696378151	0.0563779581497	0.0580816708829
TARA_132_SRF_0.22-3_G.snv.bam	0.0379693808468	0.0353920575311	0.0408740567236	0.038227829421	0.036461573788	0.0348911219394	0.0326998645336	0.0382370031575	0.0429392843563	0.0435664136164	0.0471768134367	0.0454362620282	0.035214435486	0.0352740533986	0.0464750474073	0.037120184525	0.052420412826	0.0	0.0410925578504	0.0464006365298	0.0394376008105	0.0403220874892
TARA_138_SRF_0.22-3_G.snv.bam	0.0402025086146	0.0393297500998	0.0401553369159	0.0377923154377	0.0378979918665	0.0373941300948	0.0367403532424	0.039148288063	0.0428140988611	0.0424354552521	0.0439249865095	0.0427854845309	0.0378399484679	0.0356985791375	0.0497370106355	0.0421052605729	0.0508634920664	0.0410925578504	0.0	0.0476759182081	0.0439693234547	0.0445024768307
TARA_140_SRF_0.22-3_G.snv.bam	0.0433182404806	0.0434354461756	0.0387750055623	0.0376577787211	0.0402505538404	0.0397652401858	0.0419351512977	0.0385682522052	0.0382236555005	0.039675538725	0.0421404629609	0.0448581042766	0.0403579505559	0.0426316712251	0.0530865635662	0.0452855909494	0.0589696378151	0.0464006365298	0.0476759182081	0.0	0.0482461606084	0.0493562554331
TARA_142_DCM_0.22-3_G.snv.bam	0.0410368096655	0.0371700653399	0.0406015877972	0.0403149518548	0.0380367299147	0.0386187188131	0.0359394649256	0.0410695942387	0.0444753267932	0.0451580267119	0.0462496220523	0.0477791595778	0.0413756257067	0.0411507033381	0.0465483246894	0.0423303655793	0.0563779581497	0.0394376008105	0.0439693234547	0.0482461606084	0.0	0.0261911209763
TARA_142_SRF_0.22-3_G.snv.bam	0.0423125377719	0.0380953861473	0.041047013297	0.0419291405057	0.039149048107	0.0400026701512	0.0379236259445	0.0416386413832	0.0457561014476	0.0471022780508	0.0476820620698	0.0481360934562	0.0427829080746	0.0417543737488	0.0515279439627	0.04382620052	0.0580816708829	0.0403220874892	0.0445024768307	0.0493562554331	0.0261911209763	0.0
