	TARA_031_SRF_0.22-1.6_G.snv.bam	TARA_032_DCM_0.22-1.6_G.snv.bam	TARA_032_SRF_0.22-1.6_G.snv.bam	TARA_033_SRF_0.22-1.6_G.snv.bam	TARA_034_SRF_0.22-1.6_G.snv.bam	TARA_038_DCM_0.22-1.6_G.snv.bam	TARA_038_SRF_0.22-1.6_G.snv.bam	TARA_039_DCM_0.22-1.6_G.snv.bam	TARA_041_SRF_0.22-1.6_G.snv.bam	TARA_042_DCM_0.22-1.6_G.snv.bam	TARA_042_SRF_0.22-1.6_G.snv.bam	TARA_045_SRF_0.22-1.6_G.snv.bam	TARA_048_SRF_0.22-1.6_G.snv.bam	TARA_052_DCM_0.22-1.6_G.snv.bam	TARA_052_SRF_0.22-1.6_G.snv.bam	TARA_056_MES_0.22-3_G.snv.bam	TARA_056_SRF_0.22-3_G.snv.bam	TARA_057_SRF_0.22-3_G.snv.bam	TARA_058_DCM_0.22-3_G.snv.bam	TARA_062_SRF_0.22-3_G.snv.bam	TARA_064_DCM_0.22-3_G.snv.bam	TARA_064_SRF_0.22-3_G.snv.bam	TARA_065_DCM_0.22-3_G.snv.bam	TARA_065_SRF_0.22-3_G.snv.bam	TARA_072_MES_0.22-3_G.snv.bam	TARA_072_SRF_0.22-3_G.snv.bam	TARA_076_DCM_0.22-3_G.snv.bam	TARA_076_SRF_0.22-3_G.snv.bam	TARA_078_DCM_0.22-3_G.snv.bam	TARA_078_SRF_0.22-3_G.snv.bam	TARA_098_SRF_0.22-3_G.snv.bam	TARA_099_SRF_0.22-3_G.snv.bam	TARA_109_SRF_0.22-3_G.snv.bam	TARA_112_SRF_0.22-3_G.snv.bam	TARA_132_SRF_0.22-3_G.snv.bam	TARA_138_SRF_0.22-3_G.snv.bam	TARA_140_SRF_0.22-3_G.snv.bam	TARA_141_SRF_0.22-3_G.snv.bam	TARA_142_DCM_0.22-3_G.snv.bam	TARA_142_SRF_0.22-3_G.snv.bam	TARA_146_SRF_0.22-3_G.snv.bam	TARA_148_SRF_0.22-3_G.snv.bam
TARA_031_SRF_0.22-1.6_G.snv.bam	0.0	0.0345791743179	0.0142702934944	0.0263752959698	0.0351598889707	0.033126740804	0.0327418550281	0.0268621391374	0.0204198705762	0.0347215377098	0.0203165737781	0.0203196885092	0.0197691660415	0.0349222777171	0.0380775902584	0.0332314032411	0.0228219505386	0.0251107716093	0.0252541439732	0.0252924081742	0.0255000786556	0.0194375416023	0.0360857185029	0.0376601441181	0.0250095129578	0.0215739908781	0.0350796746003	0.0326855102039	0.0334612184258	0.0283282713977	0.0494849797503	0.060320709473	0.0385124260085	0.0520502102096	0.0246769162971	0.0317732118835	0.0293499633266	0.0324379677475	0.026495297531	0.0279509452027	0.0351941044311	0.0314977169975
TARA_032_DCM_0.22-1.6_G.snv.bam	0.0345791743179	0.0	0.0334555889783	0.036332335789	0.0396765579866	0.0417933265653	0.0425789341826	0.0396889068679	0.0388200703756	0.0426175152089	0.0368376258853	0.0379987605456	0.0376226372326	0.0422079312439	0.0443864394657	0.0435931078418	0.0407692218201	0.0414548734128	0.0419524571137	0.0414093724081	0.0383110118048	0.0381750223201	0.038991130585	0.0417413491573	0.0363393897331	0.0347649474468	0.040472700096	0.0421081723509	0.0346749494596	0.0399225672802	0.0557634877585	0.0655030830649	0.0436073043591	0.0612867911196	0.0374215257624	0.0423666943121	0.0422515989023	0.036885054866	0.0353988488603	0.0359415078164	0.0400683097797	0.0374735499499
TARA_032_SRF_0.22-1.6_G.snv.bam	0.0142702934944	0.0334555889783	0.0	0.0248959599025	0.0334493825853	0.0333987783439	0.0327885961028	0.0261757359748	0.020922321561	0.0345577652459	0.0203364382323	0.020602995367	0.0203796966027	0.0347574452586	0.0372637150243	0.0334107026456	0.024123939115	0.0253297923603	0.0257528037491	0.0257085787622	0.0267703630065	0.0204077937026	0.036420523311	0.0374035657323	0.0250514027262	0.0220849401045	0.0352529924564	0.0334293646634	0.0325935222874	0.0293213858865	0.0493498281872	0.0600317257341	0.0386953091961	0.0522038919717	0.025337901134	0.0325357671297	0.0301457753562	0.0313765862126	0.0262820269229	0.0273564157155	0.0353259910044	0.030695716137
TARA_033_SRF_0.22-1.6_G.snv.bam	0.0263752959698	0.036332335789	0.0248959599025	0.0	0.0305788086963	0.0353132955286	0.0359958859863	0.0300411705103	0.0272953104998	0.0356364111281	0.0273173160861	0.0285462257473	0.0288956815417	0.0385988935464	0.0409247816911	0.0354145408303	0.029847859537	0.0300381934533	0.0306603184277	0.0301847554314	0.0310867652926	0.0291827141591	0.0384348407248	0.0374029279472	0.0309586929404	0.0286711346777	0.0381886892275	0.0368096694037	0.0356008037269	0.0344732192748	0.0535549444261	0.0620976779638	0.0402699419672	0.0576825886902	0.0315458864377	0.0372819116253	0.0319973723403	0.0375189669707	0.0331845876375	0.0341750460147	0.0380900878231	0.0372834750797
TARA_034_SRF_0.22-1.6_G.snv.bam	0.0351598889707	0.0396765579866	0.0334493825853	0.0305788086963	0.0	0.0392681109181	0.0396493735779	0.034538425253	0.0348166378064	0.0407353555132	0.033921099036	0.0355184025983	0.0359718175494	0.041118053647	0.0433211719656	0.0390344335611	0.0371425371986	0.037267478893	0.0375959428928	0.0364029452477	0.0368144204503	0.037023133556	0.0418864446078	0.0407588969503	0.0375863209183	0.0363537113405	0.0443102518704	0.0426750062695	0.0373120195292	0.0375789214176	0.0566817581846	0.064170065781	0.0427417708519	0.0613645212505	0.0382141476837	0.0419387527709	0.036952570975	0.0414537969988	0.03907472076	0.0402153303589	0.0416988201726	0.0420334612519
TARA_038_DCM_0.22-1.6_G.snv.bam	0.033126740804	0.0417933265653	0.0333987783439	0.0353132955286	0.0392681109181	0.0	0.0278563991836	0.0301773501591	0.0313941692688	0.0373665879835	0.0318276553349	0.032401949715	0.033876018625	0.0394609882587	0.0415561798347	0.0374956041601	0.0331274895377	0.034192729656	0.0344152512271	0.0336544886485	0.0336944602962	0.0313448558778	0.0396681405562	0.0403434629528	0.0330459252677	0.0318293504817	0.0392101947069	0.0414895281568	0.0379755461313	0.03532264439	0.0535515999399	0.0610941528934	0.0421502066589	0.0542702276683	0.0363100434361	0.0390712624312	0.0328244720418	0.0406028552775	0.0371666710184	0.0383492041947	0.0421801633663	0.040433590086
TARA_038_SRF_0.22-1.6_G.snv.bam	0.0327418550281	0.0425789341826	0.0327885961028	0.0359958859863	0.0396493735779	0.0278563991836	0.0	0.0317534027854	0.0319552790012	0.0383418629815	0.0324016599917	0.0326213686962	0.0342907587065	0.0387558069004	0.040062418938	0.0378109218361	0.0335780401561	0.0343456047493	0.0346837146803	0.0351265602469	0.0349109024882	0.0322045195069	0.0413225070772	0.0410471807024	0.0338414529581	0.0319062809134	0.0416513226127	0.0409006849238	0.0376313805715	0.0358178445257	0.0528568274585	0.0610555597796	0.0410883534108	0.0556287272605	0.036282662914	0.0382121663637	0.0333836629905	0.0400807111242	0.0358787763124	0.0367508757634	0.0414348564022	0.0387609079753
TARA_039_DCM_0.22-1.6_G.snv.bam	0.0268621391374	0.0396889068679	0.0261757359748	0.0300411705103	0.034538425253	0.0301773501591	0.0317534027854	0.0	0.022071456333	0.0329644406428	0.022833868758	0.0227954899681	0.0259645014779	0.0368027324225	0.0407689455337	0.0307041892621	0.0239080670855	0.0249818945326	0.0254737060735	0.0248398043245	0.0297788194044	0.0260582322361	0.037082392026	0.0377499444859	0.0302622999102	0.0274058072049	0.0394098937423	0.0383980797146	0.0363039578461	0.0329465591888	0.0525494853759	0.0614690578449	0.0389716984505	0.0547385728797	0.0325729249761	0.0362293755478	0.0256122390442	0.0372070825103	0.032152244505	0.0334731176515	0.0385234374877	0.0371551050529
TARA_041_SRF_0.22-1.6_G.snv.bam	0.0204198705762	0.0388200703756	0.020922321561	0.0272953104998	0.0348166378064	0.0313941692688	0.0319552790012	0.022071456333	0.0	0.0315804506201	0.0162788043843	0.0153311517162	0.0193721167558	0.0362671970094	0.0378812076609	0.029308207115	0.0193433785032	0.0200331161588	0.020136249364	0.019731209035	0.025676749405	0.0197755590218	0.0359242483384	0.0358926629416	0.02670512099	0.0230113480019	0.0371054547741	0.0353694599979	0.0353038589247	0.0301084633139	0.0513277235337	0.061395022777	0.0387122700831	0.0529693517902	0.0272964062005	0.0322051055907	0.025189593958	0.0354526923063	0.0293970203653	0.0310343466633	0.0380224371309	0.0347902785358
TARA_042_DCM_0.22-1.6_G.snv.bam	0.0347215377098	0.0426175152089	0.0345577652459	0.0356364111281	0.0407353555132	0.0373665879835	0.0383418629815	0.0329644406428	0.0315804506201	0.0	0.0314084586464	0.0322149681752	0.0346576278547	0.0398833121815	0.0404614382569	0.0382937591927	0.0325347734743	0.0341240147212	0.0333549613757	0.0336102999822	0.0357522096021	0.0345366353097	0.0402252715939	0.0409338213128	0.0358269362062	0.03454173701	0.0427379921018	0.0418194053412	0.037825728231	0.0383193039911	0.0545281308066	0.0639100369817	0.0415936455193	0.0585749534133	0.0376119959332	0.0407581398478	0.0351325289675	0.0401053544392	0.0375377755419	0.0380457489596	0.0412427241541	0.0410377272453
TARA_042_SRF_0.22-1.6_G.snv.bam	0.0203165737781	0.0368376258853	0.0203364382323	0.0273173160861	0.033921099036	0.0318276553349	0.0324016599917	0.022833868758	0.0162788043843	0.0314084586464	0.0	0.016506132417	0.0186581852229	0.0350560653836	0.03707749623	0.0304279086367	0.020937848771	0.0220962473913	0.0219351921825	0.0218837582663	0.0266814049649	0.0216924395873	0.035127983282	0.0366709330086	0.0264907896663	0.0231522389944	0.0373549457702	0.03563378066	0.0347401617364	0.0311133070355	0.0502264190958	0.060899357096	0.0377648602059	0.0532257328975	0.0274016353772	0.032472964404	0.0272754512365	0.0331989919744	0.0278427538582	0.0290677953453	0.0361968870942	0.0332572056445
TARA_045_SRF_0.22-1.6_G.snv.bam	0.0203196885092	0.0379987605456	0.020602995367	0.0285462257473	0.0355184025983	0.032401949715	0.0326213686962	0.0227954899681	0.0153311517162	0.0322149681752	0.016506132417	0.0	0.0179338395436	0.0359371424876	0.0381280070246	0.0309001352983	0.0200676388645	0.021909613931	0.0208147655897	0.0216625531688	0.0260339247958	0.0205351570716	0.0369062495335	0.0375970532366	0.0268247676366	0.0229361262585	0.0372490645386	0.0363458404045	0.0359712594201	0.030830279897	0.051150330066	0.0617915568455	0.0391367254359	0.0528375699559	0.0274252585272	0.0329280840232	0.0269076366174	0.0355650248248	0.0294823467145	0.0309403414167	0.0383136406887	0.034899662526
TARA_048_SRF_0.22-1.6_G.snv.bam	0.0197691660415	0.0376226372326	0.0203796966027	0.0288956815417	0.0359718175494	0.033876018625	0.0342907587065	0.0259645014779	0.0193721167558	0.0346576278547	0.0186581852229	0.0179338395436	0.0	0.034174405723	0.0375727764003	0.0314941896723	0.0226125199276	0.0246057409519	0.0243982521235	0.0253524215678	0.0267171667976	0.0208018489174	0.0372682245983	0.038850852591	0.0267398971285	0.0224854080734	0.0367057578538	0.0341993542597	0.035529983252	0.0305965697507	0.0505173508643	0.0607109268638	0.0384158138673	0.0524800314512	0.0258295434143	0.0311329974638	0.0301426225841	0.0339846256319	0.0276843627676	0.0292805629676	0.0369947507129	0.0332469547878
TARA_052_DCM_0.22-1.6_G.snv.bam	0.0349222777171	0.0422079312439	0.0347574452586	0.0385988935464	0.041118053647	0.0394609882587	0.0387558069004	0.0368027324225	0.0362671970094	0.0398833121815	0.0350560653836	0.0359371424876	0.034174405723	0.0	0.0326135845338	0.0396211110827	0.0360187593106	0.0374712872782	0.0374865698495	0.0384632872739	0.0369842689073	0.036435316925	0.0410249621648	0.0412444997704	0.0341985675813	0.033726730329	0.0402383423299	0.0405805937926	0.0385428873483	0.0377535804992	0.0503399641347	0.0587712079288	0.037088934463	0.0516823162148	0.036643388303	0.029867407111	0.0399573260684	0.0409721177399	0.0378661668665	0.0387873320865	0.0427199667127	0.0402483408179
TARA_052_SRF_0.22-1.6_G.snv.bam	0.0380775902584	0.0443864394657	0.0372637150243	0.0409247816911	0.0433211719656	0.0415561798347	0.040062418938	0.0407689455337	0.0378812076609	0.0404614382569	0.03707749623	0.0381280070246	0.0375727764003	0.0326135845338	0.0	0.0400893454314	0.038308240931	0.040160061364	0.0397936443076	0.0410424822651	0.0391661514152	0.0386437269683	0.0412598524143	0.0436638280281	0.0364493615357	0.0354565129207	0.0415064602339	0.0435490759022	0.040314748023	0.040081146737	0.0533397935391	0.0614526600616	0.0373539790752	0.0566787273745	0.0383180389082	0.0332908510863	0.0416987055942	0.0404390002364	0.0396636575981	0.0401944193049	0.0440559982806	0.0417039224297
TARA_056_MES_0.22-3_G.snv.bam	0.0332314032411	0.0435931078418	0.0334107026456	0.0354145408303	0.0390344335611	0.0374956041601	0.0378109218361	0.0307041892621	0.029308207115	0.0382937591927	0.0304279086367	0.0309001352983	0.0314941896723	0.0396211110827	0.0400893454314	0.0	0.0292232017735	0.0305799453719	0.0305117459182	0.0301953164813	0.0349430695427	0.0331252463598	0.0404136593495	0.0419623232677	0.0354257992885	0.0329741617812	0.0424586797912	0.0411487632088	0.039768397807	0.0363440421072	0.055090469453	0.0647386781587	0.0408140124328	0.0565660138146	0.0350575636039	0.0374321374773	0.0342186997189	0.0430511173632	0.0387069359566	0.0403217305084	0.0432985733093	0.0427469554254
TARA_056_SRF_0.22-3_G.snv.bam	0.0228219505386	0.0407692218201	0.024123939115	0.029847859537	0.0371425371986	0.0331274895377	0.0335780401561	0.0239080670855	0.0193433785032	0.0325347734743	0.020937848771	0.0200676388645	0.0226125199276	0.0360187593106	0.038308240931	0.0292232017735	0.0	0.0205959074097	0.0206247402735	0.0212962181138	0.0271338085436	0.0227793767546	0.0375092799308	0.036904428409	0.027874999221	0.0247485510657	0.0399198655505	0.0367116113017	0.0373064822869	0.0318369498125	0.0517312809909	0.0612459731508	0.0383162254956	0.0533152306497	0.0287290908492	0.0323981532135	0.0264061671614	0.0375948280961	0.0318552432667	0.0333988228426	0.0393327401011	0.0372447953404
TARA_057_SRF_0.22-3_G.snv.bam	0.0251107716093	0.0414548734128	0.0253297923603	0.0300381934533	0.037267478893	0.034192729656	0.0343456047493	0.0249818945326	0.0200331161588	0.0341240147212	0.0220962473913	0.021909613931	0.0246057409519	0.0374712872782	0.040160061364	0.0305799453719	0.0205959074097	0.0	0.0216593787714	0.021769994027	0.028937947096	0.0246873235125	0.0376355450981	0.0374158011692	0.0300466605982	0.0271686004895	0.0398835976054	0.0378621926391	0.0373467925654	0.0332827222921	0.0530748026529	0.0623582605464	0.0404936188922	0.0538633417423	0.0307117098581	0.0354888099336	0.0266576503132	0.039372821999	0.0339745077061	0.0355422690745	0.0408882159034	0.0388348784736
TARA_058_DCM_0.22-3_G.snv.bam	0.0252541439732	0.0419524571137	0.0257528037491	0.0306603184277	0.0375959428928	0.0344152512271	0.0346837146803	0.0254737060735	0.020136249364	0.0333549613757	0.0219351921825	0.0208147655897	0.0243982521235	0.0374865698495	0.0397936443076	0.0305117459182	0.0206247402735	0.0216593787714	0.0	0.0212893782352	0.027816365033	0.02355323631	0.037752603628	0.0383211778794	0.0298832652265	0.026837924642	0.0398429720198	0.0372592796127	0.0383456347978	0.0338753147697	0.053397358226	0.0640845519929	0.0402063937537	0.0532305837632	0.0305808310666	0.0343863837535	0.0272479964103	0.0406076149159	0.0352827562129	0.0365351172167	0.0412412556932	0.0391398119323
TARA_062_SRF_0.22-3_G.snv.bam	0.0252924081742	0.0414093724081	0.0257085787622	0.0301847554314	0.0364029452477	0.0336544886485	0.0351265602469	0.0248398043245	0.019731209035	0.0336102999822	0.0218837582663	0.0216625531688	0.0253524215678	0.0384632872739	0.0410424822651	0.0301953164813	0.0212962181138	0.021769994027	0.0212893782352	0.0	0.0277584632837	0.0234396479087	0.0371469578634	0.0374914299349	0.0299898279176	0.0279642450853	0.0394507550586	0.0384748906836	0.0375840687641	0.0333046020137	0.0535043865661	0.0626368793257	0.0404718635982	0.0537212169777	0.030604406751	0.0359894908316	0.02689140887	0.0401192133788	0.0346695248777	0.0358858218554	0.0412820016038	0.0389113631621
TARA_064_DCM_0.22-3_G.snv.bam	0.0255000786556	0.0383110118048	0.0267703630065	0.0310867652926	0.0368144204503	0.0336944602962	0.0349109024882	0.0297788194044	0.025676749405	0.0357522096021	0.0266814049649	0.0260339247958	0.0267171667976	0.0369842689073	0.0391661514152	0.0349430695427	0.0271338085436	0.028937947096	0.027816365033	0.0277584632837	0.0	0.0237258783335	0.036137050398	0.0360799905766	0.0289448625423	0.0265912303932	0.035374189271	0.0352260980192	0.0351002160636	0.0319479500788	0.0497950892053	0.0619722753441	0.0394779280145	0.0520472306865	0.0294426624241	0.0348635032159	0.0306821317452	0.0390097002286	0.0341480295677	0.0353383971428	0.0402773594834	0.0379624030009
TARA_064_SRF_0.22-3_G.snv.bam	0.0194375416023	0.0381750223201	0.0204077937026	0.0291827141591	0.037023133556	0.0313448558778	0.0322045195069	0.0260582322361	0.0197755590218	0.0345366353097	0.0216924395873	0.0205351570716	0.0208018489174	0.036435316925	0.0386437269683	0.0331252463598	0.0227793767546	0.0246873235125	0.02355323631	0.0234396479087	0.0237258783335	0.0	0.0358839037847	0.03628662056	0.0246035600597	0.0215879976317	0.03426660549	0.0333013185731	0.0335217914541	0.02767061382	0.0497617096558	0.0593754695876	0.0383345130785	0.0497062721197	0.025657440897	0.0312187412458	0.0286402042966	0.0361209892464	0.0300124885408	0.031501223129	0.0382474972548	0.0341580454571
TARA_065_DCM_0.22-3_G.snv.bam	0.0360857185029	0.038991130585	0.036420523311	0.0384348407248	0.0418864446078	0.0396681405562	0.0413225070772	0.037082392026	0.0359242483384	0.0402252715939	0.035127983282	0.0369062495335	0.0372682245983	0.0410249621648	0.0412598524143	0.0404136593495	0.0375092799308	0.0376355450981	0.037752603628	0.0371469578634	0.036137050398	0.0358839037847	0.0	0.0390352644338	0.0363032404241	0.0358125441867	0.0401985485939	0.0423142408783	0.0367744991985	0.0383450548577	0.0546550590013	0.0650326173712	0.0435918647422	0.0570672995612	0.0379540869411	0.0402774389839	0.0383720493849	0.0418231396411	0.0396173417446	0.0393550051197	0.0435076835877	0.0412370818133
TARA_065_SRF_0.22-3_G.snv.bam	0.0376601441181	0.0417413491573	0.0374035657323	0.0374029279472	0.0407588969503	0.0403434629528	0.0410471807024	0.0377499444859	0.0358926629416	0.0409338213128	0.0366709330086	0.0375970532366	0.038850852591	0.0412444997704	0.0436638280281	0.0419623232677	0.036904428409	0.0374158011692	0.0383211778794	0.0374914299349	0.0360799905766	0.03628662056	0.0390352644338	0.0	0.038263588912	0.0374703381901	0.0421481486721	0.0429841852577	0.0401117803244	0.0403111492347	0.0562426224422	0.0641353099986	0.0431512189914	0.0591719346654	0.0399557579626	0.0430824702118	0.0375060486169	0.0453554975034	0.0419570997657	0.043432253349	0.0448488297213	0.0453434546976
TARA_072_MES_0.22-3_G.snv.bam	0.0250095129578	0.0363393897331	0.0250514027262	0.0309586929404	0.0375863209183	0.0330459252677	0.0338414529581	0.0302622999102	0.02670512099	0.0358269362062	0.0264907896663	0.0268247676366	0.0267398971285	0.0341985675813	0.0364493615357	0.0354257992885	0.027874999221	0.0300466605982	0.0298832652265	0.0299898279176	0.0289448625423	0.0246035600597	0.0363032404241	0.038263588912	0.0	0.0223194954098	0.0344647548864	0.0337870053686	0.0333743332518	0.0294986523206	0.0488586627341	0.0584788442953	0.035991835413	0.0512506713978	0.0282634177854	0.0301066633996	0.0328164169883	0.0358444727938	0.0317451422774	0.0325496313871	0.0378848270483	0.0348475321541
TARA_072_SRF_0.22-3_G.snv.bam	0.0215739908781	0.0347649474468	0.0220849401045	0.0286711346777	0.0363537113405	0.0318293504817	0.0319062809134	0.0274058072049	0.0230113480019	0.03454173701	0.0231522389944	0.0229361262585	0.0224854080734	0.033726730329	0.0354565129207	0.0329741617812	0.0247485510657	0.0271686004895	0.026837924642	0.0279642450853	0.0265912303932	0.0215879976317	0.0358125441867	0.0374703381901	0.0223194954098	0.0	0.0344033625311	0.0330482024029	0.0332608635886	0.0283594543291	0.047583560165	0.0579293130449	0.0362677755358	0.0497554436407	0.0253595217332	0.0294659701713	0.0309573088845	0.0338889005827	0.0286898950263	0.0296624445704	0.0364182366999	0.0330206791482
TARA_076_DCM_0.22-3_G.snv.bam	0.0350796746003	0.040472700096	0.0352529924564	0.0381886892275	0.0443102518704	0.0392101947069	0.0416513226127	0.0394098937423	0.0371054547741	0.0427379921018	0.0373549457702	0.0372490645386	0.0367057578538	0.0402383423299	0.0415064602339	0.0424586797912	0.0399198655505	0.0398835976054	0.0398429720198	0.0394507550586	0.035374189271	0.03426660549	0.0401985485939	0.0421481486721	0.0344647548864	0.0344033625311	0.0	0.0381622308695	0.035959965865	0.033886664847	0.0509849028013	0.0589683419522	0.0430413489289	0.0512588818881	0.0341834021975	0.039508915109	0.0414772217098	0.0409635073556	0.0385326049837	0.0392500186773	0.0402826158956	0.0398267713565
TARA_076_SRF_0.22-3_G.snv.bam	0.0326855102039	0.0421081723509	0.0334293646634	0.0368096694037	0.0426750062695	0.0414895281568	0.0409006849238	0.0383980797146	0.0353694599979	0.0418194053412	0.03563378066	0.0363458404045	0.0341993542597	0.0405805937926	0.0435490759022	0.0411487632088	0.0367116113017	0.0378621926391	0.0372592796127	0.0384748906836	0.0352260980192	0.0333013185731	0.0423142408783	0.0429841852577	0.0337870053686	0.0330482024029	0.0381622308695	0.0	0.0377720723132	0.0353673598371	0.0493499780321	0.0589792216982	0.0440990658266	0.0521943588171	0.030859447828	0.0379087663141	0.0394930262399	0.0426426669672	0.0387477009065	0.0396729808544	0.0435723442682	0.0420216167211
TARA_078_DCM_0.22-3_G.snv.bam	0.0334612184258	0.0346749494596	0.0325935222874	0.0356008037269	0.0373120195292	0.0379755461313	0.0376313805715	0.0363039578461	0.0353038589247	0.037825728231	0.0347401617364	0.0359712594201	0.035529983252	0.0385428873483	0.040314748023	0.039768397807	0.0373064822869	0.0373467925654	0.0383456347978	0.0375840687641	0.0351002160636	0.0335217914541	0.0367744991985	0.0401117803244	0.0333743332518	0.0332608635886	0.035959965865	0.0377720723132	0.0	0.0288428638314	0.0485412112821	0.0590716059827	0.0415636316285	0.0523733630699	0.0322776698338	0.0395367714014	0.0390371827929	0.0370037666448	0.0356288705852	0.0353867360659	0.0396980050378	0.037001320959
TARA_078_SRF_0.22-3_G.snv.bam	0.0283282713977	0.0399225672802	0.0293213858865	0.0344732192748	0.0375789214176	0.03532264439	0.0358178445257	0.0329465591888	0.0301084633139	0.0383193039911	0.0311133070355	0.030830279897	0.0305965697507	0.0377535804992	0.040081146737	0.0363440421072	0.0318369498125	0.0332827222921	0.0338753147697	0.0333046020137	0.0319479500788	0.02767061382	0.0383450548577	0.0403111492347	0.0294986523206	0.0283594543291	0.033886664847	0.0353673598371	0.0288428638314	0.0	0.0459857044242	0.0584106841168	0.0389630809333	0.0508771592378	0.0274318960413	0.0362470136442	0.034743183673	0.0377802059711	0.0342220944648	0.0349548086178	0.0396028082519	0.0369045985204
TARA_098_SRF_0.22-3_G.snv.bam	0.0494849797503	0.0557634877585	0.0493498281872	0.0535549444261	0.0566817581846	0.0535515999399	0.0528568274585	0.0525494853759	0.0513277235337	0.0545281308066	0.0502264190958	0.051150330066	0.0505173508643	0.0503399641347	0.0533397935391	0.055090469453	0.0517312809909	0.0530748026529	0.053397358226	0.0535043865661	0.0497950892053	0.0497617096558	0.0546550590013	0.0562426224422	0.0488586627341	0.047583560165	0.0509849028013	0.0493499780321	0.0485412112821	0.0459857044242	0.0	0.0501853979664	0.0559469182896	0.0409930029398	0.0479910572894	0.0512380493721	0.052502417538	0.0506113010942	0.0504390040949	0.0504571457789	0.053916212459	0.0511007109064
TARA_099_SRF_0.22-3_G.snv.bam	0.060320709473	0.0655030830649	0.0600317257341	0.0620976779638	0.064170065781	0.0610941528934	0.0610555597796	0.0614690578449	0.061395022777	0.0639100369817	0.060899357096	0.0617915568455	0.0607109268638	0.0587712079288	0.0614526600616	0.0647386781587	0.0612459731508	0.0623582605464	0.0640845519929	0.0626368793257	0.0619722753441	0.0593754695876	0.0650326173712	0.0641353099986	0.0584788442953	0.0579293130449	0.0589683419522	0.0589792216982	0.0590716059827	0.0584106841168	0.0501853979664	0.0	0.0632606180767	0.0525102893052	0.0585987884444	0.0596390563127	0.0633513532351	0.0594131692925	0.059839382144	0.059683236184	0.0650153499898	0.0605128701039
TARA_109_SRF_0.22-3_G.snv.bam	0.0385124260085	0.0436073043591	0.0386953091961	0.0402699419672	0.0427417708519	0.0421502066589	0.0410883534108	0.0389716984505	0.0387122700831	0.0415936455193	0.0377648602059	0.0391367254359	0.0384158138673	0.037088934463	0.0373539790752	0.0408140124328	0.0383162254956	0.0404936188922	0.0402063937537	0.0404718635982	0.0394779280145	0.0383345130785	0.0435918647422	0.0431512189914	0.035991835413	0.0362677755358	0.0430413489289	0.0440990658266	0.0415636316285	0.0389630809333	0.0559469182896	0.0632606180767	0.0	0.0566396386248	0.039613870393	0.0350282145694	0.0422346109116	0.0438555840176	0.0422962805217	0.0426273674348	0.0454955188426	0.0445175805062
TARA_112_SRF_0.22-3_G.snv.bam	0.0520502102096	0.0612867911196	0.0522038919717	0.0576825886902	0.0613645212505	0.0542702276683	0.0556287272605	0.0547385728797	0.0529693517902	0.0585749534133	0.0532257328975	0.0528375699559	0.0524800314512	0.0516823162148	0.0566787273745	0.0565660138146	0.0533152306497	0.0538633417423	0.0532305837632	0.0537212169777	0.0520472306865	0.0497062721197	0.0570672995612	0.0591719346654	0.0512506713978	0.0497554436407	0.0512588818881	0.0521943588171	0.0523733630699	0.0508771592378	0.0409930029398	0.0525102893052	0.0566396386248	0.0	0.049850888057	0.0521574893989	0.0562097187375	0.0577539683517	0.055066278843	0.0559999167168	0.0608319141339	0.0561725273311
TARA_132_SRF_0.22-3_G.snv.bam	0.0246769162971	0.0374215257624	0.025337901134	0.0315458864377	0.0382141476837	0.0363100434361	0.036282662914	0.0325729249761	0.0272964062005	0.0376119959332	0.0274016353772	0.0274252585272	0.0258295434143	0.036643388303	0.0383180389082	0.0350575636039	0.0287290908492	0.0307117098581	0.0305808310666	0.030604406751	0.0294426624241	0.025657440897	0.0379540869411	0.0399557579626	0.0282634177854	0.0253595217332	0.0341834021975	0.030859447828	0.0322776698338	0.0274318960413	0.0479910572894	0.0585987884444	0.039613870393	0.049850888057	0.0	0.0336718399048	0.0331409545539	0.036581825164	0.0319615339079	0.0327921966188	0.0385633695308	0.0359516383314
TARA_138_SRF_0.22-3_G.snv.bam	0.0317732118835	0.0423666943121	0.0325357671297	0.0372819116253	0.0419387527709	0.0390712624312	0.0382121663637	0.0362293755478	0.0322051055907	0.0407581398478	0.032472964404	0.0329280840232	0.0311329974638	0.029867407111	0.0332908510863	0.0374321374773	0.0323981532135	0.0354888099336	0.0343863837535	0.0359894908316	0.0348635032159	0.0312187412458	0.0402774389839	0.0430824702118	0.0301066633996	0.0294659701713	0.039508915109	0.0379087663141	0.0395367714014	0.0362470136442	0.0512380493721	0.0596390563127	0.0350282145694	0.0521574893989	0.0336718399048	0.0	0.0393279670675	0.0410593066495	0.0375448712395	0.0384102405744	0.0432671642599	0.0403706952593
TARA_140_SRF_0.22-3_G.snv.bam	0.0293499633266	0.0422515989023	0.0301457753562	0.0319973723403	0.036952570975	0.0328244720418	0.0333836629905	0.0256122390442	0.025189593958	0.0351325289675	0.0272754512365	0.0269076366174	0.0301426225841	0.0399573260684	0.0416987055942	0.0342186997189	0.0264061671614	0.0266576503132	0.0272479964103	0.02689140887	0.0306821317452	0.0286402042966	0.0383720493849	0.0375060486169	0.0328164169883	0.0309573088845	0.0414772217098	0.0394930262399	0.0390371827929	0.034743183673	0.052502417538	0.0633513532351	0.0422346109116	0.0562097187375	0.0331409545539	0.0393279670675	0.0	0.0414496955985	0.0368236495328	0.0384153697351	0.0416677681754	0.0414450198673
TARA_141_SRF_0.22-3_G.snv.bam	0.0324379677475	0.036885054866	0.0313765862126	0.0375189669707	0.0414537969988	0.0406028552775	0.0400807111242	0.0372070825103	0.0354526923063	0.0401053544392	0.0331989919744	0.0355650248248	0.0339846256319	0.0409721177399	0.0404390002364	0.0430511173632	0.0375948280961	0.039372821999	0.0406076149159	0.0401192133788	0.0390097002286	0.0361209892464	0.0418231396411	0.0453554975034	0.0358444727938	0.0338889005827	0.0409635073556	0.0426426669672	0.0370037666448	0.0377802059711	0.0506113010942	0.0594131692925	0.0438555840176	0.0577539683517	0.036581825164	0.0410593066495	0.0414496955985	0.0	0.017193384547	0.0162545988527	0.0278170357287	0.0186590699212
TARA_142_DCM_0.22-3_G.snv.bam	0.026495297531	0.0353988488603	0.0262820269229	0.0331845876375	0.03907472076	0.0371666710184	0.0358787763124	0.032152244505	0.0293970203653	0.0375377755419	0.0278427538582	0.0294823467145	0.0276843627676	0.0378661668665	0.0396636575981	0.0387069359566	0.0318552432667	0.0339745077061	0.0352827562129	0.0346695248777	0.0341480295677	0.0300124885408	0.0396173417446	0.0419570997657	0.0317451422774	0.0286898950263	0.0385326049837	0.0387477009065	0.0356288705852	0.0342220944648	0.0504390040949	0.059839382144	0.0422962805217	0.055066278843	0.0319615339079	0.0375448712395	0.0368236495328	0.017193384547	0.0	0.0120492300276	0.0252866389662	0.0182409257386
TARA_142_SRF_0.22-3_G.snv.bam	0.0279509452027	0.0359415078164	0.0273564157155	0.0341750460147	0.0402153303589	0.0383492041947	0.0367508757634	0.0334731176515	0.0310343466633	0.0380457489596	0.0290677953453	0.0309403414167	0.0292805629676	0.0387873320865	0.0401944193049	0.0403217305084	0.0333988228426	0.0355422690745	0.0365351172167	0.0358858218554	0.0353383971428	0.031501223129	0.0393550051197	0.043432253349	0.0325496313871	0.0296624445704	0.0392500186773	0.0396729808544	0.0353867360659	0.0349548086178	0.0504571457789	0.059683236184	0.0426273674348	0.0559999167168	0.0327921966188	0.0384102405744	0.0384153697351	0.0162545988527	0.0120492300276	0.0	0.0254136169599	0.0176690823729
TARA_146_SRF_0.22-3_G.snv.bam	0.0351941044311	0.0400683097797	0.0353259910044	0.0380900878231	0.0416988201726	0.0421801633663	0.0414348564022	0.0385234374877	0.0380224371309	0.0412427241541	0.0361968870942	0.0383136406887	0.0369947507129	0.0427199667127	0.0440559982806	0.0432985733093	0.0393327401011	0.0408882159034	0.0412412556932	0.0412820016038	0.0402773594834	0.0382474972548	0.0435076835877	0.0448488297213	0.0378848270483	0.0364182366999	0.0402826158956	0.0435723442682	0.0396980050378	0.0396028082519	0.053916212459	0.0650153499898	0.0454955188426	0.0608319141339	0.0385633695308	0.0432671642599	0.0416677681754	0.0278170357287	0.0252866389662	0.0254136169599	0.0	0.0265078601825
TARA_148_SRF_0.22-3_G.snv.bam	0.0314977169975	0.0374735499499	0.030695716137	0.0372834750797	0.0420334612519	0.040433590086	0.0387609079753	0.0371551050529	0.0347902785358	0.0410377272453	0.0332572056445	0.034899662526	0.0332469547878	0.0402483408179	0.0417039224297	0.0427469554254	0.0372447953404	0.0388348784736	0.0391398119323	0.0389113631621	0.0379624030009	0.0341580454571	0.0412370818133	0.0453434546976	0.0348475321541	0.0330206791482	0.0398267713565	0.0420216167211	0.037001320959	0.0369045985204	0.0511007109064	0.0605128701039	0.0445175805062	0.0561725273311	0.0359516383314	0.0403706952593	0.0414450198673	0.0186590699212	0.0182409257386	0.0176690823729	0.0265078601825	0.0
