	TARA_056_MES_0.22-3_G.snv.bam	TARA_064_MES_0.22-3_G.snv.bam	TARA_065_MES_0.22-3_G.snv.bam	TARA_068_MES_0.22-3_G.snv.bam	TARA_070_MES_0.22-3_G.snv.bam	TARA_076_MES_0.22-3_G.snv.bam	TARA_078_MES_0.22-3_G.snv.bam	TARA_098_MES_0.22-3_G.snv.bam	TARA_102_MES_0.22-3_G.snv.bam	TARA_109_MES_0.22-3_G.snv.bam	TARA_111_MES_0.22-3_G.snv.bam	TARA_112_MES_0.22-3_G.snv.bam	TARA_122_MES_0.22-3_G.snv.bam	TARA_132_MES_0.22-3_G.snv.bam	TARA_133_MES_0.22-3_G.snv.bam	TARA_142_MES_0.22-3_G.snv.bam	TARA_145_MES_0.22-3_G.snv.bam	TARA_146_MES_0.22-3_G.snv.bam	TARA_149_MES_0.22-3_G.snv.bam	TARA_152_MES_0.22-3_G.snv.bam
TARA_056_MES_0.22-3_G.snv.bam	0.0	0.0450749677706	0.0450528299839	0.0440535772492	0.0422951818251	0.0430346434268	0.0457174046728	0.044147528611	0.0419289070031	0.0497138080253	0.0468069234541	0.0468846552807	0.0405944933566	0.0461554832495	0.0423581104054	0.0449910956017	0.0442117050214	0.0471691854059	0.0448458492104	0.04465812222
TARA_064_MES_0.22-3_G.snv.bam	0.0450749677706	0.0	0.0444399454359	0.0446725289358	0.0432564326014	0.0431015458392	0.0444847263209	0.0446305852377	0.0467411077559	0.0538356797172	0.0501925725426	0.0473136654957	0.0457504292077	0.0466292203	0.0503826890858	0.0477424745139	0.0457493871519	0.0492625496949	0.0455904552751	0.0451313886755
TARA_065_MES_0.22-3_G.snv.bam	0.0450528299839	0.0444399454359	0.0	0.040206375817	0.0431564457686	0.0446701947216	0.0455516972947	0.0405750298468	0.0448690185268	0.0468491624128	0.048500929601	0.0481379883302	0.043775967328	0.0405273872916	0.0490784468733	0.0410905525916	0.0440445887991	0.0427132785471	0.0414279113073	0.0408144571471
TARA_068_MES_0.22-3_G.snv.bam	0.0440535772492	0.0446725289358	0.040206375817	0.0	0.043623715969	0.0417059896775	0.0458934896196	0.0411634188839	0.0437744157971	0.0478388272607	0.0469562320087	0.0491760796256	0.0420064592318	0.0386354301231	0.0491593074801	0.0417502366137	0.0401314099074	0.0466938300897	0.0429702782369	0.0445667025582
TARA_070_MES_0.22-3_G.snv.bam	0.0422951818251	0.0432564326014	0.0431564457686	0.043623715969	0.0	0.0377143568992	0.0445583236633	0.0446628837059	0.045815925661	0.0495837221132	0.049601996636	0.0450468105739	0.0438206534691	0.0431389477606	0.0468883377341	0.0473037614124	0.0404466550101	0.0471241068063	0.045215306284	0.0439897142808
TARA_076_MES_0.22-3_G.snv.bam	0.0430346434268	0.0431015458392	0.0446701947216	0.0417059896775	0.0377143568992	0.0	0.0440988816664	0.0453221533502	0.0481067851286	0.0503721809812	0.0512874466221	0.0464303777223	0.0462293112372	0.0441927154359	0.0499720765603	0.0464566064612	0.0397231821178	0.0500419419339	0.0464347500266	0.0459609548111
TARA_078_MES_0.22-3_G.snv.bam	0.0457174046728	0.0444847263209	0.0455516972947	0.0458934896196	0.0445583236633	0.0440988816664	0.0	0.0461252197272	0.0472701151862	0.0558681633863	0.0515536170269	0.044369985583	0.0473453867159	0.0463852556056	0.0497347634202	0.0501812003155	0.0439582328853	0.0520796129594	0.0499468328006	0.048754795334
TARA_098_MES_0.22-3_G.snv.bam	0.044147528611	0.0446305852377	0.0405750298468	0.0411634188839	0.0446628837059	0.0453221533502	0.0461252197272	0.0	0.0422144175107	0.048616240594	0.0441317676622	0.0478767795347	0.0422796795413	0.0415065730281	0.04647825283	0.0431634767348	0.0444922216661	0.0480942056532	0.04364799375	0.0446172096399
TARA_102_MES_0.22-3_G.snv.bam	0.0419289070031	0.0467411077559	0.0448690185268	0.0437744157971	0.045815925661	0.0481067851286	0.0472701151862	0.0422144175107	0.0	0.0429495698112	0.0398963781326	0.0510062996102	0.0369289488016	0.042974581351	0.0397224580293	0.0426467117977	0.0473341178159	0.04854692153	0.0446313955011	0.0468400258416
TARA_109_MES_0.22-3_G.snv.bam	0.0497138080253	0.0538356797172	0.0468491624128	0.0478388272607	0.0495837221132	0.0503721809812	0.0558681633863	0.048616240594	0.0429495698112	0.0	0.0431867823468	0.0597710589789	0.0443471577979	0.0466007005309	0.0500965967627	0.0439714412935	0.0517547996076	0.0497256751331	0.0467874555017	0.0498032796617
TARA_111_MES_0.22-3_G.snv.bam	0.0468069234541	0.0501925725426	0.048500929601	0.0469562320087	0.049601996636	0.0512874466221	0.0515536170269	0.0441317676622	0.0398963781326	0.0431867823468	0.0	0.0552614079139	0.0414928241904	0.0474348355354	0.0471464966702	0.0443374608426	0.0527240441622	0.049892607977	0.0459036275902	0.0490033695281
TARA_112_MES_0.22-3_G.snv.bam	0.0468846552807	0.0473136654957	0.0481379883302	0.0491760796256	0.0450468105739	0.0464303777223	0.044369985583	0.0478767795347	0.0510062996102	0.0597710589789	0.0552614079139	0.0	0.0490697577951	0.050338918862	0.0495248009394	0.0527305703452	0.0470241357224	0.0533465000146	0.0511699527289	0.0504428745139
TARA_122_MES_0.22-3_G.snv.bam	0.0405944933566	0.0457504292077	0.043775967328	0.0420064592318	0.0438206534691	0.0462293112372	0.0473453867159	0.0422796795413	0.0369289488016	0.0443471577979	0.0414928241904	0.0490697577951	0.0	0.0422883090294	0.0398894603311	0.0425888877912	0.0466260275476	0.0466260276364	0.042902311267	0.0452783277977
TARA_132_MES_0.22-3_G.snv.bam	0.0461554832495	0.0466292203	0.0405273872916	0.0386354301231	0.0431389477606	0.0441927154359	0.0463852556056	0.0415065730281	0.042974581351	0.0466007005309	0.0474348355354	0.050338918862	0.0422883090294	0.0	0.0475503556634	0.0428136525575	0.0440172150519	0.0464393378869	0.0426302286453	0.0429956636218
TARA_133_MES_0.22-3_G.snv.bam	0.0423581104054	0.0503826890858	0.0490784468733	0.0491593074801	0.0468883377341	0.0499720765603	0.0497347634202	0.04647825283	0.0397224580293	0.0500965967627	0.0471464966702	0.0495248009394	0.0398894603311	0.0475503556634	0.0	0.0492249920162	0.0511064432388	0.0519008049122	0.0505064637829	0.0503821992586
TARA_142_MES_0.22-3_G.snv.bam	0.0449910956017	0.0477424745139	0.0410905525916	0.0417502366137	0.0473037614124	0.0464566064612	0.0501812003155	0.0431634767348	0.0426467117977	0.0439714412935	0.0443374608426	0.0527305703452	0.0425888877912	0.0428136525575	0.0492249920162	0.0	0.0476588880252	0.0439172437317	0.0418674402706	0.0441348027276
TARA_145_MES_0.22-3_G.snv.bam	0.0442117050214	0.0457493871519	0.0440445887991	0.0401314099074	0.0404466550101	0.0397231821178	0.0439582328853	0.0444922216661	0.0473341178159	0.0517547996076	0.0527240441622	0.0470241357224	0.0466260275476	0.0440172150519	0.0511064432388	0.0476588880252	0.0	0.0498591075651	0.0457280288025	0.0453500381692
TARA_146_MES_0.22-3_G.snv.bam	0.0471691854059	0.0492625496949	0.0427132785471	0.0466938300897	0.0471241068063	0.0500419419339	0.0520796129594	0.0480942056532	0.04854692153	0.0497256751331	0.049892607977	0.0533465000146	0.0466260276364	0.0464393378869	0.0519008049122	0.0439172437317	0.0498591075651	0.0	0.0411095359479	0.0448684205685
TARA_149_MES_0.22-3_G.snv.bam	0.0448458492104	0.0455904552751	0.0414279113073	0.0429702782369	0.045215306284	0.0464347500266	0.0499468328006	0.04364799375	0.0446313955011	0.0467874555017	0.0459036275902	0.0511699527289	0.042902311267	0.0426302286453	0.0505064637829	0.0418674402706	0.0457280288025	0.0411095359479	0.0	0.039861808932
TARA_152_MES_0.22-3_G.snv.bam	0.04465812222	0.0451313886755	0.0408144571471	0.0445667025582	0.0439897142808	0.0459609548111	0.048754795334	0.0446172096399	0.0468400258416	0.0498032796617	0.0490033695281	0.0504428745139	0.0452783277977	0.0429956636218	0.0503821992586	0.0441348027276	0.0453500381692	0.0448684205685	0.039861808932	0.0
