	TARA_007_DCM_0.22-1.6_G.snv.bam	TARA_093_DCM_0.22-3_G.snv.bam	TARA_093_SRF_0.22-3_G.snv.bam	TARA_102_DCM_0.22-3_G.snv.bam	TARA_133_DCM_0.22-3_G.snv.bam	TARA_133_SRF_0.22-3_G.snv.bam	TARA_145_SRF_0.22-3_G.snv.bam
TARA_007_DCM_0.22-1.6_G.snv.bam	0.0	0.0769287029163	0.0793621315019	0.0675256653465	0.0724423915711	0.0847766238715	0.0628576909195
TARA_093_DCM_0.22-3_G.snv.bam	0.0769287029163	0.0	0.0344978417223	0.0675312721075	0.0662324599691	0.0710902271731	0.0808372728857
TARA_093_SRF_0.22-3_G.snv.bam	0.0793621315019	0.0344978417223	0.0	0.0652074329372	0.0654634745133	0.0696852594481	0.0847400831121
TARA_102_DCM_0.22-3_G.snv.bam	0.0675256653465	0.0675312721075	0.0652074329372	0.0	0.0703475698867	0.0778798383511	0.0785494750927
TARA_133_DCM_0.22-3_G.snv.bam	0.0724423915711	0.0662324599691	0.0654634745133	0.0703475698867	0.0	0.0352140920772	0.0576385486636
TARA_133_SRF_0.22-3_G.snv.bam	0.0847766238715	0.0710902271731	0.0696852594481	0.0778798383511	0.0352140920772	0.0	0.0717079003191
TARA_145_SRF_0.22-3_G.snv.bam	0.0628576909195	0.0808372728857	0.0847400831121	0.0785494750927	0.0576385486636	0.0717079003191	0.0
