	TARA_007_SRF_0.22-1.6_G.snv.bam	TARA_009_SRF_0.22-1.6_G.snv.bam	TARA_023_SRF_0.22-1.6_G.snv.bam	TARA_025_SRF_0.22-1.6_G.snv.bam	TARA_036_DCM_0.22-1.6_G.snv.bam	TARA_036_SRF_0.22-1.6_G.snv.bam	TARA_140_SRF_0.22-3_G.snv.bam	TARA_141_SRF_0.22-3_G.snv.bam
TARA_007_SRF_0.22-1.6_G.snv.bam	0.0	0.00347826086957	0.0	0.0	0.0417391304348	0.0504347826087	0.0539130434783	0.055652173913
TARA_009_SRF_0.22-1.6_G.snv.bam	0.00347826086957	0.0	0.00173913043478	0.00173913043478	0.0521739130435	0.055652173913	0.0539130434783	0.055652173913
TARA_023_SRF_0.22-1.6_G.snv.bam	0.0	0.00173913043478	0.0	0.0	0.0486956521739	0.0539130434783	0.0573913043478	0.0591304347826
TARA_025_SRF_0.22-1.6_G.snv.bam	0.0	0.00173913043478	0.0	0.0	0.0504347826087	0.0573913043478	0.0591304347826	0.0608695652174
TARA_036_DCM_0.22-1.6_G.snv.bam	0.0417391304348	0.0521739130435	0.0486956521739	0.0504347826087	0.0	0.00173913043478	0.00173913043478	0.00869565217391
TARA_036_SRF_0.22-1.6_G.snv.bam	0.0504347826087	0.055652173913	0.0539130434783	0.0573913043478	0.00173913043478	0.0	0.00347826086957	0.00695652173913
TARA_140_SRF_0.22-3_G.snv.bam	0.0539130434783	0.0539130434783	0.0573913043478	0.0591304347826	0.00173913043478	0.00347826086957	0.0	0.024347826087
TARA_141_SRF_0.22-3_G.snv.bam	0.055652173913	0.055652173913	0.0591304347826	0.0608695652174	0.00869565217391	0.00695652173913	0.024347826087	0.0
