	TARA_031_SRF_0.22-1.6_G.snv.bam	TARA_032_SRF_0.22-1.6_G.snv.bam	TARA_041_SRF_0.22-1.6_G.snv.bam	TARA_042_SRF_0.22-1.6_G.snv.bam	TARA_045_SRF_0.22-1.6_G.snv.bam	TARA_048_SRF_0.22-1.6_G.snv.bam	TARA_056_SRF_0.22-3_G.snv.bam	TARA_064_SRF_0.22-3_G.snv.bam	TARA_072_SRF_0.22-3_G.snv.bam	TARA_078_SRF_0.22-3_G.snv.bam	TARA_112_SRF_0.22-3_G.snv.bam	TARA_132_SRF_0.22-3_G.snv.bam	TARA_138_SRF_0.22-3_G.snv.bam
TARA_031_SRF_0.22-1.6_G.snv.bam	0.0	0.033806611267	0.0423421370641	0.0441415731046	0.0406218232904	0.041694503777	0.0425162211009	0.0393064232774	0.0421981856532	0.0463486336203	0.0574023789537	0.0471837711258	0.0509245940533
TARA_032_SRF_0.22-1.6_G.snv.bam	0.033806611267	0.0	0.0393839368243	0.0419630830383	0.0393923154992	0.0388453431832	0.0426383981857	0.0412259522965	0.0408859977798	0.0477292689644	0.0576963506085	0.0450349914941	0.0504880935341
TARA_041_SRF_0.22-1.6_G.snv.bam	0.0423421370641	0.0393839368243	0.0	0.0413964801461	0.0372302410585	0.0392099756663	0.0382411293157	0.0377781949785	0.0428724793284	0.047226391419	0.0562158011484	0.0456035977061	0.0481721888197
TARA_042_SRF_0.22-1.6_G.snv.bam	0.0441415731046	0.0419630830383	0.0413964801461	0.0	0.0409194818497	0.0392536884783	0.0434700656406	0.0442288608759	0.0432244419082	0.0491661683521	0.0573604846293	0.0457984478036	0.0502138672889
TARA_045_SRF_0.22-1.6_G.snv.bam	0.0406218232904	0.0393923154992	0.0372302410585	0.0409194818497	0.0	0.0323253541318	0.0377820036238	0.0374695531785	0.0398139268001	0.0482253966511	0.0564026742342	0.0446372376239	0.0466446793539
TARA_048_SRF_0.22-1.6_G.snv.bam	0.041694503777	0.0388453431832	0.0392099756663	0.0392536884783	0.0323253541318	0.0	0.0390229231644	0.037783347745	0.0371953147853	0.0459863966127	0.0535962156016	0.0410156182637	0.0441547211247
TARA_056_SRF_0.22-3_G.snv.bam	0.0425162211009	0.0426383981857	0.0382411293157	0.0434700656406	0.0377820036238	0.0390229231644	0.0	0.0375939003432	0.0405346826747	0.0469342285996	0.0539728464184	0.0433215683911	0.045474924949
TARA_064_SRF_0.22-3_G.snv.bam	0.0393064232774	0.0412259522965	0.0377781949785	0.0442288608759	0.0374695531785	0.037783347745	0.0375939003432	0.0	0.041302550791	0.0461611925011	0.0539717449103	0.0426860127971	0.0465738627414
TARA_072_SRF_0.22-3_G.snv.bam	0.0421981856532	0.0408859977798	0.0428724793284	0.0432244419082	0.0398139268001	0.0371953147853	0.0405346826747	0.041302550791	0.0	0.0449474243648	0.0535951874095	0.0454988648562	0.0427782028449
TARA_078_SRF_0.22-3_G.snv.bam	0.0463486336203	0.0477292689644	0.047226391419	0.0491661683521	0.0482253966511	0.0459863966127	0.0469342285996	0.0461611925011	0.0449474243648	0.0	0.0587627617495	0.0473678839795	0.0491764248847
TARA_112_SRF_0.22-3_G.snv.bam	0.0574023789537	0.0576963506085	0.0562158011484	0.0573604846293	0.0564026742342	0.0535962156016	0.0539728464184	0.0539717449103	0.0535951874095	0.0587627617495	0.0	0.056434362265	0.054270923527
TARA_132_SRF_0.22-3_G.snv.bam	0.0471837711258	0.0450349914941	0.0456035977061	0.0457984478036	0.0446372376239	0.0410156182637	0.0433215683911	0.0426860127971	0.0454988648562	0.0473678839795	0.056434362265	0.0	0.0482569324082
TARA_138_SRF_0.22-3_G.snv.bam	0.0509245940533	0.0504880935341	0.0481721888197	0.0502138672889	0.0466446793539	0.0441547211247	0.045474924949	0.0465738627414	0.0427782028449	0.0491764248847	0.054270923527	0.0482569324082	0.0
