	TARA_004_DCM_0.22-1.6_G.freeze11.snv.filtered.bam	TARA_004_SRF_0.22-1.6_G.freeze11.snv.filtered.bam	TARA_007_DCM_0.22-1.6_G.freeze11.snv.filtered.bam	TARA_007_SRF_0.22-1.6_G.freeze11.snv.filtered.bam	TARA_009_DCM_0.22-1.6_G.freeze11.snv.filtered.bam	TARA_031_SRF_0.22-1.6_G.freeze11.snv.filtered.bam	TARA_032_DCM_0.22-1.6_G.freeze11.snv.filtered.bam	TARA_032_SRF_0.22-1.6_G.freeze11.snv.filtered.bam	TARA_033_SRF_0.22-1.6_G.freeze11.snv.filtered.bam	TARA_034_DCM_0.22-1.6_G.freeze11.snv.filtered.bam	TARA_034_SRF_0.22-1.6_G.freeze11.snv.filtered.bam	TARA_036_DCM_0.22-1.6_G.freeze11.snv.filtered.bam	TARA_036_SRF_0.22-1.6_G.freeze11.snv.filtered.bam	TARA_038_DCM_0.22-1.6_G.freeze11.snv.filtered.bam	TARA_038_SRF_0.22-1.6_G.freeze11.snv.filtered.bam	TARA_039_DCM_0.22-1.6_G.freeze11.snv.filtered.bam	TARA_041_DCM_0.22-1.6_G.freeze11.snv.filtered.bam	TARA_041_SRF_0.22-1.6_G.freeze11.snv.filtered.bam	TARA_042_DCM_0.22-1.6_G.freeze11.snv.filtered.bam	TARA_042_SRF_0.22-1.6_G.freeze11.snv.filtered.bam	TARA_045_SRF_0.22-1.6_G.freeze11.snv.filtered.bam	TARA_048_SRF_0.22-1.6_G.freeze11.snv.filtered.bam	TARA_052_DCM_0.22-1.6_G.freeze11.snv.filtered.bam	TARA_052_SRF_0.22-1.6_G.freeze11.snv.filtered.bam	TARA_056_MES_0.22-3_G.freeze11.snv.filtered.bam	TARA_056_SRF_0.22-3_G.freeze11.snv.filtered.bam	TARA_057_SRF_0.22-3_G.freeze11.snv.filtered.bam	TARA_058_DCM_0.22-3_G.freeze11.snv.filtered.bam	TARA_062_SRF_0.22-3_G.freeze11.snv.filtered.bam	TARA_064_DCM_0.22-3_G.freeze11.snv.filtered.bam	TARA_064_SRF_0.22-3_G.freeze11.snv.filtered.bam	TARA_065_DCM_0.22-3_G.freeze11.snv.filtered.bam	TARA_065_SRF_0.22-3_G.freeze11.snv.filtered.bam	TARA_066_DCM_0.22-3_G.freeze11.snv.filtered.bam	TARA_066_SRF_0.22-3_G.freeze11.snv.filtered.bam	TARA_068_DCM_0.22-3_G.freeze11.snv.filtered.bam	TARA_068_SRF_0.22-3_G.freeze11.snv.filtered.bam	TARA_072_DCM_0.22-3_G.freeze11.snv.filtered.bam	TARA_072_MES_0.22-3_G.freeze11.snv.filtered.bam	TARA_072_SRF_0.22-3_G.freeze11.snv.filtered.bam	TARA_076_SRF_0.22-3_G.freeze11.snv.filtered.bam	TARA_078_DCM_0.22-3_G.freeze11.snv.filtered.bam	TARA_078_SRF_0.22-3_G.freeze11.snv.filtered.bam	TARA_094_SRF_0.22-3_G.freeze11.snv.filtered.bam	TARA_100_DCM_0.22-3_G.freeze11.snv.filtered.bam	TARA_100_SRF_0.22-3_G.freeze11.snv.filtered.bam	TARA_102_DCM_0.22-3_G.freeze11.snv.filtered.bam	TARA_102_SRF_0.22-3_G.freeze11.snv.filtered.bam	TARA_109_DCM_0.22-3_G.freeze11.snv.filtered.bam	TARA_109_SRF_0.22-3_G.freeze11.snv.filtered.bam	TARA_110_DCM_0.22-3_G.freeze11.snv.filtered.bam	TARA_110_MES_0.22-3_G.freeze11.snv.filtered.bam	TARA_110_SRF_0.22-3_G.freeze11.snv.filtered.bam	TARA_111_DCM_0.22-3_G.freeze11.snv.filtered.bam	TARA_111_SRF_0.22-3_G.freeze11.snv.filtered.bam	TARA_122_SRF_0.22-3_G.freeze11.snv.filtered.bam	TARA_123_SRF_0.22-3_G.freeze11.snv.filtered.bam	TARA_124_MIX_0.22-3_G.freeze11.snv.filtered.bam	TARA_124_SRF_0.22-3_G.freeze11.snv.filtered.bam	TARA_125_SRF_0.22-3_G.freeze11.snv.filtered.bam	TARA_128_DCM_0.22-3_G.freeze11.snv.filtered.bam	TARA_128_SRF_0.22-3_G.freeze11.snv.filtered.bam	TARA_132_SRF_0.22-3_G.freeze11.snv.filtered.bam	TARA_137_SRF_0.22-3_G.freeze11.snv.filtered.bam	TARA_138_DCM_0.22-3_G.freeze11.snv.filtered.bam	TARA_138_SRF_0.22-3_G.freeze11.snv.filtered.bam	TARA_140_SRF_0.22-3_G.freeze11.snv.filtered.bam	TARA_141_SRF_0.22-3_G.freeze11.snv.filtered.bam	TARA_142_DCM_0.22-3_G.freeze11.snv.filtered.bam	TARA_142_SRF_0.22-3_G.freeze11.snv.filtered.bam	TARA_145_SRF_0.22-3_G.freeze11.snv.filtered.bam	TARA_146_SRF_0.22-3_G.freeze11.snv.filtered.bam	TARA_148_SRF_0.22-3_G.freeze11.snv.filtered.bam	TARA_149_SRF_0.22-3_G.freeze11.snv.filtered.bam	TARA_150_DCM_0.22-3_G.freeze11.snv.filtered.bam	TARA_150_SRF_0.22-3_G.freeze11.snv.filtered.bam	TARA_151_DCM_0.22-3_G.freeze11.snv.filtered.bam	TARA_151_SRF_0.22-3_G.freeze11.snv.filtered.bam
TARA_004_DCM_0.22-1.6_G.freeze11.snv.filtered.bam	0.0	0.0301943356288	0.0423302124308	0.0388669524015	0.0349841500647	0.0476064742365	0.0481890723248	0.0461231051155	0.0492936999407	0.0459477103311	0.0497132317991	0.0465451543371	0.0451960912886	0.0441926997163	0.0467248391701	0.0455656896128	0.0421833083142	0.0450998600788	0.0433228843296	0.0444471658753	0.0472453960861	0.0503694948673	0.040730830705	0.0428130749089	0.0523090334911	0.0464567397662	0.0476952763687	0.0471830265563	0.0484951150136	0.0470375005076	0.0438497349869	0.0435541767402	0.0450292020983	0.0438395976582	0.0425446718829	0.047561385792	0.0461188086659	0.0431816765981	0.0498593465908	0.044414069564	0.0599322451588	0.0396794926726	0.0416877585659	0.0671113164675	0.0516081289834	0.05858860098	0.0464005225174	0.0454971245087	0.0432802337446	0.041913601351	0.0488410837635	0.0490971242263	0.0483994092017	0.062583982633	0.0645962421838	0.0636787192919	0.0582905183677	0.0597523508544	0.0579880455434	0.0603727936107	0.0515465209187	0.0562261537504	0.0551300882548	0.0428928167488	0.0407362674156	0.048585343912	0.0496273646902	0.0513507555242	0.0437155220245	0.043866519567	0.0418436902978	0.0436748606478	0.0435873132678	0.0400372238458	0.0323895178667	0.036300686793	0.0362485547084	0.0353952671955
TARA_004_SRF_0.22-1.6_G.freeze11.snv.filtered.bam	0.0301943356288	0.0	0.0425502725569	0.0378105219472	0.0371007565824	0.0490636656991	0.0489797773229	0.0471108798329	0.0501012329206	0.0467417873991	0.0504684635636	0.0479099937646	0.0463488272103	0.0460882324875	0.0482567060613	0.0468492604057	0.0436794041985	0.0467678783215	0.0455394776932	0.0456939611699	0.0492508167043	0.0517394317391	0.0433306431392	0.0443883576	0.0530710581143	0.0481574380154	0.0492332618362	0.0492710363155	0.0502268993835	0.0493974894404	0.0463981218851	0.0458388155676	0.0472450159651	0.0460339961289	0.0450696270477	0.049243048848	0.0481886456207	0.0451417520861	0.0508627962697	0.045587498716	0.0608054155181	0.0416253286029	0.0440519874398	0.0687292628321	0.0535493978661	0.0602617481227	0.0478125846229	0.0467815960737	0.0452831452279	0.043348370764	0.0519154561064	0.0512104726992	0.0512505624551	0.064979767834	0.0668889960203	0.0656781472526	0.0595645624512	0.0618037860162	0.0600891945456	0.0625858111842	0.0533038785543	0.0584093657004	0.0558110202892	0.0454478255705	0.0435592633655	0.0497157021326	0.0511679224258	0.0522986080183	0.0451925597676	0.04521226578	0.0435637814325	0.0461788702193	0.0459907310096	0.0429442267876	0.0346055878782	0.0395500979344	0.0389355554162	0.0380126522732
TARA_007_DCM_0.22-1.6_G.freeze11.snv.filtered.bam	0.0423302124308	0.0425502725569	0.0	0.0405060203532	0.0423293519522	0.0563988416825	0.0591089873353	0.0580853651993	0.0612332757518	0.0570572676232	0.0614669462309	0.0564428458664	0.0572376060109	0.0537101186646	0.0554612442971	0.0577864361374	0.0548374037486	0.0550071043669	0.0524894639238	0.0566109818869	0.0565552234674	0.0612763331503	0.0538798166621	0.0546892470626	0.0608623921702	0.0559997678347	0.0568570212853	0.0553458361831	0.0565285069637	0.0548506822034	0.0529082908466	0.0538983017828	0.0538600166882	0.0521033028487	0.0512559361784	0.0546154933996	0.05290681239	0.0551495656132	0.0582367803035	0.0560957125125	0.0674525777787	0.0528338085674	0.0523371652059	0.0738568834629	0.0626437737822	0.0691535661737	0.0563464546424	0.0568763748893	0.0552656766563	0.0538964915521	0.05681927508	0.0582947420948	0.0563964948843	0.0698539276828	0.0721057714521	0.0722198538542	0.0687053951729	0.0696430160376	0.0688502692746	0.0704419969524	0.0630209988018	0.0650667452007	0.0645518919704	0.0511170702002	0.0530797180874	0.0595969842613	0.0574626377013	0.0632489699337	0.0559578688683	0.0557874010698	0.0511760421825	0.0515617503949	0.0511995648981	0.0476990603623	0.0462378209588	0.0434757516902	0.0414024297384	0.0405088257531
TARA_007_SRF_0.22-1.6_G.freeze11.snv.filtered.bam	0.0388669524015	0.0378105219472	0.0405060203532	0.0	0.0410252914344	0.0520490701778	0.0537378079894	0.0522104603268	0.055025680523	0.0522164638348	0.0554009019886	0.0510520905702	0.0508746593655	0.0490980595321	0.0506549928441	0.0516166461701	0.0488205962568	0.0500570222822	0.0485720762325	0.0507806165028	0.0526369915376	0.0563938598307	0.0492549643831	0.0498710943464	0.0561047934532	0.0514693546538	0.0523344456182	0.0518953061456	0.0527223874474	0.052093845735	0.0498557492628	0.0496059507664	0.0502577316653	0.0487431589304	0.0479967670021	0.0528073786827	0.0515486836562	0.0513397956967	0.0547690974128	0.0512275922887	0.0644959978083	0.0477740877483	0.0485412926828	0.0730108386297	0.0600801885343	0.0661966380787	0.0521035484556	0.0517193613371	0.0507310868387	0.0484221693571	0.0556802622699	0.0554402670289	0.0549234975221	0.0695068382894	0.0711196908286	0.0704638556557	0.0652198391011	0.0671342276847	0.0658212201507	0.0678782171642	0.0592445388931	0.0629526261898	0.0603825218871	0.0484956421916	0.0500986839975	0.055410372416	0.0532081881937	0.0571079431625	0.0506414634991	0.0510283760235	0.0467927846965	0.0488867167608	0.0485876733469	0.0450726509775	0.0411249743787	0.0420358272457	0.0410430554313	0.0399307476016
TARA_009_DCM_0.22-1.6_G.freeze11.snv.filtered.bam	0.0349841500647	0.0371007565824	0.0423293519522	0.0410252914344	0.0	0.0540283430664	0.0555677220998	0.0541986630891	0.0574736812839	0.0529127072631	0.0578350610909	0.0538409410245	0.053730168713	0.0511665069388	0.0533102898073	0.0542217603147	0.0509122903164	0.0520358062868	0.0496959326235	0.0529606892369	0.0532673705479	0.0571425330504	0.0486263526334	0.0503251678216	0.0579684665751	0.0531104183981	0.0542175981607	0.0530690058248	0.0543978464935	0.0522358569018	0.0497258036574	0.0506771274443	0.0511628766096	0.0492630802774	0.0482030573779	0.0509052223527	0.0492623696595	0.0501063587367	0.0552711287176	0.0518326200243	0.0643264247129	0.0479314512216	0.0482047577531	0.0689949282379	0.0559713460435	0.0633208177543	0.0520110751942	0.0520923255959	0.0501327350761	0.04946046417	0.0522425004261	0.0534921680671	0.0519696098602	0.0640648997009	0.066975782867	0.0671045896467	0.0631125994849	0.0641784491786	0.06308922015	0.0649933526154	0.0573253035043	0.0599556260415	0.0603772376887	0.0477051284135	0.046811873265	0.0549443446495	0.0555523969864	0.0593964381453	0.0517246288202	0.051486746945	0.0485030357084	0.0486445804045	0.0486488545982	0.0454429620821	0.0413804908447	0.0405082472147	0.0377332936447	0.0373783222835
TARA_031_SRF_0.22-1.6_G.freeze11.snv.filtered.bam	0.0476064742365	0.0490636656991	0.0563988416825	0.0520490701778	0.0540283430664	0.0	0.0313241225777	0.0242157901275	0.0326588405341	0.0392745801768	0.0352341426687	0.0347884074473	0.0362365721487	0.0313122030769	0.0334050429873	0.0343006250831	0.0320345044929	0.0276460363678	0.029041773513	0.0307800749095	0.034401370105	0.0442148556183	0.0394717736596	0.0397735024746	0.0421203490657	0.0298666365906	0.0295712237016	0.0293872004562	0.0295289317666	0.0375767734012	0.031494251895	0.0287126398249	0.0293569794194	0.0344168363294	0.0315704083881	0.0522386039213	0.050320292671	0.0460588677004	0.0466006581059	0.040436810928	0.0600088610114	0.0382649498229	0.0381996573584	0.0772392671364	0.0624365329915	0.0677437191525	0.0478864291592	0.047541519204	0.0459020176719	0.0386987893961	0.0521706098191	0.0539591440743	0.0506139585888	0.0718013430499	0.0719549061533	0.0701236534935	0.0653814717028	0.0668119072714	0.0648686423298	0.0672161111867	0.057378599194	0.0607200012537	0.0558571714008	0.0405669862346	0.0508566711518	0.0512309590882	0.035812188396	0.040229422883	0.0366003585809	0.0385022987817	0.0329892603433	0.0363192990535	0.0371918708263	0.0346338707654	0.0386543343334	0.0402742715608	0.0499437447188	0.0480196253398
TARA_032_DCM_0.22-1.6_G.freeze11.snv.filtered.bam	0.0481890723248	0.0489797773229	0.0591089873353	0.0537378079894	0.0555677220998	0.0313241225777	0.0	0.0291789529449	0.0375721345736	0.0380947381354	0.0398890031843	0.042242180972	0.0401817546912	0.0402853952122	0.0424530977814	0.0383856434523	0.0358915200414	0.036740236251	0.0388842577687	0.0349237619308	0.041308545263	0.0450732515235	0.0409467869327	0.0407465843466	0.0454896965274	0.0385753597169	0.0392946562151	0.0411957608491	0.0407815286213	0.0450738702909	0.0414201720642	0.0380967793712	0.0401925849956	0.0425448044945	0.0415059244229	0.054075957728	0.053728573773	0.0458450151647	0.0483976362707	0.0413759158653	0.0600788941654	0.0398884273823	0.0433951329857	0.0779831616126	0.0614967841594	0.0666934409323	0.0513954552832	0.0497343094852	0.048456652721	0.0427049665254	0.0580711751779	0.0567457237708	0.0569980513599	0.0737313366671	0.0743414683239	0.0716375266438	0.0642962602392	0.0671766848884	0.0649388343353	0.0678894413086	0.0567533413092	0.0632068746325	0.0548369104244	0.0484049975183	0.0511100041734	0.0505236457156	0.0453830444156	0.0432650204183	0.0383636688243	0.0397376436414	0.0400332478667	0.0447475275354	0.0451302687716	0.0436121036824	0.0403404199814	0.0478362296446	0.0548908591385	0.0536013840135
TARA_032_SRF_0.22-1.6_G.freeze11.snv.filtered.bam	0.0461231051155	0.0471108798329	0.0580853651993	0.0522104603268	0.0541986630891	0.0242157901275	0.0291789529449	0.0	0.0237473907419	0.0364463085998	0.0267011458515	0.0320578952352	0.029655351119	0.031048256772	0.0328455414751	0.0273747811951	0.026795104401	0.0287445311734	0.0328818632467	0.0263925812991	0.0380857836356	0.0434796910842	0.0389044232905	0.039013692908	0.0414496922946	0.0309649306993	0.0305502874745	0.0333136647749	0.032795792344	0.0419917389308	0.0362681728579	0.0302323876546	0.033255602519	0.0378142163422	0.0356677598153	0.0534007616712	0.052708635034	0.0450492975415	0.0480310373289	0.0393009072889	0.0603756612271	0.0358477904771	0.0400612076922	0.0768755848675	0.0599719364125	0.0649975332948	0.0460618370678	0.0441487248198	0.0435939313778	0.0354733709202	0.0545178149465	0.053966980397	0.0529223540637	0.0722992290518	0.072708350903	0.0701703348882	0.0629536323287	0.0655145704007	0.0629029475181	0.0658277471976	0.055524176036	0.0617159119649	0.0545932238763	0.0435457640957	0.0490857359642	0.0493294410972	0.0359244882208	0.0325818601057	0.0343782077873	0.0371250561372	0.0330613648687	0.0412910224261	0.0421798340478	0.039476478083	0.0369681544654	0.044746352404	0.0528088029264	0.0510832293709
TARA_033_SRF_0.22-1.6_G.freeze11.snv.filtered.bam	0.0492936999407	0.0501012329206	0.0612332757518	0.055025680523	0.0574736812839	0.0326588405341	0.0375721345736	0.0237473907419	0.0	0.0415869247227	0.0165662664909	0.028648118558	0.025470112766	0.0306135549761	0.0309732448525	0.0236081293375	0.0274015644047	0.0327916147116	0.0375636480352	0.0295573752261	0.0451419016389	0.0499944314448	0.0453501444442	0.0451374116233	0.0440540268099	0.0346698038036	0.032386769569	0.036411769755	0.0355346938199	0.0474812499226	0.0416091998348	0.0335393446036	0.0369002907433	0.0417280630735	0.0395736724643	0.057428177909	0.0570747904246	0.0508404779975	0.0538250861415	0.0454320062101	0.0655739851475	0.039959048812	0.0453129688538	0.0792663814365	0.0620775893189	0.0671264020601	0.0468907715986	0.0446852191173	0.0455185306457	0.0365278599987	0.0580838448073	0.0568255017844	0.0562283760932	0.0753978025896	0.075753690298	0.0731486251779	0.0654519757181	0.0682987832663	0.0655185077335	0.0685028031945	0.0590522590677	0.0658380721709	0.059795867503	0.0472758218615	0.0518401328197	0.0536102441747	0.0332863623881	0.0249897305796	0.0397202871426	0.0426307315625	0.0347055322199	0.0466541576015	0.0473593752463	0.0440890111044	0.0409614975724	0.0494562412077	0.0565576559586	0.0549796223534
TARA_034_DCM_0.22-1.6_G.freeze11.snv.filtered.bam	0.0459477103311	0.0467417873991	0.0570572676232	0.0522164638348	0.0529127072631	0.0392745801768	0.0380947381354	0.0364463085998	0.0415869247227	0.0	0.0429517031835	0.0442370327448	0.0419529460972	0.0421315629025	0.0443750508434	0.0407895133909	0.0379134030711	0.0408711749626	0.0410520106056	0.039074535307	0.0451909746856	0.0477616770804	0.0410861244893	0.0421385525604	0.0473127219072	0.0425766570355	0.0432906228962	0.044173342804	0.044666443623	0.0463991828796	0.0432845526175	0.0408450860568	0.042858003033	0.0435488122214	0.0428624600976	0.0515320727815	0.0515685282706	0.0448126126828	0.048870589491	0.0428624879105	0.0598142172004	0.0405925257851	0.0441290834234	0.0747361608353	0.058492082746	0.0643256881521	0.0509469773579	0.0492968603519	0.0477251494956	0.0434916069173	0.0565848243923	0.0546842363371	0.055953454205	0.0707880566188	0.0723898685435	0.0695682350963	0.0622390672326	0.0647604810104	0.0630745120645	0.0659349424134	0.0548110203844	0.0612344857234	0.0555349608383	0.0484303827574	0.0472295298539	0.0498595978169	0.0475671878677	0.0461871660898	0.0404491613238	0.041360695755	0.0415929570141	0.0455028539533	0.0459534313783	0.0443318740721	0.0398213681674	0.0473288309025	0.0532229818774	0.0523182996668
TARA_034_SRF_0.22-1.6_G.freeze11.snv.filtered.bam	0.0497132317991	0.0504684635636	0.0614669462309	0.0554009019886	0.0578350610909	0.0352341426687	0.0398890031843	0.0267011458515	0.0165662664909	0.0429517031835	0.0	0.0274323780006	0.0240481076303	0.0303661978153	0.0301547755289	0.0233580319962	0.0279001008169	0.0341712682629	0.0389617004012	0.0310363426953	0.0468063602909	0.0514443770099	0.0467747281279	0.0464976085437	0.0450401653775	0.036067975163	0.0336063205919	0.0376947002902	0.0367706952668	0.0487719699979	0.0431486988536	0.0347176712987	0.0382070487138	0.0426714383977	0.0405816892299	0.0581680679777	0.0578322440643	0.0520555988692	0.054962607324	0.0466619711966	0.0666962034369	0.0407947393847	0.0464880766235	0.0794816972904	0.0623096042386	0.067304728917	0.0462850267784	0.0441716474139	0.0454804419435	0.036260614091	0.0583243071884	0.056920490048	0.0563695990411	0.0756517847459	0.0759489215021	0.0735069209744	0.0658801497591	0.0686563261901	0.0659136055576	0.0688587739485	0.059589836224	0.0664689394637	0.060828221961	0.0477590767573	0.0521368739252	0.0544700980528	0.0326618360715	0.0247047170006	0.0411147514338	0.0440289817812	0.0349455304837	0.0478305406798	0.0485452062419	0.0449587695508	0.0416212522247	0.0501348381686	0.0569525489752	0.0554283397595
TARA_036_DCM_0.22-1.6_G.freeze11.snv.filtered.bam	0.0465451543371	0.0479099937646	0.0564428458664	0.0510520905702	0.0538409410245	0.0347884074473	0.042242180972	0.0320578952352	0.028648118558	0.0442370327448	0.0274323780006	0.0	0.0186723129562	0.019266060002	0.018512923741	0.0237865161683	0.0258354617085	0.0296293655752	0.032015066956	0.0308294553837	0.0424578125953	0.0507579108837	0.0445046441437	0.0440597287719	0.0442420056581	0.0326973449077	0.0304122590275	0.0316182240653	0.0313786409702	0.0436845237933	0.0367250058891	0.0298472962673	0.0321545859556	0.036378248027	0.0332996964245	0.0545323550425	0.0530395223534	0.050399210751	0.0524280301557	0.0451005963195	0.0653692008334	0.0390871496482	0.0421186494916	0.076566989524	0.0606303574768	0.0660094709484	0.0399536608688	0.0392271129815	0.0404669427503	0.0300684624792	0.0508603904039	0.0514958243117	0.0486102519243	0.0716850420102	0.0719547074598	0.070454213103	0.0648693639248	0.0668379370219	0.064189626893	0.0668816631026	0.0578968943518	0.0624633821169	0.060697864091	0.0386148869273	0.0493090934549	0.0529151021772	0.0237823740744	0.0314097376787	0.0403220948762	0.042961952933	0.0289695178868	0.0411478437448	0.0419523487338	0.0367764478745	0.0383394695863	0.0424121819533	0.0504246161451	0.0485353246442
TARA_036_SRF_0.22-1.6_G.freeze11.snv.filtered.bam	0.0451960912886	0.0463488272103	0.0572376060109	0.0508746593655	0.053730168713	0.0362365721487	0.0401817546912	0.029655351119	0.025470112766	0.0419529460972	0.0240481076303	0.0186723129562	0.0	0.0230124385506	0.022248724018	0.0204844800634	0.023358840758	0.0305864813938	0.0344458898234	0.0285020136033	0.0431103490912	0.0490032528272	0.0431652647333	0.0423930715437	0.0438249728962	0.0338223249177	0.0320844870842	0.0349817244199	0.0344159758487	0.0455138458495	0.0393718273516	0.031484737408	0.0350246192039	0.0386471764542	0.0362425064009	0.0548245763055	0.0541590196868	0.0488158451061	0.0518790991358	0.0434375200199	0.0645398392711	0.0373050908494	0.0426719356948	0.0761205478936	0.0588147663581	0.0641791606425	0.0399955429658	0.0379326483054	0.0394816229547	0.0290110715423	0.0529888246968	0.0521693314167	0.0507532751745	0.0721204440809	0.0724869433954	0.0703256247151	0.0630760954016	0.0656473696279	0.0628264914414	0.0658933252105	0.0561993591795	0.0627553651466	0.0587382702249	0.0413189248212	0.0478837975642	0.0511876624767	0.0283448634155	0.028233954159	0.0384487711862	0.0411194053703	0.0305377093524	0.0436755201687	0.0443424246121	0.0398849862256	0.0369168307499	0.0449822487843	0.0521451463115	0.0504358378219
TARA_038_DCM_0.22-1.6_G.freeze11.snv.filtered.bam	0.0441926997163	0.0460882324875	0.0537101186646	0.0490980595321	0.0511665069388	0.0313122030769	0.0402853952122	0.031048256772	0.0306135549761	0.0421315629025	0.0303661978153	0.019266060002	0.0230124385506	0.0	0.0187450350975	0.0244961246305	0.0237626041739	0.0251530414079	0.0258685856296	0.0285071166317	0.0377913352801	0.0477508619374	0.0405534579217	0.0406484025932	0.041937460554	0.0290416137433	0.0271081983391	0.0267751376251	0.0270896612603	0.0385881458365	0.030975655557	0.0251623838772	0.0267403105626	0.0314015242556	0.0278688809165	0.050925635504	0.0489868155331	0.0472581809416	0.0489270861714	0.042022393659	0.0627237318907	0.0364517543869	0.0379876068124	0.0753429299962	0.0595497961957	0.0650490965962	0.0405508230396	0.0402644641677	0.039762434002	0.0302980600464	0.0476014048895	0.0497577301777	0.0455778788645	0.0694942811177	0.0696821219296	0.0683344752623	0.0637571811581	0.0650583755591	0.0627241276377	0.065236090885	0.0558169354731	0.0594232024711	0.0584874210579	0.0348656979617	0.0472977448328	0.0508142121752	0.0241837342616	0.0339672410269	0.0371309773707	0.0395760234163	0.0263492888083	0.0355414217312	0.0364799757965	0.0312440511315	0.0354804638776	0.037138954255	0.046570508846	0.0444368009512
TARA_038_SRF_0.22-1.6_G.freeze11.snv.filtered.bam	0.0467248391701	0.0482567060613	0.0554612442971	0.0506549928441	0.0533102898073	0.0334050429873	0.0424530977814	0.0328455414751	0.0309732448525	0.0443750508434	0.0301547755289	0.018512923741	0.022248724018	0.0187450350975	0.0	0.0254019065633	0.0263562528692	0.0280566100768	0.0296468001135	0.0310301550563	0.0408656745071	0.050381274926	0.0440052187165	0.0435595306265	0.0435217427479	0.0312172196221	0.0288762743268	0.0290417617311	0.0289876794653	0.0414676316431	0.034550230418	0.0283816788787	0.0296121036053	0.0339604749076	0.0307024394035	0.0532030100203	0.0514355881826	0.050205157715	0.0512421096366	0.0447285984266	0.0649497840018	0.0391539417089	0.0410800694696	0.0768109393456	0.0613968701512	0.0668364836839	0.0409248688913	0.0408122026187	0.0412155588901	0.0312696239665	0.0496697661187	0.0512549146437	0.0474679216291	0.0713571680617	0.0716455557659	0.0704619054495	0.0656609976054	0.0671878531323	0.0649153885735	0.0674009675854	0.0582797632876	0.0618555295871	0.0608567004326	0.0370376273174	0.0495942985002	0.0531671236375	0.0231132434989	0.033923268546	0.0401476267346	0.0427297653158	0.0281314825852	0.0387659693119	0.0396091745617	0.0342864969159	0.0383635840649	0.0401748104778	0.0490363281251	0.047072280364
TARA_039_DCM_0.22-1.6_G.freeze11.snv.filtered.bam	0.0455656896128	0.0468492604057	0.0577864361374	0.0516166461701	0.0542217603147	0.0343006250831	0.0383856434523	0.0273747811951	0.0236081293375	0.0407895133909	0.0233580319962	0.0237865161683	0.0204844800634	0.0244961246305	0.0254019065633	0.0	0.0203856026722	0.0275014881384	0.0322239388238	0.0247267280017	0.0413689769709	0.0473372127265	0.0418260229773	0.0414591986662	0.041335127978	0.030950175473	0.0287315903181	0.0324572695972	0.0314376438286	0.043859913501	0.037687655345	0.0291562345671	0.0327059406933	0.0371696071929	0.0347049761012	0.0541438596718	0.0535447670919	0.0479385881231	0.0508156011768	0.0422756068148	0.0636905135245	0.0365548306321	0.0419011637928	0.077120684533	0.0597632083177	0.0650015015025	0.0432610162229	0.0411811901728	0.0417164723984	0.0319573619794	0.0541585248366	0.0533928196405	0.0522451759959	0.0729514029513	0.0732247496132	0.0708086443127	0.0635733995236	0.0661570585082	0.0633587848344	0.0664801605976	0.0563861974875	0.0629321140727	0.0579917924708	0.0426928366125	0.0486307793667	0.0509695075632	0.0288485377643	0.0251362408707	0.0365410699648	0.0393740967961	0.0300575715725	0.0425608281326	0.0433635743606	0.0394915399089	0.0366941086047	0.0449634709115	0.052618821332	0.0510387626488
TARA_041_DCM_0.22-1.6_G.freeze11.snv.filtered.bam	0.0421833083142	0.0436794041985	0.0548374037486	0.0488205962568	0.0509122903164	0.0320345044929	0.0358915200414	0.026795104401	0.0274015644047	0.0379134030711	0.0279001008169	0.0258354617085	0.023358840758	0.0237626041739	0.0263562528692	0.0203856026722	0.0	0.0247479020141	0.0279725294238	0.0231900249163	0.0372025113784	0.044008138768	0.0372905885744	0.0372266676821	0.0399145118929	0.0290036227525	0.0281492493689	0.030491174933	0.0300293091958	0.0399598003516	0.0338227079638	0.0266454396188	0.0299291791797	0.0337190784896	0.031210345004	0.0506589484603	0.0495503968628	0.0440971579706	0.0471770499395	0.0383920728298	0.0606563828812	0.0334743201023	0.0380732574608	0.074822921019	0.0576130009968	0.0626475805433	0.0420022703474	0.0401881759058	0.039540020351	0.0306965893425	0.0507749112692	0.050603545629	0.0491795207277	0.070013516805	0.0703388870118	0.0680243262419	0.0611665745257	0.0635253304121	0.0607220706703	0.0637646878856	0.0531514710749	0.059445969492	0.0551288759294	0.0391566119865	0.0453320346488	0.0477957050317	0.0308965785131	0.0302579309387	0.0330835959485	0.035664765524	0.0285406533167	0.0384236332497	0.0393114058803	0.0353463798431	0.0329718952216	0.0406206962942	0.0488968006446	0.0472083943049
TARA_041_SRF_0.22-1.6_G.freeze11.snv.filtered.bam	0.0450998600788	0.0467678783215	0.0550071043669	0.0500570222822	0.0520358062868	0.0276460363678	0.036740236251	0.0287445311734	0.0327916147116	0.0408711749626	0.0341712682629	0.0296293655752	0.0305864813938	0.0251530414079	0.0280566100768	0.0275014881384	0.0247479020141	0.0	0.0225137461297	0.0222320748163	0.0293114993815	0.0397123886251	0.0357384981012	0.0358823638683	0.0379098499167	0.0236933237165	0.0232204615514	0.0237038423615	0.0234607153194	0.0338186088471	0.0265787939556	0.0223422183329	0.0236383228079	0.0301705958998	0.0269170318962	0.0501450617951	0.0481495968559	0.0433019165772	0.0440070656486	0.0367274525814	0.0585121259179	0.0343461976858	0.0348369220137	0.0760459123982	0.0605807698548	0.0656609448695	0.0449251369866	0.044333159882	0.0426321196332	0.0343210371613	0.0496146226111	0.0516705614279	0.0481697626008	0.0703886629469	0.0704402573272	0.0684273420506	0.0633749247292	0.0649385052058	0.0625350982764	0.0651197134672	0.0551085749077	0.0588308073268	0.0533495402799	0.0372215828594	0.0486986639428	0.0485982304179	0.0311855321791	0.0357238221528	0.0320702803483	0.0344927952992	0.0285680115965	0.0329996862292	0.0341484930551	0.0313497778093	0.0351143045984	0.0376918033471	0.0480260151083	0.0458725557292
TARA_042_DCM_0.22-1.6_G.freeze11.snv.filtered.bam	0.0433228843296	0.0455394776932	0.0524894639238	0.0485720762325	0.0496959326235	0.029041773513	0.0388842577687	0.0328818632467	0.0375636480352	0.0410520106056	0.0389617004012	0.032015066956	0.0344458898234	0.0258685856296	0.0296468001135	0.0322239388238	0.0279725294238	0.0225137461297	0.0	0.0276501034694	0.0301440275719	0.0424406426065	0.0346282419593	0.0359066119394	0.0404907608515	0.0265291132789	0.0265840829969	0.0237241840301	0.0249298276485	0.0315370368149	0.0240304777708	0.0228150491209	0.0224632452601	0.0275159163548	0.0237767604068	0.0474639776069	0.0446916627073	0.0427783652088	0.0437935682082	0.0378694971075	0.0586114885616	0.0354450670293	0.0339952034219	0.0744109798385	0.0597986835465	0.0650679751516	0.0449973048019	0.0450373585803	0.0422344448025	0.0353244134743	0.0462832458129	0.0498817375246	0.0449881206985	0.0679882889693	0.0680834581982	0.0666140485589	0.0629371667219	0.0638782953389	0.0618198004758	0.0640998086451	0.0538170007738	0.0561591843524	0.0550522815255	0.0340958700498	0.046842508069	0.0486463940066	0.0326352294268	0.0407562357368	0.0339597480039	0.0355546913746	0.0291049708915	0.0296165529005	0.0309301062812	0.0274224502917	0.0342418786885	0.0332666918812	0.0442208875306	0.0419674532125
TARA_042_SRF_0.22-1.6_G.freeze11.snv.filtered.bam	0.0444471658753	0.0456939611699	0.0566109818869	0.0507806165028	0.0529606892369	0.0307800749095	0.0349237619308	0.0263925812991	0.0295573752261	0.039074535307	0.0310363426953	0.0308294553837	0.0285020136033	0.0285071166317	0.0310301550563	0.0247267280017	0.0231900249163	0.0222320748163	0.0276501034694	0.0	0.0326021146232	0.0388838893299	0.0353759290432	0.0354487638768	0.0379539282684	0.0259452524448	0.0258890224467	0.0289174464068	0.0279043637845	0.0379813404871	0.0315971515358	0.0255022427001	0.0285794876568	0.033983406254	0.0316640493464	0.0515719754301	0.0505646124057	0.0425788264703	0.0450162213333	0.0358117668688	0.0585577005113	0.0331834409243	0.0369799515651	0.0760901228248	0.0592976771065	0.0643840646856	0.045169688526	0.0434350338385	0.0423577484892	0.0339575688573	0.0527419321628	0.0526046455121	0.0512511764154	0.0714225757326	0.0716079654991	0.0690459574991	0.0620648759661	0.0645515095472	0.0617801164912	0.0647747393087	0.0540504873739	0.0601531499667	0.0525308118656	0.0412671131487	0.0478863964915	0.0474830110949	0.0341099830633	0.0316107792656	0.0306100810142	0.0332434908962	0.0306726857615	0.0376973642747	0.0386673375453	0.0363929014488	0.0343877891069	0.0419863726027	0.0506868450996	0.0489128663772
TARA_045_SRF_0.22-1.6_G.freeze11.snv.filtered.bam	0.0472453960861	0.0492508167043	0.0565552234674	0.0526369915376	0.0532673705479	0.034401370105	0.041308545263	0.0380857836356	0.0451419016389	0.0451909746856	0.0468063602909	0.0424578125953	0.0431103490912	0.0377913352801	0.0408656745071	0.0413689769709	0.0372025113784	0.0293114993815	0.0301440275719	0.0326021146232	0.0	0.0322521986756	0.0328056605195	0.0330692119378	0.0426902633105	0.0308942747757	0.033234999439	0.0324701662452	0.0336072979148	0.0338256636693	0.0285497199982	0.0317135711758	0.0317783828514	0.036098341563	0.0338322112709	0.0510681275396	0.0488173668188	0.0404321034125	0.0410690169354	0.034595896043	0.05399097842	0.0380740186381	0.0353704003165	0.0758548033114	0.0615676458721	0.0665550281779	0.0502780049173	0.0498613735454	0.046745160231	0.0417476107092	0.0511115887214	0.05370256643	0.0501319672397	0.0700821042281	0.0700385190917	0.0678280393771	0.0635133410523	0.0648550057749	0.0628602020398	0.0649834923914	0.0551446995444	0.0582357831505	0.0476940162195	0.0404446071258	0.0505643436429	0.0478578759024	0.0437451107575	0.0481554431401	0.0351743106809	0.0354329436313	0.0382471556188	0.0348457949157	0.0359022091678	0.0356259548999	0.0388463263949	0.0398032555818	0.0493770415819	0.0474288774334
TARA_048_SRF_0.22-1.6_G.freeze11.snv.filtered.bam	0.0503694948673	0.0517394317391	0.0612763331503	0.0563938598307	0.0571425330504	0.0442148556183	0.0450732515235	0.0434796910842	0.0499944314448	0.0477616770804	0.0514443770099	0.0507579108837	0.0490032528272	0.0477508619374	0.050381274926	0.0473372127265	0.044008138768	0.0397123886251	0.0424406426065	0.0388838893299	0.0322521986756	0.0	0.035453684378	0.0363873213314	0.0472336833269	0.0405229062792	0.0431369993005	0.0444517388815	0.045093675102	0.0429681144582	0.0397588524013	0.0419863351013	0.0433582167181	0.0462382865582	0.0453506640049	0.0554150560358	0.0546183164653	0.0412968052135	0.044032753291	0.0366934179729	0.0533648240544	0.041807885998	0.0417885853883	0.0766312138634	0.0619996209817	0.0662615289445	0.0552733090569	0.0538820716525	0.0511733824206	0.0477843611212	0.0580536672946	0.0578960617884	0.0573617245951	0.0726619374652	0.0727634338511	0.0694231849026	0.0631865379053	0.0655405014209	0.063576592549	0.0661717513706	0.0563031972285	0.0615667529178	0.0447688416065	0.0499824251989	0.0525564360572	0.0487709992137	0.0532538794508	0.0520799970857	0.0389586723352	0.0386681251318	0.0464303001805	0.0449259384122	0.0455672594324	0.0464585241149	0.043483863878	0.0492676175449	0.0559686947662	0.0549199650575
TARA_052_DCM_0.22-1.6_G.freeze11.snv.filtered.bam	0.040730830705	0.0433306431392	0.0538798166621	0.0492549643831	0.0486263526334	0.0394717736596	0.0409467869327	0.0389044232905	0.0453501444442	0.0410861244893	0.0467747281279	0.0445046441437	0.0431652647333	0.0405534579217	0.0440052187165	0.0418260229773	0.0372905885744	0.0357384981012	0.0346282419593	0.0353759290432	0.0328056605195	0.035453684378	0.0	0.0299439651976	0.0452155948519	0.0364044210128	0.0388799074938	0.0383887738223	0.0402693671278	0.0362945738079	0.0317966197199	0.0348465155663	0.0360542302467	0.0380600557286	0.0364178587473	0.0473258460804	0.0459090172767	0.0336055313891	0.0409780842074	0.0333757224707	0.0530780269824	0.0347057731514	0.0351014068514	0.0702101297988	0.0542738126188	0.0595191921192	0.0477600779989	0.0463893209897	0.0425053713844	0.0399227876492	0.0479447855599	0.049350864741	0.0475019486619	0.0647218218696	0.0651537847861	0.0625130801878	0.0568928921789	0.0585066289454	0.0563825256431	0.0590089029818	0.0480433375554	0.0530488092893	0.0474055361018	0.0402696236916	0.0425220354109	0.0426546339537	0.0471095863579	0.0481830999912	0.0341091058606	0.0334870256705	0.0393565447433	0.0367093524398	0.037516519049	0.0370744853922	0.0342854505284	0.0390167663016	0.0465442326184	0.045144183163
TARA_052_SRF_0.22-1.6_G.freeze11.snv.filtered.bam	0.0428130749089	0.0443883576	0.0546892470626	0.0498710943464	0.0503251678216	0.0397735024746	0.0407465843466	0.039013692908	0.0451374116233	0.0421385525604	0.0464976085437	0.0440597287719	0.0423930715437	0.0406484025932	0.0435595306265	0.0414591986662	0.0372266676821	0.0358823638683	0.0359066119394	0.0354487638768	0.0330692119378	0.0363873213314	0.0299439651976	0.0	0.0444397697476	0.0365675125776	0.0392129667978	0.0394886379651	0.0408489719293	0.0388051560241	0.0348423018366	0.0363117780754	0.03775647793	0.0392246365186	0.0379405430277	0.0490305801959	0.047906695531	0.0373104648164	0.0419979830027	0.0345556479546	0.0544519751612	0.0364246102501	0.0375252289182	0.0703393992783	0.0545698311515	0.059360706986	0.0476131353982	0.0462158289572	0.0419926602431	0.0392846209956	0.0491537919695	0.0492224039546	0.0481698921028	0.0655266784552	0.0656669978401	0.0628778776593	0.056444942769	0.0586448709726	0.0565520783462	0.0593071441411	0.0482246006026	0.0538868026711	0.0482039082021	0.0407871715569	0.044083334442	0.041956070335	0.0468985218162	0.0479388245557	0.0358293063266	0.0358565966857	0.0399882946084	0.0395292841892	0.0402144049928	0.0394111428189	0.0361469237479	0.0417530418898	0.0487276011984	0.047421900046
TARA_056_MES_0.22-3_G.freeze11.snv.filtered.bam	0.0523090334911	0.0530710581143	0.0608623921702	0.0561047934532	0.0579684665751	0.0421203490657	0.0454896965274	0.0414496922946	0.0440540268099	0.0473127219072	0.0450401653775	0.0442420056581	0.0438249728962	0.041937460554	0.0435217427479	0.041335127978	0.0399145118929	0.0379098499167	0.0404907608515	0.0379539282684	0.0426902633105	0.0472336833269	0.0452155948519	0.0444397697476	0.0	0.0367619654213	0.0369603876526	0.0383993173921	0.0381382227604	0.0444514941857	0.0413301433294	0.0379638545009	0.0390287334301	0.0421473782927	0.0412835067393	0.0553343406098	0.0546328599819	0.0494812900445	0.0503766588756	0.045275422633	0.0617801995024	0.0441442879871	0.04560608431	0.0787202649537	0.0642250013547	0.0692164238139	0.0542076415249	0.053662030805	0.0518534825517	0.046520210148	0.0593311244007	0.0582244522913	0.0581762015226	0.0745939596296	0.0757355185445	0.0727276890609	0.0665107546756	0.0690546461726	0.0674010212593	0.0700392081844	0.0600075674717	0.0646610101466	0.0574710075747	0.0503193224146	0.0544663613773	0.0533721076158	0.0452655702757	0.0453190601667	0.0423996843295	0.0440386941449	0.0419554299441	0.0458285288947	0.0463905208872	0.0454488784558	0.0452882915741	0.0499324890245	0.056688165345	0.0557846668908
TARA_056_SRF_0.22-3_G.freeze11.snv.filtered.bam	0.0464567397662	0.0481574380154	0.0559997678347	0.0514693546538	0.0531104183981	0.0298666365906	0.0385753597169	0.0309649306993	0.0346698038036	0.0425766570355	0.036067975163	0.0326973449077	0.0338223249177	0.0290416137433	0.0312172196221	0.030950175473	0.0290036227525	0.0236933237165	0.0265291132789	0.0259452524448	0.0308942747757	0.0405229062792	0.0364044210128	0.0365675125776	0.0367619654213	0.0	0.0212174194664	0.0222372876426	0.022383932027	0.0334513258634	0.0267109703473	0.0227831117011	0.0236564837038	0.0307917132651	0.0275041981284	0.0512809472716	0.0491602035018	0.0437739581633	0.0449866067353	0.0379120514121	0.0586654747119	0.0357501802241	0.0357099099971	0.0755484032881	0.0606036669631	0.0655820718337	0.0461384854121	0.0457134708702	0.0433152893297	0.0360783423924	0.0496195736224	0.0517776106418	0.0481727227615	0.069992352298	0.0698919329296	0.0677581291755	0.0630302570636	0.0644762936953	0.0622135078174	0.0647907744819	0.0551618892347	0.0585570752692	0.0535791435479	0.0385345962302	0.0491576693685	0.0486018982944	0.0329838346594	0.0366717183479	0.0336060296178	0.0358079077506	0.03055687223	0.034061223862	0.035296216687	0.0331244414633	0.0369644856961	0.0390938315128	0.0488930045389	0.0468904043191
TARA_057_SRF_0.22-3_G.freeze11.snv.filtered.bam	0.0476952763687	0.0492332618362	0.0568570212853	0.0523344456182	0.0542175981607	0.0295712237016	0.0392946562151	0.0305502874745	0.032386769569	0.0432906228962	0.0336063205919	0.0304122590275	0.0320844870842	0.0271081983391	0.0288762743268	0.0287315903181	0.0281492493689	0.0232204615514	0.0265840829969	0.0258890224467	0.033234999439	0.0431369993005	0.0388799074938	0.0392129667978	0.0369603876526	0.0212174194664	0.0	0.0207039848313	0.0203327633313	0.034705250577	0.0275125258029	0.0219993423619	0.0227717216594	0.0307179985527	0.0274802490357	0.0522321289995	0.0501718398161	0.0459796105621	0.0469942851918	0.0401416753621	0.0606604212451	0.0369832547638	0.0371794634513	0.0771006775427	0.0620378658423	0.0673514343039	0.0464456366064	0.0461505924992	0.0445134430442	0.0364028591772	0.0509685482602	0.0532565257361	0.0493721356188	0.0715351179808	0.0716980498145	0.0696852613924	0.0649811222423	0.0664307977703	0.0641252750251	0.0667349961858	0.0571517822213	0.0605014973328	0.0557880103606	0.0394473649515	0.0507046908401	0.0508440687252	0.0298214021672	0.0337689823565	0.035019794221	0.0373769670578	0.0295641717331	0.0350143153874	0.0362113876951	0.0336049444479	0.0381875068586	0.0399256724767	0.0498841112734	0.0478070278234
TARA_058_DCM_0.22-3_G.freeze11.snv.filtered.bam	0.0471830265563	0.0492710363155	0.0553458361831	0.0518953061456	0.0530690058248	0.0293872004562	0.0411957608491	0.0333136647749	0.036411769755	0.044173342804	0.0376947002902	0.0316182240653	0.0349817244199	0.0267751376251	0.0290417617311	0.0324572695972	0.030491174933	0.0237038423615	0.0237241840301	0.0289174464068	0.0324701662452	0.0444517388815	0.0383887738223	0.0394886379651	0.0383993173921	0.0222372876426	0.0207039848313	0.0	0.0189873443616	0.0321351087075	0.0238260107869	0.0209547128233	0.0199949082214	0.028260351569	0.0242689290919	0.05069922211	0.0478871645213	0.0459163520114	0.0466049008653	0.0407634474773	0.0608423078615	0.0378608093701	0.0362724648451	0.0766611170598	0.0622826371007	0.0677981134495	0.046601791929	0.0469491664885	0.0446881296233	0.0372120328478	0.0485196475474	0.052295410658	0.0470773194481	0.0702718202986	0.0703823752004	0.0690781539828	0.0655626615801	0.0664864862976	0.0645398358988	0.0668415453145	0.0572838687145	0.0591564152365	0.0569093685322	0.0366577981829	0.0503449630528	0.0514276185625	0.0298424164735	0.0384629359405	0.0362228414831	0.0382564610405	0.029572298663	0.0317371199364	0.0330700415759	0.0301901270878	0.0380440500579	0.0366511823526	0.0472769485721	0.0450911660014
