	TARA_004_DCM_0.22-1.6_G.freeze11.snv.filtered.bam	TARA_004_SRF_0.22-1.6_G.freeze11.snv.filtered.bam	TARA_007_DCM_0.22-1.6_G.freeze11.snv.filtered.bam	TARA_007_SRF_0.22-1.6_G.freeze11.snv.filtered.bam	TARA_009_DCM_0.22-1.6_G.freeze11.snv.filtered.bam	TARA_031_SRF_0.22-1.6_G.freeze11.snv.filtered.bam	TARA_032_DCM_0.22-1.6_G.freeze11.snv.filtered.bam	TARA_032_SRF_0.22-1.6_G.freeze11.snv.filtered.bam	TARA_033_SRF_0.22-1.6_G.freeze11.snv.filtered.bam	TARA_034_DCM_0.22-1.6_G.freeze11.snv.filtered.bam	TARA_034_SRF_0.22-1.6_G.freeze11.snv.filtered.bam	TARA_036_DCM_0.22-1.6_G.freeze11.snv.filtered.bam	TARA_036_SRF_0.22-1.6_G.freeze11.snv.filtered.bam	TARA_038_DCM_0.22-1.6_G.freeze11.snv.filtered.bam	TARA_038_SRF_0.22-1.6_G.freeze11.snv.filtered.bam	TARA_039_DCM_0.22-1.6_G.freeze11.snv.filtered.bam	TARA_041_DCM_0.22-1.6_G.freeze11.snv.filtered.bam	TARA_041_SRF_0.22-1.6_G.freeze11.snv.filtered.bam	TARA_042_DCM_0.22-1.6_G.freeze11.snv.filtered.bam	TARA_042_SRF_0.22-1.6_G.freeze11.snv.filtered.bam	TARA_045_SRF_0.22-1.6_G.freeze11.snv.filtered.bam	TARA_048_SRF_0.22-1.6_G.freeze11.snv.filtered.bam	TARA_052_DCM_0.22-1.6_G.freeze11.snv.filtered.bam	TARA_052_SRF_0.22-1.6_G.freeze11.snv.filtered.bam	TARA_056_MES_0.22-3_G.freeze11.snv.filtered.bam	TARA_056_SRF_0.22-3_G.freeze11.snv.filtered.bam	TARA_057_SRF_0.22-3_G.freeze11.snv.filtered.bam	TARA_058_DCM_0.22-3_G.freeze11.snv.filtered.bam	TARA_062_SRF_0.22-3_G.freeze11.snv.filtered.bam	TARA_064_DCM_0.22-3_G.freeze11.snv.filtered.bam	TARA_064_SRF_0.22-3_G.freeze11.snv.filtered.bam	TARA_065_DCM_0.22-3_G.freeze11.snv.filtered.bam	TARA_065_SRF_0.22-3_G.freeze11.snv.filtered.bam	TARA_066_DCM_0.22-3_G.freeze11.snv.filtered.bam	TARA_066_SRF_0.22-3_G.freeze11.snv.filtered.bam	TARA_068_DCM_0.22-3_G.freeze11.snv.filtered.bam	TARA_068_SRF_0.22-3_G.freeze11.snv.filtered.bam	TARA_072_DCM_0.22-3_G.freeze11.snv.filtered.bam	TARA_072_MES_0.22-3_G.freeze11.snv.filtered.bam	TARA_072_SRF_0.22-3_G.freeze11.snv.filtered.bam	TARA_076_SRF_0.22-3_G.freeze11.snv.filtered.bam	TARA_078_DCM_0.22-3_G.freeze11.snv.filtered.bam	TARA_078_SRF_0.22-3_G.freeze11.snv.filtered.bam	TARA_094_SRF_0.22-3_G.freeze11.snv.filtered.bam	TARA_100_DCM_0.22-3_G.freeze11.snv.filtered.bam	TARA_100_SRF_0.22-3_G.freeze11.snv.filtered.bam	TARA_102_DCM_0.22-3_G.freeze11.snv.filtered.bam	TARA_102_SRF_0.22-3_G.freeze11.snv.filtered.bam	TARA_109_DCM_0.22-3_G.freeze11.snv.filtered.bam	TARA_109_SRF_0.22-3_G.freeze11.snv.filtered.bam	TARA_110_DCM_0.22-3_G.freeze11.snv.filtered.bam	TARA_110_MES_0.22-3_G.freeze11.snv.filtered.bam	TARA_110_SRF_0.22-3_G.freeze11.snv.filtered.bam	TARA_111_DCM_0.22-3_G.freeze11.snv.filtered.bam	TARA_111_SRF_0.22-3_G.freeze11.snv.filtered.bam	TARA_122_SRF_0.22-3_G.freeze11.snv.filtered.bam	TARA_123_SRF_0.22-3_G.freeze11.snv.filtered.bam	TARA_124_MIX_0.22-3_G.freeze11.snv.filtered.bam	TARA_124_SRF_0.22-3_G.freeze11.snv.filtered.bam	TARA_125_SRF_0.22-3_G.freeze11.snv.filtered.bam	TARA_128_DCM_0.22-3_G.freeze11.snv.filtered.bam	TARA_128_SRF_0.22-3_G.freeze11.snv.filtered.bam	TARA_132_SRF_0.22-3_G.freeze11.snv.filtered.bam	TARA_137_SRF_0.22-3_G.freeze11.snv.filtered.bam	TARA_138_DCM_0.22-3_G.freeze11.snv.filtered.bam	TARA_138_SRF_0.22-3_G.freeze11.snv.filtered.bam	TARA_140_SRF_0.22-3_G.freeze11.snv.filtered.bam	TARA_141_SRF_0.22-3_G.freeze11.snv.filtered.bam	TARA_142_DCM_0.22-3_G.freeze11.snv.filtered.bam	TARA_142_SRF_0.22-3_G.freeze11.snv.filtered.bam	TARA_145_SRF_0.22-3_G.freeze11.snv.filtered.bam	TARA_146_SRF_0.22-3_G.freeze11.snv.filtered.bam	TARA_148_SRF_0.22-3_G.freeze11.snv.filtered.bam	TARA_149_SRF_0.22-3_G.freeze11.snv.filtered.bam	TARA_150_DCM_0.22-3_G.freeze11.snv.filtered.bam	TARA_150_SRF_0.22-3_G.freeze11.snv.filtered.bam	TARA_151_DCM_0.22-3_G.freeze11.snv.filtered.bam	TARA_151_SRF_0.22-3_G.freeze11.snv.filtered.bam
TARA_004_DCM_0.22-1.6_G.freeze11.snv.filtered.bam	0.0	0.000203972361745	0.000701154993498	0.000509930904362	0.00026771372479	0.00113459626221	0.00207796843528	0.00184849952831	0.00354401978532	0.00128757553352	0.00370974732924	0.00169552025701	0.00212896152571	0.000917875627852	0.00110909971699	0.00232018561485	0.00122383417047	0.00095612044568	0.000662910175671	0.00152979271309	0.00128757553352	0.00260064761225	0.000739399811326	0.000994365263507	0.00175926162005	0.000930623900461	0.00108360317177	0.000879630810025	0.00109635144438	0.000943372173071	0.000599168812626	0.000637413630453	0.000560923994799	0.000522679176972	0.000446189541317	0.000841385992198	0.000739399811326	0.000917875627852	0.00147879962265	0.00122383417047	0.00539251931363	0.000484434359144	0.00040794472349	0.00761071874761	0.00242217179572	0.00518854695189	0.001402309987	0.00177200989266	0.000752148083935	0.00095612044568	0.000624665357844	0.000905127355243	0.000739399811326	0.00453838504883	0.00587695367278	0.00668009484715	0.00516305040667	0.00601718467148	0.0057749674919	0.00666734657454	0.00249866143138	0.00275362688356	0.00446189541317	0.000293210270008	0.000560923994799	0.00121108589786	0.00159353407613	0.00472960913796	0.00108360317177	0.000994365263507	0.000484434359144	0.000433441268708	0.000305958542617	0.000203972361745	0.000152979271309	0.000101986180872	0.00026771372479	0.000191224089136
TARA_004_SRF_0.22-1.6_G.freeze11.snv.filtered.bam	0.000203972361745	0.0	0.000726651538717	0.000344203360445	0.000356951633054	0.00124933071569	0.00214170979832	0.00181025471049	0.00350577496749	0.0012620789883	0.0036587542388	0.00184849952831	0.00228194079702	0.00104535835394	0.00135131689656	0.00230743734224	0.00132582035134	0.00101986180872	0.000764896356544	0.00152979271309	0.00132582035134	0.00271538206573	0.00081588944698	0.000968868718289	0.00187399607353	0.00110909971699	0.00122383417047	0.00103261008133	0.00124933071569	0.000917875627852	0.000713903266107	0.000713903266107	0.000764896356544	0.000611917085235	0.00054817572219	0.00103261008133	0.000994365263507	0.000917875627852	0.00150429616787	0.00127482726091	0.00559649167538	0.000586420540017	0.000497182631753	0.00809515310675	0.00249866143138	0.0056219882206	0.00160628234874	0.00163177889396	0.000764896356544	0.00101986180872	0.000981616990898	0.00122383417047	0.00104535835394	0.00511205731623	0.00662910175671	0.00710078784325	0.0054817572219	0.0064761224854	0.00632314321409	0.00719002575151	0.00277912342878	0.00328905433314	0.00432166441447	0.000369699905663	0.000866882537416	0.00131307207873	0.00172101680222	0.00485709186405	0.00107085489916	0.00107085489916	0.000637413630453	0.000484434359144	0.000535427449581	0.000344203360445	0.000242217179572	0.000191224089136	0.000305958542617	0.000254965452181
TARA_007_DCM_0.22-1.6_G.freeze11.snv.filtered.bam	0.000701154993498	0.000726651538717	0.0	0.000305958542617	0.000382448178272	0.00209071670789	0.00334004742357	0.00356951633054	0.00573672267408	0.00266438897529	0.00586420540017	0.00316157160705	0.00400295759925	0.00205247189006	0.00230743734224	0.00438540577752	0.00286836133704	0.00207796843528	0.00138956171439	0.00311057851661	0.00207796843528	0.0039392162362	0.00229468906963	0.00224369597919	0.0026771372479	0.0021034649805	0.00240942352311	0.00173376507483	0.0018357512557	0.00118558935264	0.00123658244308	0.00169552025701	0.00144055480482	0.00123658244308	0.000994365263507	0.00119833762525	0.000828637719589	0.00226919252441	0.00219270288876	0.00260064761225	0.00558374340277	0.0018357512557	0.00118558935264	0.00701154993498	0.0036587542388	0.00656536039367	0.00272813033834	0.00316157160705	0.00221819943398	0.00233293388746	0.00103261008133	0.00179750643788	0.00119833762525	0.00475510568318	0.00578771576451	0.00685857066368	0.00645062594019	0.00680757757324	0.00697330511716	0.00761071874761	0.00411769205273	0.00349302669488	0.00489533668188	0.00081588944698	0.00163177889396	0.00252415797659	0.00275362688356	0.00699880166237	0.00248591315877	0.0023966752505	0.00132582035134	0.000764896356544	0.000701154993498	0.000586420540017	0.000905127355243	0.000293210270008	0.000229468906963	0.000203972361745
TARA_007_SRF_0.22-1.6_G.freeze11.snv.filtered.bam	0.000509930904362	0.000344203360445	0.000305958542617	0.0	0.00040794472349	0.0015425409857	0.0025369062492	0.00256240279442	0.00434716095969	0.00202697534484	0.00461487468448	0.00229468906963	0.00302134060835	0.00151704444048	0.00174651334744	0.00303408888096	0.00205247189006	0.00161903062135	0.00118558935264	0.00228194079702	0.00174651334744	0.0035185232401	0.00163177889396	0.00158078580352	0.00243492006833	0.00152979271309	0.00181025471049	0.00122383417047	0.00164452716657	0.00116009280742	0.00095612044568	0.00123658244308	0.00113459626221	0.00095612044568	0.000968868718289	0.00101986180872	0.000968868718289	0.00170826852961	0.00181025471049	0.00202697534484	0.0056219882206	0.00113459626221	0.000828637719589	0.00778919456414	0.00346753014966	0.00650161903062	0.00219270288876	0.00242217179572	0.00151704444048	0.00160628234874	0.000943372173071	0.00169552025701	0.00110909971699	0.00537977104102	0.00659085693888	0.00721552229673	0.00606817776191	0.00702429820759	0.00711353611586	0.00786568419979	0.00381173351011	0.00348027842227	0.00472960913796	0.000573672267408	0.00132582035134	0.00217995461615	0.0019632339818	0.00571122612886	0.00198873052701	0.00206522016267	0.00105810662655	0.000637413630453	0.000586420540017	0.000369699905663	0.000497182631753	0.000242217179572	0.000191224089136	0.000293210270008
TARA_009_DCM_0.22-1.6_G.freeze11.snv.filtered.bam	0.00026771372479	0.000356951633054	0.000382448178272	0.00040794472349	0.0	0.00175926162005	0.00297034751791	0.00286836133704	0.00530328140537	0.00217995461615	0.00535427449581	0.00266438897529	0.00346753014966	0.00145330307743	0.00191224089136	0.00370974732924	0.00226919252441	0.00164452716657	0.00117284108003	0.00258789933964	0.0018357512557	0.00355676805793	0.00144055480482	0.00161903062135	0.00246041661355	0.00163177889396	0.00189949261875	0.00128757553352	0.00160628234874	0.00107085489916	0.000943372173071	0.00116009280742	0.00104535835394	0.000981616990898	0.000764896356544	0.00116009280742	0.000701154993498	0.0015425409857	0.0019632339818	0.00207796843528	0.00557099513016	0.00116009280742	0.000764896356544	0.00650161903062	0.00248591315877	0.00521404349711	0.00209071670789	0.00257515106703	0.00152979271309	0.0018357512557	0.000841385992198	0.00132582035134	0.000930623900461	0.00392646796359	0.00512480558884	0.00623390530583	0.00540526758624	0.00609367430713	0.00608092603452	0.00642512939497	0.00289385788226	0.00284286479182	0.00469136432013	0.000522679176972	0.00104535835394	0.00207796843528	0.00234568216007	0.00634863975931	0.0019759822544	0.00200147879962	0.00101986180872	0.000662910175671	0.000560923994799	0.000305958542617	0.000611917085235	0.0001402309987	0.000165727543918	0.000127482726091
TARA_031_SRF_0.22-1.6_G.freeze11.snv.filtered.bam	0.00113459626221	0.00124933071569	0.00209071670789	0.0015425409857	0.00175926162005	0.0	8.92379082634e-05	2.54965452181e-05	6.37413630453e-05	0.0001402309987	0.000229468906963	0.000242217179572	0.000395196450881	7.64896356544e-05	0.000127482726091	0.000191224089136	8.92379082634e-05	3.82448178272e-05	6.37413630453e-05	7.64896356544e-05	0.000229468906963	0.000930623900461	0.000395196450881	0.000420692996099	0.000178475816527	8.92379082634e-05	5.09930904362e-05	8.92379082634e-05	7.64896356544e-05	0.000152979271309	6.37413630453e-05	6.37413630453e-05	6.37413630453e-05	8.92379082634e-05	6.37413630453e-05	0.000905127355243	0.000764896356544	0.000879630810025	0.000586420540017	0.000433441268708	0.00399020932664	0.000178475816527	0.000216720634354	0.00993090436246	0.00397746105403	0.00726651538717	0.00138956171439	0.00156803753091	0.000854134264807	0.000369699905663	0.00109635144438	0.00141505825961	0.00101986180872	0.00673108793758	0.00768720838326	0.00810790137936	0.00638688457714	0.00713903266107	0.00711353611586	0.00832462201372	0.00293210270008	0.00325080951531	0.00316157160705	0.00026771372479	0.000930623900461	0.00131307207873	5.09930904362e-05	0.000662910175671	0.000191224089136	0.000229468906963	0.000101986180872	0.000101986180872	0.000101986180872	7.64896356544e-05	0.000280461997399	0.000216720634354	0.00113459626221	0.000828637719589
TARA_032_DCM_0.22-1.6_G.freeze11.snv.filtered.bam	0.00207796843528	0.00214170979832	0.00334004742357	0.0025369062492	0.00297034751791	8.92379082634e-05	0.0	8.92379082634e-05	0.000484434359144	0.00040794472349	0.000739399811326	0.000828637719589	0.000828637719589	0.000484434359144	0.000535427449581	0.000497182631753	0.00026771372479	0.00026771372479	0.000344203360445	0.000293210270008	0.000535427449581	0.00123658244308	0.000624665357844	0.000650161903062	0.000726651538717	0.00026771372479	0.000305958542617	0.000395196450881	0.000395196450881	0.000522679176972	0.000420692996099	0.000242217179572	0.000293210270008	0.000446189541317	0.000395196450881	0.00161903062135	0.00179750643788	0.00137681344178	0.00136406516917	0.000726651538717	0.00531602967798	0.000535427449581	0.00054817572219	0.0120598658882	0.00511205731623	0.00856683919329	0.00270263379312	0.0026771372479	0.00155528925831	0.000905127355243	0.00195048570919	0.00226919252441	0.00192498916397	0.00869432191938	0.00982891818159	0.00961219754723	0.00738124984065	0.00859233573851	0.00836286683154	0.00973968027332	0.00368425078402	0.00489533668188	0.00384997832794	0.000790392901762	0.0018230029831	0.00160628234874	0.000701154993498	0.00146605135004	0.000458937813926	0.00054817572219	0.00040794472349	0.00054817572219	0.000497182631753	0.000484434359144	0.000739399811326	0.000803141174371	0.00216720634354	0.00192498916397
TARA_032_SRF_0.22-1.6_G.freeze11.snv.filtered.bam	0.00184849952831	0.00181025471049	0.00356951633054	0.00256240279442	0.00286836133704	2.54965452181e-05	8.92379082634e-05	0.0	0.0	0.000178475816527	3.82448178272e-05	0.000229468906963	0.000280461997399	6.37413630453e-05	0.0001402309987	5.09930904362e-05	5.09930904362e-05	0.000101986180872	0.000165727543918	7.64896356544e-05	0.000688406720889	0.00132582035134	0.000713903266107	0.000471686086535	0.00040794472349	0.000127482726091	0.000114734453482	0.000114734453482	0.000165727543918	0.000420692996099	0.000178475816527	5.09930904362e-05	0.000114734453482	0.000152979271309	0.000127482726091	0.0016827719844	0.00152979271309	0.00122383417047	0.00133856862395	0.000713903266107	0.00578771576451	0.000178475816527	0.000344203360445	0.0117284108003	0.00484434359144	0.00819713928763	0.00165727543918	0.00163177889396	0.00095612044568	0.00026771372479	0.00195048570919	0.00188674434614	0.00175926162005	0.00902577700722	0.0100838836338	0.00996914918029	0.00727926365977	0.00884730119069	0.00873256673721	0.00995640090768	0.00373524387446	0.00501007113536	0.00387547487315	0.000624665357844	0.00161903062135	0.00164452716657	0.0001402309987	0.000127482726091	0.0001402309987	0.000395196450881	0.000101986180872	0.000356951633054	0.000331455087836	0.000369699905663	0.000331455087836	0.000803141174371	0.00223094770659	0.00177200989266
TARA_033_SRF_0.22-1.6_G.freeze11.snv.filtered.bam	0.00354401978532	0.00350577496749	0.00573672267408	0.00434716095969	0.00530328140537	6.37413630453e-05	0.000484434359144	0.0	0.0	0.000611917085235	0.0	7.64896356544e-05	8.92379082634e-05	5.09930904362e-05	8.92379082634e-05	3.82448178272e-05	6.37413630453e-05	0.000191224089136	0.00054817572219	0.0001402309987	0.00179750643788	0.00341653705923	0.00214170979832	0.00164452716657	0.000650161903062	0.000203972361745	0.000101986180872	0.000178475816527	0.00026771372479	0.00131307207873	0.000573672267408	8.92379082634e-05	0.000216720634354	0.000420692996099	0.000382448178272	0.00356951633054	0.00328905433314	0.00314882333444	0.003097830244	0.00186124780092	0.00891104255373	0.00054817572219	0.00119833762525	0.0142653170495	0.00674383621019	0.0105300731751	0.00223094770659	0.00216720634354	0.00158078580352	0.000293210270008	0.00344203360445	0.00316157160705	0.00317431987966	0.0117284108003	0.0127737691543	0.0122765865225	0.00938272864027	0.0108742765355	0.0108105351725	0.0123020830677	0.0060426812167	0.00757247392978	0.00680757757324	0.00161903062135	0.00299584406313	0.00318706815227	0.000127482726091	6.37413630453e-05	0.000586420540017	0.00116009280742	0.000165727543918	0.00114734453482	0.00130032380612	0.000981616990898	0.00128757553352	0.00221819943398	0.00439815405013	0.00390097141837
TARA_034_DCM_0.22-1.6_G.freeze11.snv.filtered.bam	0.00128757553352	0.0012620789883	0.00266438897529	0.00202697534484	0.00217995461615	0.0001402309987	0.00040794472349	0.000178475816527	0.000611917085235	0.0	0.000752148083935	0.000611917085235	0.000726651538717	0.000293210270008	0.000369699905663	0.000599168812626	0.000254965452181	0.000280461997399	0.000254965452181	0.000203972361745	0.00054817572219	0.00146605135004	0.000497182631753	0.000599168812626	0.000688406720889	0.000305958542617	0.000382448178272	0.000446189541317	0.00040794472349	0.000458937813926	0.000229468906963	0.000254965452181	0.000254965452181	0.000382448178272	0.000305958542617	0.00118558935264	0.00124933071569	0.000879630810025	0.00114734453482	0.000484434359144	0.00486984013666	0.000369699905663	0.000382448178272	0.0100711353612	0.00397746105403	0.00740674638586	0.00193773743658	0.00217995461615	0.00109635144438	0.000599168812626	0.00163177889396	0.00184849952831	0.00152979271309	0.00724101884195	0.00846485301242	0.00832462201372	0.00642512939497	0.00734300502282	0.00771270492848	0.00855409092068	0.00322531297009	0.00390097141837	0.00392646796359	0.000573672267408	0.00114734453482	0.00142780653221	0.000611917085235	0.00144055480482	0.00040794472349	0.000356951633054	0.000280461997399	0.000318706815227	0.000356951633054	0.000344203360445	0.000344203360445	0.000662910175671	0.00149154789526	0.00147879962265
TARA_034_SRF_0.22-1.6_G.freeze11.snv.filtered.bam	0.00370974732924	0.0036587542388	0.00586420540017	0.00461487468448	0.00535427449581	0.000229468906963	0.000739399811326	3.82448178272e-05	0.0	0.000752148083935	0.0	1.27482726091e-05	2.54965452181e-05	3.82448178272e-05	7.64896356544e-05	1.27482726091e-05	3.82448178272e-05	0.000203972361745	0.00067565844828	0.000127482726091	0.00221819943398	0.00400295759925	0.00242217179572	0.0019632339818	0.00081588944698	0.00026771372479	0.000178475816527	0.000293210270008	0.000305958542617	0.00144055480482	0.000777644629153	0.000114734453482	0.000331455087836	0.000522679176972	0.000509930904362	0.00374799214706	0.00369699905663	0.00367150251141	0.00342928533184	0.0021162132531	0.00947196654853	0.000535427449581	0.00130032380612	0.0144565411387	0.00685857066368	0.0103770939038	0.00219270288876	0.00209071670789	0.00175926162005	0.000254965452181	0.00359501287576	0.00321256469748	0.00332729915097	0.0122128451595	0.0133601896943	0.0125952933378	0.00986716299941	0.0113969557125	0.0110909971699	0.0125188037021	0.00645062594019	0.00794217383545	0.00754697738456	0.00167002371179	0.00307233369878	0.00350577496749	0.000165727543918	7.64896356544e-05	0.000866882537416	0.00136406516917	0.000191224089136	0.00136406516917	0.00144055480482	0.00113459626221	0.00135131689656	0.00243492006833	0.00452563677622	0.00411769205273
TARA_036_DCM_0.22-1.6_G.freeze11.snv.filtered.bam	0.00169552025701	0.00184849952831	0.00316157160705	0.00229468906963	0.00266438897529	0.000242217179572	0.000828637719589	0.000229468906963	7.64896356544e-05	0.000611917085235	1.27482726091e-05	0.0	0.0	0.0	0.0	3.82448178272e-05	0.0	0.000191224089136	0.000344203360445	0.000293210270008	0.00131307207873	0.00312332678922	0.00127482726091	0.000943372173071	0.000471686086535	0.000229468906963	0.000216720634354	0.000216720634354	0.000293210270008	0.000828637719589	0.000382448178272	0.000178475816527	0.000254965452181	0.000191224089136	0.000152979271309	0.00174651334744	0.00170826852961	0.0018357512557	0.0019632339818	0.0011218479896	0.00711353611586	0.00026771372479	0.000458937813926	0.011575431529	0.00512480558884	0.00845210473981	0.000611917085235	0.00067565844828	0.000497182631753	1.27482726091e-05	0.00113459626221	0.00127482726091	0.00107085489916	0.00878355982764	0.00979067336376	0.00996914918029	0.00791667729023	0.00897478391678	0.00852859437546	0.00981616990898	0.00439815405013	0.00521404349711	0.00623390530583	0.000216720634354	0.00131307207873	0.00205247189006	0.0	0.000165727543918	0.000573672267408	0.000943372173071	1.27482726091e-05	0.000344203360445	0.000369699905663	8.92379082634e-05	0.000305958542617	0.000637413630453	0.0019632339818	0.00147879962265
TARA_036_SRF_0.22-1.6_G.freeze11.snv.filtered.bam	0.00212896152571	0.00228194079702	0.00400295759925	0.00302134060835	0.00346753014966	0.000395196450881	0.000828637719589	0.000280461997399	8.92379082634e-05	0.000726651538717	2.54965452181e-05	0.0	0.0	1.27482726091e-05	1.27482726091e-05	0.0	3.82448178272e-05	0.000242217179572	0.000509930904362	0.000331455087836	0.00165727543918	0.00344203360445	0.00159353407613	0.00104535835394	0.000713903266107	0.000356951633054	0.000356951633054	0.000356951633054	0.000433441268708	0.00124933071569	0.000739399811326	0.000280461997399	0.000509930904362	0.000344203360445	0.000318706815227	0.00248591315877	0.00247316488616	0.0022564442518	0.00244766834094	0.00132582035134	0.00828637719589	0.000242217179572	0.000624665357844	0.0127227760638	0.00568572958364	0.00933173554983	0.000943372173071	0.000866882537416	0.00054817572219	1.27482726091e-05	0.00223094770659	0.00201422707223	0.00192498916397	0.0103006042681	0.0114861936208	0.011218479896	0.00845210473981	0.00987991127202	0.00959944927462	0.0108997730807	0.00479335050101	0.00642512939497	0.00670559139237	0.000624665357844	0.0015425409857	0.00243492006833	3.82448178272e-05	0.000229468906963	0.00067565844828	0.00105810662655	2.54965452181e-05	0.000650161903062	0.000739399811326	0.000356951633054	0.000509930904362	0.00114734453482	0.00290660615487	0.00249866143138
TARA_038_DCM_0.22-1.6_G.freeze11.snv.filtered.bam	0.000917875627852	0.00104535835394	0.00205247189006	0.00151704444048	0.00145330307743	7.64896356544e-05	0.000484434359144	6.37413630453e-05	5.09930904362e-05	0.000293210270008	3.82448178272e-05	0.0	1.27482726091e-05	0.0	0.0	2.54965452181e-05	0.0	5.09930904362e-05	3.82448178272e-05	0.000114734453482	0.000382448178272	0.00186124780092	0.000497182631753	0.000305958542617	0.000191224089136	0.000101986180872	3.82448178272e-05	7.64896356544e-05	8.92379082634e-05	0.000152979271309	7.64896356544e-05	3.82448178272e-05	3.82448178272e-05	6.37413630453e-05	1.27482726091e-05	0.000764896356544	0.000637413630453	0.000892379082634	0.000879630810025	0.000497182631753	0.00541801585885	7.64896356544e-05	0.000178475816527	0.0098416664542	0.00397746105403	0.00697330511716	0.000560923994799	0.000688406720889	0.000293210270008	2.54965452181e-05	0.000637413630453	0.000828637719589	0.000624665357844	0.00699880166237	0.00826088065067	0.00832462201372	0.00664185002932	0.00766171183805	0.00716452920629	0.00849034955763	0.00308508197139	0.0036587542388	0.00458937813926	3.82448178272e-05	0.000650161903062	0.00116009280742	0.0	0.000152979271309	0.000165727543918	0.000395196450881	0.0	2.54965452181e-05	5.09930904362e-05	0.0	0.000114734453482	0.000114734453482	0.000917875627852	0.00054817572219
TARA_038_SRF_0.22-1.6_G.freeze11.snv.filtered.bam	0.00110909971699	0.00135131689656	0.00230743734224	0.00174651334744	0.00191224089136	0.000127482726091	0.000535427449581	0.0001402309987	8.92379082634e-05	0.000369699905663	7.64896356544e-05	0.0	1.27482726091e-05	0.0	0.0	6.37413630453e-05	1.27482726091e-05	6.37413630453e-05	0.000152979271309	0.000127482726091	0.000739399811326	0.00233293388746	0.000726651538717	0.000522679176972	0.00026771372479	0.0001402309987	7.64896356544e-05	0.000114734453482	0.0001402309987	0.000305958542617	0.000165727543918	6.37413630453e-05	8.92379082634e-05	5.09930904362e-05	5.09930904362e-05	0.00118558935264	0.000968868718289	0.00122383417047	0.00127482726091	0.000777644629153	0.005902450218	0.000203972361745	0.000229468906963	0.010173121542	0.00437265750491	0.00748323602152	0.000497182631753	0.000650161903062	0.000356951633054	3.82448178272e-05	0.000777644629153	0.000905127355243	0.000752148083935	0.00744499120369	0.00861783228373	0.00869432191938	0.00697330511716	0.00782743938196	0.00761071874761	0.00887279773591	0.00346753014966	0.00423242650621	0.00539251931363	3.82448178272e-05	0.000905127355243	0.00155528925831	0.0	0.000229468906963	0.000280461997399	0.000637413630453	1.27482726091e-05	0.000114734453482	0.000127482726091	2.54965452181e-05	0.000216720634354	0.000229468906963	0.00121108589786	0.000854134264807
TARA_039_DCM_0.22-1.6_G.freeze11.snv.filtered.bam	0.00232018561485	0.00230743734224	0.00438540577752	0.00303408888096	0.00370974732924	0.000191224089136	0.000497182631753	5.09930904362e-05	3.82448178272e-05	0.000599168812626	1.27482726091e-05	3.82448178272e-05	0.0	2.54965452181e-05	6.37413630453e-05	0.0	0.0	3.82448178272e-05	0.000101986180872	1.27482726091e-05	0.000905127355243	0.0023966752505	0.00101986180872	0.000917875627852	0.000369699905663	2.54965452181e-05	6.37413630453e-05	0.000127482726091	0.000114734453482	0.000497182631753	0.0001402309987	1.27482726091e-05	5.09930904362e-05	0.000101986180872	0.000101986180872	0.00229468906963	0.00216720634354	0.00202697534484	0.0019632339818	0.000879630810025	0.0077382014737	0.000229468906963	0.000254965452181	0.0129649932434	0.00564748476581	0.00921700109635	0.00141505825961	0.00137681344178	0.000905127355243	7.64896356544e-05	0.00234568216007	0.00232018561485	0.00235843043268	0.0106448076286	0.0115371867112	0.0113587108947	0.00840111164937	0.00987991127202	0.00968868718289	0.0111802350781	0.00485709186405	0.00632314321409	0.00617016394279	0.00067565844828	0.00184849952831	0.00217995461615	7.64896356544e-05	6.37413630453e-05	0.000178475816527	0.00040794472349	6.37413630453e-05	0.000356951633054	0.000395196450881	0.000305958542617	0.000471686086535	0.00114734453482	0.00288110960965	0.00261339588486
TARA_041_DCM_0.22-1.6_G.freeze11.snv.filtered.bam	0.00122383417047	0.00132582035134	0.00286836133704	0.00205247189006	0.00226919252441	8.92379082634e-05	0.00026771372479	5.09930904362e-05	6.37413630453e-05	0.000254965452181	3.82448178272e-05	0.0	3.82448178272e-05	0.0	1.27482726091e-05	0.0	0.0	2.54965452181e-05	3.82448178272e-05	0.0	0.000331455087836	0.00145330307743	0.000242217179572	0.00026771372479	0.000165727543918	1.27482726091e-05	3.82448178272e-05	2.54965452181e-05	6.37413630453e-05	0.000216720634354	0.000101986180872	0.0	1.27482726091e-05	5.09930904362e-05	3.82448178272e-05	0.00132582035134	0.00131307207873	0.000968868718289	0.00100711353612	0.000420692996099	0.00594069503582	7.64896356544e-05	0.0001402309987	0.0114352005303	0.00439815405013	0.00771270492848	0.00110909971699	0.00113459626221	0.000624665357844	3.82448178272e-05	0.00123658244308	0.00141505825961	0.001402309987	0.00850309783024	0.00924249764157	0.00933173554983	0.00690956375411	0.0084393564672	0.00795492210805	0.0092807424594	0.00327630606053	0.00446189541317	0.00476785395579	0.000254965452181	0.000968868718289	0.00128757553352	1.27482726091e-05	0.000127482726091	0.000101986180872	0.000191224089136	3.82448178272e-05	0.000152979271309	0.000178475816527	0.000114734453482	0.0001402309987	0.000471686086535	0.00146605135004	0.00123658244308
TARA_041_SRF_0.22-1.6_G.freeze11.snv.filtered.bam	0.00095612044568	0.00101986180872	0.00207796843528	0.00161903062135	0.00164452716657	3.82448178272e-05	0.00026771372479	0.000101986180872	0.000191224089136	0.000280461997399	0.000203972361745	0.000191224089136	0.000242217179572	5.09930904362e-05	6.37413630453e-05	3.82448178272e-05	2.54965452181e-05	0.0	0.0	1.27482726091e-05	6.37413630453e-05	0.000395196450881	0.0001402309987	0.000101986180872	6.37413630453e-05	0.0	1.27482726091e-05	0.0	0.0	5.09930904362e-05	2.54965452181e-05	1.27482726091e-05	1.27482726091e-05	0.0	0.0	0.000662910175671	0.000535427449581	0.000522679176972	0.00040794472349	0.000178475816527	0.00369699905663	0.000114734453482	0.0	0.0100966319064	0.00405395068968	0.00684582239107	0.00135131689656	0.00149154789526	0.000586420540017	0.000178475816527	0.000624665357844	0.0011218479896	0.000828637719589	0.00678208102802	0.00755972565717	0.00795492210805	0.00625940185105	0.0071772774789	0.0068968154815	0.00805690828893	0.00266438897529	0.00314882333444	0.00285561306443	6.37413630453e-05	0.000854134264807	0.000930623900461	8.92379082634e-05	0.000484434359144	5.09930904362e-05	0.000114734453482	6.37413630453e-05	1.27482726091e-05	1.27482726091e-05	0.0	0.000127482726091	0.000101986180872	0.000879630810025	0.000713903266107
TARA_042_DCM_0.22-1.6_G.freeze11.snv.filtered.bam	0.000662910175671	0.000764896356544	0.00138956171439	0.00118558935264	0.00117284108003	6.37413630453e-05	0.000344203360445	0.000165727543918	0.00054817572219	0.000254965452181	0.00067565844828	0.000344203360445	0.000509930904362	3.82448178272e-05	0.000152979271309	0.000101986180872	3.82448178272e-05	0.0	0.0	0.0	1.27482726091e-05	0.000535427449581	3.82448178272e-05	0.000101986180872	0.000165727543918	0.0	0.0	0.0	0.0	0.0	0.0	0.0	0.0	0.0	0.0	0.000305958542617	0.000344203360445	0.000293210270008	0.000242217179572	0.000178475816527	0.00326355778792	7.64896356544e-05	1.27482726091e-05	0.00880905637286	0.00345478187706	0.00601718467148	0.00133856862395	0.00152979271309	0.000662910175671	0.000395196450881	0.00040794472349	0.00081588944698	0.00054817572219	0.00536702276841	0.00642512939497	0.00707529129803	0.00537977104102	0.00627215012366	0.00592794676321	0.00702429820759	0.00212896152571	0.00233293388746	0.00280461997399	6.37413630453e-05	0.000586420540017	0.000650161903062	0.000152979271309	0.00107085489916	7.64896356544e-05	5.09930904362e-05	0.000101986180872	0.0	1.27482726091e-05	0.0	0.0001402309987	5.09930904362e-05	0.000586420540017	0.000446189541317
TARA_042_SRF_0.22-1.6_G.freeze11.snv.filtered.bam	0.00152979271309	0.00152979271309	0.00311057851661	0.00228194079702	0.00258789933964	7.64896356544e-05	0.000293210270008	7.64896356544e-05	0.0001402309987	0.000203972361745	0.000127482726091	0.000293210270008	0.000331455087836	0.000114734453482	0.000127482726091	1.27482726091e-05	0.0	1.27482726091e-05	0.0	0.0	0.000203972361745	0.000611917085235	0.000203972361745	0.00026771372479	0.000101986180872	1.27482726091e-05	0.0	1.27482726091e-05	3.82448178272e-05	0.000165727543918	5.09930904362e-05	0.0	1.27482726091e-05	3.82448178272e-05	3.82448178272e-05	0.00118558935264	0.00127482726091	0.000892379082634	0.000905127355243	0.000254965452181	0.0049208332271	8.92379082634e-05	8.92379082634e-05	0.0116136763469	0.00481884704623	0.00805690828893	0.00198873052701	0.00193773743658	0.000841385992198	0.000318706815227	0.00177200989266	0.00188674434614	0.00179750643788	0.00868157364677	0.00968868718289	0.00981616990898	0.00713903266107	0.00841385992198	0.00835011855894	0.00961219754723	0.00344203360445	0.00476785395579	0.00339104051401	0.000420692996099	0.00130032380612	0.0011218479896	0.000165727543918	0.000203972361745	2.54965452181e-05	0.000101986180872	0.000127482726091	0.000101986180872	0.000203972361745	0.0001402309987	0.000242217179572	0.00054817572219	0.00186124780092	0.00146605135004
TARA_045_SRF_0.22-1.6_G.freeze11.snv.filtered.bam	0.00128757553352	0.00132582035134	0.00207796843528	0.00174651334744	0.0018357512557	0.000229468906963	0.000535427449581	0.000688406720889	0.00179750643788	0.00054817572219	0.00221819943398	0.00131307207873	0.00165727543918	0.000382448178272	0.000739399811326	0.000905127355243	0.000331455087836	6.37413630453e-05	1.27482726091e-05	0.000203972361745	0.0	7.64896356544e-05	0.000114734453482	0.0001402309987	0.000331455087836	2.54965452181e-05	0.000178475816527	5.09930904362e-05	5.09930904362e-05	5.09930904362e-05	2.54965452181e-05	5.09930904362e-05	2.54965452181e-05	7.64896356544e-05	6.37413630453e-05	0.00054817572219	0.00054817572219	0.000369699905663	0.000165727543918	8.92379082634e-05	0.00242217179572	0.000305958542617	0.000127482726091	0.00947196654853	0.00425792305143	0.00701154993498	0.00262614415747	0.00262614415747	0.00141505825961	0.00100711353612	0.00100711353612	0.00152979271309	0.00105810662655	0.00645062594019	0.00720277402412	0.00735575329543	0.00580046403712	0.00685857066368	0.00660360521149	0.00775094974631	0.00224369597919	0.00261339588486	0.00128757553352	0.000229468906963	0.00121108589786	0.000637413630453	0.000777644629153	0.00277912342878	7.64896356544e-05	0.000101986180872	0.00026771372479	7.64896356544e-05	8.92379082634e-05	6.37413630453e-05	0.000369699905663	0.000191224089136	0.00103261008133	0.000790392901762
TARA_048_SRF_0.22-1.6_G.freeze11.snv.filtered.bam	0.00260064761225	0.00271538206573	0.0039392162362	0.0035185232401	0.00355676805793	0.000930623900461	0.00123658244308	0.00132582035134	0.00341653705923	0.00146605135004	0.00400295759925	0.00312332678922	0.00344203360445	0.00186124780092	0.00233293388746	0.0023966752505	0.00145330307743	0.000395196450881	0.000535427449581	0.000611917085235	7.64896356544e-05	0.0	0.000293210270008	0.000382448178272	0.00128757553352	0.000484434359144	0.000611917085235	0.000637413630453	0.000764896356544	0.00040794472349	0.000293210270008	0.000624665357844	0.000458937813926	0.000777644629153	0.000803141174371	0.00188674434614	0.00181025471049	0.000662910175671	0.000535427449581	0.000280461997399	0.0032380612427	0.000828637719589	0.000369699905663	0.0112057316234	0.00536702276841	0.00832462201372	0.00420692996099	0.00437265750491	0.00275362688356	0.00223094770659	0.00256240279442	0.00325080951531	0.00274087861095	0.00810790137936	0.00919150455113	0.00873256673721	0.00678208102802	0.0080186634711	0.00799316692588	0.00910226664287	0.00373524387446	0.00423242650621	0.00141505825961	0.00127482726091	0.00243492006833	0.00116009280742	0.00261339588486	0.00413044032534	0.000573672267408	0.000458937813926	0.00144055480482	0.000446189541317	0.000484434359144	0.000777644629153	0.00110909971699	0.00117284108003	0.00248591315877	0.00242217179572
TARA_052_DCM_0.22-1.6_G.freeze11.snv.filtered.bam	0.000739399811326	0.00081588944698	0.00229468906963	0.00163177889396	0.00144055480482	0.000395196450881	0.000624665357844	0.000713903266107	0.00214170979832	0.000497182631753	0.00242217179572	0.00127482726091	0.00159353407613	0.000497182631753	0.000726651538717	0.00101986180872	0.000242217179572	0.0001402309987	3.82448178272e-05	0.000203972361745	0.000114734453482	0.000293210270008	0.0	8.92379082634e-05	0.00067565844828	0.000203972361745	0.000305958542617	0.0001402309987	0.000331455087836	8.92379082634e-05	1.27482726091e-05	0.000127482726091	7.64896356544e-05	0.000101986180872	5.09930904362e-05	0.000586420540017	0.000458937813926	0.0001402309987	0.000318706815227	0.000114734453482	0.00294485097269	0.000165727543918	0.0001402309987	0.00818439101502	0.0028173682466	0.00567298131103	0.00187399607353	0.00202697534484	0.000841385992198	0.000624665357844	0.000752148083935	0.00104535835394	0.000828637719589	0.00498457459014	0.006195660488	0.00622115703322	0.00483159531883	0.00560923994799	0.00550725376711	0.00653986384845	0.00184849952831	0.0021162132531	0.0018230029831	0.000216720634354	0.000586420540017	0.000509930904362	0.000943372173071	0.00319981642487	0.000216720634354	0.000216720634354	0.000293210270008	8.92379082634e-05	7.64896356544e-05	0.000114734453482	0.000191224089136	0.000165727543918	0.000777644629153	0.000662910175671
TARA_052_SRF_0.22-1.6_G.freeze11.snv.filtered.bam	0.000994365263507	0.000968868718289	0.00224369597919	0.00158078580352	0.00161903062135	0.000420692996099	0.000650161903062	0.000471686086535	0.00164452716657	0.000599168812626	0.0019632339818	0.000943372173071	0.00104535835394	0.000305958542617	0.000522679176972	0.000917875627852	0.00026771372479	0.000101986180872	0.000101986180872	0.00026771372479	0.0001402309987	0.000382448178272	8.92379082634e-05	0.0	0.000688406720889	0.000127482726091	0.000280461997399	0.000203972361745	0.000344203360445	0.0001402309987	8.92379082634e-05	0.000114734453482	0.000101986180872	0.0001402309987	0.0001402309987	0.000637413630453	0.000828637719589	0.000280461997399	0.000382448178272	0.000152979271309	0.00311057851661	0.000229468906963	0.000165727543918	0.0084393564672	0.00304683715357	0.00530328140537	0.00172101680222	0.00178475816527	0.000739399811326	0.000484434359144	0.000713903266107	0.000866882537416	0.000803141174371	0.00531602967798	0.00615741567018	0.00631039494149	0.00429616786925	0.00546900894929	0.00560923994799	0.00645062594019	0.00147879962265	0.00200147879962	0.0019759822544	0.000152979271309	0.000637413630453	0.000356951633054	0.000688406720889	0.0029575992453	0.000191224089136	0.000178475816527	0.000254965452181	0.000127482726091	0.000178475816527	0.000127482726091	0.000229468906963	0.000203972361745	0.000930623900461	0.000752148083935
TARA_056_MES_0.22-3_G.freeze11.snv.filtered.bam	0.00175926162005	0.00187399607353	0.0026771372479	0.00243492006833	0.00246041661355	0.000178475816527	0.000726651538717	0.00040794472349	0.000650161903062	0.000688406720889	0.00081588944698	0.000471686086535	0.000713903266107	0.000191224089136	0.00026771372479	0.000369699905663	0.000165727543918	6.37413630453e-05	0.000165727543918	0.000101986180872	0.000331455087836	0.00128757553352	0.00067565844828	0.000688406720889	0.0	8.92379082634e-05	7.64896356544e-05	8.92379082634e-05	0.000101986180872	0.000280461997399	8.92379082634e-05	6.37413630453e-05	8.92379082634e-05	0.000165727543918	0.000152979271309	0.00128757553352	0.00117284108003	0.00123658244308	0.00114734453482	0.000611917085235	0.00437265750491	0.000382448178272	0.000318706815227	0.0104153387216	0.00497182631753	0.00739399811326	0.00212896152571	0.00251140970399	0.00136406516917	0.000713903266107	0.00155528925831	0.00192498916397	0.00155528925831	0.00750873256674	0.00850309783024	0.00836286683154	0.00669284311976	0.00775094974631	0.0074577394763	0.00868157364677	0.0033782922414	0.00418143341577	0.00327630606053	0.000599168812626	0.0018357512557	0.00135131689656	0.000356951633054	0.000943372173071	0.000331455087836	0.000446189541317	0.000293210270008	0.000331455087836	0.000344203360445	0.000305958542617	0.000560923994799	0.000611917085235	0.00186124780092	0.00142780653221
TARA_056_SRF_0.22-3_G.freeze11.snv.filtered.bam	0.000930623900461	0.00110909971699	0.0021034649805	0.00152979271309	0.00163177889396	8.92379082634e-05	0.00026771372479	0.000127482726091	0.000203972361745	0.000305958542617	0.00026771372479	0.000229468906963	0.000356951633054	0.000101986180872	0.0001402309987	2.54965452181e-05	1.27482726091e-05	0.0	0.0	1.27482726091e-05	2.54965452181e-05	0.000484434359144	0.000203972361745	0.000127482726091	8.92379082634e-05	0.0	0.0	0.0	0.0	1.27482726091e-05	0.0	0.0	0.0	0.0	0.0	0.000739399811326	0.000650161903062	0.000560923994799	0.000433441268708	0.000165727543918	0.00374799214706	5.09930904362e-05	3.82448178272e-05	0.00929349073201	0.00363325769358	0.00653986384845	0.00136406516917	0.00142780653221	0.000560923994799	0.000293210270008	0.000790392901762	0.00103261008133	0.000803141174371	0.00620840876061	0.00716452920629	0.00761071874761	0.00567298131103	0.00687131893628	0.0066163534841	0.00784018765457	0.00240942352311	0.00294485097269	0.00232018561485	0.000127482726091	0.000790392901762	0.000701154993498	0.000114734453482	0.000305958542617	5.09930904362e-05	5.09930904362e-05	8.92379082634e-05	0.0	1.27482726091e-05	0.0	0.000165727543918	0.000229468906963	0.000866882537416	0.000688406720889
