	TARA_052_DCM_0.22-1.6_G.freeze11.snv.filtered.bam	TARA_052_SRF_0.22-1.6_G.freeze11.snv.filtered.bam	TARA_056_SRF_0.22-3_G.freeze11.snv.filtered.bam	TARA_100_SRF_0.22-3_G.freeze11.snv.filtered.bam	TARA_102_SRF_0.22-3_G.freeze11.snv.filtered.bam	TARA_109_DCM_0.22-3_G.freeze11.snv.filtered.bam	TARA_109_SRF_0.22-3_G.freeze11.snv.filtered.bam	TARA_110_DCM_0.22-3_G.freeze11.snv.filtered.bam	TARA_110_MES_0.22-3_G.freeze11.snv.filtered.bam	TARA_110_SRF_0.22-3_G.freeze11.snv.filtered.bam	TARA_111_SRF_0.22-3_G.freeze11.snv.filtered.bam	TARA_122_MES_0.22-3_G.freeze11.snv.filtered.bam	TARA_122_SRF_0.22-3_G.freeze11.snv.filtered.bam	TARA_124_MIX_0.22-3_G.freeze11.snv.filtered.bam	TARA_124_SRF_0.22-3_G.freeze11.snv.filtered.bam	TARA_125_SRF_0.22-3_G.freeze11.snv.filtered.bam	TARA_128_DCM_0.22-3_G.freeze11.snv.filtered.bam	TARA_128_SRF_0.22-3_G.freeze11.snv.filtered.bam	TARA_137_SRF_0.22-3_G.freeze11.snv.filtered.bam	TARA_138_SRF_0.22-3_G.freeze11.snv.filtered.bam
TARA_052_DCM_0.22-1.6_G.freeze11.snv.filtered.bam	0.0	0.0288107928819	0.0366853191852	0.0427244531322	0.0547658946063	0.0376127112434	0.0340559742143	0.0601477624654	0.0532735088847	0.0552092984722	0.0533152685315	0.0362586950329	0.0329864532574	0.0413027815373	0.0307514316747	0.0323344820173	0.0309465195592	0.0327090042956	0.0441079888498	0.0356699968364
TARA_052_SRF_0.22-1.6_G.freeze11.snv.filtered.bam	0.0288107928819	0.0	0.032191776832	0.0438403426164	0.0601205428166	0.0414190518018	0.036061296142	0.066736439606	0.0590225226523	0.0607780354943	0.0559842277833	0.0323437999343	0.028944245617	0.0373399998298	0.0216124509144	0.0250456788691	0.0207468840967	0.0282499359219	0.0465556236119	0.0277298750425
TARA_056_SRF_0.22-3_G.freeze11.snv.filtered.bam	0.0366853191852	0.032191776832	0.0	0.0470140946264	0.0603289710605	0.0449741106524	0.0408040642522	0.0637264455579	0.0573869773952	0.0590085258062	0.0547035044718	0.0379351202355	0.0344702606002	0.042282345999	0.0328573503369	0.0335316796286	0.0324858971635	0.0332700509194	0.0468195882145	0.0368326709846
TARA_100_SRF_0.22-3_G.freeze11.snv.filtered.bam	0.0427244531322	0.0438403426164	0.0470140946264	0.0	0.0444031209672	0.032638572366	0.0359838598606	0.0503972500003	0.0459900997463	0.0418104485278	0.0306649490319	0.0442177764775	0.0358398407706	0.0496699750348	0.0392998287901	0.040488369358	0.0430138627314	0.0371235388765	0.035392001363	0.0512121622882
TARA_102_SRF_0.22-3_G.freeze11.snv.filtered.bam	0.0547658946063	0.0601205428166	0.0603289710605	0.0444031209672	0.0	0.0425047023564	0.0457255600362	0.0489099268799	0.0468554539529	0.0437106826524	0.0482827372531	0.0599294827457	0.0558604727359	0.0630879150132	0.0582929701748	0.0581059602347	0.0596656714121	0.0555934144505	0.047650299623	0.0639954650986
TARA_109_DCM_0.22-3_G.freeze11.snv.filtered.bam	0.0376127112434	0.0414190518018	0.0449741106524	0.032638572366	0.0425047023564	0.0	0.026107071892	0.0465475155594	0.0428170942407	0.0381089051957	0.0416063163304	0.0429891908426	0.0349779705735	0.0488810381373	0.0385624061052	0.0395558305005	0.0410759715509	0.0353911317328	0.0312952701814	0.0480166690834
TARA_109_SRF_0.22-3_G.freeze11.snv.filtered.bam	0.0340559742143	0.036061296142	0.0408040642522	0.0359838598606	0.0457255600362	0.026107071892	0.0	0.0502269352703	0.0453070911697	0.0425447716622	0.0460036078025	0.0393784508898	0.0322370964928	0.0453564803962	0.0341819459038	0.0352064991027	0.0360221920055	0.0320788193881	0.0325144264969	0.0425977179828
TARA_110_DCM_0.22-3_G.freeze11.snv.filtered.bam	0.0601477624654	0.066736439606	0.0637264455579	0.0503972500003	0.0489099268799	0.0465475155594	0.0502269352703	0.0	0.0471606500963	0.0386962712115	0.0483848578072	0.06396080975	0.0566578425044	0.067757417112	0.0637190483928	0.0629593667369	0.0660168273129	0.0565038967791	0.0435780114311	0.0706486674298
TARA_110_MES_0.22-3_G.freeze11.snv.filtered.bam	0.0532735088847	0.0590225226523	0.0573869773952	0.0459900997463	0.0468554539529	0.0428170942407	0.0453070911697	0.0471606500963	0.0	0.0425365024612	0.0478926452899	0.0570962135923	0.0520681113765	0.060380076675	0.0569304805494	0.0563647145735	0.0584836670945	0.051765706491	0.0434223472943	0.0623238885261
TARA_110_SRF_0.22-3_G.freeze11.snv.filtered.bam	0.0552092984722	0.0607780354943	0.0590085258062	0.0418104485278	0.0437106826524	0.0381089051957	0.0425447716622	0.0386962712115	0.0425365024612	0.0	0.0385775421439	0.0592139616915	0.0487241731033	0.0645339867593	0.0569237754892	0.056512622111	0.0598851514904	0.0486645366988	0.0331970779979	0.0667809294631
TARA_111_SRF_0.22-3_G.freeze11.snv.filtered.bam	0.0533152685315	0.0559842277833	0.0547035044718	0.0306649490319	0.0482827372531	0.0416063163304	0.0460036078025	0.0483848578072	0.0478926452899	0.0385775421439	0.0	0.0539185173191	0.0424003638077	0.0594457255308	0.050519911533	0.0508172447453	0.0550542716517	0.0437568009452	0.0367988564507	0.0630961539306
TARA_122_MES_0.22-3_G.freeze11.snv.filtered.bam	0.0362586950329	0.0323437999343	0.0379351202355	0.0442177764775	0.0599294827457	0.0429891908426	0.0393784508898	0.06396080975	0.0570962135923	0.0592139616915	0.0539185173191	0.0	0.0305775973341	0.0393811009153	0.028400762723	0.0294076615197	0.0309196451271	0.0323093869729	0.0473261026344	0.0367464717344
TARA_122_SRF_0.22-3_G.freeze11.snv.filtered.bam	0.0329864532574	0.028944245617	0.0344702606002	0.0358398407706	0.0558604727359	0.0349779705735	0.0322370964928	0.0566578425044	0.0520681113765	0.0487241731033	0.0424003638077	0.0305775973341	0.0	0.0387400072541	0.0216121357107	0.0233856235529	0.0273283377186	0.020364215925	0.035186096656	0.0371575163654
TARA_124_MIX_0.22-3_G.freeze11.snv.filtered.bam	0.0413027815373	0.0373399998298	0.042282345999	0.0496699750348	0.0630879150132	0.0488810381373	0.0453564803962	0.067757417112	0.060380076675	0.0645339867593	0.0594457255308	0.0393811009153	0.0387400072541	0.0	0.0351560357118	0.0359678852829	0.0362193472828	0.0394813524568	0.05356465216	0.0399532611121
TARA_124_SRF_0.22-3_G.freeze11.snv.filtered.bam	0.0307514316747	0.0216124509144	0.0328573503369	0.0392998287901	0.0582929701748	0.0385624061052	0.0341819459038	0.0637190483928	0.0569304805494	0.0569237754892	0.050519911533	0.028400762723	0.0216121357107	0.0351560357118	0.0	0.0196199136816	0.0197865438699	0.0233291434789	0.0431049655985	0.0300720617318
TARA_125_SRF_0.22-3_G.freeze11.snv.filtered.bam	0.0323344820173	0.0250456788691	0.0335316796286	0.040488369358	0.0581059602347	0.0395558305005	0.0352064991027	0.0629593667369	0.0563647145735	0.056512622111	0.0508172447453	0.0294076615197	0.0233856235529	0.0359678852829	0.0196199136816	0.0	0.0229898967764	0.0251993028657	0.0435630617339	0.0321084120079
TARA_128_DCM_0.22-3_G.freeze11.snv.filtered.bam	0.0309465195592	0.0207468840967	0.0324858971635	0.0430138627314	0.0596656714121	0.0410759715509	0.0360221920055	0.0660168273129	0.0584836670945	0.0598851514904	0.0550542716517	0.0309196451271	0.0273283377186	0.0362193472828	0.0197865438699	0.0229898967764	0.0	0.0252338884034	0.0457675904578	0.026803395925
TARA_128_SRF_0.22-3_G.freeze11.snv.filtered.bam	0.0327090042956	0.0282499359219	0.0332700509194	0.0371235388765	0.0555934144505	0.0353911317328	0.0320788193881	0.0565038967791	0.051765706491	0.0486645366988	0.0437568009452	0.0323093869729	0.020364215925	0.0394813524568	0.0233291434789	0.0251993028657	0.0252338884034	0.0	0.0344920851777	0.0357850389607
TARA_137_SRF_0.22-3_G.freeze11.snv.filtered.bam	0.0441079888498	0.0465556236119	0.0468195882145	0.035392001363	0.047650299623	0.0312952701814	0.0325144264969	0.0435780114311	0.0434223472943	0.0331970779979	0.0367988564507	0.0473261026344	0.035186096656	0.05356465216	0.0431049655985	0.0435630617339	0.0457675904578	0.0344920851777	0.0	0.0539432515314
TARA_138_SRF_0.22-3_G.freeze11.snv.filtered.bam	0.0356699968364	0.0277298750425	0.0368326709846	0.0512121622882	0.0639954650986	0.0480166690834	0.0425977179828	0.0706486674298	0.0623238885261	0.0667809294631	0.0630961539306	0.0367464717344	0.0371575163654	0.0399532611121	0.0300720617318	0.0321084120079	0.026803395925	0.0357850389607	0.0539432515314	0.0
