	TARA_052_DCM_0.22-1.6_G.freeze11.snv.filtered.bam	TARA_052_SRF_0.22-1.6_G.freeze11.snv.filtered.bam	TARA_056_SRF_0.22-3_G.freeze11.snv.filtered.bam	TARA_100_SRF_0.22-3_G.freeze11.snv.filtered.bam	TARA_102_SRF_0.22-3_G.freeze11.snv.filtered.bam	TARA_109_DCM_0.22-3_G.freeze11.snv.filtered.bam	TARA_109_SRF_0.22-3_G.freeze11.snv.filtered.bam	TARA_110_DCM_0.22-3_G.freeze11.snv.filtered.bam	TARA_110_MES_0.22-3_G.freeze11.snv.filtered.bam	TARA_110_SRF_0.22-3_G.freeze11.snv.filtered.bam	TARA_111_SRF_0.22-3_G.freeze11.snv.filtered.bam	TARA_122_MES_0.22-3_G.freeze11.snv.filtered.bam	TARA_122_SRF_0.22-3_G.freeze11.snv.filtered.bam	TARA_124_MIX_0.22-3_G.freeze11.snv.filtered.bam	TARA_124_SRF_0.22-3_G.freeze11.snv.filtered.bam	TARA_125_SRF_0.22-3_G.freeze11.snv.filtered.bam	TARA_128_DCM_0.22-3_G.freeze11.snv.filtered.bam	TARA_128_SRF_0.22-3_G.freeze11.snv.filtered.bam	TARA_137_SRF_0.22-3_G.freeze11.snv.filtered.bam	TARA_138_SRF_0.22-3_G.freeze11.snv.filtered.bam
TARA_052_DCM_0.22-1.6_G.freeze11.snv.filtered.bam	0.0	2.40937729644e-05	0.000120468864822	0.0031803780313	0.00499945789011	0.000644508426797	0.000198773626956	0.00442120733896	0.00246358828561	0.00324663590695	0.00413810550663	0.000228890843162	5.42109891698e-05	0.000355383151225	9.03516486164e-05	9.03516486164e-05	0.000138539194545	5.42109891698e-05	0.0011866183185	0.000204797070197
TARA_052_SRF_0.22-1.6_G.freeze11.snv.filtered.bam	2.40937729644e-05	0.0	4.81875459288e-05	0.00390319122023	0.00933031358046	0.000813164837548	0.000150586081027	0.00688479562457	0.00446939488489	0.00464407473888	0.00528858316568	0.000102398535099	4.21641026877e-05	0.000240937729644	1.20468864822e-05	3.61406594466e-05	1.80703297233e-05	3.61406594466e-05	0.00106012601043	1.20468864822e-05
TARA_056_SRF_0.22-3_G.freeze11.snv.filtered.bam	0.000120468864822	4.81875459288e-05	0.0	0.00369839415003	0.00654145935983	0.00104807912395	0.000283101832331	0.00435494946331	0.00326470623667	0.00324663590695	0.00436097290655	0.000186726740474	5.42109891698e-05	0.000457781686323	4.81875459288e-05	6.6257875652e-05	9.03516486164e-05	4.21641026877e-05	0.00109024322664	0.000271054945849
TARA_100_SRF_0.22-3_G.freeze11.snv.filtered.bam	0.0031803780313	0.00390319122023	0.00369839415003	0.0	0.00113240732933	0.00022286739992	0.000710766302449	0.000849305496994	0.000572227107904	0.00022286739992	0.000132515751304	0.00231902564782	0.000475852016046	0.00352371429604	0.00209013480466	0.00204797070197	0.00452360587406	0.000746906961896	7.83047621342e-05	0.00813164837548
TARA_102_SRF_0.22-3_G.freeze11.snv.filtered.bam	0.00499945789011	0.00933031358046	0.00654145935983	0.00113240732933	0.0	0.00118059487525	0.00187931429122	0.000999891578022	0.00106614945367	0.000572227107904	0.00104807912395	0.00604753701406	0.00366827693383	0.00761363225674	0.00657157657603	0.00580659928441	0.00810755460251	0.003547808069	0.00115047765905	0.0117517377634
TARA_109_DCM_0.22-3_G.freeze11.snv.filtered.bam	0.000644508426797	0.000813164837548	0.00104807912395	0.00022286739992	0.00118059487525	0.0	4.21641026877e-05	0.000891469599682	0.000511992675493	0.000361406594466	0.000578250551145	0.000584273994386	0.000102398535099	0.00141550916166	0.000343336264742	0.00038550036743	0.000855328940235	0.00010842197834	9.03516486164e-05	0.00281897143683
TARA_109_SRF_0.22-3_G.freeze11.snv.filtered.bam	0.000198773626956	0.000150586081027	0.000283101832331	0.000710766302449	0.00187931429122	4.21641026877e-05	0.0	0.0016263296751	0.000861352383476	0.000758953848378	0.00127696996711	0.00022286739992	1.20468864822e-05	0.000590297437627	6.6257875652e-05	9.03516486164e-05	0.000168656410751	1.80703297233e-05	0.000198773626956	0.000909539929405
TARA_110_DCM_0.22-3_G.freeze11.snv.filtered.bam	0.00442120733896	0.00688479562457	0.00435494946331	0.000849305496994	0.000999891578022	0.000891469599682	0.0016263296751	0.0	0.000481875459288	0.000120468864822	0.000301172162055	0.00410798829043	0.00119264176174	0.0058186461709	0.00438506667952	0.00368634726355	0.00648724837066	0.00131311062656	0.000186726740474	0.010318158272
TARA_110_MES_0.22-3_G.freeze11.snv.filtered.bam	0.00246358828561	0.00446939488489	0.00326470623667	0.000572227107904	0.00106614945367	0.000511992675493	0.000861352383476	0.000481875459288	0.0	0.000259008059367	0.000397547253912	0.00271657290173	0.000873399269959	0.00374658169596	0.00265031502608	0.00240937729644	0.00415617583636	0.000969774361816	0.00022286739992	0.00720403811635
TARA_110_SRF_0.22-3_G.freeze11.snv.filtered.bam	0.00324663590695	0.00464407473888	0.00324663590695	0.00022286739992	0.000572227107904	0.000361406594466	0.000758953848378	0.000120468864822	0.000259008059367	0.0	6.6257875652e-05	0.00257803370719	0.000415617583636	0.00424652748497	0.00246961172885	0.00213832235059	0.00451758243082	0.000602344324109	3.61406594466e-05	0.00872796925635
TARA_111_SRF_0.22-3_G.freeze11.snv.filtered.bam	0.00413810550663	0.00528858316568	0.00436097290655	0.000132515751304	0.00104807912395	0.000578250551145	0.00127696996711	0.000301172162055	0.000397547253912	6.6257875652e-05	0.0	0.00322254213399	0.000614391210592	0.0046019106362	0.00319242491778	0.00302979195027	0.00613186521943	0.00112638388608	4.21641026877e-05	0.0101555253045
TARA_122_MES_0.22-3_G.freeze11.snv.filtered.bam	0.000228890843162	0.000102398535099	0.000186726740474	0.00231902564782	0.00604753701406	0.000584273994386	0.00022286739992	0.00410798829043	0.00271657290173	0.00257803370719	0.00322254213399	0.0	1.20468864822e-05	0.000234914286403	6.02344324109e-06	2.40937729644e-05	7.83047621342e-05	3.61406594466e-05	0.000819188280789	0.000349359707983
TARA_122_SRF_0.22-3_G.freeze11.snv.filtered.bam	5.42109891698e-05	4.21641026877e-05	5.42109891698e-05	0.000475852016046	0.00366827693383	0.000102398535099	1.20468864822e-05	0.00119264176174	0.000873399269959	0.000415617583636	0.000614391210592	1.20468864822e-05	0.0	0.000150586081027	6.02344324109e-06	0.0	6.02344324109e-06	0.0	4.81875459288e-05	0.000150586081027
TARA_124_MIX_0.22-3_G.freeze11.snv.filtered.bam	0.000355383151225	0.000240937729644	0.000457781686323	0.00352371429604	0.00761363225674	0.00141550916166	0.000590297437627	0.0058186461709	0.00374658169596	0.00424652748497	0.0046019106362	0.000234914286403	0.000150586081027	0.0	6.02344324109e-05	8.43282053753e-05	0.000192750183715	0.000114445421581	0.0017588454264	0.000518016118734
TARA_124_SRF_0.22-3_G.freeze11.snv.filtered.bam	9.03516486164e-05	1.20468864822e-05	4.81875459288e-05	0.00209013480466	0.00657157657603	0.000343336264742	6.6257875652e-05	0.00438506667952	0.00265031502608	0.00246961172885	0.00319242491778	6.02344324109e-06	6.02344324109e-06	6.02344324109e-05	0.0	0.0	0.0	0.0	0.000584273994386	3.61406594466e-05
TARA_125_SRF_0.22-3_G.freeze11.snv.filtered.bam	9.03516486164e-05	3.61406594466e-05	6.6257875652e-05	0.00204797070197	0.00580659928441	0.00038550036743	9.03516486164e-05	0.00368634726355	0.00240937729644	0.00213832235059	0.00302979195027	2.40937729644e-05	0.0	8.43282053753e-05	0.0	0.0	0.0	6.02344324109e-06	0.000391523810671	7.83047621342e-05
TARA_128_DCM_0.22-3_G.freeze11.snv.filtered.bam	0.000138539194545	1.80703297233e-05	9.03516486164e-05	0.00452360587406	0.00810755460251	0.000855328940235	0.000168656410751	0.00648724837066	0.00415617583636	0.00451758243082	0.00613186521943	7.83047621342e-05	6.02344324109e-06	0.000192750183715	0.0	0.0	0.0	0.0	0.00137936850221	6.02344324109e-06
TARA_128_SRF_0.22-3_G.freeze11.snv.filtered.bam	5.42109891698e-05	3.61406594466e-05	4.21641026877e-05	0.000746906961896	0.003547808069	0.00010842197834	1.80703297233e-05	0.00131311062656	0.000969774361816	0.000602344324109	0.00112638388608	3.61406594466e-05	0.0	0.000114445421581	0.0	6.02344324109e-06	0.0	0.0	2.40937729644e-05	9.63750918575e-05
TARA_137_SRF_0.22-3_G.freeze11.snv.filtered.bam	0.0011866183185	0.00106012601043	0.00109024322664	7.83047621342e-05	0.00115047765905	9.03516486164e-05	0.000198773626956	0.000186726740474	0.00022286739992	3.61406594466e-05	4.21641026877e-05	0.000819188280789	4.81875459288e-05	0.0017588454264	0.000584273994386	0.000391523810671	0.00137936850221	2.40937729644e-05	0.0	0.00396944909588
TARA_138_SRF_0.22-3_G.freeze11.snv.filtered.bam	0.000204797070197	1.20468864822e-05	0.000271054945849	0.00813164837548	0.0117517377634	0.00281897143683	0.000909539929405	0.010318158272	0.00720403811635	0.00872796925635	0.0101555253045	0.000349359707983	0.000150586081027	0.000518016118734	3.61406594466e-05	7.83047621342e-05	6.02344324109e-06	9.63750918575e-05	0.00396944909588	0.0
