	TARA_065_MES_0.22-3_G.freeze11.snv.filtered.bam	TARA_068_DCM_0.22-3_G.freeze11.snv.filtered.bam	TARA_068_MES_0.22-3_G.freeze11.snv.filtered.bam	TARA_068_SRF_0.22-3_G.freeze11.snv.filtered.bam	TARA_070_MES_0.22-3_G.freeze11.snv.filtered.bam	TARA_070_SRF_0.22-3_G.freeze11.snv.filtered.bam	TARA_072_DCM_0.22-3_G.freeze11.snv.filtered.bam	TARA_072_MES_0.22-3_G.freeze11.snv.filtered.bam	TARA_076_DCM_0.22-3_G.freeze11.snv.filtered.bam	TARA_076_MES_0.22-3_G.freeze11.snv.filtered.bam	TARA_100_DCM_0.22-3_G.freeze11.snv.filtered.bam	TARA_100_MES_0.22-3_G.freeze11.snv.filtered.bam	TARA_100_SRF_0.22-3_G.freeze11.snv.filtered.bam	TARA_110_DCM_0.22-3_G.freeze11.snv.filtered.bam	TARA_122_DCM_0.22-3_G.freeze11.snv.filtered.bam	TARA_128_DCM_0.22-3_G.freeze11.snv.filtered.bam	TARA_133_DCM_0.22-3_G.freeze11.snv.filtered.bam	TARA_137_MES_0.22-3_G.freeze11.snv.filtered.bam	TARA_142_MES_0.22-3_G.freeze11.snv.filtered.bam	TARA_150_DCM_0.22-3_G.freeze11.snv.filtered.bam
TARA_065_MES_0.22-3_G.freeze11.snv.filtered.bam	0.0	0.200691961711	0.00392111636489	0.0307461653788	0.017645023642	0.229316111175	0.0166532118556	0.0869565217391	0.00465920885711	0.0235497635797	0.263337561988	0.269357628878	0.238311613424	0.27369392227	0.110390958367	0.266635912813	0.272425325799	0.272309998847	0.0184753776958	0.271225925499
TARA_068_DCM_0.22-3_G.freeze11.snv.filtered.bam	0.200691961711	0.0	0.182724022604	0.0262484142544	0.176519432591	0.00122246569023	0.0410333294891	0.0013839234229	0.0977972552185	0.0504670741552	0.00507438588398	0.00597393610887	0.00339061238611	0.00731172875101	0.00638911313574	0.0053050397878	0.00701187867605	0.00689655172414	0.272679045093	0.00627378618383
TARA_068_MES_0.22-3_G.freeze11.snv.filtered.bam	0.00392111636489	0.182724022604	0.0	0.00327528543421	0.000299850074963	0.20904163303	0.00415177026871	0.0741321646869	0.000322915465344	0.00433629339177	0.363971860224	0.36131934033	0.324899088917	0.368008303541	0.107922961596	0.357836466382	0.366647445508	0.368192826664	0.24894475839	0.365032868181
TARA_068_SRF_0.22-3_G.freeze11.snv.filtered.bam	0.0307461653788	0.0262484142544	0.00327528543421	0.0	0.000876484834506	0.0336754699573	0.0016376427171	0.00447468573406	0.000461307807635	0.00182216584016	0.134955599124	0.143674316688	0.121577672702	0.15649867374	0.011601891362	0.140952600623	0.155968169761	0.155368469611	0.173636258794	0.148195133203
TARA_070_MES_0.22-3_G.freeze11.snv.filtered.bam	0.017645023642	0.176519432591	0.000299850074963	0.000876484834506	0.0	0.206850420943	0.0018913620113	0.100219121209	0.000230653903817	0.00147618498443	0.38731403529	0.386622073579	0.35047860685	0.390220274478	0.114150616999	0.383623572829	0.38851343559	0.389989620574	0.323053857687	0.389043939569
TARA_070_SRF_0.22-3_G.freeze11.snv.filtered.bam	0.229316111175	0.00122246569023	0.20904163303	0.0336754699573	0.206850420943	0.0	0.0526121554607	0.00200668896321	0.119986160766	0.0628762541806	0.00274478145543	0.00375965863222	0.00177603505939	0.00459001268596	0.00816514819513	0.00311382770153	0.00417483565909	0.00410563948795	0.296528658748	0.00364433168031
TARA_072_DCM_0.22-3_G.freeze11.snv.filtered.bam	0.0166532118556	0.0410333294891	0.00415177026871	0.0016376427171	0.0018913620113	0.0526121554607	0.0	0.00509745127436	0.00175296966901	0.000922615615269	0.154837965633	0.158482297313	0.130319455657	0.168285088225	0.0108637988698	0.156268019836	0.167108753316	0.167800715027	0.13534771076	0.164041056395
TARA_072_MES_0.22-3_G.freeze11.snv.filtered.bam	0.0869565217391	0.0013839234229	0.0741321646869	0.00447468573406	0.100219121209	0.00200668896321	0.00509745127436	0.0	0.0104255564525	0.00980279091224	0.0104947526237	0.0179679391074	0.00747318648368	0.0222811671088	0.000115326951909	0.0152923538231	0.0217045323492	0.0200899550225	0.144758390036	0.0179218083266
TARA_076_DCM_0.22-3_G.freeze11.snv.filtered.bam	0.00465920885711	0.0977972552185	0.000322915465344	0.000461307807635	0.000230653903817	0.119986160766	0.00175296966901	0.0104255564525	0.0	0.00198362357283	0.280867258678	0.279414139084	0.246730480913	0.288755622189	0.0352208511129	0.275954330527	0.288340445162	0.289378387729	0.178157075308	0.28220505132
TARA_076_MES_0.22-3_G.freeze11.snv.filtered.bam	0.0235497635797	0.0504670741552	0.00433629339177	0.00182216584016	0.00147618498443	0.0628762541806	0.000922615615269	0.00980279091224	0.00198362357283	0.0	0.172713643178	0.175781340099	0.147895283128	0.186229961942	0.0180832660593	0.174305155115	0.185238150156	0.1860915696	0.161803713528	0.181455426133
TARA_100_DCM_0.22-3_G.freeze11.snv.filtered.bam	0.263337561988	0.00507438588398	0.363971860224	0.134955599124	0.38731403529	0.00274478145543	0.154837965633	0.0104947526237	0.280867258678	0.172713643178	0.0	0.000161457732672	9.22615615269e-05	0.000184523123054	0.0233421750663	0.0	0.000184523123054	6.91961711452e-05	0.328866336063	9.22615615269e-05
TARA_100_MES_0.22-3_G.freeze11.snv.filtered.bam	0.269357628878	0.00597393610887	0.36131934033	0.143674316688	0.386622073579	0.00375965863222	0.158482297313	0.0179679391074	0.279414139084	0.175781340099	0.000161457732672	0.0	0.000115326951909	0.0	0.0288778687579	2.30653903817e-05	0.0	4.61307807635e-05	0.329189251528	4.61307807635e-05
TARA_100_SRF_0.22-3_G.freeze11.snv.filtered.bam	0.238311613424	0.00339061238611	0.324899088917	0.121577672702	0.35047860685	0.00177603505939	0.130319455657	0.00747318648368	0.246730480913	0.147895283128	9.22615615269e-05	0.000115326951909	0.0	0.000115326951909	0.014139084304	6.91961711452e-05	0.000115326951909	0.000115326951909	0.300795755968	0.000115326951909
TARA_110_DCM_0.22-3_G.freeze11.snv.filtered.bam	0.27369392227	0.00731172875101	0.368008303541	0.15649867374	0.390220274478	0.00459001268596	0.168285088225	0.0222811671088	0.288755622189	0.186229961942	0.000184523123054	0.0	0.000115326951909	0.0	0.0324760696575	2.30653903817e-05	0.0	4.61307807635e-05	0.330111867143	4.61307807635e-05
TARA_122_DCM_0.22-3_G.freeze11.snv.filtered.bam	0.110390958367	0.00638911313574	0.107922961596	0.011601891362	0.114150616999	0.00816514819513	0.0108637988698	0.000115326951909	0.0352208511129	0.0180832660593	0.0233421750663	0.0288778687579	0.014139084304	0.0324760696575	0.0	0.0253949948103	0.0314842578711	0.031115211625	0.177096067351	0.0299850074963
TARA_128_DCM_0.22-3_G.freeze11.snv.filtered.bam	0.266635912813	0.0053050397878	0.357836466382	0.140952600623	0.383623572829	0.00311382770153	0.156268019836	0.0152923538231	0.275954330527	0.174305155115	0.0	2.30653903817e-05	6.91961711452e-05	2.30653903817e-05	0.0253949948103	0.0	2.30653903817e-05	2.30653903817e-05	0.325498789067	2.30653903817e-05
TARA_133_DCM_0.22-3_G.freeze11.snv.filtered.bam	0.272425325799	0.00701187867605	0.366647445508	0.155968169761	0.38851343559	0.00417483565909	0.167108753316	0.0217045323492	0.288340445162	0.185238150156	0.000184523123054	0.0	0.000115326951909	0.0	0.0314842578711	2.30653903817e-05	0.0	4.61307807635e-05	0.328751009111	4.61307807635e-05
TARA_137_MES_0.22-3_G.freeze11.snv.filtered.bam	0.272309998847	0.00689655172414	0.368192826664	0.155368469611	0.389989620574	0.00410563948795	0.167800715027	0.0200899550225	0.289378387729	0.1860915696	6.91961711452e-05	4.61307807635e-05	0.000115326951909	4.61307807635e-05	0.031115211625	2.30653903817e-05	4.61307807635e-05	0.0	0.32992734402	2.30653903817e-05
TARA_142_MES_0.22-3_G.freeze11.snv.filtered.bam	0.0184753776958	0.272679045093	0.24894475839	0.173636258794	0.323053857687	0.296528658748	0.13534771076	0.144758390036	0.178157075308	0.161803713528	0.328866336063	0.329189251528	0.300795755968	0.330111867143	0.177096067351	0.325498789067	0.328751009111	0.32992734402	0.0	0.329835082459
TARA_150_DCM_0.22-3_G.freeze11.snv.filtered.bam	0.271225925499	0.00627378618383	0.365032868181	0.148195133203	0.389043939569	0.00364433168031	0.164041056395	0.0179218083266	0.28220505132	0.181455426133	9.22615615269e-05	4.61307807635e-05	0.000115326951909	4.61307807635e-05	0.0299850074963	2.30653903817e-05	4.61307807635e-05	2.30653903817e-05	0.329835082459	0.0
