	TARA_056_MES_0.22-3_G.freeze11.snv.filtered.bam	TARA_064_MES_0.22-3_G.freeze11.snv.filtered.bam	TARA_065_MES_0.22-3_G.freeze11.snv.filtered.bam	TARA_068_MES_0.22-3_G.freeze11.snv.filtered.bam	TARA_070_MES_0.22-3_G.freeze11.snv.filtered.bam	TARA_072_MES_0.22-3_G.freeze11.snv.filtered.bam	TARA_076_MES_0.22-3_G.freeze11.snv.filtered.bam	TARA_078_MES_0.22-3_G.freeze11.snv.filtered.bam	TARA_085_MES_0.22-3_G.freeze11.snv.filtered.bam	TARA_098_MES_0.22-3_G.freeze11.snv.filtered.bam	TARA_102_MES_0.22-3_G.freeze11.snv.filtered.bam	TARA_109_MES_0.22-3_G.freeze11.snv.filtered.bam	TARA_110_MES_0.22-3_G.freeze11.snv.filtered.bam	TARA_111_MES_0.22-3_G.freeze11.snv.filtered.bam	TARA_112_MES_0.22-3_G.freeze11.snv.filtered.bam	TARA_122_MES_0.22-3_G.freeze11.snv.filtered.bam	TARA_132_MES_0.22-3_G.freeze11.snv.filtered.bam	TARA_133_MES_0.22-3_G.freeze11.snv.filtered.bam	TARA_137_MES_0.22-3_G.freeze11.snv.filtered.bam	TARA_138_MES_0.22-3_G.freeze11.snv.filtered.bam	TARA_142_MES_0.22-3_G.freeze11.snv.filtered.bam	TARA_145_MES_0.22-3_G.freeze11.snv.filtered.bam	TARA_146_MES_0.22-3_G.freeze11.snv.filtered.bam	TARA_149_MES_0.22-3_G.freeze11.snv.filtered.bam	TARA_152_MES_0.22-3_G.freeze11.snv.filtered.bam
TARA_056_MES_0.22-3_G.freeze11.snv.filtered.bam	0.0	0.00122925629994	0.00175169022741	0.00344191763983	0.000860479409957	0.000645359557468	0.00178242163491	0.00411800860479	0.0140442532268	0.000676090964966	0.000245851259988	0.00285802089736	0.000983405039951	0.00129071911494	0.00113706207744	0.000245851259988	0.00334972341733	0.000368776889982	0.00138291333743	0.00129071911494	0.000737553779963	0.00454824830977	0.00230485556238	0.00150583896742	0.0019668100799
TARA_064_MES_0.22-3_G.freeze11.snv.filtered.bam	0.00122925629994	0.0	0.000338045482483	0.000491702519975	0.00116779348494	0.00135218192993	0.00101413644745	0.000276582667486	0.0149354640443	0.000153657037492	0.00169022741242	0.00436385986478	0.00341118623233	0.00344191763983	0.000460971112477	0.00184388444991	0.00079901659496	0.00153657037492	0.00553165334972	0.00537799631223	0.00129071911494	0.00147510755993	0.00239704978488	0.00101413644745	0.000676090964966
TARA_065_MES_0.22-3_G.freeze11.snv.filtered.bam	0.00175169022741	0.000338045482483	0.0	0.000460971112477	0.00165949600492	0.00172095881991	0.000891210817455	0.00110633066994	0.0181315304241	9.21942224954e-05	0.00141364474493	0.00350338045482	0.00251997541487	0.00319606637984	0.00101413644745	0.00187461585741	0.000553165334972	0.00261216963737	0.00503995082975	0.00488629379226	0.000460971112477	0.00282728948986	0.00122925629994	0.000522433927474	0.000338045482483
TARA_068_MES_0.22-3_G.freeze11.snv.filtered.bam	0.00344191763983	0.000491702519975	0.000460971112477	0.0	0.00169022741242	0.00230485556238	0.000614628149969	0.000583896742471	0.0154578979717	0.000276582667486	0.00338045482483	0.00700676090965	0.00534726490473	0.00645359557468	0.000891210817455	0.00270436385986	0.000645359557468	0.00338045482483	0.00817455439459	0.00743700061463	0.00224339274739	0.00141364474493	0.00371850030731	0.00227412415489	0.00116779348494
TARA_070_MES_0.22-3_G.freeze11.snv.filtered.bam	0.000860479409957	0.00116779348494	0.00165949600492	0.00169022741242	0.0	0.000430239704978	0.000430239704978	0.00212046711739	0.0109403810695	0.000829748002459	0.00212046711739	0.00550092194222	0.00427166564229	0.00513214505224	0.00079901659496	0.00107559926245	0.00147510755993	0.000614628149969	0.00519360786724	0.00387215734481	0.00104486785495	0.00144437615243	0.00350338045482	0.00245851259988	0.0019053472649
TARA_072_MES_0.22-3_G.freeze11.snv.filtered.bam	0.000645359557468	0.00135218192993	0.00172095881991	0.00230485556238	0.000430239704978	0.0	0.000737553779963	0.00218192993239	0.0133681622618	0.00104486785495	0.00141364474493	0.00491702519975	0.00285802089736	0.0039643515673	0.000614628149969	0.000645359557468	0.00153657037492	0.000553165334972	0.00411800860479	0.00350338045482	0.00113706207744	0.00242778119238	0.00282728948986	0.0019975414874	0.00212046711739
TARA_076_MES_0.22-3_G.freeze11.snv.filtered.bam	0.00178242163491	0.00101413644745	0.000891210817455	0.000614628149969	0.000430239704978	0.000737553779963	0.0	0.000737553779963	0.0111555009219	0.000338045482483	0.00255070682237	0.00685310387216	0.00470190534726	0.0059311616472	0.000491702519975	0.00110633066994	0.000583896742471	0.00104486785495	0.00611555009219	0.00540872771973	0.00129071911494	0.000338045482483	0.0039643515673	0.00218192993239	0.00153657037492
TARA_078_MES_0.22-3_G.freeze11.snv.filtered.bam	0.00411800860479	0.000276582667486	0.00110633066994	0.000583896742471	0.00212046711739	0.00218192993239	0.000737553779963	0.0	0.0133988936693	0.000676090964966	0.00424093423479	0.00891210817455	0.00663798401967	0.00731407498463	0.000737553779963	0.00427166564229	0.00116779348494	0.00285802089736	0.010172095882	0.00885064535956	0.00387215734481	0.000860479409957	0.00503995082975	0.00316533497234	0.0020897357099
TARA_085_MES_0.22-3_G.freeze11.snv.filtered.bam	0.0140442532268	0.0149354640443	0.0181315304241	0.0154578979717	0.0109403810695	0.0133681622618	0.0111555009219	0.0133988936693	0.0	0.0168408113092	0.0182544560541	0.0224031960664	0.019668100799	0.0208051628765	0.0136754763368	0.0161954517517	0.0183466502766	0.0130915795943	0.0192071296865	0.0187768899816	0.0179778733866	0.010909649662	0.0189305470191	0.0189612784266	0.0179471419791
TARA_098_MES_0.22-3_G.freeze11.snv.filtered.bam	0.000676090964966	0.000153657037492	9.21942224954e-05	0.000276582667486	0.000829748002459	0.00104486785495	0.000338045482483	0.000676090964966	0.0168408113092	0.0	0.000338045482483	0.0020590043024	0.00113706207744	0.00125998770744	0.000276582667486	0.000553165334972	0.000153657037492	0.000829748002459	0.00267363245237	0.00224339274739	0.000215119852489	0.0019975414874	0.00104486785495	0.000215119852489	0.00039950829748
TARA_102_MES_0.22-3_G.freeze11.snv.filtered.bam	0.000245851259988	0.00169022741242	0.00141364474493	0.00338045482483	0.00212046711739	0.00141364474493	0.00255070682237	0.00424093423479	0.0182544560541	0.000338045482483	0.0	0.000768285187462	0.000122925629994	6.14628149969e-05	0.00165949600492	3.07314074985e-05	0.00239704978488	0.000614628149969	0.000583896742471	0.000368776889982	0.000614628149969	0.00583896742471	0.00138291333743	0.000768285187462	0.00110633066994
TARA_109_MES_0.22-3_G.freeze11.snv.filtered.bam	0.00285802089736	0.00436385986478	0.00350338045482	0.00700676090965	0.00550092194222	0.00491702519975	0.00685310387216	0.00891210817455	0.0224031960664	0.0020590043024	0.000768285187462	0.0	0.00132145052243	0.00116779348494	0.00571604179471	0.0020590043024	0.0059311616472	0.00421020282729	0.00316533497234	0.00322679778734	0.000952673632452	0.0102642901045	0.0019975414874	0.00162876459742	0.00273509526736
TARA_110_MES_0.22-3_G.freeze11.snv.filtered.bam	0.000983405039951	0.00341118623233	0.00251997541487	0.00534726490473	0.00427166564229	0.00285802089736	0.00470190534726	0.00663798401967	0.019668100799	0.00113706207744	0.000122925629994	0.00132145052243	0.0	0.000368776889982	0.00316533497234	0.000491702519975	0.00436385986478	0.00150583896742	0.00079901659496	0.00104486785495	0.000829748002459	0.00823601720959	0.00236631837738	0.00150583896742	0.00245851259988
TARA_111_MES_0.22-3_G.freeze11.snv.filtered.bam	0.00129071911494	0.00344191763983	0.00319606637984	0.00645359557468	0.00513214505224	0.0039643515673	0.0059311616472	0.00731407498463	0.0208051628765	0.00125998770744	6.14628149969e-05	0.00116779348494	0.000368776889982	0.0	0.00387215734481	0.000706822372465	0.00553165334972	0.0020590043024	0.00104486785495	0.00141364474493	0.00125998770744	0.00983405039951	0.00221266133989	0.0019053472649	0.00304240934235
TARA_112_MES_0.22-3_G.freeze11.snv.filtered.bam	0.00113706207744	0.000460971112477	0.00101413644745	0.000891210817455	0.00079901659496	0.000614628149969	0.000491702519975	0.000737553779963	0.0136754763368	0.000276582667486	0.00165949600492	0.00571604179471	0.00316533497234	0.00387215734481	0.0	0.00125998770744	0.00116779348494	0.000676090964966	0.00553165334972	0.00479409956976	0.00138291333743	0.00129071911494	0.00347264904733	0.0019360786724	0.0019668100799
TARA_122_MES_0.22-3_G.freeze11.snv.filtered.bam	0.000245851259988	0.00184388444991	0.00187461585741	0.00270436385986	0.00107559926245	0.000645359557468	0.00110633066994	0.00427166564229	0.0161954517517	0.000553165334972	3.07314074985e-05	0.0020590043024	0.000491702519975	0.000706822372465	0.00125998770744	0.0	0.00165949600492	0.000215119852489	0.00119852489244	0.000829748002459	0.00039950829748	0.0039643515673	0.0019975414874	0.00107559926245	0.00153657037492
TARA_132_MES_0.22-3_G.freeze11.snv.filtered.bam	0.00334972341733	0.00079901659496	0.000553165334972	0.000645359557468	0.00147510755993	0.00153657037492	0.000583896742471	0.00116779348494	0.0183466502766	0.000153657037492	0.00239704978488	0.0059311616472	0.00436385986478	0.00553165334972	0.00116779348494	0.00165949600492	0.0	0.0019975414874	0.00682237246466	0.00553165334972	0.00116779348494	0.00245851259988	0.00276582667486	0.00165949600492	0.00107559926245
TARA_133_MES_0.22-3_G.freeze11.snv.filtered.bam	0.000368776889982	0.00153657037492	0.00261216963737	0.00338045482483	0.000614628149969	0.000553165334972	0.00104486785495	0.00285802089736	0.0130915795943	0.000829748002459	0.000614628149969	0.00421020282729	0.00150583896742	0.0020590043024	0.000676090964966	0.000215119852489	0.0019975414874	0.0	0.0019975414874	0.00162876459742	0.00101413644745	0.00384142593731	0.00264290104487	0.00236631837738	0.00273509526736
TARA_137_MES_0.22-3_G.freeze11.snv.filtered.bam	0.00138291333743	0.00553165334972	0.00503995082975	0.00817455439459	0.00519360786724	0.00411800860479	0.00611555009219	0.010172095882	0.0192071296865	0.00267363245237	0.000583896742471	0.00316533497234	0.00079901659496	0.00104486785495	0.00553165334972	0.00119852489244	0.00682237246466	0.0019975414874	0.0	0.000368776889982	0.00279655808236	0.0104486785495	0.00448678549478	0.00424093423479	0.00445605408728
TARA_138_MES_0.22-3_G.freeze11.snv.filtered.bam	0.00129071911494	0.00537799631223	0.00488629379226	0.00743700061463	0.00387215734481	0.00350338045482	0.00540872771973	0.00885064535956	0.0187768899816	0.00224339274739	0.000368776889982	0.00322679778734	0.00104486785495	0.00141364474493	0.00479409956976	0.000829748002459	0.00553165334972	0.00162876459742	0.000368776889982	0.0	0.00239704978488	0.00903503380455	0.00427166564229	0.00356484326982	0.00454824830977
TARA_142_MES_0.22-3_G.freeze11.snv.filtered.bam	0.000737553779963	0.00129071911494	0.000460971112477	0.00224339274739	0.00104486785495	0.00113706207744	0.00129071911494	0.00387215734481	0.0179778733866	0.000215119852489	0.000614628149969	0.000952673632452	0.000829748002459	0.00125998770744	0.00138291333743	0.00039950829748	0.00116779348494	0.00101413644745	0.00279655808236	0.00239704978488	0.0	0.00448678549478	0.000368776889982	0.000153657037492	0.000338045482483
TARA_145_MES_0.22-3_G.freeze11.snv.filtered.bam	0.00454824830977	0.00147510755993	0.00282728948986	0.00141364474493	0.00144437615243	0.00242778119238	0.000338045482483	0.000860479409957	0.010909649662	0.0019975414874	0.00583896742471	0.0102642901045	0.00823601720959	0.00983405039951	0.00129071911494	0.0039643515673	0.00245851259988	0.00384142593731	0.0104486785495	0.00903503380455	0.00448678549478	0.0	0.00688383527966	0.00442532267978	0.00368776889982
TARA_146_MES_0.22-3_G.freeze11.snv.filtered.bam	0.00230485556238	0.00239704978488	0.00122925629994	0.00371850030731	0.00350338045482	0.00282728948986	0.0039643515673	0.00503995082975	0.0189305470191	0.00104486785495	0.00138291333743	0.0019975414874	0.00236631837738	0.00221266133989	0.00347264904733	0.0019975414874	0.00276582667486	0.00264290104487	0.00448678549478	0.00427166564229	0.000368776889982	0.00688383527966	0.0	0.000184388444991	0.00104486785495
TARA_149_MES_0.22-3_G.freeze11.snv.filtered.bam	0.00150583896742	0.00101413644745	0.000522433927474	0.00227412415489	0.00245851259988	0.0019975414874	0.00218192993239	0.00316533497234	0.0189612784266	0.000215119852489	0.000768285187462	0.00162876459742	0.00150583896742	0.0019053472649	0.0019360786724	0.00107559926245	0.00165949600492	0.00236631837738	0.00424093423479	0.00356484326982	0.000153657037492	0.00442532267978	0.000184388444991	0.0	0.000245851259988
TARA_152_MES_0.22-3_G.freeze11.snv.filtered.bam	0.0019668100799	0.000676090964966	0.000338045482483	0.00116779348494	0.0019053472649	0.00212046711739	0.00153657037492	0.0020897357099	0.0179471419791	0.00039950829748	0.00110633066994	0.00273509526736	0.00245851259988	0.00304240934235	0.0019668100799	0.00153657037492	0.00107559926245	0.00273509526736	0.00445605408728	0.00454824830977	0.000338045482483	0.00368776889982	0.00104486785495	0.000245851259988	0.0
