	TARA_009_SRF_0.22-1.6_G.freeze11.snv.filtered.bam	TARA_025_SRF_0.22-1.6_G.freeze11.snv.filtered.bam	TARA_030_SRF_0.22-1.6_G.freeze11.snv.filtered.bam	TARA_031_SRF_0.22-1.6_G.freeze11.snv.filtered.bam	TARA_032_SRF_0.22-1.6_G.freeze11.snv.filtered.bam	TARA_039_DCM_0.22-1.6_G.freeze11.snv.filtered.bam	TARA_041_SRF_0.22-1.6_G.freeze11.snv.filtered.bam	TARA_042_SRF_0.22-1.6_G.freeze11.snv.filtered.bam	TARA_045_SRF_0.22-1.6_G.freeze11.snv.filtered.bam	TARA_048_SRF_0.22-1.6_G.freeze11.snv.filtered.bam	TARA_052_DCM_0.22-1.6_G.freeze11.snv.filtered.bam	TARA_052_SRF_0.22-1.6_G.freeze11.snv.filtered.bam	TARA_056_SRF_0.22-3_G.freeze11.snv.filtered.bam	TARA_057_SRF_0.22-3_G.freeze11.snv.filtered.bam	TARA_058_DCM_0.22-3_G.freeze11.snv.filtered.bam	TARA_062_SRF_0.22-3_G.freeze11.snv.filtered.bam	TARA_064_DCM_0.22-3_G.freeze11.snv.filtered.bam	TARA_064_SRF_0.22-3_G.freeze11.snv.filtered.bam	TARA_065_DCM_0.22-3_G.freeze11.snv.filtered.bam	TARA_065_SRF_0.22-3_G.freeze11.snv.filtered.bam	TARA_072_SRF_0.22-3_G.freeze11.snv.filtered.bam	TARA_076_SRF_0.22-3_G.freeze11.snv.filtered.bam	TARA_078_SRF_0.22-3_G.freeze11.snv.filtered.bam	TARA_099_SRF_0.22-3_G.freeze11.snv.filtered.bam	TARA_109_SRF_0.22-3_G.freeze11.snv.filtered.bam	TARA_112_SRF_0.22-3_G.freeze11.snv.filtered.bam	TARA_132_SRF_0.22-3_G.freeze11.snv.filtered.bam	TARA_138_SRF_0.22-3_G.freeze11.snv.filtered.bam	TARA_140_SRF_0.22-3_G.freeze11.snv.filtered.bam	TARA_141_SRF_0.22-3_G.freeze11.snv.filtered.bam	TARA_142_DCM_0.22-3_G.freeze11.snv.filtered.bam	TARA_142_SRF_0.22-3_G.freeze11.snv.filtered.bam	TARA_148_SRF_0.22-3_G.freeze11.snv.filtered.bam
TARA_009_SRF_0.22-1.6_G.freeze11.snv.filtered.bam	0.0	0.00919793966152	0.01195732156	0.0814707505519	0.0837242457689	0.0854258646063	0.0859317512877	0.0869205298013	0.0842531272995	0.0905767108168	0.0803210080942	0.0839082045622	0.084483075791	0.0848279985283	0.0851269315673	0.0854948491538	0.0801600441501	0.0793782192789	0.0828274466519	0.0828504415011	0.081194812362	0.0807809050773	0.083586276674	0.0907836644592	0.0831723693893	0.0794472038263	0.0846210448859	0.0852189109639	0.0891280353201	0.0817696835909	0.0829194260486	0.0828504415011	0.07146799117
TARA_025_SRF_0.22-1.6_G.freeze11.snv.filtered.bam	0.00919793966152	0.0	0.000896799116998	0.0508876011773	0.0522213024283	0.0543828182487	0.0547507358352	0.0553486019132	0.0533250551876	0.0592807211185	0.0496228844739	0.0531870860927	0.0537619573216	0.0536699779249	0.0544977924945	0.0545207873436	0.0503357247976	0.049484915379	0.0524052612215	0.0522442972774	0.0506346578366	0.0492549668874	0.0513015084621	0.0599015820456	0.0534860191317	0.0504047093451	0.0515774466519	0.0549806843267	0.058912803532	0.0508646063282	0.0519453642384	0.0522442972774	0.04320732156
TARA_030_SRF_0.22-1.6_G.freeze11.snv.filtered.bam	0.01195732156	0.000896799116998	0.0	0.0539919058131	0.0557625091979	0.0582689477557	0.0585448859455	0.059211736571	0.0567972774099	0.0626149742458	0.0531640912436	0.0566363134658	0.0574411331862	0.0576250919794	0.058016004415	0.0579930095659	0.0536929727741	0.0519913539367	0.056222406181	0.0555095658572	0.0535779985283	0.0529571376012	0.0550726637233	0.0637187270052	0.0567972774099	0.0528191685063	0.0550956585725	0.0587288447388	0.0625	0.0547507358352	0.0556475349522	0.0559924576895	0.0461046725533
TARA_031_SRF_0.22-1.6_G.freeze11.snv.filtered.bam	0.0814707505519	0.0508876011773	0.0539919058131	0.0	0.00018395879323	0.00370217071376	0.00181659308315	0.00262141280353	0.00190857247976	0.00682947019868	0.00200055187638	0.00211552612215	0.0015406548933	0.0015406548933	0.00147167034584	0.00158664459161	0.00232247976453	0.00147167034584	0.00186258278146	0.00174760853569	0.00190857247976	0.0117963576159	0.0156594922737	0.0375965783664	0.00478292862399	0.0162803532009	0.0176600441501	0.00593267108168	0.00639256806475	0.00209253127299	0.00209253127299	0.00202354672553	0.00165562913907
TARA_032_SRF_0.22-1.6_G.freeze11.snv.filtered.bam	0.0837242457689	0.0522213024283	0.0557625091979	0.00018395879323	0.0	0.00384013980868	0.00271339220015	0.00271339220015	0.00264440765269	0.00862306843267	0.00232247976453	0.00211552612215	0.00209253127299	0.00246044885946	0.00269039735099	0.00259841795438	0.00354120676968	0.00167862398823	0.00275938189845	0.0030353200883	0.00227649006623	0.0131300588668	0.0167172553348	0.0383784032377	0.00540378955114	0.0185568432671	0.0187178072112	0.00609363502575	0.0091059602649	0.00278237674761	0.00285136129507	0.00292034584253	0.00324227373068
TARA_039_DCM_0.22-1.6_G.freeze11.snv.filtered.bam	0.0854258646063	0.0543828182487	0.0582689477557	0.00370217071376	0.00384013980868	0.0	0.000298933038999	0.00048289183223	0.00142568064753	0.0134059970567	0.00165562913907	0.000827814569536	0.000735835172921	0.000758830022075	0.000873804267844	0.000758830022075	0.00234547461369	0.00105776306107	0.00101177336277	0.000919793966152	0.00264440765269	0.0176600441501	0.019890544518	0.0426554451803	0.00358719646799	0.0220750551876	0.0233627667403	0.00402409860191	0.0048749080206	0.00524282560706	0.00565673289183	0.00653053715968	0.00579470198675
TARA_041_SRF_0.22-1.6_G.freeze11.snv.filtered.bam	0.0859317512877	0.0547507358352	0.0585448859455	0.00181659308315	0.00271339220015	0.000298933038999	0.0	0.000229948491538	0.000321927888153	0.0091059602649	0.000988778513613	0.000528881530537	0.000114974245769	0.000137969094923	9.19793966152e-05	0.000137969094923	0.00105776306107	0.000367917586461	0.000367917586461	0.000344922737307	0.00140268579838	0.0159354304636	0.0187408020603	0.0435522442973	0.00312729948492	0.0202814569536	0.0222130242826	0.00326526857984	0.00292034584253	0.00404709345107	0.00432303164091	0.00501287711553	0.00377115526122
TARA_042_SRF_0.22-1.6_G.freeze11.snv.filtered.bam	0.0869205298013	0.0553486019132	0.059211736571	0.00262141280353	0.00271339220015	0.00048289183223	0.000229948491538	0.0	0.000643855776306	0.0104856512141	0.000942788815305	0.000597866077999	0.00048289183223	0.000528881530537	0.000643855776306	0.00066685062546	0.00163263428992	0.00103476821192	0.000873804267844	0.00101177336277	0.00163263428992	0.0168322295806	0.0198215599706	0.0444260485651	0.00379415011038	0.0235467255335	0.0230408388521	0.00374816041207	0.00496688741722	0.00434602649007	0.00480592347314	0.00579470198675	0.00503587196468
TARA_045_SRF_0.22-1.6_G.freeze11.snv.filtered.bam	0.0842531272995	0.0533250551876	0.0567972774099	0.00190857247976	0.00264440765269	0.00142568064753	0.000321927888153	0.000643855776306	0.0	0.00158664459161	0.000758830022075	0.000275938189845	9.19793966152e-05	0.000298933038999	0.000390912435614	0.000367917586461	0.00117273730684	0.000413907284768	0.000528881530537	0.00066685062546	0.000942788815305	0.0120263061074	0.0163493377483	0.0383784032377	0.00354120676968	0.0161653789551	0.0179129874908	0.00246044885946	0.00478292862399	0.00351821192053	0.0042770419426	0.00526582045622	0.00374816041207
TARA_048_SRF_0.22-1.6_G.freeze11.snv.filtered.bam	0.0905767108168	0.0592807211185	0.0626149742458	0.00682947019868	0.00862306843267	0.0134059970567	0.0091059602649	0.0104856512141	0.00158664459161	0.0	0.00528881530537	0.00402409860191	0.00597866077999	0.00765728476821	0.0100257542311	0.0106926048565	0.00795621780721	0.00611662987491	0.00949687270052	0.00951986754967	0.00581769683591	0.0134289919058	0.0209483075791	0.0386773362767	0.0126241721854	0.0177060338484	0.017039183223	0.012854120677	0.0172691317145	0.0102097130243	0.0124862030905	0.0134979764533	0.0102557027226
TARA_052_DCM_0.22-1.6_G.freeze11.snv.filtered.bam	0.0803210080942	0.0496228844739	0.0531640912436	0.00200055187638	0.00232247976453	0.00165562913907	0.000988778513613	0.000942788815305	0.000758830022075	0.00528881530537	0.0	0.000137969094923	0.000597866077999	0.000827814569536	0.00117273730684	0.00151766004415	0.000827814569536	0.000206953642384	0.000712840323767	0.00108075791023	0.000597866077999	0.00584069168506	0.00864606328182	0.0303072111847	0.00211552612215	0.0100717439294	0.010462656365	0.00236846946284	0.00641556291391	0.00269039735099	0.00367917586461	0.00480592347314	0.00292034584253
TARA_052_SRF_0.22-1.6_G.freeze11.snv.filtered.bam	0.0839082045622	0.0531870860927	0.0566363134658	0.00211552612215	0.00211552612215	0.000827814569536	0.000528881530537	0.000597866077999	0.000275938189845	0.00402409860191	0.000137969094923	0.0	0.000160963944077	0.000367917586461	0.000827814569536	0.00101177336277	0.00108075791023	0.000252943340692	0.000896799116998	0.00117273730684	0.000735835172921	0.010761589404	0.0143717807211	0.0376655629139	0.00103476821192	0.0166482707873	0.0163493377483	0.00195456217807	0.00590967623252	0.00315029433407	0.00430003679176	0.00475993377483	0.00354120676968
TARA_056_SRF_0.22-3_G.freeze11.snv.filtered.bam	0.084483075791	0.0537619573216	0.0574411331862	0.0015406548933	0.00209253127299	0.000735835172921	0.000114974245769	0.00048289183223	9.19793966152e-05	0.00597866077999	0.000597866077999	0.000160963944077	0.0	9.19793966152e-05	0.000160963944077	0.000160963944077	0.000758830022075	9.19793966152e-05	0.000275938189845	0.000252943340692	0.00105776306107	0.0116813833701	0.0155215231788	0.0385853568801	0.00202354672553	0.0165792862399	0.0178210080942	0.00227649006623	0.00409308314937	0.00289735099338	0.00386313465784	0.00425404709345	0.00271339220015
TARA_057_SRF_0.22-3_G.freeze11.snv.filtered.bam	0.0848279985283	0.0536699779249	0.0576250919794	0.0015406548933	0.00246044885946	0.000758830022075	0.000137969094923	0.000528881530537	0.000298933038999	0.00765728476821	0.000827814569536	0.000367917586461	9.19793966152e-05	0.0	0.000114974245769	6.89845474614e-05	0.000827814569536	0.000206953642384	0.000390912435614	0.000321927888153	0.00151766004415	0.0134749816041	0.0168322295806	0.0409538263429	0.00280537159676	0.0183268947756	0.0200974981604	0.00317328918322	0.00328826342899	0.0033342531273	0.00395511405445	0.00466795437822	0.00340323767476
TARA_058_DCM_0.22-3_G.freeze11.snv.filtered.bam	0.0851269315673	0.0544977924945	0.058016004415	0.00147167034584	0.00269039735099	0.000873804267844	9.19793966152e-05	0.000643855776306	0.000390912435614	0.0100257542311	0.00117273730684	0.000827814569536	0.000160963944077	0.000114974245769	0.0	6.89845474614e-05	0.000873804267844	0.000390912435614	0.000298933038999	0.000137969094923	0.00225349521707	0.0143717807211	0.018234915379	0.0423335172921	0.00354120676968	0.0194996320824	0.0217991169978	0.00342623252391	0.00259841795438	0.00384013980868	0.00420805739514	0.00466795437822	0.00321927888153
TARA_062_SRF_0.22-3_G.freeze11.snv.filtered.bam	0.0854948491538	0.0545207873436	0.0579930095659	0.00158664459161	0.00259841795438	0.000758830022075	0.000137969094923	0.00066685062546	0.000367917586461	0.0106926048565	0.00151766004415	0.00101177336277	0.000160963944077	6.89845474614e-05	6.89845474614e-05	0.0	0.000942788815305	0.000275938189845	0.000206953642384	0.000229948491538	0.00195456217807	0.0151536055923	0.0184418690213	0.043368285504	0.00388612950699	0.0203274466519	0.0227649006623	0.00349521707138	0.00289735099338	0.00379415011038	0.00397810890361	0.00473693892568	0.00282836644592
TARA_064_DCM_0.22-3_G.freeze11.snv.filtered.bam	0.0801600441501	0.0503357247976	0.0536929727741	0.00232247976453	0.00354120676968	0.00234547461369	0.00105776306107	0.00163263428992	0.00117273730684	0.00795621780721	0.000827814569536	0.00108075791023	0.000758830022075	0.000827814569536	0.000873804267844	0.000942788815305	0.0	0.00018395879323	0.000528881530537	0.000689845474614	0.00163263428992	0.0075653053716	0.0111295069904	0.0338024282561	0.00384013980868	0.0128311258278	0.0132220382634	0.00377115526122	0.00485191317145	0.00354120676968	0.00439201618837	0.0048749080206	0.00289735099338
TARA_064_SRF_0.22-3_G.freeze11.snv.filtered.bam	0.0793782192789	0.049484915379	0.0519913539367	0.00147167034584	0.00167862398823	0.00105776306107	0.000367917586461	0.00103476821192	0.000413907284768	0.00611662987491	0.000206953642384	0.000252943340692	9.19793966152e-05	0.000206953642384	0.000390912435614	0.000275938189845	0.00018395879323	0.0	9.19793966152e-05	6.89845474614e-05	0.00048289183223	0.0048749080206	0.00832413539367	0.0323997424577	0.00255242825607	0.0101867181751	0.0106006254599	0.00236846946284	0.00282836644592	0.00229948491538	0.0027363870493	0.00356420161884	0.00158664459161
TARA_065_DCM_0.22-3_G.freeze11.snv.filtered.bam	0.0828274466519	0.0524052612215	0.056222406181	0.00186258278146	0.00275938189845	0.00101177336277	0.000367917586461	0.000873804267844	0.000528881530537	0.00949687270052	0.000712840323767	0.000896799116998	0.000275938189845	0.000390912435614	0.000298933038999	0.000206953642384	0.000528881530537	9.19793966152e-05	0.0	0.000137969094923	0.00121872700515	0.00949687270052	0.012555187638	0.037527593819	0.00349521707138	0.0160274098602	0.0158664459161	0.00312729948492	0.00409308314937	0.00349521707138	0.00372516556291	0.00441501103753	0.00292034584253
TARA_065_SRF_0.22-3_G.freeze11.snv.filtered.bam	0.0828504415011	0.0522442972774	0.0555095658572	0.00174760853569	0.0030353200883	0.000919793966152	0.000344922737307	0.00101177336277	0.00066685062546	0.00951986754967	0.00108075791023	0.00117273730684	0.000252943340692	0.000321927888153	0.000137969094923	0.000229948491538	0.000689845474614	6.89845474614e-05	0.000137969094923	0.0	0.00167862398823	0.0103936718175	0.0135669610007	0.0387693156733	0.00356420161884	0.0162803532009	0.0169701986755	0.00367917586461	0.00324227373068	0.00384013980868	0.00402409860191	0.00489790286976	0.00312729948492
TARA_072_SRF_0.22-3_G.freeze11.snv.filtered.bam	0.081194812362	0.0506346578366	0.0535779985283	0.00190857247976	0.00227649006623	0.00264440765269	0.00140268579838	0.00163263428992	0.000942788815305	0.00581769683591	0.000597866077999	0.000735835172921	0.00105776306107	0.00151766004415	0.00225349521707	0.00195456217807	0.00163263428992	0.00048289183223	0.00121872700515	0.00167862398823	0.0	0.00853108903606	0.0122102649007	0.0344462840324	0.0036331861663	0.0140728476821	0.014049852833	0.00344922737307	0.00733535688006	0.00275938189845	0.00344922737307	0.00432303164091	0.00294334069169
TARA_076_SRF_0.22-3_G.freeze11.snv.filtered.bam	0.0807809050773	0.0492549668874	0.0529571376012	0.0117963576159	0.0131300588668	0.0176600441501	0.0159354304636	0.0168322295806	0.0120263061074	0.0134289919058	0.00584069168506	0.010761589404	0.0116813833701	0.0134749816041	0.0143717807211	0.0151536055923	0.0075653053716	0.0048749080206	0.00949687270052	0.0103936718175	0.00853108903606	0.0	0.00563373804268	0.0242135761589	0.0136819352465	0.00664551140545	0.0042770419426	0.0150616261957	0.0214311994113	0.0109455481972	0.0141188373804	0.0153375643856	0.00974981604121
TARA_078_SRF_0.22-3_G.freeze11.snv.filtered.bam	0.083586276674	0.0513015084621	0.0550726637233	0.0156594922737	0.0167172553348	0.019890544518	0.0187408020603	0.0198215599706	0.0163493377483	0.0209483075791	0.00864606328182	0.0143717807211	0.0155215231788	0.0168322295806	0.018234915379	0.0184418690213	0.0111295069904	0.00832413539367	0.012555187638	0.0135669610007	0.0122102649007	0.00563373804268	0.0	0.0144177704194	0.0165103016924	0.0106236203091	0.000827814569536	0.0182119205298	0.0259841795438	0.0145557395143	0.0163263428992	0.0175220750552	0.0124862030905
TARA_099_SRF_0.22-3_G.freeze11.snv.filtered.bam	0.0907836644592	0.0599015820456	0.0637187270052	0.0375965783664	0.0383784032377	0.0426554451803	0.0435522442973	0.0444260485651	0.0383784032377	0.0386773362767	0.0303072111847	0.0376655629139	0.0385853568801	0.0409538263429	0.0423335172921	0.043368285504	0.0338024282561	0.0323997424577	0.037527593819	0.0387693156733	0.0344462840324	0.0242135761589	0.0144177704194	0.0	0.0377345474614	0.0175680647535	0.0153145695364	0.0391372332597	0.0494389256806	0.0364238410596	0.039620125092	0.0409998160412	0.035136129507
TARA_109_SRF_0.22-3_G.freeze11.snv.filtered.bam	0.0831723693893	0.0534860191317	0.0567972774099	0.00478292862399	0.00540378955114	0.00358719646799	0.00312729948492	0.00379415011038	0.00354120676968	0.0126241721854	0.00211552612215	0.00103476821192	0.00202354672553	0.00280537159676	0.00354120676968	0.00388612950699	0.00384013980868	0.00255242825607	0.00349521707138	0.00356420161884	0.0036331861663	0.0136819352465	0.0165103016924	0.0377345474614	0.0	0.0181199411332	0.0187867917586	0.00365618101545	0.00563373804268	0.00574871228845	0.00664551140545	0.00797921265636	0.00586368653422
TARA_112_SRF_0.22-3_G.freeze11.snv.filtered.bam	0.0794472038263	0.0504047093451	0.0528191685063	0.0162803532009	0.0185568432671	0.0220750551876	0.0202814569536	0.0235467255335	0.0161653789551	0.0177060338484	0.0100717439294	0.0166482707873	0.0165792862399	0.0183268947756	0.0194996320824	0.0203274466519	0.0128311258278	0.0101867181751	0.0160274098602	0.0162803532009	0.0140728476821	0.00664551140545	0.0106236203091	0.0175680647535	0.0181199411332	0.0	0.00974981604121	0.0207643487859	0.026467071376	0.0174300956586	0.020787343635	0.0223739882266	0.0139808682855
TARA_132_SRF_0.22-3_G.freeze11.snv.filtered.bam	0.0846210448859	0.0515774466519	0.0550956585725	0.0176600441501	0.0187178072112	0.0233627667403	0.0222130242826	0.0230408388521	0.0179129874908	0.017039183223	0.010462656365	0.0163493377483	0.0178210080942	0.0200974981604	0.0217991169978	0.0227649006623	0.0132220382634	0.0106006254599	0.0158664459161	0.0169701986755	0.014049852833	0.0042770419426	0.000827814569536	0.0153145695364	0.0187867917586	0.00974981604121	0.0	0.0201434878587	0.0284906181015	0.0169242089772	0.0198675496689	0.0207413539367	0.0159584253127
TARA_138_SRF_0.22-3_G.freeze11.snv.filtered.bam	0.0852189109639	0.0549806843267	0.0587288447388	0.00593267108168	0.00609363502575	0.00402409860191	0.00326526857984	0.00374816041207	0.00246044885946	0.012854120677	0.00236846946284	0.00195456217807	0.00227649006623	0.00317328918322	0.00342623252391	0.00349521707138	0.00377115526122	0.00236846946284	0.00312729948492	0.00367917586461	0.00344922737307	0.0150616261957	0.0182119205298	0.0391372332597	0.00365618101545	0.0207643487859	0.0201434878587	0.0	0.00942788815305	0.0076112950699	0.00839311994113	0.00947387785136	0.00797921265636
TARA_140_SRF_0.22-3_G.freeze11.snv.filtered.bam	0.0891280353201	0.058912803532	0.0625	0.00639256806475	0.0091059602649	0.0048749080206	0.00292034584253	0.00496688741722	0.00478292862399	0.0172691317145	0.00641556291391	0.00590967623252	0.00409308314937	0.00328826342899	0.00259841795438	0.00289735099338	0.00485191317145	0.00282836644592	0.00409308314937	0.00324227373068	0.00733535688006	0.0214311994113	0.0259841795438	0.0494389256806	0.00563373804268	0.026467071376	0.0284906181015	0.00942788815305	0.0	0.0109685430464	0.0107155997057	0.011819352465	0.00860007358352
TARA_141_SRF_0.22-3_G.freeze11.snv.filtered.bam	0.0817696835909	0.0508646063282	0.0547507358352	0.00209253127299	0.00278237674761	0.00524282560706	0.00404709345107	0.00434602649007	0.00351821192053	0.0102097130243	0.00269039735099	0.00315029433407	0.00289735099338	0.0033342531273	0.00384013980868	0.00379415011038	0.00354120676968	0.00229948491538	0.00349521707138	0.00384013980868	0.00275938189845	0.0109455481972	0.0145557395143	0.0364238410596	0.00574871228845	0.0174300956586	0.0169242089772	0.0076112950699	0.0109685430464	0.0	0.000551876379691	0.000689845474614	0.00110375275938
TARA_142_DCM_0.22-3_G.freeze11.snv.filtered.bam	0.0829194260486	0.0519453642384	0.0556475349522	0.00209253127299	0.00285136129507	0.00565673289183	0.00432303164091	0.00480592347314	0.0042770419426	0.0124862030905	0.00367917586461	0.00430003679176	0.00386313465784	0.00395511405445	0.00420805739514	0.00397810890361	0.00439201618837	0.0027363870493	0.00372516556291	0.00402409860191	0.00344922737307	0.0141188373804	0.0163263428992	0.039620125092	0.00664551140545	0.020787343635	0.0198675496689	0.00839311994113	0.0107155997057	0.000551876379691	0.0	0.000275938189845	0.00105776306107
TARA_142_SRF_0.22-3_G.freeze11.snv.filtered.bam	0.0828504415011	0.0522442972774	0.0559924576895	0.00202354672553	0.00292034584253	0.00653053715968	0.00501287711553	0.00579470198675	0.00526582045622	0.0134979764533	0.00480592347314	0.00475993377483	0.00425404709345	0.00466795437822	0.00466795437822	0.00473693892568	0.0048749080206	0.00356420161884	0.00441501103753	0.00489790286976	0.00432303164091	0.0153375643856	0.0175220750552	0.0409998160412	0.00797921265636	0.0223739882266	0.0207413539367	0.00947387785136	0.011819352465	0.000689845474614	0.000275938189845	0.0	0.00101177336277
TARA_148_SRF_0.22-3_G.freeze11.snv.filtered.bam	0.07146799117	0.04320732156	0.0461046725533	0.00165562913907	0.00324227373068	0.00579470198675	0.00377115526122	0.00503587196468	0.00374816041207	0.0102557027226	0.00292034584253	0.00354120676968	0.00271339220015	0.00340323767476	0.00321927888153	0.00282836644592	0.00289735099338	0.00158664459161	0.00292034584253	0.00312729948492	0.00294334069169	0.00974981604121	0.0124862030905	0.035136129507	0.00586368653422	0.0139808682855	0.0159584253127	0.00797921265636	0.00860007358352	0.00110375275938	0.00105776306107	0.00101177336277	0.0
