	TARA_009_SRF_0.22-1.6_G.freeze11.snv.filtered.bam	TARA_025_SRF_0.22-1.6_G.freeze11.snv.filtered.bam	TARA_030_SRF_0.22-1.6_G.freeze11.snv.filtered.bam	TARA_031_SRF_0.22-1.6_G.freeze11.snv.filtered.bam	TARA_032_SRF_0.22-1.6_G.freeze11.snv.filtered.bam	TARA_039_DCM_0.22-1.6_G.freeze11.snv.filtered.bam	TARA_041_SRF_0.22-1.6_G.freeze11.snv.filtered.bam	TARA_042_SRF_0.22-1.6_G.freeze11.snv.filtered.bam	TARA_045_SRF_0.22-1.6_G.freeze11.snv.filtered.bam	TARA_048_SRF_0.22-1.6_G.freeze11.snv.filtered.bam	TARA_052_DCM_0.22-1.6_G.freeze11.snv.filtered.bam	TARA_052_SRF_0.22-1.6_G.freeze11.snv.filtered.bam	TARA_056_SRF_0.22-3_G.freeze11.snv.filtered.bam	TARA_057_SRF_0.22-3_G.freeze11.snv.filtered.bam	TARA_058_DCM_0.22-3_G.freeze11.snv.filtered.bam	TARA_062_SRF_0.22-3_G.freeze11.snv.filtered.bam	TARA_064_DCM_0.22-3_G.freeze11.snv.filtered.bam	TARA_064_SRF_0.22-3_G.freeze11.snv.filtered.bam	TARA_065_DCM_0.22-3_G.freeze11.snv.filtered.bam	TARA_065_SRF_0.22-3_G.freeze11.snv.filtered.bam	TARA_072_SRF_0.22-3_G.freeze11.snv.filtered.bam	TARA_076_SRF_0.22-3_G.freeze11.snv.filtered.bam	TARA_078_SRF_0.22-3_G.freeze11.snv.filtered.bam	TARA_099_SRF_0.22-3_G.freeze11.snv.filtered.bam	TARA_109_SRF_0.22-3_G.freeze11.snv.filtered.bam	TARA_112_SRF_0.22-3_G.freeze11.snv.filtered.bam	TARA_132_SRF_0.22-3_G.freeze11.snv.filtered.bam	TARA_138_SRF_0.22-3_G.freeze11.snv.filtered.bam	TARA_140_SRF_0.22-3_G.freeze11.snv.filtered.bam	TARA_141_SRF_0.22-3_G.freeze11.snv.filtered.bam	TARA_142_DCM_0.22-3_G.freeze11.snv.filtered.bam	TARA_142_SRF_0.22-3_G.freeze11.snv.filtered.bam	TARA_148_SRF_0.22-3_G.freeze11.snv.filtered.bam
TARA_009_SRF_0.22-1.6_G.freeze11.snv.filtered.bam	0.0	0.0336457431211	0.0396082204331	0.138465054617	0.133442492899	0.133039464508	0.137382651002	0.133100577412	0.139983615778	0.140544140003	0.13093995563	0.134113809713	0.139856528598	0.140873457477	0.143104994671	0.142474490553	0.140153497485	0.139148626526	0.137836077965	0.140931887575	0.130084695917	0.139623364587	0.140309516853	0.14061353598	0.135456936523	0.142296911945	0.139118534221	0.135094939757	0.142070597747	0.131477104943	0.131384533409	0.132145773758	0.127948110389
TARA_025_SRF_0.22-1.6_G.freeze11.snv.filtered.bam	0.0336457431211	0.0	0.0211505498008	0.118115050841	0.112374198204	0.112055668728	0.117271329362	0.112315056137	0.119540061652	0.119658854493	0.11003873158	0.113603543406	0.119687535515	0.120636005707	0.123579576078	0.122907414988	0.119647876562	0.119163216773	0.117806245969	0.120896171172	0.109225533264	0.118675836261	0.117202638921	0.119310096361	0.114647711224	0.123096115411	0.115931499623	0.114334263786	0.122329970068	0.110123052197	0.109877174184	0.110938117593	0.108315754763
TARA_030_SRF_0.22-1.6_G.freeze11.snv.filtered.bam	0.0396082204331	0.0211505498008	0.0	0.119832143448	0.114320801838	0.1147270786	0.119249984652	0.114566638984	0.121416179447	0.121266904893	0.111864147322	0.115370261677	0.121560119675	0.122541862318	0.125307210017	0.1246645454	0.121653880595	0.12070719819	0.119589068764	0.122478273264	0.110863870202	0.120641959482	0.119482552062	0.121046704673	0.116708833546	0.123828577576	0.11798518505	0.116425152725	0.124140232512	0.111966969137	0.112489234848	0.113413267694	0.109999359
TARA_031_SRF_0.22-1.6_G.freeze11.snv.filtered.bam	0.138465054617	0.118115050841	0.119832143448	0.0	0.0288841798602	0.0611078288571	0.0557234737362	0.0573238735658	0.0579231970187	0.0694296974101	0.0568956514195	0.0569861625852	0.0579237794143	0.0590273141843	0.0603291329519	0.0590948608019	0.0640149156147	0.0569818559109	0.0603199438998	0.0611395338877	0.0548764282295	0.0825320327919	0.0861233038095	0.108314349131	0.0657442117812	0.0947412582743	0.087296649159	0.0679689111119	0.0714092019422	0.0554177053116	0.0552116513093	0.0565940627519	0.0625439207775
TARA_032_SRF_0.22-1.6_G.freeze11.snv.filtered.bam	0.133442492899	0.112374198204	0.114320801838	0.0288841798602	0.0	0.0563308826204	0.0549450810406	0.052545283308	0.0575585390993	0.066623521446	0.0531066168361	0.0529435399787	0.0574148998642	0.0588212395426	0.0615966566729	0.0604003861442	0.0646174187667	0.0588040445717	0.0598609707339	0.0618800247024	0.0512472410843	0.0807027245956	0.0821363985314	0.103058580389	0.0613860111335	0.0934181382332	0.0826821798663	0.0629437757796	0.0707602017683	0.0513963605062	0.0512591699421	0.052721740397	0.0643927280992
TARA_039_DCM_0.22-1.6_G.freeze11.snv.filtered.bam	0.133039464508	0.112055668728	0.1147270786	0.0611078288571	0.0563308826204	0.0	0.034583575637	0.0353924696582	0.0495673877457	0.0682203050857	0.0474593381347	0.0433209527968	0.0484717336711	0.0464541299272	0.0485598392041	0.0466041786438	0.0575204370842	0.0522991735881	0.0468038856546	0.0493342238255	0.0501735658432	0.085750801286	0.0841432168099	0.104690682988	0.0505204339038	0.0976383690579	0.0882827964022	0.0540513824241	0.0585815609721	0.0583003021039	0.0571390555791	0.0586373530626	0.071415912651
TARA_041_SRF_0.22-1.6_G.freeze11.snv.filtered.bam	0.137382651002	0.117271329362	0.119249984652	0.0557234737362	0.0549450810406	0.034583575637	0.0	0.0313590809587	0.0398503110277	0.0642684829153	0.0453090773299	0.0402394539118	0.0412951845896	0.038552246497	0.0385387118599	0.0374380368302	0.0530958313147	0.043700334708	0.0431591112012	0.0431971128447	0.0486482899575	0.0854253012758	0.0859086851276	0.109308274707	0.0520826359232	0.0972762833582	0.089746935584	0.0555774468008	0.0568483554403	0.059067710922	0.0579677860941	0.0596752078954	0.0681389694899
TARA_042_SRF_0.22-1.6_G.freeze11.snv.filtered.bam	0.133100577412	0.112315056137	0.114566638984	0.0573238735658	0.052545283308	0.0353924696582	0.0313590809587	0.0	0.0436662884239	0.0627969527467	0.0451251642211	0.0401389622902	0.044894888859	0.0428796740401	0.0453385161364	0.043388985344	0.0564818122545	0.0500020936199	0.0463822014041	0.0482712805148	0.0474240739106	0.0849219924083	0.0840777615226	0.105792824513	0.0510928585532	0.0972230566693	0.0871472968154	0.0534326623532	0.0587760906311	0.0565724622665	0.0553710248055	0.0569278187801	0.06958329271
TARA_045_SRF_0.22-1.6_G.freeze11.snv.filtered.bam	0.139983615778	0.119540061652	0.121416179447	0.0579231970187	0.0575585390993	0.0495673877457	0.0398503110277	0.0436662884239	0.0	0.0521686644445	0.0444185971727	0.0367782858511	0.0410401140463	0.0436411281935	0.0459031690016	0.0473251907606	0.0547626392649	0.046420347221	0.0504229242077	0.0507657906241	0.048702183746	0.083095468864	0.0863524774576	0.107762885798	0.0573247473453	0.0942373655484	0.0859555240933	0.0567740130511	0.065136104778	0.0612633436245	0.0621187892882	0.0634738110391	0.0708594475687
TARA_048_SRF_0.22-1.6_G.freeze11.snv.filtered.bam	0.140544140003	0.119658854493	0.121266904893	0.0694296974101	0.066623521446	0.0682203050857	0.0642684829153	0.0627969527467	0.0521686644445	0.0	0.0581263021229	0.055076185149	0.0626922684978	0.0669517163579	0.0711353722507	0.0721422272915	0.0725611008012	0.0668475445107	0.0712008673367	0.0730635060753	0.0602075878019	0.0836557885064	0.0909453165722	0.103865342196	0.0721813435003	0.0919842086161	0.0815561230498	0.0710930428355	0.0815009604237	0.0697805115157	0.0721243452364	0.0737513634772	0.0821186273739
TARA_052_DCM_0.22-1.6_G.freeze11.snv.filtered.bam	0.13093995563	0.11003873158	0.111864147322	0.0568956514195	0.0531066168361	0.0474593381347	0.0453090773299	0.0451251642211	0.0444185971727	0.0581263021229	0.0	0.0329550047459	0.0436011442345	0.0472688443683	0.0506696429636	0.0518572474905	0.051098569942	0.0406584430025	0.0472715529572	0.0501573558875	0.0423190172947	0.0700717490644	0.0714727151521	0.0940063365054	0.0512840404315	0.0816087631271	0.0728837002212	0.0517935725553	0.0655557970243	0.0553438474319	0.0567328958467	0.0588764071948	0.0664940669454
TARA_052_SRF_0.22-1.6_G.freeze11.snv.filtered.bam	0.134113809713	0.113603543406	0.115370261677	0.0569861625852	0.0529435399787	0.0433209527968	0.0402394539118	0.0401389622902	0.0367782858511	0.055076185149	0.0329550047459	0.0	0.0373720851979	0.041516405795	0.0456741660591	0.0478819962109	0.0528005812647	0.0435859887044	0.0473275389035	0.0497022421676	0.042558652064	0.0788885783489	0.0796534730265	0.10153907156	0.047478173291	0.0907828614138	0.080729739154	0.048130078255	0.0629713996382	0.0557784259228	0.0565828533279	0.058585411179	0.0687885773691
TARA_056_SRF_0.22-3_G.freeze11.snv.filtered.bam	0.139856528598	0.119687535515	0.121560119675	0.0579237794143	0.0574148998642	0.0484717336711	0.0412951845896	0.044894888859	0.0410401140463	0.0626922684978	0.0436011442345	0.0373720851979	0.0	0.0385062609278	0.0396798195508	0.0412700851228	0.0531564079874	0.0436430034155	0.0465514907287	0.0468768607943	0.0498528091091	0.0835215537941	0.085728843939	0.107949554037	0.0550163384361	0.0950591028696	0.0880004565605	0.0558482618673	0.0640910232439	0.0602702351352	0.0610101374481	0.0625377185241	0.0691985973504
TARA_057_SRF_0.22-3_G.freeze11.snv.filtered.bam	0.140873457477	0.120636005707	0.122541862318	0.0590273141843	0.0588212395426	0.0464541299272	0.038552246497	0.0428796740401	0.0436411281935	0.0669517163579	0.0472688443683	0.041516405795	0.0385062609278	0.0	0.0371320164001	0.0367271625607	0.0529596867575	0.0443135006889	0.0447306749602	0.0441592924151	0.0521120477578	0.0865763227434	0.0872258473168	0.110622141168	0.0561199142714	0.0981174910087	0.0910548274556	0.0576968244869	0.0620434727283	0.0616551661969	0.0611108693738	0.0626294500603	0.0697280688006
TARA_058_DCM_0.22-3_G.freeze11.snv.filtered.bam	0.143104994671	0.123579576078	0.125307210017	0.0603291329519	0.0615966566729	0.0485598392041	0.0385387118599	0.0453385161364	0.0459031690016	0.0711353722507	0.0506696429636	0.0456741660591	0.0396798195508	0.0371320164001	0.0	0.0347032763007	0.0541835784772	0.0446504494409	0.0465386120346	0.0449132723312	0.0555412589	0.0896872804681	0.090560089029	0.114913548271	0.0585589001964	0.10070696657	0.0955823283184	0.0616580807758	0.0608801844452	0.0640077605495	0.0639106941632	0.0656638028727	0.0705626477124
TARA_062_SRF_0.22-3_G.freeze11.snv.filtered.bam	0.142474490553	0.122907414988	0.1246645454	0.0590948608019	0.0604003861442	0.0466041786438	0.0374380368302	0.043388985344	0.0473251907606	0.0721422272915	0.0518572474905	0.0478819962109	0.0412700851228	0.0367271625607	0.0347032763007	0.0	0.0539621052527	0.0447660517497	0.0434770255399	0.0421607564107	0.0559471999677	0.0896281664793	0.0897331960402	0.114417948063	0.0589901837631	0.100846465054	0.0950410251523	0.0620852754041	0.0610931914171	0.0631948860329	0.0620966566241	0.063661454857	0.0690386266253
TARA_064_DCM_0.22-3_G.freeze11.snv.filtered.bam	0.140153497485	0.119647876562	0.121653880595	0.0640149156147	0.0646174187667	0.0575204370842	0.0530958313147	0.0564818122545	0.0547626392649	0.0725611008012	0.051098569942	0.0528005812647	0.0531564079874	0.0529596867575	0.0541835784772	0.0539621052527	0.0	0.0448645753497	0.0507142405628	0.0507014842718	0.0566038730891	0.0794716947754	0.0819932704272	0.107411787465	0.0640529627427	0.093058205976	0.0847546366232	0.0640758793353	0.0694633183366	0.0667247329505	0.0659839641922	0.0675271597525	0.071678956618
TARA_064_SRF_0.22-3_G.freeze11.snv.filtered.bam	0.139148626526	0.119163216773	0.12070719819	0.0569818559109	0.0588040445717	0.0522991735881	0.043700334708	0.0500020936199	0.046420347221	0.0668475445107	0.0406584430025	0.0435859887044	0.0436430034155	0.0443135006889	0.0446504494409	0.0447660517497	0.0448645753497	0.0	0.0413443179023	0.0410802080655	0.0495701713034	0.0736643248719	0.0756307259684	0.104442295801	0.0582949064184	0.0879712552579	0.0794995926166	0.0590895457306	0.064517733686	0.0609164341592	0.0610904250817	0.0629421205433	0.0655547950213
TARA_065_DCM_0.22-3_G.freeze11.snv.filtered.bam	0.137836077965	0.117806245969	0.119589068764	0.0603199438998	0.0598609707339	0.0468038856546	0.0431591112012	0.0463822014041	0.0504229242077	0.0712008673367	0.0472715529572	0.0473275389035	0.0465514907287	0.0447306749602	0.0465386120346	0.0434770255399	0.0507142405628	0.0413443179023	0.0	0.0428096311772	0.0525949884835	0.0805053055076	0.0800685640758	0.106339233186	0.0577162101292	0.0940622068804	0.0849849885407	0.0596705473111	0.0632757023114	0.0620784592828	0.0604340482818	0.061960065585	0.0688295432485
TARA_065_SRF_0.22-3_G.freeze11.snv.filtered.bam	0.140931887575	0.120896171172	0.122478273264	0.0611395338877	0.0618800247024	0.0493342238255	0.0431971128447	0.0482712805148	0.0507657906241	0.0730635060753	0.0501573558875	0.0497022421676	0.0468768607943	0.0441592924151	0.0449132723312	0.0421607564107	0.0507014842718	0.0410802080655	0.0428096311772	0.0	0.0549110010946	0.083059688408	0.0832965170904	0.110054867444	0.0597763269125	0.0962907932298	0.0882651953202	0.0618937958088	0.0632798424555	0.0643130763285	0.0627163873194	0.0642087183094	0.0692364560843
TARA_072_SRF_0.22-3_G.freeze11.snv.filtered.bam	0.130084695917	0.109225533264	0.110863870202	0.0548764282295	0.0512472410843	0.0501735658432	0.0486482899575	0.0474240739106	0.048702183746	0.0602075878019	0.0423190172947	0.042558652064	0.0498528091091	0.0521120477578	0.0555412589	0.0559471999677	0.0566038730891	0.0495701713034	0.0525949884835	0.0549110010946	0.0	0.0736679994191	0.0746977477291	0.0968020202363	0.0542630713917	0.0868831031223	0.075913015779	0.0555527326309	0.0663199871854	0.0527196230418	0.053146808221	0.0547488228521	0.0649967111186
TARA_076_SRF_0.22-3_G.freeze11.snv.filtered.bam	0.139623364587	0.118675836261	0.120641959482	0.0825320327919	0.0807027245956	0.085750801286	0.0854253012758	0.0849219924083	0.083095468864	0.0836557885064	0.0700717490644	0.0788885783489	0.0835215537941	0.0865763227434	0.0896872804681	0.0896281664793	0.0794716947754	0.0736643248719	0.0805053055076	0.083059688408	0.0736679994191	0.0	0.0687727702711	0.0917972946428	0.0846925760291	0.0764550181393	0.0612577871917	0.0850630612793	0.0953408453768	0.0791518404555	0.0819659455171	0.0831150576242	0.085246286984
TARA_078_SRF_0.22-3_G.freeze11.snv.filtered.bam	0.140309516853	0.117202638921	0.119482552062	0.0861233038095	0.0821363985314	0.0841432168099	0.0859086851276	0.0840777615226	0.0863524774576	0.0909453165722	0.0714727151521	0.0796534730265	0.085728843939	0.0872258473168	0.090560089029	0.0897331960402	0.0819932704272	0.0756307259684	0.0800685640758	0.0832965170904	0.0746977477291	0.0687727702711	0.0	0.082647733891	0.083471031659	0.086847671762	0.0538451712163	0.0843448467819	0.0965015121064	0.0791277992928	0.0810022307927	0.0824779783682	0.0871268311821
TARA_099_SRF_0.22-3_G.freeze11.snv.filtered.bam	0.14061353598	0.119310096361	0.121046704673	0.108314349131	0.103058580389	0.104690682988	0.109308274707	0.105792824513	0.107762885798	0.103865342196	0.0940063365054	0.10153907156	0.107949554037	0.110622141168	0.114913548271	0.114417948063	0.107411787465	0.104442295801	0.106339233186	0.110054867444	0.0968020202363	0.0917972946428	0.082647733891	0.0	0.103900562669	0.079846857584	0.07989079532	0.103825001983	0.117201057001	0.101174009342	0.103756620215	0.104920765378	0.109524808549
TARA_109_SRF_0.22-3_G.freeze11.snv.filtered.bam	0.135456936523	0.114647711224	0.116708833546	0.0657442117812	0.0613860111335	0.0505204339038	0.0520826359232	0.0510928585532	0.0573247473453	0.0721813435003	0.0512840404315	0.047478173291	0.0550163384361	0.0561199142714	0.0585589001964	0.0589901837631	0.0640529627427	0.0582949064184	0.0577162101292	0.0597763269125	0.0542630713917	0.0846925760291	0.083471031659	0.103900562669	0.0	0.0958510898659	0.0864603434908	0.0564860823605	0.0587167103933	0.0604741797843	0.0624349707599	0.0645403949493	0.0733855594974
TARA_112_SRF_0.22-3_G.freeze11.snv.filtered.bam	0.142296911945	0.123096115411	0.123828577576	0.0947412582743	0.0934181382332	0.0976383690579	0.0972762833582	0.0972230566693	0.0942373655484	0.0919842086161	0.0816087631271	0.0907828614138	0.0950591028696	0.0981174910087	0.10070696657	0.100846465054	0.093058205976	0.0879712552579	0.0940622068804	0.0962907932298	0.0868831031223	0.0764550181393	0.086847671762	0.079846857584	0.0958510898659	0.0	0.0804533184989	0.0969241538985	0.106384970656	0.092953170962	0.0956650109068	0.0972337103921	0.0963514592172
TARA_132_SRF_0.22-3_G.freeze11.snv.filtered.bam	0.139118534221	0.115931499623	0.11798518505	0.087296649159	0.0826821798663	0.0882827964022	0.089746935584	0.0871472968154	0.0859555240933	0.0815561230498	0.0728837002212	0.080729739154	0.0880004565605	0.0910548274556	0.0955823283184	0.0950410251523	0.0847546366232	0.0794995926166	0.0849849885407	0.0882651953202	0.075913015779	0.0612577871917	0.0538451712163	0.07989079532	0.0864603434908	0.0804533184989	0.0	0.0868168763411	0.100359638894	0.0813005067114	0.0845924908608	0.085682088242	0.0913667654391
TARA_138_SRF_0.22-3_G.freeze11.snv.filtered.bam	0.135094939757	0.114334263786	0.116425152725	0.0679689111119	0.0629437757796	0.0540513824241	0.0555774468008	0.0534326623532	0.0567740130511	0.0710930428355	0.0517935725553	0.048130078255	0.0558482618673	0.0576968244869	0.0616580807758	0.0620852754041	0.0640758793353	0.0590895457306	0.0596705473111	0.0618937958088	0.0555527326309	0.0850630612793	0.0843448467819	0.103825001983	0.0564860823605	0.0969241538985	0.0868168763411	0.0	0.0694103637888	0.0653796613158	0.0649629885775	0.0667355779158	0.0779668194655
TARA_140_SRF_0.22-3_G.freeze11.snv.filtered.bam	0.142070597747	0.122329970068	0.124140232512	0.0714092019422	0.0707602017683	0.0585815609721	0.0568483554403	0.0587760906311	0.065136104778	0.0815009604237	0.0655557970243	0.0629713996382	0.0640910232439	0.0620434727283	0.0608801844452	0.0610931914171	0.0694633183366	0.064517733686	0.0632757023114	0.0632798424555	0.0663199871854	0.0953408453768	0.0965015121064	0.117201057001	0.0587167103933	0.106384970656	0.100359638894	0.0694103637888	0.0	0.0725524533525	0.0717335915921	0.0726321106609	0.079365111752
TARA_141_SRF_0.22-3_G.freeze11.snv.filtered.bam	0.131477104943	0.110123052197	0.111966969137	0.0554177053116	0.0513963605062	0.0583003021039	0.059067710922	0.0565724622665	0.0612633436245	0.0697805115157	0.0553438474319	0.0557784259228	0.0602702351352	0.0616551661969	0.0640077605495	0.0631948860329	0.0667247329505	0.0609164341592	0.0620784592828	0.0643130763285	0.0527196230418	0.0791518404555	0.0791277992928	0.101174009342	0.0604741797843	0.092953170962	0.0813005067114	0.0653796613158	0.0725524533525	0.0	0.0371622825718	0.0397274638045	0.0515901571647
TARA_142_DCM_0.22-3_G.freeze11.snv.filtered.bam	0.131384533409	0.109877174184	0.112489234848	0.0552116513093	0.0512591699421	0.0571390555791	0.0579677860941	0.0553710248055	0.0621187892882	0.0721243452364	0.0567328958467	0.0565828533279	0.0610101374481	0.0611108693738	0.0639106941632	0.0620966566241	0.0659839641922	0.0610904250817	0.0604340482818	0.0627163873194	0.053146808221	0.0819659455171	0.0810022307927	0.103756620215	0.0624349707599	0.0956650109068	0.0845924908608	0.0649629885775	0.0717335915921	0.0371622825718	0.0	0.0289535066557	0.0492896897837
TARA_142_SRF_0.22-3_G.freeze11.snv.filtered.bam	0.132145773758	0.110938117593	0.113413267694	0.0565940627519	0.052721740397	0.0586373530626	0.0596752078954	0.0569278187801	0.0634738110391	0.0737513634772	0.0588764071948	0.058585411179	0.0625377185241	0.0626294500603	0.0656638028727	0.063661454857	0.0675271597525	0.0629421205433	0.061960065585	0.0642087183094	0.0547488228521	0.0831150576242	0.0824779783682	0.104920765378	0.0645403949493	0.0972337103921	0.085682088242	0.0667355779158	0.0726321106609	0.0397274638045	0.0289535066557	0.0	0.0496652140117
TARA_148_SRF_0.22-3_G.freeze11.snv.filtered.bam	0.127948110389	0.108315754763	0.109999359	0.0625439207775	0.0643927280992	0.071415912651	0.0681389694899	0.06958329271	0.0708594475687	0.0821186273739	0.0664940669454	0.0687885773691	0.0691985973504	0.0697280688006	0.0705626477124	0.0690386266253	0.071678956618	0.0655547950213	0.0688295432485	0.0692364560843	0.0649967111186	0.085246286984	0.0871268311821	0.109524808549	0.0733855594974	0.0963514592172	0.0913667654391	0.0779668194655	0.079365111752	0.0515901571647	0.0492896897837	0.0496652140117	0.0
